3.9 4.05 12.05 9.1
3.85 3.6 12.45 9.05
3.9 3.3 13.4 9.7
3.7 3.25 13.0 9.25
3.95 4.75 11.25 9.0
3.65 4.4 12.55 9.95
3.55 4.45 12.2 9.65
3.85 5.7 11.1 9.8
3.8 4.05 11.6 8.65
3.8 4.9 11.3 9.2
3.95 5.0 10.2 8.2
3.95 5.05 9.7 7.75
3.95 4.25 12.6 9.85
3.8 4.7 11.25 8.95
3.95 5.8 11.85 10.65
3.85 4.9 10.9 8.8
3.7 3.95 11.95 8.9
3.65 3.9 13.35 10.25
3.7 3.25 12.2 8.45
3.7 3.8 13.3 10.1
3.8 4.3 11.25 8.55
3.85 4.15 12.05 9.2
3.9 4.35 11.4 8.75
3.95 5.6 11.05 9.65
3.65 3.8 12.35 9.15
3.9 4.9 12.15 10.05
3.95 4.95 9.95 7.9
3.75 6.15 9.9 9.05
3.8 4.95 11.3 9.25
3.9 5.7 9.35 8.05
3.75 4.0 12.1 9.1
3.9 4.85 10.45 8.3
3.85 5.05 11.15 9.2
3.75 4.85 9.95 7.8
3.85 4.65 10.85 8.5
3.85 3.9 13.4 10.3
3.65 4.15 12.9 10.05
3.9 4.0 12.9 9.9
3.75 5.3 11.1 9.4
3.6 4.2 12.55 9.75
3.75 3.3 13.65 9.95
3.75 5.7 11.15 9.85
3.85 4.35 10.8 8.15
3.95 5.05 11.8 9.85
3.7 5.0 11.6 9.6
3.95 4.4 10.85 8.25
3.9 4.8 10.55 8.35
3.8 4.55 12.0 9.55
4.0 5.75 8.85 7.6
3.9 5.25 10.85 9.1
3.8 3.7 12.55 9.25
3.7 4.05 11.95 9.0
3.9 4.25 11.2 8.45
3.9 5.3 12.25 10.55
3.8 5.3 9.75 8.05
3.8 4.95 11.6 9.55
3.8 4.15 12.05 9.2
3.55 3.35 13.95 10.3
3.85 4.65 11.55 9.2
3.85 5.3 10.75 9.05
3.65 4.25 12.35 9.6
3.9 5.35 10.95 9.3
3.95 4.85 11.35 9.2
3.8 3.45 12.7 9.15
3.8 4.1 12.4 9.5
3.75 4.4 11.75 9.15
3.7 4.15 12.5 9.65
3.85 3.55 13.15 9.7
3.95 5.4 10.7 9.1
3.95 4.6 11.95 9.55
3.9 4.8 10.6 8.4
3.8 3.1 12.95 9.05
3.65 3.95 11.25 8.2
3.9 3.65 13.15 9.8
3.75 5.05 11.5 9.55
3.95 6.05 9.45 8.5
3.8 5.4 10.5 8.9
3.6 3.95 13.1 10.05
3.85 3.9 11.65 8.55
3.85 4.75 11.25 9.0
3.85 5.3 10.25 8.55
3.85 4.25 11.4 8.65
3.8 4.0 10.0 7.0
3.9 5.25 10.45 8.7
3.95 4.55 11.05 8.6
3.85 4.35 11.25 8.6
3.8 3.8 12.35 9.15
3.85 6.2 9.35 8.55
3.9 4.65 12.65 10.3
3.95 5.15 9.95 8.1
3.8 4.05 10.7 7.75
3.95 4.6 11.1 8.7
3.9 5.0 10.85 8.85
3.7 5.95 9.9 8.85
3.7 5.35 11.9 10.25
3.9 6.25 9.15 8.4
3.8 3.95 13.35 10.3
3.95 4.7 12.05 9.75
3.9 3.9 11.6 8.5
3.75 3.35 11.85 8.2
3.95 4.85 11.3 9.15
3.85 5.3 10.95 9.25
3.95 4.3 11.8 9.1
4.0 5.1 10.5 8.6
3.85 4.5 10.9 8.4
3.85 5.1 11.3 9.4
3.85 5.05 11.95 10.0
3.9 4.2 13.05 10.25
4.0 4.3 10.4 7.7
3.65 2.85 13.95 9.8
3.9 5.2 11.7 9.9
3.95 4.8 11.6 9.4
3.9 5.4 10.05 8.45
4.0 4.9 10.4 8.3
3.85 4.65 11.45 9.1
3.8 4.15 11.95 9.1
3.8 4.7 12.1 9.8
3.7 3.9 11.35 8.25
3.8 3.55 12.3 8.85
3.8 4.2 11.35 8.55
3.95 4.25 12.35 9.6
3.85 5.1 12.6 10.7
3.7 3.9 12.65 9.55
3.65 4.2 11.1 8.3
3.9 4.65 11.65 9.3
4.0 5.5 10.75 9.25
3.75 3.8 13.0 9.8
3.85 3.65 11.45 8.1
3.65 2.65 14.35 10.0
3.75 3.4 13.45 9.85
3.9 4.05 11.15 8.2
3.7 4.5 11.6 9.1
3.8 4.8 11.05 8.85
3.85 4.35 11.5 8.85
3.75 5.2 11.45 9.65
3.8 3.55 12.9 9.45
3.85 4.65 11.25 8.9
3.6 4.2 12.45 9.65
3.95 5.1 11.7 9.8
3.7 4.25 13.0 10.25
3.65 5.15 11.55 9.7
3.85 4.65 10.7 8.35
3.85 4.4 11.75 9.15
4.0 4.8 10.35 8.15
3.75 4.15 10.4 7.55
3.9 6.05 10.1 9.15
3.75 4.35 11.4 8.75
3.85 6.1 9.95 9.05
3.75 4.35 11.6 8.95
4.0 4.9 11.2 9.1
3.9 4.65 11.35 9.0
3.95 4.35 12.15 9.5
3.95 4.3 12.4 9.7
3.75 2.75 13.55 9.3
3.8 4.95 11.65 9.6
3.9 5.85 10.9 9.75
3.7 4.85 10.95 8.8
3.9 4.8 12.45 10.25
3.9 4.6 12.6 10.2
3.7 5.4 9.5 7.9
3.7 4.1 11.1 8.2
3.85 5.3 10.75 9.05
3.9 4.95 12.35 10.3
3.8 4.45 12.0 9.45
3.95 5.9 10.4 9.3
3.8 4.3 11.25 8.55
3.65 3.0 13.05 9.05
3.9 5.55 9.9 8.45
3.85 3.4 12.7 9.1
3.8 3.45 13.5 9.95
3.9 4.05 11.65 8.7
3.85 4.55 11.6 9.15
3.9 4.9 11.8 9.7
3.75 4.95 12.6 10.55
3.65 2.85 14.25 10.1
3.75 4.9 11.4 9.3
3.9 5.1 10.25 8.35
3.85 5.6 10.55 9.15
3.85 5.05 10.8 8.85
3.8 3.75 13.45 10.2
3.85 6.3 10.05 9.35
3.8 3.65 12.65 9.3
3.9 4.8 11.5 9.3
3.95 5.2 11.05 9.25
3.7 4.3 13.4 10.7
3.95 5.95 9.65 8.6
3.95 4.55 10.9 8.45
3.9 4.05 11.4 8.45
3.9 3.75 13.0 9.75
3.75 3.9 11.8 8.7
3.85 3.5 14.25 10.75
3.7 3.45 12.95 9.4
3.9 4.3 11.8 9.1
3.95 5.3 10.75 9.05
3.9 5.25 11.4 9.65
3.85 4.35 12.15 9.5
3.7 3.75 13.3 10.05
3.7 4.45 12.1 9.55
3.95 4.05 12.0 9.05
3.75 4.6 10.6 8.2
3.85 4.05 12.95 10.0
3.8 3.15 13.65 9.8
3.75 3.95 11.8 8.75
3.6 3.7 12.25 8.95
3.9 4.4 12.6 10.0
3.9 4.3 10.65 7.95
3.7 3.85 11.95 8.8
3.9 4.6 12.8 10.4
3.7 4.25 11.55 8.8
3.75 4.8 12.5 10.3
3.8 5.4 11.4 9.8
3.85 4.9 10.75 8.65
3.8 4.05 12.5 9.55
3.7 4.35 11.9 9.25
3.9 5.05 11.35 9.4
3.9 4.55 12.0 9.55
3.95 5.1 10.95 9.05
3.85 4.1 11.85 8.95
3.9 4.1 12.25 9.35
3.95 5.4 11.8 10.2
3.95 5.05 9.65 7.7
3.85 3.8 12.8 9.6
3.85 5.2 11.9 10.1
3.8 4.55 10.75 8.3
3.75 3.7 12.15 8.85
3.8 5.1 11.3 9.4
3.85 4.4 12.4 9.8
3.95 4.5 11.75 9.25
3.95 4.65 11.45 9.1
3.85 4.7 11.8 9.5
3.9 4.35 11.45 8.8
4.0 6.2 8.9 8.1
3.55 4.05 11.6 8.65
3.6 3.55 13.45 10.0
3.7 4.6 12.7 10.3
3.9 5.15 11.05 9.2
3.9 4.55 11.75 9.3
3.7 4.45 12.6 10.05
3.85 3.85 11.8 8.65
3.8 3.75 13.2 9.95
3.7 3.25 13.55 9.8
3.75 3.4 12.3 8.7
3.75 3.55 12.85 9.4
3.9 5.2 11.55 9.75
3.85 3.95 12.05 9.0
4.0 5.7 9.7 8.4
3.75 4.6 11.4 9.0
3.9 5.95 10.75 9.7
3.9 4.2 11.05 8.25
3.8 4.45 11.5 8.95
3.85 4.65 11.5 9.15
3.85 4.85 11.65 9.5
3.9 5.2 11.1 9.3
3.8 5.1 11.75 9.85
3.9 5.2 11.1 9.3
3.95 5.45 11.2 9.65
3.8 5.0 11.2 9.2
3.95 4.45 11.75 9.2
3.7 4.65 10.75 8.4
3.85 3.7 13.55 10.25
3.9 4.95 10.3 8.25
3.9 5.8 9.6 8.4
3.85 4.9 11.45 9.35
3.8 4.6 11.05 8.65
3.8 4.7 11.4 9.1
3.8 5.15 11.75 9.9
3.8 4.0 11.6 8.6
3.7 4.6 13.15 10.75
3.9 4.15 12.45 9.6
3.85 6.45 10.75 10.2
3.9 4.65 11.35 9.0
3.95 5.45 9.35 7.8
3.85 5.25 11.35 9.6
3.6 3.45 13.25 9.7
3.95 4.05 12.3 9.35
3.85 4.85 10.15 8.0
3.95 5.55 10.3 8.85
3.85 4.35 11.45 8.8
3.65 3.6 13.2 9.8
3.9 4.6 9.95 7.55
3.7 4.45 10.5 7.95
3.85 5.35 10.95 9.3
3.8 3.6 13.55 10.15
3.8 5.15 11.0 9.15
3.9 4.1 11.55 8.65
3.6 4.15 13.45 10.6
3.75 5.0 11.95 9.95
3.85 4.8 10.45 8.25
3.95 4.95 11.25 9.2
3.95 5.1 10.45 8.55
3.9 4.55 11.1 8.65
3.9 4.95 10.95 8.9
3.95 4.35 11.65 9.0
3.9 4.25 11.85 9.1
3.9 5.6 10.15 8.75
3.9 5.0 10.45 8.45
3.9 4.25 13.0 10.25
3.95 5.0 12.2 10.2
3.9 4.05 10.55 7.6
3.85 5.45 9.6 8.05
3.8 3.9 12.95 9.85
3.9 4.0 12.05 9.05
3.75 4.1 12.45 9.55
3.65 4.3 10.5 7.8
3.85 4.7 11.25 8.95
3.75 3.2 12.25 8.45
3.75 3.6 12.05 8.65
3.75 3.6 12.0 8.6
3.9 2.45 13.75 9.2
3.7 5.35 9.4 7.75
3.8 4.3 11.6 8.9
3.85 4.05 11.1 8.15
3.85 3.5 12.05 8.55
3.95 5.85 10.2 9.05
3.95 5.15 11.45 9.6
4.0 4.65 10.45 8.1
3.75 3.85 12.35 9.2
3.75 3.65 13.8 10.45
3.9 3.95 11.8 8.75
3.8 5.2 9.7 7.9
3.8 4.5 11.9 9.4
3.9 5.5 10.35 8.85
3.85 3.75 12.9 9.65
3.85 4.05 12.2 9.25
3.75 3.75 12.25 9.0
3.95 6.25 9.25 8.5
4.0 4.5 11.05 8.55
3.8 3.9 11.85 8.75
3.75 4.25 12.8 10.05
3.75 3.65 13.3 9.95
3.95 3.95 13.15 10.1
3.85 3.4 11.65 8.05
3.95 5.05 10.3 8.35
4.0 5.55 11.0 9.55
3.9 5.05 10.75 8.8
3.85 5.75 10.7 9.45
3.8 4.7 11.65 9.35
3.9 4.95 11.8 9.75
3.75 4.5 11.55 9.05
3.95 5.4 11.65 10.05
3.75 4.0 11.8 8.8
3.95 5.2 10.9 9.1
3.9 5.65 11.85 10.5
3.9 5.1 11.7 9.8
3.8 4.2 12.2 9.4
3.85 4.25 12.1 9.35
3.55 4.05 11.6 8.65
3.65 4.1 12.8 9.9
3.85 5.2 9.8 8.0
3.85 5.2 10.45 8.65
3.6 4.3 12.65 9.95
3.85 5.8 11.05 9.85
3.95 5.35 8.8 7.15
3.8 5.1 11.3 9.4
3.95 3.45 11.25 7.7
3.9 5.0 12.1 10.1
3.75 4.55 11.3 8.85
3.95 5.0 10.8 8.8
3.9 5.2 9.75 7.95
3.85 4.2 11.95 9.15
3.85 4.25 11.7 8.95
3.8 3.95 11.95 8.9
3.85 5.05 11.05 9.1
3.85 3.05 12.2 8.25
3.95 5.05 10.9 8.95
3.9 4.75 10.6 8.35
3.75 3.55 12.1 8.65
3.7 5.75 11.85 10.6
3.95 5.1 11.35 9.45
3.85 5.75 10.65 9.4
3.85 4.9 10.75 8.65
3.85 3.75 13.0 9.75
3.65 3.3 13.15 9.45
3.65 3.65 14.55 11.2
3.85 7.8 8.6 9.4
3.85 4.4 10.8 8.2
3.85 5.3 10.75 9.05
3.8 5.05 12.05 10.1
3.75 4.2 11.7 8.9
3.9 5.15 10.75 8.9
3.9 3.95 12.8 9.75
3.8 5.95 10.4 9.35
3.7 3.1 13.35 9.45
3.85 3.85 11.85 8.7
3.7 5.05 10.75 8.8
3.9 4.4 11.65 9.05
3.95 3.4 12.7 9.1
3.75 5.15 9.6 7.75
3.7 4.8 11.7 9.5
3.85 4.7 10.85 8.55
3.7 2.75 12.8 8.55
3.9 4.85 10.5 8.35
3.9 6.85 9.75 9.6
3.85 4.9 10.5 8.4
3.8 4.0 12.45 9.45
3.9 6.35 10.4 9.75
3.8 3.5 12.55 9.05
3.75 3.65 12.4 9.05
3.75 3.65 13.3 9.95
3.75 4.35 11.4 8.75
3.85 4.45 11.5 8.95
3.85 4.9 10.15 8.05
3.95 5.3 10.1 8.4
3.9 4.75 11.3 9.05
3.95 4.45 11.1 8.55
3.9 3.6 13.05 9.65
3.8 4.9 11.25 9.15
3.95 4.1 10.75 7.85
3.8 3.55 13.6 10.15
3.8 3.7 12.85 9.55
3.75 4.7 10.85 8.55
3.95 6.15 10.35 9.5
3.75 4.65 11.2 8.85
3.95 6.6 8.9 8.5
3.8 5.3 10.45 8.75
3.95 5.3 11.2 9.5
3.8 5.9 10.2 9.1
3.85 6.0 8.25 7.25
3.9 5.1 10.65 8.75
3.85 3.9 12.15 9.05
3.85 5.7 10.9 9.6
3.8 4.0 12.75 9.75
3.9 5.4 9.75 8.15
3.75 4.3 12.0 9.3
3.95 4.4 9.4 6.8
3.75 5.15 12.8 10.95
3.9 4.45 11.6 9.05
3.7 3.55 13.1 9.65
3.7 3.35 13.0 9.35
3.65 3.4 13.25 9.65
3.65 3.55 12.75 9.3
3.9 4.85 12.35 10.2
3.85 3.4 12.25 8.65
3.6 3.7 12.9 9.6
3.9 5.2 11.55 9.75
3.75 4.3 12.1 9.4
3.95 5.2 10.7 8.9
3.9 5.85 9.4 8.25
3.85 4.9 11.85 9.75
3.6 4.4 13.2 10.6
3.7 4.0 12.05 9.05
3.9 5.95 9.1 8.05
3.9 5.45 10.15 8.6
3.9 5.35 10.25 8.6
3.85 4.35 12.5 9.85
3.95 5.05 9.3 7.35
4.0 7.9 8.15 9.05
3.65 3.1 14.15 10.25
3.85 5.5 9.75 8.25
3.95 3.95 12.1 9.05
3.6 3.1 13.6 9.7
3.95 5.6 10.1 8.7
3.95 3.9 12.55 9.45
3.9 4.65 11.3 8.95
3.95 5.45 11.15 9.6
3.9 4.75 11.7 9.45
3.85 4.8 11.7 9.5
3.9 5.0 13.1 11.1
3.95 5.65 9.6 8.25
3.85 3.65 12.15 8.8
3.95 5.75 9.9 8.65
3.65 4.1 12.6 9.7
3.75 4.15 12.45 9.6
3.9 4.15 11.15 8.3
3.9 4.3 12.85 10.15
3.65 4.05 11.7 8.75
3.95 5.2 11.95 10.15
3.8 3.25 13.3 9.55
3.85 6.35 11.0 10.35
3.9 4.5 11.4 8.9
3.85 5.0 11.3 9.3
3.85 4.75 12.6 10.35
3.8 4.55 11.3 8.85
3.9 3.7 12.95 9.65
3.9 4.2 12.1 9.3
3.85 3.7 12.7 9.4
3.8 4.0 11.8 8.8
3.55 4.3 12.85 10.15
4.0 4.8 12.35 10.15
3.95 6.6 11.05 10.65
3.95 5.95 10.9 9.85
3.9 5.4 9.7 8.1
3.75 4.95 11.6 9.55
3.6 3.1 14.4 10.5
3.95 4.4 11.5 8.9
3.9 5.75 10.6 9.35
3.85 4.3 12.35 9.65
3.75 3.45 12.5 8.95
3.85 3.65 13.1 9.75
3.75 4.4 12.95 10.35
3.85 4.75 10.85 8.6
3.8 4.5 10.8 8.3
3.95 5.5 9.7 8.2
4.0 4.9 11.9 9.8
3.75 4.05 12.55 9.6
3.75 3.65 12.65 9.3
3.75 4.9 11.95 9.85
3.95 5.7 10.85 9.55
3.9 5.9 10.7 9.6
3.8 3.15 12.9 9.05
3.65 4.6 11.75 9.35
3.7 4.5 11.5 9.0
3.8 4.4 11.0 8.4
3.9 4.35 10.85 8.2
3.75 3.45 12.1 8.55
3.9 4.45 10.55 8.0
3.75 3.35 14.35 10.7
3.75 4.2 12.25 9.45
3.75 4.55 12.2 9.75
3.85 5.25 11.25 9.5
3.85 5.05 11.9 9.95
3.95 4.35 11.2 8.55
3.6 2.95 14.95 10.9
3.75 4.05 11.9 8.95
4.0 4.65 12.25 9.9
3.85 3.1 12.8 8.9
3.9 3.75 12.45 9.2
3.8 3.05 13.4 9.45
3.8 4.3 11.8 9.1
3.9 5.05 10.95 9.0
3.9 5.35 11.1 9.45
3.75 3.7 11.8 8.5
4.0 4.85 10.55 8.4
3.8 4.5 10.8 8.3
3.8 3.9 12.1 9.0
3.8 5.15 11.75 9.9
3.75 4.95 10.75 8.7
3.8 4.85 10.55 8.4
3.85 5.65 11.2 9.85
3.85 5.25 10.15 8.4
3.9 4.6 11.9 9.5
3.85 3.75 13.45 10.2
3.95 4.9 11.1 9.0
3.8 5.0 11.2 9.2
3.9 5.4 10.55 8.95
3.8 4.4 12.15 9.55
3.8 4.8 11.25 9.05
3.65 4.6 10.85 8.45
3.85 5.8 10.25 9.05
3.75 4.15 13.0 10.15
3.9 3.95 10.8 7.75
3.7 3.1 13.75 9.85
3.85 3.7 12.9 9.6
3.8 4.65 11.3 8.95
3.7 4.2 11.35 8.55
3.9 4.0 12.8 9.8
3.95 5.55 10.35 8.9
3.9 4.95 11.55 9.5
3.9 4.85 11.6 9.45
3.8 4.5 11.5 9.0
3.75 3.5 12.15 8.65
3.95 6.5 9.95 9.45
3.85 4.85 11.5 9.35
3.8 3.45 12.95 9.4
3.85 5.0 11.5 9.5
3.95 5.0 10.7 8.7
3.85 4.85 11.0 8.85
4.0 5.6 10.5 9.1
3.8 3.9 12.85 9.75
3.75 3.85 12.95 9.8
3.65 4.15 12.05 9.2
3.8 4.1 12.6 9.7
3.9 5.2 10.05 8.25
3.85 4.7 10.35 8.05
3.85 5.2 9.75 7.95
4.0 4.05 12.8 9.85
3.85 3.7 12.3 9.0
3.85 3.25 12.1 8.35
3.85 6.65 8.35 8.0
3.95 5.6 9.9 8.5
3.95 4.05 13.25 10.3
3.8 3.6 12.6 9.2
4.0 4.2 11.2 8.4
3.85 4.85 10.8 8.65
3.85 5.25 10.45 8.7
3.75 3.7 13.7 10.4
3.85 4.7 12.3 10.0
3.85 5.45 11.4 9.85
3.8 5.7 12.4 11.1
3.85 5.6 10.25 8.85
3.85 5.05 12.25 10.3
3.9 5.4 10.7 9.1
3.8 5.2 10.8 9.0
3.6 4.05 12.35 9.4
3.8 4.6 13.1 10.7
3.8 5.65 10.3 8.95
3.75 5.15 10.9 9.05
3.95 4.95 12.35 10.3
3.95 4.95 12.2 10.15
3.8 5.0 11.9 9.9
3.75 3.7 11.3 8.0
3.95 4.45 11.4 8.85
3.75 5.3 12.75 11.05
3.95 4.2 12.2 9.4
3.75 4.3 9.95 7.25
3.95 4.5 10.4 7.9
3.75 4.15 12.45 9.6
3.75 3.65 11.95 8.6
3.7 4.15 12.25 9.4
3.65 4.5 11.05 8.55
3.8 2.85 14.8 10.65
3.75 3.75 13.45 10.2
3.9 5.05 12.0 10.05
3.9 4.6 12.85 10.45
3.65 4.0 11.85 8.85
3.8 5.15 10.0 8.15
3.8 3.35 12.7 9.05
3.9 4.65 10.55 8.2
3.9 4.45 11.0 8.45
3.7 4.15 11.7 8.85
3.75 4.4 12.45 9.85
3.7 3.95 12.05 9.0
3.95 4.8 11.0 8.8
3.7 3.4 12.05 8.45
3.9 4.4 10.75 8.15
3.9 4.4 12.75 10.15
3.8 4.45 10.65 8.1
3.9 4.85 11.7 9.55
3.6 3.45 12.95 9.4
3.85 3.0 14.0 10.0
3.85 4.45 11.75 9.2
3.85 4.0 11.1 8.1
3.7 5.25 10.65 8.9
3.8 3.5 12.85 9.35
3.9 3.95 10.65 7.6
3.75 4.65 11.2 8.85
3.95 4.8 11.75 9.55
3.9 5.9 10.9 9.8
3.85 5.0 10.65 8.65
3.9 5.25 10.85 9.1
3.7 3.9 12.35 9.25
3.85 5.6 10.15 8.75
3.9 4.3 11.9 9.2
4.0 4.25 10.6 7.85
3.9 4.85 12.35 10.2
3.9 5.55 11.7 10.25
3.85 4.2 13.35 10.55
4.0 3.45 12.35 8.8
3.9 6.5 8.85 8.35
3.75 4.15 12.5 9.65
3.8 3.55 13.05 9.6
3.85 4.55 11.35 8.9
3.7 4.4 12.5 9.9
3.7 3.35 13.65 10.0
3.75 4.05 11.35 8.4
3.95 4.35 11.45 8.8
3.95 4.7 11.55 9.25
3.75 4.4 11.25 8.65
3.7 3.9 12.05 8.95
3.9 3.8 11.9 8.7
3.8 4.35 11.0 8.35
3.75 3.5 12.6 9.1
3.9 5.3 10.4 8.7
3.6 3.25 15.0 11.25
3.7 4.3 11.2 8.5
3.8 4.1 11.2 8.3
3.8 4.45 11.5 8.95
3.75 4.9 10.95 8.85
3.9 3.85 12.0 8.85
3.8 4.2 13.0 10.2
3.95 5.7 8.95 7.65
3.95 4.75 12.1 9.85
3.95 5.55 9.5 8.05
3.75 3.8 13.05 9.85
3.9 4.9 11.35 9.25
3.85 4.4 10.1 7.5
3.75 3.75 11.8 8.55
3.8 4.0 11.55 8.55
3.9 5.2 10.7 8.9
3.75 3.7 12.05 8.75
3.65 3.65 12.45 9.1
3.7 4.8 12.4 10.2
3.75 2.35 14.8 10.15
3.85 4.85 10.6 8.45
3.95 3.55 12.45 9.0
3.7 4.75 13.15 10.9
3.95 4.05 13.1 10.15
3.75 4.0 11.2 8.2
3.85 5.7 10.75 9.45
3.9 4.85 12.05 9.9
3.75 4.4 11.3 8.7
3.85 3.9 12.85 9.75
3.9 4.65 11.2 8.85
3.85 5.0 11.65 9.65
3.85 3.9 11.3 8.2
3.8 4.95 12.6 10.55
3.8 4.5 11.25 8.75
3.95 4.75 12.6 10.35
3.9 5.5 10.45 8.95
3.85 4.75 11.1 8.85
3.95 4.3 10.0 7.3
3.75 4.35 11.8 9.15
3.75 4.5 12.6 10.1
3.85 5.5 10.75 9.25
3.9 5.9 9.9 8.8
3.95 3.45 13.25 9.7
3.9 4.4 11.4 8.8
3.95 5.0 10.75 8.75
3.75 5.4 10.3 8.7
3.85 3.55 12.0 8.55
3.9 4.5 11.7 9.2
3.8 4.6 12.65 10.25
3.85 5.1 10.85 8.95
3.75 5.1 11.9 10.0
3.8 3.3 12.75 9.05
3.9 4.85 11.45 9.3
3.8 4.25 12.95 10.2
3.7 5.0 11.45 9.45
3.8 3.5 12.1 8.6
3.7 4.3 10.85 8.15
3.8 2.95 13.8 9.75
3.85 4.7 10.8 8.5
3.85 3.9 12.1 9.0
3.7 3.75 12.9 9.65
3.85 4.5 11.0 8.5
3.9 3.6 12.05 8.65
3.65 4.15 13.1 10.25
3.8 4.75 11.6 9.35
3.9 4.85 11.65 9.5
3.85 5.35 12.95 11.3
3.75 4.35 13.15 10.5
3.85 4.6 11.55 9.15
3.85 3.9 12.05 8.95
3.8 4.95 11.25 9.2
3.9 4.45 11.95 9.4
3.65 4.25 13.3 10.55
3.8 4.1 12.8 9.9
4.0 4.7 10.65 8.35
3.85 3.2 12.7 8.9
3.75 4.85 11.05 8.9
3.85 6.0 9.8 8.8
3.9 5.85 10.05 8.9
3.8 3.8 12.85 9.65
3.9 5.4 10.1 8.5
4.0 6.35 8.9 8.25
3.8 5.2 11.55 9.75
3.65 3.5 12.3 8.8
3.8 5.0 11.25 9.25
3.8 3.95 12.1 9.05
3.9 3.85 12.35 9.2
4.0 5.45 12.0 10.45
3.9 5.1 10.05 8.15
3.65 3.7 13.95 10.65
3.9 5.35 10.15 8.5
3.8 2.95 13.15 9.1
3.75 5.1 11.65 9.75
4.0 4.55 12.1 9.65
3.85 4.35 12.1 9.45
3.95 4.85 10.0 7.85
3.7 3.65 12.65 9.3
3.95 4.05 12.15 9.2
3.75 3.65 13.05 9.7
3.8 4.0 13.8 10.8
3.9 4.9 12.1 10.0
3.9 4.25 10.45 7.7
3.75 3.9 10.85 7.75
3.75 4.6 12.15 9.75
3.95 5.95 9.7 8.65
3.75 5.05 10.35 8.4
3.75 5.45 11.35 9.8
3.95 4.75 11.4 9.15
3.85 5.9 10.45 9.35
3.8 2.9 13.45 9.35
3.85 4.55 10.75 8.3
3.95 5.8 11.55 10.35
3.8 5.3 11.3 9.6
3.75 4.4 13.6 11.0
3.95 4.45 11.6 9.05
3.9 5.15 11.95 10.1
3.85 5.1 11.7 9.8
3.9 2.75 13.4 9.15
3.95 5.05 11.45 9.5
3.85 4.35 12.9 10.25
3.75 4.6 11.95 9.55
3.9 4.15 11.5 8.65
3.9 5.4 12.35 10.75
3.85 5.05 10.8 8.85
3.8 4.85 10.75 8.6
3.8 4.75 12.3 10.05
3.8 5.3 9.65 7.95
3.85 4.8 11.2 9.0
3.8 3.85 10.45 7.3
3.8 3.6 13.6 10.2
3.8 3.65 13.35 10.0
3.8 4.95 11.15 9.1
3.8 3.35 13.65 10.0
3.85 5.5 9.9 8.4
3.8 4.85 11.45 9.3
3.85 5.0 10.1 8.1
3.8 4.55 11.8 9.35
3.75 3.65 12.15 8.8
3.95 5.85 9.6 8.45
3.95 4.75 11.3 9.05
3.95 4.1 12.15 9.25
3.85 3.85 12.55 9.4
3.65 3.6 13.35 9.95
3.85 4.75 12.0 9.75
3.85 3.45 11.55 8.0
3.9 4.1 11.5 8.6
3.75 4.75 11.25 9.0
4.0 4.7 10.85 8.55
3.7 3.2 13.65 9.85
3.8 4.35 11.05 8.4
3.75 3.25 11.9 8.15
3.9 5.8 9.75 8.55
3.95 5.4 11.2 9.6
3.85 5.5 11.4 9.9
3.85 4.5 12.15 9.65
4.0 4.8 11.05 8.85
3.65 3.7 13.65 10.35
3.75 5.45 11.3 9.75
3.95 4.85 10.5 8.35
3.8 3.4 14.05 10.45
3.7 3.6 12.7 9.3
3.7 2.65 13.4 9.05
3.8 3.8 12.85 9.65
3.8 4.35 12.1 9.45
3.9 4.2 13.6 10.8
3.8 4.0 12.85 9.85
3.9 6.0 11.2 10.2
3.9 3.75 12.5 9.25
3.85 3.75 12.6 9.35
3.8 3.25 13.15 9.4
3.65 4.0 13.8 10.8
3.9 6.7 9.55 9.25
3.7 3.65 13.0 9.65
3.8 4.25 11.75 9.0
3.8 3.8 11.6 8.4
3.8 4.65 12.3 9.95
3.85 4.65 11.4 9.05
3.75 3.25 13.3 9.55
3.95 4.4 12.8 10.2
3.85 3.75 12.25 9.0
3.85 4.3 11.95 9.25
3.95 5.85 10.25 9.1
3.95 4.95 11.9 9.85
3.9 5.25 9.7 7.95
3.9 4.1 11.0 8.1
3.8 4.45 11.5 8.95
3.85 6.6 10.2 9.8
3.95 4.7 12.55 10.25
3.8 4.7 11.7 9.4
4.0 4.95 11.1 9.05
3.85 5.3 11.2 9.5
3.7 3.45 12.45 8.9
3.8 3.7 12.5 9.2
3.7 5.1 12.0 10.1
3.85 3.95 12.0 8.95
3.9 4.35 11.95 9.3
3.9 3.6 13.7 10.3
3.8 4.8 10.5 8.3
3.9 3.9 12.25 9.15
3.9 5.2 11.1 9.3
3.85 4.55 11.75 9.3
3.9 4.9 11.4 9.3
3.9 4.65 11.05 8.7
3.9 5.3 11.35 9.65
3.8 4.15 11.45 8.6
3.65 3.75 13.65 10.4
4.0 4.7 11.95 9.65
3.95 7.35 8.75 9.1
3.75 5.1 11.75 9.85
4.0 5.15 9.55 7.7
3.7 4.55 12.4 9.95
3.85 4.65 10.55 8.2
3.75 4.95 10.95 8.9
3.9 3.75 12.0 8.75
3.65 3.9 11.65 8.55
3.8 4.55 13.6 11.15
3.75 4.15 12.15 9.3
3.85 3.5 12.65 9.15
3.95 3.95 11.55 8.5
3.8 4.4 11.85 9.25
3.9 6.2 9.9 9.1
3.85 5.75 10.4 9.15
3.8 3.1 13.0 9.1
3.9 4.45 10.8 8.25
3.9 4.55 12.4 9.95
3.8 4.7 11.1 8.8
4.0 4.75 11.8 9.55
3.7 4.15 12.0 9.15
3.85 3.95 12.25 9.2
3.95 3.6 12.8 9.4
3.85 4.85 9.85 7.7
3.85 7.25 7.85 8.1
3.8 5.05 10.75 8.8
3.9 5.6 11.05 9.65
3.85 4.65 10.4 8.05
3.8 4.15 11.1 8.25
3.85 5.5 11.9 10.4
3.9 5.75 10.35 9.1
3.9 5.45 10.25 8.7
3.9 4.9 13.3 11.2
3.85 4.75 11.1 8.85
3.85 4.0 12.4 9.4
3.75 3.1 13.5 9.6
3.75 3.55 11.3 7.85
3.85 4.7 11.4 9.1
3.8 5.4 11.2 9.6
3.9 4.55 11.9 9.45
3.65 4.55 11.8 9.35
3.85 4.7 11.4 9.1
3.8 5.25 11.55 9.8
3.85 5.05 11.75 9.8
3.85 4.55 11.0 8.55
3.9 4.5 10.7 8.2
3.9 3.8 12.0 8.8
3.7 5.05 11.0 9.05
3.65 4.0 11.7 8.7
3.9 4.5 10.7 8.2
3.75 4.65 10.55 8.2
3.75 4.1 12.8 9.9
3.85 4.65 12.4 10.05
3.85 4.1 11.4 8.5
3.8 3.9 12.05 8.95
3.9 4.95 11.1 9.05
3.95 5.9 8.5 7.4
4.0 4.0 12.45 9.45
3.8 4.4 13.0 10.4
3.75 4.2 12.7 9.9
3.85 3.05 13.4 9.45
3.65 3.35 13.9 10.25
3.75 4.9 10.5 8.4
3.7 4.75 12.2 9.95
3.6 2.45 13.6 9.05
3.85 4.85 11.2 9.05
3.8 3.1 13.8 9.9
3.85 5.5 9.6 8.1
3.95 4.95 11.6 9.55
3.85 3.45 12.8 9.25
3.95 5.3 11.0 9.3
3.9 4.15 11.65 8.8
3.95 5.2 11.8 10.0
3.8 3.85 12.1 8.95
3.85 3.5 11.3 7.8
3.65 4.6 12.2 9.8
3.85 4.5 10.8 8.3
3.85 5.7 10.0 8.7
3.85 4.75 11.75 9.5
3.75 5.2 11.4 9.6
3.75 4.45 11.8 9.25
3.7 5.55 11.95 10.5
4.0 4.5 12.75 10.25
3.9 4.15 11.5 8.65
3.7 3.75 13.5 10.25
4.0 4.4 10.85 8.25
3.8 5.45 10.1 8.55
3.95 4.3 10.6 7.9
3.75 3.05 14.4 10.45
3.85 5.45 10.8 9.25
3.75 4.55 11.65 9.2
3.8 4.3 11.85 9.15
3.95 5.1 11.05 9.15
3.85 4.45 11.95 9.4
3.55 2.7 13.25 8.95
3.8 5.75 11.1 9.85
3.8 3.85 12.3 9.15
3.65 3.55 14.9 11.45
3.75 4.45 11.6 9.05
3.9 5.65 10.65 9.3
3.65 4.3 12.65 9.95
3.85 3.75 11.65 8.4
3.75 5.35 11.2 9.55
3.9 4.2 12.65 9.85
3.95 4.65 11.15 8.8
3.95 4.15 10.45 7.6
3.85 5.9 10.75 9.65
3.85 4.5 11.85 9.35
3.95 5.8 11.45 10.25
3.85 4.25 11.45 8.7
3.75 3.75 12.55 9.3
3.8 3.45 14.4 10.85
3.9 5.3 10.55 8.85
3.8 5.1 11.4 9.5
3.8 4.65 11.6 9.25
3.75 4.6 12.85 10.45
3.9 5.65 10.0 8.65
3.85 4.45 13.4 10.85
3.95 5.15 11.05 9.2
3.75 3.85 12.15 9.0
3.65 5.1 11.55 9.65
3.85 5.25 13.0 11.25
3.9 5.65 10.45 9.1
3.9 5.35 10.6 8.95
3.85 4.3 11.85 9.15
3.85 3.2 12.6 8.8
3.95 5.65 9.9 8.55
3.85 2.85 13.6 9.45
3.9 4.2 11.55 8.75
3.65 4.35 11.95 9.3
3.75 5.55 10.65 9.2
3.9 4.7 11.2 8.9
3.95 4.05 12.05 9.1
3.8 3.95 12.2 9.15
3.6 4.1 13.15 10.25
3.75 4.9 10.8 8.7
3.75 4.4 11.6 9.0
3.9 4.85 10.35 8.2
3.9 5.05 11.85 9.9
3.7 4.4 13.05 10.45
3.95 4.6 11.75 9.35
3.9 3.35 14.0 10.35
3.85 3.2 13.3 9.5
3.9 4.75 11.65 9.4
3.75 4.4 12.45 9.85
3.8 4.1 11.8 8.9
3.75 3.4 12.65 9.05
3.85 4.4 12.0 9.4
4.0 4.25 11.05 8.3
3.9 4.6 12.2 9.8
3.55 4.6 12.65 10.25
3.8 4.35 11.5 8.85
3.8 3.75 12.75 9.5
3.8 5.9 10.05 8.95
3.75 3.3 13.1 9.4
3.55 4.0 13.4 10.4
3.65 3.8 13.4 10.2
4.0 4.4 11.3 8.7
3.75 4.85 11.85 9.7
3.8 3.7 11.75 8.45
3.8 3.8 11.75 8.55
3.85 5.5 10.9 9.4
3.8 4.2 11.05 8.25
3.9 3.8 12.1 8.9
3.9 6.35 9.1 8.45
3.9 3.05 12.35 8.4
3.5 3.4 13.6 10.0
3.7 3.5 12.8 9.3
3.75 4.5 11.75 9.25
3.7 3.4 12.9 9.3
3.9 3.95 13.0 9.95
3.95 5.35 10.05 8.4
3.8 4.45 11.75 9.2
3.75 5.0 11.15 9.15
3.8 5.2 11.75 9.95
3.8 4.85 9.75 7.6
3.85 4.8 12.35 10.15
3.85 5.05 10.75 8.8
3.7 4.25 12.95 10.2
3.85 4.9 10.45 8.35
3.65 4.4 13.35 10.75
3.9 5.5 9.8 8.3
3.95 5.65 9.1 7.75
3.85 4.45 12.25 9.7
3.9 4.65 11.75 9.4
3.8 4.05 12.5 9.55
3.9 4.7 11.15 8.85
3.9 4.1 12.95 10.05
3.95 4.75 10.95 8.7
3.8 5.55 10.45 9.0
3.85 4.3 11.6 8.9
3.8 4.05 11.85 8.9
3.75 3.0 13.55 9.55
3.65 5.15 11.6 9.75
3.85 3.5 12.05 8.55
3.85 4.5 11.65 9.15
3.9 4.45 12.1 9.55
3.8 4.45 12.3 9.75
3.8 3.85 12.05 8.9
3.85 5.6 9.95 8.55
3.9 4.75 11.75 9.5
3.95 3.85 14.2 11.05
3.8 4.1 13.0 10.1
3.95 5.5 11.15 9.65
3.75 4.1 13.3 10.4
3.8 3.45 12.3 8.75
3.75 4.25 12.0 9.25
3.75 4.3 12.15 9.45
3.9 4.75 11.25 9.0
3.8 4.05 13.8 10.85
3.85 6.2 9.8 9.0
3.95 4.75 10.65 8.4
3.9 4.75 11.8 9.55
3.65 4.15 12.0 9.15
3.9 6.1 10.15 9.25
3.85 4.05 11.9 8.95
3.85 5.25 10.65 8.9
3.95 3.8 12.6 9.4
3.8 3.45 14.5 10.95
3.85 4.6 11.65 9.25
3.9 6.3 10.35 9.65
3.8 4.6 11.1 8.7
3.6 4.2 11.4 8.6
3.75 4.9 10.4 8.3
3.7 5.0 13.1 11.1
3.8 4.35 11.7 9.05
3.8 3.75 11.75 8.5
3.95 5.85 9.4 8.25
3.85 4.2 11.7 8.9
3.9 4.7 11.1 8.8
3.95 4.8 11.5 9.3
3.9 6.25 11.05 10.3
3.95 5.35 10.6 8.95
3.8 3.15 13.8 9.95
3.65 4.6 10.75 8.35
3.9 3.75 12.5 9.25
3.65 2.85 12.4 8.25
3.7 4.6 12.25 9.85
4.0 5.05 11.9 9.95
3.85 4.35 10.9 8.25
3.85 5.75 11.5 10.25
3.7 3.35 13.25 9.6
3.85 5.4 10.85 9.25
3.95 5.5 11.1 9.6
4.0 3.7 12.35 9.05
3.75 4.6 10.35 7.95
3.95 4.8 10.9 8.7
4.0 5.5 11.35 9.85
3.8 4.4 10.9 8.3
3.9 4.55 11.95 9.5
3.9 5.5 12.05 10.55
3.95 4.6 10.55 8.15
3.85 4.9 11.4 9.3
3.95 5.15 11.0 9.15
3.9 5.55 11.2 9.75
3.9 6.3 10.9 10.2
4.0 5.8 10.75 9.55
3.9 3.85 12.6 9.45
3.9 5.1 9.8 7.9
3.9 5.3 10.3 8.6
3.75 3.8 12.8 9.6
3.75 5.3 12.0 10.3
3.75 4.95 11.05 9.0
3.95 4.6 11.0 8.6
3.9 4.1 11.15 8.25
3.85 5.55 10.95 9.5
3.85 5.15 11.35 9.5
3.95 5.1 9.7 7.8
3.75 4.65 11.9 9.55
3.9 5.1 12.15 10.25
3.95 5.1 10.65 8.75
3.75 5.1 11.7 9.8
3.7 4.4 11.55 8.95
3.8 5.05 10.8 8.85
3.85 6.05 9.1 8.15
3.75 4.7 11.25 8.95
3.85 4.1 11.3 8.4
3.85 5.45 10.6 9.05
3.7 5.7 11.25 9.95
3.8 2.7 14.1 9.8
3.85 4.35 11.65 9.0
3.9 4.7 12.05 9.75
3.85 4.95 12.2 10.15
3.7 4.0 13.1 10.1
3.75 4.0 12.9 9.9
3.9 6.15 9.5 8.65
3.8 3.7 12.05 8.75
3.8 4.35 11.8 9.15
3.9 5.6 10.05 8.65
3.95 4.75 12.1 9.85
4.0 7.05 8.95 9.0
3.9 5.4 11.0 9.4
3.5 3.5 12.85 9.35
3.9 4.2 11.05 8.25
3.65 3.8 12.05 8.85
3.7 4.8 10.2 8.0
3.7 3.95 13.5 10.45
3.85 4.65 10.5 8.15
3.85 4.2 11.8 9.0
3.9 3.95 11.1 8.05
3.8 4.25 12.35 9.6
3.9 4.55 12.7 10.25
3.9 5.25 12.3 10.55
3.9 4.35 11.55 8.9
3.9 5.25 11.3 9.55
3.8 4.25 11.65 8.9
3.9 4.0 11.7 8.7
3.85 3.7 12.15 8.85
3.9 3.7 12.5 9.2
3.9 4.75 11.15 8.9
3.7 4.0 13.35 10.35
3.9 4.0 12.35 9.35
3.75 3.4 13.25 9.65
3.9 5.8 10.8 9.6
3.85 5.05 11.15 9.2
3.8 4.45 12.85 10.3
3.9 5.4 11.35 9.75
3.85 4.15 12.85 10.0
3.7 4.8 11.65 9.45
3.65 4.6 12.3 9.9
3.65 4.15 12.65 9.8
3.85 4.45 11.5 8.95
3.8 4.75 10.6 8.35
3.9 4.95 11.8 9.75
4.0 6.35 10.3 9.65
3.9 6.5 10.4 9.9
3.85 5.15 11.15 9.3
3.9 4.45 11.35 8.8
3.9 4.05 11.55 8.6
3.75 4.15 12.05 9.2
3.8 4.0 11.5 8.5
3.95 5.8 9.8 8.6
3.75 4.35 10.65 8.0
3.85 3.25 12.9 9.15
3.75 3.8 11.9 8.7
3.75 4.3 11.5 8.8
3.85 4.65 11.0 8.65
3.85 3.35 13.9 10.25
3.9 4.55 12.6 10.15
3.85 4.15 11.45 8.6
3.8 5.05 9.9 7.95
3.95 5.65 10.35 9.0
3.95 5.0 10.9 8.9
3.9 5.2 10.6 8.8
3.95 4.0 11.05 8.05
3.95 5.4 10.95 9.35
3.8 4.05 12.7 9.75
3.85 4.7 9.75 7.45
3.75 6.1 11.15 10.25
3.7 3.8 10.9 7.7
3.8 2.4 14.4 9.8
3.8 5.3 11.8 10.1
3.75 4.15 12.4 9.55
3.95 6.15 10.3 9.45
3.9 6.1 9.8 8.9
3.95 5.85 10.3 9.15
3.85 4.5 10.65 8.15
3.55 2.75 14.0 9.75
3.7 2.35 14.85 10.2
4.0 4.75 11.55 9.3
3.85 4.9 12.0 9.9
3.75 5.75 10.35 9.1
3.75 3.75 12.75 9.5
3.8 4.75 11.15 8.9
3.9 5.45 11.15 9.6
3.85 4.7 12.3 10.0
3.9 4.4 12.05 9.45
3.9 5.1 10.4 8.5
3.9 4.5 11.2 8.7
3.95 4.2 11.8 9.0
4.0 6.2 9.6 8.8
3.8 5.45 12.25 10.7
3.8 4.55 11.65 9.2
3.9 5.25 9.8 8.05
3.9 5.6 11.25 9.85
3.55 3.25 13.7 9.95
3.6 4.0 12.9 9.9
3.8 4.65 10.95 8.6
3.75 4.35 12.3 9.65
3.85 4.4 12.05 9.45
3.9 4.35 12.05 9.4
3.75 3.95 11.75 8.7
3.9 3.35 12.65 9.0
3.85 5.1 9.55 7.65
3.8 3.85 12.75 9.6
3.85 4.55 12.4 9.95
3.9 4.6 11.2 8.8
3.85 4.9 11.95 9.85
3.85 4.7 12.6 10.3
3.8 4.0 12.0 9.0
3.8 4.35 12.5 9.85
3.8 4.55 10.25 7.8
3.75 5.1 11.0 9.1
3.75 5.35 10.2 8.55
3.75 3.95 13.1 10.05
3.75 4.5 12.8 10.3
4.0 5.7 10.0 8.7
3.95 4.65 11.1 8.75
3.75 4.95 10.6 8.55
3.85 4.9 11.4 9.3
3.65 3.6 13.1 9.7
3.8 4.2 13.4 10.6
3.9 4.45 11.6 9.05
3.75 5.2 10.8 9.0
3.85 4.4 12.2 9.6
3.9 4.55 10.3 7.85
3.9 4.65 11.5 9.15
3.8 4.3 12.5 9.8
3.8 5.5 12.25 10.75
3.65 5.65 10.8 9.45
3.95 4.55 11.75 9.3
3.7 3.65 12.5 9.15
3.9 5.3 9.9 8.2
3.75 3.95 12.7 9.65
3.8 4.0 11.9 8.9
3.85 3.05 13.75 9.8
3.65 3.25 13.7 9.95
3.9 6.25 9.95 9.2
3.95 4.5 11.75 9.25
3.75 5.85 11.45 10.3
3.8 5.0 11.9 9.9
3.55 4.45 12.35 9.8
3.85 4.45 11.85 9.3
3.85 4.6 10.35 7.95
3.85 4.4 11.7 9.1
3.9 4.35 12.75 10.1
3.75 3.6 13.5 10.1
3.8 4.1 11.85 8.95
3.8 4.4 12.2 9.6
3.85 4.25 11.95 9.2
3.85 3.8 12.2 9.0
3.65 4.35 13.05 10.4
3.85 4.05 12.65 9.7
4.0 5.5 11.1 9.6
3.9 5.0 11.85 9.85
3.75 3.55 12.7 9.25
3.9 5.9 11.8 10.7
3.8 5.65 10.3 8.95
3.8 3.2 13.3 9.5
3.75 4.05 12.0 9.05
3.8 4.0 13.5 10.5
3.65 4.3 12.95 10.25
3.75 3.8 12.6 9.4
3.85 4.55 11.2 8.75
3.8 3.75 11.75 8.5
3.9 6.3 11.95 11.25
3.9 4.0 12.25 9.25
3.8 4.05 11.65 8.7
3.75 5.0 11.45 9.45
4.0 4.35 10.8 8.15
3.9 4.9 11.1 9.0
3.9 5.05 11.9 9.95
3.9 4.7 11.7 9.4
3.95 5.0 11.2 9.2
3.65 4.6 12.6 10.2
3.95 4.3 11.2 8.5
3.8 5.35 11.0 9.35
3.8 5.05 10.45 8.5
3.85 4.75 12.5 10.25
3.95 5.8 11.7 10.5
3.85 4.8 11.3 9.1
3.8 3.8 11.2 8.0
3.9 4.3 11.3 8.6
3.8 7.0 9.35 9.35
3.95 4.6 12.75 10.35
3.85 4.9 10.55 8.45
3.9 5.25 10.15 8.4
4.0 5.55 10.5 9.05
3.8 5.8 11.35 10.15
3.85 5.55 11.35 9.9
3.85 5.65 11.7 10.35
3.9 5.55 9.4 7.95
3.9 5.25 11.25 9.5
3.85 4.6 11.55 9.15
3.7 3.9 12.35 9.25
3.8 3.95 11.65 8.6
3.9 4.7 12.2 9.9
3.7 5.6 11.25 9.85
3.8 4.55 10.9 8.45
3.9 4.2 11.5 8.7
3.85 4.4 10.5 7.9
3.7 4.45 12.6 10.05
4.0 3.35 12.55 8.9
3.7 4.2 12.55 9.75
3.85 3.8 11.6 8.4
3.75 5.95 11.1 10.05
3.8 5.75 9.85 8.6
3.65 4.1 12.05 9.15
3.9 5.9 10.55 9.45
3.85 4.75 11.7 9.45
3.7 3.05 14.4 10.45
3.85 3.8 12.0 8.8
3.9 3.6 12.65 9.25
4.0 4.3 11.6 8.9
3.75 4.05 12.9 9.95
4.0 5.15 9.9 8.05
3.6 4.25 13.75 11.0
3.85 5.45 9.05 7.5
3.85 5.55 11.65 10.2
3.65 4.75 11.75 9.5
3.75 4.85 12.6 10.45
3.9 3.95 12.2 9.15
3.65 3.65 13.2 9.85
3.75 3.75 12.8 9.55
3.85 4.9 10.9 8.8
3.85 5.85 9.8 8.65
3.8 4.7 11.6 9.3
3.85 4.55 11.85 9.4
3.9 5.6 10.15 8.75
3.7 3.2 13.6 9.8
3.65 3.75 11.65 8.4
3.65 4.25 13.5 10.75
3.8 4.15 13.95 11.1
3.8 4.15 11.45 8.6
3.85 4.8 11.1 8.9
3.8 4.8 11.7 9.5
3.6 4.95 11.85 9.8
3.8 4.95 12.35 10.3
3.9 3.0 12.95 8.95
3.9 4.25 11.7 8.95
3.95 3.85 11.75 8.6
3.75 4.65 13.6 11.25
3.85 5.8 10.15 8.95
3.8 4.6 10.1 7.7
3.75 3.6 12.4 9.0
3.8 4.45 11.6 9.05
3.75 4.85 10.95 8.8
3.95 5.3 9.8 8.1
3.85 5.2 10.6 8.8
3.95 3.9 12.35 9.25
3.8 4.35 11.2 8.55
3.9 4.35 11.75 9.1
3.95 4.05 12.0 9.05
3.9 6.2 10.1 9.3
3.9 5.45 9.75 8.2
3.95 4.15 12.3 9.45
3.9 4.6 11.65 9.25
3.9 4.75 11.3 9.05
3.5 3.65 13.05 9.7
3.7 3.35 13.2 9.55
3.7 3.7 13.05 9.75
3.9 4.75 11.85 9.6
3.8 3.65 12.95 9.6
4.0 5.7 10.55 9.25
3.75 5.4 10.75 9.15
3.95 6.55 10.35 9.9
3.65 3.45 13.0 9.45
3.9 5.3 10.7 9.0
3.8 4.9 11.5 9.4
3.75 4.45 13.25 10.7
4.0 5.3 10.75 9.05
3.7 4.55 11.35 8.9
3.85 5.55 11.35 9.9
3.9 4.7 12.05 9.75
3.95 3.85 11.5 8.35
3.8 4.35 11.95 9.3
3.8 5.0 10.5 8.5
3.85 4.6 11.6 9.2
3.8 4.7 11.05 8.75
3.9 5.2 10.5 8.7
3.85 4.3 10.85 8.15
3.85 4.55 11.05 8.6
3.85 5.0 11.7 9.7
3.75 3.15 12.75 8.9
3.9 4.95 12.25 10.2
3.85 4.25 12.2 9.45
3.85 4.75 12.25 10.0
3.85 3.3 12.8 9.1
3.95 4.6 10.75 8.35
3.8 4.1 12.85 9.95
3.9 5.75 10.3 9.05
3.95 5.1 11.45 9.55
3.85 4.0 11.4 8.4
3.7 3.55 13.3 9.85
4.0 4.25 11.15 8.4
3.65 3.55 13.7 10.25
3.9 5.7 9.65 8.35
3.65 3.4 13.0 9.4
3.9 4.9 11.6 9.5
3.85 5.45 11.15 9.6
3.65 4.55 12.2 9.75
3.8 5.05 10.95 9.0
3.9 5.2 11.2 9.4
3.8 4.9 11.35 9.25
3.9 5.9 10.25 9.15
3.8 3.3 12.35 8.65
3.95 4.7 12.1 9.8
3.75 5.9 11.85 10.75
3.75 4.15 12.4 9.55
3.95 5.7 10.75 9.45
3.95 6.2 10.5 9.7
3.85 4.85 10.6 8.45
3.8 4.3 12.85 10.15
3.8 4.85 12.95 10.8
3.8 2.15 15.65 10.8
3.85 6.35 10.25 9.6
3.9 4.95 11.75 9.7
3.8 4.7 11.25 8.95
3.8 5.45 10.9 9.35
3.75 3.85 14.45 11.3
3.85 4.35 12.2 9.55
3.85 4.4 12.05 9.45
3.7 3.85 13.1 9.95
3.85 3.85 11.7 8.55
3.7 4.6 11.65 9.25
3.85 3.95 11.95 8.9
4.0 5.75 10.3 9.05
3.85 5.55 10.75 9.3
3.9 3.45 12.25 8.7
3.85 4.6 12.35 9.95
3.95 4.2 11.7 8.9
3.95 5.05 11.45 9.5
3.6 4.2 13.65 10.85
3.9 5.4 11.0 9.4
3.7 4.75 11.2 8.95
3.75 4.35 11.65 9.0
3.85 4.0 11.65 8.65
3.95 5.25 10.7 8.95
3.95 4.25 10.55 7.8
3.95 5.3 11.2 9.5
3.9 3.9 11.85 8.75
3.75 4.3 11.75 9.05
3.9 4.6 10.7 8.3
3.75 3.6 12.7 9.3
3.6 4.35 11.75 9.1
3.85 5.6 10.55 9.15
3.7 3.5 12.7 9.2
3.75 4.35 11.65 9.0
3.9 4.85 11.65 9.5
4.0 4.45 11.9 9.35
3.8 4.9 12.35 10.25
3.9 4.4 11.5 8.9
3.85 3.8 11.8 8.6
3.9 4.5 11.5 9.0
3.9 4.35 11.55 8.9
3.9 3.95 12.4 9.35
3.9 4.4 11.35 8.75
3.8 4.1 12.3 9.4
3.7 4.7 12.6 10.3
3.9 6.15 9.6 8.75
3.85 4.25 12.4 9.65
3.75 4.2 11.75 8.95
3.95 5.65 11.65 10.3
3.9 5.1 10.9 9.0
3.75 4.75 11.2 8.95
3.6 3.8 13.95 10.75
3.7 3.7 12.95 9.65
3.9 6.6 9.05 8.65
3.8 4.5 11.75 9.25
3.85 4.4 11.6 9.0
3.6 3.5 13.25 9.75
3.8 5.2 11.4 9.6
3.9 5.25 10.75 9.0
3.95 5.1 11.05 9.15
3.8 5.0 11.05 9.05
3.9 4.7 10.55 8.25
3.9 4.1 11.55 8.65
3.85 4.0 10.95 7.95
3.7 4.55 12.45 10.0
3.8 4.35 11.6 8.95
3.8 4.85 13.05 10.9
3.85 4.65 11.15 8.8
3.8 4.85 10.1 7.95
3.85 4.45 11.5 8.95
3.95 4.95 11.7 9.65
3.9 5.75 10.15 8.9
3.75 6.2 10.85 10.05
3.95 5.65 11.7 10.35
3.75 4.15 12.25 9.4
3.75 5.3 12.55 10.85
3.8 3.8 11.35 8.15
3.95 5.45 9.7 8.15
3.8 3.65 13.0 9.65
3.9 3.9 11.5 8.4
4.0 5.75 10.6 9.35
3.9 4.6 10.5 8.1
3.9 5.1 9.95 8.05
3.8 4.65 12.2 9.85
3.9 4.7 11.5 9.2
3.85 4.35 12.55 9.9
3.75 3.8 12.95 9.75
3.85 6.25 9.85 9.1
3.75 4.0 14.1 11.1
3.75 4.45 12.1 9.55
3.55 2.95 13.35 9.3
3.85 4.4 12.25 9.65
3.65 3.65 12.55 9.2
3.8 4.15 13.3 10.45
3.95 5.25 10.85 9.1
3.95 4.25 12.5 9.75
3.95 3.5 12.65 9.15
3.95 5.35 11.9 10.25
3.8 4.4 11.1 8.5
4.0 5.0 11.05 9.05
3.95 5.95 10.4 9.35
3.75 3.45 12.45 8.9
3.85 4.6 11.95 9.55
3.95 5.55 11.8 10.35
3.95 5.2 10.65 8.85
3.95 4.1 11.85 8.95
3.75 5.4 9.95 8.35
3.75 4.5 11.2 8.7
3.7 4.4 11.8 9.2
3.65 4.4 10.95 8.35
3.9 5.65 11.35 10.0
3.85 4.8 12.65 10.45
3.75 3.55 12.95 9.5
3.85 4.55 11.2 8.75
3.85 4.7 12.05 9.75
3.6 3.65 14.15 10.8
3.95 5.7 9.6 8.3
3.7 4.65 11.4 9.05
3.85 4.65 10.5 8.15
3.75 4.3 12.35 9.65
3.8 3.85 13.8 10.65
3.85 5.8 11.75 10.55
3.75 4.0 12.15 9.15
3.75 5.15 10.3 8.45
3.75 5.05 10.5 8.55
3.85 5.45 12.1 10.55
3.75 4.05 13.2 10.25
3.9 5.0 10.65 8.65
3.85 4.9 11.75 9.65
3.9 4.9 10.35 8.25
3.75 4.4 12.65 10.05
3.9 5.25 11.65 9.9
3.7 5.7 10.95 9.65
3.9 4.45 11.65 9.1
3.7 3.6 13.1 9.7
3.8 3.55 12.35 8.9
4.0 5.05 11.8 9.85
3.85 4.0 11.6 8.6
3.9 5.3 9.05 7.35
3.95 3.95 11.9 8.85
3.8 4.6 11.4 9.0
3.85 4.2 10.15 7.35
3.8 4.15 12.5 9.65
3.9 6.8 9.25 9.05
3.75 6.9 11.25 11.15
3.8 4.9 11.35 9.25
4.0 4.95 10.25 8.2
3.85 4.55 11.35 8.9
3.85 4.45 11.8 9.25
3.9 5.1 11.45 9.55
3.95 3.95 12.6 9.55
3.95 4.55 12.05 9.6
3.9 5.0 13.0 11.0
3.9 4.75 10.95 8.7
3.9 3.85 12.85 9.7
3.9 3.75 12.35 9.1
3.85 4.15 12.15 9.3
3.9 3.4 12.9 9.3
3.75 4.35 12.35 9.7
3.95 5.25 11.15 9.4
3.85 3.75 13.25 10.0
3.95 6.45 9.8 9.25
3.8 3.9 12.25 9.15
3.85 6.05 10.95 10.0
3.8 4.85 12.85 10.7
3.95 3.6 12.55 9.15
3.65 5.5 11.85 10.35
3.8 3.55 12.05 8.6
3.85 4.35 11.25 8.6
3.9 3.9 12.8 9.7
3.8 3.95 12.15 9.1
3.9 3.95 10.95 7.9
4.0 4.5 9.95 7.45
3.85 3.7 12.45 9.15
3.9 4.05 12.1 9.15
3.65 3.95 12.5 9.45
3.75 5.2 11.45 9.65
3.9 4.35 11.3 8.65
3.8 7.3 9.75 10.05
3.75 5.45 11.9 10.35
3.9 5.1 11.2 9.3
3.65 3.85 11.9 8.75
3.75 4.4 11.7 9.1
3.9 6.1 8.7 7.8
3.95 4.75 10.55 8.3
3.9 3.55 12.1 8.65
3.85 6.35 9.65 9.0
3.95 5.75 10.45 9.2
3.8 3.4 12.25 8.65
3.6 4.05 13.25 10.3
3.8 5.15 10.4 8.55
3.9 5.4 11.35 9.75
3.8 4.65 11.75 9.4
3.7 5.05 12.8 10.85
3.9 4.3 11.3 8.6
3.9 3.9 12.3 9.2
3.9 4.1 11.9 9.0
3.65 4.95 12.2 10.15
3.9 4.95 10.25 8.2
3.6 5.35 11.05 9.4
3.75 4.15 13.3 10.45
3.9 4.15 12.5 9.65
3.85 5.9 10.3 9.2
3.85 4.2 11.6 8.8
3.85 4.5 11.2 8.7
3.7 4.45 10.85 8.3
3.8 3.85 12.9 9.75
3.7 3.9 13.1 10.0
3.8 5.4 10.75 9.15
3.8 4.85 11.95 9.8
3.75 4.45 12.3 9.75
3.5 4.65 11.8 9.45
3.85 5.2 10.8 9.0
3.55 3.85 13.55 10.4
3.8 4.85 11.55 9.4
3.8 4.0 12.3 9.3
4.0 6.25 10.1 9.35
3.9 5.35 11.65 10.0
3.5 3.2 13.85 10.05
3.8 3.5 12.95 9.45
3.8 5.05 12.3 10.35
3.85 3.8 11.75 8.55
3.75 4.0 12.55 9.55
3.8 5.9 10.65 9.55
3.9 5.3 11.3 9.6
3.9 4.8 11.55 9.35
3.9 5.95 9.15 8.1
3.75 4.3 12.4 9.7
3.9 6.3 10.8 10.1
3.7 3.85 12.85 9.7
3.9 5.8 11.15 9.95
3.85 4.9 10.35 8.25
3.8 3.1 12.5 8.6
3.7 4.7 11.2 8.9
3.9 4.2 13.75 10.95
4.0 4.5 12.2 9.7
3.8 4.4 11.55 8.95
3.9 5.4 11.5 9.9
3.9 6.05 10.95 10.0
3.9 5.45 11.25 9.7
3.85 3.85 12.2 9.05
3.85 4.2 12.15 9.35
3.85 4.6 11.6 9.2
3.95 3.95 12.35 9.3
3.8 3.65 13.5 10.15
3.9 6.05 9.5 8.55
3.75 4.5 11.15 8.65
3.9 4.4 11.7 9.1
3.85 4.4 12.4 9.8
3.8 4.6 12.15 9.75
3.75 3.8 11.45 8.25
3.95 4.65 12.1 9.75
3.75 3.9 11.05 7.95
3.65 3.7 14.6 11.3
3.8 3.55 13.45 10.0
3.75 3.8 13.05 9.85
3.9 5.3 10.8 9.1
3.7 4.65 12.95 10.6
3.9 4.25 12.1 9.35
3.75 4.65 11.5 9.15
3.8 4.65 12.35 10.0
3.8 4.2 11.55 8.75
3.9 4.45 12.25 9.7
3.75 2.8 13.35 9.15
3.85 5.8 10.55 9.35
3.95 4.2 11.6 8.8
3.9 4.7 12.5 10.2
3.95 3.85 12.05 8.9
3.85 5.0 11.65 9.65
3.95 4.45 12.4 9.85
3.9 4.1 10.95 8.05
3.75 4.1 11.6 8.7
3.75 5.45 11.4 9.85
3.75 3.85 13.5 10.35
3.9 4.95 10.45 8.4
3.9 3.5 12.6 9.1
3.95 5.3 12.1 10.4
3.9 4.3 11.55 8.85
3.8 4.0 13.35 10.35
3.8 5.25 11.3 9.55
3.85 4.85 11.0 8.85
4.0 4.95 10.05 8.0
3.85 5.3 11.2 9.5
3.95 4.9 10.8 8.7
3.85 4.35 10.35 7.7
3.7 4.55 10.8 8.35
3.85 4.3 12.85 10.15
3.9 4.35 13.55 10.9
4.0 5.15 11.1 9.25
3.9 4.0 12.25 9.25
4.0 5.0 11.0 9.0
3.8 4.2 11.65 8.85
3.8 4.3 10.75 8.05
3.9 4.7 11.3 9.0
3.75 4.85 11.0 8.85
3.9 4.85 11.3 9.15
4.0 4.35 10.4 7.75
3.8 4.45 10.6 8.05
3.95 5.35 11.2 9.55
3.8 4.5 12.1 9.6
4.0 4.55 11.9 9.45
3.9 3.35 12.85 9.2
3.9 4.5 12.0 9.5
3.85 4.6 12.05 9.65
3.85 4.25 11.95 9.2
3.6 3.4 13.15 9.55
3.9 5.35 9.9 8.25
3.8 4.8 10.5 8.3
3.95 4.1 12.5 9.6
3.8 4.85 11.7 9.55
3.95 5.7 9.65 8.35
3.95 4.6 11.1 8.7
3.9 5.7 10.25 8.95
3.8 4.6 11.45 9.05
3.9 4.5 10.95 8.45
3.8 4.3 11.55 8.85
3.75 4.85 12.1 9.95
3.65 4.45 12.45 9.9
3.75 3.95 11.3 8.25
3.7 3.9 11.05 7.95
3.85 3.8 12.25 9.05
3.8 5.4 11.7 10.1
3.95 4.75 10.15 7.9
3.65 3.0 13.6 9.6
3.95 4.55 10.8 8.35
3.75 4.8 11.4 9.2
3.9 4.3 12.35 9.65
3.85 4.55 11.8 9.35
3.85 3.75 12.8 9.55
3.7 3.65 14.15 10.8
3.9 5.05 9.85 7.9
3.9 4.0 11.45 8.45
3.95 5.2 11.65 9.85
3.85 4.0 11.2 8.2
3.8 4.0 11.5 8.5
3.75 3.7 12.0 8.7
3.9 3.7 13.95 10.65
3.9 5.8 10.3 9.1
3.85 4.15 11.45 8.6
3.65 5.15 11.3 9.45
3.7 4.35 12.05 9.4
3.9 4.75 12.85 10.6
3.95 6.05 8.75 7.8
3.85 3.5 12.7 9.2
3.75 4.75 12.15 9.9
3.7 4.0 11.85 8.85
3.9 5.7 10.75 9.45
3.85 4.75 10.0 7.75
3.9 5.15 10.55 8.7
3.75 5.9 11.0 9.9
3.95 5.45 10.5 8.95
3.8 3.25 12.5 8.75
3.9 3.35 13.2 9.55
3.9 5.3 11.15 9.45
3.8 4.3 10.95 8.25
3.9 6.3 10.8 10.1
3.8 4.85 12.2 10.05
3.65 4.15 12.0 9.15
3.85 4.25 12.45 9.7
3.8 3.3 13.9 10.2
3.9 3.45 12.75 9.2
3.6 3.1 12.9 9.0
3.9 5.4 9.7 8.1
3.6 3.6 13.95 10.55
3.9 3.7 12.2 8.9
3.9 3.8 12.15 8.95
3.95 4.65 10.35 8.0
3.75 4.2 11.4 8.6
4.0 4.35 10.65 8.0
3.9 3.95 12.05 9.0
3.8 4.0 13.85 10.85
3.7 4.3 11.75 9.05
3.95 4.65 11.4 9.05
4.0 4.15 12.35 9.5
3.85 5.85 11.05 9.9
3.85 4.3 11.35 8.65
3.65 4.45 13.35 10.8
3.9 5.3 11.2 9.5
3.95 5.25 11.55 9.8
3.9 4.3 11.2 8.5
3.8 5.25 10.45 8.7
3.85 4.25 11.5 8.75
3.9 3.85 12.15 9.0
3.95 5.3 10.9 9.2
3.8 5.2 10.85 9.05
3.8 5.15 10.55 8.7
3.8 4.3 12.35 9.65
3.75 4.1 12.6 9.7
3.7 2.25 14.4 9.65
3.85 5.05 12.05 10.1
3.9 4.35 12.15 9.5
3.9 3.5 12.35 8.85
4.0 5.05 11.95 10.0
3.85 3.0 12.7 8.7
3.9 4.4 11.9 9.3
3.9 6.3 9.4 8.7
3.85 3.9 13.1 10.0
3.9 6.25 9.0 8.25
3.85 4.15 11.35 8.5
3.7 4.05 13.6 10.65
4.0 5.55 10.3 8.85
3.85 4.45 12.5 9.95
3.9 4.85 11.95 9.8
3.9 4.5 12.25 9.75
4.0 5.25 10.6 8.85
3.75 4.1 12.2 9.3
3.9 4.6 10.7 8.3
3.9 3.9 13.2 10.1
3.75 4.65 12.85 10.5
3.9 4.55 10.65 8.2
3.85 4.15 11.9 9.05
3.85 4.0 12.0 9.0
3.95 5.15 12.65 10.8
3.8 4.45 11.65 9.1
3.9 3.65 12.95 9.6
3.85 5.5 9.8 8.3
3.85 4.15 12.65 9.8
3.65 3.5 12.0 8.5
3.6 3.5 13.1 9.6
3.85 3.5 12.35 8.85
3.85 4.55 11.85 9.4
3.85 5.25 11.85 10.1
3.9 4.65 10.65 8.3
3.9 5.8 10.15 8.95
4.0 4.15 12.25 9.4
3.75 4.35 12.0 9.35
3.85 4.55 10.9 8.45
3.8 4.3 11.95 9.25
3.65 3.85 13.25 10.1
3.85 4.6 11.45 9.05
3.75 5.1 11.25 9.35
3.95 4.55 11.85 9.4
3.75 6.5 9.55 9.05
3.85 4.0 11.25 8.25
3.75 3.6 11.2 7.8
3.85 4.05 12.9 9.95
3.95 5.4 10.1 8.5
3.8 4.15 11.4 8.55
3.75 4.3 12.05 9.35
3.8 4.6 11.7 9.3
3.95 4.95 10.75 8.7
3.9 6.05 10.65 9.7
3.95 4.05 12.3 9.35
3.85 5.65 10.65 9.3
3.9 4.75 10.75 8.5
3.7 3.35 13.25 9.6
3.85 3.9 12.4 9.3
3.85 4.75 11.7 9.45
3.8 5.35 10.8 9.15
3.9 5.35 11.15 9.5
3.75 5.0 11.5 9.5
3.7 3.15 12.95 9.1
4.0 5.35 11.05 9.4
3.75 4.75 11.75 9.5
3.8 4.05 12.45 9.5
3.9 5.65 10.7 9.35
3.95 4.15 12.5 9.65
3.85 4.15 11.7 8.85
3.8 5.75 10.35 9.1
3.75 4.75 12.65 10.4
3.7 5.3 11.9 10.2
3.85 4.25 12.0 9.25
3.95 4.45 11.3 8.75
3.9 6.2 10.1 9.3
3.6 3.7 12.4 9.1
3.95 4.9 11.65 9.55
3.55 4.7 11.45 9.15
4.0 4.5 10.5 8.0
3.8 5.3 11.1 9.4
3.65 3.8 12.7 9.5
3.85 5.7 10.85 9.55
3.85 4.55 11.05 8.6
3.8 4.7 11.85 9.55
3.9 4.55 11.05 8.6
3.8 4.0 12.4 9.4
3.9 3.65 11.9 8.55
3.9 5.1 11.6 9.7
3.75 4.15 10.9 8.05
3.75 5.5 11.0 9.5
3.75 4.75 11.0 8.75
3.8 4.7 12.5 10.2
3.75 4.15 12.0 9.15
3.65 3.9 12.25 9.15
3.8 4.45 12.25 9.7
4.0 5.7 9.6 8.3
3.9 3.7 11.3 8.0
3.9 3.9 11.95 8.85
3.75 5.0 10.8 8.8
3.7 3.45 13.7 10.15
3.75 3.1 12.55 8.65
3.75 5.05 11.6 9.65
3.85 5.65 10.3 8.95
4.0 4.8 10.35 8.15
3.95 6.65 9.7 9.35
3.8 4.05 12.15 9.2
3.85 4.35 11.35 8.7
3.95 6.0 10.65 9.65
3.8 5.05 11.1 9.15
3.75 3.85 12.9 9.75
3.7 3.45 12.2 8.65
3.8 5.15 12.25 10.4
3.7 3.9 11.25 8.15
3.85 4.55 10.95 8.5
3.8 4.15 11.25 8.4
3.8 4.1 11.0 8.1
3.75 3.4 13.8 10.2
3.9 4.35 10.9 8.25
3.9 4.4 11.6 9.0
3.75 4.6 10.95 8.55
3.75 4.7 11.4 9.1
3.65 4.1 12.2 9.3
3.9 5.35 10.95 9.3
3.95 4.75 10.75 8.5
3.95 4.5 10.9 8.4
3.65 3.9 13.0 9.9
3.95 5.35 10.65 9.0
3.75 3.95 12.65 9.6
3.95 3.5 11.55 8.05
3.85 4.65 10.65 8.3
3.7 5.2 10.85 9.05
3.75 4.55 12.6 10.15
3.9 5.45 11.75 10.2
3.8 4.35 10.95 8.3
3.85 4.1 10.9 8.0
3.7 4.6 11.9 9.5
3.9 4.15 11.7 8.85
3.65 3.55 11.45 8.0
3.75 3.9 12.45 9.35
3.7 4.35 13.0 10.35
3.85 5.35 11.15 9.5
3.8 5.2 10.25 8.45
3.85 4.0 12.3 9.3
3.75 3.6 11.7 8.3
3.9 6.2 10.1 9.3
3.85 5.15 10.3 8.45
3.95 4.05 12.4 9.45
3.75 2.75 13.9 9.65
4.0 4.85 10.4 8.25
3.85 5.4 11.2 9.6
3.95 4.85 12.35 10.2
3.85 4.15 12.4 9.55
3.8 5.05 11.6 9.65
3.8 4.95 10.45 8.4
3.8 5.0 10.65 8.65
4.0 5.4 10.7 9.1
3.9 4.15 13.05 10.2
3.8 4.75 11.6 9.35
3.8 4.85 11.25 9.1
3.8 3.35 13.0 9.35
3.8 3.7 11.75 8.45
3.95 4.75 11.65 9.4
3.95 3.85 12.1 8.95
3.9 5.8 10.3 9.1
3.85 5.85 11.75 10.6
4.0 4.7 11.85 9.55
3.85 5.05 12.4 10.45
3.85 5.5 11.25 9.75
3.85 3.65 12.3 8.95
3.95 5.25 11.1 9.35
3.75 3.35 12.25 8.6
3.95 3.7 11.85 8.55
3.95 5.6 11.9 10.5
3.8 4.45 12.7 10.15
3.85 4.85 12.9 10.75
3.75 4.1 11.85 8.95
3.95 3.65 12.0 8.65
3.9 5.9 9.85 8.75
3.9 5.25 10.35 8.6
3.65 3.5 12.75 9.25
3.7 3.45 13.6 10.05
3.75 4.25 11.4 8.65
3.75 4.85 12.05 9.9
3.75 4.15 10.95 8.1
3.8 3.5 12.75 9.25
3.95 4.9 10.45 8.35
3.65 5.15 12.15 10.3
3.85 5.15 11.85 10.0
3.9 4.55 12.3 9.85
3.9 4.9 11.8 9.7
3.85 3.9 12.8 9.7
3.85 4.6 10.65 8.25
3.9 5.05 11.0 9.05
3.95 4.3 13.25 10.55
3.9 4.55 13.35 10.9
3.65 3.95 13.05 10.0
3.95 4.1 11.6 8.7
3.85 4.1 12.45 9.55
3.8 3.65 10.55 7.2
3.8 3.5 13.3 9.8
3.75 3.55 13.5 10.05
3.9 4.75 13.05 10.8
3.9 5.0 10.35 8.35
3.95 5.2 10.55 8.75
3.75 4.3 11.85 9.15
3.8 3.2 13.75 9.95
3.75 4.15 12.25 9.4
3.75 3.55 12.25 8.8
3.9 5.2 10.95 9.15
3.65 4.5 12.5 10.0
3.95 4.7 11.8 9.5
3.85 5.05 10.75 8.8
3.85 4.15 12.7 9.85
3.7 3.3 12.45 8.75
3.85 3.9 11.05 7.95
3.85 4.15 12.45 9.6
3.75 4.25 12.7 9.95
3.9 3.95 11.45 8.4
3.75 4.85 12.3 10.15
3.7 4.9 12.05 9.95
3.95 4.35 12.2 9.55
3.9 4.4 11.55 8.95
3.85 4.85 10.9 8.75
3.85 4.85 11.35 9.2
3.9 4.2 11.1 8.3
3.6 4.35 11.9 9.25
3.95 4.8 11.2 9.0
3.9 3.95 12.15 9.1
3.9 3.9 11.55 8.45
3.85 4.45 11.55 9.0
3.85 4.15 13.2 10.35
3.75 4.05 13.25 10.3
3.95 6.5 10.85 10.35
3.95 6.25 9.1 8.35
3.9 4.2 10.35 7.55
3.9 5.15 9.75 7.9
3.8 3.8 12.6 9.4
3.85 5.05 11.5 9.55
3.7 4.25 12.45 9.7
3.9 5.5 8.85 7.35
3.9 4.85 10.45 8.3
3.8 5.85 11.4 10.25
3.75 4.4 11.65 9.05
4.0 5.5 11.3 9.8
3.75 3.0 12.55 8.55
3.85 3.55 12.65 9.2
3.85 4.15 11.8 8.95
4.0 4.05 12.95 10.0
3.95 5.15 12.3 10.45
3.8 2.9 11.95 7.85
3.95 5.4 10.65 9.05
3.95 5.55 11.05 9.6
3.85 5.0 12.2 10.2
4.0 5.55 11.15 9.7
3.75 4.1 12.55 9.65
3.8 5.15 11.6 9.75
3.9 4.25 11.1 8.35
3.9 5.25 11.4 9.65
3.9 5.95 10.7 9.65
3.65 4.4 13.2 10.6
3.8 4.9 13.1 11.0
3.95 6.2 10.6 9.8
3.85 4.8 11.4 9.2
3.85 3.35 12.9 9.25
3.85 6.5 10.05 9.55
3.85 4.55 11.35 8.9
3.75 4.5 11.0 8.5
3.8 4.65 10.7 8.35
3.95 5.85 10.5 9.35
3.9 4.95 10.0 7.95
3.85 5.55 10.85 9.4
3.7 3.5 13.35 9.85
3.9 4.0 11.15 8.15
3.9 3.55 11.65 8.2
3.7 4.6 12.1 9.7
3.95 4.35 12.7 10.05
3.7 4.25 12.25 9.5
3.9 6.55 9.2 8.75
3.8 4.1 11.65 8.75
3.9 4.1 11.85 8.95
3.8 4.65 11.6 9.25
3.85 4.75 10.8 8.55
3.85 3.45 13.3 9.75
3.85 4.35 11.7 9.05
3.8 4.5 13.0 10.5
3.75 4.45 12.8 10.25
3.95 6.35 10.4 9.75
4.0 5.55 9.95 8.5
3.75 4.25 12.3 9.55
3.75 4.8 11.05 8.85
3.7 5.1 11.1 9.2
3.9 3.75 11.3 8.05
3.8 4.8 10.65 8.45
3.9 4.25 12.4 9.65
3.75 3.75 12.35 9.1
3.8 3.75 11.2 7.95
3.8 5.0 12.1 10.1
3.75 4.6 13.05 10.65
3.95 4.75 12.3 10.05
3.85 5.25 10.65 8.9
3.95 3.95 12.05 9.0
3.9 4.75 11.1 8.85
3.85 5.45 11.4 9.85
3.9 3.9 12.2 9.1
3.85 5.45 11.9 10.35
3.95 3.8 13.25 10.05
3.9 4.3 12.05 9.35
3.8 3.85 11.75 8.6
3.85 4.45 12.1 9.55
3.9 5.45 11.4 9.85
3.9 4.3 11.95 9.25
4.0 5.45 10.55 9.0
3.75 4.65 12.6 10.25
3.9 5.45 11.0 9.45
3.85 5.55 11.35 9.9
3.95 4.65 10.3 7.95
3.8 3.65 13.9 10.55
3.9 4.55 11.95 9.5
3.8 4.15 13.5 10.65
3.7 4.0 12.5 9.5
3.9 5.1 10.8 8.9
3.75 3.7 13.25 9.95
3.8 4.8 11.75 9.55
3.95 5.45 9.3 7.75
3.85 4.9 12.05 9.95
3.95 4.0 11.3 8.3
3.95 4.1 11.7 8.8
3.95 4.55 12.15 9.7
3.9 5.8 11.0 9.8
3.85 4.35 11.45 8.8
4.0 5.2 10.25 8.45
3.9 4.55 10.65 8.2
3.85 5.05 10.55 8.6
3.9 5.25 10.9 9.15
3.8 4.3 12.05 9.35
3.95 4.3 11.9 9.2
3.9 4.5 11.3 8.8
3.95 4.65 10.75 8.4
3.75 5.45 11.05 9.5
3.9 4.9 10.7 8.6
3.85 5.35 11.65 10.0
3.85 4.3 12.45 9.75
3.9 5.65 10.35 9.0
4.0 5.0 11.5 9.5
3.9 5.7 9.7 8.4
3.85 5.05 10.6 8.65
3.85 3.75 12.25 9.0
3.85 5.5 9.85 8.35
3.95 4.3 10.85 8.15
3.9 4.55 11.45 9.0
3.9 6.25 9.4 8.65
3.8 6.35 10.05 9.4
3.9 5.5 9.2 7.7
3.6 4.0 12.5 9.5
3.85 5.45 10.45 8.9
3.9 4.25 11.9 9.15
3.7 4.1 11.9 9.0
3.75 4.7 11.4 9.1
3.75 4.0 11.55 8.55
3.85 5.45 12.65 11.1
3.85 5.4 11.7 10.1
3.75 3.8 11.7 8.5
3.75 5.35 11.65 10.0
3.85 4.65 11.25 8.9
3.95 4.75 12.95 10.7
3.8 5.0 11.75 9.75
3.8 6.05 9.9 8.95
3.9 4.3 12.25 9.55
3.95 4.15 10.8 7.95
3.7 3.55 12.1 8.65
3.9 3.75 12.1 8.85
3.95 4.5 10.85 8.35
3.85 3.85 11.75 8.6
3.9 3.1 11.55 7.65
3.8 4.2 12.9 10.1
3.75 5.3 11.3 9.6
3.9 4.65 11.15 8.8
3.9 3.8 11.9 8.7
3.8 4.5 11.0 8.5
3.8 3.75 13.7 10.45
3.75 4.4 11.15 8.55
3.6 3.75 13.45 10.2
3.7 3.25 12.65 8.9
3.8 5.75 10.35 9.1
3.8 4.0 12.8 9.8
3.85 3.45 13.0 9.45
3.75 3.85 11.9 8.75
3.75 4.1 10.9 8.0
3.8 5.1 11.6 9.7
3.8 5.15 11.45 9.6
3.75 3.35 13.05 9.4
3.75 4.25 13.1 10.35
3.85 4.85 9.95 7.8
3.85 3.55 12.15 8.7
3.75 4.15 10.75 7.9
3.75 4.2 12.05 9.25
3.8 3.75 12.85 9.6
3.9 5.05 12.1 10.15
3.75 5.3 10.6 8.9
3.7 4.5 11.0 8.5
3.75 3.45 12.65 9.1
3.9 4.75 11.7 9.45
3.85 4.2 11.1 8.3
3.95 4.6 11.25 8.85
3.9 4.8 10.95 8.75
3.9 5.4 10.9 9.3
3.85 5.2 10.9 9.1
3.85 5.95 9.85 8.8
3.7 4.05 13.2 10.25
3.95 4.1 12.1 9.2
3.65 4.0 13.85 10.85
3.9 5.4 11.1 9.5
3.65 4.55 11.75 9.3
3.7 4.1 10.6 7.7
3.8 4.05 11.55 8.6
3.8 4.9 12.25 10.15
3.9 6.0 10.0 9.0
3.9 3.9 11.05 7.95
3.9 4.5 11.2 8.7
3.85 4.0 10.55 7.55
3.85 3.5 13.35 9.85
3.7 3.5 12.15 8.65
3.85 4.35 10.65 8.0
3.9 5.1 12.15 10.25
3.95 4.6 11.65 9.25
3.7 3.85 12.35 9.2
3.95 3.95 12.25 9.2
3.8 4.25 12.1 9.35
3.9 5.15 11.25 9.4
3.75 5.05 11.45 9.5
3.9 5.7 11.0 9.7
3.65 4.4 12.75 10.15
3.85 5.5 11.0 9.5
3.9 3.9 12.85 9.75
3.7 3.95 13.15 10.1
4.0 6.7 10.35 10.05
3.9 4.2 11.0 8.2
3.95 5.0 10.8 8.8
3.85 4.5 10.55 8.05
3.8 4.75 11.7 9.45
4.0 6.5 9.3 8.8
3.8 4.15 11.95 9.1
3.95 5.45 10.45 8.9
3.85 5.0 11.35 9.35
3.9 4.9 11.45 9.35
3.9 3.05 13.05 9.1
3.7 5.25 11.1 9.35
3.9 4.3 11.25 8.55
3.95 4.0 12.15 9.15
3.8 4.7 11.95 9.65
3.95 4.95 10.8 8.75
3.7 5.25 11.55 9.8
3.85 4.3 11.5 8.8
3.85 3.8 10.8 7.6
3.9 3.95 12.15 9.1
3.75 3.55 12.3 8.85
3.8 4.3 11.5 8.8
3.9 3.4 12.65 9.05
3.8 4.2 12.35 9.55
3.85 5.35 9.15 7.5
3.75 4.0 12.2 9.2
3.9 6.65 9.8 9.45
3.9 4.3 10.7 8.0
4.0 5.8 9.9 8.7
3.95 4.1 10.8 7.9
3.95 5.2 9.75 7.95
3.85 4.75 10.95 8.7
3.75 4.05 12.2 9.25
3.95 6.0 10.1 9.1
3.7 4.05 12.85 9.9
3.85 4.95 12.1 10.05
3.95 5.35 10.0 8.35
3.95 5.05 10.95 9.0
3.75 3.95 12.75 9.7
3.9 5.0 11.0 9.0
3.95 6.5 9.6 9.1
3.9 4.65 10.85 8.5
3.85 5.65 10.95 9.6
3.85 3.85 12.95 9.8
3.8 4.05 11.85 8.9
3.95 5.95 10.25 9.2
3.8 4.25 12.25 9.5
3.9 5.5 9.65 8.15
3.9 5.15 10.5 8.65
3.8 4.0 11.6 8.6
3.85 3.4 12.55 8.95
3.8 3.85 12.6 9.45
3.9 5.15 10.5 8.65
3.7 4.5 12.5 10.0
3.95 5.95 9.7 8.65
4.0 4.0 10.6 7.6
3.9 5.0 11.3 9.3
3.85 5.8 10.3 9.1
3.8 3.8 11.9 8.7
3.9 6.65 9.45 9.1
3.9 5.85 11.1 9.95
3.6 4.45 11.45 8.9
3.85 4.2 12.25 9.45
3.9 3.85 13.5 10.35
3.8 5.55 8.85 7.4
3.9 4.25 11.85 9.1
3.8 4.7 11.2 8.9
4.0 6.4 10.35 9.75
3.8 3.9 12.75 9.65
3.75 3.6 11.7 8.3
3.8 4.4 11.2 8.6
3.75 3.65 11.2 7.85
3.85 4.05 12.45 9.5
3.8 4.5 11.9 9.4
3.7 3.7 12.35 9.05
3.8 3.9 11.05 7.95
3.7 5.8 10.95 9.75
3.8 4.1 11.8 8.9
3.7 5.35 11.2 9.55
3.9 5.0 11.75 9.75
3.8 5.35 11.7 10.05
3.85 5.6 11.45 10.05
3.7 4.85 11.5 9.35
3.55 3.1 13.2 9.3
4.0 4.65 9.7 7.35
3.85 5.55 10.7 9.25
3.85 4.0 12.4 9.4
3.85 3.65 12.7 9.35
3.75 3.8 13.4 10.2
3.7 3.7 12.4 9.1
3.8 5.45 11.45 9.9
3.95 5.3 11.6 9.9
3.9 4.6 12.45 10.05
3.7 3.15 13.6 9.75
3.75 3.95 11.3 8.25
3.8 6.0 9.65 8.65
3.95 5.3 10.45 8.75
3.85 5.0 12.5 10.5
3.85 4.0 13.0 10.0
3.95 5.7 10.35 9.05
3.8 4.05 12.9 9.95
3.9 5.45 10.55 9.0
3.7 4.8 11.65 9.45
3.85 4.65 10.75 8.4
3.75 4.15 12.3 9.45
4.0 6.05 9.55 8.6
3.85 4.95 10.65 8.6
3.65 4.15 13.1 10.25
3.8 3.0 13.65 9.65
3.8 5.2 10.4 8.6
3.85 4.8 11.25 9.05
3.8 4.95 11.7 9.65
3.75 4.15 12.15 9.3
3.95 5.9 9.45 8.35
3.8 4.9 12.1 10.0
3.85 4.5 12.1 9.6
3.9 4.3 10.4 7.7
3.75 4.8 12.65 10.45
3.85 4.4 11.45 8.85
3.95 5.05 11.45 9.5
3.8 4.9 12.2 10.1
3.9 4.1 12.05 9.15
3.85 3.9 12.45 9.35
3.8 4.65 12.35 10.0
3.85 3.65 11.45 8.1
3.9 3.95 11.7 8.65
3.85 3.15 12.35 8.5
3.85 4.45 11.35 8.8
3.85 5.1 11.3 9.4
3.8 4.65 12.05 9.7
3.6 2.95 13.05 9.0
3.95 5.4 10.9 9.3
3.95 4.15 11.9 9.05
3.9 3.8 11.85 8.65
3.75 4.95 12.2 10.15
3.9 4.7 11.0 8.7
3.85 5.05 11.9 9.95
3.9 3.95 11.7 8.65
3.85 5.25 10.95 9.2
3.75 5.3 10.45 8.75
3.8 5.45 10.9 9.35
3.5 3.9 13.1 10.0
3.9 5.0 11.3 9.3
3.75 4.25 12.6 9.85
4.0 4.85 10.15 8.0
3.9 4.35 11.95 9.3
3.95 4.5 11.3 8.8
3.9 4.25 12.4 9.65
3.95 5.45 10.95 9.4
3.9 2.95 13.1 9.05
3.9 5.65 10.4 9.05
3.9 5.65 9.75 8.4
3.95 5.35 11.1 9.45
3.75 2.75 13.65 9.4
3.85 4.75 10.9 8.65
3.6 4.25 13.4 10.65
3.75 4.1 11.05 8.15
3.8 5.6 10.9 9.5
3.9 4.3 11.85 9.15
3.95 4.75 10.8 8.55
3.95 5.75 9.35 8.1
3.85 5.25 10.95 9.2
3.8 3.75 12.05 8.8
3.75 4.0 12.9 9.9
3.7 3.45 12.15 8.6
3.9 4.3 12.05 9.35
3.8 4.45 11.1 8.55
3.8 3.65 12.2 8.85
3.9 5.45 10.35 8.8
3.8 5.5 10.85 9.35
3.8 4.05 12.75 9.8
3.9 5.4 10.4 8.8
3.75 5.0 10.55 8.55
3.95 6.25 9.65 8.9
3.75 3.8 12.3 9.1
3.8 4.1 11.95 9.05
3.9 5.85 9.15 8.0
3.85 4.65 11.75 9.4
3.75 4.1 11.0 8.1
3.8 3.8 12.25 9.05
3.85 4.95 11.55 9.5
3.95 5.6 11.85 10.45
3.95 6.15 8.75 7.9
3.8 5.15 11.55 9.7
3.75 5.95 11.45 10.4
3.9 3.7 11.65 8.35
3.9 4.5 12.95 10.45
3.85 3.6 12.1 8.7
3.85 4.5 10.9 8.4
3.55 4.45 12.75 10.2
3.7 4.5 13.25 10.75
3.7 4.05 12.05 9.1
3.9 6.0 9.95 8.95
3.95 4.6 11.45 9.05
3.85 4.2 11.75 8.95
3.85 4.85 10.4 8.25
3.75 4.05 12.6 9.65
3.7 4.0 12.65 9.65
3.8 5.2 10.65 8.85
3.95 5.2 11.5 9.7
3.8 5.95 10.5 9.45
3.85 4.05 11.3 8.35
3.8 4.95 11.45 9.4
3.65 5.15 10.9 9.05
3.85 5.85 10.15 9.0
3.85 3.4 13.3 9.7
3.7 4.2 12.95 10.15
3.65 3.55 11.3 7.85
3.65 4.35 11.7 9.05
4.0 5.3 10.45 8.75
3.9 5.7 10.75 9.45
3.9 5.0 9.5 7.5
3.9 4.0 12.3 9.3
3.75 3.3 13.0 9.3
3.85 3.6 11.8 8.4
3.9 4.35 11.85 9.2
3.8 4.15 11.7 8.85
3.85 4.2 11.9 9.1
3.75 4.3 11.05 8.35
3.8 4.3 10.6 7.9
3.85 4.1 13.15 10.25
3.9 4.7 12.0 9.7
3.8 4.1 12.5 9.6
3.8 5.4 10.15 8.55
3.8 3.5 12.2 8.7
3.6 2.55 12.9 8.45
3.9 5.0 10.95 8.95
3.9 5.45 11.35 9.8
3.7 4.05 13.25 10.3
3.8 3.25 12.65 8.9
3.85 4.15 12.85 10.0
3.95 5.75 10.0 8.75
3.85 5.25 10.8 9.05
3.65 3.2 12.7 8.9
3.85 4.1 11.8 8.9
3.85 3.75 12.7 9.45
3.9 3.95 11.9 8.85
4.0 5.45 10.95 9.4
3.75 4.1 12.3 9.4
3.9 4.7 11.45 9.15
3.75 3.75 14.15 10.9
3.8 3.65 12.0 8.65
3.85 5.15 12.25 10.4
3.85 6.3 11.05 10.35
3.8 4.05 11.05 8.1
3.7 4.05 12.85 9.9
3.9 5.95 10.85 9.8
3.85 5.25 10.75 9.0
3.8 3.75 12.5 9.25
3.8 4.15 11.15 8.3
3.9 5.75 10.65 9.4
3.65 3.35 13.0 9.35
3.8 4.05 12.65 9.7
3.85 4.6 10.85 8.45
3.7 4.0 12.95 9.95
3.9 5.35 11.1 9.45
3.95 4.55 12.0 9.55
3.95 5.05 10.1 8.15
3.65 4.3 12.95 10.25
3.85 4.75 11.7 9.45
3.8 5.4 9.5 7.9
3.9 4.65 10.0 7.65
3.95 4.75 10.7 8.45
3.85 5.35 10.95 9.3
3.9 5.0 11.55 9.55
3.75 4.85 12.4 10.25
3.95 5.95 10.9 9.85
3.85 5.1 11.25 9.35
3.7 5.1 11.7 9.8
3.9 3.85 11.6 8.45
3.9 4.65 10.85 8.5
3.6 4.1 11.95 9.05
3.8 2.9 13.65 9.55
3.9 4.4 13.25 10.65
3.85 5.6 10.5 9.1
4.0 5.5 9.0 7.5
3.75 4.4 12.15 9.55
4.0 4.85 11.0 8.85
3.95 4.85 11.75 9.6
3.95 6.4 9.95 9.35
3.85 5.85 10.7 9.55
3.75 3.7 14.1 10.8
3.9 4.65 11.55 9.2
4.0 5.9 9.55 8.45
3.95 5.5 9.55 8.05
3.75 4.7 11.75 9.45
3.95 4.45 12.6 10.05
4.0 4.85 10.9 8.75
3.9 5.1 11.1 9.2
3.75 4.75 10.8 8.55
3.95 5.6 9.25 7.85
3.75 3.9 12.65 9.55
3.85 5.2 10.0 8.2
3.7 5.2 10.05 8.25
3.85 5.0 10.7 8.7
3.85 4.45 11.5 8.95
3.9 4.7 9.65 7.35
3.9 5.5 11.0 9.5
3.7 4.4 11.9 9.3
3.8 4.6 11.15 8.75
3.8 3.9 12.75 9.65
3.8 3.9 13.4 10.3
3.7 3.2 13.95 10.15
3.75 4.7 9.4 7.1
3.85 3.65 13.05 9.7
3.85 4.6 11.65 9.25
3.9 5.5 10.8 9.3
3.9 3.75 12.65 9.4
3.9 5.95 9.4 8.35
3.65 3.45 11.75 8.2
3.7 4.15 12.7 9.85
3.9 5.0 11.1 9.1
3.75 5.95 9.65 8.6
3.65 3.75 12.6 9.35
3.8 3.6 13.3 9.9
3.85 4.3 12.4 9.7
3.9 5.25 10.75 9.0
3.9 3.85 11.7 8.55
4.0 4.75 11.75 9.5
3.75 4.95 10.5 8.45
3.95 4.85 11.1 8.95
3.9 5.1 10.05 8.15
3.85 4.4 12.05 9.45
3.8 3.95 13.65 10.6
3.95 5.05 11.6 9.65
3.9 4.25 11.35 8.6
3.9 5.7 11.05 9.75
3.75 3.75 12.4 9.15
3.8 3.55 12.2 8.75
4.0 4.65 11.15 8.8
3.9 3.5 12.55 9.05
3.95 5.1 11.15 9.25
3.9 3.95 11.75 8.7
3.95 4.05 11.55 8.6
3.7 3.1 12.6 8.7
3.85 5.15 9.8 7.95
3.85 5.1 10.9 9.0
3.85 4.4 11.4 8.8
3.9 4.6 11.0 8.6
3.8 4.75 10.3 8.05
3.8 3.85 11.5 8.35
3.65 3.7 13.3 10.0
3.85 4.25 12.1 9.35
3.95 5.4 11.9 10.3
3.85 4.8 11.55 9.35
3.8 4.1 12.0 9.1
3.8 4.6 11.7 9.3
3.85 3.45 12.1 8.55
3.75 3.9 12.5 9.4
3.65 4.1 12.65 9.75
3.8 5.25 11.5 9.75
4.0 6.9 7.75 7.65
3.65 3.55 13.2 9.75
3.9 5.45 10.6 9.05
3.85 5.25 10.9 9.15
3.8 3.9 12.75 9.65
3.75 3.2 13.35 9.55
3.75 4.6 11.15 8.75
3.75 4.05 12.35 9.4
3.85 4.1 12.55 9.65
3.9 3.8 12.55 9.35
3.8 4.1 11.95 9.05
3.85 3.5 11.95 8.45
3.7 3.75 13.3 10.05
3.8 5.4 10.45 8.85
3.7 3.4 12.65 9.05
3.8 3.25 12.25 8.5
3.85 5.05 11.8 9.85
3.8 4.05 12.6 9.65
3.85 3.9 12.55 9.45
3.8 4.4 12.3 9.7
3.85 4.8 12.05 9.85
3.7 3.1 12.35 8.45
3.95 4.95 11.55 9.5
3.8 3.6 13.2 9.8
3.9 5.25 11.25 9.5
3.8 4.75 11.15 8.9
3.8 3.65 11.85 8.5
3.8 4.45 10.8 8.25
3.9 5.3 10.15 8.45
3.95 4.95 11.5 9.45
3.6 3.95 12.85 9.8
3.9 5.15 9.75 7.9
3.85 4.55 11.0 8.55
3.8 5.05 13.0 11.05
3.85 5.05 11.4 9.45
3.75 4.0 11.7 8.7
3.8 4.65 11.5 9.15
3.85 4.65 12.0 9.65
3.75 4.6 11.65 9.25
3.95 5.7 10.25 8.95
3.85 3.7 12.1 8.8
3.85 3.15 13.5 9.65
3.8 5.2 10.15 8.35
3.95 4.75 11.0 8.75
3.65 4.45 12.2 9.65
4.0 4.75 12.5 10.25
3.7 4.95 12.65 10.6
3.75 4.9 11.95 9.85
3.9 4.05 12.5 9.55
3.75 4.75 11.55 9.3
3.7 4.8 11.1 8.9
3.9 4.75 10.7 8.45
3.8 4.45 11.35 8.8
3.9 5.25 9.75 8.0
3.95 5.25 10.85 9.1
3.75 6.05 10.4 9.45
3.95 4.65 10.45 8.1
3.7 3.8 11.75 8.55
4.0 6.75 8.9 8.65
3.8 4.9 10.55 8.45
3.8 3.45 12.7 9.15
3.85 5.5 11.45 9.95
3.7 3.65 12.7 9.35
3.8 4.7 12.45 10.15
3.75 3.5 12.95 9.45
3.95 4.95 11.15 9.1
3.9 5.75 10.3 9.05
3.9 4.3 12.0 9.3
3.75 3.75 12.7 9.45
3.85 3.8 12.05 8.85
3.9 6.05 10.65 9.7
3.9 5.3 10.4 8.7
3.8 5.8 9.6 8.4
3.9 5.1 10.55 8.65
3.9 5.25 10.95 9.2
3.8 5.35 11.8 10.15
3.85 4.1 11.8 8.9
3.9 4.05 11.85 8.9
3.9 4.05 13.7 10.75
3.85 4.4 11.0 8.4
3.8 4.3 11.45 8.75
3.7 4.0 11.7 8.7
3.85 3.8 12.75 9.55
3.9 3.85 12.3 9.15
3.7 3.5 13.1 9.6
3.95 5.85 11.35 10.2
3.8 4.1 13.0 10.1
3.7 3.35 13.45 9.8
3.65 4.4 12.45 9.85
3.9 4.55 11.05 8.6
3.65 4.55 12.5 10.05
3.95 3.8 11.5 8.3
3.7 3.75 12.55 9.3
3.55 2.7 12.0 7.7
3.95 4.7 10.7 8.4
3.75 4.3 11.0 8.3
3.8 3.95 12.35 9.3
3.8 4.3 12.3 9.6
3.6 4.1 12.95 10.05
3.95 3.85 11.5 8.35
3.8 4.0 12.7 9.7
3.8 6.9 9.95 9.85
3.95 4.1 11.6 8.7
3.85 4.2 13.15 10.35
3.75 4.65 11.1 8.75
4.0 5.9 11.25 10.15
3.75 4.75 11.3 9.05
4.0 5.75 11.6 10.35
3.8 4.35 12.6 9.95
3.9 4.25 12.25 9.5
3.75 3.95 11.4 8.35
3.9 5.95 10.45 9.4
3.85 4.7 12.05 9.75
3.85 5.65 11.25 9.9
3.95 3.3 11.9 8.2
3.9 3.25 12.55 8.8
3.85 4.4 11.25 8.65
3.85 4.2 11.7 8.9
4.0 4.3 11.05 8.35
3.75 3.25 14.3 10.55
3.9 6.2 10.05 9.25
3.9 4.35 11.25 8.6
3.9 5.75 11.45 10.2
3.8 3.25 12.1 8.35
3.9 5.0 10.5 8.5
3.85 4.85 11.25 9.1
3.75 3.9 12.45 9.35
3.8 5.35 11.55 9.9
3.85 4.75 10.55 8.3
3.95 4.0 12.55 9.55
3.85 4.45 10.1 7.55
3.95 5.6 11.3 9.9
3.9 3.75 13.0 9.75
3.9 3.3 12.3 8.6
3.9 5.75 9.5 8.25
3.85 3.6 13.0 9.6
3.8 4.85 11.75 9.6
3.8 5.85 11.7 10.55
3.9 4.15 11.8 8.95
3.95 4.8 9.7 7.5
3.75 4.1 12.65 9.75
3.85 4.0 11.9 8.9
3.65 5.2 11.4 9.6
3.95 6.15 9.7 8.85
3.7 5.3 11.25 9.55
3.75 4.0 11.6 8.6
3.85 3.65 12.8 9.45
3.85 3.85 12.55 9.4
3.65 3.05 14.5 10.55
3.8 4.55 11.7 9.25
3.75 3.8 12.25 9.05
3.9 5.25 10.6 8.85
3.95 5.4 10.5 8.9
3.65 3.25 12.75 9.0
3.95 5.2 10.85 9.05
4.0 4.55 12.35 9.9
3.75 4.1 13.15 10.25
3.8 3.65 12.7 9.35
3.85 4.6 11.5 9.1
3.9 5.1 11.25 9.35
3.75 4.3 12.75 10.05
3.75 3.25 13.25 9.5
3.9 4.65 11.65 9.3
3.85 5.45 11.0 9.45
3.8 4.15 12.45 9.6
3.75 4.4 11.5 8.9
3.8 4.95 10.65 8.6
3.85 4.6 12.2 9.8
3.9 5.45 11.7 10.15
3.8 5.0 11.0 9.0
3.7 3.5 13.25 9.75
3.9 4.3 11.1 8.4
3.95 4.35 12.3 9.65
3.9 4.95 11.35 9.3
3.9 3.65 13.1 9.75
3.8 3.4 12.0 8.4
3.95 5.05 11.2 9.25
3.9 3.6 11.25 7.85
3.8 3.75 12.05 8.8
3.7 4.3 13.1 10.4
3.95 3.7 11.75 8.45
3.9 5.2 11.55 9.75
3.7 4.75 11.75 9.5
3.75 5.7 10.9 9.6
3.7 3.6 12.9 9.5
3.8 3.8 12.6 9.4
3.95 4.85 10.95 8.8
3.75 3.75 13.8 10.55
3.9 6.4 10.35 9.75
3.8 3.7 12.55 9.25
3.95 4.4 11.35 8.75
3.95 5.35 11.35 9.7
3.8 5.45 10.25 8.7
3.85 4.55 11.05 8.6
3.95 4.7 9.75 7.45
3.95 5.2 10.9 9.1
3.85 3.6 11.1 7.7
3.85 4.85 10.4 8.25
3.85 4.3 11.8 9.1
3.9 6.15 11.25 10.4
3.8 3.3 12.75 9.05
3.7 4.4 12.65 10.05
3.85 6.1 10.3 9.4
3.9 3.9 12.55 9.45
3.95 4.55 12.75 10.3
3.85 4.75 11.55 9.3
3.8 4.65 13.4 11.05
3.95 4.95 11.15 9.1
3.75 4.7 12.0 9.7
3.85 4.8 11.65 9.45
3.85 3.5 13.6 10.1
3.75 6.1 10.1 9.2
3.85 4.25 11.35 8.6
3.9 3.8 11.65 8.45
3.8 3.3 13.45 9.75
3.75 4.4 10.75 8.15
3.9 4.15 13.5 10.65
3.8 4.8 11.15 8.95
3.85 4.25 11.8 9.05
3.8 4.15 11.95 9.1
4.0 5.65 10.65 9.3
3.9 4.1 11.05 8.15
3.8 3.5 11.5 8.0
3.9 4.8 11.05 8.85
3.85 5.35 9.35 7.7
3.8 4.3 11.4 8.7
3.8 4.8 11.4 9.2
3.9 4.45 10.4 7.85
3.9 5.15 12.05 10.2
3.75 3.55 13.2 9.75
3.85 3.5 12.4 8.9
3.65 3.0 13.25 9.25
3.8 3.75 13.45 10.2
3.95 4.45 11.1 8.55
3.75 4.55 12.4 9.95
3.85 4.95 11.85 9.8
3.85 5.35 10.55 8.9
3.8 4.7 10.1 7.8
3.95 6.15 10.95 10.1
3.9 4.05 12.85 9.9
3.95 4.85 10.4 8.25
3.9 5.0 10.1 8.1
3.85 3.0 13.2 9.2
3.85 4.9 12.0 9.9
3.85 4.45 12.7 10.15
3.85 3.6 13.15 9.75
3.6 4.2 12.3 9.5
3.8 3.9 13.25 10.15
3.85 3.2 12.3 8.5
3.85 4.8 11.6 9.4
3.7 3.95 12.3 9.25
3.9 5.05 11.9 9.95
3.9 4.5 11.05 8.55
3.9 4.7 10.95 8.65
3.85 4.45 11.35 8.8
3.85 4.3 10.5 7.8
3.8 4.6 11.3 8.9
3.95 5.4 10.7 9.1
3.7 3.7 12.25 8.95
3.65 3.9 12.1 9.0
3.8 4.35 11.65 9.0
3.95 6.2 11.05 10.25
3.9 5.75 10.85 9.6
3.95 5.9 9.65 8.55
3.8 4.6 11.85 9.45
3.8 3.3 12.95 9.25
3.75 5.3 10.95 9.25
3.9 6.55 9.75 9.3
3.95 4.65 11.2 8.85
3.6 2.0 14.3 9.3
3.95 4.65 10.75 8.4
3.95 4.9 11.5 9.4
3.85 4.6 11.25 8.85
3.8 4.7 12.05 9.75
3.7 3.2 12.6 8.8
3.9 3.3 11.95 8.25
3.7 3.75 13.7 10.45
3.9 6.75 9.4 9.15
4.0 5.75 9.15 7.9
4.0 4.85 11.8 9.65
3.9 5.55 10.8 9.35
3.95 5.25 11.5 9.75
4.0 6.2 10.9 10.1
3.8 6.95 9.55 9.5
3.85 4.1 12.65 9.75
3.85 4.25 11.1 8.35
3.6 3.35 13.45 9.8
3.75 5.0 11.75 9.75
3.9 4.35 11.7 9.05
3.9 4.1 11.95 9.05
3.85 4.1 12.5 9.6
3.8 5.4 12.25 10.65
3.85 5.95 10.25 9.2
3.95 4.45 12.1 9.55
3.9 4.25 12.0 9.25
3.9 4.7 9.8 7.5
4.0 5.65 11.45 10.1
3.9 3.25 13.3 9.55
3.75 4.05 12.7 9.75
3.8 4.5 13.05 10.55
3.8 4.35 12.2 9.55
3.7 4.75 11.65 9.4
3.85 4.1 9.7 6.8
3.45 3.65 12.85 9.5
3.8 3.4 13.4 9.8
3.9 4.45 11.7 9.15
3.95 5.0 11.2 9.2
3.65 3.8 11.2 8.0
3.8 3.55 11.95 8.5
3.65 3.6 12.6 9.2
3.9 5.5 11.75 10.25
3.75 3.35 13.35 9.7
3.85 5.9 9.5 8.4
3.75 4.8 11.35 9.15
3.7 3.35 13.45 9.8
3.85 4.95 11.45 9.4
3.65 3.5 13.85 10.35
3.8 3.7 12.35 9.05
3.85 3.85 12.65 9.5
3.95 4.65 11.2 8.85
3.85 5.25 11.75 10.0
3.9 4.75 11.6 9.35
3.7 4.2 12.55 9.75
3.7 4.8 11.7 9.5
3.9 4.75 10.35 8.1
3.9 4.55 10.2 7.75
3.8 5.95 10.75 9.7
3.95 5.25 11.75 10.0
3.75 4.1 11.7 8.8
3.55 3.95 13.35 10.3
3.8 6.4 9.35 8.75
3.8 4.25 12.35 9.6
3.9 4.2 11.7 8.9
3.85 3.6 12.45 9.05
3.6 3.6 13.6 10.2
3.8 5.35 10.25 8.6
3.9 5.2 11.0 9.2
3.9 6.05 8.45 7.5
3.9 5.3 12.4 10.7
3.8 4.4 11.55 8.95
3.75 3.85 11.45 8.3
3.85 4.6 12.7 10.3
3.85 5.6 10.0 8.6
3.9 5.5 11.45 9.95
3.8 5.35 11.4 9.75
3.8 4.3 13.1 10.4
3.85 6.35 9.8 9.15
3.9 4.6 12.1 9.7
3.85 5.1 11.55 9.65
3.55 3.55 12.65 9.2
3.95 4.2 11.55 8.75
3.85 4.45 10.7 8.15
3.85 3.85 11.45 8.3
3.85 5.75 10.7 9.45
3.85 5.4 10.55 8.95
3.9 4.5 12.05 9.55
3.95 4.0 11.95 8.95
3.85 4.55 11.9 9.45
3.9 4.2 11.45 8.65
3.8 4.95 12.3 10.25
3.85 4.45 11.75 9.2
3.7 6.6 11.9 11.5
3.8 4.55 11.2 8.75
3.85 4.4 11.2 8.6
3.9 4.05 11.55 8.6
3.85 3.9 11.4 8.3
3.95 5.6 10.15 8.75
4.0 4.7 12.05 9.75
3.85 4.95 10.65 8.6
3.9 4.65 10.85 8.5
3.75 4.75 12.3 10.05
3.9 4.15 12.9 10.05
3.7 4.05 11.7 8.75
3.85 5.05 12.7 10.75
3.95 5.9 9.8 8.7
3.9 4.5 12.4 9.9
3.9 3.55 13.3 9.85
3.95 4.95 11.85 9.8
3.8 4.15 11.45 8.6
3.7 5.1 11.55 9.65
3.9 4.7 11.25 8.95
3.8 5.6 11.5 10.1
3.8 4.6 12.45 10.05
3.9 4.85 10.65 8.5
3.95 4.6 12.2 9.8
3.9 3.7 11.7 8.4
3.75 4.2 12.95 10.15
3.8 4.0 12.6 9.6
3.85 5.1 10.55 8.65
3.75 4.05 11.65 8.7
4.0 5.45 10.4 8.85
3.85 3.65 12.9 9.55
3.9 3.75 12.25 9.0
3.6 4.35 12.1 9.45
3.9 4.85 10.85 8.7
3.65 4.2 11.85 9.05
3.8 4.05 11.3 8.35
3.8 3.9 13.8 10.7
3.8 3.25 12.15 8.4
3.7 3.5 11.85 8.35
4.0 5.45 11.05 9.5
3.9 5.25 11.6 9.85
3.95 5.2 10.1 8.3
3.75 4.1 12.7 9.8
3.8 4.75 12.1 9.85
3.95 4.9 11.85 9.75
3.8 3.9 11.55 8.45
3.75 5.6 10.3 8.9
3.9 3.85 12.35 9.2
3.9 5.2 11.7 9.9
3.95 3.75 10.9 7.65
3.95 4.8 10.7 8.5
3.8 6.1 10.25 9.35
4.0 4.55 11.1 8.65
3.7 3.85 11.55 8.4
3.8 5.45 11.8 10.25
3.45 3.0 13.35 9.35
3.8 4.7 12.6 10.3
3.8 5.85 11.95 10.8
3.65 2.85 13.2 9.05
3.8 4.5 11.25 8.75
3.85 3.35 12.65 9.0
3.85 5.45 10.6 9.05
3.9 4.75 11.9 9.65
3.95 3.25 13.1 9.35
3.9 4.1 11.85 8.95
3.9 4.8 11.65 9.45
3.65 4.9 12.5 10.4
3.5 3.55 12.65 9.2
3.85 6.15 9.6 8.75
4.0 5.6 11.95 10.55
3.95 4.6 11.25 8.85
3.85 5.2 11.6 9.8
3.95 5.45 11.65 10.1
3.8 4.6 11.5 9.1
3.85 3.4 12.9 9.3
3.9 3.6 11.25 7.85
3.75 4.3 12.55 9.85
3.95 6.1 11.15 10.25
3.85 4.45 10.55 8.0
3.75 5.4 10.75 9.15
3.8 4.5 10.5 8.0
3.5 3.55 14.3 10.85
3.95 4.05 12.7 9.75
3.75 4.85 11.8 9.65
3.7 3.8 11.25 8.05
3.75 3.7 13.15 9.85
3.75 4.75 12.45 10.2
3.85 5.1 10.35 8.45
3.8 4.75 9.9 7.65
3.9 4.55 10.75 8.3
3.95 4.35 11.65 9.0
3.7 3.0 12.2 8.2
3.95 6.05 11.15 10.2
3.75 4.1 11.85 8.95
3.85 4.5 11.6 9.1
3.7 3.95 12.75 9.7
3.95 3.7 13.1 9.8
3.65 3.25 12.85 9.1
3.55 3.4 11.9 8.3
3.75 4.0 13.3 10.3
4.0 4.0 11.4 8.4
3.7 4.65 12.65 10.3
3.85 5.25 11.55 9.8
3.85 5.0 11.05 9.05
3.85 4.8 12.0 9.8
3.7 4.25 12.45 9.7
4.0 5.4 10.2 8.6
3.8 4.95 10.75 8.7
3.75 4.65 12.6 10.25
3.85 4.9 11.7 9.6
3.85 4.6 11.45 9.05
3.8 4.75 10.1 7.85
3.9 4.1 11.3 8.4
3.65 3.75 12.55 9.3
3.95 4.05 11.65 8.7
3.8 4.15 11.25 8.4
3.7 2.85 13.6 9.45
3.8 3.65 13.5 10.15
3.8 3.35 12.35 8.7
3.8 3.2 12.35 8.55
3.9 3.9 11.65 8.55
3.55 2.6 13.75 9.35
3.9 4.95 11.3 9.25
3.8 5.45 10.65 9.1
3.85 3.6 12.35 8.95
3.9 5.15 12.0 10.15
3.65 4.65 12.75 10.4
3.95 5.05 11.7 9.75
3.7 4.3 12.9 10.2
3.8 4.25 11.5 8.75
3.85 4.85 11.25 9.1
3.95 5.05 10.0 8.05
3.85 4.75 11.75 9.5
3.95 3.85 11.45 8.3
3.9 3.8 12.05 8.85
4.0 5.2 11.7 9.9
3.6 3.9 13.25 10.15
3.7 4.15 13.2 10.35
3.9 5.2 10.5 8.7
3.75 4.7 12.2 9.9
3.6 3.5 13.7 10.2
3.7 2.95 13.2 9.15
3.9 5.5 11.1 9.6
3.8 4.8 11.45 9.25
3.9 4.15 11.8 8.95
3.55 3.15 14.15 10.3
3.85 5.1 10.45 8.55
3.8 5.0 11.2 9.2
3.75 3.4 12.15 8.55
3.9 4.25 13.35 10.6
3.95 6.05 10.1 9.15
3.85 4.7 12.3 10.0
3.95 4.8 12.05 9.85
3.7 3.8 12.85 9.65
3.9 4.6 10.85 8.45
3.55 4.5 12.95 10.45
3.8 3.1 11.8 7.9
3.75 4.75 9.85 7.6
3.5 3.9 12.95 9.85
3.75 4.05 13.5 10.55
4.0 6.95 8.3 8.25
3.65 4.75 11.3 9.05
3.95 4.45 11.1 8.55
3.9 4.1 11.8 8.9
3.9 4.6 9.9 7.5
3.7 6.1 9.65 8.75
3.85 4.3 12.8 10.1
3.55 2.95 14.3 10.25
3.9 4.95 10.3 8.25
3.7 5.65 10.85 9.5
3.85 3.9 11.85 8.75
3.9 4.2 10.85 8.05
3.9 4.75 11.25 9.0
3.95 5.4 10.85 9.25
3.8 4.25 11.85 9.1
3.8 4.35 11.95 9.3
3.75 3.5 13.2 9.7
3.85 3.5 11.4 7.9
3.9 5.6 10.45 9.05
3.8 3.9 12.45 9.35
3.95 4.95 11.7 9.65
4.0 5.55 10.8 9.35
3.8 4.75 12.1 9.85
3.95 4.25 10.6 7.85
3.85 4.1 12.35 9.45
3.95 4.2 12.1 9.3
3.75 4.05 11.05 8.1
3.8 3.45 12.2 8.65
3.8 4.25 12.05 9.3
3.65 3.55 12.9 9.45
3.75 3.7 13.3 10.0
3.75 4.95 11.9 9.85
3.75 4.2 10.8 8.0
3.9 4.55 11.8 9.35
3.85 4.25 11.65 8.9
3.9 3.7 13.25 9.95
3.7 4.95 12.0 9.95
3.7 3.3 11.55 7.85
3.75 3.85 12.0 8.85
3.75 5.45 11.75 10.2
3.85 3.95 11.25 8.2
3.85 6.25 9.45 8.7
3.65 3.95 12.05 9.0
3.7 4.75 11.35 9.1
3.95 5.6 11.3 9.9
3.9 3.7 14.05 10.75
3.95 6.4 9.2 8.6
3.85 4.9 10.65 8.55
3.85 4.0 12.0 9.0
3.8 3.55 11.85 8.4
3.75 4.1 13.4 10.5
3.75 3.65 14.4 11.05
3.8 4.1 11.25 8.35
3.9 4.2 12.05 9.25
3.85 4.35 11.2 8.55
3.75 4.1 12.7 9.8
3.95 3.7 11.8 8.5
3.8 5.3 11.05 9.35
4.0 4.55 11.7 9.25
3.85 3.05 14.4 10.45
3.8 4.9 12.9 10.8
3.75 4.6 13.1 10.7
3.8 3.15 12.8 8.95
3.7 3.85 13.1 9.95
3.9 5.65 9.55 8.2
3.65 4.6 11.45 9.05
3.6 4.25 12.1 9.35
3.8 5.05 11.15 9.2
3.85 5.35 10.7 9.05
3.8 3.95 11.85 8.8
3.8 4.0 12.95 9.95
3.85 4.9 11.1 9.0
3.9 5.65 11.05 9.7
4.0 4.05 11.95 9.0
3.65 4.15 12.7 9.85
3.95 4.45 12.6 10.05
3.7 4.3 11.7 9.0
3.9 4.6 11.75 9.35
3.85 4.0 11.3 8.3
3.7 3.7 12.45 9.15
3.95 5.85 9.9 8.75
4.0 5.0 12.15 10.15
3.85 4.9 11.05 8.95
3.8 4.35 11.7 9.05
3.7 4.35 12.25 9.6
3.75 3.35 14.1 10.45
3.8 5.25 11.0 9.25
3.9 4.25 12.4 9.65
3.8 3.5 12.6 9.1
3.9 5.0 11.65 9.65
3.75 4.65 11.2 8.85
3.95 4.6 12.1 9.7
3.9 4.6 11.2 8.8
3.85 5.5 11.25 9.75
3.85 4.45 12.9 10.35
3.65 4.55 11.7 9.25
3.9 4.5 10.65 8.15
3.8 5.8 12.9 11.7
3.65 4.2 12.9 10.1
3.8 3.6 13.45 10.05
3.95 5.2 11.2 9.4
3.85 4.3 12.55 9.85
3.95 4.1 10.55 7.65
3.8 3.95 13.15 10.1
3.9 4.75 12.25 10.0
3.95 4.8 11.0 8.8
3.9 4.85 12.1 9.95
3.85 4.0 12.45 9.45
3.85 4.75 9.7 7.45
3.95 4.75 11.55 9.3
3.9 4.0 12.45 9.45
3.75 3.35 11.95 8.3
3.8 3.65 12.1 8.75
3.9 4.05 12.0 9.05
3.65 3.2 13.55 9.75
3.75 4.25 12.4 9.65
3.85 3.75 12.2 8.95
3.85 4.7 12.2 9.9
3.9 4.45 11.4 8.85
3.75 2.8 13.1 8.9
3.8 4.25 10.6 7.85
3.75 3.9 11.5 8.4
3.95 5.65 11.5 10.15
3.75 3.1 13.75 9.85
3.95 4.35 12.75 10.1
3.75 3.75 12.6 9.35
4.0 5.5 10.15 8.65
3.8 4.15 12.15 9.3
3.95 4.65 11.85 9.5
3.8 4.45 11.0 8.45
3.85 3.8 12.25 9.05
3.95 4.9 11.65 9.55
3.85 3.75 12.4 9.15
3.65 3.8 11.65 8.45
3.75 3.35 12.0 8.35
3.9 4.9 11.05 8.95
3.7 2.75 13.4 9.15
3.75 4.45 11.95 9.4
3.95 6.15 10.7 9.85
4.0 4.75 11.9 9.65
3.5 3.35 13.75 10.1
3.9 6.2 10.15 9.35
3.8 4.3 13.0 10.3
3.85 6.1 11.75 10.85
4.0 5.6 10.95 9.55
3.9 4.25 12.4 9.65
3.9 5.45 10.9 9.35
3.75 4.55 10.8 8.35
4.0 4.3 12.05 9.35
3.55 3.45 13.5 9.95
3.95 3.5 12.7 9.2
3.75 5.6 11.45 10.05
3.95 4.2 11.95 9.15
3.7 5.35 11.15 9.5
3.9 4.05 13.1 10.15
3.9 3.9 10.8 7.7
3.8 4.0 11.9 8.9
3.9 4.65 10.6 8.25
3.7 3.95 11.35 8.3
3.9 5.15 11.65 9.8
3.85 5.6 10.75 9.35
3.8 5.5 10.2 8.7
3.9 6.0 10.5 9.5
3.85 6.05 10.85 9.9
3.75 4.0 11.7 8.7
3.8 3.8 11.6 8.4
3.85 5.65 10.85 9.5
4.0 4.0 10.55 7.55
3.85 3.55 12.6 9.15
3.85 5.15 12.3 10.45
3.8 3.75 13.3 10.05
3.9 3.1 11.75 7.85
3.95 5.45 10.8 9.25
3.75 4.5 11.85 9.35
3.55 3.15 13.0 9.15
3.85 3.85 12.6 9.45
3.8 3.8 11.9 8.7
3.95 4.9 10.85 8.75
3.9 4.15 11.85 9.0
3.95 3.6 10.85 7.45
3.9 5.35 10.7 9.05
3.65 3.65 13.8 10.45
3.8 4.5 11.6 9.1
3.85 4.45 11.6 9.05
3.8 4.35 12.15 9.5
3.85 5.75 10.25 9.0
3.75 4.4 12.4 9.8
3.8 3.75 12.85 9.6
3.65 4.15 12.0 9.15
3.9 4.2 10.3 7.5
3.8 4.0 12.5 9.5
3.75 5.15 10.6 8.75
3.95 4.8 10.3 8.1
3.85 4.45 12.05 9.5
3.95 5.5 10.4 8.9
3.65 4.1 12.7 9.8
3.75 5.0 12.8 10.8
3.9 4.5 11.75 9.25
3.8 4.95 11.6 9.55
3.9 4.9 10.85 8.75
3.9 5.1 11.35 9.45
3.7 3.0 13.6 9.6
3.6 3.85 13.95 10.8
3.65 3.5 12.1 8.6
3.9 6.0 8.9 7.9
3.85 3.65 12.35 9.0
3.85 5.45 11.8 10.25
3.8 3.5 12.4 8.9
3.95 3.45 12.2 8.65
3.75 3.45 12.1 8.55
4.0 5.2 9.1 7.3
3.85 5.3 10.85 9.15
3.85 5.3 9.8 8.1
3.75 3.85 12.9 9.75
4.0 5.05 11.75 9.8
3.75 4.35 11.4 8.75
3.8 5.05 11.0 9.05
3.95 4.95 12.2 10.15
3.65 4.55 12.1 9.65
3.9 4.15 11.65 8.8
3.85 5.15 12.25 10.4
3.85 5.4 10.85 9.25
3.8 4.35 11.25 8.6
3.7 4.15 13.0 10.15
3.85 3.95 12.85 9.8
4.0 4.6 10.55 8.15
3.85 4.95 11.5 9.45
3.9 3.75 12.5 9.25
3.7 4.0 12.65 9.65
3.85 6.85 10.0 9.85
3.7 3.75 13.05 9.8
3.7 4.7 11.0 8.7
3.85 3.85 13.2 10.05
3.8 4.15 12.6 9.75
3.8 4.35 10.7 8.05
3.85 4.6 11.45 9.05
3.85 4.0 13.15 10.15
3.9 5.25 10.9 9.15
3.85 4.85 11.45 9.3
3.7 3.8 12.0 8.8
3.9 4.45 12.0 9.45
4.0 5.5 10.75 9.25
3.95 4.4 11.95 9.35
3.8 5.5 10.1 8.6
3.9 5.85 9.2 8.05
3.95 4.7 11.55 9.25
3.75 4.65 12.45 10.1
3.85 4.85 11.0 8.85
3.95 3.55 11.8 8.35
3.9 4.15 11.55 8.7
3.9 4.9 12.35 10.25
3.8 3.95 12.8 9.75
3.85 4.9 11.0 8.9
3.95 5.6 9.55 8.15
3.9 4.75 12.1 9.85
3.8 4.25 11.6 8.85
3.9 5.3 10.8 9.1
4.0 4.3 11.95 9.25
3.9 6.1 9.8 8.9
3.9 5.9 10.2 9.1
3.85 5.55 10.15 8.7
3.9 4.2 10.8 8.0
3.85 4.45 11.2 8.65
4.0 5.85 10.25 9.1
3.95 4.5 11.0 8.5
3.65 4.3 12.65 9.95
3.85 4.6 12.15 9.75
3.85 3.5 13.2 9.7
3.95 5.65 10.95 9.6
3.65 3.6 11.6 8.2
3.8 5.0 10.6 8.6
3.75 3.7 12.0 8.7
3.85 5.1 11.8 9.9
3.8 4.3 12.0 9.3
3.95 4.95 11.45 9.4
3.9 4.85 12.0 9.85
3.9 5.4 9.75 8.15
3.65 4.2 11.4 8.6
3.85 5.05 10.5 8.55
3.8 4.15 12.25 9.4
3.85 4.95 11.75 9.7
3.8 4.25 12.45 9.7
3.95 3.65 13.4 10.05
3.7 4.45 11.7 9.15
3.75 5.05 12.95 11.0
3.85 4.05 11.3 8.35
3.95 5.0 11.4 9.4
3.8 6.35 11.7 11.05
3.65 3.3 12.85 9.15
3.8 3.65 12.8 9.45
3.7 2.95 13.45 9.4
3.9 5.15 10.2 8.35
3.85 4.3 10.2 7.5
3.85 3.8 12.1 8.9
3.9 4.55 11.25 8.8
3.9 4.85 11.2 9.05
3.85 4.7 10.8 8.5
3.75 3.5 13.05 9.55
3.9 3.7 12.35 9.05
3.85 5.4 9.8 8.2
3.65 3.85 12.7 9.55
4.0 3.55 13.6 10.15
3.85 3.8 13.15 9.95
3.9 5.85 10.1 8.95
3.9 4.2 11.9 9.1
3.55 3.3 13.05 9.35
3.9 3.7 13.05 9.75
3.95 3.65 12.25 8.9
3.75 3.95 12.3 9.25
3.8 4.15 12.8 9.95
3.75 3.85 12.2 9.05
4.0 6.15 9.8 8.95
4.0 4.25 10.95 8.2
3.7 5.4 10.35 8.75
3.75 3.45 12.35 8.8
3.9 5.4 11.1 9.5
3.8 4.35 11.4 8.75
3.75 4.4 13.25 10.65
3.95 4.45 11.9 9.35
3.9 5.6 12.3 10.9
3.95 3.7 12.6 9.3
3.75 4.75 11.05 8.8
3.9 4.7 11.55 9.25
3.95 6.7 9.0 8.7
3.65 3.8 13.55 10.35
3.85 3.8 12.0 8.8
3.8 4.7 12.3 10.0
3.95 4.45 12.25 9.7
3.9 4.75 11.35 9.1
3.85 3.7 11.45 8.15
3.85 3.8 13.2 10.0
3.8 3.65 12.5 9.15
3.9 4.45 10.7 8.15
3.7 3.65 12.95 9.6
3.8 4.3 12.65 9.95
3.8 4.15 13.1 10.25
3.8 3.7 12.1 8.8
3.85 3.85 11.4 8.25
3.65 3.65 11.85 8.5
3.85 4.25 10.8 8.05
3.95 4.8 11.75 9.55
3.85 4.35 11.85 9.2
3.9 4.95 11.8 9.75
3.85 3.95 11.45 8.4
3.7 4.15 11.5 8.65
3.75 3.55 12.65 9.2
3.9 4.85 11.75 9.6
3.95 4.55 10.6 8.15
3.6 4.45 12.15 9.6
3.9 5.8 10.8 9.6
3.7 3.35 14.0 10.35
3.85 5.1 10.0 8.1
3.8 3.5 12.6 9.1
3.85 3.4 12.95 9.35
3.6 4.05 12.15 9.2
3.75 4.4 13.4 10.8
3.95 4.4 11.15 8.55
3.7 5.15 10.05 8.2
3.85 4.6 11.2 8.8
3.55 4.4 12.0 9.4
3.85 3.9 12.6 9.5
3.7 3.5 12.0 8.5
3.75 3.8 11.9 8.7
3.9 6.85 7.4 7.25
3.95 5.0 11.25 9.25
3.9 5.15 10.0 8.15
3.8 4.5 12.45 9.95
3.9 6.15 10.35 9.5
3.9 5.05 10.7 8.75
3.9 6.0 8.75 7.75
3.8 3.45 13.65 10.1
3.75 4.0 13.0 10.0
3.9 5.0 10.55 8.55
3.8 4.75 12.6 10.35
3.75 4.05 12.65 9.7
3.95 5.3 10.35 8.65
3.8 4.25 12.85 10.1
3.85 5.35 10.8 9.15
3.75 5.15 11.25 9.4
3.7 3.85 12.35 9.2
3.8 4.25 12.5 9.75
3.65 4.1 12.05 9.15
3.7 4.3 11.4 8.7
4.0 3.85 11.75 8.6
3.75 3.4 12.85 9.25
3.65 5.1 10.95 9.05
3.6 4.4 12.55 9.95
3.9 4.5 11.9 9.4
3.9 4.3 11.65 8.95
3.8 5.15 10.6 8.75
3.9 4.95 11.1 9.05
3.9 4.45 12.4 9.85
3.7 3.75 12.65 9.4
3.6 4.05 12.2 9.25
3.95 4.45 12.1 9.55
3.95 3.95 12.0 8.95
3.9 3.95 11.8 8.75
3.95 5.05 10.85 8.9
3.85 3.65 13.15 9.8
3.95 5.2 9.9 8.1
3.75 3.2 12.85 9.05
3.8 5.05 10.45 8.5
3.8 4.5 11.3 8.8
3.95 4.5 11.75 9.25
3.85 4.2 11.85 9.05
3.75 6.0 10.8 9.8
3.65 4.7 11.6 9.3
3.6 4.4 12.6 10.0
3.85 3.3 12.4 8.7
3.95 3.05 13.4 9.45
3.9 4.05 11.9 8.95
3.9 5.05 11.95 10.0
3.95 4.4 11.15 8.55
3.95 5.8 9.8 8.6
3.9 3.75 12.05 8.8
3.9 4.75 12.65 10.4
3.85 5.6 9.75 8.35
3.8 5.0 12.85 10.85
3.95 4.5 12.15 9.65
3.95 3.65 13.0 9.65
3.8 3.05 12.75 8.8
3.9 4.25 12.0 9.25
3.85 4.5 11.25 8.75
3.85 4.6 10.95 8.55
3.8 3.9 12.3 9.2
3.8 3.6 12.1 8.7
3.85 5.55 10.3 8.85
3.9 5.85 10.95 9.8
3.9 5.5 10.35 8.85
3.95 5.8 8.9 7.7
3.9 5.6 11.9 10.5
3.95 6.4 10.4 9.8
3.85 4.5 12.2 9.7
3.85 3.8 13.4 10.2
3.85 4.55 11.85 9.4
3.9 4.55 11.15 8.7
3.85 4.95 11.45 9.4
3.8 5.75 10.95 9.7
3.9 5.25 10.0 8.25
4.0 4.6 11.3 8.9
4.0 5.25 9.8 8.05
3.8 4.85 11.5 9.35
3.8 3.85 12.6 9.45
3.7 3.9 13.35 10.25
3.9 4.45 12.0 9.45
4.0 4.9 11.35 9.25
3.9 6.55 10.3 9.85
3.8 3.95 12.9 9.85
3.8 6.25 11.1 10.35
3.9 4.95 10.8 8.75
3.7 4.75 11.55 9.3
3.9 3.5 11.25 7.75
3.9 5.0 10.95 8.95
3.75 4.0 11.6 8.6
3.75 5.05 11.8 9.85
3.9 4.3 12.8 10.1
3.8 6.1 11.7 10.8
3.95 4.75 10.8 8.55
4.0 4.15 10.8 7.95
3.8 3.6 12.25 8.85
3.8 4.95 11.4 9.35
3.85 4.15 11.4 8.55
3.8 4.55 10.5 8.05
3.9 4.15 12.45 9.6
3.9 4.95 13.4 11.35
4.0 4.2 11.15 8.35
3.9 4.0 12.6 9.6
3.9 5.55 10.3 8.85
3.85 4.9 11.3 9.2
3.55 3.7 12.4 9.1
3.55 5.3 11.15 9.45
3.95 4.65 12.25 9.9
3.9 5.2 11.85 10.05
3.85 5.25 11.3 9.55
3.75 5.3 12.0 10.3
3.8 5.55 9.45 8.0
3.9 4.5 11.55 9.05
4.0 5.65 10.4 9.05
3.9 4.3 12.35 9.65
3.95 5.2 10.85 9.05
3.75 4.5 12.15 9.65
3.9 3.75 11.4 8.15
3.85 3.8 12.3 9.1
3.75 2.95 12.9 8.85
3.6 3.6 12.35 8.95
3.85 4.8 12.05 9.85
3.85 4.1 12.25 9.35
3.95 4.35 10.95 8.3
3.9 5.25 10.6 8.85
3.8 4.65 11.6 9.25
3.75 3.45 13.6 10.05
3.8 3.9 12.5 9.4
3.75 5.35 12.4 10.75
3.85 4.55 13.25 10.8
4.0 5.4 10.1 8.5
3.7 3.9 12.3 9.2
3.95 4.95 11.8 9.75
3.8 5.1 11.7 9.8
3.7 3.95 11.8 8.75
3.9 4.05 11.45 8.5
3.65 3.65 12.4 9.05
3.8 3.1 13.25 9.35
3.75 4.2 11.85 9.05
3.65 4.95 12.85 10.8
3.8 4.15 10.55 7.7
3.95 4.8 12.6 10.4
3.85 4.2 12.5 9.7
3.9 4.15 11.7 8.85
3.95 4.7 10.3 8.0
3.9 4.35 11.55 8.9
3.95 4.45 12.1 9.55
3.9 5.1 11.95 10.05
3.95 4.6 12.0 9.6
3.7 4.0 12.65 9.65
3.7 4.25 11.5 8.75
3.75 5.2 12.55 10.75
4.0 5.1 11.55 9.65
3.85 4.9 10.75 8.65
3.7 3.95 11.85 8.8
3.8 4.15 12.45 9.6
3.9 4.9 10.95 8.85
3.75 4.05 11.1 8.15
3.9 4.65 10.9 8.55
3.75 5.05 12.35 10.4
3.9 3.7 11.95 8.65
3.9 3.75 12.15 8.9
3.9 5.7 11.65 10.35
3.7 4.1 12.4 9.5
3.9 5.1 12.05 10.15
3.6 3.6 14.6 11.2
3.75 3.3 12.75 9.05
3.95 4.85 11.4 9.25
3.85 4.2 11.1 8.3
3.9 5.8 9.65 8.45
3.75 5.35 11.0 9.35
3.95 4.85 10.65 8.5
4.0 3.8 12.6 9.4
3.8 4.25 13.25 10.5
3.8 4.55 12.35 9.9
3.9 3.6 11.7 8.3
3.9 5.05 12.25 10.3
3.9 5.3 10.7 9.0
3.65 4.45 11.6 9.05
3.85 4.55 11.75 9.3
3.95 4.45 12.1 9.55
3.9 3.85 11.6 8.45
3.95 4.65 11.9 9.55
3.75 5.2 10.85 9.05
3.85 4.95 12.2 10.15
3.9 5.05 10.65 8.7
3.8 4.35 11.9 9.25
3.9 5.9 11.1 10.0
3.75 4.4 12.05 9.45
3.95 5.85 10.6 9.45
3.85 4.75 10.75 8.5
3.85 4.95 12.05 10.0
3.7 4.95 12.75 10.7
3.75 4.85 10.5 8.35
3.85 4.3 12.0 9.3
3.8 4.35 11.3 8.65
3.8 4.6 11.8 9.4
3.8 5.6 11.9 10.5
3.75 3.95 10.65 7.6
3.9 4.15 12.15 9.3
3.7 3.15 12.1 8.25
3.95 5.25 10.3 8.55
3.85 4.4 12.7 10.1
3.8 4.15 12.3 9.45
3.9 4.3 10.8 8.1
3.95 6.25 10.15 9.4
4.0 4.95 10.7 8.65
3.95 5.15 11.2 9.35
3.8 4.6 11.65 9.25
3.9 4.05 11.8 8.85
3.95 5.3 10.05 8.35
3.75 5.55 10.55 9.1
3.95 4.3 10.75 8.05
3.85 4.55 11.05 8.6
3.9 4.9 10.8 8.7
3.95 4.05 12.55 9.6
3.8 4.15 13.0 10.15
3.8 3.65 11.9 8.55
3.85 3.4 12.75 9.15
3.9 4.25 11.65 8.9
3.9 5.1 11.4 9.5
3.8 5.05 10.85 8.9
3.8 4.9 9.65 7.55
3.85 3.55 13.6 10.15
3.85 3.85 11.8 8.65
3.7 3.5 12.55 9.05
3.85 4.85 11.35 9.2
3.95 5.45 9.95 8.4
3.65 4.6 11.4 9.0
3.85 4.0 11.7 8.7
3.85 4.4 10.65 8.05
3.85 5.05 12.0 10.05
3.75 3.2 11.85 8.05
4.0 4.2 10.95 8.15
3.95 3.8 12.55 9.35
3.9 5.3 12.85 11.15
3.8 4.15 11.85 9.0
3.85 4.35 12.15 9.5
3.85 5.2 10.5 8.7
3.85 5.05 11.55 9.6
3.65 3.0 14.25 10.25
3.75 3.85 12.9 9.75
3.8 4.35 11.6 8.95
3.85 4.8 11.35 9.15
3.8 4.85 10.65 8.5
3.85 3.35 12.8 9.15
3.85 5.65 10.7 9.35
3.95 3.85 13.15 10.0
3.65 4.9 11.2 9.1
3.8 4.1 11.7 8.8
3.85 4.25 11.75 9.0
3.85 4.9 11.1 9.0
3.8 5.0 10.2 8.2
3.8 3.5 12.9 9.4
3.8 4.3 11.25 8.55
3.95 5.45 9.9 8.35
3.65 3.05 13.05 9.1
3.7 4.55 10.7 8.25
3.85 4.15 10.6 7.75
3.95 4.35 11.7 9.05
3.6 3.55 13.45 10.0
3.9 5.1 11.55 9.65
3.75 5.6 10.6 9.2
3.8 3.8 13.65 10.45
3.75 3.7 11.8 8.5
3.95 4.55 11.2 8.75
3.9 4.95 11.25 9.2
3.75 4.0 12.75 9.75
3.8 5.15 10.75 8.9
3.95 5.0 11.05 9.05
3.75 5.5 11.3 9.8
3.9 4.95 10.5 8.45
3.95 4.9 10.45 8.35
3.9 3.9 11.9 8.8
3.9 4.35 11.9 9.25
3.95 5.1 11.3 9.4
3.9 5.65 10.45 9.1
3.65 4.2 11.45 8.65
3.95 5.65 8.2 6.85
3.8 5.25 11.5 9.75
3.8 5.0 11.45 9.45
4.0 5.35 11.25 9.6
3.8 4.75 13.1 10.85
3.9 3.7 13.25 9.95
3.9 4.55 12.15 9.7
3.65 5.4 11.25 9.65
4.0 5.6 10.1 8.7
3.9 4.1 11.75 8.85
3.9 4.3 11.4 8.7
3.85 4.9 10.85 8.75
3.9 5.3 10.4 8.7
3.85 4.05 12.15 9.2
3.6 4.75 13.1 10.85
3.75 4.85 10.15 8.0
3.9 4.15 12.75 9.9
3.85 5.05 10.65 8.7
3.95 4.3 12.05 9.35
3.75 3.95 12.1 9.05
3.7 5.25 12.05 10.3
3.9 5.15 12.1 10.25
3.85 5.65 10.6 9.25
3.9 4.95 10.75 8.7
3.85 4.4 11.6 9.0
3.85 4.65 10.8 8.45
3.9 4.85 11.15 9.0
3.75 4.2 12.95 10.15
3.8 3.8 12.05 8.85
3.55 3.65 12.9 9.55
3.95 4.9 11.1 9.0
3.85 4.0 10.9 7.9
4.0 6.0 9.85 8.85
3.95 4.2 12.6 9.8
3.95 5.45 9.5 7.95
3.85 4.2 11.45 8.65
3.9 5.1 10.45 8.55
3.75 4.6 11.25 8.85
3.8 4.1 11.8 8.9
3.9 3.4 12.45 8.85
3.9 5.25 11.0 9.25
4.0 4.25 12.5 9.75
3.95 5.55 11.05 9.6
3.9 4.5 12.35 9.85
3.85 5.85 9.2 8.05
3.85 4.65 10.9 8.55
3.8 4.55 12.45 10.0
3.8 5.05 11.6 9.65
3.8 3.1 12.15 8.25
3.85 5.55 9.4 7.95
3.8 3.95 12.9 9.85
3.8 4.8 10.75 8.55
3.8 4.8 11.6 9.4
3.95 5.5 10.55 9.05
3.9 4.75 10.7 8.45
3.75 3.4 12.4 8.8
3.9 5.5 10.45 8.95
4.0 5.75 10.2 8.95
3.85 4.05 12.5 9.55
3.75 3.7 13.25 9.95
3.9 4.4 11.05 8.45
3.9 4.4 11.4 8.8
3.85 4.3 11.15 8.45
3.75 4.45 12.4 9.85
3.95 5.9 9.6 8.5
3.9 4.2 12.05 9.25
3.75 4.1 12.5 9.6
3.8 4.25 11.25 8.5
3.85 4.2 12.15 9.35
3.6 3.2 13.3 9.5
3.8 5.4 10.65 9.05
3.75 4.25 12.0 9.25
3.9 6.05 10.65 9.7
3.9 4.05 11.75 8.8
3.9 5.4 10.05 8.45
3.75 6.05 10.35 9.4
3.9 5.35 9.95 8.3
3.8 4.0 11.75 8.75
3.8 5.25 11.9 10.15
3.9 3.95 11.9 8.85
3.95 5.4 10.25 8.65
3.7 3.65 13.5 10.15
3.9 5.15 11.25 9.4
3.85 4.5 12.9 10.4
3.8 4.6 11.1 8.7
3.85 4.9 11.0 8.9
3.75 4.25 11.9 9.15
3.75 5.55 10.3 8.85
3.9 3.55 12.35 8.9
3.9 5.25 9.5 7.75
3.95 5.1 10.8 8.9
3.75 5.2 10.3 8.5
3.85 3.85 12.6 9.45
3.75 4.3 12.65 9.95
3.8 4.05 12.7 9.75
3.65 3.75 12.5 9.25
3.95 5.85 10.45 9.3
3.85 5.1 10.1 8.2
3.8 4.5 11.85 9.35
3.95 5.25 12.0 10.25
3.8 5.3 11.3 9.6
3.95 5.5 9.65 8.15
3.85 3.75 11.85 8.6
3.8 4.75 11.25 9.0
3.75 4.7 11.6 9.3
3.95 4.9 11.55 9.45
3.85 4.6 11.2 8.8
3.7 4.75 10.0 7.75
4.0 5.5 9.35 7.85
4.0 4.6 10.3 7.9
3.9 4.1 13.4 10.5
3.85 4.6 12.15 9.75
3.85 6.35 9.4 8.75
3.7 4.75 12.0 9.75
3.85 4.35 11.25 8.6
3.65 3.85 11.7 8.55
4.0 5.35 9.35 7.7
3.8 4.2 10.3 7.5
3.75 4.4 10.6 8.0
3.85 4.1 12.1 9.2
3.75 5.45 11.25 9.7
3.65 3.55 13.05 9.6
3.85 3.9 12.15 9.05
3.85 4.35 12.05 9.4
3.8 4.1 13.1 10.2
3.95 4.8 11.1 8.9
3.8 4.3 12.55 9.85
3.95 4.95 10.4 8.35
3.9 4.55 11.5 9.05
3.85 4.7 10.5 8.2
4.0 5.25 10.2 8.45
3.55 3.05 14.15 10.2
3.9 3.35 12.95 9.3
3.65 4.9 12.8 10.7
3.9 4.75 10.05 7.8
3.7 4.4 12.4 9.8
3.85 4.75 10.3 8.05
4.0 5.15 10.65 8.8
3.95 6.95 9.5 9.45
3.6 4.85 12.8 10.65
3.95 4.3 12.0 9.3
4.0 6.2 10.15 9.35
3.8 4.7 11.15 8.85
3.8 4.1 12.8 9.9
3.8 4.0 12.75 9.75
3.9 4.6 11.5 9.1
3.95 4.3 11.1 8.4
3.9 3.45 13.05 9.5
3.8 5.35 9.65 8.0
3.9 3.15 12.4 8.55
3.75 3.1 13.9 10.0
3.8 3.85 12.55 9.4
3.8 4.95 10.35 8.3
4.0 3.85 12.0 8.85
3.8 4.9 11.3 9.2
3.75 3.85 12.0 8.85
3.75 2.85 11.8 7.65
3.8 5.05 12.0 10.05
4.0 5.5 9.4 7.9
3.75 6.0 10.55 9.55
3.85 6.4 10.15 9.55
3.95 5.45 10.25 8.7
3.9 3.9 12.8 9.7
3.65 2.55 13.05 8.6
3.75 4.7 11.4 9.1
4.0 5.25 11.25 9.5
3.85 4.3 11.25 8.55
3.7 3.65 13.05 9.7
3.75 4.0 11.8 8.8
3.8 5.15 11.2 9.35
3.8 3.5 12.3 8.8
3.85 4.8 11.25 9.05
3.95 4.45 10.75 8.2
3.7 3.55 12.35 8.9
3.6 3.7 12.15 8.85
3.75 3.1 13.45 9.55
4.0 4.3 13.2 10.5
3.85 5.7 10.65 9.35
3.75 5.0 11.1 9.1
3.65 3.9 12.35 9.25
3.85 4.4 12.45 9.85
3.85 5.75 10.95 9.7
3.8 5.55 10.7 9.25
3.9 5.0 11.15 9.15
3.8 5.2 10.1 8.3
3.9 3.6 12.85 9.45
3.85 5.15 12.7 10.85
3.85 4.35 11.65 9.0
3.8 3.45 13.0 9.45
3.75 4.85 11.35 9.2
3.65 2.75 13.05 8.8
3.95 5.0 10.7 8.7
3.8 4.25 11.2 8.45
3.75 5.0 10.1 8.1
3.85 4.65 11.45 9.1
3.9 4.35 12.05 9.4
3.8 5.65 11.25 9.9
3.7 4.45 12.9 10.35
3.85 4.25 11.7 8.95
3.85 4.75 11.1 8.85
3.85 4.65 11.75 9.4
3.8 4.45 12.4 9.85
3.95 5.45 10.55 9.0
3.8 3.8 12.2 9.0
3.85 4.9 10.5 8.4
4.0 5.45 12.25 10.7
3.75 4.2 11.85 9.05
3.95 4.7 12.1 9.8
3.6 3.35 13.35 9.7
3.8 4.7 12.3 10.0
3.8 4.45 11.05 8.5
3.85 4.1 13.1 10.2
3.95 5.15 12.3 10.45
3.7 4.3 11.55 8.85
3.95 5.5 10.55 9.05
3.75 3.75 12.35 9.1
3.9 4.15 11.35 8.5
3.75 3.8 12.55 9.35
3.9 5.3 11.0 9.3
3.75 5.2 10.3 8.5
3.9 3.9 10.7 7.6
3.75 3.0 12.85 8.85
3.85 5.1 10.6 8.7
3.95 4.15 12.75 9.9
3.9 4.45 10.8 8.25
3.65 4.55 12.55 10.1
3.8 3.8 13.45 10.25
3.8 3.8 11.6 8.4
3.95 6.3 9.55 8.85
3.95 5.25 10.95 9.2
3.85 5.25 10.6 8.85
3.9 4.15 11.55 8.7
3.95 4.8 11.9 9.7
3.95 4.2 10.95 8.15
3.95 4.75 11.3 9.05
3.85 4.5 11.35 8.85
3.7 4.3 11.1 8.4
3.9 5.2 11.05 9.25
3.8 4.5 12.65 10.15
3.8 3.7 10.5 7.2
3.8 5.15 10.55 8.7
3.9 5.3 10.95 9.25
3.8 4.1 12.35 9.45
3.9 4.05 12.8 9.85
3.85 5.75 9.45 8.2
3.9 5.05 11.15 9.2
3.95 6.15 9.75 8.9
3.65 5.2 10.85 9.05
3.75 3.7 10.85 7.55
3.95 3.85 12.1 8.95
3.7 4.65 13.05 10.7
3.8 4.15 12.4 9.55
3.9 4.35 10.35 7.7
3.8 3.8 13.65 10.45
3.9 3.55 12.05 8.6
3.85 4.7 10.35 8.05
3.9 5.2 10.25 8.45
3.9 4.8 11.35 9.15
3.85 3.75 12.6 9.35
3.8 2.9 13.15 9.05
3.9 4.75 12.35 10.1
3.9 3.95 11.35 8.3
3.8 5.75 11.15 9.9
3.95 4.85 11.9 9.75
3.7 4.65 10.9 8.55
3.75 3.4 13.0 9.4
3.9 4.3 11.95 9.25
3.75 4.35 11.8 9.15
3.8 4.25 12.4 9.65
3.85 5.35 11.0 9.35
3.9 3.6 13.35 9.95
3.9 5.65 9.75 8.4
3.9 4.95 12.35 10.3
3.9 5.15 10.6 8.75
3.75 4.7 10.6 8.3
3.8 4.5 12.4 9.9
3.9 5.4 10.5 8.9
4.0 4.5 11.4 8.9
3.8 3.6 11.95 8.55
3.8 3.2 12.75 8.95
3.75 4.5 12.1 9.6
3.95 4.5 11.5 9.0
3.8 3.4 12.75 9.15
3.8 3.8 12.6 9.4
3.7 4.75 11.5 9.25
3.85 3.7 13.45 10.15
3.7 4.75 11.55 9.3
3.85 4.2 11.5 8.7
3.8 3.4 14.2 10.6
3.85 4.65 12.2 9.85
3.7 3.75 12.0 8.75
4.0 4.25 11.1 8.35
3.6 4.45 12.85 10.3
3.7 3.25 12.75 9.0
3.85 5.35 11.4 9.75
3.75 4.5 11.8 9.3
4.0 5.3 11.95 10.25
3.85 4.85 12.7 10.55
4.0 5.15 11.9 10.05
3.8 4.25 10.9 8.15
4.0 5.55 10.75 9.3
4.0 5.25 11.5 9.75
3.6 3.3 13.55 9.85
3.55 4.35 13.05 10.4
3.95 5.25 10.4 8.65
4.0 5.8 11.15 9.95
3.75 4.55 11.85 9.4
3.8 4.2 12.15 9.35
3.95 5.15 10.55 8.7
3.8 3.9 10.15 7.05
3.75 5.2 11.0 9.2
3.85 4.1 12.85 9.95
3.8 4.05 13.0 10.05
3.75 2.75 13.7 9.45
3.75 4.7 12.35 10.05
3.85 4.25 12.45 9.7
3.85 4.3 11.05 8.35
3.85 5.8 9.6 8.4
4.0 3.6 13.0 9.6
3.8 4.0 11.8 8.8
3.9 6.55 10.45 10.0
3.9 4.6 12.7 10.3
3.85 5.05 12.9 10.95
3.85 5.4 10.35 8.75
3.85 4.4 12.45 9.85
3.8 3.55 13.4 9.95
3.55 4.7 12.45 10.15
3.7 3.85 13.5 10.35
3.55 3.6 12.85 9.45
3.85 5.2 10.45 8.65
3.95 4.65 10.05 7.7
3.85 4.15 10.65 7.8
3.85 5.0 10.35 8.35
3.9 4.0 11.75 8.75
3.85 3.4 13.35 9.75
3.95 5.6 11.25 9.85
3.9 4.8 11.4 9.2
3.9 4.5 10.65 8.15
3.9 5.1 11.15 9.25
3.9 5.15 11.85 10.0
3.75 4.95 10.3 8.25
3.8 5.35 10.7 9.05
3.75 5.15 11.4 9.55
3.75 3.95 12.7 9.65
3.75 3.85 12.95 9.8
3.9 5.8 9.95 8.75
3.85 3.9 12.45 9.35
3.7 4.6 11.5 9.1
3.9 5.3 11.45 9.75
3.85 4.25 11.5 8.75
3.9 4.35 11.65 9.0
3.75 3.85 12.7 9.55
3.75 4.3 11.7 9.0
3.85 4.65 11.8 9.45
3.9 5.5 10.2 8.7
3.75 3.7 13.8 10.5
3.9 5.25 10.15 8.4
3.9 5.0 10.5 8.5
3.7 5.0 12.5 10.5
4.0 4.65 10.85 8.5
3.9 4.4 11.5 8.9
3.85 4.8 11.95 9.75
3.8 5.15 10.3 8.45
3.9 5.0 11.8 9.8
3.55 4.45 10.5 7.95
3.8 5.25 12.25 10.5
3.9 4.95 11.55 9.5
3.95 4.3 11.0 8.3
3.9 4.75 12.55 10.3
3.9 5.55 10.0 8.55
3.7 3.5 12.45 8.95
3.6 3.7 13.2 9.9
3.95 4.7 11.7 9.4
3.9 4.85 11.8 9.65
3.85 6.15 11.2 10.35
3.75 4.0 11.9 8.9
3.75 4.1 11.65 8.75
3.75 4.95 11.65 9.6
3.7 4.5 11.3 8.8
3.8 3.95 13.95 10.9
3.9 3.3 11.8 8.1
3.85 3.6 12.7 9.3
3.75 4.35 11.45 8.8
3.85 5.1 11.3 9.4
3.95 3.5 12.35 8.85
3.85 4.95 10.6 8.55
3.7 4.2 13.25 10.45
3.7 4.15 11.7 8.85
3.85 5.0 12.4 10.4
3.8 3.5 12.1 8.6
3.95 5.4 10.7 9.1
3.8 3.4 12.9 9.3
3.9 6.95 8.35 8.3
3.7 4.8 11.35 9.15
3.95 3.75 11.2 7.95
3.85 4.7 11.85 9.55
3.8 4.85 10.95 8.8
3.7 3.65 12.4 9.05
3.95 3.8 11.8 8.6
3.8 5.2 10.7 8.9
3.85 3.7 12.2 8.9
3.7 5.0 12.6 10.6
3.8 4.3 13.65 10.95
3.95 3.95 12.6 9.55
3.75 5.2 10.05 8.25
3.9 3.7 12.6 9.3
3.75 4.85 12.0 9.85
3.7 6.15 11.4 10.55
3.95 5.05 10.85 8.9
3.9 4.45 11.05 8.5
3.95 5.25 10.95 9.2
3.75 3.05 12.3 8.35
3.75 5.2 11.6 9.8
3.95 5.1 10.55 8.65
3.85 4.5 11.3 8.8
3.75 3.95 11.65 8.6
3.65 4.8 11.75 9.55
3.9 4.95 10.35 8.3
3.9 5.0 9.8 7.8
3.75 4.4 12.1 9.5
3.75 4.15 13.35 10.5
3.7 4.1 11.9 9.0
3.85 3.4 12.85 9.25
3.95 5.35 10.5 8.85
3.7 4.35 11.2 8.55
3.85 5.15 11.0 9.15
3.95 4.9 13.05 10.95
3.85 4.85 11.1 8.95
3.75 4.75 11.6 9.35
3.8 3.8 11.05 7.85
3.95 4.65 10.85 8.5
3.9 5.4 9.25 7.65
3.7 3.65 12.4 9.05
3.85 5.6 10.15 8.75
3.7 3.5 13.4 9.9
3.95 4.45 11.25 8.7
3.75 4.55 12.2 9.75
3.85 4.55 12.2 9.75
3.85 3.55 11.3 7.85
3.75 4.0 12.45 9.45
3.85 4.1 12.05 9.15
3.85 4.75 11.5 9.25
3.7 3.55 12.8 9.35
3.9 5.25 12.35 10.6
3.75 4.75 10.0 7.75
3.8 3.95 12.3 9.25
3.9 5.4 10.95 9.35
3.9 4.7 11.25 8.95
3.7 5.8 9.6 8.4
3.65 4.65 12.65 10.3
3.9 3.9 11.75 8.65
3.9 4.9 11.15 9.05
3.65 5.8 11.85 10.65
3.85 3.85 11.45 8.3
3.8 3.45 13.5 9.95
3.8 5.25 12.8 11.05
3.55 3.65 12.75 9.4
3.8 4.95 12.9 10.85
3.9 3.85 10.55 7.4
3.7 3.4 13.75 10.15
3.65 3.5 14.5 11.0
3.85 3.6 13.85 10.45
3.8 5.85 9.35 8.2
3.8 3.45 12.9 9.35
3.9 4.6 11.35 8.95
3.85 4.3 10.9 8.2
3.85 3.25 12.85 9.1
3.85 4.9 11.6 9.5
3.9 3.7 12.75 9.45
3.8 4.35 11.35 8.7
3.6 3.25 13.75 10.0
3.9 4.85 11.7 9.55
4.0 4.45 11.55 9.0
3.8 4.0 12.55 9.55
3.85 5.55 11.4 9.95
3.75 5.0 10.8 8.8
3.95 4.15 12.3 9.45
3.85 4.6 12.65 10.25
3.75 4.7 13.2 10.9
3.85 3.95 12.25 9.2
3.95 4.65 11.4 9.05
3.75 4.85 11.6 9.45
3.9 3.5 11.65 8.15
3.8 3.4 12.25 8.65
3.9 5.7 10.7 9.4
3.7 5.1 10.95 9.05
3.75 4.7 11.65 9.35
3.8 4.9 13.0 10.9
4.0 5.4 9.95 8.35
3.75 4.8 12.25 10.05
3.8 4.2 11.9 9.1
3.8 2.85 12.3 8.15
3.95 4.65 10.2 7.85
3.95 4.7 11.25 8.95
3.8 6.05 10.4 9.45
3.9 5.45 10.7 9.15
3.8 6.15 10.4 9.55
3.95 4.85 10.9 8.75
3.7 4.5 12.15 9.65
3.9 5.05 12.05 10.1
3.8 4.6 10.85 8.45
3.85 5.05 10.75 8.8
3.9 4.25 12.3 9.55
3.75 3.45 13.6 10.05
3.8 5.3 11.8 10.1
3.9 3.85 11.3 8.15
3.9 3.95 11.8 8.75
3.95 6.3 9.65 8.95
3.85 4.1 11.95 9.05
3.7 4.35 11.65 9.0
3.9 4.15 12.4 9.55
3.85 4.15 11.7 8.85
3.9 5.25 11.8 10.05
3.65 3.9 12.3 9.2
3.75 4.8 11.9 9.7
3.65 3.8 11.35 8.15
3.9 3.95 11.5 8.45
3.7 4.55 11.75 9.3
4.0 5.2 11.7 9.9
3.85 4.65 12.4 10.05
3.9 5.35 10.7 9.05
3.8 3.75 12.4 9.15
3.85 3.8 13.5 10.3
3.8 4.25 13.1 10.35
3.75 4.9 12.25 10.15
3.75 4.2 10.7 7.9
3.95 5.05 10.7 8.75
3.7 5.3 10.65 8.95
3.9 5.65 10.4 9.05
3.85 4.95 10.85 8.8
3.65 3.65 12.4 9.05
3.9 5.3 10.75 9.05
3.9 4.45 11.95 9.4
3.9 4.35 12.65 10.0
3.95 5.1 9.6 7.7
3.8 5.5 11.95 10.45
3.85 5.45 9.95 8.4
4.0 3.6 12.0 8.6
3.85 3.9 12.05 8.95
3.55 4.2 12.35 9.55
3.85 5.05 11.3 9.35
3.9 4.6 10.45 8.05
3.8 4.55 10.75 8.3
3.75 3.95 11.6 8.55
3.95 4.9 11.6 9.5
3.9 3.55 13.4 9.95
3.55 3.6 13.9 10.5
3.85 4.9 10.45 8.35
3.85 4.2 11.3 8.5
3.8 4.35 11.55 8.9
3.95 5.75 9.55 8.3
3.8 3.1 13.1 9.2
3.85 4.3 11.55 8.85
3.8 4.15 12.55 9.7
3.7 4.8 10.5 8.3
3.9 5.1 10.75 8.85
3.7 4.9 12.25 10.15
3.85 5.6 10.4 9.0
3.75 4.6 11.6 9.2
3.75 3.95 12.15 9.1
3.7 3.65 11.75 8.4
3.9 4.55 12.65 10.2
3.9 4.75 10.55 8.3
3.6 3.55 12.35 8.9
3.75 4.7 12.3 10.0
3.85 4.0 11.1 8.1
3.85 5.3 11.2 9.5
3.95 3.95 11.45 8.4
4.0 4.15 12.8 9.95
3.8 4.35 11.55 8.9
3.95 5.95 9.85 8.8
3.75 3.9 11.0 7.9
3.75 5.4 10.6 9.0
3.75 3.2 13.55 9.75
3.8 3.55 11.4 7.95
3.85 5.65 10.65 9.3
4.0 5.95 11.15 10.1
3.6 3.5 13.05 9.55
3.8 5.15 10.55 8.7
3.85 4.05 12.2 9.25
3.8 4.95 10.35 8.3
3.95 5.3 9.95 8.25
3.95 4.3 11.95 9.25
3.95 4.7 10.45 8.15
3.95 4.85 10.9 8.75
3.85 4.45 12.15 9.6
3.9 3.55 13.15 9.7
3.8 4.85 11.45 9.3
3.85 5.25 8.95 7.2
3.9 5.35 11.25 9.6
4.0 4.45 11.65 9.1
3.9 5.6 9.4 8.0
3.75 4.9 9.7 7.6
3.75 4.8 12.35 10.15
3.75 4.45 12.3 9.75
3.9 4.25 10.95 8.2
3.85 4.8 11.75 9.55
3.9 5.2 11.1 9.3
3.95 4.6 10.7 8.3
3.85 5.85 10.5 9.35
4.0 4.95 9.35 7.3
3.9 4.6 12.9 10.5
3.75 4.1 12.9 10.0
3.95 4.8 11.6 9.4
3.85 4.95 9.9 7.85
3.85 4.8 12.05 9.85
3.75 4.65 13.0 10.65
3.9 4.5 11.2 8.7
3.9 5.8 10.25 9.05
3.85 3.75 12.0 8.75
3.85 4.85 11.65 9.5
3.95 5.55 9.3 7.85
3.9 3.75 12.25 9.0
3.95 5.15 10.8 8.95
3.85 3.6 12.7 9.3
3.9 4.3 11.8 9.1
3.85 4.1 12.1 9.2
3.75 3.7 12.0 8.7
3.75 4.6 11.85 9.45
3.75 4.6 11.0 8.6
3.95 4.25 12.75 10.0
3.9 5.5 9.25 7.75
3.85 4.4 11.55 8.95
3.9 3.9 12.6 9.5
3.85 4.2 12.65 9.85
3.85 3.3 13.35 9.65
3.7 2.8 13.8 9.6
3.9 5.95 9.9 8.85
3.95 4.8 10.45 8.25
3.95 5.05 11.5 9.55
3.7 3.25 12.4 8.65
3.85 5.05 10.65 8.7
3.65 3.2 13.95 10.15
4.0 4.65 11.85 9.5
3.9 4.95 10.8 8.75
3.8 4.05 13.1 10.15
3.9 3.2 12.05 8.25
3.65 3.6 13.2 9.8
3.9 4.75 10.95 8.7
3.85 3.9 13.0 9.9
3.85 6.3 10.6 9.9
3.75 4.75 11.25 9.0
3.85 3.75 12.45 9.2
3.75 4.9 11.7 9.6
3.7 4.05 12.8 9.85
3.75 4.0 13.2 10.2
3.95 4.45 12.2 9.65
3.85 3.7 14.0 10.7
3.85 5.2 10.35 8.55
3.75 4.35 11.5 8.85
3.7 4.25 12.05 9.3
3.7 3.4 13.0 9.4
3.85 4.95 11.15 9.1
3.8 3.4 11.65 8.05
3.9 4.2 10.35 7.55
3.8 4.15 13.15 10.3
3.75 4.8 12.6 10.4
3.75 3.85 11.75 8.6
3.9 5.45 10.0 8.45
3.9 4.65 12.35 10.0
3.75 5.25 11.2 9.45
3.85 2.9 12.75 8.65
3.65 4.15 12.95 10.1
3.9 3.4 12.7 9.1
3.75 3.95 12.25 9.2
3.8 4.55 12.1 9.65
3.8 5.55 10.4 8.95
3.55 3.55 14.0 10.55
4.0 4.7 10.85 8.55
3.8 4.25 12.9 10.15
3.65 4.8 11.55 9.35
3.9 6.6 10.75 10.35
3.9 4.9 9.3 7.2
3.9 5.35 11.2 9.55
3.95 6.0 9.0 8.0
3.75 5.15 11.5 9.65
3.75 5.1 11.15 9.25
3.95 6.5 10.5 10.0
3.9 4.9 12.05 9.95
4.0 5.3 11.7 10.0
3.7 3.5 12.9 9.4
3.95 5.45 10.75 9.2
4.0 6.1 11.35 10.45
3.95 5.4 10.5 8.9
3.8 4.95 10.4 8.35
3.95 5.0 11.85 9.85
3.95 4.75 10.5 8.25
3.85 4.25 12.5 9.75
3.95 6.1 11.0 10.1
3.8 4.7 10.9 8.6
3.95 4.25 10.75 8.0
3.75 3.45 13.95 10.4
3.75 4.2 11.65 8.85
3.75 3.5 12.35 8.85
3.85 4.75 13.25 11.0
3.95 4.1 12.45 9.55
3.9 4.3 11.6 8.9
3.75 4.1 12.35 9.45
3.95 5.1 9.75 7.85
3.95 4.3 11.05 8.35
3.75 4.85 11.3 9.15
3.9 6.35 9.15 8.5
3.8 5.0 10.15 8.15
3.95 4.9 12.55 10.45
3.9 5.85 10.9 9.75
3.9 4.65 11.15 8.8
3.8 3.1 14.1 10.2
3.8 3.9 12.1 9.0
3.9 6.15 10.0 9.15
3.9 5.65 9.75 8.4
3.95 5.35 10.7 9.05
3.95 4.55 10.75 8.3
3.75 3.5 12.3 8.8
3.95 4.9 10.7 8.6
3.8 3.8 12.95 9.75
3.85 5.0 11.55 9.55
3.85 4.75 11.25 9.0
3.8 3.75 12.65 9.4
3.9 3.5 13.4 9.9
3.8 3.3 14.65 10.95
3.95 3.5 12.5 9.0
3.9 4.95 12.55 10.5
3.8 4.2 10.35 7.55
3.8 4.15 11.3 8.45
3.85 4.1 11.75 8.85
3.9 3.85 11.25 8.1
3.8 4.4 13.3 10.7
3.85 4.15 13.2 10.35
3.95 5.3 11.05 9.35
3.95 4.8 11.65 9.45
3.7 3.7 11.7 8.4
3.65 4.2 11.9 9.1
3.9 4.1 11.85 8.95
3.75 5.15 10.6 8.75
4.0 5.4 10.25 8.65
3.9 3.5 12.9 9.4
3.8 4.8 11.7 9.5
3.9 5.65 11.8 10.45
3.8 5.4 11.0 9.4
3.9 3.7 11.25 7.95
3.9 4.45 11.95 9.4
3.75 4.15 11.9 9.05
3.75 3.5 12.65 9.15
3.95 4.35 11.75 9.1
3.6 2.9 13.45 9.35
3.95 4.65 11.75 9.4
3.8 4.55 11.55 9.1
3.9 3.35 12.55 8.9
3.95 3.75 13.65 10.4
3.9 5.5 10.8 9.3
3.85 4.0 12.45 9.45
3.8 4.7 12.8 10.5
3.65 3.4 14.1 10.5
4.0 5.45 10.2 8.65
3.7 3.5 11.95 8.45
3.8 2.85 13.4 9.25
3.75 5.35 12.25 10.6
4.0 7.0 8.75 8.75
4.0 5.35 10.65 9.0
3.95 4.45 11.85 9.3
3.85 4.85 10.55 8.4
3.8 5.65 10.3 8.95
3.7 4.65 12.55 10.2
3.65 3.3 13.8 10.1
3.85 4.75 11.45 9.2
4.0 5.65 9.95 8.6
3.95 5.45 11.0 9.45
3.9 5.55 9.6 8.15
3.9 5.4 11.35 9.75
3.85 4.25 11.85 9.1
3.9 5.2 9.25 7.45
3.8 4.6 11.3 8.9
3.9 5.5 10.8 9.3
3.8 3.75 11.25 8.0
3.9 3.65 12.75 9.4
3.85 4.6 12.2 9.8
3.8 4.25 12.9 10.15
3.8 4.3 11.8 9.1
3.75 4.1 11.95 9.05
3.9 4.75 12.15 9.9
3.7 3.7 11.95 8.65
3.95 4.25 11.25 8.5
3.9 4.7 12.55 10.25
3.6 2.75 13.45 9.2
3.85 6.4 9.85 9.25
3.75 4.3 13.05 10.35
3.9 3.85 12.05 8.9
3.85 4.2 11.5 8.7
3.9 4.65 11.3 8.95
3.85 4.4 11.65 9.05
3.9 5.25 10.85 9.1
3.8 5.05 12.25 10.3
3.9 5.1 10.9 9.0
3.75 3.7 12.55 9.25
3.8 5.0 12.25 10.25
3.9 4.7 11.75 9.45
3.8 4.95 9.9 7.85
3.75 4.0 12.2 9.2
3.9 4.6 11.85 9.45
3.65 4.2 12.95 10.15
3.95 5.0 11.75 9.75
3.9 4.5 12.3 9.8
3.9 4.35 11.1 8.45
3.7 3.7 13.05 9.75
3.95 6.75 9.75 9.5
3.85 3.7 12.9 9.6
3.85 5.1 12.0 10.1
3.9 3.75 12.05 8.8
3.75 3.45 12.4 8.85
3.9 5.45 10.5 8.95
3.8 4.05 12.05 9.1
3.85 5.7 10.75 9.45
3.95 3.95 13.05 10.0
3.8 4.35 10.75 8.1
3.75 4.55 12.35 9.9
3.85 4.4 10.9 8.3
4.0 4.9 11.25 9.15
3.6 4.1 13.55 10.65
3.85 3.65 12.5 9.15
3.8 4.3 12.35 9.65
3.85 4.3 11.5 8.8
3.85 5.2 11.3 9.5
3.95 5.55 12.0 10.55
3.85 5.3 11.5 9.8
3.75 3.55 12.55 9.1
3.95 4.75 10.4 8.15
3.85 5.85 9.95 8.8
3.7 4.4 12.55 9.95
3.85 4.65 10.4 8.05
3.85 6.4 10.35 9.75
3.8 3.6 12.85 9.45
3.75 3.4 12.9 9.3
3.9 3.55 12.75 9.3
3.5 3.3 13.9 10.2
3.7 4.0 12.5 9.5
3.75 6.0 10.35 9.35
3.85 4.15 13.55 10.7
3.75 4.25 11.05 8.3
3.9 3.7 12.0 8.7
3.7 4.7 11.9 9.6
3.85 4.85 12.9 10.75
3.95 6.05 9.75 8.8
3.85 3.95 12.3 9.25
3.8 4.35 11.8 9.15
3.85 4.4 12.95 10.35
3.8 4.0 11.5 8.5
3.85 4.35 11.05 8.4
3.85 4.9 10.95 8.85
3.65 2.85 13.2 9.05
3.65 4.25 11.2 8.45
3.9 4.65 9.85 7.5
3.85 4.0 11.25 8.25
4.0 5.35 10.35 8.7
4.0 5.7 10.8 9.5
3.9 4.25 12.55 9.8
3.7 3.7 12.45 9.15
3.55 4.15 13.4 10.55
3.9 3.9 12.65 9.55
3.7 4.95 11.1 9.05
3.85 4.55 11.1 8.65
3.75 4.65 11.35 9.0
3.9 5.4 10.6 9.0
3.8 4.1 12.4 9.5
3.75 4.5 11.8 9.3
3.85 4.05 12.55 9.6
4.0 5.05 10.05 8.1
3.8 4.4 11.5 8.9
3.65 3.3 12.8 9.1
3.9 4.85 10.85 8.7
3.85 3.55 13.0 9.55
3.9 4.35 11.6 8.95
3.9 4.9 12.05 9.95
3.8 4.65 10.6 8.25
3.8 5.45 12.0 10.45
3.65 3.1 13.75 9.85
3.8 3.45 13.3 9.75
3.9 5.45 10.85 9.3
3.65 4.05 13.0 10.05
3.9 3.95 11.6 8.55
3.95 5.05 10.5 8.55
3.8 5.3 11.35 9.65
3.9 5.4 10.5 8.9
3.8 4.3 11.75 9.05
3.8 5.8 10.2 9.0
3.85 4.25 12.05 9.3
3.7 4.65 11.55 9.2
3.95 5.1 11.15 9.25
3.7 4.55 10.65 8.2
3.95 4.35 11.0 8.35
3.65 4.55 11.6 9.15
3.9 4.0 11.9 8.9
3.9 4.1 11.95 9.05
3.8 5.6 9.85 8.45
4.0 5.55 10.9 9.45
3.9 4.9 10.65 8.55
3.95 3.25 13.1 9.35
3.85 3.6 14.2 10.8
3.8 4.65 11.65 9.3
3.75 4.05 12.35 9.4
3.8 4.0 11.6 8.6
3.85 3.8 11.6 8.4
3.7 3.75 12.05 8.8
3.7 3.6 12.3 8.9
3.9 5.4 11.3 9.7
3.75 3.6 13.15 9.75
3.8 4.65 11.35 9.0
3.8 4.0 12.3 9.3
3.9 3.8 11.55 8.35
3.9 4.05 12.4 9.45
3.9 3.75 11.5 8.25
3.85 3.8 11.5 8.3
3.85 4.25 11.7 8.95
3.7 5.65 10.2 8.85
3.85 4.0 11.9 8.9
3.75 4.05 12.05 9.1
3.65 4.95 12.8 10.75
3.7 4.65 12.5 10.15
3.85 4.6 11.45 9.05
3.8 5.0 10.25 8.25
3.8 4.05 12.05 9.1
3.8 3.4 12.85 9.25
3.85 5.6 11.8 10.4
3.85 5.4 10.6 9.0
4.0 4.05 12.35 9.4
4.0 5.35 9.7 8.05
3.75 4.8 10.45 8.25
3.9 5.15 10.6 8.75
3.9 5.7 10.1 8.8
4.0 5.05 10.1 8.15
3.95 5.8 11.35 10.15
3.75 3.95 12.7 9.65
3.95 4.7 10.55 8.25
3.85 4.9 12.0 9.9
3.95 4.95 10.8 8.75
3.85 4.95 11.4 9.35
3.85 5.5 10.85 9.35
3.8 4.2 11.95 9.15
3.8 3.35 13.75 10.1
3.7 3.45 12.8 9.25
3.75 4.35 12.05 9.4
3.8 5.0 11.5 9.5
3.8 4.55 12.5 10.05
3.8 3.5 12.95 9.45
3.85 4.5 12.5 10.0
3.65 4.85 12.05 9.9
3.9 4.8 11.4 9.2
3.95 5.25 11.6 9.85
3.75 4.2 11.3 8.5
3.75 3.3 12.7 9.0
3.85 4.4 10.9 8.3
3.85 4.8 11.65 9.45
3.85 4.5 10.45 7.95
3.85 5.0 12.05 10.05
3.95 3.45 13.4 9.85
3.85 4.6 11.3 8.9
3.9 5.6 10.8 9.4
3.7 3.95 12.25 9.2
3.9 3.9 11.8 8.7
3.85 5.2 10.1 8.3
4.0 5.35 10.85 9.2
3.9 5.2 10.45 8.65
3.9 4.65 11.8 9.45
3.9 5.1 11.35 9.45
3.8 3.8 12.7 9.5
3.85 4.55 11.45 9.0
3.6 3.4 13.25 9.65
4.0 4.3 11.35 8.65
3.95 6.75 8.7 8.45
3.85 4.8 10.85 8.65
3.85 4.85 9.6 7.45
3.8 3.7 12.75 9.45
3.8 5.1 11.7 9.8
3.9 4.6 11.45 9.05
3.8 4.0 12.55 9.55
3.7 4.9 11.15 9.05
3.8 3.5 13.8 10.3
3.85 2.95 14.15 10.1
3.9 3.5 12.6 9.1
3.85 4.3 11.6 8.9
3.9 4.7 12.0 9.7
3.85 4.5 11.8 9.3
3.85 4.05 12.45 9.5
3.95 4.2 11.05 8.25
3.85 4.45 12.55 10.0
3.85 4.0 11.6 8.6
3.6 4.15 12.2 9.35
3.65 3.75 13.75 10.5
3.85 4.85 9.8 7.65
3.95 5.15 11.9 10.05
3.85 4.35 11.7 9.05
3.8 3.95 12.7 9.65
3.8 5.75 10.0 8.75
3.85 5.1 11.2 9.3
3.8 4.5 12.35 9.85
3.8 3.8 12.3 9.1
3.85 3.4 12.75 9.15
4.0 4.75 9.9 7.65
3.75 5.05 12.25 10.3
3.65 3.45 13.5 9.95
3.7 4.95 12.2 10.15
4.0 4.45 11.5 8.95
3.95 4.45 11.45 8.9
3.95 4.2 10.7 7.9
4.0 4.5 10.6 8.1
3.95 5.05 10.6 8.65
3.75 3.85 11.9 8.75
3.85 4.0 12.3 9.3
3.95 5.85 9.85 8.7
3.75 4.9 12.6 10.5
3.7 4.3 11.85 9.15
3.8 4.65 10.3 7.95
3.85 3.4 13.9 10.3
3.75 3.85 12.65 9.5
3.75 3.55 13.0 9.55
3.8 3.95 12.0 8.95
3.85 4.7 11.0 8.7
3.8 5.3 10.0 8.3
3.75 4.45 12.0 9.45
3.7 4.15 11.7 8.85
3.75 4.45 13.05 10.5
3.95 5.35 11.25 9.6
3.8 4.0 12.9 9.9
3.8 4.4 12.5 9.9
3.85 3.2 13.45 9.65
3.75 3.9 11.85 8.75
3.95 4.5 11.65 9.15
3.75 3.9 12.25 9.15
3.95 5.5 10.2 8.7
3.8 4.65 10.95 8.6
3.85 5.65 11.45 10.1
3.75 4.05 11.95 9.0
3.9 4.0 12.2 9.2
3.9 5.9 11.05 9.95
3.85 4.3 11.05 8.35
3.85 4.15 10.95 8.1
3.8 4.35 12.2 9.55
3.7 4.9 9.9 7.8
3.95 5.75 11.45 10.2
3.95 4.3 11.75 9.05
3.9 5.05 10.1 8.15
3.8 4.0 13.35 10.35
3.8 4.55 11.9 9.45
3.9 3.95 11.3 8.25
3.95 4.65 10.35 8.0
3.8 3.75 11.35 8.1
3.8 4.65 11.55 9.2
3.85 3.85 12.8 9.65
3.85 5.3 11.5 9.8
3.85 5.25 12.7 10.95
3.85 5.6 11.15 9.75
3.65 2.75 12.9 8.65
3.85 5.35 11.55 9.9
3.9 4.15 11.75 8.9
3.95 4.7 11.65 9.35
3.85 3.45 13.7 10.15
3.9 4.55 10.4 7.95
3.75 4.8 11.35 9.15
3.7 4.65 11.4 9.05
3.8 4.45 12.35 9.8
3.85 4.1 12.3 9.4
3.8 5.15 9.85 8.0
4.0 5.7 11.0 9.7
3.95 5.05 10.8 8.85
3.85 4.05 11.2 8.25
3.8 5.1 11.75 9.85
4.0 5.45 9.8 8.25
3.85 5.4 10.95 9.35
3.8 4.15 13.0 10.15
3.85 6.35 10.0 9.35
3.8 4.85 12.05 9.9
3.95 5.75 11.05 9.8
3.9 5.4 11.7 10.1
3.85 3.9 12.1 9.0
3.8 5.7 11.5 10.2
3.9 4.75 10.9 8.65
3.85 4.25 12.15 9.4
3.9 4.45 11.15 8.6
3.85 5.8 12.45 11.25
3.7 5.15 13.0 11.15
4.0 5.3 10.5 8.8
3.85 4.85 12.4 10.25
3.85 4.2 10.65 7.85
3.8 4.1 11.4 8.5
3.85 5.3 11.5 9.8
3.7 4.05 11.65 8.7
3.75 5.55 10.25 8.8
3.9 5.15 11.0 9.15
4.0 6.15 9.7 8.85
3.8 3.45 13.0 9.45
3.85 4.8 11.1 8.9
3.9 4.2 11.2 8.4
3.8 4.5 11.95 9.45
3.8 4.6 11.7 9.3
4.0 5.7 10.1 8.8
3.8 4.65 11.5 9.15
3.95 4.75 11.65 9.4
3.75 3.75 12.3 9.05
3.9 5.4 10.65 9.05
3.85 4.8 10.5 8.3
3.95 5.0 11.95 9.95
3.75 3.85 13.0 9.85
3.8 3.7 13.55 10.25
3.6 2.3 13.65 8.95
3.65 3.45 12.8 9.25
3.85 5.5 11.1 9.6
3.65 3.85 12.35 9.2
3.8 5.0 11.85 9.85
3.8 5.85 12.95 11.8
3.7 4.85 12.05 9.9
3.95 4.3 11.2 8.5
3.7 3.65 12.05 8.7
3.7 3.65 13.25 9.9
4.0 4.35 12.65 10.0
3.75 5.65 11.6 10.25
3.85 4.0 12.65 9.65
3.7 3.4 13.5 9.9
3.7 3.9 12.85 9.75
3.8 5.15 9.25 7.4
3.65 4.55 11.35 8.9
3.95 5.4 11.3 9.7
3.8 4.7 10.8 8.5
3.85 5.4 11.4 9.8
3.85 3.75 12.35 9.1
3.95 4.85 11.8 9.65
3.7 3.9 13.0 9.9
3.8 3.6 12.45 9.05
3.8 5.7 10.95 9.65
3.7 4.45 12.35 9.8
3.85 4.0 12.1 9.1
3.85 6.05 10.8 9.85
3.8 3.7 13.05 9.75
3.9 4.55 11.9 9.45
3.9 4.45 12.25 9.7
3.8 5.5 10.0 8.5
3.75 4.5 12.65 10.15
3.85 4.85 11.5 9.35
3.8 3.8 11.6 8.4
3.9 4.05 11.1 8.15
3.9 4.7 11.2 8.9
3.95 5.4 11.6 10.0
3.75 5.25 12.5 10.75
3.85 4.9 12.15 10.05
3.75 5.4 10.15 8.55
3.95 4.85 10.4 8.25
3.6 4.35 11.9 9.25
3.9 5.3 10.15 8.45
3.9 4.8 11.9 9.7
3.95 4.35 11.9 9.25
3.85 4.7 11.2 8.9
3.8 4.15 10.5 7.65
3.9 5.3 11.9 10.2
3.85 5.3 12.25 10.55
3.85 5.2 11.55 9.75
3.9 4.65 10.85 8.5
3.8 3.95 12.3 9.25
3.75 2.9 13.4 9.3
3.8 4.4 13.15 10.55
3.8 4.8 12.15 9.95
3.95 4.2 11.65 8.85
3.8 4.8 9.75 7.55
3.9 4.7 11.1 8.8
3.85 3.8 11.6 8.4
3.95 4.55 11.75 9.3
3.95 4.95 10.35 8.3
3.9 3.75 12.3 9.05
3.85 3.45 12.3 8.75
3.8 3.95 12.75 9.7
3.8 4.95 10.9 8.85
3.95 5.2 11.05 9.25
3.8 5.0 11.05 9.05
3.65 3.4 14.0 10.4
3.85 4.35 12.0 9.35
3.85 3.4 12.85 9.25
3.5 3.55 11.4 7.95
3.65 3.45 13.3 9.75
3.9 4.7 11.0 8.7
3.9 4.35 11.45 8.8
3.8 3.95 12.0 8.95
3.85 4.7 11.3 9.0
3.95 4.8 12.05 9.85
3.85 4.9 11.9 9.8
3.85 4.0 12.15 9.15
3.55 3.45 14.5 10.95
3.85 4.1 12.35 9.45
3.9 4.1 12.55 9.65
3.85 4.35 13.6 10.95
3.85 3.45 13.4 9.85
3.95 6.15 11.05 10.2
3.7 4.65 12.9 10.55
3.85 4.85 10.0 7.85
3.9 4.2 12.5 9.7
3.75 5.5 9.9 8.4
3.65 4.1 12.65 9.75
3.7 5.25 10.9 9.15
3.95 6.25 9.2 8.45
3.95 4.4 11.15 8.55
3.85 4.35 11.8 9.15
3.85 3.85 12.45 9.3
3.95 4.8 11.15 8.95
3.8 5.65 10.75 9.4
3.9 4.0 13.6 10.6
3.9 5.2 12.0 10.2
3.9 3.9 12.6 9.5
3.75 4.05 12.2 9.25
3.9 4.85 11.4 9.25
3.75 3.65 13.55 10.2
3.95 4.9 11.05 8.95
3.75 4.35 11.65 9.0
3.83314 4.55238 11.65862 9.211
