3.7 3.44 4.66 4.1
3.76 3.22 5.16 4.38
3.76 3.2 5.56 4.76
3.7 3.4 5.2 4.6
3.52 3.48 5.14 4.62
3.72 3.92 4.82 4.74
3.76 3.64 5.08 4.72
3.62 3.02 5.34 4.36
3.66 3.64 5.04 4.68
3.52 3.32 4.84 4.16
3.34 3.84 4.64 4.48
3.7 3.58 4.94 4.52
3.7 4.04 5.04 5.08
3.62 4.08 4.18 4.26
3.64 3.38 5.2 4.58
3.66 3.66 4.84 4.5
3.66 3.82 4.98 4.8
3.76 3.38 5.32 4.7
3.64 3.26 5.34 4.6
3.7 2.8 6.16 4.96
3.82 3.5 5.02 4.52
3.72 3.12 5.58 4.7
3.8 3.6 5.38 4.98
3.62 2.78 5.94 4.72
3.72 3.3 5.6 4.9
3.7 3.38 5.36 4.74
3.66 3.64 4.74 4.38
3.52 3.76 4.98 4.74
3.64 3.5 5.24 4.74
3.54 3.3 5.28 4.58
3.68 3.88 4.58 4.46
3.62 3.52 5.28 4.8
3.52 3.68 4.66 4.34
3.66 3.2 5.38 4.58
3.68 2.92 5.56 4.48
3.78 3.14 5.3 4.44
3.56 3.0 5.36 4.36
3.7 3.18 5.7 4.88
3.74 3.06 5.68 4.74
3.8 3.52 5.2 4.72
3.64 2.66 5.86 4.52
3.62 3.18 5.5 4.68
3.78 3.4 5.14 4.54
3.48 3.08 5.3 4.38
3.72 2.88 5.6 4.48
3.68 3.76 4.52 4.28
3.7 3.9 4.78 4.68
3.54 3.92 4.42 4.34
3.66 3.28 4.82 4.1
3.76 3.42 5.4 4.82
3.64 3.74 5.04 4.78
3.74 2.94 5.84 4.78
3.72 3.6 5.3 4.9
3.64 3.48 5.3 4.78
3.84 3.56 5.54 5.1
3.7 3.26 5.44 4.7
3.6 3.64 5.02 4.66
3.68 2.92 5.68 4.6
3.62 2.88 5.54 4.42
3.8 3.18 5.72 4.9
3.74 3.22 5.6 4.82
3.32 2.9 5.1 4.0
3.7 3.7 4.9 4.6
3.68 2.92 6.12 5.04
3.62 3.52 4.5 4.02
3.66 3.22 5.6 4.82
3.74 3.0 5.86 4.86
3.68 3.54 4.84 4.38
3.72 3.18 5.26 4.44
3.8 3.3 5.66 4.96
3.7 3.34 5.58 4.92
3.68 3.62 5.2 4.82
3.66 3.12 5.5 4.62
3.7 3.44 5.42 4.86
3.78 3.58 5.22 4.8
3.86 3.5 5.52 5.02
3.64 3.36 5.1 4.46
3.74 3.46 5.16 4.62
3.6 3.56 4.88 4.44
3.78 3.28 5.26 4.54
3.7 3.5 5.18 4.68
3.7 3.06 5.34 4.4
3.6 3.2 5.22 4.42
3.68 3.4 5.08 4.48
3.78 3.34 5.14 4.48
3.74 3.66 5.12 4.78
3.48 3.28 4.64 3.92
3.82 3.06 5.78 4.84
3.72 2.44 6.02 4.46
3.68 2.94 5.72 4.66
3.68 3.3 5.66 4.96
3.58 2.68 5.44 4.12
3.62 3.32 5.32 4.64
3.62 3.28 5.48 4.76
3.7 3.14 5.34 4.48
3.6 3.04 5.28 4.32
3.76 3.74 4.88 4.62
3.8 3.6 5.38 4.98
3.62 3.66 5.1 4.76
3.74 3.62 5.2 4.82
3.66 3.36 5.4 4.76
3.74 3.1 5.58 4.68
3.72 3.4 5.46 4.86
3.66 2.94 5.96 4.9
3.52 3.68 4.54 4.22
3.72 3.38 5.42 4.8
3.64 3.54 5.12 4.66
3.66 3.48 5.08 4.56
3.7 3.14 5.32 4.46
3.72 3.4 5.6 5.0
3.64 3.16 5.08 4.24
3.8 3.32 5.64 4.96
3.78 3.4 5.36 4.76
3.76 2.94 5.34 4.28
3.78 4.14 4.52 4.66
3.74 3.12 5.78 4.9
3.56 3.22 4.82 4.04
3.7 3.46 5.42 4.88
3.74 3.48 5.0 4.48
3.7 3.24 5.68 4.92
3.62 3.8 4.84 4.64
3.7 3.4 5.3 4.7
3.74 3.44 5.4 4.84
3.82 2.84 6.02 4.86
3.72 3.08 5.46 4.54
3.7 3.36 5.4 4.76
3.6 3.3 5.38 4.68
3.64 2.92 5.34 4.26
3.78 2.62 6.16 4.78
3.62 3.0 5.76 4.76
3.68 3.12 5.28 4.4
3.56 3.28 5.5 4.78
3.7 3.24 5.42 4.66
3.68 3.58 4.84 4.42
3.58 3.22 5.46 4.68
3.78 2.96 5.62 4.58
3.56 3.18 5.04 4.22
3.54 4.0 4.66 4.66
3.66 3.58 5.5 5.08
3.6 3.08 5.64 4.72
3.7 3.48 5.06 4.54
3.64 3.08 4.96 4.04
3.74 3.32 5.32 4.64
3.76 3.14 5.5 4.64
3.62 3.14 5.4 4.54
3.78 3.48 5.2 4.68
3.68 3.64 5.28 4.92
3.74 3.1 5.32 4.42
3.64 3.26 5.78 5.04
3.58 3.42 4.88 4.3
3.78 3.38 5.26 4.64
3.72 3.32 5.24 4.56
3.64 2.9 5.88 4.78
3.72 3.66 5.0 4.66
3.68 3.54 5.16 4.7
3.78 3.22 5.36 4.58
3.64 3.66 4.88 4.54
3.66 3.46 5.48 4.94
3.68 3.36 5.26 4.62
3.78 3.7 5.12 4.82
3.64 3.22 5.26 4.48
3.74 3.58 4.78 4.36
3.76 3.14 5.7 4.84
3.56 3.56 4.42 3.98
3.58 4.1 4.5 4.6
3.6 3.4 4.76 4.16
3.76 3.58 5.26 4.84
3.86 3.16 5.64 4.8
3.64 3.34 5.3 4.64
3.5 4.12 4.38 4.5
3.78 3.32 5.3 4.62
3.58 3.84 5.0 4.84
3.58 3.22 5.56 4.78
3.68 3.16 5.52 4.68
3.74 3.76 4.72 4.48
3.68 3.24 5.34 4.58
3.54 3.76 4.62 4.38
3.82 2.22 6.46 4.68
3.78 3.26 5.16 4.42
3.72 3.14 5.78 4.92
3.56 3.16 5.08 4.24
3.58 3.08 5.04 4.12
3.64 3.56 4.74 4.3
3.74 3.5 5.4 4.9
3.56 3.22 5.18 4.4
3.66 3.68 5.12 4.8
3.8 3.48 5.58 5.06
3.66 3.58 5.3 4.88
3.64 2.9 5.5 4.4
3.76 3.36 5.22 4.58
3.7 3.42 5.42 4.84
3.76 2.74 5.72 4.46
3.68 3.72 5.32 5.04
3.52 3.2 5.0 4.2
3.6 3.22 5.2 4.42
3.58 3.22 4.86 4.08
3.7 3.78 4.64 4.42
3.48 3.52 4.7 4.22
3.52 3.08 5.58 4.66
3.56 3.18 5.08 4.26
3.72 3.66 4.74 4.4
3.7 3.2 5.42 4.62
3.36 3.18 4.98 4.16
3.72 3.42 5.48 4.9
3.52 3.54 4.64 4.18
3.74 3.54 5.76 5.3
3.6 3.66 4.74 4.4
3.64 3.4 4.94 4.34
3.76 3.72 4.54 4.26
3.68 3.62 4.98 4.6
3.78 3.26 5.24 4.5
3.62 2.98 5.64 4.62
3.7 3.58 4.76 4.34
3.74 3.66 4.66 4.32
3.46 3.02 5.28 4.3
3.72 3.08 5.22 4.3
3.56 3.42 5.42 4.84
3.64 3.66 5.24 4.9
3.7 3.42 5.36 4.78
3.48 3.04 5.5 4.54
3.78 3.9 5.22 5.12
3.64 3.68 4.74 4.42
3.58 3.06 5.64 4.7
3.62 3.14 5.24 4.38
3.64 3.22 5.44 4.66
3.66 3.32 5.06 4.38
3.66 4.1 4.64 4.74
3.74 3.86 4.86 4.72
3.74 2.88 5.94 4.82
3.74 3.52 4.8 4.32
3.54 3.04 5.48 4.52
3.68 2.9 5.32 4.22
3.84 3.4 5.56 4.96
3.62 3.3 4.88 4.18
3.46 3.2 4.7 3.9
3.76 3.64 4.98 4.62
3.7 3.2 5.28 4.48
3.76 3.14 5.16 4.3
3.54 3.18 5.24 4.42
3.52 2.86 5.16 4.02
3.58 2.98 5.66 4.64
3.52 2.92 5.44 4.36
3.7 3.52 5.08 4.6
3.78 2.94 6.08 5.02
3.7 3.12 5.3 4.42
3.74 3.34 5.4 4.74
3.86 3.56 5.12 4.68
3.62 3.44 4.82 4.26
3.68 3.66 5.06 4.72
3.6 3.92 4.8 4.72
3.6 3.0 5.46 4.46
3.74 3.1 5.54 4.64
3.92 3.6 5.22 4.82
3.66 2.94 5.6 4.54
3.6 3.2 5.22 4.42
3.66 3.34 5.36 4.7
3.7 2.88 5.66 4.54
3.76 3.46 5.06 4.52
3.64 3.56 4.92 4.48
3.62 3.38 5.0 4.38
3.66 3.16 5.5 4.66
3.76 4.08 5.08 5.16
3.74 3.58 5.02 4.6
3.5 3.58 4.68 4.26
3.8 3.7 5.06 4.76
3.52 3.68 4.48 4.16
3.78 3.32 5.62 4.94
3.62 3.36 5.62 4.98
3.58 3.68 4.94 4.62
3.64 3.88 4.86 4.74
3.7 3.48 5.12 4.6
3.64 3.0 5.42 4.42
3.6 3.0 5.68 4.68
3.76 3.68 5.24 4.92
3.66 3.58 4.68 4.26
3.6 3.42 5.18 4.6
3.7 3.48 5.5 4.98
3.68 3.4 5.14 4.54
3.8 2.98 5.5 4.48
3.68 3.38 5.58 4.96
3.52 3.84 4.76 4.6
3.56 3.44 4.9 4.34
3.86 3.42 5.52 4.94
3.74 3.12 5.72 4.84
3.7 3.12 5.58 4.7
3.78 3.12 5.4 4.52
3.72 2.98 5.82 4.8
3.76 3.08 5.98 5.06
3.62 3.5 5.1 4.6
3.62 3.36 5.52 4.88
3.62 3.58 5.46 5.04
3.78 3.72 5.02 4.74
3.68 3.02 5.62 4.64
3.62 3.56 5.12 4.68
3.64 3.68 4.82 4.5
3.68 3.5 5.1 4.6
3.6 3.4 4.72 4.12
3.5 3.72 4.92 4.64
3.58 3.02 5.54 4.56
3.7 3.62 5.18 4.8
3.82 3.12 5.38 4.5
3.74 3.08 5.58 4.66
3.7 3.02 5.38 4.4
3.5 3.1 5.52 4.62
3.7 2.56 5.86 4.42
3.72 3.74 4.98 4.72
3.6 3.06 5.8 4.86
3.76 3.12 5.56 4.68
3.7 3.46 5.62 5.08
3.7 3.92 4.84 4.76
3.62 3.18 5.22 4.4
3.78 3.46 5.48 4.94
3.66 3.32 4.8 4.12
3.7 3.5 5.3 4.8
3.82 3.64 5.46 5.1
3.58 2.9 5.52 4.42
3.68 3.46 5.18 4.64
3.7 2.98 5.82 4.8
3.68 3.52 4.76 4.28
3.74 3.78 5.06 4.84
3.78 3.4 5.4 4.8
3.68 3.3 5.12 4.42
3.72 2.92 5.54 4.46
3.76 2.98 5.72 4.7
3.7 3.56 5.46 5.02
3.72 3.18 5.08 4.26
3.82 3.5 5.36 4.86
3.78 4.0 5.26 5.26
3.52 3.82 4.82 4.64
3.7 3.08 5.1 4.18
3.72 3.16 5.34 4.5
3.72 3.64 4.82 4.46
3.72 3.14 5.28 4.42
3.78 3.06 5.6 4.66
3.64 3.6 4.48 4.08
3.8 3.68 5.32 5.0
3.64 3.38 5.18 4.56
3.72 3.7 5.08 4.78
3.46 3.52 4.76 4.28
3.66 3.86 5.22 5.08
3.74 3.64 4.94 4.58
3.64 3.62 5.26 4.88
3.56 3.74 4.88 4.62
3.7 3.34 5.3 4.64
3.7 3.54 5.24 4.78
3.74 3.86 5.12 4.98
3.82 3.6 4.82 4.42
3.44 2.44 5.82 4.26
3.76 3.38 5.54 4.92
3.44 3.22 4.86 4.08
3.72 3.42 5.38 4.8
3.78 3.72 5.2 4.92
3.7 2.92 5.62 4.54
3.54 3.92 4.2 4.12
3.64 3.04 5.6 4.64
3.6 3.9 4.66 4.56
3.72 2.96 5.92 4.88
3.78 3.48 5.4 4.88
3.72 3.3 5.14 4.44
3.7 3.04 5.3 4.34
3.56 3.0 5.06 4.06
3.68 3.4 5.74 5.14
3.56 3.5 4.84 4.34
3.8 3.04 5.58 4.62
3.76 3.2 5.38 4.58
3.88 3.18 6.08 5.26
3.64 3.22 5.04 4.26
3.56 3.54 4.74 4.28
3.66 3.12 5.74 4.86
3.7 3.62 4.98 4.6
3.72 3.42 5.28 4.7
3.82 3.16 5.64 4.8
3.74 3.56 4.88 4.44
3.68 3.1 5.96 5.06
3.84 3.78 5.56 5.34
3.64 2.98 5.58 4.56
3.82 3.24 5.38 4.62
3.84 3.66 4.94 4.6
3.62 3.24 5.24 4.48
3.7 2.92 5.78 4.7
3.64 3.66 4.7 4.36
3.56 4.06 4.04 4.1
3.76 3.5 5.02 4.52
3.52 3.58 4.46 4.04
3.74 3.52 5.48 5.0
3.66 3.72 5.0 4.72
3.7 3.3 5.22 4.52
3.8 3.48 4.72 4.2
3.54 3.4 5.06 4.46
3.7 3.48 5.5 4.98
3.74 3.94 4.66 4.6
3.7 3.74 5.12 4.86
3.72 3.54 4.92 4.46
3.78 3.96 5.06 5.02
3.68 3.46 5.48 4.94
3.68 3.38 5.4 4.78
3.82 2.98 5.84 4.82
3.8 3.46 5.36 4.82
3.7 3.32 5.12 4.44
3.74 3.3 5.48 4.78
3.76 3.52 5.1 4.62
3.68 3.52 4.82 4.34
3.74 3.14 5.22 4.36
3.7 3.5 5.32 4.82
3.64 3.5 5.2 4.7
3.72 3.12 5.38 4.5
3.68 3.44 5.04 4.48
3.62 3.24 5.4 4.64
3.78 3.32 5.3 4.62
3.72 3.54 5.2 4.74
3.76 3.28 5.16 4.44
3.66 3.58 5.08 4.66
3.6 3.46 5.0 4.46
3.72 3.02 5.84 4.86
3.74 3.52 4.98 4.5
3.58 3.66 5.02 4.68
3.72 3.44 5.32 4.76
3.78 2.92 5.58 4.5
3.7 3.96 5.24 5.2
3.72 3.78 5.02 4.8
3.7 3.06 5.5 4.56
3.72 3.08 5.78 4.86
3.6 2.92 5.44 4.36
3.74 3.54 5.0 4.54
3.72 3.58 4.98 4.56
3.62 3.7 4.52 4.22
3.64 3.6 4.68 4.28
3.82 3.42 5.36 4.78
3.76 2.88 5.6 4.48
3.58 3.6 4.84 4.44
3.72 3.06 5.8 4.86
3.68 3.72 4.98 4.7
3.72 3.5 5.32 4.82
3.78 3.08 5.42 4.5
3.72 3.28 5.44 4.72
3.64 3.0 5.32 4.32
3.68 3.96 5.26 5.22
3.64 3.04 5.2 4.24
3.7 3.46 5.2 4.66
3.74 3.32 5.62 4.94
3.64 3.68 4.96 4.64
3.72 3.5 5.78 5.28
3.7 3.62 4.74 4.36
3.6 2.92 5.72 4.64
3.7 3.74 4.96 4.7
3.66 3.14 5.58 4.72
3.58 3.46 4.76 4.22
3.78 3.9 4.8 4.7
3.72 3.6 4.86 4.46
3.88 3.14 5.52 4.66
3.68 3.56 5.4 4.96
3.74 3.82 5.22 5.04
3.7 3.18 5.56 4.74
3.72 3.12 5.54 4.66
3.68 3.0 5.84 4.84
3.48 3.9 4.62 4.52
3.78 3.62 4.88 4.5
3.78 2.84 6.16 5.0
3.72 3.7 5.08 4.78
3.74 3.82 4.72 4.54
3.82 3.48 4.9 4.38
3.68 2.9 5.82 4.72
3.74 3.62 5.32 4.94
3.68 2.9 5.42 4.32
3.72 3.9 4.58 4.48
3.82 3.46 5.72 5.18
3.74 3.34 5.08 4.42
3.46 3.26 5.16 4.42
3.82 3.16 5.5 4.66
3.64 3.54 4.66 4.2
3.68 3.7 5.22 4.92
3.62 3.6 5.28 4.88
3.64 3.08 5.38 4.46
3.72 3.78 5.04 4.82
3.82 3.52 5.3 4.82
3.62 3.24 5.08 4.32
3.64 3.12 4.98 4.1
3.62 3.42 4.98 4.4
3.8 3.34 5.48 4.82
3.68 2.8 5.46 4.26
3.68 3.84 5.0 4.84
3.64 3.7 4.86 4.56
3.72 3.44 5.68 5.12
3.64 3.16 5.58 4.74
3.62 3.26 5.14 4.4
3.78 3.46 5.2 4.66
3.78 3.84 4.84 4.68
3.76 3.6 4.7 4.3
3.64 2.86 5.54 4.4
3.8 4.0 4.8 4.8
3.72 3.62 4.92 4.54
3.68 2.84 5.66 4.5
3.66 3.68 4.62 4.3
3.82 3.46 4.92 4.38
3.58 3.2 5.1 4.3
3.66 3.78 4.8 4.58
3.76 3.96 4.94 4.9
3.88 3.72 5.38 5.1
3.6 3.18 5.08 4.26
3.72 3.44 5.3 4.74
3.64 3.0 5.64 4.64
3.58 3.48 4.8 4.28
3.76 3.42 5.7 5.12
3.52 2.98 5.1 4.08
3.64 3.02 5.82 4.84
3.76 3.3 5.38 4.68
3.74 3.22 5.58 4.8
3.66 3.4 5.78 5.18
3.6 3.34 4.78 4.12
3.7 3.7 5.04 4.74
3.62 2.9 5.6 4.5
3.7 3.58 5.12 4.7
3.62 3.78 4.78 4.56
3.68 3.02 5.32 4.34
3.74 3.54 5.04 4.58
3.74 3.16 5.1 4.26
3.84 3.38 5.34 4.72
3.68 2.98 5.74 4.72
3.8 3.72 4.82 4.54
3.68 3.04 5.36 4.4
3.74 4.18 4.46 4.64
3.7 3.46 5.32 4.78
3.72 3.08 5.42 4.5
3.7 3.16 5.4 4.56
3.7 3.88 4.76 4.64
3.84 3.6 5.1 4.7
3.76 3.34 5.36 4.7
3.7 3.32 5.26 4.58
3.8 3.12 5.48 4.6
3.46 3.32 4.9 4.22
3.68 3.68 4.9 4.58
3.82 3.24 5.6 4.84
3.68 3.98 4.86 4.84
3.72 3.5 5.12 4.62
3.52 3.2 5.16 4.36
3.7 4.08 4.52 4.6
3.74 3.34 5.1 4.44
3.62 3.54 4.7 4.24
3.68 3.2 5.68 4.88
3.76 3.66 5.26 4.92
3.78 4.16 5.22 5.38
3.68 2.96 5.5 4.46
3.78 3.9 5.22 5.12
3.72 3.2 5.64 4.84
3.7 3.62 4.96 4.58
3.68 3.4 5.36 4.76
3.72 3.54 5.3 4.84
3.76 3.4 4.86 4.26
3.56 3.22 5.64 4.86
3.8 3.06 5.74 4.8
3.62 3.82 4.76 4.58
3.66 3.1 5.84 4.94
3.74 3.42 5.52 4.94
3.64 3.84 4.7 4.54
3.72 3.5 5.0 4.5
3.72 3.42 5.1 4.52
3.58 3.22 5.2 4.42
3.56 3.3 4.9 4.2
3.76 3.18 5.28 4.46
3.68 3.54 5.0 4.54
3.5 2.82 5.78 4.6
3.66 3.82 5.08 4.9
3.66 3.3 5.12 4.42
3.58 3.38 5.4 4.78
3.62 3.14 5.58 4.72
3.72 3.1 5.44 4.54
3.62 3.5 5.16 4.66
3.76 3.0 5.64 4.64
3.76 3.62 5.48 5.1
3.74 3.36 5.24 4.6
3.64 2.96 5.78 4.74
3.8 3.04 5.92 4.96
3.84 3.2 5.44 4.64
3.74 3.18 4.9 4.08
3.68 3.34 5.22 4.56
3.62 3.2 5.64 4.84
3.74 3.56 4.92 4.48
3.76 2.88 5.72 4.6
3.5 3.28 5.0 4.28
3.64 3.0 5.66 4.66
3.72 3.04 5.7 4.74
3.76 3.18 5.88 5.06
3.78 4.2 4.52 4.72
3.7 3.4 4.94 4.34
3.72 3.34 4.84 4.18
3.5 3.28 5.08 4.36
3.8 3.18 5.44 4.62
3.6 3.32 5.42 4.74
3.76 3.16 5.42 4.58
3.64 3.92 4.94 4.86
3.66 3.32 5.18 4.5
3.78 3.46 5.48 4.94
3.72 3.28 5.2 4.48
3.78 3.44 4.94 4.38
3.66 3.32 5.04 4.36
3.76 3.38 5.18 4.56
3.82 3.22 5.68 4.9
3.66 3.54 5.08 4.62
3.76 2.96 5.62 4.58
3.62 2.66 5.56 4.22
3.58 3.54 5.24 4.78
3.64 3.62 4.78 4.4
3.68 2.88 5.88 4.76
3.68 3.28 5.18 4.46
3.74 3.36 5.3 4.66
3.6 3.78 4.92 4.7
3.7 3.04 5.6 4.64
3.72 3.4 4.94 4.34
3.64 3.36 5.14 4.5
3.74 3.58 5.14 4.72
3.72 3.24 5.44 4.68
3.76 3.8 4.96 4.76
3.88 3.64 5.1 4.74
3.74 3.4 5.16 4.56
3.66 3.58 4.6 4.18
3.68 3.28 5.52 4.8
3.8 3.86 5.22 5.08
3.74 3.22 5.66 4.88
3.54 2.94 5.36 4.3
3.54 3.56 5.06 4.62
3.74 3.16 5.84 5.0
3.7 3.5 5.26 4.76
3.62 3.2 5.32 4.52
3.68 3.16 5.52 4.68
3.72 3.84 4.98 4.82
3.76 3.1 5.3 4.4
3.7 2.74 6.06 4.8
3.86 3.36 5.6 4.96
3.76 3.16 5.78 4.94
3.68 3.3 5.36 4.66
3.68 3.42 5.2 4.62
3.68 3.34 5.12 4.46
3.7 3.96 4.9 4.86
3.6 3.84 5.0 4.84
3.66 3.66 5.08 4.74
3.66 3.02 5.6 4.62
3.86 3.8 5.6 5.4
3.72 3.82 5.02 4.84
3.8 3.0 5.78 4.78
3.82 3.82 5.12 4.94
3.64 3.68 4.72 4.4
3.64 3.32 5.5 4.82
3.76 3.66 4.98 4.64
3.74 3.38 4.68 4.06
3.76 3.48 5.4 4.88
3.62 3.2 5.54 4.74
3.7 3.4 5.4 4.8
3.68 3.26 5.24 4.5
3.64 2.74 6.22 4.96
3.8 3.16 5.66 4.82
3.62 2.84 5.52 4.36
3.7 3.14 5.46 4.6
3.76 2.7 6.14 4.84
3.52 3.42 4.68 4.1
3.7 3.0 5.8 4.8
3.66 3.44 5.28 4.72
3.76 3.58 4.9 4.48
3.8 3.74 5.06 4.8
3.78 3.26 5.84 5.1
3.68 3.18 5.42 4.6
3.58 3.28 5.22 4.5
3.6 3.04 5.5 4.54
3.64 3.52 5.16 4.68
3.62 3.38 5.04 4.42
3.72 2.98 5.84 4.82
3.66 3.46 4.84 4.3
3.66 3.8 5.2 5.0
3.76 4.48 4.3 4.78
3.82 3.42 5.82 5.24
3.54 3.44 5.02 4.46
3.8 3.6 5.14 4.74
3.74 3.38 5.34 4.72
3.6 3.4 5.24 4.64
3.68 3.7 4.84 4.54
3.72 3.2 5.54 4.74
3.72 3.48 5.1 4.58
3.78 3.42 5.14 4.56
3.74 3.36 5.12 4.48
3.72 3.16 5.54 4.7
3.82 3.38 5.24 4.62
3.62 3.08 5.32 4.4
3.58 2.98 5.3 4.28
3.68 3.86 4.52 4.38
3.6 3.36 4.54 3.9
3.68 3.16 5.6 4.76
3.68 3.46 5.02 4.48
3.74 3.48 5.32 4.8
3.62 3.44 5.0 4.44
3.8 3.32 5.64 4.96
3.66 3.08 5.44 4.52
3.78 3.44 5.14 4.58
3.66 3.38 4.86 4.24
3.64 3.06 5.3 4.36
3.7 3.66 5.54 5.2
3.6 3.48 5.1 4.58
3.88 3.36 5.72 5.08
3.6 3.48 5.44 4.92
3.68 3.18 5.18 4.36
3.62 3.26 5.6 4.86
3.8 3.04 5.56 4.6
3.78 3.38 5.0 4.38
3.46 3.22 5.02 4.24
3.78 4.42 4.06 4.48
3.76 2.9 5.84 4.74
3.54 2.96 5.5 4.46
3.58 3.1 5.58 4.68
3.74 3.22 5.64 4.86
3.58 3.14 5.32 4.46
3.66 3.92 4.76 4.68
3.64 3.16 4.96 4.12
3.86 3.02 5.4 4.42
3.62 3.38 5.26 4.64
3.6 3.6 5.1 4.7
3.68 3.22 5.3 4.52
3.8 3.44 5.48 4.92
3.78 3.48 5.56 5.04
3.76 3.24 5.48 4.72
3.38 3.08 5.1 4.18
3.64 3.6 4.8 4.4
3.56 3.34 5.54 4.88
3.66 3.34 5.24 4.58
3.7 3.42 4.94 4.36
3.5 3.14 5.36 4.5
3.7 3.58 4.9 4.48
3.66 3.52 4.84 4.36
3.68 3.22 5.26 4.48
3.7 3.32 5.18 4.5
3.52 3.28 5.32 4.6
3.84 3.2 5.84 5.04
3.58 3.12 5.14 4.26
3.68 4.06 4.74 4.8
3.76 3.3 5.24 4.54
3.62 3.48 5.16 4.64
3.6 3.04 5.72 4.76
3.62 2.92 5.38 4.3
3.58 3.5 5.36 4.86
3.68 3.02 5.46 4.48
3.76 3.38 5.5 4.88
3.58 3.3 5.2 4.5
3.82 3.08 5.68 4.76
3.7 3.56 4.76 4.32
3.66 3.14 5.6 4.74
3.86 2.98 6.5 5.48
3.64 2.96 5.8 4.76
3.8 2.92 5.76 4.68
3.7 3.54 5.32 4.86
3.68 3.54 5.22 4.76
3.74 3.02 5.22 4.24
3.68 3.52 4.96 4.48
3.48 3.42 5.18 4.6
3.58 3.26 5.28 4.54
3.56 2.78 5.64 4.42
3.56 3.22 5.5 4.72
3.7 3.36 5.12 4.48
3.66 3.06 5.5 4.56
3.52 3.38 4.88 4.26
3.76 3.6 4.96 4.56
3.64 3.7 5.18 4.88
3.76 3.48 5.34 4.82
3.58 3.18 5.1 4.28
3.7 2.9 5.64 4.54
3.62 3.36 5.36 4.72
3.68 3.22 5.8 5.02
3.68 3.74 4.62 4.36
3.64 3.68 4.96 4.64
3.66 3.04 5.38 4.42
3.7 3.42 5.24 4.66
3.62 3.38 4.8 4.18
3.66 3.58 5.3 4.88
3.76 4.2 4.76 4.96
3.9 3.78 4.9 4.68
3.66 3.62 4.92 4.54
3.74 3.42 5.16 4.58
3.72 3.36 5.54 4.9
3.72 3.3 5.32 4.62
3.58 3.28 5.32 4.6
3.68 3.86 4.46 4.32
3.64 3.64 4.68 4.32
3.72 3.88 4.68 4.56
3.6 3.24 5.06 4.3
3.58 3.54 5.0 4.54
3.48 2.96 5.48 4.44
3.62 3.54 5.5 5.04
3.68 3.48 5.48 4.96
3.7 3.32 5.2 4.52
3.72 2.84 6.16 5.0
3.62 3.26 5.34 4.6
3.7 3.0 5.68 4.68
3.74 3.42 5.06 4.48
3.68 3.48 5.22 4.7
3.58 3.06 5.26 4.32
3.68 3.02 5.58 4.6
3.66 3.78 4.78 4.56
3.72 3.56 5.14 4.7
3.8 3.22 5.44 4.66
3.8 3.66 5.22 4.88
3.72 3.18 5.8 4.98
3.68 3.68 4.76 4.44
3.7 3.2 5.16 4.36
3.76 3.6 5.24 4.84
3.7 3.54 5.08 4.62
3.84 3.26 5.28 4.54
3.64 3.1 5.36 4.46
3.66 3.34 5.22 4.56
3.78 3.14 5.62 4.76
3.68 3.9 5.1 5.0
3.66 3.54 5.2 4.74
3.62 3.36 5.16 4.52
3.48 3.1 5.18 4.28
3.62 2.8 5.92 4.72
3.72 3.42 5.26 4.68
3.74 3.24 5.4 4.64
3.72 3.5 4.96 4.46
3.72 3.56 5.46 5.02
3.82 3.78 5.16 4.94
3.78 3.46 4.68 4.14
3.7 3.78 4.78 4.56
3.76 3.22 5.56 4.78
3.56 3.02 5.06 4.08
3.54 3.28 4.68 3.96
3.7 4.04 4.84 4.88
3.84 3.46 5.24 4.7
3.64 2.6 5.94 4.54
3.74 3.5 5.16 4.66
3.68 3.08 5.36 4.44
3.7 3.0 5.68 4.68
3.82 3.24 5.34 4.58
3.6 2.72 5.76 4.48
3.68 3.16 5.58 4.74
3.72 2.56 6.08 4.64
3.66 2.74 6.26 5.0
3.74 3.36 5.1 4.46
3.66 3.48 5.08 4.56
3.74 2.86 5.98 4.84
3.72 3.26 5.58 4.84
3.58 3.78 4.26 4.04
3.66 3.68 5.2 4.88
3.72 3.9 4.78 4.68
3.56 3.22 5.16 4.38
3.76 3.44 5.7 5.14
3.6 3.76 4.52 4.28
3.66 3.3 5.5 4.8
3.7 3.74 5.0 4.74
3.66 3.26 5.3 4.56
3.56 3.08 5.14 4.22
3.68 3.08 5.5 4.58
3.64 3.74 5.22 4.96
3.68 3.18 4.98 4.16
3.6 3.22 5.38 4.6
3.72 3.16 5.52 4.68
3.54 3.08 5.6 4.68
3.64 3.3 5.42 4.72
3.74 2.92 5.68 4.6
3.46 2.78 5.56 4.34
3.78 3.9 4.6 4.5
3.78 3.3 5.14 4.44
3.66 3.5 5.16 4.66
3.64 2.88 5.98 4.86
3.6 3.28 5.04 4.32
3.78 4.02 4.86 4.88
3.6 3.92 4.78 4.7
3.58 3.16 5.62 4.78
3.78 3.1 5.86 4.96
3.76 3.32 5.48 4.8
3.8 3.68 5.06 4.74
3.7 3.98 5.06 5.04
3.5 3.04 5.6 4.64
3.66 3.54 5.3 4.84
3.66 3.68 4.94 4.62
3.84 3.62 5.36 4.98
3.62 3.58 5.46 5.04
3.78 2.96 5.92 4.88
3.54 3.7 4.94 4.64
3.7 3.48 5.3 4.78
3.62 3.76 4.64 4.4
3.64 3.78 4.56 4.34
3.62 3.12 5.82 4.94
3.68 3.14 5.08 4.22
3.66 3.5 5.32 4.82
3.72 2.96 5.56 4.52
3.68 3.54 4.88 4.42
3.8 3.6 5.24 4.84
3.68 2.7 5.68 4.38
3.7 3.82 4.48 4.3
3.7 3.36 5.66 5.02
3.72 3.3 5.68 4.98
3.66 3.2 5.1 4.3
3.64 3.28 5.46 4.74
3.76 3.26 5.44 4.7
3.78 3.38 5.66 5.04
3.66 3.06 5.62 4.68
3.82 3.24 5.68 4.92
3.7 3.74 5.04 4.78
3.68 3.52 4.94 4.46
3.74 3.56 5.22 4.78
3.56 2.92 5.16 4.08
3.66 3.8 4.92 4.72
3.46 3.34 5.06 4.4
3.68 3.56 5.14 4.7
3.66 3.76 5.24 5.0
3.64 3.22 5.48 4.7
3.58 2.72 5.68 4.4
3.7 4.1 4.18 4.28
3.68 3.1 5.78 4.88
3.66 3.5 4.88 4.38
3.62 3.62 4.64 4.26
3.66 3.1 5.26 4.36
3.64 2.8 5.9 4.7
3.72 3.5 5.06 4.56
3.74 3.58 4.86 4.44
3.74 3.56 4.92 4.48
3.74 3.08 5.6 4.68
3.8 3.12 5.36 4.48
3.78 3.38 5.14 4.52
3.62 3.34 5.02 4.36
3.7 3.64 4.88 4.52
3.82 3.98 5.24 5.22
3.7 3.3 5.44 4.74
3.6 3.72 4.94 4.66
3.66 3.38 5.28 4.66
3.56 2.92 5.1 4.02
3.62 3.8 4.76 4.56
3.64 3.02 5.22 4.24
3.7 3.24 5.26 4.5
3.78 3.42 5.26 4.68
3.58 3.5 4.84 4.34
3.68 3.4 5.2 4.6
3.74 2.98 5.7 4.68
3.74 3.46 5.36 4.82
3.66 3.04 5.62 4.66
3.76 3.74 5.0 4.74
3.58 3.26 5.18 4.44
3.58 3.22 5.24 4.46
3.76 3.28 5.48 4.76
3.74 3.32 5.3 4.62
3.58 2.74 5.54 4.28
3.76 3.48 5.36 4.84
3.8 3.34 5.72 5.06
3.68 3.42 5.34 4.76
3.74 3.48 5.12 4.6
3.68 4.14 4.1 4.24
3.74 3.1 5.64 4.74
3.7 2.94 5.36 4.3
3.56 2.62 5.58 4.2
3.5 3.08 5.36 4.44
3.66 3.16 5.72 4.88
3.56 3.58 5.14 4.72
3.58 3.54 4.72 4.26
3.66 3.6 4.56 4.16
3.66 3.44 5.06 4.5
3.62 3.04 5.56 4.6
3.54 3.2 5.28 4.48
3.64 3.18 5.54 4.72
3.62 2.7 5.74 4.44
3.64 3.52 5.2 4.72
3.82 3.08 5.78 4.86
3.66 3.58 4.96 4.54
3.6 3.12 5.24 4.36
3.62 3.3 5.08 4.38
3.72 3.2 5.04 4.24
3.74 3.38 5.64 5.02
3.66 3.94 4.26 4.2
3.72 3.14 5.68 4.82
3.72 3.32 5.32 4.64
3.84 2.72 6.62 5.34
3.72 3.26 5.62 4.88
3.5 3.88 4.88 4.76
3.7 3.84 4.7 4.54
3.76 3.36 5.2 4.56
3.72 3.58 5.2 4.78
3.56 3.48 5.02 4.5
3.68 3.24 5.7 4.94
3.78 3.36 5.78 5.14
3.68 3.44 5.18 4.62
3.8 3.32 5.38 4.7
3.66 4.14 4.72 4.86
3.64 2.98 5.62 4.6
3.62 3.78 4.84 4.62
3.84 3.52 5.32 4.84
3.66 3.8 4.88 4.68
3.72 3.54 4.78 4.32
3.72 3.14 5.54 4.68
3.8 3.8 4.78 4.58
3.62 3.38 4.68 4.06
3.7 3.24 4.94 4.18
3.68 3.22 5.16 4.38
3.64 3.5 5.34 4.84
3.86 3.42 5.38 4.8
3.78 3.58 5.24 4.82
3.46 2.92 5.38 4.3
3.7 3.64 5.06 4.7
3.68 3.1 5.34 4.44
3.72 3.08 5.38 4.46
3.66 4.0 4.5 4.5
3.6 3.0 5.34 4.34
3.6 3.5 5.04 4.54
3.62 3.68 4.72 4.4
3.64 3.24 5.7 4.94
3.7 3.6 4.86 4.46
3.64 3.72 5.02 4.74
3.66 3.44 5.1 4.54
3.78 3.58 5.28 4.86
3.52 2.94 5.24 4.18
3.74 3.66 5.0 4.66
3.78 3.1 5.68 4.78
3.72 3.68 5.12 4.8
3.54 3.32 4.78 4.1
3.74 3.74 4.96 4.7
3.84 3.06 5.48 4.54
3.72 3.6 4.76 4.36
3.56 2.94 5.8 4.74
3.82 3.64 4.84 4.48
3.82 4.06 4.88 4.94
3.58 3.44 5.16 4.6
3.78 3.4 5.42 4.82
3.72 3.64 5.12 4.76
3.76 3.54 4.68 4.22
3.78 3.36 5.68 5.04
3.6 3.72 4.84 4.56
3.82 3.44 5.82 5.26
3.7 3.26 5.74 5.0
3.78 3.7 5.46 5.16
3.74 3.06 5.84 4.9
3.8 3.06 5.32 4.38
3.56 2.82 5.76 4.58
3.7 3.28 5.08 4.36
3.82 3.66 5.06 4.72
3.58 3.3 5.34 4.64
3.74 3.6 4.74 4.34
3.7 3.2 5.14 4.34
3.72 3.8 4.96 4.76
3.7 3.42 5.2 4.62
3.68 3.72 4.86 4.58
3.62 3.18 5.24 4.42
3.62 3.6 5.44 5.04
3.78 3.68 4.88 4.56
3.8 3.46 5.48 4.94
3.58 2.8 5.36 4.16
3.66 3.54 4.98 4.52
3.82 3.26 5.72 4.98
3.48 3.14 4.96 4.1
3.7 3.68 4.72 4.4
3.58 3.06 5.48 4.54
3.7 3.56 4.8 4.36
3.6 3.32 5.18 4.5
3.58 3.4 5.26 4.66
3.72 3.52 5.0 4.52
3.66 3.34 4.7 4.04
3.74 3.62 5.48 5.1
3.64 3.72 4.54 4.26
3.56 3.64 4.6 4.24
3.6 2.94 5.28 4.22
3.72 3.7 5.36 5.06
3.68 3.36 5.16 4.52
3.78 3.2 5.52 4.72
3.7 3.36 5.24 4.6
3.78 3.04 5.62 4.66
3.72 3.7 5.08 4.78
3.82 3.4 5.24 4.64
3.7 2.94 5.34 4.28
3.68 3.54 5.08 4.62
3.62 3.22 5.44 4.66
3.74 2.98 5.9 4.88
3.64 3.08 5.56 4.64
3.66 3.3 5.36 4.66
3.76 4.2 5.04 5.24
3.72 3.42 5.26 4.68
3.68 3.12 5.38 4.5
3.52 3.36 5.16 4.52
3.72 2.88 5.8 4.68
3.64 3.16 5.36 4.52
3.82 3.0 5.48 4.48
3.48 3.2 4.86 4.06
3.58 2.88 5.88 4.76
3.76 2.94 5.6 4.54
3.52 3.26 5.36 4.62
3.72 3.82 5.12 4.94
3.78 2.88 5.62 4.5
3.58 3.72 4.92 4.64
3.78 3.22 5.66 4.88
3.62 2.96 5.52 4.48
3.76 2.94 5.3 4.24
3.44 3.06 5.12 4.18
3.58 3.34 5.06 4.4
3.68 3.62 5.16 4.78
3.6 3.44 5.14 4.58
3.78 3.74 5.08 4.82
3.6 3.24 4.66 3.9
3.68 3.22 5.42 4.64
3.72 3.56 5.48 5.04
3.8 3.06 5.7 4.76
3.62 3.36 4.96 4.32
3.6 3.42 5.34 4.76
3.78 3.98 4.72 4.7
3.6 3.24 5.16 4.4
3.66 2.7 5.9 4.6
3.7 3.7 5.0 4.7
3.68 3.54 5.52 5.06
3.7 3.02 5.8 4.82
3.76 3.66 4.98 4.64
3.78 3.36 4.94 4.3
3.48 3.32 5.0 4.32
3.8 3.32 5.36 4.68
3.74 3.4 5.22 4.62
3.7 2.94 6.02 4.96
3.72 3.34 5.48 4.82
3.9 3.7 4.86 4.56
3.74 3.22 5.42 4.64
3.64 2.96 5.56 4.52
3.82 3.92 4.92 4.84
3.78 3.56 5.2 4.76
3.76 3.36 5.4 4.76
3.62 3.28 5.44 4.72
3.56 3.9 4.36 4.26
3.7 3.52 4.94 4.46
3.58 3.12 5.64 4.76
3.74 3.38 5.04 4.42
3.52 3.06 5.46 4.52
3.68 2.68 6.0 4.68
3.66 3.0 5.28 4.28
3.78 3.0 5.72 4.72
3.6 3.74 4.8 4.54
3.82 3.7 5.22 4.92
3.74 3.74 5.1 4.84
3.54 3.04 5.36 4.4
3.64 3.16 5.46 4.62
3.74 3.8 4.92 4.72
3.54 3.38 5.02 4.4
3.74 3.4 5.6 5.0
3.62 3.5 4.7 4.2
3.72 3.34 5.48 4.82
3.82 3.06 5.74 4.8
3.66 3.38 5.06 4.44
3.54 3.14 4.9 4.04
3.76 3.32 5.1 4.42
3.62 3.18 5.4 4.58
3.74 3.64 5.16 4.8
3.84 3.54 5.16 4.7
3.8 3.64 5.08 4.72
3.72 3.56 4.8 4.36
3.72 3.92 5.22 5.14
3.58 2.92 5.24 4.16
3.78 3.32 5.38 4.7
3.72 3.54 4.7 4.24
3.76 3.18 5.1 4.28
3.72 3.58 5.04 4.62
3.48 3.76 4.62 4.38
3.6 3.28 5.16 4.44
3.68 3.66 5.04 4.7
3.6 2.96 5.56 4.52
3.84 3.66 4.76 4.42
3.66 3.0 5.8 4.8
3.62 3.24 5.62 4.86
3.48 3.22 5.04 4.26
3.78 2.82 5.82 4.64
3.54 2.78 5.32 4.1
3.66 3.3 5.24 4.54
3.68 3.52 5.14 4.66
3.74 3.08 5.46 4.54
3.8 3.7 5.22 4.92
3.7 3.12 5.76 4.88
3.76 3.28 5.5 4.78
3.74 2.92 5.68 4.6
3.62 2.98 5.78 4.76
3.64 3.06 5.92 4.98
3.6 3.56 4.8 4.36
3.42 2.92 5.64 4.56
3.7 3.48 5.2 4.68
3.78 3.3 5.46 4.76
3.8 3.74 4.92 4.66
3.62 3.36 5.4 4.76
3.62 3.04 5.24 4.28
3.56 3.9 4.7 4.6
3.56 2.94 5.5 4.44
3.58 3.06 5.28 4.34
3.62 3.6 4.98 4.58
3.44 2.98 5.08 4.06
3.74 3.42 5.22 4.64
3.66 3.16 5.08 4.24
3.66 3.82 5.2 5.02
3.78 3.32 5.26 4.58
3.58 3.14 5.56 4.7
3.58 3.18 5.08 4.26
3.76 4.0 5.0 5.0
3.78 2.8 5.58 4.38
3.64 3.12 5.68 4.8
3.66 3.22 5.48 4.7
3.66 3.68 4.72 4.4
3.7 3.12 5.56 4.68
3.6 3.64 4.74 4.38
3.68 3.58 4.86 4.44
3.7 3.4 5.08 4.48
3.68 3.2 5.74 4.94
3.76 3.26 5.04 4.3
3.78 3.14 5.46 4.6
3.76 3.5 5.32 4.82
3.72 2.98 5.44 4.42
3.76 2.8 5.94 4.74
3.78 3.4 5.28 4.68
3.7 3.4 5.1 4.5
3.68 3.38 5.08 4.46
3.74 2.9 5.52 4.42
3.64 3.68 5.22 4.9
3.6 3.38 5.14 4.52
3.7 3.48 5.3 4.78
3.56 3.36 5.32 4.68
3.64 3.48 4.94 4.42
3.66 3.82 4.66 4.48
3.52 3.18 4.88 4.06
3.68 3.4 5.24 4.64
3.44 2.86 5.08 3.94
3.68 2.96 6.02 4.98
3.78 3.16 5.3 4.46
3.56 3.28 4.98 4.26
3.64 3.26 5.58 4.84
3.72 3.96 4.76 4.72
3.74 3.06 5.36 4.42
3.7 3.62 4.9 4.52
3.74 3.74 5.16 4.9
3.58 3.5 4.6 4.1
3.6 3.3 4.88 4.18
3.74 3.48 5.06 4.54
3.74 3.44 5.6 5.04
3.78 3.12 5.74 4.86
3.66 3.1 5.66 4.76
3.68 3.2 5.92 5.12
3.76 3.12 5.2 4.32
3.72 3.54 5.42 4.96
3.62 3.42 4.96 4.38
3.68 3.38 5.22 4.6
3.68 3.2 5.32 4.52
3.68 3.44 5.2 4.64
3.76 3.94 4.68 4.62
3.7 2.98 5.3 4.28
3.56 3.64 4.66 4.3
3.62 3.32 5.2 4.52
3.6 3.14 5.58 4.72
3.62 3.36 5.04 4.4
3.64 3.28 5.16 4.44
3.6 3.38 4.82 4.2
3.66 3.32 5.3 4.62
3.7 3.68 4.66 4.34
3.62 3.28 5.3 4.58
3.64 3.38 5.66 5.04
3.74 3.48 5.4 4.88
3.68 3.48 5.32 4.8
3.62 2.94 5.82 4.76
3.88 3.06 5.96 5.02
3.74 3.74 4.98 4.72
3.78 3.42 5.34 4.76
3.66 3.22 5.46 4.68
3.78 3.22 5.2 4.42
3.64 3.3 4.78 4.08
3.62 3.14 5.18 4.32
3.68 3.06 5.62 4.68
3.68 3.32 5.12 4.44
3.76 2.84 6.12 4.96
3.7 2.86 5.64 4.5
3.7 2.88 5.34 4.22
3.92 3.06 5.74 4.8
3.8 3.38 5.48 4.86
3.84 3.7 5.18 4.88
3.8 3.1 5.74 4.84
3.72 3.68 4.78 4.46
3.76 2.8 5.9 4.7
3.88 3.26 5.48 4.74
3.64 3.44 5.14 4.58
3.64 3.58 5.08 4.66
3.7 3.98 4.76 4.74
3.82 3.3 5.44 4.74
3.68 3.1 4.96 4.06
3.78 3.52 5.32 4.84
3.8 3.48 5.5 4.98
3.7 3.26 5.48 4.74
3.64 2.88 5.28 4.16
3.84 3.6 5.5 5.1
3.7 3.26 5.58 4.84
3.74 3.08 5.4 4.48
3.66 2.92 5.9 4.82
3.84 4.0 4.84 4.84
3.68 3.5 5.0 4.5
3.52 2.9 5.66 4.56
3.52 3.16 5.1 4.26
3.76 3.48 4.9 4.38
3.72 3.58 5.04 4.62
3.78 3.5 5.26 4.76
3.62 3.08 5.22 4.3
3.68 3.42 5.4 4.82
3.7 3.3 5.26 4.56
3.66 3.6 4.86 4.46
3.58 3.58 5.04 4.62
3.8 3.2 5.52 4.72
3.7 2.94 5.64 4.58
3.74 3.4 5.4 4.8
3.7 3.24 5.06 4.3
3.8 3.5 5.32 4.82
3.64 2.98 5.7 4.68
3.5 3.4 4.88 4.28
3.68 3.42 5.06 4.48
3.64 3.0 5.32 4.32
3.8 3.44 5.14 4.58
3.76 3.22 5.58 4.8
3.74 3.08 5.58 4.66
3.64 3.66 5.02 4.68
3.7 3.18 5.6 4.78
3.76 3.22 5.44 4.66
3.74 3.04 5.32 4.36
3.6 3.38 4.96 4.34
3.6 3.26 5.36 4.62
3.66 2.74 5.8 4.54
3.72 3.2 5.14 4.34
3.66 3.48 4.82 4.3
3.76 3.34 5.42 4.76
3.76 3.34 5.0 4.34
3.76 3.28 5.26 4.54
3.76 3.56 5.14 4.7
3.76 3.64 4.98 4.62
3.64 3.76 4.82 4.58
3.72 3.52 5.02 4.54
3.74 3.26 5.08 4.34
3.64 3.6 4.96 4.56
3.8 3.38 5.54 4.92
3.76 3.0 5.56 4.56
3.8 3.42 5.54 4.96
3.8 3.18 5.92 5.1
3.7 3.36 5.32 4.68
3.76 3.26 5.4 4.66
3.7 3.2 4.92 4.12
3.58 3.26 5.24 4.5
3.58 3.3 5.22 4.52
3.74 3.58 4.76 4.34
3.66 3.5 5.34 4.84
3.76 3.56 5.54 5.1
3.66 3.22 5.06 4.28
3.66 3.46 5.1 4.56
3.52 3.4 5.22 4.62
3.78 3.24 5.6 4.84
3.58 3.2 5.44 4.64
3.74 2.74 6.04 4.78
3.78 3.32 5.12 4.44
3.7 3.74 4.86 4.6
3.68 3.72 5.14 4.86
3.74 3.66 4.8 4.46
3.56 3.68 4.5 4.18
3.68 3.06 5.68 4.74
3.86 3.32 5.4 4.72
3.62 3.64 4.86 4.5
3.76 3.26 5.58 4.84
3.7 3.6 5.08 4.68
3.54 2.76 5.44 4.2
3.66 3.14 5.5 4.64
3.76 3.22 5.24 4.46
3.78 3.5 5.44 4.94
3.7 3.42 5.42 4.84
3.48 3.34 4.84 4.18
3.62 3.3 5.2 4.5
3.58 3.24 5.12 4.36
3.68 3.64 4.8 4.44
3.58 3.54 4.96 4.5
3.62 3.22 5.52 4.74
3.64 3.36 5.38 4.74
3.72 3.08 5.5 4.58
3.72 3.24 4.9 4.14
3.66 3.32 5.64 4.96
3.64 3.26 5.52 4.78
3.68 4.12 4.52 4.64
3.66 3.16 5.72 4.88
3.6 3.74 4.7 4.44
3.54 3.26 5.12 4.38
3.66 3.96 4.86 4.82
3.7 3.18 5.54 4.72
3.8 3.34 5.4 4.74
3.62 2.98 5.56 4.54
3.84 3.14 5.66 4.8
3.76 3.16 5.16 4.32
3.74 3.5 5.26 4.76
3.66 3.12 5.42 4.54
3.54 3.08 5.36 4.44
3.74 3.72 5.02 4.74
3.66 2.98 5.3 4.28
3.64 3.0 5.62 4.62
3.42 3.5 4.86 4.36
3.66 3.18 5.38 4.56
3.64 3.6 5.2 4.8
3.64 3.32 5.18 4.5
3.62 3.5 4.78 4.28
3.76 3.94 4.76 4.7
3.64 3.22 5.58 4.8
3.58 3.44 4.76 4.2
3.7 3.44 5.18 4.62
3.8 3.24 5.78 5.02
3.7 3.64 5.18 4.82
3.68 3.66 5.12 4.78
3.7 3.56 5.4 4.96
3.78 3.72 5.46 5.18
3.62 3.12 5.24 4.36
3.76 3.7 5.12 4.82
3.66 3.14 5.4 4.54
3.58 3.16 5.16 4.32
3.8 3.7 5.54 5.24
3.78 3.34 5.44 4.78
3.6 3.32 5.12 4.44
3.74 3.44 5.22 4.66
3.64 3.54 4.62 4.16
3.64 3.72 4.78 4.5
3.7 3.14 5.64 4.78
3.74 3.76 5.02 4.78
3.7 3.38 5.12 4.5
3.76 2.88 6.18 5.06
3.58 2.9 5.46 4.36
3.56 3.2 5.42 4.62
3.68 2.92 5.76 4.68
3.76 3.1 5.6 4.7
3.68 2.82 5.92 4.74
3.72 3.22 5.16 4.38
3.72 3.12 5.42 4.54
3.66 3.38 5.56 4.94
3.64 3.42 4.94 4.36
3.76 3.6 4.98 4.58
3.82 4.12 5.24 5.36
3.9 3.6 5.24 4.84
3.66 3.28 5.46 4.74
3.68 2.94 5.86 4.8
3.78 2.78 5.82 4.6
3.58 3.16 5.22 4.38
3.72 3.26 5.28 4.54
3.52 4.02 4.56 4.58
3.54 3.42 4.88 4.3
3.64 3.56 5.0 4.56
3.84 3.32 5.42 4.74
3.58 3.1 5.22 4.32
3.6 3.48 5.12 4.6
3.62 2.74 5.84 4.58
3.64 3.36 5.36 4.72
3.6 2.86 5.44 4.3
3.68 3.66 4.6 4.26
3.7 3.7 5.12 4.82
3.86 3.12 5.78 4.9
3.76 3.56 5.32 4.88
3.7 3.26 5.66 4.92
3.72 3.52 5.0 4.52
3.64 3.38 5.06 4.44
3.7 3.3 5.18 4.48
3.72 3.12 5.54 4.66
3.76 3.08 5.68 4.76
3.78 3.0 5.32 4.32
3.86 4.04 4.7 4.74
3.76 3.4 5.48 4.88
3.76 3.36 5.88 5.24
3.58 3.62 4.8 4.42
3.68 3.06 5.84 4.9
3.68 3.76 4.78 4.54
3.7 3.56 5.54 5.1
3.84 3.36 5.46 4.82
3.76 3.14 5.68 4.82
3.74 3.58 5.12 4.7
3.58 2.94 5.56 4.5
3.76 3.08 5.24 4.32
3.64 3.62 5.04 4.66
3.58 3.44 4.94 4.38
3.48 3.12 5.38 4.5
3.7 3.02 5.88 4.9
3.68 3.8 5.16 4.96
3.62 2.92 5.5 4.42
3.6 3.58 5.2 4.78
3.66 3.96 4.8 4.76
3.7 3.96 4.8 4.76
3.74 4.52 4.4 4.92
3.62 3.66 5.4 5.06
3.64 3.4 5.36 4.76
3.4 3.04 4.88 3.92
3.64 3.46 5.02 4.48
3.74 4.04 4.9 4.94
3.7 3.68 4.92 4.6
3.76 3.52 5.38 4.9
3.72 3.38 5.46 4.84
3.64 3.54 4.68 4.22
3.78 3.78 5.04 4.82
3.72 4.3 4.5 4.8
3.58 3.36 5.38 4.74
3.62 3.44 5.06 4.5
3.76 3.34 5.26 4.6
3.7 3.36 5.4 4.76
3.7 3.26 5.4 4.66
3.76 3.7 4.98 4.68
3.74 4.02 4.74 4.76
3.66 2.88 5.36 4.24
3.62 3.28 5.18 4.46
3.54 3.6 4.4 4.0
3.52 3.4 4.72 4.12
3.76 3.64 5.0 4.64
3.76 3.28 5.32 4.6
3.64 3.26 5.38 4.64
3.62 3.72 4.44 4.16
3.8 2.8 6.34 5.14
3.7 3.36 5.32 4.68
3.82 3.72 5.2 4.92
3.62 3.32 5.48 4.8
3.6 3.26 5.28 4.54
3.64 3.08 5.38 4.46
3.64 3.08 5.24 4.32
3.66 3.46 5.46 4.92
3.74 3.38 5.54 4.92
3.62 3.1 5.28 4.38
3.72 3.22 5.7 4.92
3.66 3.28 5.22 4.5
3.7 3.02 5.5 4.52
3.72 3.62 5.24 4.86
3.54 3.32 5.4 4.72
3.68 3.4 5.6 5.0
3.58 3.2 5.4 4.6
3.76 3.22 5.46 4.68
3.7 3.78 4.94 4.72
3.84 3.68 5.2 4.88
3.84 3.48 5.44 4.92
3.44 3.6 4.86 4.46
3.56 3.08 5.2 4.28
3.86 3.34 5.24 4.58
3.68 3.64 5.1 4.74
3.66 3.12 5.26 4.38
3.84 3.28 5.34 4.62
3.78 3.1 6.02 5.12
3.64 3.04 5.58 4.62
3.72 3.68 4.9 4.58
3.78 3.5 5.24 4.74
3.74 3.48 5.32 4.8
3.56 3.52 4.78 4.3
3.62 3.66 5.32 4.98
3.86 3.62 5.36 4.98
3.52 2.98 5.36 4.34
3.54 3.54 4.72 4.26
3.62 3.3 5.44 4.74
3.6 3.18 5.6 4.78
3.64 2.94 5.22 4.16
3.66 2.82 5.6 4.42
3.78 3.28 5.9 5.18
3.62 3.36 5.16 4.52
3.62 3.8 4.84 4.64
3.7 3.14 5.46 4.6
3.66 3.58 5.18 4.76
3.7 2.98 5.78 4.76
3.66 3.98 4.94 4.92
3.7 3.42 5.34 4.76
3.58 3.78 4.6 4.38
3.62 3.06 5.44 4.5
3.86 3.22 5.66 4.88
3.7 2.92 5.76 4.68
3.78 3.28 5.6 4.88
3.76 3.88 5.0 4.88
3.6 3.2 5.26 4.46
3.58 3.06 5.3 4.36
3.7 3.32 5.74 5.06
3.52 3.46 5.0 4.46
3.82 3.3 5.92 5.22
3.74 3.24 5.2 4.44
3.86 3.22 6.1 5.32
3.66 3.26 5.08 4.34
3.64 3.66 4.68 4.34
3.7 2.86 5.88 4.74
3.72 3.02 5.2 4.22
3.68 2.74 6.14 4.88
3.64 2.84 5.68 4.52
3.76 3.48 5.32 4.8
3.74 3.22 5.2 4.42
3.66 3.24 5.24 4.48
3.64 3.44 5.28 4.72
3.64 3.84 4.56 4.4
3.8 3.52 5.5 5.02
3.84 3.04 5.64 4.68
3.76 3.24 5.48 4.72
3.72 3.44 5.12 4.56
3.6 3.26 5.2 4.46
3.62 3.8 5.16 4.96
3.66 3.6 5.22 4.82
3.76 3.46 5.28 4.74
3.64 3.2 5.58 4.78
3.84 3.62 5.12 4.74
3.68 3.3 5.16 4.46
3.62 3.02 5.68 4.7
3.82 3.44 5.96 5.4
3.7 3.3 5.1 4.4
3.7 3.62 5.0 4.62
3.7 3.44 5.26 4.7
3.64 3.12 5.02 4.14
3.82 3.14 5.7 4.84
3.82 3.18 5.3 4.48
3.56 2.96 5.16 4.12
3.6 3.56 5.02 4.58
3.68 3.0 5.24 4.24
3.8 3.16 5.56 4.72
3.6 3.56 4.94 4.5
3.72 3.9 4.62 4.52
3.64 3.26 5.72 4.98
3.76 3.08 5.96 5.04
3.7 3.34 5.22 4.56
3.72 3.08 5.74 4.82
3.6 3.48 4.88 4.36
3.78 3.14 5.38 4.52
3.68 3.48 5.08 4.56
3.68 3.58 5.14 4.72
3.7 3.26 5.46 4.72
3.6 3.38 5.02 4.4
3.64 3.14 5.72 4.86
3.56 3.32 5.36 4.68
3.74 3.12 5.62 4.74
3.72 3.36 5.1 4.46
3.7 3.46 4.9 4.36
3.48 2.96 5.66 4.62
3.76 3.48 5.56 5.04
3.54 3.56 5.28 4.84
3.72 3.82 4.98 4.8
3.68 3.32 5.44 4.76
3.68 2.82 5.78 4.6
3.58 3.72 4.52 4.24
3.82 3.0 5.72 4.72
3.6 3.12 5.62 4.74
3.56 3.22 5.24 4.46
3.78 3.64 5.32 4.96
3.66 3.58 4.92 4.5
3.84 3.28 4.98 4.26
3.7 3.42 5.14 4.56
3.68 3.1 5.24 4.34
3.7 3.12 5.44 4.56
3.84 3.56 5.26 4.82
3.58 3.44 5.26 4.7
3.76 3.26 5.48 4.74
3.7 3.58 4.94 4.52
3.62 3.46 4.82 4.28
3.68 3.42 5.28 4.7
3.68 3.3 5.22 4.52
3.64 3.08 5.72 4.8
3.72 2.96 5.44 4.4
3.66 3.9 4.76 4.66
3.54 3.34 4.72 4.06
3.72 3.24 5.58 4.82
3.7 3.08 5.58 4.66
3.64 3.52 5.3 4.82
3.56 3.12 5.22 4.34
3.8 2.94 5.64 4.58
3.7 3.42 5.3 4.72
3.56 3.06 5.24 4.3
3.82 3.02 5.5 4.52
3.72 2.98 5.72 4.7
3.78 3.06 5.44 4.5
3.82 3.88 5.0 4.88
3.78 3.44 5.54 4.98
3.6 3.32 5.14 4.46
3.76 3.8 5.04 4.84
3.6 4.04 4.5 4.54
3.6 3.0 5.18 4.18
3.7 3.12 5.48 4.6
3.64 2.96 5.42 4.38
3.64 3.24 5.08 4.32
3.58 3.62 5.5 5.12
3.8 3.4 5.18 4.58
3.82 3.22 5.68 4.9
3.74 3.34 5.52 4.86
3.8 2.94 6.26 5.2
3.72 3.22 5.42 4.64
3.7 3.36 5.14 4.5
3.6 3.22 5.46 4.68
3.76 3.22 5.68 4.9
3.78 3.38 5.34 4.72
3.66 3.5 5.12 4.62
3.64 3.9 4.76 4.66
3.72 3.04 5.72 4.76
3.74 3.78 4.64 4.42
3.64 3.32 5.24 4.56
3.68 3.12 5.68 4.8
3.68 3.38 5.42 4.8
3.68 3.02 5.48 4.5
3.62 3.38 4.98 4.36
3.68 3.32 5.18 4.5
3.5 3.68 4.42 4.1
3.76 3.46 5.44 4.9
3.82 3.02 5.64 4.66
3.56 2.74 5.6 4.34
3.68 4.3 4.42 4.72
3.74 3.32 4.84 4.16
3.74 3.78 5.28 5.06
3.68 2.7 6.26 4.96
3.68 2.8 5.6 4.4
3.7 3.24 5.12 4.36
3.84 3.12 5.88 5.0
3.84 3.18 5.26 4.44
3.7 3.46 5.86 5.32
3.68 3.52 5.06 4.58
3.5 2.98 5.12 4.1
3.56 3.52 4.98 4.5
3.64 3.3 4.98 4.28
3.8 3.2 5.6 4.8
3.64 3.36 5.14 4.5
3.78 3.8 5.26 5.06
3.66 3.4 5.28 4.68
3.72 3.5 4.96 4.46
3.7 3.38 4.76 4.14
3.74 3.6 4.94 4.54
3.66 3.3 5.48 4.78
3.74 3.38 5.16 4.54
3.7 3.38 5.28 4.66
3.7 3.6 5.28 4.88
3.54 3.62 5.12 4.74
3.66 3.3 5.06 4.36
3.62 3.36 5.16 4.52
3.62 3.3 5.14 4.44
3.76 3.24 5.04 4.28
3.68 3.64 5.0 4.64
3.72 3.62 5.06 4.68
3.82 3.8 4.88 4.68
3.54 2.92 5.5 4.42
3.76 3.06 6.04 5.1
3.76 3.22 5.68 4.9
3.6 3.32 5.12 4.44
3.78 3.44 5.06 4.5
3.7 3.62 5.24 4.86
3.66 4.04 4.32 4.36
3.68 3.34 5.26 4.6
3.64 3.04 5.42 4.46
3.66 3.38 5.3 4.68
3.68 3.88 5.1 4.98
3.74 3.44 5.0 4.44
3.74 4.12 4.46 4.58
3.78 3.7 5.22 4.92
3.68 3.12 5.58 4.7
3.78 3.16 5.3 4.46
3.7 3.36 5.42 4.78
3.76 3.96 4.96 4.92
3.6 3.64 5.22 4.86
3.56 3.14 5.16 4.3
3.6 3.04 5.5 4.54
3.54 2.88 5.52 4.4
3.7 3.4 5.34 4.74
3.76 3.32 5.16 4.48
3.54 2.84 5.72 4.56
3.62 3.56 4.72 4.28
3.66 2.5 5.98 4.48
3.66 3.66 4.94 4.6
3.68 3.64 4.88 4.52
3.58 3.16 5.4 4.56
3.74 4.12 4.52 4.64
3.74 3.74 4.78 4.52
3.84 3.24 5.32 4.56
3.66 3.5 4.84 4.34
3.84 3.7 4.86 4.56
3.68 3.04 5.72 4.76
3.6 3.58 4.56 4.14
3.62 3.46 5.2 4.66
3.56 3.66 4.84 4.5
3.64 2.96 5.4 4.36
3.62 3.22 5.22 4.44
3.68 3.74 4.96 4.7
3.58 3.32 4.88 4.2
3.7 3.68 5.24 4.92
3.68 3.44 5.44 4.88
3.62 3.36 5.36 4.72
3.72 4.16 4.52 4.68
3.64 3.16 5.14 4.3
3.62 3.26 5.36 4.62
3.74 3.22 5.36 4.58
3.58 3.2 5.42 4.62
3.74 3.68 5.48 5.16
3.78 3.18 5.72 4.9
3.72 4.16 4.44 4.6
3.62 3.58 4.96 4.54
3.76 3.52 5.52 5.04
3.7 3.0 5.68 4.68
3.7 3.56 5.5 5.06
3.64 3.6 5.3 4.9
3.8 3.4 5.04 4.44
3.52 3.34 5.42 4.76
3.64 3.32 4.8 4.12
3.6 3.22 5.26 4.48
3.62 2.98 5.86 4.84
3.78 3.56 5.2 4.76
3.76 3.22 5.24 4.46
3.76 3.8 5.5 5.3
3.78 3.12 5.5 4.62
3.74 3.64 5.24 4.88
3.74 3.26 5.34 4.6
3.66 3.42 5.12 4.54
3.7 3.18 5.26 4.44
3.74 3.7 5.26 4.96
3.74 3.5 5.44 4.94
3.7 3.56 5.26 4.82
3.6 3.62 4.68 4.3
3.76 3.74 5.16 4.9
3.58 3.08 5.4 4.48
3.72 3.88 4.64 4.52
3.76 3.36 5.28 4.64
3.62 2.72 5.86 4.58
3.76 3.02 5.22 4.24
3.68 3.56 5.2 4.76
3.64 3.72 4.94 4.66
3.6 3.56 4.74 4.3
3.74 3.2 5.4 4.6
3.72 3.8 4.82 4.62
3.7 3.64 4.96 4.6
3.62 2.96 5.48 4.44
3.76 3.48 5.2 4.68
3.76 3.64 4.88 4.52
3.58 3.48 4.86 4.34
3.72 2.9 6.02 4.92
3.66 2.8 5.76 4.56
3.72 3.4 5.34 4.74
3.7 3.16 5.66 4.82
3.76 2.76 5.6 4.36
3.64 3.08 5.14 4.22
3.66 3.48 5.18 4.66
3.66 3.3 5.54 4.84
3.72 3.52 5.38 4.9
3.46 3.84 4.7 4.54
3.78 3.96 4.44 4.4
3.8 3.14 5.82 4.96
3.68 3.16 5.54 4.7
3.56 2.88 5.46 4.34
3.66 2.94 5.34 4.28
3.68 2.9 5.4 4.3
3.72 3.02 5.8 4.82
3.7 3.6 5.12 4.72
3.62 2.72 5.78 4.5
3.58 3.14 5.14 4.28
3.76 3.12 5.7 4.82
3.6 3.3 4.9 4.2
3.68 2.7 5.66 4.36
3.66 3.14 5.86 5.0
3.78 3.66 5.16 4.82
3.58 2.96 5.12 4.08
3.78 3.56 5.02 4.58
3.72 3.38 5.46 4.84
3.66 3.7 4.74 4.44
3.68 3.22 5.48 4.7
3.62 3.1 5.56 4.66
3.52 3.46 5.0 4.46
3.68 2.98 5.64 4.62
3.7 3.32 5.24 4.56
3.56 3.38 4.84 4.22
3.52 3.2 4.74 3.94
3.58 2.98 5.54 4.52
3.6 3.44 5.36 4.8
3.52 2.86 5.5 4.36
3.6 3.26 5.46 4.72
3.62 3.84 4.86 4.7
3.62 3.18 5.16 4.34
3.72 3.42 5.26 4.68
3.74 3.24 5.4 4.64
3.8 3.74 5.4 5.14
3.7 3.42 5.16 4.58
3.74 3.78 5.26 5.04
3.76 3.44 5.42 4.86
3.74 3.06 5.78 4.84
3.7 3.28 5.44 4.72
3.7 3.1 5.64 4.74
3.68 3.16 5.14 4.3
3.78 4.0 4.96 4.96
3.68 3.66 4.8 4.46
3.68 2.88 5.58 4.46
3.74 3.28 5.26 4.54
3.6 3.24 5.48 4.72
3.72 3.48 5.12 4.6
3.78 3.02 6.12 5.14
3.78 3.56 5.1 4.66
3.6 3.28 4.88 4.16
3.6 3.0 5.62 4.62
3.66 3.12 5.12 4.24
3.78 3.14 5.88 5.02
3.54 3.72 4.56 4.28
3.62 3.34 5.18 4.52
3.66 3.2 5.24 4.44
3.64 3.28 5.44 4.72
3.68 3.8 4.64 4.44
3.62 3.52 4.8 4.32
3.8 3.54 5.02 4.56
3.62 3.3 4.76 4.06
3.6 3.6 4.56 4.16
3.58 3.26 5.08 4.34
3.66 2.82 5.88 4.7
3.52 3.26 5.32 4.58
3.66 3.34 5.12 4.46
3.58 3.46 5.14 4.6
3.5 3.1 5.08 4.18
3.7 3.28 5.14 4.42
3.74 3.54 5.26 4.8
3.7 3.64 5.18 4.82
3.66 3.08 5.66 4.74
3.72 2.96 5.46 4.42
3.7 2.88 5.28 4.16
3.76 3.64 4.86 4.5
3.64 3.02 5.38 4.4
3.76 3.4 5.08 4.48
3.56 3.82 4.8 4.62
3.62 3.26 5.36 4.62
3.72 3.52 5.14 4.66
3.64 2.82 5.62 4.44
3.62 3.56 4.8 4.36
3.64 2.82 5.4 4.22
3.74 3.4 5.2 4.6
3.62 3.2 5.3 4.5
3.62 3.26 4.96 4.22
3.8 3.54 5.08 4.62
3.42 3.84 4.9 4.74
3.54 3.22 5.26 4.48
3.68 2.94 5.52 4.46
3.64 3.2 5.26 4.46
3.62 3.38 5.2 4.58
3.74 3.18 5.56 4.74
3.64 3.22 5.46 4.68
3.5 3.7 4.84 4.54
3.8 3.46 5.16 4.62
3.7 3.76 5.36 5.12
3.62 3.46 5.0 4.46
3.84 3.66 5.16 4.82
3.62 3.3 5.3 4.6
3.68 3.78 4.84 4.62
3.6 3.48 5.16 4.64
3.54 3.4 5.08 4.48
3.7 3.7 4.92 4.62
3.64 3.18 5.2 4.38
3.66 3.34 4.98 4.32
3.72 3.24 5.26 4.5
3.82 3.58 5.74 5.32
3.68 3.38 5.06 4.44
3.58 3.38 4.72 4.1
3.54 3.44 5.1 4.54
3.78 3.12 5.64 4.76
3.64 3.68 5.14 4.82
3.54 3.74 4.64 4.38
3.64 2.9 5.66 4.56
3.66 3.4 5.28 4.68
3.72 3.5 5.0 4.5
3.68 3.54 5.58 5.12
3.84 3.6 5.26 4.86
3.72 3.66 5.42 5.08
3.68 3.68 4.7 4.38
3.68 3.16 5.5 4.66
3.84 3.38 5.4 4.78
3.74 3.68 4.92 4.6
3.62 3.1 5.32 4.42
3.64 3.58 4.68 4.26
3.74 3.66 5.62 5.28
3.78 3.54 5.42 4.96
3.62 3.28 5.38 4.66
3.54 2.96 5.46 4.42
3.48 3.14 5.1 4.24
3.74 2.92 5.74 4.66
3.72 3.12 5.36 4.48
3.62 3.3 5.46 4.76
3.68 4.28 4.2 4.48
3.92 3.88 5.04 4.92
3.56 3.48 5.24 4.72
3.64 3.26 5.1 4.36
3.72 4.06 4.42 4.48
3.74 3.76 4.88 4.64
3.56 3.18 4.96 4.14
3.56 3.3 5.06 4.36
3.7 3.1 5.66 4.76
3.74 3.36 5.62 4.98
3.8 3.58 5.0 4.58
3.38 3.02 5.14 4.16
3.62 3.18 5.2 4.38
3.68 3.62 5.08 4.7
3.66 3.18 5.1 4.28
3.44 3.28 4.84 4.12
3.58 3.8 5.08 4.88
3.78 3.3 5.38 4.68
3.58 3.22 5.02 4.24
3.66 3.7 5.06 4.76
3.68 3.24 5.84 5.08
3.64 2.92 5.82 4.74
3.64 3.94 4.8 4.74
3.82 3.2 5.02 4.22
3.82 3.76 5.06 4.82
3.68 3.38 5.2 4.58
3.68 3.6 5.2 4.8
3.78 3.66 5.4 5.06
3.82 3.2 5.86 5.06
3.66 3.1 5.5 4.6
3.66 3.56 5.42 4.98
3.68 3.74 5.12 4.86
3.72 3.32 5.4 4.72
3.72 3.14 5.66 4.8
3.82 3.06 5.74 4.8
3.76 3.96 4.9 4.86
3.56 3.16 5.12 4.28
3.64 3.46 5.04 4.5
3.74 3.52 5.1 4.62
3.8 3.3 5.5 4.8
3.6 3.38 4.88 4.26
3.86 3.02 6.12 5.14
3.8 3.4 4.96 4.36
3.68 2.88 5.82 4.7
3.76 3.4 5.64 5.04
3.72 3.72 5.12 4.84
3.56 3.26 5.46 4.72
3.44 3.1 5.2 4.3
3.72 3.06 5.58 4.64
3.56 3.74 4.56 4.3
3.72 3.44 4.7 4.14
3.58 3.54 5.12 4.66
3.66 2.82 6.02 4.84
3.62 3.38 4.74 4.12
3.7 2.9 5.68 4.58
3.68 3.58 5.04 4.62
3.8 3.44 5.44 4.88
3.68 3.56 5.2 4.76
3.74 3.56 5.46 5.02
3.68 3.26 4.98 4.24
3.62 3.58 5.12 4.7
3.7 3.46 5.3 4.76
3.62 2.84 5.6 4.44
3.72 2.86 5.64 4.5
3.74 3.52 5.22 4.74
3.8 3.56 5.18 4.74
3.54 3.36 4.8 4.16
3.68 3.18 4.86 4.04
3.66 3.12 5.6 4.72
3.62 3.66 5.1 4.76
3.64 2.98 5.54 4.52
3.66 3.4 4.82 4.22
3.74 3.92 4.3 4.22
3.74 4.3 4.86 5.16
3.76 3.18 5.36 4.54
3.64 3.72 5.14 4.86
3.68 3.24 5.34 4.58
3.74 3.3 5.56 4.86
3.72 3.34 5.02 4.36
3.66 3.36 5.2 4.56
3.6 3.42 5.0 4.42
3.76 3.22 5.18 4.4
3.7 3.2 5.14 4.34
3.62 3.16 5.34 4.5
3.7 2.98 6.04 5.02
3.68 3.26 5.28 4.54
3.76 3.26 5.56 4.82
3.66 3.48 4.98 4.46
3.8 3.32 5.92 5.24
3.58 3.6 4.52 4.12
3.62 3.44 5.04 4.48
3.78 3.1 5.6 4.7
3.66 3.46 5.06 4.52
3.76 3.2 5.64 4.84
3.64 3.84 4.86 4.7
3.76 3.26 5.66 4.92
3.62 3.32 5.04 4.36
3.6 3.6 5.0 4.6
3.7 3.26 5.3 4.56
3.64 3.1 5.32 4.42
3.74 3.36 5.44 4.8
3.52 3.8 4.92 4.72
3.6 3.46 5.12 4.58
3.72 3.9 4.58 4.48
3.76 3.02 5.66 4.68
3.74 3.7 4.82 4.52
3.58 3.28 5.44 4.72
3.62 2.96 5.72 4.68
3.92 3.22 5.62 4.84
3.7 3.0 5.84 4.84
3.7 3.78 4.6 4.38
3.72 3.18 5.6 4.78
3.78 3.28 5.1 4.38
3.72 3.24 4.74 3.98
3.74 3.3 5.3 4.6
3.62 3.1 5.44 4.54
3.72 3.48 5.04 4.52
3.8 3.7 5.14 4.84
3.76 3.6 4.74 4.34
3.74 3.3 5.08 4.38
3.66 3.36 4.96 4.32
3.54 3.32 4.9 4.22
3.56 3.56 5.0 4.56
3.74 3.14 5.16 4.3
3.54 3.2 5.18 4.38
3.78 3.04 5.52 4.56
3.74 3.68 4.8 4.48
3.64 3.02 6.04 5.06
3.6 2.42 5.8 4.22
3.62 3.36 5.66 5.02
3.68 3.16 5.4 4.56
3.7 3.76 4.82 4.58
3.7 3.74 4.7 4.44
3.64 3.12 5.66 4.78
3.66 3.18 5.12 4.3
3.66 3.44 5.16 4.6
3.62 2.82 5.6 4.42
3.78 2.82 5.62 4.44
3.7 3.26 5.04 4.3
3.8 3.02 5.42 4.44
3.6 3.22 5.42 4.64
3.76 3.62 4.9 4.52
3.72 2.86 5.74 4.6
3.76 3.38 5.52 4.9
3.54 2.98 5.56 4.54
3.72 3.54 5.08 4.62
3.74 3.12 5.56 4.68
3.68 3.6 5.02 4.62
3.52 3.7 5.02 4.72
3.58 3.08 5.48 4.56
3.56 3.26 5.14 4.4
3.76 3.4 5.3 4.7
3.68 2.96 5.68 4.64
3.54 3.06 5.24 4.3
3.46 2.96 5.54 4.5
3.64 2.52 6.0 4.52
3.5 2.82 6.14 4.96
3.66 3.3 4.64 3.94
3.74 2.98 5.56 4.54
3.74 3.14 5.62 4.76
3.64 3.52 4.98 4.5
3.62 2.86 5.42 4.28
3.82 3.38 5.28 4.66
3.74 3.4 5.52 4.92
3.62 4.06 4.78 4.84
3.6 3.24 5.62 4.86
3.56 3.24 4.96 4.2
3.76 3.38 5.56 4.94
3.6 3.36 4.82 4.18
3.5 3.26 5.26 4.52
3.78 3.66 4.78 4.44
3.64 3.5 4.92 4.42
3.76 3.76 5.14 4.9
3.66 3.46 5.1 4.56
3.6 2.82 5.58 4.4
3.72 3.22 5.54 4.76
3.62 3.38 5.0 4.38
3.82 3.42 5.4 4.82
3.68 3.58 4.82 4.4
3.74 3.9 4.62 4.52
3.86 3.32 6.1 5.42
3.76 3.22 5.54 4.76
3.6 3.0 5.6 4.6
3.62 4.04 4.72 4.76
3.58 3.2 5.42 4.62
3.82 3.64 5.36 5.0
3.54 3.28 5.08 4.36
3.66 3.06 5.2 4.26
3.76 2.88 5.96 4.84
3.54 3.16 4.62 3.78
3.48 2.92 5.32 4.24
3.72 3.3 5.34 4.64
3.84 3.22 5.76 4.98
3.7 3.96 5.08 5.04
3.8 3.16 5.88 5.04
3.64 3.24 5.6 4.84
3.66 3.2 5.36 4.56
3.8 3.32 5.6 4.92
3.74 3.62 5.32 4.94
3.72 3.5 4.8 4.3
3.7 3.92 5.22 5.14
3.66 2.82 6.02 4.84
3.76 3.58 5.24 4.82
3.62 3.16 5.68 4.84
3.66 2.76 5.88 4.64
3.82 3.14 5.52 4.66
3.74 3.46 5.16 4.62
3.8 3.78 4.54 4.32
3.76 3.02 5.62 4.64
3.58 3.42 5.08 4.5
3.68 3.2 5.52 4.72
3.54 3.18 4.98 4.16
3.7 3.38 4.9 4.28
3.72 3.14 5.44 4.58
3.66 3.32 5.0 4.32
3.62 3.42 4.92 4.34
3.62 2.7 5.4 4.1
3.54 3.12 5.1 4.22
3.76 3.34 5.18 4.52
3.68 3.48 5.3 4.78
3.66 3.7 4.8 4.5
3.7 3.04 5.8 4.84
3.64 3.72 4.86 4.58
3.64 3.12 5.38 4.5
3.48 3.62 4.84 4.46
3.7 3.06 5.52 4.58
3.76 3.18 5.34 4.52
3.58 3.44 4.66 4.1
3.66 3.68 4.68 4.36
3.64 2.88 5.32 4.2
3.64 3.74 4.62 4.36
3.7 2.8 5.28 4.08
3.72 3.36 5.5 4.86
3.68 3.62 5.26 4.88
3.72 3.26 5.18 4.44
3.78 3.36 5.44 4.8
3.74 3.58 5.16 4.74
3.76 3.56 5.24 4.8
3.76 3.66 4.78 4.44
3.76 3.4 5.6 5.0
3.62 3.2 5.26 4.46
3.52 3.44 5.28 4.72
3.76 3.38 5.42 4.8
3.78 3.2 5.34 4.54
3.6 3.78 4.72 4.5
3.76 3.48 5.08 4.56
3.74 3.64 5.32 4.96
3.82 3.3 5.18 4.48
3.74 3.04 5.76 4.8
3.64 3.66 4.82 4.48
3.78 3.88 4.8 4.68
3.7 3.16 5.38 4.54
3.58 3.38 5.38 4.76
3.76 3.08 5.5 4.58
3.62 3.64 5.5 5.14
3.68 3.42 5.3 4.72
3.66 3.58 4.96 4.54
3.74 3.14 5.58 4.72
3.7 3.58 4.9 4.48
3.68 3.32 5.1 4.42
3.68 3.2 5.36 4.56
3.7 3.18 5.42 4.6
3.66 3.12 5.18 4.3
3.7 3.44 4.96 4.4
3.74 2.94 5.48 4.42
3.58 3.1 5.28 4.38
3.54 3.6 4.74 4.34
3.8 3.28 5.62 4.9
3.72 2.94 5.92 4.86
3.62 3.24 5.48 4.72
3.66 3.54 4.86 4.4
3.68 3.64 5.18 4.82
3.74 3.54 5.06 4.6
3.62 3.04 5.6 4.64
3.78 3.4 5.7 5.1
3.64 3.08 5.3 4.38
3.72 3.48 5.02 4.5
3.5 2.98 5.22 4.2
3.74 3.56 5.48 5.04
3.82 3.7 5.04 4.74
3.54 3.02 5.28 4.3
3.78 2.82 5.74 4.56
3.8 3.84 5.2 5.04
3.56 2.6 5.84 4.44
3.66 3.54 5.26 4.8
3.62 3.22 5.34 4.56
3.76 2.9 6.22 5.12
3.68 3.16 5.28 4.44
3.58 3.1 5.28 4.38
3.72 3.12 5.74 4.86
3.66 3.38 5.16 4.54
3.66 3.74 4.86 4.6
3.78 3.18 5.5 4.68
3.7 3.6 5.22 4.82
3.7 3.22 4.94 4.16
3.68 2.9 5.96 4.86
3.54 2.94 5.34 4.28
3.78 3.18 5.24 4.42
3.66 3.02 5.44 4.46
3.7 3.34 5.4 4.74
3.54 3.1 5.24 4.34
3.72 3.46 5.04 4.5
3.68 3.82 5.06 4.88
3.76 3.28 5.54 4.82
3.72 3.54 5.32 4.86
3.74 3.34 5.2 4.54
3.58 3.52 5.4 4.92
3.5 3.04 5.08 4.12
3.58 3.26 5.3 4.56
3.76 3.26 5.68 4.94
3.64 3.12 5.74 4.86
3.64 3.56 4.82 4.38
3.82 3.28 5.72 5.0
3.7 3.26 5.48 4.74
3.72 2.9 5.52 4.42
3.76 3.66 5.04 4.7
3.82 3.66 4.84 4.5
3.76 3.18 5.24 4.42
3.82 3.2 5.48 4.68
3.34 3.36 4.64 4.0
3.62 3.24 4.88 4.12
3.6 3.52 5.08 4.6
3.64 4.04 4.62 4.66
3.76 3.26 5.66 4.92
3.62 2.9 6.0 4.9
3.74 3.04 5.62 4.66
3.54 3.38 4.96 4.34
3.66 3.78 5.12 4.9
3.72 3.58 4.68 4.26
3.68 3.76 4.86 4.62
3.62 3.44 4.92 4.36
3.5 2.94 5.14 4.08
3.7 3.12 5.48 4.6
3.64 3.2 5.2 4.4
3.58 3.48 5.0 4.48
3.6 3.1 5.3 4.4
3.6 3.42 5.14 4.56
3.74 3.42 5.08 4.5
3.58 3.5 5.0 4.5
3.84 3.02 5.56 4.58
3.78 3.78 4.46 4.24
3.68 3.8 5.26 5.06
3.6 3.08 5.38 4.46
3.62 3.0 5.52 4.52
3.72 3.58 5.62 5.2
3.62 3.42 4.84 4.26
3.48 3.26 5.0 4.26
3.72 3.48 4.98 4.46
3.76 3.28 5.24 4.52
3.82 3.5 5.18 4.68
3.66 3.52 5.36 4.88
3.6 2.76 5.24 4.0
3.52 3.66 4.98 4.64
3.68 2.96 5.62 4.58
3.72 3.66 5.16 4.82
3.6 3.68 4.78 4.46
3.84 3.12 5.64 4.76
3.7 3.44 5.06 4.5
3.58 3.9 4.5 4.4
3.74 3.44 5.56 5.0
3.56 3.44 4.68 4.12
3.76 3.32 5.22 4.54
3.56 3.22 5.4 4.62
3.74 3.56 5.12 4.68
3.76 3.74 5.04 4.78
3.52 3.26 5.0 4.26
3.5 2.94 5.44 4.38
3.6 3.38 5.1 4.48
3.68 3.56 5.12 4.68
3.62 3.5 4.38 3.88
3.68 3.28 5.44 4.72
3.6 2.92 5.5 4.42
3.78 3.22 5.18 4.4
3.66 3.32 4.84 4.16
3.62 3.36 5.44 4.8
3.74 3.64 5.54 5.18
3.6 3.48 4.94 4.42
3.54 3.06 5.42 4.48
3.6 3.32 4.92 4.24
3.62 2.78 5.82 4.6
3.76 3.56 5.22 4.78
3.68 3.12 5.52 4.64
3.58 3.24 5.42 4.66
3.92 3.52 5.18 4.7
3.58 3.52 4.8 4.32
3.62 3.18 5.02 4.2
3.72 3.0 5.44 4.44
3.72 2.96 6.08 5.04
3.74 3.08 5.52 4.6
3.64 3.62 5.12 4.74
3.68 3.46 5.46 4.92
3.54 3.38 5.12 4.5
3.86 3.18 5.52 4.7
3.54 3.52 4.92 4.44
3.68 3.5 5.14 4.64
3.66 3.4 5.2 4.6
3.74 3.16 5.26 4.42
3.74 3.14 5.72 4.86
3.66 3.18 5.28 4.46
3.54 3.12 5.0 4.12
3.64 3.32 5.22 4.54
3.56 2.88 5.54 4.42
3.52 3.62 5.28 4.9
3.58 3.68 4.74 4.42
3.56 3.26 5.02 4.28
3.56 3.16 5.32 4.48
3.48 3.46 4.54 4.0
3.68 2.9 5.4 4.3
3.58 3.24 5.28 4.52
3.68 3.3 5.26 4.56
3.62 3.3 5.42 4.72
3.76 3.1 5.48 4.58
3.62 3.22 5.5 4.72
3.62 3.08 5.56 4.64
3.54 3.28 5.02 4.3
3.82 3.62 4.7 4.32
3.7 4.04 4.58 4.62
3.72 3.36 5.32 4.68
3.8 3.36 5.28 4.64
3.58 3.2 5.46 4.66
3.6 3.58 4.84 4.42
3.66 3.02 5.54 4.56
3.6 3.64 4.88 4.52
3.76 4.28 4.48 4.76
3.6 3.68 4.76 4.44
3.64 3.1 5.78 4.88
3.86 2.8 6.3 5.1
3.54 3.58 4.6 4.18
3.7 3.44 4.94 4.38
3.64 2.74 5.8 4.54
3.66 3.38 5.0 4.38
3.58 3.94 4.48 4.42
3.76 3.52 4.98 4.5
3.76 3.48 4.92 4.4
3.64 3.2 5.2 4.4
3.8 3.48 5.2 4.68
3.66 2.96 5.68 4.64
3.56 3.7 4.62 4.32
3.7 3.36 5.26 4.62
3.82 3.98 5.14 5.12
3.66 3.0 5.56 4.56
3.78 3.46 5.38 4.84
3.68 3.18 5.62 4.8
3.82 3.3 5.58 4.88
3.6 3.0 5.38 4.38
3.6 3.52 4.86 4.38
3.76 3.54 4.86 4.4
3.78 3.18 5.24 4.42
3.74 3.0 5.56 4.56
3.58 3.2 5.26 4.46
3.6 3.04 5.38 4.42
3.64 3.2 5.12 4.32
3.64 3.38 5.08 4.46
3.7 3.0 5.98 4.98
3.64 3.2 5.42 4.62
3.64 2.84 5.66 4.5
3.72 3.36 5.46 4.82
3.52 3.22 5.3 4.52
3.74 3.68 5.3 4.98
3.82 3.78 5.2 4.98
3.78 3.1 5.28 4.38
3.74 3.48 5.14 4.62
3.74 3.04 5.58 4.62
3.68 2.88 5.76 4.64
3.72 3.24 5.04 4.28
3.8 3.06 5.62 4.68
3.6 3.32 5.22 4.54
3.54 3.36 5.14 4.5
3.64 3.56 5.66 5.22
3.76 3.54 5.32 4.86
3.5 3.12 4.94 4.06
3.54 3.84 4.84 4.68
3.8 3.3 5.38 4.68
3.64 3.32 5.06 4.38
3.68 3.12 5.5 4.62
3.76 3.76 5.1 4.86
3.8 3.26 5.52 4.78
3.64 3.34 5.04 4.38
3.68 3.42 5.22 4.64
3.64 3.26 5.52 4.78
3.66 3.24 5.28 4.52
3.56 3.72 4.94 4.66
3.8 3.62 4.98 4.6
3.78 3.38 5.44 4.82
3.54 2.84 5.36 4.2
3.8 3.12 5.62 4.74
3.74 3.32 5.28 4.6
3.62 3.54 5.34 4.88
3.64 3.08 5.34 4.42
3.76 3.56 5.14 4.7
3.74 3.38 5.5 4.88
3.58 2.96 5.42 4.38
3.66 3.74 4.72 4.46
3.5 3.82 4.56 4.38
3.5 3.12 5.32 4.44
3.7 3.2 5.82 5.02
3.74 3.42 5.28 4.7
3.76 3.6 4.92 4.52
3.86 2.86 6.18 5.04
3.52 3.2 4.68 3.88
3.74 3.48 4.9 4.38
3.6 3.04 5.42 4.46
3.6 3.04 5.28 4.32
3.7 3.34 5.68 5.02
3.76 3.1 5.4 4.5
3.78 3.34 5.5 4.84
3.64 3.54 5.36 4.9
3.48 3.28 4.68 3.96
3.8 2.88 6.08 4.96
3.74 3.56 5.3 4.86
3.7 3.56 5.3 4.86
3.84 3.38 5.66 5.04
3.64 3.68 5.1 4.78
3.64 3.3 5.02 4.32
3.7 3.86 4.84 4.7
3.78 4.5 4.58 5.08
3.64 3.34 4.8 4.14
3.74 3.76 4.9 4.66
3.64 3.7 4.74 4.44
3.62 2.82 5.7 4.52
3.7 3.24 5.68 4.92
3.66 3.44 5.3 4.74
3.7 3.48 5.3 4.78
3.7 3.1 5.22 4.32
3.76 3.94 4.74 4.68
3.72 3.08 5.68 4.76
3.62 2.98 5.38 4.36
3.76 3.26 5.28 4.54
3.82 3.0 6.08 5.08
3.76 3.2 5.52 4.72
3.68 4.02 4.86 4.88
3.64 3.74 4.64 4.38
3.76 2.72 5.3 4.02
3.68 3.04 5.2 4.24
3.74 2.92 5.74 4.66
3.78 3.36 5.38 4.74
3.76 3.18 5.82 5.0
3.52 3.68 4.36 4.04
3.54 3.22 5.46 4.68
3.62 3.34 5.64 4.98
3.66 3.26 5.26 4.52
3.8 3.58 5.08 4.66
3.76 3.46 5.02 4.48
3.58 3.48 4.68 4.16
3.82 3.48 5.22 4.7
3.76 2.94 5.6 4.54
3.58 3.36 4.66 4.02
3.46 3.42 5.12 4.54
3.62 2.88 5.72 4.6
3.82 3.32 4.98 4.3
3.76 3.2 5.46 4.66
3.72 3.3 5.7 5.0
3.5 3.06 5.26 4.32
3.5 3.6 4.68 4.28
3.6 3.82 4.18 4.0
3.86 3.0 5.88 4.88
3.78 3.76 5.12 4.88
3.5 3.32 5.3 4.62
3.62 3.06 5.5 4.56
3.74 3.28 5.22 4.5
3.72 3.88 4.68 4.56
3.56 3.18 5.22 4.4
3.66 3.0 5.34 4.34
3.64 2.96 5.3 4.26
3.64 3.88 5.16 5.04
3.5 3.56 4.86 4.42
3.58 3.46 4.74 4.2
3.72 3.26 5.64 4.9
3.52 3.14 5.18 4.32
3.8 3.88 4.82 4.7
3.6 3.62 4.98 4.6
3.5 3.02 5.26 4.28
3.54 3.74 4.66 4.4
3.54 3.26 5.06 4.32
3.7 3.54 5.06 4.6
3.7 3.3 5.26 4.56
3.64 3.52 5.04 4.56
3.84 3.68 5.36 5.04
3.68 3.56 5.16 4.72
3.76 3.32 4.86 4.18
3.56 3.2 5.06 4.26
3.48 2.9 5.8 4.7
3.82 3.06 6.06 5.12
3.64 3.12 5.3 4.42
3.62 2.94 5.58 4.52
3.56 2.96 5.54 4.5
3.62 3.06 5.58 4.64
3.6 3.76 5.06 4.82
3.64 3.44 4.98 4.42
3.66 3.0 5.34 4.34
3.8 3.5 5.0 4.5
3.66 3.48 5.62 5.1
3.8 3.58 5.14 4.72
3.68 3.56 4.94 4.5
3.46 3.34 4.78 4.12
3.54 3.24 5.2 4.44
3.74 3.34 5.44 4.78
3.62 3.2 5.26 4.46
3.48 3.44 4.98 4.42
3.76 3.14 5.6 4.74
3.62 3.44 5.4 4.84
3.84 3.48 4.96 4.44
3.84 3.48 4.7 4.18
3.58 3.12 4.98 4.1
3.54 3.38 4.92 4.3
3.76 3.36 5.46 4.82
3.6 3.38 4.86 4.24
3.68 3.64 5.04 4.68
3.72 3.0 5.44 4.44
3.66 3.04 5.68 4.72
3.76 3.28 5.14 4.42
3.78 3.3 5.62 4.92
3.62 3.5 5.08 4.58
3.52 3.44 5.18 4.62
3.6 3.14 5.36 4.5
3.74 3.3 5.56 4.86
3.7 2.88 5.46 4.34
3.68 3.58 5.06 4.64
3.68 3.36 5.18 4.54
3.66 3.78 4.98 4.76
3.78 3.44 5.42 4.86
3.58 3.44 5.14 4.58
3.62 3.3 5.18 4.48
3.62 3.12 5.66 4.78
3.72 3.62 5.06 4.68
3.54 3.28 5.58 4.86
3.8 3.28 5.38 4.66
3.66 2.9 5.46 4.36
3.78 2.92 5.86 4.78
3.8 3.16 5.2 4.36
3.58 3.24 5.44 4.68
3.78 4.0 4.86 4.86
3.76 3.32 5.12 4.44
3.64 3.32 5.16 4.48
3.76 3.36 5.36 4.72
3.68 3.2 5.44 4.64
3.66 3.56 4.88 4.44
3.86 3.48 5.2 4.68
3.68 3.76 4.7 4.46
3.88 2.78 5.82 4.6
3.52 2.9 5.44 4.34
3.82 3.12 5.72 4.84
3.66 3.88 4.78 4.66
3.76 3.46 5.08 4.54
3.82 3.8 5.24 5.04
3.68 3.44 5.26 4.7
3.78 3.02 5.82 4.84
3.7 3.58 5.0 4.58
3.72 3.7 4.72 4.42
3.58 3.8 4.9 4.7
3.7 3.42 5.16 4.58
3.36 2.74 5.46 4.2
3.58 3.04 5.42 4.46
3.72 3.58 5.12 4.7
3.76 3.78 4.98 4.76
3.5 3.0 5.36 4.36
3.74 3.3 4.66 3.96
3.72 3.4 5.28 4.68
3.72 3.42 5.4 4.82
3.62 3.08 5.32 4.4
3.66 3.3 5.3 4.6
3.68 3.1 5.6 4.7
3.74 3.54 5.34 4.88
3.66 3.78 4.96 4.74
3.8 3.72 4.54 4.26
3.72 4.04 4.76 4.8
3.68 3.04 5.46 4.5
3.68 3.44 5.08 4.52
3.62 3.04 5.04 4.08
3.5 3.28 5.28 4.56
3.56 3.32 4.96 4.28
3.72 3.38 5.12 4.5
3.7 3.6 5.14 4.74
3.82 3.42 5.38 4.8
3.72 3.62 5.34 4.96
3.62 3.46 5.36 4.82
3.64 3.84 4.84 4.68
3.7 3.52 4.84 4.36
3.84 3.68 5.42 5.1
3.74 3.8 5.42 5.22
3.84 3.34 5.6 4.94
3.76 3.14 5.56 4.7
3.7 3.1 5.82 4.92
3.8 3.34 5.0 4.34
3.58 3.52 4.58 4.1
3.66 3.34 5.16 4.5
3.54 2.98 5.54 4.52
3.68 3.56 4.92 4.48
3.6 3.34 5.24 4.58
3.7 3.42 4.88 4.3
3.62 3.64 4.96 4.6
3.68 3.46 4.98 4.44
3.7 3.34 5.46 4.8
3.68 3.14 5.54 4.68
3.6 3.26 5.28 4.54
3.76 4.02 4.92 4.94
3.66 3.3 5.36 4.66
3.68 3.44 5.1 4.54
3.8 3.34 5.46 4.8
3.62 3.3 5.2 4.5
3.74 3.08 5.48 4.56
3.62 3.0 5.68 4.68
3.74 3.04 5.42 4.46
3.68 3.5 4.86 4.36
3.64 3.66 5.36 5.02
3.72 3.24 5.2 4.44
3.74 3.28 5.46 4.74
3.54 3.0 5.28 4.28
3.72 3.3 5.02 4.32
3.6 3.6 5.04 4.64
3.52 3.24 4.8 4.04
3.64 3.78 4.94 4.72
3.68 3.04 5.52 4.56
3.74 3.1 5.68 4.78
3.66 3.22 5.42 4.64
3.66 3.2 4.96 4.16
3.84 3.22 5.2 4.42
3.84 3.84 5.12 4.96
3.66 3.16 5.2 4.36
3.58 3.18 5.02 4.2
3.5 2.92 5.54 4.46
3.46 3.18 4.96 4.14
3.66 3.6 4.58 4.18
3.64 3.5 5.54 5.04
3.78 3.88 4.82 4.7
3.76 3.46 5.14 4.6
3.68 3.38 5.18 4.56
3.74 3.58 4.74 4.32
3.72 3.3 5.56 4.86
3.62 3.0 5.5 4.5
3.74 3.74 4.76 4.5
3.74 3.04 5.48 4.52
3.66 3.08 5.48 4.56
3.8 3.5 5.12 4.62
3.4 2.96 5.12 4.08
3.66 3.5 5.22 4.72
3.82 3.1 5.5 4.6
3.62 3.6 4.8 4.4
3.6 3.1 5.16 4.26
3.58 3.44 4.82 4.26
3.74 3.36 5.34 4.7
3.78 3.72 5.3 5.02
3.76 3.46 4.92 4.38
3.76 3.32 5.24 4.56
3.66 3.52 5.42 4.94
3.52 3.54 5.12 4.66
3.84 3.26 5.5 4.76
3.86 2.88 5.92 4.8
3.76 3.24 5.34 4.58
3.72 3.22 5.52 4.74
3.74 3.5 4.98 4.48
3.6 3.7 5.32 5.02
3.72 3.26 5.68 4.94
3.56 3.6 4.42 4.02
3.62 3.0 5.42 4.42
3.82 3.4 5.48 4.88
3.6 3.44 5.0 4.44
3.8 3.18 5.56 4.74
3.68 3.18 5.56 4.74
3.64 2.92 5.26 4.18
3.66 3.58 4.86 4.44
3.72 2.9 5.58 4.48
3.68 3.46 5.16 4.62
3.64 3.42 5.16 4.58
3.76 3.38 4.92 4.3
3.72 3.5 5.14 4.64
3.76 3.4 5.28 4.68
3.64 3.46 5.16 4.62
3.7 3.1 5.38 4.48
3.8 3.56 4.74 4.3
3.7 3.28 5.04 4.32
3.82 3.2 5.2 4.4
3.78 3.98 5.08 5.06
3.54 2.96 5.48 4.44
3.58 3.86 4.88 4.74
3.72 3.72 5.18 4.9
3.76 3.3 5.5 4.8
3.76 3.6 4.98 4.58
3.72 3.18 5.34 4.52
3.72 3.82 4.86 4.68
3.82 3.18 5.44 4.62
3.76 4.02 4.4 4.42
3.7 3.0 5.34 4.34
3.72 3.12 5.4 4.52
3.78 3.44 5.32 4.76
3.7 3.54 5.26 4.8
3.64 2.98 5.26 4.24
3.54 2.4 6.04 4.44
3.74 3.1 5.68 4.78
3.7 3.42 4.78 4.2
3.8 3.98 4.84 4.82
3.76 3.5 5.1 4.6
3.48 2.96 5.34 4.3
3.66 2.74 5.9 4.64
3.62 3.42 5.16 4.58
3.66 3.82 4.94 4.76
3.62 3.08 5.48 4.56
3.66 3.32 4.98 4.3
3.66 3.78 4.76 4.54
3.76 3.36 5.14 4.5
3.64 3.66 4.96 4.62
3.64 3.6 4.94 4.54
3.84 3.62 4.86 4.48
3.64 2.88 5.3 4.18
3.72 3.66 5.04 4.7
3.6 3.42 5.12 4.54
3.74 3.74 4.76 4.5
3.74 4.04 4.72 4.76
3.88 3.26 5.32 4.58
3.76 3.32 5.42 4.74
3.68 3.8 4.86 4.66
3.64 3.46 4.96 4.42
3.58 3.02 5.22 4.24
3.82 3.6 5.4 5.0
3.72 3.76 4.74 4.5
3.62 2.8 5.86 4.66
3.58 3.42 4.68 4.1
3.78 2.98 5.56 4.54
3.6 2.78 5.66 4.44
3.84 2.86 5.9 4.76
3.68 3.34 5.18 4.52
3.68 2.84 5.82 4.66
3.76 2.9 5.64 4.54
3.66 3.24 5.16 4.4
3.66 3.24 5.36 4.6
3.6 3.04 5.72 4.76
3.76 3.32 5.7 5.02
3.66 2.98 5.56 4.54
3.74 3.1 5.5 4.6
3.56 3.36 5.28 4.64
3.64 2.96 5.84 4.8
3.6 2.94 5.32 4.26
3.84 3.18 5.4 4.58
3.52 3.42 5.16 4.58
3.8 2.78 5.26 4.04
3.58 3.2 5.2 4.4
3.74 2.94 5.58 4.52
3.72 2.94 5.24 4.18
3.66 3.08 5.32 4.4
3.74 3.62 5.22 4.84
3.76 3.22 5.56 4.78
3.62 3.22 5.48 4.7
3.7 3.4 5.2 4.6
3.76 3.76 5.24 5.0
3.82 3.04 5.52 4.56
3.6 3.68 4.64 4.32
3.8 3.22 5.56 4.78
3.72 3.22 5.44 4.66
3.8 2.86 5.76 4.62
3.78 4.14 4.44 4.58
3.74 3.56 4.96 4.52
3.66 3.06 5.32 4.38
3.76 3.58 5.52 5.1
3.6 3.3 5.32 4.62
3.78 3.22 5.48 4.7
3.64 3.22 5.16 4.38
3.76 3.22 5.3 4.52
3.6 3.5 4.94 4.44
3.82 3.58 4.98 4.56
3.76 3.94 4.96 4.9
3.66 3.46 4.5 3.96
3.6 3.16 5.42 4.58
3.76 2.96 6.24 5.2
3.7 3.68 4.92 4.6
3.62 2.88 5.8 4.68
3.54 3.52 5.14 4.66
3.54 3.42 5.42 4.84
3.66 3.7 4.94 4.64
3.84 3.84 5.16 5.0
3.64 3.42 5.68 5.1
3.76 3.22 5.42 4.64
3.78 3.46 5.06 4.52
3.76 3.26 5.56 4.82
3.5 3.54 4.68 4.22
3.76 2.94 5.7 4.64
3.6 3.32 5.26 4.58
3.78 3.74 4.7 4.44
3.64 3.06 5.44 4.5
3.72 3.5 5.3 4.8
3.58 3.32 5.16 4.48
3.72 3.36 5.28 4.64
3.74 3.32 5.48 4.8
3.66 3.2 5.36 4.56
3.74 3.28 5.14 4.42
3.76 3.82 5.18 5.0
3.76 3.26 5.26 4.52
3.64 3.2 5.08 4.28
3.7 3.6 4.96 4.56
3.7 3.44 5.02 4.46
3.54 3.42 5.32 4.74
3.66 3.96 4.56 4.52
3.88 3.5 5.08 4.58
3.54 3.12 5.2 4.32
3.72 3.34 5.28 4.62
3.74 3.6 4.7 4.3
3.58 2.94 5.62 4.56
3.66 3.16 5.5 4.66
3.68 3.46 4.98 4.44
3.72 3.16 5.44 4.6
3.72 2.84 5.42 4.26
3.74 3.3 5.48 4.78
3.56 3.08 5.44 4.52
3.58 3.64 5.06 4.7
3.66 3.18 5.26 4.44
3.64 3.78 4.92 4.7
3.72 3.48 5.52 5.0
3.68 3.16 5.56 4.72
3.52 3.26 5.46 4.72
3.66 3.5 5.14 4.64
3.58 3.38 5.18 4.56
3.68 3.78 4.54 4.32
3.74 3.28 5.48 4.76
3.8 3.4 5.44 4.84
3.72 3.84 5.44 5.28
3.68 3.38 5.34 4.72
3.62 2.84 5.68 4.52
3.56 3.92 5.26 5.18
3.64 3.84 5.2 5.04
3.62 3.48 5.26 4.74
3.66 3.56 5.06 4.62
3.6 2.96 5.68 4.64
3.52 3.32 5.2 4.52
3.62 2.96 5.68 4.64
3.64 3.38 5.36 4.74
3.68 2.92 5.52 4.44
3.74 4.18 4.66 4.84
3.74 3.34 5.0 4.34
3.82 3.28 5.36 4.64
3.64 3.0 5.8 4.8
3.76 3.74 5.38 5.12
3.78 2.64 6.08 4.72
3.52 2.86 5.5 4.36
3.72 3.4 5.28 4.68
3.66 3.18 5.42 4.6
3.52 3.12 4.96 4.08
3.7 3.56 5.18 4.74
3.58 3.06 5.48 4.54
3.64 2.96 5.48 4.44
3.66 3.72 4.82 4.54
3.76 3.04 5.72 4.76
3.66 3.02 5.46 4.48
3.76 3.38 4.78 4.16
3.82 3.52 5.08 4.6
3.84 2.88 6.0 4.88
3.54 3.28 5.16 4.44
3.72 3.76 4.66 4.42
3.58 3.46 5.24 4.7
3.74 3.66 4.56 4.22
3.72 3.66 5.14 4.8
3.64 3.12 5.5 4.62
3.66 3.66 4.6 4.26
3.84 3.86 5.46 5.32
3.7 3.16 5.4 4.56
3.74 3.24 5.5 4.74
3.5 3.02 5.4 4.42
3.54 3.0 5.56 4.56
3.74 2.86 6.08 4.94
3.86 3.94 4.72 4.66
3.7 4.04 4.7 4.74
3.54 3.12 5.06 4.18
3.66 3.26 5.24 4.5
3.72 3.18 5.62 4.8
3.58 3.0 5.22 4.22
3.84 3.06 5.52 4.58
3.62 3.36 4.96 4.32
3.66 3.46 5.46 4.92
3.74 3.92 5.04 4.96
3.66 4.12 4.54 4.66
3.82 3.14 6.08 5.22
3.52 3.08 5.64 4.72
3.64 3.42 4.98 4.4
3.72 3.26 5.58 4.84
3.8 3.32 5.02 4.34
3.74 2.92 5.92 4.84
3.78 3.74 5.22 4.96
3.8 3.5 5.56 5.06
3.74 3.18 5.4 4.58
3.76 3.1 5.56 4.66
3.74 3.4 4.96 4.36
3.7 3.22 5.32 4.54
3.72 3.28 5.4 4.68
3.64 3.44 5.12 4.56
3.56 3.14 5.08 4.22
3.7 3.5 4.84 4.34
3.74 3.24 5.8 5.04
3.56 3.34 5.42 4.76
3.78 3.0 5.6 4.6
3.66 3.38 4.88 4.26
3.52 3.2 5.1 4.3
3.68 3.56 5.06 4.62
3.68 2.74 5.98 4.72
3.48 2.9 5.16 4.06
3.68 3.52 4.98 4.5
3.66 2.92 5.52 4.44
3.64 3.34 5.32 4.66
3.74 3.92 4.7 4.62
3.56 3.2 4.98 4.18
3.86 3.0 5.58 4.58
3.72 3.64 4.7 4.34
3.58 3.54 4.76 4.3
3.74 3.78 4.96 4.74
3.58 3.46 4.66 4.12
3.6 3.32 5.36 4.68
3.56 3.54 5.14 4.68
3.64 3.46 4.78 4.24
3.7 2.92 5.74 4.66
3.62 3.28 5.42 4.7
3.82 3.4 5.46 4.86
3.78 3.22 5.76 4.98
3.58 3.1 5.34 4.44
3.66 3.4 5.3 4.7
3.76 3.16 5.66 4.82
3.64 3.52 5.16 4.68
3.76 3.94 5.02 4.96
3.62 3.6 4.72 4.32
3.66 3.82 4.58 4.4
3.84 2.72 6.04 4.76
3.58 3.18 5.2 4.38
3.62 3.28 5.3 4.58
3.68 3.2 5.2 4.4
3.8 3.48 5.54 5.02
3.68 3.22 4.72 3.94
3.74 2.96 5.76 4.72
3.56 2.94 5.92 4.86
3.76 3.6 4.82 4.42
3.7 3.76 4.92 4.68
3.72 3.36 5.62 4.98
3.68 3.82 4.58 4.4
3.68 3.0 5.42 4.42
3.68 3.72 5.0 4.72
3.6 3.16 5.4 4.56
3.78 3.36 5.64 5.0
3.78 4.22 4.94 5.16
3.58 3.24 5.18 4.42
3.76 3.24 5.42 4.66
3.64 3.64 5.26 4.9
3.8 3.76 5.16 4.92
3.76 3.92 4.96 4.88
3.62 3.56 4.78 4.34
3.76 3.1 5.72 4.82
3.74 3.66 4.68 4.34
3.84 3.26 5.46 4.72
3.78 3.56 5.24 4.8
3.52 3.32 5.02 4.34
3.8 4.08 4.98 5.06
3.54 3.56 5.3 4.86
3.66 3.16 5.24 4.4
3.64 3.38 5.14 4.52
3.8 3.82 4.86 4.68
3.64 3.26 5.18 4.44
3.8 3.06 5.8 4.86
3.74 3.34 5.62 4.96
3.66 3.26 5.4 4.66
3.7 3.2 5.08 4.28
3.56 3.3 5.14 4.44
3.6 3.48 5.22 4.7
3.62 3.86 4.36 4.22
3.66 3.6 4.98 4.58
3.72 4.1 4.62 4.72
3.92 3.64 5.56 5.2
3.66 2.76 5.6 4.36
3.56 3.84 4.66 4.5
3.68 3.22 5.3 4.52
3.74 3.38 5.16 4.54
3.6 3.12 5.3 4.42
3.78 3.74 5.16 4.9
3.76 3.66 5.5 5.16
3.76 3.58 5.1 4.68
3.76 3.26 5.24 4.5
3.66 3.54 4.78 4.32
3.6 2.9 5.48 4.38
3.64 3.38 5.04 4.42
3.7 3.46 5.06 4.52
3.58 3.84 4.74 4.58
3.64 3.38 5.42 4.8
3.64 3.24 5.18 4.42
3.54 3.22 5.02 4.24
3.7 3.8 4.7 4.5
3.78 3.56 5.26 4.82
3.62 3.74 4.5 4.24
3.76 2.88 5.78 4.66
3.72 3.48 5.04 4.52
3.66 3.06 5.76 4.82
3.8 3.38 5.28 4.66
3.64 3.68 4.94 4.62
3.48 3.04 5.24 4.28
3.72 3.08 5.68 4.76
3.56 3.16 5.02 4.18
3.74 3.16 5.2 4.36
3.7 3.7 4.98 4.68
3.76 2.7 5.96 4.66
3.58 3.26 5.48 4.74
3.66 3.12 5.62 4.74
3.7 3.06 5.54 4.6
3.6 3.06 5.22 4.28
3.62 3.0 5.94 4.94
3.74 3.12 5.52 4.64
3.54 3.04 5.3 4.34
3.68 3.08 5.82 4.9
3.68 3.22 5.24 4.46
3.66 3.32 5.42 4.74
3.52 3.64 4.52 4.16
3.74 3.5 5.4 4.9
3.72 3.2 5.02 4.22
3.78 3.18 5.64 4.82
3.66 3.26 5.4 4.66
3.6 3.5 5.12 4.62
3.54 3.36 5.52 4.88
3.58 3.16 5.14 4.3
3.74 3.16 5.3 4.46
3.66 3.28 4.88 4.16
3.66 2.96 5.6 4.56
3.5 3.38 5.2 4.58
3.68 3.06 5.8 4.86
3.68 3.14 5.32 4.46
3.72 3.68 5.06 4.74
3.72 3.62 5.28 4.9
3.72 3.02 5.56 4.58
3.56 3.08 4.92 4.0
3.74 3.8 5.0 4.8
3.64 3.26 5.46 4.72
3.76 3.52 5.42 4.94
3.66 3.16 5.62 4.78
3.68 3.38 5.4 4.78
3.68 3.12 5.56 4.68
3.76 2.98 5.9 4.88
3.62 3.26 4.82 4.08
3.58 3.36 5.0 4.36
3.76 3.04 5.5 4.54
3.62 3.6 4.96 4.56
3.44 3.54 4.62 4.16
3.5 3.02 5.44 4.46
3.64 3.7 5.3 5.0
3.68 3.56 4.48 4.04
3.76 3.56 5.1 4.66
3.48 3.26 4.7 3.96
3.78 3.78 5.28 5.06
3.72 3.4 5.24 4.64
3.8 3.06 5.92 4.98
3.54 2.88 5.46 4.34
3.8 3.68 5.32 5.0
3.68 4.06 4.48 4.54
3.7 3.36 5.24 4.6
3.6 3.62 4.96 4.58
3.52 3.36 4.74 4.1
3.58 3.06 5.4 4.46
3.76 3.34 5.64 4.98
3.7 3.5 5.46 4.96
3.64 3.34 5.16 4.5
3.66 3.78 4.8 4.58
3.6 3.1 5.74 4.84
3.58 3.18 5.34 4.52
3.6 3.44 4.92 4.36
3.64 3.42 5.36 4.78
3.84 3.4 5.62 5.02
3.5 3.72 4.66 4.38
3.74 3.54 5.26 4.8
3.78 3.6 5.26 4.86
3.56 3.36 5.42 4.78
3.66 3.22 5.22 4.44
3.74 3.44 5.0 4.44
3.74 3.5 5.24 4.74
3.68 2.94 5.24 4.18
3.64 3.48 4.92 4.4
3.68 3.76 4.72 4.48
3.5 3.08 5.18 4.26
3.8 3.12 5.38 4.5
3.84 3.48 5.44 4.92
3.7 3.18 5.32 4.5
3.46 3.3 5.3 4.6
3.76 3.64 5.22 4.86
3.66 3.56 5.0 4.56
3.6 3.84 4.66 4.5
3.72 3.44 5.36 4.8
3.5 3.04 5.34 4.38
3.72 2.98 5.68 4.66
3.62 3.7 5.18 4.88
3.66 3.42 5.1 4.52
3.6 2.66 5.54 4.2
3.64 3.1 5.22 4.32
3.8 3.26 5.2 4.46
3.7 3.42 4.94 4.36
3.76 3.36 5.38 4.74
3.72 3.16 5.52 4.68
3.68 3.54 5.14 4.68
3.54 3.22 5.2 4.42
3.64 3.62 4.9 4.52
3.62 3.82 4.66 4.48
3.8 3.54 4.76 4.3
3.74 3.3 5.32 4.62
3.58 3.42 4.8 4.22
3.8 3.12 5.54 4.66
3.6 3.0 5.44 4.44
3.58 3.38 4.62 4.0
3.66 3.22 5.32 4.54
3.58 3.16 5.44 4.6
3.66 3.44 5.72 5.16
3.74 3.54 5.32 4.86
3.9 3.1 5.82 4.92
3.6 3.46 4.92 4.38
3.78 3.74 4.88 4.62
3.64 2.96 5.46 4.42
3.6 2.88 5.64 4.52
3.76 3.34 5.52 4.86
3.58 3.32 4.88 4.2
3.68 3.28 5.42 4.7
3.72 3.72 4.74 4.46
3.62 3.18 5.26 4.44
3.64 3.06 5.58 4.64
3.9 3.78 5.2 4.98
3.82 3.38 5.14 4.52
3.66 3.54 4.76 4.3
3.64 3.58 4.64 4.22
3.66 3.7 5.04 4.74
3.6 3.46 5.1 4.56
3.74 3.38 5.42 4.8
3.7 3.32 5.12 4.44
3.7 3.34 4.96 4.3
3.7 3.14 5.5 4.64
3.68 3.58 4.98 4.56
3.66 3.4 5.4 4.8
3.62 3.8 5.04 4.84
3.8 3.04 5.5 4.54
3.6 3.16 5.06 4.22
3.6 3.36 5.08 4.44
3.56 3.5 4.98 4.48
3.72 3.5 5.06 4.56
3.72 2.96 6.0 4.96
3.66 3.12 5.48 4.6
3.6 3.88 4.94 4.82
3.66 3.52 5.16 4.68
3.72 3.64 4.8 4.44
3.72 3.2 5.44 4.64
3.56 3.7 4.56 4.26
3.64 3.18 5.08 4.26
3.68 3.4 4.94 4.34
3.74 3.04 5.64 4.68
3.68 3.24 5.2 4.44
3.76 3.32 5.46 4.78
3.58 3.36 5.2 4.56
3.76 2.84 5.66 4.5
3.64 3.18 5.1 4.28
3.8 3.3 5.26 4.56
3.54 3.68 4.94 4.62
3.72 3.82 5.1 4.92
3.76 3.58 5.38 4.96
3.72 3.5 4.56 4.06
3.66 3.32 5.02 4.34
3.8 3.7 5.3 5.0
3.72 3.42 5.76 5.18
3.7 3.2 5.62 4.82
3.76 3.12 5.76 4.88
3.58 3.4 5.42 4.82
3.76 2.94 5.78 4.72
3.8 3.36 5.34 4.7
3.76 3.12 5.04 4.16
3.72 3.54 5.06 4.6
3.72 3.46 5.4 4.86
3.68 3.5 5.08 4.58
3.74 3.24 5.84 5.08
3.66 3.26 4.94 4.2
3.7 3.56 5.26 4.82
3.78 3.12 5.96 5.08
3.62 3.16 5.2 4.36
3.66 3.62 5.1 4.72
3.58 3.38 5.2 4.58
3.72 3.22 5.36 4.58
3.64 3.46 5.22 4.68
3.72 3.8 5.54 5.34
3.68 3.22 5.16 4.38
3.78 2.72 6.02 4.74
3.74 2.96 5.7 4.66
3.68 3.58 5.18 4.76
3.76 3.24 5.42 4.66
3.62 3.4 5.02 4.42
3.86 3.46 5.5 4.96
3.66 3.0 5.48 4.48
3.68 3.32 5.74 5.06
3.58 3.4 5.74 5.14
3.68 2.9 5.92 4.82
3.66 3.84 4.88 4.72
3.74 3.84 5.26 5.1
3.66 3.16 5.5 4.66
3.5 3.68 4.46 4.14
3.58 3.62 4.82 4.44
3.78 3.64 5.32 4.96
3.46 3.2 5.34 4.54
3.54 2.92 5.22 4.14
3.56 3.5 4.94 4.44
3.66 3.36 4.86 4.22
3.68 3.22 5.54 4.76
3.56 3.14 5.28 4.42
3.68 3.74 4.86 4.6
3.5 3.82 4.86 4.68
3.8 3.46 5.46 4.92
3.56 3.44 4.86 4.3
3.68 3.8 4.34 4.14
3.54 3.9 4.74 4.64
3.78 3.22 5.22 4.44
3.78 3.84 5.2 5.04
3.76 3.18 5.28 4.46
3.76 3.32 5.46 4.78
3.68 3.3 5.32 4.62
3.62 3.6 5.32 4.92
3.72 3.34 5.48 4.82
3.78 2.92 5.8 4.72
3.68 3.6 4.78 4.38
3.7 3.84 4.8 4.64
3.7 3.26 5.78 5.04
3.66 3.72 4.64 4.36
3.76 3.6 4.68 4.28
3.68 2.64 6.3 4.94
3.72 3.76 4.8 4.56
3.64 3.82 4.88 4.7
3.68 3.36 5.26 4.62
3.72 3.62 5.18 4.8
3.58 3.3 4.58 3.88
3.74 2.84 5.78 4.62
3.64 3.64 5.1 4.74
3.7 3.22 5.38 4.6
3.52 3.56 4.62 4.18
3.56 3.0 5.72 4.72
3.62 3.24 5.58 4.82
3.72 3.66 5.16 4.82
3.78 3.92 4.76 4.68
3.54 3.42 4.92 4.34
3.7 3.74 5.04 4.78
3.64 3.28 5.36 4.64
3.88 3.32 5.6 4.92
3.56 3.74 5.0 4.74
3.76 2.96 5.56 4.52
3.7 3.62 4.82 4.44
3.72 3.7 4.96 4.66
3.82 3.02 5.74 4.76
3.76 3.42 5.04 4.46
3.74 3.6 5.02 4.62
3.82 3.48 5.74 5.22
3.68 3.14 6.0 5.14
3.68 3.68 4.56 4.24
3.64 3.46 5.2 4.66
3.72 3.46 4.82 4.28
3.76 3.56 4.94 4.5
3.64 3.56 5.1 4.66
3.88 3.58 5.26 4.84
3.66 3.2 5.18 4.38
3.52 3.34 5.26 4.6
3.7 2.98 5.58 4.56
3.66 3.5 4.78 4.28
3.62 3.04 5.04 4.08
3.52 2.98 5.28 4.26
3.7 3.3 5.26 4.56
3.8 3.28 5.2 4.48
3.62 3.36 5.12 4.48
3.62 3.06 5.48 4.54
3.58 3.36 4.78 4.14
3.66 2.94 5.5 4.44
3.66 3.44 5.26 4.7
3.54 3.28 5.18 4.46
3.7 3.64 5.16 4.8
3.46 3.16 5.0 4.16
3.9 3.5 5.04 4.54
3.8 3.46 4.92 4.38
3.56 3.44 4.94 4.38
3.74 3.6 4.96 4.56
3.7 2.9 5.66 4.56
3.54 3.16 4.92 4.08
3.62 3.22 5.22 4.44
3.68 3.42 5.4 4.82
3.42 2.46 5.78 4.24
3.76 3.14 5.5 4.64
3.74 3.02 5.52 4.54
3.66 3.3 5.54 4.84
3.7 2.88 5.88 4.76
3.6 3.38 5.02 4.4
3.5 3.82 4.62 4.44
3.76 3.54 5.06 4.6
3.82 3.68 5.14 4.82
3.58 3.6 5.12 4.72
3.68 3.6 5.2 4.8
3.8 3.62 5.14 4.76
3.68 3.56 5.48 5.04
3.62 3.7 4.92 4.62
3.72 3.76 5.22 4.98
3.74 3.76 4.94 4.7
3.58 3.48 4.9 4.38
3.74 3.56 5.14 4.7
3.8 3.48 5.26 4.74
3.76 3.28 5.88 5.16
3.66 3.72 5.06 4.78
3.7 3.54 4.92 4.46
3.74 3.42 5.84 5.26
3.66 3.22 5.5 4.72
3.84 3.72 5.02 4.74
3.78 3.74 5.14 4.88
3.76 3.0 5.92 4.92
3.72 3.86 5.02 4.88
3.66 3.48 5.52 5.0
3.78 3.22 5.66 4.88
3.6 3.28 4.98 4.26
3.56 3.42 5.18 4.6
3.66 3.46 5.4 4.86
3.52 3.18 5.36 4.54
3.7 3.52 4.98 4.5
3.7 3.8 4.88 4.68
3.78 3.28 5.42 4.7
3.78 3.8 4.98 4.78
3.74 3.14 5.52 4.66
3.86 3.6 5.62 5.22
3.64 2.88 5.54 4.42
3.64 3.02 5.36 4.38
3.74 3.72 5.1 4.82
3.66 3.34 5.2 4.54
3.78 3.98 4.62 4.6
3.88 2.76 5.84 4.6
3.7 3.42 5.12 4.54
3.68 3.7 4.9 4.6
3.5 3.32 5.24 4.56
3.78 3.14 5.68 4.82
3.78 3.6 4.92 4.52
3.68 3.46 5.46 4.92
3.76 3.42 4.74 4.16
3.82 3.44 5.22 4.66
3.68 3.12 5.5 4.62
3.54 3.1 4.96 4.06
3.72 3.24 5.18 4.42
3.38 2.92 5.38 4.3
3.5 2.88 5.66 4.54
3.7 3.06 5.72 4.78
3.86 3.44 5.16 4.6
3.66 3.22 5.44 4.66
3.8 3.34 5.12 4.46
3.72 3.48 5.02 4.5
3.8 3.28 5.74 5.02
3.7 3.24 5.22 4.46
3.82 2.82 5.72 4.54
3.64 3.36 5.18 4.54
3.7 3.72 5.4 5.12
3.66 3.42 5.2 4.62
3.74 2.94 5.44 4.38
3.78 3.2 5.54 4.74
3.6 2.88 5.48 4.36
3.54 3.72 4.82 4.54
3.72 3.9 5.04 4.94
3.78 3.3 5.38 4.68
3.82 3.66 5.28 4.94
3.64 3.02 5.14 4.16
3.66 3.04 5.44 4.48
3.52 2.9 5.3 4.2
3.68 3.58 5.42 5.0
3.7 3.44 5.38 4.82
3.78 3.2 5.6 4.8
3.86 3.18 5.84 5.02
3.7 3.72 4.56 4.28
3.64 3.06 5.52 4.58
3.88 3.66 5.3 4.96
3.48 3.16 5.38 4.54
3.62 3.46 5.08 4.54
3.56 3.24 5.3 4.54
3.54 3.42 5.3 4.72
3.84 3.4 5.4 4.8
3.8 3.86 4.98 4.84
3.7 3.62 5.12 4.74
3.68 3.7 5.36 5.06
3.78 2.46 5.92 4.38
3.7 3.16 5.04 4.2
3.66 2.74 5.76 4.5
3.68 3.72 5.12 4.84
3.6 3.32 5.04 4.36
3.74 3.24 5.1 4.34
3.74 3.3 5.7 5.0
3.56 3.02 5.46 4.48
3.78 3.36 5.34 4.7
3.72 3.32 5.84 5.16
3.68 3.24 5.2 4.44
3.72 3.14 5.26 4.4
3.64 2.8 5.52 4.32
3.7 3.32 5.4 4.72
3.6 3.1 5.64 4.74
3.72 3.54 5.2 4.74
3.6 3.46 4.94 4.4
3.78 3.26 5.54 4.8
3.58 3.44 5.14 4.58
3.7 2.72 5.82 4.54
3.62 3.44 4.98 4.42
3.64 2.68 6.02 4.7
3.66 4.08 4.9 4.98
3.74 3.72 4.76 4.48
3.66 3.3 5.44 4.74
3.74 2.98 5.86 4.84
3.7 3.44 5.2 4.64
3.74 3.28 5.42 4.7
3.68 3.62 5.24 4.86
3.8 3.32 5.36 4.68
3.74 2.96 5.64 4.6
3.82 3.32 5.78 5.1
3.7 3.74 4.92 4.66
3.7 3.3 5.36 4.66
3.52 3.26 5.0 4.26
3.68 3.28 5.16 4.44
3.8 3.62 5.04 4.66
3.84 3.44 5.52 4.96
3.64 3.26 5.1 4.36
3.74 3.62 5.28 4.9
3.8 3.72 4.7 4.42
3.62 3.28 5.14 4.42
3.62 3.48 5.08 4.56
3.6 3.2 5.56 4.76
3.72 3.3 5.58 4.88
3.7 3.28 5.42 4.7
3.68 3.42 5.28 4.7
3.68 3.26 5.58 4.84
3.8 3.48 5.52 5.0
3.68 3.36 5.6 4.96
3.34 2.98 5.28 4.26
3.58 3.48 4.9 4.38
3.62 3.24 5.18 4.42
3.68 3.58 5.04 4.62
3.54 2.82 5.52 4.34
3.78 3.1 5.98 5.08
3.78 3.86 4.84 4.7
3.52 3.3 5.18 4.48
3.68 3.2 5.32 4.52
3.5 3.44 5.04 4.48
3.74 3.06 5.44 4.5
3.7 3.18 5.5 4.68
3.44 3.3 5.44 4.74
3.62 3.64 4.88 4.52
3.66 3.02 5.32 4.34
3.54 3.02 5.62 4.64
3.78 3.4 5.28 4.68
3.64 3.36 4.96 4.32
3.76 3.54 5.24 4.78
3.7 3.2 5.6 4.8
3.68 2.86 5.48 4.34
3.64 3.62 5.18 4.8
3.84 3.56 5.26 4.82
3.6 3.2 5.38 4.58
3.6 3.26 4.96 4.22
3.52 3.66 5.04 4.7
3.66 3.1 5.18 4.28
3.74 3.22 5.52 4.74
3.74 3.26 5.04 4.3
3.74 3.42 5.32 4.74
3.62 3.12 5.34 4.46
3.76 3.28 5.46 4.74
3.56 3.06 5.42 4.48
3.7 3.42 5.18 4.6
3.72 3.3 5.4 4.7
3.76 3.12 5.32 4.44
3.62 3.16 5.26 4.42
3.76 3.26 5.56 4.82
3.72 3.48 5.2 4.68
3.7 3.36 5.26 4.62
3.66 3.58 4.8 4.38
3.72 3.44 6.06 5.5
3.74 3.06 6.04 5.1
3.62 3.46 5.16 4.62
3.7 3.26 5.6 4.86
3.68 3.58 5.28 4.86
3.8 3.86 4.76 4.62
3.76 4.0 4.84 4.84
3.68 3.36 5.24 4.6
3.58 3.54 4.54 4.08
3.66 2.7 5.84 4.54
3.8 3.42 5.22 4.64
3.64 3.34 5.22 4.56
3.82 3.38 5.28 4.66
3.64 3.32 5.66 4.98
3.54 2.68 5.72 4.4
3.56 3.26 5.2 4.46
3.7 3.32 5.52 4.84
3.68 4.1 4.4 4.5
3.7 3.66 4.86 4.52
3.56 3.24 5.0 4.24
3.52 3.44 5.22 4.66
3.72 3.32 4.98 4.3
3.8 3.14 5.14 4.28
3.6 3.24 5.6 4.84
3.62 3.6 4.76 4.36
3.56 2.6 6.08 4.68
3.78 3.76 4.7 4.46
3.72 3.26 5.46 4.72
3.78 3.62 5.28 4.9
3.64 3.0 5.66 4.66
3.66 3.48 4.84 4.32
3.72 3.64 4.64 4.28
3.74 3.12 5.58 4.7
3.6 3.5 5.2 4.7
3.58 3.26 5.3 4.56
3.74 3.16 5.36 4.52
3.62 3.52 5.32 4.84
3.58 3.08 5.0 4.08
3.62 3.12 5.38 4.5
3.6 3.32 5.4 4.72
3.68 3.44 5.12 4.56
3.72 3.38 5.08 4.46
3.74 4.16 4.4 4.56
3.58 3.5 4.42 3.92
3.68 3.06 5.36 4.42
3.58 3.24 5.24 4.48
3.68 3.64 4.76 4.4
3.76 2.84 5.7 4.54
3.7 3.7 5.44 5.14
3.74 3.68 5.62 5.3
3.66 3.08 5.64 4.72
3.58 2.96 5.68 4.64
3.72 3.26 5.06 4.32
3.8 3.6 5.04 4.64
3.66 3.32 5.34 4.66
3.66 3.08 5.12 4.2
3.74 3.52 5.22 4.74
3.74 3.24 5.62 4.86
3.6 2.72 5.42 4.14
3.7 3.46 4.74 4.2
3.6 3.34 5.32 4.66
3.78 3.24 5.54 4.78
3.72 3.64 4.62 4.26
3.62 3.74 5.3 5.04
3.56 3.26 4.96 4.22
3.7 2.86 5.72 4.58
3.66 2.98 6.16 5.14
3.56 3.5 5.18 4.68
3.74 3.28 5.36 4.64
3.6 3.96 4.84 4.8
3.64 3.7 4.54 4.24
3.74 3.64 5.06 4.7
3.66 3.16 5.46 4.62
3.6 3.44 4.96 4.4
3.72 3.8 5.16 4.96
3.62 3.38 5.26 4.64
3.62 3.5 4.96 4.46
3.58 3.36 5.18 4.54
3.68 3.42 5.24 4.66
3.58 3.56 4.62 4.18
3.68 3.2 5.48 4.68
3.68 3.02 6.02 5.04
3.62 2.9 5.76 4.66
3.58 3.4 4.7 4.1
3.88 3.76 5.52 5.28
3.74 3.42 5.24 4.66
3.66 3.12 5.16 4.28
3.6 3.92 4.52 4.44
3.64 3.78 4.66 4.44
3.7 2.7 5.72 4.42
3.66 2.82 5.68 4.5
3.9 3.32 5.58 4.9
3.78 3.36 5.22 4.58
3.76 3.18 5.36 4.54
3.7 4.06 4.32 4.38
3.8 3.7 5.1 4.8
3.58 2.96 5.52 4.48
3.76 3.34 5.06 4.4
3.8 3.76 5.18 4.94
3.66 3.24 5.14 4.38
3.8 3.1 6.0 5.1
3.7 3.18 5.44 4.62
3.72 3.8 4.96 4.76
3.8 3.02 5.6 4.62
3.78 3.22 5.68 4.9
3.52 3.54 4.86 4.4
3.54 3.54 4.88 4.42
3.66 3.06 5.52 4.58
3.84 3.52 5.22 4.74
3.6 3.54 5.26 4.8
3.68 3.08 5.62 4.7
3.78 3.4 5.3 4.7
3.76 3.34 5.2 4.54
3.7 3.52 4.96 4.48
3.66 3.46 5.28 4.74
3.62 3.74 4.48 4.22
3.68 3.26 5.54 4.8
3.68 3.0 5.82 4.82
3.68 3.34 5.08 4.42
3.74 3.48 5.08 4.56
3.62 3.42 5.3 4.72
3.56 3.68 4.78 4.46
3.7 2.98 5.78 4.76
3.78 3.96 4.92 4.88
3.64 3.58 5.22 4.8
3.68 3.6 4.84 4.44
3.62 3.2 5.48 4.68
3.74 3.64 5.5 5.14
3.62 2.86 5.24 4.1
3.66 3.24 5.4 4.64
3.66 3.18 5.3 4.48
3.66 3.02 5.28 4.3
3.56 3.28 5.16 4.44
3.4 3.04 5.18 4.22
3.74 3.14 6.04 5.18
3.72 3.86 4.86 4.72
3.6 3.06 5.56 4.62
3.62 3.32 5.04 4.36
3.66 3.74 5.06 4.8
3.7 3.1 5.74 4.84
3.86 3.2 5.78 4.98
3.48 3.44 4.86 4.3
3.6 2.84 5.62 4.46
3.84 3.4 5.14 4.54
3.68 3.54 4.66 4.2
3.74 3.8 4.88 4.68
3.74 3.06 5.58 4.64
3.72 3.42 5.32 4.74
3.76 2.88 5.98 4.86
3.58 3.28 4.88 4.16
3.66 3.98 5.04 5.02
3.72 3.5 5.12 4.62
3.8 3.4 5.18 4.58
3.7 3.44 4.88 4.32
3.7 3.28 5.26 4.54
3.74 3.92 4.68 4.6
3.88 3.72 5.0 4.72
3.68 3.24 5.04 4.28
3.76 2.96 5.74 4.7
3.62 3.68 5.5 5.18
3.6 2.94 5.46 4.4
3.72 3.2 5.46 4.66
3.58 3.08 5.56 4.64
3.68 3.2 5.34 4.54
3.6 3.84 4.78 4.62
3.74 3.22 5.1 4.32
3.74 3.06 5.58 4.64
3.66 3.22 5.52 4.74
3.7 3.0 5.64 4.64
3.74 3.36 5.76 5.12
3.48 3.36 5.08 4.44
3.78 3.24 5.56 4.8
3.52 3.68 4.62 4.3
3.74 3.64 5.2 4.84
3.64 3.24 5.38 4.62
3.84 3.36 4.86 4.22
3.72 3.3 4.88 4.18
3.64 3.9 4.36 4.26
3.66 3.72 4.76 4.48
3.72 3.48 5.32 4.8
3.76 3.52 5.34 4.86
3.7 3.72 5.04 4.76
3.8 3.2 5.2 4.4
3.66 3.22 5.28 4.5
3.74 3.24 5.58 4.82
3.66 3.2 5.4 4.6
3.76 2.88 6.08 4.96
3.76 3.3 5.18 4.48
3.72 3.18 5.64 4.82
3.64 3.32 5.6 4.92
3.7 3.06 5.52 4.58
3.8 3.16 5.68 4.84
3.76 3.2 5.44 4.64
3.54 3.36 4.62 3.98
3.84 3.6 5.24 4.84
3.64 2.9 5.58 4.48
3.78 3.06 5.54 4.6
3.72 3.04 5.9 4.94
3.7 3.16 5.8 4.96
3.74 4.2 4.84 5.04
3.7 3.26 5.48 4.74
3.68 3.34 5.12 4.46
3.7 3.02 5.48 4.5
3.54 3.24 5.06 4.3
3.78 3.34 5.72 5.06
3.68 3.16 5.2 4.36
3.48 2.92 5.14 4.06
3.7 3.64 5.06 4.7
3.76 3.12 5.9 5.02
3.52 2.86 5.4 4.26
3.6 2.92 5.62 4.54
3.84 3.7 4.94 4.64
3.74 4.24 5.06 5.3
3.74 3.64 4.98 4.62
3.76 3.22 5.98 5.2
3.76 3.98 4.92 4.9
3.8 3.12 5.98 5.1
3.8 3.7 5.0 4.7
3.64 3.32 5.26 4.58
3.76 3.12 5.9 5.02
3.68 3.82 4.66 4.48
3.74 3.58 5.36 4.94
3.7 3.26 5.14 4.4
3.7 3.46 4.94 4.4
3.54 2.9 5.36 4.26
3.62 3.62 5.0 4.62
3.72 3.26 5.52 4.78
3.76 3.58 5.04 4.62
3.7 3.82 4.88 4.7
3.72 3.34 4.86 4.2
3.38 3.16 4.72 3.88
3.74 3.36 5.14 4.5
3.8 3.42 5.3 4.72
3.66 3.08 5.36 4.44
3.7 3.16 5.38 4.54
3.66 2.76 5.68 4.44
3.74 3.7 5.34 5.04
3.5 3.24 5.22 4.46
3.5 3.32 4.62 3.94
3.62 4.06 5.56 5.62
3.66 3.2 5.3 4.5
3.7 3.12 5.6 4.72
3.72 3.26 5.3 4.56
3.68 3.62 4.92 4.54
3.66 3.74 5.08 4.82
3.86 3.4 5.44 4.84
3.62 2.94 5.52 4.46
3.74 3.2 5.66 4.86
3.64 3.6 5.02 4.62
3.58 3.38 5.16 4.54
3.64 3.44 4.96 4.4
3.72 3.26 5.06 4.32
3.66 3.1 5.42 4.52
3.52 3.06 5.18 4.24
3.6 3.18 5.48 4.66
3.72 3.5 5.46 4.96
3.72 3.92 5.06 4.98
3.72 3.3 5.22 4.52
3.7 3.78 5.2 4.98
3.64 3.02 5.42 4.44
3.74 3.06 5.64 4.7
3.64 3.82 4.64 4.46
3.64 3.16 5.18 4.34
3.6 3.28 4.72 4.0
3.6 3.66 5.24 4.9
3.76 3.52 5.4 4.92
3.62 3.42 5.36 4.78
3.66 3.76 5.14 4.9
3.74 3.18 5.26 4.44
3.7 3.3 5.32 4.62
3.8 3.38 5.26 4.64
3.4 3.06 5.12 4.18
3.7 3.02 5.54 4.56
3.7 3.36 4.9 4.26
3.76 3.28 5.44 4.72
3.66 3.72 5.44 5.16
3.72 3.48 4.98 4.46
3.82 2.76 5.82 4.58
3.68 3.06 5.3 4.36
3.82 3.38 5.88 5.26
3.76 3.76 5.4 5.16
3.74 3.16 5.42 4.58
3.88 3.2 5.62 4.82
3.68 3.26 5.32 4.58
3.64 2.92 5.66 4.58
3.74 3.52 5.0 4.52
3.76 3.32 5.54 4.86
3.72 3.1 5.48 4.58
3.62 3.64 5.26 4.9
3.66 3.38 5.18 4.56
3.66 3.26 5.46 4.72
3.5 2.68 5.88 4.56
3.64 2.94 5.52 4.46
3.68 3.28 5.28 4.56
3.68 3.18 5.22 4.4
3.66 2.6 6.3 4.9
3.76 3.44 5.32 4.76
3.7 4.18 4.54 4.72
3.68 3.56 5.02 4.58
3.56 2.88 5.74 4.62
3.74 2.9 5.66 4.56
3.66 3.12 5.22 4.34
3.54 3.38 4.86 4.24
3.68 3.66 4.72 4.38
3.64 3.56 5.08 4.64
3.82 3.32 5.7 5.02
3.8 3.8 4.96 4.76
3.7 3.0 5.74 4.74
3.68 3.1 5.36 4.46
3.8 2.6 6.22 4.82
3.64 3.44 5.28 4.72
3.74 3.32 4.96 4.28
3.62 3.46 4.94 4.4
3.7 4.08 4.68 4.76
3.68 3.26 5.66 4.92
3.72 3.68 4.82 4.5
3.76 3.0 5.84 4.84
3.74 3.5 5.5 5.0
3.58 3.54 5.64 5.18
3.72 3.2 5.28 4.48
3.7 3.44 5.32 4.76
3.6 3.48 4.66 4.14
3.6 3.54 5.16 4.7
3.72 3.46 5.26 4.72
3.6 3.18 5.32 4.5
3.48 3.66 4.74 4.4
3.82 3.42 5.4 4.82
3.76 3.4 5.22 4.62
3.74 3.7 5.04 4.74
3.64 3.24 5.14 4.38
3.62 3.22 5.14 4.36
3.78 3.8 4.74 4.54
3.66 3.62 5.4 5.02
3.78 3.18 5.26 4.44
3.76 3.04 5.56 4.6
3.7 3.24 5.58 4.82
3.76 3.52 5.04 4.56
3.66 3.44 4.4 3.84
3.6 3.44 4.88 4.32
3.58 3.24 5.12 4.36
3.64 3.62 5.08 4.7
3.76 3.08 5.58 4.66
3.7 3.72 5.24 4.96
3.78 3.3 5.36 4.66
3.72 3.58 5.2 4.78
3.68 3.2 5.34 4.54
3.78 2.92 5.8 4.72
3.48 3.98 4.22 4.2
3.56 3.66 5.02 4.68
3.66 3.2 4.9 4.1
3.8 3.04 5.8 4.84
3.66 3.38 5.16 4.54
3.8 3.08 5.56 4.64
3.6 4.08 4.98 5.06
3.7 3.6 5.2 4.8
3.68 3.08 5.6 4.68
3.7 3.82 5.06 4.88
3.74 3.42 5.1 4.52
3.62 3.76 4.64 4.4
3.68 3.1 5.74 4.84
3.74 3.82 4.64 4.46
3.66 3.24 4.96 4.2
3.64 3.38 5.16 4.54
3.66 3.32 4.84 4.16
3.72 3.44 5.62 5.06
3.72 3.36 5.44 4.8
3.72 3.34 5.3 4.64
3.78 3.74 4.98 4.72
3.68 3.68 5.24 4.92
3.64 3.52 5.16 4.68
3.7 3.22 5.24 4.46
3.72 3.14 5.76 4.9
3.74 3.74 4.98 4.72
3.74 2.94 5.42 4.36
3.68 2.88 5.96 4.84
3.54 3.56 4.76 4.32
3.64 3.82 4.76 4.58
3.68 3.28 5.5 4.78
3.66 3.36 5.4 4.76
3.78 2.98 5.6 4.58
3.86 3.2 5.68 4.88
3.54 3.12 4.9 4.02
3.84 3.46 5.36 4.82
3.64 3.7 5.2 4.9
3.46 3.6 4.96 4.56
3.7 3.24 5.06 4.3
3.68 3.26 5.54 4.8
3.74 3.38 5.38 4.76
3.72 3.36 5.42 4.78
3.58 3.42 5.36 4.78
3.7 3.88 4.6 4.48
3.7 3.58 5.28 4.86
3.76 3.4 5.14 4.54
3.72 3.26 4.96 4.22
3.6 3.72 4.68 4.4
3.74 3.36 5.28 4.64
3.78 4.18 4.74 4.92
3.68 2.92 5.74 4.66
3.56 2.58 5.68 4.26
3.8 3.16 5.36 4.52
3.6 3.6 5.24 4.84
3.8 3.54 5.24 4.78
3.74 3.18 5.26 4.44
3.74 3.52 5.34 4.86
3.74 3.16 5.62 4.78
3.48 3.08 4.9 3.98
3.62 3.08 5.24 4.32
3.74 3.72 4.7 4.42
3.74 3.72 4.64 4.36
3.52 3.24 5.02 4.26
3.84 3.84 4.82 4.66
3.78 3.58 5.24 4.82
3.78 3.42 5.2 4.62
3.6 3.28 5.66 4.94
3.76 3.78 5.24 5.02
3.58 2.82 5.32 4.14
3.56 3.32 4.94 4.26
3.62 3.32 5.04 4.36
3.82 3.24 5.14 4.38
3.6 3.84 5.06 4.9
3.62 3.46 5.08 4.54
3.76 3.68 4.9 4.58
3.6 3.34 5.16 4.5
3.8 3.38 5.42 4.8
3.62 3.32 5.22 4.54
3.82 3.04 5.8 4.84
3.86 3.26 5.24 4.5
3.58 3.1 5.36 4.46
3.66 3.56 5.58 5.14
3.7 3.66 5.06 4.72
3.56 3.32 4.52 3.84
3.74 2.34 6.6 4.94
3.74 3.5 5.1 4.6
3.72 3.6 5.2 4.8
3.58 3.56 5.02 4.58
3.62 3.58 4.94 4.52
3.78 3.4 5.22 4.62
3.6 3.48 5.1 4.58
3.78 3.46 5.4 4.86
3.8 3.1 5.36 4.46
3.48 3.54 5.06 4.6
3.7 3.6 5.3 4.9
3.74 3.66 4.86 4.52
3.7 3.48 4.88 4.36
3.76 3.42 5.04 4.46
3.66 3.02 5.3 4.32
3.8 3.3 6.0 5.3
3.6 3.8 4.96 4.76
3.68 3.1 5.3 4.4
3.62 3.4 5.02 4.42
3.62 3.1 5.24 4.34
3.68 3.98 4.96 4.94
3.8 3.26 5.96 5.22
3.68 3.8 4.8 4.6
3.64 3.4 5.26 4.66
3.68 3.28 5.46 4.74
3.8 3.36 5.44 4.8
3.74 3.28 4.84 4.12
3.52 3.18 5.0 4.18
3.7 3.46 4.76 4.22
3.7 3.04 5.66 4.7
3.74 2.72 5.84 4.56
3.74 3.64 5.2 4.84
3.68 3.0 5.22 4.22
3.54 3.2 5.46 4.66
3.78 3.24 5.52 4.76
3.76 3.7 5.44 5.14
3.74 3.1 5.82 4.92
3.74 3.46 5.32 4.78
3.72 3.82 5.38 5.2
3.52 2.96 5.26 4.22
3.76 3.0 5.44 4.44
3.64 3.16 5.12 4.28
3.64 3.3 5.08 4.38
3.62 2.82 5.34 4.16
3.86 3.24 5.74 4.98
3.9 3.36 5.02 4.38
3.62 3.7 4.56 4.26
3.68 2.72 5.88 4.6
3.58 3.14 5.42 4.56
3.7 3.4 5.7 5.1
3.76 3.2 5.5 4.7
3.48 3.2 4.82 4.02
3.68 3.3 5.56 4.86
3.72 3.74 4.76 4.5
3.8 3.0 5.76 4.76
3.76 3.8 4.74 4.54
3.68 3.3 5.14 4.44
3.62 3.0 5.3 4.3
3.66 3.74 4.78 4.52
3.64 3.02 5.56 4.58
3.7 3.44 4.72 4.16
3.7 3.54 5.1 4.64
3.8 3.8 5.4 5.2
3.8 3.52 5.56 5.08
3.62 3.46 5.26 4.72
3.74 3.24 5.66 4.9
3.72 3.34 5.1 4.44
3.66 3.3 5.04 4.34
3.74 3.7 4.92 4.62
3.78 3.42 5.6 5.02
3.84 3.08 5.34 4.42
3.68 3.34 5.4 4.74
3.68 3.4 5.06 4.46
3.8 3.74 5.02 4.76
3.68 3.28 5.22 4.5
3.36 3.5 4.64 4.14
3.78 3.18 5.7 4.88
3.74 3.38 5.44 4.82
3.84 3.4 5.38 4.78
3.62 3.54 5.32 4.86
3.74 2.9 5.86 4.76
3.68 3.92 5.06 4.98
3.64 3.12 5.22 4.34
3.52 2.96 5.18 4.14
3.7 3.0 6.08 5.08
3.56 3.48 4.82 4.3
3.76 3.34 5.1 4.44
3.6 2.52 5.84 4.36
3.68 3.1 5.2 4.3
3.7 2.72 6.1 4.82
3.7 3.86 4.94 4.8
3.74 2.98 5.46 4.44
3.62 3.52 5.06 4.58
3.8 3.7 5.36 5.06
3.72 3.74 4.88 4.62
3.78 3.12 5.48 4.6
3.58 3.7 4.7 4.4
3.66 3.64 5.08 4.72
3.62 3.66 4.9 4.56
3.64 2.84 6.2 5.04
3.72 3.0 5.56 4.56
3.72 3.38 5.18 4.56
3.78 3.54 5.54 5.08
3.74 3.78 4.7 4.48
3.68 3.52 4.8 4.32
3.76 3.66 5.22 4.88
3.58 3.28 5.48 4.76
3.76 2.72 5.98 4.7
3.64 3.02 5.38 4.4
3.58 2.94 5.42 4.36
3.64 3.6 4.98 4.58
3.54 3.68 4.48 4.16
3.76 2.94 5.44 4.38
3.84 3.06 5.68 4.74
3.56 3.14 5.3 4.44
3.6 2.96 5.52 4.48
3.6 2.84 5.88 4.72
3.76 2.76 5.72 4.48
3.48 3.48 5.02 4.5
3.7 3.56 4.84 4.4
3.64 4.04 4.84 4.88
3.62 3.2 5.02 4.22
3.68 3.98 5.02 5.0
3.64 3.04 5.5 4.54
3.68 3.4 4.72 4.12
3.84 4.12 4.74 4.86
3.74 3.38 5.48 4.86
3.52 3.3 5.02 4.32
3.74 3.44 5.18 4.62
3.7 3.52 5.44 4.96
3.86 3.76 5.12 4.88
3.58 3.66 4.26 3.92
3.6 3.52 4.64 4.16
3.58 3.1 5.44 4.54
3.66 3.0 5.42 4.42
3.4 2.94 5.56 4.5
3.54 3.02 5.32 4.34
3.68 3.58 4.6 4.18
3.54 3.16 5.3 4.46
3.6 3.1 5.46 4.56
3.66 3.68 4.58 4.26
3.66 2.82 5.9 4.72
3.7 3.32 5.32 4.64
3.58 3.38 4.88 4.26
3.74 3.38 5.62 5.0
3.7 2.84 6.1 4.94
3.78 3.72 5.18 4.9
3.68 3.4 4.92 4.32
3.72 3.34 5.56 4.9
3.76 2.98 5.52 4.5
3.7 3.32 5.1 4.42
3.66 3.06 5.12 4.18
3.54 3.26 5.22 4.48
3.78 3.3 5.5 4.8
3.78 3.24 5.52 4.76
3.76 3.26 5.9 5.16
3.84 3.82 5.5 5.32
3.64 3.64 4.96 4.6
3.74 3.02 5.02 4.04
3.76 4.0 5.04 5.04
3.54 3.36 4.9 4.26
3.62 4.04 4.82 4.86
3.72 3.58 5.26 4.84
3.72 3.84 4.9 4.74
3.72 3.4 5.56 4.96
3.56 3.0 5.12 4.12
3.86 3.34 5.3 4.64
3.56 3.14 5.34 4.48
3.58 3.54 5.12 4.66
3.68 3.38 5.14 4.52
3.72 3.88 4.4 4.28
3.64 3.68 5.02 4.7
3.66 3.0 5.76 4.76
3.72 3.68 5.24 4.92
3.38 3.28 5.2 4.48
3.66 3.02 5.3 4.32
3.8 3.78 5.18 4.96
3.62 3.04 5.32 4.36
3.52 2.82 5.5 4.32
3.82 3.24 5.48 4.72
3.76 3.14 5.56 4.7
3.68 3.12 5.24 4.36
3.66 3.62 4.86 4.48
3.58 3.3 5.26 4.56
3.76 4.32 4.7 5.02
3.58 2.88 5.54 4.42
3.62 2.96 5.76 4.72
3.74 3.64 5.06 4.7
3.62 3.36 5.0 4.36
3.7 3.62 4.82 4.44
3.84 3.84 4.82 4.66
3.8 3.52 5.4 4.92
3.52 3.26 5.06 4.32
3.56 3.36 5.28 4.64
3.6 3.0 5.36 4.36
3.62 3.48 4.84 4.32
3.56 3.14 5.18 4.32
3.72 3.28 5.14 4.42
3.66 3.52 5.0 4.52
3.42 3.5 4.98 4.48
3.74 3.5 5.44 4.94
3.6 4.14 4.54 4.68
3.68 3.54 5.26 4.8
3.72 2.84 5.6 4.44
3.62 2.94 5.3 4.24
3.78 3.58 5.14 4.72
3.68 3.54 4.88 4.42
3.7 3.62 4.68 4.3
3.76 3.0 5.26 4.26
3.8 3.06 5.72 4.78
3.66 3.86 4.22 4.08
3.62 3.4 4.96 4.36
3.76 3.46 5.84 5.3
3.8 3.36 5.42 4.78
3.76 3.42 5.0 4.42
3.68 2.86 5.8 4.66
3.64 2.68 5.68 4.36
3.6 3.42 5.48 4.9
3.72 3.28 5.0 4.28
3.58 3.56 5.06 4.62
3.74 3.18 5.46 4.64
3.84 2.86 5.86 4.72
3.7 3.42 5.34 4.76
3.74 3.74 5.0 4.74
3.66 3.04 5.4 4.44
3.66 3.28 5.2 4.48
3.8 3.28 5.74 5.02
3.74 3.26 5.44 4.7
3.7 3.36 5.3 4.66
3.62 3.24 5.26 4.5
3.8 2.94 5.7 4.64
3.6 3.56 4.94 4.5
3.66 3.52 5.7 5.22
3.7 3.36 5.18 4.54
3.78 3.26 5.74 5.0
3.74 3.64 5.32 4.96
3.68 3.62 4.68 4.3
3.68 3.64 5.16 4.8
3.7 3.54 5.3 4.84
3.74 4.4 4.7 5.1
3.7 3.22 5.44 4.66
3.7 3.52 5.28 4.8
3.52 3.12 5.3 4.42
3.58 3.68 4.7 4.38
3.6 3.32 5.36 4.68
3.56 2.9 5.58 4.48
3.62 3.54 4.8 4.34
3.76 2.98 5.74 4.72
3.7 3.46 5.52 4.98
3.76 3.16 5.4 4.56
3.78 3.28 4.82 4.1
3.78 2.94 5.78 4.72
3.64 3.28 5.46 4.74
3.78 4.04 4.9 4.94
3.72 3.36 5.64 5.0
3.68 3.28 5.14 4.42
3.64 2.88 5.92 4.8
3.66 3.1 5.48 4.58
3.72 2.74 5.8 4.54
3.64 3.64 5.04 4.68
3.66 2.6 6.14 4.74
3.66 3.66 5.14 4.8
3.84 2.98 5.72 4.7
3.72 3.06 5.66 4.72
3.6 3.66 5.02 4.68
3.7 3.44 5.28 4.72
3.68 3.46 5.26 4.72
3.66 3.32 5.42 4.74
3.72 3.24 5.3 4.54
3.62 3.16 5.42 4.58
3.66 4.04 4.24 4.28
3.66 2.96 5.8 4.76
3.54 3.34 5.08 4.42
3.62 3.72 5.08 4.8
3.66 3.36 5.02 4.38
3.74 3.52 5.32 4.84
3.64 4.02 4.7 4.72
3.6 3.1 5.56 4.66
3.86 3.0 5.88 4.88
3.58 3.62 5.08 4.7
3.78 3.2 5.56 4.76
3.6 3.22 5.2 4.42
3.72 3.6 4.94 4.54
3.58 3.18 5.48 4.66
3.62 3.02 5.1 4.12
3.56 2.86 5.52 4.38
3.6 3.16 5.88 5.04
3.44 3.4 5.44 4.84
3.56 2.7 5.34 4.04
3.58 3.52 5.26 4.78
3.68 3.22 4.86 4.08
3.5 3.78 4.78 4.56
3.64 3.54 4.9 4.44
3.74 3.5 5.2 4.7
3.68 3.78 4.42 4.2
3.68 3.24 5.24 4.48
3.62 3.36 5.2 4.56
3.58 2.76 5.92 4.68
3.64 3.36 5.14 4.5
3.54 3.44 5.22 4.66
3.82 3.04 5.44 4.48
3.68 3.02 5.64 4.66
3.7 3.2 5.32 4.52
3.64 3.28 5.16 4.44
3.68 3.66 4.54 4.2
3.48 2.9 5.48 4.38
3.58 3.32 5.06 4.38
3.62 2.88 5.72 4.6
3.52 2.98 5.62 4.6
3.66 3.16 5.32 4.48
3.56 3.18 5.24 4.42
3.62 3.32 5.18 4.5
3.54 3.58 4.7 4.28
3.64 3.18 5.16 4.34
3.76 3.66 5.18 4.84
3.62 3.44 4.86 4.3
3.64 3.6 4.9 4.5
3.66 3.5 5.22 4.72
3.72 3.46 4.88 4.34
3.68 3.78 4.82 4.6
3.52 3.32 5.0 4.32
3.58 3.24 5.34 4.58
3.64 3.56 4.94 4.5
3.68 3.8 4.98 4.78
3.68 3.18 5.24 4.42
3.82 2.88 5.46 4.34
3.88 3.4 5.22 4.62
3.78 3.9 5.14 5.04
3.72 3.8 4.74 4.54
3.76 3.06 5.86 4.92
3.76 3.24 5.58 4.82
3.48 3.02 5.16 4.18
3.74 3.78 4.9 4.68
3.76 3.26 5.98 5.24
3.7 3.1 5.6 4.7
3.82 3.66 5.24 4.9
3.58 2.94 5.9 4.84
3.74 3.5 4.6 4.1
3.76 3.12 5.88 5.0
3.76 3.6 5.1 4.7
3.74 3.36 5.3 4.66
3.64 2.98 5.18 4.16
3.6 3.62 5.0 4.62
3.62 3.56 4.94 4.5
3.64 3.42 4.96 4.38
3.6 3.36 5.18 4.54
3.64 3.28 5.36 4.64
3.74 3.5 5.38 4.88
3.56 3.4 4.98 4.38
3.82 4.06 4.72 4.78
3.82 3.3 5.46 4.76
3.66 3.66 5.06 4.72
3.62 3.82 5.1 4.92
3.62 3.38 5.2 4.58
3.72 3.08 5.56 4.64
3.72 3.52 5.1 4.62
3.64 3.04 5.34 4.38
3.56 3.44 5.08 4.52
3.64 4.04 4.92 4.96
3.76 3.9 5.26 5.16
3.62 3.26 4.76 4.02
3.64 2.86 5.94 4.8
3.72 3.08 5.76 4.84
3.6 3.34 4.72 4.06
3.74 3.54 4.98 4.52
3.62 3.56 5.24 4.8
3.7 3.42 5.76 5.18
3.76 3.38 5.5 4.88
3.74 3.18 5.58 4.76
3.84 3.86 4.64 4.5
3.58 3.64 5.04 4.68
3.68 3.3 5.44 4.74
3.76 3.7 5.0 4.7
3.74 3.28 5.82 5.1
3.66 3.24 5.38 4.62
3.74 3.46 4.8 4.26
3.86 3.26 5.26 4.52
3.5 3.12 4.88 4.0
3.72 3.74 4.9 4.64
3.64 3.44 5.56 5.0
3.7 2.6 5.6 4.2
3.6 3.42 5.4 4.82
3.8 3.4 5.22 4.62
3.72 3.4 5.44 4.84
3.78 3.72 5.12 4.84
3.6 3.44 5.38 4.82
3.64 2.86 5.58 4.44
3.74 2.74 6.0 4.74
3.64 3.02 5.6 4.62
3.7 3.32 5.46 4.78
3.86 3.7 5.38 5.08
3.54 3.68 4.6 4.28
3.7 3.36 5.4 4.76
3.68 3.28 5.36 4.64
3.82 3.3 5.7 5.0
3.5 2.96 5.28 4.24
3.48 3.22 5.22 4.44
3.8 3.68 5.2 4.88
3.76 3.42 5.34 4.76
3.8 3.6 5.56 5.16
3.58 3.54 4.9 4.44
3.64 3.16 5.76 4.92
3.66 3.02 6.14 5.16
3.6 3.22 5.3 4.52
3.64 3.06 5.48 4.54
3.8 3.12 5.68 4.8
3.7 3.24 5.42 4.66
3.54 3.42 5.0 4.42
3.84 2.82 5.56 4.38
3.64 3.04 5.16 4.2
3.82 2.92 6.02 4.94
3.62 3.06 5.66 4.72
3.78 3.5 5.22 4.72
3.66 3.18 5.18 4.36
3.68 3.22 5.32 4.54
3.58 3.48 5.4 4.88
3.58 3.26 5.06 4.32
3.44 2.92 5.3 4.22
3.88 3.56 5.36 4.92
3.78 3.18 5.48 4.66
3.7 3.66 4.82 4.48
3.66 3.44 4.8 4.24
3.74 3.2 5.34 4.54
3.66 3.26 5.24 4.5
3.74 3.02 5.28 4.3
3.76 3.26 5.7 4.96
3.76 3.24 5.5 4.74
3.68 3.34 5.32 4.66
3.7 2.92 5.42 4.34
3.72 3.8 4.82 4.62
3.66 2.98 5.4 4.38
3.72 3.06 5.14 4.2
3.62 3.54 4.92 4.46
3.58 3.6 5.1 4.7
3.72 3.12 5.62 4.74
3.74 3.76 4.88 4.64
3.62 3.26 5.68 4.94
3.58 3.66 5.16 4.82
3.68 3.22 5.24 4.46
3.52 3.04 5.38 4.42
3.78 3.18 5.86 5.04
3.8 3.24 5.94 5.18
3.66 2.98 5.62 4.6
3.68 3.02 5.52 4.54
3.7 2.76 5.96 4.72
3.86 3.2 5.84 5.04
3.76 3.38 4.92 4.3
3.8 3.58 5.4 4.98
3.54 3.46 4.96 4.42
3.6 3.12 5.1 4.22
3.52 3.74 5.04 4.78
3.7 3.5 5.0 4.5
3.58 3.66 4.44 4.1
3.78 3.2 5.68 4.88
3.66 3.28 4.92 4.2
3.78 3.26 5.5 4.76
3.48 3.48 5.0 4.48
3.7 3.44 5.02 4.46
3.88 3.66 5.78 5.44
3.72 3.44 4.96 4.4
3.68 3.42 5.28 4.7
3.68 3.72 4.72 4.44
3.68 3.42 5.4 4.82
3.78 3.44 5.02 4.46
3.66 3.1 5.92 5.02
3.76 3.82 4.68 4.5
3.72 3.02 5.92 4.94
3.62 3.32 5.46 4.78
3.5 3.54 4.94 4.48
3.66 3.04 5.04 4.08
3.48 3.72 4.56 4.28
3.48 3.48 4.78 4.26
3.84 3.88 4.58 4.46
3.6 3.46 5.1 4.56
3.6 3.0 5.64 4.64
3.82 2.96 5.62 4.58
3.66 3.28 5.32 4.6
3.62 4.2 4.56 4.76
3.74 3.8 4.78 4.58
3.72 3.42 5.5 4.92
3.58 3.28 4.94 4.22
3.58 3.5 5.0 4.5
3.84 4.0 5.1 5.1
3.74 3.4 5.52 4.92
3.76 3.08 5.58 4.66
3.68 3.58 5.0 4.58
3.7 3.26 5.32 4.58
3.74 3.44 5.2 4.64
3.82 3.4 5.14 4.54
3.64 3.88 4.82 4.7
3.68 3.14 5.9 5.04
3.62 3.28 5.4 4.68
3.7 3.7 4.8 4.5
3.58 3.28 5.02 4.3
3.68 3.28 5.26 4.54
3.7 3.68 5.04 4.72
3.76 3.38 5.46 4.84
3.56 3.2 5.38 4.58
3.56 3.54 4.96 4.5
3.62 3.9 5.24 5.14
3.66 3.4 5.28 4.68
3.44 3.82 4.68 4.5
3.8 3.3 5.6 4.9
3.62 2.9 5.82 4.72
3.46 3.4 5.22 4.62
3.84 3.28 5.22 4.5
3.8 3.28 5.82 5.1
3.62 2.86 5.92 4.78
3.64 3.46 4.9 4.36
3.74 2.8 5.56 4.36
3.66 2.98 5.52 4.5
3.66 3.52 5.36 4.88
3.84 3.2 5.4 4.6
3.6 3.28 5.48 4.76
3.68 3.3 5.12 4.42
3.66 3.46 5.38 4.84
3.82 3.56 5.04 4.6
3.62 3.18 5.28 4.46
3.72 3.5 5.08 4.58
3.58 3.88 5.08 4.96
3.68 3.58 5.02 4.6
3.86 3.1 5.86 4.96
3.66 2.9 5.28 4.18
3.7 3.22 5.4 4.62
3.78 3.24 5.72 4.96
3.66 3.32 4.78 4.1
3.76 3.28 5.7 4.98
3.7 3.44 5.28 4.72
3.76 3.18 5.7 4.88
3.68 3.24 5.42 4.66
3.82 2.74 6.02 4.76
3.74 3.82 4.72 4.54
3.54 3.4 4.98 4.38
3.56 3.36 4.8 4.16
3.72 3.42 5.08 4.5
3.68 3.44 5.2 4.64
3.64 3.5 5.0 4.5
3.62 3.42 4.96 4.38
3.64 3.56 5.06 4.62
3.74 3.14 5.62 4.76
3.7 3.66 5.28 4.94
3.66 3.7 4.98 4.68
3.66 2.86 5.74 4.6
3.62 3.22 4.96 4.18
3.56 3.5 5.26 4.76
3.6 3.1 5.16 4.26
3.62 3.3 5.2 4.5
3.62 3.56 4.98 4.54
3.8 3.26 5.26 4.52
3.72 3.0 5.54 4.54
3.5 3.08 5.18 4.26
3.6 3.32 5.06 4.38
3.66 3.4 5.4 4.8
3.8 3.22 5.54 4.76
3.64 3.3 5.0 4.3
3.74 3.08 5.4 4.48
3.68 3.78 4.38 4.16
3.74 3.36 5.32 4.68
3.78 3.9 4.88 4.78
3.62 3.12 5.22 4.34
3.68 3.54 5.62 5.16
3.68 3.42 5.12 4.54
3.72 3.1 5.32 4.42
3.7 3.76 4.82 4.58
3.64 3.42 4.92 4.34
3.66 3.28 5.38 4.66
3.72 3.32 5.56 4.88
3.62 2.9 5.48 4.38
3.62 4.0 4.32 4.32
3.68 3.28 5.38 4.66
3.88 3.48 5.4 4.88
3.7 3.38 5.44 4.82
3.6 3.2 5.38 4.58
3.86 3.36 5.18 4.54
3.8 3.4 5.48 4.88
3.88 3.66 5.44 5.1
3.62 2.9 5.6 4.5
3.72 3.38 5.36 4.74
3.68 3.74 4.62 4.36
3.84 3.28 5.62 4.9
3.62 3.56 5.12 4.68
3.68 3.46 5.04 4.5
3.46 3.12 5.22 4.34
3.54 3.4 4.94 4.34
3.68 3.52 4.94 4.46
3.68 3.4 5.48 4.88
3.62 3.26 5.36 4.62
3.66 3.08 5.24 4.32
3.5 3.68 4.96 4.64
3.7 3.48 5.48 4.96
3.48 3.62 4.38 4.0
3.8 2.98 5.52 4.5
3.66 3.8 5.16 4.96
3.54 3.3 5.58 4.88
3.62 3.34 5.16 4.5
3.82 3.74 5.28 5.02
3.64 3.32 5.14 4.46
3.68 3.3 4.88 4.18
3.8 3.12 5.28 4.4
3.8 3.48 5.32 4.8
3.68 3.86 5.32 5.18
3.86 3.46 5.6 5.06
3.68 3.36 4.78 4.14
3.46 3.06 5.34 4.4
3.7 3.28 5.0 4.28
3.46 3.34 4.94 4.28
3.74 3.12 5.24 4.36
3.64 3.56 5.38 4.94
3.66 2.92 5.66 4.58
3.72 3.04 5.76 4.8
3.78 4.22 4.74 4.96
3.8 3.38 5.62 5.0
3.66 3.14 5.56 4.7
3.74 3.74 5.14 4.88
3.6 2.82 5.72 4.54
3.68 3.18 5.06 4.24
3.76 3.0 6.02 5.02
3.54 3.54 4.84 4.38
3.68 3.1 5.68 4.78
3.74 3.06 5.48 4.54
3.7 3.0 5.48 4.48
3.86 3.4 5.12 4.52
3.56 3.44 5.24 4.68
3.78 2.76 5.7 4.46
3.7 3.38 5.06 4.44
3.66 2.8 5.76 4.56
3.8 2.96 5.9 4.86
3.68 3.02 5.26 4.28
3.76 3.34 5.72 5.06
3.7 3.46 5.48 4.94
3.82 3.3 5.3 4.6
3.6 3.66 5.28 4.94
3.72 3.48 5.16 4.64
3.66 3.74 5.22 4.96
3.58 2.94 5.7 4.64
3.68 3.12 5.9 5.02
3.74 3.14 5.72 4.86
3.68 2.92 5.74 4.66
3.72 2.92 5.36 4.28
3.62 3.26 5.52 4.78
3.72 3.54 4.88 4.42
3.64 3.4 4.74 4.14
3.76 3.56 4.76 4.32
3.74 3.62 4.46 4.08
3.7 3.48 5.34 4.82
3.7 3.56 5.24 4.8
3.8 3.08 5.88 4.96
3.66 3.4 5.22 4.62
3.66 3.24 5.72 4.96
3.74 2.86 5.68 4.54
3.6 3.1 5.62 4.72
3.62 3.08 5.58 4.66
3.58 3.6 5.14 4.74
3.76 3.56 5.16 4.72
3.82 3.68 5.2 4.88
3.66 3.56 5.06 4.62
3.76 3.62 5.26 4.88
3.64 3.34 5.46 4.8
3.7 4.02 4.52 4.54
3.76 3.74 4.74 4.48
3.7 3.04 5.68 4.72
3.5 2.98 5.3 4.28
3.76 3.5 5.02 4.52
3.7 2.86 5.74 4.6
3.68 3.26 5.38 4.64
3.66 2.98 5.64 4.62
3.58 3.48 4.66 4.14
3.64 3.54 5.44 4.98
3.68 3.48 4.72 4.2
3.64 3.7 4.74 4.44
3.72 3.36 5.3 4.66
3.78 3.66 5.08 4.74
3.78 3.78 5.04 4.82
3.76 3.72 5.1 4.82
3.64 2.68 5.86 4.54
3.58 3.4 5.1 4.5
3.64 3.66 4.86 4.52
3.82 3.06 5.58 4.64
3.7 3.5 4.86 4.36
3.62 3.44 5.04 4.48
3.68 3.56 5.16 4.72
3.54 3.34 4.52 3.86
3.7 3.76 4.66 4.42
3.72 2.9 5.82 4.72
3.64 3.08 5.74 4.82
3.72 3.94 4.94 4.88
3.7 3.14 5.1 4.24
3.72 3.78 4.7 4.48
3.66 4.22 4.62 4.84
3.62 2.88 5.76 4.64
3.62 3.82 4.82 4.64
3.74 3.3 5.62 4.92
3.8 2.82 5.94 4.76
3.74 3.42 5.26 4.68
3.72 3.24 5.6 4.84
3.68 3.64 5.16 4.8
3.72 2.96 5.94 4.9
3.68 3.54 5.2 4.74
3.4 3.16 4.7 3.86
3.82 3.98 4.7 4.68
3.68 3.9 5.1 5.0
3.78 4.42 4.74 5.16
3.66 3.1 5.74 4.84
3.68 3.12 5.5 4.62
3.76 3.16 5.38 4.54
3.84 3.56 5.5 5.06
3.72 2.76 5.56 4.32
3.52 2.92 5.8 4.72
3.72 3.38 5.04 4.42
3.82 3.5 5.66 5.16
3.56 3.34 5.16 4.5
3.6 3.2 5.14 4.34
3.6 3.06 5.36 4.42
3.64 3.7 4.76 4.46
3.82 2.92 6.04 4.96
3.6 3.14 5.02 4.16
3.76 3.32 5.04 4.36
3.6 3.2 5.14 4.34
3.78 3.16 5.94 5.1
3.76 3.06 5.3 4.36
3.6 3.38 5.12 4.5
3.66 3.34 5.52 4.86
3.7 3.76 4.9 4.66
3.74 3.68 4.78 4.46
3.62 3.3 5.38 4.68
3.84 3.26 5.6 4.86
3.78 2.9 5.98 4.88
3.68 3.4 5.38 4.78
3.64 3.06 5.72 4.78
3.72 3.38 5.6 4.98
3.82 3.68 5.12 4.8
3.76 3.36 5.38 4.74
3.58 3.56 5.16 4.72
3.62 3.38 5.36 4.74
3.78 3.08 5.78 4.86
3.62 3.44 4.94 4.38
3.54 3.36 4.48 3.84
3.56 3.86 4.88 4.74
3.66 3.44 5.08 4.52
3.88 3.04 5.56 4.6
3.78 3.38 5.42 4.8
3.74 3.7 4.88 4.58
3.72 3.56 4.64 4.2
3.64 3.48 5.2 4.68
3.52 3.54 4.82 4.36
3.7 3.38 5.5 4.88
3.62 3.12 5.32 4.44
3.68 2.98 5.6 4.58
3.44 3.74 4.7 4.44
3.84 3.24 5.18 4.42
3.7 3.56 5.4 4.96
3.76 3.02 5.24 4.26
3.72 3.36 5.2 4.56
3.64 4.16 4.62 4.78
3.68 2.94 5.48 4.42
3.72 3.28 5.44 4.72
3.68 3.1 5.62 4.72
3.7 3.26 5.24 4.5
3.56 3.06 5.3 4.36
3.72 3.42 5.08 4.5
3.74 3.32 5.5 4.82
3.64 3.56 5.1 4.66
3.72 3.7 4.62 4.32
3.44 3.48 4.78 4.26
3.62 3.42 4.8 4.22
3.78 3.14 5.76 4.9
3.7 3.24 5.5 4.74
3.66 3.48 5.18 4.66
3.6 3.38 5.32 4.7
3.54 3.56 4.46 4.02
3.72 3.3 5.76 5.06
3.66 3.34 5.18 4.52
3.6 3.24 5.22 4.46
3.7 3.78 5.06 4.84
3.62 3.06 5.36 4.42
3.66 3.02 5.12 4.14
3.68 4.04 4.42 4.46
3.64 3.06 5.04 4.1
3.58 2.86 5.54 4.4
3.66 3.4 5.16 4.56
3.8 3.18 5.62 4.8
3.56 3.86 4.44 4.3
3.64 4.04 4.7 4.74
3.7 3.88 4.96 4.84
3.66 3.56 4.88 4.44
3.54 3.42 4.68 4.1
3.78 3.12 5.7 4.82
3.64 3.12 5.34 4.46
3.76 3.46 5.28 4.74
3.62 2.9 6.04 4.94
3.7 2.9 5.8 4.7
3.62 3.26 5.3 4.56
3.68 3.84 4.8 4.64
3.74 3.52 5.08 4.6
3.72 4.0 4.92 4.92
3.74 3.34 5.44 4.78
3.58 2.94 5.34 4.28
3.74 3.26 5.38 4.64
3.5 3.22 5.16 4.38
3.76 3.36 5.34 4.7
3.78 3.66 5.32 4.98
3.68 3.44 5.68 5.12
3.76 3.5 4.98 4.48
3.62 3.4 5.24 4.64
3.58 3.1 5.4 4.5
3.58 3.66 5.38 5.04
3.7 3.42 5.06 4.48
3.78 3.76 5.36 5.12
3.78 3.06 5.6 4.66
3.6 3.18 5.12 4.3
3.72 3.42 5.08 4.5
3.78 3.88 5.2 5.08
3.68 3.58 4.94 4.52
3.54 3.72 4.6 4.32
3.8 3.72 4.98 4.7
3.7 3.32 4.84 4.16
3.82 2.92 6.2 5.12
3.62 3.62 5.1 4.72
3.74 3.4 5.16 4.56
3.54 3.28 5.26 4.54
3.78 3.54 5.2 4.74
3.7 3.24 5.6 4.84
3.7 3.04 5.82 4.86
3.54 3.38 4.9 4.28
3.56 3.88 4.64 4.52
3.62 3.18 5.48 4.66
3.72 3.6 5.24 4.84
3.62 3.54 4.9 4.44
3.82 3.46 5.26 4.72
3.66 3.3 5.46 4.76
3.54 3.1 5.32 4.42
3.78 3.14 5.32 4.46
3.8 3.26 5.72 4.98
3.82 3.76 5.3 5.06
3.68 3.42 5.2 4.62
3.72 3.18 5.68 4.86
3.74 3.32 5.38 4.7
3.72 3.06 5.82 4.88
3.64 2.84 5.3 4.14
3.72 3.32 5.56 4.88
3.6 3.9 4.76 4.66
3.7 3.02 5.24 4.26
3.68 3.58 5.02 4.6
3.76 3.04 5.54 4.58
3.66 3.4 5.54 4.94
3.68 3.12 5.52 4.64
3.78 3.38 5.84 5.22
3.74 3.5 4.66 4.16
3.72 3.0 5.74 4.74
3.78 3.26 5.26 4.52
3.46 3.08 5.1 4.18
3.68 3.56 4.98 4.54
3.72 3.14 6.24 5.38
3.8 3.02 5.56 4.58
3.8 3.0 5.5 4.5
3.5 3.28 5.22 4.5
3.74 3.64 5.3 4.94
3.76 3.22 5.48 4.7
3.9 3.28 5.74 5.02
3.7 3.28 4.9 4.18
3.76 3.14 5.28 4.42
3.58 3.5 5.1 4.6
3.6 3.4 5.14 4.54
3.8 3.2 5.84 5.04
3.7 3.4 5.16 4.56
3.88 3.34 5.08 4.42
3.64 3.44 5.12 4.56
3.68 3.86 4.6 4.46
3.78 3.38 5.22 4.6
3.52 3.54 4.78 4.32
3.6 3.54 5.16 4.7
3.64 4.02 4.74 4.76
3.7 3.34 5.66 5.0
3.72 3.24 5.32 4.56
3.62 3.02 5.42 4.44
3.58 3.46 4.92 4.38
3.56 3.2 5.34 4.54
3.8 3.16 5.34 4.5
3.7 2.82 6.0 4.82
3.76 2.82 6.0 4.82
3.68 3.48 5.28 4.76
3.72 3.16 5.6 4.76
3.66 3.44 4.5 3.94
3.62 3.48 5.26 4.74
3.6 3.16 4.84 4.0
3.6 2.86 5.96 4.82
3.7 3.0 5.74 4.74
3.66 3.34 5.36 4.7
3.76 3.08 6.08 5.16
3.64 2.98 5.44 4.42
3.74 2.84 6.06 4.9
3.68 3.46 4.8 4.26
3.58 3.2 5.24 4.44
3.66 3.06 5.5 4.56
3.62 3.04 5.7 4.74
3.66 4.04 4.14 4.18
3.62 3.88 4.54 4.42
3.62 2.96 5.98 4.94
3.58 3.32 5.12 4.44
3.74 3.52 5.28 4.8
3.54 3.0 5.58 4.58
3.54 3.32 5.2 4.52
3.64 3.1 5.76 4.86
3.66 3.28 5.0 4.28
3.82 3.5 5.34 4.84
3.56 3.58 4.44 4.02
3.68 3.52 4.98 4.5
3.6 3.8 5.0 4.8
3.74 3.66 5.3 4.96
3.74 3.32 4.96 4.28
3.7 3.3 5.0 4.3
3.72 3.6 4.58 4.18
3.76 3.14 5.62 4.76
3.48 3.66 4.8 4.46
3.6 2.82 5.6 4.42
3.78 3.26 5.48 4.74
3.8 3.04 5.32 4.36
3.72 2.96 5.82 4.78
3.64 2.84 5.46 4.3
3.76 3.52 4.7 4.22
3.68 3.18 5.46 4.64
3.72 3.26 5.42 4.68
3.74 3.64 5.16 4.8
3.6 3.22 5.4 4.62
3.46 3.08 4.88 3.96
3.78 3.72 5.16 4.88
3.74 3.22 5.58 4.8
3.68 3.3 5.32 4.62
3.74 3.14 5.54 4.68
3.66 3.3 5.64 4.94
3.78 3.76 5.22 4.98
3.72 3.4 5.14 4.54
3.58 3.22 4.88 4.1
3.72 3.06 5.74 4.8
3.58 3.32 5.32 4.64
3.78 3.64 5.22 4.86
3.72 3.7 4.9 4.6
3.62 3.02 5.4 4.42
3.66 2.96 5.7 4.66
3.72 3.28 5.18 4.46
3.74 3.88 4.94 4.82
3.74 3.26 5.22 4.48
3.58 2.66 5.38 4.04
3.68 3.76 5.04 4.8
3.52 3.74 4.74 4.48
3.72 2.66 6.3 4.96
3.7 2.96 5.38 4.34
3.7 4.04 4.44 4.48
3.78 4.12 4.74 4.86
3.7 3.4 4.84 4.24
3.8 3.34 5.58 4.92
3.64 3.38 4.9 4.28
3.62 3.62 4.92 4.54
3.82 3.62 4.92 4.54
3.46 3.68 4.86 4.54
3.58 3.5 5.2 4.7
3.6 3.22 4.86 4.08
3.62 3.64 4.62 4.26
3.68 3.32 5.02 4.34
3.64 3.68 4.82 4.5
3.7 3.36 5.52 4.88
3.58 3.58 4.8 4.38
3.6 3.82 4.8 4.62
3.62 3.72 4.8 4.52
3.66 3.64 5.12 4.76
3.62 3.44 5.02 4.46
3.8 3.36 5.06 4.42
3.88 3.28 5.48 4.76
3.84 3.48 5.36 4.84
3.76 3.48 4.94 4.42
3.68 3.1 5.44 4.54
3.82 3.54 5.46 5.0
3.76 3.1 5.48 4.58
3.6 3.74 5.14 4.88
3.74 3.3 5.24 4.54
3.66 3.8 4.8 4.6
3.76 3.68 5.08 4.76
3.6 3.04 5.58 4.62
3.66 3.1 5.44 4.54
3.72 3.5 5.28 4.78
3.7 3.24 5.5 4.74
3.74 3.72 5.3 5.02
3.76 3.1 5.78 4.88
3.72 3.02 5.74 4.76
3.82 3.1 5.22 4.32
3.74 3.38 5.54 4.92
3.64 3.34 5.18 4.52
3.68 3.7 4.96 4.66
3.62 3.56 4.94 4.5
3.66 3.18 5.38 4.56
3.76 3.6 4.96 4.56
3.66 2.9 5.66 4.56
3.76 3.04 5.24 4.28
3.52 3.12 5.28 4.4
3.74 3.16 5.62 4.78
3.48 3.32 4.8 4.12
3.64 3.7 5.12 4.82
3.78 3.3 5.26 4.56
3.7 3.08 5.78 4.86
3.66 3.5 5.18 4.68
3.68 3.52 5.14 4.66
3.54 2.72 5.84 4.56
3.68 3.92 4.62 4.54
3.84 3.06 6.04 5.1
3.74 3.3 5.56 4.86
3.72 3.44 5.14 4.58
3.62 3.32 5.04 4.36
3.72 3.44 5.26 4.7
3.66 3.6 5.12 4.72
3.7 3.36 5.3 4.66
3.8 3.66 5.62 5.28
3.62 3.44 5.16 4.6
3.84 3.42 5.46 4.88
3.8 3.78 5.16 4.94
3.62 3.34 5.28 4.62
3.8 3.0 5.96 4.96
3.46 3.52 5.02 4.54
3.54 3.14 5.3 4.44
3.58 3.06 5.06 4.12
3.78 3.16 5.74 4.9
3.76 3.12 5.8 4.92
3.68 3.06 5.62 4.68
3.74 3.34 5.56 4.9
3.76 3.22 5.04 4.26
3.74 3.36 5.54 4.9
3.76 3.48 5.32 4.8
3.68 3.38 5.02 4.4
3.56 3.28 4.92 4.2
3.6 3.4 5.16 4.56
3.68 3.28 4.92 4.2
3.68 2.64 5.86 4.5
3.6 2.94 5.5 4.44
3.68 3.6 4.92 4.52
3.46 3.5 4.7 4.2
3.68 3.74 5.04 4.78
3.62 3.3 4.86 4.16
3.74 3.64 5.08 4.72
3.74 3.36 5.64 5.0
3.68 3.28 5.32 4.6
3.52 3.78 4.56 4.34
3.82 3.32 5.56 4.88
3.7 3.68 4.96 4.64
3.76 3.96 5.56 5.52
3.7 3.2 5.22 4.42
3.72 3.62 5.24 4.86
3.86 3.42 5.22 4.64
3.74 2.96 5.64 4.6
3.74 3.38 5.62 5.0
3.76 2.7 5.84 4.54
3.6 3.8 5.42 5.22
3.68 3.14 5.34 4.48
3.56 3.44 5.14 4.58
3.72 2.88 5.86 4.74
3.54 3.02 5.42 4.44
3.74 3.6 4.72 4.32
3.68 3.34 5.12 4.46
3.72 3.26 5.22 4.48
3.44 3.02 5.18 4.2
3.64 3.52 5.18 4.7
3.62 3.68 4.74 4.42
3.74 3.34 5.32 4.66
3.54 3.66 4.88 4.54
3.62 3.04 5.54 4.58
3.66 3.3 5.28 4.58
3.7 3.0 6.06 5.06
3.68 3.42 4.96 4.38
3.68 3.28 5.56 4.84
3.74 3.84 4.96 4.8
3.66 3.2 5.54 4.74
3.681412 3.355576 5.252436 4.608012
