3.58 3.32 5.09 4.41
3.67 3.07 5.55 4.62
3.65 3.07 5.71 4.78
3.61 3.53 4.88 4.41
3.72 3.47 5.43 4.9
3.61 3.21 5.41 4.62
3.73 3.43 5.0 4.43
3.61 3.46 5.25 4.71
3.67 3.32 5.45 4.77
3.75 3.22 5.46 4.68
3.71 3.65 4.85 4.5
3.73 3.22 5.36 4.58
3.8 3.31 5.72 5.03
3.7 3.46 5.14 4.6
3.63 3.49 5.34 4.83
3.7 3.6 5.18 4.78
3.7 2.98 5.76 4.74
3.72 3.41 5.29 4.7
3.66 3.35 5.29 4.64
3.76 3.41 5.18 4.59
3.66 3.66 5.07 4.73
3.64 3.21 5.26 4.47
3.77 3.16 5.43 4.59
3.67 3.7 5.11 4.81
3.66 3.38 5.02 4.4
3.66 3.75 4.75 4.5
3.69 3.43 5.3 4.73
3.6 3.39 5.26 4.65
3.69 3.27 5.62 4.89
3.55 3.16 5.06 4.22
3.73 3.52 5.26 4.78
3.69 3.13 5.61 4.74
3.58 2.99 5.33 4.32
3.53 3.27 5.24 4.51
3.57 3.46 5.04 4.5
3.69 3.15 5.43 4.58
3.61 3.33 5.03 4.36
3.77 3.27 5.58 4.85
3.73 3.14 5.22 4.36
3.68 3.25 5.27 4.52
3.72 3.48 5.18 4.66
3.68 3.15 5.43 4.58
3.71 3.43 5.0 4.43
3.8 3.3 5.38 4.68
3.76 3.56 5.06 4.62
3.67 3.26 5.24 4.5
3.64 3.62 4.82 4.44
3.76 3.46 5.2 4.66
3.7 3.41 5.57 4.98
3.65 2.64 5.97 4.61
3.73 3.18 5.56 4.74
3.69 3.53 4.88 4.41
3.74 3.54 5.48 5.02
3.69 3.32 5.43 4.75
3.69 3.29 5.3 4.59
3.7 3.31 5.1 4.41
3.63 3.26 5.02 4.28
3.71 3.08 5.93 5.01
3.74 3.32 5.43 4.75
3.72 3.65 5.11 4.76
3.7 3.34 5.22 4.56
3.58 3.52 5.07 4.59
3.7 3.39 5.47 4.86
3.74 3.57 4.89 4.46
3.7 3.19 5.48 4.67
3.65 3.42 5.19 4.61
3.74 3.35 5.11 4.46
3.7 3.64 5.3 4.94
3.66 3.08 5.66 4.74
3.63 3.11 5.14 4.25
3.61 3.51 4.63 4.14
3.73 3.47 5.0 4.47
3.71 3.22 5.39 4.61
3.6 3.1 5.46 4.56
3.73 3.48 5.15 4.63
3.73 3.5 4.79 4.29
3.7 3.59 4.81 4.4
3.67 3.13 5.42 4.55
3.59 3.12 5.39 4.51
3.58 3.62 5.33 4.95
3.69 3.11 5.27 4.38
3.74 3.48 5.33 4.81
3.71 3.27 5.5 4.77
3.64 3.38 5.24 4.62
3.68 3.17 5.5 4.67
3.65 3.36 5.38 4.74
3.68 3.06 5.82 4.88
3.75 3.28 5.55 4.83
3.67 3.03 5.63 4.66
3.57 3.2 5.31 4.51
3.67 3.19 5.21 4.4
3.77 3.48 5.48 4.96
3.72 3.33 5.32 4.65
3.71 3.32 5.17 4.49
3.75 3.45 5.15 4.6
3.56 3.43 4.99 4.42
3.63 3.39 5.14 4.53
3.61 3.44 5.29 4.73
3.71 3.48 5.06 4.54
3.71 3.58 4.99 4.57
3.69 3.4 5.04 4.44
3.73 3.42 5.62 5.04
3.81 3.36 5.67 5.03
3.64 3.84 4.62 4.46
3.75 3.48 5.21 4.69
3.7 3.4 5.41 4.81
3.59 3.27 5.35 4.62
3.82 3.52 5.29 4.81
3.56 3.41 5.33 4.74
3.76 3.33 5.22 4.55
3.76 2.94 5.7 4.64
3.66 3.25 5.14 4.39
3.64 3.24 5.54 4.78
3.68 3.74 4.97 4.71
3.62 3.4 5.0 4.4
3.79 3.32 5.19 4.51
3.62 3.3 5.22 4.52
3.65 3.19 5.33 4.52
3.67 3.16 5.39 4.55
3.77 3.27 5.3 4.57
3.66 3.34 5.06 4.4
3.7 3.73 5.04 4.77
3.61 3.33 5.0 4.33
3.74 3.19 5.37 4.56
3.67 3.4 5.4 4.8
3.65 3.12 5.48 4.6
3.66 3.43 4.84 4.27
3.73 3.25 5.61 4.86
3.69 3.4 5.01 4.41
3.73 3.19 5.61 4.8
3.68 3.38 5.12 4.5
3.65 3.66 5.09 4.75
3.56 3.03 5.11 4.14
3.71 3.53 4.87 4.4
3.81 3.34 5.26 4.6
3.78 3.68 5.34 5.02
3.56 3.41 4.89 4.3
3.56 3.14 5.52 4.66
3.67 3.63 4.79 4.42
3.57 3.35 5.03 4.38
3.66 3.27 4.99 4.26
3.69 3.41 5.19 4.6
3.75 3.57 5.23 4.8
3.69 3.36 5.2 4.56
3.72 3.36 5.3 4.66
3.7 3.11 5.79 4.9
3.72 3.7 5.21 4.91
3.69 3.38 5.18 4.56
3.74 3.06 5.69 4.75
3.61 3.05 5.33 4.38
3.7 3.38 5.25 4.63
3.74 3.48 5.11 4.59
3.65 3.14 5.28 4.42
3.75 3.5 5.04 4.54
3.8 3.44 5.2 4.64
3.64 3.14 5.66 4.8
3.64 3.32 5.01 4.33
3.67 3.54 5.07 4.61
3.7 3.09 5.52 4.61
3.75 3.14 5.54 4.68
3.68 3.84 4.9 4.74
3.67 2.99 5.4 4.39
3.73 3.41 5.31 4.72
3.72 3.44 5.5 4.94
3.78 3.41 4.88 4.29
3.78 3.32 5.58 4.9
3.69 3.58 5.04 4.62
3.62 3.12 5.21 4.33
3.6 3.28 5.45 4.73
3.71 2.81 5.67 4.48
3.63 3.56 4.79 4.35
3.84 3.02 5.57 4.59
3.7 3.59 5.16 4.75
3.65 3.11 5.34 4.45
3.59 3.53 4.9 4.43
3.66 3.34 5.23 4.57
3.76 3.54 5.21 4.75
3.68 3.47 5.42 4.89
3.68 3.16 5.61 4.77
3.7 3.2 5.4 4.6
3.7 3.06 5.37 4.43
3.76 3.23 5.35 4.58
3.62 3.79 4.84 4.63
3.6 3.4 5.23 4.63
3.68 3.61 5.25 4.86
3.74 3.28 5.5 4.78
3.66 3.39 5.37 4.76
3.74 3.3 5.2 4.5
3.75 3.44 5.13 4.57
3.63 3.32 5.21 4.53
3.71 3.45 5.12 4.57
3.75 3.29 5.35 4.64
3.74 3.46 5.36 4.82
3.62 3.44 5.2 4.64
3.69 3.28 5.39 4.67
3.61 3.23 5.24 4.47
3.69 2.75 5.82 4.57
3.69 3.26 5.49 4.75
3.76 3.23 5.53 4.76
3.66 3.18 5.69 4.87
3.67 3.36 5.11 4.47
3.66 3.34 5.36 4.7
3.71 3.53 5.16 4.69
3.61 3.33 5.15 4.48
3.62 3.33 5.13 4.46
3.64 3.51 5.09 4.6
3.69 3.36 5.24 4.6
3.63 3.26 5.3 4.56
3.6 3.16 5.23 4.39
3.66 3.37 5.14 4.51
3.73 3.39 5.15 4.54
3.68 3.24 5.56 4.8
3.65 3.43 4.99 4.42
3.66 3.26 5.21 4.47
3.78 3.45 5.4 4.85
3.76 3.36 5.43 4.79
3.69 3.33 5.35 4.68
3.78 3.45 5.37 4.82
3.72 3.1 5.84 4.94
3.66 3.25 5.46 4.71
3.68 3.79 4.8 4.59
3.76 3.78 5.06 4.84
3.79 3.49 5.01 4.5
3.77 3.43 5.29 4.72
3.6 3.01 5.42 4.43
3.72 3.79 4.81 4.6
3.72 3.34 5.37 4.71
3.69 3.09 5.7 4.79
3.65 3.27 5.54 4.81
3.72 3.42 5.08 4.5
3.58 3.48 5.12 4.6
3.66 2.84 5.77 4.61
3.7 3.33 5.19 4.52
3.69 3.58 5.01 4.59
3.65 2.84 5.65 4.49
3.62 3.15 5.54 4.69
3.67 3.89 4.92 4.81
3.5 3.31 5.14 4.45
3.68 3.49 5.17 4.66
3.67 3.13 5.45 4.58
3.76 3.36 5.24 4.6
3.48 3.64 4.85 4.49
3.72 3.59 5.26 4.85
3.72 3.05 5.65 4.7
3.73 3.61 4.9 4.51
3.71 3.44 5.24 4.68
3.72 3.32 5.45 4.77
3.58 3.57 4.76 4.33
3.67 3.16 5.57 4.73
3.63 3.36 5.24 4.6
3.58 3.04 5.46 4.5
3.77 3.34 5.59 4.93
3.66 3.43 5.25 4.68
3.65 3.23 5.26 4.49
3.64 3.18 5.28 4.46
3.68 3.44 5.23 4.67
3.6 3.4 5.4 4.8
3.62 3.06 5.25 4.31
3.68 3.52 4.83 4.35
3.56 3.07 5.29 4.36
3.74 3.49 5.54 5.03
3.76 3.22 5.62 4.84
3.74 3.65 4.96 4.61
3.68 3.21 5.43 4.64
3.83 3.43 5.38 4.81
3.7 3.64 5.31 4.95
3.57 3.28 5.14 4.42
3.66 3.17 5.43 4.6
3.72 3.3 5.17 4.47
3.78 3.21 5.63 4.84
3.65 3.13 5.13 4.26
3.69 3.33 5.27 4.6
3.78 3.38 5.62 5.0
3.71 3.21 5.41 4.62
3.69 3.54 5.33 4.87
3.74 4.05 4.63 4.68
3.62 3.72 4.83 4.55
3.75 3.42 5.43 4.85
3.69 3.51 5.05 4.56
3.73 3.57 4.98 4.55
3.69 3.22 5.34 4.56
3.61 3.46 4.95 4.41
3.71 3.13 5.45 4.58
3.66 3.21 5.34 4.55
3.66 3.54 5.12 4.66
3.66 3.67 5.06 4.73
3.65 3.44 4.9 4.34
3.65 3.14 5.38 4.52
3.72 3.05 5.57 4.62
3.65 3.42 4.72 4.14
3.63 3.34 5.3 4.64
3.69 3.3 5.26 4.56
3.68 3.19 5.51 4.7
3.71 3.31 5.26 4.57
3.68 3.46 5.25 4.71
3.63 3.2 5.41 4.61
3.75 2.91 6.0 4.91
3.68 3.35 5.38 4.73
3.81 3.77 4.99 4.76
3.71 3.15 5.54 4.69
3.72 3.44 5.28 4.72
3.72 3.6 5.05 4.65
3.69 3.57 5.1 4.67
3.65 3.28 5.08 4.36
3.65 3.19 5.77 4.96
3.61 3.48 5.28 4.76
3.63 3.53 5.16 4.69
3.68 3.13 5.33 4.46
3.69 3.22 5.43 4.65
3.69 3.61 4.94 4.55
3.65 3.29 5.39 4.68
3.65 3.76 5.07 4.83
3.72 3.7 5.07 4.77
3.73 3.61 5.18 4.79
3.7 3.24 5.24 4.48
3.7 3.22 5.36 4.58
3.72 3.27 5.43 4.7
3.66 3.5 4.9 4.4
3.65 3.58 5.01 4.59
3.74 3.24 5.2 4.44
3.75 3.17 5.3 4.47
3.55 3.61 4.88 4.49
3.68 3.12 5.59 4.71
3.68 2.95 5.84 4.79
3.66 3.25 5.58 4.83
3.81 3.53 5.56 5.09
3.69 3.35 5.21 4.56
3.73 3.57 5.39 4.96
3.74 3.59 5.2 4.79
3.5 4.09 4.38 4.47
3.73 3.44 5.21 4.65
3.85 3.66 5.25 4.91
3.71 3.35 5.13 4.48
3.69 3.23 5.71 4.94
3.65 3.08 5.37 4.45
3.74 3.36 5.45 4.81
3.72 3.27 5.21 4.48
3.59 3.25 4.96 4.21
3.61 3.18 5.5 4.68
3.69 3.31 5.52 4.83
3.64 3.54 5.1 4.64
3.69 3.4 5.23 4.63
3.76 3.09 5.36 4.45
3.69 3.47 4.98 4.45
3.82 3.19 5.88 5.07
3.64 3.05 5.35 4.4
3.54 3.57 4.9 4.47
3.67 3.49 5.32 4.81
3.59 3.56 5.04 4.6
3.57 3.18 5.1 4.28
3.68 3.32 5.13 4.45
3.66 3.25 5.34 4.59
3.73 3.28 5.16 4.44
3.77 3.64 5.02 4.66
3.75 3.25 5.58 4.83
3.59 3.65 4.72 4.37
3.66 3.76 4.78 4.54
3.68 3.52 4.98 4.5
3.66 3.56 4.91 4.47
3.64 3.15 5.52 4.67
3.7 3.09 5.44 4.53
3.72 3.71 4.95 4.66
3.65 3.25 5.25 4.5
3.7 3.01 5.65 4.66
3.68 3.36 4.93 4.29
3.62 3.25 5.49 4.74
3.75 3.38 5.09 4.47
3.77 3.57 4.98 4.55
3.59 3.36 5.18 4.54
3.71 2.91 6.07 4.98
3.74 3.54 5.24 4.78
3.68 3.76 4.86 4.62
3.7 3.33 5.5 4.83
3.71 2.75 6.0 4.75
3.77 3.35 5.47 4.82
3.76 3.41 5.41 4.82
3.61 3.63 5.05 4.68
3.6 3.08 5.53 4.61
3.75 3.24 5.46 4.7
3.7 3.43 5.26 4.69
3.78 3.36 5.43 4.79
3.67 3.55 4.98 4.53
3.75 3.4 5.39 4.79
3.64 3.69 4.84 4.53
3.69 3.69 5.25 4.94
3.7 3.59 5.0 4.59
3.6 3.74 4.81 4.55
3.69 3.76 4.79 4.55
3.5 3.17 5.26 4.43
3.74 3.43 5.27 4.7
3.67 3.32 5.27 4.59
3.81 3.09 5.64 4.73
3.84 3.42 5.42 4.84
3.68 3.92 4.7 4.62
3.69 3.9 4.84 4.74
3.69 3.49 4.92 4.41
3.71 3.32 5.37 4.69
3.77 3.2 5.58 4.78
3.65 3.2 5.08 4.28
3.75 3.38 5.35 4.73
3.76 3.48 5.55 5.03
3.73 3.63 4.95 4.58
3.61 3.47 4.89 4.36
3.76 3.34 5.26 4.6
3.57 3.63 5.03 4.66
3.69 3.72 4.7 4.42
3.65 3.69 5.12 4.81
3.71 3.51 4.98 4.49
3.68 2.79 5.84 4.63
3.76 3.75 5.04 4.79
3.69 3.13 5.38 4.51
3.72 3.67 5.02 4.69
3.58 3.5 4.96 4.46
3.65 3.56 5.11 4.67
3.63 3.67 5.18 4.85
3.65 3.42 5.31 4.73
3.75 3.27 5.47 4.74
3.68 3.46 5.25 4.71
3.71 3.13 5.65 4.78
3.74 2.89 5.74 4.63
3.62 3.25 4.84 4.09
3.63 3.35 5.11 4.46
3.68 3.25 5.01 4.26
3.61 3.51 5.28 4.79
3.68 3.71 5.0 4.71
3.81 3.51 5.24 4.75
3.63 3.31 5.45 4.76
3.65 3.43 5.25 4.68
3.66 3.36 5.56 4.92
3.62 2.96 5.59 4.55
3.76 3.33 5.32 4.65
3.71 3.35 5.11 4.46
3.77 3.43 5.17 4.6
3.67 3.31 5.39 4.7
3.66 3.55 5.09 4.64
3.65 3.43 4.83 4.26
3.61 3.46 5.13 4.59
3.67 3.3 5.16 4.46
3.69 3.67 4.85 4.52
3.72 3.28 5.27 4.55
3.62 3.4 5.4 4.8
3.62 3.32 5.29 4.61
3.66 3.16 5.39 4.55
3.6 3.53 4.98 4.51
3.75 3.46 5.46 4.92
3.65 3.78 4.91 4.69
3.54 3.58 4.76 4.34
3.64 3.44 5.35 4.79
3.69 3.49 4.98 4.47
3.68 3.34 5.25 4.59
3.65 3.19 5.47 4.66
3.67 3.44 5.19 4.63
3.73 3.19 5.53 4.72
3.68 2.93 5.66 4.59
3.64 3.35 5.1 4.45
3.65 3.3 5.21 4.51
3.73 3.59 4.86 4.45
3.66 3.02 5.38 4.4
3.7 3.52 5.29 4.81
3.66 3.35 5.06 4.41
3.75 3.1 5.58 4.68
3.69 3.42 5.18 4.6
3.71 3.27 5.54 4.81
3.75 3.26 5.7 4.96
3.7 3.23 5.42 4.65
3.71 3.24 5.25 4.49
3.74 3.35 5.18 4.53
3.61 3.35 5.44 4.79
3.71 3.25 5.52 4.77
3.74 3.96 5.11 5.07
3.67 3.26 5.27 4.53
3.64 3.36 5.26 4.62
3.72 3.39 5.41 4.8
3.81 3.41 5.67 5.08
3.71 3.18 5.25 4.43
3.53 3.08 5.36 4.44
3.79 3.29 5.52 4.81
3.66 3.37 5.05 4.42
3.78 3.54 5.39 4.93
3.68 3.7 4.9 4.6
3.6 3.37 5.0 4.37
3.62 2.92 5.54 4.46
3.72 3.98 4.77 4.75
3.63 3.2 5.16 4.36
3.69 3.46 5.01 4.47
3.72 3.42 5.32 4.74
3.7 3.35 5.34 4.69
3.67 3.62 4.8 4.42
3.61 3.25 5.16 4.41
3.69 3.45 5.33 4.78
3.64 3.5 4.88 4.38
3.62 3.2 5.86 5.06
3.67 3.26 5.04 4.3
3.59 3.34 4.86 4.2
3.72 3.43 5.17 4.6
3.8 3.51 5.19 4.7
3.59 3.51 5.04 4.55
3.71 3.58 5.1 4.68
3.65 3.51 5.02 4.53
3.69 3.14 5.35 4.49
3.6 3.46 5.07 4.53
3.7 3.01 5.37 4.38
3.74 3.12 5.31 4.43
3.68 3.41 5.19 4.6
3.6 3.46 5.09 4.55
3.62 3.27 5.24 4.51
3.65 3.47 5.35 4.82
3.61 3.41 5.01 4.42
3.7 2.83 5.83 4.66
3.67 3.14 5.32 4.46
3.71 3.17 5.24 4.41
3.64 3.06 5.46 4.52
3.68 3.36 5.15 4.51
3.7 3.29 5.14 4.43
3.68 3.23 5.16 4.39
3.62 3.33 5.13 4.46
3.7 4.03 4.57 4.6
3.59 3.41 5.05 4.46
3.7 3.48 5.17 4.65
3.63 3.72 5.25 4.97
3.69 3.15 5.08 4.23
3.76 3.45 5.2 4.65
3.74 3.53 5.3 4.83
3.67 3.4 5.15 4.55
3.64 3.16 5.34 4.5
3.71 2.95 5.52 4.47
3.65 3.3 5.34 4.64
3.64 3.08 5.51 4.59
3.53 3.5 4.89 4.39
3.63 3.65 5.27 4.92
3.73 3.42 5.18 4.6
3.71 2.93 5.36 4.29
3.73 3.17 5.49 4.66
3.76 3.31 5.3 4.61
3.7 3.44 5.22 4.66
3.7 3.03 5.27 4.3
3.6 3.71 4.64 4.35
3.64 3.6 5.09 4.69
3.81 3.17 5.63 4.8
3.83 3.08 5.69 4.77
3.69 3.75 5.02 4.77
3.63 3.58 5.09 4.67
3.76 3.28 5.63 4.91
3.77 3.35 5.52 4.87
3.72 3.33 5.13 4.46
3.71 3.42 4.99 4.41
3.64 3.06 5.55 4.61
3.72 3.35 5.55 4.9
3.6 2.96 5.58 4.54
3.56 3.38 4.96 4.34
3.63 3.32 5.51 4.83
3.74 3.52 5.08 4.6
3.68 3.63 5.16 4.79
3.63 3.35 5.21 4.56
3.72 3.66 4.79 4.45
3.61 3.04 5.39 4.43
3.72 3.12 5.6 4.72
3.75 3.37 5.42 4.79
3.78 3.32 5.56 4.88
3.68 3.59 4.98 4.57
3.67 3.62 4.87 4.49
3.76 3.62 5.02 4.64
3.8 3.35 5.5 4.85
3.71 3.26 5.32 4.58
3.65 3.17 5.13 4.3
3.63 3.26 5.02 4.28
3.62 3.18 5.41 4.59
3.73 3.18 5.48 4.66
3.73 3.27 5.04 4.31
3.72 3.41 5.29 4.7
3.65 3.31 5.29 4.6
3.68 3.96 4.68 4.64
3.63 3.6 5.24 4.84
3.79 3.31 5.2 4.51
3.63 3.28 5.18 4.46
3.6 3.15 5.3 4.45
3.74 3.32 5.17 4.49
3.72 3.17 5.4 4.57
3.7 3.12 5.51 4.63
3.81 3.68 5.25 4.93
3.72 3.57 5.2 4.77
3.67 3.44 5.23 4.67
3.72 3.33 5.64 4.97
3.72 3.32 5.26 4.58
3.68 3.58 4.97 4.55
3.77 3.46 5.12 4.58
3.65 3.52 4.92 4.44
3.69 3.18 5.43 4.61
3.57 3.14 5.27 4.41
3.78 3.39 5.38 4.77
3.62 3.06 5.45 4.51
3.71 3.43 5.27 4.7
3.65 3.41 5.06 4.47
3.66 3.59 5.05 4.64
3.64 3.67 4.83 4.5
3.61 3.29 5.23 4.52
3.78 3.14 5.62 4.76
3.61 3.79 4.76 4.55
3.71 3.23 5.23 4.46
3.75 3.38 5.23 4.61
3.66 3.15 5.41 4.56
3.72 3.29 5.17 4.46
3.59 3.4 5.22 4.62
3.65 3.58 5.09 4.67
3.61 3.27 5.24 4.51
3.62 3.24 5.35 4.59
3.69 3.5 5.34 4.84
3.57 2.99 5.17 4.16
3.68 3.82 4.68 4.5
3.64 3.09 5.17 4.26
3.71 3.42 5.42 4.84
3.62 3.11 5.56 4.67
3.64 3.22 5.13 4.35
3.73 3.58 4.98 4.56
3.6 3.72 4.85 4.57
3.54 3.44 4.99 4.43
3.66 3.21 5.39 4.6
3.71 3.22 5.23 4.45
3.66 3.45 5.18 4.63
3.65 2.94 5.58 4.52
3.7 3.27 5.44 4.71
3.71 3.43 5.15 4.58
3.7 3.45 5.28 4.73
3.61 3.25 5.23 4.48
3.66 3.26 5.0 4.26
3.65 3.19 4.94 4.13
3.65 3.29 5.21 4.5
3.71 3.68 5.09 4.77
3.57 3.18 5.23 4.41
3.7 3.51 5.62 5.13
3.75 3.45 5.06 4.51
3.74 3.42 5.08 4.5
3.68 3.03 5.49 4.52
3.75 4.04 4.76 4.8
3.67 3.66 4.99 4.65
3.66 3.92 4.72 4.64
3.71 3.18 5.51 4.69
3.71 3.19 5.6 4.79
3.58 3.32 4.84 4.16
3.7 3.14 5.65 4.79
3.63 3.08 5.3 4.38
3.56 3.59 4.83 4.42
3.61 3.17 5.25 4.42
3.72 3.64 5.1 4.74
3.63 3.41 4.88 4.29
3.77 3.25 5.37 4.62
3.7 3.2 5.2 4.4
3.73 3.59 5.0 4.59
3.8 3.38 5.57 4.95
3.71 3.25 5.15 4.4
3.6 3.01 5.53 4.54
3.55 3.49 5.23 4.72
3.6 3.82 4.88 4.7
3.66 3.16 5.48 4.64
3.68 3.13 5.53 4.66
3.62 3.12 5.26 4.38
3.74 3.3 5.17 4.47
3.74 3.31 5.43 4.74
3.61 3.49 5.01 4.5
3.76 3.52 5.4 4.92
3.48 3.67 4.68 4.35
3.76 3.28 5.59 4.87
3.78 3.35 5.37 4.72
3.61 3.58 5.01 4.59
3.63 3.7 4.99 4.69
3.65 3.17 5.33 4.5
3.48 3.49 4.95 4.44
3.69 3.6 5.21 4.81
3.63 3.26 5.54 4.8
3.67 3.53 5.26 4.79
3.74 3.7 4.99 4.69
3.56 3.08 5.62 4.7
3.75 3.34 5.23 4.57
3.66 3.35 5.24 4.59
3.61 3.42 5.14 4.56
3.74 3.56 4.97 4.53
3.61 3.34 5.01 4.35
3.7 3.18 5.17 4.35
3.67 3.51 5.17 4.68
3.58 3.29 5.15 4.44
3.69 3.46 5.24 4.7
3.61 2.99 5.44 4.43
3.69 3.04 5.41 4.45
3.71 3.5 5.31 4.81
3.76 3.46 5.21 4.67
3.75 3.82 5.03 4.85
3.63 3.94 4.54 4.48
3.72 3.28 5.26 4.54
3.76 3.54 5.38 4.92
3.7 3.16 5.61 4.77
3.74 3.5 5.03 4.53
3.76 3.01 5.67 4.68
3.68 3.7 4.72 4.42
3.71 3.75 4.97 4.72
3.82 3.22 5.47 4.69
3.6 3.21 5.34 4.55
3.74 3.43 5.3 4.73
3.61 3.27 5.17 4.44
3.61 3.57 4.97 4.54
3.67 3.4 5.3 4.7
3.79 3.27 5.22 4.49
3.61 3.27 5.2 4.47
3.73 3.51 5.2 4.71
3.77 3.61 4.78 4.39
3.7 3.24 5.43 4.67
3.7 3.35 5.61 4.96
3.72 3.27 5.46 4.73
3.62 3.15 5.46 4.61
3.67 3.52 5.29 4.81
3.64 3.61 5.02 4.63
3.58 3.16 5.31 4.47
3.71 3.4 5.18 4.58
3.68 2.91 5.72 4.63
3.75 3.01 5.56 4.57
3.6 3.1 5.49 4.59
3.7 3.47 5.34 4.81
3.7 3.64 4.73 4.37
3.73 3.58 5.37 4.95
3.64 3.34 5.17 4.51
3.67 3.72 4.55 4.27
3.63 3.13 5.37 4.5
3.72 3.13 5.5 4.63
3.67 3.0 5.44 4.44
3.63 3.42 5.07 4.49
3.53 3.48 4.78 4.26
3.71 3.46 5.28 4.74
3.68 3.22 5.41 4.63
3.68 3.44 5.21 4.65
3.52 3.62 4.78 4.4
3.76 3.63 5.3 4.93
3.74 3.24 5.43 4.67
3.68 3.46 5.18 4.64
3.73 3.23 5.28 4.51
3.58 3.36 5.14 4.5
3.68 3.31 5.18 4.49
3.62 3.43 5.1 4.53
3.66 3.43 5.03 4.46
3.67 3.18 5.52 4.7
3.68 3.66 4.94 4.6
3.7 3.27 5.51 4.78
3.71 3.28 5.49 4.77
3.72 3.33 5.2 4.53
3.63 3.01 5.37 4.38
3.72 3.58 5.22 4.8
3.62 3.39 5.19 4.58
3.68 3.42 5.42 4.84
3.63 3.4 5.16 4.56
3.53 3.49 5.14 4.63
3.66 3.11 5.42 4.53
3.63 3.34 5.15 4.49
3.68 3.43 5.07 4.5
3.71 3.15 5.58 4.73
3.67 3.56 4.93 4.49
3.71 3.35 5.44 4.79
3.63 3.6 5.04 4.64
3.67 3.2 5.49 4.69
3.71 3.66 5.28 4.94
3.74 3.62 5.05 4.67
3.69 3.73 5.17 4.9
3.67 3.4 5.22 4.62
3.77 3.71 4.93 4.64
3.67 3.55 5.07 4.62
3.62 2.68 5.66 4.34
3.64 3.36 5.14 4.5
3.67 3.42 5.27 4.69
3.62 3.57 5.03 4.6
3.67 3.38 5.0 4.38
3.7 3.14 5.65 4.79
3.67 3.27 5.56 4.83
3.82 3.54 5.06 4.6
3.72 3.32 5.39 4.71
3.74 3.24 5.6 4.84
3.69 3.19 5.33 4.52
3.62 3.5 5.06 4.56
3.7 3.28 5.19 4.47
3.65 3.37 5.37 4.74
3.72 3.46 5.14 4.6
3.7 3.24 5.36 4.6
3.7 3.21 5.42 4.63
3.72 3.19 5.39 4.58
3.63 3.4 5.24 4.64
3.72 3.43 5.28 4.71
3.64 3.53 5.04 4.57
3.63 3.33 5.25 4.58
3.66 3.75 4.9 4.65
3.83 3.47 5.51 4.98
3.76 3.7 4.99 4.69
3.73 3.38 5.24 4.62
3.67 3.24 5.1 4.34
3.6 3.72 4.94 4.66
3.68 3.36 4.95 4.31
3.71 3.26 5.35 4.61
3.85 3.45 5.4 4.85
3.62 3.58 4.86 4.44
3.74 3.31 5.14 4.45
3.67 3.46 5.35 4.81
3.76 3.38 5.43 4.81
3.64 3.33 4.74 4.07
3.72 3.13 5.69 4.82
3.75 3.18 5.61 4.79
3.68 3.33 5.49 4.82
3.66 3.25 5.38 4.63
3.66 3.61 5.06 4.67
3.6 3.65 4.95 4.6
3.67 3.47 5.25 4.72
3.64 2.76 5.44 4.2
3.68 3.43 5.07 4.5
3.66 3.4 5.13 4.53
3.62 3.28 5.17 4.45
3.69 3.57 5.18 4.75
3.65 3.22 5.62 4.84
3.66 3.45 4.95 4.4
3.65 3.25 5.41 4.66
3.66 3.4 5.0 4.4
3.67 3.31 5.5 4.81
3.67 3.37 5.33 4.7
3.8 3.39 5.2 4.59
3.73 3.63 5.17 4.8
3.77 3.17 5.6 4.77
3.72 3.51 5.17 4.68
3.73 3.61 5.13 4.74
3.79 3.47 5.06 4.53
3.73 3.86 5.03 4.89
3.76 3.48 5.18 4.66
3.67 3.15 5.05 4.2
3.71 3.56 5.02 4.58
3.69 3.14 5.57 4.71
3.68 3.64 4.95 4.59
3.69 3.17 5.5 4.67
3.68 3.38 5.4 4.78
3.63 3.21 4.99 4.2
3.63 3.79 4.82 4.61
3.69 3.24 5.44 4.68
3.73 3.42 5.11 4.53
3.58 3.12 5.4 4.52
3.57 3.53 4.72 4.25
3.62 3.3 5.25 4.55
3.65 3.18 5.26 4.44
3.6 3.4 5.15 4.55
3.69 3.38 5.27 4.65
3.66 3.59 4.95 4.54
3.67 3.83 5.13 4.96
3.71 3.42 5.07 4.49
3.52 3.03 5.31 4.34
3.58 3.01 5.57 4.58
3.67 3.1 5.29 4.39
3.64 3.51 5.05 4.56
3.68 3.68 4.89 4.57
3.67 2.96 5.63 4.59
3.67 3.53 4.95 4.48
3.75 3.33 5.27 4.6
3.61 3.37 5.28 4.65
3.61 3.55 4.97 4.52
3.66 3.46 4.99 4.45
3.68 3.29 5.3 4.59
3.58 3.58 5.03 4.61
3.63 3.29 5.26 4.55
3.61 3.42 5.26 4.68
3.52 3.29 5.05 4.34
3.76 3.66 5.16 4.82
3.67 3.72 4.96 4.68
3.75 3.43 5.28 4.71
3.79 3.57 5.17 4.74
3.76 3.29 5.52 4.81
3.73 3.35 5.45 4.8
3.6 3.64 5.08 4.72
3.67 3.35 5.52 4.87
3.64 3.4 5.24 4.64
3.52 3.39 5.02 4.41
3.66 3.3 5.21 4.51
3.78 3.35 5.26 4.61
3.66 3.34 5.02 4.36
3.63 3.58 5.07 4.65
3.73 3.48 5.03 4.51
3.69 3.27 5.3 4.57
3.61 3.53 4.76 4.29
3.71 3.53 5.21 4.74
3.7 3.42 5.23 4.65
3.64 3.31 5.06 4.37
3.74 3.29 5.29 4.58
3.57 3.8 4.78 4.58
3.61 3.55 5.42 4.97
3.7 3.1 5.62 4.72
3.73 3.41 5.17 4.58
3.63 3.71 4.79 4.5
3.69 3.09 5.81 4.9
3.7 3.14 5.5 4.64
3.66 3.19 5.5 4.69
3.68 3.2 5.33 4.53
3.81 3.5 5.24 4.74
3.58 3.59 4.98 4.57
3.65 3.33 5.19 4.52
3.7 3.53 5.14 4.67
3.68 3.54 5.07 4.61
3.61 3.36 5.07 4.43
3.69 3.36 5.35 4.71
3.62 3.55 4.87 4.42
3.6 3.0 5.36 4.36
3.83 3.42 5.37 4.79
3.73 3.45 5.3 4.75
3.75 3.22 5.22 4.44
3.67 3.67 4.81 4.48
3.63 3.37 4.85 4.22
3.69 3.34 5.02 4.36
3.66 3.49 4.85 4.34
3.68 3.4 4.98 4.38
3.69 3.23 5.5 4.73
3.7 3.61 4.93 4.54
3.72 3.28 5.4 4.68
3.67 3.32 5.23 4.55
3.71 3.31 5.67 4.98
3.83 3.12 5.95 5.07
3.74 3.5 5.32 4.82
3.67 3.48 5.1 4.58
3.51 3.41 5.14 4.55
3.63 3.44 5.07 4.51
3.66 3.11 5.43 4.54
3.71 3.52 5.22 4.74
3.61 3.22 5.29 4.51
3.72 3.51 5.13 4.64
3.74 3.28 5.41 4.69
3.63 3.04 5.5 4.54
3.67 2.94 5.33 4.27
3.66 3.33 5.01 4.34
3.74 3.43 5.31 4.74
3.72 3.55 5.42 4.97
3.63 3.48 4.99 4.47
3.65 3.64 4.87 4.51
3.76 3.64 5.26 4.9
3.58 3.35 5.17 4.52
3.77 3.3 5.45 4.75
3.64 3.42 5.08 4.5
3.6 3.08 5.47 4.55
3.68 3.38 5.23 4.61
3.7 3.71 5.23 4.94
3.71 3.58 5.08 4.66
3.66 3.51 4.98 4.49
3.7 3.52 5.15 4.67
3.67 3.39 5.25 4.64
3.64 3.26 5.15 4.41
3.7 3.39 5.39 4.78
3.62 3.46 4.95 4.41
3.77 3.91 5.01 4.92
3.66 3.58 5.13 4.71
3.74 3.1 5.57 4.67
3.67 3.02 5.57 4.59
3.67 3.75 4.84 4.59
3.82 3.29 5.63 4.92
3.67 3.45 5.28 4.73
3.74 3.19 5.7 4.89
3.7 3.69 4.98 4.67
3.78 3.37 4.94 4.31
3.7 3.49 5.21 4.7
3.75 3.23 5.49 4.72
3.62 3.53 4.98 4.51
3.75 3.48 5.16 4.64
3.5 3.19 5.57 4.76
3.57 3.54 5.03 4.57
3.66 3.33 5.01 4.34
3.68 3.26 5.25 4.51
3.8 3.59 5.22 4.81
3.71 3.74 5.06 4.8
3.57 3.26 5.08 4.34
3.52 3.43 4.82 4.25
3.8 3.49 5.3 4.79
3.71 3.31 5.12 4.43
3.66 3.03 5.34 4.37
3.73 3.4 5.25 4.65
3.66 3.54 5.18 4.72
3.79 3.25 5.69 4.94
3.71 3.2 5.31 4.51
3.71 3.4 5.38 4.78
3.73 3.2 5.64 4.84
3.76 3.32 5.51 4.83
3.75 3.68 4.79 4.47
3.67 3.27 5.29 4.56
3.72 3.45 5.33 4.78
3.73 3.5 4.78 4.28
3.69 3.45 5.01 4.46
3.85 3.45 5.37 4.82
3.55 3.34 4.86 4.2
3.73 3.18 5.34 4.52
3.62 3.28 5.08 4.36
3.73 3.43 5.05 4.48
3.72 3.3 5.41 4.71
3.64 3.66 4.73 4.39
3.66 3.72 4.89 4.61
3.62 3.17 5.42 4.59
3.71 3.4 5.04 4.44
3.64 3.44 5.09 4.53
3.71 3.31 5.23 4.54
3.76 3.53 5.15 4.68
3.76 3.14 5.69 4.83
3.68 3.5 5.18 4.68
3.69 3.34 5.23 4.57
3.66 3.12 5.62 4.74
3.66 3.61 4.66 4.27
3.68 3.26 5.17 4.43
3.72 3.6 4.99 4.59
3.56 3.51 5.13 4.64
3.77 3.19 5.53 4.72
3.67 3.37 5.42 4.79
3.67 3.3 5.48 4.78
3.65 3.38 5.0 4.38
3.78 3.37 5.36 4.73
3.71 3.71 4.91 4.62
3.72 3.12 5.72 4.84
3.69 3.45 5.3 4.75
3.71 3.13 5.43 4.56
3.7 3.24 5.48 4.72
3.8 3.02 5.75 4.77
3.68 3.15 5.49 4.64
3.74 3.38 5.47 4.85
3.63 3.23 5.09 4.32
3.61 3.44 5.13 4.57
3.75 2.98 5.46 4.44
3.67 3.53 5.1 4.63
3.63 3.45 5.2 4.65
3.74 3.36 5.61 4.97
3.79 3.24 5.37 4.61
3.75 3.44 5.12 4.56
3.8 3.22 5.74 4.96
3.62 3.16 5.4 4.56
3.65 2.99 5.69 4.68
3.61 3.25 5.23 4.48
3.77 3.68 5.05 4.73
3.73 3.14 5.92 5.06
3.69 3.14 5.31 4.45
3.7 3.2 5.48 4.68
3.77 3.32 5.4 4.72
3.76 3.75 4.93 4.68
3.64 3.4 5.1 4.5
3.66 3.48 5.02 4.5
3.69 3.44 5.42 4.86
3.73 3.01 5.57 4.58
3.78 3.4 4.98 4.38
3.61 3.47 5.34 4.81
3.6 3.16 5.29 4.45
3.79 3.24 5.35 4.59
3.65 3.25 5.54 4.79
3.77 3.36 5.65 5.01
3.64 3.38 5.11 4.49
3.74 3.34 5.23 4.57
3.77 3.21 5.48 4.69
3.72 3.15 5.95 5.1
3.7 3.31 5.4 4.71
3.71 3.4 5.36 4.76
3.65 3.37 5.36 4.73
3.69 3.2 5.21 4.41
3.66 3.54 4.91 4.45
3.69 3.42 5.02 4.44
3.65 3.88 4.83 4.71
3.71 3.32 5.35 4.67
3.71 3.21 5.35 4.56
3.65 3.09 5.75 4.84
3.72 3.22 5.46 4.68
3.73 3.68 5.13 4.81
3.6 3.69 4.93 4.62
3.72 3.49 4.99 4.48
3.61 3.22 5.25 4.47
3.77 3.52 5.03 4.55
3.71 3.84 4.87 4.71
3.73 3.23 5.6 4.83
3.74 3.53 5.11 4.64
3.68 3.52 5.23 4.75
3.56 3.42 5.25 4.67
3.69 3.46 5.36 4.82
3.62 3.27 5.14 4.41
3.73 3.0 5.41 4.41
3.66 3.11 5.73 4.84
3.73 3.26 5.52 4.78
3.65 3.82 4.92 4.74
3.64 3.28 5.12 4.4
3.74 3.83 4.88 4.71
3.65 3.9 4.86 4.76
3.73 3.58 5.18 4.76
3.65 3.7 4.9 4.6
3.58 3.45 4.96 4.41
3.71 3.79 4.94 4.73
3.72 3.57 5.18 4.75
3.72 3.52 5.1 4.62
3.67 3.06 5.42 4.48
3.77 3.16 5.47 4.63
3.67 3.21 5.35 4.56
3.68 3.47 5.1 4.57
3.76 3.69 5.18 4.87
3.73 3.6 5.04 4.64
3.8 3.57 5.21 4.78
3.65 3.25 5.49 4.74
3.69 3.44 5.41 4.85
3.69 3.46 4.97 4.43
3.58 3.2 5.25 4.45
3.74 3.62 5.11 4.73
3.66 2.92 5.81 4.73
3.66 2.99 5.4 4.39
3.73 3.49 5.11 4.6
3.77 3.69 4.96 4.65
3.69 3.67 4.88 4.55
3.64 3.26 5.56 4.82
3.79 3.11 5.82 4.93
3.54 3.44 5.02 4.46
3.87 3.33 5.5 4.83
3.59 3.5 4.9 4.4
3.67 3.49 5.24 4.73
3.69 3.34 5.29 4.63
3.73 3.47 5.2 4.67
3.64 3.29 5.15 4.44
3.63 3.34 5.01 4.35
3.71 3.44 5.45 4.89
3.73 3.57 4.89 4.46
3.74 3.73 5.08 4.81
3.73 3.61 4.97 4.58
3.67 3.66 4.8 4.46
3.7 3.33 5.42 4.75
3.71 2.95 5.67 4.62
3.69 3.22 5.71 4.93
3.6 3.72 4.89 4.61
3.69 3.21 5.51 4.72
3.65 3.33 5.35 4.68
3.64 3.39 5.2 4.59
3.66 3.61 4.92 4.53
3.7 3.57 5.35 4.92
3.61 3.17 5.66 4.83
3.56 3.28 5.16 4.44
3.69 3.54 5.15 4.69
3.68 3.62 4.91 4.53
3.7 3.54 5.35 4.89
3.8 3.37 5.36 4.73
3.67 3.75 4.89 4.64
3.64 3.38 5.0 4.38
3.62 3.24 5.41 4.65
3.69 3.58 5.13 4.71
3.71 3.08 5.32 4.4
3.73 3.52 5.33 4.85
3.62 3.4 4.95 4.35
3.66 3.47 4.85 4.32
3.65 3.79 4.73 4.52
3.6 3.14 5.5 4.64
3.59 3.54 5.12 4.66
3.7 3.09 5.6 4.69
3.68 3.34 5.13 4.47
3.65 3.2 5.24 4.44
3.68 3.68 4.91 4.59
3.83 3.37 5.67 5.04
3.74 3.33 5.4 4.73
3.66 3.58 5.02 4.6
3.66 3.16 5.28 4.44
3.75 3.4 5.57 4.97
3.79 3.53 5.16 4.69
3.66 3.26 5.42 4.68
3.63 3.59 5.03 4.62
3.66 3.26 4.9 4.16
3.64 3.2 5.35 4.55
3.72 3.11 5.49 4.6
3.63 3.26 4.9 4.16
3.76 3.58 5.12 4.7
3.7 3.07 5.62 4.69
3.76 3.3 5.64 4.94
3.61 3.1 5.53 4.63
3.74 3.91 5.0 4.91
3.7 3.66 4.76 4.42
3.76 3.49 5.09 4.58
3.7 3.03 5.52 4.55
3.8 3.19 5.36 4.55
3.69 3.5 5.28 4.78
3.63 3.13 5.56 4.69
3.64 3.18 5.39 4.57
3.74 3.39 5.34 4.73
3.7 3.11 5.62 4.73
3.65 3.49 5.19 4.68
3.73 3.45 5.57 5.02
3.73 3.57 5.05 4.62
3.69 3.31 4.98 4.29
3.63 3.45 4.99 4.44
3.78 3.35 5.32 4.67
3.69 3.34 4.89 4.23
3.65 3.29 5.17 4.46
3.68 3.03 5.48 4.51
3.76 3.58 5.28 4.86
3.58 3.17 5.24 4.41
3.78 3.19 5.21 4.4
3.62 3.3 5.17 4.47
3.65 3.53 5.01 4.54
3.81 3.33 5.27 4.6
3.63 3.36 5.31 4.67
3.72 3.2 5.63 4.83
3.66 3.42 5.14 4.56
3.79 3.89 4.79 4.68
3.75 2.85 6.04 4.89
3.78 3.29 5.35 4.64
3.67 3.44 4.89 4.33
3.79 3.39 5.63 5.02
3.81 3.44 5.18 4.62
3.73 3.43 5.35 4.78
3.58 3.65 4.84 4.49
3.62 3.35 5.36 4.71
3.74 3.53 5.03 4.56
3.77 2.96 5.77 4.73
3.64 3.2 5.22 4.42
3.71 3.76 4.87 4.63
3.63 3.25 5.24 4.49
3.54 2.89 5.35 4.24
3.62 3.4 4.89 4.29
3.72 3.07 5.87 4.94
3.51 3.19 4.92 4.11
3.65 3.33 5.25 4.58
3.68 3.55 5.19 4.74
3.73 3.48 5.36 4.84
3.69 3.29 5.3 4.59
3.62 3.35 4.94 4.29
3.63 3.35 4.85 4.2
3.79 3.36 5.46 4.82
3.7 3.32 5.23 4.55
3.75 3.54 5.2 4.74
3.77 3.88 5.06 4.94
3.57 3.71 4.61 4.32
3.64 3.44 5.32 4.76
3.65 3.01 5.39 4.4
3.59 3.46 4.79 4.25
3.64 3.18 5.38 4.56
3.65 2.87 5.73 4.6
3.65 3.36 5.48 4.84
3.67 3.27 5.5 4.77
3.72 3.53 5.24 4.77
3.64 3.39 5.13 4.52
3.6 3.08 5.26 4.34
3.62 3.57 5.17 4.74
3.76 3.3 5.1 4.4
3.71 3.22 5.22 4.44
3.65 3.3 5.5 4.8
3.67 3.12 5.51 4.63
3.67 3.2 5.27 4.47
3.65 3.39 5.43 4.82
3.69 3.61 5.31 4.92
3.59 3.61 4.83 4.44
3.65 3.33 5.21 4.54
3.72 3.33 5.43 4.76
3.7 3.22 5.18 4.4
3.59 3.21 5.23 4.44
3.76 3.0 5.63 4.63
3.66 3.3 5.16 4.46
3.64 3.17 5.52 4.69
3.69 2.94 5.42 4.36
3.6 3.53 4.65 4.18
3.72 3.23 5.07 4.3
3.72 2.91 5.58 4.49
3.69 3.27 5.05 4.32
3.64 3.71 4.64 4.35
3.62 3.69 5.06 4.75
3.8 3.22 5.65 4.87
3.68 3.39 5.29 4.68
3.72 3.06 5.55 4.61
3.67 3.36 5.23 4.59
3.74 3.5 4.95 4.45
3.59 3.0 5.42 4.42
3.58 3.21 5.28 4.49
3.71 3.5 5.3 4.8
3.8 3.03 5.53 4.56
3.63 3.3 5.18 4.48
3.64 3.07 5.55 4.62
3.62 3.32 5.5 4.82
3.7 3.41 5.53 4.94
3.64 3.28 5.11 4.39
3.77 2.99 5.79 4.78
3.68 2.89 5.66 4.55
3.64 3.01 5.65 4.66
3.69 3.35 5.3 4.65
3.69 3.34 5.5 4.84
3.69 3.49 5.09 4.58
3.59 3.39 5.15 4.54
3.72 3.56 5.18 4.74
3.66 3.56 5.15 4.71
3.72 3.73 4.95 4.68
3.64 3.28 5.39 4.67
3.73 3.13 5.5 4.63
3.81 3.3 5.48 4.78
3.69 3.04 5.58 4.62
3.73 3.49 5.2 4.69
3.75 3.45 5.28 4.73
3.69 3.64 5.04 4.68
3.72 3.59 5.36 4.95
3.74 3.0 5.63 4.63
3.63 3.41 5.14 4.55
3.8 3.39 5.59 4.98
3.74 3.22 5.55 4.77
3.71 3.16 5.62 4.78
3.77 3.43 5.45 4.88
3.71 3.75 4.96 4.71
3.7 3.38 5.12 4.5
3.58 3.18 5.15 4.33
3.76 3.23 5.6 4.83
3.69 3.45 5.2 4.65
3.58 3.48 4.9 4.38
3.74 3.5 5.23 4.73
3.72 3.5 4.97 4.47
3.73 3.39 5.23 4.62
3.69 3.27 4.82 4.09
3.69 3.44 5.32 4.76
3.68 3.33 5.4 4.73
3.78 3.44 5.15 4.59
3.6 3.31 4.98 4.29
3.72 3.26 5.2 4.46
3.7 3.58 4.83 4.41
3.64 3.15 5.15 4.3
3.66 3.24 5.34 4.58
3.69 2.83 5.53 4.36
3.77 3.16 5.53 4.69
3.73 3.48 5.13 4.61
3.73 3.0 5.73 4.73
3.81 3.54 5.53 5.07
3.63 3.35 5.21 4.56
3.73 3.4 5.01 4.41
3.69 3.38 5.36 4.74
3.58 3.52 4.94 4.46
3.7 3.57 5.38 4.95
3.72 3.47 5.59 5.06
3.56 3.34 4.9 4.24
3.7 3.39 5.43 4.82
3.67 3.24 5.32 4.56
3.67 3.21 5.32 4.53
3.63 3.32 5.05 4.37
3.59 3.38 4.98 4.36
3.62 3.45 5.2 4.65
3.66 3.21 5.43 4.64
3.72 3.07 5.48 4.55
3.76 3.53 5.15 4.68
3.65 3.15 5.26 4.41
3.56 3.63 4.91 4.54
3.68 3.13 5.46 4.59
3.68 3.01 5.66 4.67
3.75 3.43 5.51 4.94
3.74 3.69 5.31 5.0
3.71 3.14 5.4 4.54
3.67 3.14 5.77 4.91
3.75 3.15 5.63 4.78
3.71 3.65 5.15 4.8
3.66 3.43 5.13 4.56
3.63 3.2 5.22 4.42
3.68 3.14 5.58 4.72
3.75 3.66 5.19 4.85
3.76 3.64 5.46 5.1
3.64 3.36 5.41 4.77
3.69 3.2 5.3 4.5
3.73 3.31 5.14 4.45
3.7 3.06 5.42 4.48
3.69 3.3 5.43 4.73
3.76 3.2 5.56 4.76
3.71 3.5 5.32 4.82
3.72 3.52 5.3 4.82
3.72 3.41 5.28 4.69
3.67 3.86 4.62 4.48
3.65 3.36 5.08 4.44
3.71 3.7 4.82 4.52
3.66 3.28 5.31 4.59
3.69 3.37 5.14 4.51
3.63 3.29 5.27 4.56
3.8 3.49 5.07 4.56
3.71 3.38 5.18 4.56
3.76 3.4 5.35 4.75
3.79 3.19 5.44 4.63
3.8 3.34 5.4 4.74
3.83 3.44 5.42 4.86
3.57 3.31 5.29 4.6
3.67 3.1 5.25 4.35
3.65 3.77 4.88 4.65
3.77 3.29 5.48 4.77
3.68 3.63 5.0 4.63
3.68 3.36 5.29 4.65
3.68 3.26 5.34 4.6
3.77 2.95 5.81 4.76
3.67 3.44 5.28 4.72
3.71 3.22 5.19 4.41
3.72 3.23 5.26 4.49
3.56 3.37 4.89 4.26
3.73 3.22 5.63 4.85
3.64 3.4 4.62 4.02
3.78 3.55 5.12 4.67
3.7 3.35 5.52 4.87
3.66 3.19 5.41 4.6
3.7 3.01 5.34 4.35
3.65 3.47 5.42 4.89
3.73 3.61 5.2 4.81
3.65 3.15 5.39 4.54
3.7 3.01 5.42 4.43
3.69 3.12 5.36 4.48
3.6 3.47 4.8 4.27
3.62 3.31 5.53 4.84
3.76 3.23 5.19 4.42
3.65 3.47 5.07 4.54
3.75 3.24 5.3 4.54
3.64 3.53 5.09 4.62
3.62 3.38 5.07 4.45
3.68 3.74 4.82 4.56
3.69 3.6 5.36 4.96
3.71 3.37 5.03 4.4
3.66 3.46 5.08 4.54
3.76 3.09 5.55 4.64
3.73 3.72 4.76 4.48
3.75 3.13 5.23 4.36
3.68 3.03 5.6 4.63
3.69 3.14 5.45 4.59
3.74 3.55 5.22 4.77
3.71 3.49 5.13 4.62
3.76 3.68 5.06 4.74
3.56 3.23 4.82 4.05
3.78 3.38 5.1 4.48
3.71 3.13 5.58 4.71
3.72 3.16 5.37 4.53
3.64 3.45 5.28 4.73
3.74 3.59 5.17 4.76
3.79 3.67 4.89 4.56
3.65 3.47 5.13 4.6
3.6 2.76 5.4 4.16
3.65 3.39 5.44 4.83
3.75 3.19 5.57 4.76
3.69 3.6 5.05 4.65
3.65 3.24 5.08 4.32
3.64 3.47 5.16 4.63
3.72 3.29 5.31 4.6
3.67 3.47 5.22 4.69
3.61 3.48 4.9 4.38
3.69 3.45 5.39 4.84
3.66 3.13 5.62 4.75
3.59 3.11 5.01 4.12
3.65 3.47 5.13 4.6
3.66 3.53 4.91 4.44
3.68 3.24 5.25 4.49
3.7 3.83 4.67 4.5
3.69 3.19 5.33 4.52
3.71 3.46 5.16 4.62
3.68 3.59 5.08 4.67
3.67 3.42 5.45 4.87
3.74 3.01 5.62 4.63
3.61 3.3 5.07 4.37
3.78 3.52 5.14 4.66
3.84 3.72 5.26 4.98
3.65 3.95 4.59 4.54
3.63 3.34 5.05 4.39
3.73 3.29 5.29 4.58
3.77 3.69 5.12 4.81
3.67 3.4 5.29 4.69
3.75 3.32 5.44 4.76
3.77 3.29 5.51 4.8
3.65 3.33 5.21 4.54
3.64 2.95 5.69 4.64
3.71 2.93 5.57 4.5
3.65 3.3 5.63 4.93
3.64 3.09 5.59 4.68
3.68 3.21 5.58 4.79
3.59 3.24 5.14 4.38
3.66 3.31 5.53 4.84
3.68 3.38 5.19 4.57
3.64 3.84 4.75 4.59
3.73 3.62 4.94 4.56
3.79 3.82 5.03 4.85
3.55 3.31 5.23 4.54
3.69 3.39 5.45 4.84
3.72 3.41 5.29 4.7
3.61 3.52 4.84 4.36
3.71 3.65 4.89 4.54
3.76 3.19 5.43 4.62
3.61 3.25 5.16 4.41
3.72 3.8 4.77 4.57
3.63 3.54 5.11 4.65
3.82 3.47 5.54 5.01
3.64 3.24 5.11 4.35
3.61 3.67 4.82 4.49
3.67 3.45 5.02 4.47
3.75 3.54 5.34 4.88
3.71 3.39 5.6 4.99
3.65 3.46 5.15 4.61
3.64 3.11 5.25 4.36
3.65 3.82 4.84 4.66
3.69 3.33 5.26 4.59
3.74 3.42 5.24 4.66
3.67 3.61 4.95 4.56
3.61 3.26 5.23 4.49
3.68 3.15 5.54 4.69
3.62 3.42 5.08 4.5
3.68 3.02 5.47 4.49
3.58 3.19 5.56 4.75
3.64 3.73 4.8 4.53
3.62 3.08 5.25 4.33
3.76 3.23 5.48 4.71
3.71 3.73 4.79 4.52
3.67 3.02 5.52 4.54
3.67 3.39 5.08 4.47
3.66 3.02 5.66 4.68
3.67 3.11 5.35 4.46
3.68 3.35 4.92 4.27
3.69 3.12 5.47 4.59
3.73 3.33 5.54 4.87
3.68 3.45 5.28 4.73
3.76 3.53 5.07 4.6
3.66 3.38 5.13 4.51
3.55 3.33 4.81 4.14
3.76 3.16 5.65 4.81
3.62 3.24 5.48 4.72
3.52 3.18 5.16 4.34
3.69 3.77 4.67 4.44
3.59 3.68 4.63 4.31
3.64 3.31 5.21 4.52
3.64 3.13 5.52 4.65
3.69 3.74 4.99 4.73
3.69 3.54 5.1 4.64
3.65 3.27 4.85 4.12
3.66 3.35 5.21 4.56
3.68 3.47 5.29 4.76
3.67 3.14 5.52 4.66
3.65 3.47 5.23 4.7
3.71 3.31 5.4 4.71
3.63 3.03 5.24 4.27
3.63 3.21 5.37 4.58
3.6 3.56 4.7 4.26
3.72 3.57 5.25 4.82
3.65 3.56 5.19 4.75
3.73 3.77 4.84 4.61
3.68 3.77 4.88 4.65
3.73 3.27 5.35 4.62
3.67 3.35 5.16 4.51
3.74 3.55 5.27 4.82
3.72 2.94 5.52 4.46
3.68 3.67 5.17 4.84
3.74 3.65 4.73 4.38
3.6 3.26 5.22 4.48
3.79 3.48 5.36 4.84
3.66 3.49 4.93 4.42
3.71 3.43 5.16 4.59
3.72 3.42 5.28 4.7
3.66 3.24 5.63 4.87
3.76 3.11 5.66 4.77
3.69 3.58 5.13 4.71
3.65 3.42 5.13 4.55
3.59 3.74 4.52 4.26
3.72 3.71 5.04 4.75
3.7 3.61 5.18 4.79
3.61 3.14 5.47 4.61
3.72 3.29 5.36 4.65
3.76 3.25 5.55 4.8
3.81 3.18 5.63 4.81
3.61 3.18 5.28 4.46
3.78 3.44 4.93 4.37
3.75 3.31 5.56 4.87
3.82 3.37 5.5 4.87
3.59 3.71 4.94 4.65
3.69 3.53 5.09 4.62
3.6 3.3 5.2 4.5
3.67 3.35 5.38 4.73
3.68 3.61 5.07 4.68
3.7 3.44 5.29 4.73
3.67 3.44 5.27 4.71
3.6 3.5 5.09 4.59
3.71 3.41 5.31 4.72
3.62 3.01 5.56 4.57
3.79 3.27 5.66 4.93
3.67 3.43 5.14 4.57
3.61 3.77 4.85 4.62
3.76 4.2 4.42 4.62
3.73 3.37 5.58 4.95
3.77 3.9 4.71 4.61
3.61 3.25 5.2 4.45
3.65 3.61 5.08 4.69
3.59 3.08 5.2 4.28
3.77 3.55 5.21 4.76
3.59 3.52 4.77 4.29
3.73 3.15 5.49 4.64
3.71 3.07 5.43 4.5
3.73 3.31 5.45 4.76
3.65 3.35 5.4 4.75
3.66 3.33 5.34 4.67
3.7 3.05 5.58 4.63
3.72 3.58 5.02 4.6
3.67 3.22 5.39 4.61
3.74 3.27 5.42 4.69
3.7 3.07 5.55 4.62
3.74 3.33 5.27 4.6
3.59 3.27 5.18 4.45
3.68 3.34 5.02 4.36
3.74 3.39 5.69 5.08
3.79 3.42 5.43 4.85
3.76 3.41 5.37 4.78
3.7 3.3 5.48 4.78
3.63 3.45 5.04 4.49
3.72 3.52 4.75 4.27
3.6 3.37 5.39 4.76
3.67 3.32 5.05 4.37
3.66 3.24 5.12 4.36
3.79 3.39 5.3 4.69
3.64 3.44 5.1 4.54
3.8 3.73 4.97 4.7
3.63 3.2 5.36 4.56
3.64 3.19 5.42 4.61
3.69 3.9 4.92 4.82
3.59 3.36 4.78 4.14
3.78 3.49 5.31 4.8
3.59 3.35 4.62 3.97
3.66 3.36 5.24 4.6
3.74 3.18 5.54 4.72
3.67 3.38 5.2 4.58
3.68 3.19 5.18 4.37
3.64 3.33 5.26 4.59
3.73 3.43 5.28 4.71
3.68 3.46 4.95 4.41
3.57 3.26 5.36 4.62
3.62 3.01 5.29 4.3
3.75 3.23 5.27 4.5
3.63 3.31 5.19 4.5
3.65 3.03 5.63 4.66
3.75 3.43 5.31 4.74
3.73 3.54 5.46 5.0
3.69 3.24 5.44 4.68
3.61 3.26 5.34 4.6
3.73 3.31 5.61 4.92
3.74 3.63 4.98 4.61
3.65 3.29 5.39 4.68
3.77 3.36 5.25 4.61
3.7 3.16 5.41 4.57
3.73 3.41 5.36 4.77
3.76 3.68 5.41 5.09
3.71 3.4 5.11 4.51
3.62 3.53 5.21 4.74
3.67 3.17 5.53 4.7
3.73 3.23 5.62 4.85
3.65 3.52 5.0 4.52
3.78 3.33 5.26 4.59
3.65 3.3 5.25 4.55
3.64 3.06 5.56 4.62
3.77 3.1 5.59 4.69
3.67 3.08 5.54 4.62
3.68 3.13 5.27 4.4
3.69 3.18 5.61 4.79
3.63 3.57 5.04 4.61
3.71 3.23 5.67 4.9
3.72 3.11 5.41 4.52
3.65 3.7 4.83 4.53
3.65 3.74 4.45 4.19
3.65 3.56 5.04 4.6
3.76 3.21 5.32 4.53
3.74 3.01 5.71 4.72
3.58 3.23 5.35 4.58
3.75 3.15 5.77 4.92
3.76 3.15 5.57 4.72
3.79 3.64 5.32 4.96
3.68 3.47 5.02 4.49
3.69 3.32 5.43 4.75
3.65 3.45 5.13 4.58
3.58 3.62 5.03 4.65
3.77 3.38 5.17 4.55
3.64 3.23 5.33 4.56
3.66 3.18 5.2 4.38
3.63 3.88 4.73 4.61
3.66 3.56 4.99 4.55
3.63 3.28 5.15 4.43
3.67 3.26 5.27 4.53
3.68 3.01 5.57 4.58
3.63 3.06 5.54 4.6
3.72 3.27 5.56 4.83
3.75 3.58 5.04 4.62
3.69 3.33 5.31 4.64
3.63 3.44 5.07 4.51
3.72 3.25 5.47 4.72
3.71 3.48 5.35 4.83
3.73 3.36 5.3 4.66
3.74 3.62 5.17 4.79
3.66 3.17 5.54 4.71
3.66 3.22 5.4 4.62
3.68 3.28 5.39 4.67
3.7 3.38 5.42 4.8
3.74 3.48 5.15 4.63
3.61 3.69 4.62 4.31
3.6 3.46 5.01 4.47
3.67 3.47 5.09 4.56
3.63 3.29 5.21 4.5
3.7 3.65 5.16 4.81
3.57 3.19 5.16 4.35
3.62 3.51 4.92 4.43
3.73 3.08 5.71 4.79
3.61 3.09 5.5 4.59
3.74 3.61 5.44 5.05
3.64 2.96 5.31 4.27
3.68 3.32 5.22 4.54
3.68 3.37 5.07 4.44
3.67 3.28 5.25 4.53
3.73 3.58 5.02 4.6
3.59 3.83 4.95 4.78
3.7 3.24 5.26 4.5
3.7 3.25 5.27 4.52
3.66 3.42 5.26 4.68
3.72 3.52 5.2 4.72
3.6 3.27 5.17 4.44
3.62 3.08 5.11 4.19
3.63 3.33 5.08 4.41
3.62 3.26 5.04 4.3
3.62 3.49 5.14 4.63
3.64 3.11 5.43 4.54
3.67 3.4 5.43 4.83
3.59 2.98 5.61 4.59
3.51 3.02 5.25 4.27
3.71 3.4 5.43 4.83
3.75 3.51 4.82 4.33
3.72 3.46 5.1 4.56
3.73 3.11 5.59 4.7
3.67 3.16 5.34 4.5
3.74 3.52 5.65 5.17
3.66 3.36 5.04 4.4
3.71 3.46 4.83 4.29
3.66 3.24 5.35 4.59
3.67 3.01 5.47 4.48
3.67 3.29 5.04 4.33
3.72 3.51 5.28 4.79
3.75 3.01 5.61 4.62
3.78 3.67 5.72 5.39
3.76 3.24 5.44 4.68
3.66 3.09 5.32 4.41
3.78 3.52 5.56 5.08
3.63 3.26 5.2 4.46
3.78 3.43 5.65 5.08
3.7 3.36 5.32 4.68
3.77 3.47 5.72 5.19
3.69 3.47 5.02 4.49
3.71 3.06 5.47 4.53
3.62 3.0 5.56 4.56
3.69 3.36 4.98 4.34
3.64 3.46 4.91 4.37
3.77 3.62 5.37 4.99
3.75 3.18 5.82 5.0
3.63 3.45 5.07 4.52
3.74 2.98 5.53 4.51
3.61 3.37 5.26 4.63
3.66 3.3 5.09 4.39
3.75 3.37 5.45 4.82
3.74 3.18 5.09 4.27
3.68 3.57 5.16 4.73
3.64 3.2 5.53 4.73
3.57 3.4 5.12 4.52
3.63 3.4 5.2 4.6
3.72 3.36 5.49 4.85
3.64 3.0 5.5 4.5
3.73 3.47 5.2 4.67
3.64 3.4 4.99 4.39
3.64 3.61 5.27 4.88
3.71 3.5 5.07 4.57
3.7 3.35 5.13 4.48
3.7 3.39 5.26 4.65
3.6 3.21 5.15 4.36
3.67 3.43 5.11 4.54
3.79 3.05 5.81 4.86
3.75 3.51 5.23 4.74
3.65 3.43 5.26 4.69
3.67 3.68 4.95 4.63
3.71 3.64 5.1 4.74
3.63 3.6 5.05 4.65
3.62 3.34 4.94 4.28
3.64 3.0 5.71 4.71
3.65 3.0 5.53 4.53
3.6 3.11 5.3 4.41
3.64 3.39 4.96 4.35
3.66 3.41 5.08 4.49
3.64 3.58 4.87 4.45
3.75 3.46 5.25 4.71
3.6 3.41 5.17 4.58
3.7 3.25 5.43 4.68
3.68 3.5 5.3 4.8
3.68 3.13 5.46 4.59
3.63 3.04 5.29 4.33
3.69 3.07 5.26 4.33
3.67 3.34 5.28 4.62
3.66 3.2 5.24 4.44
3.67 3.21 5.35 4.56
3.61 3.79 4.44 4.23
3.79 3.39 5.63 5.02
3.62 3.49 4.84 4.33
3.74 3.64 5.04 4.68
3.61 3.35 5.01 4.36
3.64 3.59 4.96 4.55
3.78 3.58 5.33 4.91
3.81 3.08 5.59 4.67
3.68 3.28 5.28 4.56
3.56 3.35 4.89 4.24
3.85 3.15 5.76 4.91
3.72 3.61 5.24 4.85
3.67 3.26 5.36 4.62
3.72 3.06 5.61 4.67
3.62 3.23 5.08 4.31
3.63 3.21 5.7 4.91
3.62 3.69 4.29 3.98
3.67 3.22 5.26 4.48
3.64 3.61 4.76 4.37
3.6 3.48 5.32 4.8
3.63 3.38 5.27 4.65
3.74 3.79 4.91 4.7
3.77 3.66 5.02 4.68
3.57 3.3 5.26 4.56
3.59 3.38 5.28 4.66
3.59 3.1 5.29 4.39
3.63 3.3 5.01 4.31
3.62 3.01 5.41 4.42
3.73 3.1 5.32 4.42
3.57 3.38 5.11 4.49
3.63 3.46 4.91 4.37
3.73 3.14 5.56 4.7
3.64 3.4 5.01 4.41
3.62 3.08 5.36 4.44
3.65 3.66 4.96 4.62
3.71 3.03 5.22 4.25
3.79 3.3 5.22 4.52
3.68 3.3 5.33 4.63
3.57 3.45 5.13 4.58
3.67 3.48 5.32 4.8
3.75 3.02 5.72 4.74
3.72 3.38 5.08 4.46
3.69 3.52 5.0 4.52
3.63 3.43 5.28 4.71
3.63 3.07 5.43 4.5
3.68 3.33 5.39 4.72
3.69 3.09 5.57 4.66
3.57 3.18 5.18 4.36
3.65 3.49 4.86 4.35
3.65 3.54 5.16 4.7
3.67 3.36 5.54 4.9
3.74 3.39 5.45 4.84
3.71 3.29 5.04 4.33
3.7 3.43 5.41 4.84
3.67 3.5 5.04 4.54
3.67 3.66 4.96 4.62
3.62 3.15 5.42 4.57
3.74 3.43 5.43 4.86
3.62 3.43 4.87 4.3
3.63 3.09 5.11 4.2
3.66 3.38 5.32 4.7
3.63 3.3 4.97 4.27
3.78 3.62 5.27 4.89
3.79 3.31 5.34 4.65
3.66 3.22 5.55 4.77
3.64 2.87 5.68 4.55
3.56 3.67 4.8 4.47
3.69 3.38 5.22 4.6
3.65 2.96 5.38 4.34
3.64 3.17 5.57 4.74
3.67 2.92 5.59 4.51
3.69 3.42 5.18 4.6
3.7 3.31 5.37 4.68
3.75 3.52 5.3 4.82
3.79 3.18 5.45 4.63
3.68 3.38 5.17 4.55
3.68 3.5 5.35 4.85
3.68 3.27 5.39 4.66
3.7 3.32 5.3 4.62
3.71 3.4 5.54 4.94
3.78 3.17 5.5 4.67
3.73 3.2 5.67 4.87
3.56 3.06 5.64 4.7
3.61 3.18 5.47 4.65
3.69 3.42 5.11 4.53
3.66 3.44 4.86 4.3
3.74 3.54 5.16 4.7
3.71 3.77 4.8 4.57
3.83 2.97 5.74 4.71
3.69 3.24 5.52 4.76
3.64 3.73 4.72 4.45
3.76 3.51 4.97 4.48
3.57 3.45 4.89 4.34
3.65 3.37 4.91 4.28
3.55 2.85 5.63 4.48
3.61 2.99 5.14 4.13
3.74 3.29 5.37 4.66
3.7 3.15 5.62 4.77
3.74 3.15 5.53 4.68
3.68 3.54 5.19 4.73
3.55 3.07 5.49 4.56
3.67 3.63 4.83 4.46
3.58 3.41 4.95 4.36
3.73 3.21 5.39 4.6
3.69 3.31 5.08 4.39
3.62 3.52 4.97 4.49
3.64 3.58 4.96 4.54
3.72 3.68 4.84 4.52
3.67 3.5 5.16 4.66
3.61 3.59 5.06 4.65
3.65 3.56 5.19 4.75
3.68 3.67 5.06 4.73
3.63 3.22 5.5 4.72
3.74 3.29 5.5 4.79
3.66 3.15 5.22 4.37
3.62 3.22 5.51 4.73
3.62 3.33 5.07 4.4
3.67 3.15 5.79 4.94
3.59 3.4 5.04 4.44
3.65 2.99 5.66 4.65
3.64 3.82 4.9 4.72
3.64 2.89 5.84 4.73
3.65 3.2 5.35 4.55
3.66 3.34 5.54 4.88
3.65 3.43 5.23 4.66
3.65 2.99 5.61 4.6
3.78 3.39 5.27 4.66
3.6 3.64 4.59 4.23
3.73 3.56 5.32 4.88
3.69 3.43 4.96 4.39
3.77 3.01 5.71 4.72
3.62 3.47 5.03 4.5
3.72 3.35 5.35 4.7
3.74 3.33 5.23 4.56
3.82 3.2 5.49 4.69
3.59 3.24 5.54 4.78
3.65 3.22 5.42 4.64
3.72 3.25 5.33 4.58
3.61 3.21 5.12 4.33
3.7 3.55 5.16 4.71
3.72 3.23 5.44 4.67
3.59 3.36 5.28 4.64
3.62 2.94 5.94 4.88
3.79 3.46 5.85 5.31
3.64 3.24 5.26 4.5
3.79 3.29 5.57 4.86
3.7 3.45 4.89 4.34
3.72 3.41 5.09 4.5
3.72 3.35 5.15 4.5
3.71 3.33 5.15 4.48
3.75 3.16 5.74 4.9
3.73 3.49 5.08 4.57
3.55 3.12 5.01 4.13
3.75 2.99 5.55 4.54
3.71 3.23 5.28 4.51
3.62 3.65 5.21 4.86
3.66 2.99 5.79 4.78
3.67 3.2 5.27 4.47
3.67 3.2 5.4 4.6
3.67 3.28 5.29 4.57
3.7 2.99 5.23 4.22
3.74 3.52 5.04 4.56
3.66 3.66 4.95 4.61
3.66 3.08 5.6 4.68
3.6 3.34 5.26 4.6
3.69 3.17 5.71 4.88
3.71 3.58 5.35 4.93
3.67 3.72 4.94 4.66
3.61 3.04 5.42 4.46
3.74 3.68 5.31 4.99
3.54 3.47 4.95 4.42
3.6 3.67 4.62 4.29
3.74 3.53 5.13 4.66
3.7 2.86 5.82 4.68
3.59 3.61 5.28 4.89
3.74 3.18 5.37 4.55
3.69 3.0 5.28 4.28
3.71 3.28 5.38 4.66
3.71 3.37 5.3 4.67
3.72 3.61 4.91 4.52
3.69 3.14 5.36 4.5
3.63 3.18 5.51 4.69
3.76 3.11 5.56 4.67
3.65 3.14 5.53 4.67
3.68 3.25 5.18 4.43
3.64 3.19 5.74 4.93
3.67 3.15 5.31 4.46
3.71 3.31 5.13 4.44
3.73 3.01 5.4 4.41
3.68 3.12 5.43 4.55
3.55 3.17 5.19 4.36
3.8 3.48 5.08 4.56
3.69 3.18 5.31 4.49
3.63 2.85 5.67 4.52
3.65 3.47 5.08 4.55
3.75 3.49 5.28 4.77
3.72 3.55 5.29 4.84
3.81 3.56 4.91 4.47
3.63 3.28 5.23 4.51
3.72 3.42 5.18 4.6
3.64 3.22 5.37 4.59
3.66 3.35 5.56 4.91
3.6 3.13 5.59 4.72
3.59 3.3 5.42 4.72
3.71 3.28 5.33 4.61
3.77 3.27 5.53 4.8
3.69 3.42 5.27 4.69
3.69 3.44 5.16 4.6
3.82 3.11 5.79 4.9
3.6 3.04 5.52 4.56
3.6 3.25 5.05 4.3
3.79 3.83 4.9 4.73
3.69 3.22 5.06 4.28
3.58 3.39 5.3 4.69
3.66 3.21 5.18 4.39
3.65 2.95 5.54 4.49
3.72 3.36 5.15 4.51
3.65 3.86 4.6 4.46
3.72 3.62 5.06 4.68
3.61 3.63 4.89 4.52
3.87 3.54 5.57 5.11
3.76 3.69 5.01 4.7
3.6 3.15 5.79 4.94
3.64 3.35 5.22 4.57
3.61 3.16 5.89 5.05
3.63 3.56 5.17 4.73
3.77 3.48 5.16 4.64
3.65 3.74 5.06 4.8
3.68 3.3 5.33 4.63
3.62 3.16 5.0 4.16
3.66 3.49 5.5 4.99
3.68 3.28 5.18 4.46
3.64 3.28 5.22 4.5
3.74 3.05 5.59 4.64
3.75 3.35 5.24 4.59
3.63 3.44 5.01 4.45
3.77 3.6 5.14 4.74
3.63 3.03 5.52 4.55
3.63 3.45 4.98 4.43
3.63 3.33 5.1 4.43
3.72 3.46 5.37 4.83
3.63 3.36 5.5 4.86
3.73 3.4 5.42 4.82
3.72 3.44 5.25 4.69
3.58 3.28 5.29 4.57
3.6 3.19 5.22 4.41
3.65 3.48 5.04 4.52
3.59 3.55 5.15 4.7
3.74 3.14 5.55 4.69
3.72 3.29 5.56 4.85
3.63 3.12 5.61 4.73
3.72 3.07 5.55 4.62
3.73 3.09 5.56 4.65
3.6 3.31 5.09 4.4
3.66 3.53 5.13 4.66
3.58 3.33 5.18 4.51
3.76 3.66 4.93 4.59
3.7 3.46 5.28 4.74
3.6 3.52 5.09 4.61
3.69 3.21 5.34 4.55
3.7 3.66 5.03 4.69
3.67 2.99 5.06 4.05
3.73 3.45 5.38 4.83
3.68 3.26 5.47 4.73
3.78 3.26 5.37 4.63
3.72 3.35 5.28 4.63
3.72 3.46 4.99 4.45
3.61 3.5 4.8 4.3
3.69 3.24 5.45 4.69
3.74 3.13 5.4 4.53
3.67 3.28 5.57 4.85
3.71 2.99 5.6 4.59
3.57 3.52 4.74 4.26
3.7 3.16 5.38 4.54
3.6 3.38 5.3 4.68
3.64 3.43 5.33 4.76
3.65 3.45 5.29 4.74
3.69 3.45 5.17 4.62
3.74 3.37 5.54 4.91
3.72 3.56 5.12 4.68
3.78 2.62 6.24 4.86
3.68 3.05 5.55 4.6
3.62 3.37 5.19 4.56
3.74 3.29 5.53 4.82
3.68 3.19 5.17 4.36
3.62 3.44 4.9 4.34
3.74 3.27 5.27 4.54
3.7 3.24 5.44 4.68
3.5 3.57 4.77 4.34
3.68 3.37 5.21 4.58
3.79 3.06 5.41 4.47
3.69 3.39 5.43 4.82
3.66 3.39 5.12 4.51
3.68 3.56 4.71 4.27
3.7 3.22 5.34 4.56
3.55 3.32 5.0 4.32
3.71 3.94 4.9 4.84
3.74 3.22 5.1 4.32
3.72 3.54 4.96 4.5
3.7 3.1 5.49 4.59
3.7 3.37 5.23 4.6
3.7 3.2 5.48 4.68
3.76 3.04 5.82 4.86
3.68 3.6 5.18 4.78
3.69 3.21 5.17 4.38
3.67 3.22 5.23 4.45
3.67 3.31 5.1 4.41
3.75 3.38 5.24 4.62
3.69 2.91 5.98 4.89
3.74 3.35 5.34 4.69
3.8 3.11 5.46 4.57
3.7 3.25 5.21 4.46
3.71 3.45 5.35 4.8
3.79 3.43 5.28 4.71
3.76 3.83 4.74 4.57
3.68 3.63 5.0 4.63
3.58 3.28 5.32 4.6
3.73 3.61 5.06 4.67
3.71 3.52 5.2 4.72
3.6 3.17 5.4 4.57
3.7 2.96 5.34 4.3
3.66 3.77 5.1 4.87
3.68 3.24 5.09 4.33
3.73 3.45 4.93 4.38
3.64 3.75 4.89 4.64
3.69 3.25 5.11 4.36
3.73 3.11 5.31 4.42
3.78 3.06 5.71 4.77
3.8 3.25 5.72 4.97
3.69 3.16 5.37 4.53
3.66 3.19 5.45 4.64
3.78 3.4 5.09 4.49
3.71 3.32 5.32 4.64
3.66 3.44 4.97 4.41
3.74 3.48 5.19 4.67
3.61 3.21 5.26 4.47
3.66 3.27 5.33 4.6
3.78 3.33 5.35 4.68
3.7 3.22 5.39 4.61
3.59 3.35 5.32 4.67
3.76 3.29 5.16 4.45
3.73 3.43 5.09 4.52
3.71 3.32 5.26 4.58
3.69 3.63 4.9 4.53
3.73 3.5 5.13 4.63
3.68 3.14 5.4 4.54
3.72 3.14 5.44 4.58
3.66 3.38 4.98 4.36
3.64 3.35 5.28 4.63
3.64 3.43 4.91 4.34
3.66 3.22 5.31 4.53
3.57 3.4 5.15 4.55
3.67 3.41 4.9 4.31
3.65 3.51 5.1 4.61
3.75 3.53 5.24 4.77
3.62 3.32 5.02 4.34
3.61 3.67 5.03 4.7
3.63 3.32 5.28 4.6
3.67 3.59 5.07 4.66
3.73 3.55 4.97 4.52
3.64 3.06 5.39 4.45
3.63 2.96 5.53 4.49
3.58 2.9 5.59 4.49
3.72 3.25 5.32 4.57
3.82 2.91 5.75 4.66
3.6 3.29 5.27 4.56
3.69 3.46 5.22 4.68
3.74 3.11 5.43 4.54
3.72 3.67 5.22 4.89
3.74 3.71 4.98 4.69
3.68 3.47 5.03 4.5
3.76 3.32 5.6 4.92
3.68 3.55 4.73 4.28
3.76 3.35 5.39 4.74
3.72 3.46 5.17 4.63
3.67 3.58 5.15 4.73
3.75 3.81 5.05 4.86
3.46 3.33 4.82 4.15
3.63 3.05 5.47 4.52
3.69 3.52 4.8 4.32
3.76 3.01 6.05 5.06
3.7 3.41 5.09 4.5
3.7 3.14 5.27 4.41
3.68 3.05 5.49 4.54
3.69 3.58 5.22 4.8
3.66 3.24 5.27 4.51
3.71 2.86 5.79 4.65
3.75 3.61 5.17 4.78
3.75 3.29 5.31 4.6
3.68 3.0 5.59 4.59
3.71 3.57 5.03 4.6
3.73 3.58 4.99 4.57
3.79 3.5 5.27 4.77
3.7 3.4 5.25 4.65
3.68 3.21 5.41 4.62
3.65 3.2 5.31 4.51
3.63 3.01 5.42 4.43
3.66 3.3 5.02 4.32
3.73 3.32 5.21 4.53
3.65 3.19 5.28 4.47
3.64 3.29 5.36 4.65
3.67 3.21 5.3 4.51
3.64 3.55 5.04 4.59
3.58 3.29 5.31 4.6
3.66 3.44 5.13 4.57
3.75 3.09 5.69 4.78
3.65 3.08 5.73 4.81
3.76 3.09 5.39 4.48
3.64 3.48 5.2 4.68
3.74 3.27 5.24 4.51
3.74 3.72 4.75 4.47
3.74 3.37 5.28 4.65
3.79 3.07 5.79 4.86
3.7 3.4 5.12 4.52
3.56 3.07 5.56 4.63
3.77 3.38 5.24 4.62
3.67 3.11 5.5 4.61
3.73 3.38 5.29 4.67
3.74 3.22 5.24 4.46
3.68 3.19 5.33 4.52
3.7 3.66 5.11 4.77
3.73 3.31 5.36 4.67
3.68 3.18 5.18 4.36
3.71 3.5 5.07 4.57
3.71 3.49 5.29 4.78
3.64 3.27 5.04 4.31
3.59 3.64 4.9 4.54
3.71 3.42 5.44 4.86
3.68 3.09 5.63 4.72
3.6 3.03 5.22 4.25
3.68 3.28 5.24 4.52
3.7 3.41 5.09 4.5
3.7 3.2 5.61 4.81
3.74 3.46 5.23 4.69
3.75 3.47 5.3 4.77
3.72 3.33 5.2 4.53
3.64 3.35 5.58 4.93
3.63 2.92 5.92 4.84
3.65 3.14 5.4 4.54
3.72 3.82 4.85 4.67
3.74 3.07 5.39 4.46
3.69 2.98 5.63 4.61
3.71 3.62 5.02 4.64
3.63 3.2 5.3 4.5
3.67 2.99 5.46 4.45
3.67 3.48 5.12 4.6
3.64 3.46 5.33 4.79
3.69 3.25 5.51 4.76
3.7 3.33 5.31 4.64
3.71 2.77 6.15 4.92
3.58 3.06 5.31 4.37
3.65 4.18 4.65 4.83
3.7 3.88 4.88 4.76
3.77 3.15 5.67 4.82
3.64 3.37 5.32 4.69
3.53 3.55 4.92 4.47
3.66 3.62 5.2 4.82
3.71 3.1 5.26 4.36
3.68 3.32 5.01 4.33
3.61 3.45 4.73 4.18
3.67 3.29 5.25 4.54
3.69 3.31 5.31 4.62
3.65 3.49 5.31 4.8
3.74 3.6 4.99 4.59
3.65 3.32 5.07 4.39
3.63 3.64 4.74 4.38
3.69 3.13 5.13 4.26
3.7 3.49 5.27 4.76
3.66 3.47 5.09 4.56
3.7 3.43 4.94 4.37
3.69 3.23 5.33 4.56
3.76 3.03 5.59 4.62
3.74 3.65 5.22 4.87
3.73 3.4 5.02 4.42
3.7 3.21 5.35 4.56
3.61 3.37 5.09 4.46
3.66 3.27 5.15 4.42
3.62 3.6 4.87 4.47
3.69 3.34 5.02 4.36
3.59 3.17 5.53 4.7
3.81 3.35 5.42 4.77
3.69 3.67 4.81 4.48
3.74 3.14 5.25 4.39
3.71 3.15 5.36 4.51
3.72 3.32 5.56 4.88
3.74 3.57 5.05 4.62
3.5 3.04 5.11 4.15
3.77 3.23 5.5 4.73
3.73 3.24 5.51 4.75
3.76 3.27 5.32 4.59
3.67 3.3 5.5 4.8
3.71 2.97 6.04 5.01
3.56 3.36 4.86 4.22
3.71 3.13 5.55 4.68
3.73 3.07 5.53 4.6
3.72 3.54 5.13 4.67
3.78 3.48 5.55 5.03
3.76 3.26 5.48 4.74
3.71 3.49 5.42 4.91
3.66 3.22 5.19 4.41
3.73 3.52 5.29 4.81
3.78 3.69 5.34 5.03
3.72 3.55 5.11 4.66
3.7 3.44 4.97 4.41
3.7 2.98 5.55 4.53
3.63 3.18 5.44 4.62
3.69 3.45 4.95 4.4
3.73 3.62 4.81 4.43
3.67 3.27 5.04 4.31
3.65 2.95 5.27 4.22
3.71 3.28 5.33 4.61
3.6 3.33 5.24 4.57
3.58 3.1 5.22 4.32
3.66 3.23 5.0 4.23
3.71 3.66 5.03 4.69
3.78 3.41 5.36 4.77
3.66 3.59 4.97 4.56
3.69 3.29 5.48 4.77
3.68 3.45 5.12 4.57
3.62 3.42 5.21 4.63
3.74 3.34 5.43 4.77
3.64 3.25 5.1 4.35
3.78 3.09 5.75 4.84
3.69 3.05 5.53 4.58
3.63 3.3 5.16 4.46
3.8 3.18 5.52 4.7
3.6 3.24 4.98 4.22
3.5 3.25 5.26 4.51
3.63 3.88 4.81 4.69
3.72 3.64 5.19 4.83
3.68 3.5 5.09 4.59
3.73 2.98 5.65 4.63
3.64 3.38 4.86 4.24
3.81 3.61 5.11 4.72
3.81 3.19 5.41 4.6
3.58 3.43 4.99 4.42
3.66 3.39 5.16 4.55
3.69 3.36 5.44 4.8
3.78 3.26 5.63 4.89
3.69 3.52 5.18 4.7
3.7 3.67 4.98 4.65
3.66 3.23 5.59 4.82
3.57 3.5 5.07 4.57
3.68 3.36 5.11 4.47
3.75 3.65 5.19 4.84
3.72 3.24 5.5 4.74
3.7 3.16 5.52 4.68
3.7 3.32 5.57 4.89
3.8 3.24 5.44 4.68
3.62 3.14 5.26 4.4
3.62 3.35 5.21 4.56
3.67 3.47 5.25 4.72
3.7 3.3 5.21 4.51
3.69 3.16 5.43 4.59
3.63 3.33 5.43 4.76
3.79 3.01 5.48 4.49
3.67 3.08 5.43 4.51
3.67 3.3 5.17 4.47
3.6 3.14 5.3 4.44
3.78 3.15 5.65 4.8
3.63 3.32 5.1 4.42
3.76 3.39 5.15 4.54
3.58 3.0 5.53 4.53
3.64 3.27 5.32 4.59
3.7 3.24 5.37 4.61
3.77 3.33 5.41 4.74
3.71 3.28 5.28 4.56
3.67 3.14 5.5 4.64
3.72 3.15 5.42 4.57
3.61 3.18 5.45 4.63
3.63 3.63 5.01 4.64
3.74 3.17 5.3 4.47
3.68 3.41 5.27 4.68
3.74 3.25 5.29 4.54
3.61 3.36 5.48 4.84
3.69 3.2 5.3 4.5
3.71 3.48 5.07 4.55
3.7 3.45 5.26 4.71
3.66 3.02 5.18 4.2
3.65 3.21 5.13 4.34
3.57 3.48 4.97 4.45
3.61 3.33 5.06 4.39
3.69 3.27 4.92 4.19
3.76 3.25 5.63 4.88
3.66 3.19 5.25 4.44
3.63 3.12 5.43 4.55
3.46 3.13 5.34 4.47
3.76 3.09 5.34 4.43
3.56 3.26 5.19 4.45
3.74 3.39 5.43 4.82
3.53 3.49 4.99 4.48
3.67 3.16 5.43 4.59
3.6 3.32 4.9 4.22
3.74 3.26 5.43 4.69
3.65 3.33 5.22 4.55
3.63 3.23 5.22 4.45
3.71 3.33 5.41 4.74
3.65 3.68 5.02 4.7
3.71 3.27 5.63 4.9
3.72 2.92 5.78 4.7
3.62 3.49 5.34 4.83
3.66 3.01 5.41 4.42
3.71 3.41 5.07 4.48
3.68 3.64 4.87 4.51
3.63 3.04 5.44 4.48
3.74 3.17 5.27 4.44
3.61 3.26 5.29 4.55
3.53 3.34 5.04 4.38
3.78 3.76 5.02 4.78
3.74 3.11 5.58 4.69
3.7 3.24 5.49 4.73
3.66 3.25 5.42 4.67
3.64 3.16 5.1 4.26
3.75 3.47 5.29 4.76
3.73 3.75 4.98 4.73
3.71 3.41 5.25 4.66
3.69 3.37 5.36 4.73
3.68 3.29 5.35 4.64
3.76 3.45 5.18 4.63
3.6 3.68 4.99 4.67
3.69 3.93 4.96 4.89
3.73 3.06 5.57 4.63
3.64 3.47 4.94 4.41
3.67 3.25 5.46 4.71
3.62 3.45 5.08 4.53
3.62 3.2 5.27 4.47
3.66 3.08 5.35 4.43
3.67 3.29 5.45 4.74
3.56 3.55 5.16 4.71
3.69 3.29 5.23 4.52
3.74 3.13 6.01 5.14
3.77 3.43 5.24 4.67
3.52 3.29 5.31 4.6
3.61 3.07 5.51 4.58
3.87 3.66 5.22 4.88
3.62 3.24 5.25 4.49
3.81 3.03 5.68 4.71
3.74 3.61 5.13 4.74
3.62 3.2 5.11 4.31
3.63 3.59 5.02 4.61
3.75 3.06 5.62 4.68
3.64 3.17 5.5 4.67
3.65 3.15 5.61 4.76
3.58 3.28 5.36 4.64
3.65 3.41 5.26 4.67
3.69 3.08 5.77 4.85
3.67 3.26 5.32 4.58
3.59 3.36 5.25 4.61
3.7 3.57 4.91 4.48
3.7 3.65 5.26 4.91
3.71 3.3 5.44 4.74
3.6 3.39 4.9 4.29
3.74 3.52 5.17 4.69
3.79 3.74 5.02 4.76
3.63 3.02 5.33 4.35
3.66 3.21 5.38 4.59
3.69 3.26 5.55 4.81
3.62 3.4 5.27 4.67
3.64 3.6 5.11 4.71
3.69 3.11 5.43 4.54
3.72 3.13 5.46 4.59
3.71 3.35 5.42 4.77
3.79 3.52 5.24 4.76
3.62 3.67 4.84 4.51
3.72 3.42 5.22 4.64
3.68 3.67 4.94 4.61
3.69 3.3 5.0 4.3
3.64 3.23 5.37 4.6
3.77 3.79 4.9 4.69
3.67 3.54 5.0 4.54
3.69 3.18 5.53 4.71
3.57 3.09 5.32 4.41
3.69 3.2 5.24 4.44
3.69 3.02 5.59 4.61
3.73 3.46 5.14 4.6
3.62 3.4 5.03 4.43
3.67 3.05 5.71 4.76
3.71 3.21 5.28 4.49
3.72 3.64 4.88 4.52
3.55 3.16 5.28 4.44
3.6 3.48 5.07 4.55
3.58 3.47 4.95 4.42
3.66 3.19 5.44 4.63
3.6 2.92 5.65 4.57
3.59 3.63 4.94 4.57
3.75 3.9 4.76 4.66
3.73 3.25 5.18 4.43
3.76 3.63 5.01 4.64
3.6 3.31 5.09 4.4
3.68 3.22 5.4 4.62
3.64 3.27 5.51 4.78
3.7 3.73 5.17 4.9
3.71 3.47 5.11 4.58
3.7 3.22 5.45 4.67
3.72 3.67 5.42 5.09
3.73 3.36 5.4 4.76
3.6 2.83 5.65 4.48
3.64 3.37 5.07 4.44
3.72 3.38 5.22 4.6
3.72 3.24 5.73 4.97
3.67 3.44 5.06 4.5
3.68 3.29 5.36 4.65
3.71 3.31 5.76 5.07
3.69 3.51 4.92 4.43
3.53 3.51 4.69 4.2
3.74 3.39 4.92 4.31
3.67 3.36 5.16 4.52
3.66 3.8 4.6 4.4
3.7 3.02 5.57 4.59
3.58 3.46 4.87 4.33
3.68 3.77 4.98 4.75
3.59 3.31 5.05 4.36
3.75 3.71 4.84 4.55
3.72 3.33 5.29 4.62
3.61 3.12 5.0 4.12
3.57 3.16 5.41 4.57
3.68 3.1 5.49 4.59
3.63 3.52 5.0 4.52
3.67 3.23 5.26 4.49
3.69 3.37 5.46 4.83
3.75 3.22 5.33 4.55
3.75 3.1 5.56 4.66
3.68 3.5 5.41 4.91
3.72 3.36 5.18 4.54
3.69 2.94 5.44 4.38
3.62 3.25 5.18 4.43
3.58 3.28 5.13 4.41
3.63 3.38 5.3 4.68
3.77 3.49 5.2 4.69
3.67 3.22 5.31 4.53
3.63 3.22 4.96 4.18
3.73 3.08 5.26 4.34
3.67 3.36 4.94 4.3
3.59 3.58 4.93 4.51
3.73 3.32 5.5 4.82
3.72 3.52 5.24 4.76
3.74 3.42 4.96 4.38
3.73 3.45 5.19 4.64
3.76 3.24 5.23 4.47
3.64 2.99 5.56 4.55
3.68 3.42 5.22 4.64
3.61 3.61 4.73 4.34
3.65 3.42 4.78 4.2
3.69 3.52 5.23 4.75
3.62 3.46 4.96 4.42
3.68 3.57 5.1 4.67
3.59 3.43 5.26 4.69
3.75 3.12 5.82 4.94
3.68 3.44 4.99 4.43
3.8 3.53 5.16 4.69
3.67 3.5 5.19 4.69
3.6 3.39 5.01 4.4
3.68 3.1 5.51 4.61
3.71 3.16 5.31 4.47
3.67 3.13 5.43 4.56
3.61 3.52 5.03 4.55
3.69 3.45 5.27 4.72
3.57 3.49 4.81 4.3
3.72 3.51 5.44 4.95
3.66 3.38 5.22 4.6
3.72 3.19 5.33 4.52
3.71 3.59 5.07 4.66
3.67 3.36 5.55 4.91
3.73 2.81 5.79 4.6
3.62 3.19 5.17 4.36
3.74 3.63 5.01 4.64
3.61 3.01 5.36 4.37
3.67 3.64 5.1 4.74
3.66 3.31 5.06 4.37
3.68 3.0 5.59 4.59
3.67 3.41 5.04 4.45
3.68 3.48 5.25 4.73
3.71 3.18 5.63 4.81
3.62 3.32 5.06 4.38
3.68 3.11 5.47 4.58
3.7 3.37 5.08 4.45
3.8 3.44 5.41 4.85
3.76 3.44 5.46 4.9
3.75 3.1 5.78 4.88
3.69 3.66 4.9 4.56
3.69 3.45 5.29 4.74
3.68 3.39 5.27 4.66
3.68 3.28 5.12 4.4
3.65 3.58 5.0 4.58
3.78 3.35 5.32 4.67
3.65 3.31 5.06 4.37
3.7 3.24 5.28 4.52
3.79 3.14 5.62 4.76
3.71 3.59 4.94 4.53
3.69 3.57 5.14 4.71
3.76 3.42 5.17 4.59
3.71 3.41 4.96 4.37
3.63 3.46 5.06 4.52
3.59 3.27 5.21 4.48
3.54 3.37 5.21 4.58
3.73 3.5 5.29 4.79
3.66 3.46 4.89 4.35
3.58 3.12 5.25 4.37
3.73 3.65 5.26 4.91
3.76 3.15 5.3 4.45
3.62 3.6 5.08 4.68
3.73 3.46 5.35 4.81
3.74 3.58 5.21 4.79
3.79 3.55 5.32 4.87
3.59 3.43 5.01 4.44
3.64 3.17 5.37 4.54
3.7 3.52 5.09 4.61
3.57 3.26 5.01 4.27
3.7 3.54 5.12 4.66
3.66 2.98 5.36 4.34
3.68 3.25 5.33 4.58
3.65 3.49 5.18 4.67
3.69 3.42 5.61 5.03
3.64 3.28 5.3 4.58
3.56 3.07 5.39 4.46
3.66 3.13 5.67 4.8
3.64 3.24 5.56 4.8
3.72 3.15 5.49 4.64
3.75 3.31 5.49 4.8
3.66 3.41 4.98 4.39
3.65 3.21 5.43 4.64
3.7 3.63 5.26 4.89
3.64 3.74 4.78 4.52
3.71 3.14 5.41 4.55
3.79 3.52 5.14 4.66
3.74 3.3 5.64 4.94
3.71 3.4 5.03 4.43
3.73 3.57 5.12 4.69
3.71 3.38 5.55 4.93
3.67 3.48 5.18 4.66
3.55 3.47 4.99 4.46
3.73 3.61 5.03 4.64
3.53 3.22 5.13 4.35
3.64 3.23 5.46 4.69
3.63 3.4 4.89 4.29
3.62 3.22 5.23 4.45
3.71 3.59 5.08 4.67
3.71 3.42 5.5 4.92
3.66 3.36 5.31 4.67
3.69 3.18 5.53 4.71
3.68 3.12 5.7 4.82
3.62 3.28 5.3 4.58
3.77 3.14 5.49 4.63
3.65 3.54 5.06 4.6
3.68 3.67 5.04 4.71
3.82 3.69 5.26 4.95
3.6 3.52 5.29 4.81
3.78 3.32 5.34 4.66
3.62 3.4 4.83 4.23
3.77 3.22 5.56 4.78
3.65 3.23 5.16 4.39
3.62 3.32 5.24 4.56
3.67 3.01 5.61 4.62
3.64 3.02 5.36 4.38
3.56 3.32 5.2 4.52
3.73 3.38 5.23 4.61
3.65 3.19 5.6 4.79
3.72 3.2 5.48 4.68
3.59 3.29 5.32 4.61
3.75 3.4 5.47 4.87
3.67 3.28 5.54 4.82
3.73 3.4 5.27 4.67
3.58 3.39 5.04 4.43
3.76 3.45 5.48 4.93
3.59 3.42 5.07 4.49
3.73 2.88 5.52 4.4
3.78 3.45 5.48 4.93
3.77 3.7 5.44 5.14
3.72 3.51 5.02 4.53
3.75 3.36 5.39 4.75
3.62 3.66 4.77 4.43
3.73 3.36 5.45 4.81
3.66 3.49 5.13 4.62
3.79 3.25 5.29 4.54
3.73 3.72 4.84 4.56
3.65 3.14 5.49 4.63
3.62 3.48 5.42 4.9
3.78 3.26 5.42 4.68
3.67 3.71 4.99 4.7
3.65 3.36 5.05 4.41
3.68 3.63 5.03 4.66
3.73 3.31 5.59 4.9
3.58 3.5 4.97 4.47
3.72 3.34 5.37 4.71
3.56 3.57 4.98 4.55
3.71 3.33 5.34 4.67
3.53 3.05 5.47 4.52
3.6 3.34 5.13 4.47
3.67 3.35 5.3 4.65
3.65 3.33 5.16 4.49
3.64 3.71 4.77 4.48
3.62 3.2 5.42 4.62
3.69 3.29 5.08 4.37
3.76 3.57 5.24 4.81
3.61 3.78 4.95 4.73
3.5 3.08 5.19 4.27
3.76 3.4 5.46 4.86
3.73 3.3 5.44 4.74
3.62 3.31 5.38 4.69
3.67 3.31 5.19 4.5
3.63 3.29 5.17 4.46
3.65 3.72 5.12 4.84
3.61 3.7 4.99 4.69
3.72 3.23 5.41 4.64
3.73 3.3 5.43 4.73
3.72 3.26 5.36 4.62
3.68 3.62 4.93 4.55
3.68 2.98 5.63 4.61
3.7 3.41 5.23 4.64
3.71 3.3 5.25 4.55
3.71 3.17 5.55 4.72
3.55 3.47 5.0 4.47
3.78 3.09 5.53 4.62
3.68 3.32 5.15 4.47
3.76 3.71 4.87 4.58
3.75 3.51 5.2 4.71
3.7 3.11 5.35 4.46
3.71 3.21 5.42 4.63
3.7 3.34 5.55 4.89
3.71 3.48 5.27 4.75
3.69 3.33 5.3 4.63
3.69 3.16 5.49 4.65
3.79 3.64 4.97 4.61
3.68 2.95 5.49 4.44
3.6 3.2 5.29 4.49
3.73 3.74 5.25 4.99
3.67 3.54 5.13 4.67
3.7 3.56 4.92 4.48
3.69 3.46 5.19 4.65
3.68 3.08 5.39 4.47
3.69 3.13 5.3 4.43
3.62 3.59 5.24 4.83
3.65 3.27 5.31 4.58
3.66 3.25 5.1 4.35
3.7 3.13 5.53 4.66
3.7 3.22 5.34 4.56
3.75 3.24 5.54 4.78
3.76 3.51 5.16 4.67
3.67 3.0 5.32 4.32
3.67 3.32 4.99 4.31
3.73 3.28 5.19 4.47
3.67 2.88 5.92 4.8
3.7 3.02 5.65 4.67
3.65 3.22 5.14 4.36
3.71 3.38 4.86 4.24
3.65 3.2 5.52 4.72
3.76 3.44 5.52 4.96
3.58 3.15 5.34 4.49
3.69 3.36 5.31 4.67
3.68 3.46 5.24 4.7
3.76 3.46 5.23 4.69
3.72 3.12 5.39 4.51
3.72 3.5 4.77 4.27
3.71 3.08 5.66 4.74
3.61 2.88 5.63 4.51
3.77 3.74 5.14 4.88
3.84 3.43 5.54 4.97
3.73 3.63 4.87 4.5
3.68 3.46 5.11 4.57
3.76 3.62 4.97 4.59
3.73 3.9 4.95 4.85
3.64 3.11 5.6 4.71
3.7 3.52 4.86 4.38
3.7 3.39 5.01 4.4
3.7 3.37 5.07 4.44
3.62 3.45 4.87 4.32
3.71 3.32 5.05 4.37
3.62 3.0 5.46 4.46
3.67 3.23 5.25 4.48
3.69 3.42 5.13 4.55
3.72 3.73 5.19 4.92
3.67 3.34 5.27 4.61
3.69 3.51 5.26 4.77
3.69 2.96 5.52 4.48
3.63 3.73 4.85 4.58
3.72 3.14 5.56 4.7
3.65 3.51 5.26 4.77
3.75 3.14 5.53 4.67
3.72 3.64 4.78 4.42
3.62 3.38 5.11 4.49
3.77 3.44 5.41 4.85
3.68 3.02 5.72 4.74
3.65 3.46 4.97 4.43
3.81 3.02 5.76 4.78
3.69 3.13 5.37 4.5
3.78 2.83 6.04 4.87
3.63 3.34 5.25 4.59
3.67 3.08 5.58 4.66
3.72 3.18 5.58 4.76
3.62 3.13 5.52 4.65
3.65 3.26 5.58 4.84
3.72 3.18 5.43 4.61
3.73 3.25 5.4 4.65
3.64 3.24 5.31 4.55
3.62 3.46 5.11 4.57
3.75 3.94 4.64 4.58
3.69 3.75 4.59 4.34
3.74 3.18 5.53 4.71
3.65 3.23 4.78 4.01
3.7 3.13 5.48 4.61
3.65 3.39 5.38 4.77
3.66 3.47 5.44 4.91
3.69 3.26 5.44 4.7
3.61 3.16 5.29 4.45
3.68 3.58 5.07 4.65
3.6 3.35 4.99 4.34
3.72 3.86 4.83 4.69
3.69 3.23 5.17 4.4
3.74 3.31 5.17 4.48
3.73 3.06 5.68 4.74
3.66 3.23 5.14 4.37
3.71 3.43 5.02 4.45
3.67 3.27 5.4 4.67
3.69 3.07 5.7 4.77
3.51 3.14 5.25 4.39
3.67 3.22 5.38 4.6
3.55 3.5 4.81 4.31
3.67 3.54 5.21 4.75
3.77 3.15 5.62 4.77
3.66 3.15 5.44 4.59
3.73 3.18 5.6 4.78
3.64 3.42 5.38 4.8
3.68 2.93 5.76 4.69
3.73 3.43 5.15 4.58
3.76 3.23 5.62 4.85
3.64 3.47 5.09 4.56
3.81 3.28 5.65 4.93
3.7 3.74 5.01 4.75
3.68 3.06 5.46 4.52
3.71 3.21 5.36 4.57
3.64 3.27 5.03 4.3
3.73 3.55 5.24 4.79
3.74 3.06 5.59 4.65
3.68 3.24 5.48 4.72
3.75 3.21 5.67 4.88
3.63 3.29 5.16 4.45
3.7 3.22 5.61 4.83
3.61 3.25 5.29 4.54
3.57 3.26 5.11 4.37
3.74 3.33 5.57 4.9
3.72 3.37 5.36 4.73
3.59 3.09 5.31 4.4
3.62 3.5 4.96 4.46
3.75 2.96 5.71 4.67
3.64 3.24 5.36 4.6
3.75 3.18 5.37 4.55
3.71 3.36 5.19 4.55
3.74 3.49 5.41 4.9
3.69 3.25 5.32 4.57
3.77 3.77 4.85 4.62
3.7 3.26 5.65 4.91
3.74 3.55 5.22 4.77
3.7 3.14 5.61 4.75
3.71 3.46 5.46 4.92
3.75 3.71 4.74 4.45
3.6 3.28 5.33 4.61
3.71 3.38 5.11 4.49
3.73 3.55 5.09 4.64
3.72 3.3 5.13 4.43
3.64 3.34 4.95 4.29
3.68 3.78 4.97 4.75
3.71 3.55 5.35 4.9
3.69 3.12 5.65 4.77
3.69 3.42 5.34 4.76
3.69 3.57 4.73 4.3
3.62 3.07 5.37 4.44
3.68 3.47 5.14 4.61
3.66 3.49 5.29 4.78
3.69 3.3 5.28 4.58
3.68 3.56 5.24 4.8
3.6 3.34 5.53 4.87
3.75 3.6 5.05 4.65
3.73 3.41 5.41 4.82
3.63 3.41 5.05 4.46
3.66 3.37 5.14 4.51
3.62 3.06 5.4 4.46
3.75 3.37 5.29 4.66
3.72 3.34 5.5 4.84
3.75 3.26 5.31 4.57
3.73 3.38 5.31 4.69
3.69 3.18 5.12 4.3
3.68 3.45 5.05 4.5
3.72 3.41 4.89 4.3
3.68 3.25 5.26 4.51
3.73 3.64 5.12 4.76
3.71 3.73 5.13 4.86
3.59 3.49 4.96 4.45
3.73 3.21 5.39 4.6
3.69 3.27 5.17 4.44
3.8 3.08 5.7 4.78
3.62 3.14 5.21 4.35
3.57 3.47 5.2 4.67
3.59 3.34 5.04 4.38
3.54 3.46 4.96 4.42
3.65 3.73 4.67 4.4
3.63 3.02 5.48 4.5
3.75 2.98 5.46 4.44
3.62 3.55 5.15 4.7
3.67 3.34 5.09 4.43
3.8 3.29 5.3 4.59
3.64 3.47 5.08 4.55
3.62 3.44 5.27 4.71
3.69 3.44 5.0 4.44
3.64 3.32 5.21 4.53
3.65 3.43 5.23 4.66
3.66 3.56 5.26 4.82
3.69 3.21 5.49 4.7
3.69 2.99 5.8 4.79
3.7 3.37 5.18 4.55
3.63 3.55 5.27 4.82
3.68 3.44 5.39 4.83
3.68 3.58 4.99 4.57
3.79 3.27 5.45 4.72
3.71 3.05 5.41 4.46
3.62 3.26 5.42 4.68
3.77 3.4 5.4 4.8
3.69 2.97 5.67 4.64
3.74 3.37 5.48 4.85
3.65 3.32 5.37 4.69
3.72 3.18 5.14 4.32
3.7 3.33 5.3 4.63
3.68 3.55 5.11 4.66
3.61 3.34 5.13 4.47
3.62 3.28 5.22 4.5
3.55 3.27 5.47 4.74
3.65 2.88 5.52 4.4
3.67 3.41 5.41 4.82
3.71 3.46 5.33 4.79
3.64 3.46 5.13 4.59
3.64 3.35 5.08 4.43
3.74 3.07 5.45 4.52
3.68 3.64 5.07 4.71
3.62 3.34 5.3 4.64
3.76 3.09 5.85 4.94
3.6 3.38 4.77 4.15
3.7 3.18 5.68 4.86
3.72 3.16 5.29 4.45
3.69 3.47 5.21 4.68
3.75 3.29 5.47 4.76
3.83 3.36 5.23 4.59
3.71 3.04 5.62 4.66
3.58 3.44 5.0 4.44
3.72 3.27 5.72 4.99
3.64 3.32 5.39 4.71
3.73 3.18 5.49 4.67
3.63 3.18 5.23 4.41
3.73 3.26 5.33 4.59
3.73 3.4 5.2 4.6
3.74 3.3 5.62 4.92
3.68 3.1 5.42 4.52
3.62 3.54 5.05 4.59
3.67 3.49 4.92 4.41
3.72 3.35 5.25 4.6
3.65 3.48 5.12 4.6
3.55 3.5 4.85 4.35
3.67 3.13 5.14 4.27
3.62 3.82 4.81 4.63
3.66 3.59 4.87 4.46
3.65 3.37 5.53 4.9
3.63 3.13 5.47 4.6
3.67 3.82 4.76 4.58
3.68 3.49 5.25 4.74
3.78 3.41 5.65 5.06
3.71 3.37 5.36 4.73
3.71 3.47 5.35 4.82
3.69 3.39 5.1 4.49
3.68 2.92 5.51 4.43
3.69 3.87 4.81 4.68
3.68 3.63 4.84 4.47
3.67 3.2 5.57 4.77
3.72 3.11 5.43 4.54
3.67 3.23 5.33 4.56
3.67 3.34 5.21 4.55
3.76 3.14 5.34 4.48
3.76 3.37 5.05 4.42
3.69 3.29 5.21 4.5
3.61 3.29 5.2 4.49
3.71 3.55 5.16 4.71
3.64 3.35 4.98 4.33
3.57 3.09 5.29 4.38
3.57 3.53 5.06 4.59
3.73 3.56 4.89 4.45
3.61 3.25 5.32 4.57
3.74 3.26 5.45 4.71
3.74 3.34 5.7 5.04
3.71 3.63 5.16 4.79
3.68 3.0 5.41 4.41
3.66 3.29 5.22 4.51
3.67 3.43 5.2 4.63
3.71 3.28 5.12 4.4
3.66 3.19 5.56 4.75
3.76 3.53 5.22 4.75
3.63 3.32 5.09 4.41
3.68 3.26 5.18 4.44
3.71 3.38 5.43 4.81
3.64 3.08 5.24 4.32
3.65 3.41 5.2 4.61
3.74 4.09 4.68 4.77
3.79 3.56 4.97 4.53
3.63 3.31 5.28 4.59
3.72 3.32 4.93 4.25
3.76 3.19 5.61 4.8
3.68 3.1 5.54 4.64
3.64 3.64 5.02 4.66
3.72 3.44 5.4 4.84
3.6 3.02 5.28 4.3
3.65 3.88 4.85 4.73
3.58 3.24 5.08 4.32
3.64 3.35 4.79 4.14
3.76 3.25 5.42 4.67
3.8 3.53 5.49 5.02
3.68 3.31 5.31 4.62
3.69 3.66 5.0 4.66
3.75 3.4 4.99 4.39
3.62 3.3 5.2 4.5
3.69 3.78 4.73 4.51
3.71 3.35 5.25 4.6
3.69 3.31 5.38 4.69
3.57 3.46 5.16 4.62
3.51 3.63 4.83 4.46
3.7 3.53 5.13 4.66
3.76 3.44 5.36 4.8
3.74 3.34 5.32 4.66
3.65 3.54 4.96 4.5
3.7 3.59 5.4 4.99
3.75 3.31 5.09 4.4
3.7 3.34 5.68 5.02
3.76 3.41 5.23 4.64
3.72 3.4 5.1 4.5
3.63 3.45 5.13 4.58
3.64 3.79 4.74 4.53
3.72 3.17 5.54 4.71
3.73 3.19 5.54 4.73
3.63 3.28 5.35 4.63
3.64 3.56 5.24 4.8
3.58 3.14 5.53 4.67
3.76 3.57 5.33 4.9
3.68 3.42 5.16 4.58
3.68 3.41 5.43 4.84
3.76 3.6 5.22 4.82
3.78 3.33 5.36 4.69
3.61 3.13 5.28 4.41
3.76 3.4 5.32 4.72
3.68 3.34 5.12 4.46
3.67 3.44 5.21 4.65
3.58 3.21 5.21 4.42
3.77 3.64 5.08 4.72
3.78 3.42 5.19 4.61
3.62 3.53 5.18 4.71
3.71 3.55 5.25 4.8
3.64 3.23 5.33 4.56
3.71 3.83 5.02 4.85
3.75 3.05 5.82 4.87
3.67 3.28 5.61 4.89
3.67 3.19 5.49 4.68
3.74 3.57 5.38 4.95
3.77 3.52 5.08 4.6
3.62 3.54 5.1 4.64
3.69 3.32 5.2 4.52
3.65 3.08 5.44 4.52
3.67 3.06 5.62 4.68
3.81 3.52 5.56 5.08
3.61 3.05 5.38 4.43
3.64 3.18 5.03 4.21
3.71 3.54 5.11 4.65
3.77 3.03 5.43 4.46
3.54 3.55 5.07 4.62
3.74 3.17 5.6 4.77
3.7 3.48 5.21 4.69
3.66 3.24 5.3 4.54
3.71 3.52 5.12 4.64
3.71 3.29 5.08 4.37
3.59 2.88 5.37 4.25
3.65 3.37 5.26 4.63
3.64 3.61 4.95 4.56
3.62 3.32 5.23 4.55
3.63 3.31 5.05 4.36
3.63 3.21 5.31 4.52
3.62 3.28 5.17 4.45
3.54 2.96 5.45 4.41
3.62 3.19 5.39 4.58
3.71 3.59 5.12 4.71
3.67 3.3 5.21 4.51
3.61 3.26 5.27 4.53
3.72 3.44 5.27 4.71
3.7 3.38 5.45 4.83
3.62 3.41 5.17 4.58
3.73 3.63 5.01 4.64
3.57 3.21 5.12 4.33
3.66 3.28 5.34 4.62
3.72 3.34 5.23 4.57
3.75 3.12 5.41 4.53
3.55 3.35 5.11 4.46
3.68 3.37 4.98 4.35
3.67 3.4 5.38 4.78
3.64 3.41 5.18 4.59
3.76 3.42 5.3 4.72
3.71 3.76 5.28 5.04
3.55 3.18 5.38 4.56
3.7 3.03 5.3 4.33
3.67 3.5 5.12 4.62
3.71 3.65 5.07 4.72
3.68 3.53 5.25 4.78
3.61 3.6 5.13 4.73
3.65 3.64 5.06 4.7
3.76 3.3 5.67 4.97
3.73 3.09 5.68 4.77
3.66 3.23 5.43 4.66
3.8 3.33 5.58 4.91
3.64 3.12 5.43 4.55
3.72 3.51 5.02 4.53
3.56 3.65 5.21 4.86
3.7 3.69 4.99 4.68
3.6 3.43 4.98 4.41
3.66 2.97 5.55 4.52
3.76 3.49 5.45 4.94
3.65 3.23 5.32 4.55
3.63 3.37 5.42 4.79
3.65 3.02 5.61 4.63
3.72 3.33 5.2 4.53
3.56 3.68 4.92 4.6
3.69 3.12 5.41 4.53
3.79 3.0 5.74 4.74
3.71 2.88 5.79 4.67
3.72 3.73 4.86 4.59
3.78 3.53 5.08 4.61
3.62 3.45 4.84 4.29
3.79 3.19 5.48 4.67
3.72 3.7 4.81 4.51
3.78 3.4 5.53 4.93
3.64 3.48 5.07 4.55
3.56 3.22 4.87 4.09
3.7 2.84 5.49 4.33
3.79 3.33 5.33 4.66
3.76 3.31 5.55 4.86
3.72 2.97 5.5 4.47
3.7 3.64 5.16 4.8
3.74 3.5 5.05 4.55
3.77 3.41 5.26 4.67
3.59 3.33 5.21 4.54
3.72 3.7 4.96 4.66
3.78 3.23 6.11 5.34
3.6 2.97 5.43 4.4
3.78 3.34 5.67 5.01
3.64 3.53 4.7 4.23
3.63 3.32 5.04 4.36
3.61 3.12 5.12 4.24
3.58 3.27 5.09 4.36
3.64 3.29 5.38 4.67
3.58 3.42 5.18 4.6
3.7 3.26 5.49 4.75
3.66 3.15 5.43 4.58
3.56 3.07 5.28 4.35
3.77 3.54 4.93 4.47
3.73 3.09 5.89 4.98
3.7 3.73 4.92 4.65
3.66 3.78 4.84 4.62
3.74 3.43 5.38 4.81
3.59 3.11 5.23 4.34
3.68 3.6 4.95 4.55
3.76 3.44 4.89 4.33
3.78 3.16 5.29 4.45
3.66 3.19 5.44 4.63
3.54 3.66 4.7 4.36
3.6 3.07 5.23 4.3
3.65 3.87 4.83 4.7
3.73 3.12 5.53 4.65
3.69 3.28 5.08 4.36
3.72 3.53 5.12 4.65
3.78 3.19 5.48 4.67
3.68 3.05 5.32 4.37
3.71 3.18 5.09 4.27
3.55 2.79 5.72 4.51
3.56 3.49 4.85 4.34
3.59 3.54 4.8 4.34
3.7 3.66 4.73 4.39
3.6 2.95 5.46 4.41
3.74 3.3 5.48 4.78
3.77 3.49 5.55 5.04
3.64 3.71 4.89 4.6
3.68 3.49 5.12 4.61
3.8 3.47 5.58 5.05
3.71 3.63 4.84 4.47
3.65 3.28 5.38 4.66
3.74 3.29 5.42 4.71
3.79 3.65 5.18 4.83
3.73 3.25 5.32 4.57
3.67 3.35 5.25 4.6
3.71 3.42 5.05 4.47
3.68 3.21 5.24 4.45
3.67 3.79 5.0 4.79
3.74 3.31 5.42 4.73
3.74 3.28 5.53 4.81
3.66 3.51 5.07 4.58
3.68 3.33 5.09 4.42
3.71 3.16 5.56 4.72
3.79 3.32 5.46 4.78
3.67 3.51 4.98 4.49
3.68 3.35 5.21 4.56
3.74 3.53 5.05 4.58
3.69 3.2 5.64 4.84
3.76 3.13 5.66 4.79
3.72 3.28 5.38 4.66
3.64 3.68 4.86 4.54
3.75 3.23 5.39 4.62
3.76 3.2 5.62 4.82
3.7 3.66 4.88 4.54
3.68 3.5 4.9 4.4
3.76 3.57 5.41 4.98
3.61 3.66 4.96 4.62
3.67 3.08 5.15 4.23
3.73 2.95 5.77 4.72
3.61 3.54 5.18 4.72
3.73 3.31 5.49 4.8
3.65 3.69 4.92 4.61
3.78 3.65 5.18 4.83
3.64 3.29 5.25 4.54
3.72 3.43 5.34 4.77
3.77 3.54 5.22 4.76
3.61 3.55 5.04 4.59
3.71 3.6 5.08 4.68
3.75 2.99 5.63 4.62
3.63 2.98 5.52 4.5
3.67 3.23 5.29 4.52
3.69 3.09 5.51 4.6
3.76 3.26 5.46 4.72
3.69 3.5 5.02 4.52
3.72 3.34 5.37 4.71
3.63 3.24 5.1 4.34
3.73 3.18 5.31 4.49
3.79 3.68 5.03 4.71
3.71 3.56 5.12 4.68
3.66 3.12 5.47 4.59
3.71 3.31 5.26 4.57
3.7 3.13 5.89 5.02
3.67 3.29 5.49 4.78
3.63 3.27 5.04 4.31
3.71 3.28 5.4 4.68
3.71 3.39 5.35 4.74
3.66 3.69 5.13 4.82
3.73 3.47 5.34 4.81
3.59 3.31 5.12 4.43
3.74 3.56 5.01 4.57
3.66 3.62 4.97 4.59
3.64 3.18 5.37 4.55
3.76 3.28 5.48 4.76
3.73 2.95 5.83 4.78
3.73 3.48 5.01 4.49
3.72 3.63 5.34 4.97
3.71 3.43 5.06 4.49
3.66 3.67 5.21 4.88
3.6 3.51 4.97 4.48
3.74 3.49 5.04 4.53
3.71 3.52 5.3 4.82
3.71 3.58 5.11 4.69
3.75 3.34 5.04 4.38
3.69 3.26 5.44 4.7
3.66 3.2 5.18 4.38
3.65 3.8 4.91 4.71
3.64 3.88 4.74 4.62
3.76 3.56 5.14 4.7
3.84 3.19 5.93 5.12
3.72 3.36 5.02 4.38
3.68 3.35 5.18 4.53
3.6 3.26 5.24 4.5
3.62 3.37 5.01 4.38
3.58 3.45 5.03 4.48
3.83 3.55 5.36 4.91
3.67 3.6 4.9 4.5
3.7 3.49 5.28 4.77
3.6 3.49 4.99 4.48
3.71 3.11 5.13 4.24
3.7 3.17 5.76 4.93
3.64 3.31 5.3 4.61
3.65 3.3 5.08 4.38
3.73 3.2 5.58 4.78
3.5 3.37 5.14 4.51
3.54 3.22 5.43 4.65
3.67 3.2 5.16 4.36
3.73 3.22 5.41 4.63
3.62 2.95 5.63 4.58
3.69 3.57 4.96 4.53
3.71 3.09 5.75 4.84
3.67 3.36 5.1 4.46
3.7 3.48 5.0 4.48
3.74 3.27 5.51 4.78
3.63 3.21 5.1 4.31
3.71 3.12 5.6 4.72
3.61 3.59 4.9 4.49
3.53 3.62 4.82 4.44
3.69 2.89 5.55 4.44
3.66 3.44 5.18 4.62
3.64 3.78 5.02 4.8
3.64 3.26 5.28 4.54
3.74 3.61 5.52 5.13
3.65 3.01 5.53 4.54
3.68 3.18 5.02 4.2
3.74 3.42 5.14 4.56
3.66 3.19 5.4 4.59
3.64 3.34 5.31 4.65
3.62 3.62 4.73 4.35
3.75 3.7 5.19 4.89
3.63 3.17 5.77 4.94
3.73 3.53 5.09 4.62
3.67 3.5 5.31 4.81
3.72 3.17 5.38 4.55
3.64 3.04 5.28 4.32
3.77 3.66 4.79 4.45
3.75 3.3 5.34 4.64
3.78 3.52 5.12 4.64
3.68 3.51 5.11 4.62
3.71 3.6 5.08 4.68
3.65 3.58 5.12 4.7
3.75 3.17 5.5 4.67
3.72 3.46 5.37 4.83
3.69 3.18 5.7 4.88
3.82 3.42 5.2 4.62
3.63 3.55 4.93 4.48
3.65 3.29 5.17 4.46
3.59 3.49 4.96 4.45
3.75 3.45 5.28 4.73
3.76 3.35 5.32 4.67
3.8 3.33 5.63 4.96
3.72 3.15 5.83 4.98
3.63 3.49 4.94 4.43
3.62 3.23 5.4 4.63
3.59 3.36 4.89 4.25
3.78 3.42 5.41 4.83
3.57 3.35 5.25 4.6
3.76 3.82 4.86 4.68
3.71 3.3 5.34 4.64
3.65 3.38 5.04 4.42
3.68 3.31 5.09 4.4
3.72 3.38 5.59 4.97
3.69 3.19 5.17 4.36
3.81 3.45 5.38 4.83
3.75 3.23 5.48 4.71
3.68 3.4 5.29 4.69
3.59 3.47 5.08 4.55
3.61 3.71 5.33 5.04
3.69 3.25 5.05 4.3
3.58 3.66 4.66 4.32
3.72 2.91 5.96 4.87
3.66 3.34 5.13 4.47
3.69 3.44 4.91 4.35
3.67 3.5 5.33 4.83
3.79 3.34 5.4 4.74
3.74 3.3 5.59 4.89
3.61 3.62 4.63 4.25
3.64 3.22 5.61 4.83
3.67 3.47 4.98 4.45
3.7 3.57 4.98 4.55
3.69 3.32 5.22 4.54
3.71 3.33 5.48 4.81
3.71 3.28 5.39 4.67
3.72 3.21 5.45 4.66
3.74 3.15 5.6 4.75
3.68 4.0 4.76 4.76
3.75 3.53 5.13 4.66
3.7 3.3 5.48 4.78
3.67 3.3 5.24 4.54
3.68 3.91 4.71 4.62
3.7 3.1 5.67 4.77
3.75 3.49 5.12 4.61
3.69 3.08 5.63 4.71
3.69 3.58 5.16 4.74
3.67 3.23 5.35 4.58
3.72 3.48 4.65 4.13
3.55 3.51 4.61 4.12
3.68 3.41 4.82 4.23
3.61 3.3 5.47 4.77
3.62 3.32 5.11 4.43
3.8 3.54 5.24 4.78
3.66 3.46 5.08 4.54
3.72 3.11 5.63 4.74
3.79 3.2 5.47 4.67
3.67 3.2 5.57 4.77
3.78 3.12 5.65 4.77
3.69 3.18 5.67 4.85
3.67 3.35 5.59 4.94
3.66 3.05 5.67 4.72
3.68 3.7 5.02 4.72
3.66 3.51 5.3 4.81
3.73 3.59 4.89 4.48
3.77 3.26 5.65 4.91
3.63 3.28 5.33 4.61
3.71 3.35 5.29 4.64
3.75 3.38 5.37 4.75
3.71 3.29 5.38 4.67
3.66 3.34 5.25 4.59
3.73 3.34 5.41 4.75
3.65 3.25 5.37 4.62
3.68 3.15 5.54 4.69
3.7 3.47 5.06 4.53
3.54 3.2 5.16 4.36
3.7 3.43 4.98 4.41
3.73 3.74 4.95 4.69
3.6 3.83 4.63 4.46
3.73 3.25 5.43 4.68
3.69 3.06 5.69 4.75
3.59 3.48 5.26 4.74
3.75 3.43 5.17 4.6
3.76 3.16 5.55 4.71
3.66 3.55 5.04 4.59
3.72 3.46 5.12 4.58
3.74 3.19 5.47 4.66
3.54 3.12 5.04 4.16
3.63 3.4 5.03 4.43
3.71 3.43 5.23 4.66
3.6 3.26 5.09 4.35
3.63 3.46 5.02 4.48
3.76 3.39 5.3 4.69
3.68 2.97 5.59 4.56
3.64 3.62 4.98 4.6
3.63 3.3 5.28 4.58
3.61 3.76 4.66 4.42
3.77 3.63 5.3 4.93
3.76 3.42 5.08 4.5
3.78 3.12 5.46 4.58
3.66 3.73 4.8 4.53
3.65 3.53 5.25 4.78
3.76 3.3 4.87 4.17
3.54 3.33 5.19 4.52
3.73 3.43 5.44 4.87
3.7 3.13 5.74 4.87
3.71 3.79 4.86 4.65
3.83 3.54 5.52 5.06
3.69 3.58 5.29 4.87
3.66 3.05 5.25 4.3
3.72 3.24 5.47 4.71
3.64 3.56 4.87 4.43
3.74 3.18 5.39 4.57
3.67 3.45 5.09 4.54
3.68 3.31 5.26 4.57
3.63 3.41 5.06 4.47
3.61 3.39 5.17 4.56
3.57 3.36 5.01 4.37
3.67 3.48 5.18 4.66
3.64 3.14 5.42 4.56
3.69 3.62 5.17 4.79
3.74 3.35 5.12 4.47
3.77 3.59 5.3 4.89
3.66 3.38 5.25 4.63
3.83 3.08 5.94 5.02
3.75 3.2 5.58 4.78
3.62 3.45 5.09 4.54
3.59 3.18 5.18 4.36
3.73 3.13 5.32 4.45
3.71 3.29 5.18 4.47
3.72 3.2 5.54 4.74
3.65 3.23 5.45 4.68
3.8 3.49 5.17 4.66
3.76 3.45 5.45 4.9
3.62 3.62 5.15 4.77
3.66 3.11 5.51 4.62
3.71 3.3 5.41 4.71
3.7 3.11 5.36 4.47
3.69 2.89 5.63 4.52
3.62 3.5 5.07 4.57
3.64 3.4 5.42 4.82
3.59 2.99 5.55 4.54
3.77 3.47 5.12 4.59
3.76 3.17 5.24 4.41
3.7 3.3 5.34 4.64
3.75 3.72 5.29 5.01
3.67 3.46 5.45 4.91
3.68 3.23 5.46 4.69
3.68 3.56 5.01 4.57
3.71 3.77 4.8 4.57
3.64 3.33 5.54 4.87
3.69 3.23 5.48 4.71
3.75 3.12 5.56 4.68
3.77 3.76 5.04 4.8
3.6 3.12 5.38 4.5
3.75 3.39 5.16 4.55
3.74 3.24 5.58 4.82
3.71 3.1 5.57 4.67
3.68 3.6 5.03 4.63
3.76 3.65 5.12 4.77
3.71 3.66 5.22 4.88
3.61 3.33 5.29 4.62
3.69 3.47 5.19 4.66
3.76 3.19 5.38 4.57
3.73 3.17 5.36 4.53
3.69 3.43 5.13 4.56
3.84 3.42 5.23 4.65
3.66 3.24 5.34 4.58
3.63 3.36 5.12 4.48
3.6 3.66 4.81 4.47
3.73 3.32 5.31 4.63
3.8 3.57 5.36 4.93
3.63 3.3 5.27 4.57
3.72 3.41 5.11 4.52
3.7 3.33 5.49 4.82
3.72 3.27 5.43 4.7
3.68 3.16 5.4 4.56
3.72 3.41 5.08 4.49
3.74 3.55 5.0 4.55
3.67 3.38 5.01 4.39
3.63 3.47 5.1 4.57
3.73 3.26 5.11 4.37
3.62 3.32 5.3 4.62
3.59 3.38 5.07 4.45
3.69 3.2 5.33 4.53
3.7 3.28 5.43 4.71
3.67 3.62 4.91 4.53
3.69 3.82 5.13 4.95
3.7 3.25 5.46 4.71
3.62 3.19 5.22 4.41
3.81 3.98 4.87 4.85
3.58 3.07 5.29 4.36
3.64 3.57 4.83 4.4
3.69 3.32 5.57 4.89
3.52 3.32 4.92 4.24
3.64 3.26 5.47 4.73
3.6 3.23 5.3 4.53
3.68 3.85 4.8 4.65
3.65 3.69 4.83 4.52
3.65 3.57 4.73 4.3
3.73 3.37 5.26 4.63
3.71 3.15 5.43 4.58
3.67 3.45 5.21 4.66
3.74 3.57 5.2 4.77
3.64 3.36 5.27 4.63
3.67 3.4 5.32 4.72
3.71 3.81 4.76 4.57
3.67 3.18 5.59 4.77
3.69 3.54 5.07 4.61
3.73 3.59 4.95 4.54
3.74 3.15 5.54 4.69
3.7 3.72 4.95 4.67
3.67 3.44 5.48 4.92
3.7 3.41 5.26 4.67
3.71 3.61 5.13 4.74
3.66 3.38 5.39 4.77
3.7 3.45 5.21 4.66
3.7 3.4 5.11 4.51
3.75 3.18 5.73 4.91
3.71 3.56 4.77 4.33
3.75 3.35 5.2 4.55
3.66 3.18 5.57 4.75
3.66 3.48 5.2 4.68
3.52 3.79 4.84 4.63
3.64 3.34 5.39 4.73
3.67 3.36 5.66 5.02
3.64 3.06 5.4 4.46
3.65 3.93 4.86 4.79
3.69 3.63 5.55 5.18
3.78 3.12 5.54 4.66
3.69 3.6 4.74 4.34
3.74 3.14 5.57 4.71
3.8 3.53 5.28 4.81
3.76 3.71 5.54 5.25
3.61 3.36 5.07 4.43
3.72 3.36 5.36 4.72
3.71 2.96 5.72 4.68
3.7 3.32 5.08 4.4
3.74 2.94 5.58 4.52
3.69 3.43 5.15 4.58
3.66 3.27 5.13 4.4
3.73 2.73 5.94 4.67
3.59 3.23 5.12 4.35
3.65 3.5 4.73 4.23
3.59 3.32 5.69 5.01
3.73 2.94 5.79 4.73
3.69 3.53 5.27 4.8
3.62 3.55 5.01 4.56
3.69 3.33 5.59 4.92
3.73 3.35 5.11 4.46
3.75 3.19 5.51 4.7
3.57 3.27 5.08 4.35
3.78 3.54 5.36 4.9
3.69 3.69 4.92 4.61
3.71 3.66 5.23 4.89
3.63 3.33 5.28 4.61
3.65 3.19 5.18 4.37
3.6 3.5 4.81 4.31
3.61 3.21 5.1 4.31
3.67 2.82 5.95 4.77
3.71 3.48 5.27 4.75
3.64 3.26 5.35 4.61
3.67 2.85 5.73 4.58
3.6 2.88 5.45 4.33
3.63 3.73 5.06 4.79
3.75 3.18 5.72 4.9
3.77 3.28 5.44 4.72
3.7 3.31 5.44 4.75
3.67 3.54 4.91 4.45
3.82 3.98 4.61 4.59
3.67 2.95 5.47 4.42
3.74 3.05 5.58 4.63
3.65 3.58 5.07 4.65
3.62 3.42 4.86 4.28
3.76 3.23 5.65 4.88
3.72 3.44 5.02 4.46
3.58 3.37 5.24 4.61
3.68 3.54 4.89 4.43
3.67 3.29 5.3 4.59
3.68 3.42 5.48 4.9
3.8 3.07 5.53 4.6
3.71 3.65 5.14 4.79
3.73 3.39 5.39 4.78
3.63 3.35 4.97 4.32
3.7 3.47 5.14 4.61
3.63 3.2 5.43 4.63
3.62 3.22 5.1 4.32
3.73 3.11 5.56 4.67
3.73 3.44 5.28 4.72
3.75 2.93 5.65 4.58
3.65 3.34 5.16 4.5
3.69 3.23 5.07 4.3
3.7 3.61 4.99 4.6
3.71 3.19 5.24 4.43
3.73 3.17 5.45 4.62
3.77 3.08 5.34 4.42
3.69 3.64 4.56 4.2
3.62 3.48 5.11 4.59
3.54 3.37 4.53 3.9
3.62 3.73 5.12 4.85
3.65 3.65 4.81 4.46
3.73 3.73 4.78 4.51
3.77 3.47 5.41 4.88
3.65 3.57 4.94 4.51
3.74 3.39 5.14 4.53
3.77 3.26 5.45 4.71
3.59 3.35 5.2 4.55
3.7 3.37 4.99 4.36
3.66 3.44 5.21 4.65
3.67 3.53 5.15 4.68
3.5 3.52 4.76 4.28
3.68 3.03 5.55 4.58
3.74 3.55 5.18 4.73
3.64 3.6 5.1 4.7
3.68 3.56 5.09 4.65
3.66 3.33 5.24 4.57
3.75 3.76 5.01 4.77
3.74 3.26 5.49 4.75
3.77 3.22 5.35 4.57
3.58 3.21 5.11 4.32
3.79 3.7 4.91 4.61
3.7 3.18 5.4 4.58
3.73 3.26 5.19 4.45
3.79 3.43 5.19 4.62
3.66 3.2 5.33 4.53
3.75 3.38 5.59 4.97
3.68 3.39 5.14 4.53
3.72 3.68 4.97 4.65
3.63 3.3 5.46 4.76
3.72 3.43 5.11 4.54
3.66 3.55 5.11 4.66
3.73 3.39 5.51 4.9
3.79 3.2 5.93 5.13
3.71 3.47 5.19 4.66
3.69 3.49 5.0 4.49
3.67 3.22 5.38 4.6
3.67 3.27 5.37 4.64
3.76 3.36 5.39 4.75
3.71 3.14 5.49 4.63
3.7 3.67 5.31 4.98
3.6 3.33 5.11 4.44
3.55 3.25 5.32 4.57
3.71 3.81 4.92 4.73
3.75 3.33 5.46 4.79
3.57 3.3 5.09 4.39
3.68 3.44 4.97 4.41
3.71 3.05 5.57 4.62
3.71 3.32 5.19 4.51
3.63 3.54 5.19 4.73
3.72 3.43 5.13 4.56
3.73 3.58 5.16 4.74
3.66 3.25 5.22 4.47
3.76 3.04 5.88 4.92
3.72 3.5 5.32 4.82
3.7 3.37 5.44 4.81
3.71 3.48 5.17 4.65
3.71 3.48 4.99 4.47
3.68 3.53 5.26 4.79
3.65 3.44 5.16 4.6
3.73 2.98 5.62 4.6
3.7 3.33 5.06 4.39
3.7 3.06 5.62 4.68
3.59 3.42 5.0 4.42
3.73 3.14 5.55 4.69
3.74 3.09 5.51 4.6
3.79 3.67 5.09 4.76
3.71 3.35 5.29 4.64
3.74 3.82 5.04 4.86
3.55 3.5 4.69 4.19
3.75 3.49 5.43 4.92
3.73 3.46 5.36 4.82
3.7 3.12 5.35 4.47
3.76 3.55 5.43 4.98
3.73 2.75 5.83 4.58
3.71 3.4 5.24 4.64
3.62 3.32 5.46 4.78
3.65 3.79 4.84 4.63
3.63 3.68 4.92 4.6
3.6 3.34 5.38 4.72
3.59 3.65 4.73 4.38
3.58 3.38 5.05 4.43
3.81 3.59 4.91 4.5
3.77 3.48 5.12 4.6
3.63 3.31 5.32 4.63
3.66 3.35 5.13 4.48
3.7 3.48 5.19 4.67
3.66 3.29 5.41 4.7
3.64 3.71 4.82 4.53
3.69 3.27 5.5 4.77
3.79 3.46 5.59 5.05
3.71 3.61 5.28 4.89
3.73 3.29 5.25 4.54
3.74 3.56 4.89 4.45
3.7 3.27 5.28 4.55
3.6 3.29 5.18 4.47
3.79 4.02 4.64 4.66
3.62 3.0 5.7 4.7
3.66 2.99 5.8 4.79
3.62 3.22 5.34 4.56
3.67 3.58 4.99 4.57
3.74 3.25 5.68 4.93
3.74 3.59 5.33 4.92
3.62 3.73 4.91 4.64
3.72 3.87 4.56 4.43
3.72 3.52 5.11 4.63
3.6 3.75 5.17 4.92
3.79 3.47 5.25 4.72
3.67 3.23 5.61 4.84
3.72 3.19 5.56 4.75
3.71 3.51 5.22 4.73
3.76 3.18 5.6 4.78
3.58 3.2 5.38 4.58
3.76 3.48 5.12 4.6
3.58 3.18 5.46 4.64
3.74 3.1 5.57 4.67
3.73 3.55 5.31 4.86
3.69 3.13 5.42 4.55
3.73 3.69 4.79 4.48
3.73 3.3 5.2 4.5
3.67 3.28 5.48 4.76
3.58 3.37 5.29 4.66
3.72 3.7 4.66 4.36
3.71 3.36 5.34 4.7
3.71 3.16 5.54 4.7
3.71 3.61 4.71 4.32
3.71 3.13 5.54 4.67
3.61 3.16 5.44 4.6
3.68 2.98 5.54 4.52
3.7 4.05 5.05 5.1
3.6 3.39 4.99 4.38
3.72 3.37 5.11 4.48
3.78 3.22 5.61 4.83
3.65 3.32 5.09 4.41
3.69 3.4 5.07 4.47
3.62 3.38 5.43 4.81
3.72 3.17 5.56 4.73
3.66 3.14 5.35 4.49
3.79 3.61 5.33 4.94
3.73 3.78 4.78 4.56
3.7 3.37 5.3 4.67
3.71 3.48 5.11 4.59
3.53 3.42 4.8 4.22
3.75 3.16 5.21 4.37
3.72 3.59 5.08 4.67
3.72 3.2 5.11 4.31
3.66 3.75 4.86 4.61
3.71 3.32 5.36 4.68
3.65 3.57 5.03 4.6
3.68 3.19 5.34 4.53
3.66 3.22 5.17 4.39
3.67 3.2 5.54 4.74
3.75 3.85 5.13 4.98
3.63 3.41 5.12 4.53
3.7 3.13 5.36 4.49
3.64 3.14 5.58 4.72
3.59 3.12 5.16 4.28
3.69 3.09 5.63 4.72
3.64 3.32 5.08 4.4
3.77 3.17 5.37 4.54
3.78 3.44 5.25 4.69
3.72 2.93 5.8 4.73
3.59 3.59 4.96 4.55
3.57 3.35 5.02 4.37
3.69 3.64 5.14 4.78
3.67 3.58 5.07 4.65
3.63 3.07 5.69 4.76
3.79 3.45 5.33 4.78
3.65 3.65 4.84 4.49
3.76 3.88 4.63 4.51
3.64 3.53 5.21 4.74
3.55 3.54 4.97 4.51
3.59 3.51 4.94 4.45
3.66 3.18 5.31 4.49
3.69 3.54 4.82 4.36
3.58 2.92 5.56 4.48
3.66 3.04 5.73 4.77
3.67 3.24 5.31 4.55
3.81 3.6 5.25 4.85
3.76 3.57 5.24 4.81
3.62 3.29 5.15 4.44
3.67 3.34 5.38 4.72
3.71 3.42 5.27 4.69
3.72 3.56 4.74 4.3
3.6 3.55 4.74 4.29
3.73 3.27 5.16 4.43
3.78 3.39 5.29 4.68
3.76 3.12 5.69 4.81
3.7 3.63 4.66 4.29
3.79 3.29 5.38 4.67
3.71 3.51 5.05 4.56
3.59 3.67 4.69 4.36
3.73 3.33 5.26 4.59
3.64 3.33 5.67 5.0
3.6 3.13 4.92 4.05
3.74 3.3 5.66 4.96
3.65 2.89 5.55 4.44
3.64 3.65 5.04 4.69
3.7 3.35 5.27 4.62
3.67 3.59 4.88 4.47
3.7 3.02 5.47 4.49
3.68 3.61 4.94 4.55
3.75 3.43 5.16 4.59
3.66 3.18 5.4 4.58
3.63 3.82 4.56 4.38
3.85 3.61 5.17 4.78
3.85 3.4 5.54 4.94
3.72 3.5 5.39 4.89
3.62 3.54 4.97 4.51
3.77 3.07 5.62 4.69
3.75 2.99 5.97 4.96
3.71 3.32 5.62 4.94
3.65 3.43 4.88 4.31
3.67 3.21 5.56 4.77
3.71 3.26 5.46 4.72
3.75 3.51 5.37 4.88
3.8 3.38 5.26 4.64
3.6 3.19 5.78 4.97
3.58 3.11 5.35 4.46
3.72 3.44 5.43 4.87
3.6 3.29 5.17 4.46
3.72 3.66 5.07 4.73
3.78 3.37 5.4 4.77
3.72 3.45 5.23 4.68
3.64 3.5 5.2 4.7
3.75 3.78 4.65 4.43
3.63 3.22 5.08 4.3
3.73 3.4 5.16 4.56
3.65 3.62 4.88 4.5
3.64 3.37 5.15 4.52
3.66 3.46 5.34 4.8
3.66 3.52 5.18 4.7
3.64 2.94 5.36 4.3
3.65 3.45 5.12 4.57
3.69 3.3 5.45 4.75
3.74 3.6 5.37 4.97
3.71 3.29 5.3 4.59
3.66 3.16 5.62 4.78
3.78 3.36 5.23 4.59
3.65 3.48 5.26 4.74
3.58 3.36 5.03 4.39
3.72 3.18 5.43 4.61
3.67 3.98 4.74 4.72
3.74 3.5 5.08 4.58
3.61 3.42 5.27 4.69
3.73 3.33 5.45 4.78
3.72 3.25 5.44 4.69
3.76 3.17 5.46 4.63
3.67 3.17 5.51 4.68
3.54 3.21 5.22 4.43
3.68 3.4 5.11 4.51
3.63 3.44 5.0 4.44
3.61 3.05 5.36 4.41
3.8 3.2 5.56 4.76
3.58 3.37 5.02 4.39
3.73 3.14 5.62 4.76
3.77 3.81 5.09 4.9
3.69 3.21 5.36 4.57
3.72 3.41 5.39 4.8
3.57 3.21 4.92 4.13
3.62 3.66 4.72 4.38
3.57 3.29 5.14 4.43
3.73 3.61 5.16 4.77
3.74 3.1 5.62 4.72
3.67 3.41 4.99 4.4
3.71 3.57 5.31 4.88
3.62 3.21 5.32 4.53
3.72 3.59 5.09 4.68
3.69 3.27 5.48 4.75
3.75 3.63 5.23 4.86
3.72 3.42 5.14 4.56
3.76 3.5 5.12 4.62
3.71 3.32 5.54 4.86
3.76 3.4 5.09 4.49
3.56 3.36 4.92 4.28
3.73 3.49 4.94 4.43
3.7 3.24 5.48 4.72
3.73 3.29 5.57 4.86
3.73 3.13 5.59 4.72
3.72 3.17 5.71 4.88
3.63 3.4 5.25 4.65
3.59 3.61 4.97 4.58
3.73 3.43 5.35 4.78
3.82 3.4 5.45 4.85
3.67 3.53 5.15 4.68
3.74 3.44 5.36 4.8
3.72 2.85 5.41 4.26
3.66 3.19 5.43 4.62
3.62 3.1 5.4 4.5
3.77 3.41 5.35 4.76
3.67 3.47 5.04 4.51
3.67 3.45 5.24 4.69
3.71 3.01 5.45 4.46
3.78 3.36 5.23 4.59
3.75 2.91 5.96 4.87
3.8 3.29 5.5 4.79
3.63 3.23 5.05 4.28
3.75 3.83 5.11 4.94
3.6 3.24 5.39 4.63
3.79 3.23 5.25 4.48
3.68 3.21 5.41 4.62
3.67 3.62 5.12 4.74
3.57 3.1 5.23 4.33
3.57 2.92 5.66 4.58
3.7 3.75 4.94 4.69
3.52 3.06 5.34 4.4
3.7 3.28 5.37 4.65
3.75 3.22 5.36 4.58
3.7 3.32 5.18 4.5
3.59 3.27 5.18 4.45
3.69 3.05 5.53 4.58
3.74 3.4 5.28 4.68
3.77 3.28 5.42 4.7
3.58 3.28 4.96 4.24
3.72 3.93 4.79 4.72
3.68 2.88 5.69 4.57
3.65 3.83 4.69 4.52
3.74 3.45 5.24 4.69
3.77 3.27 5.57 4.84
3.64 3.12 5.46 4.58
3.72 3.18 5.58 4.76
3.66 3.51 4.98 4.49
3.51 3.4 5.19 4.59
3.7 3.37 5.07 4.44
3.68 3.73 4.81 4.54
3.73 3.32 5.5 4.82
3.69 3.28 5.39 4.67
3.48 3.11 5.33 4.44
3.61 3.35 5.08 4.43
3.63 3.06 5.33 4.39
3.64 3.7 4.76 4.46
3.76 3.61 5.22 4.83
3.69 3.6 5.03 4.63
3.76 3.6 4.96 4.56
3.62 3.12 5.31 4.43
3.7 3.14 5.57 4.71
3.7 3.28 5.33 4.61
3.75 3.27 5.42 4.69
3.64 3.2 5.33 4.53
3.72 3.29 5.56 4.85
3.56 3.58 4.89 4.47
3.7 3.47 5.1 4.57
3.63 3.49 5.07 4.56
3.71 3.49 4.97 4.46
3.72 3.72 5.16 4.88
3.63 3.62 5.01 4.63
3.63 3.23 5.54 4.77
3.69 3.28 5.19 4.47
3.78 3.36 4.97 4.33
3.68 3.43 5.04 4.47
3.71 3.26 5.42 4.68
3.71 3.11 5.38 4.49
3.82 3.32 5.8 5.12
3.79 3.64 5.39 5.03
3.73 3.33 5.45 4.78
3.71 3.4 5.0 4.4
3.7 3.49 5.12 4.61
3.64 3.37 5.31 4.68
3.67 2.88 5.63 4.51
3.69 3.16 5.59 4.75
3.78 3.55 5.28 4.83
3.61 3.23 5.51 4.74
3.65 3.32 5.08 4.4
3.62 3.43 4.98 4.41
3.68 3.26 4.75 4.01
3.75 3.13 5.59 4.72
3.72 3.22 5.93 5.15
3.63 3.07 5.39 4.46
3.55 2.97 5.42 4.39
3.67 3.31 5.33 4.64
3.63 3.6 4.79 4.39
3.67 3.31 5.22 4.53
3.72 3.62 5.16 4.78
3.7 3.23 5.39 4.62
3.69 3.38 5.22 4.6
3.7 3.07 5.65 4.72
3.6 3.51 5.19 4.7
3.64 2.99 5.47 4.46
3.71 2.98 5.76 4.74
3.69 3.33 4.98 4.31
3.82 3.22 5.5 4.72
3.63 3.18 4.89 4.07
3.7 3.64 5.3 4.94
3.58 3.71 4.62 4.33
3.63 3.3 5.2 4.5
3.59 3.2 5.4 4.6
3.69 3.22 5.65 4.87
3.61 3.54 5.18 4.72
3.67 3.1 5.4 4.5
3.74 3.08 5.54 4.62
3.7 3.51 5.35 4.86
3.7 3.33 5.47 4.8
3.62 2.97 5.4 4.37
3.66 3.89 4.82 4.71
3.72 3.79 4.91 4.7
3.71 3.76 5.01 4.77
3.7 3.71 4.89 4.6
3.59 3.19 5.44 4.63
3.75 3.25 5.64 4.89
3.72 3.3 5.34 4.64
3.81 3.49 5.44 4.93
3.6 3.47 4.88 4.35
3.72 3.13 5.51 4.64
3.64 3.06 5.09 4.15
3.81 3.05 5.75 4.8
3.58 3.49 5.02 4.51
3.76 3.63 5.08 4.71
3.55 3.2 5.32 4.52
3.71 2.91 5.77 4.68
3.7 3.37 5.24 4.61
3.68 3.68 4.66 4.34
3.68 3.34 5.12 4.46
3.7 3.45 5.45 4.9
3.59 3.31 5.02 4.33
3.64 3.35 5.24 4.59
3.7 3.24 5.45 4.69
3.66 2.95 5.6 4.55
3.63 3.16 5.3 4.46
3.66 3.25 5.5 4.75
3.77 3.52 5.21 4.73
3.64 3.18 5.47 4.65
3.77 3.31 5.59 4.9
3.76 3.28 5.31 4.59
3.66 3.12 5.54 4.66
3.66 3.29 5.47 4.76
3.67 3.66 5.08 4.74
3.77 3.5 5.29 4.79
3.67 3.19 5.42 4.61
3.65 3.28 5.4 4.68
3.72 3.13 5.66 4.79
3.64 3.37 5.11 4.48
3.67 3.46 4.89 4.35
3.72 3.55 5.11 4.66
3.74 3.27 5.58 4.85
3.6 3.25 5.21 4.46
3.71 3.26 5.16 4.42
3.55 3.29 5.28 4.57
3.69 2.66 5.95 4.61
3.65 3.62 5.01 4.63
3.7 3.46 5.03 4.49
3.66 3.72 4.93 4.65
3.61 3.38 5.18 4.56
3.55 3.52 5.16 4.68
3.58 3.12 5.44 4.56
3.62 3.62 5.0 4.62
3.72 3.14 5.71 4.85
3.77 3.38 5.31 4.69
3.6 3.06 5.31 4.37
3.73 3.34 5.38 4.72
3.7 3.25 5.38 4.63
3.72 3.36 5.17 4.53
3.72 3.23 5.4 4.63
3.65 3.36 5.21 4.57
3.7 3.25 5.68 4.93
3.77 3.01 5.38 4.39
3.53 3.29 5.14 4.43
3.64 3.2 5.19 4.39
3.76 3.51 5.46 4.97
3.71 3.44 5.24 4.68
3.72 3.59 4.92 4.51
3.68 3.46 5.16 4.62
3.68 3.4 5.2 4.6
3.55 3.96 4.68 4.64
3.73 3.89 4.87 4.76
3.63 3.58 5.29 4.87
3.59 3.51 5.05 4.56
3.71 3.24 5.27 4.51
3.7 3.7 5.05 4.75
3.61 3.62 4.76 4.38
3.75 3.33 5.24 4.57
3.7 3.41 5.27 4.68
3.74 3.16 5.58 4.74
3.68 3.3 5.31 4.61
3.67 3.51 5.05 4.56
3.67 3.21 5.16 4.37
3.62 3.49 4.8 4.29
3.71 3.3 5.19 4.49
3.67 3.17 5.44 4.61
3.7 3.09 5.53 4.62
3.67 3.14 5.23 4.37
3.59 3.18 5.53 4.71
3.58 3.64 4.82 4.46
3.65 3.57 5.05 4.62
3.79 3.27 5.4 4.67
3.61 3.42 5.09 4.51
3.74 3.11 5.39 4.5
3.67 3.42 5.19 4.61
3.66 3.49 5.23 4.72
3.78 3.65 5.24 4.89
3.7 3.79 4.81 4.6
3.67 3.44 5.25 4.69
3.72 3.44 5.13 4.57
3.72 3.24 5.44 4.68
3.76 3.13 5.55 4.68
3.51 3.38 5.06 4.44
3.63 3.42 4.89 4.31
3.6 3.79 4.76 4.55
3.76 3.37 5.38 4.75
3.7 3.23 5.77 5.0
3.74 3.25 5.37 4.62
3.58 3.54 5.02 4.56
3.66 3.83 4.65 4.48
3.59 3.12 5.23 4.35
3.64 3.24 5.57 4.81
3.56 3.48 4.8 4.28
3.73 3.7 5.24 4.94
3.69 3.37 5.21 4.58
3.62 3.4 5.3 4.7
3.59 3.66 5.0 4.66
3.82 3.81 4.89 4.7
3.74 3.36 5.39 4.75
3.64 3.32 5.01 4.33
3.65 3.85 4.99 4.84
3.7 3.23 5.36 4.59
3.71 3.42 5.13 4.55
3.66 3.6 4.99 4.59
3.69 3.72 4.9 4.62
3.69 3.44 4.94 4.38
3.77 3.52 5.03 4.55
3.73 3.07 5.67 4.74
3.71 3.45 5.27 4.72
3.83 3.34 5.67 5.01
3.73 3.64 5.02 4.66
3.72 3.51 5.17 4.68
3.72 3.58 5.17 4.75
3.83 3.42 5.55 4.97
3.62 3.64 4.69 4.33
3.75 3.39 5.56 4.95
3.69 3.16 5.6 4.76
3.62 2.99 5.4 4.39
3.72 3.02 5.53 4.55
3.74 3.53 5.04 4.57
3.74 3.39 5.34 4.73
3.6 3.54 4.73 4.27
3.61 3.49 5.18 4.67
3.63 2.99 5.31 4.3
3.75 3.42 5.05 4.47
3.76 3.42 5.38 4.8
3.67 3.15 5.45 4.6
3.72 3.33 5.47 4.8
3.82 3.56 5.27 4.83
3.73 3.63 5.21 4.84
3.69 3.51 4.98 4.49
3.68 3.64 5.12 4.76
3.66 3.01 5.3 4.31
3.83 3.41 4.71 4.12
3.77 3.34 5.32 4.66
3.7 3.44 5.29 4.73
3.66 3.51 5.07 4.58
3.62 3.5 5.05 4.55
3.68 3.39 5.22 4.61
3.74 3.38 5.28 4.66
3.64 3.09 5.59 4.68
3.69 3.28 5.26 4.54
3.7 3.42 5.14 4.56
3.79 3.19 5.36 4.55
3.73 3.17 5.51 4.68
3.54 3.09 5.36 4.45
3.69 3.52 5.06 4.58
3.76 3.29 5.33 4.62
3.66 3.09 5.1 4.19
3.76 3.34 5.46 4.8
3.72 3.39 5.25 4.64
3.65 3.3 5.56 4.86
3.55 3.18 5.21 4.39
3.68 3.69 4.67 4.36
3.65 3.47 5.22 4.69
3.73 3.34 5.34 4.68
3.64 3.46 4.88 4.34
3.77 3.7 4.99 4.69
3.69 3.41 5.25 4.66
3.65 3.21 5.41 4.62
3.56 3.01 5.56 4.57
3.82 3.45 5.56 5.01
3.55 3.36 5.27 4.63
3.59 3.19 4.9 4.09
3.64 3.63 5.05 4.68
3.71 3.46 4.89 4.35
3.78 3.58 5.33 4.91
3.62 3.53 5.17 4.7
3.76 3.48 5.5 4.98
3.73 3.63 5.5 5.13
3.62 3.86 4.65 4.51
3.61 3.5 5.08 4.58
3.68 3.57 5.15 4.72
3.77 3.39 5.41 4.8
3.66 3.52 5.05 4.57
3.66 3.54 4.67 4.21
3.76 3.14 5.47 4.61
3.77 3.76 4.94 4.7
3.69 3.14 5.45 4.59
3.6 3.12 5.33 4.45
3.7 3.25 5.33 4.58
3.67 3.57 5.08 4.65
3.6 3.42 4.99 4.41
3.73 3.52 5.28 4.8
3.79 3.48 5.25 4.73
3.67 3.47 5.04 4.51
3.67 3.44 5.4 4.84
3.67 3.15 5.51 4.66
3.69 3.25 5.58 4.83
3.77 3.64 5.14 4.78
3.73 3.45 5.24 4.69
3.77 3.29 5.36 4.65
3.61 3.25 5.18 4.43
3.69 3.32 5.12 4.44
3.73 3.61 5.07 4.68
3.7 3.26 5.17 4.43
3.71 3.45 5.12 4.57
3.7 3.55 5.04 4.59
3.69 3.48 5.3 4.78
3.61 3.42 5.03 4.45
3.69 3.45 5.14 4.59
3.66 3.58 4.84 4.42
3.68 3.54 5.14 4.68
3.71 3.04 5.44 4.48
3.74 3.36 5.2 4.56
3.77 3.23 5.65 4.88
3.57 3.36 5.03 4.39
3.69 3.59 4.93 4.52
3.53 3.35 4.81 4.16
3.71 3.56 4.93 4.49
3.76 3.31 5.38 4.69
3.77 3.38 5.26 4.64
3.64 3.9 4.75 4.65
3.61 3.39 5.02 4.41
3.74 3.65 5.21 4.86
3.75 3.3 5.42 4.72
3.66 3.77 5.02 4.79
3.55 3.41 5.22 4.63
3.78 3.58 5.27 4.85
3.63 3.47 5.21 4.68
3.65 3.19 5.23 4.42
3.63 3.62 4.8 4.42
3.73 3.24 5.19 4.43
3.83 3.43 5.55 4.98
3.62 3.49 5.0 4.49
3.68 3.26 5.36 4.62
3.77 3.71 4.87 4.58
3.8 3.32 5.97 5.29
3.6 3.5 5.34 4.84
3.66 2.92 5.69 4.61
3.64 3.72 5.13 4.85
3.73 3.22 5.61 4.83
3.64 3.25 5.38 4.63
3.69 3.15 5.35 4.5
3.74 3.25 5.16 4.41
3.66 3.45 5.3 4.75
3.55 3.64 4.66 4.3
3.47 2.93 5.14 4.07
3.67 3.45 5.19 4.64
3.66 3.17 5.19 4.36
3.78 3.72 5.26 4.98
3.74 3.61 5.02 4.63
3.71 3.64 5.19 4.83
3.66 3.3 5.01 4.31
3.73 3.57 5.06 4.63
3.74 3.27 5.27 4.54
3.7 3.43 5.38 4.81
3.7 3.44 5.31 4.75
3.72 3.36 5.09 4.45
3.55 3.25 5.33 4.58
3.72 3.21 5.37 4.58
3.66 3.18 5.44 4.62
3.71 2.96 5.48 4.44
3.59 3.24 5.11 4.35
3.72 3.13 5.54 4.67
3.77 3.44 5.16 4.6
3.67 3.0 5.62 4.62
3.73 3.21 5.53 4.74
3.61 3.2 5.37 4.57
3.66 3.22 5.6 4.82
3.64 3.21 5.26 4.47
3.71 3.28 5.36 4.64
3.71 3.64 5.06 4.7
3.65 3.39 5.17 4.56
3.63 3.08 5.5 4.58
3.71 3.74 5.31 5.05
3.73 3.22 5.45 4.67
3.67 3.14 5.29 4.43
3.59 3.59 5.07 4.66
3.61 3.14 5.32 4.46
3.62 3.22 5.04 4.26
3.63 3.7 5.03 4.73
3.78 3.63 4.84 4.47
3.62 3.47 5.13 4.6
3.63 3.39 5.06 4.45
3.65 3.55 5.19 4.74
3.85 3.44 5.24 4.68
3.71 3.61 5.02 4.63
3.69 3.16 5.52 4.68
3.57 3.09 5.2 4.29
3.7 3.33 5.6 4.93
3.62 3.24 5.08 4.32
3.64 3.35 5.07 4.42
3.6 3.4 5.07 4.47
3.72 3.56 5.34 4.9
3.68 3.2 5.19 4.39
3.7 3.27 5.5 4.77
3.65 3.56 5.21 4.77
3.81 3.36 5.41 4.77
3.67 3.28 5.37 4.65
3.63 2.93 5.54 4.47
3.71 3.37 5.06 4.43
3.63 3.07 5.57 4.64
3.74 3.06 5.35 4.41
3.73 3.24 5.27 4.51
3.69 3.22 5.48 4.7
3.67 3.8 4.83 4.63
3.67 3.58 5.4 4.98
3.68 3.5 5.25 4.75
3.82 3.21 5.47 4.68
3.71 3.69 5.0 4.69
3.73 3.8 4.85 4.65
3.67 3.4 5.25 4.65
3.69 3.14 5.47 4.61
3.74 3.32 5.3 4.62
3.69 3.58 4.91 4.49
3.77 3.3 5.22 4.52
3.69 3.34 5.42 4.76
3.52 3.3 5.43 4.73
3.66 3.64 4.95 4.59
3.78 3.22 5.51 4.73
3.71 3.49 5.15 4.64
3.67 3.38 5.24 4.62
3.71 3.32 5.19 4.51
3.71 3.28 5.67 4.95
3.7 3.32 5.25 4.57
3.71 3.29 5.42 4.71
3.63 3.06 5.58 4.64
3.66 3.16 5.35 4.51
3.72 3.65 5.03 4.68
3.73 3.57 4.98 4.55
3.73 3.09 5.32 4.41
3.64 3.41 5.14 4.55
3.63 3.44 5.14 4.58
3.71 3.17 5.25 4.42
3.57 3.71 4.84 4.55
3.69 3.38 5.21 4.59
3.6 3.39 5.3 4.69
3.71 3.03 5.66 4.69
3.71 3.02 5.33 4.35
3.57 3.26 5.39 4.65
3.67 3.68 4.77 4.45
3.7 3.52 5.22 4.74
3.54 3.48 5.04 4.52
3.64 2.95 5.33 4.28
3.7 3.56 5.05 4.61
3.66 3.3 5.56 4.86
3.63 3.26 5.18 4.44
3.66 3.4 5.35 4.75
3.67 3.24 5.51 4.75
3.57 3.53 4.98 4.51
3.68 3.7 4.95 4.65
3.75 2.82 5.9 4.72
3.79 3.39 5.22 4.61
3.65 3.39 4.99 4.38
3.68 3.28 5.45 4.73
3.64 3.76 4.74 4.5
3.72 3.39 5.27 4.66
3.65 3.4 5.09 4.49
3.58 3.2 5.31 4.51
3.77 3.38 5.4 4.78
3.7 3.77 4.65 4.42
3.68 3.56 5.19 4.75
3.67 3.74 4.95 4.69
3.63 3.54 4.93 4.47
3.65 3.15 5.37 4.52
3.61 3.26 5.19 4.45
3.64 3.32 5.2 4.52
3.68 3.07 5.3 4.37
3.72 3.37 5.63 5.0
3.67 3.28 5.38 4.66
3.73 3.74 4.83 4.57
3.66 3.72 5.28 5.0
3.64 3.78 4.66 4.44
3.69 3.41 5.24 4.65
3.63 3.12 5.42 4.54
3.77 3.67 5.33 5.0
3.77 3.52 5.41 4.93
3.65 3.33 5.05 4.38
3.63 3.21 5.05 4.26
3.7 3.21 5.53 4.74
3.72 3.12 5.62 4.74
3.74 3.39 5.02 4.41
3.68 3.15 5.59 4.74
3.67 3.36 5.38 4.74
3.66 3.0 5.29 4.29
3.67 3.73 4.68 4.41
3.66 3.52 5.38 4.9
3.77 2.86 5.74 4.6
3.64 3.36 5.3 4.66
3.71 3.28 5.34 4.62
3.61 3.63 4.86 4.49
3.6 3.14 5.19 4.33
3.68 3.67 5.05 4.72
3.77 3.62 4.83 4.45
3.6 3.32 5.08 4.4
3.71 3.26 5.35 4.61
3.63 3.3 5.25 4.55
3.78 3.13 5.45 4.58
3.69 3.07 5.57 4.64
3.66 3.51 4.84 4.35
3.75 3.49 5.05 4.54
3.65 3.26 5.26 4.52
3.78 3.18 5.45 4.63
3.64 3.06 5.51 4.57
3.64 3.31 5.56 4.87
3.67 3.12 5.61 4.73
3.74 3.52 5.0 4.52
3.55 2.87 5.42 4.29
3.74 3.18 5.67 4.85
3.62 3.89 4.58 4.47
3.71 3.38 5.25 4.63
3.67 3.39 5.1 4.49
3.64 3.13 5.42 4.55
3.65 3.3 5.36 4.66
3.64 3.23 5.39 4.62
3.73 3.19 5.34 4.53
3.69 2.86 5.51 4.37
3.77 3.64 5.44 5.08
3.75 3.64 5.16 4.8
3.68 3.13 5.45 4.58
3.75 3.0 5.65 4.65
3.66 3.58 5.01 4.59
3.78 3.26 5.3 4.56
3.79 3.41 5.33 4.74
3.78 3.33 5.3 4.63
3.66 3.07 5.28 4.35
3.67 3.25 5.25 4.5
3.62 3.42 5.1 4.52
3.74 3.01 5.54 4.55
3.74 3.23 5.45 4.68
3.66 3.45 5.31 4.76
3.73 3.53 5.08 4.61
3.7 3.62 5.01 4.63
3.79 3.3 5.28 4.58
3.72 3.65 5.18 4.83
3.63 3.12 5.41 4.53
3.71 4.0 4.42 4.42
3.65 3.63 5.24 4.87
3.73 3.49 5.3 4.79
3.71 3.47 5.0 4.47
3.76 3.07 5.52 4.59
3.78 3.28 5.62 4.9
3.68 3.62 4.99 4.61
3.81 3.55 5.41 4.96
3.71 3.73 5.0 4.73
3.66 3.19 5.36 4.55
3.63 3.81 4.66 4.47
3.8 3.78 5.39 5.17
3.71 3.11 5.32 4.43
3.71 3.23 5.33 4.56
3.74 3.27 5.49 4.76
3.83 3.22 5.52 4.74
3.64 3.38 5.09 4.47
3.69 3.27 5.35 4.62
3.72 3.26 5.13 4.39
3.75 3.14 5.26 4.4
3.74 3.37 5.53 4.9
3.63 3.12 5.43 4.55
3.64 3.75 4.75 4.5
3.68 2.93 5.48 4.41
3.64 3.46 4.88 4.34
3.71 3.36 5.09 4.45
3.56 3.24 5.25 4.49
3.58 3.22 5.1 4.32
3.78 3.19 5.52 4.71
3.71 3.53 5.23 4.76
3.73 3.37 5.32 4.69
3.77 3.21 5.55 4.76
3.7 3.44 5.23 4.67
3.65 3.73 5.04 4.77
3.61 3.36 5.05 4.41
3.74 3.31 5.43 4.74
3.74 3.41 5.42 4.83
3.6 3.4 5.18 4.58
3.75 3.2 5.56 4.76
3.76 3.2 5.21 4.41
3.64 3.43 5.14 4.57
3.81 3.41 5.29 4.7
3.72 3.45 4.93 4.38
3.76 3.32 5.24 4.56
3.74 3.23 5.22 4.45
3.77 3.34 5.12 4.46
3.74 3.3 5.05 4.35
3.72 3.13 5.46 4.59
3.71 3.11 5.4 4.51
3.72 3.47 5.25 4.72
3.78 3.13 5.55 4.68
3.71 3.72 4.98 4.7
3.71 3.51 4.86 4.37
3.76 3.06 5.53 4.59
3.71 3.86 4.71 4.57
3.7 3.29 5.24 4.53
3.64 3.47 5.08 4.55
3.65 3.24 5.22 4.46
3.58 3.35 4.97 4.32
3.67 3.56 5.15 4.71
3.61 3.59 4.95 4.54
3.67 3.42 5.38 4.8
3.68 2.98 5.38 4.36
3.7 2.96 5.72 4.68
3.66 3.85 5.04 4.89
3.71 3.11 5.58 4.69
3.6 3.54 5.23 4.77
3.65 3.54 4.87 4.41
3.7 3.31 5.43 4.74
3.59 3.54 4.84 4.38
3.65 3.18 5.44 4.62
3.64 3.32 5.24 4.56
3.63 3.14 5.48 4.62
3.67 3.26 5.24 4.5
3.72 3.32 5.38 4.7
3.75 3.06 5.78 4.84
3.66 3.49 5.14 4.63
3.75 3.55 5.26 4.81
3.72 3.19 5.81 5.0
3.68 3.2 5.75 4.95
3.66 3.76 4.82 4.58
3.68 3.18 5.46 4.64
3.69 3.62 5.15 4.77
3.76 3.2 5.26 4.46
3.63 3.47 5.35 4.82
3.73 3.3 5.07 4.37
3.65 3.14 5.44 4.58
3.61 3.7 4.63 4.33
3.76 3.4 5.45 4.85
3.76 3.95 4.76 4.71
3.68 3.33 5.16 4.49
3.79 3.29 5.18 4.47
3.7 3.42 5.24 4.66
3.59 3.06 5.5 4.56
3.6 3.41 5.15 4.56
3.65 3.19 5.32 4.51
3.63 3.67 4.95 4.62
3.73 3.56 5.51 5.07
3.72 3.04 5.21 4.25
3.62 3.53 5.07 4.6
3.66 3.26 5.16 4.42
3.59 3.34 5.17 4.51
3.73 3.55 5.07 4.62
3.5 3.57 4.69 4.26
3.65 3.52 5.45 4.97
3.69 3.29 5.21 4.5
3.68 3.53 4.97 4.5
3.68 3.46 5.16 4.62
3.65 3.48 5.41 4.89
3.76 3.05 5.7 4.75
3.7 3.14 5.39 4.53
3.7 3.58 4.84 4.42
3.71 3.12 5.53 4.65
3.63 3.27 5.73 5.0
3.66 3.0 5.69 4.69
3.65 3.16 5.52 4.68
3.65 3.27 5.05 4.32
3.78 3.44 4.94 4.38
3.72 3.32 5.36 4.68
3.59 3.49 5.05 4.54
3.76 3.15 5.44 4.59
3.68 2.96 5.54 4.5
3.69 3.36 5.18 4.54
3.64 2.83 5.49 4.32
3.57 3.47 4.95 4.42
3.69 3.33 5.42 4.75
3.76 3.37 5.33 4.7
3.78 3.32 5.32 4.64
3.62 3.21 5.37 4.58
3.71 3.41 5.36 4.77
3.76 3.06 6.03 5.09
3.71 3.31 5.43 4.74
3.61 3.44 5.28 4.72
3.59 3.23 5.3 4.53
3.71 3.74 4.75 4.49
3.72 3.24 5.4 4.64
3.64 3.45 5.04 4.49
3.63 3.62 4.98 4.6
3.71 3.45 5.15 4.6
3.74 3.46 5.28 4.74
3.7 3.69 5.18 4.87
3.61 3.23 5.23 4.46
3.65 3.5 5.01 4.51
3.63 3.52 4.7 4.22
3.65 3.95 4.75 4.7
3.74 3.66 5.03 4.69
3.71 3.65 4.84 4.49
3.63 3.36 5.05 4.41
3.73 3.33 5.54 4.87
3.61 3.4 4.94 4.34
3.7 3.18 5.37 4.55
3.69 3.49 5.14 4.63
3.7 3.6 5.07 4.67
3.66 4.09 4.9 4.99
3.69 3.81 5.13 4.94
3.62 3.33 5.2 4.53
3.55 3.47 4.83 4.3
3.83 4.01 4.98 4.99
3.58 3.26 5.6 4.86
3.52 3.49 4.63 4.12
3.66 3.28 5.18 4.46
3.68 3.27 5.15 4.42
3.58 2.99 5.46 4.45
3.69 3.27 5.17 4.44
3.71 3.3 5.32 4.62
3.68 3.53 5.1 4.63
3.61 3.53 5.23 4.76
3.65 3.61 5.01 4.62
3.58 3.56 5.04 4.6
3.57 3.53 5.05 4.58
3.74 3.18 5.12 4.3
3.56 3.61 5.1 4.71
3.62 3.5 4.86 4.36
3.76 3.32 5.35 4.67
3.66 3.18 5.42 4.6
3.56 3.76 4.79 4.55
3.62 3.5 5.02 4.52
3.8 3.04 5.71 4.75
3.6 3.38 5.14 4.52
3.75 3.65 4.94 4.59
3.78 3.69 5.14 4.83
3.71 3.22 5.31 4.53
3.58 3.3 5.29 4.59
3.72 3.15 5.24 4.39
3.7 3.11 5.52 4.63
3.53 3.41 5.04 4.45
3.74 3.38 5.25 4.63
3.74 3.48 5.13 4.61
3.67 3.35 5.29 4.64
3.65 3.64 4.89 4.53
3.67 3.68 4.96 4.64
3.67 3.35 5.09 4.44
3.62 3.22 5.2 4.42
3.75 3.37 5.52 4.89
3.76 3.41 5.43 4.84
3.69 3.06 5.55 4.61
3.68 3.57 5.09 4.66
3.63 3.12 5.35 4.47
3.6 3.35 5.28 4.63
3.63 3.56 5.06 4.62
3.73 3.48 4.95 4.43
3.74 3.33 5.5 4.83
3.65 3.58 4.96 4.54
3.42 3.22 5.03 4.25
3.64 3.48 4.97 4.45
3.68 3.27 5.52 4.79
3.64 3.53 5.07 4.6
3.71 3.17 5.28 4.45
3.71 3.4 5.4 4.8
3.59 3.13 5.37 4.5
3.67 3.65 4.74 4.39
3.63 3.32 5.6 4.92
3.89 3.56 5.4 4.96
3.78 2.74 5.92 4.66
3.75 3.05 5.52 4.57
3.8 3.11 5.64 4.75
3.73 3.46 5.33 4.79
3.71 3.56 5.13 4.69
3.68 3.24 5.33 4.57
3.72 3.54 5.29 4.83
3.62 3.21 5.25 4.46
3.66 3.63 4.71 4.34
3.64 3.75 5.08 4.83
3.61 3.43 5.15 4.58
3.65 2.88 5.54 4.42
3.68 3.66 5.07 4.73
3.61 3.43 4.98 4.41
3.63 3.64 4.83 4.47
3.73 3.43 5.18 4.61
3.65 3.3 4.98 4.28
3.63 3.34 4.98 4.32
3.76 3.26 5.41 4.67
3.75 3.78 4.76 4.54
3.64 3.37 5.35 4.72
3.66 3.29 5.34 4.63
3.72 3.05 5.53 4.58
3.73 3.28 5.49 4.77
3.66 3.15 5.34 4.49
3.69 3.27 5.23 4.5
3.74 3.39 5.33 4.72
3.6 3.5 4.92 4.42
3.62 3.09 5.42 4.51
3.66 3.27 5.31 4.58
3.63 3.28 5.33 4.61
3.69 3.44 5.3 4.74
3.76 3.31 5.44 4.75
3.64 3.08 5.41 4.49
3.68 3.14 5.47 4.61
3.8 3.62 5.16 4.78
3.64 3.31 5.23 4.54
3.55 3.31 5.08 4.39
3.72 3.25 5.22 4.47
3.62 3.43 5.11 4.54
3.66 3.18 5.44 4.62
3.74 3.62 5.13 4.75
3.7 3.52 5.35 4.87
3.54 4.06 4.55 4.61
3.72 3.44 5.18 4.62
3.77 3.6 5.38 4.98
3.74 3.19 5.6 4.79
3.63 3.41 5.47 4.88
3.7 3.1 5.35 4.45
3.71 3.44 5.55 4.99
3.62 3.33 5.28 4.61
3.58 3.4 5.03 4.43
3.72 3.64 4.98 4.62
3.68 3.68 4.89 4.57
3.78 3.27 5.49 4.76
3.65 3.05 5.5 4.55
3.7 2.94 5.87 4.81
3.6 3.4 5.32 4.72
3.79 3.2 5.46 4.66
3.55 3.05 5.06 4.11
3.79 3.44 5.36 4.8
3.67 3.64 4.99 4.63
3.75 3.09 5.61 4.7
3.69 3.39 5.08 4.47
3.73 3.39 5.27 4.66
3.62 3.33 5.09 4.42
3.61 3.11 5.72 4.83
3.69 3.1 5.43 4.53
3.68 3.55 5.23 4.78
3.63 3.41 5.0 4.41
3.64 3.29 5.23 4.52
3.7 3.64 5.07 4.71
3.73 3.44 5.33 4.77
3.76 3.68 4.61 4.29
3.77 3.57 5.14 4.71
3.77 3.33 4.95 4.28
3.64 3.41 5.15 4.56
3.71 3.49 5.1 4.59
3.59 3.23 5.27 4.5
3.65 3.12 5.46 4.58
3.7 3.61 4.82 4.43
3.71 3.24 5.63 4.87
3.7 3.23 5.43 4.66
3.6 3.65 5.28 4.93
3.72 3.4 5.3 4.7
3.6 3.73 5.21 4.94
3.66 3.35 5.0 4.35
3.72 3.7 5.05 4.75
3.61 3.02 5.46 4.48
3.69 3.46 5.35 4.81
3.71 3.03 5.85 4.88
3.56 3.21 5.11 4.32
3.69 3.4 5.11 4.51
3.57 3.3 5.28 4.58
3.56 3.5 4.79 4.29
3.69 3.26 5.15 4.41
3.67 3.4 5.1 4.5
3.64 3.49 4.98 4.47
3.72 3.21 5.35 4.56
3.7 3.05 5.49 4.54
3.75 3.22 5.77 4.99
3.68 3.55 4.96 4.51
3.66 3.27 5.29 4.56
3.67 3.57 5.13 4.7
3.73 2.93 5.91 4.84
3.77 3.44 4.93 4.37
3.58 2.97 5.32 4.29
3.66 3.2 5.45 4.65
3.6 3.23 5.37 4.6
3.65 3.3 5.03 4.33
3.69 3.2 5.47 4.67
3.66 3.49 4.83 4.32
3.81 3.52 5.5 5.02
3.66 3.29 5.39 4.68
3.71 3.2 5.36 4.56
3.74 3.48 4.94 4.42
3.66 3.61 4.69 4.3
3.63 3.07 5.38 4.45
3.68 3.96 5.07 5.03
3.58 3.33 4.94 4.27
3.74 3.7 5.02 4.72
3.63 3.33 5.01 4.34
3.68 3.55 5.18 4.73
3.53 3.41 5.17 4.58
3.58 3.08 5.43 4.51
3.83 3.19 5.62 4.81
3.63 3.76 4.82 4.58
3.73 3.45 5.55 5.0
3.55 3.31 5.17 4.48
3.63 3.09 5.32 4.41
3.73 3.41 5.3 4.71
3.73 3.54 5.33 4.87
3.55 3.26 5.26 4.52
3.62 3.32 5.0 4.32
3.74 3.08 5.85 4.93
3.76 3.5 5.03 4.53
3.66 3.09 5.89 4.98
3.62 3.5 5.16 4.66
3.67 3.2 5.37 4.57
3.7 3.6 5.38 4.98
3.71 3.49 5.56 5.05
3.72 3.3 5.17 4.47
3.71 3.08 5.35 4.43
3.75 3.54 5.19 4.73
3.64 3.57 5.13 4.7
3.85 3.11 5.68 4.79
3.73 3.15 5.75 4.9
3.69 3.43 5.01 4.44
3.59 3.46 4.6 4.06
3.64 3.08 5.25 4.33
3.7 3.24 5.32 4.56
3.69 3.48 5.23 4.71
3.7 3.32 5.2 4.52
3.62 3.82 4.91 4.73
3.58 3.37 5.06 4.43
3.59 3.76 4.85 4.61
3.69 3.14 5.38 4.52
3.75 3.34 5.18 4.52
3.61 3.73 4.76 4.49
3.72 3.16 5.55 4.71
3.73 3.58 4.97 4.55
3.64 3.34 5.1 4.44
3.72 3.61 5.23 4.84
3.64 3.24 5.17 4.41
3.76 3.38 5.36 4.74
3.63 3.2 5.25 4.45
3.76 3.18 5.17 4.35
3.7 3.51 5.24 4.75
3.65 3.16 5.39 4.55
3.77 3.3 5.49 4.79
3.75 2.98 5.8 4.78
3.61 3.21 5.46 4.67
3.63 3.43 5.31 4.74
3.69 3.22 5.26 4.48
3.67 3.67 4.8 4.47
3.75 3.9 5.02 4.92
3.7 3.27 5.66 4.93
3.67 3.27 5.37 4.64
3.69 2.94 5.9 4.84
3.73 3.22 5.44 4.66
3.65 3.42 5.43 4.85
3.6 3.49 5.31 4.8
3.71 3.58 4.91 4.49
3.59 3.54 4.79 4.33
3.59 3.67 4.67 4.34
3.69 3.19 5.64 4.83
3.71 3.41 5.5 4.91
3.64 2.92 5.5 4.42
3.7 3.35 5.14 4.49
3.76 3.17 5.32 4.49
3.76 2.93 5.62 4.55
3.62 3.4 5.14 4.54
3.79 3.26 5.6 4.86
3.74 3.48 4.95 4.43
3.67 3.27 5.08 4.35
3.59 3.41 5.38 4.79
3.67 3.45 4.9 4.35
3.78 3.31 5.29 4.6
3.67 3.48 5.4 4.88
3.64 3.46 5.37 4.83
3.75 3.3 5.55 4.85
3.8 3.33 5.82 5.15
3.77 3.28 5.49 4.77
3.65 3.21 5.43 4.64
3.61 3.4 5.1 4.5
3.63 3.48 4.96 4.44
3.71 3.5 5.02 4.52
3.71 3.43 5.26 4.69
3.73 3.78 5.14 4.92
3.76 3.44 5.08 4.52
3.7 3.3 5.35 4.65
3.66 3.63 4.77 4.4
3.7 3.41 5.31 4.72
3.73 3.36 5.09 4.45
3.72 3.18 5.42 4.6
3.69 3.47 5.02 4.49
3.69 3.02 5.48 4.5
3.65 3.26 5.3 4.56
3.63 3.35 5.17 4.52
3.79 3.27 5.45 4.72
3.66 3.94 4.75 4.69
3.64 3.34 5.25 4.59
3.66 3.56 5.27 4.83
3.58 3.48 5.13 4.61
3.66 3.42 5.32 4.74
3.65 3.5 5.0 4.5
3.68 3.6 4.71 4.31
3.62 3.68 4.87 4.55
3.72 3.38 5.21 4.59
3.68 2.95 5.75 4.7
3.68 3.47 5.35 4.82
3.71 3.56 5.15 4.71
3.78 3.73 4.97 4.7
3.69 3.15 5.09 4.24
3.73 3.43 5.02 4.45
3.69 3.4 5.26 4.66
3.72 3.13 5.79 4.92
3.65 3.36 5.19 4.55
3.68 3.33 5.0 4.33
3.68 3.69 5.16 4.85
3.56 3.28 5.21 4.49
3.7 3.22 5.4 4.62
3.67 3.28 5.43 4.71
3.67 3.34 5.35 4.69
3.71 3.33 5.22 4.55
3.72 3.52 4.97 4.49
3.59 3.58 5.0 4.58
3.79 3.22 5.46 4.68
3.68 3.24 5.34 4.58
3.67 3.53 5.24 4.77
3.7 3.25 5.49 4.74
3.74 3.63 4.85 4.48
3.7 3.48 5.31 4.79
3.64 2.95 5.57 4.52
3.72 3.35 5.21 4.56
3.7 3.17 5.23 4.4
3.69 3.16 5.59 4.75
3.64 3.15 5.58 4.73
3.69 3.24 5.64 4.88
3.71 3.39 5.3 4.69
3.61 3.64 4.85 4.49
3.74 3.16 5.48 4.64
3.69 3.61 5.08 4.69
3.75 3.5 5.46 4.96
3.78 3.36 5.28 4.64
3.76 3.27 5.33 4.6
3.73 3.3 5.07 4.37
3.66 3.43 5.06 4.49
3.8 3.33 5.57 4.9
3.73 3.06 5.65 4.71
3.66 3.46 4.93 4.39
3.6 3.42 4.92 4.34
3.68 3.59 5.19 4.78
3.71 3.36 5.37 4.73
3.77 3.12 5.73 4.85
3.7 3.61 4.79 4.4
3.74 3.56 4.75 4.31
3.71 3.11 5.46 4.57
3.73 3.74 4.72 4.46
3.65 3.05 5.76 4.81
3.64 3.2 5.46 4.66
3.68 3.16 5.5 4.66
3.67 3.46 5.15 4.61
3.65 3.82 4.8 4.62
3.68 3.26 5.35 4.61
3.66 3.43 5.16 4.59
3.71 3.15 5.34 4.49
3.65 3.41 5.18 4.59
3.67 3.26 5.23 4.49
3.68 3.5 4.84 4.34
3.71 3.53 4.91 4.44
3.75 3.48 5.23 4.71
3.65 3.37 4.95 4.32
3.57 3.3 5.23 4.53
3.69 3.35 5.33 4.68
3.62 3.28 5.33 4.61
3.69 3.55 4.98 4.53
3.78 3.36 5.04 4.4
3.68 3.38 5.34 4.72
3.64 3.4 5.11 4.51
3.63 3.17 5.36 4.53
3.72 3.37 5.52 4.89
3.69 3.35 5.17 4.52
3.72 3.49 5.23 4.72
3.68 3.32 5.14 4.46
3.68 3.31 5.31 4.62
3.61 3.43 4.93 4.36
3.72 3.14 5.56 4.7
3.72 3.32 5.53 4.85
3.64 3.6 4.96 4.56
3.84 3.49 5.26 4.75
3.65 3.39 4.96 4.35
3.7 3.69 5.13 4.82
3.55 3.19 5.37 4.56
3.65 3.44 4.99 4.43
3.73 3.37 5.31 4.68
3.67 3.37 5.26 4.63
3.87 3.28 5.58 4.86
3.63 3.68 4.95 4.63
3.68 3.23 5.38 4.61
3.72 3.22 5.63 4.85
3.67 3.52 4.96 4.48
3.77 3.29 5.42 4.71
3.63 3.11 5.25 4.36
3.7 2.98 5.43 4.41
3.66 3.24 5.04 4.28
3.66 3.45 5.13 4.58
3.63 3.46 5.1 4.56
3.63 3.17 5.23 4.4
3.66 3.27 5.23 4.5
3.79 3.26 5.62 4.88
3.72 3.5 5.32 4.82
3.81 3.3 5.45 4.75
3.63 3.36 5.05 4.41
3.76 3.44 5.34 4.78
3.7 3.45 5.18 4.63
3.74 3.48 5.19 4.67
3.76 3.55 5.08 4.63
3.69 3.3 5.54 4.84
3.67 3.54 5.31 4.85
3.69 3.77 4.99 4.76
3.46 3.74 5.03 4.77
3.82 3.49 5.56 5.05
3.77 3.2 5.6 4.8
3.63 3.18 5.19 4.37
3.66 3.35 5.17 4.52
3.69 3.39 5.04 4.43
3.72 3.47 5.15 4.62
3.65 3.41 5.11 4.52
3.68 3.42 5.22 4.64
3.62 3.34 5.41 4.75
3.66 3.28 5.19 4.47
3.71 3.61 5.11 4.72
3.65 3.36 4.77 4.13
3.71 3.3 5.61 4.91
3.71 3.19 5.75 4.94
3.68 3.25 5.52 4.77
3.67 3.32 5.23 4.55
3.69 3.39 5.28 4.67
3.7 3.18 5.61 4.79
3.7 3.29 5.52 4.81
3.683392 3.362312 5.248302 4.610614
