1.76 1.98 2.6 1.58
1.83 2.02 2.45 1.47
1.82 1.92 2.55 1.47
1.77 1.78 2.65 1.43
1.76 1.92 2.55 1.47
1.71 1.75 2.83 1.58
1.72 1.74 2.76 1.5
1.8 1.94 2.54 1.48
1.8 1.83 2.69 1.52
1.73 1.88 2.61 1.49
1.72 1.94 2.61 1.55
1.7 1.77 2.67 1.44
1.76 1.92 2.56 1.48
1.78 1.89 2.6 1.49
1.73 1.8 2.7 1.5
1.81 1.86 2.51 1.37
1.87 1.93 2.64 1.57
1.78 2.05 2.55 1.6
1.73 1.98 2.55 1.53
1.79 1.82 2.75 1.57
1.77 1.86 2.7 1.56
1.75 1.95 2.57 1.52
1.74 1.89 2.61 1.5
1.74 1.87 2.67 1.54
1.67 2.03 2.55 1.58
1.79 1.97 2.53 1.5
1.74 1.88 2.54 1.42
1.73 1.88 2.7 1.58
1.78 2.08 2.54 1.62
1.74 1.84 2.62 1.46
1.76 2.01 2.5 1.51
1.83 2.07 2.45 1.52
1.81 2.02 2.48 1.5
1.74 1.78 2.66 1.44
1.76 1.85 2.66 1.51
1.78 1.93 2.49 1.42
1.73 1.95 2.64 1.59
1.8 1.92 2.55 1.47
1.8 1.88 2.72 1.6
1.73 1.95 2.58 1.53
1.7 1.92 2.6 1.52
1.8 1.96 2.55 1.51
1.73 1.92 2.61 1.53
1.7 1.85 2.61 1.46
1.74 1.82 2.64 1.46
1.75 1.84 2.63 1.47
1.82 1.91 2.64 1.55
1.68 1.74 2.82 1.56
1.71 1.76 2.67 1.43
1.74 1.81 2.69 1.5
1.72 1.88 2.66 1.54
1.76 1.9 2.59 1.49
1.78 1.85 2.63 1.48
1.72 1.83 2.72 1.55
1.75 1.87 2.62 1.49
1.71 1.84 2.65 1.49
1.76 2.09 2.52 1.61
1.79 1.96 2.51 1.47
1.79 1.89 2.62 1.51
1.67 1.76 2.68 1.44
1.68 1.97 2.55 1.52
1.74 1.79 2.74 1.53
1.83 2.02 2.46 1.48
1.8 1.83 2.63 1.46
1.74 1.89 2.55 1.44
1.73 1.72 2.81 1.53
1.83 2.27 2.31 1.58
1.71 1.69 2.9 1.59
1.71 1.76 2.69 1.45
1.86 2.02 2.55 1.57
1.75 1.92 2.6 1.52
1.7 1.78 2.71 1.49
1.83 1.86 2.55 1.41
1.71 1.85 2.61 1.46
1.75 1.87 2.65 1.52
1.73 1.82 2.7 1.52
1.71 1.81 2.63 1.44
1.74 1.79 2.75 1.54
1.72 1.92 2.54 1.46
1.66 1.7 2.81 1.51
1.72 1.73 2.76 1.49
1.71 1.72 2.72 1.44
1.72 1.66 2.85 1.51
1.77 1.92 2.57 1.49
1.72 1.78 2.7 1.48
1.68 1.69 2.87 1.56
1.77 1.98 2.51 1.49
1.77 2.07 2.51 1.58
1.69 1.86 2.59 1.45
1.85 1.99 2.49 1.48
1.71 1.81 2.73 1.54
1.71 1.79 2.65 1.44
1.77 1.85 2.67 1.52
1.75 1.74 2.71 1.45
1.75 1.86 2.57 1.43
1.72 1.93 2.59 1.52
1.76 1.75 2.67 1.42
1.76 1.9 2.54 1.44
1.75 1.89 2.69 1.58
1.79 1.94 2.61 1.55
1.79 1.94 2.53 1.47
1.71 1.94 2.65 1.59
1.79 2.0 2.5 1.5
1.73 1.9 2.64 1.54
1.71 1.8 2.75 1.55
1.7 1.86 2.68 1.54
1.68 1.76 2.81 1.57
1.74 1.82 2.66 1.48
1.64 1.93 2.62 1.55
1.74 1.79 2.69 1.48
1.72 1.78 2.74 1.52
1.81 1.91 2.55 1.46
1.8 2.02 2.51 1.53
1.77 1.87 2.66 1.53
1.79 1.9 2.65 1.55
1.77 1.84 2.71 1.55
1.77 1.96 2.58 1.54
1.8 1.96 2.48 1.44
1.76 1.85 2.54 1.39
1.75 2.01 2.52 1.53
1.72 1.67 2.73 1.4
1.81 1.91 2.56 1.47
1.75 1.79 2.7 1.49
1.73 1.77 2.67 1.44
1.76 1.9 2.59 1.49
1.73 1.94 2.51 1.45
1.77 1.81 2.64 1.45
1.75 1.76 2.67 1.43
1.7 1.88 2.62 1.5
1.78 2.0 2.51 1.51
1.8 1.9 2.52 1.42
1.74 1.91 2.58 1.49
1.72 1.93 2.56 1.49
1.8 2.21 2.39 1.6
1.72 1.84 2.62 1.46
1.77 1.87 2.55 1.42
1.82 1.87 2.67 1.54
1.74 1.91 2.64 1.55
1.79 1.86 2.59 1.45
1.7 1.69 2.86 1.55
1.73 1.77 2.71 1.48
1.84 1.93 2.65 1.58
1.79 1.95 2.49 1.44
1.76 1.81 2.63 1.44
1.73 1.88 2.68 1.56
1.79 1.94 2.51 1.45
1.77 1.78 2.71 1.49
1.78 1.92 2.6 1.52
1.78 1.82 2.67 1.49
1.76 1.83 2.67 1.5
1.71 1.8 2.73 1.53
1.7 1.91 2.61 1.52
1.81 1.96 2.58 1.54
1.71 1.78 2.77 1.55
1.79 1.9 2.57 1.47
1.75 2.13 2.53 1.66
1.73 1.7 2.8 1.5
1.67 1.72 2.7 1.42
1.84 1.95 2.61 1.56
1.8 2.12 2.35 1.47
1.69 1.85 2.6 1.45
1.76 1.82 2.64 1.46
1.78 2.01 2.54 1.55
1.8 1.95 2.55 1.5
1.74 1.89 2.68 1.57
1.77 1.94 2.64 1.58
1.75 1.97 2.61 1.58
1.81 1.99 2.48 1.47
1.63 1.69 2.8 1.49
1.75 1.84 2.62 1.46
1.68 1.88 2.69 1.57
1.71 1.88 2.66 1.54
1.7 1.82 2.77 1.59
1.71 1.76 2.72 1.48
1.79 1.98 2.52 1.5
1.76 1.91 2.65 1.56
1.72 1.8 2.73 1.53
1.75 1.79 2.71 1.5
1.73 1.87 2.65 1.52
1.7 1.86 2.65 1.51
1.72 1.78 2.69 1.47
1.74 2.04 2.44 1.48
1.74 1.92 2.55 1.47
1.73 1.69 2.77 1.46
1.72 1.87 2.73 1.6
1.72 1.9 2.59 1.49
1.75 1.96 2.6 1.56
1.72 1.89 2.62 1.51
1.81 1.94 2.51 1.45
1.75 1.85 2.7 1.55
1.76 1.89 2.68 1.57
1.77 1.8 2.76 1.56
1.76 1.92 2.62 1.54
1.78 1.86 2.68 1.54
1.65 1.85 2.64 1.49
1.68 1.8 2.69 1.49
1.72 1.86 2.62 1.48
1.72 1.91 2.63 1.54
1.74 1.85 2.59 1.44
1.66 1.85 2.65 1.5
1.78 1.96 2.64 1.6
1.67 1.8 2.72 1.52
1.74 1.8 2.72 1.52
1.68 1.76 2.7 1.46
1.76 1.7 2.72 1.42
1.7 1.83 2.59 1.42
1.77 2.0 2.48 1.48
1.65 1.78 2.71 1.49
1.71 1.72 2.8 1.52
1.81 1.9 2.61 1.51
1.79 1.97 2.5 1.47
1.76 1.75 2.64 1.39
1.83 1.92 2.51 1.43
1.72 1.82 2.66 1.48
1.74 1.88 2.62 1.5
1.71 1.87 2.69 1.56
1.78 1.86 2.67 1.53
1.77 1.83 2.64 1.47
1.78 1.91 2.55 1.46
1.76 1.79 2.67 1.46
1.79 1.95 2.53 1.48
1.68 1.87 2.68 1.55
1.77 1.79 2.65 1.44
1.68 1.68 2.85 1.53
1.81 2.04 2.46 1.5
1.74 2.1 2.49 1.59
1.73 1.68 2.8 1.48
1.73 1.82 2.73 1.55
1.74 1.91 2.62 1.53
1.8 2.0 2.56 1.56
1.77 1.84 2.58 1.42
1.79 2.0 2.46 1.46
1.75 1.86 2.63 1.49
1.78 1.91 2.61 1.52
1.73 1.82 2.64 1.46
1.77 1.94 2.59 1.53
1.79 1.79 2.68 1.47
1.7 1.77 2.76 1.53
1.68 1.76 2.81 1.57
1.78 1.95 2.55 1.5
1.71 1.96 2.56 1.52
1.73 1.89 2.65 1.54
1.78 1.92 2.61 1.53
1.74 1.83 2.69 1.52
1.75 1.79 2.68 1.47
1.76 1.79 2.69 1.48
1.81 1.96 2.53 1.49
1.74 1.89 2.63 1.52
1.69 1.84 2.69 1.53
1.73 1.89 2.63 1.52
1.76 1.78 2.7 1.48
1.77 1.73 2.78 1.51
1.73 1.89 2.59 1.48
1.74 1.83 2.55 1.38
1.76 1.89 2.62 1.51
1.83 2.0 2.48 1.48
1.73 1.88 2.62 1.5
1.78 1.99 2.52 1.51
1.78 1.95 2.61 1.56
1.8 1.89 2.63 1.52
1.84 1.81 2.59 1.4
1.79 1.9 2.68 1.58
1.79 2.01 2.49 1.5
1.71 1.79 2.67 1.46
1.71 1.84 2.59 1.43
1.73 1.78 2.76 1.54
1.71 1.8 2.65 1.45
1.76 1.75 2.74 1.49
1.73 1.82 2.65 1.47
1.74 1.91 2.57 1.48
1.71 1.75 2.68 1.43
1.84 2.0 2.52 1.52
1.73 1.96 2.57 1.53
1.67 1.85 2.68 1.53
1.69 1.85 2.67 1.52
1.78 1.82 2.69 1.51
1.67 1.87 2.74 1.61
1.83 1.98 2.49 1.47
1.8 1.9 2.63 1.53
1.71 1.79 2.73 1.52
1.79 1.81 2.71 1.52
1.73 1.94 2.59 1.53
1.78 2.04 2.52 1.56
1.77 1.83 2.7 1.53
1.78 1.89 2.61 1.5
1.73 1.94 2.55 1.49
1.8 1.78 2.7 1.48
1.8 2.03 2.55 1.58
1.76 2.07 2.45 1.52
1.74 1.68 2.76 1.44
1.76 2.09 2.42 1.51
1.81 1.98 2.57 1.55
1.74 1.85 2.59 1.44
1.79 1.86 2.59 1.45
1.81 1.93 2.55 1.48
1.82 1.92 2.61 1.53
1.77 1.97 2.52 1.49
1.72 1.82 2.63 1.45
1.74 1.77 2.7 1.47
1.85 1.98 2.45 1.43
1.83 1.97 2.56 1.53
1.66 1.7 2.82 1.52
1.73 1.84 2.66 1.5
1.68 1.86 2.67 1.53
1.72 1.84 2.61 1.45
1.73 1.83 2.65 1.48
1.76 1.97 2.54 1.51
1.75 1.92 2.68 1.6
1.71 1.69 2.76 1.45
1.7 1.83 2.69 1.52
1.76 1.74 2.74 1.48
1.8 1.98 2.52 1.5
1.77 1.86 2.67 1.53
1.77 1.91 2.57 1.48
1.76 1.86 2.64 1.5
1.83 2.03 2.44 1.47
1.76 2.1 2.48 1.58
1.69 1.78 2.7 1.48
1.8 1.91 2.65 1.56
1.72 1.8 2.63 1.43
1.68 1.7 2.83 1.53
1.73 1.94 2.5 1.44
1.71 1.88 2.59 1.47
1.79 1.94 2.57 1.51
1.77 1.92 2.58 1.5
1.69 1.61 2.82 1.43
1.68 1.72 2.76 1.48
1.74 1.93 2.58 1.51
1.78 1.87 2.57 1.44
1.81 2.05 2.5 1.55
1.77 1.87 2.66 1.53
1.74 1.93 2.63 1.56
1.82 1.93 2.62 1.55
1.72 1.69 2.72 1.41
1.7 1.86 2.71 1.57
1.77 1.86 2.62 1.48
1.76 1.93 2.52 1.45
1.72 1.83 2.66 1.49
1.73 1.96 2.64 1.6
1.75 1.92 2.56 1.48
1.73 1.82 2.65 1.47
1.75 1.82 2.64 1.46
1.77 1.76 2.69 1.45
1.75 1.84 2.66 1.5
1.7 1.96 2.57 1.53
1.72 1.77 2.62 1.39
1.75 1.81 2.67 1.48
1.76 1.94 2.53 1.47
1.8 1.88 2.6 1.48
1.77 2.09 2.44 1.53
1.84 1.95 2.57 1.52
1.75 1.94 2.52 1.46
1.69 1.78 2.63 1.41
1.8 2.03 2.55 1.58
1.76 1.9 2.55 1.45
1.72 1.83 2.68 1.51
1.74 1.91 2.55 1.46
1.74 1.95 2.58 1.53
1.81 1.75 2.73 1.48
1.73 1.82 2.71 1.53
1.79 2.09 2.51 1.6
1.74 1.84 2.66 1.5
1.8 1.9 2.56 1.46
1.74 1.81 2.63 1.44
1.82 2.08 2.49 1.57
1.74 1.91 2.57 1.48
1.76 1.81 2.7 1.51
1.79 1.73 2.75 1.48
1.75 1.89 2.63 1.52
1.66 1.8 2.71 1.51
1.74 1.98 2.55 1.53
1.77 1.89 2.58 1.47
1.7 1.78 2.67 1.45
1.79 1.92 2.7 1.62
1.74 1.9 2.63 1.53
1.79 1.84 2.56 1.4
1.86 1.88 2.62 1.5
1.78 2.0 2.48 1.48
1.75 1.8 2.64 1.44
1.81 2.15 2.4 1.55
1.74 1.81 2.68 1.49
1.8 2.05 2.4 1.45
1.83 1.8 2.58 1.38
1.7 1.75 2.72 1.47
1.76 1.95 2.56 1.51
1.75 1.93 2.61 1.54
1.77 2.02 2.49 1.51
1.78 1.93 2.51 1.44
1.76 1.87 2.63 1.5
1.79 1.82 2.7 1.52
1.71 1.78 2.71 1.49
1.75 1.87 2.58 1.45
1.81 2.0 2.53 1.53
1.76 1.9 2.57 1.47
1.79 1.84 2.68 1.52
1.76 1.9 2.58 1.48
1.72 1.98 2.54 1.52
1.74 1.74 2.7 1.44
1.74 1.93 2.6 1.53
1.7 1.62 2.88 1.5
1.78 2.04 2.46 1.5
1.78 1.97 2.59 1.56
1.83 2.0 2.47 1.47
1.8 2.06 2.4 1.46
1.78 1.92 2.61 1.53
1.78 1.97 2.44 1.41
1.71 1.81 2.72 1.53
1.77 1.9 2.6 1.5
1.68 1.68 2.8 1.48
1.79 1.93 2.62 1.55
1.71 1.93 2.64 1.57
1.82 1.94 2.56 1.5
1.83 2.03 2.43 1.46
1.71 2.03 2.48 1.51
1.81 1.89 2.55 1.44
1.7 1.78 2.7 1.48
1.77 1.9 2.56 1.46
1.78 1.88 2.69 1.57
1.7 1.87 2.63 1.5
1.85 1.86 2.58 1.44
1.71 1.83 2.68 1.51
1.77 1.92 2.59 1.51
1.75 1.84 2.7 1.54
1.82 1.86 2.64 1.5
1.74 1.8 2.72 1.52
1.71 1.65 2.85 1.5
1.73 1.93 2.62 1.55
1.75 2.04 2.46 1.5
1.79 1.95 2.5 1.45
1.7 1.82 2.66 1.48
1.72 1.8 2.73 1.53
1.76 1.89 2.57 1.46
1.77 1.89 2.61 1.5
1.77 1.88 2.62 1.5
1.8 2.0 2.5 1.5
1.78 1.9 2.6 1.5
1.8 1.91 2.62 1.53
1.72 1.86 2.57 1.43
1.74 1.64 2.92 1.56
1.75 1.77 2.65 1.42
1.72 1.99 2.54 1.53
1.75 1.91 2.57 1.48
1.78 1.9 2.58 1.48
1.77 1.96 2.47 1.43
1.74 1.84 2.72 1.56
1.72 1.77 2.69 1.46
1.74 1.79 2.74 1.53
1.77 1.81 2.67 1.48
1.77 1.91 2.63 1.54
1.8 1.96 2.58 1.54
1.71 1.78 2.67 1.45
1.72 1.94 2.64 1.58
1.69 1.86 2.64 1.5
1.81 1.93 2.57 1.5
1.69 1.8 2.75 1.55
1.85 2.14 2.37 1.51
1.8 1.9 2.65 1.55
1.78 1.88 2.68 1.56
1.77 1.82 2.74 1.56
1.71 1.87 2.62 1.49
1.72 1.93 2.69 1.62
1.73 1.94 2.56 1.5
1.75 1.78 2.68 1.46
1.77 1.94 2.55 1.49
1.82 2.04 2.49 1.53
1.75 1.89 2.59 1.48
1.78 1.94 2.62 1.56
1.77 1.93 2.53 1.46
1.68 1.71 2.84 1.55
1.78 2.02 2.48 1.5
1.69 1.81 2.67 1.48
1.83 2.09 2.46 1.55
1.78 1.86 2.64 1.5
1.75 1.78 2.66 1.44
1.69 1.71 2.78 1.49
1.77 1.87 2.67 1.54
1.69 1.65 2.9 1.55
1.7 1.78 2.75 1.53
1.69 1.72 2.7 1.42
1.63 1.74 2.77 1.51
1.71 1.93 2.61 1.54
1.84 1.97 2.48 1.45
1.69 1.77 2.71 1.48
1.77 1.85 2.61 1.46
1.78 1.86 2.52 1.38
1.72 1.87 2.65 1.52
1.76 1.91 2.6 1.51
1.78 1.78 2.66 1.44
1.78 2.07 2.43 1.5
1.73 1.77 2.75 1.52
1.75 2.03 2.54 1.57
1.72 1.7 2.69 1.39
1.79 1.98 2.44 1.42
1.83 1.9 2.7 1.6
1.76 1.83 2.62 1.45
1.84 1.72 2.77 1.49
1.74 1.83 2.65 1.48
1.71 1.9 2.61 1.51
1.69 1.83 2.75 1.58
1.75 1.94 2.56 1.5
1.76 1.8 2.7 1.5
1.74 1.96 2.6 1.56
1.74 1.92 2.57 1.49
1.69 1.91 2.62 1.53
1.69 1.74 2.74 1.48
1.69 1.75 2.7 1.45
1.72 1.95 2.64 1.59
1.78 1.72 2.8 1.52
1.81 1.86 2.6 1.46
1.73 1.75 2.65 1.4
1.82 1.91 2.59 1.5
1.76 2.08 2.46 1.54
1.64 1.8 2.83 1.63
1.79 1.98 2.54 1.52
1.75 1.86 2.66 1.52
1.71 1.74 2.66 1.4
1.75 1.79 2.68 1.47
1.73 1.88 2.71 1.59
1.68 1.89 2.7 1.59
1.75 1.91 2.68 1.59
1.8 1.83 2.64 1.47
1.71 1.81 2.79 1.6
1.74 1.78 2.73 1.51
1.72 1.74 2.75 1.49
1.69 1.82 2.68 1.5
1.77 2.04 2.41 1.45
1.71 1.82 2.69 1.51
1.71 1.72 2.72 1.44
1.71 1.89 2.61 1.5
1.78 1.9 2.69 1.59
1.76 1.9 2.68 1.58
1.75 1.85 2.64 1.49
1.63 1.66 2.83 1.49
1.8 1.94 2.5 1.44
1.7 1.84 2.7 1.54
1.69 1.59 2.91 1.5
1.71 1.9 2.63 1.53
1.77 1.85 2.62 1.47
1.69 1.9 2.59 1.49
1.66 1.87 2.75 1.62
1.75 1.77 2.77 1.54
1.69 1.83 2.61 1.44
1.69 1.8 2.66 1.46
1.76 1.84 2.66 1.5
1.79 1.85 2.65 1.5
1.78 1.95 2.5 1.45
1.7 1.9 2.53 1.43
1.77 2.02 2.56 1.58
1.76 1.93 2.55 1.48
1.81 2.06 2.48 1.54
1.73 2.0 2.53 1.53
1.75 1.87 2.65 1.52
1.74 1.71 2.84 1.55
1.75 1.81 2.64 1.45
1.75 2.06 2.5 1.56
1.76 1.93 2.56 1.49
1.79 2.05 2.48 1.53
1.77 1.88 2.66 1.54
1.76 1.98 2.51 1.49
1.81 2.06 2.36 1.42
1.77 2.09 2.5 1.59
1.71 1.76 2.77 1.53
1.72 1.74 2.78 1.52
1.71 1.66 2.83 1.49
1.73 1.96 2.55 1.51
1.84 2.04 2.49 1.53
1.74 1.97 2.58 1.55
1.77 1.95 2.62 1.57
1.75 1.78 2.69 1.47
1.75 1.7 2.87 1.57
1.76 1.84 2.62 1.46
1.73 1.89 2.62 1.51
1.8 1.85 2.63 1.48
1.73 1.81 2.65 1.46
1.72 1.79 2.73 1.52
1.73 1.78 2.67 1.45
1.77 1.74 2.71 1.45
1.77 2.07 2.4 1.47
1.74 1.79 2.71 1.5
1.76 1.99 2.47 1.46
1.77 1.93 2.51 1.44
1.8 1.89 2.66 1.55
1.75 1.85 2.57 1.42
1.74 2.14 2.33 1.47
1.81 1.97 2.51 1.48
1.68 1.76 2.64 1.4
1.73 2.02 2.53 1.55
1.68 1.82 2.72 1.54
1.72 1.71 2.9 1.61
1.71 1.83 2.66 1.49
1.74 1.86 2.61 1.47
1.79 1.95 2.54 1.49
1.81 2.0 2.54 1.54
1.75 2.11 2.43 1.54
1.73 1.95 2.5 1.45
1.79 2.01 2.62 1.63
1.8 1.79 2.74 1.53
1.66 1.71 2.77 1.48
1.71 1.83 2.62 1.45
1.71 1.85 2.63 1.48
1.78 1.99 2.55 1.54
1.75 1.94 2.58 1.52
1.74 1.8 2.72 1.52
1.76 1.82 2.69 1.51
1.66 1.79 2.67 1.46
1.79 1.92 2.51 1.43
1.79 1.84 2.63 1.47
1.68 1.64 2.88 1.52
1.72 1.84 2.65 1.49
1.72 1.81 2.69 1.5
1.72 1.85 2.65 1.5
1.79 1.93 2.53 1.46
1.77 1.86 2.64 1.5
1.77 1.81 2.67 1.48
1.76 2.09 2.45 1.54
1.75 1.99 2.57 1.56
1.79 1.83 2.68 1.51
1.7 1.7 2.83 1.53
1.65 1.85 2.71 1.56
1.78 1.88 2.6 1.48
1.75 1.91 2.61 1.52
1.74 1.85 2.67 1.52
1.68 1.72 2.68 1.4
1.74 1.87 2.7 1.57
1.64 1.79 2.7 1.49
1.7 2.08 2.54 1.62
1.73 1.93 2.57 1.5
1.75 1.94 2.53 1.47
1.8 2.14 2.38 1.52
1.75 1.78 2.6 1.38
1.71 1.84 2.68 1.52
1.72 1.83 2.67 1.5
1.81 2.09 2.48 1.57
1.69 1.91 2.65 1.56
1.73 1.91 2.59 1.5
1.79 1.98 2.6 1.58
1.76 1.84 2.66 1.5
1.73 1.89 2.59 1.48
1.66 1.92 2.68 1.6
1.74 1.85 2.66 1.51
1.72 1.95 2.61 1.56
1.77 1.78 2.75 1.53
1.76 1.86 2.67 1.53
1.79 1.91 2.58 1.49
1.81 1.76 2.74 1.5
1.71 1.71 2.81 1.52
1.79 1.9 2.6 1.5
1.73 1.7 2.88 1.58
1.8 1.96 2.53 1.49
1.72 1.94 2.55 1.49
1.73 1.95 2.59 1.54
1.82 1.79 2.66 1.45
1.75 1.82 2.68 1.5
1.69 1.77 2.66 1.43
1.65 1.67 2.83 1.5
1.75 1.89 2.61 1.5
1.68 1.73 2.72 1.45
1.75 1.77 2.81 1.58
1.67 1.78 2.69 1.47
1.82 1.84 2.63 1.47
1.7 1.82 2.66 1.48
1.72 1.77 2.7 1.47
1.75 1.9 2.58 1.48
1.81 1.98 2.63 1.61
1.7 1.74 2.72 1.46
1.81 1.92 2.68 1.6
1.78 1.83 2.63 1.46
1.72 1.81 2.69 1.5
1.69 1.69 2.76 1.45
1.74 1.77 2.71 1.48
1.71 1.85 2.61 1.46
1.72 1.83 2.69 1.52
1.81 1.99 2.54 1.53
1.66 1.78 2.79 1.57
1.79 2.07 2.48 1.55
1.77 1.67 2.72 1.39
1.81 2.0 2.46 1.46
1.76 1.99 2.52 1.51
1.77 1.95 2.56 1.51
1.75 1.93 2.54 1.47
1.72 1.96 2.57 1.53
1.78 2.03 2.55 1.58
1.77 1.88 2.65 1.53
1.75 1.9 2.57 1.47
1.8 1.91 2.55 1.46
1.79 1.95 2.63 1.58
1.74 1.95 2.52 1.47
1.74 1.95 2.51 1.46
1.73 1.82 2.67 1.49
1.68 1.9 2.58 1.48
1.8 1.94 2.56 1.5
1.66 1.73 2.71 1.44
1.83 1.96 2.54 1.5
1.7 1.81 2.66 1.47
1.76 1.74 2.72 1.46
1.74 1.8 2.6 1.4
1.66 1.8 2.78 1.58
1.7 1.88 2.74 1.62
1.68 1.91 2.55 1.46
1.78 1.82 2.7 1.52
1.72 1.81 2.6 1.41
1.73 1.82 2.61 1.43
1.68 1.71 2.77 1.48
1.81 1.92 2.57 1.49
1.79 1.96 2.53 1.49
1.75 2.08 2.48 1.56
1.73 1.89 2.56 1.45
1.8 1.87 2.59 1.46
1.75 1.84 2.69 1.53
1.7 1.78 2.65 1.43
1.83 1.85 2.71 1.56
1.75 2.01 2.49 1.5
1.8 1.86 2.62 1.48
1.75 1.89 2.66 1.55
1.77 1.88 2.58 1.46
1.74 1.84 2.66 1.5
1.76 1.74 2.68 1.42
1.76 1.9 2.58 1.48
1.75 1.87 2.63 1.5
1.81 1.84 2.58 1.42
1.84 2.09 2.4 1.49
1.71 1.86 2.64 1.5
1.78 1.86 2.66 1.52
1.72 1.77 2.73 1.5
1.75 2.08 2.49 1.57
1.69 1.88 2.67 1.55
1.7 1.81 2.73 1.54
1.73 1.84 2.72 1.56
1.82 2.05 2.5 1.55
1.74 1.64 2.78 1.42
1.81 1.82 2.59 1.41
1.78 1.97 2.62 1.59
1.71 1.74 2.59 1.33
1.72 1.91 2.61 1.52
1.79 2.21 2.36 1.57
1.64 1.53 2.96 1.49
1.72 1.8 2.67 1.47
1.7 1.86 2.65 1.51
1.62 1.78 2.73 1.51
1.74 1.83 2.65 1.48
1.72 1.78 2.7 1.48
1.72 1.84 2.64 1.48
1.69 1.91 2.61 1.52
1.67 1.71 2.72 1.43
1.76 1.92 2.54 1.46
1.7 1.73 2.77 1.5
1.74 2.04 2.49 1.53
1.74 1.75 2.72 1.47
1.74 1.81 2.71 1.52
1.69 1.64 2.84 1.48
1.77 2.03 2.46 1.49
1.73 1.79 2.66 1.45
1.7 1.82 2.67 1.49
1.8 1.82 2.61 1.43
1.67 1.87 2.65 1.52
1.71 1.83 2.65 1.48
1.79 1.88 2.59 1.47
1.77 1.95 2.55 1.5
1.74 2.03 2.53 1.56
1.75 1.9 2.59 1.49
1.77 2.03 2.48 1.51
1.79 1.92 2.59 1.51
1.75 1.93 2.52 1.45
1.68 1.87 2.7 1.57
1.72 1.76 2.69 1.45
1.77 1.78 2.67 1.45
1.74 1.8 2.72 1.52
1.72 1.92 2.62 1.54
1.68 1.8 2.62 1.42
1.79 1.91 2.56 1.47
1.73 1.79 2.7 1.49
1.79 1.96 2.56 1.52
1.85 2.1 2.46 1.56
1.84 1.83 2.75 1.58
1.76 1.81 2.66 1.47
1.7 1.81 2.67 1.48
1.72 1.92 2.67 1.59
1.78 2.07 2.47 1.54
1.72 1.92 2.56 1.48
1.83 2.08 2.41 1.49
1.67 1.87 2.67 1.54
1.8 1.85 2.64 1.49
1.8 2.02 2.64 1.66
1.78 1.94 2.55 1.49
1.74 1.87 2.62 1.49
1.72 1.72 2.76 1.48
1.71 1.78 2.64 1.42
1.73 1.72 2.75 1.47
1.76 1.83 2.6 1.43
1.76 1.84 2.65 1.49
1.76 1.84 2.66 1.5
1.69 1.74 2.79 1.53
1.72 1.8 2.61 1.41
1.68 1.82 2.7 1.52
1.73 1.86 2.63 1.49
1.66 1.73 2.73 1.46
1.77 1.98 2.59 1.57
1.75 1.96 2.59 1.55
1.8 1.87 2.59 1.46
1.71 1.71 2.76 1.47
1.76 1.85 2.67 1.52
1.75 1.96 2.51 1.47
1.74 1.95 2.54 1.49
1.74 1.9 2.61 1.51
1.79 1.75 2.65 1.4
1.74 1.69 2.8 1.49
1.82 2.05 2.39 1.44
1.8 1.71 2.68 1.39
1.68 1.79 2.72 1.51
1.74 1.87 2.66 1.53
1.71 1.93 2.54 1.47
1.8 1.94 2.64 1.58
1.69 1.78 2.7 1.48
1.75 1.89 2.66 1.55
1.84 1.71 2.76 1.47
1.81 1.93 2.54 1.47
1.77 1.84 2.64 1.48
1.69 1.85 2.67 1.52
1.73 1.94 2.57 1.51
1.76 1.79 2.67 1.46
1.71 1.81 2.62 1.43
1.71 1.88 2.68 1.56
1.79 1.85 2.68 1.53
1.77 1.93 2.58 1.51
1.78 1.75 2.79 1.54
1.6 1.61 2.94 1.55
1.76 1.89 2.53 1.42
1.81 1.84 2.61 1.45
1.74 1.91 2.6 1.51
1.69 1.75 2.71 1.46
1.7 1.7 2.78 1.48
1.72 1.94 2.69 1.63
1.71 1.73 2.78 1.51
1.76 1.97 2.5 1.47
1.76 1.95 2.63 1.58
1.79 2.01 2.54 1.55
1.72 1.74 2.7 1.44
1.82 2.07 2.48 1.55
1.77 2.02 2.59 1.61
1.79 1.9 2.57 1.47
1.77 1.73 2.78 1.51
1.76 1.96 2.57 1.53
1.73 1.89 2.61 1.5
1.81 2.09 2.45 1.54
1.73 1.74 2.75 1.49
1.8 1.89 2.56 1.45
1.8 1.9 2.63 1.53
1.8 1.91 2.63 1.54
1.73 1.74 2.82 1.56
1.79 2.05 2.52 1.57
1.81 1.99 2.45 1.44
1.75 1.9 2.62 1.52
1.67 1.79 2.65 1.44
1.85 1.86 2.6 1.46
1.77 1.91 2.63 1.54
1.79 1.94 2.61 1.55
1.77 1.81 2.7 1.51
1.82 1.83 2.63 1.46
1.74 1.81 2.71 1.52
1.76 1.74 2.67 1.41
1.7 1.76 2.71 1.47
1.69 1.72 2.73 1.45
1.79 1.87 2.58 1.45
1.68 1.84 2.69 1.53
1.73 1.86 2.67 1.53
1.81 1.94 2.52 1.46
1.75 1.82 2.68 1.5
1.7 1.82 2.66 1.48
1.71 1.8 2.74 1.54
1.73 1.8 2.83 1.63
1.8 1.92 2.5 1.42
1.75 1.82 2.65 1.47
1.75 1.92 2.65 1.57
1.78 1.94 2.52 1.46
1.78 1.86 2.64 1.5
1.8 2.06 2.44 1.5
1.76 1.85 2.6 1.45
1.79 1.79 2.64 1.43
1.77 1.85 2.66 1.51
1.66 1.79 2.66 1.45
1.77 1.92 2.64 1.56
1.75 1.94 2.53 1.47
1.73 2.04 2.47 1.51
1.71 1.83 2.71 1.54
1.72 1.93 2.55 1.48
1.71 1.72 2.75 1.47
1.77 1.78 2.66 1.44
1.71 2.02 2.56 1.58
1.74 1.86 2.62 1.48
1.75 1.74 2.7 1.44
1.78 2.06 2.53 1.59
1.8 1.91 2.61 1.52
1.7 1.78 2.74 1.52
1.76 2.06 2.47 1.53
1.77 2.02 2.48 1.5
1.78 2.15 2.43 1.58
1.75 1.91 2.5 1.41
1.73 1.81 2.7 1.51
1.76 1.83 2.69 1.52
1.69 1.77 2.67 1.44
1.73 1.83 2.65 1.48
1.71 1.84 2.66 1.5
1.81 1.93 2.55 1.48
1.7 1.61 2.91 1.52
1.69 1.86 2.68 1.54
1.72 1.81 2.69 1.5
1.74 1.86 2.62 1.48
1.75 1.82 2.68 1.5
1.76 2.03 2.57 1.6
1.82 1.91 2.51 1.42
1.79 1.69 2.73 1.42
1.78 1.95 2.6 1.55
1.77 1.87 2.68 1.55
1.74 1.92 2.61 1.53
1.71 1.81 2.74 1.55
1.79 1.93 2.56 1.49
1.71 1.83 2.64 1.47
1.72 1.97 2.6 1.57
1.78 1.96 2.64 1.6
1.81 2.03 2.55 1.58
1.8 1.97 2.52 1.49
1.79 2.0 2.54 1.54
1.81 1.98 2.56 1.54
1.72 1.89 2.66 1.55
1.76 1.84 2.66 1.5
1.72 1.86 2.7 1.56
1.79 2.16 2.43 1.59
1.83 2.05 2.48 1.53
1.78 2.01 2.59 1.6
1.76 1.9 2.5 1.4
1.73 1.83 2.6 1.43
1.73 2.04 2.62 1.66
1.74 1.9 2.57 1.47
1.82 1.99 2.52 1.51
1.81 2.02 2.46 1.48
1.77 1.79 2.76 1.55
1.73 1.86 2.65 1.51
1.8 1.84 2.58 1.42
1.68 1.9 2.64 1.54
1.75 1.88 2.63 1.51
1.74 1.78 2.68 1.46
1.75 1.91 2.59 1.5
1.74 1.83 2.67 1.5
1.8 1.85 2.72 1.57
1.8 1.67 2.78 1.45
1.67 1.69 2.89 1.58
1.76 1.81 2.78 1.59
1.83 2.15 2.39 1.54
1.81 1.9 2.64 1.54
1.78 1.96 2.57 1.53
1.75 1.99 2.48 1.47
1.82 2.14 2.45 1.59
1.78 1.81 2.69 1.5
1.75 1.92 2.59 1.51
1.73 1.94 2.64 1.58
1.69 1.8 2.66 1.46
1.79 1.84 2.69 1.53
1.77 1.79 2.69 1.48
1.7 1.75 2.71 1.46
1.71 1.8 2.7 1.5
1.76 1.96 2.56 1.52
1.69 1.77 2.81 1.58
1.75 1.82 2.68 1.5
1.8 1.9 2.65 1.55
1.7 1.7 2.7 1.4
1.7 1.98 2.61 1.59
1.75 1.96 2.58 1.54
1.72 1.87 2.63 1.5
1.76 1.91 2.54 1.45
1.83 1.96 2.52 1.48
1.75 1.87 2.67 1.54
1.79 1.86 2.56 1.42
1.74 1.78 2.68 1.46
1.8 1.82 2.68 1.5
1.71 1.87 2.65 1.52
1.73 1.93 2.56 1.49
1.72 1.83 2.75 1.58
1.74 1.88 2.6 1.48
1.75 1.75 2.79 1.54
1.78 1.97 2.55 1.52
1.7 1.83 2.69 1.52
1.71 1.84 2.71 1.55
1.73 1.78 2.67 1.45
1.82 1.97 2.57 1.54
1.77 1.88 2.66 1.54
1.73 1.93 2.58 1.51
1.71 1.88 2.56 1.44
1.73 1.9 2.61 1.51
1.69 1.91 2.54 1.45
1.79 2.08 2.5 1.58
1.73 1.83 2.69 1.52
1.67 1.72 2.77 1.49
1.69 1.85 2.62 1.47
1.77 1.88 2.59 1.47
1.75 1.91 2.52 1.43
1.81 2.04 2.49 1.53
1.73 1.86 2.67 1.53
1.76 1.93 2.6 1.53
1.64 1.6 2.88 1.48
1.77 1.82 2.69 1.51
1.81 1.79 2.66 1.45
1.76 1.83 2.63 1.46
1.71 1.87 2.68 1.55
1.73 1.6 2.82 1.42
1.75 1.84 2.61 1.45
1.84 1.89 2.61 1.5
1.72 1.9 2.58 1.48
1.75 1.81 2.62 1.43
1.75 2.02 2.47 1.49
1.76 2.02 2.49 1.51
1.8 1.98 2.45 1.43
1.74 1.88 2.54 1.42
1.72 1.79 2.63 1.42
1.8 1.97 2.57 1.54
1.69 1.74 2.79 1.53
1.78 1.84 2.7 1.54
1.7 1.65 2.8 1.45
1.76 1.89 2.65 1.54
1.83 1.81 2.7 1.51
1.75 1.71 2.68 1.39
1.73 1.89 2.63 1.52
1.72 1.7 2.75 1.45
1.8 1.87 2.57 1.44
1.77 1.78 2.61 1.39
1.76 1.9 2.53 1.43
1.78 1.85 2.7 1.55
1.71 1.83 2.73 1.56
1.74 1.84 2.63 1.47
1.76 1.94 2.64 1.58
1.74 1.76 2.75 1.51
1.79 1.84 2.66 1.5
1.71 1.82 2.71 1.53
1.71 1.88 2.61 1.49
1.67 1.79 2.75 1.54
1.78 1.96 2.47 1.43
1.77 1.92 2.52 1.44
1.76 1.8 2.62 1.42
1.7 1.86 2.73 1.59
1.81 1.89 2.6 1.49
1.72 1.77 2.8 1.57
1.72 1.88 2.69 1.57
1.72 1.99 2.52 1.51
1.75 1.9 2.64 1.54
1.81 2.11 2.53 1.64
1.81 2.04 2.55 1.59
1.72 1.89 2.59 1.48
1.78 1.91 2.58 1.49
1.73 1.77 2.7 1.47
1.74 1.71 2.74 1.45
1.76 2.05 2.44 1.49
1.79 1.98 2.53 1.51
1.83 1.94 2.55 1.49
1.65 1.72 2.78 1.5
1.72 1.75 2.73 1.48
1.71 1.72 2.78 1.5
1.77 2.01 2.56 1.57
1.69 1.82 2.77 1.59
1.74 1.82 2.64 1.46
1.71 1.9 2.59 1.49
1.7 1.88 2.7 1.58
1.7 1.9 2.66 1.56
1.79 2.05 2.54 1.59
1.75 1.92 2.6 1.52
1.71 1.86 2.61 1.47
1.62 1.75 2.77 1.52
1.73 1.93 2.59 1.52
1.78 1.87 2.59 1.46
1.79 1.81 2.74 1.55
1.77 1.78 2.62 1.4
1.74 1.68 2.75 1.43
1.68 1.77 2.66 1.43
1.71 1.73 2.84 1.57
1.8 1.95 2.52 1.47
1.7 1.83 2.65 1.48
1.71 1.73 2.69 1.42
1.76 1.88 2.66 1.54
1.8 1.96 2.53 1.49
1.74 1.97 2.62 1.59
1.81 1.95 2.55 1.5
1.72 1.87 2.71 1.58
1.74 1.87 2.57 1.44
1.64 1.74 2.79 1.53
1.75 1.95 2.48 1.43
1.76 1.89 2.6 1.49
1.79 1.91 2.61 1.52
1.75 1.85 2.63 1.48
1.78 1.82 2.6 1.42
1.72 1.73 2.75 1.48
1.75 1.8 2.59 1.39
1.75 1.96 2.49 1.45
1.72 1.79 2.75 1.54
1.77 2.0 2.52 1.52
1.71 1.78 2.78 1.56
1.69 1.8 2.75 1.55
1.85 1.87 2.64 1.51
1.72 1.78 2.74 1.52
1.71 2.03 2.56 1.59
1.81 2.1 2.43 1.53
1.8 1.83 2.65 1.48
1.77 2.02 2.51 1.53
1.73 1.95 2.54 1.49
1.72 1.98 2.59 1.57
1.74 1.77 2.7 1.47
1.75 1.69 2.82 1.51
1.78 1.93 2.54 1.47
1.71 1.91 2.62 1.53
1.74 1.84 2.69 1.53
1.72 1.84 2.7 1.54
1.79 1.93 2.57 1.5
1.74 1.78 2.7 1.48
1.76 1.87 2.66 1.53
1.81 2.08 2.43 1.51
1.79 1.97 2.6 1.57
1.69 1.88 2.68 1.56
1.78 1.95 2.59 1.54
1.72 1.88 2.63 1.51
1.75 2.0 2.55 1.55
1.76 1.79 2.77 1.56
1.73 1.72 2.76 1.48
1.74 1.78 2.69 1.47
1.73 1.97 2.55 1.52
1.71 1.8 2.65 1.45
1.77 1.82 2.66 1.48
1.64 1.79 2.71 1.5
1.77 1.95 2.5 1.45
1.76 2.04 2.53 1.57
1.75 1.96 2.59 1.55
1.7 1.64 2.81 1.45
1.6 1.89 2.63 1.52
1.72 1.8 2.67 1.47
1.7 1.92 2.59 1.51
1.74 1.93 2.56 1.49
1.72 1.86 2.64 1.5
1.78 1.78 2.7 1.48
1.7 1.8 2.74 1.54
1.78 1.96 2.56 1.52
1.73 1.9 2.69 1.59
1.75 1.78 2.7 1.48
1.79 1.89 2.57 1.46
1.71 1.95 2.59 1.54
1.75 1.97 2.47 1.44
1.71 1.85 2.63 1.48
1.72 1.8 2.59 1.39
1.77 1.93 2.58 1.51
1.76 1.97 2.52 1.49
1.68 1.73 2.78 1.51
1.72 1.9 2.61 1.51
1.78 1.92 2.58 1.5
1.73 1.71 2.77 1.48
1.73 1.87 2.65 1.52
1.79 2.02 2.49 1.51
1.68 1.69 2.85 1.54
1.83 2.19 2.32 1.51
1.81 1.93 2.56 1.49
1.81 2.0 2.49 1.49
1.7 1.83 2.68 1.51
1.83 2.14 2.41 1.55
1.73 1.84 2.61 1.45
1.73 1.69 2.76 1.45
1.8 1.94 2.61 1.55
1.7 1.9 2.68 1.58
1.74 1.8 2.63 1.43
1.68 1.79 2.76 1.55
1.75 1.89 2.6 1.49
1.78 1.97 2.5 1.47
1.73 1.99 2.51 1.5
1.82 2.09 2.46 1.55
1.72 1.97 2.58 1.55
1.71 1.78 2.71 1.49
1.74 1.9 2.57 1.47
1.77 1.96 2.62 1.58
1.74 2.1 2.46 1.56
1.8 1.84 2.65 1.49
1.74 1.99 2.57 1.56
1.78 1.91 2.64 1.55
1.73 1.86 2.71 1.57
1.73 1.93 2.57 1.5
1.74 1.85 2.63 1.48
1.78 1.99 2.55 1.54
1.71 1.78 2.73 1.51
1.7 1.87 2.65 1.52
1.68 1.76 2.7 1.46
1.76 1.98 2.59 1.57
1.82 1.92 2.56 1.48
1.73 1.93 2.6 1.53
1.78 1.84 2.56 1.4
1.76 1.78 2.68 1.46
1.76 1.91 2.56 1.47
1.81 1.78 2.7 1.48
1.73 1.76 2.69 1.45
1.74 1.93 2.55 1.48
1.68 1.88 2.66 1.54
1.74 1.91 2.65 1.56
1.77 1.83 2.63 1.46
1.73 1.67 2.78 1.45
1.73 1.71 2.81 1.52
1.75 1.95 2.53 1.48
1.83 1.93 2.61 1.54
1.78 1.94 2.56 1.5
1.81 1.93 2.53 1.46
1.82 2.06 2.42 1.48
1.74 1.78 2.6 1.38
1.71 1.76 2.73 1.49
1.7 1.81 2.75 1.56
1.82 1.91 2.63 1.54
1.73 1.67 2.81 1.48
1.77 1.96 2.61 1.57
1.81 2.04 2.42 1.46
1.83 2.06 2.49 1.55
1.69 1.72 2.82 1.54
1.81 1.97 2.44 1.41
1.76 1.86 2.62 1.48
1.7 1.83 2.65 1.48
1.71 1.82 2.68 1.5
1.71 1.72 2.81 1.53
1.82 2.05 2.51 1.56
1.69 1.81 2.62 1.43
1.73 1.89 2.63 1.52
1.75 1.9 2.61 1.51
1.76 1.82 2.61 1.43
1.78 1.84 2.63 1.47
1.77 2.07 2.47 1.54
1.73 1.97 2.46 1.43
1.79 1.92 2.59 1.51
1.77 1.9 2.63 1.53
1.7 1.73 2.8 1.53
1.71 1.73 2.84 1.57
1.75 1.95 2.57 1.52
1.78 1.88 2.68 1.56
1.72 1.89 2.59 1.48
1.66 1.69 2.74 1.43
1.75 1.85 2.65 1.5
1.75 2.05 2.51 1.56
1.76 1.99 2.58 1.57
1.72 1.94 2.66 1.6
1.71 1.84 2.65 1.49
1.79 1.89 2.61 1.5
1.71 1.8 2.68 1.48
1.76 1.85 2.66 1.51
1.72 1.75 2.73 1.48
1.74 1.71 2.75 1.46
1.76 1.95 2.58 1.53
1.76 1.88 2.67 1.55
1.75 1.73 2.64 1.37
1.73 2.02 2.52 1.54
1.76 1.84 2.63 1.47
1.78 1.82 2.7 1.52
1.71 1.88 2.68 1.56
1.74 1.89 2.64 1.53
1.81 1.97 2.52 1.49
1.8 1.9 2.61 1.51
1.78 1.93 2.62 1.55
1.79 1.81 2.65 1.46
1.76 1.85 2.73 1.58
1.71 1.88 2.63 1.51
1.77 1.98 2.5 1.48
1.73 1.87 2.56 1.43
1.74 1.84 2.76 1.6
1.77 1.89 2.6 1.49
1.77 1.84 2.67 1.51
1.79 1.99 2.51 1.5
1.83 2.05 2.45 1.5
1.74 1.99 2.54 1.53
1.78 1.96 2.58 1.54
1.77 2.09 2.51 1.6
1.76 1.9 2.6 1.5
1.74 1.86 2.72 1.58
1.75 1.9 2.58 1.48
1.76 2.03 2.51 1.54
1.76 1.95 2.62 1.57
1.74 1.74 2.68 1.42
1.73 1.89 2.65 1.54
1.79 1.86 2.6 1.46
1.72 1.77 2.65 1.42
1.68 1.57 2.95 1.52
1.81 1.99 2.49 1.48
1.76 1.87 2.58 1.45
1.76 1.95 2.49 1.44
1.86 1.88 2.62 1.5
1.77 1.86 2.62 1.48
1.79 1.85 2.61 1.46
1.7 1.86 2.69 1.55
1.72 1.96 2.54 1.5
1.78 1.92 2.6 1.52
1.66 1.96 2.53 1.49
1.81 1.75 2.71 1.46
1.69 1.88 2.58 1.46
1.65 1.82 2.68 1.5
1.78 1.95 2.44 1.39
1.61 1.55 2.92 1.47
1.78 1.78 2.69 1.47
1.68 1.76 2.65 1.41
1.75 1.97 2.53 1.5
1.76 1.89 2.6 1.49
1.8 1.91 2.59 1.5
1.79 1.88 2.59 1.47
1.7 1.84 2.65 1.49
1.76 1.87 2.64 1.51
1.71 1.91 2.59 1.5
1.72 1.92 2.6 1.52
1.72 1.93 2.61 1.54
1.68 1.76 2.67 1.43
1.76 1.86 2.68 1.54
1.73 1.82 2.67 1.49
1.79 2.11 2.49 1.6
1.77 1.98 2.58 1.56
1.8 1.83 2.72 1.55
1.78 1.89 2.68 1.57
1.73 1.75 2.72 1.47
1.77 1.84 2.66 1.5
1.74 1.89 2.52 1.41
1.71 1.82 2.68 1.5
1.77 2.03 2.54 1.57
1.78 1.95 2.59 1.54
1.78 1.93 2.56 1.49
1.73 1.78 2.73 1.51
1.69 1.87 2.62 1.49
1.79 1.88 2.61 1.49
1.66 1.9 2.61 1.51
1.68 1.79 2.71 1.5
1.83 2.07 2.48 1.55
1.67 1.75 2.67 1.42
1.69 1.92 2.65 1.57
1.8 1.86 2.6 1.46
1.75 1.93 2.58 1.51
1.7 1.88 2.6 1.48
1.68 1.74 2.75 1.49
1.76 1.77 2.61 1.38
1.78 1.94 2.68 1.62
1.8 1.88 2.68 1.56
1.79 1.89 2.56 1.45
1.66 1.71 2.81 1.52
1.77 2.08 2.47 1.55
1.72 1.86 2.6 1.46
1.78 1.98 2.52 1.5
1.8 1.92 2.51 1.43
1.72 1.87 2.69 1.56
1.69 1.9 2.62 1.52
1.73 1.98 2.53 1.51
1.73 1.88 2.59 1.47
1.71 2.04 2.51 1.55
1.75 1.95 2.56 1.51
1.8 1.88 2.55 1.43
1.79 1.91 2.55 1.46
1.75 1.93 2.65 1.58
1.79 1.81 2.69 1.5
1.79 1.89 2.59 1.48
1.72 1.9 2.54 1.44
1.72 1.77 2.71 1.48
1.71 1.83 2.63 1.46
1.73 1.92 2.54 1.46
1.68 1.61 2.9 1.51
1.79 1.92 2.62 1.54
1.72 1.75 2.75 1.5
1.72 1.66 2.84 1.5
1.82 1.85 2.63 1.48
1.75 1.98 2.6 1.58
1.76 1.81 2.66 1.47
1.76 2.09 2.5 1.59
1.72 1.81 2.72 1.53
1.75 1.88 2.65 1.53
1.73 1.71 2.7 1.41
1.78 1.83 2.52 1.35
1.75 1.77 2.68 1.45
1.8 2.07 2.42 1.49
1.69 1.85 2.63 1.48
1.78 1.94 2.6 1.54
1.77 2.02 2.5 1.52
1.72 1.9 2.62 1.52
1.76 2.1 2.46 1.56
1.75 1.97 2.59 1.56
1.79 1.75 2.67 1.42
1.77 1.83 2.61 1.44
1.76 1.86 2.68 1.54
1.73 1.77 2.7 1.47
1.72 1.81 2.81 1.62
1.66 1.61 2.85 1.46
1.79 1.94 2.51 1.45
1.78 1.87 2.68 1.55
1.74 1.91 2.63 1.54
1.71 1.94 2.63 1.57
1.72 2.0 2.59 1.59
1.77 1.81 2.61 1.42
1.81 1.81 2.76 1.57
1.79 1.91 2.55 1.46
1.76 1.85 2.7 1.55
1.77 1.91 2.57 1.48
1.69 1.96 2.52 1.48
1.77 1.87 2.66 1.53
1.8 2.0 2.45 1.45
1.71 2.0 2.57 1.57
1.73 1.72 2.74 1.46
1.75 1.86 2.69 1.55
1.78 1.81 2.71 1.52
1.78 2.0 2.55 1.55
1.63 1.7 2.8 1.5
1.67 1.7 2.77 1.47
1.79 1.89 2.57 1.46
1.75 1.88 2.57 1.45
1.79 1.98 2.5 1.48
1.73 1.96 2.5 1.46
1.79 1.85 2.65 1.5
1.69 1.73 2.66 1.39
1.73 2.03 2.54 1.57
1.77 1.76 2.76 1.52
1.72 1.97 2.55 1.52
1.74 1.84 2.74 1.58
1.74 2.04 2.54 1.58
1.77 1.93 2.52 1.45
1.76 1.9 2.6 1.5
1.69 1.65 2.78 1.43
1.76 1.76 2.7 1.46
1.75 1.82 2.68 1.5
1.73 1.72 2.79 1.51
1.7 1.98 2.56 1.54
1.75 1.8 2.72 1.52
1.73 2.06 2.45 1.51
1.73 1.84 2.66 1.5
1.83 2.04 2.49 1.53
1.73 1.82 2.73 1.55
1.79 1.92 2.51 1.43
1.74 1.75 2.76 1.51
1.71 1.82 2.73 1.55
1.81 1.98 2.52 1.5
1.7 1.76 2.64 1.4
1.74 1.84 2.65 1.49
1.75 1.79 2.73 1.52
1.77 2.14 2.44 1.58
1.72 2.0 2.55 1.55
1.66 1.72 2.78 1.5
1.83 1.93 2.47 1.4
1.79 1.87 2.62 1.49
1.82 1.96 2.6 1.56
1.74 1.89 2.51 1.4
1.73 1.88 2.61 1.49
1.78 1.94 2.64 1.58
1.75 1.78 2.69 1.47
1.68 1.74 2.65 1.39
1.79 1.94 2.52 1.46
1.73 1.87 2.65 1.52
1.77 1.9 2.56 1.46
1.74 1.85 2.64 1.49
1.67 1.83 2.74 1.57
1.74 1.87 2.67 1.54
1.7 1.76 2.71 1.47
1.79 1.89 2.59 1.48
1.72 1.86 2.62 1.48
1.75 1.83 2.72 1.55
1.73 1.83 2.63 1.46
1.74 1.87 2.6 1.47
1.74 1.76 2.66 1.42
1.79 1.91 2.54 1.45
1.75 1.96 2.52 1.48
1.73 1.85 2.66 1.51
1.77 2.03 2.47 1.5
1.7 1.77 2.66 1.43
1.74 1.84 2.64 1.48
1.74 2.0 2.46 1.46
1.75 1.81 2.58 1.39
1.79 1.87 2.59 1.46
1.79 1.9 2.54 1.44
1.79 1.93 2.55 1.48
1.79 2.08 2.42 1.5
1.67 1.67 2.79 1.46
1.75 1.87 2.67 1.54
1.82 2.13 2.49 1.62
1.68 1.75 2.83 1.58
1.79 1.95 2.52 1.47
1.7 1.71 2.79 1.5
1.74 2.06 2.55 1.61
1.73 2.02 2.54 1.56
1.72 1.81 2.8 1.61
1.76 1.95 2.64 1.59
1.72 1.91 2.52 1.43
1.73 1.91 2.56 1.47
1.72 1.91 2.56 1.47
1.75 1.68 2.74 1.42
1.76 1.73 2.73 1.46
1.8 1.94 2.57 1.51
1.71 1.96 2.67 1.63
1.72 1.76 2.72 1.48
1.79 1.92 2.62 1.54
1.75 1.83 2.64 1.47
1.84 2.05 2.51 1.56
1.77 2.09 2.41 1.5
1.78 1.93 2.59 1.52
1.75 1.92 2.62 1.54
1.77 1.9 2.54 1.44
1.65 1.64 2.77 1.41
1.75 1.91 2.56 1.47
1.74 1.95 2.6 1.55
1.67 1.86 2.63 1.49
1.75 1.92 2.55 1.47
1.82 2.02 2.49 1.51
1.67 1.9 2.63 1.53
1.77 1.98 2.6 1.58
1.73 1.87 2.58 1.45
1.76 1.84 2.7 1.54
1.77 1.97 2.53 1.5
1.76 1.96 2.54 1.5
1.76 1.87 2.66 1.53
1.7 1.7 2.86 1.56
1.69 1.96 2.62 1.58
1.81 1.82 2.66 1.48
1.74 2.0 2.45 1.45
1.79 1.9 2.67 1.57
1.78 2.02 2.42 1.44
1.59 1.8 2.71 1.51
1.75 1.81 2.72 1.53
1.74 1.85 2.6 1.45
1.8 1.85 2.67 1.52
1.74 1.83 2.57 1.4
1.73 1.81 2.7 1.51
1.76 1.91 2.61 1.52
1.68 1.72 2.8 1.52
1.73 1.82 2.63 1.45
1.72 1.65 2.84 1.49
1.73 1.73 2.75 1.48
1.82 1.97 2.42 1.39
1.75 1.82 2.62 1.44
1.79 1.99 2.51 1.5
1.72 1.74 2.7 1.44
1.78 1.96 2.5 1.46
1.72 1.99 2.45 1.44
1.72 1.87 2.54 1.41
1.73 2.01 2.5 1.51
1.72 1.71 2.8 1.51
1.74 2.03 2.54 1.57
1.69 1.92 2.64 1.56
1.78 1.99 2.61 1.6
1.77 1.94 2.61 1.55
1.75 1.88 2.65 1.53
1.78 1.88 2.61 1.49
1.71 1.79 2.67 1.46
1.76 1.89 2.62 1.51
1.72 1.89 2.59 1.48
1.83 1.96 2.53 1.49
1.71 1.99 2.58 1.57
1.73 1.86 2.63 1.49
1.76 1.82 2.65 1.47
1.68 1.96 2.56 1.52
1.77 1.98 2.49 1.47
1.72 1.73 2.75 1.48
1.73 1.76 2.69 1.45
1.76 1.98 2.52 1.5
1.77 1.96 2.55 1.51
1.78 1.91 2.6 1.51
1.77 2.03 2.44 1.47
1.72 1.9 2.58 1.48
1.74 1.88 2.63 1.51
1.79 1.95 2.57 1.52
1.78 1.92 2.59 1.51
1.73 1.96 2.5 1.46
1.74 1.92 2.54 1.46
1.73 1.9 2.67 1.57
1.76 1.9 2.62 1.52
1.8 1.96 2.49 1.45
1.77 1.87 2.65 1.52
1.77 1.87 2.64 1.51
1.75 1.99 2.51 1.5
1.82 1.94 2.54 1.48
1.75 1.85 2.66 1.51
1.75 1.84 2.65 1.49
1.79 1.95 2.51 1.46
1.63 1.66 2.87 1.53
1.69 1.94 2.64 1.58
1.78 1.9 2.57 1.47
1.75 1.83 2.67 1.5
1.81 2.04 2.54 1.58
1.6 1.8 2.67 1.47
1.7 1.75 2.74 1.49
1.79 1.96 2.52 1.48
1.67 1.71 2.76 1.47
1.74 1.73 2.75 1.48
1.76 1.74 2.68 1.42
1.73 1.95 2.6 1.55
1.71 1.69 2.66 1.35
1.76 2.08 2.43 1.51
1.75 1.89 2.61 1.5
1.72 1.8 2.68 1.48
1.76 1.98 2.53 1.51
1.76 1.86 2.66 1.52
1.76 1.92 2.65 1.57
1.74 1.92 2.55 1.47
1.69 1.86 2.65 1.51
1.8 1.85 2.67 1.52
1.79 1.83 2.71 1.54
1.81 1.94 2.5 1.44
1.72 1.92 2.62 1.54
1.69 1.82 2.67 1.49
1.76 1.93 2.49 1.42
1.76 2.02 2.44 1.46
1.72 1.77 2.71 1.48
1.8 1.88 2.6 1.48
1.74 1.86 2.67 1.53
1.77 1.97 2.51 1.48
1.74 1.86 2.68 1.54
1.76 1.81 2.67 1.48
1.75 1.82 2.64 1.46
1.71 1.79 2.68 1.47
1.78 1.81 2.72 1.53
1.7 1.91 2.58 1.49
1.76 1.77 2.84 1.61
1.71 1.86 2.61 1.47
1.82 1.9 2.58 1.48
1.8 1.81 2.74 1.55
1.74 1.82 2.68 1.5
1.76 1.91 2.63 1.54
1.81 1.86 2.64 1.5
1.74 1.98 2.54 1.52
1.67 1.77 2.75 1.52
1.79 1.93 2.57 1.5
1.79 1.98 2.59 1.57
1.74 2.1 2.46 1.56
1.75 1.71 2.76 1.47
1.69 1.85 2.65 1.5
1.65 1.89 2.6 1.49
1.81 2.01 2.49 1.5
1.68 1.84 2.57 1.41
1.82 1.85 2.68 1.53
1.76 1.91 2.65 1.56
1.75 1.94 2.61 1.55
1.8 2.03 2.48 1.51
1.81 1.99 2.48 1.47
1.63 1.82 2.57 1.39
1.78 1.94 2.55 1.49
1.7 1.8 2.72 1.52
1.77 1.89 2.62 1.51
1.77 1.84 2.7 1.54
1.8 1.83 2.67 1.5
1.72 1.78 2.72 1.5
1.81 2.19 2.34 1.53
1.74 1.73 2.74 1.47
1.74 1.88 2.68 1.56
1.81 1.95 2.51 1.46
1.77 1.88 2.72 1.6
1.7 1.93 2.64 1.57
1.77 1.99 2.59 1.58
1.78 2.03 2.5 1.53
1.7 1.78 2.74 1.52
1.75 1.8 2.72 1.52
1.72 2.02 2.61 1.63
1.81 1.84 2.69 1.53
1.76 1.96 2.49 1.45
1.69 1.85 2.68 1.53
1.8 1.85 2.58 1.43
1.73 1.87 2.64 1.51
1.78 1.68 2.78 1.46
1.69 1.77 2.69 1.46
1.71 1.77 2.72 1.49
1.71 1.86 2.65 1.51
1.7 1.81 2.7 1.51
1.74 1.75 2.63 1.38
1.81 2.03 2.54 1.57
1.71 1.75 2.77 1.52
1.76 1.94 2.64 1.58
1.78 1.81 2.65 1.46
1.72 1.91 2.65 1.56
1.78 1.92 2.53 1.45
1.77 1.98 2.61 1.59
1.72 1.96 2.5 1.46
1.69 1.84 2.65 1.49
1.71 1.77 2.67 1.44
1.84 2.15 2.37 1.52
1.75 1.63 2.84 1.47
1.7 1.75 2.7 1.45
1.69 1.82 2.66 1.48
1.7 1.88 2.66 1.54
1.71 1.74 2.8 1.54
1.72 1.99 2.56 1.55
1.69 1.81 2.61 1.42
1.74 1.99 2.67 1.66
1.69 1.86 2.64 1.5
1.82 2.03 2.47 1.5
1.73 1.94 2.51 1.45
1.82 1.88 2.56 1.44
1.69 1.78 2.74 1.52
1.79 1.86 2.7 1.56
1.76 1.76 2.76 1.52
1.77 1.83 2.64 1.47
1.79 1.91 2.51 1.42
1.64 1.73 2.73 1.46
1.72 1.8 2.7 1.5
1.75 1.81 2.68 1.49
1.76 1.82 2.61 1.43
1.78 1.78 2.63 1.41
1.78 1.91 2.63 1.54
1.69 1.82 2.73 1.55
1.78 1.85 2.69 1.54
1.8 2.09 2.48 1.57
1.75 1.92 2.57 1.49
1.74 1.91 2.64 1.55
1.76 1.95 2.62 1.57
1.76 1.86 2.55 1.41
1.69 1.6 2.85 1.45
1.72 1.94 2.59 1.53
1.76 1.8 2.69 1.49
1.78 1.7 2.8 1.5
1.75 1.78 2.61 1.39
1.66 2.02 2.5 1.52
1.79 1.93 2.48 1.41
1.78 1.9 2.71 1.61
1.71 1.86 2.65 1.51
1.76 1.76 2.71 1.47
1.82 1.93 2.58 1.51
1.74 1.99 2.54 1.53
1.73 1.89 2.64 1.53
1.77 1.85 2.7 1.55
1.68 1.72 2.74 1.46
1.75 1.96 2.55 1.51
1.79 1.94 2.54 1.48
1.7 1.98 2.59 1.57
1.69 1.79 2.73 1.52
1.69 1.71 2.75 1.46
1.73 1.75 2.71 1.46
1.75 1.76 2.74 1.5
1.76 1.97 2.6 1.57
1.74 1.89 2.62 1.51
1.82 1.93 2.48 1.41
1.72 1.84 2.67 1.51
1.74 1.95 2.57 1.52
1.78 1.84 2.67 1.51
1.75 1.79 2.66 1.45
1.68 1.81 2.72 1.53
1.75 1.9 2.6 1.5
1.74 1.83 2.7 1.53
1.77 1.96 2.6 1.56
1.71 1.77 2.76 1.53
1.8 1.88 2.52 1.4
1.74 1.82 2.65 1.47
1.76 1.7 2.69 1.39
1.76 1.85 2.65 1.5
1.72 1.92 2.6 1.52
1.77 1.76 2.72 1.48
1.74 1.97 2.59 1.56
1.76 1.81 2.69 1.5
1.76 1.89 2.57 1.46
1.77 1.87 2.61 1.48
1.75 1.85 2.62 1.47
1.75 1.9 2.61 1.51
1.75 1.97 2.47 1.44
1.72 1.75 2.74 1.49
1.78 1.86 2.62 1.48
1.72 1.78 2.72 1.5
1.67 1.68 2.78 1.46
1.67 1.87 2.62 1.49
1.64 1.71 2.69 1.4
1.77 1.87 2.63 1.5
1.77 1.88 2.57 1.45
1.78 2.11 2.4 1.51
1.83 2.16 2.34 1.5
1.75 1.9 2.57 1.47
1.82 1.97 2.54 1.51
1.69 1.83 2.63 1.46
1.8 2.07 2.54 1.61
1.75 1.98 2.59 1.57
1.68 1.66 2.79 1.45
1.71 1.95 2.51 1.46
1.68 1.78 2.63 1.41
1.76 1.73 2.73 1.46
1.77 2.01 2.53 1.54
1.8 1.9 2.58 1.48
1.75 1.96 2.49 1.45
1.81 1.77 2.71 1.48
1.79 1.9 2.6 1.5
1.77 1.93 2.65 1.58
1.74 1.73 2.77 1.5
1.81 2.03 2.46 1.49
1.72 1.81 2.74 1.55
1.79 2.0 2.42 1.42
1.81 1.9 2.53 1.43
1.67 1.75 2.71 1.46
1.74 1.82 2.69 1.51
1.75 1.76 2.74 1.5
1.74 1.95 2.55 1.5
1.75 1.88 2.61 1.49
1.73 2.0 2.59 1.59
1.73 1.85 2.61 1.46
1.74 1.66 2.76 1.42
1.75 1.69 2.71 1.4
1.84 1.86 2.63 1.49
1.79 1.96 2.56 1.52
1.71 1.89 2.66 1.55
1.73 1.76 2.78 1.54
1.76 1.95 2.56 1.51
1.77 1.78 2.69 1.47
1.82 2.02 2.45 1.47
1.78 1.83 2.65 1.48
1.74 1.87 2.56 1.43
1.79 1.85 2.58 1.43
1.82 2.06 2.51 1.57
1.72 1.77 2.68 1.45
1.82 2.11 2.45 1.56
1.8 1.77 2.68 1.45
1.73 1.9 2.6 1.5
1.77 1.85 2.58 1.43
1.77 1.89 2.6 1.49
1.74 1.81 2.66 1.47
1.74 1.82 2.73 1.55
1.72 1.66 2.8 1.46
1.74 1.93 2.59 1.52
1.72 2.06 2.5 1.56
1.72 1.75 2.65 1.4
1.73 1.9 2.64 1.54
1.73 1.94 2.6 1.54
1.76 1.85 2.61 1.46
1.75 1.91 2.67 1.58
1.75 1.95 2.47 1.42
1.81 1.84 2.6 1.44
1.81 2.14 2.39 1.53
1.78 1.89 2.62 1.51
1.65 1.72 2.72 1.44
1.73 1.97 2.57 1.54
1.75 1.88 2.63 1.51
1.66 1.65 2.89 1.54
1.78 1.87 2.63 1.5
1.82 1.8 2.68 1.48
1.74 1.7 2.71 1.41
1.78 1.91 2.57 1.48
1.83 1.87 2.64 1.51
1.72 2.09 2.5 1.59
1.73 1.82 2.67 1.49
1.87 1.93 2.59 1.52
1.78 1.92 2.54 1.46
1.77 1.91 2.61 1.52
1.67 1.69 2.73 1.42
1.75 1.88 2.66 1.54
1.77 1.79 2.7 1.49
1.71 1.86 2.67 1.53
1.81 2.06 2.5 1.56
1.78 2.14 2.46 1.6
1.72 1.81 2.76 1.57
1.71 1.78 2.69 1.47
1.75 1.95 2.64 1.59
1.84 2.1 2.43 1.53
1.73 1.76 2.73 1.49
1.71 1.86 2.66 1.52
1.8 2.01 2.59 1.6
1.78 1.93 2.59 1.52
1.75 1.93 2.61 1.54
1.66 1.74 2.8 1.54
1.71 1.87 2.62 1.49
1.76 1.8 2.68 1.48
1.71 1.88 2.66 1.54
1.73 1.94 2.63 1.57
1.76 1.88 2.64 1.52
1.74 1.76 2.69 1.45
1.73 1.9 2.54 1.44
1.79 1.99 2.54 1.53
1.67 1.81 2.7 1.51
1.72 1.9 2.73 1.63
1.74 1.94 2.59 1.53
1.74 2.15 2.39 1.54
1.74 1.8 2.67 1.47
1.72 1.91 2.51 1.42
1.75 1.76 2.69 1.45
1.81 1.98 2.46 1.44
1.74 1.81 2.59 1.4
1.66 1.7 2.74 1.44
1.78 1.95 2.57 1.52
1.73 2.06 2.52 1.58
1.78 1.86 2.6 1.46
1.73 1.93 2.6 1.53
1.74 1.75 2.78 1.53
1.77 1.77 2.72 1.49
1.83 2.02 2.56 1.58
1.78 2.07 2.42 1.49
1.74 1.61 2.92 1.53
1.83 2.14 2.41 1.55
1.76 1.95 2.56 1.51
1.8 2.06 2.55 1.61
1.81 2.12 2.42 1.54
1.79 1.94 2.51 1.45
1.7 1.76 2.67 1.43
1.69 1.8 2.71 1.51
1.79 1.99 2.49 1.48
1.7 1.73 2.7 1.43
1.72 1.87 2.69 1.56
1.72 1.74 2.83 1.57
1.77 1.81 2.63 1.44
1.75 1.81 2.64 1.45
1.79 1.83 2.73 1.56
1.69 1.69 2.75 1.44
1.68 1.84 2.59 1.43
1.75 1.93 2.62 1.55
1.78 1.9 2.62 1.52
1.77 2.08 2.45 1.53
1.71 1.87 2.67 1.54
1.72 1.91 2.51 1.42
1.73 1.78 2.65 1.43
1.86 1.94 2.55 1.49
1.79 1.8 2.62 1.42
1.69 1.79 2.75 1.54
1.72 1.8 2.63 1.43
1.72 2.01 2.53 1.54
1.79 1.93 2.57 1.5
1.75 1.91 2.54 1.45
1.71 1.82 2.71 1.53
1.79 1.89 2.62 1.51
1.72 1.91 2.56 1.47
1.71 1.79 2.68 1.47
1.64 1.67 2.84 1.51
1.73 1.84 2.59 1.43
1.67 1.85 2.68 1.53
1.81 1.98 2.53 1.51
1.72 1.89 2.61 1.5
1.73 1.86 2.63 1.49
1.73 1.83 2.61 1.44
1.78 1.93 2.55 1.48
1.65 1.72 2.77 1.49
1.8 2.14 2.43 1.57
1.79 1.88 2.61 1.49
1.78 1.8 2.7 1.5
1.71 1.9 2.61 1.51
1.75 1.98 2.56 1.54
1.79 1.93 2.51 1.44
1.73 1.88 2.73 1.61
1.74 1.71 2.76 1.47
1.7 1.9 2.61 1.51
1.72 1.78 2.77 1.55
1.73 1.87 2.62 1.49
1.8 2.06 2.45 1.51
1.8 1.98 2.58 1.56
1.76 1.85 2.67 1.52
1.73 1.97 2.58 1.55
1.78 1.96 2.58 1.54
1.7 1.78 2.66 1.44
1.65 1.77 2.76 1.53
1.67 1.81 2.67 1.48
1.68 1.78 2.72 1.5
1.73 1.85 2.62 1.47
1.77 1.77 2.69 1.46
1.73 1.73 2.67 1.4
1.74 2.03 2.51 1.54
1.75 1.82 2.63 1.45
1.79 1.94 2.59 1.53
1.78 1.95 2.59 1.54
1.69 1.7 2.74 1.44
1.76 1.82 2.72 1.54
1.7 1.77 2.74 1.51
1.74 1.72 2.73 1.45
1.81 2.12 2.47 1.59
1.76 1.93 2.64 1.57
1.75 1.89 2.66 1.55
1.75 1.85 2.61 1.46
1.79 1.81 2.69 1.5
1.72 1.68 2.8 1.48
1.83 1.97 2.52 1.49
1.74 1.76 2.62 1.38
1.71 1.87 2.7 1.57
1.72 1.84 2.66 1.5
1.78 2.01 2.46 1.47
1.7 1.88 2.64 1.52
1.77 1.95 2.55 1.5
1.83 1.98 2.57 1.55
1.72 1.99 2.59 1.58
1.72 1.87 2.62 1.49
1.81 2.01 2.49 1.5
1.66 1.6 2.81 1.41
1.77 2.01 2.49 1.5
1.74 1.76 2.68 1.44
1.79 1.95 2.57 1.52
1.78 1.9 2.57 1.47
1.73 1.98 2.52 1.5
1.8 1.98 2.54 1.52
1.7 1.7 2.74 1.44
1.7 1.82 2.69 1.51
1.75 1.78 2.69 1.47
1.76 2.05 2.46 1.51
1.74 1.72 2.86 1.58
1.77 1.91 2.55 1.46
1.74 1.97 2.62 1.59
1.83 2.04 2.46 1.5
1.77 2.09 2.41 1.5
1.69 1.9 2.62 1.52
1.79 1.86 2.69 1.55
1.82 2.11 2.5 1.61
1.75 1.8 2.66 1.46
1.75 1.82 2.6 1.42
1.81 1.87 2.6 1.47
1.76 1.69 2.72 1.41
1.69 1.73 2.77 1.5
1.67 1.81 2.6 1.41
1.71 1.61 2.88 1.49
1.78 2.03 2.47 1.5
1.77 1.96 2.59 1.55
1.77 1.98 2.57 1.55
1.72 1.78 2.7 1.48
1.74 1.9 2.57 1.47
1.7 1.79 2.77 1.56
1.73 1.91 2.63 1.54
1.75 1.73 2.72 1.45
1.73 1.87 2.65 1.52
1.72 1.87 2.56 1.43
1.75 1.69 2.77 1.46
1.79 1.86 2.59 1.45
1.75 1.87 2.6 1.47
1.8 1.96 2.6 1.56
1.71 1.75 2.8 1.55
1.71 1.86 2.63 1.49
1.72 1.92 2.59 1.51
1.75 2.01 2.51 1.52
1.62 1.77 2.79 1.56
1.78 1.8 2.67 1.47
1.7 1.89 2.62 1.51
1.73 1.83 2.6 1.43
1.71 1.78 2.72 1.5
1.67 1.87 2.61 1.48
1.71 1.78 2.77 1.55
1.76 1.86 2.61 1.47
1.8 2.03 2.48 1.51
1.72 1.82 2.72 1.54
1.76 1.77 2.76 1.53
1.74 1.78 2.66 1.44
1.76 1.85 2.67 1.52
1.74 1.85 2.67 1.52
1.77 1.77 2.74 1.51
1.72 1.76 2.66 1.42
1.7 1.75 2.73 1.48
1.72 1.87 2.63 1.5
1.74 2.01 2.53 1.54
1.7 1.8 2.73 1.53
1.8 1.87 2.65 1.52
1.83 2.02 2.48 1.5
1.71 2.04 2.42 1.46
1.73 1.89 2.58 1.47
1.73 1.81 2.7 1.51
1.74 1.88 2.59 1.47
1.73 1.95 2.65 1.6
1.84 1.97 2.56 1.53
1.78 1.88 2.69 1.57
1.76 1.99 2.49 1.48
1.7 1.85 2.66 1.51
1.81 2.0 2.51 1.51
1.7 1.74 2.66 1.4
1.75 2.0 2.53 1.53
1.74 1.79 2.64 1.43
1.74 1.88 2.61 1.49
1.71 1.81 2.68 1.49
1.81 2.02 2.42 1.44
1.74 1.69 2.8 1.49
1.74 1.94 2.62 1.56
1.84 2.02 2.48 1.5
1.77 2.01 2.54 1.55
1.74 1.77 2.68 1.45
1.79 1.89 2.6 1.49
1.72 1.65 2.82 1.47
1.72 1.85 2.71 1.56
1.74 1.95 2.53 1.48
1.84 2.06 2.42 1.48
1.7 1.91 2.65 1.56
1.69 1.7 2.85 1.55
1.75 1.97 2.53 1.5
1.73 1.72 2.82 1.54
1.82 2.02 2.48 1.5
1.7 1.8 2.63 1.43
1.72 1.82 2.76 1.58
1.75 1.79 2.68 1.47
1.81 1.86 2.61 1.47
1.78 1.89 2.58 1.47
1.75 1.91 2.53 1.44
1.73 1.71 2.79 1.5
1.75 1.91 2.63 1.54
1.75 1.85 2.68 1.53
1.72 1.79 2.66 1.45
1.77 1.97 2.57 1.54
1.78 2.04 2.47 1.51
1.7 1.92 2.56 1.48
1.78 1.91 2.63 1.54
1.72 1.82 2.68 1.5
1.77 1.77 2.7 1.47
1.79 1.97 2.57 1.54
1.75 1.91 2.57 1.48
1.73 1.82 2.69 1.51
1.73 1.8 2.65 1.45
1.77 1.88 2.66 1.54
1.77 1.83 2.63 1.46
1.72 1.75 2.7 1.45
1.75 1.9 2.62 1.52
1.78 1.85 2.68 1.53
1.73 2.05 2.51 1.56
1.8 1.97 2.51 1.48
1.77 1.9 2.63 1.53
1.75 1.94 2.66 1.6
1.71 1.82 2.69 1.51
1.74 1.88 2.66 1.54
1.79 2.01 2.58 1.59
1.74 1.78 2.75 1.53
1.76 1.96 2.5 1.46
1.72 1.94 2.66 1.6
1.68 1.81 2.72 1.53
1.75 2.0 2.5 1.5
1.8 2.12 2.46 1.58
1.77 1.74 2.71 1.45
1.7 1.81 2.74 1.55
1.74 1.98 2.52 1.5
1.75 1.85 2.64 1.49
1.76 1.74 2.73 1.47
1.73 1.99 2.54 1.53
1.78 1.73 2.76 1.49
1.8 2.0 2.5 1.5
1.8 1.91 2.6 1.51
1.71 1.93 2.6 1.53
1.79 1.78 2.75 1.53
1.7 1.76 2.82 1.58
1.75 1.84 2.61 1.45
1.79 1.92 2.53 1.45
1.76 1.92 2.55 1.47
1.73 1.83 2.66 1.49
1.7 1.91 2.66 1.57
1.77 1.79 2.69 1.48
1.81 1.92 2.63 1.55
1.67 1.84 2.65 1.49
1.71 1.71 2.73 1.44
1.71 1.97 2.55 1.52
1.67 1.81 2.77 1.58
1.73 1.93 2.65 1.58
1.75 1.8 2.68 1.48
1.72 1.78 2.67 1.45
1.71 1.74 2.74 1.48
1.69 1.62 2.86 1.48
1.75 1.67 2.81 1.48
1.69 1.53 2.95 1.48
1.69 1.75 2.78 1.53
1.8 1.92 2.6 1.52
1.75 1.87 2.6 1.47
1.76 2.04 2.49 1.53
1.73 1.89 2.63 1.52
1.75 1.92 2.5 1.42
1.71 1.73 2.76 1.49
1.68 1.62 2.85 1.47
1.75 1.9 2.58 1.48
1.72 1.81 2.65 1.46
1.77 1.83 2.68 1.51
1.77 1.83 2.71 1.54
1.79 2.0 2.53 1.53
1.75 1.95 2.61 1.56
1.78 2.07 2.46 1.53
1.74 1.87 2.66 1.53
1.7 1.8 2.6 1.4
1.69 1.83 2.63 1.46
1.77 1.75 2.71 1.46
1.77 1.97 2.52 1.49
1.69 1.92 2.62 1.54
1.81 1.85 2.65 1.5
1.73 1.96 2.59 1.55
1.72 1.84 2.7 1.54
1.85 1.89 2.5 1.39
1.79 1.79 2.75 1.54
1.78 1.76 2.7 1.46
1.74 1.86 2.6 1.46
1.79 2.0 2.51 1.51
1.79 1.88 2.57 1.45
1.65 1.73 2.78 1.51
1.72 1.7 2.83 1.53
1.79 1.96 2.54 1.5
1.76 1.83 2.67 1.5
1.77 1.93 2.49 1.42
1.8 1.97 2.6 1.57
1.72 1.93 2.61 1.54
1.68 1.89 2.6 1.49
1.76 1.91 2.61 1.52
1.71 1.76 2.76 1.52
1.62 1.66 2.86 1.52
1.7 1.98 2.57 1.55
1.81 1.77 2.75 1.52
1.74 1.86 2.62 1.48
1.71 1.86 2.69 1.55
1.78 1.89 2.57 1.46
1.73 1.82 2.67 1.49
1.81 1.82 2.6 1.42
1.77 1.85 2.67 1.52
1.74 1.83 2.66 1.49
1.81 1.82 2.79 1.61
1.76 2.19 2.38 1.57
1.79 1.82 2.68 1.5
1.72 1.88 2.58 1.46
1.77 1.76 2.74 1.5
1.76 1.9 2.55 1.45
1.68 1.7 2.74 1.44
1.77 1.84 2.65 1.49
1.68 1.77 2.7 1.47
1.7 1.71 2.76 1.47
1.69 1.69 2.76 1.45
1.69 1.77 2.75 1.52
1.73 1.83 2.72 1.55
1.76 1.85 2.63 1.48
1.76 1.92 2.55 1.47
1.68 1.86 2.66 1.52
1.77 2.16 2.32 1.48
1.83 1.94 2.52 1.46
1.67 1.72 2.78 1.5
1.74 1.75 2.69 1.44
1.76 2.15 2.37 1.52
1.78 1.83 2.7 1.53
1.71 1.82 2.63 1.45
1.8 1.88 2.57 1.45
1.76 1.86 2.62 1.48
1.79 1.89 2.57 1.46
1.8 1.93 2.58 1.51
1.76 2.07 2.45 1.52
1.74 2.01 2.56 1.57
1.79 1.88 2.61 1.49
1.75 2.02 2.47 1.49
1.71 1.85 2.68 1.53
1.75 1.88 2.53 1.41
1.67 1.79 2.67 1.46
1.77 1.97 2.47 1.44
1.77 1.9 2.64 1.54
1.69 1.89 2.59 1.48
1.82 1.97 2.48 1.45
1.71 1.94 2.56 1.5
1.73 1.89 2.62 1.51
1.78 1.76 2.68 1.44
1.7 1.76 2.69 1.45
1.74 1.75 2.83 1.58
1.73 1.93 2.54 1.47
1.74 1.78 2.7 1.48
1.78 1.85 2.64 1.49
1.79 1.85 2.67 1.52
1.68 1.74 2.7 1.44
1.77 1.82 2.56 1.38
1.78 1.89 2.49 1.38
1.8 1.95 2.56 1.51
1.66 1.73 2.84 1.57
1.76 1.73 2.71 1.44
1.71 1.78 2.71 1.49
1.77 2.05 2.48 1.53
1.82 2.09 2.46 1.55
1.7 1.85 2.7 1.55
1.69 1.86 2.6 1.46
1.67 1.78 2.75 1.53
1.79 2.03 2.54 1.57
1.7 1.79 2.71 1.5
1.81 1.99 2.63 1.62
1.75 2.08 2.42 1.5
1.76 1.74 2.7 1.44
1.73 1.96 2.52 1.48
1.77 1.91 2.56 1.47
1.79 1.92 2.58 1.5
1.79 1.88 2.62 1.5
1.77 1.81 2.7 1.51
1.76 1.9 2.56 1.46
1.76 1.99 2.53 1.52
1.72 1.87 2.55 1.42
1.78 1.99 2.51 1.5
1.78 1.93 2.63 1.56
1.75 1.81 2.6 1.41
1.65 1.73 2.73 1.46
1.7 1.84 2.67 1.51
1.73 1.68 2.75 1.43
1.76 2.09 2.41 1.5
1.76 1.9 2.59 1.49
1.77 2.04 2.45 1.49
1.75 1.83 2.65 1.48
1.79 1.94 2.61 1.55
1.73 1.91 2.56 1.47
1.74 1.88 2.71 1.59
1.71 1.63 2.86 1.49
1.76 1.72 2.85 1.57
1.68 1.85 2.57 1.42
1.73 1.93 2.61 1.54
1.74 1.75 2.72 1.47
1.74 1.79 2.7 1.49
1.71 1.94 2.61 1.55
1.75 1.86 2.65 1.51
1.8 2.08 2.47 1.55
1.75 1.88 2.56 1.44
1.72 1.73 2.73 1.46
1.73 1.87 2.67 1.54
1.84 1.91 2.61 1.52
1.71 1.82 2.7 1.52
1.74 1.89 2.64 1.53
1.84 2.11 2.36 1.47
1.75 1.95 2.53 1.48
1.71 1.63 2.85 1.48
1.82 1.88 2.6 1.48
1.82 1.91 2.56 1.47
1.79 1.95 2.45 1.4
1.67 1.68 2.75 1.43
1.77 1.8 2.54 1.34
1.63 1.7 2.79 1.49
1.67 1.69 2.71 1.4
1.73 1.73 2.69 1.42
1.8 1.99 2.46 1.45
1.85 1.92 2.58 1.5
1.77 1.93 2.64 1.57
1.79 1.89 2.61 1.5
1.82 1.95 2.57 1.52
1.75 1.83 2.59 1.42
1.75 2.0 2.43 1.43
1.74 1.85 2.67 1.52
1.7 1.88 2.71 1.59
1.67 1.83 2.74 1.57
1.81 1.84 2.62 1.46
1.73 1.83 2.62 1.45
1.76 1.84 2.63 1.47
1.74 1.82 2.78 1.6
1.81 2.11 2.33 1.44
1.8 1.92 2.54 1.46
1.79 1.67 2.87 1.54
1.73 1.88 2.65 1.53
1.76 2.04 2.48 1.52
1.77 1.87 2.62 1.49
1.75 1.86 2.62 1.48
1.76 1.99 2.48 1.47
1.73 1.74 2.63 1.37
1.75 1.8 2.71 1.51
1.75 1.78 2.71 1.49
1.73 1.83 2.62 1.45
1.66 1.93 2.54 1.47
1.74 1.92 2.53 1.45
1.81 2.04 2.48 1.52
1.75 2.0 2.6 1.6
1.73 1.76 2.78 1.54
1.78 1.92 2.57 1.49
1.75 1.88 2.51 1.39
1.71 1.89 2.6 1.49
1.77 1.85 2.62 1.47
1.82 1.89 2.53 1.42
1.7 1.6 2.81 1.41
1.73 1.81 2.68 1.49
1.7 1.89 2.74 1.63
1.75 1.81 2.64 1.45
1.79 1.9 2.61 1.51
1.73 1.8 2.66 1.46
1.77 1.87 2.56 1.43
1.79 1.84 2.59 1.43
1.7 1.75 2.78 1.53
1.72 1.93 2.63 1.56
1.77 1.81 2.74 1.55
1.73 1.73 2.76 1.49
1.73 1.89 2.69 1.58
1.7 1.62 2.82 1.44
1.71 1.8 2.7 1.5
1.68 1.84 2.68 1.52
1.75 1.89 2.65 1.54
1.79 1.84 2.67 1.51
1.78 1.86 2.61 1.47
1.78 1.92 2.55 1.47
1.76 1.98 2.59 1.57
1.71 1.82 2.72 1.54
1.79 2.17 2.34 1.51
1.73 1.78 2.68 1.46
1.79 1.82 2.68 1.5
1.73 1.89 2.61 1.5
1.64 1.7 2.84 1.54
1.7 1.75 2.75 1.5
1.74 1.84 2.71 1.55
1.71 1.91 2.59 1.5
1.8 1.76 2.65 1.41
1.72 1.89 2.57 1.46
1.79 2.12 2.45 1.57
1.67 1.66 2.83 1.49
1.78 2.03 2.49 1.52
1.69 1.85 2.59 1.44
1.78 1.86 2.65 1.51
1.76 1.9 2.55 1.45
1.74 1.98 2.46 1.44
1.72 2.0 2.5 1.5
1.69 1.97 2.58 1.55
1.71 1.87 2.65 1.52
1.78 1.92 2.63 1.55
1.77 1.9 2.6 1.5
1.69 1.84 2.71 1.55
1.69 1.94 2.54 1.48
1.73 1.86 2.75 1.61
1.8 1.85 2.58 1.43
1.82 1.91 2.55 1.46
1.75 1.82 2.74 1.56
1.74 1.9 2.6 1.5
1.74 1.82 2.65 1.47
1.75 1.78 2.65 1.43
1.76 1.88 2.67 1.55
1.83 1.94 2.56 1.5
1.77 1.96 2.6 1.56
1.73 1.72 2.72 1.44
1.75 2.0 2.6 1.6
1.72 1.75 2.68 1.43
1.74 1.94 2.51 1.45
1.77 1.88 2.65 1.53
1.79 1.83 2.67 1.5
1.76 1.76 2.7 1.46
1.68 1.71 2.89 1.6
1.81 1.84 2.61 1.45
1.68 1.74 2.79 1.53
1.75 1.82 2.81 1.63
1.8 1.96 2.59 1.55
1.88 2.08 2.4 1.48
1.7 1.93 2.61 1.54
1.74 2.0 2.58 1.58
1.74 1.81 2.67 1.48
1.74 1.82 2.59 1.41
1.78 1.9 2.59 1.49
1.78 1.97 2.61 1.58
1.73 1.84 2.64 1.48
1.73 1.81 2.62 1.43
1.75 1.93 2.56 1.49
1.75 1.83 2.69 1.52
1.75 1.97 2.54 1.51
1.65 1.88 2.63 1.51
1.74 1.87 2.69 1.56
1.64 1.69 2.79 1.48
1.73 1.85 2.68 1.53
1.78 1.85 2.69 1.54
1.72 1.79 2.7 1.49
1.76 1.94 2.56 1.5
1.73 1.9 2.59 1.49
1.71 1.82 2.72 1.54
1.67 1.81 2.63 1.44
1.76 1.9 2.62 1.52
1.68 1.82 2.65 1.47
1.68 1.89 2.64 1.53
1.69 1.8 2.71 1.51
1.8 1.73 2.76 1.49
1.75 1.88 2.63 1.51
1.76 1.93 2.58 1.51
1.75 1.84 2.66 1.5
1.75 1.88 2.63 1.51
1.82 1.86 2.6 1.46
1.71 1.87 2.67 1.54
1.71 1.81 2.66 1.47
1.76 1.88 2.62 1.5
1.76 1.96 2.5 1.46
1.79 1.85 2.63 1.48
1.79 2.05 2.52 1.57
1.79 1.85 2.53 1.38
1.8 1.82 2.68 1.5
1.77 1.92 2.68 1.6
1.79 1.86 2.67 1.53
1.78 1.93 2.47 1.4
1.73 1.71 2.64 1.35
1.75 1.88 2.62 1.5
1.75 2.03 2.44 1.47
1.74 1.78 2.74 1.52
1.78 2.02 2.5 1.52
1.7 1.88 2.65 1.53
1.78 1.91 2.53 1.44
1.72 1.78 2.7 1.48
1.74 1.93 2.58 1.51
1.78 1.71 2.74 1.45
1.73 1.8 2.71 1.51
1.79 1.99 2.48 1.47
1.71 1.56 2.9 1.46
1.74 1.83 2.66 1.49
1.8 2.0 2.51 1.51
1.81 1.99 2.49 1.48
1.78 1.88 2.59 1.47
1.7 1.82 2.7 1.52
1.75 1.87 2.6 1.47
1.76 1.8 2.69 1.49
1.7 1.8 2.73 1.53
1.6 1.7 2.73 1.43
1.79 1.97 2.55 1.52
1.78 1.82 2.66 1.48
1.76 1.86 2.62 1.48
1.69 1.82 2.73 1.55
1.77 1.72 2.65 1.37
1.67 1.83 2.72 1.55
1.75 1.78 2.8 1.58
1.8 1.79 2.63 1.42
1.71 1.88 2.65 1.53
1.77 1.87 2.6 1.47
1.81 1.97 2.48 1.45
1.74 1.94 2.43 1.37
1.77 1.84 2.64 1.48
1.77 1.94 2.51 1.45
1.68 1.82 2.7 1.52
1.77 1.87 2.65 1.52
1.75 1.83 2.79 1.62
1.75 1.89 2.66 1.55
1.77 1.82 2.63 1.45
1.81 2.03 2.41 1.44
1.73 1.78 2.74 1.52
1.69 1.96 2.52 1.48
1.79 1.95 2.5 1.45
1.79 2.02 2.53 1.55
1.66 1.64 2.84 1.48
1.78 1.86 2.62 1.48
1.79 1.87 2.61 1.48
1.8 1.96 2.5 1.46
1.76 1.77 2.69 1.46
1.78 1.88 2.59 1.47
1.82 1.97 2.5 1.47
1.74 1.94 2.56 1.5
1.74 1.82 2.64 1.46
1.71 1.74 2.86 1.6
1.76 1.61 2.91 1.52
1.8 1.83 2.67 1.5
1.8 2.01 2.41 1.42
1.77 1.91 2.62 1.53
1.7 1.77 2.75 1.52
1.77 1.77 2.7 1.47
1.81 2.02 2.52 1.54
1.72 1.91 2.63 1.54
1.78 1.89 2.63 1.52
1.75 1.79 2.67 1.46
1.78 1.79 2.62 1.41
1.76 1.93 2.56 1.49
1.77 1.91 2.63 1.54
1.72 1.98 2.54 1.52
1.68 1.78 2.73 1.51
1.76 1.92 2.57 1.49
1.76 1.78 2.76 1.54
1.73 1.89 2.56 1.45
1.76 1.92 2.54 1.46
1.72 1.96 2.46 1.42
1.71 1.81 2.72 1.53
1.75 1.92 2.57 1.49
1.79 1.83 2.65 1.48
1.76 1.72 2.71 1.43
1.8 1.83 2.74 1.57
1.78 2.05 2.44 1.49
1.76 1.86 2.55 1.41
1.7 1.81 2.72 1.53
1.72 1.95 2.64 1.59
1.78 1.83 2.63 1.46
1.67 1.84 2.67 1.51
1.72 1.9 2.68 1.58
1.77 1.83 2.64 1.47
1.73 1.94 2.52 1.46
1.74 1.74 2.73 1.47
1.77 1.97 2.51 1.48
1.76 1.87 2.54 1.41
1.79 1.78 2.79 1.57
1.75 1.84 2.69 1.53
1.83 2.0 2.46 1.46
1.82 1.79 2.73 1.52
1.72 1.87 2.64 1.51
1.79 1.93 2.52 1.45
1.82 1.94 2.58 1.52
1.76 1.97 2.63 1.6
1.76 1.64 2.87 1.51
1.79 1.89 2.59 1.48
1.71 1.93 2.66 1.59
1.74 1.89 2.51 1.4
1.73 2.09 2.51 1.6
1.72 1.96 2.53 1.49
1.81 2.0 2.48 1.48
1.7 1.85 2.64 1.49
1.75 1.88 2.65 1.53
1.8 1.94 2.58 1.52
1.78 1.92 2.65 1.57
1.85 2.1 2.44 1.54
1.77 1.86 2.64 1.5
1.76 1.98 2.5 1.48
1.72 1.94 2.52 1.46
1.87 2.17 2.43 1.6
1.77 1.83 2.74 1.57
1.77 1.98 2.56 1.54
1.73 1.84 2.68 1.52
1.79 1.87 2.53 1.4
1.74 1.72 2.82 1.54
1.8 2.05 2.48 1.53
1.79 1.93 2.53 1.46
1.73 1.84 2.6 1.44
1.67 1.84 2.69 1.53
1.76 1.85 2.62 1.47
1.75 1.99 2.51 1.5
1.7 1.76 2.77 1.53
1.75 1.85 2.73 1.58
1.75 1.88 2.56 1.44
1.77 1.77 2.7 1.47
1.68 1.73 2.71 1.44
1.85 1.84 2.63 1.47
1.78 1.77 2.74 1.51
1.7 1.91 2.6 1.51
1.8 1.8 2.68 1.48
1.8 1.98 2.55 1.53
1.77 2.03 2.5 1.53
1.72 1.82 2.64 1.46
1.81 2.0 2.53 1.53
1.7 1.7 2.82 1.52
1.75 1.91 2.54 1.45
1.76 1.89 2.62 1.51
1.79 1.86 2.58 1.44
1.77 1.99 2.51 1.5
1.78 1.88 2.56 1.44
1.72 1.8 2.74 1.54
1.79 1.98 2.56 1.54
1.8 1.84 2.67 1.51
1.74 1.83 2.62 1.45
1.77 1.97 2.57 1.54
1.81 1.94 2.66 1.6
1.77 2.09 2.51 1.6
1.77 1.87 2.64 1.51
1.79 1.84 2.67 1.51
1.76 1.94 2.5 1.44
1.84 1.89 2.66 1.55
1.75 1.7 2.77 1.47
1.81 2.07 2.47 1.54
1.82 1.89 2.55 1.44
1.74 1.75 2.73 1.48
1.77 1.85 2.7 1.55
1.76 1.8 2.67 1.47
1.8 1.86 2.59 1.45
1.75 1.96 2.61 1.57
1.8 1.94 2.54 1.48
1.79 2.01 2.53 1.54
1.8 1.87 2.62 1.49
1.79 1.9 2.56 1.46
1.76 1.87 2.54 1.41
1.72 1.91 2.64 1.55
1.76 1.9 2.6 1.5
1.69 1.72 2.74 1.46
1.76 1.76 2.68 1.44
1.71 1.9 2.64 1.54
1.74 1.95 2.64 1.59
1.79 2.13 2.37 1.5
1.75 1.82 2.67 1.49
1.74 1.82 2.71 1.53
1.78 1.9 2.64 1.54
1.79 1.84 2.66 1.5
1.77 1.94 2.58 1.52
1.78 1.79 2.7 1.49
1.8 1.91 2.53 1.44
1.74 1.73 2.77 1.5
1.77 1.89 2.6 1.49
1.76 1.78 2.71 1.49
1.72 1.8 2.69 1.49
1.72 1.93 2.6 1.53
1.71 1.64 2.84 1.48
1.7 1.83 2.72 1.55
1.75 1.83 2.65 1.48
1.69 1.8 2.72 1.52
1.75 1.8 2.7 1.5
1.81 1.98 2.54 1.52
1.78 1.94 2.63 1.57
1.71 1.75 2.85 1.6
1.77 1.97 2.53 1.5
1.82 1.93 2.53 1.46
1.69 1.74 2.72 1.46
1.7 1.71 2.77 1.48
1.74 1.91 2.71 1.62
1.71 1.93 2.61 1.54
1.72 1.81 2.67 1.48
1.72 1.85 2.57 1.42
1.8 2.08 2.52 1.6
1.76 1.84 2.64 1.48
1.77 1.95 2.55 1.5
1.73 2.0 2.61 1.61
1.75 1.76 2.67 1.43
1.77 1.74 2.73 1.47
1.74 1.73 2.69 1.42
1.8 1.8 2.71 1.51
1.8 1.8 2.67 1.47
1.72 2.03 2.47 1.5
1.71 1.75 2.76 1.51
1.75 1.68 2.74 1.42
1.75 2.02 2.53 1.55
1.68 1.59 2.9 1.49
1.79 2.0 2.49 1.49
1.73 1.7 2.78 1.48
1.82 1.98 2.54 1.52
1.79 1.93 2.56 1.49
1.8 2.02 2.54 1.56
1.76 1.84 2.63 1.47
1.69 1.82 2.72 1.54
1.76 1.97 2.56 1.53
1.78 1.84 2.65 1.49
1.75 1.9 2.61 1.51
1.78 1.9 2.76 1.66
1.7 1.88 2.64 1.52
1.75 1.81 2.68 1.49
1.82 1.96 2.5 1.46
1.75 1.66 2.83 1.49
1.72 1.79 2.67 1.46
1.83 1.98 2.51 1.49
1.64 1.88 2.65 1.53
1.8 2.01 2.46 1.47
1.81 1.89 2.64 1.53
1.73 1.81 2.7 1.51
1.78 2.02 2.57 1.59
1.76 2.06 2.43 1.49
1.77 1.78 2.78 1.56
1.72 1.8 2.73 1.53
1.81 1.88 2.62 1.5
1.8 1.9 2.58 1.48
1.78 1.84 2.76 1.6
1.7 1.97 2.54 1.51
1.78 1.97 2.55 1.52
1.72 1.71 2.85 1.56
1.7 1.72 2.64 1.36
1.8 1.94 2.52 1.46
1.76 1.86 2.62 1.48
1.8 2.01 2.48 1.49
1.76 1.87 2.58 1.45
1.75 1.79 2.75 1.54
1.73 1.95 2.55 1.5
1.71 1.8 2.69 1.49
1.75 1.94 2.57 1.51
1.71 1.89 2.58 1.47
1.76 1.9 2.63 1.53
1.69 1.79 2.75 1.54
1.69 2.02 2.48 1.5
1.8 1.86 2.64 1.5
1.81 1.91 2.54 1.45
1.76 1.92 2.58 1.5
1.84 1.91 2.67 1.58
1.72 1.95 2.68 1.63
1.72 1.97 2.56 1.53
1.74 1.95 2.56 1.51
1.72 1.81 2.68 1.49
1.74 1.75 2.72 1.47
1.72 1.87 2.66 1.53
1.74 2.03 2.46 1.49
1.75 1.93 2.57 1.5
1.75 1.89 2.63 1.52
1.78 1.8 2.76 1.56
1.73 1.9 2.59 1.49
1.76 1.84 2.71 1.55
1.67 1.81 2.75 1.56
1.81 1.97 2.51 1.48
1.76 1.82 2.67 1.49
1.81 1.92 2.57 1.49
1.74 1.81 2.67 1.48
1.67 1.72 2.78 1.5
1.78 1.86 2.72 1.58
1.77 1.75 2.64 1.39
1.67 1.62 2.88 1.5
1.8 2.03 2.45 1.48
1.77 1.96 2.53 1.49
1.77 1.76 2.76 1.52
1.78 1.94 2.61 1.55
1.72 1.76 2.74 1.5
1.78 1.88 2.64 1.52
1.8 2.03 2.45 1.48
1.76 1.9 2.66 1.56
1.76 2.03 2.58 1.61
1.75 2.03 2.45 1.48
1.79 2.06 2.44 1.5
1.75 2.0 2.54 1.54
1.72 1.93 2.65 1.58
1.74 1.98 2.56 1.54
1.86 1.92 2.58 1.5
1.63 1.8 2.73 1.53
1.71 1.85 2.63 1.48
1.7 1.74 2.86 1.6
1.75 1.99 2.52 1.51
1.67 1.89 2.6 1.49
1.77 1.96 2.49 1.45
1.77 1.91 2.63 1.54
1.78 1.91 2.66 1.57
1.73 1.77 2.73 1.5
1.85 1.93 2.54 1.47
1.76 1.75 2.79 1.54
1.75 1.87 2.57 1.44
1.74 1.86 2.55 1.41
1.76 1.91 2.67 1.58
1.82 2.07 2.47 1.54
1.72 1.77 2.7 1.47
1.78 2.05 2.51 1.56
1.83 1.89 2.6 1.49
1.75 1.85 2.62 1.47
1.81 2.15 2.36 1.51
1.69 1.92 2.6 1.52
1.77 1.8 2.65 1.45
1.77 1.77 2.77 1.54
1.7 1.76 2.69 1.45
1.69 1.91 2.64 1.55
1.75 1.97 2.55 1.52
1.77 2.04 2.47 1.51
1.71 1.79 2.77 1.56
1.79 2.13 2.42 1.55
1.72 1.85 2.65 1.5
1.7 1.81 2.61 1.42
1.8 1.98 2.55 1.53
1.79 1.86 2.59 1.45
1.72 1.82 2.7 1.52
1.78 1.9 2.56 1.46
1.76 1.95 2.61 1.56
1.67 1.78 2.74 1.52
1.79 2.01 2.51 1.52
1.72 1.73 2.79 1.52
1.79 1.93 2.63 1.56
1.72 1.98 2.6 1.58
1.82 1.94 2.57 1.51
1.82 1.87 2.62 1.49
1.74 1.97 2.6 1.57
1.74 1.77 2.69 1.46
1.8 1.89 2.64 1.53
1.67 1.72 2.76 1.48
1.76 1.81 2.66 1.47
1.79 1.88 2.65 1.53
1.7 1.64 2.85 1.49
1.75 1.89 2.65 1.54
1.67 1.84 2.69 1.53
1.74 1.9 2.61 1.51
1.72 1.84 2.69 1.53
1.76 1.98 2.55 1.53
1.73 1.82 2.68 1.5
1.75 2.01 2.57 1.58
1.76 1.85 2.66 1.51
1.79 1.97 2.52 1.49
1.77 1.84 2.64 1.48
1.71 1.92 2.62 1.54
1.78 2.05 2.46 1.51
1.74 1.74 2.81 1.55
1.79 1.77 2.66 1.43
1.75 1.86 2.61 1.47
1.69 1.76 2.7 1.46
1.74 1.85 2.61 1.46
1.74 1.99 2.52 1.51
1.79 1.95 2.51 1.46
1.8 1.81 2.64 1.45
1.79 2.0 2.5 1.5
1.77 2.09 2.44 1.53
1.76 1.99 2.51 1.5
1.8 1.93 2.6 1.53
1.87 1.87 2.57 1.44
1.8 1.84 2.7 1.54
1.67 1.86 2.61 1.47
1.75 1.85 2.64 1.49
1.72 1.77 2.69 1.46
1.76 1.77 2.72 1.49
1.75 1.74 2.67 1.41
1.73 2.1 2.51 1.61
1.77 1.76 2.65 1.41
1.69 1.84 2.7 1.54
1.74 1.95 2.6 1.55
1.82 1.96 2.5 1.46
1.76 1.87 2.65 1.52
1.74 1.87 2.64 1.51
1.71 1.97 2.48 1.45
1.77 1.89 2.67 1.56
1.71 1.89 2.62 1.51
1.71 1.7 2.71 1.41
1.78 2.09 2.51 1.6
1.7 1.94 2.68 1.62
1.76 1.94 2.56 1.5
1.72 1.8 2.66 1.46
1.77 1.91 2.56 1.47
1.7 1.82 2.6 1.42
1.73 2.0 2.49 1.49
1.81 1.98 2.55 1.53
1.71 1.75 2.76 1.51
1.8 1.81 2.68 1.49
1.7 1.69 2.77 1.46
1.73 1.93 2.57 1.5
1.8 1.86 2.59 1.45
1.76 1.88 2.67 1.55
1.78 1.93 2.63 1.56
1.73 1.86 2.61 1.47
1.73 1.8 2.72 1.52
1.83 1.94 2.57 1.51
1.81 1.81 2.62 1.43
1.78 1.9 2.66 1.56
1.73 1.83 2.68 1.51
1.68 1.78 2.66 1.44
1.79 1.91 2.55 1.46
1.78 1.88 2.56 1.44
1.71 1.88 2.6 1.48
1.72 1.91 2.55 1.46
1.77 2.05 2.45 1.5
1.68 1.76 2.7 1.46
1.75 1.83 2.68 1.51
1.72 1.81 2.68 1.49
1.77 1.94 2.58 1.52
1.78 2.03 2.45 1.48
1.73 1.85 2.72 1.57
1.72 1.71 2.81 1.52
1.79 2.01 2.55 1.56
1.7 1.83 2.76 1.59
1.77 1.84 2.65 1.49
1.74 1.93 2.55 1.48
1.75 1.74 2.81 1.55
1.81 2.05 2.44 1.49
1.8 1.95 2.54 1.49
1.78 1.72 2.79 1.51
1.71 1.86 2.72 1.58
1.8 1.95 2.52 1.47
1.74 1.94 2.58 1.52
1.82 1.88 2.59 1.47
1.74 2.02 2.5 1.52
1.72 1.71 2.75 1.46
1.79 2.01 2.51 1.52
1.7 1.83 2.69 1.52
1.62 1.72 2.73 1.45
1.72 1.79 2.67 1.46
1.82 2.0 2.64 1.64
1.74 1.93 2.6 1.53
1.72 1.78 2.69 1.47
1.8 1.95 2.63 1.58
1.71 1.78 2.74 1.52
1.83 2.01 2.42 1.43
1.68 1.76 2.66 1.42
1.74 1.8 2.71 1.51
1.82 2.1 2.45 1.55
1.78 2.12 2.49 1.61
1.76 2.01 2.55 1.56
1.77 1.77 2.76 1.53
1.73 1.82 2.77 1.59
1.72 1.73 2.79 1.52
1.78 1.85 2.57 1.42
1.74 1.93 2.58 1.51
1.76 1.76 2.68 1.44
1.72 1.87 2.65 1.52
1.82 1.97 2.52 1.49
1.7 1.81 2.7 1.51
1.83 1.71 2.73 1.44
1.71 1.9 2.68 1.58
1.69 1.76 2.73 1.49
1.71 1.78 2.79 1.57
1.62 1.71 2.77 1.48
1.79 1.9 2.58 1.48
1.77 1.74 2.69 1.43
1.74 1.94 2.56 1.5
1.69 1.71 2.71 1.42
1.71 2.05 2.48 1.53
1.8 2.04 2.57 1.61
1.76 1.95 2.51 1.46
1.82 1.9 2.64 1.54
1.72 1.83 2.64 1.47
1.76 1.89 2.61 1.5
1.76 1.72 2.74 1.46
1.76 1.93 2.57 1.5
1.75 1.82 2.68 1.5
1.75 1.79 2.74 1.53
1.76 1.74 2.82 1.56
1.71 1.76 2.74 1.5
1.76 1.92 2.63 1.55
1.81 1.95 2.55 1.5
1.73 1.82 2.65 1.47
1.71 1.73 2.75 1.48
1.71 1.78 2.59 1.37
1.79 2.0 2.54 1.54
1.77 1.99 2.53 1.52
1.82 2.0 2.57 1.57
1.82 2.09 2.47 1.56
1.74 1.88 2.66 1.54
1.79 1.86 2.64 1.5
1.77 1.9 2.66 1.56
1.77 2.01 2.54 1.55
1.74 1.66 2.73 1.39
1.76 1.78 2.71 1.49
1.78 1.86 2.64 1.5
1.7 1.83 2.65 1.48
1.76 1.95 2.59 1.54
1.76 1.83 2.66 1.49
1.72 1.78 2.76 1.54
1.73 1.85 2.59 1.44
1.79 1.98 2.56 1.54
1.76 1.87 2.62 1.49
1.74 1.81 2.69 1.5
1.75 1.9 2.61 1.51
1.78 1.93 2.58 1.51
1.76 1.83 2.59 1.42
1.8 1.85 2.64 1.49
1.82 1.88 2.55 1.43
1.71 1.82 2.75 1.57
1.81 1.89 2.64 1.53
1.73 1.85 2.6 1.45
1.75 1.71 2.68 1.39
1.76 2.04 2.45 1.49
1.71 1.64 2.79 1.43
1.8 1.86 2.64 1.5
1.76 1.9 2.58 1.48
1.76 1.84 2.66 1.5
1.74 1.88 2.66 1.54
1.7 1.89 2.63 1.52
1.78 1.88 2.57 1.45
1.76 1.89 2.6 1.49
1.74 1.9 2.65 1.55
1.71 1.68 2.79 1.47
1.79 1.95 2.58 1.53
1.83 1.93 2.62 1.55
1.73 1.91 2.57 1.48
1.74 1.88 2.69 1.57
1.68 2.09 2.53 1.62
1.75 1.79 2.73 1.52
1.74 2.1 2.47 1.57
1.72 1.86 2.68 1.54
1.74 2.19 2.34 1.53
1.69 1.78 2.78 1.56
1.71 1.78 2.73 1.51
1.73 1.77 2.72 1.49
1.75 2.07 2.52 1.59
1.78 1.86 2.65 1.51
1.79 1.93 2.49 1.42
1.72 1.96 2.58 1.54
1.75 2.0 2.53 1.53
1.75 1.88 2.55 1.43
1.76 1.93 2.63 1.56
1.82 1.93 2.62 1.55
1.75 1.92 2.57 1.49
1.74 1.89 2.59 1.48
1.71 1.73 2.77 1.5
1.77 2.02 2.55 1.57
1.74 1.74 2.73 1.47
1.81 2.09 2.45 1.54
1.77 1.94 2.59 1.53
1.78 1.76 2.71 1.47
1.81 1.83 2.66 1.49
1.79 1.95 2.54 1.49
1.69 1.76 2.78 1.54
1.81 1.97 2.53 1.5
1.83 1.81 2.71 1.52
1.73 1.9 2.69 1.59
1.78 1.89 2.59 1.48
1.75 1.8 2.61 1.41
1.76 1.82 2.65 1.47
1.68 1.83 2.67 1.5
1.76 1.91 2.59 1.5
1.82 1.91 2.53 1.44
1.69 1.95 2.66 1.61
1.77 1.93 2.55 1.48
1.8 1.88 2.64 1.52
1.73 1.7 2.84 1.54
1.77 1.86 2.59 1.45
1.78 2.03 2.43 1.46
1.79 1.8 2.67 1.47
1.84 1.82 2.68 1.5
1.79 1.98 2.52 1.5
1.68 1.8 2.74 1.54
1.77 1.94 2.64 1.58
1.72 1.86 2.62 1.48
1.78 1.97 2.49 1.46
1.83 1.98 2.52 1.5
1.73 1.87 2.64 1.51
1.7 1.91 2.58 1.49
1.71 2.0 2.5 1.5
1.76 1.92 2.61 1.53
1.81 1.87 2.62 1.49
1.79 1.87 2.57 1.44
1.77 2.0 2.54 1.54
1.73 1.92 2.57 1.49
1.79 1.9 2.58 1.48
1.79 2.06 2.47 1.53
1.77 1.92 2.63 1.55
1.77 2.0 2.51 1.51
1.83 2.08 2.46 1.54
1.76 1.91 2.57 1.48
1.67 1.89 2.52 1.41
1.79 1.96 2.58 1.54
1.74 1.94 2.55 1.49
1.79 1.9 2.59 1.49
1.75 1.8 2.66 1.46
1.78 2.01 2.56 1.57
1.72 1.86 2.66 1.52
1.79 1.78 2.65 1.43
1.71 1.94 2.67 1.61
1.86 1.89 2.6 1.49
1.75 1.87 2.69 1.56
1.77 1.82 2.7 1.52
1.75 1.95 2.54 1.49
1.77 2.01 2.53 1.54
1.73 1.85 2.57 1.42
1.78 2.09 2.42 1.51
1.87 1.88 2.55 1.43
1.64 1.66 2.78 1.44
1.72 1.78 2.68 1.46
1.77 1.98 2.53 1.51
1.77 1.78 2.71 1.49
1.74 2.01 2.53 1.54
1.74 1.94 2.58 1.52
1.7 1.88 2.65 1.53
1.81 1.8 2.63 1.43
1.7 1.89 2.56 1.45
1.8 1.93 2.58 1.51
1.74 1.95 2.54 1.49
1.81 1.99 2.49 1.48
1.74 1.86 2.6 1.46
1.75 2.13 2.47 1.6
1.75 1.93 2.64 1.57
1.81 1.9 2.62 1.52
1.74 1.97 2.66 1.63
1.79 1.85 2.58 1.43
1.74 2.0 2.59 1.59
1.82 2.19 2.4 1.59
1.75 1.75 2.68 1.43
1.77 1.84 2.71 1.55
1.74 1.83 2.76 1.59
1.7 1.79 2.67 1.46
1.75 1.89 2.6 1.49
1.76 1.86 2.55 1.41
1.84 1.71 2.79 1.5
1.76 1.94 2.59 1.53
1.78 1.92 2.61 1.53
1.79 1.9 2.67 1.57
1.8 1.98 2.57 1.55
1.74 1.77 2.74 1.51
1.76 1.96 2.5 1.46
1.7 1.72 2.77 1.49
1.68 1.66 2.8 1.46
1.73 1.89 2.7 1.59
1.78 1.97 2.47 1.44
1.7 1.82 2.6 1.42
1.8 1.84 2.61 1.45
1.68 1.85 2.67 1.52
1.73 1.72 2.75 1.47
1.72 1.91 2.63 1.54
1.69 1.75 2.77 1.52
1.7 1.75 2.72 1.47
1.71 1.96 2.53 1.49
1.75 1.86 2.56 1.42
1.75 1.86 2.65 1.51
1.72 1.88 2.55 1.43
1.79 1.9 2.67 1.57
1.73 1.96 2.49 1.45
1.74 1.82 2.63 1.45
1.71 1.86 2.69 1.55
1.67 1.83 2.67 1.5
1.79 1.86 2.58 1.44
1.77 1.9 2.68 1.58
1.75 1.76 2.72 1.48
1.78 1.79 2.64 1.43
1.67 1.73 2.79 1.52
1.79 1.93 2.6 1.53
1.79 1.86 2.6 1.46
1.76 1.97 2.49 1.46
1.8 1.9 2.66 1.56
1.76 1.94 2.54 1.48
1.67 1.8 2.7 1.5
1.74 1.78 2.72 1.5
1.76 1.96 2.55 1.51
1.76 1.87 2.64 1.51
1.76 1.97 2.49 1.46
1.68 1.69 2.82 1.51
1.76 1.8 2.7 1.5
1.82 1.99 2.5 1.49
1.77 1.78 2.74 1.52
1.84 2.0 2.56 1.56
1.79 1.98 2.55 1.53
1.78 1.92 2.55 1.47
1.69 1.96 2.56 1.52
1.69 1.89 2.72 1.61
1.77 1.71 2.83 1.54
1.7 1.81 2.73 1.54
1.65 1.7 2.82 1.52
1.72 1.93 2.55 1.48
1.75 1.86 2.64 1.5
1.79 1.88 2.54 1.42
1.81 1.98 2.47 1.45
1.76 1.82 2.65 1.47
1.69 1.82 2.65 1.47
1.74 1.92 2.62 1.54
1.77 1.94 2.54 1.48
1.7 1.76 2.72 1.48
1.7 1.84 2.68 1.52
1.73 1.87 2.69 1.56
1.74 1.91 2.58 1.49
1.82 1.96 2.5 1.46
1.64 1.81 2.74 1.55
1.74 1.79 2.76 1.55
1.79 1.81 2.67 1.48
1.84 1.91 2.65 1.56
1.76 1.81 2.63 1.44
1.74 1.79 2.66 1.45
1.8 2.07 2.42 1.49
1.75 1.81 2.71 1.52
1.75 1.98 2.51 1.49
1.75 1.83 2.62 1.45
1.83 1.88 2.72 1.6
1.71 1.93 2.63 1.56
1.77 1.86 2.64 1.5
1.72 2.04 2.53 1.57
1.79 1.84 2.6 1.44
1.76 1.88 2.7 1.58
1.85 1.97 2.5 1.47
1.81 1.93 2.51 1.44
1.69 1.86 2.61 1.47
1.75 1.73 2.72 1.45
1.7 1.97 2.58 1.55
1.73 1.88 2.63 1.51
1.75 1.95 2.51 1.46
1.84 1.96 2.5 1.46
1.72 1.66 2.84 1.5
1.81 2.06 2.44 1.5
1.72 1.88 2.64 1.52
1.8 1.88 2.61 1.49
1.77 1.82 2.65 1.47
1.77 1.72 2.74 1.46
1.76 1.81 2.75 1.56
1.82 1.94 2.58 1.52
1.79 1.91 2.53 1.44
1.71 1.82 2.68 1.5
1.76 1.83 2.57 1.4
1.81 1.96 2.57 1.53
1.66 1.63 2.9 1.53
1.79 1.91 2.6 1.51
1.77 1.81 2.69 1.5
1.7 1.97 2.55 1.52
1.75 1.94 2.53 1.47
1.72 1.83 2.67 1.5
1.75 1.89 2.59 1.48
1.75 1.83 2.6 1.43
1.77 1.98 2.58 1.56
1.76 1.74 2.69 1.43
1.74 1.8 2.73 1.53
1.85 1.93 2.55 1.48
1.74 1.85 2.63 1.48
1.74 1.91 2.58 1.49
1.73 1.91 2.56 1.47
1.8 2.04 2.45 1.49
1.83 2.08 2.39 1.47
1.73 1.92 2.57 1.49
1.74 1.71 2.74 1.45
1.77 1.95 2.55 1.5
1.76 2.08 2.51 1.59
1.81 1.94 2.54 1.48
1.7 1.94 2.58 1.52
1.77 1.87 2.59 1.46
1.72 1.85 2.73 1.58
1.76 1.85 2.59 1.44
1.83 1.85 2.65 1.5
1.69 1.77 2.81 1.58
1.78 1.88 2.62 1.5
1.79 1.85 2.61 1.46
1.75 1.83 2.69 1.52
1.77 1.9 2.62 1.52
1.72 1.78 2.7 1.48
1.77 2.07 2.44 1.51
1.78 2.01 2.49 1.5
1.8 1.79 2.68 1.47
1.77 1.82 2.65 1.47
1.75 1.82 2.59 1.41
1.72 1.82 2.72 1.54
1.73 1.94 2.57 1.51
1.74 1.91 2.57 1.48
1.71 1.77 2.68 1.45
1.78 1.86 2.64 1.5
1.76 1.84 2.59 1.43
1.79 2.01 2.47 1.48
1.8 1.9 2.56 1.46
1.72 1.94 2.47 1.41
1.77 1.98 2.61 1.59
1.71 1.74 2.76 1.5
1.76 1.88 2.58 1.46
1.79 1.98 2.45 1.43
1.8 1.9 2.57 1.47
1.79 1.97 2.54 1.51
1.81 1.92 2.5 1.42
1.74 1.94 2.51 1.45
1.65 1.83 2.64 1.47
1.74 1.79 2.67 1.46
1.76 1.96 2.59 1.55
1.78 1.86 2.7 1.56
1.8 1.95 2.54 1.49
1.79 1.93 2.55 1.48
1.74 1.91 2.63 1.54
1.8 1.75 2.78 1.53
1.69 1.9 2.64 1.54
1.64 1.66 2.84 1.5
1.75 2.02 2.47 1.49
1.69 1.76 2.73 1.49
1.75 1.92 2.56 1.48
1.78 1.78 2.61 1.39
1.76 2.0 2.5 1.5
1.74 1.87 2.67 1.54
1.79 2.05 2.57 1.62
1.78 2.0 2.56 1.56
1.72 1.91 2.6 1.51
1.78 1.94 2.61 1.55
1.82 2.07 2.48 1.55
1.8 2.06 2.39 1.45
1.74 1.89 2.66 1.55
1.83 1.87 2.57 1.44
1.79 2.01 2.57 1.58
1.81 1.97 2.49 1.46
1.76 1.93 2.58 1.51
1.77 1.84 2.61 1.45
1.71 1.9 2.62 1.52
1.76 1.88 2.65 1.53
1.74 2.01 2.51 1.52
1.85 2.02 2.42 1.44
1.72 1.97 2.61 1.58
1.76 1.88 2.59 1.47
1.81 1.98 2.48 1.46
1.77 1.93 2.61 1.54
1.73 1.96 2.55 1.51
1.81 1.97 2.55 1.52
1.72 1.87 2.65 1.52
1.77 2.01 2.44 1.45
1.81 1.9 2.65 1.55
1.73 1.79 2.68 1.47
1.77 1.82 2.72 1.54
1.74 1.98 2.45 1.43
1.71 1.85 2.59 1.44
1.74 2.05 2.47 1.52
1.73 1.98 2.59 1.57
1.68 1.71 2.73 1.44
1.83 2.01 2.47 1.48
1.77 1.79 2.66 1.45
1.8 1.89 2.6 1.49
1.78 2.01 2.52 1.53
1.79 1.81 2.64 1.45
1.61 1.55 2.86 1.41
1.66 1.74 2.66 1.4
1.74 1.91 2.65 1.56
1.8 1.92 2.59 1.51
1.75 1.73 2.72 1.45
1.75 1.93 2.58 1.51
1.75 1.75 2.71 1.46
1.76 1.75 2.68 1.43
1.75 1.76 2.65 1.41
1.79 1.78 2.66 1.44
1.76 2.02 2.5 1.52
1.67 1.72 2.74 1.46
1.74 1.94 2.58 1.52
1.75 1.79 2.75 1.54
1.72 1.96 2.5 1.46
1.76 1.78 2.69 1.47
1.68 1.84 2.61 1.45
1.8 1.88 2.53 1.41
1.82 1.98 2.55 1.53
1.74 1.75 2.75 1.5
1.81 2.11 2.42 1.53
1.8 1.95 2.56 1.51
1.8 1.96 2.63 1.59
1.81 1.95 2.54 1.49
1.75 1.99 2.51 1.5
1.79 1.98 2.52 1.5
1.76 2.06 2.55 1.61
1.76 1.97 2.63 1.6
1.72 1.81 2.6 1.41
1.8 1.95 2.65 1.6
1.78 1.86 2.6 1.46
1.78 1.73 2.8 1.53
1.79 1.96 2.53 1.49
1.76 1.96 2.53 1.49
1.72 1.75 2.77 1.52
1.7 1.78 2.69 1.47
1.72 1.9 2.57 1.47
1.75 1.81 2.71 1.52
1.7 1.79 2.69 1.48
1.71 1.75 2.77 1.52
1.78 1.92 2.51 1.43
1.74 1.9 2.64 1.54
1.75 1.73 2.79 1.52
1.7 1.86 2.68 1.54
1.65 1.85 2.69 1.54
1.72 1.72 2.75 1.47
1.76 1.84 2.71 1.55
1.76 1.91 2.57 1.48
1.75 1.82 2.61 1.43
1.87 2.09 2.43 1.52
1.75 1.87 2.62 1.49
1.78 2.12 2.39 1.51
1.79 1.92 2.57 1.49
1.8 1.81 2.68 1.49
1.8 1.88 2.59 1.47
1.81 2.07 2.42 1.49
1.74 1.8 2.75 1.55
1.69 1.8 2.64 1.44
1.79 1.87 2.63 1.5
1.78 2.15 2.32 1.47
1.7 1.54 2.88 1.42
1.77 1.92 2.6 1.52
1.75 1.88 2.63 1.51
1.81 2.04 2.54 1.58
1.75 1.8 2.74 1.54
1.74 1.79 2.69 1.48
1.72 1.85 2.71 1.56
1.72 1.84 2.66 1.5
1.73 1.82 2.72 1.54
1.73 1.72 2.7 1.42
1.72 1.71 2.77 1.48
1.76 1.87 2.57 1.44
1.74 2.05 2.44 1.49
1.71 1.91 2.58 1.49
1.77 1.88 2.59 1.47
1.73 1.95 2.53 1.48
1.74 1.9 2.6 1.5
1.7 1.86 2.68 1.54
1.75 1.88 2.62 1.5
1.65 1.8 2.68 1.48
1.7 1.82 2.75 1.57
1.76 1.93 2.62 1.55
1.75 1.96 2.53 1.49
1.71 1.9 2.52 1.42
1.77 1.92 2.62 1.54
1.78 1.75 2.66 1.41
1.75 1.81 2.64 1.45
1.76 1.96 2.63 1.59
1.75 1.85 2.6 1.45
1.77 1.99 2.39 1.38
1.75 1.78 2.7 1.48
1.72 1.82 2.62 1.44
1.78 1.9 2.62 1.52
1.83 1.98 2.49 1.47
1.77 1.84 2.59 1.43
1.67 1.69 2.86 1.55
1.81 1.77 2.7 1.47
1.69 1.83 2.69 1.52
1.74 1.77 2.7 1.47
1.81 1.9 2.62 1.52
1.74 1.9 2.65 1.55
1.77 1.74 2.68 1.42
1.72 1.97 2.55 1.52
1.86 1.95 2.48 1.43
1.74 1.79 2.75 1.54
1.77 1.98 2.5 1.48
1.74 1.91 2.58 1.49
1.82 2.04 2.53 1.57
1.69 1.85 2.64 1.49
1.78 1.96 2.48 1.44
1.75 1.8 2.7 1.5
1.72 1.74 2.64 1.38
1.77 1.98 2.48 1.46
1.76 1.79 2.73 1.52
1.79 2.05 2.49 1.54
1.77 2.06 2.53 1.59
1.69 1.78 2.72 1.5
1.75 1.83 2.69 1.52
1.75 1.78 2.73 1.51
1.75 1.93 2.52 1.45
1.73 1.87 2.54 1.41
1.76 1.83 2.66 1.49
1.82 1.85 2.63 1.48
1.74 1.82 2.7 1.52
1.79 2.02 2.58 1.6
1.83 1.95 2.48 1.43
1.75 1.74 2.76 1.5
1.69 1.89 2.63 1.52
1.73 1.78 2.62 1.4
1.65 1.7 2.81 1.51
1.72 1.78 2.76 1.54
1.71 1.59 2.85 1.44
1.71 1.7 2.81 1.51
1.73 1.75 2.69 1.44
1.77 1.99 2.51 1.5
1.81 1.92 2.6 1.52
1.79 1.97 2.54 1.51
1.81 1.65 2.74 1.39
1.77 1.83 2.62 1.45
1.73 1.86 2.62 1.48
1.76 1.94 2.65 1.59
1.82 1.99 2.47 1.46
1.7 1.74 2.75 1.49
1.87 1.77 2.69 1.46
1.66 1.79 2.72 1.51
1.75 1.81 2.58 1.39
1.75 2.03 2.5 1.53
1.73 1.91 2.56 1.47
1.82 2.15 2.35 1.5
1.81 1.98 2.48 1.46
1.79 1.94 2.62 1.56
1.76 1.9 2.52 1.42
1.68 1.67 2.73 1.4
1.74 1.81 2.7 1.51
1.81 1.99 2.47 1.46
1.69 1.87 2.67 1.54
1.74 1.98 2.48 1.46
1.78 1.91 2.62 1.53
1.69 1.75 2.65 1.4
1.82 2.06 2.44 1.5
1.79 1.77 2.66 1.43
1.75 1.74 2.82 1.56
1.76 1.86 2.61 1.47
1.71 1.77 2.79 1.56
1.77 1.9 2.58 1.48
1.78 1.96 2.53 1.49
1.69 1.71 2.8 1.51
1.72 1.84 2.71 1.55
1.74 2.03 2.48 1.51
1.73 1.81 2.74 1.55
1.74 1.93 2.6 1.53
1.75 1.85 2.73 1.58
1.68 1.81 2.73 1.54
1.75 1.94 2.55 1.49
1.78 1.89 2.58 1.47
1.62 1.75 2.85 1.6
1.73 1.87 2.76 1.63
1.8 2.01 2.45 1.46
1.72 1.91 2.62 1.53
1.77 1.94 2.57 1.51
1.68 1.9 2.68 1.58
1.82 1.95 2.49 1.44
1.67 1.83 2.71 1.54
1.73 1.9 2.54 1.44
1.79 1.76 2.69 1.45
1.82 1.92 2.56 1.48
1.73 1.91 2.55 1.46
1.75 1.66 2.79 1.45
1.78 1.97 2.53 1.5
1.73 1.79 2.73 1.52
1.76 1.95 2.65 1.6
1.76 1.87 2.62 1.49
1.78 1.98 2.57 1.55
1.77 1.76 2.73 1.49
1.72 1.9 2.64 1.54
1.72 1.81 2.74 1.55
1.69 1.81 2.66 1.47
1.77 1.97 2.54 1.51
1.8 2.01 2.54 1.55
1.69 1.98 2.57 1.55
1.82 2.01 2.47 1.48
1.78 1.9 2.58 1.48
1.76 1.92 2.59 1.51
1.75 1.73 2.65 1.38
1.74 1.63 2.85 1.48
1.69 1.67 2.74 1.41
1.81 2.05 2.48 1.53
1.8 1.8 2.72 1.52
1.74 1.84 2.66 1.5
1.72 1.79 2.65 1.44
1.77 1.67 2.87 1.54
1.72 1.75 2.69 1.44
1.86 1.91 2.62 1.53
1.77 1.76 2.66 1.42
1.81 1.89 2.67 1.56
1.75 1.87 2.62 1.49
1.74 1.83 2.72 1.55
1.77 1.8 2.7 1.5
1.68 1.61 2.85 1.46
1.7 1.7 2.73 1.43
1.69 1.85 2.72 1.57
1.78 1.92 2.59 1.51
1.72 1.87 2.59 1.46
1.67 1.84 2.66 1.5
1.83 1.82 2.65 1.47
1.81 1.82 2.69 1.51
1.74 1.82 2.62 1.44
1.76 2.0 2.56 1.56
1.74 1.79 2.71 1.5
1.83 1.96 2.48 1.44
1.7 1.91 2.64 1.55
1.79 2.03 2.55 1.58
1.76 1.88 2.59 1.47
1.78 1.94 2.57 1.51
1.74 1.85 2.59 1.44
1.74 1.91 2.63 1.54
1.75 1.66 2.84 1.5
1.76 2.12 2.44 1.56
1.7 1.83 2.62 1.45
1.82 1.79 2.64 1.43
1.82 1.85 2.61 1.46
1.71 1.79 2.8 1.59
1.73 2.04 2.47 1.51
1.69 1.81 2.67 1.48
1.78 1.99 2.49 1.48
1.68 1.82 2.76 1.58
1.74 1.93 2.6 1.53
1.73 1.89 2.65 1.54
1.71 1.9 2.7 1.6
1.71 1.78 2.71 1.49
1.8 2.1 2.38 1.48
1.75 1.9 2.63 1.53
1.73 1.94 2.54 1.48
1.7 1.84 2.69 1.53
1.74 1.82 2.68 1.5
1.79 1.92 2.55 1.47
1.74 2.02 2.58 1.6
1.82 1.79 2.66 1.45
1.69 1.84 2.66 1.5
1.79 1.85 2.54 1.39
1.79 1.78 2.74 1.52
1.79 2.04 2.49 1.53
1.77 2.21 2.34 1.55
1.8 2.11 2.4 1.51
1.78 1.78 2.71 1.49
1.72 2.04 2.47 1.51
1.77 1.92 2.59 1.51
1.79 1.74 2.67 1.41
1.73 1.75 2.75 1.5
1.79 1.89 2.51 1.4
1.75 1.85 2.6 1.45
1.72 1.88 2.61 1.49
1.84 2.07 2.39 1.46
1.7 1.83 2.56 1.39
1.76 1.82 2.73 1.55
1.72 1.74 2.85 1.59
1.75 1.87 2.6 1.47
1.79 1.87 2.54 1.41
1.69 1.84 2.73 1.57
1.72 1.8 2.59 1.39
1.75 1.84 2.62 1.46
1.66 1.65 2.86 1.51
1.78 1.76 2.73 1.49
1.78 2.2 2.41 1.61
1.76 1.87 2.59 1.46
1.75 1.79 2.66 1.45
1.76 1.9 2.61 1.51
1.75 1.91 2.65 1.56
1.73 1.91 2.66 1.57
1.71 1.97 2.59 1.56
1.85 1.87 2.62 1.49
1.75 1.97 2.63 1.6
1.75 1.9 2.62 1.52
1.77 1.78 2.7 1.48
1.72 1.84 2.59 1.43
1.75 1.96 2.5 1.46
1.79 2.0 2.49 1.49
1.79 1.94 2.58 1.52
1.7 1.77 2.66 1.43
1.72 1.86 2.7 1.56
1.69 1.79 2.75 1.54
1.7 1.87 2.67 1.54
1.78 1.87 2.61 1.48
1.76 2.1 2.38 1.48
1.71 1.89 2.66 1.55
1.72 1.93 2.56 1.49
1.75 1.77 2.72 1.49
1.77 1.86 2.67 1.53
1.69 1.93 2.6 1.53
1.77 1.94 2.57 1.51
1.75 1.82 2.73 1.55
1.76 1.78 2.67 1.45
1.77 1.9 2.58 1.48
1.76 1.92 2.61 1.53
1.79 1.87 2.7 1.57
1.71 1.77 2.72 1.49
1.81 1.97 2.57 1.54
1.85 1.78 2.64 1.42
1.77 2.0 2.52 1.52
1.76 1.94 2.61 1.55
1.81 2.06 2.48 1.54
1.83 1.91 2.58 1.49
1.73 1.88 2.7 1.58
1.75 1.73 2.73 1.46
1.75 1.87 2.72 1.59
1.76 1.9 2.65 1.55
1.75 2.0 2.54 1.54
1.67 1.92 2.6 1.52
1.69 1.93 2.56 1.49
1.74 2.0 2.53 1.53
1.82 2.05 2.45 1.5
1.76 1.84 2.67 1.51
1.77 1.9 2.62 1.52
1.75 1.78 2.77 1.55
1.74 1.94 2.58 1.52
1.75 1.8 2.76 1.56
1.73 1.87 2.61 1.48
1.73 1.75 2.63 1.38
1.77 1.87 2.59 1.46
1.7 1.84 2.66 1.5
1.77 1.75 2.6 1.35
1.74 1.77 2.72 1.49
1.79 1.79 2.61 1.4
1.77 1.95 2.55 1.5
1.74 1.95 2.56 1.51
1.67 1.82 2.6 1.42
1.73 1.83 2.64 1.47
1.82 1.95 2.56 1.51
1.73 1.93 2.63 1.56
1.74 1.97 2.53 1.5
1.75 1.86 2.63 1.49
1.8 1.87 2.55 1.42
1.8 2.01 2.51 1.52
1.74 1.98 2.54 1.52
1.68 1.7 2.74 1.44
1.72 1.86 2.67 1.53
1.73 1.76 2.71 1.47
1.71 1.59 2.84 1.43
1.71 1.83 2.66 1.49
1.75 1.86 2.58 1.44
1.84 1.97 2.6 1.57
1.75 1.79 2.71 1.5
1.66 1.88 2.59 1.47
1.76 1.65 2.81 1.46
1.8 1.83 2.6 1.43
1.77 2.07 2.47 1.54
1.76 2.1 2.49 1.59
1.73 2.0 2.44 1.44
1.71 1.75 2.73 1.48
1.79 1.82 2.62 1.44
1.76 1.93 2.54 1.47
1.69 1.8 2.72 1.52
1.78 1.89 2.52 1.41
1.75 1.94 2.56 1.5
1.73 1.8 2.68 1.48
1.77 1.86 2.67 1.53
1.76 1.95 2.6 1.55
1.8 2.11 2.46 1.57
1.73 1.86 2.65 1.51
1.75 1.93 2.56 1.49
1.75 1.74 2.71 1.45
1.7 1.91 2.69 1.6
1.74 1.66 2.79 1.45
1.73 1.84 2.6 1.44
1.79 2.0 2.56 1.56
1.76 2.02 2.55 1.57
1.68 1.76 2.63 1.39
1.75 1.68 2.79 1.47
1.71 1.89 2.62 1.51
1.73 1.74 2.69 1.43
1.78 1.96 2.55 1.51
1.73 1.85 2.63 1.48
1.8 1.87 2.71 1.58
1.77 1.92 2.63 1.55
1.78 1.92 2.55 1.47
1.77 1.99 2.53 1.52
1.76 1.97 2.56 1.53
1.74 1.95 2.59 1.54
1.69 1.79 2.77 1.56
1.71 1.79 2.66 1.45
1.73 1.73 2.79 1.52
1.76 1.94 2.61 1.55
1.73 1.88 2.65 1.53
1.76 1.92 2.6 1.52
1.71 2.02 2.49 1.51
1.75 2.07 2.48 1.55
1.68 1.95 2.59 1.54
1.85 2.01 2.48 1.49
1.68 1.76 2.79 1.55
1.73 1.87 2.61 1.48
1.75 2.02 2.51 1.53
1.76 1.85 2.65 1.5
1.65 1.89 2.65 1.54
1.8 1.98 2.46 1.44
1.82 1.94 2.49 1.43
1.76 1.84 2.64 1.48
1.69 1.69 2.74 1.43
1.72 1.73 2.75 1.48
1.72 1.78 2.81 1.59
1.78 1.94 2.57 1.51
1.74 1.96 2.54 1.5
1.7 1.77 2.73 1.5
1.78 1.97 2.58 1.55
1.73 1.95 2.58 1.53
1.75 2.03 2.54 1.57
1.81 2.0 2.51 1.51
1.82 1.93 2.61 1.54
1.67 1.82 2.66 1.48
1.78 1.95 2.59 1.54
1.71 1.97 2.59 1.56
1.71 1.8 2.75 1.55
1.69 1.93 2.57 1.5
1.8 2.1 2.45 1.55
1.73 1.89 2.59 1.48
1.79 2.03 2.55 1.58
1.77 1.93 2.55 1.48
1.67 1.74 2.79 1.53
1.71 1.85 2.71 1.56
1.72 1.81 2.73 1.54
1.75 2.07 2.37 1.44
1.69 1.77 2.81 1.58
1.71 1.75 2.72 1.47
1.71 1.88 2.62 1.5
1.74 2.0 2.49 1.49
1.79 1.99 2.53 1.52
1.74 1.92 2.56 1.48
1.75 1.93 2.56 1.49
1.7 1.74 2.76 1.5
1.67 1.69 2.85 1.54
1.74 1.91 2.61 1.52
1.76 1.64 2.9 1.54
1.77 1.88 2.67 1.55
1.73 1.9 2.65 1.55
1.72 1.88 2.66 1.54
1.82 1.92 2.56 1.48
1.72 1.88 2.63 1.51
1.79 2.01 2.51 1.52
1.66 1.78 2.73 1.51
1.74 1.78 2.67 1.45
1.83 2.11 2.36 1.47
1.79 1.94 2.62 1.56
1.75 1.93 2.57 1.5
1.73 1.91 2.56 1.47
1.75 1.93 2.56 1.49
1.73 1.8 2.59 1.39
1.82 1.98 2.51 1.49
1.77 1.82 2.6 1.42
1.76 1.93 2.56 1.49
1.79 1.97 2.54 1.51
1.67 1.72 2.73 1.45
1.8 2.0 2.58 1.58
1.76 1.72 2.77 1.49
1.82 2.02 2.49 1.51
1.77 2.05 2.42 1.47
1.74 1.74 2.71 1.45
1.82 1.98 2.47 1.45
1.73 1.75 2.7 1.45
1.71 1.65 2.85 1.5
1.82 2.09 2.41 1.5
1.65 1.78 2.72 1.5
1.74 2.0 2.47 1.47
1.8 1.92 2.61 1.53
1.77 1.72 2.71 1.43
1.77 1.91 2.59 1.5
1.82 1.95 2.54 1.49
1.77 1.81 2.65 1.46
1.65 1.62 2.84 1.46
1.72 1.73 2.8 1.53
1.77 1.79 2.73 1.52
1.8 1.73 2.78 1.51
1.79 1.85 2.74 1.59
1.7 1.82 2.68 1.5
1.7 1.71 2.74 1.45
1.71 1.82 2.68 1.5
1.77 1.9 2.55 1.45
1.75 1.81 2.63 1.44
1.69 1.69 2.83 1.52
1.71 1.88 2.64 1.52
1.8 1.99 2.53 1.52
1.76 1.95 2.55 1.5
1.74 1.8 2.73 1.53
1.75 1.86 2.55 1.41
1.68 1.76 2.74 1.5
1.74 1.98 2.53 1.51
1.66 1.84 2.72 1.56
1.69 1.66 2.73 1.39
1.8 1.83 2.63 1.46
1.83 1.99 2.51 1.5
1.75 1.77 2.65 1.42
1.75 1.73 2.68 1.41
1.73 1.86 2.64 1.5
1.66 1.66 2.74 1.4
1.75 1.82 2.61 1.43
1.78 2.03 2.53 1.56
1.78 1.99 2.57 1.56
1.74 1.97 2.57 1.54
1.75 2.0 2.57 1.57
1.8 2.14 2.43 1.57
1.79 1.9 2.63 1.53
1.81 2.05 2.54 1.59
1.78 2.01 2.54 1.55
1.76 2.06 2.51 1.57
1.79 1.9 2.64 1.54
1.76 1.92 2.59 1.51
1.74 1.61 2.85 1.46
1.84 2.11 2.32 1.43
1.74 1.87 2.65 1.52
1.78 1.82 2.68 1.5
1.76 1.91 2.56 1.47
1.7 1.88 2.62 1.5
1.72 1.87 2.62 1.49
1.79 2.0 2.43 1.43
1.77 1.82 2.72 1.54
1.67 1.65 2.84 1.49
1.68 1.83 2.65 1.48
1.71 1.73 2.67 1.4
1.79 2.01 2.49 1.5
1.76 1.96 2.58 1.54
1.74 1.88 2.63 1.51
1.7 1.75 2.81 1.56
1.79 1.83 2.62 1.45
1.72 1.81 2.65 1.46
1.75 1.99 2.51 1.5
1.81 1.9 2.67 1.57
1.76 1.8 2.67 1.47
1.77 1.77 2.77 1.54
1.85 2.03 2.48 1.51
1.74 1.84 2.65 1.49
1.77 1.95 2.61 1.56
1.72 1.84 2.67 1.51
1.78 1.92 2.58 1.5
1.69 1.86 2.65 1.51
1.78 1.92 2.47 1.39
1.8 2.07 2.6 1.67
1.73 2.03 2.6 1.63
1.78 1.93 2.53 1.46
1.77 1.92 2.56 1.48
1.7 1.75 2.78 1.53
1.75 1.64 2.82 1.46
1.81 2.12 2.44 1.56
1.74 1.91 2.59 1.5
1.74 1.8 2.74 1.54
1.78 2.1 2.47 1.57
1.78 1.85 2.66 1.51
1.71 1.74 2.72 1.46
1.8 1.9 2.57 1.47
1.82 2.05 2.41 1.46
1.78 1.91 2.55 1.46
1.77 1.82 2.66 1.48
1.81 2.1 2.45 1.55
1.74 1.8 2.58 1.38
1.75 1.91 2.67 1.58
1.76 1.91 2.55 1.46
1.72 1.71 2.77 1.48
1.81 1.86 2.66 1.52
1.76 1.82 2.69 1.51
1.77 2.0 2.48 1.48
1.75 1.84 2.63 1.47
1.75 1.98 2.47 1.45
1.75 1.77 2.78 1.55
1.81 1.96 2.49 1.45
1.77 1.88 2.7 1.58
1.69 1.86 2.68 1.54
1.7 1.81 2.63 1.44
1.74 1.81 2.69 1.5
1.71 1.68 2.79 1.47
1.81 1.94 2.57 1.51
1.8 1.91 2.67 1.58
1.78 1.91 2.57 1.48
1.79 1.87 2.6 1.47
1.8 1.82 2.59 1.41
1.78 1.81 2.65 1.46
1.73 1.83 2.7 1.53
1.73 1.69 2.7 1.39
1.73 1.86 2.54 1.4
1.7 1.82 2.62 1.44
1.8 1.92 2.59 1.51
1.73 2.01 2.57 1.58
1.7 1.72 2.75 1.47
1.73 1.89 2.6 1.49
1.75 1.82 2.63 1.45
1.7 1.75 2.71 1.46
1.75 1.85 2.63 1.48
1.74 1.66 2.82 1.48
1.77 1.79 2.74 1.53
1.77 1.91 2.59 1.5
1.74 1.84 2.74 1.58
1.72 1.79 2.64 1.43
1.76 1.82 2.77 1.59
1.8 1.85 2.69 1.54
1.74 1.86 2.69 1.55
1.63 1.79 2.77 1.56
1.67 1.81 2.73 1.54
1.74 1.86 2.7 1.56
1.78 1.86 2.62 1.48
1.73 1.67 2.74 1.41
1.83 2.08 2.44 1.52
1.76 1.9 2.57 1.47
1.74 1.78 2.75 1.53
1.74 1.98 2.5 1.48
1.76 1.89 2.61 1.5
1.8 1.95 2.56 1.51
1.72 1.99 2.52 1.51
1.71 1.77 2.72 1.49
1.78 1.96 2.52 1.48
1.78 1.89 2.6 1.49
1.69 1.78 2.7 1.48
1.81 1.9 2.61 1.51
1.78 1.99 2.57 1.56
1.73 1.81 2.72 1.53
1.78 1.94 2.58 1.52
1.76 1.9 2.63 1.53
1.77 1.98 2.56 1.54
1.79 1.85 2.6 1.45
1.71 1.91 2.54 1.45
1.83 1.89 2.64 1.53
1.81 2.06 2.48 1.54
1.82 1.96 2.56 1.52
1.7 1.88 2.66 1.54
1.72 1.84 2.72 1.56
1.72 2.02 2.59 1.61
1.7 1.77 2.73 1.5
1.76 1.88 2.55 1.43
1.65 1.76 2.75 1.51
1.73 1.71 2.87 1.58
1.75 2.02 2.52 1.54
1.83 2.05 2.41 1.46
1.8 1.82 2.67 1.49
1.68 1.79 2.72 1.51
1.75 1.97 2.63 1.6
1.79 2.07 2.39 1.46
1.8 1.95 2.59 1.54
1.69 1.87 2.63 1.5
1.7 1.92 2.58 1.5
1.71 1.81 2.65 1.46
1.78 1.96 2.51 1.47
1.72 1.83 2.65 1.48
1.71 1.75 2.77 1.52
1.8 1.93 2.61 1.54
1.81 1.99 2.45 1.44
1.8 1.94 2.6 1.54
1.73 1.77 2.7 1.47
1.77 1.82 2.62 1.44
1.76 1.97 2.54 1.51
1.8 1.98 2.6 1.58
1.74 1.87 2.64 1.51
1.79 1.81 2.7 1.51
1.71 1.81 2.7 1.51
1.78 1.94 2.64 1.58
1.75 1.85 2.66 1.51
1.69 1.99 2.56 1.55
1.79 2.01 2.55 1.56
1.78 1.85 2.65 1.5
1.72 1.75 2.7 1.45
1.73 1.81 2.61 1.42
1.82 1.91 2.56 1.47
1.69 1.73 2.72 1.45
1.76 2.06 2.57 1.63
1.78 1.88 2.61 1.49
1.75 1.98 2.46 1.44
1.69 1.81 2.71 1.52
1.79 1.78 2.78 1.56
1.74 1.9 2.66 1.56
1.74 1.99 2.49 1.48
1.79 1.94 2.58 1.52
1.79 1.91 2.58 1.49
1.71 1.93 2.61 1.54
1.74 1.96 2.49 1.45
1.8 1.9 2.58 1.48
1.79 1.94 2.62 1.56
1.72 1.83 2.62 1.45
1.74 1.71 2.74 1.45
1.75 1.89 2.64 1.53
1.68 1.88 2.55 1.43
1.78 1.87 2.59 1.46
1.76 1.91 2.56 1.47
1.8 2.0 2.47 1.47
1.8 1.99 2.55 1.54
1.84 2.05 2.47 1.52
1.72 1.75 2.82 1.57
1.71 1.75 2.62 1.37
1.78 2.04 2.53 1.57
1.81 2.08 2.42 1.5
1.83 1.98 2.48 1.46
1.78 1.98 2.52 1.5
1.79 1.69 2.73 1.42
1.71 1.86 2.62 1.48
1.75 1.84 2.75 1.59
1.84 1.82 2.62 1.44
1.77 1.81 2.67 1.48
1.67 1.81 2.65 1.46
1.75 1.95 2.52 1.47
1.81 1.95 2.65 1.6
1.81 1.77 2.76 1.53
1.8 1.92 2.54 1.46
1.74 1.94 2.51 1.45
1.73 1.96 2.56 1.52
1.82 1.9 2.66 1.56
1.71 1.73 2.71 1.44
1.77 1.84 2.57 1.41
1.71 1.88 2.63 1.51
1.74 1.76 2.76 1.52
1.85 2.06 2.45 1.51
1.76 1.94 2.63 1.57
1.73 1.77 2.77 1.54
1.78 1.99 2.51 1.5
1.7 1.92 2.58 1.5
1.75 1.86 2.6 1.46
1.74 1.8 2.63 1.43
1.73 1.84 2.71 1.55
1.78 1.91 2.53 1.44
1.82 2.01 2.47 1.48
1.68 1.77 2.69 1.46
1.74 1.78 2.79 1.57
1.78 1.87 2.68 1.55
1.72 1.91 2.56 1.47
1.81 1.9 2.57 1.47
1.7 1.92 2.65 1.57
1.84 2.04 2.52 1.56
1.82 1.85 2.61 1.46
1.75 1.73 2.73 1.46
1.72 1.67 2.79 1.46
1.83 1.85 2.65 1.5
1.75 1.89 2.56 1.45
1.72 1.86 2.64 1.5
1.69 1.99 2.51 1.5
1.74 1.77 2.68 1.45
1.71 1.87 2.64 1.51
1.78 1.87 2.63 1.5
1.82 1.89 2.57 1.46
1.75 2.0 2.49 1.49
1.76 1.77 2.69 1.46
1.74 1.82 2.59 1.41
1.67 1.78 2.7 1.48
1.68 1.61 2.91 1.52
1.73 1.89 2.54 1.43
1.73 1.82 2.7 1.52
1.73 1.85 2.64 1.49
1.81 1.86 2.56 1.42
1.74 1.7 2.78 1.48
1.8 1.95 2.54 1.49
1.78 1.95 2.6 1.55
1.75 1.95 2.48 1.43
1.75 1.93 2.55 1.48
1.79 1.87 2.48 1.35
1.79 1.93 2.5 1.43
1.68 1.57 2.86 1.43
1.73 2.04 2.54 1.58
1.8 1.98 2.5 1.48
1.73 1.78 2.74 1.52
1.69 1.8 2.72 1.52
1.78 1.82 2.67 1.49
1.85 2.1 2.38 1.48
1.73 1.83 2.69 1.52
1.74 1.95 2.69 1.64
1.75 1.72 2.72 1.44
1.75 1.84 2.71 1.55
1.69 1.96 2.56 1.52
1.83 1.92 2.53 1.45
1.73 1.82 2.65 1.47
1.81 1.95 2.51 1.46
1.7 1.76 2.7 1.46
1.74 1.97 2.56 1.53
1.72 1.73 2.7 1.43
1.75 1.84 2.67 1.51
1.7 1.88 2.64 1.52
1.8 1.84 2.57 1.41
1.73 1.88 2.59 1.47
1.74 1.89 2.53 1.42
1.8 2.03 2.51 1.54
1.68 1.92 2.58 1.5
1.73 1.8 2.78 1.58
1.73 1.81 2.71 1.52
1.81 2.2 2.37 1.57
1.85 1.95 2.55 1.5
1.8 1.87 2.65 1.52
1.71 1.67 2.8 1.47
1.82 1.87 2.62 1.49
1.74 1.79 2.75 1.54
1.75 1.79 2.73 1.52
1.8 2.01 2.58 1.59
1.75 1.82 2.63 1.45
1.75 1.76 2.77 1.53
1.79 1.74 2.72 1.46
1.72 1.93 2.58 1.51
1.72 1.73 2.74 1.47
1.7 1.76 2.65 1.41
1.63 1.84 2.65 1.49
1.82 2.0 2.58 1.58
1.73 1.83 2.55 1.38
1.75 1.83 2.65 1.48
1.8 1.76 2.77 1.53
1.75 1.8 2.68 1.48
1.75 1.89 2.61 1.5
1.77 1.83 2.76 1.59
1.77 1.76 2.65 1.41
1.76 1.86 2.58 1.44
1.75 1.79 2.72 1.51
1.78 1.87 2.67 1.54
1.8 1.76 2.66 1.42
1.73 1.8 2.71 1.51
1.71 1.94 2.59 1.53
1.76 1.96 2.53 1.49
1.74 1.7 2.78 1.48
1.74 1.72 2.74 1.46
1.73 1.81 2.7 1.51
1.75 1.76 2.67 1.43
1.77 1.83 2.66 1.49
1.7 1.95 2.62 1.57
1.8 2.01 2.55 1.56
1.72 1.82 2.61 1.43
1.67 1.94 2.54 1.48
1.7 1.93 2.62 1.55
1.78 1.95 2.59 1.54
1.77 1.95 2.49 1.44
1.71 1.83 2.68 1.51
1.8 2.04 2.47 1.51
1.75 1.91 2.65 1.56
1.76 1.89 2.64 1.53
1.72 1.8 2.68 1.48
1.77 1.87 2.71 1.58
1.71 1.91 2.59 1.5
1.8 1.74 2.8 1.54
1.81 1.73 2.71 1.44
1.83 1.89 2.55 1.44
1.69 1.93 2.58 1.51
1.78 1.96 2.47 1.43
1.76 1.77 2.65 1.42
1.72 1.82 2.66 1.48
1.8 1.93 2.52 1.45
1.73 1.89 2.65 1.54
1.73 1.94 2.56 1.5
1.68 1.86 2.59 1.45
1.7 2.03 2.48 1.51
1.73 1.75 2.73 1.48
1.78 1.97 2.52 1.49
1.82 2.1 2.46 1.56
1.76 1.75 2.73 1.48
1.7 1.7 2.8 1.5
1.68 1.85 2.66 1.51
1.79 1.96 2.57 1.53
1.7 1.84 2.7 1.54
1.76 2.04 2.55 1.59
1.7 1.81 2.64 1.45
1.73 1.79 2.72 1.51
1.71 1.91 2.58 1.49
1.76 1.95 2.62 1.57
1.74 1.87 2.65 1.52
1.81 1.92 2.55 1.47
1.72 1.9 2.58 1.48
1.66 1.91 2.58 1.49
1.77 1.89 2.59 1.48
1.82 1.95 2.59 1.54
1.79 1.83 2.63 1.46
1.77 1.91 2.51 1.42
1.78 1.78 2.66 1.44
1.69 1.91 2.61 1.52
1.85 1.93 2.58 1.51
1.73 1.86 2.64 1.5
1.7 2.0 2.55 1.55
1.7 1.8 2.72 1.52
1.75 1.9 2.61 1.51
1.69 1.73 2.82 1.55
1.66 1.74 2.78 1.52
1.8 1.93 2.61 1.54
1.76 1.84 2.67 1.51
1.86 1.97 2.54 1.51
1.79 2.02 2.5 1.52
1.77 1.72 2.81 1.53
1.7 1.74 2.83 1.57
1.7 1.73 2.69 1.42
1.72 1.74 2.82 1.56
1.69 1.74 2.77 1.51
1.8 1.85 2.67 1.52
1.71 1.93 2.69 1.62
1.72 1.84 2.63 1.47
1.76 1.8 2.6 1.4
1.68 1.87 2.56 1.43
1.77 1.96 2.55 1.51
1.65 1.94 2.53 1.47
1.8 2.06 2.45 1.51
1.69 1.82 2.73 1.55
1.71 1.65 2.81 1.46
1.8 1.96 2.56 1.52
1.77 2.03 2.5 1.53
1.7 1.65 2.8 1.45
1.77 2.15 2.41 1.56
1.77 1.93 2.56 1.49
1.83 1.99 2.54 1.53
1.67 1.68 2.77 1.45
1.76 1.88 2.55 1.43
1.74 1.73 2.84 1.57
1.73 1.71 2.75 1.46
1.72 1.67 2.91 1.58
1.74 1.91 2.6 1.51
1.75 1.93 2.65 1.58
1.72 1.77 2.69 1.46
1.76 1.92 2.52 1.44
1.83 1.96 2.6 1.56
1.76 1.95 2.56 1.51
1.81 1.98 2.57 1.55
1.74 1.76 2.75 1.51
1.8 1.85 2.66 1.51
1.82 1.96 2.55 1.51
1.68 1.87 2.66 1.53
1.82 1.96 2.54 1.5
1.7 1.95 2.57 1.52
1.68 1.91 2.54 1.45
1.8 1.85 2.59 1.44
1.77 1.97 2.55 1.52
1.67 1.8 2.66 1.46
1.72 1.9 2.58 1.48
1.76 1.92 2.65 1.57
1.74 1.79 2.69 1.48
1.78 2.04 2.49 1.53
1.76 1.81 2.68 1.49
1.74 2.0 2.48 1.48
1.72 1.87 2.66 1.53
1.69 1.94 2.53 1.47
1.78 1.87 2.52 1.39
1.76 1.83 2.64 1.47
1.74 1.85 2.63 1.48
1.72 1.89 2.6 1.49
1.77 2.02 2.5 1.52
1.81 2.06 2.43 1.49
1.75 2.0 2.47 1.47
1.74 1.82 2.61 1.43
1.76 2.02 2.57 1.59
1.85 1.99 2.53 1.52
1.8 1.92 2.56 1.48
1.78 2.01 2.5 1.51
1.78 1.81 2.61 1.42
1.75 1.9 2.58 1.48
1.8 1.99 2.5 1.49
1.7 1.85 2.68 1.53
1.78 1.86 2.66 1.52
1.75 1.89 2.61 1.5
1.77 1.89 2.57 1.46
1.78 1.86 2.59 1.45
1.85 1.94 2.48 1.42
1.75 1.74 2.7 1.44
1.73 1.88 2.54 1.42
1.77 1.96 2.53 1.49
1.75 1.89 2.53 1.42
1.77 1.97 2.5 1.47
1.72 1.94 2.55 1.49
1.75 1.92 2.52 1.44
1.76 1.97 2.61 1.58
1.71 1.8 2.66 1.46
1.75 1.82 2.62 1.44
1.75 1.93 2.58 1.51
1.73 1.94 2.6 1.54
1.68 1.74 2.78 1.52
1.71 1.75 2.73 1.48
1.78 1.85 2.61 1.46
1.74 1.74 2.79 1.53
1.77 1.88 2.55 1.43
1.73 2.01 2.61 1.62
1.79 2.1 2.52 1.62
1.78 1.95 2.57 1.52
1.74 1.91 2.66 1.57
1.74 1.81 2.63 1.44
1.75 1.83 2.64 1.47
1.72 1.89 2.57 1.46
1.72 1.88 2.57 1.45
1.74 1.96 2.59 1.55
1.75 2.06 2.5 1.56
1.68 1.93 2.6 1.53
1.77 1.92 2.61 1.53
1.76 1.92 2.64 1.56
1.73 1.79 2.72 1.51
1.75 1.9 2.62 1.52
1.79 1.76 2.62 1.38
1.77 1.85 2.65 1.5
1.78 1.86 2.71 1.57
1.78 1.86 2.64 1.5
1.74 1.8 2.62 1.42
1.78 1.98 2.47 1.45
1.77 1.96 2.56 1.52
1.76 1.86 2.57 1.43
1.76 1.89 2.49 1.38
1.67 1.75 2.74 1.49
1.68 1.59 2.86 1.45
1.71 1.89 2.65 1.54
1.75 1.79 2.7 1.49
1.79 1.93 2.57 1.5
1.74 1.85 2.76 1.61
1.78 1.85 2.61 1.46
1.81 2.04 2.5 1.54
1.81 1.94 2.55 1.49
1.71 1.79 2.63 1.42
1.73 1.97 2.53 1.5
1.78 1.92 2.53 1.45
1.74 1.97 2.57 1.54
1.75 1.96 2.55 1.51
1.7 1.99 2.55 1.54
1.78 1.98 2.62 1.6
1.75 1.8 2.59 1.39
1.71 1.89 2.6 1.49
1.73 1.73 2.73 1.46
1.75 1.87 2.69 1.56
1.75 1.86 2.61 1.47
1.74 2.02 2.49 1.51
1.75 1.86 2.67 1.53
1.77 1.89 2.62 1.51
1.77 1.88 2.61 1.49
1.8 1.86 2.61 1.47
1.74 2.0 2.44 1.44
1.79 1.88 2.63 1.51
1.77 2.03 2.43 1.46
1.75 1.94 2.64 1.58
1.75 1.95 2.5 1.45
1.74 1.75 2.75 1.5
1.76 1.96 2.54 1.5
1.79 1.99 2.43 1.42
1.77 1.93 2.62 1.55
1.78 2.01 2.55 1.56
1.79 1.98 2.5 1.48
1.73 1.89 2.64 1.53
1.83 1.93 2.52 1.45
1.81 1.87 2.62 1.49
1.79 1.84 2.63 1.47
1.77 1.77 2.8 1.57
1.72 1.86 2.71 1.57
1.67 1.85 2.72 1.57
1.72 1.87 2.59 1.46
1.77 1.75 2.66 1.41
1.77 1.77 2.69 1.46
1.73 1.94 2.62 1.56
1.77 1.88 2.61 1.49
1.8 2.02 2.44 1.46
1.73 1.92 2.57 1.49
1.73 1.71 2.77 1.48
1.74 1.96 2.54 1.5
1.75 1.95 2.58 1.53
1.82 1.89 2.68 1.57
1.76 1.87 2.64 1.51
1.78 2.03 2.5 1.53
1.7 1.79 2.69 1.48
1.66 1.9 2.59 1.49
1.8 2.01 2.47 1.48
1.79 1.95 2.54 1.49
1.75 1.88 2.71 1.59
1.75 1.88 2.65 1.53
1.82 1.8 2.73 1.53
1.82 1.88 2.6 1.48
1.8 1.77 2.69 1.46
1.72 2.01 2.55 1.56
1.7 1.86 2.7 1.56
1.69 1.68 2.72 1.4
1.8 1.96 2.48 1.44
1.84 2.11 2.48 1.59
1.8 2.01 2.49 1.5
1.76 1.82 2.61 1.43
1.76 1.95 2.59 1.54
1.83 1.96 2.52 1.48
1.71 1.7 2.74 1.44
1.77 2.04 2.51 1.55
1.76 1.75 2.69 1.44
1.77 2.01 2.48 1.49
1.8 1.95 2.58 1.53
1.78 2.01 2.49 1.5
1.81 2.06 2.45 1.51
1.82 1.94 2.51 1.45
1.7 1.85 2.73 1.58
1.77 1.93 2.65 1.58
1.78 1.81 2.68 1.49
1.74 1.81 2.73 1.54
1.78 1.92 2.6 1.52
1.73 1.78 2.75 1.53
1.79 1.94 2.5 1.44
1.73 1.88 2.54 1.42
1.75 1.8 2.6 1.4
1.8 2.09 2.47 1.56
1.77 1.78 2.71 1.49
1.79 1.95 2.59 1.54
1.69 1.86 2.66 1.52
1.79 1.96 2.64 1.6
1.75 1.85 2.63 1.48
1.65 1.66 2.89 1.55
1.7 1.77 2.68 1.45
1.79 1.84 2.58 1.42
1.8 1.85 2.59 1.44
1.76 1.67 2.8 1.47
1.68 1.66 2.83 1.49
1.76 1.87 2.6 1.47
1.78 2.05 2.49 1.54
1.84 2.02 2.46 1.48
1.74 1.8 2.67 1.47
1.81 1.72 2.85 1.57
1.8 2.11 2.38 1.49
1.76 1.87 2.59 1.46
1.76 1.93 2.53 1.46
1.74 1.81 2.7 1.51
1.79 2.08 2.53 1.61
1.76 1.88 2.62 1.5
1.73 1.79 2.72 1.51
1.74 1.88 2.66 1.54
1.76 2.01 2.57 1.58
1.76 2.01 2.56 1.57
1.72 1.76 2.78 1.54
1.74 1.85 2.7 1.55
1.75 1.9 2.54 1.44
1.78 1.77 2.8 1.57
1.8 1.76 2.76 1.52
1.82 1.96 2.63 1.59
1.73 1.71 2.75 1.46
1.72 1.88 2.61 1.49
1.82 2.0 2.55 1.55
1.85 2.01 2.51 1.52
1.73 2.08 2.53 1.61
1.76 1.96 2.55 1.51
1.74 1.71 2.76 1.47
1.73 1.74 2.73 1.47
1.83 1.89 2.59 1.48
1.7 1.75 2.84 1.59
1.71 1.83 2.72 1.55
1.73 1.8 2.67 1.47
1.68 1.75 2.72 1.47
1.66 1.83 2.63 1.46
1.79 1.93 2.53 1.46
1.81 1.84 2.61 1.45
1.75 1.75 2.7 1.45
1.75 1.84 2.69 1.53
1.81 2.01 2.49 1.5
1.78 1.86 2.66 1.52
1.75 1.86 2.61 1.47
1.73 1.88 2.62 1.5
1.7 1.92 2.63 1.55
1.81 1.86 2.63 1.49
1.71 1.96 2.55 1.51
1.78 1.8 2.61 1.41
1.74 1.77 2.79 1.56
1.78 1.83 2.68 1.51
1.71 1.88 2.67 1.55
1.7 1.82 2.68 1.5
1.77 2.02 2.51 1.53
1.82 2.1 2.51 1.61
1.76 1.83 2.66 1.49
1.78 1.95 2.61 1.56
1.73 1.87 2.65 1.52
1.8 2.05 2.48 1.53
1.79 1.95 2.61 1.56
1.73 1.86 2.56 1.42
1.75 1.8 2.65 1.45
1.73 1.9 2.61 1.51
1.74 1.82 2.7 1.52
1.75 1.88 2.59 1.47
1.76 1.8 2.64 1.44
1.74 1.81 2.68 1.49
1.71 1.87 2.66 1.53
1.78 1.8 2.6 1.4
1.81 1.98 2.53 1.51
1.79 1.86 2.63 1.49
1.74 1.95 2.6 1.55
1.78 1.8 2.71 1.51
1.68 1.7 2.77 1.47
1.76 1.89 2.56 1.45
1.81 2.05 2.49 1.54
1.79 1.77 2.73 1.5
1.68 1.77 2.71 1.48
1.73 1.76 2.7 1.46
1.72 1.65 2.82 1.47
1.78 1.97 2.57 1.54
1.79 1.76 2.77 1.53
1.75 1.82 2.65 1.47
1.64 1.76 2.69 1.45
1.76 1.82 2.7 1.52
1.74 1.75 2.74 1.49
1.74 1.99 2.52 1.51
1.7 1.87 2.63 1.5
1.73 1.93 2.66 1.59
1.76 2.02 2.55 1.57
1.71 1.59 2.83 1.42
1.72 1.81 2.64 1.45
1.73 1.79 2.74 1.53
1.8 1.88 2.67 1.55
1.76 2.05 2.36 1.41
1.75 1.9 2.66 1.56
1.74 1.85 2.69 1.54
1.77 1.97 2.53 1.5
1.73 1.79 2.74 1.53
1.81 1.83 2.67 1.5
1.66 1.74 2.73 1.47
1.69 1.83 2.69 1.52
1.71 1.86 2.61 1.47
1.73 1.76 2.77 1.53
1.74 2.01 2.58 1.59
1.72 1.86 2.65 1.51
1.76 1.81 2.71 1.52
1.78 1.95 2.56 1.51
1.67 1.79 2.79 1.58
1.81 1.85 2.67 1.52
1.63 1.76 2.8 1.56
1.74 1.82 2.58 1.4
1.76 1.97 2.57 1.54
1.66 1.84 2.66 1.5
1.73 1.81 2.65 1.46
1.73 1.85 2.62 1.47
1.76 1.89 2.64 1.53
1.85 1.93 2.56 1.49
1.78 1.91 2.6 1.51
1.76 1.87 2.62 1.49
1.69 1.84 2.6 1.44
1.73 1.63 2.83 1.46
1.75 1.75 2.74 1.49
1.78 2.02 2.56 1.58
1.74 1.7 2.78 1.48
1.81 1.91 2.66 1.57
1.72 1.76 2.7 1.46
1.77 1.94 2.58 1.52
1.73 1.83 2.63 1.46
1.66 1.82 2.7 1.52
1.75 1.83 2.67 1.5
1.76 1.9 2.67 1.57
1.72 1.88 2.66 1.54
1.73 1.85 2.55 1.4
1.76 1.98 2.59 1.57
1.74 1.99 2.59 1.58
1.8 1.92 2.5 1.42
1.74 1.72 2.81 1.53
1.75 1.78 2.71 1.49
1.67 1.95 2.56 1.51
1.77 1.77 2.68 1.45
1.8 1.82 2.67 1.49
1.79 1.91 2.58 1.49
1.77 1.87 2.57 1.44
1.75 1.89 2.61 1.5
1.74 1.81 2.66 1.47
1.78 1.91 2.62 1.53
1.74 2.11 2.5 1.61
1.71 1.71 2.73 1.44
1.68 1.84 2.68 1.52
1.68 1.83 2.65 1.48
1.73 1.89 2.59 1.48
1.75 1.91 2.57 1.48
1.72 1.82 2.59 1.41
1.72 1.85 2.74 1.59
1.79 1.95 2.53 1.48
1.83 1.95 2.6 1.55
1.77 1.64 2.89 1.53
1.76 1.89 2.62 1.51
1.76 1.83 2.65 1.48
1.8 1.85 2.67 1.52
1.79 1.85 2.69 1.54
1.82 2.06 2.56 1.62
1.74 1.7 2.81 1.51
1.64 1.81 2.79 1.6
1.72 1.97 2.52 1.49
1.77 1.9 2.58 1.48
1.71 1.87 2.69 1.56
1.79 1.88 2.63 1.51
1.71 1.78 2.64 1.42
1.71 1.92 2.63 1.55
1.88 2.03 2.39 1.42
1.72 1.77 2.64 1.41
1.71 1.84 2.67 1.51
1.8 1.93 2.61 1.54
1.73 1.89 2.56 1.45
1.71 1.97 2.55 1.52
1.72 1.96 2.62 1.58
1.83 2.01 2.44 1.45
1.75 1.93 2.55 1.48
1.75 1.83 2.71 1.54
1.75 1.79 2.72 1.51
1.73 1.87 2.54 1.41
1.69 1.69 2.84 1.53
1.75 1.85 2.71 1.56
1.74 1.73 2.77 1.5
1.76 1.76 2.72 1.48
1.79 1.9 2.66 1.56
1.76 1.87 2.6 1.47
1.81 2.04 2.52 1.56
1.82 1.95 2.51 1.46
1.78 1.86 2.58 1.44
1.68 1.83 2.63 1.46
1.75 1.96 2.49 1.45
1.76 1.83 2.64 1.47
1.7 1.99 2.54 1.53
1.68 1.87 2.69 1.56
1.77 1.75 2.71 1.46
1.74 1.88 2.64 1.52
1.69 1.79 2.71 1.5
1.79 1.93 2.61 1.54
1.78 1.96 2.51 1.47
1.79 1.9 2.68 1.58
1.78 1.94 2.55 1.49
1.84 2.16 2.42 1.58
1.77 1.81 2.72 1.53
1.78 1.86 2.65 1.51
1.78 1.77 2.65 1.42
1.8 2.1 2.47 1.57
1.74 2.07 2.42 1.49
1.73 1.89 2.58 1.47
1.76 1.89 2.63 1.52
1.73 1.81 2.7 1.51
1.73 1.72 2.82 1.54
1.77 1.92 2.56 1.48
1.77 1.91 2.61 1.52
1.76 1.96 2.55 1.51
1.72 1.71 2.87 1.58
1.76 1.87 2.57 1.44
1.7 1.84 2.63 1.47
1.8 2.03 2.51 1.54
1.72 1.84 2.68 1.52
1.83 1.88 2.73 1.61
1.76 2.1 2.47 1.57
1.71 1.9 2.5 1.4
1.71 1.58 2.86 1.44
1.73 1.89 2.58 1.47
1.8 1.97 2.46 1.43
1.79 1.83 2.56 1.39
1.69 1.83 2.66 1.49
1.81 1.92 2.63 1.55
1.83 1.91 2.58 1.49
1.8 1.96 2.51 1.47
1.71 1.86 2.58 1.44
1.77 1.97 2.61 1.58
1.79 1.85 2.64 1.49
1.76 1.78 2.73 1.51
1.65 1.79 2.72 1.51
1.73 1.76 2.68 1.44
1.79 1.97 2.58 1.55
1.73 1.8 2.7 1.5
1.79 1.92 2.67 1.59
1.7 1.9 2.64 1.54
1.7 1.9 2.61 1.51
1.83 2.09 2.48 1.57
1.71 1.98 2.47 1.45
1.7 1.84 2.62 1.46
1.74 2.01 2.51 1.52
1.66 1.68 2.76 1.44
1.7 1.69 2.9 1.59
1.71 1.75 2.75 1.5
1.77 1.86 2.68 1.54
1.75 1.93 2.63 1.56
1.71 1.75 2.66 1.41
1.74 1.81 2.6 1.41
1.73 1.77 2.77 1.54
1.73 1.88 2.67 1.55
1.77 1.75 2.74 1.49
1.74 1.86 2.73 1.59
1.77 1.96 2.61 1.57
1.74 1.95 2.55 1.5
1.66 1.75 2.83 1.58
1.76 2.09 2.5 1.59
1.71 1.85 2.64 1.49
1.76 1.89 2.55 1.44
1.77 1.9 2.58 1.48
1.71 1.68 2.83 1.51
1.74 1.97 2.63 1.6
1.77 1.93 2.55 1.48
1.72 1.72 2.67 1.39
1.74 1.8 2.64 1.44
1.78 1.9 2.63 1.53
1.7 1.76 2.74 1.5
1.73 1.86 2.59 1.45
1.8 1.78 2.74 1.52
1.85 1.95 2.57 1.52
1.77 1.94 2.53 1.47
1.83 1.89 2.6 1.49
1.84 2.01 2.52 1.53
1.73 1.88 2.64 1.52
1.72 1.72 2.69 1.41
1.77 1.86 2.63 1.49
1.73 1.7 2.8 1.5
1.75 1.79 2.7 1.49
1.75 1.87 2.66 1.53
1.7 1.95 2.63 1.58
1.73 1.88 2.62 1.5
1.76 1.81 2.7 1.51
1.79 1.81 2.69 1.5
1.69 1.8 2.74 1.54
1.77 1.82 2.65 1.47
1.73 1.79 2.71 1.5
1.79 1.84 2.58 1.42
1.77 2.04 2.49 1.53
1.66 1.94 2.55 1.49
1.77 1.95 2.56 1.51
1.8 1.86 2.63 1.49
1.79 2.07 2.45 1.52
1.75 1.77 2.68 1.45
1.79 2.15 2.39 1.54
1.73 1.94 2.55 1.49
1.7 1.84 2.68 1.52
1.68 1.75 2.7 1.45
1.78 1.87 2.57 1.44
1.74 1.92 2.52 1.44
1.78 2.0 2.56 1.56
1.73 1.91 2.69 1.6
1.72 1.97 2.59 1.56
1.76 2.09 2.46 1.55
1.69 1.93 2.58 1.51
1.76 1.87 2.67 1.54
1.76 1.71 2.74 1.45
1.76 1.72 2.73 1.45
1.85 1.96 2.57 1.53
1.71 1.98 2.59 1.57
1.73 1.87 2.63 1.5
1.82 2.12 2.45 1.57
1.71 1.86 2.74 1.6
1.7 1.93 2.53 1.46
1.74 1.85 2.64 1.49
1.7 1.71 2.75 1.46
1.73 1.73 2.75 1.48
1.74 1.9 2.6 1.5
1.73 1.82 2.62 1.44
1.77 1.78 2.7 1.48
1.79 1.9 2.58 1.48
1.77 2.05 2.47 1.52
1.79 2.04 2.51 1.55
1.76 1.85 2.68 1.53
1.75 1.86 2.65 1.51
1.82 2.05 2.44 1.49
1.71 1.73 2.77 1.5
1.74 1.81 2.6 1.41
1.78 2.03 2.51 1.54
1.72 1.79 2.7 1.49
1.79 2.07 2.48 1.55
1.75 1.78 2.7 1.48
1.79 1.97 2.54 1.51
1.78 2.03 2.45 1.48
1.78 1.82 2.71 1.53
1.75 1.94 2.63 1.57
1.79 2.0 2.48 1.48
1.79 1.87 2.62 1.49
1.72 1.76 2.8 1.56
1.71 1.86 2.59 1.45
1.74 1.89 2.68 1.57
1.67 1.84 2.61 1.45
1.73 1.69 2.88 1.57
1.7 1.82 2.66 1.48
1.68 1.82 2.75 1.57
1.81 1.72 2.77 1.49
1.71 1.75 2.68 1.43
1.69 1.72 2.74 1.46
1.76 1.84 2.66 1.5
1.7 1.77 2.64 1.41
1.69 1.87 2.65 1.52
1.7 1.75 2.8 1.55
1.8 1.98 2.52 1.5
1.76 1.86 2.75 1.61
1.75 2.0 2.59 1.59
1.71 1.77 2.69 1.46
1.72 1.7 2.7 1.4
1.79 1.97 2.58 1.55
1.73 1.89 2.7 1.59
1.74 1.92 2.63 1.55
1.74 1.86 2.66 1.52
1.78 1.84 2.7 1.54
1.79 1.96 2.51 1.47
1.79 1.68 2.82 1.5
1.78 1.98 2.5 1.48
1.81 2.07 2.45 1.52
1.68 1.87 2.65 1.52
1.8 1.98 2.53 1.51
1.72 1.79 2.66 1.45
1.73 1.86 2.6 1.46
1.7 1.76 2.79 1.55
1.77 1.85 2.73 1.58
1.76 1.91 2.54 1.45
1.79 1.87 2.63 1.5
1.77 1.91 2.62 1.53
1.74 1.68 2.76 1.44
1.74 1.83 2.66 1.49
1.74 1.85 2.63 1.48
1.72 1.72 2.66 1.38
1.76 1.76 2.76 1.52
1.69 1.86 2.7 1.56
1.79 1.91 2.61 1.52
1.75 1.89 2.62 1.51
1.74 1.89 2.59 1.48
1.77 2.05 2.51 1.56
1.77 1.88 2.58 1.46
1.68 1.74 2.77 1.51
1.69 1.76 2.66 1.42
1.76 1.83 2.65 1.48
1.75 1.87 2.65 1.52
1.75 1.89 2.62 1.51
1.73 1.84 2.66 1.5
1.78 1.82 2.66 1.48
1.82 1.91 2.56 1.47
1.75 1.83 2.63 1.46
1.72 1.81 2.7 1.51
1.74 1.83 2.64 1.47
1.76 1.92 2.58 1.5
1.74 2.01 2.5 1.51
1.76 1.86 2.68 1.54
1.69 1.85 2.63 1.48
1.66 1.76 2.83 1.59
1.62 1.64 2.84 1.48
1.77 2.03 2.48 1.51
1.69 1.96 2.53 1.49
1.79 1.78 2.66 1.44
1.73 1.67 2.82 1.49
1.75 1.74 2.81 1.55
1.72 2.04 2.49 1.53
1.73 1.8 2.79 1.59
1.77 1.89 2.6 1.49
1.62 1.85 2.62 1.47
1.69 1.85 2.62 1.47
1.77 1.89 2.65 1.54
1.86 2.02 2.48 1.5
1.65 1.71 2.79 1.5
1.66 1.72 2.77 1.49
1.79 2.02 2.54 1.56
1.74 1.87 2.56 1.43
1.78 1.98 2.55 1.53
1.74 2.02 2.48 1.5
1.71 1.91 2.72 1.63
1.7 1.76 2.69 1.45
1.78 1.97 2.56 1.53
1.83 1.84 2.64 1.48
1.71 1.85 2.67 1.52
1.72 1.93 2.53 1.46
1.72 1.8 2.71 1.51
1.71 1.89 2.58 1.47
1.71 1.8 2.63 1.43
1.7 1.77 2.71 1.48
1.68 1.92 2.66 1.58
1.79 1.85 2.67 1.52
1.71 1.82 2.67 1.49
1.67 1.94 2.6 1.54
1.68 1.78 2.65 1.43
1.64 1.7 2.7 1.4
1.75 1.78 2.79 1.57
1.81 1.78 2.63 1.41
1.84 1.95 2.51 1.46
1.75 1.91 2.58 1.49
1.73 1.68 2.86 1.54
1.73 1.87 2.68 1.55
1.75 1.7 2.71 1.41
1.81 2.2 2.41 1.61
1.74 1.92 2.64 1.56
1.7 1.75 2.73 1.48
1.79 1.94 2.57 1.51
1.77 1.85 2.65 1.5
1.59 1.73 2.76 1.49
1.77 1.88 2.57 1.45
1.69 1.84 2.63 1.47
1.74 1.87 2.62 1.49
1.74 1.87 2.67 1.54
1.8 1.93 2.62 1.55
1.74 1.89 2.57 1.46
1.76 1.73 2.81 1.54
1.78 1.9 2.61 1.51
1.75 1.91 2.56 1.47
1.76 1.85 2.68 1.53
1.81 1.79 2.65 1.44
1.73 1.74 2.71 1.45
1.74 1.9 2.61 1.51
1.77 1.93 2.62 1.55
1.76 2.14 2.38 1.52
1.74 1.86 2.66 1.52
1.69 1.61 2.87 1.48
1.75 1.93 2.55 1.48
1.71 1.75 2.72 1.47
1.74 1.95 2.59 1.54
1.71 1.84 2.7 1.54
1.76 1.99 2.53 1.52
1.81 1.8 2.68 1.48
1.71 1.75 2.76 1.51
1.77 1.87 2.68 1.55
1.68 1.66 2.8 1.46
1.73 1.93 2.46 1.39
1.75 1.91 2.6 1.51
1.69 1.75 2.72 1.47
1.72 1.94 2.6 1.54
1.71 1.73 2.83 1.56
1.72 1.81 2.7 1.51
1.8 1.9 2.61 1.51
1.71 1.87 2.61 1.48
1.75 1.79 2.71 1.5
1.79 1.95 2.46 1.41
1.79 1.97 2.51 1.48
1.84 2.09 2.46 1.55
1.69 1.78 2.72 1.5
1.76 1.72 2.77 1.49
1.68 1.82 2.7 1.52
1.83 2.04 2.44 1.48
1.81 1.88 2.58 1.46
1.74 1.95 2.46 1.41
1.82 1.9 2.59 1.49
1.77 1.73 2.85 1.58
1.66 1.63 2.8 1.43
1.75 1.91 2.56 1.47
1.79 1.79 2.56 1.35
1.73 1.72 2.7 1.42
1.74 1.9 2.58 1.48
1.75 1.88 2.59 1.47
1.69 1.71 2.71 1.42
1.77 1.93 2.58 1.51
1.74 2.01 2.55 1.56
1.74 2.03 2.5 1.53
1.81 2.0 2.53 1.53
1.74 1.91 2.65 1.56
1.77 2.13 2.42 1.55
1.76 1.84 2.69 1.53
1.72 1.73 2.62 1.35
1.74 1.7 2.76 1.46
1.7 1.69 2.82 1.51
1.68 1.73 2.72 1.45
1.74 1.88 2.51 1.39
1.73 1.82 2.69 1.51
1.68 1.82 2.73 1.55
1.72 1.87 2.62 1.49
1.74 1.95 2.54 1.49
1.7 1.78 2.79 1.57
1.7 1.79 2.69 1.48
1.75 2.0 2.51 1.51
1.75 2.03 2.39 1.42
1.69 1.69 2.82 1.51
1.72 1.83 2.67 1.5
1.78 1.87 2.57 1.44
1.85 1.77 2.67 1.44
1.78 1.93 2.53 1.46
1.74 1.91 2.6 1.51
1.83 2.08 2.41 1.49
1.72 1.87 2.6 1.47
1.7 1.78 2.67 1.45
1.7 2.03 2.51 1.54
1.68 1.73 2.76 1.49
1.77 2.0 2.47 1.47
1.75 1.76 2.75 1.51
1.72 1.79 2.7 1.49
1.79 2.0 2.6 1.6
1.78 2.0 2.53 1.53
1.75 2.0 2.51 1.51
1.72 1.78 2.63 1.41
1.7 1.74 2.77 1.51
1.74 1.9 2.66 1.56
1.75 1.85 2.68 1.53
1.81 1.94 2.53 1.47
1.81 1.98 2.48 1.46
1.76 1.9 2.54 1.44
1.7 1.58 2.95 1.53
1.73 1.88 2.6 1.48
1.74 1.88 2.59 1.47
1.78 1.94 2.65 1.59
1.68 1.73 2.77 1.5
1.76 1.96 2.58 1.54
1.72 1.8 2.7 1.5
1.79 2.0 2.61 1.61
1.8 2.06 2.42 1.48
1.77 1.95 2.55 1.5
1.83 2.15 2.39 1.54
1.82 2.08 2.49 1.57
1.7 1.83 2.66 1.49
1.81 1.84 2.66 1.5
1.69 1.79 2.71 1.5
1.82 1.75 2.67 1.42
1.76 2.0 2.5 1.5
1.81 2.03 2.54 1.57
1.79 1.79 2.68 1.47
1.73 1.8 2.71 1.51
1.78 2.12 2.46 1.58
1.81 1.79 2.7 1.49
1.74 1.9 2.6 1.5
1.69 1.8 2.73 1.53
1.7 1.87 2.63 1.5
1.76 1.84 2.68 1.52
1.8 2.12 2.42 1.54
1.68 1.65 2.87 1.52
1.84 2.05 2.47 1.52
1.77 1.92 2.55 1.47
1.77 2.02 2.5 1.52
1.77 1.78 2.57 1.35
1.83 2.06 2.48 1.54
1.75 1.94 2.6 1.54
1.71 1.83 2.74 1.57
1.67 1.61 2.82 1.43
1.76 1.95 2.53 1.48
1.69 1.89 2.56 1.45
1.7 1.78 2.7 1.48
1.74 1.9 2.62 1.52
1.74 1.83 2.72 1.55
1.75 1.88 2.6 1.48
1.66 1.74 2.77 1.51
1.8 2.0 2.44 1.44
1.75 1.89 2.59 1.48
1.74 1.87 2.64 1.51
1.74 1.85 2.66 1.51
1.7 1.83 2.71 1.54
1.79 1.95 2.61 1.56
1.78 1.8 2.71 1.51
1.73 1.78 2.67 1.45
1.82 2.09 2.5 1.59
1.78 1.86 2.59 1.45
1.75 1.97 2.63 1.6
1.78 2.0 2.53 1.53
1.73 1.86 2.66 1.52
1.77 1.82 2.71 1.53
1.77 1.94 2.66 1.6
1.75 1.76 2.69 1.45
1.750108 1.875136 2.625478 1.500614
