1.75 1.85 2.65 1.5
1.9 2.1 2.4 1.5
1.8 2.35 2.25 1.6
1.5 1.45 3.0 1.45
1.85 1.85 2.6 1.45
1.65 1.5 2.9 1.4
1.8 1.85 2.6 1.45
1.85 1.95 2.55 1.5
1.75 2.0 2.55 1.55
1.65 1.75 2.9 1.65
1.75 2.0 2.6 1.6
1.7 2.1 2.5 1.6
1.6 1.75 2.6 1.35
1.75 1.7 2.65 1.35
1.65 1.45 2.9 1.35
1.8 1.9 2.55 1.45
1.7 1.8 2.7 1.5
1.8 1.6 2.75 1.35
1.65 1.65 2.9 1.55
1.9 2.45 2.25 1.7
1.7 1.75 2.75 1.5
1.7 1.75 2.9 1.65
1.8 1.55 2.8 1.35
1.65 1.5 2.65 1.15
1.8 2.1 2.55 1.65
1.75 1.6 2.85 1.45
1.75 2.0 2.7 1.7
1.7 1.8 2.85 1.65
1.6 2.0 2.65 1.65
1.8 2.25 2.15 1.4
1.8 1.95 2.4 1.35
1.85 1.9 2.65 1.55
1.9 2.2 2.45 1.65
1.8 2.2 2.25 1.45
1.65 1.95 2.65 1.6
1.7 2.2 2.5 1.7
1.7 1.8 2.55 1.35
1.6 1.6 2.8 1.4
1.7 1.5 2.9 1.4
1.75 1.7 2.7 1.4
1.75 1.4 3.0 1.4
1.75 1.65 2.8 1.45
1.75 2.25 2.35 1.6
1.7 1.5 2.9 1.4
1.55 1.55 3.2 1.75
1.85 1.85 2.6 1.45
1.75 1.95 2.3 1.25
1.9 2.05 2.55 1.6
1.7 1.9 2.6 1.5
1.75 2.0 2.6 1.6
1.6 1.6 2.8 1.4
1.8 2.25 2.2 1.45
1.7 1.55 2.85 1.4
1.75 1.75 2.75 1.5
1.75 1.6 2.8 1.4
1.95 2.2 2.45 1.65
1.7 1.5 2.8 1.3
1.8 2.3 2.25 1.55
1.9 1.8 2.75 1.55
1.85 1.8 2.6 1.4
1.75 1.65 2.6 1.25
1.8 2.1 2.45 1.55
1.75 1.9 2.5 1.4
1.85 1.75 2.55 1.3
1.75 1.75 2.65 1.4
1.75 2.1 2.45 1.55
1.7 1.8 2.65 1.45
1.7 1.8 2.9 1.7
1.8 2.35 2.2 1.55
1.6 1.6 2.95 1.55
1.7 1.8 2.6 1.4
1.9 1.95 2.55 1.5
1.5 1.55 3.1 1.65
1.8 2.25 2.35 1.6
1.75 2.4 2.25 1.65
1.7 1.85 2.55 1.4
1.8 1.95 2.65 1.6
1.85 2.0 2.55 1.55
1.75 1.85 2.85 1.7
1.7 1.9 2.55 1.45
1.7 1.45 3.05 1.5
1.65 2.0 2.5 1.5
1.55 1.95 2.5 1.45
1.75 1.7 2.7 1.4
1.7 1.5 3.0 1.5
1.85 2.25 2.35 1.6
1.85 1.8 2.75 1.55
1.85 2.55 2.2 1.75
1.7 1.9 2.75 1.65
1.7 1.9 2.55 1.45
1.75 1.5 2.9 1.4
1.65 1.4 2.85 1.25
1.7 1.9 2.65 1.55
1.7 2.3 2.35 1.65
1.8 1.5 2.9 1.4
1.55 1.65 2.7 1.35
1.75 2.1 2.4 1.5
1.7 2.15 2.6 1.75
1.65 2.0 2.6 1.6
1.65 2.0 2.4 1.4
1.85 1.6 2.75 1.35
1.6 1.75 2.65 1.4
1.6 1.7 2.9 1.6
1.85 2.25 2.2 1.45
1.8 1.9 2.5 1.4
1.55 1.7 2.75 1.45
1.85 1.75 2.55 1.3
1.8 1.95 2.55 1.5
1.7 1.5 2.9 1.4
1.75 2.0 2.45 1.45
1.75 2.25 2.25 1.5
1.7 1.9 2.55 1.45
1.65 2.0 2.55 1.55
1.9 1.95 2.4 1.35
1.8 1.8 2.55 1.35
1.75 1.85 2.55 1.4
1.65 2.0 2.5 1.5
1.75 1.85 2.6 1.45
1.8 1.7 2.8 1.5
1.75 1.85 2.8 1.65
1.75 2.05 2.45 1.5
1.7 2.0 2.6 1.6
1.8 1.95 2.55 1.5
1.75 1.85 2.55 1.4
1.65 1.85 2.75 1.6
1.8 2.0 2.6 1.6
1.85 2.35 2.1 1.45
1.8 1.95 2.7 1.65
1.7 1.75 2.7 1.45
1.7 1.8 2.8 1.6
1.8 2.15 2.4 1.55
1.75 2.2 2.3 1.5
1.9 2.3 2.15 1.45
1.75 1.75 2.8 1.55
1.7 1.35 2.95 1.3
1.8 1.7 2.95 1.65
1.85 2.05 2.4 1.45
1.6 1.95 2.65 1.6
1.8 1.9 2.7 1.6
1.85 2.1 2.4 1.5
1.65 2.0 2.6 1.6
1.85 2.35 2.15 1.5
1.7 1.55 2.85 1.4
1.7 2.15 2.35 1.5
1.75 1.95 2.5 1.45
1.8 1.85 2.55 1.4
1.7 1.8 2.65 1.45
1.7 2.2 2.4 1.6
1.7 1.55 2.85 1.4
1.95 2.2 2.25 1.45
1.9 1.75 2.7 1.45
1.7 1.8 2.75 1.55
1.7 1.8 2.7 1.5
1.65 1.6 2.75 1.35
1.8 2.05 2.4 1.45
1.7 1.95 2.6 1.55
1.8 1.85 2.65 1.5
1.55 1.35 3.15 1.5
1.7 1.7 2.75 1.45
1.75 2.0 2.55 1.55
1.7 2.0 2.5 1.5
1.7 1.9 2.5 1.4
1.8 2.1 2.35 1.45
1.85 2.35 1.95 1.3
1.95 2.4 2.15 1.55
1.8 2.3 2.45 1.75
1.75 2.25 2.25 1.5
1.65 1.8 2.65 1.45
1.95 2.45 2.1 1.55
1.75 2.0 2.6 1.6
1.85 1.9 2.65 1.55
1.75 1.75 2.9 1.65
1.8 1.35 3.0 1.35
1.8 1.85 2.6 1.45
1.75 1.95 2.6 1.55
1.75 1.85 2.6 1.45
1.7 1.9 2.75 1.65
1.75 1.85 2.5 1.35
1.8 2.25 2.2 1.45
1.55 1.7 2.9 1.6
1.75 2.1 2.65 1.75
1.8 1.9 2.7 1.6
1.55 2.05 2.7 1.75
1.7 1.8 2.6 1.4
1.95 1.7 2.7 1.4
1.85 2.1 2.7 1.8
1.8 2.45 2.2 1.65
1.75 2.1 2.35 1.45
1.8 1.85 2.6 1.45
1.75 2.1 2.55 1.65
1.8 2.05 2.45 1.5
1.6 1.85 2.6 1.45
1.75 1.6 2.95 1.55
1.65 1.85 2.45 1.3
1.75 1.65 2.7 1.35
1.6 1.6 2.9 1.5
1.8 2.0 2.45 1.45
1.8 1.7 2.8 1.5
1.85 1.85 2.6 1.45
1.7 2.2 2.4 1.6
1.8 1.8 2.5 1.3
1.75 1.95 2.55 1.5
1.9 2.25 2.4 1.65
1.75 1.75 2.9 1.65
1.75 2.0 2.45 1.45
1.8 2.2 2.3 1.5
1.85 2.4 2.2 1.6
1.8 1.65 2.9 1.55
1.7 2.0 2.6 1.6
1.75 1.9 2.5 1.4
1.7 2.1 2.35 1.45
1.7 1.65 2.8 1.45
1.7 1.8 2.85 1.65
1.65 1.65 3.0 1.65
1.7 1.75 2.6 1.35
1.75 2.1 2.35 1.45
1.75 1.7 2.85 1.55
1.75 1.9 2.6 1.5
1.5 1.65 2.7 1.35
1.8 2.05 2.6 1.65
1.65 1.65 2.95 1.6
1.7 2.05 2.55 1.6
1.65 2.05 2.3 1.35
1.45 1.35 2.9 1.25
1.75 1.9 2.55 1.45
1.75 2.0 2.45 1.45
1.65 1.9 2.75 1.65
1.85 2.2 2.3 1.5
1.55 1.75 2.7 1.45
1.7 1.9 2.55 1.45
1.9 1.75 2.5 1.25
1.85 1.8 2.8 1.6
1.8 2.15 2.25 1.4
1.6 1.45 3.05 1.5
1.75 1.9 2.65 1.55
1.85 2.6 2.05 1.65
1.65 1.7 2.85 1.55
1.85 2.2 2.25 1.45
1.85 2.0 2.5 1.5
1.65 1.35 2.95 1.3
1.75 1.6 2.85 1.45
1.65 1.85 2.6 1.45
1.9 1.95 2.4 1.35
1.75 2.35 2.3 1.65
1.8 1.5 2.95 1.45
1.75 2.2 2.4 1.6
1.75 1.95 2.6 1.55
1.7 1.85 2.6 1.45
1.8 1.6 2.8 1.4
1.85 1.8 2.75 1.55
1.8 1.65 2.75 1.4
1.7 1.95 2.5 1.45
1.6 1.55 2.95 1.5
1.65 1.75 2.85 1.6
1.75 2.1 2.55 1.65
1.85 2.45 2.15 1.6
1.7 1.65 2.9 1.55
1.55 1.8 2.65 1.45
1.95 2.05 2.5 1.55
1.7 1.55 2.95 1.5
1.65 1.7 2.9 1.6
1.9 1.65 2.8 1.45
1.8 1.7 2.55 1.25
1.85 1.95 2.55 1.5
1.65 2.1 2.5 1.6
1.6 1.7 2.75 1.45
1.95 2.3 2.15 1.45
1.75 1.9 2.8 1.7
1.8 2.55 2.15 1.7
1.7 1.55 3.05 1.6
1.95 1.8 2.8 1.6
1.8 2.0 2.5 1.5
1.8 1.6 2.8 1.4
1.55 2.0 2.8 1.8
1.65 1.9 2.6 1.5
1.75 1.95 2.55 1.5
1.8 2.0 2.5 1.5
1.75 1.7 2.8 1.5
1.65 1.6 2.7 1.3
1.45 1.35 3.25 1.6
1.9 1.9 2.4 1.3
1.8 2.45 2.4 1.85
1.75 2.0 2.5 1.5
1.8 2.05 2.35 1.4
1.5 1.65 2.75 1.4
1.9 1.85 2.65 1.5
1.85 1.95 2.7 1.65
1.75 1.6 3.1 1.7
1.8 2.0 2.4 1.4
1.75 1.65 2.7 1.35
1.8 1.8 2.7 1.5
1.8 1.75 2.85 1.6
1.75 2.0 2.6 1.6
1.7 1.55 2.9 1.45
1.75 1.85 2.8 1.65
1.75 1.6 3.0 1.6
1.75 2.1 2.5 1.6
1.55 1.55 2.85 1.4
1.65 1.75 2.95 1.7
1.8 1.9 2.45 1.35
1.65 1.5 2.85 1.35
1.75 1.85 2.95 1.8
1.65 1.65 2.9 1.55
1.85 1.9 2.45 1.35
1.8 1.85 2.8 1.65
1.8 2.1 2.45 1.55
1.75 1.7 2.7 1.4
1.9 1.95 2.5 1.45
1.75 2.0 2.5 1.5
1.85 1.95 2.6 1.55
1.85 1.7 2.65 1.35
1.75 1.7 2.85 1.55
1.7 1.9 2.65 1.55
1.65 1.85 3.0 1.85
1.9 2.25 2.2 1.45
1.75 1.85 2.45 1.3
1.65 1.9 2.6 1.5
1.65 1.45 3.0 1.45
1.6 1.9 2.7 1.6
1.85 1.95 2.35 1.3
1.65 1.75 2.7 1.45
1.75 1.65 2.7 1.35
1.9 2.2 2.25 1.45
1.6 1.65 2.9 1.55
1.75 2.05 2.4 1.45
1.8 1.7 2.8 1.5
1.6 1.55 2.8 1.35
1.7 1.95 2.6 1.55
1.85 1.75 2.7 1.45
1.7 2.3 2.3 1.6
1.65 1.75 2.65 1.4
1.7 1.8 2.7 1.5
1.75 1.7 2.7 1.4
1.95 2.05 2.25 1.3
1.7 1.75 2.7 1.45
1.85 1.8 2.7 1.5
1.7 2.1 2.6 1.7
1.75 2.1 2.5 1.6
1.75 1.75 2.9 1.65
1.85 2.3 2.3 1.6
1.75 1.65 2.65 1.3
1.7 1.7 2.75 1.45
1.7 2.05 2.5 1.55
1.9 2.15 2.4 1.55
1.7 1.35 3.25 1.6
1.7 1.55 2.85 1.4
1.65 1.6 2.75 1.35
1.75 2.15 2.45 1.6
1.65 2.1 2.5 1.6
1.7 2.1 2.4 1.5
1.8 1.9 2.55 1.45
1.9 1.95 2.75 1.7
1.85 2.15 2.35 1.5
1.8 1.65 2.75 1.4
1.85 1.8 2.6 1.4
1.8 1.95 2.5 1.45
1.75 1.75 2.6 1.35
1.7 1.65 2.95 1.6
1.8 1.75 2.45 1.2
1.95 2.05 2.45 1.5
1.6 1.55 2.85 1.4
1.9 2.35 2.2 1.55
1.9 2.1 2.35 1.45
1.8 1.45 2.8 1.25
1.9 2.15 2.3 1.45
1.7 1.6 3.0 1.6
1.9 2.0 2.4 1.4
1.75 1.35 3.0 1.35
1.85 2.0 2.5 1.5
1.85 2.15 2.4 1.55
1.85 1.8 2.65 1.45
1.75 1.65 3.05 1.7
1.95 1.9 2.8 1.7
1.85 2.2 2.5 1.7
1.75 1.75 2.95 1.7
1.75 1.8 2.6 1.4
1.65 1.5 3.05 1.55
1.8 2.15 2.4 1.55
1.8 2.25 2.2 1.45
1.7 2.2 2.4 1.6
1.7 1.75 2.75 1.5
1.8 2.1 2.35 1.45
1.7 1.65 2.65 1.3
1.9 2.4 2.25 1.65
1.55 1.6 2.85 1.45
1.7 1.75 2.7 1.45
1.8 2.05 2.4 1.45
1.7 2.2 2.35 1.55
1.7 1.75 2.7 1.45
1.7 1.65 2.85 1.5
1.6 1.9 2.85 1.75
1.75 1.8 2.6 1.4
1.75 2.2 2.5 1.7
1.85 1.9 2.7 1.6
1.8 2.15 2.45 1.6
1.7 1.45 2.85 1.3
1.75 1.55 2.95 1.5
1.75 1.7 2.95 1.65
1.7 1.35 3.1 1.45
1.85 2.45 2.2 1.65
1.6 1.55 2.9 1.45
1.65 1.8 2.7 1.5
1.8 2.15 2.5 1.65
1.75 1.75 2.6 1.35
1.65 1.9 2.55 1.45
1.7 1.85 2.6 1.45
1.8 2.15 2.3 1.45
1.65 1.95 2.7 1.65
1.95 2.1 2.4 1.5
1.6 2.05 2.4 1.45
1.9 2.25 2.25 1.5
1.7 1.9 2.9 1.8
1.75 1.55 2.7 1.25
1.75 1.6 2.85 1.45
1.55 1.7 2.7 1.4
1.65 1.75 2.65 1.4
1.8 1.75 2.7 1.45
1.75 1.8 2.55 1.35
1.6 1.5 3.15 1.65
1.75 1.75 2.6 1.35
1.75 1.75 2.65 1.4
1.75 2.2 2.25 1.45
1.9 1.9 2.65 1.55
1.7 1.7 2.65 1.35
1.65 2.05 2.45 1.5
1.7 2.0 2.5 1.5
1.7 2.0 2.45 1.45
1.7 1.9 2.65 1.55
1.7 1.8 2.7 1.5
1.8 1.7 2.8 1.5
1.85 1.75 2.75 1.5
1.75 1.9 2.55 1.45
1.85 2.15 2.4 1.55
1.8 1.75 2.7 1.45
1.7 1.55 2.85 1.4
1.8 1.75 2.7 1.45
1.65 1.7 2.9 1.6
1.85 1.8 2.5 1.3
1.9 2.05 2.55 1.6
1.6 2.0 2.6 1.6
1.85 2.15 2.25 1.4
1.85 1.95 2.55 1.5
1.75 1.8 2.75 1.55
1.8 1.65 2.9 1.55
1.65 1.85 2.85 1.7
1.7 2.05 2.45 1.5
1.8 1.9 2.55 1.45
1.65 1.55 2.95 1.5
1.7 1.85 2.7 1.55
1.7 1.6 2.75 1.35
1.7 1.75 2.85 1.6
1.6 2.0 2.65 1.65
1.8 1.85 2.55 1.4
1.55 1.65 2.8 1.45
1.8 1.55 2.9 1.45
1.5 1.35 2.95 1.3
1.8 2.05 2.5 1.55
1.75 1.95 2.6 1.55
1.75 1.75 2.7 1.45
1.8 2.05 2.55 1.6
1.8 1.75 2.75 1.5
1.6 2.15 2.5 1.65
1.75 2.2 2.35 1.55
1.75 1.7 2.9 1.6
1.7 1.9 2.65 1.55
1.9 2.25 2.2 1.45
1.8 1.85 2.75 1.6
1.6 1.75 2.7 1.45
1.65 1.7 2.9 1.6
1.75 1.7 2.9 1.6
1.75 1.7 2.95 1.65
1.8 2.2 2.35 1.55
1.8 2.35 2.2 1.55
1.85 1.85 2.65 1.5
1.55 1.7 2.75 1.45
1.65 1.55 2.85 1.4
1.85 1.95 2.65 1.6
1.55 1.85 2.7 1.55
1.85 1.7 2.7 1.4
1.85 1.65 2.85 1.5
1.7 2.1 2.5 1.6
1.75 1.7 2.55 1.25
1.8 1.95 2.6 1.55
1.75 1.75 2.85 1.6
1.8 1.6 2.85 1.45
1.8 1.8 2.7 1.5
1.65 1.75 2.6 1.35
1.65 1.6 2.9 1.5
1.7 1.75 2.7 1.45
1.7 1.75 2.7 1.45
1.65 2.05 2.4 1.45
1.8 2.0 2.5 1.5
1.75 1.8 2.75 1.55
1.75 1.55 2.95 1.5
1.6 2.15 2.7 1.85
1.75 2.05 2.4 1.45
1.75 1.65 2.75 1.4
1.75 2.35 2.4 1.75
1.7 2.0 2.55 1.55
1.65 1.75 2.85 1.6
1.6 1.95 2.55 1.5
1.65 1.7 2.8 1.5
1.7 1.65 3.0 1.65
1.75 1.45 3.0 1.45
1.7 2.0 2.7 1.7
1.95 2.15 2.4 1.55
1.8 1.65 2.8 1.45
1.8 1.9 2.7 1.6
1.75 1.9 2.55 1.45
1.7 1.95 2.75 1.7
1.65 1.95 2.55 1.5
1.8 1.9 2.6 1.5
1.7 1.6 2.95 1.55
1.8 1.8 2.7 1.5
1.85 1.8 2.6 1.4
1.65 1.85 2.8 1.65
1.7 1.6 2.9 1.5
1.8 1.7 2.75 1.45
1.7 1.9 2.65 1.55
1.8 1.65 2.8 1.45
1.85 2.4 2.3 1.7
1.8 1.95 2.45 1.4
1.75 2.2 2.45 1.65
1.85 1.95 2.6 1.55
1.55 1.2 3.25 1.45
1.7 2.0 2.6 1.6
1.65 1.7 2.95 1.65
1.8 1.95 2.7 1.65
1.8 2.05 2.5 1.55
1.9 2.05 2.65 1.7
1.8 1.75 2.75 1.5
1.85 2.3 2.35 1.65
1.65 1.7 2.85 1.55
1.7 1.75 2.8 1.55
1.85 2.45 2.1 1.55
1.75 1.95 2.75 1.7
1.85 1.8 2.75 1.55
1.7 1.45 2.9 1.35
1.95 2.25 2.35 1.6
1.75 1.9 2.65 1.55
1.7 1.9 2.65 1.55
1.65 1.85 2.55 1.4
1.65 1.7 2.6 1.3
1.7 1.6 2.7 1.3
1.75 1.55 3.0 1.55
1.45 1.85 2.75 1.6
1.6 1.7 2.85 1.55
1.75 1.6 2.85 1.45
1.8 2.1 2.4 1.5
1.6 1.85 2.8 1.65
1.8 1.95 2.6 1.55
1.7 2.0 2.55 1.55
1.65 1.7 2.75 1.45
1.9 2.25 2.3 1.55
1.65 1.75 2.7 1.45
1.85 1.7 2.8 1.5
1.65 1.85 2.6 1.45
1.6 1.65 2.75 1.4
1.5 1.45 2.95 1.4
1.75 1.65 2.8 1.45
1.8 2.15 2.3 1.45
1.75 2.0 2.5 1.5
1.65 1.9 2.7 1.6
1.75 2.2 2.4 1.6
1.6 1.9 2.65 1.55
1.8 2.3 2.4 1.7
1.8 1.9 2.5 1.4
1.9 1.9 2.45 1.35
1.75 2.1 2.4 1.5
1.7 1.45 2.9 1.35
1.7 1.95 2.6 1.55
1.85 2.25 2.25 1.5
1.9 2.25 2.2 1.45
1.8 1.75 2.55 1.3
1.8 2.0 2.3 1.3
1.7 1.7 2.95 1.65
1.8 2.0 2.6 1.6
1.85 2.2 2.25 1.45
1.7 1.8 2.6 1.4
1.9 2.35 2.3 1.65
1.9 1.7 2.7 1.4
1.8 1.75 2.75 1.5
1.8 2.05 2.3 1.35
1.75 1.9 2.75 1.65
1.6 1.85 2.6 1.45
1.85 2.1 2.2 1.3
1.6 1.9 2.7 1.6
1.75 1.8 2.7 1.5
1.85 2.2 2.35 1.55
1.75 1.9 2.65 1.55
1.75 1.8 2.85 1.65
1.9 1.9 2.4 1.3
1.75 2.05 2.4 1.45
1.65 1.7 2.85 1.55
1.8 1.85 2.7 1.55
1.85 2.3 2.35 1.65
1.7 1.35 3.2 1.55
1.6 1.8 2.85 1.65
1.65 1.55 3.0 1.55
1.7 1.6 2.85 1.45
1.65 1.8 2.7 1.5
1.85 2.15 2.3 1.45
1.6 1.75 2.85 1.6
1.6 1.6 2.95 1.55
1.85 2.2 2.5 1.7
1.8 1.7 2.65 1.35
1.8 1.9 2.4 1.3
1.7 2.75 2.05 1.8
1.65 1.9 2.45 1.35
1.8 1.95 2.6 1.55
1.75 1.5 3.15 1.65
1.8 1.95 2.5 1.45
1.75 1.7 2.65 1.35
1.7 2.2 2.45 1.65
1.8 2.15 2.35 1.5
1.7 1.85 2.7 1.55
1.85 1.95 2.65 1.6
1.8 1.65 2.8 1.45
1.8 2.05 2.4 1.45
1.7 2.05 2.5 1.55
1.95 1.95 2.5 1.45
1.9 1.95 2.5 1.45
1.65 1.75 2.6 1.35
1.75 2.1 2.55 1.65
1.85 1.45 3.0 1.45
1.7 1.9 2.4 1.3
1.85 1.9 2.55 1.45
1.75 1.7 2.8 1.5
1.8 1.8 2.75 1.55
1.6 1.65 2.7 1.35
1.75 1.85 2.55 1.4
1.95 2.3 2.35 1.65
1.75 1.8 2.75 1.55
1.9 2.4 2.25 1.65
1.7 1.9 2.7 1.6
1.85 2.15 2.55 1.7
1.9 1.75 2.65 1.4
1.95 2.35 2.25 1.6
1.7 1.85 2.5 1.35
1.75 1.6 2.85 1.45
1.8 1.85 2.7 1.55
1.55 1.85 2.65 1.5
1.9 2.05 2.65 1.7
1.95 2.0 2.35 1.35
1.65 1.65 2.65 1.3
1.75 2.3 2.45 1.75
1.9 2.2 2.4 1.6
1.7 1.9 2.55 1.45
1.7 1.45 2.9 1.35
1.7 1.55 3.05 1.6
1.75 1.95 2.6 1.55
1.85 2.0 2.5 1.5
1.8 2.0 2.5 1.5
1.75 2.0 2.45 1.45
1.7 1.75 2.95 1.7
1.95 2.4 2.0 1.4
1.85 2.0 2.6 1.6
1.9 1.85 2.55 1.4
1.8 1.8 2.6 1.4
1.75 2.25 2.4 1.65
1.65 1.9 2.6 1.5
1.65 1.85 2.85 1.7
1.8 1.85 2.8 1.65
1.85 1.9 2.55 1.45
1.8 2.25 2.4 1.65
1.65 1.7 2.9 1.6
1.9 2.15 2.35 1.5
1.85 2.25 2.35 1.6
1.8 1.4 2.95 1.35
1.8 1.65 2.75 1.4
1.9 2.4 2.05 1.45
1.75 2.05 2.6 1.65
1.85 2.25 2.35 1.6
1.65 1.8 2.5 1.3
1.7 1.6 2.8 1.4
1.75 2.0 2.55 1.55
1.9 2.25 2.3 1.55
1.7 1.55 2.95 1.5
1.8 2.25 2.3 1.55
1.75 1.7 2.85 1.55
1.75 1.9 2.5 1.4
1.6 1.65 2.9 1.55
1.75 1.9 2.45 1.35
1.8 2.2 2.55 1.75
1.7 1.95 2.4 1.35
1.75 1.45 3.1 1.55
1.85 2.15 2.45 1.6
1.8 2.05 2.55 1.6
1.65 1.8 2.7 1.5
1.6 1.45 3.0 1.45
1.7 1.45 3.1 1.55
1.6 1.8 2.65 1.45
2.0 2.4 2.0 1.4
1.9 2.15 2.5 1.65
1.8 1.75 2.55 1.3
1.55 1.4 3.0 1.4
1.95 1.95 2.5 1.45
1.8 2.1 2.45 1.55
1.8 1.9 2.45 1.35
1.75 1.9 2.55 1.45
1.75 1.9 2.6 1.5
1.8 1.85 2.75 1.6
1.75 2.2 2.5 1.7
1.8 1.9 2.75 1.65
1.9 2.15 2.45 1.6
1.9 2.0 2.3 1.3
1.9 2.4 2.1 1.5
1.7 2.15 2.6 1.75
1.9 2.0 2.55 1.55
1.65 1.75 2.8 1.55
1.8 2.0 2.65 1.65
1.75 1.5 2.85 1.35
1.9 2.25 2.25 1.5
1.65 1.4 2.85 1.25
1.7 1.75 2.8 1.55
1.95 1.95 2.6 1.55
1.7 1.7 2.8 1.5
1.75 1.6 2.85 1.45
1.6 1.35 3.15 1.5
1.65 1.3 3.0 1.3
1.8 1.85 2.65 1.5
1.85 2.35 2.3 1.65
1.75 1.75 2.65 1.4
1.75 1.8 2.7 1.5
1.75 2.05 2.3 1.35
1.65 1.6 2.95 1.55
1.8 2.15 2.35 1.5
1.65 1.3 3.25 1.55
1.75 1.7 2.55 1.25
1.5 1.65 2.9 1.55
1.8 2.1 2.5 1.6
1.6 2.15 2.55 1.7
1.95 2.3 2.1 1.4
1.75 1.9 2.9 1.8
1.65 1.55 2.7 1.25
1.75 2.3 2.2 1.5
1.75 1.5 2.85 1.35
1.8 1.8 2.85 1.65
1.65 2.05 2.55 1.6
1.7 1.45 3.1 1.55
1.9 2.0 2.35 1.35
1.75 1.7 2.65 1.35
1.65 1.75 2.7 1.45
1.85 1.8 2.65 1.45
1.8 1.8 2.8 1.6
1.85 2.1 2.35 1.45
1.55 1.65 2.8 1.45
1.6 2.0 2.45 1.45
1.65 1.5 2.95 1.45
1.65 2.05 2.55 1.6
1.8 2.0 2.75 1.75
1.7 1.75 2.65 1.4
1.75 2.05 2.45 1.5
1.6 2.0 2.45 1.45
1.85 2.0 2.55 1.55
1.9 2.45 2.25 1.7
1.8 1.95 2.5 1.45
1.6 1.35 3.15 1.5
1.85 1.85 2.4 1.25
1.75 1.55 2.75 1.3
1.85 1.95 2.65 1.6
1.85 1.85 2.8 1.65
1.75 1.4 3.1 1.5
1.6 1.7 2.85 1.55
1.75 1.85 2.65 1.5
1.9 2.0 2.55 1.55
1.65 1.95 2.65 1.6
1.9 2.1 2.55 1.65
1.65 1.9 2.7 1.6
1.85 1.75 2.65 1.4
1.75 2.3 2.25 1.55
1.8 2.3 2.2 1.5
1.65 1.75 2.75 1.5
1.7 1.95 2.6 1.55
1.7 1.55 3.0 1.55
1.6 1.65 2.9 1.55
1.9 2.4 2.15 1.55
1.8 2.25 2.4 1.65
1.75 1.7 2.65 1.35
1.8 2.3 2.2 1.5
1.8 2.4 2.15 1.55
1.75 1.9 2.5 1.4
1.7 1.85 2.7 1.55
1.6 1.75 2.7 1.45
1.65 1.75 2.75 1.5
1.9 2.05 2.3 1.35
1.7 1.4 3.0 1.4
1.7 1.7 2.65 1.35
1.9 2.35 2.15 1.5
1.8 2.1 2.4 1.5
1.85 1.8 2.8 1.6
1.8 1.95 2.4 1.35
1.65 1.6 2.95 1.55
1.7 1.65 2.7 1.35
1.6 1.7 2.95 1.65
1.65 1.45 2.95 1.4
1.9 1.85 2.7 1.55
1.8 2.05 2.65 1.7
1.9 2.55 1.9 1.45
1.85 2.2 2.35 1.55
1.65 1.75 2.75 1.5
1.8 2.15 2.15 1.3
1.7 1.65 3.05 1.7
1.75 1.85 2.75 1.6
1.9 1.9 2.35 1.25
1.8 2.05 2.55 1.6
1.8 1.65 2.7 1.35
1.8 1.65 2.75 1.4
1.7 1.8 2.75 1.55
1.7 1.75 2.9 1.65
1.7 1.75 2.8 1.55
1.75 1.85 2.65 1.5
1.8 1.55 2.8 1.35
1.8 1.8 2.6 1.4
1.6 1.75 2.7 1.45
1.65 1.85 2.7 1.55
1.55 1.6 3.0 1.6
1.65 1.6 2.85 1.45
1.75 1.7 2.75 1.45
1.85 1.55 2.75 1.3
1.85 2.05 2.35 1.4
1.6 1.75 2.85 1.6
1.85 2.1 2.3 1.4
1.8 2.4 2.2 1.6
1.9 2.05 2.3 1.35
1.85 2.0 2.45 1.45
1.8 2.05 2.6 1.65
1.75 1.9 2.4 1.3
1.7 1.6 2.8 1.4
1.9 1.9 2.4 1.3
1.65 1.95 2.55 1.5
1.75 1.4 2.95 1.35
1.6 2.0 2.5 1.5
1.65 1.85 2.85 1.7
1.7 1.75 2.7 1.45
1.9 1.85 2.55 1.4
1.55 1.75 2.8 1.55
1.6 1.95 2.6 1.55
1.75 1.65 2.8 1.45
1.75 1.95 2.65 1.6
1.75 1.85 2.65 1.5
1.55 1.55 2.95 1.5
1.8 1.8 2.6 1.4
1.75 1.75 2.65 1.4
1.8 2.15 2.4 1.55
1.7 1.55 3.05 1.6
1.7 1.5 3.05 1.55
1.6 1.7 2.9 1.6
1.75 1.75 2.7 1.45
1.7 1.8 2.75 1.55
1.9 2.2 2.4 1.6
1.65 1.65 2.95 1.6
1.75 1.95 2.55 1.5
1.75 1.7 2.75 1.45
1.8 2.35 2.2 1.55
1.75 1.7 2.8 1.5
1.65 1.55 3.0 1.55
1.85 1.9 2.65 1.55
1.7 1.45 2.95 1.4
1.7 2.2 2.45 1.65
1.75 2.0 2.7 1.7
1.85 1.75 2.75 1.5
1.8 1.9 2.6 1.5
1.65 1.85 2.6 1.45
1.65 1.55 2.85 1.4
1.75 1.85 2.5 1.35
1.75 1.75 2.7 1.45
1.75 2.05 2.7 1.75
1.85 2.1 2.25 1.35
1.8 2.0 2.5 1.5
1.5 1.55 2.9 1.45
1.75 1.85 2.7 1.55
1.55 1.65 2.7 1.35
1.75 1.65 2.85 1.5
1.6 1.6 2.7 1.3
1.7 2.0 2.65 1.65
1.75 1.55 2.8 1.35
1.55 1.8 2.7 1.5
1.7 1.85 2.8 1.65
1.45 1.35 3.1 1.45
1.8 1.75 2.8 1.55
1.65 1.7 2.8 1.5
1.75 2.2 2.35 1.55
1.55 1.55 2.75 1.3
1.7 1.8 2.9 1.7
1.85 2.05 2.55 1.6
1.65 1.75 2.75 1.5
1.65 1.3 3.0 1.3
1.8 2.25 2.4 1.65
1.65 2.05 2.65 1.7
1.85 2.0 2.5 1.5
1.7 1.95 2.6 1.55
1.7 1.6 2.9 1.5
1.8 1.95 2.65 1.6
2.0 2.3 2.0 1.3
1.75 1.6 2.95 1.55
1.85 2.05 2.5 1.55
1.75 1.5 2.8 1.3
1.75 1.75 2.8 1.55
1.7 1.55 2.7 1.25
1.8 1.85 2.65 1.5
1.75 2.15 2.5 1.65
1.7 1.8 2.7 1.5
1.85 2.0 2.5 1.5
1.9 1.95 2.65 1.6
1.75 1.65 3.05 1.7
1.75 1.85 2.55 1.4
1.8 2.05 2.55 1.6
1.9 2.0 2.65 1.65
1.8 2.3 2.4 1.7
1.65 2.2 2.35 1.55
1.75 2.25 2.45 1.7
1.6 1.5 2.9 1.4
1.65 1.45 3.15 1.6
1.85 2.35 2.15 1.5
1.6 1.8 2.75 1.55
1.8 1.7 2.8 1.5
1.8 2.15 2.4 1.55
1.85 1.95 2.65 1.6
1.6 1.75 2.7 1.45
1.7 1.7 2.9 1.6
1.7 2.3 2.25 1.55
1.9 2.05 2.25 1.3
1.8 1.8 2.55 1.35
1.7 1.8 2.75 1.55
1.75 1.8 2.85 1.65
1.65 1.65 2.8 1.45
1.8 1.85 2.6 1.45
1.7 1.7 2.8 1.5
1.75 2.05 2.65 1.7
1.85 1.85 2.7 1.55
1.8 1.95 2.45 1.4
1.7 1.8 2.65 1.45
1.95 2.3 2.3 1.6
1.7 1.75 2.85 1.6
1.6 1.75 2.75 1.5
1.7 2.05 2.35 1.4
1.9 2.4 2.15 1.55
1.85 1.5 3.0 1.5
1.65 1.8 2.65 1.45
1.7 1.65 2.7 1.35
1.85 2.0 2.6 1.6
1.7 1.7 2.95 1.65
1.8 1.7 2.7 1.4
1.8 2.05 2.6 1.65
1.9 2.15 2.45 1.6
1.8 2.2 2.4 1.6
1.6 1.55 3.2 1.75
1.9 1.95 2.55 1.5
1.75 2.3 2.3 1.6
1.75 1.9 2.6 1.5
1.7 1.85 2.65 1.5
1.8 2.0 2.55 1.55
1.75 1.65 2.95 1.6
1.8 2.2 2.25 1.45
1.8 1.9 2.55 1.45
1.8 2.0 2.45 1.45
1.8 2.1 2.4 1.5
1.55 1.75 2.6 1.35
1.6 1.55 2.95 1.5
1.75 1.9 2.6 1.5
1.75 2.3 2.3 1.6
1.7 1.9 2.55 1.45
1.7 1.6 2.8 1.4
1.75 2.1 2.5 1.6
1.9 2.1 2.4 1.5
1.9 2.4 2.05 1.45
1.75 1.75 2.85 1.6
1.7 1.4 3.1 1.5
1.85 2.05 2.4 1.45
1.7 1.75 2.7 1.45
1.85 2.1 2.4 1.5
1.8 2.0 2.5 1.5
1.95 2.0 2.45 1.45
1.7 1.9 2.65 1.55
1.75 1.8 2.7 1.5
1.85 1.8 2.75 1.55
1.85 1.95 2.55 1.5
1.75 2.1 2.45 1.55
1.7 1.75 2.65 1.4
1.95 2.05 2.5 1.55
1.6 1.8 2.75 1.55
2.0 2.35 2.1 1.45
1.8 1.75 2.8 1.55
1.85 1.8 2.75 1.55
1.7 1.75 2.65 1.4
1.9 1.8 2.6 1.4
1.8 2.0 2.65 1.65
1.85 1.8 2.65 1.45
1.8 1.75 2.65 1.4
1.9 1.85 2.6 1.45
1.8 1.95 2.6 1.55
1.9 2.05 2.6 1.65
1.85 2.05 2.5 1.55
1.6 1.8 2.85 1.65
1.8 2.1 2.45 1.55
1.85 2.0 2.5 1.5
1.85 2.25 2.55 1.8
1.8 1.85 2.6 1.45
1.85 1.65 2.7 1.35
1.65 1.7 2.65 1.35
1.75 1.8 2.7 1.5
1.85 2.2 2.35 1.55
1.9 2.35 2.25 1.6
1.85 2.35 2.3 1.65
1.7 1.65 2.9 1.55
1.65 1.8 2.75 1.55
1.8 1.6 2.9 1.5
1.85 1.95 2.4 1.35
1.8 1.95 2.5 1.45
1.8 2.1 2.4 1.5
1.75 1.85 2.55 1.4
1.7 1.85 2.5 1.35
1.65 2.05 2.55 1.6
1.65 1.8 2.8 1.6
1.7 2.0 2.65 1.65
1.65 1.9 2.5 1.4
1.85 2.05 2.35 1.4
1.65 1.7 2.85 1.55
1.85 1.85 2.6 1.45
1.7 1.85 2.6 1.45
1.8 1.95 2.5 1.45
1.75 1.8 2.65 1.45
1.65 1.65 2.75 1.4
1.55 1.75 2.8 1.55
1.7 1.7 2.7 1.4
1.85 2.0 2.5 1.5
1.8 2.0 2.6 1.6
1.75 1.6 2.85 1.45
1.85 1.8 2.55 1.35
1.65 1.5 3.1 1.6
1.85 2.05 2.45 1.5
1.65 1.75 2.65 1.4
1.8 1.95 2.5 1.45
1.6 1.85 2.65 1.5
1.8 1.75 2.65 1.4
1.65 1.75 2.8 1.55
1.6 1.7 2.8 1.5
1.8 2.0 2.4 1.4
1.6 1.6 2.9 1.5
1.75 2.15 2.5 1.65
1.8 2.0 2.6 1.6
1.8 2.1 2.35 1.45
1.9 1.7 2.65 1.35
1.75 1.6 2.75 1.35
1.75 1.75 2.6 1.35
1.7 1.6 2.95 1.55
1.8 1.45 3.0 1.45
1.75 2.0 2.5 1.5
1.7 1.8 2.65 1.45
1.8 2.25 2.15 1.4
1.75 1.5 2.9 1.4
1.65 1.5 3.0 1.5
1.85 1.95 2.5 1.45
1.9 2.2 2.4 1.6
1.75 1.5 3.15 1.65
1.9 2.1 2.4 1.5
1.7 1.6 2.75 1.35
1.7 2.0 2.5 1.5
1.8 1.65 2.75 1.4
1.7 1.7 2.75 1.45
1.7 1.85 2.65 1.5
1.6 1.8 2.65 1.45
1.7 1.5 2.95 1.45
1.5 1.7 2.9 1.6
1.8 1.6 2.85 1.45
1.75 2.1 2.45 1.55
1.65 1.6 3.0 1.6
1.75 2.0 2.4 1.4
1.8 1.85 2.35 1.2
1.9 1.85 2.45 1.3
1.9 1.9 2.5 1.4
1.8 1.95 2.4 1.35
1.75 2.25 2.2 1.45
1.9 2.25 2.15 1.4
1.75 2.1 2.45 1.55
2.0 2.15 2.3 1.45
1.85 2.25 2.2 1.45
1.7 1.7 2.85 1.55
1.85 2.5 2.15 1.65
1.65 1.55 2.85 1.4
1.85 1.9 2.6 1.5
1.65 1.65 2.9 1.55
1.8 2.05 2.35 1.4
1.65 1.45 3.0 1.45
1.9 1.55 2.7 1.25
1.95 2.15 2.3 1.45
1.8 1.9 2.4 1.3
1.75 2.0 2.45 1.45
1.75 2.05 2.55 1.6
1.65 1.8 2.6 1.4
1.75 2.1 2.5 1.6
1.6 1.55 2.85 1.4
1.55 1.6 2.7 1.3
1.65 1.95 2.4 1.35
1.6 1.75 2.7 1.45
1.8 1.9 2.55 1.45
1.85 1.9 2.5 1.4
1.7 1.6 2.85 1.45
1.8 2.0 2.6 1.6
1.6 1.9 2.6 1.5
1.75 2.25 2.4 1.65
1.8 2.15 2.4 1.55
1.7 1.8 2.65 1.45
1.75 1.95 2.45 1.4
1.45 1.6 3.0 1.6
1.65 1.85 2.45 1.3
1.65 2.15 2.5 1.65
1.7 1.9 2.55 1.45
1.6 1.65 2.9 1.55
1.75 1.6 2.8 1.4
1.8 1.9 2.5 1.4
1.65 1.75 2.7 1.45
1.45 1.3 3.05 1.35
1.9 2.3 2.15 1.45
1.85 1.9 2.7 1.6
1.6 1.7 3.05 1.75
1.7 1.9 2.6 1.5
1.8 1.8 2.65 1.45
1.8 2.25 2.35 1.6
1.65 1.85 2.75 1.6
1.7 1.75 2.75 1.5
1.85 1.75 2.6 1.35
1.9 2.05 2.6 1.65
1.65 1.65 2.8 1.45
1.8 1.7 2.8 1.5
1.7 1.65 2.85 1.5
1.85 1.6 2.65 1.25
1.85 1.9 2.45 1.35
1.9 2.4 2.05 1.45
1.75 1.25 3.15 1.4
1.85 2.3 2.2 1.5
1.9 2.0 2.4 1.4
1.75 1.9 2.5 1.4
1.7 1.9 2.55 1.45
1.55 1.45 3.3 1.75
1.85 1.65 2.65 1.3
1.85 1.8 2.7 1.5
1.8 2.2 2.4 1.6
1.8 1.5 2.9 1.4
1.8 2.15 2.2 1.35
1.75 2.2 2.35 1.55
1.8 1.7 2.85 1.55
1.85 2.25 2.35 1.6
1.9 1.8 2.6 1.4
1.85 2.05 2.6 1.65
1.8 2.45 2.15 1.6
1.7 2.0 2.65 1.65
1.95 2.5 2.0 1.5
1.9 1.9 2.65 1.55
1.65 1.85 2.6 1.45
1.75 1.9 2.7 1.6
1.75 1.65 2.9 1.55
1.8 1.75 2.85 1.6
1.5 1.7 2.8 1.5
1.8 1.7 2.95 1.65
1.9 2.05 2.4 1.45
1.7 1.8 2.75 1.55
1.85 2.15 2.5 1.65
1.9 2.1 2.5 1.6
1.65 2.1 2.35 1.45
2.0 2.45 1.95 1.4
1.8 2.15 2.55 1.7
1.5 1.55 2.95 1.5
1.55 1.8 2.75 1.55
1.75 2.0 2.35 1.35
1.8 1.9 2.6 1.5
1.55 2.1 2.45 1.55
1.65 1.8 2.5 1.3
1.8 1.75 2.65 1.4
1.8 2.0 2.65 1.65
1.75 2.25 2.5 1.75
1.65 1.8 2.4 1.2
1.65 1.65 2.85 1.5
1.9 1.75 2.85 1.6
1.75 1.8 2.65 1.45
1.7 1.85 2.8 1.65
1.75 2.0 2.5 1.5
1.7 1.8 2.65 1.45
1.75 2.15 2.35 1.5
1.75 1.8 2.65 1.45
1.95 2.35 2.1 1.45
1.8 2.1 2.4 1.5
1.75 1.9 2.6 1.5
1.8 1.6 2.9 1.5
1.75 1.8 2.75 1.55
1.95 2.35 2.15 1.5
1.7 1.85 2.45 1.3
1.65 1.5 2.95 1.45
1.8 2.05 2.3 1.35
1.85 2.15 2.45 1.6
1.85 1.95 2.45 1.4
1.7 1.7 2.9 1.6
1.75 2.0 2.8 1.8
1.8 2.3 2.35 1.65
1.8 2.15 2.4 1.55
1.75 1.9 2.55 1.45
1.95 1.9 2.55 1.45
1.8 1.9 2.6 1.5
1.8 2.3 2.25 1.55
1.75 2.1 2.5 1.6
1.75 2.0 2.65 1.65
1.75 1.95 2.7 1.65
1.9 2.35 2.25 1.6
1.8 2.15 2.3 1.45
1.85 1.85 2.7 1.55
1.8 2.0 2.4 1.4
1.75 1.5 2.9 1.4
1.8 1.95 2.65 1.6
1.7 1.85 2.7 1.55
1.85 2.0 2.65 1.65
1.6 1.55 2.95 1.5
1.85 2.4 2.15 1.55
1.7 1.85 2.7 1.55
1.7 2.3 2.25 1.55
1.8 1.9 2.55 1.45
1.65 1.55 2.75 1.3
1.8 1.85 2.5 1.35
1.7 1.65 2.75 1.4
1.75 2.25 2.3 1.55
1.6 1.95 2.7 1.65
1.85 1.9 2.6 1.5
1.55 1.45 3.15 1.6
1.75 2.2 2.35 1.55
1.7 1.85 2.55 1.4
1.9 2.35 2.15 1.5
1.7 1.35 3.3 1.65
1.7 1.8 2.8 1.6
1.75 1.5 2.85 1.35
1.8 2.15 2.5 1.65
1.7 1.45 3.0 1.45
1.65 1.7 2.8 1.5
1.65 1.8 2.75 1.55
1.85 1.7 2.85 1.55
1.8 1.8 2.7 1.5
1.7 1.4 3.0 1.4
1.75 2.25 2.35 1.6
1.7 1.9 2.85 1.75
1.8 1.55 2.95 1.5
1.65 1.8 2.7 1.5
1.75 2.05 2.35 1.4
1.6 1.45 3.1 1.55
1.75 1.85 2.65 1.5
1.75 2.05 2.35 1.4
1.7 1.8 2.6 1.4
1.9 2.3 2.25 1.55
1.75 1.75 2.9 1.65
1.75 1.85 2.7 1.55
1.75 1.65 2.75 1.4
1.75 2.15 2.55 1.7
1.75 1.8 2.8 1.6
1.8 1.95 2.55 1.5
1.8 1.5 3.0 1.5
1.6 1.45 3.05 1.5
1.75 1.65 2.75 1.4
1.8 2.25 2.35 1.6
1.55 1.75 2.75 1.5
1.7 1.55 3.0 1.55
1.85 2.05 2.35 1.4
1.75 2.05 2.4 1.45
1.85 1.95 2.55 1.5
1.7 1.65 2.75 1.4
1.65 1.95 2.6 1.55
1.65 1.75 2.7 1.45
1.55 1.85 2.65 1.5
1.8 1.7 2.8 1.5
1.8 2.05 2.4 1.45
1.75 2.1 2.4 1.5
1.8 1.65 2.8 1.45
1.65 2.0 2.45 1.45
1.75 1.85 2.7 1.55
1.7 1.9 2.55 1.45
1.5 1.5 3.0 1.5
1.75 2.05 2.55 1.6
1.75 1.85 2.6 1.45
1.65 1.9 2.7 1.6
1.85 1.6 3.0 1.6
1.75 1.8 2.55 1.35
1.7 2.0 2.4 1.4
1.85 2.55 1.95 1.5
1.75 1.55 2.85 1.4
1.8 2.4 2.3 1.7
1.65 1.65 2.9 1.55
1.7 1.8 2.85 1.65
1.85 2.35 2.3 1.65
1.55 1.7 2.8 1.5
1.7 2.0 2.5 1.5
1.75 1.7 2.8 1.5
1.85 1.85 2.7 1.55
1.85 1.55 2.85 1.4
1.8 2.05 2.5 1.55
1.65 1.85 2.65 1.5
1.75 1.85 2.65 1.5
1.85 2.3 2.25 1.55
1.65 1.9 2.65 1.55
1.8 1.75 2.7 1.45
1.75 2.1 2.3 1.4
1.8 1.75 2.8 1.55
1.85 2.05 2.4 1.45
1.8 1.9 2.6 1.5
1.75 1.75 2.65 1.4
1.75 1.8 2.55 1.35
1.65 1.8 2.7 1.5
1.7 1.9 2.45 1.35
1.7 2.2 2.5 1.7
1.9 2.0 2.65 1.65
1.85 1.95 2.55 1.5
1.75 2.1 2.3 1.4
1.75 1.75 2.75 1.5
1.65 2.25 2.4 1.65
1.95 2.45 2.15 1.6
1.75 2.0 2.6 1.6
1.85 1.85 2.35 1.2
1.75 2.1 2.45 1.55
1.5 1.7 3.0 1.7
1.7 1.7 2.65 1.35
1.9 2.25 2.35 1.6
1.65 1.85 2.6 1.45
1.85 2.0 2.55 1.55
1.65 1.55 3.05 1.6
1.7 1.8 2.65 1.45
1.7 2.15 2.35 1.5
1.65 2.0 2.5 1.5
1.75 1.7 2.8 1.5
1.9 2.1 2.45 1.55
1.75 2.1 2.4 1.5
1.5 1.9 2.6 1.5
1.65 1.5 2.75 1.25
1.75 1.95 2.6 1.55
1.9 1.95 2.35 1.3
1.9 2.0 2.4 1.4
1.85 2.25 2.35 1.6
1.8 1.95 2.4 1.35
1.8 2.2 2.45 1.65
1.8 1.7 2.7 1.4
1.65 1.7 2.8 1.5
1.55 1.55 2.85 1.4
1.75 1.9 2.85 1.75
1.75 2.3 2.35 1.65
1.7 1.5 2.95 1.45
1.65 1.4 3.15 1.55
1.65 1.85 2.8 1.65
1.8 2.25 2.3 1.55
1.8 1.85 2.6 1.45
1.8 1.65 2.75 1.4
1.9 2.1 2.3 1.4
1.65 1.7 2.55 1.25
1.7 1.75 2.85 1.6
1.75 1.75 2.75 1.5
1.7 2.2 2.2 1.4
1.75 1.35 3.25 1.6
1.85 2.05 2.4 1.45
1.65 1.9 2.55 1.45
1.65 1.55 2.95 1.5
1.7 1.75 2.45 1.2
1.85 1.75 2.75 1.5
1.75 1.85 2.7 1.55
1.75 1.55 2.85 1.4
1.8 1.95 2.55 1.5
1.8 1.75 2.8 1.55
1.8 1.75 2.65 1.4
1.75 1.7 2.85 1.55
1.8 2.35 2.3 1.65
1.4 1.55 2.85 1.4
1.8 2.25 2.1 1.35
1.8 2.35 2.25 1.6
1.65 1.95 2.65 1.6
1.7 1.7 2.65 1.35
1.65 2.1 2.65 1.75
1.6 1.75 2.7 1.45
1.7 1.85 2.7 1.55
1.75 1.65 2.8 1.45
1.75 2.0 2.6 1.6
1.8 1.95 2.45 1.4
1.7 1.75 2.7 1.45
1.65 1.9 2.5 1.4
1.8 1.7 2.6 1.3
1.75 2.1 2.25 1.35
1.7 2.0 2.5 1.5
1.9 2.2 2.25 1.45
1.8 2.25 2.35 1.6
1.75 1.85 2.75 1.6
1.75 1.75 2.75 1.5
1.85 2.45 2.05 1.5
1.7 2.05 2.45 1.5
1.7 1.7 2.7 1.4
1.8 1.6 2.75 1.35
1.95 2.65 2.0 1.65
1.8 1.9 2.4 1.3
1.95 2.35 2.1 1.45
1.9 2.1 2.45 1.55
1.9 1.75 2.75 1.5
1.6 1.95 2.45 1.4
1.7 1.95 2.5 1.45
1.75 1.5 3.05 1.55
1.8 2.15 2.5 1.65
1.65 1.75 2.65 1.4
1.9 1.85 2.75 1.6
1.9 2.05 2.35 1.4
1.7 2.05 2.7 1.75
1.75 2.1 2.4 1.5
1.75 1.75 2.75 1.5
1.75 2.25 2.35 1.6
1.65 1.75 2.75 1.5
1.75 1.7 2.9 1.6
1.8 2.15 2.45 1.6
1.8 2.0 2.4 1.4
1.7 1.7 2.75 1.45
1.75 2.25 2.3 1.55
1.9 1.95 2.35 1.3
1.85 1.75 2.75 1.5
1.7 1.55 2.7 1.25
1.8 1.75 2.65 1.4
1.9 2.4 2.2 1.6
1.8 1.55 2.75 1.3
1.6 1.65 2.95 1.6
1.65 1.9 2.65 1.55
1.65 1.7 2.9 1.6
1.8 2.05 2.45 1.5
1.65 1.8 2.5 1.3
1.7 1.95 2.55 1.5
1.55 1.7 2.75 1.45
1.75 2.0 2.6 1.6
1.85 1.95 2.65 1.6
1.8 2.15 2.45 1.6
1.75 1.95 2.6 1.55
1.8 2.1 2.35 1.45
1.85 2.25 2.4 1.65
1.75 1.55 2.95 1.5
1.75 2.1 2.4 1.5
1.75 1.55 2.9 1.45
1.75 2.0 2.6 1.6
1.75 1.7 2.8 1.5
1.7 2.05 2.5 1.55
1.75 2.15 2.55 1.7
1.7 1.95 2.6 1.55
1.6 1.6 2.9 1.5
1.9 2.2 2.2 1.4
1.75 2.0 2.7 1.7
1.75 2.2 2.45 1.65
1.9 2.3 2.45 1.75
1.85 2.3 2.2 1.5
1.65 1.65 2.85 1.5
1.8 2.1 2.3 1.4
1.7 1.95 2.65 1.6
1.85 2.25 2.35 1.6
1.8 2.45 2.25 1.7
1.75 1.75 2.7 1.45
1.6 1.55 2.9 1.45
1.8 1.75 2.75 1.5
1.55 1.65 2.85 1.5
1.75 1.45 2.9 1.35
1.75 1.9 2.5 1.4
1.65 1.8 2.75 1.55
1.55 1.35 3.2 1.55
1.7 2.0 2.5 1.5
1.65 2.0 2.65 1.65
1.55 1.55 2.95 1.5
1.75 1.75 2.8 1.55
1.7 1.7 2.55 1.25
1.8 2.05 2.5 1.55
1.95 2.45 2.05 1.5
1.8 2.35 2.35 1.7
1.7 1.5 2.85 1.35
1.65 1.85 2.6 1.45
1.7 2.1 2.7 1.8
1.9 2.05 2.35 1.4
1.95 2.15 2.3 1.45
1.7 2.0 2.55 1.55
1.85 2.15 2.5 1.65
1.75 1.95 2.5 1.45
1.6 1.7 2.75 1.45
1.85 2.15 2.45 1.6
1.65 1.75 2.55 1.3
1.8 1.7 2.35 1.05
1.7 2.0 2.65 1.65
1.8 1.55 3.05 1.6
1.65 1.9 2.85 1.75
1.75 2.1 2.6 1.7
1.8 2.3 2.25 1.55
1.7 1.85 2.65 1.5
1.65 1.95 2.7 1.65
1.75 1.9 2.65 1.55
1.65 1.6 2.9 1.5
1.8 1.9 2.5 1.4
1.8 1.65 2.75 1.4
1.6 1.75 2.65 1.4
1.7 1.8 2.7 1.5
1.75 1.75 2.75 1.5
1.8 1.9 2.65 1.55
1.7 2.0 2.65 1.65
1.95 2.0 2.45 1.45
1.6 2.05 2.6 1.65
1.65 1.7 2.8 1.5
1.75 1.8 2.75 1.55
1.75 1.7 2.65 1.35
1.7 1.65 2.75 1.4
1.7 1.7 2.85 1.55
1.75 1.9 2.8 1.7
1.8 1.9 2.45 1.35
1.75 1.9 2.35 1.25
1.8 1.75 2.7 1.45
1.9 2.2 2.5 1.7
1.75 1.95 2.65 1.6
1.65 1.8 2.65 1.45
1.8 2.05 2.45 1.5
1.7 1.65 2.85 1.5
1.65 1.85 2.85 1.7
1.75 1.9 2.5 1.4
1.7 2.25 2.45 1.7
1.8 2.25 2.35 1.6
1.7 2.05 2.45 1.5
1.75 1.75 2.6 1.35
1.85 2.0 2.6 1.6
1.95 2.4 2.15 1.55
1.85 2.1 2.45 1.55
1.7 1.6 2.9 1.5
1.65 1.65 2.75 1.4
1.85 1.8 2.45 1.25
1.85 2.3 2.2 1.5
1.8 1.8 2.7 1.5
1.6 1.85 2.65 1.5
1.6 1.6 2.9 1.5
1.9 1.75 2.55 1.3
1.75 1.85 2.6 1.45
1.65 1.8 2.6 1.4
1.65 2.15 2.4 1.55
1.45 1.35 3.25 1.6
1.75 1.55 2.9 1.45
1.75 2.05 2.55 1.6
1.85 1.85 2.8 1.65
1.55 1.65 3.05 1.7
1.65 1.65 2.6 1.25
1.7 1.9 2.5 1.4
1.6 1.65 2.8 1.45
1.65 1.65 2.85 1.5
1.8 1.55 2.7 1.25
1.7 2.15 2.35 1.5
1.85 1.85 2.75 1.6
1.75 2.0 2.55 1.55
1.75 2.1 2.5 1.6
1.85 1.95 2.4 1.35
1.6 1.75 2.8 1.55
1.6 1.5 2.85 1.35
1.75 2.0 2.3 1.3
1.7 1.8 2.75 1.55
1.65 2.25 2.3 1.55
1.75 1.95 2.35 1.3
1.7 1.9 2.8 1.7
1.8 2.3 2.25 1.55
1.9 1.7 2.95 1.65
1.9 2.05 2.4 1.45
1.7 1.75 2.95 1.7
1.65 1.75 2.65 1.4
1.7 1.85 2.75 1.6
1.65 1.65 2.7 1.35
1.6 1.5 3.05 1.55
1.65 1.9 2.55 1.45
1.85 2.15 2.4 1.55
1.75 1.75 2.8 1.55
1.8 2.15 2.3 1.45
1.85 2.15 2.3 1.45
1.75 2.15 2.4 1.55
1.7 2.0 2.8 1.8
1.75 2.35 2.35 1.7
1.7 1.65 2.7 1.35
1.7 1.55 3.0 1.55
1.85 2.05 2.4 1.45
1.95 2.15 2.4 1.55
1.9 2.4 2.25 1.65
1.7 1.75 2.8 1.55
1.8 1.85 2.85 1.7
1.6 1.45 2.9 1.35
1.75 2.05 2.3 1.35
1.85 2.05 2.4 1.45
1.8 1.95 2.4 1.35
1.9 2.45 2.2 1.65
1.6 1.6 2.85 1.45
1.85 2.0 2.6 1.6
1.7 1.9 2.85 1.75
1.75 1.95 2.6 1.55
1.8 2.15 2.35 1.5
1.6 1.8 2.8 1.6
1.75 1.75 2.55 1.3
1.75 2.25 2.35 1.6
1.7 1.55 2.85 1.4
1.75 2.15 2.45 1.6
1.65 1.8 2.6 1.4
1.85 2.4 2.15 1.55
1.85 2.0 2.45 1.45
1.6 1.75 2.65 1.4
1.85 2.1 2.4 1.5
1.9 1.65 2.7 1.35
1.75 1.8 2.9 1.7
1.7 1.5 2.85 1.35
1.75 1.85 2.65 1.5
1.85 1.85 2.7 1.55
1.85 2.0 2.65 1.65
1.8 2.0 2.6 1.6
1.65 1.55 2.8 1.35
1.45 1.6 2.95 1.55
1.8 2.2 2.25 1.45
1.85 2.25 2.4 1.65
1.8 1.7 2.8 1.5
1.55 1.45 3.05 1.5
1.7 1.7 2.6 1.3
1.75 2.35 2.25 1.6
1.75 1.85 2.6 1.45
1.6 1.8 2.9 1.7
1.85 1.8 2.45 1.25
1.7 1.9 2.55 1.45
1.7 1.8 2.45 1.25
1.8 1.75 2.5 1.25
1.8 1.9 2.55 1.45
1.75 1.8 2.75 1.55
1.7 1.8 2.7 1.5
1.7 1.6 2.95 1.55
1.85 2.15 2.3 1.45
1.7 2.1 2.45 1.55
1.8 1.85 2.5 1.35
1.7 1.8 2.7 1.5
1.8 1.75 2.65 1.4
1.8 2.0 2.75 1.75
1.6 1.85 2.85 1.7
1.8 2.05 2.35 1.4
1.75 1.85 2.6 1.45
1.85 1.95 2.55 1.5
1.7 1.95 2.5 1.45
1.85 2.0 2.55 1.55
1.65 1.75 2.85 1.6
1.75 1.75 2.65 1.4
1.85 2.4 2.05 1.45
1.7 1.9 2.5 1.4
1.8 1.7 2.75 1.45
1.6 1.45 3.2 1.65
1.65 1.9 2.55 1.45
1.75 1.9 2.65 1.55
1.9 2.35 2.3 1.65
1.85 1.85 2.5 1.35
1.65 1.45 3.0 1.45
1.65 1.85 2.8 1.65
1.5 1.4 3.05 1.45
1.8 1.6 2.85 1.45
1.75 2.15 2.6 1.75
1.85 2.3 2.3 1.6
1.85 1.7 2.6 1.3
1.85 2.25 2.25 1.5
1.75 2.35 2.2 1.55
1.7 1.65 3.0 1.65
1.85 1.75 2.55 1.3
1.75 1.75 2.8 1.55
1.7 1.8 2.65 1.45
1.9 2.15 2.35 1.5
1.75 1.75 2.7 1.45
1.6 1.65 2.95 1.6
1.75 1.6 3.05 1.65
1.65 1.65 2.95 1.6
1.7 2.05 2.6 1.65
1.7 2.25 2.35 1.6
1.65 1.8 2.65 1.45
1.75 1.85 2.65 1.5
1.65 1.6 3.05 1.65
1.65 1.65 2.8 1.45
1.85 2.05 2.35 1.4
1.5 1.5 2.8 1.3
1.85 1.85 2.6 1.45
1.6 1.55 3.0 1.55
1.65 1.85 2.6 1.45
1.65 1.5 2.95 1.45
1.75 1.65 2.75 1.4
1.65 1.65 2.8 1.45
1.75 1.8 2.5 1.3
1.65 1.8 2.7 1.5
1.8 1.75 2.7 1.45
1.8 1.65 2.85 1.5
1.7 1.5 3.15 1.65
1.75 1.8 2.75 1.55
1.8 1.95 2.65 1.6
1.8 1.8 2.8 1.6
1.8 2.15 2.35 1.5
1.9 2.05 2.4 1.45
1.65 1.8 2.95 1.75
1.65 1.7 2.7 1.4
1.7 1.85 2.7 1.55
1.75 1.8 2.6 1.4
1.65 1.6 2.85 1.45
1.75 1.4 3.0 1.4
1.7 2.1 2.5 1.6
1.6 1.5 2.85 1.35
1.7 1.95 2.55 1.5
1.65 1.9 2.65 1.55
1.6 1.7 2.55 1.25
1.7 1.7 2.95 1.65
1.8 1.85 2.6 1.45
1.9 1.65 2.7 1.35
1.65 1.75 2.85 1.6
1.75 1.85 2.45 1.3
1.85 2.15 2.6 1.75
1.85 2.0 2.65 1.65
1.75 1.65 2.7 1.35
1.9 1.65 2.6 1.25
1.75 2.0 2.5 1.5
1.75 2.25 2.4 1.65
1.75 1.75 2.7 1.45
1.75 1.5 2.85 1.35
1.65 1.8 2.75 1.55
1.75 2.05 2.4 1.45
1.8 1.9 2.5 1.4
1.65 1.75 2.7 1.45
1.7 1.6 2.95 1.55
1.85 2.0 2.45 1.45
1.75 1.65 2.7 1.35
1.95 2.15 2.25 1.4
1.85 2.15 2.55 1.7
1.65 1.6 2.75 1.35
1.85 1.7 2.6 1.3
1.85 2.15 2.6 1.75
1.7 1.7 2.65 1.35
1.6 1.65 2.8 1.45
1.45 1.5 3.15 1.65
1.9 2.05 2.55 1.6
1.95 2.25 2.35 1.6
1.8 1.7 2.7 1.4
1.7 1.75 2.5 1.25
1.6 1.7 2.75 1.45
1.75 1.4 3.0 1.4
1.7 1.5 2.9 1.4
1.9 1.8 2.75 1.55
1.7 1.6 2.9 1.5
1.75 1.95 2.55 1.5
1.75 1.7 2.9 1.6
1.75 1.6 2.85 1.45
1.55 1.65 2.95 1.6
1.85 1.75 2.5 1.25
1.85 2.1 2.6 1.7
1.85 1.75 2.85 1.6
1.6 1.6 2.7 1.3
1.7 1.8 2.6 1.4
1.6 1.7 2.65 1.35
1.7 1.9 2.5 1.4
1.65 1.85 2.75 1.6
1.8 1.9 2.5 1.4
1.85 2.2 2.45 1.65
1.65 1.45 3.15 1.6
1.7 2.1 2.55 1.65
1.85 1.45 2.9 1.35
1.9 1.45 3.0 1.45
1.8 1.9 2.7 1.6
1.7 1.75 2.7 1.45
1.75 1.95 2.6 1.55
1.85 2.2 2.15 1.35
1.95 1.75 2.45 1.2
1.7 1.85 2.7 1.55
1.6 1.6 3.0 1.6
1.8 2.05 2.55 1.6
1.7 1.6 2.85 1.45
1.65 1.65 2.75 1.4
1.8 2.3 2.3 1.6
1.65 1.5 2.95 1.45
1.85 1.75 2.5 1.25
1.95 2.0 2.55 1.55
1.75 1.85 2.5 1.35
1.6 1.55 3.0 1.55
1.75 2.15 2.35 1.5
1.65 1.8 2.8 1.6
1.7 1.65 2.75 1.4
1.7 1.8 2.65 1.45
1.6 1.6 2.95 1.55
1.9 1.95 2.5 1.45
1.65 1.8 2.65 1.45
1.8 2.05 2.5 1.55
1.8 2.3 2.35 1.65
1.7 1.8 2.75 1.55
1.85 1.85 2.7 1.55
1.7 1.7 2.8 1.5
1.75 1.85 2.75 1.6
1.5 1.7 2.95 1.65
1.8 1.85 2.45 1.3
1.7 1.9 2.75 1.65
1.75 2.0 2.5 1.5
1.8 1.95 2.55 1.5
1.7 1.75 2.85 1.6
1.7 2.05 2.5 1.55
1.85 2.25 2.35 1.6
1.75 1.85 2.6 1.45
1.7 1.8 2.6 1.4
1.75 1.95 2.6 1.55
1.8 1.85 2.75 1.6
1.6 1.95 2.5 1.45
1.8 2.35 2.2 1.55
1.55 1.75 2.85 1.6
1.45 1.25 3.2 1.45
1.65 2.0 2.45 1.45
1.55 1.7 2.85 1.55
1.85 1.8 2.8 1.6
1.95 2.15 2.5 1.65
1.7 1.55 2.85 1.4
1.75 2.1 2.5 1.6
1.9 1.85 2.6 1.45
1.8 1.75 2.7 1.45
1.65 1.75 2.8 1.55
1.7 1.6 2.85 1.45
1.8 2.35 2.2 1.55
1.8 1.95 2.55 1.5
1.8 1.6 2.75 1.35
1.9 1.9 2.65 1.55
1.75 2.1 2.65 1.75
1.85 1.85 2.55 1.4
1.75 2.2 2.45 1.65
1.8 1.7 3.0 1.7
1.75 1.75 2.7 1.45
1.85 2.05 2.6 1.65
1.65 1.45 3.2 1.65
1.8 1.75 2.55 1.3
1.9 2.4 2.1 1.5
1.75 1.7 2.5 1.2
1.9 2.05 2.5 1.55
1.75 2.15 2.4 1.55
1.75 2.0 2.65 1.65
1.9 2.1 2.4 1.5
1.55 1.55 2.9 1.45
1.6 1.75 2.65 1.4
1.55 1.5 2.9 1.4
1.8 2.15 2.5 1.65
1.8 2.3 2.25 1.55
1.85 1.95 2.65 1.6
1.85 2.35 2.15 1.5
1.75 1.95 2.55 1.5
1.75 2.0 2.4 1.4
1.75 1.65 2.7 1.35
1.75 2.2 2.4 1.6
1.6 1.5 3.15 1.65
1.75 1.95 2.65 1.6
1.7 1.85 2.7 1.55
1.7 1.9 2.5 1.4
1.75 2.05 2.35 1.4
1.85 1.65 2.9 1.55
1.8 2.0 2.45 1.45
1.75 1.8 2.75 1.55
1.75 1.8 2.6 1.4
1.7 1.9 2.6 1.5
1.7 1.85 2.7 1.55
1.65 1.5 2.95 1.45
1.85 1.9 2.45 1.35
1.85 1.9 2.6 1.5
1.6 1.9 2.75 1.65
1.65 1.6 3.05 1.65
1.9 1.8 2.7 1.5
1.8 2.3 2.45 1.75
1.8 2.0 2.65 1.65
1.85 1.7 2.65 1.35
1.75 1.65 2.7 1.35
1.8 1.8 2.65 1.45
1.9 1.75 2.55 1.3
1.9 2.2 2.3 1.5
1.65 1.8 2.65 1.45
1.85 2.25 2.4 1.65
1.7 2.1 2.4 1.5
1.8 2.15 2.55 1.7
1.75 1.65 2.9 1.55
1.9 1.75 2.65 1.4
1.8 2.3 2.35 1.65
1.55 1.4 3.05 1.45
1.8 1.95 2.65 1.6
1.75 2.0 2.55 1.55
1.75 1.9 2.6 1.5
1.8 1.9 2.65 1.55
1.7 1.7 2.8 1.5
1.8 2.1 2.55 1.65
1.75 2.3 2.25 1.55
1.7 2.0 2.45 1.45
1.75 1.7 2.65 1.35
1.8 2.25 2.4 1.65
1.8 1.8 2.65 1.45
1.9 1.7 2.95 1.65
1.7 1.7 2.85 1.55
1.7 1.95 2.55 1.5
1.65 1.85 2.75 1.6
1.85 1.95 2.45 1.4
1.8 2.05 2.5 1.55
1.7 1.4 3.0 1.4
1.7 1.7 2.8 1.5
1.85 1.65 2.9 1.55
1.6 1.6 2.9 1.5
1.5 1.3 3.15 1.45
1.7 1.5 3.05 1.55
1.75 1.75 2.55 1.3
1.7 1.6 2.9 1.5
1.7 1.8 2.65 1.45
1.5 1.55 2.8 1.35
1.65 1.6 2.8 1.4
1.8 2.0 2.5 1.5
1.85 1.9 2.7 1.6
1.8 1.8 2.65 1.45
1.75 2.0 2.55 1.55
1.8 2.1 2.4 1.5
1.75 2.1 2.45 1.55
1.75 1.8 2.6 1.4
1.8 1.9 2.45 1.35
1.65 2.3 2.45 1.75
1.9 2.15 2.35 1.5
1.85 1.9 2.5 1.4
1.6 1.55 2.75 1.3
1.85 1.75 2.6 1.35
1.95 2.25 2.35 1.6
1.55 1.7 2.95 1.65
1.55 1.9 2.65 1.55
1.7 1.6 2.75 1.35
1.8 2.05 2.5 1.55
1.6 1.5 2.85 1.35
1.8 1.7 2.65 1.35
1.85 2.05 2.55 1.6
1.95 2.2 2.45 1.65
1.9 1.95 2.45 1.4
1.75 1.95 2.5 1.45
1.7 1.55 2.7 1.25
1.8 1.95 2.5 1.45
1.75 1.75 2.6 1.35
1.8 1.85 2.55 1.4
1.9 2.05 2.35 1.4
1.85 2.15 2.35 1.5
1.9 2.75 1.95 1.7
1.8 2.1 2.35 1.45
1.8 2.15 2.4 1.55
1.85 2.2 2.45 1.65
1.7 1.9 2.65 1.55
1.8 1.75 2.55 1.3
1.55 1.85 2.65 1.5
1.85 2.1 2.3 1.4
1.7 2.1 2.55 1.65
1.75 1.7 2.7 1.4
1.7 1.55 2.95 1.5
1.85 1.85 2.7 1.55
1.75 2.2 2.4 1.6
1.85 1.75 2.7 1.45
1.75 1.7 2.85 1.55
1.75 1.9 2.7 1.6
1.65 1.65 2.75 1.4
1.95 2.2 2.15 1.35
1.6 1.65 3.0 1.65
1.6 1.9 2.65 1.55
1.6 1.95 2.55 1.5
1.8 1.85 2.55 1.4
1.7 1.6 2.9 1.5
1.8 2.25 2.55 1.8
1.85 2.1 2.5 1.6
1.75 1.55 2.9 1.45
1.7 2.0 2.5 1.5
1.7 1.8 2.65 1.45
1.75 1.55 2.85 1.4
1.75 2.15 2.35 1.5
1.65 1.85 2.85 1.7
1.95 2.55 2.0 1.55
1.8 1.8 2.65 1.45
1.65 1.5 2.9 1.4
1.85 1.65 2.9 1.55
1.85 1.8 2.75 1.55
1.7 1.9 2.6 1.5
1.85 2.1 2.25 1.35
1.55 1.2 3.15 1.35
1.65 1.65 2.7 1.35
1.8 1.8 2.8 1.6
1.65 1.7 2.7 1.4
1.8 2.15 2.4 1.55
1.7 2.2 2.45 1.65
1.85 1.95 2.5 1.45
1.65 1.9 2.55 1.45
1.7 1.85 2.55 1.4
1.8 1.7 2.8 1.5
1.85 1.65 3.0 1.65
1.85 1.65 2.65 1.3
1.7 1.75 2.65 1.4
1.7 1.9 2.9 1.8
1.8 1.75 2.7 1.45
1.85 2.0 2.5 1.5
1.85 2.25 2.3 1.55
1.65 1.65 2.8 1.45
1.7 1.45 2.85 1.3
1.7 1.85 2.6 1.45
1.8 1.9 2.65 1.55
1.6 1.7 2.7 1.4
1.7 1.2 3.05 1.25
1.7 1.85 2.6 1.45
1.7 1.8 2.65 1.45
1.8 1.65 2.85 1.5
1.85 2.4 2.1 1.5
1.75 1.8 2.85 1.65
1.7 1.7 2.7 1.4
1.85 2.25 2.35 1.6
1.75 2.0 2.65 1.65
1.7 1.75 2.5 1.25
1.75 2.15 2.3 1.45
1.65 1.65 2.7 1.35
1.75 1.85 2.55 1.4
1.75 1.85 2.65 1.5
1.8 1.6 2.75 1.35
1.75 1.9 2.45 1.35
1.8 1.8 2.7 1.5
1.75 2.1 2.45 1.55
1.85 2.1 2.4 1.5
1.8 2.25 2.3 1.55
1.95 2.2 2.3 1.5
1.65 1.9 2.65 1.55
1.6 1.95 2.7 1.65
1.65 1.7 2.8 1.5
1.7 1.9 2.4 1.3
1.9 2.45 2.1 1.55
1.8 1.85 2.65 1.5
1.55 1.85 2.65 1.5
1.9 2.2 2.3 1.5
1.75 1.6 2.9 1.5
1.95 1.65 2.95 1.6
1.75 2.25 2.35 1.6
1.6 1.55 2.95 1.5
1.75 1.6 2.95 1.55
1.8 1.95 2.5 1.45
1.75 1.75 2.7 1.45
1.85 2.35 2.3 1.65
1.75 1.6 2.8 1.4
1.8 1.85 2.65 1.5
1.75 1.9 2.55 1.45
1.55 1.65 2.7 1.35
1.9 2.2 2.35 1.55
1.8 1.65 2.75 1.4
1.75 1.65 2.55 1.2
1.85 2.1 2.55 1.65
2.0 2.35 2.25 1.6
1.8 2.25 2.35 1.6
1.9 2.1 2.35 1.45
1.85 1.9 2.5 1.4
1.6 1.7 2.75 1.45
1.5 1.5 2.85 1.35
1.75 1.7 2.8 1.5
1.8 1.65 2.85 1.5
1.7 1.7 2.7 1.4
1.65 1.2 3.1 1.3
1.8 2.0 2.45 1.45
1.65 2.0 2.5 1.5
1.85 2.05 2.6 1.65
1.65 1.25 3.25 1.5
1.8 2.25 2.4 1.65
1.55 1.4 3.15 1.55
1.75 2.1 2.35 1.45
1.8 1.65 2.75 1.4
1.85 1.75 2.75 1.5
1.65 1.8 2.7 1.5
1.7 1.4 3.1 1.5
1.8 1.55 3.1 1.65
1.65 1.9 2.85 1.75
1.7 2.0 2.65 1.65
1.7 2.25 2.35 1.6
1.75 1.7 2.5 1.2
1.65 1.6 2.8 1.4
1.7 1.85 2.9 1.75
1.85 1.9 2.5 1.4
1.7 1.65 2.9 1.55
1.75 2.2 2.4 1.6
1.9 2.4 2.1 1.5
1.8 1.8 2.7 1.5
1.7 1.65 2.95 1.6
1.75 1.7 2.8 1.5
1.9 1.75 2.7 1.45
1.9 1.9 2.7 1.6
1.65 1.8 2.5 1.3
1.75 1.85 2.7 1.55
1.7 1.95 2.5 1.45
1.75 1.9 2.65 1.55
1.75 1.9 2.5 1.4
1.7 1.8 2.7 1.5
1.8 1.7 2.85 1.55
1.8 1.95 2.35 1.3
1.75 2.05 2.4 1.45
1.7 1.85 2.55 1.4
1.6 1.85 2.65 1.5
1.75 1.7 2.75 1.45
1.75 1.95 2.45 1.4
1.95 1.8 2.6 1.4
1.8 2.0 2.5 1.5
1.7 2.1 2.4 1.5
1.65 1.7 2.95 1.65
1.8 1.8 2.55 1.35
1.8 1.45 2.95 1.4
1.9 1.95 2.5 1.45
1.75 2.1 2.35 1.45
1.45 1.9 2.7 1.6
1.85 2.05 2.25 1.3
1.6 2.0 2.55 1.55
1.7 1.6 2.8 1.4
1.85 1.7 2.55 1.25
1.9 1.95 2.5 1.45
1.75 1.5 2.85 1.35
1.8 1.85 2.7 1.55
1.75 2.0 2.3 1.3
1.8 1.6 2.85 1.45
1.85 1.75 3.0 1.75
1.75 1.95 2.65 1.6
1.85 2.05 2.5 1.55
1.7 1.85 2.7 1.55
1.7 1.75 2.75 1.5
1.8 1.9 2.5 1.4
1.85 1.65 2.95 1.6
1.9 2.1 2.5 1.6
1.85 2.2 2.3 1.5
1.8 2.25 2.4 1.65
1.85 1.95 2.55 1.5
1.8 1.5 2.8 1.3
1.6 1.55 2.95 1.5
1.85 2.25 2.45 1.7
1.6 1.4 3.1 1.5
1.7 1.75 2.7 1.45
1.85 1.9 2.65 1.55
1.7 1.7 2.85 1.55
1.85 1.5 2.85 1.35
1.7 2.0 2.6 1.6
1.5 1.45 3.0 1.45
1.9 2.5 2.0 1.5
1.75 1.7 2.8 1.5
1.95 2.0 2.75 1.75
1.65 1.6 3.0 1.6
1.6 1.85 2.7 1.55
1.85 1.8 2.7 1.5
1.75 1.8 2.7 1.5
1.75 1.65 2.7 1.35
1.8 1.95 2.55 1.5
1.75 1.85 2.65 1.5
1.65 1.5 3.15 1.65
1.75 1.85 2.55 1.4
1.65 1.6 2.75 1.35
1.85 1.95 2.6 1.55
1.75 1.7 2.75 1.45
1.85 2.1 2.35 1.45
1.75 1.5 3.0 1.5
1.9 2.15 2.5 1.65
1.7 1.75 2.65 1.4
1.85 2.05 2.4 1.45
1.85 1.8 2.65 1.45
1.55 1.65 2.8 1.45
1.85 1.95 2.55 1.5
1.8 1.75 2.75 1.5
1.6 1.45 2.85 1.3
1.9 1.95 2.6 1.55
1.75 1.9 2.4 1.3
1.7 1.9 2.8 1.7
1.85 1.75 2.6 1.35
1.85 1.9 2.7 1.6
1.7 1.95 2.7 1.65
1.85 1.9 2.65 1.55
1.7 2.0 2.6 1.6
1.75 2.2 2.4 1.6
1.5 1.4 3.25 1.65
1.75 1.8 2.75 1.55
1.75 1.75 2.8 1.55
1.95 2.5 2.1 1.6
1.8 1.85 2.65 1.5
1.7 2.15 2.45 1.6
1.65 1.75 2.75 1.5
1.85 2.25 2.45 1.7
1.75 1.95 2.45 1.4
1.75 1.8 2.55 1.35
1.8 2.05 2.55 1.6
1.75 2.25 2.45 1.7
1.8 1.85 2.7 1.55
1.6 1.85 2.55 1.4
1.75 1.65 2.9 1.55
1.75 1.75 3.05 1.8
1.7 1.75 2.85 1.6
1.8 1.7 2.7 1.4
1.65 1.75 2.7 1.45
1.9 1.95 2.55 1.5
1.85 1.8 2.7 1.5
1.75 2.3 2.2 1.5
1.65 2.0 2.55 1.55
1.9 2.3 2.15 1.45
1.75 2.3 2.35 1.65
1.75 2.0 2.45 1.45
1.75 1.9 2.45 1.35
1.8 1.75 2.6 1.35
1.75 1.85 2.75 1.6
1.6 1.75 2.8 1.55
1.7 1.75 2.6 1.35
1.6 1.75 2.85 1.6
1.75 1.95 2.6 1.55
1.75 2.05 2.65 1.7
1.8 1.9 2.7 1.6
1.8 2.4 2.4 1.8
1.75 2.15 2.25 1.4
1.75 2.1 2.3 1.4
1.65 1.65 2.9 1.55
1.55 1.4 2.95 1.35
1.9 2.0 2.45 1.45
1.65 2.05 2.45 1.5
1.75 2.0 2.5 1.5
1.7 1.65 2.75 1.4
1.7 1.7 2.65 1.35
1.8 1.65 2.85 1.5
1.75 1.85 2.5 1.35
1.6 1.8 2.55 1.35
1.7 2.0 2.5 1.5
1.7 1.85 2.55 1.4
1.75 2.0 2.7 1.7
1.9 2.35 2.3 1.65
1.75 1.65 2.8 1.45
1.7 2.1 2.45 1.55
1.6 1.7 2.9 1.6
1.8 1.9 2.5 1.4
1.9 2.0 2.55 1.55
1.95 2.2 2.3 1.5
1.8 1.8 2.85 1.65
1.65 1.55 2.85 1.4
1.7 1.5 3.0 1.5
1.7 2.25 2.45 1.7
1.8 2.1 2.45 1.55
1.6 1.65 2.85 1.5
1.8 1.75 2.7 1.45
1.7 1.75 2.75 1.5
1.75 1.55 2.85 1.4
1.75 1.6 2.85 1.45
1.85 1.95 2.45 1.4
1.75 1.9 2.55 1.45
1.75 1.65 2.95 1.6
1.8 1.6 2.7 1.3
1.65 1.7 2.95 1.65
1.65 2.15 2.45 1.6
1.7 1.6 2.9 1.5
1.9 2.15 2.65 1.8
1.8 1.85 2.7 1.55
1.9 2.05 2.35 1.4
1.75 1.85 2.8 1.65
1.85 1.7 2.6 1.3
1.75 1.6 2.6 1.2
1.95 2.45 2.15 1.6
1.65 2.0 2.55 1.55
1.5 1.5 3.0 1.5
1.8 1.55 2.7 1.25
1.75 2.2 2.3 1.5
1.75 1.65 2.75 1.4
1.7 1.95 2.55 1.5
1.8 2.0 2.5 1.5
1.7 2.0 2.7 1.7
1.6 1.7 2.75 1.45
1.95 2.25 2.2 1.45
1.95 2.2 2.35 1.55
1.7 1.75 2.7 1.45
1.7 1.9 2.4 1.3
1.85 2.05 2.45 1.5
1.6 1.5 2.95 1.45
1.7 1.75 2.65 1.4
1.7 1.9 2.55 1.45
1.7 1.9 2.6 1.5
1.65 2.15 2.35 1.5
1.75 1.75 2.55 1.3
1.85 1.6 2.6 1.2
1.75 1.55 2.85 1.4
1.8 2.5 2.15 1.65
1.85 2.05 2.55 1.6
1.65 1.95 2.45 1.4
1.65 1.6 2.7 1.3
1.7 1.85 2.8 1.65
1.75 2.25 2.25 1.5
1.75 1.6 2.85 1.45
1.8 1.65 2.75 1.4
1.65 1.5 2.75 1.25
1.75 2.2 2.4 1.6
1.6 1.6 2.7 1.3
1.45 1.35 3.05 1.4
1.65 2.0 2.55 1.55
1.75 1.6 2.95 1.55
1.8 1.55 2.9 1.45
1.85 2.1 2.55 1.65
1.8 1.75 2.55 1.3
1.75 2.0 2.5 1.5
1.9 1.8 2.65 1.45
1.9 2.25 2.35 1.6
1.5 1.5 2.8 1.3
1.8 1.95 2.7 1.65
1.75 1.8 2.7 1.5
1.7 1.8 2.6 1.4
1.95 2.3 2.25 1.55
1.6 2.0 2.6 1.6
1.8 1.95 2.7 1.65
1.65 1.6 3.1 1.7
1.7 2.25 2.4 1.65
1.7 1.75 2.65 1.4
1.8 2.0 2.6 1.6
1.7 2.0 2.5 1.5
1.7 1.6 2.75 1.35
1.75 1.9 2.45 1.35
1.9 2.4 2.15 1.55
1.7 1.35 2.85 1.2
1.7 1.4 2.95 1.35
1.8 1.9 2.5 1.4
1.8 1.9 2.7 1.6
1.6 1.6 2.9 1.5
1.8 2.3 2.25 1.55
1.8 2.4 2.35 1.75
1.7 1.75 2.65 1.4
1.65 1.9 2.65 1.55
1.7 2.05 2.45 1.5
1.65 1.65 2.9 1.55
1.7 1.7 2.9 1.6
1.6 1.65 2.9 1.55
1.75 1.85 2.6 1.45
1.6 1.55 2.75 1.3
1.5 1.6 2.75 1.35
1.65 2.25 2.45 1.7
1.45 1.45 2.95 1.4
1.85 2.25 2.45 1.7
1.7 1.8 2.75 1.55
1.75 1.5 2.85 1.35
1.7 1.7 2.75 1.45
1.75 1.5 2.75 1.25
1.75 1.65 2.95 1.6
1.8 1.65 2.95 1.6
1.7 1.7 2.8 1.5
1.8 1.7 2.95 1.65
1.75 1.6 2.9 1.5
1.8 2.0 2.5 1.5
1.7 1.8 2.7 1.5
1.8 2.1 2.6 1.7
1.75 1.65 2.75 1.4
1.75 1.9 2.45 1.35
1.85 1.8 2.6 1.4
1.7 1.85 2.7 1.55
1.7 1.65 2.95 1.6
1.8 2.0 2.4 1.4
1.8 1.95 2.45 1.4
1.85 2.0 2.5 1.5
1.85 2.0 2.55 1.55
1.85 2.05 2.45 1.5
1.75 1.85 2.8 1.65
1.85 2.35 2.25 1.6
1.85 2.1 2.35 1.45
1.9 2.15 2.4 1.55
1.75 1.6 2.85 1.45
1.6 1.85 2.6 1.45
1.6 1.45 2.9 1.35
1.65 1.65 2.85 1.5
1.55 1.55 2.95 1.5
1.8 1.65 2.75 1.4
1.75 2.1 2.45 1.55
1.7 1.45 2.95 1.4
1.7 1.9 2.9 1.8
1.7 1.75 2.75 1.5
1.85 1.85 2.7 1.55
1.85 2.0 2.4 1.4
1.6 1.75 2.85 1.6
1.75 1.75 2.75 1.5
1.6 1.4 2.95 1.35
1.7 1.6 2.85 1.45
1.75 2.4 2.3 1.7
1.5 1.6 2.85 1.45
1.6 1.65 2.8 1.45
1.6 2.1 2.6 1.7
1.75 1.95 2.55 1.5
1.8 1.75 2.8 1.55
1.75 2.2 2.4 1.6
1.75 1.85 2.65 1.5
1.8 1.9 2.5 1.4
1.75 1.8 2.65 1.45
1.85 1.7 2.6 1.3
1.6 1.6 2.8 1.4
1.75 1.95 2.65 1.6
1.7 1.7 2.7 1.4
1.75 2.2 2.35 1.55
1.6 1.5 3.0 1.5
1.75 2.0 2.5 1.5
1.75 1.8 2.75 1.55
1.85 2.1 2.4 1.5
1.8 2.15 2.55 1.7
1.8 1.85 2.65 1.5
1.75 1.7 2.7 1.4
1.75 1.95 2.5 1.45
1.8 2.0 2.4 1.4
1.75 2.3 2.3 1.6
1.65 1.6 2.7 1.3
1.85 1.85 2.45 1.3
1.7 1.65 2.8 1.45
1.65 1.85 2.65 1.5
1.6 1.95 2.6 1.55
1.85 1.85 2.4 1.25
1.95 2.25 2.3 1.55
1.9 2.35 2.15 1.5
1.7 1.45 3.05 1.5
1.85 1.95 2.55 1.5
1.85 2.15 2.35 1.5
1.8 2.05 2.35 1.4
1.85 1.45 3.05 1.5
1.8 1.8 2.65 1.45
1.75 2.0 2.5 1.5
1.65 1.8 2.7 1.5
1.8 1.85 2.8 1.65
1.9 1.7 2.6 1.3
1.8 2.0 2.55 1.55
1.85 1.95 2.65 1.6
1.8 1.95 2.6 1.55
1.7 2.2 2.25 1.45
1.75 1.95 2.65 1.6
1.8 1.9 2.55 1.45
1.75 1.8 2.75 1.55
1.85 2.1 2.3 1.4
1.75 2.0 2.75 1.75
1.85 1.75 2.8 1.55
1.85 2.0 2.45 1.45
1.9 2.3 2.35 1.65
1.85 2.15 2.55 1.7
1.7 1.7 2.7 1.4
1.9 1.65 2.6 1.25
1.7 1.85 2.55 1.4
1.65 1.8 2.7 1.5
1.75 1.95 2.45 1.4
1.55 1.8 2.75 1.55
1.75 1.5 3.05 1.55
2.0 2.5 2.05 1.55
1.85 2.05 2.35 1.4
1.85 2.45 2.25 1.7
1.85 2.0 2.6 1.6
1.7 1.6 2.9 1.5
1.7 1.6 2.85 1.45
1.9 2.25 2.45 1.7
1.7 2.05 2.55 1.6
1.65 1.45 3.1 1.55
1.75 1.3 2.85 1.15
1.9 1.95 2.6 1.55
1.6 1.8 2.65 1.45
1.8 1.9 2.55 1.45
1.75 1.9 2.6 1.5
1.75 1.65 2.7 1.35
1.45 1.8 2.85 1.65
1.8 2.15 2.45 1.6
1.55 1.5 2.8 1.3
1.75 2.15 2.3 1.45
1.9 2.3 2.2 1.5
1.8 2.0 2.7 1.7
1.9 2.05 2.35 1.4
1.55 1.9 2.55 1.45
1.75 1.85 2.65 1.5
1.75 1.8 2.6 1.4
1.65 1.75 2.75 1.5
1.8 1.9 2.6 1.5
1.75 2.05 2.45 1.5
1.8 2.1 2.55 1.65
1.6 1.5 3.0 1.5
1.8 2.0 2.4 1.4
1.65 1.8 2.75 1.55
1.85 1.95 2.6 1.55
1.5 1.6 2.8 1.4
1.65 1.9 2.75 1.65
1.8 1.95 2.45 1.4
1.95 2.2 2.35 1.55
1.8 2.0 2.6 1.6
1.85 1.8 2.65 1.45
1.65 1.7 2.8 1.5
1.8 1.95 2.65 1.6
1.65 1.85 2.75 1.6
1.85 2.2 2.4 1.6
1.65 1.6 3.05 1.65
1.75 1.9 2.4 1.3
1.85 2.4 2.2 1.6
1.75 1.75 2.8 1.55
1.8 2.3 2.3 1.6
1.9 1.9 2.6 1.5
1.9 2.25 2.15 1.4
1.6 1.8 2.85 1.65
1.8 1.85 2.6 1.45
1.8 2.1 2.5 1.6
1.85 2.15 2.25 1.4
1.65 1.95 2.4 1.35
1.75 1.8 2.7 1.5
1.8 2.05 2.45 1.5
1.65 1.9 2.6 1.5
1.8 2.05 2.45 1.5
1.7 1.75 2.7 1.45
1.65 1.7 2.75 1.45
1.65 1.85 2.7 1.55
1.7 1.55 3.0 1.55
1.75 1.9 2.65 1.55
1.8 1.9 2.35 1.25
1.65 1.65 2.75 1.4
1.55 1.85 2.75 1.6
1.8 2.2 2.3 1.5
1.75 1.8 2.7 1.5
1.75 1.85 2.6 1.45
1.8 2.15 2.45 1.6
1.65 1.55 2.85 1.4
1.6 1.75 2.7 1.45
1.65 2.1 2.3 1.4
1.85 1.9 2.55 1.45
1.85 2.05 2.3 1.35
1.6 1.65 2.8 1.45
1.7 1.6 2.95 1.55
1.75 1.9 2.65 1.55
1.8 1.9 2.5 1.4
1.6 1.8 2.7 1.5
1.8 2.2 2.35 1.55
1.8 1.9 2.45 1.35
1.75 1.65 2.8 1.45
1.75 1.85 2.55 1.4
1.8 2.2 2.4 1.6
1.85 2.0 2.55 1.55
1.65 1.45 3.05 1.5
1.85 2.2 2.25 1.45
1.7 1.9 2.75 1.65
1.7 1.85 2.6 1.45
1.75 1.85 2.65 1.5
1.85 2.15 2.5 1.65
1.75 1.5 3.0 1.5
1.8 2.3 2.2 1.5
1.85 1.8 2.65 1.45
1.8 1.9 2.6 1.5
1.7 1.95 2.45 1.4
1.8 2.1 2.45 1.55
1.85 2.35 2.2 1.55
1.8 1.9 2.6 1.5
1.85 2.65 2.05 1.7
1.7 1.5 3.1 1.6
1.7 2.1 2.35 1.45
1.75 1.95 2.5 1.45
1.75 1.55 2.9 1.45
1.6 1.95 2.65 1.6
1.75 2.0 2.55 1.55
1.75 2.15 2.4 1.55
1.85 1.6 2.85 1.45
1.8 1.65 2.7 1.35
1.6 1.65 2.9 1.55
1.75 1.6 2.9 1.5
1.8 1.8 2.75 1.55
1.9 2.0 2.35 1.35
1.75 1.6 2.8 1.4
1.7 1.7 2.9 1.6
1.85 2.25 2.3 1.55
1.75 1.45 2.85 1.3
1.85 1.95 2.4 1.35
1.85 1.95 2.6 1.55
1.7 1.9 2.7 1.6
1.75 1.7 2.6 1.3
1.9 2.15 2.5 1.65
1.5 1.6 2.7 1.3
1.75 1.7 2.8 1.5
1.9 2.05 2.55 1.6
1.75 1.65 2.8 1.45
1.65 1.65 2.85 1.5
1.8 2.15 2.45 1.6
1.65 1.7 2.75 1.45
1.65 2.25 2.45 1.7
1.8 1.8 2.9 1.7
1.8 2.0 2.4 1.4
1.7 1.7 2.75 1.45
1.75 1.8 2.7 1.5
1.6 1.35 2.95 1.3
1.65 1.9 2.7 1.6
1.65 1.75 2.8 1.55
1.7 1.75 2.55 1.3
1.7 1.7 2.75 1.45
1.7 1.95 2.55 1.5
1.55 1.55 3.0 1.55
1.7 1.85 2.65 1.5
1.6 1.7 2.7 1.4
1.9 1.7 3.0 1.7
1.8 1.65 3.05 1.7
1.75 1.75 2.6 1.35
1.8 2.35 2.4 1.75
1.85 1.75 2.75 1.5
1.9 2.0 2.35 1.35
1.65 1.5 2.7 1.2
1.85 2.05 2.45 1.5
1.8 2.05 2.55 1.6
1.85 2.05 2.45 1.5
1.6 1.65 2.9 1.55
1.6 1.85 2.6 1.45
1.75 2.1 2.65 1.75
1.85 1.8 2.5 1.3
1.85 1.75 2.8 1.55
1.65 1.6 3.05 1.65
1.75 1.9 2.7 1.6
1.65 1.45 3.1 1.55
1.75 1.35 3.15 1.5
1.8 2.2 2.25 1.45
1.7 1.4 3.0 1.4
1.75 1.75 2.7 1.45
1.5 1.8 2.65 1.45
1.9 2.1 2.35 1.45
1.85 1.9 2.45 1.35
1.85 1.85 2.8 1.65
1.8 2.4 2.1 1.5
1.65 1.8 2.7 1.5
1.7 1.95 2.55 1.5
1.65 1.55 3.0 1.55
1.65 1.55 2.8 1.35
1.75 1.85 2.65 1.5
1.6 1.55 2.9 1.45
1.85 2.0 2.45 1.45
1.7 1.95 2.8 1.75
1.75 1.55 2.9 1.45
1.65 1.7 2.75 1.45
1.9 2.2 2.3 1.5
1.8 2.05 2.5 1.55
1.85 1.85 2.45 1.3
1.8 2.0 2.5 1.5
1.7 1.65 2.85 1.5
1.8 1.8 2.55 1.35
1.7 1.85 2.55 1.4
1.65 1.75 2.85 1.6
1.75 2.1 2.25 1.35
1.8 1.95 2.45 1.4
1.6 1.75 2.85 1.6
1.8 1.95 2.45 1.4
1.8 1.7 2.75 1.45
1.6 1.65 2.85 1.5
1.55 1.45 2.95 1.4
1.6 1.55 2.9 1.45
1.65 1.55 2.85 1.4
1.9 2.0 2.7 1.7
1.75 1.65 2.65 1.3
1.7 1.7 2.8 1.5
1.7 2.1 2.5 1.6
1.7 1.95 2.55 1.5
1.8 1.85 2.65 1.5
1.75 2.1 2.5 1.6
1.75 2.05 2.4 1.45
1.75 1.8 2.7 1.5
1.6 1.65 2.65 1.3
1.75 1.8 2.65 1.45
1.75 1.7 2.55 1.25
1.85 1.7 2.7 1.4
1.85 1.95 2.55 1.5
1.6 1.5 3.05 1.55
1.75 2.2 2.45 1.65
1.85 1.8 2.55 1.35
1.9 2.05 2.5 1.55
1.85 1.85 2.7 1.55
1.8 1.8 2.65 1.45
1.85 1.8 2.65 1.45
1.85 1.85 2.65 1.5
1.7 1.85 2.7 1.55
1.8 2.0 2.35 1.35
1.7 1.95 2.65 1.6
1.75 1.55 2.85 1.4
1.7 1.8 2.6 1.4
1.55 1.65 2.8 1.45
1.8 1.75 2.55 1.3
1.75 1.9 2.5 1.4
1.75 2.3 2.35 1.65
1.85 1.9 2.6 1.5
1.7 1.85 2.9 1.75
1.65 1.7 2.65 1.35
1.7 2.0 2.55 1.55
1.85 2.45 2.05 1.5
1.8 1.75 2.85 1.6
1.8 1.7 2.6 1.3
1.75 2.05 2.4 1.45
1.7 1.8 2.9 1.7
1.95 2.2 2.2 1.4
1.7 1.75 2.85 1.6
1.75 1.85 2.6 1.45
1.65 1.55 2.9 1.45
1.7 1.8 2.8 1.6
1.85 1.9 2.45 1.35
1.65 2.1 2.5 1.6
1.55 1.75 2.75 1.5
1.8 2.25 2.35 1.6
1.8 2.1 2.45 1.55
1.6 2.05 2.65 1.7
1.8 1.9 2.45 1.35
1.75 2.2 2.4 1.6
1.6 1.55 3.1 1.65
1.8 1.95 2.55 1.5
1.7 1.75 2.75 1.5
1.9 2.2 2.4 1.6
1.7 1.35 3.2 1.55
1.9 2.35 2.25 1.6
1.5 1.35 3.05 1.4
1.75 2.1 2.55 1.65
1.55 1.65 2.8 1.45
1.85 2.15 2.35 1.5
1.7 1.65 2.95 1.6
1.6 1.55 2.95 1.5
1.75 1.65 2.75 1.4
1.8 1.55 2.95 1.5
1.7 1.35 3.15 1.5
1.85 2.05 2.45 1.5
1.7 1.85 2.7 1.55
1.8 1.75 2.6 1.35
1.8 1.85 2.6 1.45
1.75 1.9 2.75 1.65
1.65 1.7 2.6 1.3
1.7 1.8 2.75 1.55
1.75 1.6 2.8 1.4
1.55 1.75 2.9 1.65
1.9 1.95 2.45 1.4
1.8 2.3 2.35 1.65
1.8 1.85 2.45 1.3
1.7 1.6 2.8 1.4
1.7 1.9 2.75 1.65
1.85 1.85 2.55 1.4
1.9 2.05 2.35 1.4
1.7 1.95 2.6 1.55
1.75 1.65 2.85 1.5
1.7 2.0 2.45 1.45
1.8 2.0 2.3 1.3
1.8 2.05 2.5 1.55
1.8 2.2 2.35 1.55
1.65 1.75 2.55 1.3
1.75 1.95 2.65 1.6
1.8 1.7 2.95 1.65
1.6 1.75 2.6 1.35
1.75 2.1 2.35 1.45
1.8 1.9 2.55 1.45
1.75 1.7 2.7 1.4
1.85 1.95 2.55 1.5
1.75 2.3 2.35 1.65
1.75 2.0 2.65 1.65
1.75 1.85 2.6 1.45
1.7 1.85 2.6 1.45
1.8 1.9 2.4 1.3
1.8 2.0 2.55 1.55
1.85 2.25 2.4 1.65
1.8 2.2 2.4 1.6
1.9 1.95 2.65 1.6
1.8 1.5 2.9 1.4
1.85 2.25 2.55 1.8
1.8 1.65 2.75 1.4
1.9 1.95 2.35 1.3
1.65 1.6 3.0 1.6
1.7 1.65 2.75 1.4
1.95 2.3 2.2 1.5
1.9 2.0 2.4 1.4
1.65 1.65 2.95 1.6
1.8 1.9 2.5 1.4
1.8 1.85 2.6 1.45
1.75 1.85 2.5 1.35
1.75 2.2 2.45 1.65
1.85 2.15 2.3 1.45
1.7 1.65 2.85 1.5
1.85 1.8 2.6 1.4
1.8 1.9 2.5 1.4
1.6 1.75 2.7 1.45
1.75 1.55 2.85 1.4
1.75 1.85 2.65 1.5
1.5 1.3 3.2 1.5
1.7 2.25 2.5 1.75
1.75 1.7 2.65 1.35
1.7 1.85 2.75 1.6
1.7 2.25 2.4 1.65
1.7 2.35 2.25 1.6
1.7 1.9 2.55 1.45
1.8 1.85 2.75 1.6
1.8 2.2 2.35 1.55
1.85 1.6 2.8 1.4
1.75 2.1 2.4 1.5
1.75 1.9 2.7 1.6
1.45 1.25 3.05 1.3
1.9 2.15 2.45 1.6
1.85 2.0 2.5 1.5
1.75 1.7 2.85 1.55
1.8 2.1 2.35 1.45
1.9 2.15 2.55 1.7
1.7 1.65 2.75 1.4
1.75 2.35 2.35 1.7
1.8 1.9 2.7 1.6
1.7 1.6 2.7 1.3
1.8 1.9 2.5 1.4
1.75 1.85 2.7 1.55
1.8 1.6 3.0 1.6
1.65 1.95 2.5 1.45
1.8 1.95 2.55 1.5
1.8 2.15 2.35 1.5
1.65 1.8 2.6 1.4
1.8 2.05 2.45 1.5
1.7 1.75 2.65 1.4
1.95 2.05 2.55 1.6
1.8 1.65 2.9 1.55
1.75 1.75 2.65 1.4
1.9 2.4 2.15 1.55
1.8 1.5 3.05 1.55
1.8 1.95 2.6 1.55
1.85 1.55 2.85 1.4
1.65 1.55 2.95 1.5
1.7 1.6 2.9 1.5
1.85 2.2 2.35 1.55
1.8 2.25 2.45 1.7
1.65 2.15 2.45 1.6
1.7 1.65 2.65 1.3
1.7 1.8 2.7 1.5
1.6 1.6 2.95 1.55
1.8 2.05 2.55 1.6
1.75 1.65 2.7 1.35
1.9 1.75 2.85 1.6
1.6 1.75 2.85 1.6
1.75 2.0 2.6 1.6
1.6 1.75 2.7 1.45
1.65 1.6 2.85 1.45
1.75 1.5 2.85 1.35
1.75 2.15 2.45 1.6
1.75 2.0 2.6 1.6
1.75 1.85 2.7 1.55
1.8 1.6 2.8 1.4
1.6 1.65 2.9 1.55
1.75 1.6 2.8 1.4
1.65 1.95 2.5 1.45
1.75 1.75 2.65 1.4
1.65 1.4 3.0 1.4
1.8 1.8 2.65 1.45
1.6 1.7 2.75 1.45
1.75 1.65 2.7 1.35
1.8 1.7 2.7 1.4
1.95 2.0 2.45 1.45
1.85 2.15 2.4 1.55
1.85 1.75 2.95 1.7
1.6 1.55 3.0 1.55
1.7 1.9 2.7 1.6
1.8 1.6 2.9 1.5
1.65 2.3 2.35 1.65
1.95 1.9 2.6 1.5
1.75 1.95 2.45 1.4
1.65 1.8 2.65 1.45
1.7 1.9 2.7 1.6
1.8 2.3 2.35 1.65
1.75 1.65 2.9 1.55
1.8 2.1 2.65 1.75
1.8 1.7 2.75 1.45
1.8 1.5 3.05 1.55
1.8 1.9 2.4 1.3
1.85 1.95 2.6 1.55
1.85 2.05 2.4 1.45
1.85 2.0 2.45 1.45
1.6 2.2 2.45 1.65
1.65 2.3 2.3 1.6
1.65 1.75 2.7 1.45
1.6 1.8 2.8 1.6
1.8 2.15 2.5 1.65
1.7 1.55 2.8 1.35
1.8 2.15 2.55 1.7
1.8 1.95 2.45 1.4
1.7 2.1 2.3 1.4
1.75 2.2 2.3 1.5
1.85 1.95 2.5 1.45
1.7 1.55 3.05 1.6
1.85 1.8 2.6 1.4
1.8 2.0 2.55 1.55
1.6 1.75 2.7 1.45
1.85 1.85 2.6 1.45
1.7 1.7 2.85 1.55
1.85 2.4 2.15 1.55
1.7 1.65 2.8 1.45
1.75 1.95 2.8 1.75
1.6 1.85 2.7 1.55
1.8 1.65 2.65 1.3
1.65 1.75 2.6 1.35
1.55 1.5 3.0 1.5
1.65 1.7 2.8 1.5
1.85 1.65 2.85 1.5
1.75 1.6 2.8 1.4
1.65 1.6 2.95 1.55
1.9 2.2 2.25 1.45
1.7 1.95 2.75 1.7
1.7 1.6 2.85 1.45
1.7 1.65 2.95 1.6
1.8 1.9 2.6 1.5
1.75 1.55 2.95 1.5
1.7 1.9 2.4 1.3
1.8 1.95 2.5 1.45
1.6 1.85 2.95 1.8
1.8 2.0 2.5 1.5
1.55 1.25 3.35 1.6
1.75 1.75 2.75 1.5
1.65 2.0 2.6 1.6
1.7 1.75 2.85 1.6
1.75 1.95 2.55 1.5
1.7 2.1 2.55 1.65
1.6 1.65 2.75 1.4
1.9 2.3 2.3 1.6
1.6 1.65 2.75 1.4
1.65 1.9 2.75 1.65
1.75 1.7 2.8 1.5
1.65 1.6 2.95 1.55
1.65 2.05 2.6 1.65
1.8 1.95 2.65 1.6
1.8 2.15 2.6 1.75
1.65 2.1 2.55 1.65
1.7 1.35 3.05 1.4
1.9 2.0 2.6 1.6
1.6 1.75 2.7 1.45
1.85 1.65 2.75 1.4
1.7 1.8 2.85 1.65
1.65 1.65 2.85 1.5
1.8 2.0 2.5 1.5
1.8 1.9 2.85 1.75
1.75 2.05 2.55 1.6
1.75 1.85 2.65 1.5
1.75 2.35 2.45 1.8
1.75 1.85 2.5 1.35
1.8 1.45 2.85 1.3
1.45 1.4 3.0 1.4
1.65 1.8 2.8 1.6
1.8 1.85 2.75 1.6
1.8 2.05 2.55 1.6
1.75 1.95 2.55 1.5
1.5 1.45 3.15 1.6
1.95 1.8 2.8 1.6
1.7 2.15 2.5 1.65
1.8 1.7 2.8 1.5
1.8 1.8 2.7 1.5
1.9 2.0 2.4 1.4
1.7 1.9 2.8 1.7
1.8 1.75 2.65 1.4
1.8 2.1 2.3 1.4
1.9 1.7 2.75 1.45
1.65 1.7 2.7 1.4
1.75 1.9 2.75 1.65
1.85 2.05 2.4 1.45
1.55 1.6 2.85 1.45
1.95 2.25 2.3 1.55
1.8 1.6 2.95 1.55
1.75 1.8 2.6 1.4
1.85 1.85 2.7 1.55
1.8 2.0 2.5 1.5
1.8 1.9 2.75 1.65
1.65 1.8 2.75 1.55
1.8 2.1 2.4 1.5
1.85 1.65 2.7 1.35
1.65 2.05 2.65 1.7
1.7 1.9 2.5 1.4
1.75 1.75 2.6 1.35
1.9 2.35 2.15 1.5
1.8 2.15 2.35 1.5
1.65 1.85 2.7 1.55
1.7 1.95 2.6 1.55
1.9 2.0 2.5 1.5
1.65 1.95 2.6 1.55
1.7 1.4 2.9 1.3
1.9 2.25 2.3 1.55
1.7 1.8 2.65 1.45
1.75 2.35 2.3 1.65
1.75 1.8 2.65 1.45
1.9 2.05 2.3 1.35
1.8 2.25 2.35 1.6
1.7 2.15 2.4 1.55
1.85 2.1 2.3 1.4
1.7 1.75 2.65 1.4
1.75 2.45 2.2 1.65
1.8 1.75 2.75 1.5
1.7 1.75 2.85 1.6
1.85 1.8 2.6 1.4
1.75 2.25 2.35 1.6
1.75 1.35 3.1 1.45
1.55 1.8 2.8 1.6
1.65 1.55 3.0 1.55
1.8 2.0 2.4 1.4
1.6 1.9 2.6 1.5
1.75 2.2 2.35 1.55
1.8 1.65 2.8 1.45
1.75 2.05 2.5 1.55
1.9 2.4 2.1 1.5
1.85 2.0 2.6 1.6
1.6 1.9 2.55 1.45
1.8 1.8 2.65 1.45
1.85 2.1 2.35 1.45
1.85 2.25 2.3 1.55
1.85 2.05 2.7 1.75
1.75 1.75 2.8 1.55
1.75 2.1 2.4 1.5
1.75 1.75 2.7 1.45
1.8 1.7 2.75 1.45
1.9 2.4 2.1 1.5
1.75 1.9 2.55 1.45
1.85 2.0 2.6 1.6
1.85 1.9 2.5 1.4
1.9 1.95 2.65 1.6
1.7 1.75 2.65 1.4
1.8 2.15 2.4 1.55
1.7 2.0 2.5 1.5
1.75 2.2 2.55 1.75
1.8 2.0 2.35 1.35
1.7 1.7 2.85 1.55
1.65 1.75 2.9 1.65
1.65 2.0 2.95 1.95
1.65 1.45 2.85 1.3
1.7 1.9 2.6 1.5
1.7 1.45 2.9 1.35
1.7 1.6 2.85 1.45
1.7 1.85 2.5 1.35
1.9 1.6 2.8 1.4
1.85 2.15 2.55 1.7
1.85 2.3 2.35 1.65
1.65 1.8 2.75 1.55
1.6 1.35 3.25 1.6
1.8 2.2 2.35 1.55
1.75 1.65 2.95 1.6
1.75 1.9 2.6 1.5
1.8 1.95 2.5 1.45
1.9 2.15 2.55 1.7
1.75 1.7 2.8 1.5
1.7 1.5 2.9 1.4
1.55 1.9 2.6 1.5
1.75 1.85 2.6 1.45
1.75 1.9 2.7 1.6
1.65 1.6 2.75 1.35
1.75 2.05 2.5 1.55
1.75 1.7 2.7 1.4
1.8 1.5 2.75 1.25
1.85 2.1 2.5 1.6
1.65 1.85 2.7 1.55
1.75 2.15 2.5 1.65
1.7 2.15 2.35 1.5
1.7 1.75 2.75 1.5
1.85 1.95 2.5 1.45
1.65 2.0 2.7 1.7
1.75 1.85 2.6 1.45
1.65 1.85 2.6 1.45
1.65 2.0 2.5 1.5
1.65 1.65 2.9 1.55
1.75 2.1 2.35 1.45
1.85 2.6 2.15 1.75
1.8 1.35 3.0 1.35
1.65 1.9 2.55 1.45
1.8 2.1 2.5 1.6
1.6 1.9 2.6 1.5
1.6 1.6 2.8 1.4
1.7 1.9 2.85 1.75
1.65 1.55 2.85 1.4
1.75 1.85 2.7 1.55
1.75 1.75 2.65 1.4
1.85 2.0 2.5 1.5
1.85 2.0 2.6 1.6
1.85 1.85 2.75 1.6
1.8 1.7 2.8 1.5
1.55 1.45 2.9 1.35
1.7 1.9 2.6 1.5
1.75 2.0 2.55 1.55
1.75 1.95 2.65 1.6
1.75 1.75 2.7 1.45
1.65 2.0 2.7 1.7
1.9 1.8 2.65 1.45
1.95 1.75 2.6 1.35
1.75 2.0 2.65 1.65
1.55 1.75 2.5 1.25
1.65 1.5 2.8 1.3
1.7 1.6 2.9 1.5
1.75 1.35 2.9 1.25
1.55 1.7 2.9 1.6
1.85 1.7 2.75 1.45
1.7 1.6 2.85 1.45
1.75 1.85 2.8 1.65
1.75 2.15 2.4 1.55
1.75 1.75 2.85 1.6
1.7 1.65 3.0 1.65
1.8 2.15 2.5 1.65
1.7 1.55 2.95 1.5
1.65 1.85 2.6 1.45
1.9 2.1 2.35 1.45
1.8 2.15 2.35 1.5
1.8 2.0 2.4 1.4
1.65 1.55 2.75 1.3
1.6 1.55 2.9 1.45
1.55 1.7 2.95 1.65
1.9 2.15 2.35 1.5
1.75 2.05 2.5 1.55
1.9 1.85 2.7 1.55
1.65 1.8 2.8 1.6
1.75 1.95 2.5 1.45
1.8 1.9 2.65 1.55
1.8 2.75 1.9 1.65
1.6 1.7 2.8 1.5
1.95 2.1 2.55 1.65
1.75 2.0 2.65 1.65
1.8 1.8 2.6 1.4
1.65 1.5 2.95 1.45
1.75 1.8 2.75 1.55
1.85 1.65 2.85 1.5
1.7 1.55 2.8 1.35
2.0 1.85 2.7 1.55
1.7 1.65 2.9 1.55
1.55 1.65 2.75 1.4
1.75 1.75 2.7 1.45
1.7 1.4 2.95 1.35
1.55 1.45 3.0 1.45
1.8 2.0 2.55 1.55
1.65 1.6 3.05 1.65
1.8 2.2 2.3 1.5
1.8 2.0 2.7 1.7
1.95 2.0 2.45 1.45
1.85 2.2 2.35 1.55
1.65 2.0 2.55 1.55
1.95 2.1 2.45 1.55
1.9 2.15 2.2 1.35
1.9 1.7 2.8 1.5
1.8 1.4 3.05 1.45
1.85 1.7 2.65 1.35
1.7 1.75 2.55 1.3
1.75 1.75 2.6 1.35
1.75 1.65 2.85 1.5
1.6 1.65 2.9 1.55
1.85 1.7 2.75 1.45
1.7 1.7 2.6 1.3
1.65 2.0 2.35 1.35
1.7 1.8 2.75 1.55
1.7 1.3 3.05 1.35
1.8 1.9 2.65 1.55
1.65 1.65 2.9 1.55
1.7 1.9 2.45 1.35
1.6 1.7 2.85 1.55
1.95 2.35 2.35 1.7
1.85 2.65 2.15 1.8
1.85 2.05 2.35 1.4
1.9 1.95 2.6 1.55
1.75 1.75 2.7 1.45
1.55 1.55 3.05 1.6
1.6 1.75 2.75 1.5
1.6 1.75 2.85 1.6
1.85 2.35 2.25 1.6
1.75 1.8 2.6 1.4
1.7 2.05 2.5 1.55
1.7 1.65 2.9 1.55
1.75 1.8 2.6 1.4
1.55 1.6 3.0 1.6
1.85 2.0 2.45 1.45
1.55 1.5 2.9 1.4
1.75 1.85 2.8 1.65
1.8 2.6 2.1 1.7
1.75 2.45 2.3 1.75
1.7 1.8 2.9 1.7
1.75 2.0 2.45 1.45
1.65 1.7 2.9 1.6
1.75 1.65 2.7 1.35
1.75 1.8 2.75 1.55
1.75 1.8 2.75 1.55
1.9 2.05 2.3 1.35
1.7 1.6 2.8 1.4
1.75 1.95 2.7 1.65
1.8 2.15 2.35 1.5
1.75 1.95 2.65 1.6
1.8 1.75 2.7 1.45
1.85 1.9 2.65 1.55
1.75 1.7 2.9 1.6
1.9 2.25 2.25 1.5
1.75 1.6 2.8 1.4
1.8 1.8 2.55 1.35
1.7 1.7 2.7 1.4
1.85 1.6 2.85 1.45
1.5 1.25 3.35 1.6
1.9 1.9 2.7 1.6
1.65 1.55 3.0 1.55
1.9 2.1 2.5 1.6
1.8 1.8 2.8 1.6
1.7 1.95 2.55 1.5
1.55 1.55 2.9 1.45
1.7 1.75 2.55 1.3
1.8 2.0 2.45 1.45
1.55 1.65 2.95 1.6
1.6 1.75 2.65 1.4
1.7 2.05 2.5 1.55
1.75 1.75 2.85 1.6
1.8 1.6 2.7 1.3
1.7 1.8 2.75 1.55
1.75 2.25 2.55 1.8
1.8 1.8 2.45 1.25
1.85 2.05 2.35 1.4
1.85 2.0 2.7 1.7
1.9 1.85 2.4 1.25
1.55 1.8 2.6 1.4
1.65 2.0 2.45 1.45
1.9 1.95 2.45 1.4
1.85 2.05 2.5 1.55
1.8 1.85 2.7 1.55
1.8 1.95 2.45 1.4
1.85 2.1 2.5 1.6
1.8 1.75 2.6 1.35
1.6 1.7 2.8 1.5
1.8 2.0 2.4 1.4
1.8 1.9 2.6 1.5
1.6 1.95 2.7 1.65
1.9 2.0 2.5 1.5
1.8 2.1 2.3 1.4
1.65 1.45 3.25 1.7
1.6 1.6 2.9 1.5
1.8 1.75 2.8 1.55
1.65 1.8 2.8 1.6
1.6 1.6 2.8 1.4
1.8 1.95 2.5 1.45
1.7 1.75 2.7 1.45
1.8 2.15 2.35 1.5
1.85 1.9 2.5 1.4
1.8 1.8 2.6 1.4
1.65 1.5 2.95 1.45
1.6 1.6 2.8 1.4
2.0 2.4 2.05 1.45
1.75 2.0 2.5 1.5
1.8 1.75 2.7 1.45
1.7 1.95 2.7 1.65
1.8 1.7 2.65 1.35
1.9 2.1 2.4 1.5
1.8 1.9 2.55 1.45
1.7 1.75 2.7 1.45
1.6 1.65 2.6 1.25
1.6 1.75 2.75 1.5
1.6 1.95 2.5 1.45
1.8 2.25 2.5 1.75
1.95 1.95 2.45 1.4
1.75 1.75 2.85 1.6
1.9 2.15 2.4 1.55
1.85 1.85 2.45 1.3
1.7 2.0 2.45 1.45
1.9 2.2 2.35 1.55
1.75 2.05 2.45 1.5
1.75 2.0 2.45 1.45
1.8 1.85 2.6 1.45
1.7 1.9 2.65 1.55
1.85 2.15 2.3 1.45
1.7 2.05 2.4 1.45
1.65 1.85 2.45 1.3
1.65 1.6 3.0 1.6
1.65 2.25 2.4 1.65
1.65 2.05 2.5 1.55
1.75 2.25 2.35 1.6
1.75 2.2 2.5 1.7
1.75 1.8 2.7 1.5
1.8 1.95 2.7 1.65
1.8 2.25 2.2 1.45
1.9 2.25 2.2 1.45
1.75 2.15 2.45 1.6
1.7 1.65 2.8 1.45
1.65 1.7 2.8 1.5
1.75 1.85 2.75 1.6
1.75 2.3 2.15 1.45
1.65 1.4 3.05 1.45
1.9 1.8 2.6 1.4
1.8 1.75 2.5 1.25
1.8 1.9 2.55 1.45
1.85 1.75 2.65 1.4
1.85 2.1 2.55 1.65
1.9 2.25 2.3 1.55
1.75 2.05 2.45 1.5
1.9 2.2 2.25 1.45
1.75 1.85 2.65 1.5
1.8 1.9 2.6 1.5
1.85 2.45 2.2 1.65
1.7 1.8 2.6 1.4
1.8 1.9 2.65 1.55
1.8 2.15 2.5 1.65
1.7 1.85 2.5 1.35
1.75 1.65 2.75 1.4
1.8 1.7 2.8 1.5
1.8 1.8 2.6 1.4
1.85 1.75 2.6 1.35
1.8 2.0 2.65 1.65
1.8 1.75 2.65 1.4
1.85 2.1 2.25 1.35
1.8 1.6 2.85 1.45
1.65 1.8 2.5 1.3
1.8 1.85 2.6 1.45
1.85 1.75 2.75 1.5
1.95 2.2 2.3 1.5
1.7 1.65 2.85 1.5
1.75 1.7 2.7 1.4
1.65 1.65 2.6 1.25
1.75 2.0 2.5 1.5
1.6 1.7 2.75 1.45
1.8 2.1 2.3 1.4
1.85 2.1 2.35 1.45
1.65 1.9 2.75 1.65
1.75 1.8 2.85 1.65
1.8 2.1 2.4 1.5
1.8 1.5 2.9 1.4
1.75 1.8 2.5 1.3
1.6 1.6 2.85 1.45
1.7 2.0 2.6 1.6
1.75 1.95 2.65 1.6
1.85 2.05 2.45 1.5
1.65 2.15 2.5 1.65
1.8 1.8 2.8 1.6
1.8 2.0 2.45 1.45
1.85 2.0 2.65 1.65
1.7 1.7 2.55 1.25
1.8 1.5 2.95 1.45
1.7 1.65 2.75 1.4
1.8 1.7 2.7 1.4
1.85 1.95 2.4 1.35
1.8 1.85 2.6 1.45
1.7 1.8 2.75 1.55
1.75 2.0 2.6 1.6
1.7 1.95 2.65 1.6
1.75 2.05 2.5 1.55
1.8 1.85 2.7 1.55
1.8 2.3 2.4 1.7
1.85 2.15 2.15 1.3
1.9 1.9 2.35 1.25
1.85 2.2 2.5 1.7
1.65 2.0 2.7 1.7
1.9 1.65 2.85 1.5
1.8 1.95 2.6 1.55
1.7 2.0 2.4 1.4
1.75 1.95 2.6 1.55
1.85 1.9 2.8 1.7
1.8 1.85 2.4 1.25
1.9 2.0 2.35 1.35
1.85 1.85 2.5 1.35
1.75 1.75 2.6 1.35
1.8 2.45 2.05 1.5
1.7 1.65 2.7 1.35
1.9 1.85 2.4 1.25
1.8 2.05 2.5 1.55
1.8 2.05 2.6 1.65
1.65 1.95 2.75 1.7
1.75 1.9 2.65 1.55
1.65 1.75 2.75 1.5
1.85 2.0 2.45 1.45
1.7 1.5 2.9 1.4
1.75 1.6 2.8 1.4
1.75 1.55 2.85 1.4
1.75 1.8 2.65 1.45
1.9 1.9 2.5 1.4
1.7 1.6 2.8 1.4
1.75 1.75 2.8 1.55
1.6 1.45 3.0 1.45
1.65 1.5 2.8 1.3
1.85 2.25 2.45 1.7
1.8 1.8 2.5 1.3
1.8 2.15 2.3 1.45
1.7 1.95 2.65 1.6
1.65 1.7 2.65 1.35
1.65 1.75 2.65 1.4
1.55 1.45 3.1 1.55
1.85 2.0 2.45 1.45
1.75 1.45 3.0 1.45
1.75 1.9 2.65 1.55
1.85 2.1 2.45 1.55
1.75 2.05 2.35 1.4
1.95 2.15 2.3 1.45
1.8 2.05 2.55 1.6
1.85 1.7 2.65 1.35
1.65 1.9 2.7 1.6
1.85 2.15 2.5 1.65
1.8 2.1 2.4 1.5
1.9 2.2 2.35 1.55
1.65 1.4 3.15 1.55
1.65 1.5 2.85 1.35
1.65 1.65 2.8 1.45
1.8 1.95 2.6 1.55
1.85 1.9 2.65 1.55
1.85 1.9 2.55 1.45
1.75 2.0 2.5 1.5
1.6 2.0 2.55 1.55
1.8 2.0 2.45 1.45
1.75 2.1 2.5 1.6
1.75 2.05 2.55 1.6
1.75 1.95 2.4 1.35
1.75 2.1 2.5 1.6
1.9 1.8 2.45 1.25
1.75 1.55 2.7 1.25
1.95 2.4 2.25 1.65
1.75 1.8 2.8 1.6
1.65 1.8 2.7 1.5
1.5 1.7 2.85 1.55
1.75 1.9 2.7 1.6
1.75 1.7 2.7 1.4
1.8 2.0 2.5 1.5
1.8 1.8 2.75 1.55
1.6 1.55 2.85 1.4
1.6 1.55 3.1 1.65
1.75 1.75 2.55 1.3
1.5 1.6 2.95 1.55
1.75 2.1 2.5 1.6
1.85 1.85 2.75 1.6
1.8 1.75 2.95 1.7
1.75 2.15 2.4 1.55
1.9 2.25 2.3 1.55
1.7 1.8 2.9 1.7
1.65 1.7 2.85 1.55
1.65 1.65 2.8 1.45
1.65 1.65 2.95 1.6
1.7 1.5 2.7 1.2
1.85 2.4 2.2 1.6
1.65 1.65 2.8 1.45
1.75 1.9 2.55 1.45
1.75 1.9 2.6 1.5
1.75 2.05 2.6 1.65
1.8 1.85 2.55 1.4
1.8 2.45 2.35 1.8
1.7 2.0 2.65 1.65
1.65 1.65 2.95 1.6
1.85 1.8 2.65 1.45
1.7 1.95 2.55 1.5
1.75 1.8 2.55 1.35
1.7 1.8 2.65 1.45
1.65 1.7 2.75 1.45
1.7 1.55 2.85 1.4
1.6 1.8 2.6 1.4
1.95 1.95 2.5 1.45
1.8 1.75 2.75 1.5
1.75 1.8 2.7 1.5
1.8 2.15 2.3 1.45
1.7 1.95 2.6 1.55
1.85 1.95 2.55 1.5
1.7 1.75 2.95 1.7
1.8 1.55 2.85 1.4
1.8 2.55 2.1 1.65
1.7 1.6 2.85 1.45
1.85 1.85 2.45 1.3
1.55 1.55 3.05 1.6
1.75 1.9 2.5 1.4
1.8 1.75 2.6 1.35
1.7 1.75 2.9 1.65
1.85 1.9 2.55 1.45
1.75 2.0 2.25 1.25
1.7 1.8 2.65 1.45
1.8 2.05 2.5 1.55
1.9 1.65 2.9 1.55
1.85 1.7 2.7 1.4
1.7 1.95 2.7 1.65
1.85 2.0 2.55 1.55
1.75 1.8 2.8 1.6
1.85 2.1 2.35 1.45
1.7 1.5 2.95 1.45
1.85 1.7 2.75 1.45
1.85 1.65 2.8 1.45
1.9 2.1 2.4 1.5
1.7 2.3 2.35 1.65
1.7 1.55 3.0 1.55
1.9 2.2 2.4 1.6
1.85 1.55 2.75 1.3
1.7 2.05 2.4 1.45
1.7 2.15 2.3 1.45
1.8 2.15 2.3 1.45
1.65 1.6 2.8 1.4
1.8 1.75 2.7 1.45
1.75 1.75 2.75 1.5
1.8 1.8 2.65 1.45
1.8 2.2 2.4 1.6
1.7 1.75 2.8 1.55
1.95 2.05 2.3 1.35
1.75 1.75 2.5 1.25
1.65 1.5 3.0 1.5
1.8 1.95 2.75 1.7
1.95 2.15 2.3 1.45
1.85 2.0 2.65 1.65
1.7 1.85 2.8 1.65
1.65 1.75 2.8 1.55
1.8 1.8 2.6 1.4
1.65 1.7 2.8 1.5
1.9 2.05 2.45 1.5
1.7 1.95 2.65 1.6
1.85 1.7 2.9 1.6
1.75 2.15 2.55 1.7
1.7 2.1 2.55 1.65
1.7 1.85 2.6 1.45
1.8 2.2 2.4 1.6
1.9 2.3 2.35 1.65
1.8 2.15 2.4 1.55
1.65 1.95 2.65 1.6
1.75 2.05 2.45 1.5
1.65 1.9 2.6 1.5
1.75 2.0 2.6 1.6
1.75 1.8 2.5 1.3
1.9 1.8 2.6 1.4
1.7 1.6 2.8 1.4
1.75 2.3 2.3 1.6
1.95 2.05 2.45 1.5
1.75 1.95 2.6 1.55
1.6 1.55 2.75 1.3
1.75 1.9 2.5 1.4
1.8 1.95 2.55 1.5
1.75 1.75 2.8 1.55
1.7 2.2 2.5 1.7
1.8 1.85 2.6 1.45
1.5 1.75 2.7 1.45
1.65 1.65 2.85 1.5
1.8 1.85 2.7 1.55
1.7 1.5 2.85 1.35
1.6 1.65 2.9 1.55
1.75 1.8 2.7 1.5
1.7 2.15 2.5 1.65
1.7 1.75 2.7 1.45
1.7 1.85 2.65 1.5
1.85 2.25 2.15 1.4
1.75 1.4 3.1 1.5
1.6 1.55 2.85 1.4
1.6 1.7 2.7 1.4
1.7 1.75 2.5 1.25
1.6 1.65 2.8 1.45
1.7 1.95 2.75 1.7
1.65 1.75 2.7 1.45
1.7 1.95 2.65 1.6
1.65 2.0 2.45 1.45
1.85 2.0 2.55 1.55
1.6 1.95 2.7 1.65
1.7 2.1 2.4 1.5
1.7 1.65 2.9 1.55
1.7 1.85 2.7 1.55
1.8 1.95 2.75 1.7
1.8 2.05 2.45 1.5
1.75 1.85 2.7 1.55
1.7 2.05 2.55 1.6
1.85 2.0 2.55 1.55
1.85 1.9 2.8 1.7
1.8 1.95 2.6 1.55
1.6 1.75 2.8 1.55
1.7 2.25 2.4 1.65
1.8 1.65 3.0 1.65
1.65 2.0 2.55 1.55
1.8 1.95 2.45 1.4
1.65 1.75 2.7 1.45
1.8 1.7 2.75 1.45
1.7 2.2 2.25 1.45
1.65 2.2 2.45 1.65
1.75 1.9 2.7 1.6
1.85 1.85 2.75 1.6
1.65 1.5 2.85 1.35
1.8 2.25 2.1 1.35
1.85 2.0 2.55 1.55
1.75 1.6 2.8 1.4
1.75 2.3 2.25 1.55
1.8 1.8 2.45 1.25
1.75 1.9 2.7 1.6
1.75 2.0 2.45 1.45
1.75 1.8 2.7 1.5
1.8 1.45 3.0 1.45
1.75 1.9 2.65 1.55
1.8 1.7 2.75 1.45
1.75 2.25 2.35 1.6
1.65 1.7 2.75 1.45
1.8 1.75 2.6 1.35
1.9 1.9 2.75 1.65
1.8 1.95 2.55 1.5
1.75 1.75 2.7 1.45
1.7 1.45 3.0 1.45
1.85 1.85 2.6 1.45
1.55 1.3 3.2 1.5
1.75 1.85 2.65 1.5
1.85 1.85 2.55 1.4
1.75 1.85 2.75 1.6
1.85 2.05 2.45 1.5
1.7 2.05 2.3 1.35
1.65 1.8 2.7 1.5
1.8 1.9 2.55 1.45
1.85 2.25 2.25 1.5
1.75 1.85 2.6 1.45
1.7 1.95 2.65 1.6
1.75 1.75 2.75 1.5
1.8 1.75 2.6 1.35
1.65 1.95 2.6 1.55
1.8 2.0 2.55 1.55
1.8 2.0 2.55 1.55
1.75 2.0 2.55 1.55
1.8 2.25 2.25 1.5
1.65 1.65 2.8 1.45
1.8 1.85 2.5 1.35
1.85 2.25 2.3 1.55
1.75 1.7 2.9 1.6
1.75 1.9 2.5 1.4
1.9 2.15 2.25 1.4
1.75 1.9 2.55 1.45
1.7 2.2 2.35 1.55
1.65 2.05 2.4 1.45
1.85 2.0 2.4 1.4
1.8 2.25 2.3 1.55
1.65 1.6 2.85 1.45
1.75 2.1 2.45 1.55
1.75 1.75 2.7 1.45
1.8 1.9 2.8 1.7
1.75 2.0 2.4 1.4
1.75 1.75 2.85 1.6
1.8 1.8 2.55 1.35
1.6 1.8 2.7 1.5
1.8 2.0 2.5 1.5
1.85 2.15 2.35 1.5
1.85 2.35 2.3 1.65
1.8 2.0 2.65 1.65
1.65 1.35 2.9 1.25
1.6 1.7 2.8 1.5
1.7 2.15 2.5 1.65
1.75 1.85 2.75 1.6
1.75 2.45 2.05 1.5
1.7 1.9 2.75 1.65
1.8 1.4 3.0 1.4
1.65 1.4 2.95 1.35
1.7 2.0 2.45 1.45
1.75 1.75 2.65 1.4
1.8 2.0 2.65 1.65
1.75 1.65 2.9 1.55
1.55 1.5 2.85 1.35
1.6 1.8 2.8 1.6
1.75 1.8 2.6 1.4
1.6 1.95 2.6 1.55
1.85 1.8 2.6 1.4
1.75 1.45 2.7 1.15
1.8 1.7 2.6 1.3
1.65 1.55 3.05 1.6
1.85 2.2 2.35 1.55
1.55 1.75 2.65 1.4
1.75 1.7 2.7 1.4
1.75 2.05 2.5 1.55
1.65 1.95 2.5 1.45
1.75 2.0 2.6 1.6
1.55 1.3 3.3 1.6
1.6 2.05 2.4 1.45
1.85 2.35 2.35 1.7
1.65 1.6 2.55 1.15
1.75 1.85 2.6 1.45
1.7 1.95 2.5 1.45
1.7 1.7 2.85 1.55
1.7 1.65 3.15 1.8
1.7 1.45 3.0 1.45
1.7 1.8 2.75 1.55
1.8 1.9 2.65 1.55
1.75 1.55 2.85 1.4
1.65 1.8 2.65 1.45
1.6 1.7 2.75 1.45
1.7 1.65 2.7 1.35
1.7 1.9 2.7 1.6
1.8 1.7 2.75 1.45
1.75 1.9 2.65 1.55
1.8 2.1 2.4 1.5
1.5 1.65 2.85 1.5
1.7 1.7 2.65 1.35
1.85 2.05 2.65 1.7
1.95 1.8 2.8 1.6
1.8 1.9 2.6 1.5
1.75 2.0 2.65 1.65
1.8 2.05 2.5 1.55
1.65 1.7 2.8 1.5
1.65 1.45 3.0 1.45
1.75 2.05 2.45 1.5
1.85 1.9 2.5 1.4
1.8 1.45 3.1 1.55
1.65 1.85 2.55 1.4
1.9 1.9 2.45 1.35
1.75 2.2 2.35 1.55
1.7 1.95 2.45 1.4
1.85 1.85 2.7 1.55
1.7 1.85 2.45 1.3
1.8 1.95 2.6 1.55
1.85 2.25 2.3 1.55
1.75 1.85 2.55 1.4
1.75 1.55 2.9 1.45
1.8 2.1 2.4 1.5
1.8 2.1 2.25 1.35
1.8 1.75 2.6 1.35
1.65 1.7 2.55 1.25
1.8 2.0 2.45 1.45
1.65 1.65 2.75 1.4
1.75 1.65 2.7 1.35
1.55 1.55 2.85 1.4
1.65 1.55 2.9 1.45
1.8 1.95 2.6 1.55
1.8 1.6 2.8 1.4
1.85 1.85 2.65 1.5
1.55 1.45 3.0 1.45
1.65 1.9 2.65 1.55
1.75 2.05 2.5 1.55
1.6 1.5 3.15 1.65
1.8 2.1 2.55 1.65
1.65 1.65 2.75 1.4
1.7 1.95 2.6 1.55
1.6 1.7 2.8 1.5
1.8 2.0 2.6 1.6
1.8 2.0 2.55 1.55
1.7 1.5 2.95 1.45
1.9 1.6 2.9 1.5
1.75 1.6 2.75 1.35
1.75 1.85 2.7 1.55
1.75 1.8 2.85 1.65
1.75 1.7 2.7 1.4
1.85 1.8 2.65 1.45
1.55 1.7 2.9 1.6
1.75 1.8 2.8 1.6
1.8 2.2 2.25 1.45
1.8 1.65 2.85 1.5
1.8 1.8 2.55 1.35
1.7 2.05 2.45 1.5
1.7 1.75 2.75 1.5
1.8 1.8 2.75 1.55
1.65 1.95 2.65 1.6
1.7 1.7 2.7 1.4
1.75 2.25 2.25 1.5
1.8 1.5 2.9 1.4
1.8 2.05 2.3 1.35
1.85 2.15 2.2 1.35
1.7 1.5 3.05 1.55
1.8 1.95 2.55 1.5
1.75 1.9 2.6 1.5
1.75 1.55 2.8 1.35
1.65 1.4 2.95 1.35
1.7 1.85 2.8 1.65
1.7 1.5 3.05 1.55
1.75 1.6 2.9 1.5
1.65 1.9 2.65 1.55
1.65 2.05 2.65 1.7
1.7 1.8 2.55 1.35
1.8 2.1 2.4 1.5
1.75 1.8 2.45 1.25
1.9 2.15 2.45 1.6
1.75 1.4 3.15 1.55
1.8 1.8 2.8 1.6
1.75 1.7 2.8 1.5
1.8 1.9 2.7 1.6
1.65 1.75 2.8 1.55
1.7 1.55 2.85 1.4
1.9 2.2 2.3 1.5
1.75 1.4 3.1 1.5
1.85 2.1 2.4 1.5
1.7 1.65 2.85 1.5
1.8 1.9 2.85 1.75
1.4 1.55 3.0 1.55
1.6 1.7 2.6 1.3
1.7 1.75 2.65 1.4
1.65 1.6 2.75 1.35
1.9 1.95 2.55 1.5
1.85 2.4 2.15 1.55
1.95 2.25 2.35 1.6
1.75 1.9 2.6 1.5
1.75 1.8 2.6 1.4
1.75 1.65 2.75 1.4
1.8 2.0 2.45 1.45
1.8 2.25 2.3 1.55
1.7 1.8 2.6 1.4
1.7 1.75 2.7 1.45
1.8 1.85 2.7 1.55
1.7 1.95 2.5 1.45
1.8 2.05 2.65 1.7
1.75 1.85 2.65 1.5
1.8 2.05 2.4 1.45
1.9 2.4 2.15 1.55
1.8 2.2 2.45 1.65
1.55 1.7 2.85 1.55
1.75 2.45 2.35 1.8
1.85 2.0 2.5 1.5
1.8 1.95 2.6 1.55
1.7 1.8 2.6 1.4
1.75 1.75 2.65 1.4
1.8 2.15 2.3 1.45
1.8 1.6 2.75 1.35
1.85 2.35 2.15 1.5
1.75 1.8 2.6 1.4
1.7 1.9 2.65 1.55
1.95 2.3 2.0 1.3
1.85 1.8 2.85 1.65
1.8 2.1 2.5 1.6
1.85 1.45 2.95 1.4
1.7 1.6 2.85 1.45
1.7 1.8 2.75 1.55
1.95 2.45 2.05 1.5
1.7 2.1 2.45 1.55
1.95 2.25 2.15 1.4
1.7 2.05 2.55 1.6
1.65 1.6 2.75 1.35
1.65 1.4 3.25 1.65
1.8 1.85 2.75 1.6
1.75 1.5 2.8 1.3
1.85 2.05 2.5 1.55
1.7 1.85 2.7 1.55
1.75 1.7 2.85 1.55
1.7 1.65 2.75 1.4
1.7 1.7 2.7 1.4
1.75 1.6 3.0 1.6
1.75 2.25 2.4 1.65
1.7 1.8 2.65 1.45
1.8 1.6 2.85 1.45
1.8 2.1 2.45 1.55
1.85 2.15 2.3 1.45
1.7 1.65 2.8 1.45
1.7 1.9 2.6 1.5
1.95 2.3 2.3 1.6
1.85 2.1 2.5 1.6
1.9 2.05 2.5 1.55
1.65 1.8 2.7 1.5
1.75 1.9 2.5 1.4
1.65 1.65 2.65 1.3
1.75 1.5 2.95 1.45
1.6 2.25 2.65 1.9
1.7 2.3 2.25 1.55
1.65 2.0 2.6 1.6
1.9 2.05 2.5 1.55
1.9 1.8 2.55 1.35
1.75 1.9 2.65 1.55
1.7 1.75 2.95 1.7
1.7 1.95 2.55 1.5
1.85 1.9 2.65 1.55
1.55 1.65 2.95 1.6
1.9 2.35 2.2 1.55
1.45 1.5 3.1 1.6
1.65 1.55 2.95 1.5
1.5 1.4 3.2 1.6
1.7 1.9 2.8 1.7
1.85 2.35 2.25 1.6
1.75 1.6 2.9 1.5
1.55 1.4 2.95 1.35
1.8 1.85 2.7 1.55
1.7 1.65 2.75 1.4
1.8 2.0 2.45 1.45
1.7 1.7 2.85 1.55
1.65 1.8 2.85 1.65
1.75 1.85 2.6 1.45
1.6 1.7 2.7 1.4
1.8 1.65 2.85 1.5
1.75 1.95 2.55 1.5
1.85 1.55 2.95 1.5
1.75 1.9 2.6 1.5
1.6 1.7 2.85 1.55
1.75 2.3 2.3 1.6
1.8 1.7 2.6 1.3
1.85 2.0 2.45 1.45
1.55 1.5 2.95 1.45
1.7 1.65 2.6 1.25
1.85 2.05 2.45 1.5
1.65 2.05 2.55 1.6
1.85 2.2 2.3 1.5
1.75 1.85 2.55 1.4
1.75 1.9 2.55 1.45
1.8 2.2 2.35 1.55
1.7 1.6 2.8 1.4
1.7 1.4 2.9 1.3
1.55 1.75 3.0 1.75
1.75 1.75 2.75 1.5
1.7 1.95 2.85 1.8
1.75 1.7 2.95 1.65
1.85 2.05 2.45 1.5
1.9 2.1 2.4 1.5
1.75 2.15 2.45 1.6
1.85 2.2 2.25 1.45
1.6 1.65 2.6 1.25
1.8 2.15 2.4 1.55
1.8 2.1 2.4 1.5
1.7 1.7 2.85 1.55
1.9 1.55 2.9 1.45
1.65 1.9 2.55 1.45
1.9 1.9 2.8 1.7
1.7 2.05 2.4 1.45
1.7 1.85 2.7 1.55
1.75 1.9 2.55 1.45
1.7 1.6 2.95 1.55
1.85 2.25 2.15 1.4
1.7 1.5 2.85 1.35
1.9 1.9 2.5 1.4
1.85 1.85 2.6 1.45
1.5 1.65 2.95 1.6
1.8 1.9 2.75 1.65
1.65 1.8 2.6 1.4
1.9 1.9 2.6 1.5
1.9 2.05 2.4 1.45
1.75 2.0 2.45 1.45
1.95 2.35 2.2 1.55
1.75 2.0 2.55 1.55
1.7 1.9 2.65 1.55
1.65 2.1 2.4 1.5
1.85 1.85 2.5 1.35
1.8 2.1 2.4 1.5
1.85 1.75 2.85 1.6
1.7 1.7 2.65 1.35
1.9 2.1 2.4 1.5
1.6 1.85 2.75 1.6
1.6 1.75 2.8 1.55
1.7 1.55 2.85 1.4
1.8 1.7 2.8 1.5
1.7 1.75 2.6 1.35
1.85 2.1 2.2 1.3
1.75 1.75 2.75 1.5
1.85 2.15 2.3 1.45
1.65 1.6 2.7 1.3
1.6 2.1 2.5 1.6
1.7 1.45 2.9 1.35
1.7 1.7 2.75 1.45
1.7 1.75 2.6 1.35
1.7 1.75 2.8 1.55
1.8 1.95 2.55 1.5
1.8 2.15 2.45 1.6
1.85 2.15 2.35 1.5
1.7 1.35 3.1 1.45
1.75 2.15 2.4 1.55
1.85 2.25 2.4 1.65
1.85 2.1 2.5 1.6
1.7 1.9 2.65 1.55
1.8 1.6 2.8 1.4
1.75 1.95 2.8 1.75
1.7 1.7 2.8 1.5
1.85 2.0 2.4 1.4
1.7 1.9 2.6 1.5
1.75 1.9 2.5 1.4
1.75 1.85 2.6 1.45
1.8 2.0 2.4 1.4
1.9 2.05 2.45 1.5
1.9 1.8 2.65 1.45
1.7 1.5 2.8 1.3
1.65 2.0 2.45 1.45
1.9 2.0 2.75 1.75
1.95 1.85 2.55 1.4
1.7 1.65 2.75 1.4
1.85 2.15 2.4 1.55
1.75 1.8 2.65 1.45
1.9 2.05 2.55 1.6
1.75 1.85 2.55 1.4
1.8 2.0 2.6 1.6
1.8 2.0 2.6 1.6
1.65 1.2 3.1 1.3
1.6 1.35 3.1 1.45
1.65 1.35 3.0 1.35
1.6 1.5 2.85 1.35
1.85 2.2 2.2 1.4
1.6 1.45 2.95 1.4
1.7 1.75 2.8 1.55
1.7 1.4 3.05 1.45
1.85 2.25 2.2 1.45
1.8 1.8 2.65 1.45
1.65 1.85 2.7 1.55
2.0 1.8 2.55 1.35
1.75 1.8 2.6 1.4
1.75 2.0 2.35 1.35
1.65 1.5 3.15 1.65
1.65 2.15 2.45 1.6
1.65 1.7 2.65 1.35
1.55 1.35 3.2 1.55
1.65 1.65 2.95 1.6
1.75 2.0 2.6 1.6
1.65 2.0 2.45 1.45
1.7 2.1 2.5 1.6
1.7 1.95 2.5 1.45
1.6 1.8 2.75 1.55
1.75 1.6 2.7 1.3
1.85 2.15 2.55 1.7
1.65 1.6 2.7 1.3
1.8 1.95 2.5 1.45
1.65 1.8 2.7 1.5
1.8 1.65 2.7 1.35
1.8 1.9 2.55 1.45
1.8 2.25 2.4 1.65
1.7 2.15 2.45 1.6
1.8 1.7 2.8 1.5
1.8 1.8 2.65 1.45
1.85 2.1 2.4 1.5
1.6 1.55 2.9 1.45
1.9 1.85 2.6 1.45
1.75 1.65 2.95 1.6
1.8 1.6 3.0 1.6
1.7 1.6 2.65 1.25
1.5 1.7 2.8 1.5
1.65 1.55 2.85 1.4
1.8 2.1 2.45 1.55
1.8 2.05 2.45 1.5
1.85 1.95 2.5 1.45
1.7 1.95 2.55 1.5
1.65 1.9 2.55 1.45
1.85 1.8 2.65 1.45
1.9 2.25 2.35 1.6
1.8 1.6 3.0 1.6
1.85 1.85 2.5 1.35
1.6 1.55 2.85 1.4
1.9 1.85 2.5 1.35
1.8 1.7 2.85 1.55
1.65 2.2 2.45 1.65
1.8 1.9 2.6 1.5
1.8 2.15 2.4 1.55
1.8 1.9 2.75 1.65
1.75 2.25 2.35 1.6
1.75 1.75 2.8 1.55
1.65 1.75 2.6 1.35
1.6 1.25 2.9 1.15
1.65 2.05 2.5 1.55
1.8 2.35 2.35 1.7
1.65 1.65 2.9 1.55
1.8 1.95 2.6 1.55
1.8 1.75 2.55 1.3
1.6 1.7 2.65 1.35
1.7 1.85 2.7 1.55
1.85 2.15 2.4 1.55
1.7 1.8 2.7 1.5
1.5 1.75 2.8 1.55
1.95 2.2 2.35 1.55
1.7 2.05 2.45 1.5
1.9 2.15 2.3 1.45
1.85 1.7 2.8 1.5
1.75 2.0 2.3 1.3
1.65 1.9 2.65 1.55
1.65 2.05 2.4 1.45
1.8 2.1 2.4 1.5
1.55 1.6 3.0 1.6
1.85 2.25 2.3 1.55
1.7 1.65 2.6 1.25
1.6 1.55 3.0 1.55
1.7 2.0 2.55 1.55
1.7 1.9 2.7 1.6
1.65 1.5 2.95 1.45
1.85 2.1 2.5 1.6
1.8 1.8 2.75 1.55
1.75 1.7 2.8 1.5
1.75 1.85 2.6 1.45
1.7 1.4 2.95 1.35
1.7 1.65 2.85 1.5
1.7 1.65 2.85 1.5
1.5 1.65 2.8 1.45
1.75 1.8 2.8 1.6
1.95 1.9 2.75 1.65
1.95 1.8 2.85 1.65
1.8 1.75 2.75 1.5
1.8 2.2 2.4 1.6
1.7 1.5 3.0 1.5
1.7 1.75 2.7 1.45
1.7 1.55 2.95 1.5
1.75 2.15 2.35 1.5
1.75 1.85 2.55 1.4
1.75 1.9 2.6 1.5
1.75 2.15 2.45 1.6
1.8 1.85 2.8 1.65
1.8 1.75 2.95 1.7
1.65 1.5 3.05 1.55
1.75 1.85 2.6 1.45
1.75 1.95 2.75 1.7
1.75 1.55 2.95 1.5
1.7 2.0 2.6 1.6
1.75 1.9 2.6 1.5
1.7 1.85 2.55 1.4
1.85 2.15 2.3 1.45
1.9 1.95 2.5 1.45
1.85 1.8 2.55 1.35
1.6 2.0 2.6 1.6
1.75 1.9 2.45 1.35
1.6 1.8 2.9 1.7
1.9 2.2 2.2 1.4
1.65 1.95 2.65 1.6
1.7 1.4 3.0 1.4
1.75 1.55 2.75 1.3
1.65 1.5 2.75 1.25
1.65 1.8 2.85 1.65
1.75 1.7 2.75 1.45
1.55 1.5 2.95 1.45
1.65 1.5 3.0 1.5
1.75 1.95 2.45 1.4
2.0 2.5 2.05 1.55
1.75 1.9 2.75 1.65
1.9 1.9 2.5 1.4
1.8 1.9 2.7 1.6
1.8 2.15 2.5 1.65
1.65 1.45 2.95 1.4
1.7 2.35 2.25 1.6
1.65 1.55 2.85 1.4
1.75 2.0 2.45 1.45
1.75 1.85 2.75 1.6
1.9 2.15 2.15 1.3
1.9 1.7 2.65 1.35
1.9 2.4 2.1 1.5
1.55 1.95 2.65 1.6
1.95 2.35 2.25 1.6
1.75 1.55 2.9 1.45
1.75 1.75 2.65 1.4
1.95 2.35 2.15 1.5
1.85 1.95 2.45 1.4
1.75 1.65 2.8 1.45
1.75 1.8 2.6 1.4
1.8 2.1 2.55 1.65
1.75 2.05 2.5 1.55
1.8 2.1 2.4 1.5
1.6 1.5 2.8 1.3
1.7 2.1 2.4 1.5
1.85 2.2 2.3 1.5
1.55 1.75 2.55 1.3
1.7 1.95 2.7 1.65
1.7 1.75 2.85 1.6
1.8 1.85 2.4 1.25
1.9 1.85 2.6 1.45
1.7 1.75 2.75 1.5
1.8 2.05 2.55 1.6
1.75 2.0 2.55 1.55
1.75 1.8 2.55 1.35
1.9 2.15 2.35 1.5
1.6 1.85 2.6 1.45
1.8 1.95 2.55 1.5
1.8 1.8 2.85 1.65
1.85 2.1 2.35 1.45
1.85 1.95 2.5 1.45
1.65 1.8 2.85 1.65
1.75 1.8 2.65 1.45
1.75 1.85 2.65 1.5
1.7 1.75 2.75 1.5
1.65 2.15 2.45 1.6
1.8 1.95 2.45 1.4
1.65 1.5 2.95 1.45
1.8 2.0 2.4 1.4
1.8 2.0 2.45 1.45
1.85 1.75 2.6 1.35
1.65 1.65 2.9 1.55
1.75 1.95 2.5 1.45
1.8 2.25 2.4 1.65
1.7 1.9 2.6 1.5
1.7 1.85 2.55 1.4
1.65 1.6 2.95 1.55
1.85 1.85 2.6 1.45
1.65 1.85 2.7 1.55
1.75 1.8 2.55 1.35
1.8 1.8 2.65 1.45
1.75 1.85 2.5 1.35
1.75 1.6 3.1 1.7
1.7 1.95 2.7 1.65
1.8 1.5 2.95 1.45
1.7 1.9 2.5 1.4
1.8 2.0 2.5 1.5
1.75 1.95 2.6 1.55
1.65 1.7 2.65 1.35
1.75 1.85 2.65 1.5
1.7 1.55 2.8 1.35
1.7 2.1 2.4 1.5
1.6 1.8 2.8 1.6
1.8 1.65 2.9 1.55
1.8 2.1 2.55 1.65
1.8 2.25 2.45 1.7
1.8 1.9 2.45 1.35
1.85 2.35 2.3 1.65
1.7 2.0 2.5 1.5
1.65 1.95 2.8 1.75
1.8 2.05 2.6 1.65
1.8 2.2 2.35 1.55
1.6 1.65 2.95 1.6
1.85 1.65 2.8 1.45
1.85 1.95 2.65 1.6
1.6 1.9 2.8 1.7
1.75 1.95 2.65 1.6
1.7 1.55 2.9 1.45
1.65 2.15 2.65 1.8
1.65 1.9 2.55 1.45
1.75 2.0 2.5 1.5
1.6 1.7 2.75 1.45
1.7 1.95 2.65 1.6
1.95 2.25 2.3 1.55
1.7 1.8 2.8 1.6
1.75 1.75 2.7 1.45
1.85 2.05 2.45 1.5
1.9 2.05 2.35 1.4
1.8 2.2 2.45 1.65
1.85 2.0 2.4 1.4
1.85 1.8 2.6 1.4
1.75 1.85 2.55 1.4
1.6 1.7 3.0 1.7
1.7 1.9 2.75 1.65
1.9 2.15 2.35 1.5
1.7 1.5 3.05 1.55
1.75 2.1 2.4 1.5
1.75 1.95 2.45 1.4
1.8 1.8 2.65 1.45
1.7 1.9 2.35 1.25
1.7 1.9 2.65 1.55
1.8 1.75 2.75 1.5
1.8 2.0 2.55 1.55
1.75 1.7 2.7 1.4
1.65 1.65 2.85 1.5
1.85 1.75 2.5 1.25
1.85 2.3 2.25 1.55
1.85 2.35 2.1 1.45
1.7 1.8 2.5 1.3
1.65 1.4 3.05 1.45
1.9 2.2 2.45 1.65
1.9 2.15 2.35 1.5
1.65 1.75 2.6 1.35
1.7 1.9 2.65 1.55
1.75 1.75 2.75 1.5
1.75 1.7 2.8 1.5
1.8 1.9 2.35 1.25
1.65 1.75 2.75 1.5
1.7 1.75 2.85 1.6
1.8 1.5 2.9 1.4
1.9 2.0 2.65 1.65
1.75 1.7 2.95 1.65
1.85 1.7 2.75 1.45
1.95 2.6 1.9 1.5
1.55 1.6 2.8 1.4
1.55 1.9 2.6 1.5
1.85 1.85 2.75 1.6
1.95 2.55 2.0 1.55
1.85 2.1 2.35 1.45
1.5 1.4 3.05 1.45
1.75 1.9 2.6 1.5
1.85 1.65 2.85 1.5
1.65 1.7 2.75 1.45
1.6 1.5 3.05 1.55
1.6 1.7 2.95 1.65
1.7 2.15 2.4 1.55
1.8 1.75 2.7 1.45
1.85 1.9 2.75 1.65
1.65 1.7 2.7 1.4
1.75 2.3 2.2 1.5
1.85 2.2 2.25 1.45
1.75 1.8 2.6 1.4
1.8 2.3 2.3 1.6
1.7 2.0 2.7 1.7
1.6 1.65 2.9 1.55
1.8 1.55 3.05 1.6
1.7 1.4 3.15 1.55
1.85 2.2 2.3 1.5
1.9 2.15 2.35 1.5
1.7 1.85 2.45 1.3
1.65 1.35 3.2 1.55
1.9 2.1 2.35 1.45
1.75 1.55 2.7 1.25
1.7 1.85 2.7 1.55
1.9 2.4 2.1 1.5
1.8 2.4 2.2 1.6
1.7 1.85 2.8 1.65
1.75 1.65 2.75 1.4
1.65 1.85 2.55 1.4
1.8 1.95 2.6 1.55
1.75 1.45 3.05 1.5
1.6 1.95 2.5 1.45
1.65 1.75 2.65 1.4
1.9 1.9 2.45 1.35
1.6 1.55 3.0 1.55
1.7 1.95 2.55 1.5
1.85 1.85 2.55 1.4
1.8 1.8 2.65 1.45
1.8 1.55 3.0 1.55
1.65 1.55 3.05 1.6
1.8 1.95 2.7 1.65
1.8 2.15 2.35 1.5
1.8 2.05 2.35 1.4
1.75 1.7 2.75 1.45
1.8 2.2 2.35 1.55
1.7 2.05 2.65 1.7
1.6 1.8 2.75 1.55
1.8 2.05 2.4 1.45
1.6 1.5 2.95 1.45
1.7 2.3 2.25 1.55
1.7 1.85 2.5 1.35
1.65 1.55 2.8 1.35
1.7 2.05 2.45 1.5
1.75 2.0 2.65 1.65
1.75 2.1 2.55 1.65
1.85 1.55 2.9 1.45
1.65 1.75 2.8 1.55
1.85 2.1 2.4 1.5
1.65 1.9 2.6 1.5
1.7 1.75 2.75 1.5
1.9 2.4 2.3 1.7
1.65 1.75 2.75 1.5
1.85 2.2 2.4 1.6
1.6 1.8 2.9 1.7
1.75 2.0 2.55 1.55
1.7 1.55 2.7 1.25
1.7 1.7 2.65 1.35
1.75 1.75 2.75 1.5
1.8 1.7 2.8 1.5
1.6 1.75 2.7 1.45
1.85 2.1 2.4 1.5
1.8 1.85 2.65 1.5
1.8 2.05 2.55 1.6
1.75 1.95 2.6 1.55
1.85 2.05 2.4 1.45
1.7 1.7 2.75 1.45
1.95 2.4 2.2 1.6
1.9 2.05 2.4 1.45
1.7 1.75 2.7 1.45
1.8 1.75 2.6 1.35
1.7 1.75 2.65 1.4
1.7 1.55 2.95 1.5
1.95 2.2 2.1 1.3
1.6 1.6 3.05 1.65
1.75 1.95 2.6 1.55
1.8 1.5 2.8 1.3
1.55 1.55 2.95 1.5
1.8 1.6 2.8 1.4
1.65 1.9 2.7 1.6
1.75 2.15 2.45 1.6
1.9 2.25 2.35 1.6
1.75 1.8 2.5 1.3
1.85 2.25 2.3 1.55
1.7 1.95 2.55 1.5
1.75 1.45 2.8 1.25
1.8 2.0 2.4 1.4
1.55 1.5 3.1 1.6
1.8 1.85 2.55 1.4
1.75 1.95 2.6 1.55
1.7 1.9 2.6 1.5
1.8 2.1 2.4 1.5
1.8 2.05 2.5 1.55
1.7 1.6 2.9 1.5
1.75 2.0 2.65 1.65
1.75 1.65 2.65 1.3
1.4 1.35 3.15 1.5
1.65 1.85 2.75 1.6
1.8 2.15 2.4 1.55
1.8 1.9 2.6 1.5
1.8 1.4 3.0 1.4
1.8 1.5 2.9 1.4
1.6 1.8 2.75 1.55
1.7 1.8 2.55 1.35
1.75 2.15 2.5 1.65
1.65 1.7 2.7 1.4
1.75 2.1 2.45 1.55
1.7 2.05 2.6 1.65
1.75 1.9 2.5 1.4
1.85 1.85 2.7 1.55
1.8 1.6 2.85 1.45
1.85 2.15 2.45 1.6
1.7 2.0 2.75 1.75
1.7 2.15 2.55 1.7
1.8 1.75 2.6 1.35
1.75 2.1 2.55 1.65
1.65 1.6 2.8 1.4
1.8 1.6 2.75 1.35
1.7 2.25 2.45 1.7
1.75 2.05 2.45 1.5
1.75 2.1 2.6 1.7
1.7 1.8 2.6 1.4
1.7 2.05 2.45 1.5
1.75 1.95 2.7 1.65
1.9 1.8 2.8 1.6
1.7 1.7 2.8 1.5
1.95 1.95 2.55 1.5
1.8 2.05 2.5 1.55
1.75 2.0 2.45 1.45
1.75 2.05 2.5 1.55
1.8 2.0 2.6 1.6
1.65 1.65 2.95 1.6
1.75 1.85 2.85 1.7
1.75 2.1 2.35 1.45
1.65 1.85 2.6 1.45
1.8 1.9 2.35 1.25
1.75 1.8 2.75 1.55
1.9 2.2 2.5 1.7
1.75 2.25 2.35 1.6
1.85 2.1 2.4 1.5
1.9 1.8 2.65 1.45
1.8 1.8 2.65 1.45
1.75 1.45 3.05 1.5
1.85 1.65 2.7 1.35
1.6 1.8 2.65 1.45
1.7 1.75 2.65 1.4
1.7 1.7 2.75 1.45
1.8 2.0 2.65 1.65
1.6 1.4 3.2 1.6
1.7 1.95 2.55 1.5
1.75 1.8 2.9 1.7
1.8 1.95 2.55 1.5
1.75 2.1 2.4 1.5
1.75 1.85 2.75 1.6
1.9 2.05 2.3 1.35
1.75 2.0 2.35 1.35
1.8 1.85 2.6 1.45
1.7 1.65 3.0 1.65
1.85 2.15 2.5 1.65
1.7 1.55 2.75 1.3
1.65 1.8 2.85 1.65
1.5 1.8 2.75 1.55
1.75 1.8 2.5 1.3
1.75 1.7 2.65 1.35
1.65 1.25 3.35 1.6
1.55 1.4 3.05 1.45
1.7 2.25 2.35 1.6
1.6 1.85 2.65 1.5
1.85 2.0 2.6 1.6
1.85 2.2 2.3 1.5
1.8 2.35 2.4 1.75
1.75 1.65 2.8 1.45
1.8 1.55 2.95 1.5
1.85 2.45 2.2 1.65
1.75 2.0 2.5 1.5
1.7 1.85 2.7 1.55
1.85 1.7 2.75 1.45
1.85 2.0 2.5 1.5
1.85 2.05 2.5 1.55
1.6 1.4 2.95 1.35
1.8 1.65 2.75 1.4
1.9 1.8 2.75 1.55
1.85 2.35 2.25 1.6
1.75 1.85 2.6 1.45
1.75 1.75 2.8 1.55
1.85 2.5 2.1 1.6
1.7 2.0 2.55 1.55
1.6 1.65 2.95 1.6
1.85 1.95 2.4 1.35
1.85 1.85 2.45 1.3
1.75 2.0 2.55 1.55
1.9 1.9 2.65 1.55
1.45 1.75 2.75 1.5
1.7 1.65 2.75 1.4
1.9 1.95 2.6 1.55
1.75 1.95 2.55 1.5
1.85 2.05 2.45 1.5
1.6 1.95 2.6 1.55
1.55 1.85 2.7 1.55
1.7 1.55 2.85 1.4
1.7 1.8 2.65 1.45
1.8 2.05 2.4 1.45
1.75 1.75 2.65 1.4
1.7 1.7 2.8 1.5
1.9 1.9 2.4 1.3
1.7 1.65 2.75 1.4
1.7 2.0 2.55 1.55
1.6 1.65 2.75 1.4
1.65 1.75 2.8 1.55
1.6 1.65 3.0 1.65
1.8 1.5 2.8 1.3
1.85 2.0 2.6 1.6
1.75 2.0 2.65 1.65
1.75 2.25 2.3 1.55
1.8 2.05 2.45 1.5
1.75 2.15 2.5 1.65
1.7 1.7 2.65 1.35
1.7 1.75 2.7 1.45
1.6 1.45 2.95 1.4
1.9 2.25 2.25 1.5
1.65 1.75 2.6 1.35
1.7 1.9 2.45 1.35
1.9 2.2 2.25 1.45
1.8 1.6 2.9 1.5
1.7 1.9 2.5 1.4
1.6 2.0 2.7 1.7
1.8 2.05 2.45 1.5
1.85 1.95 2.7 1.65
1.85 2.05 2.45 1.5
1.8 1.8 2.55 1.35
1.65 1.6 3.15 1.75
1.7 1.8 2.55 1.35
1.75 1.9 2.75 1.65
1.55 1.7 2.75 1.45
1.7 2.25 2.3 1.55
1.85 2.05 2.45 1.5
1.65 1.55 3.05 1.6
1.6 2.05 2.45 1.5
1.8 1.9 2.5 1.4
1.7 1.7 2.65 1.35
1.65 1.6 3.0 1.6
1.75 1.6 2.65 1.25
1.65 1.65 2.8 1.45
1.9 1.75 2.75 1.5
1.75 1.9 2.6 1.5
1.8 1.7 2.75 1.45
1.85 1.6 2.85 1.45
1.7 1.8 2.75 1.55
1.75 1.95 2.65 1.6
1.75 1.85 2.6 1.45
1.8 2.3 2.4 1.7
1.85 2.0 2.6 1.6
1.75 2.0 2.65 1.65
1.75 2.1 2.4 1.5
1.6 1.45 3.05 1.5
1.9 1.65 2.7 1.35
1.8 2.2 2.3 1.5
1.6 1.75 2.75 1.5
1.95 1.85 2.5 1.35
1.6 2.0 2.6 1.6
1.75 1.8 2.45 1.25
1.75 2.1 2.55 1.65
1.8 1.95 2.6 1.55
1.45 1.5 3.0 1.5
1.8 2.15 2.45 1.6
1.7 1.6 2.7 1.3
1.6 1.65 2.9 1.55
1.75 2.1 2.55 1.65
1.7 1.7 2.6 1.3
1.75 1.9 2.55 1.45
1.75 1.95 2.7 1.65
1.85 1.75 2.65 1.4
1.75 1.85 2.55 1.4
1.55 1.55 2.95 1.5
1.75 1.7 2.7 1.4
1.85 1.95 2.4 1.35
1.65 1.85 2.7 1.55
1.85 1.65 2.55 1.2
1.9 2.05 2.5 1.55
1.95 2.2 2.2 1.4
1.7 1.55 2.95 1.5
1.9 2.3 2.15 1.45
1.7 2.0 2.45 1.45
1.85 1.95 2.45 1.4
1.75 1.75 2.85 1.6
1.55 1.65 3.0 1.65
1.75 2.1 2.35 1.45
1.75 1.85 2.55 1.4
1.7 1.7 2.7 1.4
1.8 2.0 2.65 1.65
1.7 2.15 2.4 1.55
1.75 2.35 2.4 1.75
1.95 2.0 2.45 1.45
1.9 1.9 2.55 1.45
1.75 2.0 2.6 1.6
1.75 2.15 2.45 1.6
1.75 2.3 2.4 1.7
1.75 1.95 2.75 1.7
1.65 1.85 2.65 1.5
1.7 1.85 2.75 1.6
1.95 2.25 2.3 1.55
1.45 1.35 3.3 1.65
1.65 1.5 2.9 1.4
1.65 1.7 2.85 1.55
1.9 1.85 2.6 1.45
1.55 1.95 2.6 1.55
1.95 1.95 2.75 1.7
1.8 2.15 2.5 1.65
1.8 2.2 2.25 1.45
1.8 2.05 2.6 1.65
1.6 2.2 2.55 1.75
1.9 1.95 2.65 1.6
1.7 1.8 2.55 1.35
1.6 1.7 2.8 1.5
1.9 2.2 2.2 1.4
1.8 2.05 2.35 1.4
1.85 1.9 2.75 1.65
1.7 1.65 2.8 1.45
1.9 2.2 2.45 1.65
1.65 1.8 2.6 1.4
1.7 1.9 2.55 1.45
1.75 1.95 2.5 1.45
1.75 1.8 2.7 1.5
1.65 1.75 2.6 1.35
1.95 2.45 2.0 1.45
1.65 1.65 2.75 1.4
1.4 1.55 2.85 1.4
1.8 1.85 2.65 1.5
1.85 1.65 2.8 1.45
1.8 2.05 2.45 1.5
1.85 2.1 2.45 1.55
1.8 2.25 2.25 1.5
1.9 1.95 2.5 1.45
1.9 1.7 2.7 1.4
1.65 2.0 2.6 1.6
1.75 1.8 2.5 1.3
1.7 2.05 2.4 1.45
1.85 2.3 2.35 1.65
1.8 1.8 2.7 1.5
1.75 1.7 2.75 1.45
1.7 1.65 2.95 1.6
1.65 1.9 2.75 1.65
1.85 1.75 2.75 1.5
1.6 2.1 2.6 1.7
1.65 1.7 2.8 1.5
1.75 1.75 2.75 1.5
1.75 1.95 2.5 1.45
1.75 1.45 3.1 1.55
1.85 2.1 2.4 1.5
1.85 2.35 2.35 1.7
1.75 1.55 2.8 1.35
1.85 1.8 2.55 1.35
1.8 2.05 2.55 1.6
1.7 2.25 2.35 1.6
1.8 1.7 2.7 1.4
1.8 1.45 3.25 1.7
1.7 1.95 2.5 1.45
1.65 2.0 2.6 1.6
1.8 1.65 2.75 1.4
1.75 1.9 2.55 1.45
1.65 1.8 2.65 1.45
1.6 1.75 2.7 1.45
1.85 1.9 2.55 1.45
1.8 1.6 2.75 1.35
1.75 1.65 2.8 1.45
1.85 1.9 2.5 1.4
1.7 1.55 2.75 1.3
1.7 1.9 2.7 1.6
1.75 2.2 2.3 1.5
1.65 2.15 2.55 1.7
1.7 1.75 2.65 1.4
1.75 1.8 2.55 1.35
1.8 1.9 2.9 1.8
1.8 2.35 2.15 1.5
1.7 1.75 2.65 1.4
1.8 1.85 2.5 1.35
1.8 1.65 2.75 1.4
1.8 1.85 2.55 1.4
1.75 1.95 2.55 1.5
1.85 2.3 2.3 1.6
1.8 1.7 2.8 1.5
1.75 1.8 2.85 1.65
1.5 1.45 3.2 1.65
1.75 1.75 2.65 1.4
1.75 2.0 2.5 1.5
1.7 1.85 2.75 1.6
1.75 1.75 2.7 1.45
1.75 1.95 2.5 1.45
1.7 1.75 2.6 1.35
1.7 2.15 2.45 1.6
1.9 2.6 2.0 1.6
1.75 1.95 2.6 1.55
1.65 1.95 2.5 1.45
1.6 2.05 2.55 1.6
1.85 1.95 2.55 1.5
1.85 2.35 2.15 1.5
1.75 1.65 2.8 1.45
1.75 1.95 2.45 1.4
1.65 1.6 2.75 1.35
1.85 2.15 2.45 1.6
1.8 1.9 2.6 1.5
1.75 2.0 2.7 1.7
1.7 1.75 2.6 1.35
1.75 2.05 2.55 1.6
1.6 1.85 2.65 1.5
1.85 2.1 2.55 1.65
1.75 1.8 2.55 1.35
1.8 1.9 2.4 1.3
1.85 1.8 2.6 1.4
1.7 1.8 2.75 1.55
1.75 1.8 2.55 1.35
1.5 1.6 2.9 1.5
1.8 1.9 2.75 1.65
1.8 1.8 2.65 1.45
1.8 2.55 2.1 1.65
1.6 1.8 2.75 1.55
1.9 1.85 2.7 1.55
1.5 1.4 3.05 1.45
1.65 1.95 2.65 1.6
1.7 1.6 2.9 1.5
1.8 1.95 2.75 1.7
1.8 1.9 2.5 1.4
1.7 1.5 2.85 1.35
1.85 1.8 2.8 1.6
1.6 1.75 2.8 1.55
1.8 2.05 2.4 1.45
1.7 1.7 2.85 1.55
1.7 2.0 2.5 1.5
1.7 2.5 2.25 1.75
1.6 1.7 2.8 1.5
1.9 2.1 2.6 1.7
1.65 1.75 2.85 1.6
1.65 1.5 2.95 1.45
1.6 1.5 2.75 1.25
1.7 1.75 2.95 1.7
1.9 2.1 2.35 1.45
1.55 1.65 2.8 1.45
1.8 1.9 2.6 1.5
1.55 1.4 3.0 1.4
1.65 1.8 2.75 1.55
1.8 2.1 2.6 1.7
1.8 2.0 2.5 1.5
1.8 2.05 2.55 1.6
1.7 2.15 2.45 1.6
1.8 1.95 2.4 1.35
1.85 1.85 2.65 1.5
1.95 1.85 2.4 1.25
1.8 2.0 2.55 1.55
1.85 2.0 2.55 1.55
1.75 1.7 2.7 1.4
1.6 1.8 2.75 1.55
1.8 2.2 2.35 1.55
1.85 1.9 2.5 1.4
1.85 2.45 2.1 1.55
1.75 1.85 2.6 1.45
1.8 2.0 2.45 1.45
1.7 1.7 2.95 1.65
1.65 1.65 2.85 1.5
1.65 1.85 2.35 1.2
1.75 2.05 2.45 1.5
1.75 1.6 2.9 1.5
1.65 1.5 3.05 1.55
1.65 1.85 2.85 1.7
1.8 1.6 3.0 1.6
1.85 1.75 2.9 1.65
1.9 2.0 2.3 1.3
1.65 1.8 2.6 1.4
1.75 2.05 2.65 1.7
1.8 1.7 2.8 1.5
1.8 1.9 2.5 1.4
1.9 1.95 2.65 1.6
1.65 1.6 2.9 1.5
1.75 1.5 2.9 1.4
1.85 1.8 2.55 1.35
1.85 1.75 2.5 1.25
1.8 2.0 2.45 1.45
1.85 2.3 2.5 1.8
1.7 1.5 3.05 1.55
1.85 1.75 2.8 1.55
1.75 1.85 2.6 1.45
1.85 2.25 2.55 1.8
1.75 2.05 2.5 1.55
1.65 2.0 2.6 1.6
1.7 1.5 2.95 1.45
1.8 1.75 2.6 1.35
1.75 2.1 2.5 1.6
1.75 1.85 2.5 1.35
1.65 1.95 2.6 1.55
1.7 2.0 2.45 1.45
1.75 1.95 2.65 1.6
1.55 1.7 2.8 1.5
1.55 1.9 2.65 1.55
1.75 1.9 2.7 1.6
1.65 1.8 2.8 1.6
1.85 2.0 2.55 1.55
1.7 1.8 2.65 1.45
1.75 2.2 2.25 1.45
1.85 1.95 2.5 1.45
1.55 1.4 2.95 1.35
1.85 2.0 2.55 1.55
1.7 1.7 3.1 1.8
1.9 1.75 2.6 1.35
1.8 1.75 2.9 1.65
1.85 2.1 2.3 1.4
1.85 2.05 2.45 1.5
1.55 1.65 2.95 1.6
1.7 1.9 2.65 1.55
1.7 1.55 3.0 1.55
1.75 1.65 2.85 1.5
1.8 1.85 2.75 1.6
1.75 1.8 2.85 1.65
1.7 1.85 2.55 1.4
1.75 2.25 2.45 1.7
1.85 1.9 2.7 1.6
1.65 1.55 2.95 1.5
1.65 1.8 2.9 1.7
1.75 2.05 2.6 1.65
1.65 1.7 2.7 1.4
1.7 1.5 2.95 1.45
1.75 2.1 2.4 1.5
1.8 2.15 2.4 1.55
1.7 1.65 3.0 1.65
1.8 2.05 2.25 1.3
1.75 2.1 2.45 1.55
1.65 1.3 3.25 1.55
1.8 1.5 2.95 1.45
1.7 1.85 2.75 1.6
1.85 1.9 2.5 1.4
1.85 2.4 2.2 1.6
1.8 2.1 2.3 1.4
1.85 1.8 2.65 1.45
1.8 1.7 2.8 1.5
1.85 1.8 2.55 1.35
1.75 1.9 2.85 1.75
1.85 2.35 2.2 1.55
1.85 2.3 2.35 1.65
1.85 1.65 2.75 1.4
1.45 1.3 3.1 1.4
1.5 1.6 2.95 1.55
1.65 1.7 2.8 1.5
1.9 2.15 2.4 1.55
1.65 2.0 2.45 1.45
1.65 1.8 2.7 1.5
1.8 1.65 2.75 1.4
1.8 1.65 2.7 1.35
1.7 1.8 2.65 1.45
1.8 1.6 3.0 1.6
1.6 1.7 2.75 1.45
1.85 1.6 2.85 1.45
1.7 1.6 3.05 1.65
1.9 1.95 2.5 1.45
1.75 2.05 2.4 1.45
1.9 2.1 2.5 1.6
1.65 1.7 2.75 1.45
1.85 1.45 2.9 1.35
1.55 1.65 2.85 1.5
1.8 1.75 2.65 1.4
1.75 1.9 2.7 1.6
1.7 2.35 2.35 1.7
1.8 2.1 2.3 1.4
1.7 1.7 2.85 1.55
1.75 1.85 2.7 1.55
1.8 1.55 2.85 1.4
2.0 2.5 2.05 1.55
1.65 1.6 2.85 1.45
1.85 2.2 2.25 1.45
1.75 2.0 2.5 1.5
1.7 1.9 2.55 1.45
2.0 2.05 2.3 1.35
1.65 1.55 3.05 1.6
1.85 2.15 2.35 1.5
1.85 2.05 2.6 1.65
1.7 1.65 2.55 1.2
1.8 1.8 2.65 1.45
1.75 1.85 2.5 1.35
1.85 1.75 2.7 1.45
1.7 1.9 2.7 1.6
1.75 1.7 2.85 1.55
1.75 1.55 2.75 1.3
1.75 1.65 2.75 1.4
1.55 1.55 2.95 1.5
1.7 1.45 3.0 1.45
1.65 1.7 2.75 1.45
1.7 1.95 2.45 1.4
1.85 2.3 2.3 1.6
1.8 1.6 2.8 1.4
1.8 2.1 2.55 1.65
1.7 1.85 2.7 1.55
1.75 1.85 2.8 1.65
1.75 1.7 2.7 1.4
1.55 1.8 2.8 1.6
1.8 1.9 2.65 1.55
1.75 2.2 2.5 1.7
1.75 1.9 2.75 1.65
1.8 1.75 2.7 1.45
1.75 1.8 3.0 1.8
1.7 1.8 2.65 1.45
1.65 1.85 2.6 1.45
1.7 2.05 2.6 1.65
1.85 1.85 2.75 1.6
1.75 1.95 2.45 1.4
1.7 1.95 2.4 1.35
1.65 1.75 2.75 1.5
1.75 2.05 2.6 1.65
1.8 1.9 2.6 1.5
1.8 1.7 2.6 1.3
1.75 1.85 2.8 1.65
1.75 2.15 2.55 1.7
1.8 1.95 2.75 1.7
1.7 1.8 2.8 1.6
1.8 2.1 2.5 1.6
1.7 1.9 2.65 1.55
1.85 2.0 2.4 1.4
1.75 1.6 2.8 1.4
1.95 1.65 2.7 1.35
1.85 1.85 2.6 1.45
1.75 1.75 2.65 1.4
1.9 1.95 2.45 1.4
1.85 2.05 2.45 1.5
1.85 1.5 2.95 1.45
1.75 2.0 2.5 1.5
1.75 2.25 2.45 1.7
1.75 2.4 2.1 1.5
1.75 1.75 2.7 1.45
1.8 1.95 2.45 1.4
1.7 1.75 2.6 1.35
1.75 2.1 2.5 1.6
1.8 2.2 2.35 1.55
1.95 2.4 2.15 1.55
1.75 1.75 2.8 1.55
1.7 1.85 2.75 1.6
1.75 1.7 2.9 1.6
1.75 2.35 2.1 1.45
1.75 2.1 2.35 1.45
1.75 2.2 2.45 1.65
1.7 1.9 2.5 1.4
1.65 1.7 2.8 1.5
1.75 1.95 2.65 1.6
1.75 1.9 2.55 1.45
1.95 2.15 2.3 1.45
1.8 2.0 2.6 1.6
1.7 1.55 3.0 1.55
1.75 1.75 2.8 1.55
1.75 1.95 2.75 1.7
1.9 2.45 2.15 1.6
1.85 1.85 2.7 1.55
1.5 1.75 2.85 1.6
1.65 1.7 2.9 1.6
1.95 2.25 2.2 1.45
1.75 2.0 2.5 1.5
1.8 2.0 2.55 1.55
1.9 2.45 2.15 1.6
1.8 2.2 2.4 1.6
1.7 1.85 2.75 1.6
1.7 1.45 2.95 1.4
1.75 2.0 2.35 1.35
1.8 1.7 2.9 1.6
1.85 2.25 2.45 1.7
1.85 2.1 2.4 1.5
1.7 1.6 2.9 1.5
1.7 2.15 2.55 1.7
1.7 2.05 2.6 1.65
1.75 1.75 2.7 1.45
1.8 2.15 2.55 1.7
1.75 2.1 2.55 1.65
1.6 1.75 2.7 1.45
1.7 1.7 2.7 1.4
1.6 1.45 2.95 1.4
1.75 1.9 2.55 1.45
1.7 1.6 2.8 1.4
1.85 1.7 2.95 1.65
1.6 1.55 2.75 1.3
1.65 1.8 2.55 1.35
1.75 1.55 2.95 1.5
1.7 1.9 2.6 1.5
1.85 2.0 2.5 1.5
1.75 1.6 2.65 1.25
1.7 1.9 2.55 1.45
1.8 1.95 2.6 1.55
1.7 2.0 2.6 1.6
1.85 2.15 2.35 1.5
1.85 1.95 2.5 1.45
1.75 1.75 2.75 1.5
1.75 1.85 2.75 1.6
1.8 1.5 2.9 1.4
1.55 1.5 2.95 1.45
1.65 1.9 2.8 1.7
1.85 1.75 2.6 1.35
1.75 2.05 2.5 1.55
1.85 1.65 2.8 1.45
1.8 1.85 2.7 1.55
1.95 2.3 2.25 1.55
1.7 1.5 2.8 1.3
1.8 2.25 2.25 1.5
1.8 1.95 2.55 1.5
1.85 2.15 2.4 1.55
1.85 2.2 2.35 1.55
1.85 2.3 2.2 1.5
1.8 2.05 2.3 1.35
1.65 1.6 2.85 1.45
1.75 1.95 2.55 1.5
1.65 1.85 2.6 1.45
1.75 2.05 2.6 1.65
1.7 2.05 2.55 1.6
1.7 1.8 2.65 1.45
1.6 1.45 3.05 1.5
1.8 1.75 2.65 1.4
1.95 2.05 2.4 1.45
1.9 2.3 2.35 1.65
1.65 1.6 2.75 1.35
1.65 1.7 2.85 1.55
1.9 2.4 2.25 1.65
1.75 2.55 2.25 1.8
1.75 1.55 3.05 1.6
1.8 1.75 2.7 1.45
1.75 1.7 2.95 1.65
1.75 1.55 2.9 1.45
1.75 1.9 2.5 1.4
1.75 1.55 3.15 1.7
1.75 1.6 3.05 1.65
1.65 1.65 2.9 1.55
1.8 2.3 2.2 1.5
1.85 1.9 2.6 1.5
1.9 2.1 2.6 1.7
1.85 2.05 2.4 1.45
1.85 2.15 2.3 1.45
1.7 1.6 2.85 1.45
1.7 1.7 2.85 1.55
1.55 1.85 2.6 1.45
1.75 1.85 2.6 1.45
1.6 2.1 2.5 1.6
1.7 2.05 2.6 1.65
1.7 1.7 2.75 1.45
1.7 1.9 2.75 1.65
1.75 1.7 2.8 1.5
1.7 1.7 2.65 1.35
1.8 1.7 2.6 1.3
1.8 1.45 2.75 1.2
1.7 2.0 2.4 1.4
1.6 1.6 2.85 1.45
1.75 1.8 2.8 1.6
1.8 1.75 2.65 1.4
1.85 1.85 2.75 1.6
1.75 1.7 2.65 1.35
1.75 1.9 2.55 1.45
1.75 1.95 2.4 1.35
1.6 1.8 2.65 1.45
1.6 1.7 2.95 1.65
1.75 2.1 2.4 1.5
1.55 1.75 2.85 1.6
1.55 1.7 2.8 1.5
1.7 1.6 2.85 1.45
1.9 2.0 2.5 1.5
1.7 2.05 2.5 1.55
1.6 1.95 2.6 1.55
1.8 2.1 2.55 1.65
1.5 1.4 3.1 1.5
1.8 2.15 2.3 1.45
1.75 2.0 2.6 1.6
1.8 1.8 2.65 1.45
1.85 2.3 2.2 1.5
1.65 1.75 2.8 1.55
1.8 1.95 2.6 1.55
1.9 2.0 2.55 1.55
1.75 1.85 2.7 1.55
1.65 1.45 2.95 1.4
1.6 1.45 3.0 1.45
2.0 2.0 2.5 1.5
1.95 2.5 2.15 1.65
1.9 1.8 2.6 1.4
1.75 1.8 2.9 1.7
1.8 1.75 2.8 1.55
1.65 1.65 3.05 1.7
1.7 1.5 3.05 1.55
1.75 1.9 2.7 1.6
1.6 1.8 2.55 1.35
1.75 1.7 2.8 1.5
1.85 2.05 2.45 1.5
1.75 1.75 2.6 1.35
1.75 2.0 2.45 1.45
1.55 1.65 3.05 1.7
1.85 1.75 2.65 1.4
1.7 1.8 2.5 1.3
1.7 1.7 2.9 1.6
1.8 2.0 2.35 1.35
1.8 2.15 2.45 1.6
1.65 2.15 2.55 1.7
1.75 1.65 2.8 1.45
1.75 1.6 2.9 1.5
1.8 2.35 2.05 1.4
1.75 1.8 2.6 1.4
1.7 2.1 2.55 1.65
1.65 1.85 2.85 1.7
1.75 1.8 2.7 1.5
1.7 1.8 2.45 1.25
1.8 1.8 2.75 1.55
1.8 1.55 3.1 1.65
1.75 2.0 2.5 1.5
1.75 1.95 2.4 1.35
1.85 2.0 2.5 1.5
1.75 1.6 3.0 1.6
1.5 1.3 3.1 1.4
1.85 1.8 2.7 1.5
1.85 2.05 2.55 1.6
1.75 1.45 2.9 1.35
1.75 2.0 2.5 1.5
1.7 2.15 2.35 1.5
1.85 1.75 2.6 1.35
1.7 1.9 2.55 1.45
1.75 1.85 2.75 1.6
1.75 1.95 2.6 1.55
1.65 1.7 2.75 1.45
1.75 1.9 2.35 1.25
1.85 1.9 2.65 1.55
1.85 1.7 2.7 1.4
1.8 2.15 2.45 1.6
1.7 1.65 2.7 1.35
1.65 1.5 2.85 1.35
1.65 1.75 2.85 1.6
1.65 1.95 2.65 1.6
1.8 1.8 2.8 1.6
1.8 2.15 2.5 1.65
1.8 1.8 2.75 1.55
1.7 1.75 2.6 1.35
1.85 2.15 2.4 1.55
1.74913 1.87229 2.62814 1.50043
