1.76 1.86 2.62 1.48
1.82 1.9 2.58 1.48
1.64 1.8 2.68 1.48
1.8 2.0 2.64 1.64
1.86 2.06 2.42 1.48
1.8 1.64 2.86 1.5
1.72 1.92 2.62 1.54
1.7 1.64 2.86 1.5
1.82 1.98 2.56 1.54
1.74 1.78 2.66 1.44
1.78 1.86 2.64 1.5
1.78 1.86 2.78 1.64
1.68 1.9 2.58 1.48
1.72 1.96 2.48 1.44
1.84 2.0 2.62 1.62
1.78 2.04 2.44 1.48
1.72 1.7 2.78 1.48
1.64 1.54 2.82 1.36
1.76 2.02 2.6 1.62
1.6 1.74 2.8 1.54
1.76 1.9 2.54 1.44
1.78 2.02 2.54 1.56
1.76 1.84 2.64 1.48
1.72 1.78 2.68 1.46
1.74 1.7 2.74 1.44
1.76 2.0 2.6 1.6
1.8 1.74 2.66 1.4
1.64 1.78 2.74 1.52
1.64 1.74 2.84 1.58
1.84 2.14 2.38 1.52
1.6 1.5 2.9 1.4
1.7 1.82 2.78 1.6
1.74 1.94 2.64 1.58
1.76 2.02 2.52 1.54
1.72 1.78 2.72 1.5
1.6 1.72 2.8 1.52
1.64 1.6 2.94 1.54
1.68 1.8 2.54 1.34
1.68 2.12 2.38 1.5
1.74 1.62 2.78 1.4
1.62 1.9 2.66 1.56
1.72 1.7 2.86 1.56
1.74 1.66 2.78 1.44
1.72 1.64 2.84 1.48
1.76 2.06 2.42 1.48
1.7 1.82 2.8 1.62
1.8 1.98 2.64 1.62
1.72 2.0 2.58 1.58
1.82 2.26 2.28 1.54
1.6 1.76 2.8 1.56
1.86 1.98 2.58 1.56
1.74 1.74 2.68 1.42
1.76 1.86 2.6 1.46
1.72 1.98 2.56 1.54
1.8 1.96 2.58 1.54
1.7 1.82 2.7 1.52
1.86 1.92 2.5 1.42
1.72 1.64 2.9 1.54
1.82 2.1 2.44 1.54
1.84 2.04 2.5 1.54
1.68 1.82 2.7 1.52
1.7 1.7 2.74 1.44
1.78 1.6 2.8 1.4
1.7 1.78 2.72 1.5
1.74 1.88 2.58 1.46
1.82 2.28 2.38 1.66
1.8 1.9 2.68 1.58
1.7 1.74 2.76 1.5
1.76 2.06 2.46 1.52
1.76 1.94 2.6 1.54
1.8 2.16 2.4 1.56
1.76 1.88 2.56 1.44
1.84 1.92 2.62 1.54
1.76 1.82 2.72 1.54
1.8 1.9 2.54 1.44
1.8 1.86 2.6 1.46
1.68 1.8 2.72 1.52
1.76 1.86 2.58 1.44
1.78 1.86 2.58 1.44
1.74 1.76 2.66 1.42
1.7 1.76 2.7 1.46
1.74 1.68 2.74 1.42
1.64 1.62 2.86 1.48
1.7 1.66 2.92 1.58
1.72 1.94 2.5 1.44
1.78 1.9 2.58 1.48
1.76 2.02 2.48 1.5
1.74 1.86 2.56 1.42
1.74 1.84 2.72 1.56
1.72 1.82 2.7 1.52
1.7 1.76 2.72 1.48
1.68 1.82 2.62 1.44
1.72 2.0 2.48 1.48
1.7 1.78 2.72 1.5
1.78 2.16 2.4 1.56
1.7 1.84 2.74 1.58
1.8 1.96 2.54 1.5
1.82 2.12 2.44 1.56
1.74 1.92 2.62 1.54
1.82 2.1 2.4 1.5
1.76 1.92 2.64 1.56
1.58 1.76 2.76 1.52
1.8 1.9 2.64 1.54
1.74 1.92 2.62 1.54
1.58 1.96 2.7 1.66
1.7 2.02 2.56 1.58
1.74 1.8 2.66 1.46
1.72 1.98 2.56 1.54
1.82 2.0 2.58 1.58
1.8 1.94 2.54 1.48
1.84 1.98 2.5 1.48
1.7 1.76 2.68 1.44
1.8 1.86 2.58 1.44
1.72 1.54 3.0 1.54
1.8 1.88 2.68 1.56
1.82 1.94 2.5 1.44
1.78 1.94 2.62 1.56
1.66 1.52 2.98 1.5
1.82 1.86 2.72 1.58
1.64 1.68 2.88 1.56
1.74 1.76 2.66 1.42
1.76 2.08 2.4 1.48
1.74 1.78 2.76 1.54
1.82 1.82 2.6 1.42
1.74 1.94 2.54 1.48
1.72 1.88 2.68 1.56
1.74 1.88 2.76 1.64
1.76 1.92 2.56 1.48
1.86 2.2 2.4 1.6
1.78 1.74 2.76 1.5
1.82 1.96 2.48 1.44
1.76 1.84 2.7 1.54
1.78 1.78 2.7 1.48
1.8 1.76 2.66 1.42
1.74 1.86 2.66 1.52
1.78 2.02 2.58 1.6
1.74 1.86 2.7 1.56
1.72 1.84 2.62 1.46
1.72 1.72 2.72 1.44
1.74 2.0 2.6 1.6
1.66 1.72 2.76 1.48
1.76 1.98 2.58 1.56
1.62 1.6 2.82 1.42
1.84 2.06 2.48 1.54
1.66 1.7 2.9 1.6
1.64 1.7 2.86 1.56
1.74 1.84 2.6 1.44
1.86 2.06 2.5 1.56
1.74 1.9 2.56 1.46
1.72 2.0 2.56 1.56
1.72 1.9 2.58 1.48
1.74 1.88 2.54 1.42
1.7 1.84 2.68 1.52
1.68 1.42 3.08 1.5
1.62 1.78 2.68 1.46
1.86 2.12 2.36 1.48
1.58 1.9 2.72 1.62
1.7 1.76 2.68 1.44
1.86 1.92 2.58 1.5
1.84 1.82 2.74 1.56
1.8 1.62 2.84 1.46
1.74 1.84 2.76 1.6
1.76 1.8 2.72 1.52
1.76 1.9 2.58 1.48
1.76 1.88 2.58 1.46
1.68 1.88 2.64 1.52
1.76 1.88 2.62 1.5
1.76 1.82 2.7 1.52
1.8 1.78 2.8 1.58
1.8 1.92 2.66 1.58
1.82 1.78 2.7 1.48
1.62 1.9 2.72 1.62
1.72 1.8 2.74 1.54
1.78 2.12 2.44 1.56
1.82 2.04 2.48 1.52
1.78 1.84 2.68 1.52
1.74 1.94 2.48 1.42
1.78 1.78 2.56 1.34
1.68 1.84 2.62 1.46
1.84 2.06 2.36 1.42
1.78 1.94 2.56 1.5
1.78 1.9 2.58 1.48
1.78 1.94 2.56 1.5
1.64 1.84 2.6 1.44
1.76 1.9 2.5 1.4
1.7 1.88 2.64 1.52
1.78 2.08 2.48 1.56
1.7 2.0 2.5 1.5
1.84 1.98 2.64 1.62
1.78 1.94 2.68 1.62
1.64 1.8 2.7 1.5
1.78 1.7 2.78 1.48
1.64 1.66 2.9 1.56
1.86 2.04 2.42 1.46
1.8 2.0 2.56 1.56
1.66 1.88 2.78 1.66
1.76 2.12 2.46 1.58
1.74 1.68 2.8 1.48
1.72 1.78 2.66 1.44
1.84 2.1 2.54 1.64
1.84 1.94 2.58 1.52
1.7 1.98 2.68 1.66
1.82 1.82 2.7 1.52
1.8 1.86 2.6 1.46
1.8 2.32 2.18 1.5
1.88 1.74 2.72 1.46
1.82 1.78 2.62 1.4
1.78 1.96 2.52 1.48
1.84 1.8 2.68 1.48
1.76 1.72 2.68 1.4
1.82 2.14 2.4 1.54
1.86 2.1 2.4 1.5
1.76 1.84 2.64 1.48
1.72 2.08 2.62 1.7
1.78 1.86 2.62 1.48
1.66 1.64 2.78 1.42
1.72 1.8 2.68 1.48
1.78 1.84 2.54 1.38
1.78 2.22 2.36 1.58
1.78 1.78 2.82 1.6
1.58 1.7 2.92 1.62
1.78 2.0 2.58 1.58
1.78 1.94 2.58 1.52
1.58 1.9 2.66 1.56
1.72 1.92 2.6 1.52
1.72 1.58 2.82 1.4
1.74 1.7 2.74 1.44
1.74 1.84 2.62 1.46
1.72 2.08 2.54 1.62
1.74 1.8 2.64 1.44
1.76 1.82 2.62 1.44
1.64 1.7 2.8 1.5
1.82 2.0 2.46 1.46
1.7 1.56 2.86 1.42
1.88 2.06 2.44 1.5
1.76 1.94 2.56 1.5
1.72 1.82 2.7 1.52
1.74 1.86 2.74 1.6
1.78 1.8 2.6 1.4
1.68 1.78 2.68 1.46
1.68 1.96 2.48 1.44
1.8 1.88 2.68 1.56
1.8 2.02 2.52 1.54
1.74 1.78 2.68 1.46
1.74 1.96 2.6 1.56
1.74 1.92 2.56 1.48
1.66 1.88 2.62 1.5
1.72 1.74 2.7 1.44
1.78 2.22 2.4 1.62
1.72 1.78 2.78 1.56
1.7 1.88 2.56 1.44
1.68 1.72 2.78 1.5
1.86 2.16 2.32 1.48
1.74 1.76 2.66 1.42
1.78 1.78 2.78 1.56
1.78 1.9 2.6 1.5
1.62 1.86 2.62 1.48
1.64 1.54 2.94 1.48
1.7 1.88 2.52 1.4
1.64 1.6 2.92 1.52
1.74 1.86 2.66 1.52
1.72 2.14 2.46 1.6
1.64 1.54 2.9 1.44
1.8 1.6 2.8 1.4
1.74 2.04 2.5 1.54
1.8 1.94 2.46 1.4
1.78 1.98 2.38 1.36
1.78 1.76 2.7 1.46
1.78 2.08 2.36 1.44
1.9 1.96 2.5 1.46
1.76 1.98 2.5 1.48
1.76 1.98 2.54 1.52
1.84 2.14 2.44 1.58
1.84 2.0 2.5 1.5
1.82 1.72 2.78 1.5
1.76 1.9 2.62 1.52
1.82 1.98 2.46 1.44
1.7 1.82 2.62 1.44
1.72 1.92 2.62 1.54
1.76 1.76 2.74 1.5
1.58 1.48 3.1 1.58
1.78 1.84 2.6 1.44
1.74 1.56 2.98 1.54
1.8 1.98 2.5 1.48
1.66 1.74 2.76 1.5
1.62 1.82 2.68 1.5
1.7 1.82 2.74 1.56
1.66 1.6 2.86 1.46
1.78 2.0 2.6 1.6
1.74 1.78 2.8 1.58
1.78 2.06 2.56 1.62
1.74 1.94 2.68 1.62
1.68 1.68 2.76 1.44
1.74 2.0 2.54 1.54
1.68 2.08 2.48 1.56
1.64 1.56 3.04 1.6
1.72 1.92 2.64 1.56
1.8 1.86 2.7 1.56
1.74 1.86 2.66 1.52
1.88 2.02 2.42 1.44
1.76 2.04 2.42 1.46
1.72 1.72 2.78 1.5
1.66 1.48 2.98 1.46
1.78 1.88 2.58 1.46
1.7 1.86 2.68 1.54
1.68 1.98 2.56 1.54
1.54 1.5 2.92 1.42
1.78 1.56 2.84 1.4
1.68 1.68 2.8 1.48
1.74 2.02 2.56 1.58
1.82 1.76 2.66 1.42
1.68 1.94 2.56 1.5
1.8 1.9 2.62 1.52
1.76 1.74 2.7 1.44
1.78 1.88 2.54 1.42
1.82 1.9 2.68 1.58
1.78 1.86 2.54 1.4
1.72 1.72 2.8 1.52
1.82 1.64 2.76 1.4
1.78 1.98 2.54 1.52
1.72 1.84 2.62 1.46
1.64 1.74 2.74 1.48
1.68 1.88 2.64 1.52
1.7 1.9 2.54 1.44
1.66 1.98 2.54 1.52
1.76 1.92 2.6 1.52
1.84 2.04 2.46 1.5
1.74 2.0 2.6 1.6
1.74 1.9 2.6 1.5
1.76 2.06 2.54 1.6
1.84 2.2 2.26 1.46
1.74 1.88 2.58 1.46
1.72 1.98 2.68 1.66
1.76 2.16 2.38 1.54
1.78 1.94 2.56 1.5
1.84 2.1 2.32 1.42
1.76 1.78 2.66 1.44
1.74 1.7 2.82 1.52
1.72 1.82 2.56 1.38
1.8 2.08 2.52 1.6
1.68 1.8 2.76 1.56
1.78 2.04 2.6 1.64
1.74 2.08 2.48 1.56
1.74 1.66 2.74 1.4
1.76 1.9 2.62 1.52
1.76 1.76 2.72 1.48
1.8 1.96 2.6 1.56
1.88 2.1 2.42 1.52
1.76 1.86 2.66 1.52
1.8 1.98 2.46 1.44
1.66 1.68 3.04 1.72
1.72 1.84 2.64 1.48
1.74 1.76 2.66 1.42
1.8 2.0 2.42 1.42
1.72 1.64 2.82 1.46
1.74 1.86 2.58 1.44
1.82 1.74 2.6 1.34
1.68 1.88 2.66 1.54
1.68 1.56 2.88 1.44
1.72 1.8 2.56 1.36
1.74 1.78 2.72 1.5
1.86 2.04 2.54 1.58
1.8 1.86 2.64 1.5
1.64 1.88 2.68 1.56
1.88 2.04 2.48 1.52
1.7 1.76 2.72 1.48
1.72 2.0 2.6 1.6
1.86 2.2 2.4 1.6
1.7 1.88 2.68 1.56
1.76 1.8 2.66 1.46
1.74 1.92 2.56 1.48
1.78 2.08 2.48 1.56
1.84 1.84 2.48 1.32
1.82 2.18 2.34 1.52
1.74 1.9 2.58 1.48
1.7 2.04 2.56 1.6
1.66 1.54 2.94 1.48
1.86 2.14 2.32 1.46
1.72 1.76 2.78 1.54
1.74 1.82 2.74 1.56
1.78 1.82 2.62 1.44
1.7 2.08 2.6 1.68
1.76 1.84 2.7 1.54
1.8 2.08 2.5 1.58
1.74 1.94 2.58 1.52
1.68 1.74 2.76 1.5
1.68 1.66 2.78 1.44
1.76 1.82 2.68 1.5
1.7 1.76 2.78 1.54
1.8 2.08 2.42 1.5
1.62 1.74 2.84 1.58
1.76 1.94 2.54 1.48
1.74 2.1 2.46 1.56
1.78 1.7 2.74 1.44
1.78 2.18 2.28 1.46
1.78 2.0 2.44 1.44
1.7 1.84 2.76 1.6
1.66 1.78 2.72 1.5
1.86 2.16 2.36 1.52
1.76 1.74 2.54 1.28
1.84 1.82 2.68 1.5
1.72 1.92 2.66 1.58
1.64 2.0 2.66 1.66
1.7 1.76 2.74 1.5
1.8 1.58 2.98 1.56
1.72 1.78 2.72 1.5
1.7 1.68 2.86 1.54
1.8 1.92 2.62 1.54
1.72 1.68 2.78 1.46
1.84 1.92 2.5 1.42
1.8 1.84 2.72 1.56
1.76 2.04 2.6 1.64
1.66 1.88 2.48 1.36
1.74 2.02 2.48 1.5
1.6 1.8 2.72 1.52
1.72 1.82 2.68 1.5
1.78 1.98 2.58 1.56
1.72 1.94 2.64 1.58
1.72 1.76 2.6 1.36
1.66 1.76 2.58 1.34
1.72 1.78 2.6 1.38
1.72 1.66 2.76 1.42
1.76 1.78 2.78 1.56
1.74 1.82 2.68 1.5
1.64 1.6 2.84 1.44
1.78 1.84 2.7 1.54
1.82 2.04 2.42 1.46
1.74 1.88 2.48 1.36
1.68 1.78 2.64 1.42
1.76 1.92 2.58 1.5
1.76 1.66 2.88 1.54
1.72 1.68 2.84 1.52
1.88 1.72 2.84 1.56
1.78 1.84 2.78 1.62
1.64 1.76 2.8 1.56
1.64 1.72 2.78 1.5
1.76 1.66 2.66 1.32
1.78 2.02 2.62 1.64
1.74 1.82 2.64 1.46
1.74 1.84 2.68 1.52
1.76 1.76 2.72 1.48
1.78 1.96 2.52 1.48
1.86 1.82 2.48 1.3
1.68 1.98 2.54 1.52
1.8 1.76 2.68 1.44
1.72 1.74 2.88 1.62
1.78 1.96 2.6 1.56
1.82 2.0 2.54 1.54
1.76 1.94 2.66 1.6
1.68 1.96 2.5 1.46
1.78 2.16 2.42 1.58
1.84 1.8 2.54 1.34
1.84 2.0 2.42 1.42
1.84 1.98 2.58 1.56
1.6 1.96 2.56 1.52
1.68 1.74 2.84 1.58
1.76 1.9 2.58 1.48
1.8 1.9 2.44 1.34
1.68 1.96 2.6 1.56
1.8 1.76 2.7 1.46
1.66 1.76 2.78 1.54
1.76 2.02 2.42 1.44
1.78 1.98 2.5 1.48
1.82 2.08 2.34 1.42
1.8 2.0 2.52 1.52
1.74 1.46 2.94 1.4
1.72 1.7 2.66 1.36
1.66 1.96 2.54 1.5
1.7 1.7 2.78 1.48
1.86 2.1 2.46 1.56
1.76 2.02 2.58 1.6
1.76 1.96 2.58 1.54
1.76 1.96 2.64 1.6
1.66 1.68 2.78 1.46
1.8 1.88 2.66 1.54
1.78 1.98 2.5 1.48
1.7 1.68 2.68 1.36
1.68 1.74 2.72 1.46
1.68 1.82 2.82 1.64
1.76 1.92 2.6 1.52
1.68 1.78 2.66 1.44
1.68 1.78 2.64 1.42
1.7 1.7 2.64 1.34
1.8 2.04 2.5 1.54
1.74 1.86 2.64 1.5
1.72 2.08 2.54 1.62
1.68 1.8 2.64 1.44
1.66 1.9 2.68 1.58
1.74 1.92 2.48 1.4
1.68 1.74 2.72 1.46
1.64 1.84 2.68 1.52
1.66 1.7 2.78 1.48
1.74 1.86 2.62 1.48
1.74 2.0 2.56 1.56
1.82 1.86 2.5 1.36
1.76 1.9 2.62 1.52
1.78 1.9 2.64 1.54
1.74 1.92 2.54 1.46
1.74 1.76 2.66 1.42
1.64 1.5 2.98 1.48
1.82 1.88 2.48 1.36
1.68 1.86 2.68 1.54
1.8 1.96 2.6 1.56
1.88 1.9 2.54 1.44
1.76 2.06 2.46 1.52
1.66 1.72 2.86 1.58
1.76 1.8 2.68 1.48
1.8 1.92 2.58 1.5
1.82 1.86 2.66 1.52
1.78 1.8 2.7 1.5
1.78 1.98 2.56 1.54
1.64 1.7 2.9 1.6
1.76 2.06 2.5 1.56
1.76 1.9 2.62 1.52
1.84 1.86 2.66 1.52
1.86 2.1 2.48 1.58
1.74 1.78 2.72 1.5
1.8 1.68 2.72 1.4
1.8 2.32 2.32 1.64
1.74 2.02 2.46 1.48
1.82 2.04 2.46 1.5
1.76 1.78 2.68 1.46
1.66 1.7 2.92 1.62
1.7 1.78 2.62 1.4
1.78 1.94 2.68 1.62
1.72 1.96 2.62 1.58
1.84 2.02 2.52 1.54
1.8 1.96 2.6 1.56
1.68 1.62 2.82 1.44
1.82 1.96 2.46 1.42
1.68 1.64 2.82 1.46
1.76 1.82 2.58 1.4
1.74 1.9 2.62 1.52
1.72 1.78 2.64 1.42
1.82 1.92 2.6 1.52
1.72 1.86 2.64 1.5
1.76 2.1 2.44 1.54
1.78 1.8 2.66 1.46
1.7 1.72 2.82 1.54
1.74 1.86 2.7 1.56
1.62 1.88 2.68 1.56
1.68 1.64 2.84 1.48
1.58 1.72 2.92 1.64
1.72 1.78 2.72 1.5
1.78 1.98 2.72 1.7
1.86 2.24 2.26 1.5
1.74 2.14 2.46 1.6
1.86 2.28 2.28 1.56
1.8 1.86 2.58 1.44
1.74 1.92 2.64 1.56
1.82 1.94 2.62 1.56
1.76 1.78 2.72 1.5
1.78 1.98 2.52 1.5
1.78 1.9 2.54 1.44
1.68 1.74 2.74 1.48
1.8 2.1 2.34 1.44
1.64 1.98 2.62 1.6
1.78 1.84 2.66 1.5
1.78 2.1 2.48 1.58
1.78 2.1 2.34 1.44
1.78 2.0 2.64 1.64
1.7 1.62 2.82 1.44
1.78 1.86 2.6 1.46
1.68 2.04 2.48 1.52
1.6 1.76 2.68 1.44
1.7 1.78 2.68 1.46
1.76 1.72 2.88 1.6
1.7 1.8 2.62 1.42
1.8 1.9 2.6 1.5
1.64 1.78 2.7 1.48
1.72 1.76 2.7 1.46
1.74 1.88 2.68 1.56
1.74 1.94 2.54 1.48
1.86 2.02 2.6 1.62
1.7 1.74 2.82 1.56
1.72 1.82 2.7 1.52
1.78 1.76 2.7 1.46
1.76 1.92 2.48 1.4
1.76 1.96 2.56 1.52
1.78 1.84 2.76 1.6
1.78 1.8 2.72 1.52
1.76 1.66 2.86 1.52
1.76 1.84 2.58 1.42
1.84 1.9 2.54 1.44
1.7 1.82 2.7 1.52
1.62 1.64 2.88 1.52
1.7 1.88 2.72 1.6
1.76 1.76 2.74 1.5
1.7 1.8 2.82 1.62
1.86 1.86 2.66 1.52
1.8 1.86 2.62 1.48
1.74 1.78 2.86 1.64
1.78 1.9 2.58 1.48
1.68 1.8 2.78 1.58
1.78 1.76 2.74 1.5
1.8 2.0 2.6 1.6
1.5 1.62 2.84 1.46
1.76 1.86 2.56 1.42
1.7 1.84 2.56 1.4
1.64 1.68 2.84 1.52
1.86 1.68 2.86 1.54
1.7 1.92 2.62 1.54
1.76 1.96 2.44 1.4
1.72 1.78 2.72 1.5
1.88 2.02 2.42 1.44
1.74 1.84 2.58 1.42
1.76 1.96 2.72 1.68
1.74 1.82 2.72 1.54
1.66 1.78 2.66 1.44
1.9 2.12 2.38 1.5
1.7 1.84 2.64 1.48
1.82 1.94 2.56 1.5
1.74 1.68 2.72 1.4
1.7 1.74 2.74 1.48
1.72 1.84 2.7 1.54
1.88 1.92 2.46 1.38
1.72 1.98 2.58 1.56
1.7 1.84 2.76 1.6
1.82 1.98 2.56 1.54
1.76 1.74 2.84 1.58
1.86 2.16 2.34 1.5
1.78 1.76 2.74 1.5
1.76 1.74 2.76 1.5
1.82 1.8 2.7 1.5
1.74 1.72 2.72 1.44
1.7 1.86 2.68 1.54
1.74 1.88 2.62 1.5
1.78 2.1 2.48 1.58
1.64 1.64 2.9 1.54
1.86 1.76 2.7 1.46
1.82 2.0 2.54 1.54
1.7 1.68 2.78 1.46
1.76 1.98 2.58 1.56
1.72 1.76 2.74 1.5
1.82 1.96 2.52 1.48
1.84 2.06 2.48 1.54
1.78 1.74 2.68 1.42
1.6 1.54 2.92 1.46
1.68 1.84 2.7 1.54
1.78 1.8 2.6 1.4
1.7 1.7 2.72 1.42
1.74 1.84 2.62 1.46
1.78 2.02 2.44 1.46
1.68 1.78 2.58 1.36
1.64 1.78 2.72 1.5
1.72 1.72 2.76 1.48
1.74 2.02 2.36 1.38
1.72 1.66 2.86 1.52
1.58 1.6 2.86 1.46
1.64 1.74 2.76 1.5
1.7 1.82 2.68 1.5
1.8 2.1 2.5 1.6
1.8 1.78 2.7 1.48
1.72 1.68 2.64 1.32
1.76 2.06 2.48 1.54
1.74 1.76 2.7 1.46
1.76 2.0 2.58 1.58
1.7 1.68 2.72 1.4
1.84 2.0 2.54 1.54
1.76 1.96 2.56 1.52
1.68 1.88 2.6 1.48
1.74 1.9 2.66 1.56
1.84 2.08 2.38 1.46
1.8 1.7 2.78 1.48
1.76 1.9 2.54 1.44
1.72 1.76 2.8 1.56
1.78 1.9 2.56 1.46
1.7 1.9 2.6 1.5
1.74 1.76 2.72 1.48
1.74 2.26 2.32 1.58
1.72 1.98 2.56 1.54
1.7 1.9 2.48 1.38
1.72 1.82 2.7 1.52
1.7 1.84 2.72 1.56
1.8 1.96 2.6 1.56
1.74 1.84 2.66 1.5
1.72 1.92 2.56 1.48
1.8 1.68 2.66 1.34
1.74 1.96 2.54 1.5
1.82 1.96 2.46 1.42
1.8 1.96 2.52 1.48
1.78 1.94 2.64 1.58
1.74 2.04 2.42 1.46
1.6 1.9 2.66 1.56
1.84 1.96 2.66 1.62
1.74 1.7 2.66 1.36
1.72 1.8 2.6 1.4
1.68 1.8 2.74 1.54
1.82 1.86 2.58 1.44
1.8 1.8 2.76 1.56
1.68 1.96 2.52 1.48
1.78 1.64 2.88 1.52
1.76 1.88 2.64 1.52
1.68 1.78 2.74 1.52
1.82 1.86 2.7 1.56
1.84 2.14 2.46 1.6
1.86 1.84 2.7 1.54
1.7 1.78 2.82 1.6
1.76 1.7 2.82 1.52
1.86 1.9 2.54 1.44
1.74 2.16 2.42 1.58
1.74 1.9 2.54 1.44
1.7 1.88 2.6 1.48
1.9 2.16 2.34 1.5
1.74 1.9 2.6 1.5
1.68 1.8 2.72 1.52
1.74 1.8 2.66 1.46
1.82 1.98 2.46 1.44
1.72 1.76 2.76 1.52
1.68 1.94 2.6 1.54
1.8 1.74 2.62 1.36
1.72 1.8 2.66 1.46
1.72 1.66 2.74 1.4
1.74 2.0 2.52 1.52
1.76 1.88 2.74 1.62
1.74 1.82 2.54 1.36
1.78 1.84 2.66 1.5
1.74 1.78 2.8 1.58
1.86 1.86 2.64 1.5
1.8 2.08 2.54 1.62
1.7 1.78 2.68 1.46
1.68 1.68 2.74 1.42
1.76 1.88 2.66 1.54
1.68 1.72 2.68 1.4
1.8 2.0 2.48 1.48
1.78 1.8 2.6 1.4
1.9 2.16 2.26 1.42
1.82 2.06 2.4 1.46
1.72 2.04 2.4 1.44
1.82 2.04 2.48 1.52
1.64 1.66 2.86 1.52
1.82 2.02 2.5 1.52
1.74 1.84 2.68 1.52
1.84 1.88 2.64 1.52
1.78 1.94 2.58 1.52
1.72 2.04 2.48 1.52
1.68 1.78 2.68 1.46
1.64 1.68 2.76 1.44
1.76 1.68 2.84 1.52
1.8 1.68 2.7 1.38
1.84 1.94 2.66 1.6
1.84 1.94 2.48 1.42
1.82 1.94 2.54 1.48
1.72 1.82 2.52 1.34
1.7 1.82 2.84 1.66
1.7 2.14 2.46 1.6
1.72 1.98 2.58 1.56
1.7 1.86 2.68 1.54
1.78 1.76 2.58 1.34
1.76 1.92 2.7 1.62
1.8 1.94 2.4 1.34
1.74 1.8 2.62 1.42
1.76 1.92 2.6 1.52
1.76 1.82 2.68 1.5
1.68 1.6 2.84 1.44
1.82 2.14 2.36 1.5
1.76 1.96 2.52 1.48
1.72 1.74 2.74 1.48
1.72 1.88 2.62 1.5
1.76 1.9 2.62 1.52
1.86 1.88 2.5 1.38
1.7 1.66 2.86 1.52
1.64 1.74 2.76 1.5
1.72 1.76 2.74 1.5
1.78 1.88 2.6 1.48
1.86 2.06 2.42 1.48
1.84 2.06 2.54 1.6
1.66 1.6 2.84 1.44
1.58 1.62 2.84 1.46
1.74 1.9 2.64 1.54
1.72 1.68 2.7 1.38
1.8 2.04 2.46 1.5
1.78 2.04 2.4 1.44
1.7 1.74 2.72 1.46
1.76 1.84 2.62 1.46
1.84 1.78 2.6 1.38
1.76 2.24 2.38 1.62
1.76 2.0 2.52 1.52
1.8 1.88 2.68 1.56
1.72 1.76 2.68 1.44
1.78 2.08 2.44 1.52
1.74 1.78 2.74 1.52
1.74 1.9 2.56 1.46
1.78 2.04 2.48 1.52
1.68 1.88 2.68 1.56
1.72 2.02 2.56 1.58
1.8 1.82 2.78 1.6
1.74 1.96 2.5 1.46
1.72 1.9 2.68 1.58
1.7 1.9 2.62 1.52
1.7 1.92 2.58 1.5
1.72 1.7 2.76 1.46
1.78 2.08 2.4 1.48
1.68 1.72 2.72 1.44
1.76 1.76 2.8 1.56
1.76 1.82 2.66 1.48
1.8 1.94 2.56 1.5
1.86 2.02 2.48 1.5
1.82 1.9 2.7 1.6
1.8 2.04 2.42 1.46
1.7 1.92 2.6 1.52
1.88 2.04 2.46 1.5
1.8 1.96 2.58 1.54
1.74 1.96 2.5 1.46
1.74 1.94 2.6 1.54
1.76 1.72 2.62 1.34
1.7 1.72 2.86 1.58
1.76 1.8 2.62 1.42
1.74 1.82 2.66 1.48
1.66 1.8 2.66 1.46
1.74 1.72 2.84 1.56
1.74 1.84 2.7 1.54
1.66 1.6 2.74 1.34
1.66 1.82 2.72 1.54
1.72 1.8 2.64 1.44
1.84 1.96 2.6 1.56
1.76 1.84 2.76 1.6
1.78 1.9 2.62 1.52
1.74 1.74 2.74 1.48
1.66 1.68 2.8 1.48
1.7 1.78 2.64 1.42
1.66 1.7 2.8 1.5
1.8 2.12 2.42 1.54
1.72 1.8 2.78 1.58
1.72 1.92 2.52 1.44
1.86 1.94 2.48 1.42
1.74 1.96 2.54 1.5
1.78 1.84 2.6 1.44
1.72 1.94 2.58 1.52
1.76 1.84 2.62 1.46
1.84 2.12 2.32 1.44
1.8 1.8 2.64 1.44
1.68 1.72 2.68 1.4
1.72 1.7 2.72 1.42
1.7 1.74 2.68 1.42
1.84 2.02 2.44 1.46
1.66 1.72 2.64 1.36
1.74 1.72 2.72 1.44
1.84 2.12 2.5 1.62
1.76 1.92 2.62 1.54
1.64 1.78 2.72 1.5
1.72 2.0 2.5 1.5
1.62 1.64 2.8 1.44
1.8 1.88 2.7 1.58
1.76 1.96 2.62 1.58
1.74 1.88 2.5 1.38
1.82 1.92 2.58 1.5
1.8 1.84 2.46 1.3
1.72 1.92 2.64 1.56
1.84 1.86 2.62 1.48
1.78 2.1 2.34 1.44
1.74 2.04 2.64 1.68
1.74 1.86 2.6 1.46
1.66 1.72 2.68 1.4
1.74 1.68 2.68 1.36
1.82 1.82 2.5 1.32
1.8 1.96 2.54 1.5
1.66 1.64 2.76 1.4
1.72 1.88 2.48 1.36
1.74 1.78 2.76 1.54
1.7 1.9 2.52 1.42
1.68 1.72 2.72 1.44
1.76 1.9 2.7 1.6
1.78 1.84 2.56 1.4
1.64 1.46 3.04 1.5
1.68 1.9 2.74 1.64
1.76 1.68 2.82 1.5
1.76 1.96 2.6 1.56
1.74 1.94 2.54 1.48
1.74 1.78 2.7 1.48
1.78 1.94 2.56 1.5
1.64 1.5 2.92 1.42
1.74 1.86 2.66 1.52
1.8 1.86 2.54 1.4
1.76 2.1 2.4 1.5
1.8 2.04 2.58 1.62
1.86 2.36 2.34 1.7
1.8 1.86 2.56 1.42
1.82 1.98 2.52 1.5
1.76 1.9 2.62 1.52
1.74 1.76 2.78 1.54
1.82 1.94 2.52 1.46
1.68 1.96 2.58 1.54
1.9 2.18 2.4 1.58
1.82 1.8 2.6 1.4
1.76 1.8 2.7 1.5
1.72 1.66 2.7 1.36
1.68 1.82 2.6 1.42
1.74 1.76 2.7 1.46
1.82 2.0 2.56 1.56
1.58 1.62 2.94 1.56
1.8 1.78 2.68 1.46
1.76 1.9 2.68 1.58
1.8 2.04 2.44 1.48
1.72 1.9 2.62 1.52
1.76 1.7 2.72 1.42
1.74 1.8 2.64 1.44
1.74 1.98 2.54 1.52
1.7 1.72 2.74 1.46
1.76 1.82 2.72 1.54
1.72 2.24 2.42 1.66
1.8 1.84 2.7 1.54
1.62 1.88 2.66 1.54
1.72 1.84 2.82 1.66
1.8 2.02 2.6 1.62
1.82 1.86 2.68 1.54
1.8 1.82 2.64 1.46
1.64 1.94 2.58 1.52
1.68 1.7 2.76 1.46
1.78 1.62 2.76 1.38
1.8 2.12 2.36 1.48
1.72 1.74 2.72 1.46
1.76 1.9 2.66 1.56
1.76 1.72 2.9 1.62
1.8 1.86 2.66 1.52
1.78 1.88 2.58 1.46
1.86 1.98 2.46 1.44
1.64 1.84 2.86 1.7
1.82 2.04 2.5 1.54
1.66 1.88 2.8 1.68
1.82 2.14 2.46 1.6
1.78 1.84 2.72 1.56
1.72 1.68 2.74 1.42
1.66 1.7 2.74 1.44
1.84 2.04 2.4 1.44
1.74 1.92 2.66 1.58
1.7 1.82 2.68 1.5
1.64 1.78 2.66 1.44
1.82 1.88 2.46 1.34
1.74 1.92 2.5 1.42
1.78 1.76 2.64 1.4
1.76 1.78 2.74 1.52
1.78 1.94 2.64 1.58
1.78 1.98 2.46 1.44
1.78 1.98 2.6 1.58
1.84 1.98 2.58 1.56
1.74 2.12 2.46 1.58
1.8 1.88 2.56 1.44
1.78 2.16 2.4 1.56
1.78 1.84 2.56 1.4
1.76 1.7 2.72 1.42
1.72 1.94 2.6 1.54
1.8 1.84 2.62 1.46
1.7 1.92 2.6 1.52
1.66 1.88 2.66 1.54
1.7 1.82 2.68 1.5
1.76 1.9 2.66 1.56
1.66 1.7 2.74 1.44
1.68 1.88 2.62 1.5
1.8 2.04 2.52 1.56
1.8 1.94 2.58 1.52
1.68 1.68 2.78 1.46
1.68 1.82 2.72 1.54
1.64 1.76 2.76 1.52
1.74 1.74 2.74 1.48
1.74 1.94 2.66 1.6
1.68 2.02 2.62 1.64
1.58 1.58 2.86 1.44
1.8 1.9 2.64 1.54
1.8 2.0 2.44 1.44
1.78 1.52 2.88 1.4
1.7 1.88 2.56 1.44
1.7 1.86 2.58 1.44
1.74 1.78 2.64 1.42
1.74 1.78 2.72 1.5
1.82 1.84 2.68 1.52
1.7 1.94 2.62 1.56
1.8 2.06 2.46 1.52
1.8 1.92 2.58 1.5
1.72 1.78 2.78 1.56
1.7 1.7 2.74 1.44
1.74 1.74 2.62 1.36
1.72 1.92 2.62 1.54
1.76 2.18 2.42 1.6
1.78 1.98 2.54 1.52
1.88 2.04 2.46 1.5
1.72 1.7 2.76 1.46
1.72 1.86 2.62 1.48
1.74 1.76 2.7 1.46
1.72 1.52 2.92 1.44
1.84 1.96 2.5 1.46
1.64 1.74 2.78 1.52
1.72 1.9 2.58 1.48
1.7 1.76 2.74 1.5
1.68 1.98 2.52 1.5
1.7 1.92 2.74 1.66
1.78 2.04 2.48 1.52
1.8 1.76 2.56 1.32
1.84 1.86 2.6 1.46
1.68 1.78 2.62 1.4
1.78 1.78 2.62 1.4
1.8 1.88 2.48 1.36
1.74 1.74 2.78 1.52
1.74 2.0 2.46 1.46
1.74 1.96 2.68 1.64
1.78 1.92 2.52 1.44
1.8 2.08 2.46 1.54
1.78 1.88 2.64 1.52
1.78 1.86 2.6 1.46
1.78 1.92 2.62 1.54
1.76 2.04 2.4 1.44
1.88 2.18 2.3 1.48
1.66 1.66 2.9 1.56
1.8 1.94 2.56 1.5
1.78 1.94 2.6 1.54
1.94 2.08 2.48 1.56
1.7 1.82 2.68 1.5
1.84 1.86 2.62 1.48
1.76 1.96 2.62 1.58
1.72 1.66 2.8 1.46
1.78 1.64 2.72 1.36
1.72 1.72 2.66 1.38
1.68 1.74 2.68 1.42
1.72 1.86 2.58 1.44
1.74 1.96 2.52 1.48
1.82 2.1 2.4 1.5
1.74 1.86 2.64 1.5
1.8 2.14 2.32 1.46
1.78 1.94 2.5 1.44
1.86 1.92 2.68 1.6
1.82 2.08 2.46 1.54
1.74 1.66 2.76 1.42
1.74 2.04 2.48 1.52
1.8 2.04 2.4 1.44
1.7 1.72 2.72 1.44
1.68 1.7 2.84 1.54
1.68 1.84 2.58 1.42
1.78 1.94 2.68 1.62
1.7 1.86 2.6 1.46
1.78 1.82 2.66 1.48
1.74 2.04 2.46 1.5
1.78 1.88 2.6 1.48
1.74 1.64 2.76 1.4
1.78 1.86 2.72 1.58
1.72 1.98 2.48 1.46
1.82 2.08 2.48 1.56
1.74 1.92 2.64 1.56
1.86 2.02 2.48 1.5
1.74 1.88 2.54 1.42
1.8 2.22 2.3 1.52
1.8 2.1 2.5 1.6
1.8 1.9 2.6 1.5
1.78 1.84 2.56 1.4
1.72 1.7 2.76 1.46
1.8 2.06 2.44 1.5
1.82 1.84 2.68 1.52
1.74 1.84 2.66 1.5
1.76 1.86 2.48 1.34
1.72 1.8 2.68 1.48
1.68 1.74 2.74 1.48
1.82 1.88 2.6 1.48
1.64 1.86 2.72 1.58
1.76 1.9 2.68 1.58
1.74 1.74 2.78 1.52
1.78 1.94 2.46 1.4
1.74 2.1 2.4 1.5
1.7 1.9 2.58 1.48
1.68 2.02 2.52 1.54
1.74 1.66 2.86 1.52
1.86 1.88 2.6 1.48
1.66 1.84 2.68 1.52
1.64 1.82 2.62 1.44
1.74 1.5 2.88 1.38
1.8 1.86 2.74 1.6
1.74 2.1 2.58 1.68
1.76 1.84 2.7 1.54
1.8 2.08 2.36 1.44
1.86 2.18 2.36 1.54
1.76 2.14 2.46 1.6
1.66 2.06 2.48 1.54
1.76 1.72 2.72 1.44
1.66 1.58 2.98 1.56
1.82 2.06 2.48 1.54
1.74 1.9 2.64 1.54
1.8 1.98 2.48 1.46
1.84 2.08 2.32 1.4
1.82 1.8 2.68 1.48
1.66 1.8 2.78 1.58
1.7 1.74 2.78 1.52
1.88 1.98 2.52 1.5
1.78 2.16 2.5 1.66
1.7 2.2 2.28 1.48
1.76 1.92 2.48 1.4
1.86 1.98 2.42 1.4
1.86 2.3 2.34 1.64
1.7 2.06 2.48 1.54
1.68 1.94 2.54 1.48
1.78 2.12 2.34 1.46
1.84 1.82 2.68 1.5
1.76 1.82 2.7 1.52
1.74 1.78 2.6 1.38
1.76 2.16 2.44 1.6
1.84 2.22 2.4 1.62
1.78 1.62 2.82 1.44
1.8 1.8 2.7 1.5
1.8 1.88 2.66 1.54
1.74 1.64 2.9 1.54
1.76 1.84 2.56 1.4
1.76 1.98 2.5 1.48
1.78 1.7 2.72 1.42
1.66 1.62 2.84 1.46
1.74 1.76 2.64 1.4
1.82 2.12 2.44 1.56
1.7 2.04 2.52 1.56
1.68 1.78 2.74 1.52
1.7 2.08 2.42 1.5
1.8 1.8 2.66 1.46
1.8 2.16 2.28 1.44
1.86 1.96 2.52 1.48
1.76 1.88 2.6 1.48
1.7 1.86 2.7 1.56
1.72 1.72 2.78 1.5
1.74 1.88 2.68 1.56
1.74 1.68 2.76 1.44
1.84 2.26 2.26 1.52
1.74 1.9 2.58 1.48
1.66 1.94 2.54 1.48
1.8 1.92 2.64 1.56
1.76 1.84 2.7 1.54
1.66 1.88 2.64 1.52
1.78 2.12 2.42 1.54
1.78 1.9 2.62 1.52
1.88 2.2 2.32 1.52
1.84 1.98 2.46 1.44
1.72 1.82 2.64 1.46
1.74 1.9 2.5 1.4
1.76 1.78 2.66 1.44
1.66 1.7 2.76 1.46
1.78 1.94 2.6 1.54
1.64 1.72 2.68 1.4
1.76 1.98 2.52 1.5
1.62 1.8 2.74 1.54
1.72 1.76 2.62 1.38
1.7 1.88 2.68 1.56
1.78 1.88 2.56 1.44
1.8 1.92 2.58 1.5
1.74 1.9 2.62 1.52
1.7 1.8 2.66 1.46
1.68 1.58 2.84 1.42
1.78 1.58 2.84 1.42
1.66 1.86 2.72 1.58
1.8 1.98 2.68 1.66
1.58 1.64 2.72 1.36
1.54 1.68 2.84 1.52
1.78 2.06 2.52 1.58
1.84 2.22 2.36 1.58
1.72 2.04 2.44 1.48
1.82 2.0 2.54 1.54
1.74 2.02 2.52 1.54
1.76 1.92 2.62 1.54
1.76 1.68 2.7 1.38
1.8 2.02 2.42 1.44
1.7 1.78 2.66 1.44
1.64 1.8 2.72 1.52
1.62 1.76 2.64 1.4
1.84 2.16 2.5 1.66
1.72 1.62 2.76 1.38
1.86 2.16 2.36 1.52
1.7 2.04 2.46 1.5
1.76 1.98 2.6 1.58
1.84 1.82 2.58 1.4
1.82 1.84 2.62 1.46
1.74 1.88 2.62 1.5
1.76 1.78 2.66 1.44
1.76 1.92 2.66 1.58
1.78 2.06 2.44 1.5
1.74 2.0 2.5 1.5
1.76 1.84 2.66 1.5
1.84 1.92 2.56 1.48
1.8 1.98 2.48 1.46
1.78 1.88 2.56 1.44
1.72 1.94 2.56 1.5
1.72 2.0 2.54 1.54
1.76 1.98 2.54 1.52
1.82 1.94 2.56 1.5
1.82 2.0 2.48 1.48
1.82 1.86 2.56 1.42
1.76 1.74 2.76 1.5
1.66 1.76 2.74 1.5
1.76 1.6 2.86 1.46
1.72 1.82 2.56 1.38
1.78 1.82 2.62 1.44
1.74 1.92 2.62 1.54
1.88 2.1 2.42 1.52
1.76 1.9 2.56 1.46
1.76 1.9 2.58 1.48
1.72 1.78 2.64 1.42
1.78 2.1 2.42 1.52
1.72 1.88 2.58 1.46
1.78 1.96 2.46 1.42
1.82 1.84 2.6 1.44
1.7 2.02 2.48 1.5
1.62 1.76 2.8 1.56
1.74 2.38 2.14 1.52
1.68 1.82 2.68 1.5
1.74 2.06 2.58 1.64
1.68 1.58 2.84 1.42
1.76 1.98 2.48 1.46
1.72 1.84 2.66 1.5
1.82 2.1 2.44 1.54
1.68 2.02 2.52 1.54
1.74 1.88 2.84 1.72
1.64 2.0 2.54 1.54
1.8 1.84 2.6 1.44
1.8 2.04 2.44 1.48
1.6 1.72 2.78 1.5
1.64 1.62 2.86 1.48
1.78 2.02 2.54 1.56
1.7 2.04 2.38 1.42
1.72 1.96 2.62 1.58
1.88 2.12 2.56 1.68
1.78 2.12 2.48 1.6
1.84 1.94 2.52 1.46
1.76 1.78 2.62 1.4
1.76 1.72 2.78 1.5
1.6 1.72 2.8 1.52
1.8 1.86 2.64 1.5
1.82 1.8 2.56 1.36
1.74 2.04 2.6 1.64
1.7 1.74 2.8 1.54
1.7 1.68 2.78 1.46
1.74 1.74 2.66 1.4
1.8 2.1 2.38 1.48
1.62 1.76 2.74 1.5
1.7 1.82 2.86 1.68
1.68 1.88 2.62 1.5
1.72 2.0 2.64 1.64
1.72 1.86 2.58 1.44
1.7 1.88 2.58 1.46
1.76 1.86 2.62 1.48
1.84 1.86 2.48 1.34
1.74 1.9 2.58 1.48
1.74 1.98 2.58 1.56
1.8 1.82 2.7 1.52
1.68 1.5 2.94 1.44
1.76 1.86 2.68 1.54
1.78 1.98 2.54 1.52
1.6 1.64 2.76 1.4
1.66 1.86 2.64 1.5
1.7 1.7 2.78 1.48
1.72 1.74 2.76 1.5
1.72 1.9 2.54 1.44
1.9 2.18 2.34 1.52
1.78 1.88 2.62 1.5
1.74 1.74 2.68 1.42
1.74 2.0 2.6 1.6
1.74 1.8 2.68 1.48
1.7 1.74 2.8 1.54
1.86 2.04 2.38 1.42
1.7 1.8 2.66 1.46
1.7 1.82 2.6 1.42
1.76 1.92 2.54 1.46
1.82 2.02 2.56 1.58
1.84 1.84 2.66 1.5
1.74 1.88 2.66 1.54
1.78 1.74 2.64 1.38
1.78 2.0 2.46 1.46
1.74 1.94 2.58 1.52
1.66 2.1 2.52 1.62
1.74 1.84 2.56 1.4
1.76 1.88 2.62 1.5
1.8 2.18 2.24 1.42
1.6 1.74 2.82 1.56
1.7 1.84 2.72 1.56
1.72 2.04 2.52 1.56
1.8 1.7 2.82 1.52
1.7 1.86 2.8 1.66
1.7 1.74 2.82 1.56
1.62 1.74 2.78 1.52
1.8 1.8 2.7 1.5
1.68 1.88 2.76 1.64
1.72 1.78 2.68 1.46
1.76 1.98 2.44 1.42
1.76 1.92 2.58 1.5
1.76 1.92 2.54 1.46
1.82 1.92 2.58 1.5
1.82 2.14 2.32 1.46
1.84 2.1 2.44 1.54
1.66 1.7 2.76 1.46
1.72 1.82 2.78 1.6
1.62 1.54 2.82 1.36
1.74 2.06 2.42 1.48
1.6 1.66 2.94 1.6
1.74 1.86 2.58 1.44
1.68 2.06 2.48 1.54
1.7 1.96 2.62 1.58
1.76 2.04 2.46 1.5
1.76 2.1 2.4 1.5
1.72 1.76 2.7 1.46
1.64 1.72 2.86 1.58
1.78 1.98 2.48 1.46
1.8 2.14 2.34 1.48
1.72 1.9 2.54 1.44
1.74 1.82 2.72 1.54
1.8 1.86 2.64 1.5
1.86 2.2 2.34 1.54
1.74 1.74 2.72 1.46
1.74 1.82 2.62 1.44
1.68 1.72 2.84 1.56
1.66 1.74 2.74 1.48
1.76 1.9 2.62 1.52
1.62 1.74 2.72 1.46
1.7 1.94 2.64 1.58
1.72 1.68 2.76 1.44
1.72 2.08 2.5 1.58
1.64 1.58 2.9 1.48
1.78 1.9 2.62 1.52
1.78 1.86 2.7 1.56
1.7 1.72 2.78 1.5
1.72 1.72 2.74 1.46
1.76 1.8 2.8 1.6
1.74 1.9 2.6 1.5
1.76 1.72 2.8 1.52
1.78 1.94 2.5 1.44
1.6 1.8 2.68 1.48
1.76 1.86 2.56 1.42
1.68 2.0 2.66 1.66
1.7 1.66 2.88 1.54
1.74 1.8 2.64 1.44
1.78 1.78 2.74 1.52
1.72 1.54 2.9 1.44
1.82 2.02 2.48 1.5
1.64 1.8 2.68 1.48
1.74 1.66 2.78 1.44
1.7 1.94 2.56 1.5
1.74 1.96 2.54 1.5
1.74 1.96 2.54 1.5
1.72 1.86 2.62 1.48
1.62 1.58 3.0 1.58
1.78 1.82 2.64 1.46
1.7 1.7 2.78 1.48
1.7 1.9 2.58 1.48
1.78 1.98 2.46 1.44
1.78 1.76 2.72 1.48
1.66 1.74 2.76 1.5
1.78 2.14 2.4 1.54
1.72 1.58 2.92 1.5
1.68 1.76 2.68 1.44
1.7 1.8 2.72 1.52
1.78 2.02 2.4 1.42
1.78 1.8 2.76 1.56
1.76 1.92 2.6 1.52
1.8 1.66 2.8 1.46
1.78 2.14 2.4 1.54
1.74 1.76 2.62 1.38
1.62 1.92 2.62 1.54
1.72 1.9 2.64 1.54
1.7 1.76 2.7 1.46
1.74 1.8 2.58 1.38
1.7 2.26 2.4 1.66
1.78 1.96 2.58 1.54
1.76 2.18 2.42 1.6
1.72 1.86 2.62 1.48
1.72 1.76 2.74 1.5
1.78 1.82 2.78 1.6
1.7 1.8 2.62 1.42
1.72 2.1 2.5 1.6
1.64 1.76 2.72 1.48
1.74 1.68 2.64 1.32
1.76 2.0 2.58 1.58
1.74 2.02 2.5 1.52
1.76 1.76 2.72 1.48
1.76 1.96 2.6 1.56
1.64 1.58 2.96 1.54
1.82 2.02 2.54 1.56
1.82 2.24 2.28 1.52
1.74 1.9 2.54 1.44
1.68 1.62 2.82 1.44
1.76 2.16 2.36 1.52
1.72 1.82 2.74 1.56
1.8 1.7 2.72 1.42
1.82 1.9 2.54 1.44
1.8 1.86 2.56 1.42
1.84 2.12 2.34 1.46
1.82 1.88 2.66 1.54
1.76 1.86 2.48 1.34
1.64 1.58 2.84 1.42
1.72 1.88 2.64 1.52
1.78 2.02 2.48 1.5
1.74 1.7 2.74 1.44
1.72 1.64 2.8 1.44
1.64 1.76 2.68 1.44
1.7 1.66 2.86 1.52
1.84 2.12 2.36 1.48
1.78 2.32 2.28 1.6
1.72 1.94 2.62 1.56
1.76 1.9 2.54 1.44
1.7 2.1 2.46 1.56
1.66 1.88 2.7 1.58
1.8 2.18 2.34 1.52
1.62 1.64 2.74 1.38
1.78 1.84 2.56 1.4
1.72 2.06 2.42 1.48
1.8 2.0 2.54 1.54
1.72 1.82 2.7 1.52
1.76 1.88 2.64 1.52
1.7 1.94 2.44 1.38
1.8 2.02 2.44 1.46
1.74 1.78 2.62 1.4
1.8 1.86 2.66 1.52
1.74 1.64 2.94 1.58
1.86 1.94 2.6 1.54
1.68 1.98 2.64 1.62
1.54 1.78 2.74 1.52
1.62 1.56 2.9 1.46
1.82 2.1 2.32 1.42
1.68 1.9 2.56 1.46
1.7 1.86 2.68 1.54
1.62 1.86 2.66 1.52
1.74 1.72 2.64 1.36
1.8 2.0 2.48 1.48
1.82 1.9 2.68 1.58
1.7 1.94 2.6 1.54
1.76 2.22 2.4 1.62
1.78 1.88 2.56 1.44
1.8 1.88 2.6 1.48
1.64 1.78 2.8 1.58
1.78 1.86 2.56 1.42
1.84 2.04 2.48 1.52
1.76 2.12 2.46 1.58
1.66 2.02 2.44 1.46
1.76 2.22 2.34 1.56
1.7 1.62 2.84 1.46
1.84 2.02 2.46 1.48
1.82 1.92 2.52 1.44
1.8 1.94 2.56 1.5
1.7 1.86 2.62 1.48
1.82 2.1 2.36 1.46
1.84 2.18 2.42 1.6
1.68 1.9 2.62 1.52
1.86 2.08 2.46 1.54
1.7 1.78 2.68 1.46
1.64 1.72 2.66 1.38
1.74 1.88 2.66 1.54
1.82 2.34 2.28 1.62
1.7 1.7 2.78 1.48
1.7 1.7 2.84 1.54
1.76 1.96 2.5 1.46
1.84 1.8 2.72 1.52
1.76 1.72 2.7 1.42
1.82 2.06 2.54 1.6
1.74 2.06 2.52 1.58
1.74 2.2 2.4 1.6
1.72 1.7 2.76 1.46
1.66 1.82 2.64 1.46
1.76 1.8 2.62 1.42
1.76 2.22 2.3 1.52
1.78 2.12 2.52 1.64
1.82 1.96 2.46 1.42
1.74 1.92 2.4 1.32
1.78 2.12 2.38 1.5
1.72 1.66 2.82 1.48
1.88 2.1 2.38 1.48
1.68 1.72 2.9 1.62
1.86 2.06 2.4 1.46
1.84 1.96 2.56 1.52
1.8 1.96 2.52 1.48
1.72 2.02 2.44 1.46
1.76 1.94 2.56 1.5
1.74 1.9 2.68 1.58
1.72 1.84 2.6 1.44
1.66 1.76 2.66 1.42
1.72 1.82 2.72 1.54
1.8 1.84 2.66 1.5
1.76 1.92 2.78 1.7
1.76 1.82 2.62 1.44
1.7 1.98 2.56 1.54
1.76 1.88 2.66 1.54
1.72 1.76 2.66 1.42
1.72 1.92 2.58 1.5
1.66 1.9 2.48 1.38
1.8 1.96 2.56 1.52
1.74 1.86 2.52 1.38
1.64 1.78 2.76 1.54
1.84 1.92 2.58 1.5
1.82 1.96 2.56 1.52
1.76 1.6 2.86 1.46
1.76 1.98 2.5 1.48
1.6 1.8 2.8 1.6
1.7 1.76 2.74 1.5
1.76 1.8 2.72 1.52
1.78 2.16 2.5 1.66
1.72 1.8 2.66 1.46
1.76 2.06 2.52 1.58
1.72 1.96 2.56 1.52
1.74 1.84 2.6 1.44
1.68 1.78 2.94 1.72
1.8 1.6 2.9 1.5
1.7 1.78 2.72 1.5
1.76 1.78 2.64 1.42
1.68 1.56 2.92 1.48
1.84 1.96 2.54 1.5
1.78 1.84 2.74 1.58
1.74 1.88 2.6 1.48
1.74 1.9 2.58 1.48
1.76 1.92 2.6 1.52
1.82 2.06 2.58 1.64
1.66 1.84 2.6 1.44
1.7 1.74 2.66 1.4
1.68 1.88 2.54 1.42
1.76 1.88 2.7 1.58
1.9 2.1 2.56 1.66
1.86 1.8 2.58 1.38
1.8 2.06 2.46 1.52
1.68 1.72 2.78 1.5
1.84 1.96 2.54 1.5
1.82 1.84 2.58 1.42
1.7 1.74 2.68 1.42
1.7 1.98 2.54 1.52
1.7 1.76 2.72 1.48
1.74 1.68 2.82 1.5
1.7 1.86 2.6 1.46
1.76 1.86 2.62 1.48
1.82 1.92 2.56 1.48
1.8 2.2 2.38 1.58
1.72 2.04 2.4 1.44
1.78 2.02 2.56 1.58
1.82 2.06 2.42 1.48
1.74 1.9 2.62 1.52
1.74 1.7 2.72 1.42
1.76 1.82 2.66 1.48
1.78 2.14 2.36 1.5
1.82 2.02 2.46 1.48
1.74 1.92 2.66 1.58
1.78 1.72 2.76 1.48
1.82 2.08 2.56 1.64
1.68 1.74 2.8 1.54
1.86 1.88 2.58 1.46
1.82 1.84 2.66 1.5
1.72 1.84 2.8 1.64
1.68 1.94 2.6 1.54
1.68 1.98 2.52 1.5
1.74 2.02 2.56 1.58
1.76 2.0 2.54 1.54
1.76 1.98 2.52 1.5
1.66 1.84 2.76 1.6
1.78 1.94 2.64 1.58
1.74 1.7 2.7 1.4
1.8 1.88 2.64 1.52
1.68 1.68 2.84 1.52
1.62 1.82 2.66 1.48
1.78 1.98 2.54 1.52
1.74 2.12 2.38 1.5
1.72 1.9 2.66 1.56
1.68 1.88 2.58 1.46
1.8 2.08 2.44 1.52
1.66 1.82 2.78 1.6
1.76 2.0 2.52 1.52
1.8 1.9 2.74 1.64
1.64 1.68 2.88 1.56
1.72 2.0 2.5 1.5
1.8 1.9 2.58 1.48
1.76 1.74 2.56 1.3
1.6 1.52 2.92 1.44
1.86 1.98 2.56 1.54
1.7 1.88 2.6 1.48
1.8 1.98 2.42 1.4
1.78 1.94 2.6 1.54
1.7 1.92 2.58 1.5
1.78 2.16 2.38 1.54
1.62 1.72 2.74 1.46
1.78 1.94 2.6 1.54
1.78 1.94 2.6 1.54
1.72 1.64 2.84 1.48
1.78 1.84 2.64 1.48
1.72 1.9 2.62 1.52
1.8 1.82 2.66 1.48
1.72 2.0 2.48 1.48
1.72 1.68 2.82 1.5
1.7 1.66 2.84 1.5
1.78 1.82 2.78 1.6
1.66 1.86 2.68 1.54
1.72 1.86 2.56 1.42
1.78 2.04 2.52 1.56
1.74 1.76 2.82 1.58
1.68 1.8 2.74 1.54
1.66 1.78 2.68 1.46
1.78 2.06 2.52 1.58
1.62 1.74 2.86 1.6
1.8 1.84 2.68 1.52
1.78 1.88 2.56 1.44
1.8 1.82 2.62 1.44
1.72 1.78 2.68 1.46
1.72 1.74 2.72 1.46
1.88 1.76 2.6 1.36
1.72 1.88 2.7 1.58
1.82 1.78 2.62 1.4
1.82 1.8 2.74 1.54
1.9 2.0 2.58 1.58
1.72 1.8 2.76 1.56
1.76 1.92 2.62 1.54
1.62 1.7 2.82 1.52
1.8 1.84 2.64 1.48
1.86 1.96 2.56 1.52
1.8 1.84 2.5 1.34
1.8 1.94 2.66 1.6
1.84 1.94 2.44 1.38
1.74 1.76 2.68 1.44
1.84 2.0 2.4 1.4
1.78 1.86 2.58 1.44
1.8 1.96 2.62 1.58
1.74 1.74 2.78 1.52
1.84 1.9 2.54 1.44
1.74 2.2 2.42 1.62
1.7 1.88 2.58 1.46
1.76 1.9 2.64 1.54
1.62 1.6 2.8 1.4
1.72 1.98 2.52 1.5
1.8 1.92 2.6 1.52
1.64 1.8 2.64 1.44
1.78 1.88 2.62 1.5
1.86 2.04 2.42 1.46
1.7 1.84 2.68 1.52
1.6 1.46 2.86 1.32
1.72 1.88 2.66 1.54
1.74 1.98 2.56 1.54
1.84 2.16 2.4 1.56
1.66 1.56 3.0 1.56
1.72 1.62 2.74 1.36
1.56 1.7 2.76 1.46
1.74 1.94 2.64 1.58
1.72 1.9 2.62 1.52
1.82 2.14 2.5 1.64
1.78 1.5 2.94 1.44
1.88 2.02 2.54 1.56
1.78 1.94 2.64 1.58
1.86 1.8 2.62 1.42
1.66 1.54 2.96 1.5
1.74 1.92 2.52 1.44
1.64 1.78 2.72 1.5
1.8 2.04 2.5 1.54
1.58 1.62 2.86 1.48
1.76 1.8 2.64 1.44
1.74 1.72 2.74 1.46
1.74 2.1 2.44 1.54
1.7 2.08 2.42 1.5
1.72 1.9 2.54 1.44
1.72 1.74 2.76 1.5
1.7 1.9 2.54 1.44
1.8 1.96 2.64 1.6
1.7 1.7 2.78 1.48
1.74 1.8 2.72 1.52
1.76 1.72 2.62 1.34
1.74 1.64 2.84 1.48
1.7 1.84 2.58 1.42
1.76 2.0 2.52 1.52
1.8 1.74 2.66 1.4
1.76 1.82 2.66 1.48
1.74 1.92 2.52 1.44
1.82 1.74 2.76 1.5
1.72 1.88 2.64 1.52
1.76 2.0 2.52 1.52
1.72 2.12 2.52 1.64
1.74 1.66 2.82 1.48
1.7 1.4 2.86 1.26
1.8 1.8 2.68 1.48
1.8 1.98 2.52 1.5
1.7 1.62 2.88 1.5
1.8 2.0 2.44 1.44
1.84 1.94 2.54 1.48
1.8 1.98 2.58 1.56
1.76 1.78 2.64 1.42
1.78 1.98 2.6 1.58
1.72 1.88 2.56 1.44
1.8 2.18 2.44 1.62
1.7 1.76 2.72 1.48
1.66 1.68 2.72 1.4
1.6 1.82 2.76 1.58
1.76 1.96 2.54 1.5
1.74 1.86 2.6 1.46
1.9 1.94 2.56 1.5
1.72 1.86 2.78 1.64
1.64 1.66 2.72 1.38
1.74 1.86 2.7 1.56
1.76 1.88 2.6 1.48
1.78 1.9 2.52 1.42
1.84 1.88 2.54 1.42
1.76 1.68 2.86 1.54
1.74 1.7 2.76 1.46
1.8 2.04 2.52 1.56
1.7 1.6 2.86 1.46
1.7 1.68 2.7 1.38
1.74 1.86 2.56 1.42
1.66 2.0 2.54 1.54
1.76 1.66 2.9 1.56
1.78 1.8 2.76 1.56
1.86 2.12 2.46 1.58
1.76 1.64 2.86 1.5
1.72 1.7 2.82 1.52
1.74 2.02 2.54 1.56
1.74 2.04 2.5 1.54
1.64 1.9 2.66 1.56
1.76 1.9 2.56 1.46
1.64 1.78 2.7 1.48
1.66 1.66 2.84 1.5
1.72 1.98 2.56 1.54
1.64 1.72 2.72 1.44
1.74 1.74 2.56 1.3
1.72 1.82 2.64 1.46
1.62 1.64 2.76 1.4
1.8 1.78 2.72 1.5
1.7 1.84 2.66 1.5
1.74 1.98 2.52 1.5
1.86 2.04 2.7 1.74
1.8 1.88 2.62 1.5
1.82 1.7 2.84 1.54
1.76 1.86 2.66 1.52
1.8 1.92 2.52 1.44
1.84 2.3 2.38 1.68
1.64 1.88 2.62 1.5
1.7 1.88 2.6 1.48
1.8 1.96 2.58 1.54
1.76 1.74 2.9 1.64
1.82 2.04 2.44 1.48
1.78 2.08 2.42 1.5
1.72 1.9 2.52 1.42
1.68 1.72 2.72 1.44
1.82 1.88 2.58 1.46
1.78 1.72 2.78 1.5
1.66 1.76 2.8 1.56
1.72 1.62 2.82 1.44
1.62 1.54 2.92 1.46
1.86 2.22 2.34 1.56
1.8 2.0 2.48 1.48
1.76 1.7 2.72 1.42
1.7 1.9 2.68 1.58
1.8 2.1 2.48 1.58
1.78 1.78 2.66 1.44
1.78 1.78 2.6 1.38
1.78 2.0 2.52 1.52
1.68 1.84 2.66 1.5
1.76 1.66 2.7 1.36
1.8 1.82 2.58 1.4
1.74 2.0 2.6 1.6
1.72 1.9 2.64 1.54
1.84 2.0 2.54 1.54
1.76 1.92 2.58 1.5
1.72 1.62 2.88 1.5
1.78 2.04 2.38 1.42
1.84 1.98 2.66 1.64
1.68 1.66 2.86 1.52
1.78 1.76 2.82 1.58
1.76 1.98 2.64 1.62
1.82 1.62 2.8 1.42
1.76 1.68 2.78 1.46
1.66 1.66 2.82 1.48
1.8 1.96 2.56 1.52
1.92 2.1 2.44 1.54
1.76 2.1 2.52 1.62
1.78 1.88 2.52 1.4
1.74 1.96 2.54 1.5
1.7 1.9 2.56 1.46
1.6 1.74 2.74 1.48
1.78 1.8 2.7 1.5
1.72 2.08 2.42 1.5
1.76 1.96 2.58 1.54
1.74 1.88 2.64 1.52
1.82 2.04 2.48 1.52
1.66 1.58 2.86 1.44
1.76 1.82 2.6 1.42
1.66 1.96 2.62 1.58
1.74 1.8 2.74 1.54
1.78 1.72 2.78 1.5
1.8 1.86 2.72 1.58
1.8 2.1 2.48 1.58
1.64 1.7 2.84 1.54
1.78 1.86 2.64 1.5
1.82 1.98 2.56 1.54
1.78 1.94 2.56 1.5
1.7 1.98 2.7 1.68
1.76 1.72 2.76 1.48
1.8 1.88 2.62 1.5
1.78 1.92 2.56 1.48
1.78 1.78 2.58 1.36
1.76 1.82 2.62 1.44
1.74 2.2 2.4 1.6
1.74 1.86 2.62 1.48
1.78 2.16 2.4 1.56
1.74 1.74 2.68 1.42
1.86 1.76 2.74 1.5
1.64 1.82 2.74 1.56
1.74 1.78 2.66 1.44
1.72 1.98 2.5 1.48
1.7 1.76 2.7 1.46
1.64 1.9 2.56 1.46
1.72 1.84 2.62 1.46
1.84 1.9 2.64 1.54
1.68 1.72 2.84 1.56
1.72 1.88 2.64 1.52
1.74 1.94 2.44 1.38
1.74 1.66 2.72 1.38
1.74 1.7 2.78 1.48
1.66 1.92 2.54 1.46
1.66 1.86 2.52 1.38
1.66 1.94 2.58 1.52
1.78 2.04 2.4 1.44
1.84 1.88 2.54 1.42
1.88 2.16 2.26 1.42
1.8 2.1 2.48 1.58
1.7 1.84 2.78 1.62
1.72 1.92 2.56 1.48
1.74 1.98 2.48 1.46
1.88 2.04 2.56 1.6
1.82 1.96 2.5 1.46
1.78 1.96 2.56 1.52
1.8 1.86 2.54 1.4
1.76 1.98 2.6 1.58
1.78 1.76 2.66 1.42
1.8 1.88 2.76 1.64
1.74 1.84 2.66 1.5
1.74 2.12 2.48 1.6
1.76 1.96 2.52 1.48
1.76 1.78 2.66 1.44
1.82 2.0 2.54 1.54
1.62 1.88 2.58 1.46
1.78 1.88 2.72 1.6
1.8 1.84 2.64 1.48
1.7 1.96 2.58 1.54
1.7 1.86 2.6 1.46
1.74 1.7 2.8 1.5
1.78 1.9 2.56 1.46
1.8 1.86 2.62 1.48
1.8 1.64 2.84 1.48
1.84 1.82 2.64 1.46
1.66 1.64 2.82 1.46
1.7 1.78 2.72 1.5
1.74 1.72 2.68 1.4
1.74 1.94 2.68 1.62
1.86 1.82 2.7 1.52
1.72 1.98 2.46 1.44
1.68 1.9 2.6 1.5
1.78 1.72 2.74 1.46
1.7 1.96 2.6 1.56
1.76 2.24 2.3 1.54
1.82 1.92 2.6 1.52
1.68 1.62 2.78 1.4
1.84 2.12 2.5 1.62
1.6 1.76 2.76 1.52
1.82 1.84 2.62 1.46
1.7 1.88 2.56 1.44
1.8 2.14 2.52 1.66
1.72 1.86 2.68 1.54
1.68 1.82 2.62 1.44
1.66 1.62 2.82 1.44
1.76 2.04 2.52 1.56
1.66 1.74 2.68 1.42
1.72 1.96 2.5 1.46
1.82 1.88 2.58 1.46
1.7 1.7 2.92 1.62
1.8 2.06 2.48 1.54
1.78 1.76 2.66 1.42
1.76 1.8 2.8 1.6
1.84 1.72 2.76 1.48
1.72 1.92 2.58 1.5
1.74 2.02 2.56 1.58
1.68 1.72 2.74 1.46
1.82 2.08 2.48 1.56
1.76 1.94 2.52 1.46
1.68 1.84 2.74 1.58
1.84 1.9 2.54 1.44
1.76 1.96 2.46 1.42
1.74 1.74 2.84 1.58
1.78 2.18 2.36 1.54
1.66 1.84 2.74 1.58
1.78 2.18 2.44 1.62
1.74 1.76 2.68 1.44
1.84 2.24 2.42 1.66
1.72 1.72 2.68 1.4
1.7 1.92 2.6 1.52
1.78 1.84 2.64 1.48
1.62 1.66 2.8 1.46
1.72 1.8 2.8 1.6
1.68 1.72 2.7 1.42
1.76 1.98 2.44 1.42
1.68 1.76 2.72 1.48
1.72 1.72 2.6 1.32
1.72 1.7 2.8 1.5
1.74 1.92 2.62 1.54
1.68 1.64 2.88 1.52
1.66 1.76 2.68 1.44
1.86 2.16 2.3 1.46
1.72 1.8 2.78 1.58
1.84 1.92 2.58 1.5
1.78 1.9 2.52 1.42
1.7 1.7 2.76 1.46
1.78 1.56 2.98 1.54
1.72 1.74 2.72 1.46
1.76 1.84 2.6 1.44
1.76 1.62 2.88 1.5
1.84 1.88 2.58 1.46
1.62 1.86 2.66 1.52
1.64 1.82 2.7 1.52
1.74 1.94 2.5 1.44
1.74 1.94 2.58 1.52
1.76 1.82 2.72 1.54
1.7 1.9 2.56 1.46
1.7 1.8 2.76 1.56
1.7 1.72 2.82 1.54
1.76 1.92 2.58 1.5
1.82 2.02 2.46 1.48
1.7 1.58 2.98 1.56
1.8 2.0 2.5 1.5
1.72 1.72 2.7 1.42
1.78 1.68 2.72 1.4
1.82 2.02 2.62 1.64
1.8 1.76 2.66 1.42
1.74 1.84 2.7 1.54
1.84 2.26 2.32 1.58
1.68 1.84 2.62 1.46
1.76 1.96 2.58 1.54
1.76 1.84 2.66 1.5
1.7 1.48 2.98 1.46
1.7 1.9 2.6 1.5
1.82 2.14 2.44 1.58
1.7 1.66 2.84 1.5
1.8 1.76 2.72 1.48
1.68 1.9 2.62 1.52
1.72 1.78 2.86 1.64
1.76 1.86 2.58 1.44
1.76 1.76 2.7 1.46
1.78 2.04 2.46 1.5
1.86 2.16 2.32 1.48
1.82 2.16 2.34 1.5
1.64 1.6 2.8 1.4
1.72 2.02 2.58 1.6
1.74 1.96 2.58 1.54
1.76 1.78 2.76 1.54
1.66 1.7 2.8 1.5
1.68 1.9 2.58 1.48
1.76 2.06 2.58 1.64
1.74 2.02 2.38 1.4
1.68 2.12 2.46 1.58
1.68 1.84 2.68 1.52
1.8 1.72 2.72 1.44
1.68 1.72 2.7 1.42
1.68 1.66 2.78 1.44
1.8 1.92 2.6 1.52
1.68 1.74 2.82 1.56
1.58 1.84 2.58 1.42
1.76 1.88 2.82 1.7
1.76 1.88 2.56 1.44
1.8 1.9 2.64 1.54
1.76 1.98 2.54 1.52
1.76 1.84 2.6 1.44
1.64 1.74 2.76 1.5
1.76 1.8 2.78 1.58
1.76 2.02 2.64 1.66
1.82 2.08 2.5 1.58
1.7 1.92 2.68 1.6
1.78 1.88 2.54 1.42
1.74 1.84 2.64 1.48
1.82 1.68 2.76 1.44
1.78 1.86 2.6 1.46
1.8 2.02 2.42 1.44
1.8 1.8 2.74 1.54
1.78 1.88 2.74 1.62
1.7 1.74 2.76 1.5
1.74 1.88 2.6 1.48
1.78 1.88 2.58 1.46
1.78 2.04 2.46 1.5
1.62 1.72 2.82 1.54
1.88 2.24 2.3 1.54
1.64 1.7 2.66 1.36
1.86 1.78 2.66 1.44
1.7 1.62 2.88 1.5
1.78 1.8 2.62 1.42
1.78 1.82 2.56 1.38
1.74 1.9 2.64 1.54
1.82 2.12 2.4 1.52
1.72 1.78 2.7 1.48
1.82 1.68 2.7 1.38
1.72 1.68 2.74 1.42
1.66 1.54 2.92 1.46
1.72 2.22 2.42 1.64
1.64 1.74 2.76 1.5
1.82 2.1 2.42 1.52
1.8 1.88 2.7 1.58
1.78 1.9 2.66 1.56
1.84 1.88 2.54 1.42
1.88 2.1 2.34 1.44
1.7 2.0 2.64 1.64
1.66 1.66 2.94 1.6
1.78 1.82 2.68 1.5
1.66 1.74 2.82 1.56
1.78 1.82 2.62 1.44
1.76 1.82 2.66 1.48
1.78 1.88 2.64 1.52
1.76 1.82 2.62 1.44
1.72 1.76 2.76 1.52
1.8 2.14 2.36 1.5
1.72 1.96 2.52 1.48
1.68 1.96 2.48 1.44
1.74 1.9 2.66 1.56
1.7 1.78 2.74 1.52
1.6 1.72 2.72 1.44
1.82 2.08 2.44 1.52
1.78 2.06 2.5 1.56
1.8 1.94 2.52 1.46
1.88 2.22 2.28 1.5
1.86 2.08 2.56 1.64
1.82 1.8 2.76 1.56
1.64 1.86 2.6 1.46
1.74 1.62 2.78 1.4
1.82 1.86 2.6 1.46
1.72 1.82 2.74 1.56
1.74 1.96 2.62 1.58
1.74 1.9 2.6 1.5
1.72 1.92 2.7 1.62
1.82 1.88 2.66 1.54
1.7 1.66 2.72 1.38
1.74 1.8 2.72 1.52
1.72 2.04 2.5 1.54
1.78 1.94 2.42 1.36
1.74 1.74 2.7 1.44
1.68 1.8 2.74 1.54
1.78 1.94 2.58 1.52
1.78 2.1 2.34 1.44
1.74 1.88 2.54 1.42
1.76 1.76 2.7 1.46
1.84 2.28 2.28 1.56
1.62 1.92 2.64 1.56
1.66 1.48 2.92 1.4
1.72 1.82 2.78 1.6
1.82 2.02 2.6 1.62
1.76 1.92 2.54 1.46
1.68 1.74 2.94 1.68
1.66 1.78 2.74 1.52
1.8 1.8 2.62 1.42
1.74 1.96 2.58 1.54
1.76 1.94 2.42 1.36
1.72 1.74 2.76 1.5
1.58 1.6 2.74 1.34
1.78 1.72 2.68 1.4
1.88 2.14 2.34 1.48
1.8 2.08 2.56 1.64
1.72 1.74 2.7 1.44
1.82 1.98 2.54 1.52
1.7 1.84 2.78 1.62
1.82 1.98 2.68 1.66
1.66 1.8 2.66 1.46
1.84 2.3 2.18 1.48
1.76 1.78 2.68 1.46
1.76 1.9 2.7 1.6
1.76 1.78 2.7 1.48
1.78 2.08 2.44 1.52
1.76 1.9 2.64 1.54
1.84 1.96 2.54 1.5
1.66 1.7 2.72 1.42
1.72 1.7 2.78 1.48
1.84 2.38 2.1 1.48
1.78 1.92 2.58 1.5
1.84 1.96 2.52 1.48
1.82 1.98 2.58 1.56
1.7 1.92 2.68 1.6
1.74 1.66 2.84 1.5
1.74 1.64 2.76 1.4
1.72 1.84 2.72 1.56
1.76 1.94 2.66 1.6
1.62 1.56 2.88 1.44
1.74 1.76 2.74 1.5
1.68 1.72 2.82 1.54
1.7 1.86 2.72 1.58
1.62 1.64 2.74 1.38
1.8 1.7 2.72 1.42
1.72 1.74 2.82 1.56
1.86 1.94 2.62 1.56
1.68 1.84 2.72 1.56
1.78 1.92 2.54 1.46
1.86 2.04 2.48 1.52
1.66 1.86 2.6 1.46
1.84 1.84 2.62 1.46
1.84 1.96 2.52 1.48
1.66 1.9 2.58 1.48
1.64 1.66 2.9 1.56
1.7 1.82 2.64 1.46
1.76 1.86 2.62 1.48
1.66 1.7 2.68 1.38
1.72 1.88 2.64 1.52
1.82 2.24 2.38 1.62
1.76 1.88 2.58 1.46
1.76 1.72 2.74 1.46
1.78 1.78 2.7 1.48
1.84 1.94 2.56 1.5
1.72 1.82 2.7 1.52
1.72 2.04 2.48 1.52
1.8 1.82 2.62 1.44
1.66 1.82 2.68 1.5
1.76 1.86 2.44 1.3
1.72 1.78 2.66 1.44
1.72 1.96 2.46 1.42
1.62 1.58 2.68 1.26
1.76 2.14 2.52 1.66
1.86 1.98 2.52 1.5
1.72 1.84 2.58 1.42
1.72 2.0 2.5 1.5
1.7 1.92 2.58 1.5
1.62 1.74 2.74 1.48
1.72 1.78 2.7 1.48
1.86 2.22 2.38 1.6
1.82 1.86 2.64 1.5
1.76 1.84 2.66 1.5
1.86 1.82 2.7 1.52
1.82 2.2 2.3 1.5
1.8 2.2 2.34 1.54
1.78 1.96 2.54 1.5
1.66 1.76 2.78 1.54
1.72 1.9 2.62 1.52
1.66 1.88 2.72 1.6
1.76 1.82 2.78 1.6
1.68 1.72 2.76 1.48
1.66 1.88 2.6 1.48
1.82 1.84 2.62 1.46
1.74 1.62 2.76 1.38
1.76 1.84 2.54 1.38
1.7 1.8 2.72 1.52
1.76 1.92 2.48 1.4
1.88 1.78 2.58 1.36
1.72 2.02 2.5 1.52
1.64 1.64 2.86 1.5
1.7 1.96 2.62 1.58
1.74 1.8 2.78 1.58
1.78 1.96 2.5 1.46
1.86 1.92 2.54 1.46
1.78 1.92 2.46 1.38
1.78 1.9 2.52 1.42
1.72 1.8 2.62 1.42
1.66 1.82 2.64 1.46
1.68 1.82 2.64 1.46
1.82 2.0 2.52 1.52
1.7 1.92 2.58 1.5
1.72 1.96 2.64 1.6
1.74 1.94 2.54 1.48
1.68 1.72 2.88 1.6
1.78 1.92 2.62 1.54
1.7 1.86 2.62 1.48
1.72 1.9 2.48 1.38
1.74 1.88 2.68 1.56
1.72 1.82 2.7 1.52
1.76 1.94 2.68 1.62
1.68 1.94 2.62 1.56
1.68 1.66 2.78 1.44
1.8 2.02 2.5 1.52
1.78 1.8 2.72 1.52
1.74 2.06 2.4 1.46
1.8 1.76 2.74 1.5
1.72 2.04 2.5 1.54
1.72 1.96 2.64 1.6
1.68 1.74 2.76 1.5
1.8 1.96 2.5 1.46
1.74 1.78 2.7 1.48
1.7 1.92 2.72 1.64
1.8 1.88 2.5 1.38
1.62 1.58 2.94 1.52
1.72 2.0 2.5 1.5
1.76 1.9 2.66 1.56
1.76 1.76 2.72 1.48
1.72 1.76 2.68 1.44
1.7 1.8 2.68 1.48
1.76 1.78 2.7 1.48
1.78 1.72 2.74 1.46
1.82 2.12 2.44 1.56
1.7 1.76 2.64 1.4
1.74 1.84 2.58 1.42
1.72 1.86 2.6 1.46
1.7 1.84 2.7 1.54
1.7 2.02 2.62 1.64
1.86 2.04 2.38 1.42
1.74 1.92 2.56 1.48
1.68 1.86 2.74 1.6
1.68 1.7 2.74 1.44
1.76 2.2 2.48 1.68
1.76 1.92 2.6 1.52
1.78 1.88 2.68 1.56
1.82 1.98 2.52 1.5
1.74 1.76 2.66 1.42
1.76 2.04 2.46 1.5
1.72 1.9 2.7 1.6
1.8 2.04 2.56 1.6
1.66 1.84 2.64 1.48
1.72 1.86 2.66 1.52
1.66 1.72 2.74 1.46
1.7 1.74 2.86 1.6
1.7 2.04 2.56 1.6
1.66 1.82 2.7 1.52
1.6 1.66 2.84 1.5
1.78 1.78 2.72 1.5
1.78 1.84 2.66 1.5
1.78 1.92 2.62 1.54
1.74 1.98 2.6 1.58
1.8 1.94 2.56 1.5
1.74 1.82 2.62 1.44
1.68 1.82 2.76 1.58
1.74 1.84 2.62 1.46
1.8 1.78 2.74 1.52
1.7 1.86 2.66 1.52
1.7 1.74 2.7 1.44
1.82 2.04 2.48 1.52
1.76 1.84 2.7 1.54
1.74 2.08 2.52 1.6
1.9 2.12 2.36 1.48
1.82 1.88 2.58 1.46
1.76 1.98 2.52 1.5
1.74 2.02 2.52 1.54
1.82 1.98 2.42 1.4
1.62 1.56 2.86 1.42
1.76 1.74 2.62 1.36
1.72 1.68 2.76 1.44
1.76 1.78 2.72 1.5
1.82 2.18 2.26 1.44
1.74 1.96 2.54 1.5
1.84 1.72 2.86 1.58
1.7 1.86 2.66 1.52
1.8 2.16 2.32 1.48
1.68 1.62 2.9 1.52
1.66 1.76 2.72 1.48
1.62 1.88 2.62 1.5
1.82 1.92 2.68 1.6
1.78 1.82 2.7 1.52
1.82 2.02 2.54 1.56
1.7 1.72 2.74 1.46
1.8 1.98 2.5 1.48
1.82 1.82 2.66 1.48
1.78 2.2 2.46 1.66
1.78 1.86 2.56 1.42
1.8 2.0 2.52 1.52
1.7 1.92 2.66 1.58
1.84 2.0 2.48 1.48
1.78 1.92 2.48 1.4
1.86 2.02 2.56 1.58
1.74 2.0 2.5 1.5
1.7 1.82 2.64 1.46
1.76 1.56 2.86 1.42
1.78 1.82 2.64 1.46
1.64 1.7 2.92 1.62
1.64 1.9 2.62 1.52
1.74 1.7 2.64 1.34
1.74 2.0 2.54 1.54
1.72 2.06 2.6 1.66
1.76 1.72 2.76 1.48
1.74 1.86 2.68 1.54
1.74 1.9 2.68 1.58
1.72 1.68 2.88 1.56
1.62 1.62 2.9 1.52
1.78 1.92 2.6 1.52
1.74 1.94 2.66 1.6
1.8 1.86 2.54 1.4
1.74 1.72 2.72 1.44
1.78 1.88 2.58 1.46
1.64 1.72 2.8 1.52
1.74 1.9 2.66 1.56
1.76 1.82 2.8 1.62
1.76 1.98 2.5 1.48
1.74 1.94 2.58 1.52
1.66 1.58 2.8 1.38
1.72 1.86 2.68 1.54
1.78 2.26 2.22 1.48
1.76 1.98 2.48 1.46
1.8 1.88 2.6 1.48
1.88 1.96 2.56 1.52
1.82 1.82 2.64 1.46
1.64 1.6 2.8 1.4
1.82 2.02 2.52 1.54
1.7 1.72 2.7 1.42
1.82 1.8 2.66 1.46
1.74 1.88 2.7 1.58
1.68 1.86 2.56 1.42
1.76 1.86 2.52 1.38
1.68 2.0 2.58 1.58
1.72 1.96 2.46 1.42
1.82 1.94 2.6 1.54
1.82 1.94 2.56 1.5
1.8 2.0 2.44 1.44
1.78 1.82 2.82 1.64
1.7 1.76 2.76 1.52
1.84 1.84 2.68 1.52
1.74 1.74 2.8 1.54
1.74 1.98 2.52 1.5
1.82 2.1 2.5 1.6
1.76 1.9 2.62 1.52
1.64 1.86 2.6 1.46
1.84 1.96 2.58 1.54
1.76 1.96 2.58 1.54
1.74 1.82 2.66 1.48
1.82 1.9 2.56 1.46
1.82 2.0 2.48 1.48
1.76 1.78 2.8 1.58
1.78 1.92 2.58 1.5
1.74 1.98 2.66 1.64
1.72 1.8 2.62 1.42
1.68 1.9 2.56 1.46
1.82 1.98 2.56 1.54
1.68 1.9 2.7 1.6
1.8 2.12 2.48 1.6
1.76 1.88 2.76 1.64
1.76 1.82 2.7 1.52
1.74 1.9 2.66 1.56
1.7 1.74 2.82 1.56
1.72 1.7 2.72 1.42
1.82 1.88 2.72 1.6
1.7 1.8 2.7 1.5
1.74 1.78 2.72 1.5
1.72 1.98 2.58 1.56
1.7 1.86 2.64 1.5
1.76 1.86 2.64 1.5
1.68 2.0 2.5 1.5
1.72 1.9 2.62 1.52
1.8 1.92 2.58 1.5
1.74 1.8 2.56 1.36
1.84 1.82 2.66 1.48
1.64 1.64 2.8 1.44
1.74 1.58 2.78 1.36
1.78 1.92 2.5 1.42
1.8 2.12 2.44 1.56
1.74 1.86 2.52 1.38
1.76 1.9 2.58 1.48
1.82 1.94 2.5 1.44
1.7 1.88 2.6 1.48
1.74 1.9 2.68 1.58
1.8 2.0 2.5 1.5
1.78 1.9 2.56 1.46
1.74 1.88 2.64 1.52
1.72 1.52 2.94 1.46
1.56 1.68 2.86 1.54
1.74 1.96 2.56 1.52
1.82 2.04 2.52 1.56
1.6 1.62 2.78 1.4
1.78 1.86 2.7 1.56
1.8 2.02 2.54 1.56
1.86 2.08 2.42 1.5
1.68 1.7 2.72 1.42
1.8 1.9 2.66 1.56
1.6 1.64 2.76 1.4
1.68 1.78 2.68 1.46
1.68 1.86 2.58 1.44
1.76 1.92 2.66 1.58
1.72 1.8 2.76 1.56
1.74 1.86 2.7 1.56
1.76 2.1 2.52 1.62
1.74 2.1 2.42 1.52
1.78 1.58 2.82 1.4
1.7 1.94 2.6 1.54
1.82 1.88 2.52 1.4
1.76 1.9 2.54 1.44
1.7 1.8 2.68 1.48
1.76 1.82 2.6 1.42
1.82 1.86 2.64 1.5
1.74 1.88 2.52 1.4
1.68 1.8 2.68 1.48
1.78 1.86 2.54 1.4
1.76 1.9 2.66 1.56
1.68 1.74 2.82 1.56
1.78 1.78 2.66 1.44
1.76 2.02 2.5 1.52
1.86 2.28 2.18 1.46
1.78 1.9 2.64 1.54
1.7 1.84 2.62 1.46
1.78 1.96 2.64 1.6
1.74 1.78 2.7 1.48
1.88 2.12 2.36 1.48
1.76 1.76 2.72 1.48
1.74 2.06 2.54 1.6
1.78 1.9 2.56 1.46
1.7 1.8 2.68 1.48
1.72 1.9 2.7 1.6
1.76 2.0 2.6 1.6
1.78 2.02 2.46 1.48
1.66 1.78 2.72 1.5
1.66 1.74 2.72 1.46
1.7 2.0 2.52 1.52
1.82 2.14 2.4 1.54
1.78 2.0 2.42 1.42
1.82 1.92 2.62 1.54
1.82 2.0 2.46 1.46
1.68 1.72 2.76 1.48
1.8 2.06 2.38 1.44
1.78 1.92 2.66 1.58
1.66 1.74 2.8 1.54
1.82 1.94 2.66 1.6
1.82 2.12 2.4 1.52
1.68 1.72 2.92 1.64
1.84 2.0 2.54 1.54
1.7 1.9 2.62 1.52
1.7 1.92 2.64 1.56
1.68 1.84 2.74 1.58
1.7 1.94 2.64 1.58
1.76 1.98 2.54 1.52
1.76 2.14 2.4 1.54
1.66 1.84 2.76 1.6
1.78 1.94 2.54 1.48
1.78 1.98 2.52 1.5
1.74 1.8 2.68 1.48
1.76 1.64 2.86 1.5
1.7 1.98 2.54 1.52
1.86 2.18 2.36 1.54
1.74 1.88 2.5 1.38
1.64 1.62 2.78 1.4
1.68 1.82 2.68 1.5
1.82 2.18 2.3 1.48
1.68 1.82 2.64 1.46
1.64 1.7 2.72 1.42
1.76 2.06 2.46 1.52
1.82 2.02 2.42 1.44
1.74 2.0 2.46 1.46
1.76 1.92 2.6 1.52
1.64 1.7 2.72 1.42
1.78 1.9 2.68 1.58
1.74 1.9 2.64 1.54
1.72 1.84 2.64 1.48
1.8 1.96 2.44 1.4
1.7 1.74 2.72 1.46
1.82 1.98 2.62 1.6
1.78 1.74 2.68 1.42
1.74 1.96 2.64 1.6
1.84 1.82 2.58 1.4
1.8 1.86 2.64 1.5
1.72 1.86 2.48 1.34
1.8 1.96 2.54 1.5
1.78 1.96 2.6 1.56
1.74 1.74 2.6 1.34
1.82 1.98 2.44 1.42
1.78 2.0 2.52 1.52
1.72 1.7 2.72 1.42
1.72 1.98 2.52 1.5
1.8 1.9 2.6 1.5
1.76 1.86 2.66 1.52
1.74 1.74 2.64 1.38
1.68 1.82 2.78 1.6
1.68 1.84 2.66 1.5
1.74 1.8 2.58 1.38
1.82 2.02 2.62 1.64
1.8 1.84 2.54 1.38
1.7 1.62 2.9 1.52
1.78 1.72 2.76 1.48
1.84 2.18 2.36 1.54
1.84 2.02 2.58 1.6
1.84 1.9 2.66 1.56
1.8 2.06 2.46 1.52
1.76 1.82 2.64 1.46
1.72 1.96 2.6 1.56
1.66 1.64 2.74 1.38
1.6 1.86 2.7 1.56
1.6 1.68 2.8 1.48
1.74 1.88 2.6 1.48
1.82 2.06 2.46 1.52
1.8 2.06 2.5 1.56
1.82 2.0 2.6 1.6
1.84 2.24 2.34 1.58
1.62 1.56 2.88 1.44
1.74 1.82 2.68 1.5
1.7 1.96 2.64 1.6
1.82 2.12 2.5 1.62
1.66 1.94 2.58 1.52
1.78 1.7 2.66 1.36
1.82 2.14 2.36 1.5
1.72 1.92 2.68 1.6
1.76 1.9 2.6 1.5
1.72 1.88 2.62 1.5
1.9 2.2 2.36 1.56
1.78 1.96 2.58 1.54
1.74 2.04 2.58 1.62
1.7 2.0 2.6 1.6
1.7 2.04 2.6 1.64
1.7 2.02 2.44 1.46
1.7 1.72 2.7 1.42
1.88 2.08 2.44 1.52
1.82 2.02 2.5 1.52
1.74 1.56 2.86 1.42
1.76 1.72 2.82 1.54
1.74 1.76 2.62 1.38
1.86 1.9 2.5 1.4
1.7 1.6 2.8 1.4
1.68 1.82 2.62 1.44
1.7 1.86 2.64 1.5
1.78 1.78 2.6 1.38
1.76 1.94 2.52 1.46
1.82 1.8 2.74 1.54
1.64 1.52 2.92 1.44
1.74 2.14 2.44 1.58
1.66 1.7 2.74 1.44
1.74 1.88 2.66 1.54
1.78 1.78 2.68 1.46
1.78 1.68 2.8 1.48
1.7 1.92 2.64 1.56
1.7 1.84 2.58 1.42
1.8 1.76 2.68 1.44
1.74 1.82 2.66 1.48
1.7 1.72 2.72 1.44
1.84 2.14 2.4 1.54
1.68 1.76 2.7 1.46
1.6 1.8 2.78 1.58
1.66 1.74 2.84 1.58
1.8 2.06 2.5 1.56
1.76 1.76 2.7 1.46
1.82 2.12 2.42 1.54
1.76 1.92 2.58 1.5
1.76 1.88 2.66 1.54
1.78 1.88 2.62 1.5
1.68 1.84 2.74 1.58
1.74 1.72 2.68 1.4
1.74 1.84 2.64 1.48
1.88 2.26 2.2 1.46
1.76 1.94 2.62 1.56
1.72 1.76 2.84 1.6
1.66 1.78 2.68 1.46
1.86 2.1 2.44 1.54
1.76 1.64 2.74 1.38
1.76 1.94 2.56 1.5
1.76 1.9 2.54 1.44
1.8 2.04 2.48 1.52
1.86 2.28 2.18 1.46
1.68 1.8 2.78 1.58
1.82 1.92 2.64 1.56
1.7 1.56 2.8 1.36
1.72 1.76 2.8 1.56
1.74 1.84 2.7 1.54
1.7 1.92 2.6 1.52
1.76 1.76 2.7 1.46
1.78 1.92 2.64 1.56
1.7 1.6 2.86 1.46
1.74 2.0 2.5 1.5
1.58 1.52 2.86 1.38
1.82 1.9 2.62 1.52
1.6 1.8 2.74 1.54
1.68 1.84 2.64 1.48
1.8 1.82 2.58 1.4
1.74 1.96 2.44 1.4
1.68 1.9 2.72 1.62
1.72 1.88 2.66 1.54
1.72 1.74 2.66 1.4
1.68 1.68 2.8 1.48
1.74 1.96 2.54 1.5
1.74 1.96 2.62 1.58
1.7 1.74 2.64 1.38
1.84 2.1 2.36 1.46
1.8 1.78 2.68 1.46
1.76 1.6 2.84 1.44
1.78 2.14 2.4 1.54
1.74 1.98 2.58 1.56
1.74 1.76 2.66 1.42
1.7 1.6 2.82 1.42
1.76 1.94 2.52 1.46
1.76 1.86 2.6 1.46
1.74 1.9 2.72 1.62
1.76 2.0 2.48 1.48
1.78 1.78 2.66 1.44
1.78 1.6 2.72 1.32
1.7 1.68 2.7 1.38
1.76 1.86 2.66 1.52
1.7 1.9 2.64 1.54
1.68 2.04 2.46 1.5
1.74 1.9 2.52 1.42
1.74 1.8 2.6 1.4
1.68 1.7 2.78 1.48
1.76 2.12 2.38 1.5
1.84 2.14 2.42 1.56
1.72 1.9 2.58 1.48
1.72 1.78 2.68 1.46
1.78 1.88 2.66 1.54
1.74 1.72 2.76 1.48
1.76 1.9 2.66 1.56
1.76 1.9 2.58 1.48
1.8 1.9 2.64 1.54
1.8 1.8 2.52 1.32
1.82 1.96 2.58 1.54
1.76 1.9 2.56 1.46
1.88 2.16 2.3 1.46
1.72 2.06 2.58 1.64
1.68 1.58 2.88 1.46
1.78 1.84 2.6 1.44
1.72 1.84 2.56 1.4
1.74 1.86 2.62 1.48
1.78 1.7 2.74 1.44
1.74 1.76 2.66 1.42
1.82 1.96 2.48 1.44
1.6 1.64 2.92 1.56
1.8 1.96 2.6 1.56
1.74 1.78 2.72 1.5
1.9 2.26 2.38 1.64
1.64 1.92 2.66 1.58
1.82 2.08 2.36 1.44
1.78 2.22 2.36 1.58
1.72 1.94 2.5 1.44
1.58 1.84 2.74 1.58
1.78 1.92 2.48 1.4
1.76 1.74 2.74 1.48
1.8 1.94 2.6 1.54
1.82 1.96 2.58 1.54
1.8 2.06 2.52 1.58
1.74 1.94 2.48 1.42
1.82 1.78 2.78 1.56
1.82 2.12 2.5 1.62
1.68 1.86 2.56 1.42
1.76 1.84 2.7 1.54
1.72 2.18 2.44 1.62
1.64 1.74 2.68 1.42
1.82 1.82 2.52 1.34
1.82 2.02 2.44 1.46
1.72 1.92 2.54 1.46
1.68 1.74 2.72 1.46
1.84 2.3 2.18 1.48
1.78 1.88 2.48 1.36
1.8 1.94 2.54 1.48
1.72 2.04 2.54 1.58
1.74 2.04 2.44 1.48
1.76 1.92 2.56 1.48
1.64 1.8 2.74 1.54
1.72 1.72 2.68 1.4
1.68 2.0 2.48 1.48
1.78 2.0 2.56 1.56
1.74 2.04 2.56 1.6
1.88 2.04 2.5 1.54
1.7 1.84 2.66 1.5
1.88 2.14 2.3 1.44
1.86 2.14 2.48 1.62
1.74 1.88 2.62 1.5
1.74 1.84 2.66 1.5
1.74 1.72 2.6 1.32
1.82 1.98 2.58 1.56
1.8 1.88 2.56 1.44
1.74 1.76 2.82 1.58
1.72 1.76 2.7 1.46
1.68 1.84 2.62 1.46
1.76 1.7 2.62 1.32
1.72 1.78 2.72 1.5
1.7 1.82 2.7 1.52
1.78 1.78 2.64 1.42
1.74 1.8 2.76 1.56
1.68 1.96 2.7 1.66
1.7 2.04 2.62 1.66
1.62 1.66 2.92 1.58
1.76 2.14 2.4 1.54
1.76 1.84 2.7 1.54
1.76 1.8 2.7 1.5
1.68 1.68 2.8 1.48
1.8 1.82 2.72 1.54
1.76 1.82 2.68 1.5
1.76 1.98 2.6 1.58
1.76 1.84 2.62 1.46
1.68 1.82 2.7 1.52
1.8 2.12 2.54 1.66
1.7 1.8 2.6 1.4
1.66 1.7 2.74 1.44
1.78 1.78 2.7 1.48
1.76 1.78 2.7 1.48
1.7 2.02 2.54 1.56
1.6 1.82 2.82 1.64
1.72 2.1 2.5 1.6
1.76 1.8 2.7 1.5
1.76 1.88 2.48 1.36
1.78 1.84 2.72 1.56
1.74 1.72 2.76 1.48
1.86 2.06 2.38 1.44
1.72 1.6 2.96 1.56
1.86 2.4 2.26 1.66
1.78 1.76 2.68 1.44
1.82 1.82 2.58 1.4
1.7 1.68 2.88 1.56
1.82 1.82 2.62 1.44
1.86 2.08 2.42 1.5
1.74 1.78 2.64 1.42
1.8 2.08 2.38 1.46
1.74 1.84 2.72 1.56
1.64 1.76 2.74 1.5
1.7 1.9 2.5 1.4
1.8 1.96 2.52 1.48
1.8 1.66 2.76 1.42
1.7 1.72 2.74 1.46
1.74 1.82 2.68 1.5
1.8 1.88 2.56 1.44
1.68 1.42 3.02 1.44
1.8 1.74 2.66 1.4
1.82 1.98 2.58 1.56
1.62 1.68 2.92 1.6
1.82 2.0 2.5 1.5
1.74 1.8 2.66 1.46
1.74 1.74 2.78 1.52
1.76 1.9 2.62 1.52
1.74 1.72 2.68 1.4
1.72 1.9 2.56 1.46
1.82 1.94 2.5 1.44
1.66 1.88 2.64 1.52
1.72 1.76 2.74 1.5
1.76 1.8 2.66 1.46
1.76 1.96 2.46 1.42
1.66 1.76 2.78 1.54
1.64 1.8 2.66 1.46
1.72 1.98 2.68 1.66
1.76 2.06 2.52 1.58
1.78 1.96 2.74 1.7
1.82 2.18 2.44 1.62
1.76 1.96 2.58 1.54
1.78 1.84 2.72 1.56
1.76 1.8 2.74 1.54
1.68 1.8 2.64 1.44
1.72 1.5 2.98 1.48
1.68 1.6 2.86 1.46
1.76 2.12 2.42 1.54
1.8 2.18 2.54 1.72
1.74 1.88 2.54 1.42
1.72 1.9 2.64 1.54
1.72 1.76 2.78 1.54
1.76 2.04 2.58 1.62
1.68 1.8 2.74 1.54
1.8 1.94 2.48 1.42
1.74 1.9 2.54 1.44
1.78 2.08 2.46 1.54
1.8 2.06 2.54 1.6
1.66 1.6 2.96 1.56
1.76 2.02 2.44 1.46
1.68 1.76 2.78 1.54
1.76 1.84 2.72 1.56
1.86 2.0 2.52 1.52
1.76 1.84 2.56 1.4
1.76 1.56 2.9 1.46
1.74 1.88 2.54 1.42
1.7 2.04 2.48 1.52
1.76 1.84 2.62 1.46
1.74 1.9 2.72 1.62
1.82 2.02 2.64 1.66
1.86 1.86 2.56 1.42
1.82 2.04 2.52 1.56
1.74 1.84 2.56 1.4
1.72 1.92 2.52 1.44
1.82 1.82 2.66 1.48
1.8 2.04 2.52 1.56
1.74 1.86 2.64 1.5
1.74 1.78 2.82 1.6
1.72 1.74 2.9 1.64
1.64 1.58 2.98 1.56
1.68 1.8 2.58 1.38
1.64 1.78 2.66 1.44
1.84 2.1 2.44 1.54
1.72 1.72 2.64 1.36
1.78 1.88 2.7 1.58
1.78 1.96 2.48 1.44
1.76 1.68 2.74 1.42
1.68 1.82 2.82 1.64
1.72 1.86 2.64 1.5
1.76 2.02 2.5 1.52
1.76 1.82 2.7 1.52
1.68 2.1 2.5 1.6
1.78 1.88 2.7 1.58
1.72 2.06 2.56 1.62
1.78 2.1 2.34 1.44
1.76 1.84 2.68 1.52
1.68 1.94 2.66 1.6
1.74 1.82 2.76 1.58
1.62 1.58 2.84 1.42
1.7 1.72 2.72 1.44
1.74 1.96 2.62 1.58
1.74 1.88 2.76 1.64
1.82 1.92 2.56 1.48
1.6 1.76 2.82 1.58
1.8 1.74 2.74 1.48
1.78 1.9 2.54 1.44
1.78 1.72 2.68 1.4
1.76 1.92 2.66 1.58
1.74 1.86 2.62 1.48
1.76 1.78 2.68 1.46
1.68 1.82 2.6 1.42
1.78 1.86 2.54 1.4
1.72 1.68 2.84 1.52
1.82 2.1 2.48 1.58
1.76 1.72 2.88 1.6
1.7 1.74 2.86 1.6
1.76 1.72 2.88 1.6
1.68 1.68 2.74 1.42
1.86 2.18 2.52 1.7
1.84 1.98 2.6 1.58
1.76 1.8 2.7 1.5
1.76 1.74 2.7 1.44
1.7 1.66 2.8 1.46
1.8 2.04 2.56 1.6
1.82 1.74 2.72 1.46
1.8 1.86 2.66 1.52
1.74 1.8 2.62 1.42
1.76 1.96 2.52 1.48
1.74 1.72 2.74 1.46
1.76 2.02 2.52 1.54
1.8 1.8 2.6 1.4
1.64 1.8 2.78 1.58
1.7 1.78 2.7 1.48
1.72 1.8 2.7 1.5
1.7 1.68 2.86 1.54
1.74 1.96 2.44 1.4
1.84 1.96 2.46 1.42
1.84 2.1 2.4 1.5
1.78 2.02 2.5 1.52
1.72 1.9 2.74 1.64
1.64 1.74 2.74 1.48
1.68 1.82 2.6 1.42
1.8 1.8 2.8 1.6
1.76 1.78 2.68 1.46
1.74 1.72 2.72 1.44
1.78 1.78 2.78 1.56
1.72 1.9 2.62 1.52
1.68 1.8 2.68 1.48
1.78 1.94 2.54 1.48
1.62 1.48 3.06 1.54
1.68 1.88 2.62 1.5
1.68 1.86 2.7 1.56
1.76 1.92 2.52 1.44
1.72 2.02 2.62 1.64
1.76 1.84 2.52 1.36
1.8 1.96 2.44 1.4
1.78 1.84 2.7 1.54
1.78 2.12 2.48 1.6
1.76 1.76 2.64 1.4
1.82 1.92 2.64 1.56
1.68 1.66 2.8 1.46
1.68 1.86 2.58 1.44
1.72 1.86 2.6 1.46
1.7 1.8 2.7 1.5
1.76 1.92 2.52 1.44
1.7 1.72 2.78 1.5
1.76 1.86 2.52 1.38
1.68 1.7 2.94 1.64
1.74 1.9 2.6 1.5
1.74 2.02 2.48 1.5
1.76 1.92 2.5 1.42
1.82 1.88 2.64 1.52
1.78 1.92 2.6 1.52
1.72 1.74 2.74 1.48
1.8 2.0 2.42 1.42
1.72 1.84 2.7 1.54
1.72 1.8 2.68 1.48
1.76 1.78 2.74 1.52
1.8 1.94 2.68 1.62
1.64 1.58 2.82 1.4
1.74 1.8 2.62 1.42
1.82 1.9 2.58 1.48
1.78 1.94 2.52 1.46
1.78 1.98 2.42 1.4
1.72 1.8 2.58 1.38
1.72 2.06 2.5 1.56
1.76 1.96 2.54 1.5
1.78 1.9 2.62 1.52
1.78 1.98 2.5 1.48
1.74 1.78 2.72 1.5
1.74 1.78 2.72 1.5
1.7 2.02 2.7 1.72
1.82 1.82 2.64 1.46
1.8 1.7 2.8 1.5
1.88 2.08 2.42 1.5
1.8 1.82 2.66 1.48
1.86 1.92 2.6 1.52
1.72 1.96 2.48 1.44
1.76 1.86 2.68 1.54
1.72 1.88 2.64 1.52
1.8 2.22 2.44 1.66
1.7 1.52 2.84 1.36
1.7 1.72 2.86 1.58
1.8 2.08 2.4 1.48
1.74 1.94 2.7 1.64
1.86 1.68 2.76 1.44
1.74 1.98 2.52 1.5
1.62 1.6 2.96 1.56
1.7 1.78 2.66 1.44
1.78 1.68 2.76 1.44
1.72 1.92 2.6 1.52
1.88 1.98 2.58 1.56
1.78 1.9 2.48 1.38
1.74 1.9 2.7 1.6
1.84 2.0 2.44 1.44
1.66 1.76 2.84 1.6
1.76 1.94 2.6 1.54
1.74 1.98 2.56 1.54
1.8 2.12 2.34 1.46
1.74 1.84 2.66 1.5
1.88 2.2 2.38 1.58
1.78 1.8 2.58 1.38
1.8 1.98 2.44 1.42
1.76 1.88 2.54 1.42
1.7 1.92 2.66 1.58
1.74 1.94 2.68 1.62
1.8 2.08 2.54 1.62
1.74 1.76 2.78 1.54
1.78 2.08 2.46 1.54
1.68 1.5 3.0 1.5
1.88 1.92 2.5 1.42
1.66 1.72 2.74 1.46
1.78 1.74 2.68 1.42
1.8 1.78 2.74 1.52
1.68 1.84 2.66 1.5
1.78 1.78 2.6 1.38
1.8 2.02 2.46 1.48
1.7 1.86 2.64 1.5
1.74 2.0 2.58 1.58
1.76 2.06 2.56 1.62
1.68 1.88 2.56 1.44
1.74 1.8 2.72 1.52
1.78 2.08 2.54 1.62
1.9 2.16 2.34 1.5
1.72 1.86 2.7 1.56
1.74 2.02 2.5 1.52
1.66 1.86 2.52 1.38
1.72 1.78 2.64 1.42
1.72 1.78 2.64 1.42
1.72 1.94 2.68 1.62
1.82 2.0 2.52 1.52
1.64 1.76 2.78 1.54
1.88 1.94 2.54 1.48
1.68 1.72 2.86 1.58
1.78 2.18 2.28 1.46
1.82 2.06 2.46 1.52
1.72 1.84 2.72 1.56
1.84 2.1 2.4 1.5
1.76 1.68 2.92 1.6
1.82 1.8 2.6 1.4
1.7 2.0 2.52 1.52
1.82 2.06 2.5 1.56
1.68 1.76 2.74 1.5
1.78 1.76 2.66 1.42
1.86 2.42 2.24 1.66
1.9 2.2 2.32 1.52
1.74 1.96 2.6 1.56
1.8 1.94 2.54 1.48
1.64 1.9 2.48 1.38
1.76 2.0 2.6 1.6
1.52 1.64 2.9 1.54
1.78 2.08 2.46 1.54
1.74 1.78 2.66 1.44
1.84 1.86 2.64 1.5
1.62 1.82 2.64 1.46
1.94 1.8 2.62 1.42
1.86 2.02 2.38 1.4
1.7 1.96 2.5 1.46
1.66 1.92 2.56 1.48
1.8 1.9 2.54 1.44
1.84 2.18 2.4 1.58
1.82 2.1 2.42 1.52
1.8 1.8 2.64 1.44
1.76 2.12 2.46 1.58
1.86 1.76 2.64 1.4
1.76 1.78 2.7 1.48
1.68 1.76 2.76 1.52
1.8 1.8 2.58 1.38
1.82 2.0 2.58 1.58
1.8 1.94 2.68 1.62
1.76 1.8 2.66 1.46
1.74 2.1 2.52 1.62
1.7 1.88 2.56 1.44
1.84 1.7 2.66 1.36
1.74 1.88 2.66 1.54
1.8 1.76 2.58 1.34
1.64 1.82 2.62 1.44
1.76 1.96 2.62 1.58
1.72 1.78 2.78 1.56
1.8 1.98 2.58 1.56
1.76 1.8 2.66 1.46
1.8 1.76 2.68 1.44
1.74 2.1 2.46 1.56
1.76 2.18 2.34 1.52
1.72 1.82 2.72 1.54
1.76 1.88 2.54 1.42
1.76 1.98 2.5 1.48
1.64 1.66 2.8 1.46
1.82 1.84 2.64 1.48
1.72 1.92 2.52 1.44
1.76 2.0 2.54 1.54
1.68 1.74 2.64 1.38
1.7 2.04 2.5 1.54
1.82 2.04 2.48 1.52
1.84 2.12 2.36 1.48
1.78 1.78 2.7 1.48
1.68 1.98 2.54 1.52
1.72 1.92 2.66 1.58
1.66 1.56 2.86 1.42
1.78 2.06 2.42 1.48
1.82 2.2 2.36 1.56
1.84 1.84 2.64 1.48
1.62 1.6 2.8 1.4
1.8 1.76 2.68 1.44
1.72 1.86 2.6 1.46
1.72 1.8 2.8 1.6
1.84 2.0 2.5 1.5
1.7 1.78 2.72 1.5
1.7 1.92 2.56 1.48
1.66 1.96 2.62 1.58
1.74 1.92 2.48 1.4
1.82 2.0 2.52 1.52
1.6 1.6 2.84 1.44
1.64 1.88 2.58 1.46
1.86 1.94 2.66 1.6
1.86 2.08 2.4 1.48
1.76 1.84 2.56 1.4
1.72 1.7 2.74 1.44
1.68 1.7 2.9 1.6
1.8 1.9 2.66 1.56
1.68 1.74 2.88 1.62
1.78 2.04 2.44 1.48
1.62 1.5 2.94 1.44
1.6 1.7 2.9 1.6
1.68 1.82 2.68 1.5
1.62 1.88 2.64 1.52
1.68 1.68 2.82 1.5
1.68 1.76 2.74 1.5
1.72 1.86 2.74 1.6
1.76 2.02 2.52 1.54
1.72 1.84 2.56 1.4
1.78 1.96 2.68 1.64
1.7 1.66 2.76 1.42
1.7 1.82 2.62 1.44
1.72 1.72 2.76 1.48
1.78 1.76 2.78 1.54
1.74 1.86 2.66 1.52
1.74 1.76 2.76 1.52
1.72 1.74 2.72 1.46
1.76 1.98 2.56 1.54
1.64 1.78 2.72 1.5
1.74 1.8 2.7 1.5
1.88 1.94 2.68 1.62
1.74 2.02 2.7 1.72
1.84 1.9 2.58 1.48
1.76 1.84 2.62 1.46
1.64 1.82 2.76 1.58
1.72 1.66 2.92 1.58
1.78 1.84 2.52 1.36
1.72 1.96 2.6 1.56
1.74 2.06 2.46 1.52
1.7 1.62 2.8 1.42
1.78 2.0 2.48 1.48
1.78 1.9 2.58 1.48
1.68 1.78 2.78 1.56
1.76 1.94 2.62 1.56
1.82 1.98 2.52 1.5
1.86 1.92 2.68 1.6
1.76 2.04 2.5 1.54
1.76 1.96 2.5 1.46
1.76 1.68 2.74 1.42
1.76 1.84 2.56 1.4
1.82 1.88 2.62 1.5
1.72 1.72 2.88 1.6
1.8 1.9 2.6 1.5
1.74 1.9 2.58 1.48
1.62 1.7 2.86 1.56
1.72 1.86 2.58 1.44
1.7 1.8 2.7 1.5
1.66 1.8 2.8 1.6
1.78 2.04 2.4 1.44
1.66 1.82 2.66 1.48
1.8 1.82 2.74 1.56
1.68 1.62 2.82 1.44
1.78 1.9 2.76 1.66
1.68 1.82 2.68 1.5
1.72 1.88 2.72 1.6
1.7 1.8 2.66 1.46
1.78 1.8 2.7 1.5
1.68 1.82 2.64 1.46
1.76 1.8 2.52 1.32
1.68 1.52 2.94 1.46
1.7 1.86 2.68 1.54
1.74 1.72 2.74 1.46
1.78 1.76 2.68 1.44
1.72 1.92 2.56 1.48
1.7 1.78 2.6 1.38
1.76 2.04 2.54 1.58
1.7 2.0 2.52 1.52
1.76 1.82 2.72 1.54
1.76 1.9 2.52 1.42
1.78 1.74 2.82 1.56
1.76 1.96 2.6 1.56
1.78 1.82 2.66 1.48
1.7 1.92 2.5 1.42
1.7 1.88 2.58 1.46
1.76 1.82 2.68 1.5
1.78 1.88 2.62 1.5
1.66 1.64 2.9 1.54
1.78 1.86 2.7 1.56
1.76 1.94 2.54 1.48
1.78 1.96 2.52 1.48
1.72 1.98 2.54 1.52
1.7 1.7 2.86 1.56
1.76 1.98 2.6 1.58
1.7 1.9 2.62 1.52
1.68 1.9 2.66 1.56
1.88 2.06 2.44 1.5
1.76 1.66 2.86 1.52
1.74 1.76 2.78 1.54
1.86 1.9 2.54 1.44
1.84 1.72 2.78 1.5
1.76 2.0 2.56 1.56
1.58 1.58 2.94 1.52
1.76 1.92 2.54 1.46
1.76 1.88 2.64 1.52
1.82 2.02 2.56 1.58
1.8 1.76 2.62 1.38
1.76 1.98 2.66 1.64
1.84 2.0 2.4 1.4
1.74 1.72 2.76 1.48
1.7 1.84 2.74 1.58
1.8 2.04 2.44 1.48
1.76 1.72 2.74 1.46
1.84 2.12 2.46 1.58
1.82 1.8 2.64 1.44
1.78 1.88 2.58 1.46
1.68 1.76 2.78 1.54
1.68 1.68 2.82 1.5
1.82 1.78 2.52 1.3
1.66 1.66 2.84 1.5
1.74 1.74 2.72 1.46
1.72 1.74 2.78 1.52
1.68 1.68 2.86 1.54
1.7 1.94 2.72 1.66
1.7 1.78 2.68 1.46
1.78 1.86 2.62 1.48
1.76 1.92 2.46 1.38
1.82 2.02 2.56 1.58
1.64 1.96 2.5 1.46
1.74 1.68 2.8 1.48
1.72 2.1 2.48 1.58
1.7 1.66 2.78 1.44
1.8 2.04 2.54 1.58
1.66 1.78 2.84 1.62
1.72 1.86 2.66 1.52
1.82 1.92 2.7 1.62
1.68 1.78 2.74 1.52
1.72 1.62 2.8 1.42
1.74 1.84 2.7 1.54
1.7 2.04 2.48 1.52
1.74 1.82 2.62 1.44
1.84 1.88 2.54 1.42
1.8 2.08 2.36 1.44
1.68 1.88 2.64 1.52
1.6 1.9 2.54 1.44
1.78 1.78 2.66 1.44
1.72 1.72 2.86 1.58
1.82 1.76 2.76 1.52
1.76 1.86 2.7 1.56
1.7 1.82 2.72 1.54
1.72 1.72 2.62 1.34
1.74 1.74 2.72 1.46
1.62 1.74 2.68 1.42
1.78 1.76 2.64 1.4
1.8 1.94 2.62 1.56
1.76 1.98 2.48 1.46
1.84 1.86 2.62 1.48
1.76 1.88 2.58 1.46
1.78 1.9 2.54 1.44
1.78 2.12 2.36 1.48
1.7 1.82 2.7 1.52
1.64 1.7 2.78 1.48
1.74 1.8 2.68 1.48
1.72 2.04 2.44 1.48
1.72 1.88 2.66 1.54
1.7 1.84 2.54 1.38
1.78 1.92 2.6 1.52
1.68 1.88 2.56 1.44
1.74 1.76 2.78 1.54
1.82 1.88 2.6 1.48
1.74 1.68 2.8 1.48
1.72 1.92 2.66 1.58
1.8 1.66 2.82 1.48
1.8 1.94 2.52 1.46
1.88 2.02 2.54 1.56
1.86 1.98 2.5 1.48
1.74 2.08 2.38 1.46
1.78 2.02 2.56 1.58
1.82 1.94 2.52 1.46
1.82 1.84 2.68 1.52
1.78 1.6 2.86 1.46
1.78 2.04 2.42 1.46
1.78 1.98 2.48 1.46
1.78 1.96 2.54 1.5
1.74 1.8 2.7 1.5
1.64 1.6 2.84 1.44
1.76 2.04 2.54 1.58
1.76 1.96 2.6 1.56
1.68 1.8 2.7 1.5
1.84 2.02 2.58 1.6
1.76 1.72 2.74 1.46
1.82 1.76 2.66 1.42
1.74 1.76 2.78 1.54
1.7 1.98 2.54 1.52
1.74 1.92 2.54 1.46
1.74 1.84 2.72 1.56
1.74 2.02 2.54 1.56
1.7 1.72 2.7 1.42
1.7 1.86 2.64 1.5
1.72 1.84 2.58 1.42
1.54 1.82 2.66 1.48
1.78 2.1 2.44 1.54
1.62 1.64 2.82 1.46
1.68 1.94 2.56 1.5
1.74 1.74 2.74 1.48
1.74 1.66 2.92 1.58
1.8 1.9 2.66 1.56
1.72 1.9 2.58 1.48
1.76 1.94 2.58 1.52
1.68 1.76 2.62 1.38
1.72 1.7 2.7 1.4
1.78 1.9 2.56 1.46
1.74 1.74 2.72 1.46
1.72 1.9 2.58 1.48
1.76 1.82 2.6 1.42
1.72 1.96 2.54 1.5
1.76 1.92 2.46 1.38
1.74 1.76 2.72 1.48
1.82 1.88 2.58 1.46
1.78 1.78 2.62 1.4
1.66 1.5 2.94 1.44
1.72 1.82 2.56 1.38
1.78 1.68 2.76 1.44
1.72 1.76 2.64 1.4
1.72 1.9 2.54 1.44
1.72 1.9 2.64 1.54
1.76 1.96 2.52 1.48
1.74 1.72 2.86 1.58
1.74 2.0 2.58 1.58
1.74 1.86 2.7 1.56
1.76 2.02 2.5 1.52
1.7 1.92 2.46 1.38
1.8 1.82 2.8 1.62
1.78 1.86 2.52 1.38
1.76 2.02 2.52 1.54
1.84 1.66 2.84 1.5
1.7 1.76 2.74 1.5
1.8 1.92 2.64 1.56
1.74 1.82 2.72 1.54
1.68 1.72 2.72 1.44
1.7 1.64 2.74 1.38
1.78 1.84 2.58 1.42
1.76 1.88 2.58 1.46
1.74 1.7 2.74 1.44
1.8 2.12 2.38 1.5
1.7 1.74 2.7 1.44
1.76 1.88 2.66 1.54
1.78 1.96 2.42 1.38
1.76 1.76 2.86 1.62
1.8 2.08 2.38 1.46
1.78 1.8 2.66 1.46
1.76 1.86 2.52 1.38
1.8 2.06 2.34 1.4
1.7 1.72 2.78 1.5
1.76 1.86 2.74 1.6
1.74 1.72 2.82 1.54
1.8 2.14 2.32 1.46
1.68 1.74 2.76 1.5
1.82 1.8 2.72 1.52
1.7 1.82 2.64 1.46
1.72 2.06 2.46 1.52
1.76 1.78 2.68 1.46
1.68 1.72 2.72 1.44
1.76 1.74 2.68 1.42
1.7 1.88 2.7 1.58
1.7 1.94 2.62 1.56
1.74 1.86 2.5 1.36
1.72 1.98 2.6 1.58
1.82 1.92 2.6 1.52
1.7 1.98 2.56 1.54
1.64 1.72 2.78 1.5
1.74 1.92 2.5 1.42
1.72 1.86 2.6 1.46
1.76 1.68 2.84 1.52
1.88 2.22 2.38 1.6
1.74 1.46 3.0 1.46
1.72 1.8 2.72 1.52
1.72 1.96 2.48 1.44
1.74 1.92 2.54 1.46
1.86 2.02 2.46 1.48
1.72 1.72 2.7 1.42
1.68 1.72 2.78 1.5
1.78 1.82 2.74 1.56
1.88 2.04 2.38 1.42
1.64 1.76 2.72 1.48
1.8 1.88 2.62 1.5
1.7 1.74 2.7 1.44
1.82 1.78 2.64 1.42
1.72 1.68 2.84 1.52
1.72 1.66 2.84 1.5
1.78 1.78 2.66 1.44
1.76 1.82 2.6 1.42
1.78 1.88 2.64 1.52
1.68 1.68 2.7 1.38
1.74 2.14 2.34 1.48
1.72 1.9 2.62 1.52
1.88 2.04 2.48 1.52
1.74 1.68 2.7 1.38
1.82 1.82 2.72 1.54
1.88 1.94 2.44 1.38
1.7 1.94 2.54 1.48
1.74 1.88 2.6 1.48
1.66 1.78 2.84 1.62
1.74 1.72 2.76 1.48
1.76 1.76 2.7 1.46
1.78 2.04 2.46 1.5
1.78 1.74 2.74 1.48
1.84 2.04 2.5 1.54
1.62 1.74 2.82 1.56
1.7 1.9 2.6 1.5
1.66 1.8 2.76 1.56
1.76 1.86 2.58 1.44
1.84 1.8 2.7 1.5
1.72 1.88 2.52 1.4
1.72 1.96 2.5 1.46
1.72 1.92 2.68 1.6
1.72 1.94 2.44 1.38
1.72 2.06 2.54 1.6
1.86 1.9 2.6 1.5
1.8 1.78 2.68 1.46
1.64 1.92 2.6 1.52
1.76 1.78 2.66 1.44
1.82 1.7 2.78 1.48
1.7 1.8 2.62 1.42
1.66 1.86 2.6 1.46
1.8 2.1 2.34 1.44
1.8 1.92 2.54 1.46
1.8 1.98 2.46 1.44
1.74 1.66 2.88 1.54
1.78 1.96 2.64 1.6
1.7 1.66 2.84 1.5
1.8 2.06 2.44 1.5
1.84 1.96 2.46 1.42
1.8 2.0 2.6 1.6
1.88 2.1 2.34 1.44
1.66 1.66 2.8 1.46
1.64 1.76 2.76 1.52
1.76 1.82 2.64 1.46
1.68 1.76 2.76 1.52
1.74 1.98 2.6 1.58
1.7 1.9 2.72 1.62
1.86 2.0 2.62 1.62
1.78 1.64 2.74 1.38
1.78 2.0 2.54 1.54
1.72 1.72 2.76 1.48
1.8 1.94 2.44 1.38
1.78 2.22 2.34 1.56
1.62 1.66 2.76 1.42
1.68 2.04 2.48 1.52
1.8 2.08 2.56 1.64
1.64 1.8 2.7 1.5
1.76 1.8 2.78 1.58
1.8 2.24 2.26 1.5
1.8 1.96 2.58 1.54
1.76 1.9 2.68 1.58
1.74 1.8 2.68 1.48
1.78 1.96 2.54 1.5
1.8 2.1 2.54 1.64
1.76 1.9 2.54 1.44
1.76 2.0 2.4 1.4
1.62 1.74 2.7 1.44
1.74 2.06 2.64 1.7
1.82 2.14 2.36 1.5
1.7 2.02 2.54 1.56
1.72 1.98 2.54 1.52
1.78 1.66 2.84 1.5
1.8 1.96 2.5 1.46
1.72 1.74 2.64 1.38
1.62 1.68 2.84 1.52
1.8 1.92 2.58 1.5
1.84 2.06 2.4 1.46
1.76 1.82 2.64 1.46
1.84 1.96 2.54 1.5
1.8 2.06 2.5 1.56
1.76 2.0 2.56 1.56
1.76 1.86 2.72 1.58
1.84 1.72 2.88 1.6
1.76 1.92 2.72 1.64
1.76 2.02 2.44 1.46
1.78 1.68 2.78 1.46
1.82 1.8 2.64 1.44
1.8 2.24 2.4 1.64
1.88 1.86 2.62 1.48
1.7 1.86 2.7 1.56
1.8 1.98 2.38 1.36
1.76 1.88 2.58 1.46
1.8 1.6 3.02 1.62
1.78 1.74 2.7 1.44
1.8 2.16 2.36 1.52
1.68 1.68 2.8 1.48
1.7 1.66 2.86 1.52
1.74 1.66 2.84 1.5
1.64 1.88 2.68 1.56
1.76 1.94 2.54 1.48
1.68 1.74 2.76 1.5
1.72 2.04 2.54 1.58
1.8 1.94 2.6 1.54
1.82 1.96 2.5 1.46
1.84 1.98 2.58 1.56
1.74 2.04 2.52 1.56
1.86 2.14 2.42 1.56
1.72 1.64 2.98 1.62
1.6 1.52 2.9 1.42
1.84 1.82 2.6 1.42
1.86 2.0 2.38 1.38
1.8 2.06 2.42 1.48
1.7 1.74 2.72 1.46
1.82 1.88 2.6 1.48
1.66 1.76 2.78 1.54
1.7 1.98 2.4 1.38
1.7 1.78 2.66 1.44
1.76 1.96 2.48 1.44
1.86 2.1 2.36 1.46
1.72 2.0 2.56 1.56
1.82 1.92 2.58 1.5
1.62 1.92 2.66 1.58
1.7 1.92 2.7 1.62
1.8 1.9 2.58 1.48
1.84 1.76 2.72 1.48
1.8 1.82 2.68 1.5
1.68 1.72 2.72 1.44
1.76 1.84 2.62 1.46
1.74 1.8 2.72 1.52
1.72 1.74 2.8 1.54
1.68 1.7 2.9 1.6
1.78 1.78 2.78 1.56
1.8 2.06 2.46 1.52
1.68 1.96 2.6 1.56
1.72 1.78 2.74 1.52
1.64 1.78 2.74 1.52
1.84 1.92 2.54 1.46
1.86 1.98 2.54 1.52
1.72 1.82 2.68 1.5
1.76 2.0 2.5 1.5
1.74 1.84 2.52 1.36
1.74 1.82 2.64 1.46
1.86 2.1 2.3 1.4
1.74 1.76 2.78 1.54
1.92 2.22 2.34 1.56
1.74 1.92 2.66 1.58
1.72 1.82 2.66 1.48
1.8 1.86 2.48 1.34
1.76 1.78 2.78 1.56
1.7 1.74 2.72 1.46
1.8 1.98 2.5 1.48
1.84 2.12 2.46 1.58
1.74 1.7 2.72 1.42
1.74 1.84 2.82 1.66
1.8 1.82 2.76 1.58
1.82 1.96 2.54 1.5
1.86 2.2 2.24 1.44
1.8 1.96 2.62 1.58
1.84 2.18 2.3 1.48
1.78 1.86 2.64 1.5
1.66 2.04 2.56 1.6
1.68 1.86 2.56 1.42
1.86 2.02 2.48 1.5
1.78 1.86 2.66 1.52
1.7 1.7 2.76 1.46
1.72 1.76 2.78 1.54
1.78 1.92 2.54 1.46
1.76 1.66 2.68 1.34
1.78 2.08 2.48 1.56
1.78 2.0 2.6 1.6
1.7 1.86 2.64 1.5
1.66 1.78 2.68 1.46
1.74 1.84 2.76 1.6
1.68 1.54 2.94 1.48
1.82 2.22 2.52 1.74
1.8 2.08 2.5 1.58
1.84 2.2 2.24 1.44
1.8 1.74 2.68 1.42
1.78 2.0 2.4 1.4
1.78 1.64 2.66 1.3
1.78 1.98 2.52 1.5
1.78 2.02 2.42 1.44
1.72 2.06 2.46 1.52
1.76 1.9 2.7 1.6
1.74 1.7 2.76 1.46
1.68 1.68 2.88 1.56
1.68 1.76 2.7 1.46
1.8 1.96 2.52 1.48
1.66 1.78 2.8 1.58
1.76 1.88 2.62 1.5
1.64 1.66 2.76 1.42
1.64 1.84 2.62 1.46
1.64 1.72 2.7 1.42
1.64 1.78 2.76 1.54
1.7 1.56 2.96 1.52
1.72 2.02 2.52 1.54
1.72 1.66 2.88 1.54
1.72 1.64 2.82 1.46
1.84 2.1 2.46 1.56
1.68 1.7 2.7 1.4
1.74 1.72 2.74 1.46
1.68 1.8 2.72 1.52
1.72 1.7 2.76 1.46
1.78 1.84 2.68 1.52
1.62 1.66 2.9 1.56
1.86 2.24 2.3 1.54
1.54 1.78 2.8 1.58
1.66 1.88 2.68 1.56
1.72 1.88 2.4 1.28
1.76 1.62 2.86 1.48
1.74 1.82 2.74 1.56
1.78 1.8 2.74 1.54
1.68 2.0 2.48 1.48
1.78 1.76 2.58 1.34
1.74 1.9 2.68 1.58
1.78 1.74 2.68 1.42
1.8 1.92 2.58 1.5
1.9 2.24 2.4 1.64
1.7 1.86 2.52 1.38
1.72 1.64 2.74 1.38
1.7 1.82 2.66 1.48
1.74 1.88 2.52 1.4
1.68 1.92 2.58 1.5
1.76 1.78 2.72 1.5
1.68 1.76 2.78 1.54
1.8 1.88 2.5 1.38
1.74 1.8 2.68 1.48
1.84 2.02 2.48 1.5
1.74 1.94 2.6 1.54
1.74 1.74 2.68 1.42
1.76 1.76 2.78 1.54
1.66 1.68 2.8 1.48
1.64 1.78 2.76 1.54
1.8 1.7 2.76 1.46
1.78 1.84 2.72 1.56
1.8 2.06 2.38 1.44
1.72 1.8 2.7 1.5
1.76 1.96 2.58 1.54
1.82 1.94 2.54 1.48
1.6 1.84 2.66 1.5
1.76 2.08 2.46 1.54
1.76 1.92 2.5 1.42
1.82 1.96 2.64 1.6
1.82 1.92 2.48 1.4
1.7 1.84 2.78 1.62
1.82 2.04 2.48 1.52
1.78 1.56 2.8 1.36
1.78 1.82 2.64 1.46
1.72 2.02 2.52 1.54
1.82 1.98 2.52 1.5
1.78 1.74 2.7 1.44
1.8 1.82 2.66 1.48
1.74 1.78 2.78 1.56
1.58 1.66 2.82 1.48
1.82 1.92 2.62 1.54
1.8 2.06 2.58 1.64
1.74 1.92 2.52 1.44
1.72 2.02 2.42 1.44
1.62 1.88 2.72 1.6
1.68 1.74 2.76 1.5
1.76 1.78 2.7 1.48
1.8 2.06 2.48 1.54
1.78 1.9 2.56 1.46
1.84 1.96 2.6 1.56
1.8 1.98 2.62 1.6
1.8 2.06 2.46 1.52
1.72 1.6 2.9 1.5
1.86 1.8 2.7 1.5
1.68 1.8 2.7 1.5
1.72 1.8 2.74 1.54
1.66 2.04 2.44 1.48
1.6 1.78 2.72 1.5
1.6 1.76 2.74 1.5
1.8 1.86 2.64 1.5
1.68 1.64 2.76 1.4
1.72 1.9 2.56 1.46
1.84 2.02 2.46 1.48
1.72 1.58 2.82 1.4
1.8 1.84 2.68 1.52
1.7 1.84 2.66 1.5
1.74 2.0 2.54 1.54
1.82 1.92 2.7 1.62
1.7 1.78 2.7 1.48
1.68 1.86 2.58 1.44
1.8 2.26 2.32 1.58
1.8 2.0 2.5 1.5
1.82 1.98 2.52 1.5
1.68 1.82 2.74 1.56
1.76 1.72 2.82 1.54
1.82 2.1 2.42 1.52
1.74 1.68 2.9 1.58
1.78 1.92 2.5 1.42
1.82 1.64 2.82 1.46
1.74 1.94 2.56 1.5
1.82 1.94 2.5 1.44
1.72 1.9 2.7 1.6
1.78 2.02 2.52 1.54
1.78 2.02 2.42 1.44
1.76 1.88 2.6 1.48
1.78 2.14 2.32 1.46
1.74 1.9 2.62 1.52
1.72 1.84 2.68 1.52
1.68 1.94 2.52 1.46
1.86 2.18 2.48 1.66
1.72 1.86 2.64 1.5
1.68 1.7 2.82 1.52
1.82 1.98 2.44 1.42
1.76 1.98 2.6 1.58
1.7 1.84 2.68 1.52
1.74 1.82 2.78 1.6
1.88 2.18 2.42 1.6
1.68 1.76 2.76 1.52
1.82 1.82 2.68 1.5
1.66 1.64 2.84 1.48
1.78 2.04 2.6 1.64
1.78 2.18 2.38 1.56
1.64 1.98 2.54 1.52
1.82 2.0 2.46 1.46
1.78 1.88 2.46 1.34
1.68 1.96 2.56 1.52
1.68 1.86 2.68 1.54
1.7 1.82 2.56 1.38
1.86 1.84 2.76 1.6
1.72 1.84 2.52 1.36
1.74 1.9 2.58 1.48
1.74 1.9 2.66 1.56
1.76 1.8 2.7 1.5
1.78 1.98 2.62 1.6
1.7 2.0 2.56 1.56
1.76 2.0 2.48 1.48
1.66 1.84 2.74 1.58
1.8 1.96 2.54 1.5
1.82 1.82 2.58 1.4
1.72 1.66 2.86 1.52
1.76 1.94 2.48 1.42
1.74 2.06 2.56 1.62
1.82 1.8 2.62 1.42
1.74 1.92 2.52 1.44
1.78 1.88 2.58 1.46
1.84 2.0 2.6 1.6
1.76 1.86 2.62 1.48
1.74 1.82 2.64 1.46
1.74 2.08 2.52 1.6
1.66 1.74 2.68 1.42
1.8 2.1 2.52 1.62
1.72 2.16 2.5 1.66
1.72 1.76 2.7 1.46
1.84 1.98 2.6 1.58
1.76 2.02 2.54 1.56
1.72 1.94 2.66 1.6
1.82 2.12 2.4 1.52
1.66 1.74 2.86 1.6
1.72 1.74 2.84 1.58
1.74 1.72 2.7 1.42
1.76 2.12 2.42 1.54
1.76 1.74 2.76 1.5
1.82 1.94 2.66 1.6
1.74 1.78 2.78 1.56
1.74 1.72 2.76 1.48
1.68 1.68 2.72 1.4
1.66 1.84 2.76 1.6
1.76 1.9 2.56 1.46
1.62 1.68 2.82 1.5
1.66 1.88 2.64 1.52
1.74 1.5 2.9 1.4
1.64 1.82 2.74 1.56
1.68 1.7 2.76 1.46
1.74 2.12 2.48 1.6
1.66 1.6 2.94 1.54
1.84 2.3 2.18 1.48
1.9 2.38 2.26 1.64
1.74 2.0 2.48 1.48
1.82 1.8 2.56 1.36
1.76 1.98 2.6 1.58
1.7 1.92 2.72 1.64
1.84 2.24 2.32 1.56
1.8 1.8 2.68 1.48
1.7 1.8 2.62 1.42
1.7 1.96 2.54 1.5
1.82 2.2 2.34 1.54
1.78 2.02 2.36 1.38
1.84 1.94 2.6 1.54
1.7 1.9 2.58 1.48
1.76 1.92 2.54 1.46
1.74 2.0 2.38 1.38
1.78 1.8 2.68 1.48
1.74 2.1 2.4 1.5
1.72 1.96 2.54 1.5
1.76 1.94 2.58 1.52
1.72 1.94 2.54 1.48
1.8 2.02 2.4 1.42
1.8 1.96 2.5 1.46
1.84 1.92 2.48 1.4
1.8 2.06 2.5 1.56
1.74 1.82 2.72 1.54
1.74 1.74 2.78 1.52
1.82 2.16 2.34 1.5
1.78 2.04 2.5 1.54
1.78 1.9 2.66 1.56
1.76 1.88 2.66 1.54
1.78 1.72 2.8 1.52
1.76 2.04 2.62 1.66
1.76 1.92 2.62 1.54
1.8 1.98 2.56 1.54
1.78 1.88 2.64 1.52
1.8 1.74 2.92 1.66
1.8 2.0 2.52 1.52
1.7 1.78 2.78 1.56
1.72 1.94 2.58 1.52
1.72 2.1 2.42 1.52
1.84 1.88 2.64 1.52
1.76 1.74 2.68 1.42
1.7 1.88 2.66 1.54
1.78 2.02 2.44 1.46
1.74 1.78 2.74 1.52
1.64 1.58 2.88 1.46
1.8 1.78 2.7 1.48
1.74 1.72 2.8 1.52
1.82 1.7 2.76 1.46
1.72 1.82 2.7 1.52
1.82 1.84 2.58 1.42
1.62 1.6 2.84 1.44
1.82 2.18 2.36 1.54
1.72 1.8 2.82 1.62
1.62 1.64 2.84 1.48
1.82 1.92 2.58 1.5
1.78 1.98 2.7 1.68
1.72 1.84 2.64 1.48
1.78 2.1 2.5 1.6
1.76 2.0 2.54 1.54
1.66 1.74 2.74 1.48
1.82 1.98 2.44 1.42
1.72 1.9 2.7 1.6
1.86 2.18 2.48 1.66
1.76 1.92 2.64 1.56
1.78 1.88 2.6 1.48
1.72 1.96 2.52 1.48
1.82 1.9 2.54 1.44
1.7 1.72 2.82 1.54
1.56 1.84 2.6 1.44
1.78 1.76 2.7 1.46
1.68 1.9 2.7 1.6
1.8 1.96 2.56 1.52
1.76 1.9 2.5 1.4
1.68 1.56 2.96 1.52
1.86 1.98 2.52 1.5
1.8 1.84 2.74 1.58
1.8 2.02 2.44 1.46
1.68 1.66 2.72 1.38
1.66 1.84 2.6 1.44
1.62 1.68 2.88 1.56
1.72 2.14 2.4 1.54
1.76 2.02 2.54 1.56
1.82 1.82 2.6 1.42
1.78 1.66 2.84 1.5
1.74 1.94 2.62 1.56
1.82 2.3 2.26 1.56
1.74 1.84 2.64 1.48
1.74 1.98 2.48 1.46
1.74 2.1 2.5 1.6
1.82 1.66 2.92 1.58
1.74 1.96 2.56 1.52
1.72 1.6 2.92 1.52
1.84 2.02 2.4 1.42
1.78 1.94 2.7 1.64
1.6 1.58 2.88 1.46
1.7 1.82 2.78 1.6
1.82 2.08 2.48 1.56
1.76 1.92 2.6 1.52
1.76 1.86 2.52 1.38
1.72 1.8 2.78 1.58
1.76 2.08 2.46 1.54
1.64 1.66 2.82 1.48
1.7 1.88 2.52 1.4
1.84 1.96 2.44 1.4
1.66 1.74 2.76 1.5
1.78 1.96 2.62 1.58
1.7 1.74 2.58 1.32
1.76 1.72 2.78 1.5
1.82 1.86 2.6 1.46
1.82 2.1 2.54 1.64
1.8 1.9 2.62 1.52
1.7 1.7 2.88 1.58
1.78 1.88 2.64 1.52
1.72 1.78 2.68 1.46
1.72 1.96 2.56 1.52
1.74 1.76 2.74 1.5
1.7 1.8 2.66 1.46
1.78 2.0 2.52 1.52
1.78 2.0 2.48 1.48
1.78 1.76 2.62 1.38
1.66 1.82 2.64 1.46
1.78 1.94 2.62 1.56
1.72 1.98 2.58 1.56
1.66 1.6 2.8 1.4
1.72 1.76 2.68 1.44
1.7 1.56 2.96 1.52
1.76 1.98 2.58 1.56
1.7 1.74 2.88 1.62
1.72 1.9 2.64 1.54
1.78 1.96 2.56 1.52
1.72 1.68 2.66 1.34
1.74 1.8 2.68 1.48
1.7 1.86 2.58 1.44
1.72 1.86 2.68 1.54
1.72 1.7 2.78 1.48
1.82 1.98 2.66 1.64
1.76 1.96 2.58 1.54
1.72 1.88 2.58 1.46
1.72 1.66 2.92 1.58
1.76 2.0 2.58 1.58
1.82 1.98 2.5 1.48
1.84 2.08 2.5 1.58
1.84 1.96 2.5 1.46
1.8 1.86 2.64 1.5
1.78 1.66 2.78 1.44
1.66 1.84 2.6 1.44
1.78 1.94 2.52 1.46
1.84 1.94 2.56 1.5
1.68 1.78 2.6 1.38
1.82 1.88 2.7 1.58
1.7 1.86 2.6 1.46
1.58 1.66 2.8 1.46
1.7 1.82 2.7 1.52
1.74 2.0 2.48 1.48
1.66 1.9 2.7 1.6
1.66 1.76 2.86 1.62
1.7 1.74 2.72 1.46
1.8 1.84 2.58 1.42
1.64 1.76 2.82 1.58
1.66 1.78 2.74 1.52
1.7 1.68 2.76 1.44
1.84 2.08 2.46 1.54
1.66 1.56 2.88 1.44
1.68 1.64 2.76 1.4
1.78 1.96 2.68 1.64
1.72 1.76 2.64 1.4
1.72 1.76 2.76 1.52
1.8 1.94 2.6 1.54
1.78 1.9 2.6 1.5
1.8 2.0 2.64 1.64
1.88 2.08 2.3 1.38
1.7 1.88 2.6 1.48
1.76 1.78 2.68 1.46
1.66 1.52 2.9 1.42
1.78 1.8 2.7 1.5
1.84 1.8 2.68 1.48
1.7 1.8 2.66 1.46
1.72 1.64 2.9 1.54
1.76 1.84 2.56 1.4
1.68 1.66 2.98 1.64
1.76 2.0 2.6 1.6
1.6 1.92 2.7 1.62
1.68 1.62 2.94 1.56
1.72 1.82 2.66 1.48
1.76 2.04 2.5 1.54
1.78 1.8 2.68 1.48
1.7 1.84 2.76 1.6
1.72 1.8 2.68 1.48
1.68 1.62 2.82 1.44
1.86 2.24 2.3 1.54
1.68 2.02 2.56 1.58
1.66 1.72 2.88 1.6
1.76 1.82 2.6 1.42
1.82 1.88 2.62 1.5
1.8 2.06 2.5 1.56
1.74 1.86 2.86 1.72
1.82 2.06 2.42 1.48
1.84 1.74 2.64 1.38
1.78 1.98 2.5 1.48
1.76 1.76 2.66 1.42
1.84 1.92 2.6 1.52
1.78 1.78 2.68 1.46
1.78 1.9 2.6 1.5
1.78 1.74 2.8 1.54
1.7 1.82 2.76 1.58
1.66 1.84 2.7 1.54
1.72 1.9 2.64 1.54
1.66 1.86 2.66 1.52
1.8 1.94 2.6 1.54
1.74 2.04 2.68 1.72
1.78 2.0 2.5 1.5
1.78 1.56 2.86 1.42
1.76 1.98 2.48 1.46
1.88 1.9 2.54 1.44
1.74 1.82 2.68 1.5
1.84 2.18 2.28 1.46
1.7 1.92 2.52 1.44
1.76 1.68 2.78 1.46
1.72 1.84 2.76 1.6
1.7 2.1 2.46 1.56
1.8 1.74 2.72 1.46
1.64 1.84 2.64 1.48
1.78 1.96 2.6 1.56
1.64 1.62 2.84 1.46
1.68 1.78 2.72 1.5
1.78 1.88 2.7 1.58
1.68 1.68 2.82 1.5
1.78 1.86 2.72 1.58
1.8 1.86 2.6 1.46
1.8 1.92 2.66 1.58
1.72 1.88 2.52 1.4
1.76 1.76 2.68 1.44
1.68 1.78 2.72 1.5
1.7 1.62 3.0 1.62
1.68 1.58 2.9 1.48
1.62 1.84 2.68 1.52
1.72 1.8 2.62 1.42
1.78 1.9 2.52 1.42
1.78 1.94 2.54 1.48
1.78 1.82 2.68 1.5
1.62 1.76 2.76 1.52
1.64 1.78 2.7 1.48
1.76 2.02 2.5 1.52
1.8 1.88 2.58 1.46
1.72 1.74 2.76 1.5
1.78 1.76 2.68 1.44
1.78 2.14 2.44 1.58
1.74 2.1 2.44 1.54
1.74 1.88 2.64 1.52
1.66 1.68 2.76 1.44
1.76 1.74 2.76 1.5
1.72 1.66 2.74 1.4
1.68 1.66 2.8 1.46
1.82 1.98 2.52 1.5
1.74 1.78 2.64 1.42
1.82 1.84 2.62 1.46
1.68 1.84 2.76 1.6
1.74 2.04 2.46 1.5
1.72 1.84 2.66 1.5
1.7 1.84 2.54 1.38
1.74 1.8 2.68 1.48
1.74 1.78 2.62 1.4
1.74 1.58 2.78 1.36
1.74 2.06 2.42 1.48
1.8 2.02 2.64 1.66
1.78 1.84 2.66 1.5
1.7 1.88 2.7 1.58
1.76 1.82 2.7 1.52
1.74 2.06 2.5 1.56
1.8 1.9 2.64 1.54
1.76 2.12 2.42 1.54
1.88 2.2 2.38 1.58
1.76 1.78 2.72 1.5
1.76 2.02 2.5 1.52
1.7 1.56 2.9 1.46
1.72 1.66 2.86 1.52
1.84 2.04 2.4 1.44
1.74 1.78 2.72 1.5
1.72 1.64 2.74 1.38
1.78 1.92 2.5 1.42
1.66 1.78 2.68 1.46
1.84 2.06 2.42 1.48
1.74 1.78 2.8 1.58
1.82 1.74 2.76 1.5
1.8 2.14 2.46 1.6
1.8 2.04 2.62 1.66
1.74 1.7 2.8 1.5
1.82 2.0 2.56 1.56
1.78 2.12 2.36 1.48
1.74 1.92 2.44 1.36
1.68 1.86 2.74 1.6
1.84 2.04 2.42 1.46
1.86 1.98 2.46 1.44
1.78 1.9 2.64 1.54
1.84 1.9 2.68 1.58
1.78 1.82 2.6 1.42
1.64 1.86 2.68 1.54
1.78 2.0 2.56 1.56
1.72 1.64 2.86 1.5
1.84 2.04 2.48 1.52
1.78 1.64 2.88 1.52
1.8 2.06 2.4 1.46
1.78 2.04 2.52 1.56
1.8 1.9 2.56 1.46
1.8 2.0 2.42 1.42
1.62 1.72 2.7 1.42
1.68 1.72 2.84 1.56
1.74 1.72 2.6 1.32
1.6 1.62 2.82 1.44
1.78 2.18 2.4 1.58
1.74 1.78 2.7 1.48
1.72 1.94 2.5 1.44
1.8 1.88 2.48 1.36
1.66 1.72 2.78 1.5
1.74 1.74 2.74 1.48
1.88 2.12 2.48 1.6
1.68 1.62 2.8 1.42
1.7 1.76 2.72 1.48
1.66 1.82 2.64 1.46
1.76 1.74 2.8 1.54
1.78 1.86 2.64 1.5
1.72 1.8 2.64 1.44
1.76 2.1 2.34 1.44
1.76 1.68 2.66 1.34
1.84 2.02 2.34 1.36
1.78 1.94 2.66 1.6
1.8 1.78 2.62 1.4
1.78 1.88 2.68 1.56
1.82 1.92 2.52 1.44
1.62 1.62 2.8 1.42
1.72 1.88 2.6 1.48
1.8 1.74 2.68 1.42
1.66 1.58 2.92 1.5
1.78 2.0 2.5 1.5
1.86 1.88 2.62 1.5
1.8 1.82 2.64 1.46
1.82 1.92 2.5 1.42
1.72 1.86 2.66 1.52
1.8 1.72 2.86 1.58
1.74 1.84 2.64 1.48
1.64 1.58 2.9 1.48
1.72 2.04 2.58 1.62
1.82 2.12 2.44 1.56
1.72 2.06 2.56 1.62
1.72 1.96 2.56 1.52
1.8 1.92 2.56 1.48
1.72 2.0 2.58 1.58
1.8 1.98 2.54 1.52
1.72 2.06 2.56 1.62
1.76 1.84 2.74 1.58
1.82 1.72 2.7 1.42
1.8 1.96 2.44 1.4
1.7 1.9 2.64 1.54
1.68 1.82 2.58 1.4
1.76 2.02 2.56 1.58
1.68 1.76 2.78 1.54
1.8 1.84 2.54 1.38
1.6 1.86 2.76 1.62
1.78 1.84 2.7 1.54
1.74 1.88 2.76 1.64
1.82 1.96 2.56 1.52
1.66 1.68 2.74 1.42
1.68 1.82 2.64 1.46
1.8 1.98 2.58 1.56
1.8 2.02 2.52 1.54
1.86 2.14 2.42 1.56
1.78 1.82 2.68 1.5
1.8 2.04 2.54 1.58
1.76 2.02 2.52 1.54
1.72 2.06 2.56 1.62
1.84 1.82 2.64 1.46
1.82 1.92 2.62 1.54
1.74 1.92 2.46 1.38
1.66 1.72 2.74 1.46
1.76 1.78 2.74 1.52
1.74 1.88 2.62 1.5
1.7 2.02 2.54 1.56
1.82 1.8 2.68 1.48
1.78 2.14 2.5 1.64
1.76 2.16 2.46 1.62
1.62 1.6 2.76 1.36
1.82 1.86 2.48 1.34
1.64 1.68 2.86 1.54
1.74 1.74 2.72 1.46
1.74 1.88 2.64 1.52
1.7 1.86 2.64 1.5
1.86 2.0 2.52 1.52
1.76 1.84 2.68 1.52
1.72 1.88 2.58 1.46
1.7 1.84 2.68 1.52
1.8 1.82 2.64 1.46
1.76 2.06 2.36 1.42
1.82 1.94 2.64 1.58
1.92 2.3 2.28 1.58
1.84 2.06 2.52 1.58
1.8 1.86 2.64 1.5
1.68 1.92 2.52 1.44
1.86 1.96 2.54 1.5
1.72 1.86 2.58 1.44
1.72 1.76 2.72 1.48
1.6 1.74 2.84 1.58
1.74 2.08 2.5 1.58
1.68 2.02 2.56 1.58
1.74 1.84 2.7 1.54
1.66 1.84 2.6 1.44
1.76 1.82 2.68 1.5
1.74 1.68 2.64 1.32
1.84 2.12 2.32 1.44
1.7 1.9 2.64 1.54
1.74 1.68 2.82 1.5
1.74 2.08 2.5 1.58
1.8 2.12 2.46 1.58
1.66 1.84 2.68 1.52
1.74 1.86 2.64 1.5
1.74 1.88 2.66 1.54
1.78 1.68 2.74 1.42
1.86 1.92 2.58 1.5
1.66 1.74 2.8 1.54
1.78 2.02 2.56 1.58
1.76 1.88 2.64 1.52
1.76 2.06 2.46 1.52
1.6 1.7 2.88 1.58
1.8 1.98 2.54 1.52
1.6 1.62 2.92 1.54
1.8 1.86 2.68 1.54
1.82 2.26 2.44 1.7
1.78 2.06 2.42 1.48
1.62 1.6 2.88 1.48
1.76 1.94 2.52 1.46
1.68 1.8 2.62 1.42
1.74 1.9 2.74 1.64
1.82 1.86 2.62 1.48
1.72 1.68 2.86 1.54
1.84 1.98 2.4 1.38
1.62 1.78 2.74 1.52
1.82 2.0 2.48 1.48
1.76 1.82 2.62 1.44
1.88 2.06 2.38 1.44
1.66 1.5 2.86 1.36
1.8 2.12 2.32 1.44
1.72 1.98 2.54 1.52
1.74 1.92 2.56 1.48
1.72 1.56 2.94 1.5
1.82 1.94 2.52 1.46
1.76 1.92 2.44 1.36
1.86 1.92 2.58 1.5
1.74 1.56 3.02 1.58
1.76 1.82 2.76 1.58
1.64 1.64 2.84 1.48
1.84 2.04 2.56 1.6
1.7 1.68 2.84 1.52
1.84 1.82 2.62 1.44
1.86 1.98 2.54 1.52
1.88 1.78 2.72 1.5
1.7 1.64 2.98 1.62
1.76 1.94 2.54 1.48
1.74 1.82 2.6 1.42
1.76 2.18 2.44 1.62
1.72 1.72 2.66 1.38
1.78 1.74 2.72 1.46
1.8 1.82 2.7 1.52
1.7 1.76 2.7 1.46
1.86 2.02 2.46 1.48
1.72 1.66 2.76 1.42
1.6 1.7 2.92 1.62
1.72 1.9 2.62 1.52
1.82 1.98 2.46 1.44
1.74 1.82 2.64 1.46
1.86 2.04 2.6 1.64
1.68 1.64 2.96 1.6
1.7 1.9 2.6 1.5
1.68 1.94 2.52 1.46
1.7 1.68 2.92 1.6
1.74 1.78 2.68 1.46
1.7 1.8 2.58 1.38
1.8 1.78 2.66 1.44
1.82 2.04 2.4 1.44
1.72 1.92 2.66 1.58
1.64 1.94 2.56 1.5
1.68 1.66 2.8 1.46
1.76 1.72 2.78 1.5
1.72 1.7 2.72 1.42
1.78 1.86 2.74 1.6
1.76 1.9 2.66 1.56
1.72 1.68 2.72 1.4
1.72 1.94 2.6 1.54
1.78 1.98 2.54 1.52
1.7 2.08 2.5 1.58
1.8 2.08 2.48 1.56
1.82 2.26 2.3 1.56
1.76 1.94 2.56 1.5
1.76 1.8 2.7 1.5
1.76 1.98 2.4 1.38
1.76 2.06 2.44 1.5
1.78 1.94 2.58 1.52
1.76 1.82 2.62 1.44
1.7 1.92 2.58 1.5
1.64 1.76 2.76 1.52
1.64 1.66 2.76 1.42
1.78 2.14 2.34 1.48
1.82 2.0 2.44 1.44
1.78 1.74 2.66 1.4
1.84 1.8 2.7 1.5
1.74 1.9 2.56 1.46
1.9 2.14 2.4 1.54
1.7 1.72 2.74 1.46
1.9 1.86 2.64 1.5
1.84 1.84 2.62 1.46
1.68 1.68 2.84 1.52
1.72 1.82 2.72 1.54
1.78 1.84 2.76 1.6
1.82 1.94 2.7 1.64
1.82 1.94 2.52 1.46
1.86 2.06 2.44 1.5
1.76 1.82 2.72 1.54
1.74 1.9 2.74 1.64
1.72 1.86 2.6 1.46
1.76 1.98 2.5 1.48
1.78 2.02 2.46 1.48
1.64 1.6 2.68 1.28
1.68 2.14 2.42 1.56
1.76 1.88 2.6 1.48
1.68 1.72 2.66 1.38
1.86 1.94 2.56 1.5
1.78 1.98 2.48 1.46
1.78 1.72 2.76 1.48
1.76 1.92 2.62 1.54
1.76 1.86 2.62 1.48
1.74 1.92 2.5 1.42
1.64 1.76 2.66 1.42
1.72 1.64 2.92 1.56
1.76 2.0 2.56 1.56
1.7 1.74 2.68 1.42
1.74 2.12 2.5 1.62
1.68 2.04 2.6 1.64
1.68 1.68 2.76 1.44
1.76 1.8 2.64 1.44
1.8 1.9 2.6 1.5
1.68 1.96 2.5 1.46
1.72 1.76 2.68 1.44
1.82 2.28 2.3 1.58
1.66 1.68 2.64 1.32
1.72 1.72 2.72 1.44
1.62 1.6 2.84 1.44
1.72 1.82 2.68 1.5
1.76 2.04 2.48 1.52
1.68 1.76 2.78 1.54
1.78 1.98 2.36 1.34
1.68 1.9 2.52 1.42
1.8 1.84 2.76 1.6
1.76 1.78 2.66 1.44
1.74 2.12 2.42 1.54
1.68 1.96 2.56 1.52
1.74 1.68 2.76 1.44
1.62 1.66 2.96 1.62
1.74 1.96 2.6 1.56
1.74 1.78 2.78 1.56
1.68 1.68 2.88 1.56
1.82 2.1 2.5 1.6
1.8 1.92 2.54 1.46
1.84 2.04 2.52 1.56
1.78 1.98 2.48 1.46
1.78 1.94 2.5 1.44
1.66 1.6 2.78 1.38
1.78 2.28 2.22 1.5
1.78 1.94 2.56 1.5
1.8 2.26 2.32 1.58
1.72 1.96 2.6 1.56
1.74 1.96 2.54 1.5
1.68 1.58 2.9 1.48
1.66 1.6 2.86 1.46
1.66 1.64 2.96 1.6
1.78 1.7 2.7 1.4
1.7 1.76 2.72 1.48
1.8 1.98 2.52 1.5
1.6 1.8 2.7 1.5
1.7 1.82 2.7 1.52
1.66 1.82 2.66 1.48
1.74 1.72 2.72 1.44
1.72 1.86 2.62 1.48
1.74 1.92 2.54 1.46
1.74 1.78 2.76 1.54
1.76 2.16 2.42 1.58
1.68 1.86 2.74 1.6
1.68 2.0 2.54 1.54
1.82 1.78 2.62 1.4
1.88 1.7 2.76 1.46
1.8 1.88 2.54 1.42
1.74 1.88 2.62 1.5
1.74 1.82 2.7 1.52
1.68 1.86 2.52 1.38
1.7 1.62 2.76 1.38
1.74 1.96 2.58 1.54
1.62 1.88 2.74 1.62
1.76 1.76 2.64 1.4
1.7 2.02 2.52 1.54
1.72 1.8 2.74 1.54
1.78 1.66 2.84 1.5
1.68 1.7 2.76 1.46
1.72 1.84 2.64 1.48
1.76 1.86 2.72 1.58
1.7 1.78 2.74 1.52
1.66 1.62 2.84 1.46
1.76 1.98 2.48 1.46
1.66 1.76 2.64 1.4
1.84 2.04 2.36 1.4
1.7 2.04 2.62 1.66
1.7 1.8 2.66 1.46
1.8 1.9 2.58 1.48
1.72 1.66 2.8 1.46
1.72 1.7 2.68 1.38
1.78 2.22 2.28 1.5
1.84 2.08 2.44 1.52
1.7 1.86 2.66 1.52
1.76 2.04 2.6 1.64
1.8 1.98 2.62 1.6
1.72 1.64 2.74 1.38
1.74 1.82 2.76 1.58
1.84 2.04 2.4 1.44
1.7 1.76 2.68 1.44
1.74 2.02 2.64 1.66
1.78 1.84 2.82 1.66
1.86 2.08 2.52 1.6
1.74 1.9 2.62 1.52
1.74 1.96 2.52 1.48
1.82 1.94 2.6 1.54
1.7 2.02 2.52 1.54
1.7 2.04 2.52 1.56
1.68 1.84 2.72 1.56
1.82 1.98 2.66 1.64
1.72 1.9 2.72 1.62
1.68 1.68 2.78 1.46
1.7 1.78 2.76 1.54
1.76 1.94 2.58 1.52
1.74 2.04 2.4 1.44
1.7 1.74 2.64 1.38
1.76 2.0 2.42 1.42
1.74 1.92 2.64 1.56
1.72 1.92 2.56 1.48
1.76 1.7 2.66 1.36
1.76 1.78 2.82 1.6
1.78 1.84 2.66 1.5
1.7 1.82 2.82 1.64
1.64 1.6 2.96 1.56
1.78 1.74 2.78 1.52
1.76 2.0 2.48 1.48
1.82 2.08 2.42 1.5
1.82 2.04 2.52 1.56
1.66 1.52 2.9 1.42
1.86 1.92 2.48 1.4
1.72 1.98 2.64 1.62
1.8 1.94 2.6 1.54
1.8 2.0 2.6 1.6
1.74 1.7 2.6 1.3
1.82 1.98 2.4 1.38
1.72 1.8 2.7 1.5
1.78 2.08 2.48 1.56
1.7 1.72 2.84 1.56
1.68 2.18 2.42 1.6
1.7 1.86 2.64 1.5
1.78 1.92 2.62 1.54
1.78 2.1 2.4 1.5
1.8 2.02 2.4 1.42
1.8 1.88 2.62 1.5
1.74 1.94 2.7 1.64
1.8 1.94 2.64 1.58
1.78 1.78 2.76 1.54
1.66 1.86 2.56 1.42
1.84 1.96 2.58 1.54
1.66 1.7 2.76 1.46
1.78 1.82 2.6 1.42
1.74 2.04 2.6 1.64
1.78 1.92 2.6 1.52
1.74 2.06 2.52 1.58
1.82 1.94 2.58 1.52
1.68 1.6 2.9 1.5
1.76 1.84 2.64 1.48
1.72 1.82 2.58 1.4
1.74 2.06 2.5 1.56
1.72 1.84 2.66 1.5
1.86 1.96 2.48 1.44
1.78 2.08 2.46 1.54
1.68 2.04 2.5 1.54
1.78 1.92 2.52 1.44
1.78 1.96 2.54 1.5
1.74 1.68 2.76 1.44
1.7 1.86 2.62 1.48
1.76 2.0 2.54 1.54
1.84 1.96 2.56 1.52
1.66 1.84 2.76 1.6
1.74 1.76 2.76 1.52
1.7 2.0 2.68 1.68
1.68 1.74 2.82 1.56
1.8 1.98 2.52 1.5
1.78 1.9 2.62 1.52
1.74 2.04 2.58 1.62
1.72 1.8 2.74 1.54
1.64 1.68 2.94 1.62
1.86 2.0 2.46 1.46
1.68 1.82 2.72 1.54
1.76 1.96 2.52 1.48
1.7 2.02 2.5 1.52
1.8 2.14 2.4 1.54
1.84 1.98 2.54 1.52
1.82 1.88 2.58 1.46
1.7 1.72 2.76 1.48
1.86 1.96 2.44 1.4
1.74 1.72 2.74 1.46
1.74 2.08 2.48 1.56
1.78 2.08 2.34 1.42
1.66 1.72 2.66 1.38
1.72 1.66 2.7 1.36
1.76 1.54 2.98 1.52
1.72 1.88 2.62 1.5
1.76 1.98 2.5 1.48
1.78 1.84 2.78 1.62
1.74 1.86 2.62 1.48
1.74 1.92 2.62 1.54
1.76 1.8 2.66 1.46
1.58 1.62 2.8 1.42
1.74 1.88 2.6 1.48
1.68 1.82 2.84 1.66
1.8 1.92 2.66 1.58
1.8 1.88 2.62 1.5
1.7 1.84 2.7 1.54
1.8 1.94 2.62 1.56
1.66 1.6 2.78 1.38
1.88 1.8 2.62 1.42
1.64 1.94 2.58 1.52
1.82 2.08 2.56 1.64
1.82 2.0 2.52 1.52
1.76 1.84 2.6 1.44
1.72 1.76 2.74 1.5
1.8 1.86 2.64 1.5
1.72 1.82 2.56 1.38
1.86 2.04 2.52 1.56
1.76 2.08 2.42 1.5
1.76 1.96 2.46 1.42
1.78 1.68 2.74 1.42
1.86 2.06 2.56 1.62
1.8 2.18 2.32 1.5
1.72 1.94 2.56 1.5
1.66 1.9 2.5 1.4
1.74 2.02 2.5 1.52
1.8 1.9 2.5 1.4
1.78 1.8 2.76 1.56
1.68 1.7 2.72 1.42
1.74 1.76 2.74 1.5
1.78 1.92 2.6 1.52
1.78 1.86 2.62 1.48
1.8 1.88 2.68 1.56
1.7 1.72 2.84 1.56
1.8 2.04 2.46 1.5
1.74 1.96 2.58 1.54
1.76 1.9 2.66 1.56
1.8 2.12 2.36 1.48
1.76 1.98 2.54 1.52
1.76 1.92 2.5 1.42
1.72 2.06 2.54 1.6
1.74 1.94 2.5 1.44
1.7 1.68 2.78 1.46
1.8 2.1 2.38 1.48
1.76 1.88 2.7 1.58
1.82 1.82 2.72 1.54
1.66 1.9 2.48 1.38
1.66 1.84 2.66 1.5
1.8 1.98 2.56 1.54
1.78 2.02 2.58 1.6
1.76 1.78 2.72 1.5
1.76 1.68 2.8 1.48
1.64 1.7 2.7 1.4
1.7 1.86 2.66 1.52
1.7 1.68 2.72 1.4
1.64 1.62 2.9 1.52
1.78 1.98 2.44 1.42
1.66 1.64 2.8 1.44
1.72 1.92 2.66 1.58
1.74 1.94 2.74 1.68
1.76 1.96 2.52 1.48
1.74 1.66 2.92 1.58
1.82 2.08 2.56 1.64
1.78 1.88 2.52 1.4
1.78 1.92 2.64 1.56
1.68 1.78 2.8 1.58
1.68 1.86 2.56 1.42
1.72 1.9 2.62 1.52
1.8 1.94 2.58 1.52
1.64 1.74 2.76 1.5
1.78 2.08 2.38 1.46
1.66 1.7 2.82 1.52
1.76 1.82 2.6 1.42
1.78 2.16 2.42 1.58
1.64 1.72 2.72 1.44
1.72 1.8 2.7 1.5
1.86 1.94 2.6 1.54
1.78 1.8 2.64 1.44
1.76 1.8 2.68 1.48
1.68 1.7 2.68 1.38
1.76 1.94 2.54 1.48
1.74 1.62 2.9 1.52
1.76 2.0 2.56 1.56
1.74 1.84 2.48 1.32
1.7 1.86 2.64 1.5
1.64 1.68 2.82 1.5
1.74 1.74 2.72 1.46
1.76 1.64 2.74 1.38
1.7 1.62 2.96 1.58
1.74 1.86 2.64 1.5
1.82 1.88 2.7 1.58
1.76 1.86 2.56 1.42
1.8 1.94 2.62 1.56
1.68 1.74 2.76 1.5
1.74 1.84 2.78 1.62
1.74 1.96 2.62 1.58
1.84 1.82 2.76 1.58
1.72 1.58 2.78 1.36
1.74 1.8 2.68 1.48
1.72 1.64 2.9 1.54
1.76 1.88 2.54 1.42
1.7 1.84 2.64 1.48
1.78 2.0 2.54 1.54
1.66 1.62 2.86 1.48
1.74 1.96 2.48 1.44
1.72 1.96 2.5 1.46
1.7 1.64 2.8 1.44
1.72 1.92 2.64 1.56
1.68 1.6 2.84 1.44
1.7 1.74 2.84 1.58
1.72 1.88 2.66 1.54
1.68 1.7 2.66 1.36
1.72 1.86 2.62 1.48
1.66 1.62 2.94 1.56
1.74 1.96 2.56 1.52
1.8 2.04 2.36 1.4
1.7 1.74 2.76 1.5
1.6 1.62 2.8 1.42
1.76 1.98 2.48 1.46
1.84 2.02 2.42 1.44
1.74 1.7 2.84 1.54
1.76 1.84 2.78 1.62
1.84 1.96 2.66 1.62
1.7 2.02 2.4 1.42
1.86 1.94 2.6 1.54
1.78 1.9 2.56 1.46
1.68 1.68 2.82 1.5
1.82 1.8 2.66 1.46
1.72 1.78 2.76 1.54
1.74 1.6 2.82 1.42
1.8 1.78 2.56 1.34
1.64 1.78 2.74 1.52
1.78 1.78 2.64 1.42
1.76 1.76 2.78 1.54
1.76 1.74 2.92 1.66
1.78 1.78 2.46 1.24
1.76 2.02 2.4 1.42
1.78 2.02 2.54 1.56
1.64 1.64 3.0 1.64
1.8 1.8 2.64 1.44
1.72 1.82 2.6 1.42
1.8 1.66 2.74 1.4
1.72 1.8 2.72 1.52
1.82 1.88 2.6 1.48
1.76 1.74 2.8 1.54
1.64 1.84 2.56 1.4
1.68 1.82 2.7 1.52
1.7 1.9 2.66 1.56
1.9 2.0 2.48 1.48
1.82 1.8 2.62 1.42
1.7 1.78 2.66 1.44
1.8 1.84 2.5 1.34
1.78 2.28 2.32 1.6
1.68 1.7 2.74 1.44
1.8 2.1 2.34 1.44
1.82 1.98 2.46 1.44
1.8 1.86 2.56 1.42
1.78 2.04 2.46 1.5
1.64 1.56 2.98 1.54
1.74 1.92 2.68 1.6
1.74 1.76 2.66 1.42
1.84 2.0 2.48 1.48
1.76 1.92 2.54 1.46
1.68 1.8 2.58 1.38
1.62 1.62 2.82 1.44
1.76 1.6 2.88 1.48
1.76 1.96 2.66 1.62
1.6 1.7 2.92 1.62
1.7 1.88 2.64 1.52
1.66 1.76 2.68 1.44
1.76 2.22 2.4 1.62
1.78 1.82 2.58 1.4
1.86 2.08 2.52 1.6
1.7 1.96 2.52 1.48
1.66 1.66 2.92 1.58
1.86 2.0 2.5 1.5
1.7 1.6 2.98 1.58
1.66 1.84 2.78 1.62
1.82 2.12 2.4 1.52
1.78 2.0 2.48 1.48
1.84 1.88 2.62 1.5
1.74 1.78 2.76 1.54
1.68 1.88 2.68 1.56
1.72 1.98 2.54 1.52
1.74 1.84 2.66 1.5
1.76 2.1 2.36 1.46
1.8 2.18 2.32 1.5
1.72 1.94 2.54 1.48
1.7 1.62 2.82 1.44
1.74 1.62 2.96 1.58
1.8 1.9 2.66 1.56
1.84 1.88 2.48 1.36
1.72 2.06 2.46 1.52
1.76 1.98 2.66 1.64
1.84 2.08 2.36 1.44
1.78 2.06 2.44 1.5
1.8 1.68 2.88 1.56
1.76 1.7 2.74 1.44
1.78 1.82 2.64 1.46
1.66 1.56 2.94 1.5
1.74 1.84 2.58 1.42
1.8 2.02 2.54 1.56
1.66 1.88 2.62 1.5
1.72 1.7 2.76 1.46
1.6 1.64 2.9 1.54
1.56 1.68 2.84 1.52
1.58 1.66 2.88 1.54
1.74 2.02 2.48 1.5
1.94 1.98 2.38 1.36
1.84 2.16 2.42 1.58
1.72 1.82 2.6 1.42
1.8 1.94 2.58 1.52
1.66 1.86 2.72 1.58
1.76 1.58 2.76 1.34
1.72 1.92 2.5 1.42
1.64 1.6 3.0 1.6
1.7 1.78 2.66 1.44
1.74 1.74 2.66 1.4
1.78 2.04 2.48 1.52
1.88 1.72 2.74 1.46
1.82 2.02 2.44 1.46
1.68 1.82 2.72 1.54
1.8 2.32 2.2 1.52
1.66 1.8 2.74 1.54
1.78 1.96 2.56 1.52
1.68 1.82 2.7 1.52
1.66 1.88 2.62 1.5
1.74 1.86 2.46 1.32
1.74 1.82 2.7 1.52
1.82 1.84 2.62 1.46
1.84 2.02 2.56 1.58
1.82 2.02 2.56 1.58
1.68 1.84 2.58 1.42
1.68 1.72 2.76 1.48
1.7 1.92 2.52 1.44
1.74 1.78 2.76 1.54
1.74 1.76 2.72 1.48
1.66 1.62 2.74 1.36
1.84 2.14 2.34 1.48
1.74 1.68 2.72 1.4
1.68 1.84 2.66 1.5
1.84 1.92 2.5 1.42
1.76 1.96 2.54 1.5
1.78 1.84 2.56 1.4
1.7 1.9 2.56 1.46
1.76 1.76 2.64 1.4
1.7 1.82 2.74 1.56
1.6 1.74 2.62 1.36
1.78 1.84 2.68 1.52
1.76 1.74 2.64 1.38
1.66 1.8 2.76 1.56
1.76 1.7 2.76 1.46
1.7 1.8 2.84 1.64
1.76 1.7 2.8 1.5
1.7 1.82 2.74 1.56
1.78 1.94 2.5 1.44
1.72 1.82 2.66 1.48
1.8 1.96 2.46 1.42
1.82 1.9 2.48 1.38
1.72 2.16 2.4 1.56
1.7 1.68 2.76 1.44
1.74 1.92 2.52 1.44
1.82 1.82 2.64 1.46
1.78 1.96 2.54 1.5
1.72 1.98 2.5 1.48
1.78 2.12 2.44 1.56
1.64 1.64 2.7 1.34
1.76 2.0 2.54 1.54
1.7 1.88 2.6 1.48
1.66 1.84 2.66 1.5
1.64 1.64 2.86 1.5
1.68 1.66 2.88 1.54
1.74 2.02 2.48 1.5
1.72 1.62 2.76 1.38
1.78 1.7 2.82 1.52
1.74 1.7 2.66 1.36
1.76 1.88 2.6 1.48
1.72 1.6 2.84 1.44
1.66 1.54 2.8 1.34
1.78 2.1 2.44 1.54
1.82 1.84 2.76 1.6
1.84 1.76 2.62 1.38
1.74 1.82 2.6 1.42
1.86 2.04 2.42 1.46
1.76 1.94 2.56 1.5
1.66 1.76 2.7 1.46
1.72 2.22 2.32 1.54
1.7 1.76 2.64 1.4
1.8 2.08 2.48 1.56
1.72 1.84 2.54 1.38
1.84 2.26 2.38 1.64
1.72 2.06 2.58 1.64
1.84 1.96 2.54 1.5
1.8 1.8 2.72 1.52
1.78 2.08 2.52 1.6
1.76 1.92 2.58 1.5
1.7 1.82 2.72 1.54
1.66 1.78 2.7 1.48
1.72 1.8 2.66 1.46
1.78 1.86 2.54 1.4
1.78 1.7 2.64 1.34
1.76 2.0 2.52 1.52
1.86 1.78 2.58 1.36
1.84 1.96 2.56 1.52
1.82 1.8 2.62 1.42
1.76 1.72 2.82 1.54
1.7 1.92 2.56 1.48
1.72 1.88 2.72 1.6
1.82 2.06 2.4 1.46
1.84 2.18 2.38 1.56
1.7 1.7 2.8 1.5
1.68 1.68 2.8 1.48
1.64 1.78 2.84 1.62
1.74 1.96 2.6 1.56
1.78 1.86 2.56 1.42
1.8 2.02 2.48 1.5
1.72 1.94 2.68 1.62
1.82 2.06 2.44 1.5
1.8 2.22 2.24 1.46
1.68 2.0 2.58 1.58
1.68 1.76 2.76 1.52
1.74 1.88 2.66 1.54
1.7 1.92 2.68 1.6
1.66 1.86 2.7 1.56
1.7 1.76 2.82 1.58
1.78 1.96 2.46 1.42
1.82 1.98 2.54 1.52
1.68 1.82 2.74 1.56
1.7 1.84 2.74 1.58
1.78 2.0 2.46 1.46
1.78 1.9 2.58 1.48
1.8 2.12 2.38 1.5
1.78 1.84 2.64 1.48
1.74 1.94 2.44 1.38
1.64 1.66 2.7 1.36
1.8 2.48 2.18 1.66
1.72 2.04 2.66 1.7
1.78 1.82 2.7 1.52
1.8 1.9 2.68 1.58
1.68 1.78 2.78 1.56
1.68 1.98 2.5 1.48
1.6 1.8 2.68 1.48
1.66 1.78 2.64 1.42
1.6 1.6 2.84 1.44
1.74 1.6 2.9 1.5
1.84 1.96 2.46 1.42
1.8 1.74 2.88 1.62
1.78 1.74 2.72 1.46
1.78 1.74 2.78 1.52
1.72 1.74 2.82 1.56
1.82 2.28 2.34 1.62
1.7 1.88 2.66 1.54
1.72 1.72 2.84 1.56
1.76 1.9 2.62 1.52
1.76 1.7 2.84 1.54
1.7 1.92 2.6 1.52
1.68 1.66 2.8 1.46
1.66 1.66 2.72 1.38
1.78 1.8 2.56 1.36
1.74 1.78 2.88 1.66
1.84 1.96 2.5 1.46
1.8 1.78 2.7 1.48
1.72 1.72 2.72 1.44
1.76 1.84 2.7 1.54
1.72 1.72 2.82 1.54
1.68 1.9 2.62 1.52
1.78 1.8 2.64 1.44
1.8 1.78 2.7 1.48
1.72 2.06 2.48 1.54
1.62 1.7 2.68 1.38
1.76 1.74 2.68 1.42
1.74 2.0 2.6 1.6
1.78 1.8 2.74 1.54
1.74 1.72 2.78 1.5
1.8 1.94 2.56 1.5
1.74 2.04 2.5 1.54
1.82 1.88 2.6 1.48
1.9 2.1 2.44 1.54
1.7 1.84 2.6 1.44
1.82 1.88 2.66 1.54
1.8 2.14 2.42 1.56
1.68 2.04 2.48 1.52
1.78 2.0 2.6 1.6
1.74 1.96 2.64 1.6
1.66 1.72 2.8 1.52
1.84 1.92 2.52 1.44
1.78 2.1 2.42 1.52
1.78 1.84 2.64 1.48
1.72 1.88 2.68 1.56
1.86 2.1 2.4 1.5
1.74 1.86 2.66 1.52
1.7 1.76 2.66 1.42
1.7 1.66 2.9 1.56
1.88 2.08 2.44 1.52
1.58 1.78 2.72 1.5
1.74 1.88 2.68 1.56
1.7 1.72 2.78 1.5
1.86 1.88 2.56 1.44
1.8 1.74 2.68 1.42
1.54 1.74 2.82 1.56
1.8 1.92 2.5 1.42
1.74 1.78 2.84 1.62
1.72 1.94 2.66 1.6
1.72 1.62 2.88 1.5
1.8 1.88 2.6 1.48
1.78 1.88 2.74 1.62
1.88 1.88 2.58 1.46
1.8 1.88 2.54 1.42
1.74 1.82 2.68 1.5
1.78 1.76 2.7 1.46
1.74 1.92 2.58 1.5
1.74 1.76 2.66 1.42
1.78 1.86 2.52 1.38
1.74 2.14 2.48 1.62
1.68 1.88 2.6 1.48
1.72 1.84 2.6 1.44
1.8 1.8 2.6 1.4
1.66 1.52 2.98 1.5
1.68 1.82 2.6 1.42
1.7 1.7 2.78 1.48
1.76 1.74 2.72 1.46
1.7 1.66 2.86 1.52
1.72 1.9 2.52 1.42
1.78 1.92 2.62 1.54
1.84 2.16 2.4 1.56
1.84 1.98 2.46 1.44
1.8 1.92 2.56 1.48
1.64 1.94 2.58 1.52
1.64 1.96 2.58 1.54
1.74 1.92 2.6 1.52
1.82 2.12 2.48 1.6
1.8 1.88 2.56 1.44
1.86 2.1 2.5 1.6
1.86 1.92 2.58 1.5
1.78 1.84 2.6 1.44
1.58 1.6 2.86 1.46
1.76 1.66 2.82 1.48
1.72 1.68 2.72 1.4
1.72 1.92 2.68 1.6
1.84 2.02 2.4 1.42
1.74 1.92 2.58 1.5
1.78 1.9 2.64 1.54
1.68 1.74 2.86 1.6
1.78 1.92 2.5 1.42
1.74 1.82 2.82 1.64
1.72 1.98 2.54 1.52
1.72 1.98 2.42 1.4
1.84 1.76 2.64 1.4
1.74 2.02 2.42 1.44
1.68 1.84 2.66 1.5
1.82 2.1 2.5 1.6
1.74 1.94 2.58 1.52
1.74 1.94 2.56 1.5
1.88 2.06 2.44 1.5
1.66 1.72 2.78 1.5
1.76 2.02 2.46 1.48
1.86 2.26 2.14 1.4
1.72 1.66 2.76 1.42
1.82 1.8 2.72 1.52
1.76 1.84 2.74 1.58
1.68 1.44 3.0 1.44
1.8 1.98 2.58 1.56
1.72 1.76 2.66 1.42
1.68 1.88 2.66 1.54
1.64 1.84 2.62 1.46
1.78 1.98 2.52 1.5
1.78 1.96 2.5 1.46
1.74 1.98 2.64 1.62
1.74 1.76 2.78 1.54
1.76 1.94 2.62 1.56
1.76 1.72 2.72 1.44
1.78 1.92 2.6 1.52
1.58 1.6 2.88 1.48
1.74 1.84 2.54 1.38
1.76 2.0 2.48 1.48
1.86 2.0 2.44 1.44
1.82 1.9 2.64 1.54
1.84 1.84 2.72 1.56
1.7 1.78 2.66 1.44
1.76 1.88 2.6 1.48
1.7 2.06 2.46 1.52
1.82 2.04 2.54 1.58
1.82 2.0 2.42 1.42
1.72 1.78 2.68 1.46
1.7 1.76 2.64 1.4
1.76 2.18 2.28 1.46
1.8 2.1 2.38 1.48
1.68 1.78 2.84 1.62
1.76 1.92 2.42 1.34
1.74 1.78 2.74 1.52
1.76 2.2 2.46 1.66
1.72 2.06 2.4 1.46
1.86 2.14 2.36 1.5
1.74 1.9 2.6 1.5
1.8 1.98 2.52 1.5
1.62 1.9 2.64 1.54
1.74 1.92 2.42 1.34
1.86 2.1 2.4 1.5
1.88 2.28 2.2 1.48
1.74 1.82 2.76 1.58
1.76 1.86 2.56 1.42
1.76 2.0 2.48 1.48
1.78 1.84 2.72 1.56
1.76 1.7 2.78 1.48
1.8 1.84 2.64 1.48
1.58 1.48 2.8 1.28
1.82 2.1 2.42 1.52
1.62 1.84 2.56 1.4
1.74 1.96 2.6 1.56
1.78 2.04 2.44 1.48
1.86 2.18 2.18 1.36
1.68 1.68 2.78 1.46
1.66 1.56 2.9 1.46
1.74 2.06 2.46 1.52
1.8 1.86 2.78 1.64
1.82 1.74 2.78 1.52
1.82 2.16 2.34 1.5
1.8 2.14 2.36 1.5
1.76 1.84 2.72 1.56
1.62 1.62 2.9 1.52
1.8 1.8 2.76 1.56
1.76 1.76 2.68 1.44
1.74 1.92 2.62 1.54
1.76 1.88 2.6 1.48
1.66 1.64 2.82 1.46
1.78 2.1 2.56 1.66
1.8 1.96 2.62 1.58
1.68 1.58 3.0 1.58
1.7 1.7 2.8 1.5
1.8 2.08 2.46 1.54
1.72 1.82 2.72 1.54
1.7 1.76 2.76 1.52
1.78 1.9 2.72 1.62
1.8 1.74 2.72 1.46
1.64 1.82 2.62 1.44
1.78 2.06 2.54 1.6
1.78 1.6 2.64 1.24
1.78 2.0 2.54 1.54
1.82 1.88 2.5 1.38
1.68 1.7 2.9 1.6
1.64 1.76 2.8 1.56
1.82 1.82 2.58 1.4
1.84 1.84 2.68 1.52
1.8 1.9 2.62 1.52
1.72 1.96 2.52 1.48
1.78 2.28 2.32 1.6
1.66 1.84 2.6 1.44
1.8 1.86 2.5 1.36
1.76 1.96 2.52 1.48
1.76 1.88 2.72 1.6
1.74 2.06 2.4 1.46
1.76 1.86 2.86 1.72
1.72 1.9 2.76 1.66
1.76 2.12 2.56 1.68
1.74 1.78 2.68 1.46
1.74 2.02 2.5 1.52
1.78 2.04 2.4 1.44
1.72 1.82 2.7 1.52
1.74 1.74 2.76 1.5
1.84 2.16 2.36 1.52
1.84 2.04 2.52 1.56
1.86 1.9 2.54 1.44
1.7 1.84 2.72 1.56
1.74 2.1 2.56 1.66
1.78 1.88 2.66 1.54
1.64 1.7 2.82 1.52
1.8 1.66 2.82 1.48
1.76 2.04 2.52 1.56
1.82 2.1 2.44 1.54
1.9 2.2 2.28 1.48
1.74 2.0 2.5 1.5
1.8 1.92 2.54 1.46
1.84 1.84 2.52 1.36
1.7 1.98 2.56 1.54
1.68 1.76 2.64 1.4
1.76 1.96 2.56 1.52
1.62 1.74 2.72 1.46
1.76 1.94 2.58 1.52
1.78 2.14 2.34 1.48
1.72 1.68 2.84 1.52
1.72 1.94 2.7 1.64
1.84 1.8 2.68 1.48
1.76 1.92 2.58 1.5
1.72 1.84 2.74 1.58
1.84 2.18 2.32 1.5
1.74 1.76 2.74 1.5
1.7 1.92 2.58 1.5
1.72 1.56 2.86 1.42
1.72 1.98 2.56 1.54
1.76 1.86 2.52 1.38
1.82 2.2 2.36 1.56
1.76 1.98 2.48 1.46
1.76 1.84 2.6 1.44
1.74 1.7 2.68 1.38
1.7 1.98 2.5 1.48
1.78 1.86 2.54 1.4
1.72 1.78 2.8 1.58
1.82 1.94 2.46 1.4
1.7 1.64 2.86 1.5
1.84 2.02 2.48 1.5
1.82 2.02 2.54 1.56
1.66 1.84 2.78 1.62
1.72 1.6 2.9 1.5
1.86 1.66 2.7 1.36
1.66 1.78 2.82 1.6
1.76 1.92 2.66 1.58
1.68 1.6 2.84 1.44
1.74 2.0 2.62 1.62
1.66 1.84 2.7 1.54
1.72 1.9 2.62 1.52
1.68 1.74 2.66 1.4
1.76 1.9 2.62 1.52
1.7 1.76 2.6 1.36
1.58 1.5 2.84 1.34
1.74 1.98 2.54 1.52
1.8 2.26 2.32 1.58
1.88 1.96 2.62 1.58
1.7 1.72 2.88 1.6
1.76 1.98 2.6 1.58
1.68 1.84 2.6 1.44
1.7 1.78 2.68 1.46
1.84 2.1 2.48 1.58
1.74 1.98 2.6 1.58
1.76 1.88 2.6 1.48
1.76 1.96 2.6 1.56
1.58 1.62 2.92 1.54
1.72 1.68 2.82 1.5
1.68 1.78 2.72 1.5
1.8 1.88 2.62 1.5
1.72 1.74 2.68 1.42
1.7 1.78 2.68 1.46
1.8 2.02 2.46 1.48
1.7 1.72 2.7 1.42
1.72 1.86 2.58 1.44
1.72 2.06 2.44 1.5
1.82 1.86 2.56 1.42
1.74 2.14 2.4 1.54
1.74752 1.873512 2.626596 1.500108
