2.87 4.13 7.64 5.77
2.79 4.13 7.88 6.01
2.82 4.51 7.47 5.98
2.84 4.17 7.53 5.7
2.8 4.51 7.6 6.11
2.81 4.15 7.72 5.87
2.78 4.12 7.74 5.86
2.81 4.26 7.72 5.98
2.81 4.74 7.23 5.97
2.84 3.59 8.3 5.89
2.8 4.2 7.93 6.13
2.76 3.98 7.71 5.69
2.73 4.34 7.7 6.04
2.77 3.8 7.66 5.46
2.88 3.98 7.41 5.39
2.8 4.07 7.36 5.43
2.89 4.19 7.29 5.48
2.83 4.52 7.4 5.92
2.82 4.17 7.95 6.12
2.87 4.49 7.08 5.57
2.72 4.09 8.21 6.3
2.79 3.8 7.94 5.74
2.76 4.02 8.01 6.03
2.82 4.49 7.55 6.04
2.78 3.88 8.09 5.97
2.83 4.27 8.17 6.44
2.77 4.44 7.5 5.94
2.82 4.01 7.95 5.96
2.77 4.15 7.78 5.93
2.82 4.13 7.86 5.99
2.77 3.7 8.02 5.72
2.77 4.24 7.94 6.18
2.76 3.54 8.27 5.81
2.73 4.14 8.16 6.3
2.83 3.91 7.87 5.78
2.86 4.5 7.69 6.19
2.84 4.47 7.28 5.75
2.84 4.87 7.16 6.03
2.76 4.08 7.55 5.63
2.79 3.73 7.74 5.47
2.89 4.9 6.84 5.74
2.86 4.41 7.56 5.97
2.89 4.45 7.4 5.85
2.78 4.22 7.67 5.89
2.76 3.78 7.71 5.49
2.86 4.61 6.93 5.54
2.84 4.75 7.13 5.88
2.83 3.95 7.89 5.84
2.76 4.09 7.6 5.69
2.79 4.42 7.28 5.7
2.83 4.2 7.9 6.1
2.77 4.15 7.74 5.89
2.83 3.86 7.99 5.85
2.79 3.95 7.63 5.58
2.73 4.1 7.95 6.05
2.9 4.98 7.25 6.23
2.8 4.47 7.34 5.81
2.81 4.17 8.14 6.31
2.79 4.09 7.91 6.0
2.85 4.47 7.22 5.69
2.83 4.25 7.83 6.08
2.82 4.0 7.78 5.78
2.77 4.11 7.56 5.67
2.81 3.86 8.18 6.04
2.83 3.78 8.41 6.19
2.92 3.94 8.05 5.99
2.88 4.81 7.25 6.06
2.8 4.08 8.08 6.16
2.84 4.05 8.25 6.3
2.78 4.29 7.64 5.93
2.8 3.88 8.38 6.26
2.88 4.52 7.26 5.78
2.75 4.21 8.15 6.36
2.84 4.49 7.79 6.28
2.86 4.8 6.85 5.65
2.8 4.46 7.48 5.94
2.82 4.57 7.6 6.17
2.86 4.33 7.26 5.59
2.87 4.33 7.54 5.87
2.82 4.54 7.79 6.33
2.85 4.38 7.65 6.03
2.83 3.68 8.6 6.28
2.81 3.99 7.41 5.4
2.82 3.83 7.92 5.75
2.77 3.41 8.35 5.76
2.81 4.42 7.52 5.94
2.83 4.2 7.65 5.85
2.81 4.14 7.69 5.83
2.82 4.54 7.24 5.78
2.84 4.12 7.75 5.87
2.78 3.62 7.96 5.58
2.88 4.05 8.03 6.08
2.72 4.3 7.56 5.86
2.8 4.67 7.21 5.88
2.79 4.49 7.61 6.1
2.87 4.41 7.11 5.52
2.85 4.22 7.2 5.42
2.89 4.59 7.36 5.95
2.73 4.19 7.9 6.09
2.78 3.72 8.18 5.9
2.81 3.46 8.38 5.84
2.84 4.47 7.2 5.67
2.89 4.62 7.18 5.8
2.81 4.09 8.05 6.14
2.87 4.72 7.42 6.14
2.87 4.08 7.72 5.8
2.88 4.53 7.25 5.78
2.81 4.36 7.38 5.74
2.82 5.0 7.1 6.1
2.86 3.95 8.19 6.14
2.87 4.3 7.38 5.68
2.78 4.28 7.83 6.11
2.75 4.02 7.91 5.93
2.85 4.88 7.06 5.94
2.8 4.47 7.97 6.44
2.81 4.46 7.45 5.91
2.77 4.31 7.56 5.87
2.91 4.39 7.4 5.79
2.9 4.27 7.48 5.75
2.79 4.09 8.1 6.19
2.77 4.16 7.89 6.05
2.76 4.09 7.71 5.8
2.84 4.34 7.14 5.48
2.84 4.69 7.36 6.05
2.84 4.46 7.56 6.02
2.79 4.38 7.62 6.0
2.85 4.17 7.76 5.93
2.83 4.27 7.45 5.72
2.81 4.1 7.9 6.0
2.8 3.65 8.17 5.82
2.82 4.01 7.93 5.94
2.87 4.55 7.25 5.8
2.84 3.92 7.85 5.77
2.74 4.06 8.22 6.28
2.78 4.3 7.41 5.71
2.78 3.76 8.02 5.78
2.79 4.9 7.04 5.94
2.77 3.82 8.09 5.91
2.79 4.32 7.65 5.97
2.78 3.84 7.68 5.52
2.86 4.12 7.81 5.93
2.82 4.63 7.4 6.03
2.93 4.75 6.78 5.53
2.82 4.61 7.67 6.28
2.83 4.27 7.45 5.72
2.77 4.2 8.17 6.37
2.79 3.3 8.97 6.27
2.83 3.85 8.02 5.87
2.84 4.31 7.6 5.91
2.86 4.2 7.48 5.68
2.82 5.09 7.1 6.19
2.76 4.28 7.61 5.89
2.82 4.62 7.04 5.66
2.74 3.93 7.85 5.78
2.79 3.89 8.04 5.93
2.76 4.04 7.96 6.0
2.82 4.26 7.45 5.71
2.73 3.4 8.42 5.82
2.81 3.85 8.2 6.05
2.82 4.51 7.14 5.65
2.76 4.33 7.87 6.2
2.85 4.12 7.91 6.03
2.84 4.32 7.8 6.12
2.85 4.37 8.03 6.4
2.81 4.42 7.55 5.97
2.79 4.05 7.86 5.91
2.75 3.82 8.36 6.18
2.76 3.82 8.08 5.9
2.8 3.7 7.73 5.43
2.89 4.47 7.35 5.82
2.83 4.2 8.06 6.26
2.79 4.21 7.81 6.02
2.76 4.27 7.78 6.05
2.86 3.89 8.02 5.91
2.79 3.81 7.67 5.48
2.75 3.76 8.48 6.24
2.82 4.3 7.83 6.13
2.79 4.66 7.1 5.76
2.88 4.72 7.28 6.0
2.82 4.17 8.0 6.17
2.83 3.92 7.84 5.76
2.86 3.6 8.36 5.96
2.8 4.01 7.88 5.89
2.82 4.18 7.51 5.69
2.82 4.33 7.21 5.54
2.76 4.27 7.61 5.88
2.79 4.67 7.46 6.13
2.81 3.78 8.36 6.14
2.82 4.55 7.5 6.05
2.82 3.67 8.23 5.9
2.82 4.0 7.83 5.83
2.79 4.35 7.87 6.22
2.75 4.69 7.56 6.25
2.81 4.59 7.45 6.04
2.74 3.85 8.44 6.29
2.82 3.73 8.1 5.83
2.79 3.74 8.52 6.26
2.86 3.98 7.73 5.71
2.77 4.48 7.53 6.01
2.75 3.97 8.1 6.07
2.8 3.87 7.74 5.61
2.89 4.41 7.3 5.71
2.8 4.25 7.82 6.07
2.86 4.88 7.06 5.94
2.84 4.02 7.99 6.01
2.78 4.21 8.16 6.37
2.8 3.75 8.5 6.25
2.85 4.15 7.63 5.78
2.76 4.17 7.91 6.08
2.85 4.35 7.23 5.58
2.83 4.2 7.72 5.92
2.85 4.34 7.24 5.58
2.83 4.55 7.16 5.71
2.81 3.76 8.02 5.78
2.79 3.91 7.8 5.71
2.82 4.22 7.49 5.71
2.77 4.11 8.03 6.14
2.76 3.53 8.09 5.62
2.84 4.06 7.92 5.98
2.74 3.79 7.94 5.73
2.86 4.77 7.57 6.34
2.82 4.04 7.89 5.93
2.74 4.97 7.34 6.31
2.83 4.45 7.67 6.12
2.81 3.81 8.02 5.83
2.81 4.26 7.73 5.99
2.8 4.05 8.14 6.19
2.83 3.97 7.69 5.66
2.85 4.09 7.66 5.75
2.78 3.33 8.47 5.8
2.78 4.25 7.59 5.84
2.81 4.29 7.89 6.18
2.7 3.61 8.58 6.19
2.81 3.86 8.39 6.25
2.85 3.65 7.89 5.54
2.81 4.13 8.11 6.24
2.79 4.12 7.83 5.95
2.78 4.01 8.11 6.12
2.87 3.99 8.23 6.22
2.82 3.96 7.59 5.55
2.82 3.83 8.18 6.01
2.79 4.2 7.75 5.95
2.84 4.33 7.81 6.14
2.9 4.73 6.98 5.71
2.83 4.32 7.97 6.29
2.87 4.02 8.02 6.04
2.79 4.24 7.51 5.75
2.72 3.73 8.3 6.03
2.81 3.69 8.05 5.74
2.82 4.8 7.28 6.08
2.84 4.64 7.41 6.05
2.82 4.09 7.8 5.89
2.77 4.32 7.65 5.97
2.82 3.78 7.65 5.43
2.86 4.47 7.29 5.76
2.82 4.27 7.51 5.78
2.81 4.06 7.52 5.58
2.75 3.96 8.48 6.44
2.91 4.67 7.17 5.84
2.76 4.33 7.46 5.79
2.8 3.68 8.49 6.17
2.79 3.54 8.0 5.54
2.79 4.35 7.54 5.89
2.81 4.55 7.46 6.01
2.84 4.64 7.18 5.82
2.79 4.26 7.39 5.65
2.78 4.42 7.71 6.13
2.84 4.08 7.77 5.85
2.82 4.43 7.17 5.6
2.85 4.14 8.0 6.14
2.81 4.51 7.54 6.05
2.82 4.13 8.09 6.22
2.76 4.06 8.23 6.29
2.8 4.35 7.7 6.05
2.82 3.81 8.23 6.04
2.92 4.13 7.68 5.81
2.83 4.03 8.15 6.18
2.75 3.67 8.18 5.85
2.82 3.98 8.14 6.12
2.86 3.93 8.37 6.3
2.76 4.22 7.92 6.14
2.86 3.99 8.12 6.11
2.86 3.97 7.56 5.53
2.83 4.5 7.39 5.89
2.78 4.29 7.6 5.89
2.8 4.3 7.47 5.77
2.83 4.04 7.79 5.83
2.73 4.04 8.29 6.33
2.85 4.45 7.7 6.15
2.82 3.88 7.73 5.61
2.89 4.26 7.58 5.84
2.87 3.89 8.1 5.99
2.78 3.72 8.16 5.88
2.78 4.19 8.17 6.36
2.75 4.06 7.57 5.63
2.81 3.81 7.63 5.44
2.78 4.0 8.17 6.17
2.83 4.32 7.54 5.86
2.81 4.3 7.39 5.69
2.86 4.01 7.65 5.66
2.87 4.82 7.33 6.15
2.81 4.35 7.48 5.83
2.87 4.58 7.05 5.63
2.82 3.89 8.17 6.06
2.83 3.7 7.9 5.6
2.8 4.56 7.39 5.95
2.74 4.42 7.64 6.06
2.8 4.29 7.72 6.01
2.81 3.94 7.52 5.46
2.8 3.77 8.07 5.84
2.82 4.03 8.1 6.13
2.78 4.33 7.86 6.19
2.71 4.25 7.69 5.94
2.79 4.24 7.53 5.77
2.8 4.52 7.61 6.13
2.83 4.42 7.69 6.11
2.74 4.73 7.55 6.28
2.87 4.39 7.5 5.89
2.75 3.76 8.15 5.91
2.8 3.56 8.08 5.64
2.72 4.32 7.86 6.18
2.78 4.12 7.58 5.7
2.76 4.11 8.24 6.35
2.85 4.34 7.72 6.06
2.86 4.81 7.28 6.09
2.85 4.12 8.3 6.42
2.88 3.93 7.81 5.74
2.84 3.73 8.31 6.04
2.79 4.77 7.08 5.85
2.83 3.75 7.85 5.6
2.8 3.74 7.88 5.62
2.79 3.96 7.98 5.94
2.79 3.63 8.2 5.83
2.74 3.6 8.56 6.16
2.81 4.44 7.64 6.08
2.8 4.55 7.38 5.93
2.87 3.66 7.84 5.5
2.83 4.45 7.34 5.79
2.78 4.02 7.62 5.64
2.83 4.12 8.04 6.16
2.85 4.59 7.25 5.84
2.81 3.88 8.35 6.23
2.83 4.05 7.72 5.77
2.81 4.06 7.89 5.95
2.72 3.93 8.09 6.02
2.8 4.29 7.63 5.92
2.84 3.98 8.23 6.21
2.81 4.05 8.2 6.25
2.8 4.33 7.79 6.12
2.77 4.07 7.97 6.04
2.8 5.02 7.01 6.03
2.84 4.25 7.92 6.17
2.78 4.04 7.78 5.82
2.77 4.59 7.37 5.96
2.78 4.48 7.33 5.81
2.76 4.17 8.05 6.22
2.81 4.45 7.12 5.57
2.79 4.24 7.91 6.15
2.84 4.06 7.51 5.57
2.83 4.27 7.34 5.61
2.8 4.06 7.7 5.76
2.84 4.12 8.0 6.12
2.81 3.91 7.54 5.45
2.78 4.21 8.14 6.35
2.83 4.7 7.36 6.06
2.77 4.21 8.0 6.21
2.83 4.23 7.75 5.98
2.74 4.34 7.95 6.29
2.82 4.26 7.66 5.92
2.77 4.17 7.96 6.13
2.77 4.26 7.53 5.79
2.81 4.28 8.14 6.42
2.85 4.63 6.95 5.58
2.79 4.36 7.95 6.31
2.83 3.99 7.98 5.97
2.83 4.14 7.86 6.0
2.78 3.5 8.38 5.88
2.86 4.58 7.36 5.94
2.84 4.17 7.61 5.78
2.78 4.31 7.71 6.02
2.81 3.98 7.74 5.72
2.75 3.78 8.5 6.28
2.77 4.0 8.16 6.16
2.76 3.8 7.84 5.64
2.81 4.45 7.34 5.79
2.83 4.02 7.91 5.93
2.81 3.99 7.74 5.73
2.79 4.0 7.68 5.68
2.79 4.3 7.76 6.06
2.86 4.59 7.57 6.16
2.81 4.88 7.38 6.26
2.84 4.6 7.12 5.72
2.9 3.89 7.9 5.79
2.83 4.04 7.76 5.8
2.86 4.14 7.92 6.06
2.75 4.25 7.52 5.77
2.83 4.41 7.34 5.75
2.85 4.23 7.83 6.06
2.8 4.41 7.5 5.91
2.8 4.18 7.44 5.62
2.88 4.44 7.61 6.05
2.86 4.24 7.44 5.68
2.86 4.12 7.99 6.11
2.88 4.84 7.21 6.05
2.8 3.9 8.2 6.1
2.74 4.13 7.93 6.06
2.75 4.27 7.58 5.85
2.86 4.13 7.97 6.1
2.76 3.94 8.22 6.16
2.88 4.93 6.95 5.88
2.78 3.83 7.98 5.81
2.88 4.65 7.43 6.08
2.78 3.91 8.16 6.07
2.76 3.9 7.65 5.55
2.8 3.79 8.11 5.9
2.81 4.5 7.63 6.13
2.82 4.24 7.83 6.07
2.85 4.16 7.79 5.95
2.79 4.11 8.01 6.12
2.86 4.98 6.95 5.93
2.72 3.97 7.78 5.75
2.82 4.37 7.12 5.49
2.83 4.09 7.63 5.72
2.8 4.07 8.02 6.09
2.82 3.92 7.96 5.88
2.84 3.85 7.96 5.81
2.75 3.78 8.06 5.84
2.84 4.48 7.49 5.97
2.84 3.9 8.22 6.12
2.75 3.53 8.56 6.09
2.8 3.98 8.02 6.0
2.87 4.34 7.37 5.71
2.75 3.97 7.89 5.86
2.78 4.09 7.96 6.05
2.74 4.47 8.0 6.47
2.86 3.91 7.79 5.7
2.81 4.39 7.36 5.75
2.85 4.48 7.49 5.97
2.8 4.14 7.85 5.99
2.8 4.45 7.78 6.23
2.83 4.0 8.0 6.0
2.8 4.22 7.99 6.21
2.88 4.28 7.53 5.81
2.84 4.61 7.36 5.97
2.76 4.28 7.71 5.99
2.75 3.72 7.92 5.64
2.81 4.61 7.45 6.06
2.75 4.21 8.13 6.34
2.82 4.0 8.02 6.02
2.79 3.4 8.35 5.75
2.84 4.57 7.57 6.14
2.78 3.9 7.79 5.69
2.81 4.73 7.56 6.29
2.87 4.45 7.51 5.96
2.78 3.89 7.98 5.87
2.84 3.99 7.96 5.95
2.89 3.86 7.89 5.75
2.89 4.01 7.64 5.65
2.78 4.19 7.24 5.43
2.88 4.3 7.65 5.95
2.8 4.03 8.3 6.33
2.83 4.44 7.23 5.67
2.79 3.97 8.1 6.07
2.7 3.27 8.35 5.62
2.8 4.58 7.74 6.32
2.82 3.91 7.87 5.78
2.82 4.16 7.65 5.81
2.83 4.32 7.26 5.58
2.89 4.55 7.25 5.8
2.81 4.3 7.99 6.29
2.78 4.57 7.19 5.76
2.81 4.11 7.49 5.6
2.84 4.63 7.22 5.85
2.85 4.49 7.58 6.07
2.85 4.05 7.89 5.94
2.9 4.48 7.31 5.79
2.79 4.46 7.81 6.27
2.79 4.5 7.27 5.77
2.79 4.02 7.9 5.92
2.76 3.68 7.89 5.57
2.78 4.12 7.92 6.04
2.81 4.39 7.57 5.96
2.84 4.29 8.03 6.32
2.81 4.08 7.78 5.86
2.88 4.55 7.56 6.11
2.8 4.7 7.09 5.79
2.78 4.39 7.58 5.97
2.81 4.03 8.11 6.14
2.83 4.53 7.62 6.15
2.86 4.24 7.6 5.84
2.87 4.68 7.01 5.69
2.82 4.15 7.94 6.09
2.84 4.02 8.06 6.08
2.88 4.46 7.54 6.0
2.83 4.7 7.21 5.91
2.88 4.46 7.28 5.74
2.94 4.42 7.84 6.26
2.85 4.46 7.53 5.99
2.8 4.07 8.01 6.08
2.93 4.69 7.27 5.96
2.77 4.27 7.25 5.52
2.8 4.49 7.2 5.69
2.85 4.33 7.76 6.09
2.8 4.14 7.51 5.65
2.74 3.99 8.1 6.09
2.78 4.47 7.5 5.97
2.81 4.14 7.79 5.93
2.81 4.2 7.65 5.85
2.79 4.51 7.56 6.07
2.86 4.62 7.08 5.7
2.84 4.03 7.75 5.78
2.84 4.63 7.23 5.86
2.83 4.3 7.92 6.22
2.76 4.05 7.74 5.79
2.86 4.41 7.8 6.21
2.84 3.88 8.21 6.09
2.84 4.04 7.44 5.48
2.84 4.76 6.98 5.74
2.82 4.96 7.12 6.08
2.87 4.15 7.89 6.04
2.8 4.27 7.56 5.83
2.91 4.18 7.42 5.6
2.77 3.82 8.25 6.07
2.87 4.06 7.95 6.01
2.8 3.61 8.38 5.99
2.76 3.96 7.87 5.83
2.83 4.3 7.5 5.8
2.87 4.23 7.55 5.78
2.79 4.37 7.97 6.34
2.75 4.19 7.59 5.78
2.8 3.85 7.98 5.83
2.75 3.49 8.36 5.85
2.77 3.81 8.29 6.1
2.83 3.89 7.94 5.83
2.78 4.39 7.55 5.94
2.83 3.93 8.1 6.03
2.84 4.38 7.66 6.04
2.73 3.88 8.05 5.93
2.81 4.33 7.38 5.71
2.78 4.37 7.47 5.84
2.78 3.72 8.05 5.77
2.75 4.22 7.6 5.82
2.83 4.93 6.98 5.91
2.78 4.09 7.81 5.9
2.8 4.25 7.35 5.6
2.77 3.65 8.66 6.31
2.84 3.76 7.87 5.63
2.71 3.97 8.1 6.07
2.78 4.36 7.73 6.09
2.81 4.38 7.52 5.9
2.8 4.13 8.0 6.13
2.79 4.43 7.58 6.01
2.84 3.76 8.16 5.92
2.82 4.58 7.66 6.24
2.81 4.31 7.65 5.96
2.8 4.24 7.82 6.06
2.8 3.85 7.97 5.82
2.84 4.19 7.81 6.0
2.78 3.96 7.87 5.83
2.79 4.5 7.88 6.38
2.83 4.77 6.88 5.65
2.8 4.36 7.79 6.15
2.79 4.31 7.65 5.96
2.83 4.37 7.41 5.78
2.82 4.14 7.88 6.02
2.8 4.46 7.43 5.89
2.73 3.85 8.39 6.24
2.84 4.63 7.58 6.21
2.9 4.55 7.37 5.92
2.72 3.86 8.38 6.24
2.81 4.37 7.91 6.28
2.83 4.14 7.34 5.48
2.84 4.52 7.46 5.98
2.88 3.82 8.08 5.9
2.81 4.13 7.52 5.65
2.8 3.78 8.07 5.85
2.78 3.74 8.16 5.9
2.82 4.44 7.37 5.81
2.8 3.82 8.23 6.05
2.79 4.1 8.1 6.2
2.75 4.56 7.69 6.25
2.82 4.52 7.45 5.97
2.78 3.83 8.36 6.19
2.79 4.27 7.8 6.07
2.83 4.31 7.52 5.83
2.79 4.51 7.31 5.82
2.8 4.3 7.45 5.75
2.9 4.52 7.65 6.17
2.86 4.84 7.37 6.21
2.79 4.98 6.93 5.91
2.82 3.85 7.86 5.71
2.82 4.21 7.69 5.9
2.85 4.03 7.8 5.83
2.73 3.96 8.1 6.06
2.84 3.85 8.27 6.12
2.78 4.71 7.49 6.2
2.84 4.09 7.88 5.97
2.83 3.94 8.01 5.95
2.86 4.25 7.33 5.58
2.87 4.28 7.89 6.17
2.86 4.16 7.62 5.78
2.87 4.29 7.7 5.99
2.84 3.91 8.34 6.25
2.71 4.19 8.16 6.35
2.71 4.03 7.72 5.75
2.65 4.21 8.19 6.4
2.78 3.71 8.5 6.21
2.8 4.23 8.05 6.28
2.78 4.12 7.78 5.9
2.82 4.12 8.4 6.52
2.8 4.17 7.59 5.76
2.82 4.16 7.95 6.11
2.85 4.63 7.65 6.28
2.82 4.27 7.31 5.58
2.78 4.18 7.67 5.85
2.82 4.02 7.82 5.84
2.8 4.47 7.66 6.13
2.73 3.62 8.17 5.79
2.84 4.61 6.99 5.6
2.86 4.45 7.12 5.57
2.79 3.7 8.35 6.05
2.77 4.47 7.44 5.91
2.8 4.18 7.71 5.89
2.83 4.23 7.63 5.86
2.78 4.38 7.98 6.36
2.88 3.81 8.15 5.96
2.74 4.01 8.02 6.03
2.75 3.92 8.04 5.96
2.86 4.28 7.72 6.0
2.83 3.93 8.4 6.33
2.87 4.32 7.46 5.78
2.8 4.45 7.46 5.91
2.76 3.97 7.44 5.41
2.74 4.23 7.89 6.12
2.77 4.21 7.71 5.92
2.88 4.17 7.74 5.91
2.81 3.9 7.89 5.79
2.74 4.13 7.91 6.04
2.84 4.27 7.9 6.17
2.83 4.29 7.65 5.94
2.72 4.21 7.78 5.99
2.77 4.52 7.54 6.06
2.81 4.16 7.94 6.1
2.79 3.82 8.27 6.09
2.8 4.15 7.74 5.89
2.85 4.42 7.87 6.29
2.86 3.93 7.57 5.5
2.86 4.63 7.62 6.25
2.81 3.85 8.05 5.9
2.82 3.93 7.93 5.86
2.84 3.93 8.24 6.17
2.72 3.55 8.84 6.39
2.81 3.84 7.76 5.6
2.88 4.25 7.84 6.09
2.79 3.99 7.76 5.75
2.82 4.04 7.67 5.71
2.83 3.74 8.0 5.74
2.83 3.98 8.21 6.19
2.71 3.84 8.2 6.04
2.92 4.27 7.44 5.71
2.79 4.42 7.93 6.35
2.79 4.27 7.33 5.6
2.77 4.13 7.69 5.82
2.82 4.6 7.31 5.91
2.8 4.03 8.05 6.08
2.86 4.0 7.94 5.94
2.72 4.31 7.92 6.23
2.82 4.2 7.39 5.59
2.85 4.06 7.67 5.73
2.81 4.44 7.74 6.18
2.86 4.4 7.59 5.99
2.71 4.11 7.87 5.98
2.82 4.47 7.21 5.68
2.83 4.36 7.47 5.83
2.79 3.87 7.78 5.65
2.82 4.12 7.58 5.7
2.73 4.23 7.29 5.52
2.8 3.84 8.13 5.97
2.83 3.87 8.21 6.08
2.83 4.63 7.0 5.63
2.71 3.57 8.54 6.11
2.8 3.64 7.93 5.57
2.84 4.53 7.3 5.83
2.85 3.97 8.25 6.22
2.8 3.33 8.41 5.74
2.83 3.97 8.08 6.05
2.8 4.4 8.16 6.56
2.75 4.08 7.64 5.72
2.85 4.41 7.85 6.26
2.82 4.56 7.48 6.04
2.9 4.06 7.29 5.35
2.75 3.77 8.0 5.77
2.93 4.4 7.5 5.9
2.8 4.24 7.74 5.98
2.82 4.07 8.15 6.22
2.85 4.17 7.82 5.99
2.77 4.58 7.58 6.16
2.87 4.46 7.45 5.91
2.89 4.61 7.31 5.92
2.88 4.36 7.77 6.13
2.83 4.08 7.83 5.91
2.77 4.27 7.83 6.1
2.72 3.76 7.84 5.6
2.86 4.12 7.82 5.94
2.73 3.97 8.11 6.08
2.86 4.25 7.79 6.04
2.74 3.68 8.26 5.94
2.85 4.24 7.62 5.86
2.85 4.41 7.45 5.86
2.89 4.59 7.8 6.39
2.7 3.85 7.92 5.77
2.85 4.45 7.6 6.05
2.8 4.16 7.94 6.1
2.79 3.81 8.17 5.98
2.84 4.06 7.86 5.92
2.86 3.8 8.13 5.93
2.83 4.6 7.17 5.77
2.73 4.16 7.48 5.64
2.8 3.85 7.67 5.52
2.87 4.11 7.82 5.93
2.89 4.71 7.41 6.12
2.74 4.05 7.84 5.89
2.83 4.12 7.8 5.92
2.83 4.21 8.06 6.27
2.77 4.12 8.22 6.34
2.89 4.6 7.34 5.94
2.85 4.43 7.67 6.1
2.84 4.32 7.66 5.98
2.81 4.51 7.44 5.95
2.88 4.48 7.6 6.08
2.84 4.23 7.36 5.59
2.84 3.99 7.95 5.94
2.78 4.24 7.68 5.92
2.88 4.38 7.66 6.04
2.79 3.68 8.04 5.72
2.86 4.64 7.62 6.26
2.78 4.34 7.18 5.52
2.9 4.42 7.55 5.97
2.81 4.05 7.72 5.77
2.79 4.17 7.64 5.81
2.78 4.32 7.34 5.66
2.77 3.95 7.67 5.62
2.8 4.42 7.57 5.99
2.87 4.66 7.17 5.83
2.78 4.33 7.35 5.68
2.86 4.39 7.7 6.09
2.77 3.78 8.25 6.03
2.83 4.41 7.98 6.39
2.78 4.37 7.64 6.01
2.93 4.2 7.7 5.9
2.81 3.94 7.55 5.49
2.84 4.39 7.25 5.64
2.83 4.63 7.29 5.92
2.83 3.95 7.87 5.82
2.71 3.52 8.54 6.06
2.83 4.83 7.36 6.19
2.76 3.74 8.24 5.98
2.85 4.42 7.41 5.83
2.76 4.54 7.69 6.23
2.8 4.04 8.11 6.15
2.85 4.04 7.84 5.88
2.81 4.34 7.53 5.87
2.89 4.42 7.33 5.75
2.92 4.53 6.96 5.49
2.75 4.27 7.49 5.76
2.83 3.92 7.95 5.87
2.76 4.43 7.28 5.71
2.87 4.83 6.99 5.82
2.76 4.63 7.26 5.89
2.77 4.58 7.41 5.99
2.82 3.98 8.23 6.21
2.87 3.86 7.76 5.62
2.75 4.09 7.77 5.86
2.8 4.07 8.11 6.18
2.81 4.61 7.75 6.36
2.7 4.38 7.88 6.26
2.89 4.32 7.39 5.71
2.76 4.19 7.83 6.02
2.75 3.89 7.74 5.63
2.76 4.14 7.77 5.91
2.8 4.52 7.3 5.82
2.83 4.33 7.71 6.04
2.78 4.05 8.4 6.45
2.82 3.92 8.23 6.15
2.85 4.83 7.27 6.1
2.84 4.07 7.37 5.44
2.86 4.57 7.51 6.08
2.91 4.74 7.07 5.81
2.88 4.48 7.79 6.27
2.81 3.9 8.11 6.01
2.88 4.2 7.75 5.95
2.79 4.14 7.82 5.96
2.76 4.49 7.99 6.48
2.8 4.4 7.23 5.63
2.8 4.28 7.84 6.12
2.76 3.87 8.14 6.01
2.76 4.26 7.83 6.09
2.84 4.66 6.79 5.45
2.85 4.54 7.41 5.95
2.84 4.44 7.42 5.86
2.77 4.2 7.94 6.14
2.79 3.73 8.4 6.13
2.85 4.17 7.42 5.59
2.8 3.63 8.15 5.78
2.79 4.3 7.57 5.87
2.76 3.83 8.08 5.91
2.83 4.26 7.54 5.8
2.81 3.92 8.23 6.15
2.82 4.13 7.82 5.95
2.8 4.08 8.13 6.21
2.84 4.21 7.56 5.77
2.81 4.29 7.72 6.01
2.83 4.3 7.17 5.47
2.87 4.27 7.35 5.62
2.88 4.09 7.97 6.06
2.82 4.48 7.37 5.85
2.92 4.54 7.08 5.62
2.8 3.39 8.95 6.34
2.82 4.1 8.01 6.11
2.75 4.09 8.08 6.17
2.78 3.99 8.05 6.04
2.77 3.91 7.89 5.8
2.74 3.7 8.1 5.8
2.85 3.96 7.59 5.55
2.84 4.85 7.08 5.93
2.85 4.56 7.73 6.29
2.82 4.03 7.44 5.47
2.88 4.18 7.78 5.96
2.83 4.1 7.89 5.99
2.82 4.08 7.27 5.35
2.73 3.6 8.17 5.77
2.8 4.21 8.02 6.23
2.78 3.7 8.14 5.84
2.88 4.3 7.33 5.63
2.84 4.29 7.84 6.13
2.76 4.24 7.84 6.08
2.88 4.39 7.63 6.02
2.76 3.83 7.74 5.57
2.82 4.28 7.75 6.03
2.82 3.98 7.96 5.94
2.72 3.51 8.33 5.84
2.77 4.36 7.55 5.91
2.88 4.33 7.5 5.83
2.74 4.16 7.83 5.99
2.85 4.44 7.35 5.79
2.89 4.31 7.29 5.6
2.86 4.01 8.21 6.22
2.76 4.38 7.95 6.33
2.79 4.29 7.55 5.84
2.78 4.12 8.22 6.34
2.82 4.33 7.53 5.86
2.84 4.36 7.82 6.18
2.85 4.28 7.75 6.03
2.77 3.82 8.49 6.31
2.78 3.75 8.34 6.09
2.86 4.29 7.46 5.75
2.81 4.19 7.8 5.99
2.78 3.76 8.14 5.9
2.84 4.33 7.8 6.13
2.86 3.82 7.91 5.73
2.9 4.51 7.27 5.78
2.81 4.62 7.33 5.95
2.71 3.76 8.6 6.36
2.86 4.17 7.61 5.78
2.83 4.45 7.43 5.88
2.75 3.81 8.3 6.11
2.86 4.46 7.44 5.9
2.83 3.8 7.66 5.46
2.86 4.17 7.41 5.58
2.84 4.31 7.66 5.97
2.83 4.54 7.46 6.0
2.82 4.74 7.87 6.61
2.77 3.95 7.58 5.53
2.77 4.03 7.87 5.9
2.84 4.6 7.34 5.94
2.72 3.76 8.02 5.78
2.78 4.57 7.86 6.43
2.83 4.71 7.37 6.08
2.81 4.54 7.58 6.12
2.77 3.91 8.22 6.13
2.8 4.59 7.38 5.97
2.79 4.58 7.34 5.92
2.76 4.33 7.64 5.97
2.77 3.57 8.72 6.29
2.74 3.49 8.48 5.97
2.83 4.47 7.11 5.58
2.79 4.29 7.53 5.82
2.86 4.49 7.5 5.99
2.74 3.79 7.83 5.62
2.82 4.19 7.69 5.88
2.86 4.72 7.4 6.12
2.69 3.44 8.91 6.35
2.78 4.2 7.6 5.8
2.81 4.05 7.45 5.5
2.81 4.38 7.47 5.85
2.84 4.43 7.46 5.89
2.75 3.54 8.23 5.77
2.86 4.37 7.39 5.76
2.82 3.77 8.01 5.78
2.72 3.74 8.06 5.8
2.73 4.02 8.09 6.11
2.8 4.57 7.25 5.82
2.8 4.23 7.36 5.59
2.78 4.03 8.0 6.03
2.78 3.88 7.62 5.5
2.85 4.13 7.55 5.68
2.88 5.1 7.06 6.16
2.8 3.7 8.17 5.87
2.87 4.68 6.99 5.67
2.69 3.99 7.94 5.93
2.82 4.58 7.58 6.16
2.84 4.35 7.9 6.25
2.79 4.36 7.73 6.09
2.8 4.0 8.2 6.2
2.81 4.28 7.8 6.08
2.9 4.23 7.85 6.08
2.77 4.09 7.62 5.71
2.88 3.94 8.2 6.14
2.79 3.97 7.63 5.6
2.88 5.15 6.82 5.97
2.81 4.36 7.45 5.81
2.77 4.74 7.16 5.9
2.76 4.08 7.91 5.99
2.86 4.35 7.06 5.41
2.87 4.54 7.26 5.8
2.83 3.95 8.17 6.12
2.83 4.0 7.92 5.92
2.85 4.34 7.38 5.72
2.75 4.18 8.07 6.25
2.85 5.14 6.9 6.04
2.75 4.05 8.12 6.17
2.7 3.73 8.22 5.95
2.74 3.47 8.23 5.7
2.8 4.33 7.61 5.94
2.86 4.74 7.56 6.3
2.83 4.15 7.75 5.9
2.79 3.67 8.35 6.02
2.84 4.11 7.67 5.78
2.84 4.2 7.88 6.08
2.85 4.59 7.19 5.78
2.82 3.91 7.6 5.51
2.91 4.29 7.7 5.99
2.88 4.31 7.9 6.21
2.82 3.95 7.79 5.74
2.77 4.41 7.62 6.03
2.81 3.87 7.8 5.67
2.73 3.23 8.33 5.56
2.87 3.92 7.87 5.79
2.74 4.36 8.0 6.36
2.78 4.15 7.73 5.88
2.84 3.86 7.9 5.76
2.89 4.05 7.77 5.82
2.83 4.21 7.64 5.85
2.83 3.91 8.15 6.06
2.74 4.34 7.69 6.03
2.82 3.99 8.05 6.04
2.8 4.1 7.81 5.91
2.84 4.13 7.75 5.88
2.75 3.69 8.13 5.82
2.79 4.02 8.03 6.05
2.87 3.74 8.23 5.97
2.82 4.13 7.75 5.88
2.81 4.11 7.74 5.85
2.72 3.96 8.11 6.07
2.84 4.52 7.13 5.65
2.88 4.22 7.52 5.74
2.74 4.06 7.85 5.91
2.75 3.91 8.31 6.22
2.8 4.23 7.38 5.61
2.85 4.23 7.62 5.85
2.77 4.35 7.63 5.98
2.86 3.92 7.77 5.69
2.78 4.51 7.63 6.14
2.87 3.94 7.84 5.78
2.76 3.87 8.02 5.89
2.73 3.99 8.03 6.02
2.77 4.23 7.63 5.86
2.84 4.32 7.57 5.89
2.81 4.18 7.73 5.91
2.77 3.99 7.72 5.71
2.78 3.83 8.13 5.96
2.82 4.45 7.45 5.9
2.72 3.91 7.78 5.69
2.88 4.49 7.14 5.63
2.82 4.21 7.79 6.0
2.69 4.11 7.66 5.77
2.8 4.09 8.05 6.14
2.76 3.92 8.05 5.97
2.78 3.87 8.38 6.25
2.83 4.34 7.28 5.62
2.83 4.14 7.68 5.82
2.82 3.58 8.32 5.9
2.82 4.12 7.99 6.11
2.8 3.96 7.97 5.93
2.79 3.88 8.24 6.12
2.82 4.73 7.19 5.92
2.83 4.8 6.84 5.64
2.8 3.41 8.53 5.94
2.81 3.72 8.04 5.76
2.84 4.22 7.67 5.89
2.79 4.16 8.1 6.26
2.8 4.11 7.82 5.93
2.83 4.39 7.78 6.17
2.87 4.01 7.69 5.7
2.79 3.68 8.13 5.81
2.78 4.05 7.98 6.03
2.81 4.36 7.58 5.94
2.86 4.5 7.69 6.19
2.83 3.8 8.03 5.83
2.72 4.3 7.68 5.98
2.83 4.47 7.37 5.84
2.74 3.64 7.88 5.52
2.81 3.87 7.9 5.77
2.79 4.08 7.86 5.94
2.85 4.27 7.54 5.81
2.73 3.49 8.49 5.98
2.84 4.43 7.52 5.95
2.78 3.88 7.98 5.86
2.78 3.91 7.83 5.74
2.88 5.16 6.66 5.82
2.73 4.01 7.82 5.83
2.87 4.66 7.5 6.16
2.82 4.13 7.94 6.07
2.86 4.25 7.94 6.19
2.86 4.58 7.38 5.96
2.89 4.33 7.48 5.81
2.8 3.78 8.25 6.03
2.84 4.43 7.8 6.23
2.88 4.41 7.53 5.94
2.89 4.2 7.5 5.7
2.89 3.97 8.02 5.99
2.78 3.66 8.05 5.71
2.78 4.01 7.73 5.74
2.84 4.33 7.38 5.71
2.87 4.86 6.97 5.83
2.81 3.96 8.36 6.32
2.9 4.31 7.27 5.58
2.85 4.69 6.75 5.44
2.87 4.7 7.19 5.89
2.9 4.53 7.12 5.65
2.75 4.85 7.18 6.03
2.87 4.35 7.63 5.98
2.76 3.87 7.93 5.8
2.81 3.56 7.99 5.55
2.87 4.0 7.88 5.88
2.78 4.38 8.0 6.38
2.9 4.83 7.17 6.0
2.83 4.34 7.66 6.0
2.81 4.42 7.28 5.7
2.87 4.52 7.28 5.8
2.82 4.4 7.42 5.82
2.73 4.42 7.82 6.24
2.84 4.39 7.53 5.92
2.78 4.56 7.37 5.93
2.9 4.57 7.37 5.94
2.87 4.92 6.88 5.8
2.81 4.82 7.05 5.87
2.9 3.9 7.81 5.71
2.83 4.02 8.1 6.12
2.77 3.59 8.72 6.31
2.78 3.81 8.45 6.26
2.83 3.7 8.14 5.84
2.89 4.76 7.35 6.11
2.79 4.61 7.45 6.06
2.79 3.73 7.92 5.65
2.82 4.02 7.63 5.65
2.85 4.28 7.59 5.87
2.79 4.46 7.4 5.86
2.89 4.53 7.61 6.14
2.79 3.41 8.78 6.19
2.85 4.32 7.76 6.08
2.91 4.86 6.81 5.67
2.82 4.55 7.35 5.9
2.84 4.23 7.58 5.81
2.77 4.35 7.55 5.9
2.8 4.32 7.73 6.05
2.79 4.21 7.9 6.11
2.79 3.52 8.05 5.57
2.77 3.64 8.11 5.75
2.85 4.42 7.64 6.06
2.86 4.53 6.89 5.42
2.76 4.89 6.76 5.65
2.83 4.22 7.92 6.14
2.81 4.72 7.81 6.53
2.84 4.44 7.53 5.97
2.76 4.17 7.91 6.08
2.81 3.9 8.03 5.93
2.76 4.5 7.31 5.81
2.74 4.55 7.5 6.05
2.75 3.84 8.1 5.94
2.85 4.26 7.8 6.06
2.69 4.39 7.43 5.82
2.83 4.41 7.79 6.2
2.85 4.02 8.04 6.06
2.8 3.77 8.24 6.01
2.86 4.52 7.29 5.81
2.79 4.72 7.5 6.22
2.88 4.19 7.56 5.75
2.79 4.69 7.3 5.99
2.8 4.31 7.6 5.91
2.83 4.09 7.91 6.0
2.83 3.94 7.82 5.76
2.77 4.38 7.67 6.05
2.82 4.18 7.73 5.91
2.79 4.32 7.89 6.21
2.74 3.32 8.36 5.68
2.86 4.21 7.48 5.69
2.89 4.4 7.72 6.12
2.78 4.04 7.9 5.94
2.77 4.22 7.73 5.95
2.72 3.91 7.8 5.71
2.88 4.43 7.14 5.57
2.77 3.78 8.13 5.91
2.81 4.39 7.7 6.09
2.79 4.37 7.92 6.29
2.77 4.13 7.65 5.78
2.77 4.03 8.16 6.19
2.83 4.27 7.56 5.83
2.8 3.88 7.89 5.77
2.8 3.79 8.21 6.0
2.87 4.39 7.54 5.93
2.71 3.58 8.11 5.69
2.84 3.76 7.96 5.72
2.83 4.2 7.55 5.75
2.85 4.99 7.32 6.31
2.81 4.18 7.74 5.92
2.8 4.25 7.39 5.64
2.87 4.31 7.81 6.12
2.83 4.67 7.33 6.0
2.83 3.88 7.95 5.83
2.82 4.34 7.31 5.65
2.77 4.35 7.38 5.73
2.85 3.8 7.85 5.65
2.8 4.02 8.37 6.39
2.79 3.66 7.94 5.6
2.9 4.66 7.54 6.2
2.83 4.3 7.78 6.08
2.86 4.51 7.48 5.99
2.82 3.97 7.54 5.51
2.84 4.32 7.76 6.08
2.81 4.63 7.42 6.05
2.86 4.48 7.6 6.08
2.88 4.28 7.49 5.77
2.84 4.52 7.48 6.0
2.81 4.47 7.21 5.68
2.82 4.46 7.55 6.01
2.84 4.33 7.64 5.97
2.82 4.15 7.9 6.05
2.86 4.2 7.53 5.73
2.83 4.06 7.95 6.01
2.8 3.69 8.49 6.18
2.88 4.06 7.83 5.89
2.81 3.91 8.28 6.19
2.79 4.54 7.73 6.27
2.84 4.39 7.25 5.64
2.84 4.62 7.16 5.78
2.87 3.85 7.81 5.66
2.85 4.47 7.55 6.02
2.82 4.22 7.68 5.9
2.79 4.04 8.13 6.17
2.83 4.26 7.81 6.07
2.85 4.59 7.65 6.24
2.78 4.07 7.78 5.85
2.8 4.5 7.64 6.14
2.84 4.34 7.69 6.03
2.79 4.48 7.82 6.3
2.89 4.72 7.15 5.87
2.77 4.29 8.15 6.44
2.82 3.77 7.98 5.75
2.83 4.66 7.12 5.78
2.81 4.47 7.6 6.07
2.81 4.69 7.29 5.98
2.83 3.87 7.96 5.83
2.79 4.21 7.56 5.77
2.77 3.78 7.94 5.72
2.8 3.97 7.84 5.81
2.86 4.8 7.23 6.03
2.83 4.49 7.31 5.8
2.79 4.17 7.78 5.95
2.82 3.88 8.18 6.06
2.79 3.65 7.68 5.33
2.8 4.16 7.25 5.41
2.84 4.5 7.46 5.96
2.89 4.29 7.48 5.77
2.86 4.84 7.24 6.08
2.86 4.95 7.14 6.09
2.86 4.13 7.62 5.75
2.8 4.13 8.19 6.32
2.86 4.17 7.87 6.04
2.79 4.4 7.38 5.78
2.87 4.98 7.01 5.99
2.9 4.4 7.25 5.65
2.8 4.67 7.61 6.28
2.84 3.85 8.04 5.89
2.77 4.21 7.83 6.04
2.74 4.22 7.54 5.76
2.8 4.49 7.53 6.02
2.79 4.07 7.9 5.97
2.8 4.41 7.86 6.27
2.8 4.24 7.54 5.78
2.87 4.55 7.28 5.83
2.88 4.8 7.35 6.15
2.79 3.58 8.18 5.76
2.79 4.8 7.11 5.91
2.78 4.28 7.87 6.15
2.9 4.02 8.06 6.08
2.85 4.23 8.09 6.32
2.75 4.05 8.11 6.16
2.81 4.23 7.8 6.03
2.83 4.29 7.93 6.22
2.81 4.18 7.44 5.62
2.81 4.38 7.19 5.57
2.77 3.88 8.21 6.09
2.9 4.73 7.01 5.74
2.76 4.35 7.52 5.87
2.76 4.05 7.9 5.95
2.83 4.06 7.73 5.79
2.9 4.38 7.64 6.02
2.86 4.37 7.86 6.23
2.79 4.53 7.15 5.68
2.76 4.43 7.38 5.81
2.78 3.71 8.03 5.74
2.85 4.21 8.09 6.3
2.76 4.21 7.82 6.03
2.83 4.4 7.38 5.78
2.84 4.72 6.95 5.67
2.8 4.26 8.01 6.27
2.8 4.19 7.8 5.99
2.85 4.33 7.94 6.27
2.78 3.69 7.64 5.33
2.86 4.59 7.38 5.97
2.81 4.59 7.48 6.07
2.78 4.46 7.65 6.11
2.85 4.18 7.71 5.89
2.8 4.18 7.44 5.62
2.86 3.98 8.16 6.14
2.86 4.21 7.48 5.69
2.88 4.2 7.72 5.92
2.77 4.58 7.27 5.85
2.83 4.57 7.63 6.2
2.82 4.25 7.47 5.72
2.86 4.02 7.5 5.52
2.77 4.05 7.26 5.31
2.78 3.58 7.89 5.47
2.79 4.36 7.86 6.22
2.88 3.96 7.44 5.4
2.84 3.68 8.08 5.76
2.8 4.44 7.54 5.98
2.89 4.22 7.41 5.63
2.78 3.9 8.44 6.34
2.8 4.19 7.32 5.51
2.82 4.27 7.53 5.8
2.84 4.22 8.0 6.22
2.76 4.39 7.63 6.02
2.86 4.31 7.25 5.56
2.82 4.67 7.29 5.96
2.71 3.56 8.5 6.06
2.79 3.76 8.34 6.1
2.83 4.35 7.94 6.29
2.77 4.19 7.91 6.1
2.84 4.36 7.33 5.69
2.84 4.32 7.77 6.09
2.92 4.04 7.48 5.52
2.84 4.5 7.57 6.07
2.81 4.62 7.35 5.97
2.83 4.57 7.68 6.25
2.8 4.23 7.5 5.73
2.83 3.82 8.1 5.92
2.75 3.65 8.15 5.8
2.84 3.97 7.92 5.89
2.75 3.8 8.4 6.2
2.83 3.77 8.15 5.92
2.82 4.15 7.8 5.95
2.8 4.1 7.8 5.9
2.87 4.49 7.63 6.12
2.86 4.32 7.6 5.92
2.83 3.89 7.95 5.84
2.75 4.47 7.61 6.08
2.85 4.2 7.79 5.99
2.83 3.9 8.26 6.16
2.79 4.31 7.2 5.51
2.78 4.69 7.49 6.18
2.79 4.0 7.68 5.68
2.82 4.07 7.6 5.67
2.84 4.28 7.69 5.97
2.82 4.58 7.6 6.18
2.85 4.34 7.64 5.98
2.9 4.36 7.47 5.83
2.85 4.14 7.55 5.69
2.74 4.96 7.13 6.09
2.84 4.22 7.69 5.91
2.69 4.32 7.85 6.17
2.88 4.62 6.66 5.28
2.86 4.22 7.89 6.11
2.84 4.4 7.8 6.2
2.84 4.2 6.88 5.08
2.84 4.3 7.5 5.8
2.85 3.79 8.1 5.89
2.81 3.97 7.93 5.9
2.76 4.5 7.59 6.09
2.85 4.04 7.48 5.52
2.86 4.61 7.31 5.92
2.89 3.9 7.71 5.61
2.84 4.3 7.85 6.15
2.76 3.54 8.45 5.99
2.78 3.84 8.05 5.89
2.79 4.26 7.5 5.76
2.75 3.95 8.19 6.14
2.82 4.19 7.23 5.42
2.81 4.21 7.61 5.82
2.85 4.16 8.21 6.37
2.82 4.23 7.58 5.81
2.79 4.15 7.24 5.39
2.78 4.72 7.0 5.72
2.78 4.15 7.68 5.83
2.82 4.03 7.89 5.92
2.89 4.37 7.31 5.68
2.85 3.97 8.03 6.0
2.79 4.5 7.75 6.25
2.83 4.18 7.39 5.57
2.87 4.5 7.51 6.01
2.81 4.44 7.48 5.92
2.85 4.56 7.38 5.94
2.83 4.45 7.14 5.59
2.83 4.26 7.65 5.91
2.9 4.93 7.35 6.28
2.76 3.97 8.3 6.27
2.84 4.81 6.89 5.7
2.81 4.28 7.71 5.99
2.87 4.12 7.95 6.07
2.89 4.74 7.1 5.84
2.82 4.12 7.82 5.94
2.86 4.05 8.16 6.21
2.74 3.63 8.58 6.21
2.85 4.86 7.07 5.93
2.83 4.49 7.71 6.2
2.82 4.21 7.61 5.82
2.77 3.71 8.23 5.94
2.89 4.51 7.4 5.91
2.83 4.16 7.84 6.0
2.81 4.45 7.05 5.5
2.88 4.65 7.39 6.04
2.87 4.02 8.15 6.17
2.77 4.41 7.59 6.0
2.78 3.69 8.12 5.81
2.88 4.11 7.93 6.04
2.75 4.23 8.06 6.29
2.83 3.86 7.65 5.51
2.82 4.83 6.94 5.77
2.89 4.14 8.05 6.19
2.8 4.74 7.21 5.95
2.8 3.7 8.43 6.13
2.86 4.47 7.56 6.03
2.79 4.17 7.69 5.86
2.9 4.99 6.91 5.9
2.83 3.97 7.93 5.9
2.81 4.24 7.63 5.87
2.8 4.18 7.75 5.93
2.79 4.2 7.7 5.9
2.77 4.06 7.71 5.77
2.84 4.54 7.33 5.87
2.84 4.11 7.95 6.06
2.86 4.45 7.67 6.12
2.81 3.75 8.34 6.09
2.84 4.4 7.66 6.06
2.87 4.21 7.87 6.08
2.81 4.76 7.97 6.73
2.81 3.79 8.54 6.33
2.82 4.01 7.6 5.61
2.82 4.44 7.37 5.81
2.73 3.68 8.35 6.03
2.84 3.79 8.35 6.14
2.83 4.18 7.52 5.7
2.77 4.36 7.22 5.58
2.75 3.34 8.33 5.67
2.79 4.24 7.25 5.49
2.83 4.09 7.98 6.07
2.75 3.75 8.64 6.39
2.76 3.67 8.14 5.81
2.84 4.28 7.75 6.03
2.8 4.82 7.63 6.45
2.8 4.88 7.39 6.27
2.86 4.28 7.7 5.98
2.79 4.86 6.92 5.78
2.78 4.35 7.91 6.26
2.84 4.34 6.9 5.24
2.91 4.5 7.05 5.55
2.9 4.98 7.31 6.29
2.81 3.99 7.84 5.83
2.82 3.99 8.09 6.08
2.86 4.22 7.75 5.97
2.74 4.06 8.04 6.1
2.89 4.31 7.7 6.01
2.75 3.86 8.06 5.92
2.84 4.36 7.71 6.07
2.88 3.78 7.69 5.47
2.82 4.63 7.76 6.39
2.87 4.09 7.62 5.71
2.82 3.88 7.92 5.8
2.84 4.1 8.22 6.32
2.79 4.62 7.27 5.89
2.73 4.09 7.88 5.97
2.81 4.32 7.67 5.99
2.85 4.42 7.97 6.39
2.78 4.05 7.53 5.58
2.82 4.25 7.34 5.59
2.9 4.69 6.77 5.46
2.85 4.1 7.99 6.09
2.78 4.86 7.36 6.22
2.86 4.17 7.81 5.98
2.78 4.09 8.08 6.17
2.81 4.03 7.67 5.7
2.8 4.32 7.96 6.28
2.84 4.06 8.07 6.13
2.82 4.66 7.26 5.92
2.83 4.19 8.2 6.39
2.79 4.85 7.32 6.17
2.83 4.73 7.49 6.22
2.78 4.48 7.59 6.07
2.84 4.42 7.66 6.08
2.78 4.18 7.9 6.08
2.88 4.42 7.83 6.25
2.82 3.96 7.98 5.94
2.84 4.62 7.24 5.86
2.79 3.88 8.07 5.95
2.8 4.53 7.41 5.94
2.8 4.42 7.28 5.7
2.78 4.02 8.33 6.35
2.85 4.3 7.62 5.92
2.82 4.15 7.53 5.68
2.78 4.02 8.01 6.03
2.8 4.13 7.87 6.0
2.75 4.09 7.86 5.95
2.74 4.34 7.81 6.15
2.81 3.68 8.39 6.07
2.81 4.08 8.43 6.51
2.75 4.52 7.51 6.03
2.88 4.69 7.17 5.86
2.82 4.16 8.28 6.44
2.78 4.42 7.26 5.68
2.85 4.2 7.44 5.64
2.81 3.77 8.67 6.44
2.83 3.93 8.43 6.36
2.82 3.72 7.87 5.59
2.81 4.26 8.15 6.41
2.79 4.19 7.94 6.13
2.77 4.04 7.79 5.83
2.71 3.81 8.13 5.94
2.79 4.21 7.87 6.08
2.9 4.21 7.58 5.79
2.85 3.84 7.74 5.58
2.73 4.02 8.2 6.22
2.77 3.67 8.49 6.16
2.85 4.19 7.86 6.05
2.82 4.13 7.78 5.91
2.79 4.5 7.58 6.08
2.81 4.35 7.46 5.81
2.83 4.22 7.26 5.48
2.85 3.84 8.34 6.18
2.73 4.13 8.02 6.15
2.81 4.08 8.38 6.46
2.83 4.52 7.16 5.68
2.83 3.75 7.92 5.67
2.79 4.26 7.41 5.67
2.83 4.25 7.18 5.43
2.89 4.3 7.19 5.49
2.82 4.45 7.31 5.76
2.83 4.37 7.45 5.82
2.86 4.04 8.24 6.28
2.82 4.53 7.54 6.07
2.81 4.6 7.29 5.89
2.83 4.19 7.77 5.96
2.85 4.55 7.42 5.97
2.82 3.83 8.37 6.2
2.9 4.39 7.87 6.26
2.88 4.32 7.54 5.86
2.83 4.04 8.26 6.3
2.8 4.14 7.83 5.97
2.8 3.87 8.07 5.94
2.79 4.37 8.0 6.37
2.88 4.7 7.35 6.05
2.75 4.0 8.27 6.27
2.88 4.09 7.55 5.64
2.82 4.29 7.43 5.72
2.81 4.23 7.62 5.85
2.88 4.4 7.7 6.1
2.82 4.44 7.46 5.9
2.81 4.43 7.45 5.88
2.89 4.7 7.47 6.17
2.79 4.13 7.93 6.06
2.81 3.93 7.88 5.81
2.82 3.75 7.51 5.26
2.8 4.24 7.55 5.79
2.76 3.96 7.72 5.68
2.78 4.17 7.75 5.92
2.83 4.39 8.0 6.39
2.84 4.35 7.37 5.72
2.84 3.87 7.91 5.78
2.82 3.96 8.13 6.09
2.76 3.68 7.67 5.35
2.76 3.99 8.29 6.28
2.7 3.51 8.77 6.28
2.83 4.25 7.91 6.16
2.84 4.53 7.55 6.08
2.91 4.34 7.66 6.0
2.73 4.26 8.01 6.27
2.85 4.44 7.2 5.64
2.81 3.93 8.21 6.14
2.85 4.35 7.69 6.04
2.74 3.48 8.55 6.03
2.85 4.66 7.23 5.89
2.86 4.13 7.85 5.98
2.76 4.23 8.14 6.37
2.71 3.47 8.61 6.08
2.73 3.7 8.14 5.84
2.81 4.11 8.06 6.17
2.87 4.03 7.8 5.83
2.82 4.01 7.89 5.9
2.79 4.27 7.48 5.75
2.86 4.87 7.02 5.89
2.76 3.78 8.02 5.8
2.79 4.13 8.06 6.19
2.77 3.8 8.23 6.03
2.84 4.35 7.54 5.89
2.83 4.46 7.34 5.8
2.74 4.16 7.97 6.13
2.78 4.39 7.7 6.09
2.81 4.15 7.61 5.76
2.84 4.34 7.7 6.04
2.85 4.32 7.55 5.87
2.75 3.86 8.21 6.07
2.78 4.19 7.81 6.0
2.78 4.5 7.73 6.23
2.86 4.09 7.84 5.93
2.82 3.94 7.73 5.67
2.77 4.56 7.83 6.39
2.81 4.06 7.91 5.97
2.83 3.98 8.12 6.1
2.89 4.35 7.69 6.04
2.9 4.32 7.31 5.63
2.76 4.31 7.66 5.97
2.87 4.36 7.54 5.9
2.79 4.29 7.94 6.23
2.81 3.98 7.87 5.85
2.88 4.06 7.64 5.7
2.75 4.09 7.8 5.89
2.82 4.43 7.18 5.61
2.82 4.24 7.53 5.77
2.82 4.24 7.86 6.1
2.85 4.35 7.23 5.58
2.84 4.43 7.51 5.94
2.76 3.98 8.06 6.04
2.86 4.03 7.78 5.81
2.83 4.23 7.73 5.96
2.81 4.29 7.51 5.8
2.76 4.17 8.09 6.26
2.81 4.42 7.75 6.17
2.83 4.79 7.52 6.31
2.74 4.26 7.39 5.65
2.73 3.65 8.31 5.96
2.81 3.95 8.51 6.46
2.88 4.39 7.52 5.91
2.78 3.83 8.28 6.11
2.93 4.67 7.12 5.79
2.79 4.24 7.56 5.8
2.79 3.89 8.28 6.17
2.82 4.62 7.78 6.4
2.78 3.95 8.4 6.35
2.77 4.51 7.49 6.0
2.78 4.22 7.92 6.14
2.78 4.25 7.71 5.96
2.83 4.23 7.74 5.97
2.86 4.19 7.71 5.9
2.88 4.04 7.74 5.78
2.83 4.12 7.96 6.08
2.84 3.96 8.66 6.62
2.81 4.6 7.55 6.15
2.83 4.44 7.8 6.24
2.79 3.94 7.99 5.93
2.84 4.11 8.06 6.17
2.78 4.19 7.79 5.98
2.85 3.94 8.35 6.29
2.78 3.57 8.04 5.61
2.79 4.49 7.62 6.11
2.86 4.38 7.54 5.92
2.84 4.73 7.13 5.86
2.78 4.03 7.55 5.58
2.82 4.04 7.5 5.54
2.79 4.05 7.77 5.82
2.81 4.09 7.93 6.02
2.72 4.56 7.22 5.78
2.85 4.43 7.35 5.78
2.77 3.95 8.09 6.04
2.81 4.23 7.77 6.0
2.79 4.54 7.7 6.24
2.78 4.2 7.82 6.02
2.76 4.32 7.58 5.9
2.82 4.3 7.59 5.89
2.8 3.51 8.29 5.8
2.73 4.24 7.85 6.09
2.77 4.3 7.91 6.21
2.85 4.31 7.0 5.31
2.9 4.26 7.64 5.9
2.77 4.15 7.85 6.0
2.85 3.83 8.46 6.29
2.85 4.16 7.72 5.88
2.86 4.49 7.78 6.27
2.87 3.81 7.73 5.54
2.82 4.78 7.4 6.18
2.84 4.45 7.72 6.17
2.85 3.94 7.76 5.7
2.85 4.32 8.07 6.39
2.83 3.87 8.36 6.23
2.78 3.7 8.6 6.3
2.8 4.59 7.68 6.27
2.82 4.25 7.53 5.78
2.8 4.0 8.13 6.13
2.82 3.75 8.28 6.03
2.8 4.52 7.41 5.93
2.83 4.37 7.92 6.29
2.75 3.6 8.11 5.71
2.76 4.15 8.08 6.23
2.83 3.94 7.84 5.78
2.84 4.6 7.51 6.11
2.87 4.87 6.97 5.84
2.82 4.16 7.8 5.96
2.8 3.58 8.45 6.03
2.86 4.09 7.49 5.58
2.88 4.02 7.88 5.9
2.76 3.25 9.01 6.26
2.81 4.18 8.02 6.2
2.85 4.29 7.77 6.06
2.82 3.63 8.22 5.85
2.78 4.03 7.74 5.77
2.85 4.56 7.2 5.76
2.84 3.98 7.61 5.59
2.88 4.54 6.92 5.46
2.79 3.84 8.3 6.14
2.83 4.33 7.58 5.91
2.79 4.21 7.9 6.11
2.85 4.42 7.66 6.08
2.8 4.13 7.6 5.73
2.77 3.75 8.28 6.03
2.81 4.22 7.27 5.49
2.81 3.86 8.1 5.96
2.81 4.4 7.23 5.63
2.8 4.57 7.6 6.17
2.82 4.31 7.72 6.03
2.83 4.29 7.46 5.75
2.8 4.19 8.1 6.29
2.87 4.01 7.77 5.78
2.79 4.07 7.88 5.95
2.79 4.24 8.14 6.38
2.84 3.76 7.78 5.54
2.78 4.36 7.54 5.9
2.76 3.68 8.29 5.97
2.76 4.46 7.24 5.7
2.87 4.52 7.1 5.62
2.75 4.46 7.81 6.27
2.84 4.15 7.87 6.02
2.78 4.06 8.15 6.21
2.84 4.26 7.83 6.09
2.82 4.14 8.08 6.22
2.81 3.86 8.19 6.05
2.76 3.65 8.51 6.16
2.88 4.26 7.85 6.11
2.8 4.16 7.84 6.0
2.79 4.05 7.61 5.66
2.82 4.05 7.54 5.59
2.79 4.45 7.23 5.68
2.83 4.56 7.53 6.09
2.8 4.44 7.63 6.07
2.79 4.38 7.64 6.02
2.84 3.83 7.87 5.7
2.85 3.56 8.01 5.57
2.79 4.51 7.77 6.28
2.77 4.32 7.6 5.92
2.86 4.48 7.45 5.93
2.82 4.1 7.85 5.95
2.88 4.65 7.2 5.85
2.79 4.15 8.0 6.15
2.81 4.18 7.78 5.96
2.82 4.47 7.91 6.38
2.87 4.5 7.75 6.25
2.83 3.96 7.87 5.83
2.72 4.01 7.93 5.94
2.82 4.95 7.25 6.2
2.77 3.85 7.82 5.67
2.8 4.52 7.51 6.03
2.88 4.66 7.27 5.93
2.77 3.73 8.13 5.86
2.85 4.44 7.5 5.94
2.87 4.08 7.62 5.7
2.87 4.18 7.78 5.96
2.83 4.24 7.25 5.49
2.76 4.5 7.64 6.14
2.74 3.92 7.73 5.65
2.77 4.26 7.74 6.0
2.79 4.54 7.2 5.74
2.79 3.78 8.32 6.1
2.77 4.37 7.45 5.82
2.88 4.58 7.55 6.13
2.81 4.22 7.74 5.96
2.79 4.6 7.7 6.3
2.82 4.28 7.75 6.03
2.82 4.07 7.53 5.6
2.72 3.54 8.05 5.59
2.86 4.22 7.91 6.13
2.91 4.75 7.14 5.89
2.87 4.45 7.31 5.76
2.81 3.76 7.8 5.56
2.83 4.3 7.59 5.89
2.83 4.13 8.04 6.17
2.83 4.7 7.43 6.13
2.85 3.87 8.11 5.98
2.85 4.39 7.41 5.8
2.77 4.07 8.01 6.08
2.78 3.94 8.12 6.06
2.83 4.49 7.89 6.38
2.8 4.21 7.64 5.85
2.85 4.17 7.37 5.54
2.84 4.77 7.45 6.22
2.8 3.9 7.76 5.66
2.84 4.27 7.5 5.77
2.77 3.63 8.56 6.19
2.84 3.63 8.55 6.18
2.81 4.72 7.19 5.91
2.86 4.25 7.55 5.8
2.86 4.42 6.95 5.37
2.83 4.07 7.73 5.8
2.83 4.33 8.33 6.66
2.83 4.45 7.11 5.56
2.88 3.84 8.13 5.97
2.75 3.96 8.37 6.33
2.83 4.04 7.85 5.89
2.87 4.33 7.41 5.74
2.86 4.26 7.75 6.01
2.79 3.65 8.62 6.27
2.8 4.34 7.74 6.08
2.83 5.18 7.03 6.21
2.79 4.15 7.77 5.92
2.84 4.71 7.21 5.92
2.78 4.21 7.81 6.02
2.83 4.36 8.01 6.37
2.83 4.12 7.94 6.06
2.78 4.65 7.19 5.84
2.79 3.99 8.14 6.13
2.77 3.69 8.57 6.26
2.83 4.6 7.53 6.13
2.75 4.13 7.66 5.79
2.73 3.6 8.52 6.12
2.77 3.8 8.03 5.83
2.84 4.15 7.68 5.83
2.86 4.85 7.36 6.21
2.82 4.51 7.6 6.11
2.83 4.3 7.82 6.12
2.83 3.9 7.58 5.48
2.89 4.96 6.88 5.84
2.82 4.43 7.6 6.03
2.85 4.47 7.53 6.0
2.83 4.59 7.5 6.09
2.88 4.86 7.17 6.03
2.79 4.03 7.94 5.97
2.83 3.96 7.79 5.75
2.79 4.13 7.81 5.94
2.8 4.16 7.91 6.07
2.77 4.07 7.77 5.84
2.73 4.32 7.66 5.98
2.89 4.27 7.96 6.23
2.84 4.56 7.74 6.3
2.82 3.98 8.05 6.03
2.85 4.03 7.41 5.44
2.82 4.19 7.81 6.0
2.79 5.13 7.06 6.19
2.79 3.98 7.75 5.73
2.78 4.4 8.11 6.51
2.78 4.01 7.79 5.8
2.81 3.8 7.86 5.66
2.79 4.07 7.95 6.02
2.76 4.41 8.18 6.59
2.79 4.61 7.53 6.14
2.84 4.11 7.54 5.65
2.84 4.36 8.0 6.36
2.84 3.97 7.64 5.61
2.87 4.44 7.47 5.91
2.82 4.48 7.44 5.92
2.83 4.69 7.45 6.14
2.82 4.01 8.03 6.04
2.8 4.02 7.71 5.73
2.8 3.96 7.86 5.82
2.76 4.13 7.85 5.98
2.8 4.01 7.64 5.65
2.85 4.16 7.46 5.62
2.91 4.75 7.17 5.92
2.77 3.76 8.17 5.93
2.76 4.24 7.76 6.0
2.79 4.04 7.69 5.73
2.82 3.67 8.05 5.72
2.77 3.79 7.99 5.78
2.79 3.92 7.6 5.52
2.78 4.18 7.68 5.86
2.85 4.51 7.7 6.21
2.81 4.32 7.81 6.13
2.73 4.21 7.73 5.94
2.8 4.21 7.68 5.89
2.77 3.91 8.19 6.1
2.75 4.03 8.01 6.04
2.83 4.5 7.29 5.79
2.82 4.7 7.48 6.18
2.77 4.32 7.33 5.65
2.89 3.94 7.74 5.68
2.85 3.98 7.85 5.83
2.86 4.39 7.48 5.87
2.75 3.55 8.06 5.61
2.86 4.05 7.92 5.97
2.77 3.8 8.25 6.05
2.82 4.5 7.59 6.09
2.83 4.36 7.54 5.9
2.87 4.34 7.34 5.68
2.82 4.49 7.42 5.91
2.85 3.9 7.82 5.72
2.86 3.99 7.59 5.58
2.87 4.38 7.62 6.0
2.83 4.86 7.2 6.06
2.79 4.38 7.65 6.03
2.8 3.5 8.73 6.23
2.84 5.06 6.68 5.74
2.86 4.18 7.4 5.58
2.7 4.47 7.69 6.16
2.79 4.12 7.99 6.11
2.83 4.39 7.72 6.11
2.82 4.1 7.61 5.71
2.87 4.33 7.38 5.71
2.88 4.4 7.47 5.87
2.76 3.91 8.03 5.94
2.81 3.88 7.98 5.86
2.76 4.05 7.94 5.99
2.78 4.46 7.34 5.8
2.9 3.87 7.25 5.12
2.85 4.33 7.96 6.29
2.85 4.67 7.51 6.18
2.83 4.79 7.01 5.8
2.86 4.5 7.46 5.96
2.81 4.55 7.28 5.83
2.8 4.68 7.67 6.35
2.72 3.92 8.19 6.11
2.91 3.86 7.78 5.64
2.82 4.08 8.19 6.27
2.81 4.58 7.21 5.79
2.83 4.35 7.64 5.99
2.81 4.33 7.71 6.04
2.75 4.36 7.76 6.12
2.81 4.06 7.6 5.66
2.75 4.13 8.01 6.14
2.82 4.34 7.78 6.12
2.76 3.99 8.06 6.05
2.83 4.22 8.04 6.26
2.82 4.22 7.94 6.16
2.84 4.72 7.01 5.73
2.81 3.93 7.93 5.86
2.83 3.99 7.76 5.75
2.82 4.19 7.51 5.7
2.84 4.19 7.63 5.82
2.8 4.1 7.58 5.68
2.83 4.03 8.3 6.33
2.84 4.16 7.76 5.92
2.79 4.34 7.38 5.72
2.82 4.17 7.97 6.14
2.75 4.39 7.83 6.22
2.81 4.14 7.58 5.72
2.86 4.15 7.59 5.74
2.78 4.23 8.06 6.29
2.78 4.06 7.85 5.91
2.87 4.2 7.8 6.0
2.86 3.91 7.7 5.61
2.88 4.24 7.6 5.84
2.88 4.22 7.88 6.1
2.81 4.7 7.51 6.21
2.86 4.6 7.6 6.2
2.78 4.64 7.62 6.26
2.76 4.08 7.94 6.02
2.8 4.12 7.55 5.67
2.93 4.42 7.33 5.75
2.83 4.35 7.76 6.11
2.82 4.31 7.41 5.72
2.82 4.26 7.42 5.68
2.77 4.27 8.51 6.78
2.75 3.95 8.09 6.04
2.87 4.38 7.51 5.89
2.75 4.12 7.8 5.92
2.87 3.94 7.58 5.52
2.8 4.27 7.71 5.98
2.83 4.76 7.35 6.11
2.8 4.47 7.44 5.91
2.82 3.95 8.05 6.0
2.81 4.44 7.67 6.11
2.83 4.52 7.3 5.82
2.83 4.18 7.95 6.13
2.86 4.42 7.19 5.61
2.78 4.24 7.71 5.95
2.87 4.68 7.42 6.1
2.83 4.19 7.29 5.48
2.85 4.13 7.84 5.97
2.76 3.96 8.07 6.03
2.79 4.54 7.29 5.83
2.81 4.18 7.8 5.98
2.85 3.83 7.88 5.71
2.8 4.15 7.51 5.66
2.9 4.07 7.55 5.62
2.8 3.77 7.94 5.71
2.81 3.84 8.2 6.04
2.79 3.44 8.38 5.82
2.84 4.26 7.56 5.82
2.84 4.11 7.76 5.87
2.76 4.22 7.84 6.06
2.8 4.26 8.0 6.26
2.88 4.36 7.58 5.94
2.85 4.06 7.31 5.37
2.81 4.53 7.42 5.95
2.71 4.23 7.56 5.79
2.84 4.26 8.29 6.55
2.8 4.17 7.69 5.86
2.78 4.22 7.87 6.09
2.83 4.35 7.92 6.27
2.81 4.2 7.68 5.88
2.83 4.02 7.55 5.57
2.85 3.99 7.92 5.91
2.84 3.87 7.63 5.5
2.83 4.1 8.15 6.25
2.8 3.72 8.55 6.27
2.79 4.32 7.87 6.19
2.82 4.31 7.72 6.03
2.8 4.49 7.33 5.82
2.83 4.07 7.78 5.85
2.79 4.22 7.48 5.7
2.78 4.15 7.87 6.02
2.81 4.02 7.92 5.94
2.83 4.77 6.95 5.72
2.86 4.51 7.29 5.8
2.8 4.58 7.42 6.0
2.71 4.11 8.18 6.29
2.8 3.98 7.86 5.84
2.89 3.77 8.02 5.79
2.88 4.51 7.68 6.19
2.77 4.41 7.44 5.85
2.84 4.61 7.42 6.03
2.8 4.16 7.9 6.06
2.86 4.27 7.69 5.96
2.77 4.52 7.74 6.26
2.9 4.22 7.51 5.73
2.78 3.95 7.87 5.82
2.81 4.2 7.68 5.88
2.9 4.35 7.68 6.03
2.7 4.07 8.32 6.39
2.81 3.96 7.93 5.89
2.78 4.28 7.73 6.01
2.77 4.48 7.76 6.24
2.79 4.0 7.89 5.89
2.81 4.11 7.68 5.79
2.69 3.76 8.24 6.0
2.8 3.68 8.11 5.79
2.81 3.97 8.07 6.04
2.79 4.21 7.64 5.85
2.68 4.16 7.88 6.04
2.78 4.49 7.82 6.31
2.84 4.19 7.55 5.74
2.85 4.53 7.21 5.74
2.85 4.04 7.85 5.89
2.71 3.6 8.56 6.16
2.76 4.05 7.84 5.89
2.86 4.58 7.52 6.1
2.78 4.59 7.36 5.95
2.87 4.26 7.7 5.96
2.81 4.83 6.9 5.73
2.71 3.75 8.07 5.82
2.78 4.1 7.75 5.85
2.77 3.9 7.86 5.76
2.78 4.28 7.38 5.66
2.79 4.38 7.88 6.26
2.83 3.92 7.93 5.85
2.77 4.36 7.51 5.87
2.76 3.83 8.23 6.06
2.83 4.31 7.5 5.81
2.82 3.77 8.02 5.79
2.91 4.7 7.37 6.07
2.85 4.16 7.96 6.12
2.85 3.94 7.95 5.89
2.81 4.07 7.75 5.82
2.82 4.86 7.49 6.35
2.83 4.18 7.66 5.84
2.75 3.55 8.34 5.89
2.83 3.98 8.16 6.14
2.82 3.85 7.71 5.56
2.73 3.73 8.31 6.04
2.72 3.81 8.43 6.24
2.83 4.03 7.36 5.39
2.85 4.34 7.33 5.67
2.82 3.92 7.45 5.37
2.83 4.3 7.98 6.28
2.82 4.24 7.75 5.99
2.77 3.88 8.23 6.11
2.78 3.6 7.99 5.59
2.84 5.08 6.87 5.95
2.83 4.7 7.18 5.88
2.78 3.89 7.85 5.74
2.84 4.02 7.99 6.01
2.77 4.31 7.65 5.96
2.8 3.94 8.24 6.18
2.88 4.27 7.66 5.93
2.87 3.94 7.87 5.81
2.79 4.31 7.45 5.76
2.85 4.04 7.91 5.95
2.76 4.08 7.94 6.02
2.85 4.54 6.88 5.42
2.82 4.3 7.55 5.85
2.86 4.28 7.26 5.54
2.84 4.01 7.79 5.8
2.86 3.98 7.94 5.92
2.8 4.29 7.64 5.93
2.84 4.44 7.47 5.91
2.79 4.18 7.95 6.13
2.9 4.58 7.24 5.82
2.82 4.2 7.68 5.88
2.78 3.89 7.84 5.73
2.77 4.16 8.06 6.22
2.84 4.41 7.6 6.01
2.81 3.88 8.5 6.38
2.78 4.02 8.12 6.14
2.84 4.33 7.6 5.93
2.76 4.39 7.81 6.2
2.77 4.15 8.01 6.16
2.81 3.95 8.03 5.98
2.86 4.53 7.12 5.65
2.82 3.79 8.52 6.31
2.89 4.4 7.09 5.49
2.8 4.06 7.7 5.76
2.85 4.4 7.3 5.7
2.82 4.56 7.77 6.33
2.84 5.04 7.16 6.2
2.75 4.34 7.71 6.05
2.77 3.91 7.95 5.86
2.81 4.21 8.0 6.21
2.83 3.98 7.9 5.88
2.81 4.14 7.44 5.58
2.78 4.19 8.07 6.26
2.77 4.14 8.13 6.27
2.8 4.34 7.52 5.86
2.77 3.56 8.29 5.85
2.78 4.62 7.18 5.8
2.79 4.34 7.39 5.73
2.8 4.4 7.5 5.9
2.88 4.49 7.58 6.07
2.8 4.11 7.99 6.1
2.86 4.39 7.8 6.19
2.78 4.25 7.35 5.6
2.89 4.44 7.1 5.54
2.78 4.67 7.55 6.22
2.85 4.35 7.64 5.99
2.71 3.93 8.07 6.0
2.83 4.09 7.98 6.07
2.82 4.07 7.92 5.99
2.83 4.57 7.64 6.21
2.85 3.94 7.9 5.84
2.82 3.97 7.9 5.87
2.75 4.38 7.48 5.86
2.81 4.64 7.17 5.81
2.86 4.26 7.58 5.84
2.79 4.21 7.98 6.19
2.8 4.27 7.75 6.02
2.82 4.35 7.69 6.04
2.79 3.96 8.21 6.17
2.86 4.66 7.28 5.94
2.85 4.72 7.22 5.94
2.84 4.01 7.95 5.96
2.76 3.6 8.47 6.07
2.87 4.27 7.8 6.07
2.73 3.92 7.76 5.68
2.82 4.16 7.95 6.11
2.7 4.24 8.13 6.37
2.86 4.13 7.74 5.87
2.87 4.44 7.28 5.72
2.76 3.79 8.28 6.07
2.8 4.09 7.5 5.59
2.83 4.16 7.33 5.49
2.77 4.1 8.19 6.29
2.82 3.7 7.92 5.62
2.77 4.14 7.89 6.03
2.74 3.88 7.94 5.82
2.82 3.9 7.6 5.5
2.86 3.97 7.84 5.81
2.81 4.31 7.79 6.1
2.82 4.24 7.67 5.91
2.9 4.12 7.9 6.02
2.86 4.67 7.38 6.05
2.81 4.32 7.51 5.83
2.78 4.32 7.22 5.54
2.87 3.8 7.73 5.53
2.84 4.04 7.42 5.46
2.88 4.35 7.49 5.84
2.84 3.98 7.92 5.9
2.74 4.02 8.1 6.12
2.9 4.37 7.59 5.96
2.8 4.18 8.0 6.18
2.81 4.18 7.66 5.84
2.8 4.44 7.52 5.96
2.77 3.88 7.91 5.79
2.85 4.15 8.19 6.34
2.8 3.96 7.9 5.86
2.8 3.98 7.68 5.66
2.82 4.1 8.0 6.1
2.79 3.64 8.57 6.21
2.9 4.65 7.41 6.06
2.79 4.42 7.78 6.2
2.88 4.29 7.84 6.13
2.9 4.65 7.04 5.69
2.82 4.25 7.83 6.08
2.83 4.65 7.01 5.66
2.78 3.94 8.24 6.18
2.79 4.18 7.83 6.01
2.84 4.29 7.71 6.0
2.88 4.08 7.82 5.9
2.9 5.03 6.95 5.98
2.78 4.26 7.6 5.86
2.74 4.34 7.67 6.01
2.8 4.05 8.32 6.37
2.82 4.43 7.56 5.99
2.84 4.26 7.75 6.01
2.91 4.36 7.23 5.59
2.85 4.08 7.61 5.69
2.85 4.31 7.6 5.91
2.84 4.2 7.63 5.83
2.84 4.06 8.2 6.26
2.74 3.86 7.83 5.69
2.87 4.43 7.65 6.08
2.75 4.05 8.23 6.28
2.83 4.31 7.65 5.96
2.72 3.87 8.33 6.2
2.82 3.96 8.11 6.07
2.75 3.82 8.11 5.93
2.8 4.86 7.55 6.41
2.8 4.24 7.57 5.81
2.87 4.45 8.03 6.48
2.73 4.09 7.77 5.86
2.81 4.11 7.7 5.81
2.79 3.87 8.17 6.04
2.8 4.34 7.21 5.55
2.83 4.19 7.57 5.76
2.79 4.0 7.78 5.78
2.8 3.97 8.1 6.07
2.84 4.0 7.9 5.9
2.84 4.44 7.42 5.86
2.83 4.11 7.35 5.46
2.86 4.52 7.54 6.06
2.81 4.16 8.0 6.16
2.84 4.03 7.9 5.93
2.81 4.14 8.02 6.16
2.79 3.97 8.12 6.09
2.78 4.08 7.97 6.05
2.81 4.47 7.76 6.23
2.83 4.15 7.75 5.9
2.82 4.46 7.87 6.33
2.83 4.49 7.47 5.96
2.81 4.22 7.53 5.75
2.81 4.44 7.44 5.88
2.77 3.94 7.83 5.77
2.81 3.89 8.22 6.11
2.87 4.06 8.11 6.17
2.83 3.96 7.97 5.93
2.87 4.43 7.23 5.66
2.89 4.31 7.6 5.91
2.71 4.49 7.62 6.11
2.86 4.72 7.31 6.03
2.84 3.97 7.77 5.74
2.85 3.98 8.14 6.12
2.79 4.25 7.75 6.0
2.84 4.41 7.48 5.89
2.8 4.1 7.46 5.56
2.9 4.3 7.7 6.0
2.84 4.95 7.31 6.26
2.85 4.05 7.8 5.85
2.86 4.33 7.77 6.1
2.82 4.46 7.28 5.74
2.75 4.56 7.33 5.89
2.8 4.3 7.21 5.51
2.78 3.95 7.73 5.68
2.85 4.25 7.51 5.76
2.81 4.37 7.5 5.87
2.79 4.42 7.3 5.72
2.84 4.65 7.17 5.82
2.7 3.7 8.25 5.95
2.74 3.65 8.24 5.89
2.86 4.25 8.14 6.39
2.78 3.86 8.11 5.97
2.73 3.95 7.73 5.68
2.79 4.02 8.13 6.15
2.74 4.02 8.03 6.05
2.87 4.43 7.31 5.74
2.79 4.11 7.82 5.93
2.8 4.33 7.46 5.79
2.73 3.62 8.99 6.61
2.82 4.52 7.48 6.0
2.87 4.24 7.87 6.11
2.75 3.89 7.94 5.83
2.86 4.19 7.79 5.98
2.9 4.28 7.4 5.68
2.8 3.65 8.51 6.16
2.75 4.02 7.61 5.63
2.88 4.31 7.46 5.77
2.74 3.83 7.86 5.69
2.81 4.1 8.22 6.32
2.82 4.44 7.4 5.84
2.73 4.03 7.83 5.86
2.79 4.37 7.7 6.07
2.85 4.65 7.34 5.99
2.83 4.19 7.68 5.87
2.84 4.14 7.83 5.97
2.81 3.9 7.93 5.83
2.85 4.15 7.23 5.38
2.81 4.17 7.87 6.04
2.8 4.66 7.37 6.03
2.78 4.47 7.35 5.82
2.72 3.95 8.08 6.03
2.84 4.16 7.56 5.72
2.79 4.33 7.29 5.62
2.79 4.95 7.43 6.38
2.81 4.27 7.76 6.03
2.86 3.93 7.68 5.61
2.8 3.97 7.74 5.71
2.86 4.45 7.56 6.01
2.89 4.58 7.22 5.8
2.74 4.27 7.46 5.73
2.79 4.32 7.6 5.92
2.82 3.95 7.97 5.92
2.76 3.87 8.27 6.14
2.82 4.2 7.67 5.87
2.73 3.85 7.86 5.71
2.81 3.95 8.29 6.24
2.79 3.69 7.98 5.67
2.66 3.8 8.1 5.9
2.84 4.12 7.73 5.85
2.7 3.74 8.47 6.21
2.81 4.5 7.4 5.9
2.78 4.42 7.62 6.04
2.82 3.99 7.95 5.94
2.82 4.3 7.63 5.93
2.79 4.27 7.66 5.93
2.85 4.85 7.02 5.87
2.87 5.04 6.81 5.85
2.9 4.61 7.1 5.71
2.81 4.46 7.3 5.76
2.77 4.49 7.76 6.25
2.83 4.07 7.95 6.02
2.84 4.19 7.88 6.07
2.82 4.0 7.67 5.67
2.85 4.23 7.87 6.1
2.76 4.46 7.48 5.94
2.82 3.87 7.91 5.78
2.81 3.83 8.23 6.06
2.82 3.98 7.78 5.76
2.86 4.21 7.09 5.3
2.83 4.69 7.09 5.78
2.78 3.46 8.25 5.71
2.84 4.22 7.64 5.86
2.74 4.05 8.38 6.43
2.9 4.74 7.41 6.15
2.86 4.28 7.68 5.96
2.87 4.36 7.26 5.62
2.75 3.58 8.48 6.06
2.82 4.43 7.54 5.97
2.82 4.69 7.52 6.21
2.78 4.01 8.27 6.28
2.79 4.49 7.64 6.13
2.86 4.1 7.7 5.8
2.78 4.19 7.15 5.34
2.84 4.39 7.3 5.69
2.87 4.31 8.02 6.33
2.75 3.87 7.94 5.81
2.83 4.03 7.91 5.94
2.85 3.88 8.08 5.96
2.8 4.37 7.58 5.95
2.82 4.19 7.86 6.05
2.81 4.29 7.63 5.92
2.84 4.24 7.95 6.19
2.78 3.94 8.15 6.09
2.87 4.33 7.19 5.52
2.85 4.3 7.8 6.1
2.77 4.14 7.53 5.67
2.79 4.38 7.42 5.8
2.79 3.87 8.01 5.88
2.83 4.13 7.58 5.71
2.84 4.17 7.55 5.72
2.83 3.67 8.14 5.81
2.9 4.06 7.77 5.83
2.8 4.25 7.55 5.8
2.82 4.05 7.81 5.86
2.86 4.93 6.94 5.87
2.74 4.01 7.41 5.42
2.78 3.56 8.15 5.71
2.83 4.16 7.96 6.12
2.71 4.03 8.12 6.15
2.77 4.21 7.5 5.71
2.82 4.36 7.5 5.86
2.86 3.73 8.22 5.95
2.87 4.97 6.9 5.87
2.75 4.01 7.68 5.69
2.85 4.63 7.65 6.28
2.83 4.36 7.58 5.94
2.77 4.24 7.73 5.97
2.81 4.39 7.61 6.0
2.87 4.67 7.63 6.3
2.77 3.73 8.37 6.1
2.77 4.02 7.95 5.97
2.85 4.34 7.89 6.23
2.84 4.19 8.0 6.19
2.86 4.54 7.22 5.76
2.81 3.79 7.81 5.6
2.78 4.25 7.41 5.66
2.8 4.63 7.29 5.92
2.85 4.25 7.75 6.0
2.79 3.8 8.38 6.18
2.82 3.92 7.99 5.91
2.79 4.06 7.95 6.01
2.84 4.55 7.51 6.06
2.75 4.18 7.97 6.15
2.83 4.42 7.31 5.73
2.79 4.41 8.01 6.42
2.81 4.15 7.81 5.96
2.91 4.28 7.6 5.88
2.82 4.41 7.41 5.82
2.88 4.54 7.56 6.1
2.8 4.46 7.09 5.55
2.82 4.08 7.64 5.72
2.84 4.4 7.98 6.38
2.92 4.56 7.35 5.91
2.86 4.86 7.38 6.24
2.86 3.68 8.11 5.79
2.85 3.99 8.03 6.02
2.78 3.87 7.79 5.66
2.75 4.31 7.95 6.26
2.76 4.24 8.03 6.27
2.87 4.54 7.0 5.54
2.78 3.86 7.99 5.85
2.81 3.89 8.08 5.97
2.85 4.39 7.48 5.87
2.84 4.25 7.82 6.07
2.84 4.14 7.68 5.82
2.82 4.17 8.02 6.19
2.81 3.98 7.85 5.83
2.81 4.15 8.07 6.22
2.87 4.57 7.47 6.04
2.85 4.4 7.78 6.18
2.75 4.04 8.05 6.09
2.83 4.15 7.98 6.13
2.78 4.16 7.92 6.08
2.85 4.27 7.88 6.15
2.81 3.47 8.5 5.97
2.81 4.03 8.17 6.2
2.77 4.23 8.0 6.23
2.84 3.83 7.9 5.73
2.76 3.77 8.53 6.3
2.81 4.27 7.6 5.87
2.79 3.79 8.2 5.99
2.87 4.37 7.55 5.92
2.79 4.26 7.64 5.9
2.78 4.04 7.89 5.93
2.84 4.22 7.59 5.81
2.77 4.12 7.96 6.08
2.78 4.11 7.65 5.76
2.7 3.94 7.91 5.85
2.83 4.07 7.8 5.87
2.85 3.93 7.84 5.77
2.77 3.51 8.2 5.71
2.88 4.45 6.99 5.44
2.84 4.46 7.98 6.44
2.8 4.0 7.56 5.56
2.72 3.56 8.21 5.77
2.83 4.31 7.72 6.03
2.83 4.63 6.97 5.6
2.84 3.89 7.79 5.68
2.75 3.64 8.09 5.73
2.9 4.42 7.24 5.66
2.79 4.65 7.48 6.13
2.84 4.37 7.26 5.63
2.83 4.51 7.57 6.08
2.77 4.3 7.41 5.71
2.81 4.51 7.17 5.68
2.87 4.85 6.89 5.74
2.79 4.5 7.88 6.38
2.89 3.84 7.96 5.8
2.81 4.05 8.13 6.18
2.78 4.05 7.57 5.62
2.78 4.26 7.69 5.95
2.81 4.31 7.53 5.84
2.83 4.11 7.74 5.85
2.81 3.85 7.7 5.55
2.81 4.52 7.43 5.95
2.86 4.39 7.22 5.61
2.85 3.74 8.17 5.91
2.79 4.17 7.98 6.15
2.79 4.04 7.53 5.57
2.79 4.38 7.59 5.97
2.77 3.7 8.19 5.89
2.81 4.55 7.3 5.85
2.83 4.4 7.48 5.88
2.86 4.35 7.31 5.66
2.78 4.27 7.52 5.79
2.85 4.23 7.52 5.75
2.79 4.31 7.37 5.68
2.82 4.73 7.45 6.18
2.79 4.02 7.45 5.47
2.86 4.34 7.41 5.75
2.81 4.36 7.81 6.17
2.84 4.18 7.48 5.66
2.84 4.37 7.26 5.63
2.86 3.77 8.38 6.15
2.78 4.55 7.1 5.65
2.76 3.97 7.9 5.87
2.83 4.14 7.52 5.66
2.77 4.2 7.83 6.03
2.76 4.46 7.82 6.28
2.84 4.19 7.95 6.14
2.84 4.57 7.43 6.0
2.81 3.9 7.72 5.62
2.9 4.38 7.53 5.91
2.81 4.17 7.64 5.81
2.75 4.19 7.81 6.0
2.77 4.08 7.93 6.01
2.83 3.82 7.94 5.76
2.81 3.96 7.98 5.94
2.74 4.33 7.96 6.29
2.8 4.29 7.19 5.48
2.86 4.19 7.26 5.45
2.78 4.25 7.31 5.56
2.78 3.83 7.93 5.76
2.88 4.61 7.51 6.12
2.84 4.09 7.94 6.03
2.76 3.7 8.09 5.79
2.81 3.64 8.11 5.75
2.86 4.33 7.71 6.04
2.8 4.66 7.46 6.12
2.76 4.09 8.03 6.12
2.79 3.62 7.93 5.55
2.81 4.31 7.6 5.91
2.84 4.24 7.15 5.39
2.82 4.27 7.74 6.01
2.76 4.29 7.34 5.63
2.74 3.64 8.6 6.24
2.78 3.95 8.02 5.97
2.81 4.25 7.81 6.06
2.81 4.04 8.02 6.06
2.77 4.11 7.74 5.85
2.8 3.99 7.92 5.91
2.86 4.45 7.42 5.87
2.8 4.1 8.03 6.13
2.82 3.65 8.15 5.8
2.7 3.81 8.08 5.89
2.71 3.9 7.87 5.77
2.7 3.85 7.91 5.76
2.79 3.96 8.05 6.01
2.76 4.31 7.79 6.1
2.81 4.24 7.95 6.19
2.87 4.09 7.65 5.74
2.71 4.05 7.69 5.74
2.85 3.88 8.21 6.09
2.78 4.19 7.83 6.02
2.84 4.48 7.57 6.05
2.82 4.07 7.78 5.85
2.77 3.95 7.92 5.87
2.82 4.04 7.93 5.97
2.86 4.53 7.26 5.79
2.86 4.53 7.3 5.83
2.82 3.86 8.07 5.93
2.78 3.99 7.48 5.47
2.85 4.16 8.07 6.23
2.87 3.87 8.42 6.29
2.86 4.37 7.75 6.12
2.82 4.52 7.18 5.7
2.86 4.63 6.69 5.32
2.8 4.35 7.39 5.74
2.64 3.84 8.7 6.54
2.76 4.23 7.47 5.7
2.82 3.87 7.83 5.7
2.82 3.98 7.81 5.79
2.85 3.84 7.85 5.69
2.94 4.41 8.09 6.5
2.86 4.6 6.8 5.4
2.79 4.32 7.55 5.87
2.79 4.15 7.54 5.69
2.8 4.07 7.73 5.8
2.82 4.57 7.54 6.11
2.85 4.35 7.68 6.03
2.89 4.05 7.6 5.65
2.89 4.39 7.56 5.95
2.82 4.69 7.0 5.69
2.84 4.45 7.57 6.02
2.81 3.95 8.07 6.02
2.79 4.21 7.73 5.94
2.78 3.64 8.44 6.08
2.74 4.12 7.92 6.04
2.85 4.22 7.47 5.69
2.85 4.22 7.36 5.58
2.75 3.81 8.21 6.02
2.8 4.43 7.93 6.36
2.82 4.15 7.7 5.85
2.72 3.97 7.71 5.68
2.79 3.76 8.25 6.01
2.89 4.09 7.95 6.04
2.85 4.45 7.55 6.0
2.83 4.7 7.11 5.81
2.88 4.12 7.68 5.8
2.82 4.08 7.06 5.14
2.78 3.78 8.33 6.11
2.84 4.37 8.07 6.44
2.74 3.75 8.0 5.75
2.79 4.64 7.34 5.98
2.85 4.39 7.58 5.97
2.86 4.36 7.5 5.86
2.89 4.94 7.07 6.01
2.77 4.74 7.0 5.74
2.87 4.59 7.2 5.79
2.74 3.53 8.42 5.95
2.87 4.0 7.88 5.88
2.84 4.4 7.4 5.8
2.84 4.67 7.41 6.08
2.81 3.93 7.75 5.68
2.82 4.44 7.94 6.38
2.88 4.16 7.44 5.6
2.81 4.46 7.81 6.27
2.81 4.56 7.17 5.73
2.8 4.31 7.49 5.8
2.87 4.39 7.69 6.08
2.81 4.13 8.14 6.27
2.81 4.08 7.91 5.99
2.78 3.89 7.97 5.86
2.75 3.7 8.48 6.18
2.77 4.79 7.44 6.23
2.79 3.73 7.83 5.56
2.9 4.29 7.9 6.19
2.81 3.98 8.02 6.0
2.78 4.38 7.77 6.15
2.84 4.8 6.98 5.78
2.75 4.42 8.13 6.55
2.86 4.49 7.99 6.48
2.8 4.22 7.85 6.07
2.78 4.42 7.49 5.91
2.78 3.99 8.24 6.23
2.87 4.3 7.34 5.64
2.77 4.46 7.24 5.7
2.78 3.93 7.9 5.83
2.71 3.85 8.16 6.01
2.82 4.16 7.85 6.01
2.79 4.35 7.78 6.13
2.77 4.35 7.38 5.73
2.74 4.5 7.23 5.73
2.81 4.62 7.61 6.23
2.87 5.47 6.41 5.88
2.81 4.04 8.06 6.1
2.82 4.28 7.6 5.88
2.77 4.12 7.7 5.82
2.89 4.94 6.96 5.9
2.81 4.35 7.57 5.92
2.77 3.61 8.27 5.88
2.89 4.29 7.54 5.83
2.81 4.3 7.04 5.34
2.85 3.8 7.99 5.79
2.8 4.32 7.32 5.64
2.76 3.97 7.66 5.63
2.77 3.65 8.07 5.72
2.87 4.64 7.63 6.27
2.72 3.78 8.33 6.11
2.8 4.05 7.67 5.72
2.86 4.29 8.0 6.29
2.82 4.35 7.7 6.05
2.79 4.07 7.71 5.78
2.72 3.77 8.35 6.12
2.81 4.15 7.92 6.07
2.76 3.55 8.54 6.09
2.81 4.06 7.82 5.88
2.77 4.67 7.53 6.2
2.82 4.25 7.86 6.11
2.85 4.32 7.36 5.68
2.82 4.08 7.89 5.97
2.8 4.14 8.05 6.19
2.85 4.36 7.14 5.5
2.83 3.92 8.01 5.93
2.79 4.5 7.27 5.77
2.83 3.93 8.14 6.07
2.87 4.38 7.87 6.25
2.87 4.35 7.32 5.67
2.8 3.9 8.09 5.99
2.77 3.62 8.24 5.86
2.81 4.62 7.43 6.05
2.79 4.57 7.78 6.35
2.83 4.41 7.68 6.09
2.8 4.32 7.8 6.12
2.76 3.88 7.92 5.8
2.75 4.66 7.17 5.83
2.79 4.28 7.31 5.59
2.85 4.39 7.76 6.15
2.72 3.77 8.4 6.17
2.86 3.98 7.39 5.37
2.77 3.96 7.49 5.45
2.82 4.41 7.82 6.23
2.87 3.88 8.05 5.93
2.79 4.16 7.77 5.93
2.82 4.33 7.68 6.01
2.79 4.22 7.82 6.04
2.78 3.58 8.34 5.92
2.87 4.55 7.36 5.91
2.79 4.89 7.7 6.59
2.85 4.42 7.63 6.05
2.81 4.55 7.67 6.22
2.72 4.17 8.08 6.25
2.81 4.24 7.93 6.17
2.85 4.21 7.68 5.89
2.81 4.0 7.88 5.88
2.82 4.36 7.24 5.6
2.78 3.91 7.91 5.82
2.84 4.22 7.52 5.74
2.79 4.28 7.86 6.14
2.85 4.5 7.26 5.76
2.83 4.22 7.88 6.1
2.75 3.95 7.65 5.6
2.78 3.92 8.08 6.0
2.8 3.83 8.11 5.94
2.84 4.11 8.05 6.16
2.88 4.71 7.48 6.19
2.84 4.42 7.69 6.11
2.83 4.03 7.5 5.53
2.81 3.9 8.1 6.0
2.9 4.41 7.3 5.71
2.85 4.61 7.4 6.01
2.81 4.16 8.31 6.47
2.73 4.13 8.09 6.22
2.84 4.08 7.75 5.83
2.84 4.19 7.92 6.11
2.88 4.06 7.47 5.53
2.77 3.89 8.14 6.03
2.86 4.44 7.35 5.79
2.86 4.56 7.18 5.74
2.82 4.66 8.07 6.73
2.82 4.19 7.27 5.46
2.84 4.58 6.73 5.31
2.88 4.79 7.5 6.29
2.83 4.42 7.13 5.55
2.84 4.04 7.63 5.67
2.77 3.87 7.78 5.65
2.77 4.3 7.85 6.15
2.9 4.71 7.35 6.06
2.79 4.49 7.29 5.78
2.81 4.05 8.01 6.06
2.79 4.04 7.97 6.01
2.78 3.76 8.22 5.98
2.84 4.66 7.2 5.86
2.76 3.86 8.11 5.97
2.87 4.47 7.78 6.25
2.87 4.11 7.81 5.92
2.82 4.06 8.09 6.15
2.77 3.52 8.19 5.71
2.79 4.24 7.67 5.91
2.8 4.31 7.89 6.2
2.86 4.09 8.02 6.11
2.81 4.08 7.51 5.59
2.84 4.09 7.82 5.91
2.82 3.9 7.73 5.63
2.79 3.63 8.28 5.91
2.8 3.93 7.99 5.92
2.86 5.17 6.86 6.03
2.81 4.14 7.58 5.72
2.74 3.73 8.28 6.01
2.83 4.86 7.24 6.1
2.87 3.96 7.96 5.92
2.82 3.8 8.4 6.2
2.88 4.66 7.58 6.24
2.79 4.3 8.01 6.31
2.81 3.92 7.82 5.74
2.83 3.91 7.96 5.87
2.79 4.12 7.72 5.84
2.82 4.81 7.27 6.08
2.82 4.04 7.97 6.01
2.89 4.41 7.7 6.11
2.79 3.74 8.32 6.06
2.84 4.42 7.51 5.93
2.83 3.91 7.57 5.48
2.76 4.02 7.45 5.47
2.74 3.77 8.28 6.05
2.82 4.23 7.33 5.56
2.8 3.82 8.01 5.83
2.72 3.8 8.0 5.8
2.84 4.23 7.67 5.9
2.85 4.29 7.43 5.72
2.83 4.06 7.52 5.58
2.73 4.08 7.68 5.76
2.87 4.49 7.57 6.06
2.76 3.6 8.16 5.76
2.82 4.69 7.74 6.43
2.83 4.26 7.3 5.56
2.85 3.99 7.92 5.91
2.83 4.25 7.79 6.04
2.74 3.91 8.39 6.3
2.81 4.52 7.48 6.0
2.81 4.21 7.93 6.14
2.8 4.14 7.82 5.96
2.87 4.04 7.65 5.69
2.84 3.95 7.79 5.74
2.79 3.99 8.03 6.02
2.83 3.88 7.99 5.87
2.77 4.19 7.79 5.98
2.83 4.3 7.6 5.9
2.86 4.32 7.56 5.88
2.8 4.12 7.61 5.73
2.79 4.05 7.7 5.75
2.87 4.11 7.87 5.98
2.77 4.58 7.22 5.8
2.83 4.66 7.24 5.9
2.81 4.51 7.72 6.23
2.8 4.01 7.96 5.97
2.8 4.17 7.89 6.06
2.85 4.59 7.08 5.67
2.72 4.85 7.91 6.76
2.83 4.23 7.52 5.75
2.77 3.9 8.1 6.0
2.8 3.95 7.86 5.81
2.78 3.85 7.67 5.52
2.8 4.8 7.34 6.14
2.81 4.33 7.62 5.95
2.83 4.47 7.7 6.17
2.77 4.41 7.87 6.28
2.78 4.37 7.62 5.99
2.81 4.2 7.74 5.94
2.77 4.68 7.49 6.17
2.81 4.01 7.94 5.95
2.84 4.97 6.87 5.84
2.84 4.18 7.78 5.96
2.78 3.99 8.21 6.2
2.75 4.2 7.8 6.0
2.78 4.25 7.93 6.18
2.88 4.58 7.22 5.8
2.9 4.27 7.57 5.84
2.89 4.28 7.85 6.13
2.78 4.27 7.36 5.63
2.88 5.09 7.1 6.19
2.8 3.74 8.06 5.8
2.84 4.44 7.34 5.78
2.84 4.1 7.85 5.95
2.85 4.33 7.54 5.87
2.89 4.1 7.44 5.54
2.82 4.22 7.98 6.2
2.84 4.43 7.55 5.98
2.69 3.48 8.49 5.97
2.85 4.73 7.56 6.29
2.84 4.26 7.44 5.7
2.87 4.7 7.76 6.46
2.86 4.28 7.58 5.86
2.79 4.05 7.73 5.78
2.76 4.05 7.92 5.97
2.83 4.23 7.6 5.83
2.82 4.5 7.72 6.22
2.78 3.93 7.67 5.6
2.87 3.73 8.08 5.81
2.85 4.1 7.61 5.71
2.87 4.59 7.35 5.94
2.86 4.01 7.87 5.88
2.81 4.43 7.33 5.76
2.77 4.08 8.15 6.23
2.81 3.72 8.25 5.97
2.84 4.39 7.79 6.18
2.83 4.63 6.97 5.6
2.81 4.43 7.72 6.15
2.88 4.53 7.53 6.06
2.87 4.61 7.4 6.01
2.92 4.07 7.78 5.85
2.81 3.64 8.29 5.93
2.95 4.68 7.29 5.97
2.81 3.95 7.98 5.93
2.82 4.82 7.51 6.33
2.77 4.07 7.75 5.82
2.74 3.89 7.86 5.75
2.85 4.36 7.34 5.7
2.78 4.24 7.79 6.03
2.71 4.03 7.85 5.88
2.8 4.27 7.43 5.7
2.79 4.59 7.33 5.92
2.82 3.95 7.71 5.66
2.81 4.56 7.43 5.99
2.84 4.2 7.67 5.87
2.78 3.95 7.86 5.81
2.91 4.02 7.7 5.72
2.81 3.76 8.11 5.87
2.81 4.18 7.83 6.01
2.83 4.34 7.73 6.07
2.83 4.23 7.79 6.02
2.75 4.2 7.83 6.03
2.74 4.02 7.81 5.83
2.88 4.05 8.21 6.26
2.79 4.15 7.85 6.0
2.87 4.77 7.02 5.79
2.81 4.63 6.95 5.58
2.81 3.95 7.8 5.75
2.81 3.87 7.91 5.78
2.82 4.06 7.8 5.86
2.8 4.6 7.68 6.28
2.85 4.36 8.09 6.45
2.8 4.29 7.62 5.91
2.85 4.47 7.83 6.3
2.78 4.1 8.07 6.17
2.84 4.65 7.2 5.85
2.8 4.32 7.71 6.03
2.82 4.37 7.39 5.76
2.86 4.31 7.46 5.77
2.82 4.37 7.66 6.03
2.85 4.48 7.87 6.35
2.79 3.82 8.43 6.25
2.83 4.32 7.77 6.09
2.7 3.88 8.25 6.13
2.74 4.38 7.86 6.24
2.84 4.51 7.33 5.84
2.84 3.9 8.16 6.06
2.87 4.21 7.54 5.75
2.85 3.57 8.3 5.87
2.83 4.44 7.96 6.4
2.84 4.0 7.7 5.7
2.76 4.23 8.1 6.33
2.84 4.38 7.96 6.34
2.83 4.09 7.68 5.77
2.76 3.93 7.99 5.92
2.82 4.11 8.14 6.25
2.88 4.17 7.71 5.88
2.85 4.5 7.16 5.66
2.8 4.13 8.06 6.19
2.77 4.43 7.41 5.84
2.81 4.41 7.43 5.84
2.8 4.16 8.2 6.36
2.86 4.35 7.37 5.72
2.78 4.04 7.83 5.87
2.75 4.16 7.77 5.93
2.83 5.14 7.1 6.24
2.78 4.27 7.61 5.88
2.81 4.37 7.86 6.23
2.76 4.29 7.63 5.92
2.84 4.01 7.83 5.84
2.83 4.5 7.57 6.07
2.82 4.15 7.64 5.79
2.77 4.0 8.11 6.11
2.74 3.93 8.14 6.07
2.78 3.96 8.05 6.01
2.88 4.87 7.16 6.03
2.73 4.07 7.96 6.03
2.86 4.27 7.76 6.03
2.79 4.3 7.45 5.75
2.82 3.93 8.18 6.11
2.8 3.73 8.02 5.75
2.82 4.01 8.19 6.2
2.8 3.58 8.39 5.97
2.79 4.61 7.62 6.23
2.83 3.99 7.59 5.58
2.82 4.2 7.66 5.86
2.85 4.57 7.32 5.89
2.8 4.32 7.78 6.1
2.78 4.17 7.97 6.14
2.78 4.01 7.7 5.71
2.81 4.17 7.96 6.13
2.92 4.39 7.38 5.77
2.82 4.27 7.7 5.97
2.79 3.98 8.17 6.15
2.84 3.69 8.01 5.7
2.79 4.41 7.85 6.26
2.85 4.34 7.81 6.15
2.87 4.2 7.89 6.09
2.75 4.09 8.09 6.18
2.93 4.58 6.98 5.56
2.77 4.23 8.01 6.24
2.78 4.13 8.04 6.17
2.79 4.53 7.83 6.36
2.78 4.5 7.21 5.71
2.85 4.41 7.93 6.34
2.83 4.01 7.99 6.0
2.77 4.14 7.79 5.93
2.73 4.47 7.44 5.91
2.84 4.06 8.08 6.14
2.85 3.98 8.15 6.13
2.89 4.55 7.54 6.09
2.75 4.11 8.14 6.25
2.82 3.83 7.97 5.8
2.82 4.24 7.71 5.95
2.83 4.07 7.65 5.72
2.78 4.19 7.97 6.16
2.84 4.33 7.91 6.24
2.78 4.4 7.59 5.99
2.82 4.5 7.32 5.82
2.79 4.15 7.74 5.89
2.82 4.23 7.68 5.91
2.85 4.25 7.33 5.58
2.83 4.46 7.33 5.79
2.79 4.17 7.94 6.11
2.82 4.29 8.22 6.51
2.86 4.06 7.7 5.76
2.85 4.16 7.66 5.82
2.81 3.9 7.93 5.83
2.79 4.01 8.37 6.38
2.82 4.01 7.93 5.94
2.82 4.15 7.94 6.09
2.84 4.46 7.73 6.19
2.82 4.32 8.25 6.57
2.77 3.93 7.78 5.71
2.77 4.41 7.62 6.03
2.83 4.52 7.4 5.92
2.79 4.22 7.9 6.12
2.87 4.25 7.74 5.99
2.79 4.65 7.2 5.85
2.81 4.53 7.7 6.23
2.83 4.1 7.97 6.07
2.78 4.39 7.56 5.95
2.81 4.27 7.58 5.85
2.77 3.93 7.67 5.6
2.83 4.43 7.73 6.16
2.86 4.32 7.26 5.58
2.82 4.25 7.47 5.72
2.85 5.24 7.08 6.32
2.78 3.95 8.04 5.99
2.88 4.72 7.21 5.93
2.78 4.0 7.84 5.84
2.83 4.23 7.75 5.98
2.73 4.27 7.77 6.04
2.86 4.21 7.3 5.51
2.82 3.98 7.26 5.24
2.87 3.31 8.36 5.67
2.8 3.88 8.01 5.89
2.84 4.42 7.68 6.1
2.68 3.74 8.25 5.99
2.83 4.53 7.26 5.79
2.79 4.58 7.2 5.78
2.87 4.45 7.1 5.55
2.86 4.42 7.69 6.11
2.71 3.77 8.13 5.9
2.81 4.06 8.14 6.2
2.86 4.82 6.9 5.72
2.88 4.51 7.61 6.12
2.77 3.94 7.56 5.5
2.83 4.13 7.51 5.64
2.89 4.51 7.63 6.14
2.92 3.99 7.64 5.63
2.84 4.39 8.13 6.52
2.75 4.15 7.62 5.77
2.82 3.97 7.76 5.73
2.81 4.7 7.35 6.05
2.84 4.6 7.44 6.04
2.75 4.0 7.97 5.97
2.88 4.32 7.33 5.65
2.85 4.52 7.07 5.59
2.81 4.32 7.76 6.08
2.81 4.05 7.69 5.74
2.85 4.57 7.19 5.76
2.89 4.59 7.39 5.98
2.83 4.11 7.74 5.85
2.85 4.12 7.9 6.02
2.78 3.75 8.21 5.96
2.83 3.81 8.51 6.32
2.76 4.03 7.69 5.72
2.81 4.31 7.57 5.88
2.78 4.12 7.96 6.08
2.88 4.06 7.75 5.81
2.82 4.11 7.97 6.08
2.85 5.06 7.03 6.09
2.81 4.79 7.4 6.19
2.85 3.72 8.11 5.83
2.77 3.69 8.55 6.24
2.85 4.23 7.76 5.99
2.76 4.42 7.66 6.08
2.79 4.13 8.02 6.15
2.83 4.34 7.72 6.06
2.78 3.97 8.24 6.21
2.87 3.98 7.4 5.38
2.77 3.9 8.28 6.18
2.81 4.66 7.39 6.05
2.92 4.34 6.98 5.32
2.81 4.43 7.39 5.82
2.82 3.79 8.26 6.05
2.72 3.97 8.07 6.04
2.82 4.38 7.1 5.48
2.77 3.72 8.08 5.8
2.86 4.39 7.45 5.84
2.83 4.22 8.09 6.31
2.87 4.25 7.56 5.81
2.79 3.74 7.98 5.72
2.86 4.07 7.73 5.8
2.79 4.05 7.91 5.96
2.72 4.28 8.06 6.34
2.78 4.18 7.78 5.96
2.81 4.45 7.52 5.97
2.91 4.41 7.63 6.04
2.82 4.36 6.95 5.31
2.83 4.11 7.92 6.03
2.72 3.8 8.07 5.87
2.84 4.74 7.68 6.42
2.84 3.9 8.29 6.19
2.79 4.14 8.04 6.18
2.79 4.98 7.07 6.05
2.84 4.2 7.77 5.97
2.78 4.61 7.29 5.9
2.82 4.67 7.55 6.22
2.84 4.39 7.29 5.68
2.87 4.35 7.53 5.88
2.88 4.9 7.14 6.04
2.8 4.0 8.05 6.05
2.89 4.48 7.36 5.84
2.84 3.96 7.78 5.74
2.81 3.62 8.05 5.67
2.82 4.74 7.55 6.29
2.8 3.92 8.04 5.96
2.82 4.01 7.84 5.85
2.84 3.86 7.4 5.26
2.75 4.15 7.67 5.82
2.74 3.96 8.07 6.03
2.84 4.18 7.72 5.9
2.77 4.35 7.48 5.83
2.83 4.14 7.71 5.85
2.81 3.81 8.26 6.07
2.81 3.78 7.95 5.73
2.79 3.8 8.45 6.25
2.77 4.12 7.91 6.03
2.84 4.31 8.1 6.41
2.78 4.13 7.72 5.85
2.8 4.24 8.08 6.32
2.86 4.4 7.5 5.9
2.87 3.93 8.16 6.09
2.84 4.19 7.3 5.49
2.83 4.3 7.48 5.78
2.77 4.18 7.78 5.96
2.8 4.36 7.79 6.15
2.85 4.26 7.57 5.83
2.8 4.51 7.71 6.22
2.83 4.17 7.46 5.63
2.8 3.92 7.81 5.73
2.85 4.73 7.43 6.16
2.84 4.21 7.59 5.8
2.85 4.8 6.85 5.65
2.76 4.54 7.56 6.1
2.83 4.3 7.9 6.2
2.79 3.72 7.82 5.54
2.9 4.53 7.63 6.16
2.76 3.87 8.41 6.28
2.77 3.76 8.39 6.15
2.79 3.85 7.78 5.63
2.85 4.37 7.9 6.27
2.83 4.04 7.95 5.99
2.84 4.31 7.61 5.92
2.87 4.46 7.42 5.88
2.84 4.24 7.75 5.99
2.82 4.15 7.87 6.02
2.88 3.91 7.75 5.66
2.77 3.83 7.92 5.75
2.82 4.54 6.87 5.41
2.84 4.39 7.74 6.13
2.8 4.56 7.3 5.86
2.78 4.6 7.42 6.02
2.84 4.0 7.91 5.91
2.85 3.93 7.54 5.47
2.85 3.97 7.94 5.91
2.82 4.38 7.24 5.62
2.83 4.22 7.01 5.23
2.75 4.52 7.59 6.11
2.83 4.14 7.4 5.54
2.79 4.08 7.74 5.82
2.78 4.39 7.67 6.06
2.84 4.11 7.89 6.0
2.72 3.94 8.23 6.17
2.69 3.75 8.28 6.03
2.76 4.05 7.68 5.73
2.81 4.3 7.42 5.72
2.9 4.11 7.44 5.55
2.87 4.75 6.92 5.67
2.82 4.23 8.08 6.31
2.8 4.12 7.76 5.88
2.9 5.12 6.62 5.74
2.79 4.81 7.15 5.96
2.85 4.53 7.11 5.64
2.86 4.4 7.32 5.72
2.82 4.21 7.9 6.11
2.79 4.26 7.63 5.89
2.8 4.14 7.64 5.78
2.79 3.91 7.8 5.71
2.78 4.0 8.07 6.07
2.85 4.31 7.44 5.75
2.76 3.71 7.79 5.5
2.86 4.38 7.7 6.08
2.8 4.07 7.83 5.9
2.86 3.89 7.95 5.84
2.76 4.2 7.67 5.87
2.74 4.25 7.82 6.07
2.77 3.82 8.29 6.11
2.85 4.49 7.37 5.86
2.79 4.57 7.42 5.99
2.71 3.83 7.97 5.8
2.76 3.94 8.13 6.07
2.75 4.89 7.26 6.15
2.76 3.7 8.21 5.91
2.73 4.04 7.97 6.01
2.87 4.65 7.27 5.92
2.78 3.87 7.92 5.79
2.9 4.53 7.73 6.26
2.81 3.85 8.03 5.88
2.77 4.19 7.61 5.8
2.83 4.52 7.63 6.15
2.81 3.91 7.96 5.87
2.83 4.14 8.03 6.17
2.85 4.48 7.5 5.98
2.77 4.06 7.92 5.98
2.8 4.14 8.01 6.15
2.89 4.72 7.28 6.0
2.84 4.01 7.87 5.88
2.84 4.16 7.88 6.04
2.79 4.22 7.95 6.17
2.75 4.75 7.89 6.64
2.84 4.08 7.74 5.82
2.74 4.17 7.85 6.02
2.79 3.91 7.86 5.77
2.83 4.08 7.75 5.83
2.74 3.8 8.02 5.82
2.86 4.15 8.05 6.2
2.77 4.1 8.07 6.17
2.86 4.89 7.29 6.18
2.79 3.96 7.77 5.73
2.87 4.25 7.55 5.8
2.84 4.19 7.7 5.89
2.85 4.81 7.08 5.89
2.86 4.44 7.22 5.66
2.77 4.14 7.87 6.01
2.77 4.66 7.33 5.99
2.85 4.49 7.25 5.74
2.81 4.37 7.66 6.03
2.91 4.76 7.28 6.04
2.74 4.62 7.62 6.24
2.83 4.21 8.25 6.46
2.82 4.23 8.1 6.33
2.82 4.35 7.48 5.83
2.77 3.43 7.95 5.38
2.84 4.0 8.07 6.07
2.8 4.44 7.7 6.14
2.83 4.42 7.64 6.06
2.74 3.55 8.75 6.3
2.85 4.29 7.92 6.21
2.76 3.8 7.97 5.77
2.69 3.66 8.48 6.14
2.89 4.45 7.35 5.8
2.8 4.26 7.75 6.01
2.77 4.19 7.96 6.15
2.83 4.14 8.09 6.23
2.74 3.67 7.91 5.58
2.81 4.52 7.45 5.97
2.72 3.94 7.75 5.69
2.78 4.52 7.74 6.26
2.77 3.86 8.57 6.43
2.8 4.46 7.75 6.21
2.81 4.14 8.03 6.17
2.78 4.02 8.05 6.07
2.87 4.74 7.5 6.24
2.78 3.94 8.53 6.47
2.86 4.52 7.7 6.22
2.86 4.3 7.64 5.94
2.81 4.31 7.77 6.08
2.86 4.57 7.2 5.77
2.8 4.08 7.74 5.82
2.79 4.07 7.97 6.04
2.75 4.27 7.84 6.11
2.83 4.5 7.75 6.25
2.92 4.33 7.69 6.02
2.82 4.5 7.58 6.08
2.84 4.21 7.52 5.73
2.86 4.52 7.49 6.01
2.86 3.96 7.64 5.6
2.88 4.32 7.97 6.29
2.81 4.96 7.06 6.02
2.82 4.47 7.35 5.82
2.77 3.64 8.14 5.78
2.86 4.59 7.53 6.12
2.82 3.81 8.16 5.97
2.83 4.17 7.91 6.08
2.83 4.34 7.46 5.8
2.84 3.96 7.67 5.63
2.79 3.82 7.82 5.64
2.87 4.07 7.57 5.64
2.85 3.86 7.93 5.79
2.8 4.33 7.7 6.03
2.78 4.21 7.95 6.16
2.78 4.19 7.65 5.84
2.85 4.22 7.76 5.98
2.74 4.19 8.24 6.43
2.84 3.9 8.16 6.06
2.83 4.62 7.18 5.8
2.82 4.06 7.66 5.72
2.71 3.81 8.32 6.13
2.73 3.87 8.11 5.98
2.88 4.7 7.57 6.27
2.75 3.86 7.86 5.72
2.8 4.32 8.05 6.37
2.78 3.8 7.84 5.64
2.78 4.01 8.08 6.09
2.75 4.5 7.81 6.31
2.85 4.31 7.76 6.07
2.77 4.49 7.91 6.4
2.86 4.51 7.37 5.88
2.86 4.14 7.89 6.03
2.79 4.19 8.03 6.22
2.9 4.7 7.46 6.16
2.78 4.41 7.67 6.08
2.79 3.69 8.18 5.87
2.85 4.15 7.63 5.78
2.84 4.13 7.58 5.71
2.83 3.94 7.52 5.46
2.74 3.94 7.72 5.66
2.88 3.94 7.92 5.86
2.82 4.2 7.79 5.99
2.84 3.85 8.29 6.14
2.76 4.18 8.21 6.39
2.85 4.42 7.57 5.99
2.88 4.26 7.98 6.24
2.84 4.12 7.96 6.08
2.81 4.07 7.79 5.86
2.79 4.42 7.45 5.87
2.81 3.79 8.37 6.16
2.82 4.35 7.85 6.2
2.77 4.33 7.38 5.71
2.85 4.26 7.71 5.97
2.86 4.37 7.86 6.23
2.81 4.02 8.1 6.12
2.81 4.46 7.78 6.24
2.83 4.1 7.86 5.96
2.8 4.49 7.53 6.02
2.79 4.32 7.78 6.1
2.81 4.6 7.17 5.77
2.84 4.25 7.7 5.95
2.86 4.87 7.14 6.01
2.81 4.03 7.89 5.92
2.79 4.36 7.8 6.16
2.78 4.09 7.78 5.87
2.84 4.71 6.85 5.56
2.83 4.53 7.47 6.0
2.79 4.48 6.96 5.44
2.78 4.01 7.8 5.81
2.82 4.07 8.03 6.1
2.87 4.23 7.51 5.74
2.84 4.1 7.43 5.53
2.83 3.88 8.04 5.92
2.89 4.57 7.1 5.67
2.84 4.52 7.43 5.95
2.82 4.85 7.23 6.08
2.85 4.07 7.7 5.77
2.84 4.09 7.43 5.52
2.77 4.05 7.88 5.93
2.79 3.84 8.02 5.86
2.82 4.52 7.3 5.82
2.71 3.68 8.6 6.28
2.83 4.44 7.56 6.0
2.82 3.87 7.88 5.75
2.79 4.16 7.76 5.92
2.91 4.44 7.37 5.81
2.83 4.4 7.83 6.23
2.93 4.12 7.88 6.0
2.81 3.97 7.8 5.77
2.84 4.58 7.28 5.86
2.8 3.61 8.37 5.98
2.76 3.52 8.36 5.88
2.79 4.2 7.45 5.65
2.77 4.23 7.8 6.03
2.8 4.04 7.76 5.8
2.87 4.09 7.41 5.5
2.88 4.31 7.46 5.77
2.73 3.93 8.06 5.99
2.84 4.5 7.54 6.04
2.83 4.34 7.77 6.11
2.76 4.93 6.97 5.9
2.83 4.12 7.72 5.84
2.82 3.93 8.14 6.07
2.83 4.43 7.69 6.12
2.81 4.28 7.92 6.2
2.8 3.62 8.29 5.91
2.82 4.59 7.29 5.88
2.7 4.21 7.64 5.85
2.81 4.08 7.83 5.91
2.84 4.31 7.18 5.49
2.79 3.79 7.88 5.67
2.84 4.18 7.53 5.71
2.87 4.45 7.69 6.14
2.82 4.45 7.87 6.32
2.79 4.06 7.48 5.54
2.78 4.5 7.81 6.31
2.76 4.51 7.33 5.84
2.83 4.22 7.85 6.07
2.87 4.15 7.62 5.77
2.85 4.05 7.9 5.95
2.84 4.2 7.85 6.05
2.92 4.28 7.84 6.12
2.82 4.6 7.32 5.92
2.76 4.28 7.81 6.09
2.75 3.94 8.2 6.14
2.8 4.41 7.28 5.69
2.89 4.71 7.22 5.93
2.89 4.5 7.23 5.73
2.84 4.29 7.6 5.89
2.79 3.82 7.92 5.74
2.84 4.4 7.83 6.23
2.8 4.29 7.59 5.88
2.86 4.65 7.68 6.33
2.79 4.26 7.47 5.73
2.75 4.0 8.43 6.43
2.8 4.57 7.37 5.94
2.76 3.47 8.32 5.79
2.82 4.3 7.71 6.01
2.73 3.99 8.33 6.32
2.72 4.24 7.88 6.12
2.77 4.09 7.7 5.79
2.77 3.67 8.08 5.75
2.81 4.29 7.91 6.2
2.82 4.03 7.84 5.87
2.83 4.27 7.89 6.16
2.86 4.37 7.57 5.94
2.82 4.29 7.49 5.78
2.76 4.47 7.4 5.87
2.84 4.61 7.24 5.85
2.79 3.64 8.55 6.19
2.8 3.39 8.51 5.9
2.85 4.18 7.93 6.11
2.79 4.03 7.55 5.58
2.82 3.93 7.94 5.87
2.76 3.96 8.23 6.19
2.87 4.72 7.42 6.14
2.85 3.82 8.13 5.95
2.87 4.54 7.25 5.79
2.86 4.61 7.46 6.07
2.79 3.96 7.7 5.66
2.8 4.44 7.37 5.81
2.86 4.58 7.48 6.06
2.81 4.63 7.29 5.92
2.81 4.26 7.54 5.8
2.88 4.54 7.0 5.54
2.88 4.29 7.46 5.75
2.91 3.87 7.67 5.54
2.86 4.23 8.09 6.32
2.82 3.81 7.98 5.79
2.79 4.6 7.64 6.24
2.9 4.17 7.49 5.66
2.82 4.15 8.08 6.23
2.74 4.13 8.31 6.44
2.82 4.11 8.1 6.21
2.84 4.16 8.04 6.2
2.82 3.75 7.77 5.52
2.86 3.97 7.65 5.62
2.85 4.53 7.47 6.0
2.82 4.2 7.88 6.08
2.75 4.0 7.74 5.74
2.81 4.51 7.7 6.21
2.79 4.49 7.54 6.03
2.78 4.11 7.89 6.0
2.82 4.34 7.12 5.46
2.81 4.38 7.42 5.8
2.77 4.69 7.52 6.21
2.76 3.97 7.89 5.86
2.83 4.17 7.89 6.06
2.86 4.23 7.65 5.88
2.81 4.03 7.75 5.78
2.74 4.35 7.26 5.61
2.88 4.71 6.85 5.56
2.73 3.17 8.85 6.02
2.8 4.75 6.99 5.74
2.79 3.75 8.34 6.09
2.81 4.47 7.6 6.07
2.8 4.19 7.73 5.92
2.82 4.6 7.64 6.24
2.75 4.06 8.24 6.3
2.81 4.41 7.61 6.02
2.87 4.33 7.44 5.77
2.8 4.5 7.41 5.91
2.84 3.97 7.89 5.86
2.85 4.05 7.67 5.72
2.77 3.69 7.83 5.52
2.79 4.17 7.65 5.82
2.85 3.74 8.27 6.01
2.84 3.97 7.71 5.68
2.84 4.33 7.54 5.87
2.83 4.31 7.62 5.93
2.81 3.98 7.62 5.6
2.87 4.45 7.36 5.81
2.78 4.17 7.54 5.71
2.79 4.03 8.09 6.12
2.78 3.98 8.29 6.27
2.86 4.38 7.26 5.64
2.86 4.93 7.02 5.95
2.93 4.0 7.49 5.49
2.68 3.67 8.41 6.08
2.76 4.24 7.72 5.96
2.86 4.32 7.86 6.18
2.92 3.96 7.66 5.62
2.82 4.21 7.82 6.03
2.8 4.14 8.0 6.14
2.83 4.07 8.41 6.48
2.78 4.28 7.93 6.21
2.83 4.31 7.56 5.87
2.83 4.33 7.67 6.0
2.86 4.29 8.0 6.29
2.82 4.25 7.55 5.8
2.83 4.49 7.61 6.1
2.78 4.08 8.02 6.1
2.84 4.62 7.55 6.17
2.87 4.0 7.87 5.87
2.78 4.02 7.94 5.96
2.87 4.15 7.84 5.99
2.8 5.02 6.83 5.85
2.85 4.16 7.9 6.06
2.85 4.27 8.11 6.38
2.8 4.28 7.38 5.66
2.83 4.04 7.78 5.82
2.8 4.48 7.68 6.16
2.7 3.55 8.74 6.29
2.75 3.72 8.1 5.82
2.83 4.12 7.47 5.59
2.81 4.27 7.93 6.2
2.81 3.79 8.07 5.86
2.83 4.51 7.23 5.74
2.76 3.87 7.99 5.86
2.89 4.12 8.09 6.21
2.75 3.92 7.96 5.88
2.85 4.63 7.44 6.07
2.78 3.95 8.3 6.25
2.84 4.43 7.51 5.94
2.79 4.09 7.61 5.7
2.85 4.04 7.67 5.71
2.78 3.68 8.47 6.15
2.82 3.95 7.84 5.79
2.78 4.19 7.71 5.9
2.8 4.72 7.54 6.26
2.85 4.44 7.24 5.68
2.89 4.42 7.42 5.84
2.83 4.23 7.68 5.91
2.75 3.53 8.42 5.95
2.8 3.71 7.98 5.69
2.9 4.86 7.27 6.13
2.88 4.34 7.51 5.85
2.84 3.89 8.08 5.97
2.82 4.2 7.48 5.68
2.88 4.02 7.74 5.76
2.85 4.2 7.72 5.92
2.87 4.52 7.53 6.05
2.83 4.14 7.94 6.08
2.86 4.24 7.33 5.57
2.8 4.44 7.9 6.34
2.84 4.21 7.8 6.01
2.76 4.01 7.87 5.88
2.81 4.12 7.93 6.05
2.75 3.59 8.39 5.98
2.85 4.51 7.38 5.89
2.86 4.23 7.25 5.48
2.8 4.04 7.8 5.84
2.8 4.12 7.54 5.66
2.8 4.52 7.22 5.74
2.82 4.06 7.99 6.05
2.77 3.91 7.93 5.84
2.81 4.08 7.75 5.83
2.8 3.49 8.36 5.85
2.8 4.0 7.82 5.82
2.85 4.74 6.9 5.64
2.74 3.91 8.43 6.34
2.75 3.98 8.08 6.06
2.77 4.31 7.52 5.83
2.81 3.88 8.36 6.24
2.79 4.51 7.51 6.02
2.86 4.11 7.78 5.89
2.89 4.33 7.49 5.82
2.76 3.89 8.18 6.07
2.88 4.43 7.26 5.69
2.72 4.01 8.23 6.24
2.75 4.31 7.83 6.14
2.75 4.03 8.06 6.09
2.67 3.52 8.5 6.02
2.75 4.21 7.67 5.88
2.74 3.69 8.17 5.86
2.74 3.98 8.15 6.13
2.8 4.52 7.84 6.36
2.71 3.9 8.06 5.96
2.76 3.98 7.98 5.96
2.89 4.03 7.44 5.47
2.78 4.08 7.93 6.01
2.87 4.38 7.14 5.52
2.88 4.11 7.15 5.26
2.8 4.21 7.72 5.93
2.79 4.05 7.99 6.04
2.84 3.7 8.32 6.02
2.89 4.45 7.46 5.91
2.69 4.09 7.67 5.76
2.77 3.52 7.98 5.5
2.85 4.46 7.53 5.99
2.72 4.0 7.85 5.85
2.82 4.03 7.96 5.99
2.79 3.7 8.11 5.81
2.84 4.19 7.62 5.81
2.88 4.66 7.21 5.87
2.74 4.37 7.85 6.22
2.86 4.28 7.73 6.01
2.74 3.68 7.88 5.56
2.86 4.09 7.65 5.74
2.78 4.06 7.77 5.83
2.82 4.25 7.66 5.91
2.81 3.85 8.22 6.07
2.82 4.4 7.68 6.08
2.78 4.04 8.07 6.11
2.85 4.32 7.64 5.96
2.85 4.33 7.26 5.59
2.83 4.94 7.0 5.94
2.76 3.91 7.78 5.69
2.85 3.93 8.06 5.99
2.85 4.44 7.66 6.1
2.79 4.42 7.93 6.35
2.81 3.96 7.98 5.94
2.89 4.22 7.23 5.45
2.75 3.68 8.28 5.96
2.78 3.92 7.87 5.79
2.82 3.99 7.76 5.75
2.79 4.45 7.44 5.89
2.86 4.53 6.98 5.51
2.83 4.42 7.53 5.95
2.85 4.12 7.75 5.87
2.75 4.04 8.06 6.1
2.87 4.61 7.53 6.14
2.83 4.1 7.46 5.56
2.81 3.86 7.82 5.68
2.73 4.07 7.82 5.89
2.8 4.5 7.44 5.94
2.76 4.13 7.87 6.0
2.81 4.66 7.52 6.18
2.79 3.88 8.01 5.89
2.88 4.54 7.28 5.82
2.79 3.9 7.82 5.72
2.81 3.48 8.29 5.77
2.82 4.17 7.89 6.06
2.82 4.73 6.96 5.69
2.75 4.1 7.33 5.43
2.83 4.12 7.21 5.33
2.79 4.16 7.85 6.01
2.8 3.9 7.91 5.81
2.86 4.17 7.45 5.62
2.79 4.24 7.54 5.78
2.79 4.02 7.96 5.98
2.84 4.25 7.36 5.61
2.81 4.51 7.23 5.74
2.84 4.0 7.4 5.4
2.79 3.97 7.77 5.74
2.78 4.72 7.31 6.03
2.84 4.38 7.74 6.12
2.78 3.63 8.22 5.85
2.75 4.02 7.82 5.84
2.83 4.34 7.71 6.05
2.82 4.09 7.83 5.92
2.83 4.19 7.6 5.79
2.85 4.45 7.63 6.08
2.88 4.69 7.37 6.06
2.83 3.98 7.86 5.84
2.76 4.07 7.85 5.92
2.71 3.3 8.39 5.69
2.87 4.26 7.54 5.8
2.82 4.24 7.41 5.65
2.88 4.78 7.58 6.36
2.86 4.29 7.44 5.73
2.84 3.87 8.09 5.96
2.77 3.86 7.84 5.7
2.86 4.12 7.63 5.75
2.79 4.24 8.09 6.33
2.86 4.03 7.68 5.71
2.77 4.2 7.64 5.84
2.86 4.23 7.58 5.81
2.82 4.31 7.62 5.93
2.74 3.98 7.86 5.84
2.85 4.89 7.17 6.06
2.86 4.09 7.64 5.73
2.74 3.6 8.48 6.08
2.85 4.78 7.1 5.88
2.75 4.06 7.81 5.87
2.89 3.86 8.15 6.01
2.74 4.23 7.89 6.12
2.83 4.27 7.73 6.0
2.84 3.98 8.15 6.13
2.82 4.11 7.8 5.91
2.92 4.58 7.0 5.58
2.85 4.37 7.66 6.03
2.74 3.74 8.1 5.84
2.81 4.17 7.78 5.95
2.81 4.65 7.14 5.79
2.82 4.41 7.51 5.92
2.8 4.05 7.85 5.9
2.84 4.51 7.58 6.09
2.84 3.85 8.18 6.03
2.85 4.16 7.53 5.69
2.85 4.39 7.67 6.06
2.76 3.7 8.32 6.02
2.77 3.99 8.05 6.04
2.74 4.06 8.2 6.26
2.83 4.39 7.72 6.11
2.83 4.39 7.6 5.99
2.83 4.33 7.56 5.89
2.82 4.09 7.62 5.71
2.84 4.14 7.85 5.99
2.79 4.19 8.01 6.2
2.84 4.19 7.73 5.92
2.79 4.06 7.76 5.82
2.74 3.61 8.12 5.73
2.86 4.44 7.3 5.74
2.81 3.86 8.38 6.24
2.9 4.69 7.4 6.09
2.82 3.6 7.96 5.56
2.84 4.4 7.64 6.04
2.82 4.68 7.17 5.85
2.84 4.88 7.11 5.99
2.88 4.46 7.8 6.26
2.73 3.73 8.11 5.84
2.85 4.46 7.54 6.0
2.81 3.96 7.94 5.9
2.84 4.68 7.08 5.76
2.84 4.1 7.72 5.82
2.79 3.6 8.43 6.03
2.79 3.92 7.9 5.82
2.84 4.68 7.11 5.79
2.75 4.0 7.84 5.84
2.82 4.19 7.87 6.06
2.82 3.89 7.95 5.84
2.82 4.11 7.8 5.91
2.83 4.72 6.88 5.6
2.84 4.05 7.65 5.7
2.87 4.75 7.33 6.08
2.84 3.9 7.89 5.79
2.83 4.5 7.34 5.84
2.81 4.14 7.96 6.1
2.82 3.8 7.94 5.74
2.73 3.47 8.2 5.67
2.82 4.65 7.59 6.24
2.87 4.1 7.75 5.85
2.8 4.52 7.73 6.25
2.78 4.24 7.77 6.01
2.81 4.2 7.81 6.01
2.75 4.03 7.82 5.85
2.82 4.2 7.48 5.68
2.82 4.49 7.25 5.74
2.82 4.69 7.47 6.16
2.81 3.75 7.48 5.23
2.87 4.31 7.34 5.65
2.87 4.32 7.57 5.89
2.81 3.91 7.87 5.78
2.79 3.86 8.18 6.04
2.86 3.87 8.26 6.13
2.75 3.93 8.09 6.02
2.8 3.75 8.25 6.0
2.79 4.4 7.57 5.97
2.81 4.61 6.96 5.57
2.74 4.02 7.97 5.99
2.74 3.93 7.98 5.91
2.8 4.07 7.7 5.77
2.83 4.63 7.26 5.89
2.84 4.66 7.34 6.0
2.88 4.09 7.4 5.49
2.81 3.7 8.32 6.02
2.9 4.18 7.25 5.43
2.77 3.73 8.5 6.23
2.83 4.51 7.29 5.8
2.79 4.41 7.44 5.85
2.73 3.7 8.03 5.73
2.79 3.88 7.74 5.62
2.86 4.1 8.09 6.19
2.79 4.14 7.91 6.05
2.76 3.55 8.74 6.29
2.79 3.82 8.13 5.95
2.88 5.13 6.78 5.91
2.83 3.96 7.84 5.8
2.83 4.6 7.39 5.99
2.78 3.85 8.26 6.11
2.71 3.68 8.63 6.31
2.76 3.69 8.16 5.85
2.86 4.07 7.4 5.47
2.76 4.38 7.45 5.83
2.81 3.89 8.05 5.94
2.81 4.02 7.75 5.77
2.79 4.67 7.3 5.97
2.77 4.13 8.0 6.13
2.85 3.96 7.56 5.52
2.83 4.53 7.11 5.64
2.86 4.11 7.57 5.68
2.84 4.21 7.9 6.11
2.85 4.57 7.39 5.96
2.84 4.54 7.66 6.2
2.71 3.75 8.27 6.02
2.88 4.45 7.24 5.69
2.79 4.0 8.17 6.17
2.85 4.95 6.97 5.92
2.79 3.84 8.13 5.97
2.82 3.73 8.36 6.09
2.82 3.57 8.2 5.77
2.79 4.54 7.37 5.91
2.89 4.9 7.19 6.09
2.82 3.95 7.58 5.53
2.89 4.69 6.9 5.59
2.76 3.27 8.33 5.6
2.82 3.93 7.73 5.66
2.82 4.3 7.53 5.83
2.88 4.05 7.69 5.74
2.81 4.11 7.93 6.04
2.78 4.1 7.77 5.87
2.81 4.6 7.26 5.86
2.84 4.41 7.17 5.58
2.83 4.12 7.48 5.6
2.83 4.4 7.19 5.59
2.9 4.87 7.01 5.88
2.77 3.93 7.73 5.66
2.87 4.58 7.45 6.03
2.9 4.5 7.3 5.8
2.88 4.56 7.31 5.87
2.85 4.1 7.59 5.69
2.9 4.38 7.38 5.76
2.75 4.01 7.89 5.9
2.84 4.68 7.41 6.09
2.91 4.76 7.22 5.98
2.77 3.75 8.2 5.95
2.79 4.27 7.38 5.65
2.82 4.03 7.88 5.91
2.82 4.28 7.81 6.09
2.85 4.0 7.85 5.85
2.83 4.16 8.04 6.2
2.83 4.21 7.39 5.6
2.8 4.04 7.88 5.92
2.84 4.28 7.56 5.84
2.79 3.97 8.1 6.07
2.83 4.1 8.15 6.25
2.79 3.66 8.4 6.06
2.87 4.05 7.94 5.99
2.85 4.08 8.02 6.1
2.91 4.46 7.44 5.9
2.76 3.79 8.29 6.08
2.82 4.19 7.46 5.65
2.9 4.67 7.69 6.36
2.72 3.78 8.21 5.99
2.81 4.4 7.69 6.09
2.74 4.08 8.21 6.29
2.89 4.28 7.95 6.23
2.84 4.21 7.59 5.8
2.8 4.35 7.31 5.66
2.8 4.75 7.19 5.94
2.88 3.93 8.41 6.34
2.86 4.11 8.22 6.33
2.74 3.78 7.83 5.61
2.84 4.58 7.26 5.84
2.85 4.88 7.19 6.07
2.77 3.97 7.89 5.86
2.91 4.5 7.26 5.76
2.77 4.03 7.65 5.68
2.86 4.67 7.51 6.18
2.87 4.46 7.88 6.34
2.85 4.33 7.16 5.49
2.81 4.18 7.87 6.05
2.75 4.1 7.83 5.93
2.87 4.24 7.85 6.09
2.77 3.9 8.29 6.19
2.77 4.11 7.7 5.81
2.83 3.96 8.16 6.12
2.84 4.43 7.78 6.21
2.82 4.54 7.75 6.29
2.85 3.98 7.8 5.78
2.8 4.13 7.33 5.46
2.8 3.55 8.42 5.97
2.86 4.58 7.41 5.99
2.8 3.9 8.34 6.24
2.83 4.19 7.77 5.96
2.81 4.26 7.9 6.16
2.88 4.8 7.32 6.12
2.83 3.69 8.49 6.18
2.8 4.07 7.91 5.98
2.75 4.17 7.36 5.53
2.78 4.13 7.99 6.12
2.83 4.67 6.84 5.51
2.87 4.02 8.01 6.03
2.83 4.2 7.58 5.78
2.83 4.1 7.48 5.58
2.86 4.6 7.34 5.94
2.84 3.98 7.76 5.74
2.86 4.37 7.68 6.05
2.83 4.56 7.24 5.8
2.77 4.06 7.61 5.67
2.83 4.65 7.04 5.69
2.81 4.12 7.44 5.56
2.75 3.74 7.97 5.71
2.79 4.18 7.56 5.74
2.8 3.97 7.78 5.75
2.84 4.63 7.1 5.73
2.77 3.95 7.89 5.84
2.78 4.4 7.5 5.9
2.82 4.22 7.81 6.03
2.84 4.44 7.48 5.92
2.77 4.14 7.8 5.94
2.89 4.61 7.49 6.1
2.81 3.95 7.57 5.52
2.72 3.55 8.48 6.03
2.78 4.23 7.89 6.12
2.88 4.33 7.88 6.21
2.88 4.59 7.61 6.2
2.69 3.7 8.61 6.31
2.86 4.5 7.3 5.8
2.74 3.97 8.18 6.15
2.76 3.91 7.91 5.82
2.75 4.22 7.92 6.14
2.72 4.25 7.88 6.13
2.8 4.01 7.97 5.98
2.85 3.97 7.69 5.66
2.8 4.27 7.48 5.75
2.77 4.27 7.68 5.95
2.76 3.73 8.22 5.95
2.71 3.8 8.54 6.34
2.84 4.2 8.11 6.31
2.89 4.46 7.31 5.77
2.92 4.84 7.09 5.93
2.75 4.1 7.67 5.77
2.8 4.19 8.05 6.24
2.89 4.69 7.23 5.92
2.88 3.87 7.74 5.61
2.77 4.45 7.51 5.96
2.8 4.19 7.76 5.95
2.73 3.95 7.86 5.81
2.85 4.0 8.18 6.18
2.77 3.62 8.31 5.93
2.73 3.53 8.23 5.76
2.84 3.88 7.84 5.72
2.81 4.41 7.59 6.0
2.79 4.74 7.65 6.39
2.84 4.28 7.79 6.07
2.79 3.68 8.3 5.98
2.85 4.45 7.66 6.11
2.88 4.33 7.12 5.45
2.87 5.02 7.03 6.05
2.83 4.0 7.83 5.83
2.8 4.02 7.61 5.63
2.88 4.34 7.62 5.96
2.88 3.92 7.7 5.62
2.86 4.23 8.26 6.49
2.86 4.36 7.44 5.8
2.76 4.23 7.79 6.02
2.77 3.99 8.17 6.16
2.82 3.56 8.35 5.91
2.82 4.08 7.87 5.95
2.82 4.3 7.78 6.08
2.91 3.82 7.99 5.81
2.79 3.71 7.73 5.44
2.73 4.18 7.74 5.92
2.85 4.5 7.46 5.96
2.88 4.57 7.63 6.2
2.86 4.46 7.41 5.87
2.76 4.27 7.86 6.13
2.75 3.88 8.12 6.0
2.79 4.09 7.99 6.08
2.85 4.27 7.33 5.6
2.85 4.42 7.73 6.15
2.78 4.2 7.48 5.68
2.76 4.22 7.91 6.13
2.8 3.91 8.0 5.91
2.83 4.39 7.63 6.02
2.82 4.38 7.39 5.77
2.93 4.91 7.21 6.12
2.88 4.32 7.14 5.46
2.84 4.06 7.79 5.85
2.77 4.0 8.23 6.23
2.76 4.23 8.25 6.48
2.85 4.2 7.45 5.65
2.84 4.28 7.5 5.78
2.86 4.35 7.42 5.77
2.82 4.18 7.47 5.65
2.83 4.1 7.76 5.86
2.83 4.07 7.61 5.68
2.87 4.32 7.62 5.94
2.77 4.31 7.81 6.12
2.81 4.21 7.66 5.87
2.73 4.15 7.71 5.86
2.82 4.2 7.85 6.05
2.86 4.49 7.34 5.83
2.88 4.73 7.13 5.86
2.84 4.54 7.26 5.8
2.76 4.06 7.81 5.87
2.82 3.93 7.68 5.61
2.85 4.31 7.59 5.9
2.78 4.4 7.66 6.06
2.75 4.05 8.25 6.3
2.81 4.31 7.64 5.95
2.8 4.71 6.8 5.51
2.81 4.53 7.56 6.09
2.89 4.91 6.82 5.73
2.82 4.2 7.8 6.0
2.8 3.86 8.06 5.92
2.79 4.07 8.07 6.14
2.84 4.14 7.45 5.59
2.87 4.54 7.4 5.94
2.84 4.25 8.24 6.49
2.86 4.14 8.28 6.42
2.83 4.08 7.3 5.38
2.88 4.16 6.88 5.04
2.86 4.31 7.52 5.83
2.82 3.82 8.18 6.0
2.81 4.11 7.75 5.86
2.83 4.55 7.86 6.41
2.77 4.23 7.91 6.14
2.75 4.35 7.56 5.91
2.81 4.16 7.8 5.96
2.86 4.55 7.19 5.74
2.92 4.45 7.13 5.58
2.71 4.42 7.84 6.26
2.81 4.72 7.5 6.22
2.79 4.48 7.63 6.11
2.78 4.37 7.87 6.24
2.8 4.32 7.81 6.13
2.83 3.85 7.84 5.69
2.87 4.53 7.4 5.93
2.91 4.66 7.29 5.95
2.81 4.68 7.72 6.4
2.86 4.29 7.83 6.12
2.9 4.44 7.77 6.21
2.78 3.72 8.26 5.98
2.94 4.6 7.15 5.75
2.76 3.87 8.37 6.24
2.83 4.05 7.77 5.82
2.72 3.89 7.46 5.35
2.79 4.16 8.0 6.16
2.86 4.04 7.63 5.67
2.72 3.67 8.31 5.98
2.76 4.04 7.88 5.92
2.73 4.2 7.88 6.08
2.82 4.09 7.53 5.62
2.9 4.65 7.08 5.73
2.84 4.55 7.36 5.91
2.8 3.98 8.01 5.99
2.88 4.46 7.03 5.49
2.84 4.47 7.24 5.71
2.76 4.06 8.08 6.14
2.8 3.47 8.4 5.87
2.73 4.3 7.86 6.16
2.76 3.67 8.13 5.8
2.77 4.23 8.24 6.47
2.76 3.99 7.77 5.76
2.84 4.41 7.09 5.5
2.8 4.22 7.43 5.65
2.8 4.09 7.84 5.93
2.82 4.31 7.99 6.3
2.82 4.3 7.49 5.79
2.77 4.1 8.16 6.26
2.78 4.27 7.84 6.11
2.92 4.37 7.64 6.01
2.75 4.37 7.51 5.88
2.82 3.97 7.94 5.91
2.82 4.43 7.6 6.03
2.8 4.13 7.83 5.96
2.77 4.76 7.67 6.43
2.86 4.23 7.63 5.86
2.76 4.36 7.9 6.26
2.77 3.89 7.98 5.87
2.84 3.76 8.12 5.88
2.86 4.3 7.45 5.75
2.86 4.68 7.37 6.05
2.85 3.95 8.06 6.01
2.83 4.42 7.29 5.71
2.86 4.45 7.13 5.58
2.77 3.95 7.64 5.59
2.81 4.51 7.27 5.78
2.79 3.95 7.93 5.88
2.88 4.19 7.72 5.91
2.82 4.02 7.45 5.47
2.83 3.87 7.84 5.71
2.8 4.16 7.43 5.59
2.77 4.96 7.37 6.33
2.82 4.37 7.91 6.28
2.85 4.5 7.65 6.15
2.81 3.95 7.9 5.85
2.88 4.3 7.42 5.72
2.88 4.44 7.35 5.79
2.79 4.27 7.93 6.2
2.81 4.51 7.13 5.64
2.79 3.77 8.13 5.9
2.87 4.25 7.32 5.57
2.78 4.33 7.78 6.11
2.81 4.29 8.08 6.37
2.83 4.63 7.0 5.63
2.78 4.15 7.88 6.03
2.73 4.18 7.93 6.11
2.7 3.9 8.06 5.96
2.86 4.07 7.98 6.05
2.84 4.38 7.7 6.08
2.67 3.69 8.25 5.94
2.85 4.37 7.26 5.63
2.86 4.25 7.51 5.76
2.69 3.97 8.0 5.97
2.81 3.74 8.26 6.0
2.79 4.26 7.63 5.89
2.84 4.43 7.6 6.03
2.79 4.59 7.32 5.91
2.88 4.25 7.29 5.54
2.72 3.93 7.72 5.65
2.78 3.89 7.91 5.8
2.89 4.44 7.3 5.74
2.81 4.62 7.15 5.77
2.87 4.36 7.66 6.02
2.79 4.53 7.81 6.34
2.84 4.19 7.88 6.07
2.76 4.44 7.44 5.88
2.81 3.83 8.45 6.28
2.84 3.61 8.18 5.79
2.81 4.1 7.95 6.05
2.73 4.14 7.92 6.06
2.74 3.72 8.09 5.81
2.82 4.16 7.88 6.04
2.88 4.61 7.23 5.84
2.83 4.02 7.59 5.61
2.84 4.66 7.29 5.95
2.86 4.65 7.28 5.93
2.83 4.23 7.67 5.9
2.79 4.45 7.51 5.96
2.78 3.63 8.13 5.76
2.79 3.51 8.19 5.7
2.9 4.12 7.32 5.44
2.78 4.13 7.69 5.82
2.85 4.33 8.0 6.33
2.81 4.54 7.83 6.37
2.85 4.12 8.06 6.18
2.87 4.28 8.1 6.38
2.76 3.82 8.15 5.97
2.81 4.34 7.72 6.06
2.79 3.76 8.15 5.91
2.88 4.61 7.35 5.96
2.84 4.13 7.64 5.77
2.82 3.98 8.09 6.07
2.77 4.01 7.89 5.9
2.83 3.97 7.74 5.71
2.81 4.42 7.56 5.98
2.76 3.24 8.55 5.79
2.82 4.09 7.67 5.76
2.7 3.72 8.44 6.16
2.82 3.83 8.01 5.84
2.72 3.81 8.4 6.21
2.83 4.06 8.03 6.09
2.79 3.52 8.74 6.26
2.92 4.31 7.47 5.78
2.84 4.42 7.78 6.2
2.77 3.97 7.85 5.82
2.78 4.25 7.52 5.77
2.87 4.48 7.66 6.14
2.74 3.59 8.62 6.21
2.84 4.31 7.59 5.9
2.79 4.47 7.56 6.03
2.8 3.91 7.85 5.76
2.77 3.89 7.98 5.87
2.79 3.91 7.9 5.81
2.87 4.16 7.33 5.49
2.82 3.97 8.25 6.22
2.77 3.76 8.38 6.14
2.8 3.53 8.15 5.68
2.75 3.57 8.02 5.59
2.68 4.02 8.24 6.26
2.72 3.71 7.99 5.7
2.79 4.2 7.64 5.84
2.85 4.43 7.61 6.04
2.84 4.62 7.13 5.75
2.83 4.19 7.86 6.05
2.88 4.13 7.65 5.78
2.81 4.5 7.1 5.6
2.87 3.99 8.16 6.15
2.76 4.0 7.84 5.84
2.81 4.4 7.59 5.99
2.84 4.35 7.54 5.89
2.89 3.99 7.87 5.86
2.76 4.46 7.49 5.95
2.81 4.3 7.82 6.12
2.76 4.3 7.76 6.06
2.87 3.93 7.7 5.63
2.82 4.04 8.23 6.27
2.83 4.01 7.58 5.59
2.83 4.73 7.42 6.15
2.8 4.16 7.71 5.87
2.86 4.32 8.19 6.51
2.8 4.2 7.42 5.62
2.86 4.91 7.65 6.56
2.77 4.3 7.66 5.96
2.83 3.9 7.84 5.74
2.85 4.15 7.46 5.61
2.91 4.51 6.91 5.42
2.85 4.5 7.84 6.34
2.76 3.49 8.53 6.02
2.84 4.61 7.46 6.07
2.81 4.41 7.58 5.99
2.88 4.01 7.56 5.57
2.79 3.88 8.04 5.92
2.87 4.34 7.39 5.73
2.77 3.75 8.25 6.0
2.83 3.93 7.67 5.6
2.79 4.0 7.94 5.94
2.83 3.7 8.3 6.0
2.79 4.05 8.14 6.19
2.75 4.31 7.93 6.24
2.83 4.74 7.16 5.9
2.91 4.35 7.4 5.75
2.82 3.89 8.21 6.1
2.84 4.17 7.44 5.61
2.75 3.86 7.94 5.8
2.82 3.88 8.09 5.97
2.84 4.35 7.72 6.07
2.87 4.07 8.11 6.18
2.85 3.69 8.43 6.12
2.8 3.89 8.02 5.91
2.75 4.19 7.73 5.92
2.81 4.22 7.77 5.99
2.8 4.21 7.49 5.7
2.7 3.77 8.19 5.96
2.79 4.02 7.87 5.89
2.84 4.05 8.19 6.24
2.79 4.15 7.79 5.94
2.81 4.14 7.48 5.62
2.87 4.41 7.04 5.45
2.86 4.29 7.7 5.99
2.85 4.93 7.01 5.94
2.74 4.03 7.51 5.54
2.87 3.94 7.45 5.39
2.87 4.85 7.02 5.87
2.77 4.43 7.56 5.99
2.85 4.49 7.56 6.05
2.84 4.2 7.64 5.84
2.86 4.62 6.91 5.53
2.88 4.57 7.65 6.22
2.87 4.01 7.67 5.68
2.74 3.49 8.34 5.83
2.89 4.28 7.64 5.92
2.82 4.0 7.93 5.93
2.76 3.77 7.95 5.72
2.86 4.31 7.71 6.02
2.79 3.96 7.75 5.71
2.82 4.51 7.68 6.19
2.81 4.38 7.81 6.19
2.81 3.91 8.14 6.05
2.81 4.81 7.74 6.55
2.84 4.49 7.79 6.28
2.9 4.46 7.55 6.01
2.77 4.69 7.68 6.37
2.84 4.22 8.05 6.27
2.77 4.16 7.68 5.84
2.83 4.26 7.96 6.22
2.83 4.26 7.45 5.71
2.82 4.12 7.95 6.07
2.72 4.02 8.28 6.3
2.87 4.95 6.53 5.48
2.76 4.34 8.13 6.47
2.86 4.59 7.54 6.13
2.8 3.89 8.01 5.9
2.64 3.61 8.13 5.74
2.89 4.18 8.06 6.24
2.89 4.29 7.22 5.51
2.8 3.84 7.65 5.49
2.82 4.31 7.82 6.13
2.88 4.46 7.18 5.64
2.89 4.48 7.6 6.08
2.72 4.14 7.85 5.99
2.76 4.06 7.93 5.99
2.9 4.29 7.4 5.69
2.8 3.59 8.27 5.86
2.84 3.99 8.03 6.02
2.79 4.26 7.58 5.84
2.75 3.72 8.07 5.79
2.82 4.56 7.51 6.07
2.8 4.11 7.99 6.1
2.83 4.21 7.86 6.07
2.83 4.65 7.42 6.07
2.86 4.06 8.12 6.18
2.78 4.14 8.12 6.26
2.81 4.22 7.29 5.51
2.73 4.27 8.1 6.37
2.8 4.01 8.48 6.49
2.82 4.18 7.42 5.6
2.75 4.27 7.48 5.75
2.76 3.86 7.86 5.72
2.89 4.79 7.12 5.91
2.79 4.17 7.97 6.14
2.84 4.39 7.91 6.3
2.75 3.77 7.99 5.76
2.92 4.55 7.11 5.66
2.86 3.93 8.11 6.04
2.81 3.78 8.0 5.78
2.78 3.91 8.09 6.0
2.85 4.13 7.65 5.78
2.78 4.2 7.93 6.13
2.84 4.07 7.61 5.68
2.87 4.85 7.07 5.92
2.84 4.07 8.1 6.17
2.77 3.89 7.91 5.8
2.74 4.06 7.96 6.02
2.81 4.31 7.45 5.76
2.84 4.58 6.98 5.56
2.81 3.83 7.84 5.67
2.8 4.03 7.88 5.91
2.78 4.05 7.94 5.99
2.84 4.58 7.27 5.85
2.78 4.16 7.8 5.96
2.84 4.2 7.68 5.88
2.69 3.93 8.28 6.21
2.87 4.0 7.99 5.99
2.82 4.55 7.33 5.88
2.87 4.28 7.62 5.9
2.81 4.49 7.27 5.76
2.83 4.39 7.45 5.84
2.83 4.31 7.77 6.08
2.86 4.55 7.41 5.96
2.75 3.98 7.9 5.88
2.81 3.71 8.51 6.22
2.89 4.81 7.43 6.24
2.79 3.99 8.02 6.01
2.76 3.83 7.72 5.55
2.7 4.08 8.07 6.15
2.85 4.14 7.88 6.02
2.85 4.46 7.71 6.17
2.74 3.66 8.2 5.86
2.91 4.04 7.96 6.0
2.79 4.04 8.24 6.28
2.84 3.71 8.13 5.84
2.79 4.43 7.74 6.17
2.86 4.31 7.71 6.02
2.88 4.39 7.79 6.18
2.87 4.53 7.53 6.06
2.81 4.29 7.71 6.0
2.86 4.01 7.6 5.61
2.72 4.42 7.51 5.93
2.78 4.15 8.11 6.26
2.78 4.78 7.53 6.31
2.79 4.0 7.72 5.72
2.81 3.58 8.1 5.68
2.78 3.53 8.33 5.86
2.84 3.95 7.82 5.77
2.87 4.53 7.24 5.77
2.84 4.04 7.65 5.69
2.8 4.16 7.87 6.03
2.84 4.04 8.05 6.09
2.81 4.34 7.9 6.24
2.81 4.1 7.12 5.22
2.84 3.96 7.71 5.67
2.85 4.45 7.31 5.76
2.85 4.57 7.54 6.11
2.8 4.9 7.01 5.91
2.82 4.0 7.74 5.74
2.82 3.8 8.04 5.84
2.82 4.41 7.13 5.54
2.83 4.04 7.84 5.88
2.84 4.76 7.5 6.26
2.79 4.3 7.7 6.0
2.82 4.66 7.34 6.0
2.8 4.49 7.92 6.41
2.8 4.47 7.27 5.74
2.81 4.45 7.52 5.97
2.82 4.08 7.83 5.91
2.8 4.39 7.49 5.88
2.8 4.44 7.68 6.12
2.85 4.11 7.79 5.9
2.82 4.2 7.9 6.1
2.83 4.18 7.8 5.98
2.82 4.45 7.33 5.78
2.78 4.22 7.73 5.95
2.79 4.43 7.7 6.13
2.85 4.12 7.85 5.97
2.77 4.04 7.43 5.47
2.85 4.26 7.16 5.42
2.87 4.44 7.49 5.93
2.89 4.41 7.81 6.22
2.82 4.51 7.02 5.53
2.84 4.54 7.4 5.94
2.82 4.58 7.64 6.22
2.8 4.09 8.06 6.15
2.78 3.79 8.29 6.08
2.8 4.06 7.89 5.95
2.9 4.82 7.01 5.83
2.8 4.06 7.74 5.8
2.73 3.89 8.11 6.0
2.86 3.94 7.72 5.66
2.76 4.0 7.75 5.75
2.83 4.67 7.32 5.99
2.78 4.04 7.48 5.52
2.75 4.1 7.99 6.09
2.87 4.13 7.33 5.46
2.82 4.42 7.56 5.98
2.77 4.32 7.52 5.84
2.81 4.2 7.84 6.04
2.73 4.71 7.39 6.1
2.87 4.73 7.34 6.07
2.81 4.07 8.37 6.44
2.79 4.0 8.01 6.01
2.79 4.24 7.82 6.06
2.83 4.28 7.89 6.17
2.81 4.02 7.9 5.92
2.84 4.16 7.82 5.98
2.84 4.31 7.16 5.47
2.81 4.02 7.92 5.94
2.81 3.74 7.85 5.59
2.69 3.82 8.09 5.91
2.86 4.45 7.66 6.11
2.8 4.66 7.3 5.96
2.81 3.99 7.81 5.8
2.78 3.67 8.61 6.28
2.74 3.83 8.06 5.89
2.85 3.81 7.81 5.62
2.84 4.63 7.06 5.69
2.73 4.06 8.25 6.31
2.82 4.2 7.73 5.93
2.85 3.85 8.2 6.05
2.87 4.5 7.39 5.89
2.87 4.06 7.79 5.85
2.93 4.6 7.09 5.69
2.8 3.8 7.87 5.67
2.8 3.9 8.02 5.92
2.78 4.04 7.97 6.01
2.9 4.33 7.63 5.96
2.83 4.24 7.54 5.78
2.81 3.88 7.97 5.85
2.82 3.9 7.69 5.59
2.77 3.91 7.88 5.79
2.81 4.11 7.6 5.71
2.72 4.49 7.19 5.68
2.8 4.23 7.86 6.09
2.76 3.9 8.14 6.04
2.79 4.1 7.63 5.73
2.81 4.25 7.71 5.96
2.81 3.86 7.9 5.76
2.86 4.43 7.43 5.86
2.77 3.99 8.08 6.07
2.86 4.35 7.54 5.89
2.85 4.1 7.84 5.94
2.81 4.09 8.19 6.28
2.88 4.14 7.5 5.64
2.8 4.02 8.26 6.28
2.83 4.42 7.58 6.0
2.85 5.17 7.24 6.41
2.73 3.63 8.72 6.35
2.77 4.71 7.18 5.89
2.89 3.94 7.83 5.77
2.88 4.1 7.47 5.57
2.82 4.62 6.83 5.45
2.76 4.29 7.56 5.85
2.8 3.91 7.99 5.9
2.85 4.09 7.76 5.85
2.76 4.03 8.18 6.21
2.88 4.52 7.03 5.55
2.85 4.4 7.84 6.24
2.85 4.59 7.41 6.0
2.84 4.66 7.23 5.89
2.8 4.16 7.65 5.81
2.87 4.3 7.67 5.97
2.79 4.31 7.45 5.76
2.82 4.28 7.45 5.73
2.76 3.82 7.92 5.74
2.85 4.42 7.57 5.99
2.85 4.08 7.65 5.73
2.83 3.97 7.87 5.84
2.82 4.12 8.32 6.44
2.79 4.19 7.84 6.03
2.74 4.7 7.19 5.89
2.83 4.31 7.41 5.72
2.86 4.33 7.64 5.97
2.81 3.81 8.11 5.92
2.85 4.83 7.02 5.85
2.79 4.4 7.65 6.05
2.67 3.77 8.49 6.26
2.77 4.26 7.78 6.04
2.79 4.51 7.2 5.71
2.91 4.14 7.57 5.71
2.89 4.46 7.37 5.83
2.83 4.13 7.71 5.84
2.92 4.08 8.15 6.23
2.89 4.58 7.69 6.27
2.86 3.9 8.1 6.0
2.83 4.13 7.29 5.42
2.85 4.69 7.42 6.11
2.89 3.73 8.33 6.06
2.85 4.71 7.8 6.51
2.81 3.78 7.93 5.71
2.88 4.33 7.73 6.06
2.84 4.83 7.4 6.23
2.81 4.09 7.83 5.92
2.75 4.31 7.9 6.21
2.88 5.28 6.34 5.62
2.83 4.58 7.59 6.17
2.78 4.29 7.77 6.06
2.78 4.19 7.77 5.96
2.89 4.27 7.4 5.67
2.83 4.27 7.64 5.91
2.82 4.12 8.27 6.39
2.83 4.53 7.46 5.99
2.82 4.13 7.8 5.93
2.8 3.98 8.0 5.98
2.75 4.24 7.84 6.08
2.76 4.29 7.77 6.06
2.81 3.84 7.88 5.72
2.86 4.03 7.78 5.81
2.78 4.58 7.99 6.57
2.82 4.52 7.65 6.17
2.81 4.29 7.24 5.53
2.81 4.42 7.58 6.0
2.81 3.91 7.65 5.56
2.8 4.22 7.81 6.03
2.78 3.93 7.69 5.62
2.85 4.24 7.54 5.78
2.82 3.93 7.83 5.76
2.87 4.15 7.43 5.58
2.8 3.8 8.5 6.3
2.71 4.16 7.83 5.99
2.8 4.12 8.11 6.23
2.83 4.52 7.36 5.88
2.8 4.35 7.52 5.87
2.84 4.11 7.69 5.8
2.84 3.94 8.0 5.94
2.83 4.15 7.53 5.68
2.88 3.95 8.19 6.14
2.79 4.1 8.05 6.15
2.76 3.96 8.0 5.96
2.87 4.34 7.17 5.51
2.8 4.09 7.31 5.4
2.78 3.95 7.86 5.81
2.82 3.58 8.2 5.78
2.85 4.35 7.6 5.95
2.83 4.77 7.22 5.99
2.85 4.53 7.12 5.65
2.82 4.37 7.56 5.93
2.81 4.42 7.48 5.9
2.81 4.32 7.8 6.12
2.86 4.09 7.8 5.89
2.78 4.13 7.61 5.74
2.82 3.99 7.94 5.93
2.86 4.21 7.72 5.93
2.87 3.9 7.86 5.76
2.75 4.27 7.2 5.47
2.84 4.29 7.88 6.17
2.79 4.18 7.49 5.67
2.76 3.67 8.51 6.18
2.76 4.86 7.51 6.37
2.75 4.09 7.98 6.07
2.87 4.21 7.39 5.6
2.89 4.5 7.93 6.43
2.76 3.37 8.61 5.98
2.88 4.87 6.92 5.79
2.81 4.13 8.07 6.2
2.75 3.97 8.3 6.27
2.87 4.42 7.36 5.78
2.83 4.65 7.34 5.99
2.83 4.38 7.5 5.88
2.85 4.2 7.78 5.98
2.82 3.96 7.36 5.32
2.78 4.24 7.83 6.07
2.89 4.26 8.01 6.27
2.88 4.29 7.47 5.76
2.86 3.68 8.25 5.93
2.81 4.25 7.81 6.06
2.79 3.9 7.95 5.85
2.84 4.33 7.33 5.66
2.76 4.01 7.81 5.82
2.74 3.45 8.25 5.7
2.85 4.12 7.87 5.99
2.78 4.0 7.71 5.71
2.72 3.44 8.29 5.73
2.81 4.11 7.7 5.81
2.81 4.5 7.73 6.23
2.78 4.4 7.58 5.98
2.81 4.56 7.68 6.24
2.85 4.39 7.25 5.64
2.88 4.42 7.41 5.83
2.81 3.91 7.96 5.87
2.81 4.28 7.31 5.59
2.85 4.06 7.6 5.66
2.83 4.35 7.78 6.13
2.82 5.13 7.43 6.56
2.85 4.22 7.53 5.75
2.77 4.21 7.79 6.0
2.74 3.67 8.36 6.03
2.75 3.93 8.24 6.17
2.85 4.41 7.72 6.13
2.77 3.93 7.87 5.8
2.85 4.22 7.89 6.11
2.81 3.83 8.15 5.98
2.85 4.82 6.95 5.77
2.87 4.22 7.31 5.53
2.84 4.1 7.61 5.71
2.84 3.99 7.85 5.84
2.81 4.26 7.75 6.01
2.84 4.23 7.36 5.59
2.84 4.48 7.83 6.31
2.86 4.59 7.15 5.74
2.82 4.26 7.47 5.73
2.86 3.9 7.76 5.66
2.85 4.13 7.56 5.69
2.79 4.01 7.87 5.88
2.82 4.4 7.44 5.84
2.87 4.47 7.52 5.99
2.85 4.04 7.69 5.73
2.84 3.93 8.01 5.94
2.81 4.12 7.31 5.43
2.78 4.37 7.32 5.69
2.8 4.06 7.56 5.62
2.8 4.32 7.75 6.07
2.88 4.85 7.25 6.1
2.85 4.29 7.61 5.9
2.8 4.25 8.03 6.28
2.92 4.84 7.23 6.07
2.74 4.21 7.63 5.84
2.76 4.08 8.3 6.38
2.79 3.98 8.15 6.13
2.79 4.08 7.58 5.66
2.8 4.39 7.45 5.84
2.84 4.27 7.44 5.71
2.73 4.13 7.86 5.99
2.87 4.25 7.49 5.74
2.82 4.26 7.89 6.15
2.84 3.97 7.62 5.59
2.81 4.12 7.23 5.35
2.82 4.3 7.54 5.84
2.83 3.94 7.95 5.89
2.88 4.74 7.0 5.74
2.82 4.09 7.74 5.83
2.82 3.71 8.04 5.75
2.8 3.67 7.95 5.62
2.72 3.92 8.05 5.97
2.77 4.09 7.82 5.91
2.84 4.42 7.69 6.11
2.78 4.37 7.25 5.62
2.83 4.13 7.76 5.89
2.8 4.62 7.38 6.0
2.87 4.2 7.8 6.0
2.74 3.82 8.17 5.99
2.84 4.08 8.21 6.29
2.77 4.1 7.93 6.03
2.87 4.56 7.71 6.27
2.84 4.57 7.25 5.82
2.83 4.34 7.37 5.71
2.85 4.16 7.46 5.62
2.84 4.14 7.59 5.73
2.81 4.51 7.61 6.12
2.83 3.93 7.53 5.46
2.69 4.02 8.23 6.25
2.77 3.38 8.5 5.88
2.82 3.97 7.61 5.58
2.84 3.85 8.22 6.07
2.83 4.15 7.55 5.7
2.78 4.7 7.28 5.98
2.83 4.49 7.47 5.96
2.78 4.4 7.48 5.88
2.75 3.74 8.16 5.9
2.84 4.34 7.61 5.95
2.75 4.05 7.84 5.89
2.81 4.21 7.7 5.91
2.8 3.66 8.11 5.77
2.82 3.51 8.59 6.1
2.86 4.45 7.28 5.73
2.79 4.06 7.68 5.74
2.8 4.51 7.62 6.13
2.79 3.9 8.18 6.08
2.76 4.42 7.63 6.05
2.88 4.78 7.56 6.34
2.79 3.99 8.15 6.14
2.75 3.8 8.02 5.82
2.84 3.95 8.12 6.07
2.9 4.31 7.74 6.05
2.84 4.12 7.78 5.9
2.73 4.46 7.48 5.94
2.78 4.33 8.11 6.44
2.8 3.82 8.33 6.15
2.78 3.6 8.5 6.1
2.82 4.13 7.64 5.77
2.81 4.07 7.94 6.01
2.85 4.66 7.27 5.93
2.86 4.34 7.31 5.65
2.84 4.37 8.04 6.41
2.86 4.17 7.84 6.01
2.83 4.4 7.59 5.99
2.85 4.52 7.5 6.02
2.87 4.17 7.68 5.85
2.75 3.99 7.8 5.79
2.76 4.01 7.96 5.97
2.78 3.64 8.27 5.91
2.84 4.36 7.19 5.55
2.84 3.81 7.41 5.22
2.89 4.56 7.14 5.7
2.84 4.77 7.06 5.83
2.87 4.24 7.62 5.86
2.74 4.41 7.66 6.07
2.76 3.97 8.08 6.05
2.76 4.25 7.91 6.16
2.82 4.31 7.67 5.98
2.81 3.73 8.17 5.9
2.82 4.4 7.61 6.01
2.77 3.8 7.85 5.65
2.78 3.73 8.14 5.87
2.86 4.25 7.63 5.88
2.81 4.26 7.43 5.69
2.72 3.57 8.37 5.94
2.9 4.26 7.54 5.8
2.85 4.48 7.51 5.99
2.8 3.93 8.09 6.02
2.86 4.17 7.92 6.09
2.83 4.79 7.02 5.81
2.84 3.82 8.22 6.04
2.75 4.45 7.25 5.7
2.89 4.18 7.54 5.72
2.83 4.01 8.1 6.11
2.77 4.01 7.95 5.96
2.84 4.04 7.68 5.72
2.78 3.94 7.72 5.66
2.84 4.1 7.95 6.05
2.78 4.24 8.13 6.37
2.77 4.18 7.79 5.97
2.84 4.43 7.39 5.82
2.82 4.21 7.71 5.92
2.78 3.63 8.42 6.05
2.88 4.77 7.48 6.25
2.82 4.11 8.14 6.25
2.75 4.43 7.71 6.14
2.81 3.97 7.98 5.95
2.77 4.49 7.37 5.86
2.76 4.0 7.92 5.92
2.81 4.5 7.73 6.23
2.76 3.76 7.6 5.36
2.81 3.66 8.21 5.87
2.83 4.42 7.7 6.12
2.77 3.88 8.35 6.23
2.8 4.07 8.04 6.11
2.83 4.28 7.86 6.14
2.77 4.16 8.07 6.23
2.74 4.13 7.78 5.91
2.8 4.32 7.83 6.15
2.78 4.62 7.22 5.84
2.84 4.41 7.34 5.75
2.86 4.45 7.52 5.97
2.73 3.68 8.22 5.9
2.74 3.86 8.03 5.89
2.9 4.27 7.32 5.59
2.89 4.27 7.67 5.94
2.8 4.29 7.79 6.08
2.8 4.41 7.95 6.36
2.92 4.65 7.06 5.71
2.76 4.29 7.24 5.53
2.79 4.08 7.83 5.91
2.76 3.2 8.96 6.16
2.86 4.5 7.36 5.86
2.88 3.93 8.15 6.08
2.85 4.18 7.31 5.49
2.82 4.08 7.69 5.77
2.85 4.32 7.6 5.92
2.81 3.98 8.05 6.03
2.78 3.52 8.45 5.97
2.82 4.44 7.37 5.81
2.8 4.23 7.75 5.98
2.8 4.02 7.71 5.73
2.83 4.19 7.61 5.8
2.81 3.93 7.67 5.6
2.83 4.04 8.01 6.05
2.82 4.02 8.19 6.21
2.86 4.24 8.11 6.35
2.78 4.31 7.61 5.92
2.89 4.1 7.44 5.54
2.93 4.71 7.23 5.94
2.86 4.48 7.1 5.58
2.86 4.04 7.96 6.0
2.79 4.39 7.29 5.68
2.73 4.16 8.28 6.44
2.81 4.23 7.41 5.64
2.83 4.44 7.21 5.65
2.83 3.94 7.69 5.63
2.84 4.57 7.29 5.86
2.84 4.15 7.77 5.92
2.79 4.1 7.85 5.95
2.75 4.84 7.22 6.06
2.85 4.39 7.38 5.77
2.78 4.32 7.77 6.09
2.75 4.26 7.6 5.86
2.81 3.95 8.48 6.43
2.76 4.32 7.33 5.65
2.76 4.32 7.65 5.97
2.8 3.83 7.84 5.67
2.82 3.92 8.14 6.06
2.86 4.48 7.52 6.0
2.86 3.75 8.35 6.1
2.79 4.46 7.38 5.84
2.8 3.88 7.99 5.87
2.77 4.17 7.99 6.16
2.77 4.07 7.5 5.57
2.77 4.38 7.68 6.06
2.84 4.24 7.57 5.81
2.82 3.94 7.49 5.43
2.86 4.14 7.88 6.02
2.8 4.35 7.4 5.75
2.83 4.12 7.74 5.86
2.81 4.35 7.56 5.91
2.86 3.89 8.01 5.9
2.86 4.38 7.99 6.37
2.77 3.83 8.0 5.83
2.82 4.57 7.63 6.2
2.79 4.39 7.89 6.28
2.79 4.24 7.66 5.9
2.78 4.09 8.19 6.28
2.84 4.25 7.29 5.54
2.89 4.41 7.85 6.26
2.83 4.07 7.56 5.63
2.8 4.01 8.23 6.24
2.84 4.26 7.5 5.76
2.77 4.11 7.74 5.85
2.86 4.2 7.86 6.06
2.84 4.48 7.33 5.81
2.74 3.8 8.1 5.9
2.78 3.67 8.15 5.82
2.84 4.29 7.62 5.91
2.85 4.54 7.33 5.87
2.68 3.54 8.26 5.8
2.86 4.25 7.61 5.86
2.91 4.3 7.55 5.85
2.84 4.46 7.25 5.71
2.9 4.65 7.54 6.19
2.85 4.42 7.31 5.73
2.78 4.2 7.78 5.98
2.79 4.24 7.91 6.15
2.78 4.12 7.44 5.56
2.91 4.6 7.44 6.04
2.75 3.97 7.86 5.83
2.77 4.27 8.0 6.27
2.76 3.75 7.95 5.7
2.78 3.84 8.2 6.04
2.78 4.45 7.46 5.91
2.83 4.23 7.66 5.89
2.83 4.06 7.98 6.04
2.83 4.38 7.59 5.97
2.83 4.72 7.3 6.02
2.74 4.41 7.56 5.97
2.85 4.17 8.03 6.2
2.77 3.69 8.56 6.25
2.8 4.39 7.21 5.6
2.8 4.18 7.95 6.13
2.81 4.19 7.53 5.72
2.84 4.21 7.67 5.88
2.8 4.39 7.21 5.6
2.84 4.97 6.89 5.86
2.84 4.43 7.47 5.9
2.83 4.12 7.66 5.78
2.78 3.72 8.5 6.22
2.76 4.05 7.79 5.84
2.74 4.03 8.34 6.37
2.78 3.75 8.45 6.2
2.77 3.8 7.61 5.41
2.86 4.38 7.61 5.99
2.81 3.88 8.3 6.18
2.82 4.2 7.38 5.58
2.78 3.82 7.95 5.77
2.76 4.02 8.02 6.04
2.82 4.53 7.58 6.11
2.81 4.85 7.62 6.47
2.77 4.12 7.6 5.72
2.84 4.56 7.22 5.78
2.9 3.97 7.6 5.57
2.82 3.88 8.04 5.92
2.92 4.51 6.99 5.5
2.88 4.39 7.57 5.96
2.82 3.8 7.94 5.74
2.87 4.78 7.51 6.29
2.81 4.28 7.3 5.58
2.83 4.18 7.72 5.9
2.79 4.07 8.07 6.14
2.83 4.92 7.24 6.16
2.82 4.07 7.76 5.83
2.84 4.54 7.46 6.0
2.79 4.52 7.48 6.0
2.8 4.45 6.94 5.39
2.79 4.46 7.4 5.86
2.9 3.78 7.77 5.55
2.82 4.24 7.93 6.17
2.79 4.51 7.82 6.33
2.83 3.94 7.87 5.81
2.87 4.22 7.6 5.82
2.82 4.78 7.5 6.28
2.76 3.86 8.04 5.9
2.88 4.52 7.33 5.85
2.74 3.6 8.62 6.22
2.77 3.9 8.11 6.01
2.79 3.97 8.08 6.05
2.85 4.77 7.14 5.91
2.82 4.43 7.84 6.27
2.86 4.07 8.12 6.19
2.81 4.06 8.24 6.3
2.67 4.03 7.86 5.89
2.79 4.12 7.63 5.75
2.79 4.1 8.19 6.29
2.89 3.93 8.1 6.03
2.76 3.9 8.39 6.29
2.82 4.36 7.64 6.0
2.82 4.34 7.63 5.97
2.84 4.08 7.65 5.73
2.81 3.73 8.08 5.81
2.81 4.26 7.4 5.66
2.78 4.48 7.26 5.74
2.81 3.95 7.66 5.61
2.77 3.92 8.09 6.01
2.77 4.17 7.8 5.97
2.87 4.17 7.79 5.96
2.93 4.05 7.7 5.75
2.81 4.04 7.58 5.62
2.83 4.52 7.61 6.13
2.83 4.36 7.77 6.13
2.78 3.56 8.18 5.74
2.77 4.12 7.79 5.91
2.81 3.97 8.08 6.05
2.88 3.89 8.11 6.0
2.87 4.4 7.74 6.14
2.8 4.7 7.16 5.86
2.77 4.04 7.96 6.0
2.81 4.55 7.45 6.0
2.86 3.91 8.36 6.27
2.84 4.31 7.54 5.85
2.81 4.2 7.75 5.95
2.86 3.84 8.44 6.28
2.81 4.11 7.31 5.42
2.78 4.05 7.61 5.66
2.81 4.31 8.03 6.34
2.86 4.62 7.25 5.87
2.88 4.63 7.2 5.83
2.84 3.97 7.8 5.77
2.74 4.05 8.4 6.45
2.85 3.72 8.25 5.97
2.79 4.44 7.92 6.36
2.74 4.08 7.54 5.62
2.88 4.52 7.53 6.05
2.72 4.28 7.6 5.88
2.82 4.74 7.65 6.39
2.86 4.18 7.6 5.78
2.85 4.54 7.71 6.25
2.78 4.23 7.57 5.8
2.82 4.39 7.45 5.84
2.84 4.37 7.08 5.45
2.79 4.34 7.46 5.8
2.8 4.54 7.75 6.29
2.86 4.77 7.38 6.15
2.83 4.28 7.41 5.69
2.86 4.79 7.18 5.97
2.82 4.23 7.5 5.73
2.83 4.35 7.26 5.61
2.8 3.77 8.35 6.12
2.89 4.48 7.12 5.6
2.82 4.3 7.16 5.46
2.79 4.54 7.59 6.13
2.72 3.89 8.06 5.95
2.74 3.9 8.5 6.4
2.72 3.73 8.59 6.32
2.83 4.22 7.34 5.56
2.76 4.15 7.82 5.97
2.85 4.33 7.75 6.08
2.79 3.93 7.7 5.63
2.8 4.13 7.77 5.9
2.81 4.61 7.63 6.24
2.82 4.87 7.7 6.57
2.88 4.42 7.52 5.94
2.85 4.34 7.81 6.15
2.7 4.11 7.72 5.83
2.87 4.1 7.9 6.0
2.84 4.34 7.45 5.79
2.71 4.27 7.63 5.9
2.8 4.0 7.98 5.98
2.85 3.77 8.19 5.96
2.88 3.93 7.72 5.65
2.83 4.53 7.51 6.04
2.8 4.04 7.81 5.85
2.81 4.19 8.0 6.19
2.85 4.0 7.78 5.78
2.87 4.28 7.43 5.71
2.84 4.16 7.96 6.12
2.77 3.86 8.47 6.33
2.9 4.77 7.01 5.78
2.82 4.22 7.7 5.92
2.77 3.84 8.2 6.04
2.84 4.0 7.91 5.91
2.77 4.0 8.03 6.03
2.84 4.26 6.99 5.25
2.9 4.33 7.91 6.24
2.9 4.52 7.66 6.18
2.78 3.78 8.12 5.9
2.86 4.23 7.63 5.86
2.79 4.25 7.88 6.13
2.86 4.12 7.43 5.55
2.88 4.2 7.6 5.8
2.81 3.54 8.28 5.82
2.85 3.94 7.73 5.67
2.76 4.17 7.96 6.13
2.82 4.66 7.35 6.01
2.78 4.33 7.38 5.71
2.84 3.93 8.07 6.0
2.78 4.6 7.46 6.06
2.79 4.38 7.6 5.98
2.83 4.33 7.48 5.81
2.79 4.01 8.08 6.09
2.8 4.3 7.37 5.67
2.79 4.26 7.46 5.72
2.83 4.46 7.46 5.92
2.89 4.23 7.81 6.04
2.82 4.26 7.73 5.99
2.84 4.21 7.7 5.91
2.76 4.3 7.62 5.92
2.71 3.72 8.42 6.14
2.8 4.49 7.52 6.01
2.79 4.53 7.51 6.04
2.85 4.55 7.5 6.05
2.78 4.18 7.9 6.08
2.79 3.66 7.89 5.55
2.76 3.96 8.35 6.31
2.82 4.16 7.48 5.64
2.81 4.49 7.93 6.42
2.87 4.26 7.45 5.71
2.69 3.82 8.32 6.14
2.87 4.69 7.69 6.38
2.79 4.64 7.2 5.84
2.79 4.46 7.03 5.49
2.8 4.09 7.67 5.76
2.86 4.87 6.78 5.65
2.76 3.79 8.47 6.26
2.87 4.21 7.92 6.13
2.84 3.98 8.12 6.1
2.79 4.22 7.86 6.08
2.75 4.22 7.75 5.97
2.87 4.8 6.88 5.68
2.75 3.99 8.25 6.24
2.74 4.07 7.76 5.83
2.8 4.09 8.22 6.31
2.86 3.96 7.74 5.7
2.84 4.24 7.99 6.23
2.74 4.06 7.97 6.03
2.79 4.26 7.94 6.2
2.76 3.98 8.18 6.16
2.81 4.17 7.71 5.88
2.77 4.34 7.49 5.83
2.78 4.3 7.58 5.88
2.84 4.58 7.69 6.27
2.81 3.73 8.05 5.78
2.79 3.84 8.14 5.98
2.85 4.16 7.91 6.07
2.85 4.74 6.65 5.39
2.85 4.72 7.14 5.86
2.75 4.14 8.0 6.14
2.84 4.33 7.19 5.52
2.77 4.32 7.85 6.17
2.91 4.18 7.33 5.51
2.84 4.47 7.84 6.31
2.71 3.54 8.46 6.0
2.78 4.13 7.27 5.4
2.83 4.41 7.83 6.24
2.8 3.56 8.74 6.3
2.85 4.41 7.04 5.45
2.76 4.21 7.68 5.89
2.76 4.43 7.54 5.97
2.75 4.55 7.85 6.4
2.84 4.14 7.84 5.98
2.83 4.28 7.46 5.74
2.82 3.93 7.79 5.72
2.81 4.44 7.81 6.25
2.74 4.18 8.02 6.2
2.85 4.13 7.54 5.67
2.84 3.97 7.65 5.62
2.71 4.25 7.7 5.95
2.86 4.22 7.82 6.04
2.89 4.07 7.8 5.87
2.8 3.89 7.86 5.75
2.84 4.38 7.83 6.21
2.83 3.98 7.56 5.54
2.86 4.1 7.69 5.79
2.78 3.72 8.03 5.75
2.85 3.97 8.08 6.05
2.8 4.41 7.8 6.21
2.79 3.8 8.36 6.16
2.77 4.07 7.92 5.99
2.78 3.35 8.76 6.11
2.86 4.31 7.75 6.06
2.84 3.77 8.17 5.94
2.8 4.42 7.54 5.96
2.9 4.49 7.17 5.66
2.82 4.42 7.45 5.87
2.86 4.21 7.79 6.0
2.83 4.74 7.59 6.33
2.8 4.26 7.76 6.02
2.79 4.63 7.5 6.13
2.85 4.48 7.49 5.97
2.8 4.56 7.08 5.64
2.88 4.69 7.36 6.05
2.83 4.38 7.45 5.83
2.79 4.37 7.62 5.99
2.88 5.02 7.24 6.26
2.88 4.27 7.56 5.83
2.88 4.75 7.23 5.98
2.89 4.27 7.97 6.24
2.79 4.05 7.85 5.9
2.82 4.39 7.69 6.08
2.71 3.72 8.5 6.22
2.76 3.59 8.47 6.06
2.84 4.09 7.74 5.83
2.83 4.15 7.94 6.09
2.89 5.07 7.06 6.13
2.83 4.24 7.75 5.99
2.79 3.82 7.94 5.76
2.78 4.09 7.81 5.9
2.85 4.76 7.62 6.38
2.79 4.17 7.58 5.75
2.87 5.19 6.96 6.15
2.814326 4.20327 7.730708 5.933978
