2.74 4.42 7.86 6.28
2.62 3.8 8.42 6.22
2.82 4.84 7.76 6.6
2.8 4.04 7.84 5.88
2.86 3.92 8.14 6.06
2.8 3.26 8.5 5.76
2.72 3.84 8.08 5.92
2.9 4.56 7.34 5.9
2.8 3.9 8.06 5.96
2.68 3.26 8.06 5.32
2.82 4.64 7.36 6.0
2.86 4.66 7.22 5.88
2.84 3.84 8.02 5.86
2.92 4.92 7.22 6.14
2.8 4.5 7.18 5.68
2.7 3.64 7.96 5.6
2.86 4.58 7.18 5.76
2.82 4.48 7.86 6.34
2.84 4.32 8.08 6.4
2.86 3.54 7.82 5.36
2.82 5.0 7.46 6.46
2.82 4.76 7.06 5.82
2.84 4.94 7.24 6.18
2.8 4.54 7.34 5.88
2.88 3.92 7.74 5.66
2.84 4.4 7.44 5.84
2.82 4.38 7.76 6.14
2.78 4.3 7.14 5.44
2.9 3.98 7.74 5.72
2.82 4.22 6.98 5.2
2.86 4.7 7.26 5.96
2.76 3.56 8.0 5.56
2.76 4.28 8.08 6.36
2.82 3.94 7.48 5.42
2.86 4.98 6.8 5.78
2.8 3.74 8.02 5.76
2.8 4.12 8.22 6.34
2.86 3.92 7.48 5.4
2.86 4.48 7.5 5.98
2.84 4.44 7.24 5.68
2.82 4.52 7.16 5.68
2.74 4.6 7.6 6.2
2.8 4.48 7.6 6.08
2.68 4.16 8.26 6.42
2.92 4.42 7.2 5.62
2.86 3.94 7.58 5.52
2.82 4.0 7.58 5.58
2.7 3.5 9.22 6.72
2.74 3.36 8.06 5.42
2.88 4.72 7.1 5.82
2.74 3.84 8.14 5.98
2.84 3.98 7.92 5.9
2.86 4.02 7.8 5.82
2.74 3.88 7.86 5.74
2.74 3.48 8.08 5.56
2.88 5.62 6.52 6.14
2.74 4.12 8.36 6.48
2.88 4.3 7.42 5.72
2.76 4.26 7.14 5.4
2.7 3.9 7.78 5.68
2.9 5.12 6.28 5.4
2.84 4.24 7.52 5.76
2.76 4.02 7.8 5.82
2.9 4.46 6.9 5.36
2.88 5.32 7.14 6.46
2.82 4.32 8.1 6.42
2.76 3.9 7.8 5.7
2.76 4.04 7.74 5.78
2.9 4.22 7.54 5.76
2.84 3.98 8.04 6.02
2.76 4.16 8.14 6.3
2.88 4.38 7.96 6.34
2.8 4.2 7.04 5.24
2.86 4.04 8.46 6.5
2.84 3.8 8.56 6.36
2.8 3.98 7.84 5.82
2.82 4.26 7.52 5.78
2.88 4.54 7.04 5.58
2.82 3.52 8.56 6.08
2.82 4.08 7.94 6.02
2.82 4.76 7.22 5.98
2.84 4.32 7.28 5.6
2.78 3.6 8.4 6.0
2.8 4.06 7.88 5.94
2.74 4.22 8.2 6.42
2.74 3.74 8.06 5.8
2.9 4.58 7.4 5.98
2.82 3.92 8.04 5.96
2.76 4.72 7.7 6.42
2.78 4.72 6.84 5.56
2.82 3.88 8.18 6.06
2.8 4.16 7.98 6.14
2.76 4.26 7.92 6.18
2.82 3.98 7.34 5.32
2.84 4.76 7.32 6.08
2.72 3.9 7.86 5.76
2.84 3.78 7.88 5.66
2.9 4.48 7.12 5.6
2.78 3.88 8.66 6.54
2.88 3.98 7.7 5.68
2.78 4.12 8.2 6.32
2.84 4.26 7.8 6.06
2.74 3.66 8.52 6.18
2.68 3.96 7.72 5.68
2.72 4.42 7.22 5.64
2.86 4.46 7.26 5.72
2.78 4.56 7.46 6.02
2.88 4.6 6.96 5.56
2.88 4.6 7.44 6.04
2.74 4.14 7.62 5.76
2.86 3.82 7.98 5.8
2.78 4.48 7.26 5.74
2.92 4.38 7.62 6.0
2.88 4.34 7.54 5.88
2.88 4.3 7.26 5.56
2.9 4.28 7.82 6.1
2.82 3.92 8.2 6.12
2.74 3.32 8.8 6.12
2.74 3.32 8.58 5.9
2.84 4.72 6.62 5.34
2.8 3.84 8.18 6.02
2.82 4.0 7.82 5.82
2.78 4.06 7.94 6.0
2.8 4.02 7.72 5.74
2.76 4.08 8.48 6.56
2.88 3.84 8.3 6.14
2.84 4.4 8.0 6.4
2.88 4.86 6.82 5.68
2.76 3.72 8.2 5.92
2.68 3.82 8.02 5.84
2.86 3.58 8.64 6.22
2.82 4.34 7.9 6.24
2.74 3.42 8.12 5.54
2.82 4.56 7.64 6.2
2.82 5.04 7.48 6.52
2.72 4.62 7.52 6.14
2.84 4.22 7.96 6.18
2.88 4.7 7.34 6.04
2.84 4.14 7.92 6.06
2.88 3.98 7.8 5.78
2.82 3.74 6.96 4.7
2.88 4.02 8.36 6.38
2.76 4.14 7.66 5.8
2.76 4.44 7.96 6.4
2.88 3.64 7.62 5.26
2.86 4.46 7.44 5.9
2.84 3.78 8.34 6.12
2.86 4.42 7.32 5.74
2.7 3.88 8.02 5.9
2.82 4.5 7.44 5.94
2.84 4.14 7.74 5.88
2.82 4.06 7.9 5.96
2.8 4.64 6.9 5.54
2.72 4.2 7.7 5.9
2.8 3.72 7.76 5.48
2.8 4.28 7.62 5.9
2.84 3.88 7.84 5.72
2.82 3.44 8.42 5.86
2.7 3.42 9.2 6.62
2.84 4.3 7.2 5.5
2.82 4.02 7.84 5.86
2.82 3.22 8.54 5.76
2.8 4.32 7.12 5.44
2.86 4.06 7.9 5.96
2.86 4.16 7.38 5.54
2.8 4.12 7.42 5.54
2.76 4.14 8.06 6.2
2.7 3.86 8.1 5.96
2.86 3.94 8.24 6.18
2.8 4.1 8.1 6.2
2.9 4.54 7.72 6.26
2.86 3.9 8.06 5.96
2.82 4.44 7.76 6.2
2.9 4.88 6.8 5.68
2.8 4.04 8.24 6.28
2.8 4.44 7.66 6.1
2.82 4.56 7.28 5.84
2.78 4.26 7.94 6.2
2.86 5.46 6.34 5.8
2.78 3.54 8.42 5.96
2.78 4.1 8.04 6.14
2.9 4.46 7.08 5.54
2.76 5.26 7.22 6.48
2.84 4.34 7.86 6.2
2.8 5.06 7.1 6.16
2.82 4.56 7.48 6.04
2.76 4.3 8.22 6.52
2.76 4.06 7.8 5.86
2.78 4.04 7.72 5.76
2.76 4.04 7.74 5.78
2.9 4.72 6.96 5.68
2.92 4.6 7.68 6.28
2.8 4.42 7.5 5.92
2.8 3.58 8.7 6.28
2.86 4.5 7.62 6.12
2.92 5.0 7.52 6.52
2.86 4.82 7.08 5.9
2.72 3.1 8.24 5.34
2.74 3.58 8.04 5.62
2.88 5.1 6.9 6.0
2.86 4.52 6.9 5.42
2.84 4.68 7.78 6.46
2.78 3.52 8.08 5.6
2.84 4.74 7.68 6.42
2.74 3.98 7.68 5.66
2.8 3.96 8.14 6.1
2.86 4.84 6.96 5.8
2.78 5.26 6.6 5.86
2.9 4.52 7.94 6.46
2.84 4.26 7.78 6.04
2.88 4.98 7.26 6.24
2.8 4.06 7.64 5.7
2.74 4.02 7.68 5.7
2.88 3.46 8.42 5.88
2.74 4.62 7.46 6.08
2.72 4.1 7.52 5.62
2.94 3.88 8.18 6.06
2.84 3.96 8.08 6.04
2.88 4.5 7.28 5.78
2.76 4.32 7.7 6.02
2.74 3.76 7.8 5.56
2.92 4.3 7.94 6.24
2.8 4.1 7.58 5.68
2.8 4.38 8.06 6.44
2.78 3.56 8.22 5.78
2.82 3.4 7.94 5.34
2.8 4.64 7.22 5.86
2.84 4.5 7.34 5.84
2.9 4.86 7.28 6.14
2.84 4.0 7.46 5.46
2.78 3.92 7.7 5.62
2.72 3.48 8.34 5.82
2.82 4.2 7.6 5.8
2.88 4.06 7.9 5.96
2.88 4.5 7.6 6.1
2.8 4.8 7.2 6.0
2.82 4.52 7.54 6.06
2.72 3.54 8.08 5.62
2.74 4.04 8.42 6.46
2.86 3.84 7.7 5.54
2.84 3.88 7.46 5.34
2.9 5.34 7.24 6.58
2.84 4.88 6.78 5.66
2.82 3.82 8.4 6.22
2.92 4.18 7.54 5.72
2.82 4.52 7.32 5.84
2.8 4.12 7.6 5.72
2.78 4.66 7.96 6.62
2.84 3.76 7.58 5.34
2.66 3.96 8.02 5.98
2.84 4.3 6.98 5.28
2.78 3.44 8.06 5.5
2.82 4.04 7.62 5.66
2.9 3.82 7.6 5.42
2.72 4.24 8.34 6.58
2.74 3.92 8.24 6.16
2.8 4.12 8.22 6.34
2.88 5.08 7.12 6.2
2.74 3.76 8.36 6.12
2.78 5.08 7.0 6.08
2.84 4.74 7.54 6.28
2.82 4.44 7.1 5.54
2.88 4.66 7.32 5.98
2.74 3.8 7.74 5.54
2.7 4.08 8.48 6.56
2.82 4.96 7.08 6.04
2.72 4.2 8.28 6.48
2.92 4.74 7.02 5.76
2.68 3.36 8.84 6.2
2.82 4.02 7.96 5.98
2.8 4.18 7.18 5.36
2.82 4.32 7.78 6.1
2.78 4.1 8.22 6.32
2.82 4.22 7.74 5.96
2.88 4.62 7.16 5.78
2.82 4.78 7.08 5.86
2.8 3.28 8.64 5.92
2.86 4.24 7.82 6.06
2.82 3.98 7.5 5.48
2.8 3.3 8.56 5.86
2.78 4.02 7.72 5.74
2.86 3.46 8.36 5.82
2.82 4.18 7.48 5.66
2.8 4.14 7.7 5.84
2.84 4.64 7.38 6.02
2.76 3.94 7.94 5.88
2.88 4.34 7.64 5.98
2.82 4.74 7.4 6.14
2.82 3.82 7.96 5.78
2.8 3.1 8.42 5.52
2.76 3.78 7.86 5.64
2.8 4.14 7.7 5.84
2.88 4.92 7.26 6.18
2.8 4.34 7.74 6.08
2.88 4.1 7.56 5.66
2.8 3.54 7.9 5.44
2.88 4.46 6.9 5.36
2.9 4.3 7.76 6.06
2.78 4.48 7.44 5.92
2.92 4.74 6.82 5.56
2.8 4.0 7.74 5.74
2.74 3.34 8.38 5.72
2.84 4.44 7.34 5.78
2.88 4.3 7.98 6.28
2.84 5.32 6.24 5.56
2.9 4.58 8.02 6.6
2.84 4.26 7.48 5.74
2.84 4.28 7.42 5.7
2.88 4.5 7.28 5.78
2.82 4.9 6.98 5.88
2.76 3.4 8.78 6.18
2.92 4.8 7.66 6.46
2.76 3.96 8.34 6.3
2.76 4.2 8.14 6.34
2.7 4.12 7.72 5.84
2.88 4.2 7.48 5.68
2.8 4.3 7.36 5.66
2.8 4.06 7.46 5.52
2.74 3.26 8.88 6.14
2.86 3.86 7.62 5.48
2.74 2.98 8.74 5.72
2.86 4.68 7.44 6.12
2.62 3.98 8.04 6.02
2.8 4.22 7.1 5.32
2.8 3.92 8.54 6.46
2.84 4.72 7.0 5.72
2.76 3.36 7.96 5.32
2.88 4.74 6.82 5.56
2.86 4.04 7.64 5.68
2.78 4.44 7.8 6.24
2.86 5.5 6.62 6.12
2.76 3.48 8.06 5.54
2.84 3.76 8.18 5.94
2.78 4.24 7.76 6.0
2.94 4.38 7.18 5.56
2.8 4.72 7.94 6.66
2.84 4.66 7.2 5.86
2.88 4.76 7.64 6.4
2.86 4.56 7.4 5.96
2.74 3.52 8.46 5.98
2.8 4.26 7.86 6.12
2.8 4.4 7.3 5.7
2.8 4.3 7.32 5.62
2.84 4.62 7.38 6.0
2.8 4.3 7.84 6.14
2.8 4.28 8.08 6.36
2.86 3.96 8.22 6.18
2.72 4.16 8.24 6.4
2.88 4.18 7.18 5.36
2.9 4.8 7.34 6.14
2.78 4.18 7.92 6.1
2.94 4.98 6.82 5.8
2.82 3.82 8.48 6.3
2.76 4.4 7.66 6.06
2.76 4.44 8.46 6.9
2.78 4.14 7.88 6.02
2.76 4.6 7.14 5.74
2.72 3.68 8.1 5.78
2.7 3.92 8.6 6.52
2.86 4.2 7.6 5.8
2.92 5.46 6.06 5.52
2.84 4.5 7.56 6.06
2.92 4.26 6.8 5.06
2.84 4.78 7.22 6.0
2.72 3.64 8.28 5.92
2.78 4.24 7.46 5.7
2.86 3.92 8.4 6.32
2.8 4.28 7.52 5.8
2.8 4.18 7.8 5.98
2.7 4.62 7.36 5.98
2.74 3.96 7.96 5.92
2.92 4.74 7.32 6.06
2.92 4.44 7.34 5.78
2.76 4.22 7.62 5.84
2.88 3.76 8.28 6.04
2.86 3.78 8.22 6.0
2.86 4.26 7.78 6.04
2.72 3.66 8.08 5.74
2.82 4.0 7.88 5.88
2.74 3.94 8.64 6.58
2.86 4.78 6.96 5.74
2.78 4.3 7.6 5.9
2.76 3.44 8.86 6.3
2.82 4.52 7.76 6.28
2.84 3.94 7.92 5.86
2.86 4.38 7.22 5.6
2.8 4.56 7.6 6.16
2.84 4.08 7.64 5.72
2.88 4.64 7.4 6.04
2.76 3.28 8.84 6.12
2.64 4.14 7.92 6.06
2.82 4.0 7.74 5.74
2.8 3.72 7.98 5.7
2.88 4.14 7.88 6.02
2.76 4.26 7.74 6.0
2.78 3.72 8.1 5.82
2.8 3.7 8.18 5.88
2.82 3.24 8.96 6.2
2.74 3.72 7.58 5.3
2.78 4.32 7.84 6.16
2.84 4.58 7.5 6.08
2.84 4.06 7.68 5.74
2.8 4.32 7.6 5.92
2.74 4.44 7.7 6.14
2.78 4.32 8.22 6.54
2.86 5.04 7.48 6.52
2.8 4.36 7.52 5.88
2.9 5.02 7.66 6.68
2.88 3.76 8.08 5.84
2.86 3.54 7.98 5.52
2.72 4.04 7.46 5.5
2.86 4.26 7.5 5.76
2.78 4.1 7.88 5.98
2.8 4.28 7.72 6.0
2.8 4.36 6.96 5.32
2.76 3.84 7.64 5.48
2.78 3.9 9.26 7.16
2.74 4.18 8.28 6.46
2.84 4.52 7.38 5.9
2.72 3.82 8.12 5.94
2.74 4.0 7.98 5.98
2.74 4.28 7.5 5.78
2.74 4.04 7.82 5.86
2.76 4.14 7.9 6.04
2.88 4.38 7.46 5.84
2.84 4.38 7.28 5.66
2.84 3.86 7.52 5.38
2.84 3.94 8.34 6.28
2.8 4.58 7.3 5.88
2.76 3.76 8.42 6.18
2.84 4.4 7.36 5.76
2.8 3.4 8.66 6.06
2.8 4.6 7.44 6.04
2.82 3.4 8.76 6.16
2.72 3.38 8.74 6.12
2.9 4.2 7.76 5.96
2.78 4.2 8.18 6.38
2.72 3.18 8.7 5.88
2.88 4.36 7.26 5.62
2.86 4.46 7.18 5.64
2.78 4.42 7.84 6.26
2.88 4.66 6.76 5.42
2.8 4.5 7.74 6.24
2.84 4.42 7.54 5.96
2.82 5.34 6.76 6.1
2.7 3.7 8.46 6.16
2.9 4.14 7.84 5.98
2.84 4.8 7.28 6.08
2.72 3.68 7.98 5.66
2.84 4.92 6.96 5.88
2.78 4.8 7.86 6.66
2.82 3.82 7.88 5.7
2.82 4.48 7.28 5.76
2.8 3.76 7.54 5.3
2.8 3.58 8.86 6.44
2.82 4.04 7.8 5.84
2.9 4.1 8.0 6.1
2.84 3.74 8.1 5.84
2.92 4.66 7.7 6.36
2.78 4.64 7.82 6.46
2.94 5.16 6.52 5.68
2.9 4.74 7.56 6.3
2.82 4.7 7.1 5.8
2.8 4.54 7.84 6.38
2.92 4.68 7.42 6.1
2.82 4.14 8.08 6.22
2.78 3.98 7.7 5.68
2.7 3.56 8.52 6.08
2.84 4.62 7.24 5.86
2.78 3.62 8.12 5.74
2.68 3.9 8.26 6.16
2.82 4.72 7.86 6.58
2.84 3.58 8.14 5.72
2.8 3.64 8.08 5.72
2.8 4.34 7.6 5.94
2.88 4.0 8.22 6.22
2.88 4.42 7.46 5.88
2.84 3.64 8.26 5.9
2.8 3.9 7.96 5.86
2.82 3.98 8.14 6.12
2.7 3.74 7.98 5.72
2.86 4.36 7.34 5.7
2.76 4.4 7.98 6.38
2.82 3.42 7.76 5.18
2.7 4.94 7.86 6.8
2.84 4.1 7.64 5.74
2.82 4.62 7.9 6.52
2.74 4.34 7.44 5.78
2.8 3.58 8.86 6.44
2.92 4.5 7.46 5.96
2.86 4.36 7.3 5.66
2.92 4.34 7.74 6.08
2.94 4.24 7.82 6.06
2.78 3.7 7.24 4.94
2.78 4.64 7.14 5.78
2.68 4.06 7.42 5.48
2.78 4.42 7.58 6.0
2.92 4.46 7.4 5.86
2.82 4.08 8.24 6.32
2.8 3.92 8.08 6.0
2.88 4.74 7.16 5.9
2.84 4.66 7.16 5.82
2.8 4.98 7.08 6.06
2.7 4.08 8.46 6.54
2.82 3.32 8.48 5.8
2.88 4.66 7.1 5.76
2.9 4.52 7.02 5.54
2.84 4.36 7.9 6.26
2.86 4.14 7.68 5.82
2.76 4.1 8.1 6.2
2.82 4.56 6.96 5.52
2.84 3.72 8.02 5.74
2.8 4.58 7.5 6.08
2.94 4.82 7.32 6.14
2.76 4.8 7.26 6.06
2.8 4.3 7.58 5.88
2.84 4.0 7.02 5.02
2.86 4.46 7.64 6.1
2.74 4.08 7.84 5.92
2.82 4.54 7.86 6.4
2.78 4.66 7.62 6.28
2.88 4.06 7.46 5.52
2.82 4.06 7.62 5.68
2.8 4.5 7.06 5.56
2.72 3.3 8.4 5.7
2.86 4.02 7.46 5.48
2.8 4.24 7.72 5.96
2.9 4.3 6.76 5.06
2.84 3.88 8.22 6.1
2.76 4.12 7.72 5.84
2.82 4.48 7.56 6.04
2.76 4.1 7.88 5.98
2.74 4.0 7.92 5.92
2.82 4.3 7.72 6.02
2.9 4.4 7.8 6.2
2.92 4.36 7.14 5.5
2.64 3.96 8.02 5.98
2.78 3.62 8.88 6.5
2.88 4.62 7.82 6.44
2.72 4.52 7.98 6.5
2.72 4.34 7.74 6.08
2.82 4.78 7.54 6.32
2.8 5.2 7.18 6.38
2.78 4.52 8.36 6.88
2.8 4.52 7.5 6.02
2.88 3.84 7.8 5.64
2.74 3.48 8.4 5.88
2.86 4.18 7.34 5.52
2.8 3.84 7.76 5.6
2.8 4.08 7.82 5.9
2.86 4.1 7.82 5.92
2.8 3.82 8.28 6.1
2.6 4.02 8.58 6.6
2.76 3.96 7.82 5.78
2.82 3.68 8.08 5.76
2.74 4.26 7.2 5.46
2.88 4.58 7.64 6.22
2.86 4.5 7.22 5.72
2.88 4.18 7.8 5.98
2.78 4.02 7.52 5.54
2.86 4.28 7.52 5.8
2.92 4.5 7.4 5.9
2.76 4.3 8.1 6.4
2.74 4.3 7.36 5.66
2.74 3.68 8.4 6.08
2.78 4.62 7.52 6.14
2.72 3.32 9.1 6.42
2.84 4.58 7.32 5.9
2.88 4.46 7.92 6.38
2.76 4.74 7.16 5.9
2.82 4.18 7.24 5.42
2.7 4.6 7.62 6.22
2.76 3.32 8.36 5.68
2.74 3.8 8.24 6.04
2.84 4.86 6.9 5.76
2.88 4.2 7.0 5.2
2.84 4.14 6.98 5.12
2.94 4.86 7.0 5.86
2.88 4.56 7.5 6.06
2.8 4.04 7.52 5.56
2.78 4.0 7.8 5.8
2.76 4.02 7.94 5.96
2.86 3.52 8.0 5.52
2.78 4.62 7.48 6.1
2.8 3.84 8.48 6.32
2.76 4.42 7.38 5.8
2.84 3.96 8.08 6.04
2.76 4.2 7.68 5.88
2.88 4.28 7.9 6.18
2.92 4.38 7.4 5.78
2.86 4.38 7.42 5.8
2.74 3.5 7.86 5.36
2.82 4.62 7.26 5.88
2.82 3.96 7.74 5.7
2.82 4.2 8.44 6.64
2.76 5.24 7.0 6.24
2.76 4.32 7.58 5.9
2.9 4.38 8.06 6.44
2.82 4.6 7.64 6.24
2.82 4.34 6.88 5.22
2.8 4.38 7.02 5.4
2.86 3.8 7.68 5.48
2.86 3.8 7.82 5.62
2.92 4.74 7.22 5.96
2.92 4.92 7.44 6.36
2.68 3.84 8.46 6.3
2.8 4.14 7.62 5.76
2.78 4.52 7.3 5.82
2.86 4.26 7.6 5.86
2.76 4.6 7.68 6.28
2.9 4.08 7.74 5.82
2.86 3.56 8.6 6.16
2.88 4.64 7.46 6.1
2.8 3.5 8.56 6.06
2.78 4.2 7.5 5.7
2.84 3.86 7.74 5.6
2.74 3.98 7.44 5.42
2.82 4.18 8.12 6.3
2.94 3.84 8.0 5.84
2.8 3.94 7.62 5.56
2.74 3.5 8.72 6.22
2.86 4.18 7.32 5.5
2.8 4.54 7.42 5.96
2.74 3.96 7.72 5.68
2.72 3.0 8.56 5.56
2.76 3.82 7.52 5.34
2.94 4.86 6.76 5.62
2.84 4.28 7.86 6.14
2.82 4.22 6.94 5.16
2.8 3.7 8.28 5.98
2.84 4.54 7.12 5.66
2.78 4.82 7.66 6.48
2.74 4.16 8.0 6.16
2.86 4.32 7.46 5.78
2.76 3.92 8.22 6.14
2.8 4.38 7.54 5.92
2.82 3.9 7.68 5.58
2.82 4.16 7.88 6.04
2.82 4.92 6.4 5.32
2.92 4.9 7.26 6.16
2.86 4.58 7.24 5.82
2.74 3.88 7.84 5.72
2.82 4.18 7.96 6.14
2.86 4.1 7.62 5.72
2.72 4.18 7.78 5.96
2.8 4.5 7.52 6.02
2.8 3.76 8.24 6.0
2.82 3.66 8.48 6.14
2.82 4.36 7.48 5.84
2.84 3.56 8.14 5.7
2.86 4.94 7.34 6.28
2.8 4.1 7.78 5.88
2.78 4.66 7.62 6.28
2.74 3.76 8.28 6.04
2.84 3.56 7.72 5.28
2.76 3.8 8.38 6.18
2.88 5.08 6.72 5.8
2.92 4.44 7.08 5.52
2.94 4.7 7.56 6.26
2.74 3.5 8.36 5.86
2.92 4.66 7.1 5.76
2.84 3.86 8.42 6.28
2.78 3.8 8.02 5.82
2.76 3.76 8.16 5.92
2.86 4.46 7.58 6.04
2.84 4.34 7.66 6.0
2.56 3.96 7.9 5.86
2.78 3.56 8.22 5.78
2.78 4.4 7.4 5.8
2.8 4.12 7.56 5.68
2.84 3.52 7.62 5.14
2.86 3.96 7.74 5.7
2.72 4.08 8.36 6.44
2.84 4.24 7.76 6.0
2.8 3.68 8.04 5.72
2.9 4.42 7.4 5.82
2.82 4.7 7.84 6.54
2.82 4.0 7.38 5.38
2.86 4.38 7.84 6.22
2.88 4.96 7.24 6.2
2.9 4.48 7.86 6.34
2.84 3.92 8.32 6.24
2.88 4.32 7.46 5.78
2.9 4.14 7.5 5.64
2.88 3.6 8.3 5.9
2.86 4.34 7.42 5.76
2.86 4.22 7.8 6.02
2.86 4.38 7.4 5.78
2.9 4.42 7.48 5.9
2.8 4.08 7.78 5.86
2.84 4.56 7.84 6.4
2.66 3.16 8.58 5.74
2.84 4.38 7.48 5.86
2.68 3.58 8.52 6.1
2.78 4.6 6.88 5.48
2.72 4.1 7.76 5.86
2.84 4.24 7.72 5.96
2.92 4.42 7.54 5.96
2.66 4.14 7.88 6.02
2.82 4.74 7.22 5.96
2.7 3.64 8.02 5.66
2.78 4.24 7.34 5.58
2.74 3.9 7.92 5.82
2.8 3.74 7.98 5.72
2.88 4.62 7.74 6.36
2.76 4.46 7.36 5.82
2.76 4.26 7.66 5.92
2.76 4.0 8.46 6.46
2.84 5.16 7.42 6.58
2.82 4.58 7.38 5.96
2.76 4.5 7.52 6.02
2.82 4.28 7.66 5.94
2.82 4.56 7.3 5.86
2.88 4.18 7.6 5.78
2.84 4.26 7.34 5.6
2.8 3.5 9.14 6.64
2.8 3.74 8.52 6.26
2.72 3.6 8.04 5.64
2.86 4.84 7.4 6.24
2.68 4.76 7.42 6.18
2.8 3.94 7.42 5.36
2.86 4.3 7.6 5.9
2.88 4.2 7.76 5.96
2.88 4.34 7.54 5.88
2.8 4.66 7.46 6.12
2.82 4.88 6.9 5.78
2.78 4.64 6.44 5.08
2.9 5.24 6.52 5.76
2.9 4.4 7.76 6.16
2.8 4.62 6.5 5.12
2.74 3.74 8.22 5.96
2.92 5.42 6.56 5.98
2.84 4.46 7.7 6.16
2.7 3.38 8.22 5.6
2.7 3.86 8.6 6.46
2.78 4.32 7.96 6.28
2.78 4.56 7.44 6.0
2.82 4.46 6.96 5.42
2.78 4.14 8.06 6.2
2.66 3.72 8.48 6.2
2.76 3.64 8.28 5.92
2.86 4.58 7.72 6.3
2.78 3.68 9.0 6.68
2.68 4.56 7.18 5.74
2.88 4.5 7.46 5.96
2.84 4.22 7.5 5.72
2.82 3.96 7.9 5.86
2.86 3.94 8.08 6.02
2.86 4.72 7.76 6.48
2.8 4.76 7.14 5.9
2.82 4.36 7.68 6.04
2.78 6.18 6.5 6.68
2.86 4.7 7.6 6.3
2.92 3.64 8.12 5.76
2.86 4.16 7.94 6.1
2.9 4.9 6.96 5.86
2.86 4.64 7.12 5.76
2.78 4.3 7.58 5.88
2.74 3.8 7.8 5.6
2.88 5.28 6.56 5.84
2.8 3.86 8.16 6.02
2.78 4.3 8.18 6.48
2.88 5.08 7.02 6.1
2.62 3.26 8.4 5.66
2.86 3.96 8.14 6.1
2.86 4.42 8.04 6.46
2.8 4.42 7.86 6.28
2.9 4.24 7.6 5.84
2.8 4.02 8.02 6.04
2.82 4.04 7.56 5.6
2.9 4.2 7.3 5.5
2.86 4.7 7.3 6.0
2.76 4.06 8.22 6.28
2.84 4.1 7.76 5.86
2.8 4.18 8.54 6.72
2.8 4.08 8.22 6.3
2.82 4.1 7.84 5.94
2.82 3.98 7.34 5.32
2.84 3.92 7.04 4.96
2.82 3.8 8.42 6.22
2.82 4.0 7.58 5.58
2.84 4.08 8.14 6.22
2.74 4.38 6.76 5.14
2.82 4.28 7.62 5.9
2.72 3.72 8.46 6.18
2.62 4.54 7.32 5.86
2.78 3.98 7.68 5.66
2.72 4.74 6.98 5.72
2.82 4.52 7.42 5.94
2.86 4.36 7.52 5.88
2.88 4.84 6.44 5.28
2.82 3.14 8.8 5.94
2.84 4.56 7.4 5.96
2.8 4.04 7.84 5.88
2.84 4.56 7.54 6.1
2.86 5.4 7.26 6.66
2.88 4.16 7.0 5.16
2.84 4.84 6.7 5.54
2.72 4.22 7.92 6.14
2.7 3.86 8.3 6.16
2.92 4.98 7.2 6.18
2.8 4.3 7.96 6.26
2.82 4.2 7.6 5.8
2.76 4.26 7.74 6.0
2.76 3.54 8.38 5.92
2.86 4.28 7.4 5.68
2.8 3.98 7.64 5.62
2.9 3.7 7.9 5.6
2.86 4.24 7.86 6.1
2.8 4.14 7.74 5.88
2.86 4.9 6.74 5.64
2.82 3.94 7.38 5.32
2.74 4.76 7.28 6.04
2.7 3.96 8.34 6.3
2.82 3.64 8.68 6.32
2.74 4.5 7.78 6.28
2.86 4.14 7.42 5.56
2.74 3.78 8.1 5.88
2.76 4.24 7.78 6.02
2.82 3.3 8.38 5.68
2.86 4.3 7.62 5.92
2.72 3.56 8.68 6.24
2.84 3.84 8.18 6.02
2.84 4.58 7.6 6.18
2.88 4.42 7.9 6.32
2.82 4.08 7.88 5.96
2.78 3.72 8.32 6.04
2.76 4.44 7.2 5.64
2.82 4.52 7.82 6.34
2.84 4.32 7.82 6.14
2.84 4.68 7.08 5.76
2.8 3.26 8.9 6.16
2.86 4.26 7.26 5.52
2.78 3.94 7.38 5.32
2.84 4.86 6.94 5.8
2.78 4.94 7.32 6.26
2.86 4.34 7.78 6.12
2.88 3.72 8.56 6.28
2.82 4.9 6.54 5.44
2.8 4.2 7.8 6.0
2.78 3.98 7.56 5.54
2.82 4.9 7.88 6.78
2.86 4.36 7.52 5.88
2.88 4.08 7.54 5.62
2.86 4.92 7.88 6.8
2.78 4.6 7.9 6.5
2.82 3.94 8.58 6.52
2.84 3.74 7.98 5.72
2.86 4.3 7.56 5.86
2.88 3.96 7.98 5.94
2.7 4.3 7.4 5.7
2.82 4.0 7.56 5.56
2.86 4.98 7.24 6.22
2.86 4.2 7.64 5.84
2.74 4.16 7.2 5.36
2.78 3.56 8.84 6.4
2.8 4.32 7.56 5.88
2.92 4.48 7.98 6.46
2.82 4.24 7.82 6.06
2.88 4.46 7.8 6.26
2.76 3.68 8.26 5.94
2.84 4.24 7.84 6.08
2.82 3.72 9.02 6.74
2.8 3.52 8.4 5.92
2.76 4.2 8.4 6.6
2.84 5.08 7.0 6.08
2.8 4.34 7.52 5.86
2.88 4.68 7.58 6.26
2.86 5.16 7.02 6.18
2.94 4.38 7.58 5.96
2.84 4.5 7.36 5.86
2.76 4.14 8.16 6.3
2.82 4.6 7.3 5.9
2.86 4.32 7.62 5.94
2.86 4.88 7.34 6.22
2.78 4.48 7.54 6.02
2.84 4.72 7.36 6.08
2.9 4.86 7.18 6.04
2.74 4.28 7.94 6.22
2.78 3.86 8.02 5.88
2.64 4.28 7.9 6.18
2.9 4.36 7.8 6.16
2.84 4.02 7.76 5.78
2.76 4.68 7.36 6.04
2.86 4.06 7.88 5.94
2.88 4.32 7.72 6.04
2.7 3.7 7.84 5.54
2.84 4.48 7.88 6.36
2.82 4.12 7.76 5.88
2.84 4.14 7.86 6.0
2.8 4.06 8.18 6.24
2.86 4.56 7.14 5.7
2.82 3.34 8.3 5.64
2.88 4.68 7.18 5.86
2.76 3.58 8.24 5.82
2.9 4.08 7.92 6.0
2.9 4.64 7.1 5.74
2.78 3.68 8.44 6.12
2.8 4.3 7.84 6.14
2.9 4.26 7.94 6.2
2.84 3.92 7.72 5.64
2.88 4.2 7.4 5.6
2.82 4.58 7.96 6.54
2.82 4.84 7.6 6.44
2.94 4.12 7.72 5.84
2.68 3.32 8.62 5.94
2.8 4.74 7.18 5.92
2.92 4.14 7.78 5.92
2.8 3.36 8.3 5.66
2.72 3.6 8.1 5.7
2.84 3.88 7.7 5.58
2.9 4.74 7.52 6.26
2.88 4.06 8.02 6.08
2.9 4.34 7.66 6.0
2.86 4.16 8.14 6.3
2.86 4.66 6.84 5.5
2.8 4.06 8.16 6.22
2.72 4.22 7.54 5.76
2.86 5.16 6.74 5.9
2.92 3.6 7.88 5.48
2.68 4.0 8.3 6.3
2.88 4.4 7.5 5.9
2.84 4.44 7.66 6.1
2.74 4.42 7.72 6.14
2.84 4.26 7.04 5.3
2.86 4.28 7.48 5.76
2.82 3.96 8.4 6.36
2.86 3.58 8.44 6.02
2.86 4.0 8.28 6.28
2.84 4.3 8.14 6.44
2.82 4.56 6.98 5.54
2.9 4.88 7.1 5.98
2.92 4.44 7.38 5.82
2.86 4.74 6.96 5.7
2.86 4.64 7.2 5.84
2.88 4.42 7.72 6.14
2.78 3.78 7.66 5.44
2.84 4.12 7.4 5.52
2.8 3.76 8.26 6.02
2.82 3.82 8.06 5.88
2.84 4.26 7.98 6.24
2.84 3.82 8.18 6.0
2.84 4.14 7.68 5.82
2.78 3.94 7.94 5.88
2.84 4.32 7.4 5.72
2.76 4.34 7.64 5.98
2.82 4.16 7.82 5.98
2.74 4.38 7.84 6.22
2.74 3.44 9.06 6.5
2.7 4.6 7.38 5.98
2.82 4.32 7.46 5.78
2.82 3.88 8.0 5.88
2.84 3.7 8.1 5.8
2.8 3.68 7.96 5.64
2.86 3.94 7.16 5.1
2.78 3.66 7.98 5.64
2.78 4.04 7.72 5.76
2.72 3.7 8.6 6.3
2.74 4.04 8.0 6.04
2.7 3.78 7.74 5.52
2.82 4.36 7.56 5.92
2.9 4.22 7.1 5.32
2.88 4.54 7.22 5.76
2.78 3.82 8.5 6.32
2.94 4.34 7.08 5.42
2.88 5.28 6.5 5.78
2.76 4.1 7.86 5.96
2.92 4.22 7.66 5.88
2.86 5.04 6.66 5.7
2.74 4.4 8.0 6.4
2.84 3.62 7.84 5.46
2.76 4.16 8.26 6.42
2.82 3.72 7.84 5.56
2.84 3.96 8.06 6.02
2.8 4.16 7.8 5.96
2.72 3.54 8.28 5.82
2.74 3.92 8.64 6.56
2.82 4.18 8.14 6.32
2.78 4.24 7.84 6.08
2.82 4.22 7.7 5.92
2.82 3.36 8.24 5.6
2.82 4.64 7.14 5.78
2.9 4.4 7.94 6.34
2.78 3.74 8.24 5.98
2.86 4.32 7.36 5.68
2.76 3.86 8.16 6.02
2.94 5.32 6.24 5.56
2.8 4.28 7.76 6.04
2.78 4.7 7.28 5.98
2.78 3.98 8.32 6.3
2.7 3.72 8.26 5.98
2.72 3.96 8.34 6.3
2.8 4.62 7.88 6.5
2.92 4.58 7.34 5.92
2.82 4.3 8.02 6.32
2.9 4.12 7.7 5.82
2.88 4.08 7.9 5.98
2.86 5.0 7.04 6.04
2.84 3.94 8.04 5.98
2.8 3.52 8.22 5.74
2.68 3.66 8.06 5.72
2.72 4.62 7.7 6.32
2.8 3.9 8.0 5.9
2.78 4.24 7.98 6.22
2.94 4.04 7.56 5.6
2.88 4.2 7.2 5.4
2.84 4.04 8.16 6.2
2.86 4.18 7.16 5.34
2.88 4.86 7.36 6.22
2.86 4.7 7.62 6.32
2.9 4.32 7.34 5.66
2.8 5.06 7.22 6.28
2.78 4.18 8.06 6.24
2.72 4.18 7.84 6.02
2.76 4.62 7.78 6.4
2.82 3.7 8.08 5.78
2.8 4.24 7.86 6.1
2.88 4.26 7.76 6.02
2.92 4.18 7.62 5.8
2.72 4.28 7.46 5.74
2.9 4.46 7.22 5.68
2.76 4.6 7.24 5.84
2.8 4.08 8.1 6.18
2.8 4.64 7.02 5.66
2.78 4.58 7.04 5.62
2.8 4.26 7.72 5.98
2.68 3.84 7.8 5.64
2.82 4.02 8.62 6.64
2.84 4.44 7.48 5.92
2.7 4.1 8.0 6.1
2.8 4.14 8.02 6.16
2.86 4.42 7.16 5.58
2.92 4.18 7.22 5.4
2.88 4.52 7.58 6.1
2.8 4.36 6.62 4.98
2.9 4.3 6.9 5.2
2.7 3.54 8.62 6.16
2.82 3.52 8.08 5.6
2.76 4.78 7.24 6.02
2.7 4.28 8.18 6.46
2.78 3.58 8.6 6.18
2.8 4.52 7.24 5.76
2.78 3.94 7.76 5.7
2.86 4.22 8.22 6.44
2.9 5.22 6.62 5.84
2.76 3.94 7.86 5.8
2.78 4.74 7.0 5.74
2.82 3.88 8.34 6.22
2.88 4.0 7.54 5.54
2.88 4.7 7.24 5.94
2.96 4.42 7.32 5.74
2.84 4.0 8.06 6.06
2.78 3.84 8.44 6.28
2.86 4.3 7.64 5.94
2.76 3.56 8.5 6.06
2.82 5.22 6.64 5.86
2.92 4.1 8.18 6.28
2.8 4.6 7.34 5.94
2.78 3.96 8.1 6.06
2.78 4.1 7.7 5.8
2.86 3.64 8.1 5.74
2.78 4.16 8.04 6.2
2.84 5.04 7.56 6.6
2.8 3.7 7.78 5.48
2.82 4.22 7.46 5.68
2.8 4.16 7.24 5.4
2.8 4.4 7.34 5.74
2.84 4.34 7.62 5.96
2.78 4.42 7.6 6.02
2.82 4.0 8.08 6.08
2.82 4.08 7.98 6.06
2.86 4.46 7.72 6.18
2.78 4.2 8.06 6.26
2.9 4.14 7.54 5.68
2.82 4.2 7.88 6.08
2.78 4.16 7.8 5.96
2.86 5.14 7.06 6.2
2.8 3.82 7.92 5.74
2.92 4.88 6.82 5.7
2.9 4.62 6.82 5.44
2.8 4.32 7.52 5.84
2.8 4.66 7.18 5.84
2.86 4.2 7.42 5.62
2.82 5.06 6.9 5.96
2.84 4.98 7.04 6.02
2.88 5.5 6.32 5.82
2.84 4.14 7.76 5.9
2.78 3.86 7.94 5.8
2.76 3.8 8.28 6.08
2.84 3.96 7.92 5.88
2.9 4.6 6.92 5.52
2.84 4.64 7.0 5.64
2.94 4.06 7.38 5.44
2.78 3.48 8.46 5.94
2.78 3.98 7.42 5.4
2.86 4.32 7.7 6.02
2.82 3.98 7.88 5.86
2.66 3.4 8.6 6.0
2.8 4.48 7.16 5.64
2.68 4.1 8.56 6.66
2.8 3.44 8.5 5.94
2.78 3.72 7.54 5.26
2.86 3.96 7.66 5.62
2.8 4.8 7.58 6.38
2.78 3.56 9.24 6.8
2.82 5.06 7.26 6.32
2.86 4.24 7.66 5.9
2.72 3.9 7.6 5.5
2.82 4.54 6.98 5.52
2.88 4.86 7.4 6.26
2.8 4.16 7.78 5.94
2.84 3.96 7.94 5.9
2.82 3.82 7.76 5.58
2.78 3.16 8.74 5.9
2.84 4.34 7.98 6.32
2.72 3.64 8.28 5.92
2.82 4.08 8.3 6.38
2.76 4.54 7.66 6.2
2.92 4.72 7.26 5.98
2.8 4.08 7.72 5.8
2.8 4.5 7.46 5.96
2.76 3.98 7.9 5.88
2.82 4.14 7.74 5.88
2.84 3.82 8.16 5.98
2.88 4.56 6.6 5.16
2.86 3.88 7.46 5.34
2.8 4.74 7.02 5.76
2.8 4.32 7.82 6.14
2.76 4.16 8.0 6.16
2.88 3.48 7.98 5.46
2.78 4.02 8.04 6.06
2.82 4.58 7.14 5.72
2.92 5.16 6.62 5.78
2.72 3.48 7.96 5.44
2.86 4.26 7.38 5.64
2.9 4.6 7.88 6.48
2.78 3.78 8.48 6.26
2.74 3.68 8.32 6.0
2.6 3.64 8.7 6.34
2.62 2.88 9.14 6.02
2.88 4.6 6.64 5.24
2.84 4.2 7.7 5.9
2.78 4.18 8.0 6.18
2.8 3.96 7.68 5.64
2.8 4.14 7.68 5.82
2.76 4.26 8.18 6.44
2.96 5.34 7.0 6.34
2.84 4.58 7.02 5.6
2.84 4.82 7.6 6.42
2.8 4.16 7.32 5.48
2.84 4.64 7.08 5.72
2.78 4.82 7.98 6.8
2.82 4.4 7.96 6.36
2.88 3.94 8.16 6.1
2.78 3.84 8.36 6.2
2.88 4.7 7.28 5.98
2.82 3.76 8.26 6.02
2.88 4.42 7.36 5.78
2.7 3.7 8.88 6.58
2.68 3.82 7.78 5.6
2.88 4.44 7.58 6.02
2.86 4.14 7.74 5.88
2.74 3.54 8.22 5.76
2.86 4.6 7.04 5.64
2.9 4.24 7.5 5.74
2.88 4.8 7.32 6.12
2.78 4.22 7.56 5.78
2.92 4.14 7.2 5.34
2.84 3.86 8.06 5.92
2.78 4.14 7.52 5.66
2.86 4.28 8.02 6.3
2.7 3.88 8.18 6.06
2.88 4.72 7.42 6.14
2.84 4.68 7.8 6.48
2.8 4.02 7.8 5.82
2.78 4.02 8.06 6.08
2.8 3.22 8.7 5.92
2.88 5.18 6.78 5.96
2.88 4.1 7.74 5.84
2.72 4.0 8.16 6.16
2.84 3.9 8.2 6.1
2.76 4.3 7.18 5.48
2.86 3.96 7.64 5.6
2.82 4.04 7.42 5.46
2.9 4.28 7.54 5.82
2.78 3.9 7.74 5.64
2.66 3.58 8.18 5.76
2.82 4.06 8.38 6.44
2.8 3.54 8.38 5.92
2.8 4.38 7.12 5.5
2.8 4.48 7.5 5.98
2.82 4.66 6.98 5.64
2.88 4.12 7.82 5.94
2.72 3.52 8.1 5.62
2.68 4.42 7.08 5.5
2.9 4.36 7.22 5.58
2.8 3.36 8.9 6.26
2.76 3.92 8.1 6.02
2.82 4.06 7.54 5.6
2.96 4.4 7.76 6.16
2.78 4.06 8.12 6.18
2.84 4.76 7.18 5.94
2.78 3.7 8.78 6.48
2.88 5.02 7.34 6.36
2.86 4.36 7.72 6.08
2.86 4.16 7.62 5.78
2.82 4.18 7.6 5.78
2.92 4.4 7.12 5.52
2.72 4.72 7.7 6.42
2.82 4.4 7.4 5.8
2.8 3.9 8.62 6.52
2.78 4.02 7.64 5.66
2.88 4.3 7.2 5.5
2.88 4.9 6.9 5.8
2.78 4.56 7.4 5.96
2.88 4.76 7.8 6.56
2.82 4.32 7.1 5.42
2.84 4.34 7.14 5.48
2.82 4.04 8.38 6.42
2.76 4.6 7.52 6.12
2.86 5.26 6.16 5.42
2.8 4.64 7.5 6.14
2.78 4.14 8.02 6.16
2.88 4.44 7.3 5.74
2.82 4.54 7.98 6.52
2.68 4.52 7.96 6.48
2.78 4.3 7.66 5.96
2.78 4.36 7.68 6.04
2.82 4.84 7.22 6.06
2.88 5.18 6.14 5.32
2.78 4.06 8.12 6.18
2.82 4.46 7.4 5.86
2.9 3.78 8.7 6.48
2.84 3.78 8.28 6.06
2.88 4.54 7.66 6.2
2.78 3.52 8.18 5.7
2.84 4.32 7.24 5.56
2.9 4.26 7.66 5.92
2.8 4.06 7.74 5.8
2.86 3.78 8.16 5.94
2.88 3.9 7.26 5.16
2.86 4.14 8.04 6.18
2.72 3.68 8.7 6.38
2.94 4.14 7.34 5.48
2.86 4.6 7.68 6.28
2.9 5.16 6.04 5.2
2.8 4.24 7.32 5.56
2.88 3.36 8.66 6.02
2.68 3.78 8.04 5.82
2.74 4.36 7.02 5.38
2.78 4.28 7.26 5.54
2.78 3.86 8.3 6.16
2.8 4.04 8.16 6.2
2.86 4.64 6.98 5.62
2.8 3.76 7.88 5.64
2.98 4.02 7.8 5.82
2.92 4.14 7.06 5.2
2.86 4.04 7.42 5.46
2.9 4.4 7.28 5.68
2.72 3.2 8.52 5.72
2.84 4.22 7.1 5.32
2.88 4.86 7.14 6.0
2.96 5.26 6.38 5.64
2.86 4.04 8.32 6.36
2.8 4.58 7.52 6.1
2.7 4.5 7.7 6.2
2.68 3.66 8.48 6.14
2.8 3.44 8.46 5.9
2.92 4.56 7.28 5.84
2.88 4.24 7.74 5.98
2.88 4.26 7.16 5.42
2.74 3.26 8.22 5.48
2.88 4.4 7.1 5.5
2.88 4.2 7.44 5.64
2.64 3.48 8.86 6.34
2.88 4.96 6.92 5.88
2.74 4.3 8.06 6.36
2.8 3.88 8.26 6.14
2.82 4.44 7.38 5.82
2.78 4.26 7.64 5.9
2.84 3.9 8.18 6.08
2.7 4.4 8.12 6.52
2.88 3.64 8.0 5.64
2.7 3.94 8.28 6.22
2.8 4.0 7.64 5.64
2.84 3.84 8.32 6.16
2.84 3.58 8.74 6.32
2.74 3.78 7.88 5.66
2.84 4.3 8.1 6.4
2.76 4.76 7.14 5.9
2.82 4.46 7.64 6.1
2.74 3.58 8.54 6.12
2.86 4.08 8.14 6.22
2.76 4.38 7.38 5.76
2.92 3.74 7.48 5.22
2.86 3.92 8.16 6.08
2.78 3.46 8.54 6.0
2.9 3.9 7.88 5.78
2.78 4.14 7.9 6.04
2.68 4.36 7.46 5.82
2.78 4.84 7.4 6.24
2.8 4.94 7.46 6.4
2.86 4.1 7.48 5.58
2.82 3.62 8.06 5.68
2.84 3.72 8.16 5.88
2.84 3.48 7.86 5.34
2.92 4.38 7.2 5.58
2.9 5.0 6.34 5.34
2.82 4.3 7.4 5.7
2.7 3.9 7.88 5.78
2.8 4.12 7.66 5.78
2.72 4.06 7.74 5.8
2.9 4.38 7.78 6.16
2.8 3.6 8.02 5.62
2.74 5.04 7.48 6.52
2.84 4.34 7.44 5.78
2.9 3.96 7.5 5.46
2.62 5.12 7.54 6.66
2.9 4.64 7.52 6.16
2.86 4.4 7.6 6.0
2.82 3.3 8.28 5.58
2.84 4.38 7.5 5.88
2.88 4.0 7.74 5.74
2.86 4.64 7.06 5.7
2.82 3.78 7.88 5.66
2.72 3.86 8.64 6.5
2.76 3.94 7.82 5.76
2.8 4.1 8.18 6.28
2.84 4.02 7.62 5.64
2.8 3.74 8.56 6.3
2.82 3.86 8.06 5.92
2.82 4.38 7.1 5.48
2.82 3.76 8.48 6.24
2.86 4.44 7.92 6.36
2.8 4.56 7.26 5.82
2.82 4.04 7.68 5.72
2.78 3.92 7.42 5.34
2.8 4.7 7.36 6.06
2.82 4.08 7.62 5.7
2.86 4.68 7.22 5.9
2.8 4.96 7.2 6.16
2.88 4.76 7.16 5.92
2.84 4.36 7.52 5.88
2.76 3.98 7.92 5.9
2.8 4.26 7.14 5.4
2.78 3.76 8.54 6.3
2.76 4.22 7.9 6.12
2.68 4.0 8.16 6.16
2.78 3.62 8.34 5.96
2.78 3.78 8.2 5.98
2.82 4.72 7.66 6.38
2.84 3.98 7.78 5.76
2.84 4.28 7.56 5.84
2.78 5.02 7.42 6.44
2.94 4.76 7.22 5.98
2.94 4.28 7.24 5.52
2.86 4.58 7.48 6.06
2.76 3.52 8.12 5.64
2.92 4.16 7.64 5.8
2.88 4.36 7.76 6.12
2.84 4.08 6.92 5.0
2.84 4.04 7.6 5.64
2.82 3.92 8.24 6.16
2.78 3.84 7.6 5.44
2.82 4.36 7.08 5.44
2.94 4.32 7.52 5.84
2.72 4.06 8.54 6.6
2.8 4.18 8.22 6.4
2.86 4.4 8.04 6.44
2.88 4.04 7.78 5.82
2.82 3.96 8.2 6.16
2.88 4.76 6.86 5.62
2.76 3.9 8.54 6.44
2.82 4.48 7.76 6.24
2.86 4.92 7.42 6.34
2.76 4.14 8.04 6.18
2.82 4.3 7.98 6.28
2.86 3.6 8.22 5.82
2.82 4.14 7.6 5.74
2.84 4.34 7.42 5.76
2.88 4.54 6.74 5.28
2.9 4.6 7.18 5.78
2.76 3.76 8.08 5.84
2.82 4.32 7.64 5.96
2.82 3.86 7.88 5.74
2.82 4.3 7.64 5.94
2.82 3.24 8.7 5.94
2.9 4.66 7.66 6.32
2.86 4.16 7.98 6.14
2.8 3.8 8.26 6.06
2.78 4.54 7.36 5.9
2.78 4.7 7.24 5.94
2.74 3.42 8.48 5.9
2.9 4.02 8.04 6.06
2.8 3.86 7.72 5.58
2.8 3.38 8.78 6.16
2.78 4.44 7.74 6.18
2.66 4.08 8.14 6.22
2.86 4.66 6.94 5.6
2.82 4.7 7.88 6.58
2.68 4.28 7.74 6.02
2.84 4.5 7.68 6.18
2.88 4.86 6.84 5.7
2.68 3.14 9.56 6.7
2.88 4.8 7.24 6.04
2.82 3.58 8.58 6.16
2.78 4.02 8.56 6.58
2.74 4.48 7.54 6.02
2.84 4.24 7.4 5.64
2.6 3.46 8.44 5.9
2.84 5.0 7.24 6.24
2.78 3.66 8.08 5.74
2.78 4.4 7.8 6.2
2.84 4.22 6.78 5.0
2.86 3.8 8.2 6.0
2.82 4.4 7.34 5.74
2.78 4.18 7.88 6.06
2.84 4.16 8.24 6.4
2.78 4.04 7.78 5.82
2.84 4.24 7.78 6.02
2.78 4.08 7.94 6.02
2.84 4.48 7.56 6.04
2.74 4.62 7.26 5.88
2.76 3.5 7.88 5.38
2.8 3.48 8.34 5.82
2.9 4.52 7.74 6.26
2.84 4.26 7.52 5.78
2.84 4.18 7.66 5.84
2.78 3.92 8.32 6.24
2.76 4.46 7.68 6.14
2.72 4.0 7.78 5.78
2.88 4.16 7.86 6.02
2.8 3.82 8.18 6.0
2.74 4.34 8.44 6.78
2.7 3.96 8.78 6.74
2.9 4.6 6.96 5.56
2.76 4.04 8.08 6.12
2.88 4.28 7.34 5.62
2.8 4.74 7.26 6.0
2.88 3.84 7.84 5.68
2.94 5.46 6.32 5.78
2.76 3.16 9.04 6.2
2.84 4.26 7.96 6.22
2.78 4.12 7.28 5.4
2.86 4.44 7.58 6.02
2.82 4.1 7.94 6.04
2.78 5.36 6.9 6.26
2.8 5.06 7.22 6.28
2.78 4.14 7.8 5.94
2.76 3.8 7.84 5.64
2.88 4.88 6.72 5.6
2.84 4.24 7.0 5.24
2.76 3.64 8.26 5.9
2.78 3.84 7.62 5.46
2.82 4.18 7.64 5.82
2.94 4.36 7.26 5.62
2.74 3.78 8.02 5.8
2.74 3.24 8.54 5.78
2.74 4.76 7.4 6.16
2.86 4.9 6.86 5.76
2.74 4.06 8.4 6.46
2.8 3.66 8.3 5.96
2.88 4.66 7.38 6.04
2.82 3.4 8.62 6.02
2.78 4.54 8.36 6.9
2.72 3.86 8.0 5.86
2.68 4.02 7.88 5.9
2.82 4.12 8.26 6.38
2.84 3.6 7.6 5.2
2.8 3.84 8.52 6.36
2.82 4.12 7.64 5.76
2.82 4.08 7.9 5.98
2.74 4.08 7.98 6.06
2.74 3.68 8.4 6.08
2.9 4.32 7.56 5.88
2.76 4.3 8.04 6.34
2.88 4.22 7.68 5.9
2.88 3.94 8.34 6.28
2.82 4.08 8.22 6.3
2.78 4.32 7.98 6.3
2.82 4.52 7.88 6.4
2.9 3.72 7.94 5.66
2.76 3.92 8.52 6.44
2.78 3.92 8.3 6.22
2.88 4.42 7.52 5.94
2.78 4.24 7.92 6.16
2.78 4.04 7.9 5.94
2.7 3.9 8.28 6.18
2.86 4.6 6.84 5.44
2.72 3.84 7.74 5.58
2.78 4.64 7.46 6.1
2.8 4.06 8.42 6.48
2.72 3.66 8.4 6.06
2.84 4.24 7.8 6.04
2.78 4.02 8.14 6.16
2.8 4.74 7.8 6.54
2.68 3.74 8.28 6.02
2.86 4.0 7.36 5.36
2.86 4.38 7.92 6.3
2.86 4.66 7.18 5.84
2.88 5.02 6.6 5.62
2.68 4.16 7.92 6.08
2.86 4.16 7.62 5.78
2.78 4.78 7.44 6.22
2.74 4.02 8.3 6.32
2.86 4.46 7.84 6.3
2.86 3.58 7.92 5.5
2.86 3.64 8.08 5.72
2.84 4.38 7.88 6.26
2.8 3.52 8.42 5.94
2.72 4.84 7.3 6.14
2.86 4.04 7.98 6.02
2.94 4.54 6.92 5.46
2.88 4.24 7.56 5.8
2.88 4.3 7.22 5.52
2.8 3.96 7.94 5.9
2.76 3.68 7.5 5.18
2.84 4.38 7.68 6.06
2.76 3.38 8.88 6.26
2.78 4.24 7.62 5.86
2.8 4.38 6.86 5.24
2.74 3.9 8.04 5.94
2.7 3.98 7.88 5.86
2.92 4.24 7.6 5.84
2.7 3.68 8.3 5.98
2.88 4.32 7.62 5.94
2.78 3.68 8.24 5.92
2.78 3.78 7.76 5.54
2.82 4.64 7.46 6.1
2.78 4.44 7.1 5.54
2.78 4.64 7.32 5.96
2.84 5.16 6.28 5.44
2.76 4.26 7.6 5.86
2.82 4.12 8.12 6.24
2.84 4.14 7.44 5.58
2.66 3.36 8.92 6.28
2.84 4.38 8.1 6.48
2.8 4.02 8.18 6.2
2.84 3.92 7.84 5.76
2.88 4.52 7.68 6.2
2.94 4.36 7.04 5.4
2.92 4.12 7.78 5.9
2.84 3.94 8.32 6.26
2.9 4.74 7.18 5.92
2.84 3.58 8.5 6.08
2.78 4.12 7.82 5.94
2.9 3.8 8.2 6.0
2.84 4.06 7.66 5.72
2.74 3.82 8.58 6.4
2.82 4.52 7.84 6.36
2.78 5.06 7.06 6.12
2.82 3.9 7.78 5.68
2.7 3.3 8.78 6.08
2.92 4.88 7.58 6.46
2.84 4.12 7.44 5.56
2.78 4.48 8.2 6.68
2.78 3.68 8.34 6.02
2.86 4.66 7.18 5.84
2.8 4.18 7.76 5.94
2.68 4.04 8.14 6.18
2.68 2.94 9.26 6.2
2.8 4.28 8.06 6.34
2.92 3.96 7.94 5.9
2.88 3.9 8.08 5.98
2.84 4.5 7.98 6.48
2.82 4.2 7.64 5.84
2.82 4.52 7.76 6.28
2.82 4.0 8.08 6.08
2.76 3.56 8.04 5.6
2.8 3.78 7.78 5.56
2.78 4.08 8.38 6.46
2.82 4.24 7.54 5.78
2.84 4.0 7.8 5.8
2.86 4.24 7.6 5.84
2.9 4.36 7.22 5.58
2.8 4.14 7.76 5.9
2.78 3.94 7.76 5.7
2.72 3.36 8.64 6.0
2.84 4.64 6.88 5.52
2.84 3.98 8.32 6.3
2.84 4.2 7.78 5.98
2.9 3.7 8.14 5.84
2.88 4.28 7.08 5.36
2.84 4.06 8.04 6.1
2.88 3.94 8.0 5.94
2.92 4.74 7.0 5.74
2.88 4.6 7.24 5.84
2.78 3.8 7.8 5.6
2.92 4.2 7.48 5.68
2.84 3.66 8.02 5.68
2.92 5.22 6.88 6.1
2.94 4.3 7.22 5.52
2.78 4.66 7.68 6.34
2.72 4.1 7.94 6.04
2.92 4.12 7.68 5.8
2.88 3.96 8.02 5.98
2.68 3.78 7.66 5.44
2.86 3.72 8.1 5.82
2.76 3.06 8.84 5.9
2.82 4.8 7.26 6.06
2.8 4.36 7.78 6.14
2.86 3.78 7.88 5.66
2.9 4.3 7.88 6.18
2.82 3.28 8.44 5.72
2.8 4.38 7.86 6.24
2.84 4.42 7.9 6.32
2.7 4.52 8.16 6.68
2.8 4.52 7.5 6.02
2.76 3.86 7.7 5.56
2.76 4.08 8.24 6.32
2.76 3.56 8.68 6.24
2.78 4.02 7.78 5.8
2.78 3.84 8.08 5.92
2.82 4.3 7.7 6.0
2.62 3.84 8.24 6.08
2.8 4.0 7.68 5.68
2.82 4.8 7.74 6.54
2.9 4.42 7.24 5.66
2.92 5.1 7.34 6.44
2.84 3.94 8.02 5.96
2.8 3.92 7.56 5.48
2.92 4.42 7.56 5.98
2.8 3.76 8.0 5.76
2.76 4.34 7.76 6.1
2.78 3.8 7.6 5.4
2.82 4.18 8.14 6.32
2.86 4.16 7.92 6.08
2.74 4.4 7.5 5.9
2.88 3.8 8.66 6.46
2.8 4.14 7.96 6.1
2.84 3.96 7.76 5.72
2.88 4.3 8.08 6.38
2.72 3.82 7.3 5.12
2.8 4.48 8.06 6.54
2.82 4.08 7.68 5.76
2.68 3.86 8.18 6.04
2.82 4.24 7.28 5.52
2.88 4.46 7.46 5.92
2.9 4.56 7.22 5.78
2.8 3.1 8.08 5.18
2.8 3.74 7.78 5.52
2.86 4.62 7.42 6.04
2.82 4.38 7.92 6.3
2.92 4.32 8.16 6.48
2.8 4.48 8.12 6.6
2.84 4.88 6.64 5.52
2.86 4.2 7.28 5.48
2.74 4.2 7.78 5.98
2.76 3.84 8.16 6.0
2.78 4.0 7.66 5.66
2.86 4.68 8.04 6.72
2.78 3.9 7.46 5.36
2.9 5.3 6.08 5.38
2.9 3.74 7.9 5.64
2.86 4.3 7.52 5.82
2.82 3.74 7.7 5.44
2.74 3.86 8.18 6.04
2.9 4.12 7.4 5.52
2.8 4.36 7.52 5.88
2.82 4.38 7.9 6.28
2.78 3.84 7.94 5.78
2.78 3.02 9.08 6.1
2.72 4.56 7.28 5.84
2.78 4.24 8.02 6.26
2.76 4.46 7.94 6.4
2.86 4.24 7.34 5.58
2.8 3.84 8.26 6.1
2.8 4.34 7.7 6.04
2.82 4.14 8.0 6.14
2.74 3.56 8.32 5.88
2.86 4.5 7.36 5.86
2.9 5.08 7.26 6.34
2.82 4.5 7.68 6.18
2.84 4.46 7.74 6.2
2.86 4.24 8.08 6.32
2.7 3.42 8.92 6.34
2.8 3.56 8.24 5.8
2.76 4.2 7.86 6.06
2.9 5.16 7.18 6.34
2.88 4.86 6.4 5.26
2.72 3.68 7.72 5.4
2.82 4.44 7.44 5.88
2.84 4.62 7.0 5.62
2.8 3.68 8.06 5.74
2.78 4.06 7.46 5.52
2.76 4.24 7.04 5.28
2.72 4.12 7.64 5.76
2.84 3.94 7.54 5.48
2.9 3.78 8.02 5.8
2.74 3.48 8.36 5.84
2.88 4.52 7.6 6.12
2.9 4.6 7.34 5.94
2.84 5.04 7.2 6.24
2.82 4.08 8.12 6.2
2.76 3.84 8.54 6.38
2.9 4.44 7.72 6.16
2.82 4.56 7.0 5.56
2.8 4.22 6.98 5.2
2.88 4.7 7.34 6.04
2.82 4.24 7.72 5.96
2.88 3.9 7.74 5.64
2.78 4.04 7.52 5.56
2.82 3.54 8.14 5.68
2.82 4.1 7.8 5.9
2.88 5.26 6.56 5.82
2.86 4.66 7.46 6.12
2.82 4.94 7.34 6.28
2.84 4.88 7.26 6.14
2.82 3.78 8.42 6.2
2.82 4.54 7.42 5.96
2.74 4.72 7.82 6.54
2.76 3.94 8.04 5.98
2.9 4.1 7.72 5.82
2.82 4.16 8.14 6.3
2.76 4.94 7.06 6.0
2.76 3.82 7.88 5.7
2.88 4.02 7.98 6.0
2.84 4.06 7.26 5.32
2.7 3.14 8.08 5.22
2.74 4.26 7.72 5.98
2.9 4.66 7.18 5.84
2.8 5.44 7.12 6.56
2.7 3.6 8.76 6.36
2.82 4.3 7.96 6.26
2.76 3.8 8.0 5.8
2.88 4.54 7.64 6.18
2.84 4.32 7.78 6.1
2.7 3.88 8.14 6.02
2.76 4.5 7.88 6.38
2.74 4.22 8.06 6.28
2.82 4.86 7.26 6.12
2.8 4.26 7.8 6.06
2.82 4.62 6.96 5.58
2.62 4.18 8.16 6.34
2.84 4.64 7.32 5.96
2.92 4.3 7.9 6.2
2.88 3.66 8.1 5.76
2.72 4.16 7.18 5.34
2.84 3.66 8.1 5.76
2.82 4.52 7.14 5.66
2.8 4.08 7.9 5.98
2.74 4.02 7.88 5.9
2.86 4.18 7.46 5.64
2.84 5.34 7.24 6.58
2.72 4.52 7.98 6.5
2.86 3.52 8.22 5.74
2.76 4.38 7.4 5.78
2.94 4.02 8.12 6.14
2.74 3.84 7.88 5.72
2.8 4.14 8.04 6.18
2.82 5.06 6.82 5.88
2.84 4.98 7.36 6.34
2.86 4.46 7.26 5.72
2.84 4.3 8.06 6.36
2.86 4.76 7.38 6.14
2.82 4.44 7.42 5.86
2.8 3.84 8.0 5.84
2.78 4.22 7.82 6.04
2.86 4.34 7.88 6.22
2.8 3.82 8.34 6.16
2.76 4.52 7.56 6.08
2.88 4.16 7.82 5.98
2.84 3.86 7.34 5.2
2.86 4.78 7.42 6.2
2.76 3.7 8.42 6.12
2.86 4.08 7.6 5.68
2.84 4.6 7.2 5.8
2.8 4.42 7.76 6.18
2.92 4.06 7.8 5.86
2.78 4.08 7.82 5.9
2.9 4.52 6.98 5.5
2.8 4.64 7.34 5.98
2.84 4.56 7.74 6.3
2.86 4.4 7.4 5.8
2.8 4.66 7.48 6.14
2.92 3.94 7.36 5.3
2.84 4.0 7.86 5.86
2.74 3.8 8.2 6.0
2.72 3.74 7.92 5.66
2.74 4.28 8.04 6.32
2.9 4.6 7.12 5.72
2.6 3.96 8.2 6.16
2.96 3.98 8.1 6.08
2.8 3.88 7.84 5.72
2.72 4.9 7.4 6.3
2.68 4.06 8.14 6.2
2.8 3.94 8.32 6.26
2.74 3.78 8.46 6.24
2.84 4.76 7.18 5.94
2.86 4.56 7.54 6.1
2.82 4.04 8.2 6.24
2.78 4.98 6.72 5.7
2.78 4.42 7.98 6.4
2.8 4.36 7.86 6.22
2.9 4.62 7.34 5.96
2.8 4.24 7.16 5.4
2.76 3.38 8.78 6.16
2.74 4.12 7.4 5.52
2.84 3.94 8.06 6.0
2.78 4.74 7.32 6.06
2.84 4.46 7.54 6.0
2.68 4.24 7.98 6.22
2.8 4.22 7.28 5.5
2.82 3.42 8.48 5.9
2.84 4.04 7.66 5.7
2.78 4.48 7.28 5.76
2.76 3.54 8.5 6.04
2.76 4.4 7.24 5.64
2.82 4.0 7.6 5.6
2.84 4.7 6.56 5.26
2.8 3.78 7.66 5.44
2.86 3.52 8.3 5.82
2.82 3.6 8.14 5.74
2.8 3.8 8.26 6.06
2.94 4.42 7.68 6.1
2.82 4.5 7.58 6.08
2.88 4.66 7.0 5.66
2.64 4.06 8.08 6.14
2.96 4.5 7.18 5.68
2.86 3.72 8.22 5.94
2.9 4.12 7.8 5.92
2.94 4.48 7.72 6.2
2.8 3.7 8.36 6.06
2.8 4.26 7.32 5.58
2.8 4.08 8.06 6.14
2.86 4.02 7.92 5.94
2.76 4.16 7.76 5.92
2.84 4.18 7.9 6.08
2.86 5.06 7.22 6.28
2.76 3.92 8.04 5.96
2.78 4.22 8.06 6.28
2.78 4.28 7.48 5.76
2.7 4.04 7.32 5.36
2.86 4.28 7.48 5.76
2.8 3.96 7.6 5.56
2.84 3.68 8.42 6.1
2.82 4.14 8.64 6.78
2.82 4.56 7.46 6.02
2.86 4.48 7.16 5.64
2.8 4.9 7.54 6.44
2.82 4.3 7.44 5.74
2.82 4.0 8.02 6.02
2.8 3.82 8.56 6.38
2.78 3.98 8.2 6.18
2.78 3.96 7.98 5.94
2.8 4.42 8.02 6.44
2.82 4.26 8.28 6.54
2.82 4.32 7.94 6.26
2.84 4.38 7.4 5.78
2.88 3.88 8.42 6.3
2.92 4.5 7.32 5.82
2.9 4.32 7.88 6.2
2.8 3.86 8.38 6.24
2.82 3.86 8.0 5.86
2.76 3.96 8.06 6.02
2.8 4.6 7.56 6.16
2.9 4.3 7.24 5.54
2.82 4.88 6.6 5.48
2.82 4.28 7.82 6.1
2.94 3.96 7.7 5.66
2.74 3.62 8.64 6.26
2.94 4.44 7.26 5.7
2.84 4.78 7.34 6.12
2.84 4.8 6.52 5.32
2.78 3.42 8.68 6.1
2.76 4.32 7.08 5.4
2.88 5.1 7.54 6.64
2.82 4.2 7.98 6.18
2.74 4.2 7.74 5.94
2.72 4.22 7.74 5.96
2.74 3.84 8.4 6.24
2.8 4.34 8.16 6.5
2.82 4.92 6.78 5.7
2.8 4.36 7.72 6.08
2.76 3.86 8.32 6.18
2.82 3.68 7.94 5.62
2.94 4.88 7.68 6.56
2.72 3.38 8.48 5.86
2.78 4.14 7.78 5.92
2.76 4.28 7.94 6.22
2.74 3.9 8.14 6.04
2.84 3.92 8.06 5.98
2.82 4.68 7.64 6.32
2.94 4.16 7.9 6.06
2.9 3.82 7.6 5.42
2.84 4.82 6.86 5.68
2.78 4.5 7.3 5.8
2.68 3.58 8.9 6.48
2.72 3.94 8.18 6.12
2.74 4.34 8.12 6.46
2.88 4.6 7.9 6.5
2.78 3.98 8.18 6.16
2.9 4.82 6.7 5.52
2.82 3.56 8.44 6.0
2.82 3.72 7.6 5.32
2.74 3.54 8.64 6.18
2.78 4.42 7.52 5.94
2.72 4.42 7.5 5.92
2.84 4.64 7.38 6.02
2.7 3.98 8.0 5.98
2.86 3.2 8.74 5.94
2.82 4.2 7.98 6.18
2.78 4.4 7.4 5.8
2.7 3.64 8.22 5.86
2.8 3.84 7.88 5.72
2.84 4.16 7.54 5.7
2.76 4.1 8.1 6.2
2.78 4.14 7.64 5.78
2.72 3.84 7.66 5.5
2.84 4.6 7.78 6.38
2.76 3.54 8.96 6.5
2.78 4.54 7.12 5.66
2.78 4.06 7.6 5.66
2.74 3.96 8.18 6.14
2.88 3.76 8.58 6.34
2.8 3.6 8.56 6.16
2.8 4.02 7.9 5.92
2.82 3.88 8.38 6.26
2.82 4.56 7.54 6.1
2.82 3.72 8.52 6.24
2.9 4.32 8.08 6.4
2.78 3.68 8.0 5.68
2.8 4.6 7.06 5.66
2.84 4.38 7.5 5.88
2.82 4.12 7.44 5.56
2.78 3.42 8.48 5.9
2.78 3.9 7.32 5.22
2.66 3.7 8.64 6.34
2.82 4.42 7.48 5.9
2.82 3.64 7.8 5.44
2.88 4.2 7.4 5.6
2.84 4.64 7.06 5.7
2.92 5.14 6.96 6.1
2.88 4.84 7.36 6.2
2.84 4.6 7.1 5.7
2.94 4.04 7.7 5.74
2.86 4.74 6.38 5.12
2.84 3.8 7.9 5.7
2.76 3.9 8.24 6.14
2.76 3.62 8.54 6.16
2.94 4.56 7.62 6.18
2.76 3.84 7.78 5.62
2.78 3.94 8.12 6.06
2.78 3.98 7.96 5.94
2.84 4.02 8.0 6.02
2.72 3.78 8.22 6.0
2.84 4.92 6.8 5.72
2.9 4.92 7.64 6.56
2.88 4.32 7.3 5.62
2.84 4.06 8.14 6.2
2.82 4.54 7.94 6.48
2.7 3.9 8.44 6.34
2.8 4.26 7.4 5.66
2.88 4.48 7.58 6.06
2.88 4.36 7.14 5.5
2.8 4.66 7.64 6.3
2.8 4.32 7.6 5.92
2.82 4.22 7.88 6.1
2.72 4.06 8.22 6.28
2.8 4.52 7.2 5.72
2.88 4.36 7.56 5.92
2.78 4.6 7.38 5.98
2.82 4.22 8.46 6.68
2.86 4.22 8.18 6.4
2.88 3.78 8.02 5.8
2.78 3.48 8.5 5.98
2.82 3.74 7.62 5.36
2.82 4.16 8.2 6.36
2.9 4.36 8.04 6.4
2.68 3.68 8.44 6.12
2.74 4.08 8.1 6.18
2.84 5.22 6.3 5.52
2.74 4.26 8.02 6.28
2.88 5.1 6.94 6.04
2.84 4.32 7.56 5.88
2.8 4.62 7.62 6.24
2.8 3.26 8.34 5.6
2.78 4.06 7.74 5.8
2.86 4.98 7.14 6.12
2.86 4.7 7.58 6.28
2.76 3.76 7.68 5.44
2.86 3.58 8.9 6.48
2.92 5.36 6.22 5.58
2.8 4.02 8.36 6.38
2.56 3.62 8.32 5.94
2.84 4.32 7.26 5.58
2.92 4.1 7.7 5.8
2.9 4.46 7.18 5.64
2.8 4.46 7.2 5.66
2.8 3.7 7.98 5.68
2.78 4.68 7.6 6.28
2.9 5.24 7.34 6.58
2.78 4.2 8.34 6.54
2.84 4.68 7.58 6.26
2.84 4.96 7.56 6.52
2.8 4.32 7.86 6.18
2.8 3.9 8.02 5.92
2.82 4.42 7.68 6.1
2.74 4.18 7.92 6.1
2.86 4.68 7.46 6.14
2.9 4.8 7.8 6.6
2.84 4.26 7.9 6.16
2.7 3.6 8.3 5.9
2.88 3.86 8.44 6.3
2.88 3.94 7.52 5.46
2.66 3.62 8.24 5.86
2.76 3.98 7.56 5.54
2.74 4.54 7.46 6.0
2.8 3.72 8.04 5.76
2.76 4.58 7.36 5.94
2.82 4.48 8.1 6.58
2.86 4.26 7.32 5.58
2.8 4.48 7.72 6.2
2.88 5.26 7.04 6.3
2.76 4.16 8.2 6.36
2.94 4.16 7.36 5.52
2.8 4.36 7.46 5.82
2.8 3.7 7.74 5.44
2.92 4.06 7.96 6.02
2.7 4.28 7.48 5.76
2.76 4.9 6.76 5.66
2.84 4.2 7.38 5.58
2.68 4.04 7.4 5.44
2.8 4.02 8.3 6.32
2.7 3.94 7.82 5.76
2.74 4.14 8.08 6.22
2.86 4.66 7.42 6.08
2.82 4.98 7.12 6.1
2.88 3.92 7.52 5.44
2.84 3.68 8.1 5.78
2.9 3.8 7.7 5.5
2.72 4.8 7.88 6.68
2.84 3.86 7.8 5.66
2.88 4.82 6.78 5.6
2.86 4.16 7.22 5.38
2.72 3.7 8.02 5.72
2.82 4.1 8.34 6.44
2.76 4.58 7.44 6.02
2.98 4.16 7.3 5.46
2.86 4.38 7.54 5.92
2.8 4.04 8.0 6.04
2.86 4.08 7.96 6.04
2.88 4.06 8.26 6.32
2.88 5.2 6.56 5.76
2.74 3.48 8.04 5.52
2.82 3.28 8.62 5.9
2.88 4.04 8.24 6.28
2.8 3.8 8.52 6.32
2.82 4.2 7.74 5.94
2.8 4.38 7.02 5.4
2.84 3.98 7.34 5.32
2.9 4.02 7.78 5.8
2.84 4.28 7.94 6.22
2.84 4.42 7.88 6.3
2.82 5.36 6.92 6.28
2.84 3.96 7.42 5.38
2.76 4.18 7.92 6.1
2.84 4.38 7.64 6.02
2.82 4.46 7.44 5.9
2.82 4.02 8.04 6.06
2.88 4.6 7.18 5.78
2.84 4.12 7.9 6.02
2.84 4.4 8.2 6.6
2.72 3.4 8.32 5.72
2.84 4.44 7.48 5.92
2.78 4.04 8.06 6.1
2.84 4.54 6.8 5.34
2.84 4.84 7.36 6.2
2.76 3.88 8.3 6.18
2.84 4.72 7.1 5.82
2.88 4.38 7.82 6.2
2.76 4.16 7.54 5.7
2.76 3.22 8.48 5.7
2.84 4.06 7.28 5.34
2.86 4.84 7.08 5.92
2.9 4.4 7.5 5.9
2.82 4.04 7.44 5.48
2.8 4.26 8.08 6.34
2.82 3.78 7.56 5.34
2.82 3.3 8.36 5.66
2.84 4.48 7.26 5.74
2.98 4.14 7.42 5.56
2.92 4.52 6.94 5.46
2.78 4.12 7.76 5.88
2.64 4.22 8.12 6.34
2.9 4.7 7.22 5.92
2.84 4.18 8.02 6.2
2.84 4.2 7.6 5.8
2.84 4.26 7.78 6.04
2.78 4.32 7.88 6.2
2.8 3.36 8.56 5.92
2.72 3.74 8.56 6.3
2.84 3.66 8.1 5.76
2.76 3.86 7.84 5.7
2.88 4.42 7.42 5.84
2.82 3.68 7.86 5.54
2.72 3.58 8.2 5.78
2.8 3.58 8.74 6.32
2.9 3.66 8.2 5.86
2.66 3.74 7.84 5.58
2.82 4.08 7.72 5.8
2.84 4.62 7.02 5.64
2.84 4.26 7.8 6.06
2.76 4.9 6.98 5.88
2.78 3.58 8.88 6.46
2.74 3.56 8.16 5.72
2.88 4.1 7.54 5.64
2.8 4.38 6.64 5.02
2.72 4.12 7.4 5.52
2.84 4.2 7.38 5.58
2.9 4.64 7.7 6.34
2.76 3.84 8.58 6.42
2.84 4.12 8.08 6.2
2.84 4.14 7.76 5.9
2.88 4.86 6.86 5.72
2.7 4.32 7.84 6.16
2.76 5.08 7.6 6.68
2.74 3.8 8.16 5.96
2.94 5.28 7.26 6.54
2.82 3.84 8.52 6.36
2.78 3.84 7.94 5.78
2.8 3.88 8.2 6.08
2.84 3.86 7.86 5.72
2.88 4.9 6.74 5.64
2.84 3.94 7.98 5.92
2.84 3.72 8.56 6.28
2.8 4.38 7.88 6.26
2.82 4.36 7.62 5.98
2.78 3.82 7.9 5.72
2.82 4.2 7.12 5.32
2.8 4.02 7.46 5.48
2.82 4.26 8.04 6.3
2.74 4.62 7.22 5.84
2.86 4.32 7.08 5.4
2.8 4.12 7.66 5.78
2.88 4.24 8.04 6.28
2.68 4.12 8.18 6.3
2.7 3.34 8.78 6.12
2.92 4.08 7.38 5.46
2.84 4.32 7.46 5.78
2.8 3.72 7.94 5.66
2.82 3.72 8.16 5.88
2.76 4.8 7.74 6.54
2.64 4.52 7.64 6.16
2.84 4.7 7.06 5.76
2.94 4.44 7.06 5.5
2.8 4.12 7.54 5.66
2.88 4.02 7.58 5.6
2.84 4.12 7.4 5.52
2.84 4.52 7.46 5.98
2.8 4.04 7.48 5.52
2.9 4.78 7.2 5.98
2.88 5.38 6.24 5.62
2.74 4.22 7.82 6.04
2.84 3.56 8.78 6.34
2.9 5.26 7.04 6.3
2.8 4.92 6.56 5.48
2.9 5.02 6.52 5.54
2.88 4.92 7.24 6.16
2.74 4.52 7.5 6.02
2.8 4.04 7.54 5.58
2.8 3.76 7.58 5.34
2.88 3.94 8.08 6.02
2.74 4.36 7.58 5.94
2.86 4.86 6.82 5.68
2.78 4.62 7.34 5.96
2.72 3.58 8.68 6.26
2.78 4.84 7.3 6.14
2.66 5.16 6.92 6.08
2.86 4.22 7.62 5.84
2.86 4.74 7.36 6.1
2.76 4.14 7.78 5.92
2.86 4.34 7.16 5.5
2.78 3.22 8.46 5.68
2.8 3.84 7.54 5.38
2.92 4.4 7.14 5.54
2.8 4.7 7.64 6.34
2.76 4.46 7.38 5.84
2.86 5.28 6.56 5.84
2.86 4.08 8.08 6.16
2.9 4.4 7.9 6.3
2.84 3.94 7.86 5.8
2.78 4.06 8.0 6.06
2.86 3.66 8.64 6.3
2.78 4.34 7.6 5.94
2.82 4.86 7.04 5.9
2.9 4.34 7.34 5.68
2.82 4.36 7.76 6.12
2.82 3.96 7.8 5.76
2.76 3.22 8.46 5.68
2.9 4.44 7.6 6.04
2.72 3.76 8.7 6.46
2.72 4.64 7.64 6.28
2.84 3.7 7.78 5.48
2.82 4.8 7.24 6.04
2.72 3.02 9.14 6.16
2.78 4.5 7.88 6.38
2.78 3.26 8.38 5.64
2.84 5.26 6.74 6.0
2.76 4.18 8.02 6.2
2.82 4.08 7.78 5.86
2.72 4.0 8.08 6.08
2.8 3.9 8.62 6.52
2.76 4.58 7.38 5.96
2.8 3.92 8.0 5.92
2.86 4.62 7.8 6.42
2.74 4.44 7.36 5.8
2.78 3.76 7.7 5.46
2.84 3.92 7.88 5.8
2.82 4.96 7.02 5.98
2.8 4.42 7.84 6.26
2.78 3.84 8.34 6.18
2.76 4.88 7.5 6.38
2.7 3.86 8.28 6.14
2.9 3.68 8.24 5.92
2.82 4.3 7.44 5.74
2.76 4.7 7.42 6.12
2.8 3.86 7.98 5.84
2.86 4.22 7.68 5.9
2.58 3.28 9.0 6.28
2.74 4.48 7.4 5.88
2.92 4.54 7.34 5.88
2.84 4.72 7.44 6.16
2.82 4.1 7.82 5.92
2.86 4.24 7.5 5.74
2.86 4.02 7.94 5.96
2.86 4.46 7.28 5.74
2.86 3.8 7.68 5.48
2.82 3.62 7.66 5.28
2.82 4.04 7.56 5.6
2.82 3.8 8.02 5.82
2.78 4.24 8.14 6.38
2.72 4.2 8.14 6.34
2.8 3.58 8.7 6.28
2.94 4.76 7.3 6.06
2.8 3.36 8.52 5.88
2.72 3.76 7.52 5.28
2.76 4.02 8.56 6.58
2.9 4.76 7.84 6.6
2.82 4.18 7.92 6.1
2.76 4.0 7.88 5.88
2.82 4.64 7.28 5.92
2.78 3.28 8.28 5.56
2.88 4.66 7.34 6.0
2.68 3.82 7.46 5.28
2.76 3.72 8.12 5.84
2.84 3.72 7.9 5.62
2.66 3.88 7.56 5.44
2.78 4.04 8.04 6.08
2.76 3.72 8.16 5.88
2.82 3.6 7.96 5.56
2.9 4.84 7.66 6.5
2.76 4.02 8.46 6.48
2.84 4.06 7.66 5.72
2.82 4.48 7.84 6.32
2.72 3.48 8.76 6.24
2.7 3.32 9.04 6.36
2.74 3.72 7.8 5.52
2.78 3.26 8.26 5.52
2.74 3.78 8.48 6.26
2.74 4.22 8.36 6.58
2.96 4.42 7.64 6.06
2.76 4.16 7.94 6.1
2.78 3.74 8.14 5.88
2.76 3.88 8.56 6.44
2.8 4.42 7.6 6.02
2.78 4.2 7.58 5.78
2.74 3.86 8.38 6.24
2.94 5.04 7.1 6.14
2.84 4.68 7.18 5.86
2.8 4.46 7.34 5.8
2.78 4.04 7.74 5.78
2.68 4.18 7.68 5.86
2.86 4.46 7.62 6.08
2.8 4.42 7.78 6.2
2.84 4.38 8.28 6.66
2.82 3.98 7.64 5.62
2.88 4.24 7.6 5.84
2.8 4.7 8.04 6.74
2.7 3.26 8.84 6.1
2.8 3.54 7.8 5.34
2.82 4.3 7.06 5.36
2.86 3.64 8.1 5.74
2.82 5.02 7.32 6.34
2.74 4.02 8.14 6.16
2.74 4.4 8.14 6.54
2.8 3.86 7.76 5.62
2.92 4.7 6.66 5.36
2.82 3.84 8.28 6.12
2.88 4.96 6.84 5.8
2.84 4.96 6.92 5.88
2.9 4.4 7.26 5.66
2.84 4.64 7.42 6.06
2.84 4.02 7.62 5.64
2.86 4.56 7.6 6.16
2.92 3.92 8.26 6.18
2.78 3.64 8.4 6.04
2.82 4.44 7.32 5.76
2.86 4.64 7.06 5.7
2.74 4.0 8.34 6.34
2.78 4.42 7.66 6.08
2.82 4.54 7.1 5.64
2.84 4.72 7.02 5.74
2.88 4.56 7.28 5.84
2.8 3.48 8.0 5.48
2.7 4.2 8.04 6.24
2.7 4.16 8.9 7.06
2.8 4.5 8.04 6.54
2.76 4.64 7.38 6.02
2.8 3.88 7.26 5.14
2.74 3.94 7.3 5.24
2.76 4.52 7.82 6.34
2.86 4.56 7.32 5.88
2.74 4.02 8.02 6.04
2.9 4.44 7.14 5.58
2.78 3.94 7.58 5.52
2.88 4.22 7.7 5.92
2.8 4.08 8.12 6.2
2.86 4.06 7.76 5.82
2.84 4.94 7.06 6.0
2.86 4.1 7.48 5.58
2.82 3.88 8.18 6.06
2.82 3.76 8.48 6.24
2.8 4.08 7.98 6.06
2.78 4.34 7.36 5.7
2.82 4.2 7.12 5.32
2.78 3.78 8.54 6.32
2.78 4.1 8.12 6.22
2.86 4.5 8.04 6.54
2.78 4.16 7.76 5.92
2.82 3.88 7.66 5.54
2.82 4.3 7.12 5.42
2.86 5.22 6.92 6.14
2.78 4.1 7.96 6.06
2.74 4.06 7.98 6.04
2.92 4.12 8.06 6.18
2.84 4.44 7.62 6.06
2.76 3.74 7.88 5.62
2.66 4.44 7.4 5.84
2.82 4.5 7.6 6.1
2.8 3.5 8.28 5.78
2.84 4.96 6.98 5.94
2.82 4.2 7.56 5.76
2.72 3.22 8.48 5.7
2.84 4.4 7.98 6.38
2.8 4.98 6.72 5.7
2.8 4.52 7.88 6.4
2.94 4.28 6.78 5.06
2.8 3.8 8.66 6.46
2.8 4.7 7.66 6.36
2.82 4.02 7.54 5.56
2.84 4.74 7.38 6.12
2.8 3.74 8.18 5.92
2.76 4.5 7.32 5.82
2.88 4.0 8.08 6.08
2.76 4.0 7.74 5.74
2.82 4.1 8.08 6.18
2.8 3.76 8.1 5.86
2.78 4.52 7.38 5.9
2.9 4.94 7.24 6.18
2.88 4.68 6.5 5.18
2.82 3.98 7.58 5.56
2.82 4.32 7.36 5.68
2.92 4.56 7.18 5.74
2.82 4.1 7.88 5.98
2.78 4.02 7.72 5.74
2.76 3.66 8.44 6.1
2.68 4.28 7.88 6.16
2.74 3.84 7.4 5.24
2.76 4.42 7.58 6.0
2.88 4.38 6.54 4.92
2.76 4.12 7.6 5.72
2.72 3.32 8.56 5.88
2.66 4.12 8.38 6.5
2.84 4.36 7.68 6.04
2.66 4.42 7.5 5.92
2.94 5.22 7.0 6.22
2.84 3.76 8.64 6.4
2.82 4.4 7.82 6.22
2.86 4.4 7.86 6.26
2.84 4.96 7.62 6.58
2.76 4.06 7.96 6.02
2.84 4.2 7.54 5.74
2.78 3.64 7.62 5.26
2.86 4.66 7.6 6.26
2.82 4.22 7.74 5.96
2.84 3.98 8.02 6.0
2.88 4.2 7.92 6.12
2.78 4.12 8.36 6.48
2.9 4.48 7.76 6.24
2.66 3.66 8.58 6.24
2.8 5.02 7.14 6.16
2.7 3.48 8.3 5.78
2.86 4.38 7.84 6.22
2.82 4.14 8.28 6.42
2.86 3.78 7.94 5.72
2.68 3.78 8.0 5.78
2.92 4.8 6.9 5.7
2.88 4.26 7.98 6.24
2.78 3.72 8.26 5.98
2.9 4.06 7.42 5.48
2.8 4.76 7.68 6.44
2.76 4.2 7.9 6.1
2.72 3.66 7.94 5.6
2.88 4.3 7.4 5.7
2.72 4.34 7.56 5.9
2.88 5.02 7.08 6.1
2.74 4.22 7.96 6.18
2.86 4.38 7.84 6.22
2.88 4.16 7.32 5.48
2.84 4.7 7.34 6.04
2.74 4.48 7.4 5.88
2.72 4.1 7.6 5.7
2.82 4.24 7.42 5.66
2.82 5.12 7.0 6.12
2.74 3.66 8.22 5.88
2.78 4.24 7.26 5.5
2.9 4.54 7.88 6.42
2.8 3.78 7.86 5.64
2.8 3.88 7.78 5.66
2.84 3.9 8.2 6.1
2.82 4.26 7.88 6.14
2.88 4.9 7.32 6.22
2.9 4.32 7.42 5.74
2.92 4.06 7.46 5.52
2.8 4.38 7.68 6.06
2.74 4.7 6.84 5.54
2.92 4.76 6.66 5.42
2.88 4.86 7.14 6.0
2.88 4.46 7.08 5.54
2.78 4.1 7.62 5.72
2.78 4.62 7.16 5.78
2.9 3.94 7.82 5.76
2.84 3.46 8.36 5.82
2.76 4.34 8.16 6.5
2.68 4.16 7.86 6.02
2.9 4.5 7.12 5.62
2.78 3.86 7.72 5.58
2.88 4.1 7.92 6.02
2.74 3.92 8.0 5.92
2.84 4.22 7.2 5.42
2.8 3.86 8.04 5.9
2.84 4.38 7.82 6.2
2.8 4.44 8.12 6.56
2.78 4.48 7.8 6.28
2.9 5.58 6.96 6.54
2.76 3.28 8.68 5.96
2.7 3.16 8.5 5.66
2.82 4.04 7.86 5.9
2.88 4.54 7.54 6.08
2.86 4.76 6.9 5.66
2.86 4.14 7.64 5.78
2.82 4.56 7.6 6.16
2.92 4.26 7.3 5.56
2.68 3.52 8.06 5.58
2.76 4.04 8.02 6.06
2.76 3.78 8.2 5.98
2.96 4.26 7.0 5.26
2.88 4.6 7.24 5.84
2.8 3.72 8.18 5.9
2.74 3.84 7.58 5.42
2.76 4.06 8.16 6.22
2.84 4.24 7.8 6.04
2.86 4.3 6.9 5.2
2.82 3.86 8.12 5.98
2.76 3.52 8.88 6.4
2.84 4.52 6.66 5.18
2.8 4.02 7.86 5.88
2.92 4.5 7.32 5.82
2.84 3.98 8.18 6.16
2.84 4.52 7.4 5.92
2.8 4.34 7.56 5.9
2.82 4.58 7.34 5.92
2.76 3.52 8.86 6.38
2.8 3.26 8.46 5.72
2.78 4.02 7.66 5.68
2.9 4.74 7.24 5.98
2.9 4.72 7.42 6.14
2.82 3.82 7.96 5.78
2.7 3.06 8.6 5.66
2.86 4.38 6.84 5.22
2.8 3.76 8.34 6.1
2.82 4.02 7.62 5.64
2.8 3.86 8.18 6.04
2.74 4.4 7.62 6.02
2.66 3.56 8.22 5.78
2.8 3.92 8.24 6.16
2.8 4.44 7.74 6.18
2.84 3.8 7.68 5.48
2.8 3.98 8.1 6.08
2.78 3.62 8.42 6.04
2.8 3.72 8.12 5.84
2.86 3.78 8.2 5.98
2.9 4.8 7.7 6.5
2.68 4.16 7.9 6.06
2.76 3.3 8.66 5.96
2.9 4.26 8.16 6.42
2.72 3.58 7.98 5.56
2.72 3.64 8.44 6.08
2.82 4.72 7.72 6.44
2.74 4.6 6.76 5.36
2.88 4.16 7.2 5.36
2.76 4.66 7.58 6.24
2.7 3.3 8.3 5.6
2.78 3.26 8.26 5.52
2.84 3.62 8.06 5.68
2.88 5.26 6.36 5.62
2.82 4.2 7.98 6.18
2.86 4.12 7.76 5.88
2.76 3.94 8.2 6.14
2.78 4.2 8.2 6.4
2.86 3.66 8.46 6.12
2.76 3.64 8.12 5.76
2.84 4.48 7.04 5.52
2.82 5.3 7.12 6.42
2.9 4.72 7.2 5.92
2.86 4.34 7.44 5.78
2.82 4.22 7.76 5.98
2.8 3.66 8.24 5.9
2.84 4.32 7.66 5.98
2.78 4.88 7.36 6.24
2.9 4.62 7.6 6.22
2.84 4.62 7.06 5.68
2.76 3.4 8.14 5.54
2.84 3.9 7.76 5.66
2.84 4.86 6.82 5.68
2.74 4.56 7.46 6.02
2.76 3.7 8.32 6.02
2.86 4.02 8.52 6.54
2.72 3.72 8.1 5.82
2.88 3.76 7.76 5.52
2.76 3.48 8.1 5.58
2.8 4.44 7.5 5.94
2.76 3.98 8.44 6.42
2.8 4.02 7.76 5.78
2.7 3.78 8.12 5.9
2.82 3.44 7.92 5.36
2.88 4.96 7.16 6.12
2.78 4.8 7.36 6.16
2.82 4.28 7.32 5.6
2.74 4.42 7.28 5.7
2.78 4.02 8.08 6.1
2.74 4.2 8.24 6.44
2.8 4.16 8.38 6.54
2.9 4.06 7.24 5.3
2.78 3.72 8.06 5.78
2.74 4.0 8.08 6.08
2.82 5.18 6.74 5.92
2.78 4.2 7.84 6.04
2.76 3.68 7.74 5.42
2.96 4.66 6.76 5.42
2.74 3.88 8.22 6.1
2.86 3.64 8.02 5.66
2.72 3.92 8.46 6.38
2.72 4.26 7.34 5.6
2.84 4.24 8.1 6.34
2.72 4.24 7.76 6.0
2.74 3.94 7.54 5.48
2.66 3.96 8.78 6.74
2.9 4.68 6.96 5.64
2.7 3.86 8.34 6.2
2.74 3.68 7.6 5.28
2.84 4.54 7.02 5.56
2.76 4.72 7.56 6.28
2.88 4.34 7.62 5.96
2.9 4.42 7.24 5.66
2.84 4.4 6.82 5.22
2.66 3.56 8.16 5.72
2.78 4.3 7.82 6.12
2.82 4.72 7.5 6.22
2.8 3.48 7.76 5.24
2.82 3.92 7.78 5.7
2.84 3.9 8.04 5.94
2.84 3.42 8.38 5.8
2.8 4.08 7.6 5.68
2.82 3.54 8.38 5.92
2.8 4.36 7.52 5.88
2.76 4.18 8.12 6.3
2.7 3.58 8.22 5.8
2.8 3.92 7.64 5.56
2.96 4.02 7.58 5.6
2.78 4.22 7.78 6.0
2.82 4.32 7.2 5.52
2.78 4.16 7.72 5.88
2.88 4.2 7.8 6.0
2.88 3.8 7.68 5.48
2.9 4.72 7.42 6.14
2.94 4.72 6.96 5.68
2.8 5.08 7.4 6.48
2.84 4.58 7.92 6.5
2.86 4.48 7.4 5.88
2.8 3.68 7.98 5.66
2.76 3.82 8.84 6.66
2.86 4.12 7.6 5.72
2.9 4.76 7.26 6.02
2.8 4.04 7.78 5.82
2.86 4.78 7.64 6.42
2.76 4.16 8.5 6.66
2.82 4.16 7.94 6.1
2.72 4.02 7.76 5.78
2.72 3.26 8.74 6.0
2.78 3.86 7.82 5.68
2.86 4.92 7.0 5.92
2.84 3.86 7.76 5.62
2.76 4.32 7.44 5.76
2.86 4.5 6.78 5.28
2.66 3.32 8.76 6.08
2.88 4.9 6.96 5.86
2.8 4.96 7.06 6.02
2.8 3.8 8.02 5.82
2.92 4.48 7.18 5.66
2.66 3.68 7.76 5.44
2.86 3.8 8.28 6.08
2.78 3.5 8.2 5.7
2.78 3.78 8.4 6.18
2.92 4.42 7.48 5.9
2.9 4.44 7.18 5.62
2.68 4.26 7.72 5.98
2.74 4.22 8.1 6.32
2.86 3.42 8.14 5.56
2.88 4.3 7.82 6.12
2.9 4.7 6.64 5.34
2.8 4.7 7.02 5.72
2.76 4.64 7.68 6.32
2.8 3.76 8.4 6.16
2.88 3.62 8.32 5.94
2.72 4.04 7.82 5.86
2.8 3.72 7.84 5.56
2.72 3.02 9.28 6.3
2.74 3.66 7.86 5.52
2.82 3.84 7.8 5.64
2.78 4.02 7.92 5.94
2.78 3.72 8.22 5.94
2.86 4.46 7.58 6.04
2.78 3.94 8.04 5.98
2.82 4.22 7.58 5.8
2.82 4.0 7.84 5.84
2.7 3.88 8.2 6.08
2.9 4.64 7.16 5.8
2.88 4.32 7.7 6.02
2.88 5.52 7.12 6.64
2.86 4.1 7.36 5.46
2.74 4.02 8.34 6.36
2.76 3.68 7.62 5.3
2.84 4.38 7.54 5.92
2.82 4.44 8.34 6.78
2.84 4.22 7.34 5.56
2.68 3.56 8.46 6.02
2.7 3.92 8.06 5.98
2.88 4.76 7.32 6.08
2.8 4.04 8.14 6.18
2.72 3.26 8.08 5.34
2.82 4.42 7.38 5.8
2.72 3.54 8.42 5.96
2.74 4.12 8.54 6.66
2.78 3.36 8.94 6.3
2.9 5.54 6.62 6.16
2.78 4.68 7.14 5.82
2.86 4.54 7.34 5.88
2.8 4.5 7.46 5.96
2.78 3.9 8.96 6.86
2.66 4.14 8.1 6.24
2.92 4.58 7.74 6.32
2.78 4.64 7.38 6.02
2.72 4.82 7.48 6.3
2.72 4.0 7.08 5.08
2.7 3.18 8.58 5.76
2.76 3.74 7.9 5.64
2.82 3.84 8.64 6.48
2.96 4.4 7.2 5.6
2.84 4.3 7.62 5.92
2.72 3.96 7.38 5.34
2.78 4.4 7.78 6.18
2.72 3.6 8.6 6.2
2.86 4.22 7.5 5.72
2.9 4.52 7.72 6.24
2.68 3.72 8.58 6.3
2.9 4.04 8.26 6.3
2.86 4.18 7.3 5.48
2.78 4.28 7.3 5.58
2.78 4.04 7.72 5.76
2.86 3.94 7.52 5.46
2.68 4.14 8.0 6.14
2.78 3.88 8.02 5.9
2.8 3.82 8.04 5.86
2.68 4.78 7.9 6.68
2.82 4.52 7.62 6.14
2.94 4.3 7.92 6.22
2.88 4.26 7.56 5.82
2.7 4.18 7.82 6.0
2.84 4.78 7.02 5.8
2.78 4.04 7.54 5.58
2.8 4.48 7.02 5.5
2.8 3.58 8.22 5.8
2.88 4.72 6.76 5.48
2.8 4.46 7.78 6.24
2.88 5.22 6.9 6.12
2.88 4.6 7.26 5.86
2.84 3.94 7.92 5.86
2.84 4.32 8.46 6.78
2.78 3.66 7.98 5.64
2.76 3.54 8.08 5.62
2.64 3.28 8.6 5.88
2.9 4.04 8.46 6.5
2.78 3.84 7.82 5.66
2.78 3.88 8.16 6.04
2.9 5.46 6.74 6.2
2.92 4.28 7.34 5.62
2.8 4.06 7.92 5.98
2.78 3.56 8.74 6.3
2.8 3.56 8.02 5.58
2.84 4.54 7.42 5.96
2.92 4.62 7.16 5.78
2.82 3.82 7.92 5.74
2.78 3.76 7.86 5.62
2.8 4.86 7.32 6.18
2.82 4.5 6.92 5.42
2.78 3.9 7.7 5.6
2.76 4.84 7.46 6.3
2.84 4.74 6.98 5.72
2.84 3.94 8.52 6.46
2.86 4.44 7.62 6.06
2.86 4.86 7.74 6.6
2.9 4.4 7.48 5.88
2.74 4.22 7.76 5.98
2.76 4.52 7.68 6.2
2.74 3.88 8.18 6.06
2.74 3.56 8.08 5.64
2.76 4.18 7.94 6.12
2.82 4.56 7.34 5.9
2.84 4.02 7.92 5.94
2.82 4.44 7.28 5.72
2.74 4.48 7.28 5.76
2.92 4.34 7.6 5.94
2.8 4.44 7.2 5.64
2.68 4.32 7.82 6.14
2.64 3.68 8.54 6.22
2.84 4.74 7.68 6.42
2.94 5.12 6.5 5.62
2.88 5.2 6.88 6.08
2.88 4.06 7.96 6.02
2.8 3.5 8.5 6.0
2.92 4.04 7.58 5.62
2.82 4.14 8.04 6.18
2.78 4.82 7.56 6.38
2.78 4.52 7.34 5.86
2.86 4.52 7.34 5.86
2.82 4.2 7.7 5.9
2.78 3.8 7.92 5.72
2.78 4.1 8.08 6.18
2.84 4.8 7.48 6.28
2.76 3.36 8.52 5.88
2.88 4.22 7.66 5.88
2.82 4.14 8.42 6.56
2.84 4.32 7.52 5.84
2.8 4.44 7.46 5.9
2.86 3.82 7.94 5.76
2.76 3.62 8.6 6.22
2.78 4.04 7.18 5.22
2.86 3.86 7.98 5.84
2.64 3.66 8.24 5.9
2.8 4.36 7.6 5.96
2.66 4.58 7.64 6.22
2.74 3.9 8.38 6.28
2.82 4.24 7.86 6.1
2.72 4.42 8.12 6.54
2.8 4.0 7.62 5.62
2.72 3.82 8.52 6.34
2.76 4.0 7.48 5.48
2.68 3.58 8.02 5.6
2.86 4.76 7.08 5.84
2.82 3.78 8.1 5.88
2.76 3.96 7.66 5.62
2.9 3.92 7.9 5.82
2.88 4.36 8.14 6.5
2.78 4.18 7.48 5.66
2.94 3.84 8.58 6.42
2.8 4.2 8.14 6.34
2.74 3.76 7.88 5.64
2.78 4.22 7.64 5.86
2.9 3.96 8.1 6.06
2.92 4.62 7.12 5.74
2.88 4.14 8.0 6.14
2.86 3.7 7.7 5.4
2.84 4.04 7.64 5.68
2.78 4.38 7.62 6.0
2.78 4.58 7.22 5.8
2.84 4.46 7.08 5.54
2.84 4.08 8.2 6.28
2.74 3.78 7.86 5.64
2.84 4.22 7.36 5.58
2.82 4.32 7.66 5.98
2.72 4.12 8.04 6.16
2.8 3.74 7.76 5.5
2.82 3.78 8.36 6.14
2.88 4.9 7.18 6.08
2.82 4.04 7.82 5.86
2.74 3.76 8.1 5.86
2.66 3.74 8.52 6.26
2.86 4.22 7.62 5.84
2.86 4.76 7.1 5.86
2.78 3.98 7.74 5.72
2.8 3.8 7.46 5.26
2.86 5.0 7.08 6.08
2.92 3.88 8.08 5.96
2.74 3.16 8.76 5.92
2.76 4.48 7.42 5.9
2.86 4.82 7.12 5.94
2.84 4.18 7.66 5.84
2.82 3.76 7.88 5.64
2.88 4.96 6.5 5.46
2.8 3.66 7.62 5.28
2.92 3.78 8.52 6.3
2.86 4.66 7.38 6.04
2.66 4.36 7.14 5.5
2.92 4.74 7.0 5.74
2.92 5.14 7.34 6.48
2.84 5.26 6.84 6.1
2.84 3.78 8.24 6.02
2.76 4.2 7.7 5.9
2.82 3.94 7.22 5.16
2.84 4.72 7.62 6.34
2.84 4.06 7.56 5.62
2.84 4.4 7.52 5.92
2.92 5.06 7.52 6.58
2.82 4.1 7.6 5.7
2.86 4.54 7.24 5.78
2.8 4.74 7.52 6.26
2.8 4.86 7.44 6.3
2.7 4.02 8.04 6.06
2.82 3.52 7.86 5.38
2.82 4.4 7.24 5.64
2.78 3.36 8.06 5.42
2.84 4.34 7.08 5.42
2.8 4.14 7.3 5.44
2.94 4.46 7.76 6.22
2.82 3.28 8.36 5.64
2.72 3.7 8.22 5.92
2.82 3.82 8.1 5.92
2.8 3.74 8.02 5.76
2.86 4.16 8.08 6.24
2.84 4.16 7.76 5.92
2.8 4.12 7.32 5.44
2.84 4.14 7.38 5.52
2.66 3.88 8.36 6.24
2.8 4.82 7.22 6.04
2.88 4.66 7.36 6.02
2.82 3.52 8.7 6.22
2.74 3.96 7.94 5.9
2.8 4.54 7.48 6.02
2.9 4.54 7.06 5.6
2.68 3.72 8.08 5.8
2.8 3.98 7.6 5.58
2.9 4.24 7.44 5.68
2.92 5.14 7.24 6.38
2.8 4.38 7.4 5.78
2.8 4.82 7.52 6.34
2.88 4.76 6.86 5.62
2.88 4.66 6.8 5.46
2.9 4.56 7.52 6.08
2.82 4.5 7.68 6.18
2.84 3.94 7.8 5.74
2.76 3.88 8.46 6.34
2.86 4.62 7.04 5.66
2.82 3.72 7.8 5.52
2.88 4.54 7.2 5.74
2.88 5.12 6.86 5.98
2.76 3.96 8.32 6.28
2.7 3.52 8.36 5.88
2.8 3.88 7.6 5.48
2.78 4.02 8.22 6.24
2.74 3.68 8.36 6.04
2.82 4.16 7.68 5.84
2.88 4.22 7.24 5.46
2.8 3.86 8.1 5.96
2.84 4.02 7.8 5.82
2.68 3.32 9.2 6.52
2.84 4.78 6.9 5.68
2.74 4.54 7.94 6.48
2.86 4.56 7.56 6.12
2.78 4.5 8.02 6.52
2.92 5.02 7.14 6.16
2.9 3.66 7.92 5.58
2.8 4.06 7.68 5.74
2.8 4.24 7.42 5.66
2.82 4.44 7.54 5.98
2.78 4.08 8.22 6.3
2.76 4.12 8.2 6.32
2.86 3.96 8.12 6.08
2.8 3.82 8.4 6.22
2.88 5.04 7.06 6.1
2.76 3.78 8.46 6.24
2.84 4.28 7.64 5.92
2.9 4.6 7.36 5.96
2.74 4.38 7.6 5.98
2.64 3.86 8.18 6.04
2.88 4.7 7.06 5.76
2.78 4.62 7.14 5.76
2.8 4.36 7.22 5.58
2.76 3.84 8.5 6.34
2.74 3.92 8.66 6.58
2.86 3.9 8.3 6.2
2.88 4.2 7.86 6.06
2.86 4.58 7.48 6.06
2.78 4.28 7.96 6.24
2.86 3.62 8.0 5.62
2.86 4.44 7.94 6.38
2.82 4.44 7.62 6.06
2.8 3.54 8.02 5.56
2.68 3.78 7.74 5.52
2.92 4.44 7.66 6.1
2.82 3.7 8.1 5.8
2.82 4.26 7.96 6.22
2.82 3.5 8.24 5.74
2.86 4.16 7.78 5.94
2.82 3.54 8.6 6.14
2.8 4.04 7.8 5.84
2.88 3.94 7.98 5.92
2.78 4.42 7.24 5.66
2.7 3.96 8.72 6.68
2.7 4.4 7.9 6.3
2.78 4.12 7.62 5.74
2.66 4.12 7.98 6.1
2.74 4.12 7.96 6.08
2.78 3.4 8.68 6.08
2.86 4.26 7.68 5.94
2.86 4.66 7.8 6.46
2.84 3.78 8.04 5.82
2.82 3.64 7.82 5.46
2.86 4.54 7.52 6.06
2.92 4.66 7.6 6.26
2.84 3.44 8.02 5.46
2.78 3.88 7.6 5.48
2.84 4.54 7.84 6.38
2.8 4.14 7.36 5.5
2.96 4.56 7.24 5.8
2.7 4.54 7.68 6.22
2.76 4.14 7.56 5.7
2.78 3.62 8.04 5.66
2.88 4.66 7.2 5.86
2.84 4.16 7.24 5.4
2.76 3.78 7.74 5.52
2.74 3.66 8.42 6.08
2.76 4.08 7.98 6.06
2.78 3.86 7.98 5.84
2.8 4.28 7.5 5.78
2.78 4.58 7.78 6.36
2.86 4.28 7.3 5.58
2.76 4.28 7.6 5.88
2.74 4.12 7.8 5.92
2.72 4.16 7.8 5.96
2.8 4.42 7.2 5.62
2.88 4.52 7.6 6.12
2.82 4.14 8.1 6.24
2.86 4.42 7.76 6.18
2.84 4.1 7.28 5.38
2.82 3.72 8.22 5.94
2.84 3.6 8.82 6.42
2.7 4.22 7.78 6.0
2.8 3.36 8.76 6.12
2.86 4.46 7.36 5.82
2.9 4.14 7.68 5.82
2.76 4.32 6.9 5.22
2.78 4.04 7.12 5.16
2.76 4.16 8.1 6.26
2.72 3.62 8.6 6.22
2.84 4.54 6.98 5.52
2.82 4.36 7.72 6.08
2.72 4.14 7.96 6.1
2.82 4.3 8.1 6.4
2.86 4.64 7.6 6.24
2.82 4.04 7.96 6.0
2.82 3.96 8.16 6.12
2.86 4.34 7.48 5.82
2.8 4.0 7.84 5.84
2.74 4.14 8.06 6.2
2.84 4.58 7.14 5.72
2.76 3.46 8.86 6.32
2.74 4.38 7.6 5.98
2.82 4.12 7.94 6.06
2.8 3.94 7.66 5.6
2.74 4.14 7.82 5.96
2.82 4.42 7.56 5.98
2.88 4.66 7.32 5.98
2.76 3.5 8.72 6.22
2.82 3.62 7.96 5.58
2.82 4.24 7.68 5.92
2.7 4.22 8.14 6.36
2.78 4.1 7.68 5.78
2.84 4.44 7.56 6.0
2.7 4.16 8.04 6.2
2.84 4.74 7.32 6.06
2.92 4.56 7.44 6.0
2.64 3.92 7.96 5.88
2.8 3.68 7.84 5.52
2.84 4.46 7.56 6.02
2.9 4.16 7.64 5.8
2.74 4.46 6.96 5.42
2.9 4.06 8.02 6.08
2.86 4.32 7.6 5.92
2.7 4.06 8.08 6.14
2.78 4.18 7.6 5.78
2.78 3.66 8.44 6.1
2.78 4.24 7.84 6.08
2.76 4.26 7.06 5.32
2.88 4.44 7.62 6.06
2.76 3.8 8.44 6.24
2.84 3.98 8.04 6.02
2.88 4.04 7.84 5.88
2.8 3.84 8.34 6.18
2.84 4.4 7.58 5.98
2.8 3.88 8.14 6.02
2.98 4.46 7.72 6.18
2.86 3.92 7.82 5.74
2.7 4.28 7.7 5.98
2.84 4.6 7.56 6.16
2.8 3.48 8.14 5.62
2.76 4.52 7.08 5.6
2.78 3.72 8.44 6.16
2.82 4.12 7.56 5.68
2.74 4.5 8.06 6.56
2.76 3.6 8.44 6.04
2.82 4.36 7.5 5.86
2.8 4.9 7.2 6.1
2.86 3.54 8.56 6.1
2.74 4.28 7.52 5.8
2.9 4.44 7.3 5.74
2.8 4.34 7.28 5.62
2.88 4.4 7.64 6.04
2.86 4.36 7.32 5.68
2.74 4.22 7.7 5.92
2.78 4.12 7.98 6.1
2.74 4.02 8.02 6.04
2.7 4.22 7.54 5.76
2.8 3.36 8.66 6.02
2.68 3.84 8.08 5.92
2.84 4.9 7.22 6.12
2.86 4.38 7.3 5.68
2.84 4.32 7.72 6.04
2.76 4.1 7.94 6.04
2.9 4.18 7.3 5.48
2.9 3.76 7.96 5.72
2.84 4.16 7.66 5.82
2.88 4.84 7.0 5.84
2.86 4.56 7.28 5.84
2.78 3.74 7.86 5.6
2.76 3.88 7.54 5.42
2.74 3.68 8.04 5.72
2.64 3.96 8.08 6.04
2.74 4.24 7.7 5.94
2.8 3.1 8.68 5.78
2.8 4.62 7.42 6.04
2.68 4.44 7.84 6.28
2.76 4.46 7.68 6.14
2.84 4.22 7.32 5.54
2.8 4.2 7.56 5.76
2.82 4.56 7.58 6.14
2.76 4.18 7.56 5.74
2.84 4.2 7.54 5.74
2.74 4.84 7.34 6.18
2.8 4.46 7.66 6.12
2.76 4.08 8.1 6.18
2.84 3.58 8.36 5.94
2.78 4.4 7.56 5.96
2.82 4.06 7.44 5.5
2.88 4.14 8.24 6.38
2.78 3.74 8.14 5.88
2.92 5.08 7.34 6.42
2.84 3.84 7.5 5.34
2.84 4.06 7.8 5.86
2.74 3.82 8.3 6.12
2.9 4.6 7.5 6.1
2.88 5.36 7.12 6.48
2.78 4.8 7.66 6.46
2.84 3.92 8.16 6.08
2.84 3.56 8.3 5.86
2.82 3.66 7.7 5.36
2.78 3.48 8.36 5.84
2.78 3.82 7.96 5.78
2.86 4.46 6.98 5.44
2.92 4.0 7.9 5.9
2.8 3.92 8.64 6.56
2.72 3.64 8.72 6.36
2.8 3.92 7.58 5.5
2.9 4.56 7.44 6.0
2.82 4.02 7.92 5.94
2.84 4.46 7.26 5.72
2.82 4.4 7.54 5.94
2.86 4.32 7.84 6.16
2.74 4.08 7.8 5.88
2.72 4.04 7.96 6.0
2.8 4.18 7.96 6.14
2.9 4.16 7.62 5.78
2.74 4.1 8.38 6.48
2.82 4.12 8.26 6.38
2.88 4.68 6.96 5.64
2.8 4.58 7.66 6.24
2.86 3.72 7.9 5.62
2.8 3.5 8.24 5.74
2.82 4.12 7.8 5.92
2.82 3.66 8.38 6.04
2.78 4.4 7.58 5.98
2.9 4.28 7.36 5.64
2.84 4.66 7.26 5.92
2.72 4.04 7.56 5.6
2.82 3.98 7.48 5.46
2.82 4.6 7.72 6.32
2.76 3.98 8.46 6.44
2.82 3.92 7.82 5.74
2.78 4.14 7.78 5.92
2.9 4.56 7.42 5.98
2.8 3.88 8.22 6.1
2.78 3.92 7.8 5.72
2.78 3.8 8.0 5.8
2.78 3.52 8.3 5.82
2.72 3.92 8.36 6.28
2.84 4.26 7.88 6.14
2.72 3.0 9.26 6.26
2.68 3.2 8.38 5.58
2.78 4.3 7.92 6.22
2.84 4.78 7.36 6.14
2.9 4.8 7.16 5.96
2.86 4.12 7.74 5.86
2.7 4.44 7.74 6.18
2.78 4.8 7.54 6.34
2.78 4.2 7.8 6.0
2.8 3.42 8.44 5.86
2.9 4.48 7.2 5.68
2.78 3.82 8.12 5.94
2.78 4.62 7.12 5.74
2.88 5.2 6.84 6.04
2.84 3.4 8.4 5.8
2.9 5.38 6.74 6.12
2.8 3.62 7.84 5.46
2.68 3.7 8.7 6.4
2.8 4.3 7.84 6.14
2.72 4.16 7.94 6.1
2.76 3.26 8.24 5.5
2.78 3.78 8.04 5.82
2.9 3.9 8.22 6.12
2.86 5.1 7.02 6.12
2.88 3.78 8.3 6.08
2.82 4.72 6.62 5.34
2.64 4.32 7.76 6.08
2.88 3.54 7.84 5.38
2.82 4.04 7.4 5.44
2.86 4.68 7.42 6.1
2.72 3.74 8.18 5.92
2.86 4.38 7.6 5.98
2.84 3.98 8.12 6.1
2.68 3.42 7.84 5.26
2.86 3.8 8.22 6.02
2.84 4.04 7.52 5.56
2.94 4.26 7.34 5.6
2.88 4.24 7.78 6.02
2.8 3.84 8.3 6.14
2.8 3.46 8.08 5.54
2.7 4.12 8.36 6.48
2.74 3.82 7.9 5.72
2.8 4.22 7.76 5.98
2.84 4.2 7.92 6.12
2.86 4.7 7.68 6.38
2.78 3.54 8.26 5.8
2.68 3.76 8.46 6.22
2.82 4.82 7.42 6.24
2.78 3.66 8.1 5.76
2.76 3.86 8.14 6.0
2.68 3.58 8.3 5.88
2.78 3.96 7.96 5.92
2.8 3.68 8.2 5.88
2.8 4.82 7.72 6.54
2.82 4.66 6.76 5.42
2.72 4.46 7.56 6.02
2.86 4.04 7.76 5.8
2.86 4.42 8.04 6.46
2.82 4.36 7.42 5.78
2.8 4.92 7.42 6.34
2.86 4.66 7.24 5.9
2.76 3.72 8.22 5.94
2.8 4.38 7.14 5.52
2.92 4.24 7.18 5.42
2.84 3.86 7.52 5.38
2.88 4.26 7.18 5.44
2.84 4.56 7.7 6.26
2.76 4.56 7.54 6.1
2.8 3.58 8.1 5.68
2.88 3.82 7.96 5.78
2.82 4.42 6.98 5.4
2.74 3.74 8.16 5.9
2.88 4.22 7.44 5.66
2.82 3.6 8.54 6.14
2.86 5.0 7.6 6.6
2.82 4.24 7.42 5.66
2.82 4.34 7.84 6.18
2.88 4.02 8.36 6.38
2.84 3.84 8.1 5.94
2.74 4.04 7.46 5.5
2.82 4.32 7.7 6.02
2.78 4.7 7.52 6.22
2.76 4.08 8.2 6.28
2.76 4.12 7.7 5.82
2.8 4.28 8.0 6.28
2.74 4.34 7.64 5.98
2.82 4.24 7.62 5.86
2.86 4.48 7.08 5.56
2.9 4.8 6.88 5.68
2.8 4.06 7.84 5.9
2.82 4.72 7.12 5.84
2.74 3.72 7.76 5.48
2.9 3.96 7.26 5.22
2.7 4.02 8.4 6.42
2.8 3.74 8.18 5.92
2.78 4.52 7.38 5.9
2.86 4.8 6.8 5.6
2.86 4.56 7.7 6.26
2.82 3.92 7.68 5.6
2.9 4.6 6.78 5.38
2.88 4.26 7.48 5.74
2.62 4.14 8.4 6.54
2.76 3.94 7.54 5.48
2.84 4.88 7.38 6.26
2.82 4.3 7.3 5.6
2.76 4.04 7.68 5.72
2.8 4.22 7.94 6.16
2.88 4.26 7.86 6.12
2.76 4.44 7.86 6.3
2.76 3.54 8.08 5.62
2.9 4.72 6.98 5.7
2.66 3.56 8.34 5.9
2.8 3.46 8.7 6.16
2.86 4.32 7.56 5.88
2.88 4.62 6.58 5.2
2.8 4.18 7.76 5.94
2.86 4.12 7.52 5.64
2.84 3.8 7.8 5.6
2.82 3.58 8.44 6.02
2.82 4.64 7.3 5.94
2.84 4.58 7.32 5.9
2.92 4.82 7.3 6.12
2.8 3.62 8.7 6.32
2.88 4.56 7.48 6.04
2.94 4.52 7.3 5.82
2.8 4.96 7.44 6.4
2.8 5.16 6.96 6.12
2.8 4.04 7.62 5.66
2.78 3.4 8.4 5.8
2.78 3.48 8.06 5.54
2.88 4.02 8.02 6.04
2.84 4.24 7.94 6.18
2.74 3.9 8.06 5.96
2.76 3.92 7.94 5.86
2.72 4.42 7.14 5.56
2.68 4.6 7.92 6.52
2.9 4.82 7.2 6.02
2.92 4.56 7.28 5.84
2.8 3.9 8.06 5.96
2.76 5.08 7.18 6.26
2.82 4.02 7.5 5.52
2.82 4.7 7.58 6.28
2.78 3.96 7.66 5.62
2.86 3.86 8.0 5.86
2.76 4.18 7.6 5.78
2.9 4.46 7.38 5.84
2.86 4.88 6.98 5.86
2.78 4.04 8.0 6.04
2.76 4.18 8.06 6.24
2.8 4.6 7.86 6.46
2.82 4.46 7.66 6.12
2.82 3.82 7.66 5.48
2.76 3.72 8.22 5.94
2.86 4.32 7.32 5.64
2.88 4.26 8.24 6.5
2.86 4.26 7.54 5.8
2.76 3.98 7.46 5.44
2.9 3.92 7.96 5.88
2.8 4.08 7.66 5.74
2.86 4.22 7.68 5.9
2.7 4.34 8.02 6.36
2.88 3.4 8.3 5.7
2.78 4.3 7.54 5.84
2.84 5.46 6.68 6.14
2.84 4.06 8.18 6.24
2.72 4.72 7.46 6.18
2.68 4.14 7.74 5.88
2.76 3.62 7.64 5.26
2.74 3.52 7.94 5.46
2.76 3.94 7.52 5.46
2.86 4.4 7.8 6.2
2.8 4.38 7.64 6.02
2.82 4.6 7.54 6.14
2.84 3.62 7.96 5.58
2.8 4.44 7.48 5.92
2.78 3.96 8.04 6.0
2.7 3.96 8.04 6.0
2.8 3.74 8.66 6.4
2.78 3.92 7.94 5.86
2.86 3.94 8.3 6.24
2.86 5.72 6.32 6.04
2.76 4.04 7.62 5.66
2.92 4.2 7.6 5.8
2.74 4.04 7.54 5.58
2.74 4.1 7.72 5.82
2.84 4.18 7.64 5.82
2.72 2.98 9.32 6.3
2.7 4.24 7.52 5.76
2.8 3.84 7.9 5.74
2.78 3.36 8.36 5.72
2.78 4.66 7.1 5.76
2.72 4.04 7.88 5.92
2.8 4.3 7.16 5.46
2.88 4.74 7.1 5.84
2.86 4.3 8.16 6.46
2.78 3.56 8.28 5.84
2.86 3.96 8.18 6.14
2.76 3.96 7.96 5.92
2.84 4.1 7.72 5.82
2.86 4.86 7.08 5.94
2.84 4.48 7.64 6.12
2.9 4.12 7.88 6.0
2.7 3.9 8.06 5.96
2.94 4.82 7.12 5.94
2.84 4.7 7.18 5.88
2.9 4.3 7.54 5.84
2.8 4.18 7.5 5.68
2.78 4.26 7.86 6.12
2.86 4.0 7.92 5.92
2.78 4.02 7.96 5.98
2.78 4.64 7.66 6.3
2.9 5.0 6.94 5.94
2.84 4.68 6.66 5.34
2.88 4.02 7.82 5.84
2.82 4.42 7.36 5.78
2.82 4.34 7.58 5.92
2.76 3.84 8.18 6.02
2.82 4.3 7.66 5.96
2.8 3.92 8.14 6.06
2.94 4.18 7.7 5.88
2.84 4.52 6.98 5.5
2.82 4.0 8.2 6.2
2.66 3.6 8.16 5.76
2.9 5.06 7.16 6.22
2.74 3.7 8.46 6.16
2.68 4.72 7.28 6.0
2.76 4.36 7.6 5.96
2.78 4.14 7.96 6.1
2.82 4.42 7.7 6.12
2.74 3.26 8.26 5.52
2.82 4.32 6.68 5.0
2.76 4.5 7.52 6.02
2.84 4.18 7.84 6.02
2.88 4.6 7.58 6.18
2.84 5.06 7.14 6.2
2.84 4.68 7.48 6.16
2.8 4.02 8.34 6.36
2.82 4.84 7.28 6.12
2.8 4.02 8.22 6.24
2.76 4.16 8.06 6.22
2.86 4.2 7.36 5.56
2.94 4.88 7.34 6.22
2.84 4.62 7.44 6.06
2.9 5.14 7.46 6.6
2.7 3.94 8.82 6.76
2.82 4.56 7.44 6.0
2.72 4.18 7.72 5.9
2.74 3.54 7.98 5.52
2.88 4.64 6.94 5.58
2.84 4.32 8.04 6.36
2.82 3.94 8.12 6.06
2.88 4.22 7.84 6.06
2.86 4.26 7.48 5.74
2.8 3.92 8.02 5.94
2.88 4.78 7.58 6.36
2.78 4.28 8.28 6.56
2.78 4.42 7.28 5.7
2.82 3.88 7.92 5.8
2.78 4.02 7.44 5.46
2.78 4.32 7.46 5.78
2.78 4.5 6.82 5.32
2.86 4.24 7.58 5.82
2.92 3.98 8.04 6.02
2.82 4.52 7.76 6.28
2.8 3.44 8.22 5.66
2.78 4.86 7.9 6.76
2.8 4.14 8.22 6.36
2.82 3.82 7.84 5.66
2.74 4.26 7.8 6.06
2.76 3.74 8.22 5.96
2.84 3.6 8.4 6.0
2.86 4.78 7.04 5.82
2.92 4.76 7.58 6.34
2.76 4.26 7.54 5.8
2.76 4.54 7.76 6.3
2.84 5.2 6.82 6.02
2.76 4.1 7.64 5.74
2.78 4.1 7.7 5.8
2.82 4.58 7.58 6.16
2.84 4.42 7.68 6.1
2.7 4.04 7.8 5.84
2.9 4.58 7.74 6.32
2.86 4.12 7.8 5.92
2.9 4.3 7.2 5.5
2.78 4.18 7.6 5.78
2.8 3.94 8.06 6.0
2.88 4.38 7.5 5.88
2.76 4.58 6.66 5.24
2.82 3.48 7.78 5.26
2.84 4.74 7.18 5.92
2.88 4.58 7.68 6.26
2.66 4.1 8.28 6.38
2.84 4.9 7.38 6.28
2.84 4.72 7.06 5.78
2.58 4.06 8.44 6.5
2.74 4.22 7.24 5.46
2.8 3.46 8.22 5.68
2.86 4.24 7.84 6.08
2.78 3.9 8.24 6.14
2.78 4.36 7.28 5.64
2.88 5.2 6.96 6.16
2.82 4.26 7.3 5.56
2.84 4.9 6.8 5.7
2.72 4.02 8.28 6.3
2.8 4.14 7.64 5.78
2.82 4.14 6.96 5.1
2.78 4.42 7.94 6.36
2.84 4.06 7.62 5.68
2.78 3.9 7.58 5.48
2.86 4.44 7.98 6.42
2.88 4.0 7.74 5.74
2.86 4.38 7.24 5.62
2.9 4.08 7.44 5.52
2.88 4.66 7.44 6.1
2.84 4.56 7.3 5.86
2.8 4.2 7.94 6.14
2.74 4.46 7.38 5.84
2.68 3.42 8.42 5.84
2.76 4.28 7.72 6.0
2.82 5.0 6.8 5.8
2.88 4.42 8.02 6.44
2.86 3.78 8.9 6.68
2.96 4.44 7.46 5.9
2.86 3.94 7.94 5.88
2.74 3.76 8.14 5.9
2.9 4.48 7.34 5.82
2.86 4.36 7.52 5.88
2.86 4.58 7.3 5.88
2.82 4.14 7.3 5.44
2.72 4.3 7.2 5.5
2.86 4.64 7.34 5.98
2.7 3.7 8.54 6.24
2.82 4.38 8.06 6.44
2.78 3.66 8.6 6.26
2.66 3.42 8.7 6.12
2.82 3.88 8.1 5.98
2.84 4.36 7.52 5.88
2.76 4.12 8.2 6.32
2.94 4.52 7.74 6.26
2.8 3.76 8.24 6.0
2.8 4.42 7.86 6.28
2.84 4.72 6.86 5.58
2.84 3.18 8.82 6.0
2.76 4.1 8.26 6.36
2.74 4.38 6.98 5.36
2.82 4.36 7.54 5.9
2.84 5.08 7.08 6.16
2.82 3.58 7.92 5.5
2.88 4.5 7.12 5.62
2.78 3.88 8.64 6.52
2.84 4.72 7.4 6.12
2.82 3.6 8.38 5.98
2.84 3.92 8.36 6.28
2.66 3.22 8.74 5.96
2.84 4.66 7.06 5.72
2.76 4.06 8.36 6.42
2.74 4.38 7.7 6.08
2.66 4.2 7.88 6.08
2.86 4.14 7.98 6.12
2.76 3.96 7.86 5.82
2.8 3.44 9.0 6.44
2.9 4.34 7.78 6.12
2.86 4.48 7.98 6.46
2.84 4.82 7.2 6.02
2.66 3.62 8.52 6.14
2.82 4.62 7.14 5.76
2.94 5.5 6.62 6.12
2.84 4.4 7.12 5.52
2.76 4.08 8.38 6.46
2.82 3.84 7.96 5.8
2.78 4.1 8.0 6.1
2.68 3.64 8.72 6.36
2.78 4.56 7.82 6.38
2.82 3.64 7.68 5.32
2.9 3.76 8.22 5.98
2.8 4.8 6.66 5.46
2.78 3.54 8.04 5.58
2.86 4.5 7.36 5.86
2.86 4.18 7.86 6.04
2.9 4.88 6.78 5.66
2.86 4.26 7.64 5.9
2.74 3.8 7.96 5.76
2.8 4.36 7.84 6.2
2.9 4.12 7.68 5.8
2.78 4.22 7.6 5.82
2.76 4.0 8.08 6.08
2.74 3.86 7.88 5.74
2.84 4.06 8.08 6.14
2.76 4.38 7.26 5.64
2.72 3.88 7.92 5.8
2.84 4.08 8.42 6.5
2.82 4.16 7.4 5.56
2.72 4.06 7.78 5.84
2.8 4.78 6.88 5.66
2.82 3.88 7.74 5.62
2.92 4.8 7.06 5.86
2.78 3.78 8.44 6.22
2.9 4.42 7.46 5.88
2.86 4.78 7.54 6.32
2.78 4.12 7.96 6.08
2.74 4.62 7.64 6.26
2.78 3.98 7.94 5.92
2.78 4.26 7.52 5.78
2.76 3.36 8.88 6.24
2.8 3.78 8.48 6.26
2.78 4.3 7.96 6.26
2.72 4.4 7.6 6.0
2.72 3.38 8.88 6.26
2.88 4.46 7.56 6.02
2.82 4.3 7.7 6.0
2.74 4.0 7.64 5.64
2.72 3.9 7.94 5.84
2.74 3.94 8.1 6.04
2.82 4.1 7.68 5.78
2.82 4.24 7.84 6.08
2.86 3.82 7.72 5.54
2.66 4.04 8.56 6.6
2.84 3.52 8.56 6.08
2.8 3.7 8.58 6.28
2.74 3.92 8.48 6.4
2.8 3.74 8.46 6.2
2.8 4.36 7.46 5.82
2.72 3.86 8.32 6.18
2.88 4.3 7.64 5.94
2.84 4.96 6.98 5.94
2.72 4.14 8.12 6.26
2.72 3.42 8.54 5.96
2.7 3.9 8.24 6.14
2.76 4.32 7.92 6.24
2.74 4.2 8.14 6.34
2.86 3.92 8.06 5.98
2.82 4.12 8.1 6.22
2.7 3.62 8.26 5.88
2.84 3.78 7.94 5.72
2.76 3.84 7.72 5.56
2.7 3.64 7.88 5.52
2.76 4.72 7.68 6.4
2.68 4.12 7.9 6.02
2.84 4.22 7.86 6.08
2.82 4.12 7.82 5.94
2.84 4.18 8.02 6.2
2.76 4.12 8.0 6.12
2.78 3.94 8.04 5.98
2.86 4.32 7.64 5.96
2.78 4.96 7.36 6.32
2.88 4.44 8.04 6.48
2.84 4.2 7.68 5.88
2.7 4.28 8.06 6.34
2.92 4.3 7.34 5.64
2.88 3.92 7.8 5.72
2.86 4.26 7.64 5.9
2.88 4.64 6.86 5.5
2.74 4.52 7.56 6.08
2.84 3.6 8.34 5.94
2.78 4.92 6.7 5.62
2.76 4.16 7.42 5.58
2.8 4.26 7.74 6.0
2.76 3.66 8.04 5.7
2.88 4.42 7.44 5.86
2.88 4.78 7.18 5.96
2.78 4.78 7.26 6.04
2.86 3.66 8.24 5.9
2.74 3.54 8.58 6.12
2.88 4.42 7.4 5.82
2.88 4.28 7.28 5.56
2.86 4.18 7.8 5.98
2.76 4.76 6.92 5.68
2.78 4.06 8.3 6.36
2.88 3.82 8.0 5.82
2.84 4.4 7.22 5.62
2.84 3.94 8.52 6.46
2.9 4.56 7.04 5.6
2.82 5.24 7.28 6.52
2.7 4.16 8.18 6.34
2.86 4.08 7.92 6.0
2.8 3.42 8.38 5.8
2.86 3.44 7.8 5.24
2.82 3.92 7.5 5.42
2.74 4.36 8.04 6.4
2.86 4.44 7.26 5.7
2.78 4.36 7.92 6.28
2.7 4.2 8.26 6.46
2.72 3.68 8.4 6.08
2.84 4.92 7.22 6.14
2.9 5.06 6.26 5.32
2.86 4.44 7.3 5.74
2.84 3.98 7.78 5.76
2.76 3.98 7.88 5.86
2.84 4.68 7.48 6.16
2.9 4.72 7.4 6.12
2.72 3.94 7.26 5.2
2.88 3.76 7.8 5.56
2.84 4.48 7.48 5.96
2.88 4.1 7.94 6.04
2.86 4.08 7.4 5.48
2.9 4.46 8.06 6.52
2.88 3.56 7.86 5.42
2.8 4.12 7.88 6.0
2.84 4.06 7.82 5.88
2.76 4.14 7.64 5.78
2.88 3.96 8.0 5.96
2.86 4.3 7.06 5.36
2.8 3.76 8.44 6.2
2.8 3.78 8.06 5.84
2.82 4.06 8.34 6.4
2.84 5.18 6.92 6.1
2.74 4.08 7.7 5.78
2.72 3.2 8.8 6.0
2.8 4.52 7.78 6.3
2.78 4.0 8.06 6.06
2.82 3.94 7.58 5.52
2.86 4.9 7.04 5.94
2.88 4.12 8.22 6.34
2.86 5.06 6.8 5.86
2.86 4.74 7.74 6.48
2.82 4.26 7.84 6.1
2.8 3.9 7.64 5.54
2.84 4.38 7.34 5.72
2.74 4.1 7.86 5.96
2.92 4.28 7.24 5.52
2.8 4.3 7.6 5.9
2.74 4.02 7.94 5.96
2.82 3.58 7.92 5.5
2.86 4.68 7.02 5.7
2.92 3.88 7.52 5.4
2.76 4.02 7.72 5.74
2.78 3.4 8.6 6.0
2.86 3.9 7.92 5.82
2.7 3.88 7.8 5.68
2.9 4.18 7.46 5.64
2.72 4.16 8.48 6.64
2.78 4.08 7.8 5.88
2.82 4.4 7.4 5.8
2.8 4.12 7.32 5.44
2.7 3.68 8.24 5.92
2.84 4.0 8.14 6.14
2.8 4.38 7.5 5.88
2.92 5.04 6.6 5.64
2.82 3.64 7.92 5.56
2.84 4.36 7.64 6.0
2.86 4.4 7.24 5.64
2.88 4.44 7.42 5.86
2.86 3.94 7.86 5.8
2.86 4.62 7.16 5.78
2.82 3.52 8.62 6.14
2.82 4.4 7.48 5.88
2.84 3.66 7.72 5.38
2.88 4.16 6.78 4.94
2.9 4.44 7.14 5.58
2.8 4.04 7.86 5.9
2.74 3.98 7.3 5.28
2.76 4.72 7.3 6.02
2.82 3.16 8.28 5.44
2.92 5.12 6.78 5.9
2.84 4.08 7.8 5.88
2.86 4.82 6.98 5.8
2.86 4.44 7.52 5.96
2.8 3.96 7.96 5.92
2.78 4.54 7.0 5.54
2.88 4.46 7.72 6.18
2.86 4.1 7.68 5.78
2.86 3.96 8.22 6.18
2.8 3.58 8.34 5.92
2.78 3.64 7.58 5.22
2.8 3.94 8.0 5.94
2.8 4.4 7.34 5.74
2.82 4.26 7.26 5.52
2.76 4.18 7.48 5.66
2.86 4.54 8.04 6.58
2.86 3.64 8.28 5.92
2.84 4.62 7.26 5.88
2.86 4.28 7.88 6.16
2.76 4.32 7.76 6.08
2.86 4.48 7.16 5.64
2.78 3.86 8.16 6.02
2.86 3.92 8.3 6.22
2.8 3.8 8.26 6.06
2.78 4.02 7.82 5.84
2.78 3.84 8.46 6.3
2.9 4.14 7.48 5.62
2.8 3.7 8.4 6.1
2.78 3.92 7.74 5.66
2.66 3.16 8.68 5.84
2.82 3.88 8.02 5.9
2.7 4.74 7.58 6.32
2.9 4.48 7.5 5.98
2.92 4.32 7.1 5.42
2.78 4.08 8.42 6.5
2.78 4.06 8.22 6.28
2.88 3.64 7.88 5.52
2.9 4.1 7.24 5.34
2.82 4.16 7.68 5.84
2.86 4.76 7.5 6.26
2.78 3.64 8.38 6.02
2.74 4.04 7.82 5.86
2.9 3.76 7.72 5.48
2.74 3.68 8.16 5.84
2.74 4.28 7.48 5.76
2.82 4.3 7.78 6.08
2.86 4.44 7.52 5.96
2.76 3.74 8.34 6.08
2.88 4.32 7.78 6.1
2.78 4.12 7.76 5.88
2.92 4.02 8.64 6.66
2.86 3.88 7.98 5.86
2.72 4.26 7.18 5.44
2.78 4.64 7.48 6.12
2.72 3.6 8.54 6.14
2.88 4.1 7.88 5.98
2.88 4.18 7.48 5.66
2.86 3.9 8.62 6.52
2.72 3.72 8.22 5.94
2.86 4.54 6.58 5.12
2.86 4.9 7.22 6.12
2.84 4.84 7.28 6.12
2.88 3.44 8.08 5.52
2.82 3.42 8.82 6.24
2.86 4.42 7.54 5.96
2.76 3.82 8.56 6.38
2.82 4.52 7.9 6.42
2.72 4.2 8.1 6.3
2.76 3.98 7.64 5.62
2.76 3.5 8.62 6.12
2.84 3.76 7.92 5.68
2.76 4.36 7.98 6.34
2.88 4.52 7.2 5.72
2.88 4.26 7.86 6.12
2.84 4.02 7.44 5.46
2.84 3.96 7.62 5.58
2.8 4.52 7.44 5.96
2.8 3.7 8.1 5.8
2.74 4.86 7.1 5.96
2.9 4.68 7.46 6.14
2.8 4.66 7.24 5.9
2.94 4.5 6.66 5.16
2.82 4.3 7.1 5.4
2.72 3.98 7.54 5.52
2.82 5.06 7.34 6.4
2.9 3.94 7.66 5.6
2.76 3.72 8.08 5.8
2.92 4.06 8.1 6.16
2.86 3.12 8.62 5.74
2.68 3.94 7.74 5.68
2.78 4.88 7.7 6.58
2.8 4.28 7.66 5.94
2.86 4.84 7.5 6.34
2.84 3.82 7.92 5.74
2.76 4.38 8.24 6.62
2.8 4.8 7.06 5.86
2.82 4.22 7.92 6.14
2.86 4.22 7.72 5.94
2.9 3.34 8.18 5.52
2.8 3.78 8.3 6.08
2.84 4.08 7.76 5.84
2.72 4.14 7.24 5.38
2.8 3.8 7.62 5.42
2.78 3.64 8.78 6.42
2.9 4.58 7.48 6.06
2.74 4.0 8.28 6.28
2.86 4.22 8.08 6.3
2.82 4.02 8.36 6.38
2.8 4.58 7.5 6.08
2.8 4.56 7.64 6.2
2.88 3.76 8.34 6.1
2.76 3.9 8.1 6.0
2.86 4.44 7.34 5.78
2.8 4.16 8.5 6.66
2.82 4.48 7.5 5.98
2.94 4.5 7.32 5.82
2.84 3.72 8.44 6.16
2.92 4.12 7.88 6.0
2.72 3.76 8.34 6.1
2.8 3.82 8.06 5.88
2.82 4.12 8.0 6.12
2.84 4.44 7.18 5.62
2.8 4.2 7.66 5.86
2.72 4.7 7.44 6.14
2.82 4.04 7.4 5.44
2.76 4.22 7.38 5.6
2.8 3.9 8.38 6.28
2.84 3.9 8.1 6.0
2.94 4.56 7.76 6.32
2.8 4.5 8.34 6.84
2.74 4.0 7.96 5.96
2.82 4.44 7.72 6.16
2.78 4.36 7.24 5.6
2.88 4.78 7.08 5.86
2.8 4.0 7.6 5.6
2.86 4.26 7.32 5.58
2.9 4.86 6.7 5.56
2.82 4.2 7.7 5.9
2.74 3.7 8.42 6.12
2.84 4.04 8.02 6.06
2.86 4.24 7.12 5.36
2.84 4.46 7.6 6.06
2.78 4.66 7.78 6.44
2.86 4.34 7.8 6.14
2.88 5.1 6.88 5.98
2.76 4.5 7.08 5.58
2.68 4.3 8.12 6.42
2.74 3.86 7.96 5.82
2.82 4.66 7.46 6.12
2.74 3.82 8.3 6.12
2.76 4.12 7.56 5.68
2.92 3.96 7.7 5.66
2.84 3.98 8.02 6.0
2.82 4.46 7.28 5.74
2.76 4.56 7.48 6.04
2.74 4.46 7.84 6.3
2.8 4.42 7.82 6.24
2.76 3.74 8.16 5.9
2.78 4.36 7.64 6.0
2.82 4.06 8.52 6.58
2.9 3.5 8.18 5.68
2.76 4.52 7.32 5.84
2.86 4.42 7.78 6.2
2.7 3.26 8.78 6.04
2.84 4.6 7.22 5.82
2.76 4.4 8.04 6.44
2.82 4.3 7.36 5.66
2.84 3.94 7.46 5.4
2.78 4.44 7.48 5.92
2.88 4.88 6.8 5.68
2.92 4.52 6.98 5.5
2.86 3.58 8.26 5.84
2.78 3.96 7.66 5.62
2.76 4.08 7.82 5.9
2.76 4.36 7.36 5.72
2.88 4.08 7.92 6.0
2.92 5.14 6.72 5.86
2.84 4.1 7.42 5.52
2.88 4.38 7.64 6.02
2.84 4.8 6.7 5.5
2.66 4.4 8.02 6.42
2.92 4.6 7.34 5.94
2.86 4.04 7.44 5.48
2.96 4.72 6.82 5.54
2.84 4.54 7.84 6.38
2.76 3.84 8.2 6.04
2.7 3.5 8.56 6.06
2.72 4.42 7.68 6.1
2.88 4.2 7.7 5.9
2.9 5.14 7.2 6.34
2.86 4.18 7.64 5.82
2.82 4.78 7.82 6.6
2.84 4.1 7.98 6.08
2.74 4.5 7.9 6.4
2.8 3.88 7.7 5.58
2.84 4.48 7.74 6.22
2.76 4.06 7.56 5.62
2.72 3.32 8.48 5.8
2.86 4.76 7.52 6.28
2.8 4.38 7.64 6.02
2.82 4.38 7.66 6.04
2.84 4.2 7.44 5.64
2.84 4.96 6.54 5.5
2.8 4.56 7.28 5.84
2.72 3.42 8.7 6.12
2.8 4.86 7.12 5.98
2.74 4.18 8.16 6.34
2.76 4.26 7.46 5.72
2.78 4.22 7.6 5.82
2.82 3.92 8.26 6.18
2.76 4.1 7.86 5.96
2.84 4.6 7.26 5.86
2.8 4.06 7.52 5.58
2.8 4.1 8.12 6.22
2.84 4.08 7.5 5.58
2.8 3.98 7.96 5.94
2.84 3.88 7.94 5.82
2.8 3.76 8.38 6.14
2.9 4.82 7.0 5.82
2.9 3.98 7.68 5.66
2.86 5.1 7.42 6.52
2.88 4.92 7.26 6.18
2.82 5.06 7.34 6.4
2.9 4.22 7.18 5.4
2.72 4.3 7.64 5.94
2.76 4.22 8.24 6.46
2.82 3.72 7.72 5.44
2.82 5.04 6.98 6.02
2.78 3.92 8.26 6.18
2.88 4.42 7.54 5.96
2.86 3.74 7.88 5.62
2.86 4.66 7.32 5.98
2.8 4.62 6.9 5.52
2.74 3.88 8.64 6.52
2.9 4.34 7.16 5.5
2.8 4.96 7.74 6.7
2.84 4.42 7.56 5.98
2.84 4.86 7.82 6.68
2.78 3.96 7.22 5.18
2.88 4.88 7.3 6.18
2.74 3.38 8.84 6.22
2.88 4.58 7.32 5.9
2.84 4.08 7.48 5.56
2.92 4.28 8.2 6.48
2.86 4.5 6.72 5.22
2.74 4.02 8.08 6.1
2.9 4.94 6.64 5.58
2.8 4.18 8.6 6.78
2.8 4.18 7.86 6.04
2.84 4.48 7.74 6.22
2.82 4.22 7.94 6.16
2.8 4.4 7.72 6.12
2.88 4.92 7.44 6.36
2.84 3.82 7.86 5.68
2.82 4.54 7.78 6.32
2.88 5.02 7.24 6.26
2.88 4.26 7.74 6.0
2.86 4.26 7.38 5.64
2.82 4.5 7.5 6.0
2.72 3.5 8.74 6.24
2.84 4.68 7.72 6.4
2.98 5.04 7.56 6.6
2.82 4.36 8.0 6.36
2.82 4.58 6.98 5.56
2.82 5.24 6.88 6.12
2.8 4.28 7.84 6.12
2.7 3.38 8.76 6.14
2.74 3.86 7.7 5.56
2.82 4.7 6.46 5.16
2.8 4.02 7.8 5.82
2.84 4.54 7.8 6.34
2.82 4.68 7.46 6.14
2.8 4.56 7.58 6.14
2.86 3.98 7.6 5.58
2.82 4.36 7.48 5.84
2.88 5.0 7.1 6.1
2.84 4.26 8.02 6.28
2.8 3.84 7.76 5.6
2.84 4.48 7.02 5.5
2.82 4.3 7.8 6.1
2.68 3.42 8.6 6.02
2.86 3.98 7.82 5.8
2.74 4.28 7.86 6.14
2.86 4.72 6.68 5.4
2.78 4.0 7.82 5.82
2.72 3.8 7.72 5.52
2.74 4.54 7.94 6.48
2.8 4.16 7.52 5.68
2.8 3.8 8.0 5.8
2.72 4.12 8.16 6.28
2.92 4.5 7.92 6.42
2.82 3.76 7.86 5.62
2.88 4.16 7.8 5.96
2.66 3.24 8.6 5.84
2.72 4.32 7.7 6.02
2.74 4.4 7.28 5.68
2.82 3.48 8.14 5.62
2.82 4.6 7.68 6.28
2.82 3.7 8.64 6.34
2.82 3.78 8.56 6.34
2.86 4.96 6.72 5.68
2.72 4.26 7.74 6.0
2.82 4.1 8.22 6.32
2.86 3.72 7.58 5.3
2.8 4.62 6.7 5.32
2.92 4.8 6.76 5.56
2.7 3.3 8.9 6.2
2.8 4.0 7.82 5.82
2.92 3.9 7.82 5.72
2.8 4.02 8.0 6.02
2.74 3.98 8.78 6.76
2.9 4.94 6.48 5.42
2.68 3.78 8.18 5.96
2.86 4.12 7.64 5.76
2.88 4.42 7.68 6.1
2.84 3.68 8.28 5.96
2.74 4.46 8.2 6.66
2.88 4.0 8.1 6.1
2.92 3.98 7.76 5.74
2.84 4.36 7.28 5.64
2.86 3.88 8.56 6.44
2.82 3.9 8.38 6.28
2.88 4.46 7.3 5.76
2.82 3.58 9.1 6.68
2.88 4.72 7.26 5.98
2.8 4.78 7.54 6.32
2.86 3.8 8.26 6.06
2.76 3.9 7.9 5.8
2.76 4.38 7.38 5.76
2.76 4.56 7.96 6.52
2.88 4.06 7.84 5.9
2.76 3.74 8.44 6.18
2.86 4.28 7.48 5.76
2.86 3.8 8.04 5.84
2.64 3.48 8.16 5.64
2.92 5.24 6.7 5.94
2.78 4.54 7.82 6.36
2.7 3.92 8.08 6.0
2.78 4.24 7.46 5.7
2.84 4.02 7.48 5.5
2.86 4.72 7.42 6.14
2.82 4.42 7.74 6.16
2.94 4.1 7.74 5.84
2.72 4.26 7.38 5.64
2.86 4.28 7.58 5.86
2.84 4.3 7.5 5.8
2.84 4.16 6.96 5.12
2.8 3.7 8.4 6.1
2.76 4.46 7.46 5.92
2.8 3.72 8.12 5.84
2.86 4.74 7.2 5.94
2.82 4.44 7.92 6.36
2.94 4.54 7.8 6.34
2.94 4.36 7.34 5.7
2.74 3.46 8.38 5.84
2.84 4.32 7.5 5.82
2.8 3.56 8.76 6.32
2.7 3.96 8.08 6.04
2.88 4.76 7.44 6.2
2.74 3.82 8.08 5.9
2.8 4.0 7.92 5.92
2.8 4.54 8.04 6.58
2.88 4.16 7.42 5.58
2.78 3.88 7.72 5.6
2.82 4.62 7.68 6.3
2.78 4.02 7.68 5.7
2.84 3.92 7.98 5.9
2.92 4.82 7.08 5.9
2.86 4.0 7.3 5.3
2.74 4.84 7.02 5.86
2.74 3.18 8.98 6.16
2.8 3.58 8.44 6.02
2.84 4.08 7.36 5.44
2.82 4.66 7.22 5.88
2.72 4.38 7.92 6.3
2.86 3.68 8.32 6.0
2.76 3.3 8.64 5.94
2.84 4.88 7.52 6.4
2.72 4.08 7.58 5.66
2.7 3.66 8.08 5.74
2.78 4.76 7.24 6.0
2.76 3.98 7.6 5.58
2.72 4.1 7.78 5.88
2.9 4.28 7.98 6.26
2.8 4.72 6.7 5.42
2.72 3.92 7.78 5.7
2.86 3.56 8.46 6.02
2.8 4.08 8.18 6.26
2.76 3.88 7.78 5.66
2.88 4.24 7.38 5.62
2.86 4.24 8.36 6.6
2.68 3.96 7.94 5.9
2.84 3.78 7.54 5.32
2.86 4.8 7.1 5.9
2.74 3.66 8.14 5.8
2.86 4.0 8.06 6.06
2.9 5.44 6.42 5.86
2.86 4.08 7.82 5.9
2.84 4.64 7.46 6.1
2.78 4.18 7.68 5.86
2.84 4.14 7.86 6.0
2.78 3.62 8.1 5.72
2.74 3.96 7.5 5.46
2.8 3.74 8.66 6.4
2.9 4.84 6.76 5.6
2.8 4.2 8.16 6.36
2.84 4.36 7.36 5.72
2.76 3.58 8.26 5.84
2.84 4.08 7.68 5.76
2.82 4.2 7.44 5.64
2.82 4.12 7.82 5.94
2.88 4.46 8.18 6.64
2.86 4.38 7.46 5.84
2.78 3.68 7.84 5.52
2.78 4.18 7.12 5.3
2.9 4.8 7.2 6.0
2.8 4.4 7.44 5.84
2.78 3.98 7.84 5.82
2.74 3.58 8.4 5.98
2.86 4.34 7.4 5.74
2.84 3.88 7.64 5.52
2.92 4.2 6.78 4.98
2.86 4.32 7.08 5.4
2.74 3.6 8.56 6.16
2.84 4.74 7.0 5.74
2.9 5.46 6.78 6.24
2.68 3.98 8.16 6.14
2.82 4.02 7.94 5.96
2.9 4.34 7.46 5.8
2.92 4.58 7.46 6.04
2.82 4.84 7.5 6.34
2.9 3.94 7.56 5.5
2.84 4.18 7.2 5.38
2.8 3.86 7.8 5.66
2.86 4.1 7.78 5.88
2.8 3.42 8.76 6.18
2.86 3.92 7.32 5.24
2.8 4.2 7.88 6.08
2.84 4.52 7.7 6.22
2.86 4.68 6.9 5.58
2.9 4.36 7.6 5.96
2.88 4.68 7.36 6.04
2.78 4.96 6.38 5.34
2.84 4.26 7.34 5.6
2.84 4.64 7.5 6.14
2.76 4.26 7.96 6.22
2.94 4.86 7.32 6.18
2.88 4.82 7.12 5.94
2.8 4.38 7.54 5.92
2.82 3.92 8.0 5.92
2.72 3.64 8.34 5.98
2.84 4.1 7.88 5.98
2.9 3.52 7.9 5.42
2.68 4.92 7.32 6.24
2.82 4.42 7.38 5.8
2.8 4.14 7.76 5.9
2.84 4.44 7.64 6.08
2.84 4.4 7.54 5.94
2.82 4.56 7.54 6.1
2.92 4.76 6.96 5.72
2.74 4.16 7.62 5.78
2.88 4.68 7.3 5.98
2.84 4.72 7.58 6.3
2.9 4.62 7.04 5.66
2.72 3.54 8.6 6.14
2.78 4.32 7.2 5.52
2.62 3.26 8.92 6.18
2.86 5.24 7.38 6.62
2.82 4.92 6.84 5.76
2.78 4.24 7.48 5.72
2.74 3.72 8.68 6.4
2.86 4.22 7.34 5.56
2.74 3.94 8.08 6.02
2.76 3.96 7.8 5.76
2.78 4.5 7.7 6.2
2.82 4.06 7.8 5.86
2.84 3.96 7.96 5.92
2.76 4.2 8.0 6.2
2.7 3.8 7.84 5.64
2.82 4.48 6.94 5.42
2.9 4.2 7.94 6.14
2.78 3.96 7.78 5.74
2.92 4.76 7.44 6.2
2.82 4.2 7.7 5.9
2.82 4.64 7.16 5.8
2.86 4.66 7.54 6.2
2.7 3.68 8.48 6.16
2.9 4.44 7.16 5.6
2.8 4.0 7.86 5.86
2.92 4.4 7.26 5.66
2.9 4.4 7.36 5.76
2.88 5.88 6.34 6.22
2.9 4.3 7.64 5.94
2.92 5.04 6.38 5.42
2.82 3.96 7.78 5.74
2.82 2.96 8.7 5.66
2.84 4.4 7.28 5.68
2.86 4.88 7.12 6.0
2.78 3.54 7.98 5.52
2.72 3.94 7.92 5.86
2.82 4.02 7.52 5.54
2.74 3.78 8.32 6.1
2.86 3.98 7.9 5.88
2.76 4.52 7.16 5.68
2.72 4.38 7.86 6.24
2.78 4.1 7.62 5.72
2.88 4.0 7.98 5.98
2.8 3.78 8.16 5.94
2.86 4.6 7.22 5.82
2.82 3.5 8.92 6.42
2.74 3.32 8.8 6.12
2.88 4.46 7.92 6.38
2.74 3.76 8.14 5.9
2.78 4.34 7.72 6.06
2.82 3.66 8.56 6.22
2.86 4.64 6.84 5.48
2.68 3.0 9.0 6.0
2.76 4.12 7.32 5.44
2.86 4.18 7.8 5.98
2.76 3.4 8.42 5.82
2.7 4.48 8.42 6.9
2.78 4.18 7.92 6.1
2.78 3.64 8.36 6.0
2.7 3.78 8.18 5.96
2.78 4.72 7.16 5.88
2.8 4.62 7.18 5.8
2.78 3.84 8.02 5.86
2.84 4.7 7.4 6.1
2.92 4.68 7.02 5.7
2.86 4.04 7.44 5.48
2.86 3.46 9.02 6.48
2.84 4.22 8.42 6.64
2.94 3.8 8.26 6.06
2.7 4.44 7.62 6.06
2.9 3.74 8.06 5.8
2.82 4.5 7.3 5.8
2.8 4.4 7.58 5.98
2.92 4.72 7.16 5.88
2.84 4.08 7.6 5.68
2.88 4.0 7.28 5.28
2.78 3.7 7.62 5.32
2.84 4.4 7.9 6.3
2.78 4.84 7.0 5.84
2.8 3.78 7.54 5.32
2.74 3.7 8.34 6.04
2.8 4.54 7.42 5.96
2.9 5.06 6.36 5.42
2.88 4.3 7.94 6.24
2.76 4.08 7.58 5.66
2.74 4.12 7.92 6.04
2.86 3.92 7.16 5.08
2.86 5.2 6.98 6.18
2.82 3.62 8.9 6.52
2.86 5.58 6.54 6.12
2.82 3.46 8.08 5.54
2.74 3.84 8.12 5.96
2.8 4.24 7.36 5.6
2.8 3.96 8.5 6.46
2.76 4.12 7.24 5.36
2.86 4.24 8.04 6.28
2.84 4.16 7.92 6.08
2.9 4.84 6.78 5.62
2.84 5.1 7.24 6.34
2.62 3.66 8.6 6.26
2.9 4.24 7.8 6.04
2.82 3.9 8.4 6.3
2.72 3.6 8.56 6.16
2.8 4.86 6.96 5.82
2.76 4.08 8.28 6.36
2.84 4.4 7.64 6.04
2.78 3.98 7.56 5.54
2.82 4.12 7.9 6.02
2.74 4.28 7.8 6.08
2.76 4.16 7.82 5.98
2.86 4.28 8.14 6.42
2.9 4.42 7.72 6.14
2.84 3.7 7.7 5.4
2.86 4.54 7.82 6.36
2.68 3.3 8.48 5.78
2.82 4.72 7.58 6.3
2.72 3.64 8.84 6.48
2.76 3.84 7.98 5.82
2.76 3.26 8.7 5.96
2.72 3.74 8.52 6.26
2.82 4.04 7.76 5.8
2.82 3.46 8.58 6.04
2.86 4.44 7.38 5.82
2.86 3.84 7.58 5.42
2.74 3.6 8.42 6.02
2.76 4.84 7.32 6.16
2.94 4.5 7.3 5.8
2.96 4.66 7.04 5.7
2.74 4.32 7.64 5.96
2.8 3.82 8.2 6.02
2.74 4.22 7.74 5.96
2.88 4.56 7.28 5.84
2.78 4.98 7.28 6.26
2.86 4.32 7.4 5.72
2.82 4.44 7.4 5.84
2.86 3.86 7.5 5.36
2.86 4.12 7.9 6.02
2.72 4.0 8.16 6.16
2.9 3.98 7.52 5.5
2.78 4.74 7.52 6.26
2.86 4.22 7.86 6.08
2.74 4.4 7.46 5.86
2.7 3.58 8.34 5.92
2.78 4.22 7.62 5.84
2.9 4.3 7.4 5.7
2.78 3.8 8.38 6.18
2.7 3.8 8.42 6.22
2.86 4.3 7.84 6.14
2.78 3.5 9.04 6.54
2.7 4.02 8.16 6.18
2.8 4.7 6.98 5.68
2.82 5.0 7.38 6.38
2.76 3.2 8.58 5.78
2.74 4.06 7.48 5.54
2.78 4.16 8.02 6.18
2.78 3.44 8.42 5.86
2.84 4.22 7.34 5.56
2.82 4.56 6.96 5.52
2.7 4.02 8.38 6.4
2.9 4.06 7.88 5.94
2.84 4.62 7.22 5.84
2.74 3.68 8.3 5.98
2.78 4.4 7.82 6.22
2.8 3.56 7.84 5.4
2.76 3.92 8.1 6.02
2.76 3.42 9.44 6.86
2.88 4.58 7.98 6.56
2.74 3.64 8.02 5.66
2.78 3.7 8.54 6.24
2.88 4.36 7.48 5.84
2.82 4.58 7.02 5.6
2.86 3.98 7.56 5.54
2.72 4.46 8.3 6.76
2.92 4.88 6.32 5.2
2.66 4.38 8.06 6.44
2.82 5.18 7.26 6.44
2.86 4.2 7.68 5.88
2.86 4.1 7.54 5.64
2.74 3.76 7.74 5.5
2.84 4.56 7.36 5.92
2.74 4.62 7.98 6.6
2.82 4.4 7.3 5.7
2.9 4.54 7.82 6.36
2.84 4.62 7.08 5.7
2.82 4.22 7.8 6.02
2.9 4.3 6.98 5.28
2.84 4.32 8.18 6.5
2.88 4.48 7.16 5.64
2.86 4.7 6.74 5.44
2.86 4.28 7.38 5.66
2.8 4.1 8.22 6.32
2.78 3.52 8.2 5.72
2.78 4.78 7.22 6.0
2.84 3.16 8.4 5.56
2.82 4.48 7.3 5.78
2.88 5.02 6.92 5.94
2.94 4.88 6.4 5.28
2.78 4.68 7.16 5.84
2.78 4.62 7.58 6.2
2.84 3.76 7.64 5.4
2.92 4.24 7.06 5.3
2.92 3.98 6.58 4.56
2.76 4.52 7.7 6.22
2.9 4.34 7.58 5.92
2.84 4.32 7.96 6.28
2.76 3.9 8.1 6.0
2.82 3.94 7.78 5.72
2.72 3.76 8.12 5.88
2.92 3.7 8.18 5.88
2.88 4.68 7.52 6.2
2.84 4.12 8.1 6.22
2.7 3.86 7.74 5.6
2.82 4.38 7.74 6.12
2.92 4.02 8.22 6.24
2.8 4.06 7.52 5.58
2.8 3.88 7.76 5.64
2.74 4.34 7.74 6.08
2.9 4.46 7.46 5.92
2.84 4.24 7.98 6.22
2.8 4.64 7.72 6.36
2.78 4.68 7.24 5.92
2.82 4.38 6.8 5.18
2.88 4.82 7.16 5.98
2.84 4.48 7.16 5.64
2.86 3.5 8.84 6.34
2.76 4.08 7.96 6.04
2.86 4.14 7.92 6.06
2.82 4.92 6.68 5.6
2.86 4.42 7.82 6.24
2.78 3.58 8.2 5.78
2.8 3.9 7.88 5.78
2.78 4.54 7.68 6.22
2.86 4.22 7.36 5.58
2.84 4.94 7.44 6.38
2.8 3.82 7.7 5.52
2.86 4.58 7.26 5.84
2.88 4.24 7.56 5.8
2.76 4.7 7.3 6.0
2.66 3.9 8.66 6.56
2.9 4.36 7.74 6.1
2.94 4.3 7.54 5.84
2.8 4.14 7.8 5.94
2.94 4.66 7.44 6.1
2.84 4.48 7.38 5.86
2.88 4.62 6.78 5.4
2.78 4.32 7.54 5.86
2.84 4.22 7.78 6.0
2.88 3.96 8.02 5.98
2.82 4.44 7.14 5.58
2.92 4.46 7.92 6.38
2.82 4.28 7.78 6.06
2.92 4.72 6.98 5.7
2.88 4.48 7.28 5.76
2.78 4.1 7.54 5.64
2.76 4.06 8.14 6.2
2.84 3.68 7.82 5.5
2.84 3.98 7.5 5.48
2.86 4.34 7.98 6.32
2.88 4.54 7.06 5.6
2.88 4.14 7.76 5.9
2.8 4.26 7.48 5.74
2.78 4.48 8.12 6.6
2.74 3.66 7.9 5.56
2.8 3.78 7.56 5.34
2.7 4.1 7.78 5.88
2.88 3.98 8.08 6.06
2.8 4.02 7.78 5.8
2.84 4.38 7.88 6.26
2.84 4.38 8.18 6.56
2.9 4.62 7.0 5.62
2.74 4.2 8.1 6.3
2.82 4.36 7.58 5.94
2.84 4.32 7.32 5.64
2.74 4.34 7.82 6.16
2.8 4.0 8.44 6.44
2.82 4.04 8.16 6.2
2.8 4.44 7.56 6.0
2.78 3.38 8.04 5.42
2.82 4.0 7.66 5.66
2.9 5.0 7.0 6.0
2.86 4.6 7.6 6.2
2.8 3.56 8.84 6.4
2.86 4.14 7.78 5.92
2.68 4.54 7.42 5.96
2.9 4.64 7.24 5.88
2.68 3.6 8.32 5.92
2.82 4.54 7.82 6.36
2.76 4.04 7.16 5.2
2.78 4.38 7.62 6.0
2.76 3.4 8.58 5.98
2.7 3.36 8.3 5.66
2.78 3.92 7.66 5.58
2.82 4.2 7.88 6.08
2.88 3.92 8.46 6.38
2.88 4.4 7.46 5.86
2.7 3.3 8.94 6.24
2.86 4.8 7.02 5.82
2.8 3.72 7.84 5.56
2.9 4.32 7.54 5.86
2.78 3.46 8.62 6.08
2.8 3.6 8.42 6.02
2.7 3.82 8.4 6.22
2.74 4.02 8.18 6.2
2.72 3.88 8.32 6.2
2.74 3.6 8.34 5.94
2.88 3.82 7.76 5.58
2.8 4.54 7.82 6.36
2.74 3.46 8.6 6.06
2.88 4.94 7.02 5.96
2.84 4.52 8.0 6.52
2.8 3.54 8.02 5.56
2.72 3.84 7.9 5.74
2.92 4.62 7.4 6.02
2.9 4.7 7.36 6.06
2.72 3.68 8.42 6.1
2.94 5.62 6.56 6.18
2.86 4.44 7.8 6.24
2.84 4.2 7.2 5.4
2.8 4.24 7.98 6.22
2.74 3.88 8.18 6.06
2.82 4.56 6.66 5.22
2.76 4.34 7.82 6.16
2.9 4.56 7.0 5.56
2.76 3.96 8.1 6.06
2.78 4.1 7.52 5.62
2.68 4.0 8.1 6.1
2.82 4.72 7.36 6.08
2.78 3.98 8.1 6.08
2.84 4.2 7.78 5.98
2.78 3.52 8.54 6.06
2.9 4.3 7.72 6.02
2.88 4.38 7.5 5.88
2.82 4.28 7.46 5.74
2.86 5.04 7.2 6.24
2.82 4.38 7.34 5.72
2.76 4.2 8.24 6.44
2.9 4.74 7.3 6.04
2.82 4.66 7.66 6.32
2.72 4.22 7.68 5.9
2.86 3.78 8.06 5.84
2.76 3.68 8.68 6.36
2.88 4.44 7.5 5.94
2.86 5.12 6.62 5.74
2.94 4.66 7.16 5.82
2.8 4.78 7.1 5.88
2.9 4.38 7.26 5.64
2.72 3.58 8.04 5.62
2.94 4.28 7.7 5.98
2.7 4.32 7.8 6.12
2.76 4.3 7.18 5.48
2.8 4.62 6.82 5.44
2.88 4.68 7.36 6.04
2.8 5.18 6.24 5.42
2.74 3.92 7.96 5.88
2.86 3.42 9.02 6.44
2.78 3.8 8.36 6.16
2.78 3.76 8.26 6.02
2.82 3.86 8.28 6.14
2.74 4.04 7.54 5.58
2.76 3.24 8.56 5.8
2.9 4.22 7.6 5.82
2.9 3.86 7.62 5.48
2.82 4.18 8.1 6.28
2.78 3.3 8.7 6.0
2.8 3.54 8.28 5.82
2.88 4.48 7.6 6.08
2.82 4.36 7.04 5.4
2.8 3.92 7.76 5.68
2.84 4.1 8.42 6.52
2.78 3.96 7.86 5.82
2.84 4.8 7.02 5.82
2.84 4.48 7.58 6.06
2.72 3.54 8.74 6.28
2.86 4.36 8.12 6.48
2.7 3.32 8.14 5.46
2.84 4.38 7.26 5.64
2.78 4.04 8.48 6.52
2.78 4.12 7.96 6.08
2.9 4.08 7.52 5.6
2.82 4.46 7.62 6.08
2.76 4.42 7.66 6.08
2.84 3.82 7.8 5.62
2.8 4.14 7.58 5.72
2.8 4.4 7.74 6.14
2.94 4.66 7.58 6.24
2.82 4.18 7.84 6.02
2.8 4.54 7.78 6.32
2.82 4.94 6.68 5.62
2.8 4.04 7.78 5.82
2.84 4.88 7.3 6.18
2.66 3.04 8.96 6.0
2.84 4.28 7.64 5.92
2.72 4.18 8.14 6.32
2.86 4.54 6.92 5.46
2.8 3.88 8.36 6.24
2.72 4.6 8.06 6.66
2.78 4.22 7.96 6.18
2.76 4.24 7.72 5.96
2.94 4.1 7.52 5.62
2.86 4.24 7.68 5.92
2.72 4.16 7.22 5.38
2.88 4.28 6.72 5.0
2.76 4.08 7.76 5.84
2.78 3.62 7.9 5.52
2.92 4.46 7.34 5.8
2.82 3.64 8.8 6.44
2.82 4.9 6.84 5.74
2.84 3.9 7.98 5.88
2.74 3.62 8.28 5.9
2.76 4.4 7.66 6.06
2.78 3.68 7.74 5.42
2.86 3.44 8.4 5.84
2.8 4.12 7.22 5.34
2.86 3.84 7.9 5.74
2.86 4.76 7.84 6.6
2.82 4.7 7.76 6.46
2.9 4.9 6.98 5.88
2.88 3.82 7.64 5.46
2.84 4.24 7.66 5.9
2.76 3.86 8.2 6.06
2.76 4.14 7.74 5.88
2.78 4.1 8.08 6.18
2.84 3.34 8.0 5.34
2.8 4.92 7.68 6.6
2.82 4.38 7.1 5.48
2.88 4.6 7.14 5.74
2.78 4.46 7.5 5.96
2.8 3.92 8.1 6.02
2.82 4.94 6.76 5.7
2.82 4.08 8.04 6.12
2.7 4.86 7.42 6.28
2.88 4.98 6.96 5.94
2.76 4.32 7.4 5.72
2.78 3.5 8.72 6.22
2.88 4.92 6.92 5.84
2.82 4.82 7.22 6.04
2.88 5.0 6.92 5.92
2.7 3.38 8.86 6.24
2.8 4.54 7.64 6.18
2.74 3.68 8.3 5.98
2.74 4.22 7.92 6.14
2.88 3.44 8.36 5.8
2.78 4.0 7.68 5.68
2.74 4.18 8.04 6.22
2.82 4.64 7.36 6.0
2.68 2.96 9.3 6.26
2.78 3.86 7.84 5.7
2.78 3.8 8.0 5.8
2.8 4.48 7.84 6.32
2.86 3.78 7.86 5.64
2.88 4.76 7.26 6.02
2.76 4.16 7.86 6.02
2.9 3.86 7.72 5.58
2.74 4.2 7.52 5.72
2.72 3.7 8.2 5.9
2.82 4.14 7.58 5.72
2.88 4.88 7.1 5.98
2.82 3.92 8.34 6.26
2.66 3.94 7.94 5.88
2.82 3.76 7.8 5.56
2.84 3.34 8.22 5.56
2.8 4.0 7.72 5.72
2.82 3.5 7.78 5.28
2.84 4.26 7.36 5.62
2.82 4.32 7.68 6.0
2.86 3.64 8.4 6.04
2.88 4.02 7.68 5.7
2.82 4.14 7.34 5.48
2.88 5.22 6.58 5.8
2.84 4.9 7.4 6.3
2.78 3.9 8.34 6.24
2.84 3.7 8.08 5.78
2.88 4.78 7.12 5.9
2.86 4.0 7.86 5.86
2.82 4.82 7.1 5.92
2.9 5.0 7.0 6.0
2.74 4.84 7.5 6.34
2.86 3.96 8.32 6.28
2.76 4.54 7.32 5.86
2.8 4.72 7.38 6.1
2.78 4.66 7.16 5.82
2.74 4.04 8.04 6.08
2.9 4.76 7.06 5.82
2.84 4.34 7.26 5.6
2.9 4.52 6.82 5.34
2.88 5.04 7.02 6.06
2.76 3.82 7.96 5.78
2.84 4.16 7.76 5.92
2.9 4.34 7.88 6.22
2.88 4.66 6.94 5.6
2.8 4.62 7.92 6.54
2.7 3.94 8.22 6.16
2.84 3.52 7.92 5.44
2.78 4.9 6.98 5.88
2.8 3.76 7.86 5.62
2.98 4.78 7.5 6.28
2.7 4.12 8.06 6.18
2.9 3.96 7.9 5.86
2.78 4.68 7.08 5.76
2.72 3.82 7.56 5.38
2.82 3.66 8.14 5.8
2.76 4.34 7.82 6.16
2.82 4.34 7.88 6.22
2.84 4.32 7.5 5.82
2.86 3.82 8.18 6.0
2.9 4.26 7.16 5.42
2.86 4.5 7.58 6.08
2.82 3.74 8.12 5.86
2.88 4.06 8.22 6.28
2.82 4.1 7.5 5.6
2.86 4.26 8.0 6.26
2.76 4.98 7.24 6.22
2.86 3.98 7.76 5.74
2.82 4.12 8.34 6.46
2.84 4.04 7.36 5.4
2.86 4.86 7.04 5.9
2.7 3.78 7.84 5.62
2.9 4.58 7.74 6.32
2.72 4.0 8.0 6.0
2.86 4.5 7.52 6.02
2.88 4.26 7.46 5.72
2.88 4.7 7.08 5.78
2.76 4.64 7.42 6.06
2.94 3.36 8.72 6.08
2.76 3.46 8.4 5.86
2.78 4.1 7.74 5.84
2.82 4.38 8.14 6.52
2.78 4.44 7.54 5.98
2.74 4.22 7.44 5.66
2.88 4.84 6.96 5.8
2.76 3.64 8.24 5.88
2.88 4.16 7.46 5.62
2.82 4.58 7.68 6.26
2.74 4.56 7.96 6.52
2.82 3.74 7.86 5.6
2.86 3.98 7.52 5.5
2.84 4.22 8.02 6.24
2.72 3.7 7.88 5.58
2.76 4.6 7.26 5.86
2.76 3.6 8.22 5.82
2.86 4.7 7.32 6.02
2.74 4.0 7.7 5.7
2.8 3.9 7.72 5.62
2.74 3.74 7.96 5.7
2.88 4.06 7.44 5.5
2.74 4.06 7.62 5.68
2.8 3.92 7.64 5.56
2.88 4.7 7.56 6.26
2.74 3.68 8.26 5.94
2.92 4.0 7.48 5.48
2.8 5.18 7.44 6.62
2.88 4.7 7.04 5.74
2.86 3.56 8.36 5.92
2.9 3.5 8.52 6.02
2.8 4.4 8.12 6.52
2.78 3.44 8.44 5.88
2.74 4.22 8.06 6.28
2.86 5.16 6.76 5.92
2.84 4.52 7.46 5.98
2.84 3.88 8.42 6.3
2.72 3.76 8.12 5.88
2.76 3.72 8.5 6.22
2.84 5.28 6.38 5.66
2.76 3.58 8.54 6.12
2.88 4.78 6.78 5.56
2.88 4.3 7.34 5.64
2.86 5.2 6.64 5.84
2.84 3.94 8.04 5.98
2.92 5.06 6.56 5.62
2.74 3.96 8.0 5.96
2.64 3.8 8.38 6.18
2.8 4.2 8.16 6.36
2.8 4.66 7.0 5.66
2.84 4.08 8.14 6.22
2.88 4.68 8.0 6.68
2.82 4.4 7.66 6.06
2.84 4.28 8.3 6.58
2.64 3.84 8.14 5.98
2.88 5.04 6.78 5.82
2.82 4.28 7.96 6.24
2.84 5.1 7.34 6.44
2.84 4.42 7.38 5.8
2.8 4.28 7.82 6.1
2.86 4.54 7.68 6.22
2.82 3.6 8.54 6.14
2.9 4.78 7.24 6.02
2.88 4.44 7.98 6.42
2.82 3.94 8.26 6.2
2.92 5.66 6.1 5.76
2.86 3.9 8.2 6.1
2.8 4.64 6.9 5.54
2.82 4.72 7.62 6.34
2.86 3.9 8.08 5.98
2.78 3.82 8.16 5.98
2.8 4.56 7.08 5.64
2.88 4.88 7.18 6.06
2.8 4.0 7.38 5.38
2.78 3.92 7.44 5.36
2.84 4.56 7.72 6.28
2.76 3.66 8.02 5.68
2.8 4.3 7.46 5.76
2.78 4.46 7.74 6.2
2.8 4.9 7.68 6.58
2.74 3.64 8.42 6.06
2.8 3.52 8.32 5.84
2.78 4.3 7.9 6.2
2.76 3.54 8.44 5.98
2.72 3.52 8.58 6.1
2.9 4.4 7.82 6.22
2.74 4.84 7.2 6.04
2.74 3.98 7.84 5.82
2.82 4.4 7.54 5.94
2.76 3.58 8.86 6.44
2.76 4.16 8.36 6.52
2.78 4.34 7.18 5.52
2.84 4.94 7.24 6.18
2.92 4.24 7.74 5.98
2.76 4.1 7.6 5.7
2.7 4.5 7.68 6.18
2.8 3.68 7.74 5.42
2.86 4.8 6.98 5.78
2.88 4.38 7.78 6.16
2.9 3.82 7.82 5.64
2.76 4.06 8.0 6.06
2.74 4.42 7.1 5.52
2.92 4.68 7.28 5.96
2.84 5.1 7.78 6.88
2.86 3.56 8.74 6.3
2.84 4.76 7.44 6.2
2.88 4.4 7.32 5.72
2.78 4.8 7.08 5.88
2.72 3.5 8.08 5.58
2.74 4.16 8.14 6.3
2.9 4.72 7.86 6.58
2.8 4.54 7.68 6.22
2.74 3.52 8.24 5.76
2.84 3.8 7.7 5.5
2.94 5.16 7.16 6.32
2.76 4.14 7.74 5.88
2.78 5.16 7.56 6.72
2.9 4.34 7.22 5.56
2.86 4.14 7.88 6.02
2.8 4.52 7.76 6.28
2.88 4.54 7.18 5.72
2.84 4.7 6.82 5.52
2.84 4.74 7.48 6.22
2.84 3.54 8.16 5.7
2.74 4.0 8.12 6.12
2.82 4.14 7.5 5.64
2.8 4.0 8.0 6.0
2.8 3.84 8.06 5.9
2.74 4.38 7.34 5.72
2.8 3.94 8.04 5.98
2.86 5.1 7.22 6.32
2.74 3.98 8.08 6.06
2.76 4.1 7.82 5.92
2.86 4.74 6.54 5.28
2.84 4.62 7.64 6.26
2.78 4.04 7.32 5.36
2.84 4.5 7.26 5.76
2.8 4.06 8.34 6.4
2.8 4.76 7.4 6.16
2.82 4.38 7.68 6.06
2.86 4.0 8.38 6.38
2.74 3.64 8.2 5.84
2.8 4.82 6.8 5.62
2.88 4.36 7.52 5.88
2.72 3.64 7.78 5.42
2.76 4.16 8.1 6.26
2.88 3.86 8.34 6.2
2.8 4.02 8.26 6.28
2.8 4.38 7.88 6.26
2.92 4.96 6.9 5.86
2.94 4.12 8.38 6.5
2.76 3.98 7.86 5.84
2.76 4.14 7.88 6.02
2.82 3.98 8.04 6.02
2.82 3.66 7.86 5.52
2.82 4.34 7.24 5.58
2.74 4.12 7.78 5.9
2.84 3.68 7.96 5.64
2.58 4.1 8.24 6.34
2.86 4.64 7.56 6.2
2.78 3.58 8.1 5.68
2.82 4.4 7.62 6.02
2.64 3.52 8.32 5.84
2.88 3.7 7.82 5.52
2.86 3.82 8.4 6.22
2.94 4.06 7.62 5.68
2.82 3.9 7.76 5.66
2.86 4.08 7.9 5.98
2.88 5.48 6.66 6.14
2.76 3.16 8.16 5.32
2.86 4.16 7.6 5.76
2.84 4.0 8.44 6.44
2.78 4.86 6.84 5.7
2.72 4.38 7.48 5.86
2.78 3.96 7.96 5.92
2.74 4.18 7.74 5.92
2.9 4.92 7.2 6.12
2.82 4.74 7.32 6.06
2.84 4.04 7.32 5.36
2.88 4.26 8.06 6.32
2.7 4.72 7.62 6.34
2.76 3.94 8.14 6.08
2.74 4.1 8.4 6.5
2.72 4.28 7.76 6.04
2.8 4.84 6.86 5.7
2.76 3.7 7.94 5.64
2.82 4.14 7.28 5.42
2.86 4.42 7.94 6.36
2.8 3.86 8.1 5.96
2.92 5.54 6.88 6.42
2.76 3.54 8.72 6.26
2.82 3.52 8.02 5.54
2.8 4.18 7.82 6.0
2.7 4.72 7.32 6.04
2.82 3.64 8.6 6.24
2.9 4.54 7.12 5.66
2.84 4.92 6.76 5.68
2.82 4.54 7.56 6.1
2.68 3.86 8.28 6.14
2.72 3.8 8.18 5.98
2.72 4.54 7.92 6.46
2.94 4.6 7.48 6.08
2.76 4.28 7.82 6.1
2.82 3.86 7.9 5.76
2.74 4.38 7.8 6.18
2.88 4.74 6.72 5.46
2.88 4.98 7.36 6.34
2.86 4.6 6.96 5.56
2.86 4.88 7.14 6.02
2.84 4.52 7.5 6.02
2.78 4.16 8.12 6.28
2.8 3.94 8.4 6.34
2.78 4.18 7.72 5.9
2.76 4.46 7.02 5.48
2.76 3.92 7.64 5.56
2.76 4.48 7.4 5.88
2.94 4.8 7.16 5.96
2.82 4.06 8.04 6.1
2.8 4.22 7.88 6.1
2.84 4.56 8.12 6.68
2.8 3.78 7.94 5.72
2.86 4.04 7.32 5.36
2.68 3.86 8.24 6.1
2.9 4.98 7.16 6.14
2.8 4.08 7.56 5.64
2.86 4.1 7.94 6.04
2.82 3.94 7.88 5.82
2.78 3.74 7.82 5.56
2.8 4.12 7.76 5.88
2.9 4.54 7.34 5.88
2.84 4.2 7.18 5.38
2.84 5.16 7.24 6.4
2.94 3.94 8.1 6.04
2.8 4.2 8.0 6.2
2.86 4.08 7.82 5.9
2.68 3.4 8.3 5.7
2.8 4.1 7.84 5.94
2.86 4.44 7.36 5.8
2.72 3.46 8.44 5.9
2.72 3.8 7.62 5.42
2.92 4.02 7.2 5.22
2.8 5.04 6.34 5.38
2.74 3.96 8.46 6.42
2.82 4.42 7.12 5.54
2.84 3.92 7.52 5.44
2.8 4.04 7.82 5.86
2.82 4.76 7.26 6.02
2.82 3.64 8.12 5.76
2.9 3.98 7.78 5.76
2.78 3.88 7.94 5.82
2.78 4.0 8.06 6.06
2.74 5.36 6.96 6.32
2.68 4.04 8.14 6.18
2.82 4.2 7.44 5.64
2.76 3.86 8.1 5.96
2.88 4.92 6.98 5.9
2.7 3.84 7.8 5.64
2.78 3.78 8.28 6.06
2.88 4.0 7.78 5.78
2.82 3.92 7.88 5.8
2.84 3.78 8.14 5.92
2.82 3.9 8.38 6.28
2.92 4.46 7.04 5.5
2.78 4.42 7.52 5.94
2.82 4.2 7.6 5.8
2.88 4.26 8.06 6.32
2.84 4.12 7.92 6.04
2.9 4.56 7.3 5.86
2.84 3.78 7.72 5.5
2.82 3.52 8.44 5.96
2.88 4.8 7.54 6.34
2.76 4.2 8.1 6.3
2.84 3.92 8.52 6.44
2.82 4.56 7.32 5.88
2.84 4.98 6.6 5.58
2.64 3.5 8.64 6.14
2.82 4.0 8.48 6.48
2.74 4.28 7.7 5.98
2.74 3.66 8.86 6.52
2.86 4.28 7.5 5.78
2.78 3.92 8.22 6.14
2.8 4.22 8.34 6.56
2.84 3.62 8.52 6.14
2.82 3.3 8.46 5.76
2.8 4.44 7.74 6.18
2.74 3.6 8.16 5.76
2.8 4.6 7.42 6.02
2.82 4.46 6.78 5.24
2.74 3.74 8.1 5.84
2.82 4.08 7.82 5.9
2.8 4.18 7.86 6.04
2.66 3.8 8.28 6.08
2.74 4.14 7.86 6.0
2.84 4.98 7.32 6.3
2.84 4.54 7.14 5.68
2.78 3.58 7.88 5.46
2.82 4.46 7.1 5.56
2.76 3.8 8.02 5.82
2.76 4.38 7.4 5.78
2.84 3.98 8.28 6.26
2.76 3.56 8.58 6.14
2.74 4.52 7.58 6.1
2.86 3.94 8.08 6.02
2.82 4.04 7.98 6.02
2.84 4.16 7.26 5.42
2.84 4.52 7.8 6.32
2.92 4.58 6.98 5.56
2.92 5.14 6.92 6.06
2.92 4.18 7.44 5.62
2.84 4.72 6.98 5.7
2.88 4.36 7.78 6.14
2.86 4.14 7.78 5.92
2.8 3.82 8.34 6.16
2.82 4.06 7.96 6.02
2.86 4.48 7.2 5.68
2.72 3.62 8.32 5.94
2.78 4.6 7.48 6.08
2.94 4.98 7.3 6.28
2.84 3.78 7.92 5.7
2.88 3.94 7.92 5.86
2.84 3.74 7.96 5.7
2.84 3.88 8.34 6.22
2.9 3.86 8.12 5.98
2.68 3.94 8.64 6.58
2.8 4.52 7.16 5.68
2.84 4.76 7.48 6.24
2.82 4.74 6.68 5.42
2.8 4.68 7.64 6.32
2.76 4.8 7.42 6.22
2.74 3.58 7.78 5.36
2.74 3.7 8.46 6.16
2.64 4.62 7.1 5.72
2.86 4.08 7.42 5.5
2.8 3.8 8.34 6.14
2.74 3.68 8.32 6.0
2.8 3.78 8.02 5.8
2.7 4.18 7.9 6.08
2.84 4.72 7.1 5.82
2.98 5.08 6.52 5.6
2.86 4.62 7.56 6.18
2.88 4.28 7.54 5.82
2.84 4.12 8.04 6.16
2.8 4.0 7.9 5.9
2.812804 4.20122 7.733868 5.935088
