1.76 2.6 3.28 1.88
1.82 2.8 3.04 1.84
1.76 2.82 2.86 1.68
1.86 2.58 3.32 1.9
1.8 3.08 2.86 1.94
1.84 2.8 3.12 1.92
1.84 2.46 3.32 1.78
1.78 3.34 2.56 1.9
1.84 3.02 3.0 2.02
1.84 2.76 3.14 1.9
1.86 2.74 3.2 1.94
1.92 2.7 3.34 2.04
1.82 2.8 3.02 1.82
1.7 2.68 2.96 1.64
1.8 2.78 3.24 2.02
1.86 2.64 3.62 2.26
1.74 2.68 3.22 1.9
1.82 2.76 3.18 1.94
1.78 2.96 2.84 1.8
1.82 2.86 3.06 1.92
1.7 2.74 2.9 1.64
1.7 2.44 3.08 1.52
1.9 2.18 3.68 1.86
1.88 3.4 2.74 2.14
1.82 2.98 2.94 1.92
1.7 2.56 3.2 1.76
1.84 2.78 3.1 1.88
1.84 3.02 3.16 2.18
1.78 2.52 3.28 1.8
1.8 2.48 3.36 1.84
1.76 2.68 3.14 1.82
1.86 3.1 3.0 2.1
1.78 2.8 2.96 1.76
1.78 2.82 3.0 1.82
1.8 2.42 3.46 1.88
1.8 2.5 3.16 1.66
1.82 2.44 3.3 1.74
1.86 2.66 3.24 1.9
1.74 2.18 3.52 1.7
1.74 2.98 2.76 1.74
1.68 2.6 3.04 1.64
1.84 2.92 3.22 2.14
1.88 2.86 3.28 2.14
1.7 2.22 3.2 1.42
1.8 2.72 3.18 1.9
1.82 2.58 3.56 2.14
1.76 2.82 2.94 1.76
1.8 2.9 3.06 1.96
1.84 2.58 3.3 1.88
1.68 2.66 2.84 1.5
1.84 2.86 3.1 1.96
1.68 2.68 2.94 1.62
1.84 2.42 3.6 2.02
1.8 2.64 3.18 1.82
1.84 2.6 3.32 1.92
1.78 2.82 3.1 1.92
1.9 2.26 3.76 2.02
1.72 2.8 2.98 1.78
1.86 2.82 3.42 2.24
1.9 2.9 3.04 1.94
1.74 2.5 3.14 1.64
1.8 3.04 2.98 2.02
1.78 2.52 3.32 1.84
1.78 3.08 2.94 2.02
1.82 2.88 3.04 1.92
1.84 2.5 3.54 2.04
1.82 2.66 3.38 2.04
1.78 2.6 3.12 1.72
1.78 2.34 3.52 1.86
1.84 2.88 3.16 2.04
1.74 2.76 2.88 1.64
1.8 2.84 2.96 1.8
1.84 2.58 3.46 2.04
1.74 2.4 3.22 1.62
1.94 2.84 3.44 2.28
1.78 3.06 2.8 1.86
1.8 3.24 2.82 2.06
1.78 2.74 3.02 1.76
1.78 2.96 3.0 1.96
1.86 2.78 3.08 1.86
1.82 2.46 3.28 1.74
1.76 2.84 2.96 1.8
1.74 2.68 3.04 1.72
1.88 3.12 3.1 2.22
1.74 2.64 3.06 1.7
1.72 2.9 2.8 1.7
1.82 2.82 2.98 1.8
1.78 2.98 3.06 2.04
1.9 2.82 3.32 2.14
1.84 2.68 3.18 1.86
1.8 2.6 3.18 1.78
1.86 2.68 3.34 2.02
1.7 2.72 2.9 1.62
1.8 2.8 3.26 2.06
1.84 2.9 3.14 2.04
1.8 2.7 3.16 1.86
1.7 2.72 2.92 1.64
1.76 2.86 2.98 1.84
1.8 3.04 2.92 1.96
1.82 2.72 3.14 1.86
1.74 2.74 2.84 1.58
1.7 2.82 2.92 1.74
1.82 2.84 2.98 1.82
1.76 2.46 3.14 1.6
1.68 2.46 3.16 1.62
1.88 3.1 3.2 2.3
1.72 3.14 2.62 1.76
1.82 3.1 2.9 2.0
1.9 2.88 3.18 2.06
1.8 2.56 3.28 1.84
1.82 2.86 3.1 1.96
1.84 2.84 3.24 2.08
1.82 3.16 2.9 2.06
1.76 2.92 2.9 1.82
1.84 2.84 3.14 1.98
1.72 2.86 2.82 1.68
1.82 2.92 3.14 2.06
1.82 2.66 3.3 1.96
1.86 2.5 3.44 1.94
1.72 2.7 2.96 1.66
1.84 2.84 3.14 1.98
1.84 2.54 3.44 1.98
1.84 2.7 3.16 1.86
1.72 2.9 2.7 1.6
1.76 2.88 2.94 1.82
1.82 2.82 3.22 2.04
1.78 2.64 2.96 1.6
1.76 2.4 3.16 1.56
1.8 3.04 2.98 2.02
1.76 3.08 2.66 1.74
1.88 2.86 3.3 2.16
1.78 2.92 2.94 1.86
1.74 2.98 2.8 1.78
1.84 2.66 3.3 1.96
1.76 2.98 3.02 2.0
1.82 3.06 2.96 2.02
1.84 2.22 3.42 1.64
1.84 2.8 3.16 1.96
1.76 2.74 2.98 1.72
1.92 2.94 3.26 2.2
1.8 3.26 2.7 1.96
1.88 3.2 2.7 1.9
1.84 2.48 3.4 1.88
1.8 2.88 2.94 1.82
1.76 2.96 2.82 1.78
1.78 2.88 2.88 1.76
1.78 2.82 3.0 1.82
1.8 2.72 3.04 1.76
1.8 2.72 3.02 1.74
1.72 2.54 2.94 1.48
1.76 2.88 2.98 1.86
1.84 3.08 3.1 2.18
1.88 2.88 3.22 2.1
1.7 2.7 2.7 1.4
1.82 2.76 3.32 2.08
1.74 2.68 3.08 1.76
1.86 2.52 3.46 1.98
1.78 2.7 3.06 1.76
1.74 2.66 3.14 1.8
1.74 2.46 3.16 1.62
1.74 2.56 3.14 1.7
1.82 2.9 3.02 1.92
1.84 3.08 2.9 1.98
1.8 2.82 3.08 1.9
1.86 2.82 3.2 2.02
1.82 2.6 3.14 1.74
1.68 2.84 2.88 1.72
1.78 2.32 3.44 1.76
1.8 2.84 2.96 1.8
1.66 2.5 2.88 1.38
1.78 2.62 3.14 1.76
1.74 2.54 3.16 1.7
1.82 2.8 3.38 2.18
1.8 2.34 3.44 1.78
1.82 3.06 2.94 2.0
1.84 3.34 2.84 2.18
1.72 2.74 2.86 1.6
1.86 2.42 3.74 2.16
1.8 2.62 3.28 1.9
1.78 2.46 3.38 1.84
1.74 2.58 3.02 1.6
1.84 2.84 3.2 2.04
1.82 2.88 2.82 1.7
1.86 2.74 3.12 1.86
1.82 2.66 3.24 1.9
1.8 2.42 3.48 1.9
1.84 2.72 3.46 2.18
1.8 2.84 3.02 1.86
1.84 2.76 3.18 1.94
1.86 2.94 3.04 1.98
1.8 2.54 3.34 1.88
1.8 3.08 2.98 2.06
1.76 2.76 2.96 1.72
1.9 2.6 3.42 2.02
1.78 2.64 3.06 1.7
1.78 2.54 3.3 1.84
1.7 2.74 2.86 1.6
1.84 3.2 2.74 1.94
1.86 2.66 3.4 2.06
1.82 2.66 3.3 1.96
1.88 2.88 3.36 2.24
1.76 2.78 3.06 1.84
1.7 2.48 3.16 1.64
1.74 2.64 3.18 1.82
1.82 2.6 3.28 1.88
1.74 2.3 3.38 1.68
1.88 2.92 3.08 2.0
1.76 2.68 3.08 1.76
1.78 2.52 3.2 1.72
1.76 2.38 3.36 1.74
1.84 2.66 3.3 1.96
1.84 2.72 3.16 1.88
1.86 2.72 3.22 1.94
1.78 2.78 3.08 1.86
1.82 2.84 3.16 2.0
1.68 2.34 3.28 1.62
1.78 2.6 3.16 1.76
1.84 2.82 3.16 1.98
1.78 2.48 3.34 1.82
1.78 2.62 3.24 1.86
1.84 2.7 3.32 2.02
1.82 2.74 3.16 1.9
1.78 2.36 3.36 1.72
1.86 2.82 3.28 2.1
1.76 2.72 3.14 1.86
1.88 2.6 3.16 1.76
1.82 3.22 2.7 1.92
1.8 2.7 3.14 1.84
1.68 2.76 2.74 1.5
1.88 2.98 3.06 2.04
1.82 2.9 3.04 1.94
1.82 2.44 3.26 1.7
1.74 2.56 3.06 1.62
1.82 2.74 3.12 1.86
1.86 3.12 3.1 2.22
1.86 2.96 3.06 2.02
1.72 2.22 3.28 1.5
1.84 2.88 3.12 2.0
1.84 2.98 3.02 2.0
1.8 2.92 3.14 2.06
1.88 2.64 3.46 2.1
1.76 2.52 3.36 1.88
1.8 2.68 3.22 1.9
1.82 2.82 2.98 1.8
1.76 2.26 3.32 1.58
1.66 2.68 2.96 1.64
1.82 2.84 3.16 2.0
1.88 2.98 3.0 1.98
1.78 2.88 2.96 1.84
1.88 2.94 3.24 2.18
1.86 2.74 3.28 2.02
1.82 2.84 3.04 1.88
1.78 2.66 3.1 1.76
1.78 2.86 2.94 1.8
1.88 3.26 2.96 2.22
1.76 3.08 2.92 2.0
1.76 2.26 3.56 1.82
1.84 2.72 3.24 1.96
1.88 2.82 3.16 1.98
1.78 2.64 3.14 1.78
1.8 3.36 2.74 2.1
1.82 2.66 3.3 1.96
1.82 2.76 3.22 1.98
1.72 2.82 2.76 1.58
1.82 2.68 3.18 1.86
1.8 2.92 3.0 1.92
1.84 2.4 3.56 1.96
1.82 3.44 2.72 2.16
1.72 2.64 3.0 1.64
1.84 2.18 3.58 1.76
1.8 2.92 3.14 2.06
1.7 2.66 2.92 1.58
1.66 2.4 3.02 1.42
1.84 2.76 3.32 2.08
1.78 2.86 2.96 1.82
1.9 2.88 3.22 2.1
1.82 2.82 3.04 1.86
1.86 2.84 3.26 2.1
1.84 2.94 3.08 2.02
1.84 2.88 3.08 1.96
1.8 2.9 2.98 1.88
1.84 3.12 2.94 2.06
1.78 2.74 3.16 1.9
1.76 2.34 3.34 1.68
1.72 2.76 3.06 1.82
1.72 2.58 3.06 1.64
1.76 2.28 3.48 1.76
1.84 2.68 3.36 2.04
1.7 2.5 3.02 1.52
1.76 2.88 2.9 1.78
1.7 2.46 3.16 1.62
1.86 2.84 3.24 2.08
1.8 2.58 3.18 1.76
1.8 2.96 2.9 1.86
1.76 2.6 3.24 1.84
1.78 2.76 3.12 1.88
1.84 2.96 2.98 1.94
1.76 2.62 3.06 1.68
1.78 2.94 3.0 1.94
1.86 3.28 2.82 2.1
1.78 3.02 2.96 1.98
1.8 2.6 3.22 1.82
1.8 3.02 2.88 1.9
1.78 2.84 3.1 1.94
1.82 2.86 2.94 1.8
1.72 2.82 2.96 1.78
1.82 2.84 2.96 1.8
1.8 2.98 2.98 1.96
1.82 2.74 3.06 1.8
1.78 2.44 3.34 1.78
1.78 2.9 2.94 1.84
1.8 2.7 3.12 1.82
1.72 2.66 3.12 1.78
1.86 3.06 2.9 1.96
1.82 2.88 3.24 2.12
1.78 2.84 3.02 1.86
1.82 2.62 3.26 1.88
1.64 2.54 3.06 1.6
1.86 2.88 3.22 2.1
1.72 2.5 3.24 1.74
1.74 2.54 3.06 1.6
1.78 2.72 3.16 1.88
1.84 2.64 3.14 1.78
1.86 2.64 3.42 2.06
1.76 2.9 2.88 1.78
1.84 2.42 3.42 1.84
1.84 2.96 3.04 2.0
1.8 2.82 3.08 1.9
1.76 2.7 3.0 1.7
1.74 2.5 3.22 1.72
1.78 2.62 3.12 1.74
1.74 2.6 3.2 1.8
1.76 2.48 3.3 1.78
1.84 2.56 3.36 1.92
1.7 2.52 3.1 1.62
1.76 2.92 3.02 1.94
1.8 2.58 3.22 1.8
1.82 2.86 3.08 1.94
1.72 2.76 2.98 1.74
1.7 2.72 2.98 1.7
1.84 2.86 3.02 1.88
1.66 2.6 3.06 1.66
1.9 2.4 3.38 1.78
1.8 2.88 3.08 1.96
1.82 3.0 2.98 1.98
1.76 2.64 3.22 1.86
1.74 2.66 3.14 1.8
1.82 2.62 3.26 1.88
1.8 2.32 3.34 1.66
1.84 2.8 3.08 1.88
1.76 2.96 2.84 1.8
1.86 2.74 3.34 2.08
1.76 2.44 3.34 1.78
1.8 2.46 3.38 1.84
1.82 2.8 3.12 1.92
1.82 2.48 3.3 1.78
1.8 2.64 3.44 2.08
1.84 2.32 3.5 1.82
1.72 2.74 2.98 1.72
1.84 3.24 2.86 2.1
1.74 2.82 3.08 1.9
1.78 2.6 3.2 1.8
1.76 3.1 2.74 1.84
1.86 3.04 3.1 2.14
1.74 3.04 2.78 1.82
1.84 2.86 3.02 1.88
1.8 2.74 3.1 1.84
1.82 3.44 2.56 2.0
1.74 2.72 2.98 1.7
1.78 2.8 2.9 1.7
1.82 2.92 3.0 1.92
1.84 2.46 3.24 1.7
1.88 2.8 3.18 1.98
1.8 2.48 3.42 1.9
1.86 3.3 2.82 2.12
1.76 2.54 3.24 1.78
1.86 2.74 3.26 2.0
1.7 2.5 3.08 1.58
1.78 2.72 3.22 1.94
1.92 2.66 3.54 2.2
1.88 2.68 3.28 1.96
1.74 2.5 3.22 1.72
1.68 2.42 3.08 1.5
1.86 2.86 3.2 2.06
1.76 2.68 3.12 1.8
1.72 2.62 2.98 1.6
1.74 2.54 3.1 1.64
1.86 2.88 3.24 2.12
1.88 2.66 3.46 2.12
1.76 3.04 2.78 1.82
1.84 2.56 3.4 1.96
1.76 2.88 2.86 1.74
1.76 2.62 3.02 1.64
1.78 2.66 3.02 1.68
1.8 2.54 3.2 1.74
1.8 3.0 2.92 1.92
1.8 2.62 3.06 1.68
1.76 2.48 3.2 1.68
1.84 2.78 2.98 1.76
1.8 2.62 3.16 1.78
1.86 2.84 3.3 2.14
1.78 2.72 3.18 1.9
1.8 2.4 3.5 1.9
1.74 2.46 3.16 1.62
1.8 2.34 3.4 1.74
1.76 2.76 3.06 1.82
1.86 2.64 3.4 2.04
1.84 2.6 3.26 1.86
1.94 3.08 3.3 2.38
1.84 2.7 3.32 2.02
1.8 2.76 2.94 1.7
1.8 2.76 3.06 1.82
1.72 2.48 3.02 1.5
1.82 2.64 3.26 1.9
1.88 2.94 2.98 1.92
1.8 2.58 3.2 1.78
1.8 2.6 3.28 1.88
1.82 2.72 3.02 1.74
1.84 2.72 3.3 2.02
1.8 2.96 3.12 2.08
1.82 2.8 3.2 2.0
1.74 2.86 2.76 1.62
1.8 2.68 3.0 1.68
1.9 2.62 3.34 1.96
1.88 2.92 3.3 2.22
1.74 2.2 3.36 1.56
1.8 2.32 3.48 1.8
1.78 2.68 3.12 1.8
1.86 3.1 2.98 2.08
1.84 2.38 3.56 1.94
1.78 2.72 3.16 1.88
1.84 2.88 3.2 2.08
1.9 2.32 3.66 1.98
1.8 2.78 3.24 2.02
1.78 2.58 3.14 1.72
1.84 2.8 3.22 2.02
1.94 2.98 3.42 2.4
1.74 2.76 2.98 1.74
1.8 2.92 3.12 2.04
1.74 2.72 2.96 1.68
1.84 2.84 3.2 2.04
1.68 2.4 3.08 1.48
1.72 2.34 3.32 1.66
1.78 3.06 2.88 1.94
1.76 2.86 2.8 1.66
1.74 2.5 3.22 1.72
1.78 3.02 2.84 1.86
1.76 2.58 3.14 1.72
1.9 2.86 3.24 2.1
1.76 3.2 2.62 1.82
1.78 2.88 2.86 1.74
1.9 3.16 3.02 2.18
1.8 2.64 3.16 1.8
1.78 2.4 3.24 1.64
1.8 2.64 3.12 1.76
1.88 2.94 3.08 2.02
1.76 2.82 3.08 1.9
1.74 2.28 3.46 1.74
1.8 2.92 3.14 2.06
1.88 2.94 2.92 1.86
1.78 2.58 3.14 1.72
1.76 2.84 2.9 1.74
1.8 2.72 3.2 1.92
1.74 2.42 3.22 1.64
1.76 2.76 3.12 1.88
1.8 2.84 3.0 1.84
1.8 2.16 3.48 1.64
1.76 2.9 2.94 1.84
1.82 3.12 2.96 2.08
1.82 2.58 3.42 2.0
1.84 2.8 3.18 1.98
1.74 2.48 3.18 1.66
1.8 3.16 2.9 2.06
1.88 2.96 2.98 1.94
1.82 2.84 2.82 1.66
1.8 2.58 3.2 1.78
1.76 2.96 2.96 1.92
1.92 2.42 3.58 2.0
1.88 3.12 2.96 2.08
1.78 2.66 3.14 1.8
1.78 2.7 3.06 1.76
1.72 2.58 2.92 1.5
1.82 2.54 3.36 1.9
1.76 2.76 2.98 1.74
1.76 2.42 3.28 1.7
1.8 2.76 3.1 1.86
1.84 2.9 3.0 1.9
1.92 2.78 3.46 2.24
1.8 2.74 3.18 1.92
1.7 2.54 3.2 1.74
1.8 2.76 2.9 1.66
1.72 2.36 3.28 1.64
1.78 2.72 3.04 1.76
1.86 2.68 3.12 1.8
1.92 3.08 3.22 2.3
1.76 2.62 3.06 1.68
1.84 2.52 3.54 2.06
1.86 2.78 3.2 1.98
1.82 2.98 2.96 1.94
1.76 2.58 3.28 1.86
1.8 3.12 2.9 2.02
1.82 2.92 3.06 1.98
1.8 2.92 2.88 1.8
1.8 2.64 3.34 1.98
1.82 2.24 3.46 1.7
1.86 2.76 3.16 1.92
1.84 2.76 3.26 2.02
1.7 2.76 2.88 1.64
1.74 2.98 2.94 1.92
1.78 2.64 3.06 1.7
1.9 2.68 3.28 1.96
1.86 2.78 3.1 1.88
1.84 2.82 3.16 1.98
1.74 2.78 3.04 1.82
1.86 2.26 3.5 1.76
1.82 2.6 3.36 1.96
1.74 2.86 2.98 1.84
1.86 2.6 3.44 2.04
1.8 2.8 3.06 1.86
1.68 2.64 2.94 1.58
1.74 2.18 3.4 1.58
1.8 3.0 2.94 1.94
1.88 2.56 3.38 1.94
1.78 2.82 3.16 1.98
1.82 2.52 3.46 1.98
1.82 2.52 3.24 1.76
1.8 2.76 3.06 1.82
1.72 2.32 3.36 1.68
1.84 2.7 3.12 1.82
1.9 2.74 3.22 1.96
1.94 2.8 3.26 2.06
1.78 2.64 3.16 1.8
1.74 2.74 3.14 1.88
1.78 2.7 3.26 1.96
1.84 2.78 3.1 1.88
1.78 2.68 3.0 1.68
1.82 2.42 3.42 1.84
1.9 2.56 3.34 1.9
1.78 2.5 3.28 1.78
1.76 2.7 3.02 1.72
1.8 3.1 2.86 1.96
1.88 2.5 3.78 2.28
1.82 2.86 3.2 2.06
1.9 2.84 3.38 2.22
1.84 3.08 2.94 2.02
1.74 2.66 3.2 1.86
1.8 2.9 2.96 1.86
1.84 2.9 3.22 2.12
1.78 2.5 3.4 1.9
1.72 2.64 3.06 1.7
1.78 2.7 3.2 1.9
1.8 2.84 3.02 1.86
1.72 2.58 3.0 1.58
1.82 2.78 3.22 2.0
1.76 2.8 3.08 1.88
1.74 2.96 2.72 1.68
1.84 3.06 3.12 2.18
1.7 2.74 2.94 1.68
1.9 2.66 3.14 1.8
1.64 2.78 2.8 1.58
1.78 3.16 2.64 1.8
1.9 2.74 3.46 2.2
1.72 2.46 3.26 1.72
1.86 2.68 3.2 1.88
1.84 2.72 3.2 1.92
1.82 2.58 3.4 1.98
1.8 2.58 3.28 1.86
1.86 2.34 3.66 2.0
1.84 3.02 2.92 1.94
1.84 2.9 3.16 2.06
1.86 2.66 3.38 2.04
1.86 2.46 3.52 1.98
1.86 2.84 3.14 1.98
1.74 2.9 2.8 1.7
1.72 2.66 3.04 1.7
1.74 2.72 3.02 1.74
1.76 2.64 3.06 1.7
1.88 2.66 3.3 1.96
1.86 3.06 3.14 2.2
1.72 3.04 2.78 1.82
1.74 2.78 2.98 1.76
1.84 2.3 3.3 1.6
1.82 2.74 3.04 1.78
1.82 2.5 3.22 1.72
1.84 2.66 3.2 1.86
1.84 2.64 3.34 1.98
1.86 2.58 3.3 1.88
1.86 3.0 2.92 1.92
1.84 3.02 3.1 2.12
1.86 2.26 3.66 1.92
1.8 2.48 3.32 1.8
1.78 2.8 2.98 1.78
1.66 2.5 3.08 1.58
1.7 2.52 3.08 1.6
1.8 2.84 2.94 1.78
1.8 2.84 2.98 1.82
1.8 2.88 3.04 1.92
1.82 2.42 3.34 1.76
1.88 2.28 3.58 1.86
1.8 3.0 2.82 1.82
1.78 3.2 2.68 1.88
1.8 2.94 3.12 2.06
1.9 2.5 3.56 2.06
1.84 2.68 3.26 1.94
1.68 2.38 3.08 1.46
1.56 2.4 2.88 1.28
1.8 2.74 3.12 1.86
1.84 2.56 3.64 2.2
1.82 2.76 3.2 1.96
1.76 2.58 3.14 1.72
1.78 2.68 2.96 1.64
1.74 2.54 3.04 1.58
1.84 2.34 3.48 1.82
1.88 2.2 3.54 1.74
1.74 2.58 3.14 1.72
1.84 2.64 3.4 2.04
1.8 2.54 3.14 1.68
1.78 2.18 3.44 1.62
1.86 2.68 3.42 2.1
1.84 2.78 3.18 1.96
1.72 2.74 3.0 1.74
1.84 2.76 3.2 1.96
1.86 2.82 3.24 2.06
1.8 2.36 3.4 1.76
1.9 2.7 3.34 2.04
1.78 2.58 3.14 1.72
1.78 2.78 3.2 1.98
1.8 2.62 3.14 1.76
1.8 2.92 3.0 1.92
1.8 2.84 3.06 1.9
1.8 2.8 3.0 1.8
1.86 2.64 3.36 2.0
1.74 2.84 2.96 1.8
1.8 3.3 2.8 2.1
1.82 2.82 3.18 2.0
1.8 2.38 3.6 1.98
1.84 2.56 3.34 1.9
1.76 2.72 2.86 1.58
1.8 2.62 3.18 1.8
1.82 2.44 3.46 1.9
1.84 2.5 3.32 1.82
1.74 2.68 3.04 1.72
1.82 2.78 3.08 1.86
1.84 3.02 2.92 1.94
1.8 2.84 3.12 1.96
1.78 2.8 3.08 1.88
1.9 2.82 3.32 2.14
1.8 2.66 3.22 1.88
1.82 2.84 3.06 1.9
1.84 2.74 3.2 1.94
1.88 2.88 3.3 2.18
1.72 2.64 3.04 1.68
1.76 3.18 2.8 1.98
1.76 2.76 2.9 1.66
1.84 2.44 3.46 1.9
1.8 2.8 3.04 1.84
1.8 2.46 3.32 1.78
1.8 2.54 3.34 1.88
1.88 3.32 2.74 2.06
1.9 2.92 3.12 2.04
1.64 2.44 2.94 1.38
1.72 2.8 2.88 1.68
1.84 2.84 3.0 1.84
1.82 2.82 3.26 2.08
1.76 2.94 2.88 1.82
1.76 2.86 3.0 1.86
1.9 3.04 3.02 2.06
1.8 2.66 3.36 2.02
1.78 2.8 3.12 1.92
1.82 2.64 3.32 1.96
1.84 2.56 3.46 2.02
1.72 2.7 2.82 1.52
1.74 2.68 3.1 1.78
1.9 2.98 3.1 2.08
1.8 2.9 2.96 1.86
1.84 2.86 3.12 1.98
1.8 3.02 3.08 2.1
1.74 2.74 2.94 1.68
1.82 2.88 3.06 1.94
1.9 2.54 3.56 2.1
1.88 2.7 3.34 2.04
1.88 2.96 3.08 2.04
1.86 2.52 3.46 1.98
1.84 2.6 3.34 1.94
1.82 3.02 3.02 2.04
1.86 2.84 3.26 2.1
1.82 2.54 3.32 1.86
1.9 2.36 3.58 1.94
1.84 2.78 3.2 1.98
1.8 2.78 2.98 1.76
1.76 2.44 3.12 1.56
1.76 2.52 3.14 1.66
1.82 2.76 3.2 1.96
1.84 2.68 3.2 1.88
1.74 2.94 2.86 1.8
1.72 2.66 3.0 1.66
1.84 2.72 3.2 1.92
1.78 2.76 3.1 1.86
1.84 2.76 3.12 1.88
1.82 2.9 3.14 2.04
1.86 2.88 3.12 2.0
1.74 2.42 3.14 1.56
1.76 2.5 3.16 1.66
1.92 2.7 3.46 2.16
1.8 2.78 3.04 1.82
1.72 2.72 2.94 1.66
1.8 2.34 3.34 1.68
1.88 2.94 3.22 2.16
1.76 2.56 3.08 1.64
1.76 2.98 2.96 1.94
1.84 2.74 3.22 1.96
1.78 2.42 3.52 1.94
1.72 2.56 3.22 1.78
1.76 2.66 3.2 1.86
1.74 2.56 3.18 1.74
1.82 2.72 3.12 1.84
1.88 3.12 3.0 2.12
1.82 2.94 3.1 2.04
1.78 2.26 3.3 1.56
1.88 2.66 3.3 1.96
1.76 2.34 3.32 1.66
1.68 2.72 3.0 1.72
1.78 2.6 3.28 1.88
1.82 2.42 3.4 1.82
1.8 2.76 2.94 1.7
1.74 2.66 3.02 1.68
1.82 2.54 3.36 1.9
1.86 2.66 3.42 2.08
1.74 2.66 3.14 1.8
1.84 2.48 3.5 1.98
1.76 2.72 3.14 1.86
1.8 2.48 3.3 1.78
1.88 2.92 3.08 2.0
1.7 2.34 3.14 1.48
1.76 2.62 3.1 1.72
1.8 3.06 2.86 1.92
1.82 2.72 3.28 2.0
1.8 2.88 3.08 1.96
1.78 2.72 3.16 1.88
1.78 2.86 3.04 1.9
1.82 2.84 2.98 1.82
1.9 2.74 3.26 2.0
1.86 2.78 3.0 1.78
1.78 2.78 3.04 1.82
1.82 2.92 2.98 1.9
1.84 2.78 3.24 2.02
1.72 2.98 2.74 1.72
1.8 2.08 3.58 1.66
1.8 2.7 3.18 1.88
1.82 2.68 3.24 1.92
1.72 2.58 3.28 1.86
1.82 2.98 2.98 1.96
1.74 2.68 3.14 1.82
1.84 2.84 3.16 2.0
1.82 2.76 3.14 1.9
1.8 3.24 2.82 2.06
1.76 2.92 2.96 1.88
1.74 2.48 3.12 1.6
1.74 2.76 2.94 1.7
1.9 2.7 3.36 2.06
1.8 2.78 2.98 1.76
1.76 2.92 3.18 2.1
1.74 2.82 2.96 1.78
1.9 3.04 3.16 2.2
1.82 2.8 3.1 1.9
1.84 2.56 3.36 1.92
1.86 2.9 3.2 2.1
1.76 2.76 3.12 1.88
1.82 2.38 3.44 1.82
1.82 2.9 3.18 2.08
1.78 2.8 2.88 1.68
1.84 2.38 3.44 1.82
1.84 2.9 3.1 2.0
1.78 2.28 3.6 1.88
1.76 2.76 2.92 1.68
1.78 3.02 2.8 1.82
1.84 2.82 3.42 2.24
1.82 2.42 3.3 1.72
1.8 2.86 2.9 1.76
1.72 2.88 2.76 1.64
1.8 3.0 2.88 1.88
1.74 2.82 2.9 1.72
1.74 2.3 3.38 1.68
1.72 2.72 2.82 1.54
1.76 2.42 3.2 1.62
1.9 2.76 3.22 1.98
1.86 3.22 2.86 2.08
1.7 2.42 3.14 1.56
1.84 2.74 3.16 1.9
1.76 2.58 3.18 1.76
1.88 2.58 3.5 2.08
1.72 2.78 2.88 1.66
1.74 2.76 2.98 1.74
1.76 2.58 3.36 1.94
1.82 2.76 3.22 1.98
1.86 2.84 3.28 2.12
1.78 2.92 2.78 1.7
1.84 2.72 3.14 1.86
1.82 2.36 3.38 1.74
1.82 2.7 3.18 1.88
1.86 3.02 2.98 2.0
1.76 2.82 2.86 1.68
1.82 2.44 3.3 1.74
1.76 2.5 3.1 1.6
1.64 2.82 2.8 1.62
1.8 2.5 3.38 1.88
1.86 2.54 3.34 1.88
1.8 2.5 3.28 1.78
1.78 3.16 2.8 1.96
1.84 2.56 3.3 1.86
1.78 3.0 2.92 1.92
1.86 2.58 3.44 2.02
1.78 2.36 3.24 1.6
1.82 2.66 3.22 1.88
1.86 2.86 3.0 1.86
1.78 3.0 2.88 1.88
1.78 2.88 3.18 2.06
1.82 2.6 3.26 1.86
1.78 2.92 2.8 1.72
1.78 2.58 3.32 1.9
1.84 2.6 3.3 1.9
1.82 2.66 3.2 1.86
1.78 2.94 3.16 2.1
1.82 2.82 3.18 2.0
1.8 2.76 3.04 1.8
1.8 2.82 3.02 1.84
1.84 2.8 3.12 1.92
1.9 2.72 3.28 2.0
1.9 3.0 3.2 2.2
1.78 2.62 3.24 1.86
1.82 2.56 3.34 1.9
1.78 2.84 2.96 1.8
1.9 2.66 3.4 2.06
1.78 2.9 3.08 1.98
1.86 2.64 3.44 2.08
1.8 2.92 2.92 1.84
1.82 3.14 2.78 1.92
1.8 2.52 3.08 1.6
1.78 2.56 3.22 1.78
1.66 2.86 2.74 1.6
1.76 2.64 3.14 1.78
1.78 2.94 2.78 1.72
1.84 3.02 3.04 2.06
1.78 3.0 2.78 1.78
1.84 3.16 2.88 2.04
1.8 2.86 3.2 2.06
1.72 2.62 3.08 1.7
1.74 2.9 3.0 1.9
1.62 2.44 2.92 1.36
1.74 2.2 3.34 1.54
1.84 2.84 3.1 1.94
1.76 2.96 2.94 1.9
1.86 2.48 3.34 1.82
1.82 2.66 3.16 1.82
1.76 2.68 3.1 1.78
1.82 2.56 3.5 2.06
1.84 2.94 3.22 2.16
1.72 2.9 2.72 1.62
1.74 2.44 3.04 1.48
1.86 2.84 3.12 1.96
1.68 2.68 2.88 1.56
1.9 2.78 3.26 2.04
1.78 2.4 3.38 1.78
1.82 2.76 3.2 1.96
1.76 2.74 3.04 1.78
1.8 2.94 3.2 2.14
1.82 2.8 3.14 1.94
1.8 2.9 3.08 1.98
1.76 2.86 2.7 1.56
1.86 3.02 3.16 2.18
1.82 2.8 3.0 1.8
1.8 2.68 3.22 1.9
1.74 2.4 3.2 1.6
1.7 2.58 3.06 1.64
1.78 2.48 3.12 1.6
1.82 2.86 3.08 1.94
1.8 2.88 3.08 1.96
1.8 2.44 3.32 1.76
1.68 2.64 2.9 1.54
1.9 3.18 2.94 2.12
1.78 2.76 3.0 1.76
1.78 3.02 2.88 1.9
1.86 2.62 3.4 2.02
1.76 2.78 3.1 1.88
1.8 2.6 3.36 1.96
1.8 3.18 2.82 2.0
1.8 2.82 3.06 1.88
1.8 2.54 3.2 1.74
1.76 2.82 2.74 1.56
1.88 3.08 3.02 2.1
1.82 2.88 2.9 1.78
1.72 2.26 3.28 1.54
1.88 2.76 3.36 2.12
1.76 2.28 3.48 1.76
1.9 3.28 3.1 2.38
1.72 2.72 3.06 1.78
1.88 2.68 3.36 2.04
1.88 3.04 3.02 2.06
1.78 3.04 2.9 1.94
1.86 2.52 3.24 1.76
1.84 2.92 3.08 2.0
1.82 2.3 3.36 1.66
1.84 3.44 2.74 2.18
1.78 2.58 3.1 1.68
1.7 2.88 2.82 1.7
1.8 2.64 3.26 1.9
1.76 2.9 2.9 1.8
1.8 2.8 3.16 1.96
1.8 2.76 3.06 1.82
1.82 3.0 2.94 1.94
1.8 2.82 3.18 2.0
1.84 2.62 3.4 2.02
1.78 2.5 3.32 1.82
1.76 2.76 2.96 1.72
1.74 2.7 3.1 1.8
1.76 2.48 3.04 1.52
1.7 2.28 3.3 1.58
1.82 2.54 3.28 1.82
1.8 2.48 3.18 1.66
1.72 2.42 3.26 1.68
1.76 2.5 3.18 1.68
1.78 2.64 3.26 1.9
1.72 2.5 3.24 1.74
1.78 2.86 2.88 1.74
1.84 2.74 3.2 1.94
1.84 2.82 3.14 1.96
1.88 2.66 3.3 1.96
1.8 2.72 3.2 1.92
1.86 2.58 3.46 2.04
1.82 2.66 3.14 1.8
1.8 2.76 2.94 1.7
1.7 2.42 3.08 1.5
1.82 2.68 3.06 1.74
1.84 2.68 3.24 1.92
1.76 2.82 2.96 1.78
1.76 2.5 3.14 1.64
1.8 2.62 3.14 1.76
1.7 3.0 2.72 1.72
1.9 3.24 3.02 2.26
1.8 3.0 2.94 1.94
1.72 3.04 2.7 1.74
1.74 2.68 2.9 1.58
1.82 2.94 3.02 1.96
1.86 2.84 3.14 1.98
1.76 2.46 3.2 1.66
1.7 2.44 3.1 1.54
1.8 2.94 3.0 1.94
1.9 2.98 3.22 2.2
1.88 2.4 3.74 2.14
1.7 2.4 3.22 1.62
1.8 2.92 3.1 2.02
1.82 2.64 3.36 2.0
1.82 2.76 3.34 2.1
1.84 3.02 2.98 2.0
1.8 3.18 2.7 1.88
1.76 2.74 2.9 1.64
1.72 2.26 3.3 1.56
1.76 3.02 2.7 1.72
1.78 1.98 3.38 1.36
1.82 2.44 3.38 1.82
1.82 2.34 3.42 1.76
1.82 2.7 2.96 1.66
1.76 2.64 3.04 1.68
1.9 3.16 3.12 2.28
1.64 2.44 3.0 1.44
1.8 2.52 3.38 1.9
1.86 3.2 2.88 2.08
1.72 2.36 3.38 1.74
1.82 2.6 3.2 1.8
1.78 3.3 2.62 1.92
1.82 2.86 3.1 1.96
1.86 2.98 3.14 2.12
1.78 2.86 2.88 1.74
1.7 2.5 3.04 1.54
1.66 2.62 2.88 1.5
1.78 2.52 3.22 1.74
1.74 2.6 2.98 1.58
1.78 2.9 3.0 1.9
1.64 2.62 2.86 1.48
1.8 2.74 3.16 1.9
1.74 2.64 3.2 1.84
1.82 2.94 3.04 1.98
1.8 2.2 3.5 1.7
1.82 2.74 3.12 1.86
1.9 2.58 3.6 2.18
1.86 3.02 3.14 2.16
1.9 2.8 3.38 2.18
1.86 2.78 3.18 1.96
1.86 2.98 3.1 2.08
1.84 2.72 3.22 1.94
1.8 2.68 3.08 1.76
1.82 2.72 3.2 1.92
1.84 2.64 3.26 1.9
1.86 2.98 3.1 2.08
1.82 2.58 3.22 1.8
1.72 2.62 2.84 1.46
1.74 2.84 2.96 1.8
1.9 2.5 3.52 2.02
1.8 2.72 3.24 1.96
1.68 2.56 2.86 1.42
1.74 2.88 2.98 1.86
1.84 2.68 3.22 1.9
1.78 2.44 3.34 1.78
1.84 2.52 3.4 1.92
1.84 2.88 2.94 1.82
1.82 2.84 3.24 2.08
1.7 2.86 2.74 1.6
1.86 2.8 3.2 2.0
1.82 2.78 3.3 2.08
1.8 2.52 3.02 1.54
1.88 2.7 3.34 2.04
1.74 2.84 3.02 1.86
1.8 2.28 3.7 1.98
1.84 2.78 3.34 2.12
1.78 2.86 2.98 1.84
1.78 2.62 3.26 1.88
1.7 2.8 2.84 1.64
1.82 2.5 3.18 1.68
1.78 2.76 3.08 1.84
1.78 2.74 3.04 1.78
1.7 2.78 2.88 1.66
1.82 2.96 3.04 2.0
1.72 2.48 3.1 1.58
1.76 2.7 3.14 1.84
1.76 2.3 3.32 1.62
1.8 2.76 3.16 1.92
1.86 2.76 3.28 2.04
1.72 2.6 3.16 1.76
1.8 2.88 3.0 1.88
1.76 2.7 2.92 1.62
1.8 2.6 3.28 1.88
1.9 3.18 3.02 2.2
1.62 2.18 3.22 1.4
1.82 2.9 3.04 1.94
1.9 2.4 3.68 2.08
1.9 2.88 3.2 2.08
1.8 2.52 3.24 1.76
1.84 2.76 3.22 1.98
1.76 2.94 2.76 1.7
1.74 2.6 3.12 1.72
1.82 3.08 2.98 2.06
1.86 2.96 3.02 1.98
1.8 2.84 3.02 1.86
1.8 2.68 3.34 2.02
1.8 2.68 3.08 1.76
1.82 2.84 3.1 1.94
1.8 3.08 2.82 1.9
1.8 2.62 3.36 1.98
1.84 2.66 3.26 1.92
1.74 2.84 3.04 1.88
1.74 2.92 2.94 1.86
1.78 2.48 3.14 1.62
1.88 2.54 3.66 2.2
1.76 3.1 2.74 1.84
1.86 2.86 3.22 2.08
1.92 2.9 3.2 2.1
1.84 2.98 3.08 2.06
1.78 2.74 3.16 1.9
1.96 2.8 3.62 2.42
1.9 2.72 3.4 2.12
1.88 3.16 2.84 2.0
1.88 2.88 3.06 1.94
1.76 2.66 3.16 1.82
1.78 2.38 3.3 1.68
1.84 2.98 3.04 2.02
1.8 2.64 3.12 1.76
1.7 2.7 2.94 1.64
1.82 2.72 3.06 1.78
1.82 2.76 2.92 1.68
1.84 2.68 3.12 1.8
1.78 2.44 3.22 1.66
1.82 2.88 3.02 1.9
1.84 2.86 3.02 1.88
1.88 2.9 3.1 2.0
1.74 3.08 2.76 1.84
1.74 2.66 3.0 1.66
1.64 2.34 3.0 1.34
1.82 2.8 3.12 1.92
1.78 2.72 3.1 1.82
1.86 2.66 3.28 1.94
1.76 2.66 3.04 1.7
1.86 2.52 3.38 1.9
1.82 2.8 3.16 1.96
1.68 2.9 2.9 1.8
1.84 2.9 3.26 2.16
1.86 2.86 3.16 2.02
1.66 2.6 2.9 1.5
1.82 2.86 3.0 1.86
1.72 2.58 2.98 1.56
1.8 2.34 3.64 1.98
1.76 2.52 3.28 1.8
1.7 2.44 3.06 1.5
1.84 3.1 2.96 2.06
1.78 2.84 2.88 1.72
1.86 2.32 3.32 1.64
1.82 2.82 3.12 1.94
1.8 2.44 3.34 1.78
1.82 2.42 3.5 1.92
1.8 2.82 3.06 1.88
1.68 2.86 2.86 1.72
1.84 2.72 3.22 1.94
1.78 2.92 2.9 1.82
1.84 2.88 2.92 1.8
1.88 2.92 3.14 2.06
1.8 2.66 3.26 1.92
1.8 3.08 2.94 2.02
1.82 2.56 3.38 1.94
1.88 2.92 3.12 2.04
1.94 2.34 3.6 1.94
1.8 2.96 3.02 1.98
1.78 3.16 2.88 2.04
1.66 2.9 2.7 1.6
1.78 2.5 3.3 1.8
1.84 2.86 3.26 2.12
1.84 2.48 3.44 1.92
1.86 2.48 3.4 1.88
1.8 2.58 3.14 1.72
1.92 2.88 3.24 2.12
1.74 3.02 2.84 1.86
1.72 2.62 2.92 1.54
1.82 2.74 3.18 1.92
1.86 2.7 3.28 1.98
1.8 2.96 3.14 2.1
1.84 2.4 3.46 1.86
1.88 2.74 3.36 2.1
1.86 3.06 3.12 2.18
1.66 2.38 3.14 1.52
1.92 2.66 3.28 1.94
1.82 3.1 2.8 1.9
1.82 2.88 3.04 1.92
1.76 3.14 2.8 1.94
1.86 3.12 2.98 2.1
1.8 2.88 2.94 1.82
1.72 2.62 2.94 1.56
1.74 2.76 2.98 1.74
1.78 2.84 3.0 1.84
1.76 2.76 3.06 1.82
1.8 2.62 3.06 1.68
1.8 2.84 3.0 1.84
1.82 3.02 2.96 1.98
1.76 2.56 3.08 1.64
1.82 2.72 3.0 1.72
1.76 2.72 3.18 1.9
1.8 3.02 2.76 1.78
1.84 2.76 3.22 1.98
1.9 2.48 3.7 2.18
1.76 2.78 3.14 1.92
1.8 2.76 3.28 2.04
1.74 2.66 3.02 1.68
1.88 3.14 2.96 2.1
1.76 2.52 3.26 1.78
1.9 2.42 3.52 1.94
1.86 2.9 3.06 1.96
1.8 3.12 2.8 1.92
1.82 2.7 3.2 1.9
1.9 2.9 3.08 1.98
1.82 2.78 3.18 1.96
1.82 2.98 2.98 1.96
1.78 2.4 3.48 1.88
1.8 2.92 3.14 2.06
1.7 2.56 3.08 1.64
1.84 3.06 2.98 2.04
1.76 3.08 2.74 1.82
1.78 2.88 2.92 1.8
1.8 2.68 3.0 1.68
1.9 2.7 3.4 2.1
1.82 2.74 3.24 1.98
1.8 2.68 3.16 1.84
1.78 2.5 3.2 1.7
1.8 2.42 3.34 1.76
1.8 2.74 3.16 1.9
1.72 2.62 2.94 1.56
1.84 2.88 3.14 2.02
1.76 2.28 3.34 1.62
1.78 2.56 3.24 1.8
1.86 3.12 2.96 2.08
1.84 2.82 3.22 2.04
1.78 2.76 3.08 1.84
1.82 2.88 3.1 1.98
1.72 2.88 2.98 1.86
1.8 2.88 2.96 1.84
1.78 2.5 3.14 1.64
1.72 2.62 3.1 1.72
1.86 2.6 3.42 2.02
1.84 2.82 3.16 1.98
1.76 2.44 3.22 1.66
1.7 2.48 3.2 1.68
1.84 2.8 3.24 2.04
1.84 2.8 3.12 1.92
1.88 2.62 3.38 2.0
1.74 2.38 3.2 1.58
1.84 2.44 3.4 1.84
1.8 2.46 3.44 1.9
1.78 2.54 3.28 1.82
1.88 2.84 3.1 1.94
1.72 2.6 3.14 1.74
1.8 3.16 2.92 2.08
1.82 2.62 3.16 1.78
1.78 2.7 3.02 1.72
1.76 2.68 3.16 1.84
1.86 3.0 3.22 2.22
1.8 2.76 3.08 1.84
1.82 2.54 3.24 1.78
1.74 2.92 2.94 1.86
1.84 2.86 3.32 2.18
1.8 2.66 3.12 1.78
1.84 2.94 3.0 1.94
1.78 2.48 3.3 1.78
1.88 2.86 3.22 2.08
1.86 2.84 3.1 1.94
1.7 2.3 3.24 1.54
1.78 2.72 3.22 1.94
1.78 2.74 3.0 1.74
1.84 2.38 3.44 1.82
1.78 2.62 3.14 1.76
1.76 2.68 2.96 1.64
1.84 2.82 2.98 1.8
1.84 2.74 3.12 1.86
1.88 3.12 3.08 2.2
1.8 2.74 3.14 1.88
1.92 2.64 3.38 2.02
1.78 3.18 2.78 1.96
1.88 2.82 3.3 2.12
1.84 3.2 2.86 2.06
1.72 2.8 2.92 1.72
1.86 2.34 3.68 2.02
1.74 2.68 2.92 1.6
1.72 2.48 3.1 1.58
1.8 2.62 3.08 1.7
1.78 2.46 3.28 1.74
1.78 3.04 2.86 1.9
1.72 2.76 2.76 1.52
1.68 2.4 3.22 1.62
1.78 2.22 3.52 1.74
1.8 2.86 2.94 1.8
1.88 2.98 3.22 2.2
1.88 3.0 3.0 2.0
1.82 2.52 3.34 1.86
1.88 3.16 3.0 2.16
1.8 2.66 3.06 1.72
1.88 2.84 3.1 1.94
1.86 2.82 3.16 1.98
1.88 3.52 2.76 2.28
1.86 2.74 3.36 2.1
1.72 2.8 3.12 1.92
1.88 3.04 2.96 2.0
1.82 2.64 3.26 1.9
1.78 2.8 3.18 1.98
1.84 2.74 3.18 1.92
1.84 3.1 3.1 2.2
1.68 2.5 2.96 1.46
1.8 2.82 2.98 1.8
1.78 2.8 2.92 1.72
1.84 2.58 3.28 1.86
1.8 2.68 3.24 1.92
1.72 2.38 3.34 1.72
1.74 3.08 2.7 1.78
1.78 2.88 2.96 1.84
1.78 2.88 2.94 1.82
1.84 2.76 3.3 2.06
1.68 2.38 3.12 1.5
1.86 2.88 3.04 1.92
1.86 2.88 3.26 2.14
1.76 2.9 2.88 1.78
1.94 2.98 3.16 2.14
1.82 2.68 3.16 1.84
1.9 2.88 3.36 2.24
1.82 2.9 3.06 1.96
1.76 2.36 3.5 1.86
1.78 2.94 2.92 1.86
1.72 3.1 2.62 1.72
1.78 2.42 3.22 1.64
1.86 2.86 3.2 2.06
1.8 3.2 2.76 1.96
1.84 2.76 3.12 1.88
1.96 3.04 3.42 2.46
1.7 2.4 3.02 1.42
1.76 2.7 2.98 1.68
1.66 2.42 3.02 1.44
1.7 2.92 2.72 1.64
1.76 2.74 3.02 1.76
1.76 2.86 3.04 1.9
1.84 2.88 3.2 2.08
1.82 2.76 2.94 1.7
1.86 2.54 3.38 1.92
1.78 2.9 3.02 1.92
1.8 2.58 3.18 1.76
1.76 2.7 3.24 1.94
1.72 2.42 3.2 1.62
1.8 2.64 3.1 1.74
1.76 2.88 2.94 1.82
1.82 2.94 3.04 1.98
1.8 2.78 3.26 2.04
1.76 3.26 2.8 2.06
1.8 2.74 3.1 1.84
1.76 2.84 2.94 1.78
1.84 2.62 3.2 1.82
1.8 2.42 3.38 1.8
1.8 3.02 3.06 2.08
1.76 2.76 3.0 1.76
1.82 2.38 3.32 1.7
1.92 2.72 3.46 2.18
1.76 2.52 3.16 1.68
1.86 2.44 3.46 1.9
1.86 3.32 2.84 2.16
1.9 3.14 2.98 2.12
1.88 2.4 3.38 1.78
1.78 2.44 3.16 1.6
1.62 2.56 2.82 1.38
1.88 3.12 3.04 2.16
1.84 2.68 3.18 1.86
1.84 2.52 3.48 2.0
1.74 2.82 2.98 1.8
1.88 2.62 3.36 1.98
1.8 2.74 3.24 1.98
1.82 2.9 3.12 2.02
1.74 2.54 3.16 1.7
1.88 2.64 3.44 2.08
1.88 2.52 3.34 1.86
1.76 3.18 2.72 1.9
1.84 3.08 2.86 1.94
1.78 2.5 3.1 1.6
1.88 2.86 3.24 2.1
1.72 2.66 2.94 1.6
1.76 2.68 3.08 1.76
1.8 2.9 3.1 2.0
1.76 2.76 2.92 1.68
1.8 2.72 3.22 1.94
1.66 2.46 2.96 1.42
1.8 3.0 2.94 1.94
1.7 2.62 2.96 1.58
1.66 2.58 3.02 1.6
1.8 2.74 3.24 1.98
1.72 2.52 3.3 1.82
1.86 2.82 2.9 1.72
1.7 2.26 3.18 1.44
1.86 2.72 3.18 1.9
1.74 2.62 3.06 1.68
1.9 2.86 3.2 2.06
1.82 2.72 3.2 1.92
1.72 2.46 3.14 1.6
1.88 3.18 3.1 2.28
1.88 3.06 3.08 2.14
1.86 2.9 3.16 2.06
1.8 2.76 3.18 1.94
1.78 2.94 2.98 1.92
1.84 2.7 3.36 2.06
1.76 2.7 2.94 1.64
1.88 2.5 3.4 1.9
1.76 2.74 3.16 1.9
1.78 2.88 3.1 1.98
1.68 2.8 2.8 1.6
1.86 2.54 3.42 1.96
1.82 2.9 3.14 2.04
1.68 2.52 3.06 1.58
1.88 3.3 2.86 2.16
1.76 2.74 2.96 1.7
1.68 2.76 2.64 1.4
1.86 2.48 3.42 1.9
1.72 2.44 3.1 1.54
1.66 2.26 3.18 1.44
1.78 2.62 3.08 1.7
1.84 2.66 3.22 1.88
1.8 2.82 3.16 1.98
1.8 2.7 3.14 1.84
1.78 2.46 3.3 1.76
1.76 3.08 2.92 2.0
1.74 2.36 3.3 1.66
1.76 2.82 2.92 1.74
1.8 2.7 3.34 2.04
1.78 2.84 2.92 1.76
1.74 2.34 3.46 1.8
1.8 2.88 2.92 1.8
1.76 2.58 3.26 1.84
1.82 2.82 3.24 2.06
1.82 2.84 3.06 1.9
1.72 2.46 3.18 1.64
1.78 2.78 3.08 1.86
1.8 2.6 3.26 1.86
1.76 2.96 3.0 1.96
1.82 2.84 3.24 2.08
1.82 2.24 3.44 1.68
1.78 2.7 3.04 1.74
1.7 2.46 3.06 1.52
1.82 3.06 2.92 1.98
1.88 2.84 3.06 1.9
1.72 2.74 2.9 1.64
1.76 2.82 2.92 1.74
1.82 2.86 3.04 1.9
1.8 2.52 3.4 1.92
1.78 3.18 2.82 2.0
1.76 2.98 3.0 1.98
1.82 2.84 3.1 1.94
1.88 2.7 3.22 1.92
1.64 2.58 2.96 1.54
1.82 2.82 3.0 1.82
1.86 3.24 2.92 2.16
1.78 2.54 3.14 1.68
1.86 3.1 3.0 2.1
1.8 2.76 3.14 1.9
1.8 2.96 3.08 2.04
1.74 2.54 3.22 1.76
1.88 2.78 3.2 1.98
1.84 2.98 3.0 1.98
1.8 3.06 2.98 2.04
1.84 2.64 3.42 2.06
1.7 2.82 2.78 1.6
1.84 3.0 3.08 2.08
1.86 2.64 3.38 2.02
1.82 2.86 3.16 2.02
1.7 2.82 3.0 1.82
1.86 2.82 3.14 1.96
1.74 2.9 2.88 1.78
1.78 2.62 2.94 1.56
1.72 2.7 2.98 1.68
1.76 2.64 3.12 1.76
1.8 2.52 3.34 1.86
1.84 2.88 2.96 1.84
1.84 2.42 3.46 1.88
1.78 2.28 3.14 1.42
1.82 2.92 3.06 1.98
1.8 3.18 2.74 1.92
1.82 2.68 3.14 1.82
1.8 2.42 3.34 1.76
1.84 3.22 2.92 2.14
1.8 2.98 2.84 1.82
1.86 2.88 3.24 2.12
1.78 2.7 2.96 1.66
1.78 2.64 3.34 1.98
1.82 2.82 3.08 1.9
1.8 2.78 3.14 1.92
1.86 2.9 3.16 2.06
1.82 2.76 3.14 1.9
1.8 2.72 3.32 2.04
1.84 2.86 3.18 2.04
1.82 2.56 3.28 1.84
1.84 2.54 3.46 2.0
1.72 2.74 3.08 1.82
1.72 2.76 3.0 1.76
1.8 2.66 3.1 1.76
1.8 2.56 3.22 1.78
1.82 2.88 2.98 1.86
1.84 2.9 3.12 2.02
1.8 2.42 3.36 1.78
1.78 2.92 2.8 1.72
1.68 2.08 3.18 1.26
1.8 2.5 3.22 1.72
1.78 2.94 2.86 1.8
1.82 3.0 3.06 2.06
1.72 2.6 3.14 1.74
1.68 2.88 2.72 1.6
1.68 2.82 2.76 1.58
1.74 2.76 3.0 1.76
1.7 2.78 2.92 1.7
1.8 2.82 3.02 1.84
1.76 2.6 3.22 1.82
1.72 2.58 3.0 1.58
1.84 2.7 3.2 1.9
1.78 2.78 3.04 1.82
1.86 2.56 3.26 1.82
1.94 2.68 3.54 2.22
1.8 2.62 3.22 1.84
1.74 2.18 3.52 1.7
1.72 2.74 2.98 1.72
1.84 2.9 2.98 1.88
1.78 2.72 3.1 1.82
1.88 2.68 3.46 2.14
1.76 2.44 3.28 1.72
1.7 2.5 3.04 1.54
1.8 2.24 3.54 1.78
1.72 2.74 2.96 1.7
1.8 2.74 3.26 2.0
1.94 2.76 3.44 2.2
1.76 2.6 3.1 1.7
1.9 2.66 3.24 1.9
1.9 3.02 3.22 2.24
1.78 2.62 3.2 1.82
1.8 3.06 2.94 2.0
1.78 2.7 3.12 1.82
1.8 2.52 3.26 1.78
1.68 2.74 2.94 1.68
1.86 2.68 3.28 1.96
1.88 2.88 3.26 2.14
1.86 2.9 3.12 2.02
1.86 2.84 3.14 1.98
1.84 2.88 3.04 1.92
1.84 2.76 3.06 1.82
1.76 2.64 3.2 1.84
1.76 3.12 2.76 1.88
1.84 3.34 2.74 2.08
1.74 2.68 3.1 1.78
1.82 2.5 3.3 1.8
1.72 2.66 3.02 1.68
1.72 2.64 2.98 1.62
1.74 2.66 3.18 1.84
1.8 2.94 2.96 1.9
1.76 2.82 3.06 1.88
1.8 2.88 3.02 1.9
1.76 3.08 2.72 1.8
1.8 2.56 3.26 1.82
1.76 3.0 2.98 1.98
1.88 2.76 3.4 2.16
1.74 2.66 3.18 1.84
1.7 3.08 2.58 1.66
1.84 2.64 3.14 1.78
1.74 2.74 3.26 2.0
1.88 3.36 2.76 2.12
1.68 2.74 2.94 1.68
1.88 2.82 3.26 2.08
1.74 2.7 3.06 1.76
1.88 3.08 2.82 1.9
1.78 2.6 3.22 1.82
1.74 2.64 3.14 1.78
1.8 3.28 2.66 1.94
1.74 2.68 3.08 1.76
1.68 2.66 3.08 1.74
1.78 2.8 2.82 1.62
1.82 2.62 3.34 1.96
1.8 2.56 3.38 1.94
1.84 2.52 3.4 1.92
1.82 3.04 3.0 2.04
1.84 2.42 3.52 1.94
1.72 2.56 3.04 1.6
1.84 3.0 3.02 2.02
1.68 2.28 3.22 1.5
1.78 2.6 3.14 1.74
1.74 2.64 3.02 1.66
1.8 2.68 3.08 1.76
1.84 2.84 3.04 1.88
1.76 2.76 3.04 1.8
1.86 2.84 3.28 2.12
1.8 2.84 3.04 1.88
1.78 2.56 3.14 1.7
1.82 3.04 2.94 1.98
1.76 2.68 3.1 1.78
1.8 2.56 3.1 1.66
1.82 2.72 3.22 1.94
1.78 3.02 2.94 1.96
1.78 2.68 3.02 1.7
1.86 2.36 3.56 1.92
1.84 2.66 3.2 1.86
1.86 2.7 3.38 2.08
1.82 2.86 3.08 1.94
1.78 2.54 3.12 1.66
1.76 2.82 2.92 1.74
1.84 2.88 3.1 1.98
1.78 2.56 3.22 1.78
1.8 2.88 3.12 2.0
1.76 2.6 3.18 1.78
1.84 3.06 2.88 1.94
1.86 2.8 3.26 2.06
1.88 2.86 3.26 2.12
1.86 3.24 2.98 2.22
1.8 2.98 2.98 1.96
1.86 2.98 3.26 2.24
1.84 2.3 3.46 1.76
1.9 3.0 3.04 2.04
1.9 3.06 3.02 2.08
1.8 2.66 3.26 1.92
1.82 3.0 3.04 2.04
1.86 2.48 3.46 1.94
1.78 2.76 3.0 1.76
1.82 2.84 2.98 1.82
1.82 2.64 3.34 1.98
1.8 2.42 3.4 1.82
1.84 2.82 3.4 2.22
1.86 2.64 3.26 1.9
1.8 2.76 3.04 1.8
1.78 2.74 3.2 1.94
1.8 2.4 3.28 1.68
1.82 2.5 3.4 1.9
1.84 3.04 3.0 2.04
1.82 2.4 3.34 1.74
1.7 2.84 2.76 1.6
1.78 2.36 3.22 1.58
1.8 2.76 3.0 1.76
1.88 2.76 3.34 2.1
1.72 2.34 3.28 1.62
1.76 2.94 2.84 1.78
1.8 2.8 3.08 1.88
1.78 2.32 3.26 1.58
1.82 3.1 3.0 2.1
1.76 2.2 3.42 1.62
1.74 2.64 3.16 1.8
1.84 3.04 3.06 2.1
1.84 2.2 3.44 1.64
1.96 2.54 3.78 2.32
1.9 2.92 3.3 2.22
1.76 2.58 3.14 1.72
1.88 2.52 3.44 1.96
1.74 2.76 2.82 1.58
1.88 2.34 3.52 1.86
1.82 2.54 3.34 1.88
1.84 3.36 2.94 2.3
1.86 2.78 3.2 1.98
1.76 2.58 3.3 1.88
1.74 2.68 2.96 1.64
1.74 2.72 3.04 1.76
1.86 2.84 3.06 1.9
1.86 2.62 3.24 1.86
1.78 2.44 3.3 1.74
1.8 2.74 3.06 1.8
1.86 2.6 3.18 1.78
1.66 2.46 3.02 1.48
1.7 2.8 2.98 1.78
1.8 2.76 3.1 1.86
1.84 2.98 2.98 1.96
1.8 2.62 3.08 1.7
1.88 2.8 3.36 2.16
1.78 2.9 3.08 1.98
1.66 2.62 2.92 1.54
1.8 2.6 3.34 1.94
1.76 2.7 3.06 1.76
1.72 2.92 3.02 1.94
1.8 3.0 2.82 1.82
1.8 2.78 3.12 1.9
1.88 3.22 2.78 2.0
1.78 2.44 3.28 1.72
1.78 2.64 2.98 1.62
1.84 2.86 2.98 1.84
1.88 2.88 3.3 2.18
1.8 2.66 2.98 1.64
1.76 2.66 3.18 1.84
1.7 2.54 3.1 1.64
1.8 2.92 3.08 2.0
1.78 2.88 3.08 1.96
1.88 2.86 3.2 2.06
1.78 2.84 3.08 1.92
1.76 2.5 3.26 1.76
1.8 2.6 3.2 1.8
1.84 3.24 2.82 2.06
1.72 2.74 3.06 1.8
1.82 2.84 3.08 1.92
1.74 2.8 2.9 1.7
1.74 2.68 3.18 1.86
1.88 3.1 3.14 2.24
1.84 3.24 2.84 2.08
1.76 2.88 3.04 1.92
1.9 2.74 3.22 1.96
1.84 2.68 3.14 1.82
1.78 2.88 3.0 1.88
1.74 2.82 3.02 1.84
1.8 2.62 3.28 1.9
1.86 2.68 3.38 2.06
1.72 2.62 2.98 1.6
1.76 2.58 3.2 1.78
1.86 2.74 3.18 1.92
1.8 2.86 3.0 1.86
1.76 3.22 2.72 1.94
1.74 2.56 3.24 1.8
1.8 2.8 3.06 1.86
1.76 2.56 3.08 1.64
1.8 3.1 2.74 1.84
1.86 2.74 3.3 2.04
1.72 2.88 2.86 1.74
1.86 2.44 3.46 1.9
1.8 2.78 3.14 1.92
1.9 2.58 3.5 2.08
1.84 3.02 2.96 1.98
1.72 2.76 2.92 1.68
1.84 3.0 3.06 2.06
1.82 2.66 3.24 1.9
1.82 2.98 2.86 1.84
1.82 2.7 3.18 1.88
1.76 2.9 2.86 1.76
1.8 2.68 3.3 1.98
1.86 2.74 3.22 1.96
1.72 3.06 2.72 1.78
1.8 2.72 3.14 1.86
1.82 2.74 3.18 1.92
1.84 2.88 3.14 2.02
1.86 2.48 3.46 1.94
1.68 2.38 3.1 1.48
1.78 2.8 2.9 1.7
1.68 2.54 2.92 1.46
1.84 3.0 3.1 2.1
1.74 2.6 3.12 1.72
1.84 2.38 3.32 1.7
1.7 2.62 3.04 1.66
1.8 2.68 3.32 2.0
1.84 2.82 3.28 2.1
1.8 2.7 3.0 1.7
1.82 2.66 3.18 1.84
1.84 2.84 3.1 1.94
1.74 2.62 3.06 1.68
1.8 2.48 3.22 1.7
1.92 2.86 3.14 2.0
1.82 2.6 3.14 1.74
1.8 2.34 3.38 1.72
1.88 2.9 3.12 2.02
1.82 2.7 3.22 1.92
1.8 2.3 3.42 1.72
1.76 2.48 3.18 1.66
1.86 2.92 3.16 2.08
1.72 2.78 2.9 1.68
1.74 2.66 3.02 1.68
1.8 3.26 2.7 1.96
1.68 2.48 3.02 1.5
1.68 2.94 2.76 1.7
1.76 2.56 2.92 1.48
1.8 2.38 3.4 1.78
1.76 2.44 3.38 1.82
1.82 2.74 3.26 2.0
1.92 2.74 3.62 2.36
1.74 2.48 3.14 1.62
1.8 2.5 3.28 1.78
1.62 2.52 3.06 1.58
1.86 2.64 3.28 1.92
1.74 2.74 2.96 1.7
1.9 2.6 3.62 2.22
1.9 2.88 3.18 2.06
1.84 3.16 2.96 2.12
1.82 2.58 3.32 1.9
1.9 3.08 3.14 2.22
1.86 2.84 3.26 2.1
1.8 2.8 3.1 1.9
1.9 2.86 3.26 2.12
1.76 2.64 3.04 1.68
1.9 2.96 3.18 2.14
1.78 2.82 3.0 1.82
1.72 3.16 2.74 1.9
1.74 2.66 2.98 1.64
1.76 2.74 3.06 1.8
1.82 2.2 3.58 1.78
1.82 3.04 3.08 2.12
1.78 2.8 3.14 1.94
1.84 2.72 3.3 2.02
1.8 2.86 2.98 1.84
1.78 2.84 3.04 1.88
1.8 3.0 2.82 1.82
1.86 2.72 3.18 1.9
1.82 2.74 3.18 1.92
1.8 2.58 3.16 1.74
1.78 3.02 2.88 1.9
1.9 2.44 3.46 1.9
1.88 2.32 3.58 1.9
1.78 2.62 3.2 1.82
1.84 2.88 3.12 2.0
1.88 2.78 3.3 2.08
1.78 2.54 3.16 1.7
1.8 2.6 3.24 1.84
1.8 2.52 3.4 1.92
1.72 2.62 3.12 1.74
1.76 2.78 3.0 1.78
1.76 2.48 3.18 1.66
1.86 2.78 3.3 2.08
1.8 2.9 3.06 1.96
1.8 2.42 3.32 1.74
1.82 2.92 3.08 2.0
1.8 2.66 3.06 1.72
1.8 2.82 3.0 1.82
1.7 2.64 3.1 1.74
1.88 2.92 3.18 2.1
1.82 2.72 3.0 1.72
1.74 2.9 2.86 1.76
1.8 2.68 3.2 1.88
1.8 2.8 2.92 1.72
1.76 2.62 3.26 1.88
1.88 2.92 3.14 2.06
1.74 2.66 3.02 1.68
1.72 3.1 2.7 1.8
1.76 2.88 2.86 1.74
1.9 2.96 3.22 2.18
1.76 2.78 3.02 1.8
1.82 2.9 3.02 1.92
1.82 2.7 3.28 1.98
1.72 2.86 2.86 1.72
1.84 2.84 3.22 2.06
1.76 2.74 3.08 1.82
1.78 2.7 3.08 1.78
1.78 2.58 3.26 1.84
1.82 2.82 3.04 1.86
1.74 2.68 2.92 1.6
1.7 2.7 3.08 1.78
1.82 2.98 2.9 1.88
1.8 2.62 3.24 1.86
1.74 2.6 3.28 1.88
1.88 2.84 3.2 2.04
1.86 2.7 3.3 2.0
1.8 2.64 3.18 1.82
1.86 2.8 3.1 1.9
1.82 2.74 3.2 1.94
1.84 2.98 2.96 1.94
1.74 2.82 2.92 1.74
1.88 2.4 3.44 1.84
1.82 2.54 3.42 1.96
1.76 2.78 2.96 1.74
1.76 2.56 3.08 1.64
1.82 2.96 3.06 2.02
1.86 2.7 3.34 2.04
1.78 2.88 2.98 1.86
1.86 2.66 3.2 1.86
1.84 2.72 3.28 2.0
1.88 3.12 3.06 2.18
1.78 3.16 2.88 2.04
1.7 2.5 2.94 1.44
1.76 2.8 2.96 1.76
1.8 2.6 3.12 1.72
1.8 2.9 2.98 1.88
1.8 2.46 3.22 1.68
1.82 3.08 2.94 2.02
1.78 2.66 3.2 1.86
1.86 2.48 3.32 1.8
1.82 2.64 3.16 1.8
1.82 2.56 3.5 2.06
1.76 2.94 3.02 1.96
1.8 2.34 3.6 1.94
1.84 2.7 3.24 1.94
1.8 2.94 2.96 1.9
1.72 2.78 2.88 1.66
1.78 2.26 3.48 1.74
1.76 2.46 3.2 1.66
1.84 2.88 3.18 2.06
1.76 2.6 3.02 1.62
1.7 2.6 3.08 1.68
1.84 2.58 3.18 1.76
1.78 2.82 2.94 1.76
1.72 2.34 3.32 1.66
1.78 2.34 3.44 1.78
1.76 3.04 2.72 1.76
1.74 3.4 2.54 1.94
1.78 2.7 3.2 1.9
1.72 2.86 2.82 1.68
1.78 2.96 3.0 1.96
1.86 3.26 3.0 2.26
1.86 2.64 3.5 2.14
1.8 2.84 3.14 1.98
1.78 2.88 3.1 1.98
1.62 2.38 2.98 1.36
1.82 3.04 3.02 2.06
1.72 2.34 3.0 1.34
1.8 2.62 3.2 1.82
1.74 2.68 3.0 1.68
1.8 2.8 3.12 1.92
1.76 2.7 3.14 1.84
1.9 3.0 3.14 2.14
1.86 3.06 3.02 2.08
1.68 2.58 3.2 1.78
1.74 2.9 3.02 1.92
1.72 2.82 2.86 1.68
1.74 2.68 3.12 1.8
1.94 3.06 3.14 2.2
1.7 3.0 2.66 1.66
1.74 2.6 3.1 1.7
1.76 2.8 3.08 1.88
1.76 2.58 3.24 1.82
1.88 3.08 2.94 2.02
1.76 2.9 3.04 1.94
1.86 3.1 3.0 2.1
1.84 2.86 3.34 2.2
1.82 2.86 2.94 1.8
1.84 2.64 3.36 2.0
1.86 2.76 3.34 2.1
1.78 2.82 3.1 1.92
1.86 2.78 3.1 1.88
1.76 2.78 2.92 1.7
1.78 2.78 2.98 1.76
1.84 3.06 3.04 2.1
1.84 2.8 3.16 1.96
1.86 3.02 3.04 2.06
1.86 2.66 3.26 1.92
1.86 2.68 3.28 1.96
1.8 2.94 3.06 2.0
1.78 2.86 3.08 1.94
1.8 2.88 2.9 1.78
1.78 2.52 3.22 1.74
1.78 3.02 3.06 2.08
1.8 2.64 3.3 1.94
1.78 2.74 3.06 1.8
1.76 2.44 3.32 1.76
1.7 2.78 2.98 1.76
1.74 2.76 2.94 1.7
1.82 2.94 2.96 1.9
1.8 2.82 3.18 2.0
1.82 2.38 3.48 1.86
1.84 2.84 3.08 1.92
1.88 2.86 3.26 2.12
1.72 2.82 3.0 1.82
1.84 2.58 3.34 1.92
1.74 2.52 3.3 1.82
1.86 3.02 2.92 1.94
1.68 2.6 3.02 1.62
1.7 2.82 2.88 1.7
1.82 2.78 3.08 1.86
1.76 2.76 3.04 1.8
1.78 2.8 3.14 1.94
1.84 2.32 3.6 1.92
1.86 2.6 3.38 1.98
1.82 2.44 3.44 1.88
1.82 2.6 3.22 1.82
1.8 3.02 2.9 1.92
1.7 2.74 2.9 1.64
1.76 2.8 3.04 1.84
1.78 2.78 3.1 1.88
1.82 2.48 3.44 1.92
1.84 2.92 2.98 1.9
1.72 2.64 3.02 1.66
1.84 2.84 3.16 2.0
1.86 2.98 3.26 2.24
1.86 2.38 3.48 1.86
1.82 2.9 3.02 1.92
1.82 2.94 3.2 2.14
1.7 2.78 2.84 1.62
1.74 2.32 3.42 1.74
1.86 2.68 3.32 2.0
1.82 2.56 3.44 2.0
1.88 2.5 3.32 1.82
1.82 2.9 3.16 2.06
1.86 2.68 3.24 1.92
1.74 2.74 3.0 1.74
1.74 2.6 3.32 1.92
1.62 3.06 2.34 1.4
1.74 2.64 3.1 1.74
1.86 2.62 3.34 1.96
1.8 2.78 3.3 2.08
1.84 2.7 3.16 1.86
1.76 2.32 3.4 1.72
1.84 2.68 3.14 1.82
1.84 3.08 3.08 2.16
1.78 2.46 3.38 1.84
1.92 3.28 3.0 2.28
1.7 2.82 2.78 1.6
1.86 2.62 3.36 1.98
1.78 3.18 2.7 1.88
1.74 2.64 3.02 1.66
1.8 2.7 3.1 1.8
1.7 2.92 2.84 1.76
1.78 2.86 3.0 1.86
1.82 2.8 3.04 1.84
1.94 2.84 3.12 1.96
1.72 2.54 3.12 1.66
1.88 2.46 3.36 1.82
1.8 3.32 2.78 2.1
1.88 2.78 3.22 2.0
1.7 2.52 3.18 1.7
1.82 2.46 3.32 1.78
1.8 2.76 3.08 1.84
1.74 3.0 2.74 1.74
1.76 2.5 3.4 1.9
1.86 2.66 3.3 1.96
1.78 2.48 3.1 1.58
1.84 2.94 2.98 1.92
1.8 2.46 3.36 1.82
1.86 2.8 3.18 1.98
1.74 2.8 3.0 1.8
1.68 2.68 2.82 1.5
1.72 2.3 3.32 1.62
1.86 2.74 3.22 1.96
1.88 2.68 3.3 1.98
1.86 2.64 3.42 2.06
1.8 2.76 3.1 1.86
1.8 3.12 2.84 1.96
1.8 2.68 3.24 1.92
1.86 3.12 2.94 2.06
1.78 2.78 3.0 1.78
1.82 2.9 3.16 2.06
1.8 3.04 2.98 2.02
1.86 3.32 2.84 2.16
1.7 2.74 2.84 1.58
1.88 2.74 3.42 2.16
1.9 2.66 3.44 2.1
1.82 2.82 3.22 2.04
1.84 2.44 3.32 1.76
1.82 2.68 3.32 2.0
1.86 3.02 3.0 2.02
1.86 2.88 3.06 1.94
1.72 2.88 2.74 1.62
1.84 2.5 3.34 1.84
1.8 2.64 3.4 2.04
1.88 2.98 3.04 2.02
1.8 2.98 2.98 1.96
1.8 2.42 3.2 1.62
1.84 2.72 3.18 1.9
1.84 2.5 3.46 1.96
1.8 2.74 3.08 1.82
1.78 2.9 2.98 1.88
1.9 2.54 3.56 2.1
1.74 2.7 2.92 1.62
1.74 2.64 3.04 1.68
1.86 2.8 3.04 1.84
1.84 2.86 3.2 2.06
1.84 3.0 3.0 2.0
1.76 2.6 3.22 1.82
1.76 2.62 3.14 1.76
1.8 2.66 3.08 1.74
1.78 2.92 2.92 1.84
1.76 3.04 2.66 1.7
1.84 2.64 3.2 1.84
1.82 2.52 3.32 1.84
1.82 2.28 3.52 1.8
1.8 3.38 2.76 2.14
1.86 2.6 3.42 2.02
1.8 2.36 3.48 1.84
1.82 3.12 2.9 2.02
1.8 2.58 3.14 1.72
1.82 2.54 3.38 1.92
1.76 2.7 3.06 1.76
1.74 2.5 3.32 1.82
1.78 2.8 3.0 1.8
1.88 2.82 3.34 2.16
1.82 2.74 3.12 1.86
1.8 2.88 3.04 1.92
1.82 2.74 3.26 2.0
1.8 2.64 3.18 1.82
1.8 2.82 3.06 1.88
1.88 3.02 3.1 2.12
1.84 2.78 3.06 1.84
1.74 3.0 2.86 1.86
1.86 2.88 3.1 1.98
1.86 2.7 3.36 2.06
1.78 2.86 3.04 1.9
1.76 2.74 2.94 1.68
1.76 2.58 3.1 1.68
1.78 2.8 3.12 1.92
1.78 2.68 2.94 1.62
1.9 2.56 3.32 1.88
1.78 2.8 2.98 1.78
1.7 2.6 3.08 1.68
1.9 3.04 3.22 2.26
1.74 2.86 2.84 1.7
1.76 2.6 3.0 1.6
1.92 2.6 3.62 2.22
1.86 2.6 3.36 1.96
1.88 2.9 3.26 2.16
1.9 2.74 3.06 1.8
1.82 2.78 3.2 1.98
1.78 2.66 3.08 1.74
1.76 2.72 3.04 1.76
1.78 2.68 3.26 1.94
1.78 2.52 3.44 1.96
1.86 2.26 3.52 1.78
1.8 2.46 3.28 1.74
1.7 2.36 3.18 1.54
1.82 2.86 3.14 2.0
1.86 3.08 3.12 2.2
1.92 2.44 3.5 1.94
1.86 2.7 3.1 1.8
1.88 2.56 3.42 1.98
1.74 2.36 3.26 1.62
1.76 2.64 3.18 1.82
1.82 2.92 3.04 1.96
1.8 2.62 2.98 1.6
1.86 3.0 3.0 2.0
1.78 2.58 3.16 1.74
1.88 2.94 3.12 2.06
1.84 2.86 3.02 1.88
1.86 2.7 3.28 1.98
1.78 2.88 3.02 1.9
1.78 2.76 3.06 1.82
1.8 3.34 2.66 2.0
1.92 2.88 3.18 2.06
1.86 2.68 3.34 2.02
1.8 2.54 3.32 1.86
1.68 2.48 3.08 1.56
1.8 2.58 3.0 1.58
1.8 2.66 3.28 1.94
1.84 2.82 3.24 2.06
1.82 3.06 2.98 2.04
1.8 2.26 3.58 1.84
1.76 2.38 3.28 1.66
1.82 2.4 3.46 1.86
1.82 2.88 2.94 1.82
1.74 2.72 3.06 1.78
1.78 2.9 3.02 1.92
1.88 2.72 3.26 1.98
1.78 2.46 3.06 1.52
1.78 2.52 3.42 1.94
1.78 2.44 3.22 1.66
1.88 3.1 3.04 2.14
1.78 2.92 2.9 1.82
1.9 2.98 3.18 2.16
1.8 2.82 3.04 1.86
1.74 2.84 2.98 1.82
1.72 2.64 2.98 1.62
1.76 2.64 3.02 1.66
1.92 2.9 3.12 2.02
1.76 2.66 3.04 1.7
1.78 2.64 3.02 1.66
1.88 2.72 3.4 2.12
1.74 2.88 2.92 1.8
1.72 2.54 3.18 1.72
1.88 2.52 3.52 2.04
1.82 2.74 3.18 1.92
1.76 2.56 3.12 1.68
1.74 2.72 2.94 1.66
1.84 2.8 3.04 1.84
1.76 3.32 2.54 1.86
1.88 3.02 3.14 2.16
1.78 2.74 3.04 1.78
1.84 2.82 3.16 1.98
1.84 3.02 3.08 2.1
1.84 2.96 3.1 2.06
1.82 2.36 3.46 1.82
1.74 2.9 2.88 1.78
1.74 2.76 3.0 1.76
1.82 2.86 3.16 2.02
1.86 2.86 2.98 1.84
1.78 2.78 3.02 1.8
1.8 2.98 2.92 1.9
1.86 2.76 3.26 2.02
1.78 2.62 3.26 1.88
1.82 2.82 3.22 2.04
1.76 2.74 3.02 1.76
1.86 2.64 3.26 1.9
1.82 3.08 3.04 2.12
1.72 2.82 2.84 1.66
1.72 2.58 3.06 1.64
1.84 2.58 3.32 1.9
1.8 2.94 3.02 1.96
1.88 2.7 3.3 2.0
1.74 2.82 2.9 1.72
1.86 2.66 3.34 2.0
1.88 2.76 3.2 1.96
1.84 2.78 3.26 2.04
1.82 2.76 3.08 1.84
1.84 2.46 3.52 1.98
1.9 2.22 3.74 1.96
1.8 2.28 3.62 1.9
1.9 2.92 3.3 2.22
1.8 2.56 3.3 1.86
1.74 2.68 3.1 1.78
1.88 2.94 3.12 2.06
1.74 2.86 3.1 1.96
1.76 2.74 2.98 1.72
1.74 2.66 2.98 1.64
1.76 2.58 3.14 1.72
1.72 3.0 2.74 1.74
1.72 2.48 3.12 1.6
1.8 2.92 3.02 1.94
1.74 2.38 3.24 1.62
1.78 2.7 2.98 1.68
1.78 2.46 3.18 1.64
1.76 2.8 2.98 1.78
1.8 3.1 2.92 2.02
1.72 2.68 3.06 1.74
1.74 2.6 3.12 1.72
1.9 2.92 3.04 1.96
1.9 2.46 3.66 2.12
1.82 2.54 3.26 1.8
1.88 2.74 3.16 1.9
1.76 2.7 3.08 1.78
1.8 2.74 3.04 1.78
1.88 2.64 3.36 2.0
1.84 2.72 3.22 1.94
1.8 2.62 3.24 1.86
1.74 2.72 2.92 1.64
1.82 3.26 2.84 2.1
1.78 2.78 3.12 1.9
1.84 2.72 3.12 1.84
1.8 2.58 3.32 1.9
1.84 2.28 3.66 1.94
1.84 2.6 3.3 1.9
1.84 2.84 3.1 1.94
1.88 3.0 3.06 2.06
1.88 2.5 3.5 2.0
1.76 2.68 3.04 1.72
1.82 2.94 3.0 1.94
1.74 2.84 3.06 1.9
1.74 2.62 3.1 1.72
1.64 2.74 2.72 1.46
1.72 2.72 2.98 1.7
1.9 3.36 2.94 2.3
1.82 2.56 3.3 1.86
1.72 2.84 2.9 1.74
1.88 2.78 3.36 2.14
1.84 2.56 3.58 2.14
1.86 2.78 3.14 1.92
1.78 2.68 3.26 1.94
1.76 2.54 3.38 1.92
1.78 2.64 3.24 1.88
1.72 2.38 3.24 1.62
1.78 2.74 3.08 1.82
1.92 3.32 2.92 2.24
1.82 2.64 3.26 1.9
1.66 2.68 2.86 1.54
1.8 2.88 3.18 2.06
1.88 2.72 3.32 2.04
1.88 2.92 3.32 2.24
1.84 2.6 3.24 1.84
1.76 2.88 2.82 1.7
1.76 2.92 2.82 1.74
1.82 2.82 3.36 2.18
1.9 2.92 3.34 2.26
1.88 2.84 3.24 2.08
1.82 2.86 3.06 1.92
1.86 2.78 3.1 1.88
1.9 2.98 3.04 2.02
1.84 2.78 3.14 1.92
1.88 2.6 3.32 1.92
1.68 2.62 2.72 1.34
1.9 2.98 3.16 2.14
1.72 2.66 3.1 1.76
1.82 2.8 3.14 1.94
1.86 2.76 3.28 2.04
1.74 2.54 3.18 1.72
1.88 2.86 3.2 2.06
1.86 3.26 2.88 2.14
1.74 2.38 3.18 1.56
1.78 2.36 3.5 1.86
1.76 2.86 2.96 1.82
1.8 2.8 3.24 2.04
1.8 2.52 3.18 1.7
1.92 2.88 3.16 2.04
1.82 2.42 3.44 1.86
1.74 2.92 2.9 1.82
1.76 2.8 3.04 1.84
1.72 3.08 2.64 1.72
1.86 3.02 3.12 2.14
1.86 2.5 3.52 2.02
1.76 2.7 3.22 1.92
1.82 2.8 3.02 1.82
1.9 2.68 3.28 1.96
1.68 2.56 3.14 1.7
1.86 2.8 3.2 2.0
1.84 2.66 3.42 2.08
1.8 3.0 2.9 1.9
1.78 2.58 3.24 1.82
1.72 2.62 2.86 1.48
1.82 2.58 3.26 1.84
1.84 2.74 3.22 1.96
1.8 2.72 3.28 2.0
1.84 2.4 3.38 1.78
1.84 2.72 3.12 1.84
1.72 2.68 3.02 1.7
1.78 2.82 3.06 1.88
1.82 2.78 3.38 2.16
1.72 2.72 3.02 1.74
1.78 2.44 3.12 1.56
1.72 2.6 3.16 1.76
1.82 2.64 3.26 1.9
1.82 2.4 3.4 1.8
1.86 2.78 3.1 1.88
1.78 2.76 3.12 1.88
1.84 2.78 3.22 2.0
1.8 2.86 3.06 1.92
1.78 2.64 3.22 1.86
1.76 2.94 2.86 1.8
1.88 2.66 3.12 1.78
1.76 3.16 2.66 1.82
1.78 2.3 3.46 1.76
1.84 2.44 3.44 1.88
1.74 2.8 2.92 1.72
1.88 2.92 3.2 2.12
1.78 2.58 3.08 1.66
1.74 2.74 2.98 1.72
1.84 2.64 3.28 1.92
1.74 2.98 2.86 1.84
1.68 2.74 2.92 1.66
1.76 2.52 3.18 1.7
1.8 2.76 3.0 1.76
1.78 2.7 3.1 1.8
1.8 2.84 2.98 1.82
1.72 3.32 2.4 1.72
1.74 2.96 2.84 1.8
1.82 2.58 3.36 1.94
1.76 2.36 3.34 1.7
1.76 2.88 2.86 1.74
1.84 2.66 3.34 2.0
1.86 2.64 3.24 1.88
1.86 2.68 3.38 2.06
1.8 3.06 2.76 1.82
1.74 2.94 2.82 1.76
1.72 2.44 3.18 1.62
1.82 2.7 3.32 2.02
1.8 2.62 3.36 1.98
1.78 2.82 2.98 1.8
1.76 3.04 2.88 1.92
1.74 2.82 3.0 1.82
1.8 2.96 2.9 1.86
1.82 2.86 3.22 2.08
1.74 2.3 3.2 1.5
1.8 2.66 3.22 1.88
1.76 2.52 3.16 1.68
1.76 2.36 3.38 1.74
1.72 2.9 2.78 1.68
1.8 2.64 3.1 1.74
1.8 2.5 3.42 1.92
1.9 3.0 3.08 2.08
1.8 3.02 3.0 2.02
1.76 2.82 2.98 1.8
1.84 2.98 3.02 2.0
1.86 2.86 3.02 1.88
1.74 3.0 2.72 1.72
1.82 2.48 3.44 1.92
1.78 2.96 2.82 1.78
1.76 2.9 3.02 1.92
1.86 3.04 2.96 2.0
1.86 2.98 3.14 2.12
1.82 2.68 3.12 1.8
1.88 2.64 3.28 1.92
1.82 2.54 3.34 1.88
1.68 2.62 2.96 1.58
1.7 2.9 2.68 1.58
1.78 2.4 3.32 1.72
1.86 2.98 3.0 1.98
1.86 3.0 2.88 1.88
1.76 2.82 3.16 1.98
1.72 2.78 2.88 1.66
1.76 2.4 3.18 1.58
1.78 2.86 3.06 1.92
1.86 2.76 3.28 2.04
1.86 3.1 2.96 2.06
1.82 2.32 3.36 1.68
1.76 2.64 3.16 1.8
1.68 2.66 2.98 1.64
1.76 2.56 3.24 1.8
1.86 2.74 3.26 2.0
1.84 2.94 3.08 2.02
1.76 2.46 3.36 1.82
1.74 2.6 3.12 1.72
1.82 2.3 3.64 1.94
1.74 2.76 3.06 1.82
1.74 2.44 3.2 1.64
1.82 2.46 3.48 1.94
1.8 2.78 3.16 1.94
1.78 2.54 3.1 1.64
1.8 2.72 3.06 1.78
1.86 2.8 3.24 2.04
1.8 2.66 3.22 1.88
1.72 2.56 3.06 1.62
1.76 2.72 3.04 1.76
1.82 2.66 3.18 1.84
1.78 2.42 3.16 1.58
1.92 2.68 3.28 1.96
1.82 2.64 3.14 1.78
1.74 2.82 2.96 1.78
1.84 2.78 3.16 1.94
1.66 2.48 2.88 1.36
1.82 2.8 3.14 1.94
1.76 2.88 2.84 1.72
1.72 3.26 2.58 1.84
1.72 3.16 2.72 1.88
1.74 3.02 2.78 1.8
1.8 2.82 3.14 1.96
1.8 2.46 3.32 1.78
1.8 2.62 3.24 1.86
1.82 3.12 2.94 2.06
1.82 2.46 3.5 1.96
1.76 2.94 3.08 2.02
1.82 2.46 3.42 1.88
1.86 2.7 3.18 1.88
1.8 2.58 3.16 1.74
1.86 2.82 3.1 1.92
1.78 2.66 3.02 1.68
1.78 2.94 2.84 1.78
1.76 2.96 2.86 1.82
1.74 2.6 3.24 1.84
1.88 2.94 3.22 2.16
1.84 2.88 3.2 2.08
1.8 3.04 2.92 1.96
1.94 2.86 3.44 2.3
1.82 2.62 3.38 2.0
1.88 2.9 3.26 2.16
1.84 2.72 3.28 2.0
1.82 2.82 3.18 2.0
1.76 2.56 3.04 1.6
1.66 2.3 3.08 1.38
1.92 2.6 3.4 2.0
1.84 2.76 3.1 1.86
1.78 2.74 3.14 1.88
1.84 2.8 3.1 1.9
1.76 2.86 2.88 1.74
1.8 2.96 3.0 1.96
1.82 2.84 3.1 1.94
1.84 2.74 3.3 2.04
1.84 2.98 3.02 2.0
1.88 3.02 3.04 2.06
1.8 2.64 3.2 1.84
1.82 2.72 3.22 1.94
1.72 2.68 3.06 1.74
1.8 2.5 3.2 1.7
1.74 2.68 2.96 1.64
1.8 2.66 3.2 1.86
1.78 3.18 2.78 1.96
1.68 2.66 2.88 1.54
1.7 2.64 3.06 1.7
1.72 2.54 3.04 1.58
1.92 3.06 3.14 2.2
1.8 3.0 2.94 1.94
1.86 2.6 3.22 1.82
1.86 2.52 3.44 1.96
1.82 2.6 3.3 1.9
1.82 2.78 3.24 2.02
1.82 2.56 3.18 1.74
1.76 2.66 3.24 1.9
1.7 2.46 3.24 1.7
1.86 2.9 3.08 1.98
1.82 3.04 3.0 2.04
1.76 2.6 3.08 1.68
1.78 2.78 2.98 1.76
1.7 2.72 2.9 1.62
1.76 2.72 3.08 1.8
1.76 2.58 3.36 1.94
1.74 2.72 2.96 1.68
1.78 2.9 2.86 1.76
1.78 2.44 3.32 1.76
1.88 3.08 2.96 2.04
1.88 2.76 3.26 2.02
1.78 2.66 3.18 1.84
1.8 2.38 3.42 1.8
1.78 2.72 3.08 1.8
1.78 2.92 2.96 1.88
1.72 2.64 3.06 1.7
1.84 2.72 3.36 2.08
1.74 2.98 2.76 1.74
1.8 2.82 2.94 1.76
1.64 2.3 3.14 1.44
1.82 2.38 3.46 1.84
1.76 2.24 3.42 1.66
1.82 2.88 3.22 2.1
1.82 2.4 3.36 1.76
1.84 2.6 3.32 1.92
1.82 2.72 3.28 2.0
1.82 2.82 3.14 1.96
1.84 3.2 2.88 2.08
1.84 2.84 3.12 1.96
1.86 3.24 2.82 2.06
1.8 2.54 3.28 1.82
1.84 2.76 3.08 1.84
1.84 2.6 3.28 1.88
1.8 2.56 3.34 1.9
1.8 2.68 3.06 1.74
1.86 2.56 3.5 2.06
1.88 2.52 3.74 2.26
1.78 2.44 3.2 1.64
1.9 2.76 3.28 2.04
1.82 2.84 3.24 2.08
1.82 2.6 3.38 1.98
1.84 2.36 3.38 1.74
1.8 2.3 3.38 1.68
1.8 2.9 2.82 1.72
1.8 2.74 2.96 1.7
1.84 2.8 3.2 2.0
1.74 2.7 2.92 1.62
1.78 2.74 3.12 1.86
1.78 2.64 3.2 1.84
1.88 2.84 3.3 2.14
1.8 2.74 3.08 1.82
1.8 3.04 2.88 1.92
1.72 2.9 2.86 1.76
1.9 2.8 3.38 2.18
1.92 2.84 3.36 2.2
1.74 2.98 2.88 1.86
1.82 2.44 3.18 1.62
1.84 2.42 3.42 1.84
1.82 2.78 3.18 1.96
1.78 2.46 3.08 1.54
1.74 2.4 3.24 1.64
1.92 2.58 3.32 1.9
1.8 2.64 3.08 1.72
1.8 2.36 3.4 1.76
1.84 3.08 2.92 2.0
1.8 2.7 3.12 1.82
1.86 2.68 3.28 1.96
1.82 3.04 2.94 1.98
1.78 3.16 2.84 2.0
1.8 3.14 2.66 1.8
1.9 2.48 3.56 2.04
1.7 3.08 2.68 1.76
1.8 3.22 2.8 2.02
1.86 2.64 3.44 2.08
1.7 2.82 2.88 1.7
1.86 2.94 3.2 2.14
1.8 2.36 3.38 1.74
1.8 2.74 3.22 1.96
1.76 3.14 2.78 1.92
1.82 3.14 2.9 2.04
1.84 3.16 3.02 2.18
1.76 2.98 2.94 1.92
1.7 2.86 2.78 1.64
1.84 3.06 3.04 2.1
1.74 2.28 3.3 1.58
1.86 2.98 3.0 1.98
1.76 2.7 3.26 1.96
1.88 3.04 3.0 2.04
1.86 2.86 3.1 1.96
1.76 3.02 2.9 1.92
1.74 2.5 3.26 1.76
1.8 2.64 3.28 1.92
1.88 2.88 3.18 2.06
1.76 3.08 2.92 2.0
1.86 2.72 3.34 2.06
1.76 2.64 3.02 1.66
1.86 2.8 3.1 1.9
1.84 2.94 2.86 1.8
1.8 2.46 3.32 1.78
1.84 2.7 3.4 2.1
1.8 2.7 3.28 1.98
1.96 2.62 3.44 2.06
1.8 2.4 3.28 1.68
1.8 2.88 3.02 1.9
1.72 3.06 2.76 1.82
1.86 3.36 2.84 2.2
1.72 2.96 2.72 1.68
1.8 3.18 2.94 2.12
1.86 2.88 3.16 2.04
1.72 2.62 3.02 1.64
1.8 2.98 2.82 1.8
1.86 2.76 3.3 2.06
1.9 2.72 3.34 2.06
1.78 3.18 2.72 1.9
1.82 2.8 3.2 2.0
1.84 2.36 3.36 1.72
1.8 2.66 2.98 1.64
1.78 3.02 2.86 1.88
1.82 2.86 3.1 1.96
1.8 3.04 2.84 1.88
1.8 2.46 3.3 1.76
1.78 3.18 2.74 1.92
1.88 3.0 3.04 2.04
1.8 2.98 3.12 2.1
1.86 2.62 3.42 2.04
1.8 2.68 3.18 1.86
1.8 2.72 3.16 1.88
1.82 2.38 3.4 1.78
1.84 2.88 3.12 2.0
1.76 2.56 3.3 1.86
1.78 2.84 3.06 1.9
1.86 2.0 3.86 1.86
1.86 2.34 3.56 1.9
1.86 3.06 3.1 2.16
1.84 2.98 3.06 2.04
1.76 3.26 2.62 1.88
1.86 2.84 3.26 2.1
1.86 2.7 3.3 2.0
1.86 2.78 3.16 1.94
1.74 2.38 3.28 1.66
1.88 2.58 3.3 1.88
1.76 2.98 2.7 1.68
1.78 2.52 3.24 1.76
1.72 2.48 3.26 1.74
1.72 2.46 3.14 1.6
1.84 3.16 2.86 2.02
1.82 2.44 3.52 1.96
1.7 3.12 2.74 1.86
1.78 2.78 3.2 1.98
1.88 2.6 3.28 1.88
1.76 2.92 2.86 1.78
1.82 3.18 2.92 2.1
1.86 3.1 2.92 2.02
1.74 3.04 2.86 1.9
1.84 2.54 3.42 1.96
1.82 3.12 2.76 1.88
1.86 2.7 3.26 1.96
1.82 2.78 3.06 1.84
1.72 2.72 2.96 1.68
1.8 3.08 2.94 2.02
1.7 2.44 3.16 1.6
1.9 2.84 3.32 2.16
1.74 2.7 3.02 1.72
1.8 2.7 3.28 1.98
1.76 2.78 2.96 1.74
1.78 2.74 3.2 1.94
1.6 2.58 2.74 1.32
1.78 3.08 2.94 2.02
1.84 2.5 3.46 1.96
1.8 2.86 3.04 1.9
1.84 2.98 3.14 2.12
1.68 2.5 2.94 1.44
1.8 2.54 3.28 1.82
1.86 2.96 3.12 2.08
1.86 2.98 3.02 2.0
1.76 2.6 3.28 1.88
1.76 2.8 3.08 1.88
1.84 2.78 3.2 1.98
1.82 2.48 3.24 1.72
1.78 2.76 3.24 2.0
1.82 2.4 3.48 1.88
1.72 2.52 3.12 1.64
1.8 2.96 3.06 2.02
1.88 3.4 2.78 2.18
1.84 2.68 3.36 2.04
1.82 2.86 3.06 1.92
1.82 2.66 3.16 1.82
1.72 2.64 3.06 1.7
1.74 2.62 3.08 1.7
1.82 2.74 3.14 1.88
1.84 2.52 3.38 1.9
1.68 2.66 3.0 1.66
1.84 2.64 3.26 1.9
1.86 2.74 3.26 2.0
1.88 2.88 3.1 1.98
1.84 2.76 3.2 1.96
1.84 2.84 3.2 2.04
1.84 2.7 3.26 1.96
1.94 3.22 3.14 2.36
1.88 2.28 3.76 2.04
1.74 2.92 2.78 1.7
1.74 2.88 2.88 1.76
1.74 2.32 3.14 1.46
1.84 2.76 3.32 2.08
1.9 3.0 3.22 2.22
1.76 2.86 2.94 1.8
1.74 2.84 2.86 1.7
1.78 2.88 3.02 1.9
1.9 2.96 3.24 2.2
1.82 2.46 3.26 1.72
1.82 2.92 2.94 1.86
1.72 2.34 3.4 1.74
1.68 2.46 3.06 1.52
1.78 2.62 3.1 1.72
1.8 2.88 3.16 2.04
1.8 2.88 2.92 1.8
1.72 2.78 2.88 1.66
1.78 3.04 2.8 1.84
1.88 3.16 2.96 2.12
1.78 3.02 2.96 1.98
1.8 2.86 3.04 1.9
1.72 2.98 2.68 1.66
1.76 2.84 2.84 1.68
1.86 3.26 2.84 2.1
1.78 2.64 3.18 1.82
1.86 2.6 3.46 2.06
1.84 2.8 3.14 1.94
1.9 2.66 3.34 2.0
1.8 2.6 3.46 2.06
1.8 2.84 3.12 1.96
1.76 2.72 3.12 1.84
1.66 2.8 2.66 1.46
1.9 2.84 3.3 2.14
1.74 2.8 2.9 1.7
1.8 2.58 3.34 1.92
1.84 2.6 3.34 1.94
1.82 2.72 3.14 1.86
1.78 2.66 3.26 1.92
1.78 2.74 3.04 1.78
1.86 2.48 3.52 2.0
1.8 2.74 3.26 2.0
1.84 2.54 3.3 1.84
1.7 2.78 2.9 1.68
1.74 2.64 2.88 1.52
1.86 3.3 2.86 2.16
1.74 2.7 3.08 1.78
1.8 2.38 3.4 1.78
1.86 2.66 3.12 1.78
1.84 2.58 3.4 1.98
1.86 2.98 3.2 2.18
1.68 2.96 2.66 1.62
1.82 2.58 3.46 2.04
1.74 2.96 2.86 1.82
1.74 2.52 3.06 1.58
1.8 3.1 2.96 2.06
1.84 2.42 3.6 2.02
1.92 2.86 3.28 2.14
1.76 2.84 2.96 1.8
1.78 2.58 3.18 1.76
1.88 2.88 3.2 2.08
1.74 2.86 2.92 1.78
1.8 2.94 2.96 1.9
1.74 2.9 2.78 1.68
1.9 3.02 3.22 2.24
1.76 2.4 3.46 1.86
1.76 2.72 3.1 1.82
1.82 2.88 3.16 2.04
1.78 2.64 3.16 1.8
1.82 2.22 3.54 1.76
1.88 2.44 3.7 2.14
1.88 2.98 3.2 2.18
1.8 2.4 3.46 1.86
1.84 2.94 3.12 2.06
1.76 2.56 3.14 1.7
1.76 2.32 3.16 1.48
1.74 2.74 2.96 1.7
1.88 3.02 3.08 2.1
1.88 2.86 3.12 1.98
1.7 2.92 2.68 1.6
1.8 3.02 2.84 1.86
1.76 2.94 2.94 1.88
1.8 3.0 3.0 2.0
1.88 2.72 3.2 1.92
1.9 3.04 3.22 2.26
1.78 2.68 2.98 1.66
1.84 2.6 3.18 1.78
1.8 2.54 3.12 1.66
1.78 2.72 3.06 1.78
1.88 2.98 3.14 2.12
1.74 2.44 3.16 1.6
1.9 2.88 3.34 2.22
1.74 2.44 3.1 1.54
1.88 3.0 3.16 2.16
1.82 2.74 3.22 1.96
1.82 2.68 3.3 1.98
1.84 2.56 3.22 1.78
1.74 2.82 2.92 1.74
1.74 2.62 3.26 1.88
1.84 2.48 3.4 1.88
1.84 2.88 3.18 2.06
1.76 2.62 3.26 1.88
1.76 2.66 3.0 1.66
1.78 2.6 3.02 1.62
1.74 2.46 3.24 1.7
1.82 2.26 3.56 1.82
1.66 2.6 2.92 1.52
1.76 3.24 2.76 2.0
1.76 2.58 2.92 1.5
1.74 2.92 2.96 1.88
1.82 3.32 2.8 2.12
1.8 2.74 3.26 2.0
1.88 2.56 3.26 1.82
1.8 2.58 3.14 1.72
1.78 2.96 2.94 1.9
1.82 2.96 2.94 1.9
1.74 2.5 3.02 1.52
1.8 2.5 3.24 1.74
1.78 2.76 3.1 1.86
1.74 2.66 3.08 1.74
1.88 2.24 3.44 1.68
1.7 2.44 3.24 1.68
1.8 3.04 2.9 1.94
1.86 2.68 3.16 1.84
1.84 2.4 3.44 1.84
1.82 2.94 3.0 1.94
1.8 2.72 3.12 1.84
1.74 2.96 2.9 1.86
1.8 2.76 3.18 1.94
1.82 2.56 3.28 1.84
1.74 2.5 3.3 1.8
1.82 2.58 3.28 1.86
1.84 2.78 3.3 2.08
1.78 2.44 3.44 1.88
1.76 2.24 3.42 1.66
1.74 2.92 3.0 1.92
1.86 3.14 3.0 2.14
1.82 2.84 3.0 1.84
1.82 2.82 3.0 1.82
1.8 2.62 3.1 1.72
1.86 2.52 3.52 2.04
1.8 2.62 3.24 1.86
1.82 3.0 3.16 2.16
1.8 2.26 3.3 1.56
1.88 2.72 3.3 2.02
1.76 2.56 3.14 1.7
1.7 3.06 2.74 1.8
1.82 2.92 3.08 2.0
1.76 2.5 3.24 1.74
1.9 2.96 3.28 2.24
1.72 2.48 3.1 1.58
1.78 2.86 3.02 1.88
1.72 2.6 3.02 1.62
1.82 2.5 3.24 1.74
1.84 2.4 3.42 1.82
1.8 2.72 3.1 1.82
1.84 2.48 3.4 1.88
1.7 2.78 2.86 1.64
1.9 2.78 3.32 2.1
1.78 3.0 2.86 1.86
1.84 2.94 3.12 2.06
1.76 2.58 3.14 1.72
1.84 2.52 3.34 1.86
1.8 2.84 3.1 1.94
1.76 2.62 3.12 1.74
1.84 2.5 3.24 1.74
1.78 2.6 3.22 1.82
1.76 2.54 3.24 1.78
1.78 2.84 3.22 2.06
1.74 2.22 3.38 1.6
1.86 2.46 3.42 1.88
1.9 2.68 3.38 2.06
1.8 2.52 3.36 1.88
1.88 2.94 3.22 2.16
1.88 2.44 3.54 1.98
1.78 2.66 2.98 1.64
1.72 2.46 3.26 1.72
1.8 2.4 3.06 1.46
1.82 3.0 3.0 2.0
1.8 2.52 3.36 1.88
1.86 2.88 3.18 2.06
1.82 2.9 2.94 1.84
1.88 2.48 3.62 2.1
1.82 2.5 3.38 1.88
1.9 2.88 3.26 2.14
1.86 2.86 3.22 2.08
1.84 2.62 3.34 1.96
1.8 2.78 3.14 1.92
1.88 3.16 3.0 2.16
1.8 2.5 3.26 1.76
1.82 2.34 3.32 1.66
1.74 2.84 2.96 1.8
1.82 2.68 3.32 2.0
1.84 2.4 3.58 1.98
1.74 2.8 2.98 1.78
1.76 2.54 3.22 1.76
1.74 2.94 2.88 1.82
1.84 2.94 2.98 1.92
1.84 2.66 3.46 2.12
1.86 2.96 3.26 2.22
1.8 3.12 2.88 2.0
1.72 2.78 3.02 1.8
1.66 2.82 2.76 1.58
1.8 2.76 3.16 1.92
1.74 2.18 3.38 1.56
1.78 2.64 3.24 1.88
1.82 3.0 3.0 2.0
1.86 2.66 3.36 2.02
1.84 2.86 3.06 1.92
1.8 3.0 2.84 1.84
1.74 2.64 3.12 1.76
1.7 3.02 2.84 1.86
1.82 2.72 3.14 1.86
1.82 2.6 3.36 1.96
1.84 3.0 3.2 2.2
1.8 2.88 2.94 1.82
1.86 2.86 3.12 1.98
1.72 2.9 2.86 1.76
1.8 2.62 3.26 1.88
1.82 2.7 3.18 1.88
1.78 2.52 3.26 1.78
1.76 2.58 3.06 1.64
1.84 2.54 3.44 1.98
1.76 2.82 3.08 1.9
1.72 2.52 3.18 1.7
1.86 2.62 3.26 1.88
1.84 2.82 3.08 1.9
1.82 2.6 3.44 2.04
1.76 3.18 2.66 1.84
1.76 3.08 2.76 1.84
1.82 2.86 3.14 2.0
1.78 2.94 2.96 1.9
1.78 2.34 3.52 1.86
1.84 3.06 3.12 2.18
1.86 2.7 3.32 2.02
1.72 2.88 2.88 1.76
1.7 2.48 3.1 1.58
1.88 2.98 2.86 1.84
1.84 2.7 3.18 1.88
1.8 2.92 3.0 1.92
1.8 2.72 3.18 1.9
1.86 2.7 3.24 1.94
1.84 2.78 3.22 2.0
1.84 2.76 3.24 2.0
1.84 2.78 3.14 1.92
1.72 2.74 2.98 1.72
1.82 2.66 3.3 1.96
1.8 2.6 3.24 1.84
1.8 2.74 3.1 1.84
1.78 2.74 3.06 1.8
1.78 2.84 3.04 1.88
1.8 2.44 3.36 1.8
1.66 2.64 3.02 1.66
1.84 2.68 3.3 1.98
1.78 2.64 3.06 1.7
1.86 2.86 3.08 1.94
1.8 2.72 3.32 2.04
1.8 2.2 3.36 1.56
1.72 2.62 2.92 1.54
1.92 3.1 3.14 2.24
1.82 2.42 3.38 1.8
1.88 2.86 3.18 2.04
1.88 2.96 3.12 2.08
1.74 2.44 3.2 1.64
1.8 3.26 2.82 2.08
1.9 2.76 3.38 2.14
1.82 2.88 3.08 1.96
1.76 2.66 3.14 1.8
1.68 2.86 2.92 1.78
1.78 2.48 3.14 1.62
1.8 3.12 2.82 1.94
1.76 2.6 3.14 1.74
1.72 2.7 2.98 1.68
1.76 2.76 2.8 1.56
1.84 2.98 3.14 2.12
1.8 2.82 3.22 2.04
1.86 2.78 3.14 1.92
1.72 2.42 3.26 1.68
1.8 2.94 3.04 1.98
1.9 2.62 3.36 1.98
1.8 2.74 3.02 1.76
1.72 2.62 3.12 1.74
1.82 2.64 3.22 1.86
1.86 2.62 3.52 2.14
1.68 2.02 3.44 1.46
1.74 2.32 3.24 1.56
1.8 3.16 2.9 2.06
1.8 2.76 3.08 1.84
1.7 2.66 2.98 1.64
1.8 2.7 2.98 1.68
1.86 2.44 3.46 1.9
1.74 2.66 2.88 1.54
1.7 2.98 2.8 1.78
1.74 2.72 2.94 1.66
1.68 2.64 3.08 1.72
1.86 2.62 3.38 2.0
1.8 2.58 3.26 1.84
1.78 2.72 3.02 1.74
1.78 2.5 3.34 1.84
1.88 2.2 3.8 2.0
1.82 3.22 2.76 1.98
1.74 2.7 3.12 1.82
1.7 2.36 3.24 1.6
1.82 3.04 2.92 1.96
1.8 2.78 3.18 1.96
1.88 2.94 2.98 1.92
1.9 2.66 3.46 2.12
1.86 2.92 3.06 1.98
1.76 2.5 3.2 1.7
1.8 2.52 3.3 1.82
1.78 2.96 3.06 2.02
1.82 3.26 2.8 2.06
1.88 2.88 3.12 2.0
1.82 2.74 3.12 1.86
1.82 3.02 2.94 1.96
1.8 2.34 3.48 1.82
1.86 2.88 3.16 2.04
1.86 2.9 3.18 2.08
1.94 2.4 3.72 2.12
1.7 2.82 2.9 1.72
1.84 2.72 3.16 1.88
1.78 3.02 2.86 1.88
1.78 2.76 3.12 1.88
1.68 2.18 3.24 1.42
1.74 2.54 3.16 1.7
1.78 2.66 3.16 1.82
1.74 2.64 3.06 1.7
1.8 2.68 3.18 1.86
1.8 2.9 3.04 1.94
1.82 2.84 3.08 1.92
1.8 2.78 3.08 1.86
1.82 3.18 2.98 2.16
1.76 2.64 3.18 1.82
1.86 3.08 3.0 2.08
1.88 2.54 3.46 2.0
1.82 2.84 3.08 1.92
1.76 3.24 2.68 1.92
1.78 2.44 3.2 1.64
1.84 3.12 3.1 2.22
1.88 2.72 3.3 2.02
1.88 2.76 3.3 2.06
1.8 2.78 3.0 1.78
1.74 2.24 3.44 1.68
1.76 2.94 2.9 1.84
1.78 3.04 2.8 1.84
1.78 2.74 3.14 1.88
1.64 2.5 3.1 1.6
1.92 2.8 3.4 2.2
1.76 2.96 2.88 1.84
1.78 2.86 3.04 1.9
1.84 2.56 3.2 1.76
1.78 2.66 3.08 1.74
1.72 2.68 2.94 1.62
1.8 2.76 3.04 1.8
1.78 2.56 3.32 1.88
1.84 2.92 3.18 2.1
1.72 2.98 2.8 1.78
1.82 2.8 3.22 2.02
1.74 3.0 2.76 1.76
1.84 2.46 3.54 2.0
1.74 2.52 3.16 1.68
1.72 2.58 3.08 1.66
1.66 2.78 2.74 1.52
1.7 2.6 3.12 1.72
1.82 2.6 3.32 1.92
1.8 2.6 3.26 1.86
1.74 2.38 3.36 1.74
1.7 2.7 2.92 1.62
1.8 2.78 3.02 1.8
1.86 2.78 3.24 2.02
1.76 2.6 3.14 1.74
1.8 2.64 3.32 1.96
1.9 2.56 3.56 2.12
1.78 2.58 3.16 1.74
1.7 2.58 3.0 1.58
1.78 2.56 3.2 1.76
1.76 2.76 3.14 1.9
1.78 2.34 3.36 1.7
1.84 2.18 3.6 1.78
1.82 2.72 3.2 1.92
1.92 3.18 2.92 2.1
1.8 2.54 3.24 1.78
1.82 2.82 3.0 1.82
1.76 2.42 3.16 1.58
1.78 2.6 3.06 1.66
1.82 2.48 3.52 2.0
1.74 2.6 3.26 1.86
1.74 2.54 3.16 1.7
1.8 2.66 3.12 1.78
1.76 2.7 3.08 1.78
1.88 2.7 3.32 2.02
1.8 2.58 3.16 1.74
1.7 2.7 2.9 1.6
1.78 2.8 3.0 1.8
1.72 2.5 3.26 1.76
1.68 2.66 2.76 1.42
1.86 2.74 3.3 2.04
1.74 2.8 2.9 1.7
1.8 2.9 2.98 1.88
1.78 2.9 3.22 2.12
1.76 2.56 3.42 1.98
1.72 2.6 3.14 1.74
1.86 3.04 3.1 2.14
1.78 2.32 3.54 1.86
1.82 2.84 3.0 1.84
1.76 2.54 3.2 1.74
1.84 2.6 3.34 1.94
1.78 2.92 3.06 1.98
1.8 2.56 3.32 1.88
1.78 2.74 3.14 1.88
1.78 2.46 3.36 1.82
1.84 2.88 3.18 2.06
1.78 3.0 2.92 1.92
1.86 2.98 2.96 1.94
1.82 2.84 2.98 1.82
1.76 2.66 3.08 1.74
1.78 3.4 2.54 1.94
1.8 2.66 3.14 1.8
1.76 2.62 3.06 1.68
1.86 2.7 3.1 1.8
1.88 3.16 2.92 2.08
1.74 2.72 3.08 1.8
1.86 2.86 3.26 2.12
1.86 2.48 3.4 1.88
1.8 2.62 3.02 1.64
1.88 2.68 3.36 2.04
1.88 3.02 3.22 2.24
1.86 2.42 3.52 1.94
1.74 2.7 3.02 1.72
1.82 3.22 2.74 1.96
1.82 2.86 3.16 2.02
1.76 2.52 3.14 1.66
1.66 2.58 2.96 1.54
1.8 2.64 3.22 1.86
1.84 2.84 3.2 2.04
1.8 2.96 2.98 1.94
1.88 2.34 3.56 1.9
1.82 2.68 3.14 1.82
1.84 2.94 2.88 1.82
1.7 2.56 3.12 1.68
1.74 2.66 2.98 1.64
1.7 3.06 2.72 1.78
1.86 2.76 3.3 2.06
1.74 2.98 2.84 1.82
1.82 3.18 2.82 2.0
1.78 2.46 3.16 1.62
1.74 2.56 3.28 1.84
1.74 2.94 2.84 1.78
1.84 2.92 3.14 2.06
1.74 3.06 2.86 1.92
1.86 2.94 3.08 2.02
1.82 2.54 3.26 1.8
1.84 2.76 3.24 2.0
1.64 2.52 2.9 1.42
1.8 3.14 2.9 2.04
1.82 2.88 3.08 1.96
1.78 3.12 2.82 1.94
1.84 2.36 3.36 1.72
1.76 2.78 3.08 1.86
1.86 2.82 3.22 2.04
1.9 2.94 3.22 2.16
1.62 2.32 3.0 1.32
1.78 3.4 2.64 2.04
1.74 2.64 3.14 1.78
1.84 2.66 3.3 1.96
1.82 2.54 3.26 1.8
1.86 2.36 3.6 1.96
1.74 2.68 3.08 1.76
1.66 2.54 2.98 1.52
1.82 3.02 3.0 2.02
1.78 3.02 2.76 1.78
1.72 2.54 3.12 1.66
1.8 2.58 3.18 1.76
1.86 2.88 3.12 2.0
1.84 2.44 3.36 1.8
1.84 2.64 3.16 1.8
1.88 2.66 3.34 2.0
1.82 2.6 3.3 1.9
1.76 2.68 2.92 1.6
1.84 2.98 3.04 2.02
1.86 2.8 3.38 2.18
1.76 2.86 2.94 1.8
1.76 2.82 2.98 1.8
1.76 2.7 3.28 1.98
1.9 2.56 3.32 1.88
1.82 3.14 2.8 1.94
1.8 2.72 3.18 1.9
1.8 2.36 3.48 1.84
1.74 2.72 3.14 1.86
1.78 2.8 3.06 1.86
1.72 2.42 3.14 1.56
1.8 2.66 3.24 1.9
1.82 2.88 3.02 1.9
1.8 2.6 3.36 1.96
1.78 2.7 3.04 1.74
1.82 3.08 2.94 2.02
1.82 2.84 3.12 1.96
1.78 2.72 3.06 1.78
1.84 2.74 3.16 1.9
1.82 2.56 3.36 1.92
1.84 2.76 3.12 1.88
1.78 2.8 3.1 1.9
1.88 3.1 3.2 2.3
1.84 2.8 3.04 1.84
1.82 2.82 3.06 1.88
1.76 2.88 2.8 1.68
1.8 3.08 3.04 2.12
1.82 2.84 3.04 1.88
1.78 2.64 3.16 1.8
1.82 2.04 3.6 1.64
1.86 2.58 3.34 1.92
1.66 2.52 2.96 1.48
1.8 2.88 3.14 2.02
1.74 2.84 2.84 1.68
1.8 2.7 3.2 1.9
1.66 2.36 3.14 1.5
1.74 2.76 2.9 1.66
1.82 2.9 3.04 1.94
1.76 2.88 3.04 1.92
1.86 2.68 3.44 2.12
1.92 3.06 3.24 2.3
1.72 2.6 3.12 1.72
1.82 3.1 2.8 1.9
1.7 3.04 2.62 1.66
1.78 2.7 3.22 1.92
1.82 2.82 3.0 1.82
1.8 3.12 2.86 1.98
1.76 2.66 3.02 1.68
1.8 2.58 3.34 1.92
1.86 2.44 3.58 2.02
1.74 2.94 2.88 1.82
1.72 2.64 3.0 1.64
1.84 2.84 3.24 2.08
1.8 2.92 3.1 2.02
1.82 2.72 3.22 1.94
1.92 2.88 3.26 2.14
1.72 2.54 2.98 1.52
1.7 2.6 3.04 1.64
1.76 2.86 2.82 1.68
1.8 2.84 3.04 1.88
1.7 2.78 2.96 1.74
1.76 2.74 3.06 1.8
1.7 2.28 3.22 1.5
1.8 2.78 3.1 1.88
1.76 3.0 2.88 1.88
1.88 2.84 3.2 2.04
1.8 2.68 3.0 1.68
1.88 2.76 3.26 2.02
1.72 2.7 3.0 1.7
1.68 2.7 2.82 1.52
1.76 2.7 3.26 1.96
1.74 2.76 2.94 1.7
1.82 2.78 3.28 2.06
1.84 3.18 2.84 2.02
1.8 3.04 2.92 1.96
1.78 2.86 2.98 1.84
1.72 2.64 3.06 1.7
1.86 3.18 2.94 2.12
1.8 2.74 3.08 1.82
1.88 2.7 3.3 2.0
1.84 2.6 3.3 1.9
1.8 2.86 3.2 2.06
1.8 3.0 2.94 1.94
1.84 2.84 3.04 1.88
1.76 2.8 3.06 1.86
1.78 2.78 2.98 1.76
1.86 2.68 3.4 2.08
1.86 2.72 3.22 1.94
1.74 2.6 3.04 1.64
1.76 2.42 3.32 1.74
1.78 2.48 3.22 1.7
1.8 2.88 3.02 1.9
1.82 2.92 3.0 1.92
1.76 2.88 2.84 1.72
1.88 2.76 3.32 2.08
1.86 2.86 3.3 2.16
1.86 3.0 3.04 2.04
1.74 2.48 3.04 1.52
1.62 2.66 2.84 1.5
1.78 2.54 3.28 1.82
1.74 2.54 3.24 1.78
1.78 2.72 3.18 1.9
1.8 2.38 3.3 1.68
1.78 2.82 3.0 1.82
1.86 2.52 3.5 2.02
1.74 2.8 3.02 1.82
1.64 2.4 2.94 1.34
1.72 3.02 2.7 1.72
1.76 2.92 2.78 1.7
1.78 2.64 3.14 1.78
1.72 2.72 3.04 1.76
1.82 2.56 3.38 1.94
1.78 2.96 2.92 1.88
1.82 3.04 2.86 1.9
1.84 2.4 3.46 1.86
1.84 3.36 2.82 2.18
1.68 2.22 3.12 1.34
1.76 2.46 3.18 1.64
1.84 2.62 3.38 2.0
1.82 2.58 3.26 1.84
1.76 2.54 3.2 1.74
1.78 2.66 3.24 1.9
1.78 2.74 3.1 1.84
1.72 2.52 3.22 1.74
1.78 2.94 2.82 1.76
1.78 2.82 2.92 1.74
1.8 3.18 2.84 2.02
1.8 2.76 3.14 1.9
1.82 2.86 3.12 1.98
1.8 2.4 3.4 1.8
1.78 2.94 2.96 1.9
1.78 2.12 3.54 1.66
1.82 2.34 3.56 1.9
1.78 2.68 3.16 1.84
1.76 2.8 2.92 1.72
1.84 2.64 3.26 1.9
1.88 2.88 3.2 2.08
1.78 2.76 3.14 1.9
1.78 3.0 2.92 1.92
1.8 2.74 3.12 1.86
1.84 2.64 3.12 1.76
1.8 2.66 3.2 1.86
1.82 2.7 3.08 1.78
1.76 2.5 3.1 1.6
1.78 2.54 3.28 1.82
1.78 2.7 3.16 1.86
1.82 2.72 3.24 1.96
1.86 2.84 3.32 2.16
1.76 2.92 2.98 1.9
1.8 2.78 3.02 1.8
1.84 2.56 3.42 1.98
1.78 2.52 3.32 1.84
1.84 2.56 3.08 1.64
1.8 2.24 3.5 1.74
1.76 2.6 3.12 1.72
1.74 3.08 2.8 1.88
1.84 2.96 3.06 2.02
1.78 2.64 3.24 1.88
1.8 2.68 3.22 1.9
1.84 2.66 3.24 1.9
1.82 2.44 3.26 1.7
1.88 2.42 3.48 1.9
1.78 2.88 2.9 1.78
1.8 2.44 3.46 1.9
1.78 2.8 2.86 1.66
1.9 2.92 3.06 1.98
1.8 2.62 3.2 1.82
1.84 2.64 3.28 1.92
1.76 2.76 2.94 1.7
1.8 2.68 3.16 1.84
1.84 2.5 3.4 1.9
1.86 2.76 3.2 1.96
1.76 2.5 3.1 1.6
1.74 2.52 3.28 1.8
1.78 2.8 3.02 1.82
1.78 2.4 3.44 1.84
1.72 2.46 3.26 1.72
1.84 2.72 3.16 1.88
1.78 2.68 3.18 1.86
1.86 3.04 2.92 1.96
1.74 2.74 3.02 1.76
1.76 2.76 3.14 1.9
1.7 2.94 2.72 1.66
1.74 2.6 3.2 1.8
1.76 2.54 3.22 1.76
1.84 2.74 3.16 1.9
1.88 2.76 3.14 1.9
1.88 2.62 3.3 1.92
1.78 2.76 3.18 1.94
1.76 2.54 3.3 1.84
1.72 2.72 2.98 1.7
1.76 2.92 2.9 1.82
1.78 2.66 3.22 1.88
1.76 2.54 3.0 1.54
1.9 2.72 3.3 2.02
1.84 2.98 3.04 2.02
1.84 3.04 2.98 2.02
1.74 2.98 2.84 1.82
1.84 2.58 3.24 1.82
1.8 2.68 3.22 1.9
1.72 2.74 3.08 1.82
1.78 2.6 3.16 1.76
1.8 2.78 2.98 1.76
1.82 2.94 2.9 1.84
1.84 2.52 3.38 1.9
1.9 2.86 3.28 2.14
1.82 3.16 2.8 1.96
1.86 2.74 3.28 2.02
1.76 2.36 3.3 1.66
1.78 2.8 3.08 1.88
1.86 2.84 3.18 2.02
1.84 2.5 3.2 1.7
1.84 3.02 3.06 2.08
1.86 2.74 3.46 2.2
1.76 2.84 2.9 1.74
1.84 2.54 3.5 2.04
1.72 2.96 2.82 1.78
1.82 2.46 3.3 1.76
1.76 2.7 3.04 1.74
1.84 2.56 3.28 1.84
1.88 2.56 3.32 1.88
1.84 2.58 3.3 1.88
1.64 2.54 2.98 1.52
1.92 2.8 3.4 2.2
1.84 2.38 3.54 1.92
1.74 2.5 3.26 1.76
1.9 2.84 3.26 2.1
1.72 2.66 3.02 1.68
1.86 3.1 3.0 2.1
1.76 2.96 2.94 1.9
1.8 2.64 3.18 1.82
1.84 2.78 3.18 1.96
1.86 2.44 3.34 1.78
1.72 2.96 2.8 1.76
1.74 2.78 2.84 1.62
1.74 2.84 2.94 1.78
1.86 2.84 2.98 1.82
1.8 2.6 3.22 1.82
1.72 3.1 2.64 1.74
1.72 2.62 3.16 1.78
1.76 2.78 2.88 1.66
1.8 2.78 3.14 1.92
1.78 2.76 3.04 1.8
1.84 3.02 2.94 1.96
1.78 2.74 3.18 1.92
1.86 2.8 3.24 2.04
1.84 2.88 3.18 2.06
1.8 2.72 3.18 1.9
1.8 2.62 3.34 1.96
1.8 2.76 3.12 1.88
1.74 2.72 3.02 1.74
1.78 3.24 2.88 2.12
1.8 2.66 3.26 1.92
1.86 2.58 3.34 1.92
1.88 2.82 3.32 2.14
1.78 2.88 2.82 1.7
1.8 2.68 3.08 1.76
1.8 2.48 3.06 1.54
1.78 2.96 2.94 1.9
1.7 2.08 3.24 1.32
1.74 2.28 3.26 1.54
1.94 2.82 3.26 2.08
1.84 2.96 3.02 1.98
1.82 2.76 3.3 2.06
1.82 2.74 3.3 2.04
1.84 2.56 3.2 1.76
1.84 3.14 2.82 1.96
1.72 2.78 2.98 1.76
1.9 2.72 3.38 2.1
1.82 2.96 3.06 2.02
1.74 2.64 3.22 1.86
1.74 2.8 3.08 1.88
1.8 2.62 3.14 1.76
1.74 2.76 3.0 1.76
1.78 2.38 3.46 1.84
1.8 3.08 2.96 2.04
1.78 2.94 2.82 1.76
1.7 2.66 3.1 1.76
1.72 2.52 3.18 1.7
1.66 2.82 2.76 1.58
1.9 2.82 3.22 2.04
1.88 2.9 3.12 2.02
1.88 2.8 3.18 1.98
1.8 2.72 3.0 1.72
1.74 2.82 2.98 1.8
1.84 2.46 3.44 1.9
1.9 2.78 3.32 2.1
1.8 3.36 2.84 2.2
1.72 2.82 2.88 1.7
1.7 2.76 2.84 1.6
1.78 2.76 3.2 1.96
1.84 2.56 3.42 1.98
1.78 2.84 2.98 1.82
1.82 2.62 3.14 1.76
1.82 2.68 3.26 1.94
1.8 2.6 3.28 1.88
1.78 2.98 2.92 1.9
1.78 2.66 3.36 2.02
1.8 2.5 2.92 1.42
1.78 2.24 3.54 1.78
1.76 2.94 2.94 1.88
1.86 2.88 3.2 2.08
1.84 2.64 3.16 1.8
1.76 2.52 3.32 1.84
1.9 2.84 3.28 2.12
1.8 2.6 3.22 1.82
1.68 2.72 2.92 1.64
1.8 2.64 3.28 1.92
1.76 2.88 3.0 1.88
1.84 3.18 2.92 2.1
1.68 2.2 3.16 1.36
1.72 2.68 3.02 1.7
1.84 3.0 3.1 2.1
1.82 2.94 3.04 1.98
1.68 3.0 2.62 1.62
1.88 3.06 2.96 2.02
1.7 2.66 2.82 1.48
1.84 2.66 3.46 2.12
1.8 2.96 2.92 1.88
1.86 2.44 3.58 2.02
1.82 2.68 3.04 1.72
1.9 2.96 3.2 2.16
1.78 3.3 2.72 2.02
1.8 2.86 3.14 2.0
1.66 2.52 3.18 1.7
1.88 2.62 3.24 1.86
1.72 2.56 3.0 1.56
1.78 3.0 2.76 1.76
1.8 2.62 3.1 1.72
1.84 2.7 3.24 1.94
1.88 2.64 3.44 2.08
1.82 3.0 3.2 2.2
1.84 3.02 3.04 2.06
1.82 2.42 3.44 1.86
1.82 2.64 3.2 1.84
1.82 2.62 3.18 1.8
1.76 2.44 3.26 1.7
1.9 2.54 3.48 2.02
1.68 2.74 2.96 1.7
1.72 2.48 3.3 1.78
1.74 2.68 3.06 1.74
1.86 2.66 3.4 2.06
1.76 2.98 2.8 1.78
1.74 2.96 2.72 1.68
1.82 2.6 3.18 1.78
1.78 2.94 2.9 1.84
1.82 3.0 2.9 1.9
1.82 2.86 3.06 1.92
1.84 2.9 3.1 2.0
1.84 2.84 3.24 2.08
1.78 3.06 2.82 1.88
1.86 3.1 2.96 2.06
1.74 2.9 2.88 1.78
1.78 2.54 3.4 1.94
1.82 2.62 3.18 1.8
1.76 2.52 3.24 1.76
1.78 2.58 3.24 1.82
1.76 2.58 3.38 1.96
1.86 2.96 3.26 2.22
1.84 2.6 3.42 2.02
1.7 2.9 2.9 1.8
1.72 2.7 2.86 1.56
1.74 2.86 2.72 1.58
1.64 2.6 2.84 1.44
1.76 2.72 3.0 1.72
1.78 3.04 2.82 1.86
1.82 2.66 3.24 1.9
1.82 3.02 2.94 1.96
1.86 2.94 3.16 2.1
1.68 2.56 3.06 1.62
1.78 2.6 3.18 1.78
1.82 2.6 3.38 1.98
1.82 2.5 3.28 1.78
1.74 2.94 3.02 1.96
1.8 2.64 3.2 1.84
1.74 2.68 3.06 1.74
1.82 2.86 3.04 1.9
1.72 2.66 3.02 1.68
1.9 2.72 3.36 2.08
1.76 2.78 2.88 1.66
1.82 2.78 3.1 1.88
1.86 3.08 3.16 2.24
1.72 2.48 3.18 1.66
1.74 2.76 2.9 1.66
1.82 2.66 3.26 1.92
1.82 2.68 3.2 1.88
1.82 2.38 3.5 1.88
1.84 3.2 2.84 2.04
1.78 3.0 2.9 1.9
1.78 2.6 3.26 1.86
1.74 2.8 2.98 1.78
1.8 2.64 3.24 1.88
1.9 2.74 3.22 1.96
1.82 2.64 3.16 1.8
1.72 2.26 3.52 1.78
1.74 2.68 3.02 1.7
1.78 2.44 3.5 1.94
1.8 2.94 2.92 1.86
1.72 2.62 3.18 1.8
1.8 2.52 3.18 1.7
1.8 2.92 3.06 1.98
1.86 2.58 3.52 2.1
1.84 2.78 3.28 2.06
1.74 2.26 3.52 1.78
1.72 2.7 3.0 1.7
1.76 2.32 3.58 1.9
1.86 2.8 3.22 2.02
1.64 2.58 2.92 1.5
1.78 2.68 3.1 1.78
1.8 2.9 3.02 1.92
1.82 2.94 3.0 1.94
1.82 2.82 3.02 1.84
1.78 3.06 2.8 1.86
1.9 2.54 3.6 2.14
1.8 2.52 3.38 1.9
1.72 2.46 3.12 1.58
1.84 2.58 3.08 1.66
1.84 2.36 3.44 1.8
1.72 2.52 3.1 1.62
1.78 3.06 2.96 2.02
1.88 2.86 3.28 2.14
1.8 2.4 3.44 1.84
1.82 2.48 3.36 1.84
1.8 2.98 3.0 1.98
1.92 2.68 3.42 2.1
1.8 2.4 3.52 1.92
1.82 2.76 3.12 1.88
1.86 2.7 3.26 1.96
1.8 2.58 3.2 1.78
1.82 2.8 3.2 2.0
1.76 2.84 2.92 1.76
1.84 2.1 3.56 1.66
1.88 3.08 3.12 2.2
1.78 2.66 3.36 2.02
1.84 3.1 2.86 1.96
1.86 3.04 3.14 2.18
1.86 2.72 3.34 2.06
1.82 2.72 3.18 1.9
1.74 2.9 2.92 1.82
1.74 2.7 3.14 1.84
1.86 2.62 3.28 1.9
1.66 2.56 3.0 1.56
1.8 2.86 3.14 2.0
1.76 2.9 2.98 1.88
1.78 2.52 3.18 1.7
1.82 2.7 3.12 1.82
1.82 2.54 3.18 1.72
1.82 2.52 3.3 1.82
1.82 2.62 3.26 1.88
1.8 2.56 3.38 1.94
1.8 2.9 3.04 1.94
1.78 3.04 2.84 1.88
1.82 2.72 3.2 1.92
1.72 2.84 2.9 1.74
1.82 2.54 3.24 1.78
1.76 2.46 3.24 1.7
1.86 3.06 3.08 2.14
1.84 3.14 2.88 2.02
1.82 2.7 3.42 2.12
1.88 3.1 3.08 2.18
1.86 2.74 3.3 2.04
1.64 2.44 3.06 1.5
1.98 2.72 3.44 2.16
1.84 2.62 3.28 1.9
1.8 2.84 3.18 2.02
1.72 2.76 3.04 1.8
1.9 3.02 3.06 2.08
1.78 2.76 3.08 1.84
1.8 2.64 3.14 1.78
1.8 2.88 3.12 2.0
1.84 2.58 3.28 1.86
1.78 2.36 3.52 1.88
1.84 2.94 2.98 1.92
1.86 2.7 3.42 2.12
1.9 2.7 3.34 2.04
1.86 2.72 3.34 2.06
1.8 2.8 2.9 1.7
1.78 3.0 2.86 1.86
1.82 2.36 3.34 1.7
1.78 2.72 3.12 1.84
1.84 2.68 3.18 1.86
1.84 2.88 3.22 2.1
1.86 2.66 3.44 2.1
1.88 2.7 3.28 1.98
1.88 3.04 3.0 2.04
1.74 2.52 3.34 1.86
1.74 2.72 3.04 1.76
1.8 3.48 2.64 2.12
1.88 2.86 3.1 1.96
1.86 2.92 2.94 1.86
1.74 2.78 2.98 1.76
1.76 2.4 3.34 1.74
1.72 2.36 3.2 1.56
1.76 2.4 3.42 1.82
1.9 2.82 3.24 2.06
1.74 2.66 3.06 1.72
1.78 2.8 2.84 1.64
1.72 2.88 2.8 1.68
1.92 2.76 3.42 2.18
1.84 2.42 3.42 1.84
1.76 2.96 2.94 1.9
1.74 2.7 3.06 1.76
1.84 3.08 3.0 2.08
1.86 2.56 3.32 1.88
1.84 2.9 3.28 2.18
1.82 2.94 3.06 2.0
1.74 2.82 2.88 1.7
1.8 2.98 2.78 1.76
1.86 2.76 3.18 1.94
1.74 2.46 3.3 1.76
1.92 2.46 3.6 2.06
1.8 2.78 3.08 1.86
1.7 2.92 2.82 1.74
1.72 2.54 3.14 1.68
1.8 2.34 3.22 1.56
1.68 2.48 3.02 1.5
1.84 2.56 3.26 1.82
1.84 2.94 3.0 1.94
1.86 3.14 3.08 2.22
1.84 3.08 2.98 2.06
1.86 2.78 3.26 2.04
1.78 2.9 2.8 1.7
1.8 3.1 2.94 2.04
1.82 2.9 3.08 1.98
1.68 2.7 2.94 1.64
1.78 2.8 3.0 1.8
1.74 2.56 3.18 1.74
1.8 2.76 3.24 2.0
1.9 3.0 3.04 2.04
1.9 3.12 2.94 2.06
1.76 3.18 2.92 2.1
1.86 3.44 2.78 2.22
1.82 2.36 3.62 1.98
1.76 2.64 3.2 1.84
1.8 2.9 3.24 2.14
1.8 2.78 2.98 1.76
1.78 2.58 3.18 1.76
1.76 2.72 3.12 1.84
1.76 2.88 2.88 1.76
1.78 2.76 3.1 1.86
1.96 2.96 3.22 2.18
1.9 2.9 3.18 2.08
1.76 2.38 3.46 1.84
1.82 2.96 2.94 1.9
1.78 2.8 3.0 1.8
1.76 2.64 3.06 1.7
1.84 2.6 3.24 1.84
1.76 2.64 3.0 1.64
1.86 2.86 3.2 2.06
1.86 2.74 3.2 1.94
1.86 2.38 3.52 1.9
1.74 2.66 3.0 1.66
1.92 2.72 3.42 2.14
1.78 2.48 3.22 1.7
1.82 2.76 3.24 2.0
1.8 3.44 2.66 2.1
1.9 2.78 3.16 1.94
1.7 3.16 2.66 1.82
1.74 2.66 3.1 1.76
1.92 2.9 3.1 2.0
1.8 2.82 3.14 1.96
1.76 2.74 3.14 1.88
1.76 2.66 3.06 1.72
1.74 2.86 2.94 1.8
1.78 2.8 2.98 1.78
1.82 2.42 3.46 1.88
1.9 2.4 3.58 1.98
1.82 2.74 3.22 1.96
1.86 2.8 3.26 2.06
1.8 2.86 2.92 1.78
1.76 2.78 3.06 1.84
1.74 2.82 2.88 1.7
1.8 2.62 2.96 1.58
1.74 3.06 2.78 1.84
1.86 2.96 3.02 1.98
1.72 2.3 3.34 1.64
1.82 3.22 2.86 2.08
1.76 2.58 3.08 1.66
1.82 2.7 3.26 1.96
1.88 2.48 3.4 1.88
1.82 2.68 3.12 1.8
1.86 2.88 3.02 1.9
1.8 2.84 2.88 1.72
1.82 2.78 3.16 1.94
1.8 2.4 3.4 1.8
1.78 2.54 3.24 1.78
1.84 2.7 3.18 1.88
1.84 2.5 3.4 1.9
1.8 2.84 3.02 1.86
1.84 2.96 3.02 1.98
1.82 2.52 3.28 1.8
1.9 3.2 3.1 2.3
1.78 2.88 3.02 1.9
1.84 2.78 3.04 1.82
1.84 2.58 3.56 2.14
1.8 2.56 3.26 1.82
1.8 2.52 3.44 1.96
1.72 2.78 2.94 1.72
1.9 2.84 3.06 1.9
1.74 2.52 3.32 1.84
1.86 2.76 3.18 1.94
1.7 2.78 3.02 1.8
1.72 2.76 2.92 1.68
1.82 2.56 3.24 1.8
1.76 2.72 3.02 1.74
1.72 3.08 2.66 1.74
1.7 2.58 3.1 1.68
1.68 2.92 2.66 1.58
1.76 2.62 3.0 1.62
1.82 2.92 3.04 1.96
1.84 2.96 3.04 2.0
1.74 2.82 3.1 1.92
1.74 2.5 3.12 1.62
1.82 3.04 2.88 1.92
1.88 3.34 2.9 2.24
1.84 2.58 3.38 1.96
1.9 2.88 3.28 2.16
1.8 2.94 2.94 1.88
1.78 2.6 2.98 1.58
1.8 2.96 2.94 1.9
1.7 2.5 3.24 1.74
1.8 2.5 3.24 1.74
1.82 3.04 3.0 2.04
1.82 2.9 3.02 1.92
1.78 2.72 3.18 1.9
1.84 2.66 3.24 1.9
1.82 2.5 3.24 1.74
1.82 2.92 3.0 1.92
1.82 2.98 2.92 1.9
1.72 2.92 2.76 1.68
1.82 2.58 3.36 1.94
1.9 3.04 3.02 2.06
1.74 2.18 3.4 1.58
1.8 2.66 3.26 1.92
1.74 2.86 2.92 1.78
1.9 2.84 3.28 2.12
1.72 2.24 3.36 1.6
1.78 2.68 3.3 1.98
1.74 2.48 3.32 1.8
1.8 2.66 3.1 1.76
1.9 2.7 3.34 2.04
1.8 2.52 3.34 1.86
1.74 2.68 3.12 1.8
1.88 3.22 2.88 2.1
1.76 2.76 3.0 1.76
1.76 2.9 2.86 1.76
1.78 3.0 2.9 1.9
1.86 2.54 3.42 1.96
1.88 2.8 3.3 2.1
1.78 2.62 3.28 1.9
1.74 2.62 3.16 1.78
1.82 3.1 2.82 1.92
1.82 2.78 3.1 1.88
1.74 2.68 2.96 1.64
1.74 2.94 2.82 1.76
1.8 2.9 2.94 1.84
1.78 2.6 3.22 1.82
1.84 2.88 3.06 1.94
1.76 2.28 3.4 1.68
1.8 2.7 3.26 1.96
1.88 2.62 3.42 2.04
1.86 2.98 3.04 2.02
1.8 2.7 3.06 1.76
1.84 2.48 3.38 1.86
1.88 2.36 3.68 2.04
1.78 2.76 3.02 1.78
1.72 3.06 2.86 1.92
1.78 2.54 3.24 1.78
1.78 2.46 3.24 1.7
1.92 3.2 3.22 2.42
1.86 2.66 3.2 1.86
1.72 2.38 3.02 1.4
1.74 2.68 2.96 1.64
1.82 2.66 3.42 2.08
1.72 2.62 3.16 1.78
1.8 2.94 2.98 1.92
1.78 2.68 3.04 1.72
1.76 2.9 3.1 2.0
1.74 2.78 2.84 1.62
1.84 3.12 2.94 2.06
1.8 3.24 2.7 1.94
1.78 2.38 3.2 1.58
1.7 2.98 2.88 1.86
1.82 2.66 3.24 1.9
1.82 2.62 3.28 1.9
1.8 2.6 3.26 1.86
1.84 2.9 3.14 2.04
1.78 2.98 2.92 1.9
1.76 2.94 2.72 1.66
1.84 3.0 2.9 1.9
1.8 2.6 3.1 1.7
1.84 2.46 3.32 1.78
1.86 2.62 3.3 1.92
1.74 2.34 3.24 1.58
1.74 2.72 3.1 1.82
1.82 2.88 3.04 1.92
1.88 2.72 3.28 2.0
1.84 3.12 2.72 1.84
1.8 2.82 2.98 1.8
1.86 2.5 3.4 1.9
1.78 2.8 3.04 1.84
1.86 2.5 3.62 2.12
1.88 2.54 3.36 1.9
1.76 2.32 3.46 1.78
1.88 2.92 3.22 2.14
1.84 3.0 3.04 2.04
1.8 2.6 3.18 1.78
1.9 3.04 3.12 2.16
1.78 2.76 3.1 1.86
1.82 2.32 3.44 1.76
1.86 2.74 3.2 1.94
1.86 3.06 3.04 2.1
1.7 2.76 2.92 1.68
1.74 2.74 3.06 1.8
1.86 3.04 2.96 2.0
1.82 3.14 2.94 2.08
1.72 2.64 3.14 1.78
1.84 2.7 3.18 1.88
1.78 2.62 3.4 2.02
1.74 2.8 2.94 1.74
1.88 2.88 3.32 2.2
1.7 3.2 2.56 1.76
1.88 2.76 3.38 2.14
1.82 2.88 3.0 1.88
1.82 2.78 3.18 1.96
1.74 2.88 2.92 1.8
1.78 2.94 2.86 1.8
1.78 2.8 3.0 1.8
1.82 2.72 3.18 1.9
1.86 2.78 3.26 2.04
1.86 2.94 3.22 2.16
1.78 2.42 3.28 1.7
1.84 2.86 3.12 1.98
1.92 3.02 3.3 2.32
1.68 2.6 3.04 1.64
1.76 2.52 3.22 1.74
1.82 2.58 3.36 1.94
1.84 3.18 2.86 2.04
1.88 2.58 3.52 2.1
1.92 2.86 3.5 2.36
1.86 2.74 3.22 1.96
1.86 2.64 3.26 1.9
1.9 2.68 3.48 2.16
1.86 2.44 3.56 2.0
1.82 2.92 3.04 1.96
1.78 2.84 2.86 1.7
1.8 2.38 3.32 1.7
1.78 2.48 3.26 1.74
1.76 2.44 3.18 1.62
1.8 2.84 3.0 1.84
1.9 2.72 3.34 2.06
1.76 2.3 3.14 1.44
1.88 2.72 3.34 2.06
1.7 2.92 2.8 1.72
1.84 2.6 3.36 1.96
1.74 2.4 3.28 1.68
1.84 2.88 3.12 2.0
1.74 2.9 2.88 1.78
1.78 2.84 3.04 1.88
1.74 2.58 3.18 1.76
1.88 2.64 3.06 1.7
1.88 3.18 2.88 2.06
1.72 2.64 3.18 1.82
1.86 2.82 3.16 1.98
1.72 2.9 2.96 1.86
1.74 2.76 3.04 1.8
1.74 2.5 3.14 1.64
1.8 2.82 3.02 1.84
1.92 2.54 3.56 2.1
1.68 2.6 2.9 1.5
1.76 2.34 3.3 1.64
1.74 2.6 3.26 1.86
1.84 2.42 3.36 1.78
1.84 2.86 3.2 2.06
1.82 2.86 2.98 1.84
1.74 2.52 3.26 1.78
1.76 2.62 3.2 1.82
1.84 2.96 2.92 1.88
1.74 2.66 2.9 1.56
1.72 2.98 2.76 1.74
1.7 2.68 2.9 1.58
1.86 2.5 3.44 1.94
1.82 2.82 3.06 1.88
1.82 2.72 3.08 1.8
1.76 3.1 2.74 1.84
1.76 2.7 3.08 1.78
1.84 2.9 3.12 2.02
1.84 2.84 3.2 2.04
1.86 2.68 3.3 1.98
1.86 2.66 3.44 2.1
1.86 3.24 3.1 2.34
1.86 2.94 3.22 2.16
1.82 2.5 3.28 1.78
1.84 2.72 3.22 1.94
1.84 2.76 3.24 2.0
1.8 2.68 3.2 1.88
1.86 3.3 2.96 2.26
1.9 2.72 3.42 2.14
1.88 2.82 3.1 1.92
1.78 2.68 3.26 1.94
1.82 2.56 3.32 1.88
1.76 2.72 3.06 1.78
1.78 3.3 2.68 1.98
1.82 2.74 3.06 1.8
1.78 2.5 3.38 1.88
1.72 2.58 3.2 1.78
1.76 2.9 2.94 1.84
1.84 2.86 3.02 1.88
1.74 2.66 2.96 1.62
1.9 2.86 3.3 2.16
1.82 2.34 3.62 1.96
1.76 2.64 3.06 1.7
1.8 2.9 2.84 1.74
1.96 3.28 3.04 2.32
1.8 2.96 2.96 1.92
1.82 2.78 3.06 1.84
1.66 2.66 2.88 1.54
1.82 2.7 3.22 1.92
1.76 2.76 3.04 1.8
1.76 2.56 3.0 1.56
1.86 2.54 3.38 1.92
1.8 2.28 3.6 1.88
1.8 2.86 3.06 1.92
1.92 3.02 3.38 2.4
1.86 2.52 3.3 1.82
1.86 2.72 3.28 2.0
1.7 2.8 2.92 1.72
1.8 2.74 3.24 1.98
1.78 2.54 3.2 1.74
1.8 2.5 3.3 1.8
1.76 2.98 2.78 1.76
1.8 2.24 3.42 1.66
1.7 2.58 3.04 1.62
1.82 2.94 3.08 2.02
1.84 2.6 3.16 1.76
1.8 3.1 2.9 2.0
1.76 2.4 3.16 1.56
1.82 2.72 3.14 1.86
1.68 2.44 3.0 1.44
1.88 2.72 3.3 2.02
1.82 2.96 2.9 1.86
1.86 2.94 3.1 2.04
1.8 2.3 3.38 1.68
1.84 2.74 3.34 2.08
1.82 2.44 3.44 1.88
1.78 2.88 3.06 1.94
1.88 2.88 3.08 1.96
1.82 2.94 3.02 1.96
1.86 2.8 3.3 2.1
1.8 2.56 3.32 1.88
1.82 2.84 3.06 1.9
1.78 2.72 2.92 1.64
1.82 2.72 3.32 2.04
1.8 2.36 3.3 1.66
1.78 2.74 3.08 1.82
1.7 2.64 2.98 1.62
1.9 2.68 3.4 2.08
1.82 2.6 3.12 1.72
1.78 2.6 3.28 1.88
1.76 2.64 3.26 1.9
1.8 2.64 3.22 1.86
1.9 2.8 3.16 1.96
1.84 2.62 3.2 1.82
1.78 2.74 3.16 1.9
1.72 2.28 3.24 1.52
1.84 2.72 3.28 2.0
1.76 2.82 2.92 1.74
1.78 2.72 3.1 1.82
1.84 2.96 3.04 2.0
1.74 2.68 3.08 1.76
1.88 2.64 3.24 1.88
1.78 3.06 2.86 1.92
1.7 2.68 2.94 1.62
1.78 2.82 3.08 1.9
1.72 2.78 2.9 1.68
1.82 2.86 3.14 2.0
1.76 2.72 3.04 1.76
1.78 2.8 3.18 1.98
1.84 2.82 3.2 2.02
1.84 2.58 3.34 1.92
1.9 3.14 2.9 2.04
1.76 2.7 3.02 1.72
1.72 2.56 3.06 1.62
1.7 2.8 3.0 1.8
1.76 2.58 3.02 1.6
1.7 2.64 2.98 1.62
1.7 2.64 3.1 1.74
1.78 2.66 3.3 1.96
1.82 2.58 3.2 1.78
1.86 3.28 2.74 2.02
1.84 2.86 3.06 1.92
1.78 2.7 3.24 1.94
1.8 2.36 3.48 1.84
1.82 2.58 3.4 1.98
1.76 2.32 3.34 1.66
1.84 2.58 3.38 1.96
1.8 2.6 3.22 1.82
1.84 2.48 3.28 1.76
1.74 2.74 3.02 1.76
1.78 2.46 3.32 1.78
1.84 2.94 3.0 1.94
1.72 2.52 3.18 1.7
1.8 2.76 3.04 1.8
1.82 2.54 3.36 1.9
1.78 2.94 3.02 1.96
1.76 2.82 2.96 1.78
1.92 2.64 3.28 1.92
1.84 2.6 3.16 1.76
1.76 2.88 3.0 1.88
1.66 2.26 3.28 1.54
1.86 2.5 3.32 1.82
1.84 2.76 3.18 1.94
1.84 3.24 2.9 2.14
1.8 2.98 2.92 1.9
1.88 2.94 3.08 2.02
1.76 2.8 3.0 1.8
1.92 2.92 3.18 2.1
1.82 2.46 3.2 1.66
1.74 2.52 3.16 1.68
1.84 2.64 3.26 1.9
1.84 2.94 3.06 2.0
1.76 2.72 3.02 1.74
1.84 2.5 3.28 1.78
1.88 2.92 3.16 2.08
1.84 3.2 2.84 2.04
1.86 2.98 2.92 1.9
1.8 2.74 3.1 1.84
1.82 2.68 3.26 1.94
1.84 2.98 3.18 2.16
1.8 3.0 2.98 1.98
1.78 2.72 2.98 1.7
1.88 2.96 3.2 2.16
1.9 2.72 3.28 2.0
1.76 2.62 3.12 1.74
1.84 2.96 3.24 2.2
1.84 2.86 3.16 2.02
1.82 2.72 3.22 1.94
1.76 2.64 3.28 1.92
1.86 2.84 3.2 2.04
1.88 2.78 3.52 2.3
1.84 2.74 3.36 2.1
1.78 2.86 2.94 1.8
1.86 2.6 3.36 1.96
1.8 2.36 3.32 1.68
1.78 2.42 3.28 1.7
1.78 2.72 3.06 1.78
1.8 2.74 3.08 1.82
1.8 2.68 3.16 1.84
1.76 2.72 3.08 1.8
1.74 2.66 2.98 1.64
1.86 2.56 3.34 1.9
1.82 2.72 3.2 1.92
1.82 2.66 3.3 1.96
1.84 2.66 3.3 1.96
1.82 2.44 3.44 1.88
1.74 3.28 2.56 1.84
1.92 2.92 3.28 2.2
1.82 2.28 3.56 1.84
1.82 2.7 3.22 1.92
1.78 2.8 3.16 1.96
1.72 2.82 2.96 1.78
1.76 2.48 3.26 1.74
1.78 2.52 3.18 1.7
1.68 2.62 2.98 1.6
1.78 2.4 3.36 1.76
1.7 2.94 2.92 1.86
1.84 2.4 3.26 1.66
1.9 3.06 3.16 2.22
1.8 2.72 2.98 1.7
1.9 2.46 3.68 2.14
1.78 2.44 3.2 1.64
1.8 2.92 3.0 1.92
1.74 2.68 3.06 1.74
1.76 2.34 3.32 1.66
1.72 2.56 3.1 1.66
1.76 2.82 3.02 1.84
1.74 2.62 3.24 1.86
1.82 3.1 2.86 1.96
1.84 2.56 3.32 1.88
1.78 2.56 3.22 1.78
1.72 2.74 3.04 1.78
1.78 2.76 3.36 2.12
1.8 3.06 2.88 1.94
1.82 3.04 2.9 1.94
1.84 3.06 3.16 2.22
1.84 2.82 3.2 2.02
1.84 2.72 3.26 1.98
1.86 2.6 3.44 2.04
1.78 2.88 2.84 1.72
1.72 2.66 3.1 1.76
1.8 2.76 3.12 1.88
1.74 2.68 3.08 1.76
1.78 2.72 3.04 1.76
1.62 2.92 2.58 1.5
1.76 2.74 2.98 1.72
1.76 2.8 3.06 1.86
1.8 2.62 3.28 1.9
1.78 2.68 3.1 1.78
1.84 2.66 3.38 2.04
1.88 2.98 3.24 2.22
1.88 2.92 3.1 2.02
1.86 3.12 2.9 2.02
1.8 2.82 3.08 1.9
1.8 2.96 2.94 1.9
1.78 3.0 2.9 1.9
1.8 2.76 3.16 1.92
1.72 2.62 3.08 1.7
1.82 2.78 3.16 1.94
1.7 2.76 2.94 1.7
1.78 2.78 3.0 1.78
1.74 2.52 3.2 1.72
1.8 2.88 3.1 1.98
1.84 2.82 3.1 1.92
1.84 2.88 3.06 1.94
1.86 2.9 3.02 1.92
1.88 2.32 3.62 1.94
1.76 2.68 3.08 1.76
1.86 2.9 3.18 2.08
1.78 2.9 2.92 1.82
1.8 2.48 3.44 1.92
1.62 2.68 2.82 1.5
1.86 2.88 3.02 1.9
1.8 2.74 3.24 1.98
1.76 2.74 3.02 1.76
1.74 2.86 2.94 1.8
1.86 2.62 3.34 1.96
1.86 3.36 2.82 2.18
1.7 2.54 3.16 1.7
1.82 2.98 3.26 2.24
1.72 2.62 3.22 1.84
1.8 2.74 3.08 1.82
1.74 3.02 2.78 1.8
1.8 2.76 3.26 2.02
1.92 2.68 3.46 2.14
1.86 2.54 3.5 2.04
1.7 2.8 2.84 1.64
1.82 2.76 3.04 1.8
1.62 2.32 3.0 1.32
1.8 2.68 3.34 2.02
1.8 2.78 3.14 1.92
1.76 2.94 2.9 1.84
1.84 2.8 3.16 1.96
1.76 3.1 2.86 1.96
1.76 2.6 3.1 1.7
1.84 2.58 3.16 1.74
1.72 2.56 3.08 1.64
1.74 2.58 3.16 1.74
1.92 2.58 3.64 2.22
1.84 2.88 3.04 1.92
1.8 2.64 3.18 1.82
1.72 3.16 2.74 1.9
1.8 2.9 2.94 1.84
1.84 2.42 3.4 1.82
1.68 2.92 2.6 1.52
1.9 3.08 3.2 2.28
1.82 2.36 3.34 1.7
1.8 2.52 3.32 1.84
1.72 2.68 2.98 1.66
1.8 2.98 3.0 1.98
1.74 2.52 3.22 1.74
1.88 3.02 3.06 2.08
1.74 2.98 2.88 1.86
1.72 2.68 3.1 1.78
1.78 2.76 3.0 1.76
1.82 2.68 3.2 1.88
1.8 2.76 3.12 1.88
1.74 2.26 3.54 1.8
1.82 2.8 3.22 2.02
1.8 2.32 3.44 1.76
1.74 2.58 3.18 1.76
1.82 2.52 3.32 1.84
1.82 2.78 3.08 1.86
1.82 2.86 2.94 1.8
1.84 3.16 2.92 2.08
1.74 3.16 2.78 1.94
1.82 2.54 3.36 1.9
1.78 2.82 3.1 1.92
1.8 3.1 2.86 1.96
1.86 2.68 3.48 2.16
1.68 2.38 3.14 1.52
1.86 3.22 2.9 2.12
1.78 3.0 2.84 1.84
1.8 2.78 3.08 1.86
1.82 2.82 3.2 2.02
1.78 2.64 3.16 1.8
1.82 2.22 3.38 1.6
1.88 2.4 3.5 1.9
1.8 2.76 3.2 1.96
1.78 2.5 3.16 1.66
1.86 2.84 3.1 1.94
1.86 2.62 3.44 2.06
1.94 2.6 3.38 1.98
1.84 2.78 3.34 2.12
1.68 2.68 2.86 1.54
1.76 2.32 3.16 1.48
1.72 3.14 2.64 1.78
1.86 2.36 3.62 1.98
1.8 2.7 3.12 1.82
1.84 2.96 3.1 2.06
1.8 2.38 3.42 1.8
1.76 2.74 2.98 1.72
1.8 2.58 3.32 1.9
1.86 3.02 3.0 2.02
1.78 2.6 3.04 1.64
1.74 2.58 3.06 1.64
1.84 2.58 3.3 1.88
1.86 2.62 3.2 1.82
1.76 2.7 2.96 1.66
1.86 2.52 3.5 2.02
1.8 3.14 2.78 1.92
1.74 2.18 3.26 1.44
1.82 3.22 3.04 2.26
1.78 2.62 3.16 1.78
1.86 2.98 2.94 1.92
1.84 2.92 3.02 1.94
1.86 3.02 2.98 2.0
1.86 2.92 3.16 2.08
1.86 2.8 3.16 1.96
1.82 2.72 3.08 1.8
1.78 2.74 2.96 1.7
1.76 2.72 2.94 1.66
1.78 2.92 2.88 1.8
1.7 2.6 3.0 1.6
1.76 2.52 3.12 1.64
1.72 2.72 2.86 1.58
1.74 2.64 3.16 1.8
1.84 2.9 3.04 1.94
1.66 2.44 3.14 1.58
1.76 3.24 2.52 1.76
1.78 3.16 2.76 1.92
1.8 2.98 2.86 1.84
1.76 2.64 3.18 1.82
1.84 2.66 2.98 1.64
1.86 2.96 2.94 1.9
1.7 2.8 2.98 1.78
1.82 2.6 3.2 1.8
1.76 2.92 2.96 1.88
1.8 2.36 3.46 1.82
1.8 2.72 3.14 1.86
1.78 2.7 3.16 1.86
1.78 2.56 3.3 1.86
1.82 2.62 3.24 1.86
1.84 2.72 3.22 1.94
1.84 2.88 3.22 2.1
1.88 3.22 2.84 2.06
1.84 2.76 3.14 1.9
1.8 2.7 3.24 1.94
1.76 3.08 2.78 1.86
1.82 2.74 3.22 1.96
1.76 2.52 3.22 1.74
1.8 2.64 3.26 1.9
1.8 3.08 2.96 2.04
1.8 2.4 3.28 1.68
1.84 2.36 3.32 1.68
1.76 2.46 3.22 1.68
1.92 2.86 3.18 2.04
1.8 2.64 3.2 1.84
1.78 2.56 3.24 1.8
1.84 2.84 3.1 1.94
1.8 2.72 3.2 1.92
1.82 2.42 3.4 1.82
1.86 2.82 3.16 1.98
1.76 3.0 2.72 1.72
1.86 2.9 3.22 2.12
1.76 2.9 2.86 1.76
1.84 2.6 3.2 1.8
1.82 2.72 3.14 1.86
1.92 2.56 3.6 2.16
1.76 2.34 3.48 1.82
1.68 2.92 2.82 1.74
1.8 2.82 3.04 1.86
1.8 2.48 3.52 2.0
1.84 2.66 3.24 1.9
1.8 2.58 3.18 1.76
1.8 3.16 3.02 2.18
1.82 2.7 3.36 2.06
1.76 3.18 2.66 1.84
1.64 2.7 2.82 1.52
1.8 2.72 3.16 1.88
1.86 2.68 3.26 1.94
1.86 2.5 3.3 1.8
1.86 3.26 2.96 2.22
1.84 2.62 3.2 1.82
1.76 2.48 3.22 1.7
1.76 2.66 3.12 1.78
1.86 2.64 3.24 1.88
1.74 2.7 2.8 1.5
1.72 3.02 2.66 1.68
1.78 2.68 2.98 1.66
1.9 2.84 3.32 2.16
1.78 2.96 2.92 1.88
1.82 2.46 3.44 1.9
1.82 2.82 3.04 1.86
1.88 2.66 3.32 1.98
1.72 2.88 2.7 1.58
1.8 3.08 2.82 1.9
1.8 2.68 3.26 1.94
1.9 3.12 3.04 2.16
1.78 2.54 3.24 1.78
1.9 2.92 3.34 2.26
1.88 2.96 3.02 1.98
1.84 2.44 3.42 1.86
1.78 2.76 3.2 1.96
1.9 2.34 3.4 1.74
1.84 3.0 3.12 2.12
1.76 2.68 3.2 1.88
1.78 2.42 3.18 1.6
1.78 2.98 2.96 1.94
1.8 2.6 3.32 1.92
1.82 3.06 3.0 2.06
1.78 2.96 2.98 1.94
1.84 2.84 3.08 1.92
1.74 2.64 3.0 1.64
1.86 2.5 3.4 1.9
1.78 2.58 3.06 1.64
1.86 2.58 3.16 1.74
1.82 2.5 3.18 1.68
1.8 2.58 3.3 1.88
1.84 2.94 2.84 1.78
1.84 2.72 3.22 1.94
1.76 2.62 3.16 1.78
1.86 2.56 3.46 2.02
1.84 2.8 3.06 1.86
1.88 2.54 3.5 2.04
1.78 2.66 3.02 1.68
1.92 3.02 3.14 2.16
1.78 2.22 3.36 1.58
1.76 2.48 3.32 1.8
1.9 2.72 3.3 2.02
1.84 2.86 2.94 1.8
1.78 2.88 3.04 1.92
1.84 2.98 3.12 2.1
1.74 2.68 3.06 1.74
1.8 2.92 2.9 1.82
1.8 2.88 3.14 2.02
1.76 2.42 3.14 1.56
1.78 2.66 3.32 1.98
1.9 2.5 3.38 1.88
1.76 2.58 3.2 1.78
1.76 2.9 2.8 1.7
1.88 2.76 3.34 2.1
1.84 2.84 3.1 1.94
1.8 2.92 3.0 1.92
1.9 3.02 3.1 2.12
1.84 2.96 3.0 1.96
1.78 2.98 2.84 1.82
1.88 2.96 3.22 2.18
1.86 2.52 3.24 1.76
1.88 2.98 3.26 2.24
1.84 2.84 3.1 1.94
1.74 2.38 3.3 1.68
1.84 2.78 3.2 1.98
1.86 2.6 3.48 2.08
1.8 2.22 3.48 1.7
1.76 2.7 2.98 1.68
1.84 3.0 2.86 1.86
1.78 2.64 3.32 1.96
1.72 2.68 3.0 1.68
1.8 3.1 2.92 2.02
1.82 2.98 3.02 2.0
1.76 2.66 3.0 1.66
1.9 3.06 3.0 2.06
1.84 2.94 3.02 1.96
1.82 2.64 3.24 1.88
1.84 2.92 3.02 1.94
1.76 2.7 3.04 1.74
1.74 2.74 2.9 1.64
1.9 2.54 3.46 2.0
1.76 2.52 3.18 1.7
1.88 2.86 3.22 2.08
1.8 2.92 3.04 1.96
1.78 2.64 3.06 1.7
1.76 2.56 3.2 1.76
1.82 2.42 3.36 1.78
1.94 2.82 3.54 2.36
1.84 3.0 3.14 2.14
1.72 3.1 2.6 1.7
1.86 3.02 2.86 1.88
1.78 2.72 3.06 1.78
1.78 2.4 3.44 1.84
1.76 2.48 3.3 1.78
1.78 2.58 3.12 1.7
1.84 2.66 3.52 2.18
1.82 3.16 3.02 2.18
1.88 2.6 3.4 2.0
1.84 2.84 3.16 2.0
1.84 2.3 3.76 2.06
1.76 2.68 3.12 1.8
1.64 2.76 2.76 1.52
1.78 2.54 3.2 1.74
1.74 2.54 2.98 1.52
1.84 2.76 3.32 2.08
1.78 2.56 3.16 1.72
1.76 2.74 2.92 1.66
1.74 2.3 3.36 1.66
1.86 2.84 3.04 1.88
1.8 2.64 3.2 1.84
1.76 2.82 2.82 1.64
1.84 2.6 3.52 2.12
1.78 2.66 3.24 1.9
1.66 2.36 3.12 1.48
1.78 2.84 2.92 1.76
1.78 2.46 3.32 1.78
1.82 3.04 3.0 2.04
1.8 2.62 3.12 1.74
1.74 2.46 3.26 1.72
1.84 3.3 2.8 2.1
1.78 2.44 3.5 1.94
1.8 3.16 2.7 1.86
1.76 2.64 3.06 1.7
1.86 2.7 3.28 1.98
1.84 3.02 3.12 2.14
1.84 2.5 3.42 1.92
1.78 2.74 3.04 1.78
1.82 2.6 3.14 1.74
1.78 2.64 3.2 1.84
1.84 2.96 3.16 2.12
1.72 3.06 2.6 1.66
1.74 2.56 3.28 1.84
1.84 2.64 3.34 1.98
1.76 2.6 2.88 1.48
1.76 2.4 3.38 1.78
1.84 2.54 3.44 1.98
1.84 2.82 3.12 1.94
1.84 2.94 3.08 2.02
1.78 3.04 2.86 1.9
1.82 2.72 3.26 1.98
1.8 3.0 2.72 1.72
1.86 2.5 3.38 1.88
1.84 2.84 3.04 1.88
1.76 2.7 3.08 1.78
1.82 2.8 3.14 1.94
1.78 2.84 2.98 1.82
1.8 2.84 2.84 1.68
1.8 2.44 3.34 1.78
1.8 2.82 3.08 1.9
1.78 2.82 2.9 1.72
1.82 2.92 3.14 2.06
1.82 2.58 3.14 1.72
1.84 2.48 3.3 1.78
1.68 2.6 2.92 1.52
1.8 2.88 2.96 1.84
1.8 2.96 3.0 1.96
1.9 2.72 3.56 2.28
1.86 2.42 3.58 2.0
1.82 2.68 3.18 1.86
1.76 2.62 3.08 1.7
1.78 2.56 3.04 1.6
1.78 2.64 2.92 1.56
1.76 2.66 3.12 1.78
1.76 2.64 3.18 1.82
1.88 2.56 3.48 2.04
1.78 2.6 3.2 1.8
1.82 2.82 3.18 2.0
1.76 2.78 3.0 1.78
1.94 3.26 3.18 2.44
1.82 2.44 3.24 1.68
1.84 2.58 3.32 1.9
1.76 2.54 3.32 1.86
1.7 2.82 2.82 1.64
1.82 2.7 3.08 1.78
1.86 2.54 3.36 1.9
1.86 3.02 3.12 2.14
1.82 2.6 3.28 1.88
1.78 2.92 3.04 1.96
1.8 2.78 2.92 1.7
1.9 2.88 3.28 2.16
1.7 2.48 3.0 1.48
1.78 2.84 3.02 1.86
1.8 2.88 2.82 1.7
1.78 2.62 3.22 1.84
1.8 2.94 2.98 1.92
1.88 2.5 3.2 1.7
1.8 2.68 3.04 1.72
1.84 2.98 3.14 2.12
1.72 2.8 2.9 1.7
1.68 2.88 2.8 1.68
1.8 2.7 3.08 1.78
1.82 3.02 3.06 2.08
1.76 2.2 3.56 1.76
1.76 2.6 3.26 1.86
1.76 2.82 2.84 1.66
1.86 3.02 3.02 2.04
1.78 2.32 3.42 1.74
1.82 2.46 3.4 1.86
1.78 3.3 2.68 1.98
1.76 2.94 2.96 1.9
1.76 2.88 2.9 1.78
1.84 2.68 3.26 1.94
1.84 2.8 3.38 2.18
1.82 2.64 3.16 1.8
1.78 2.76 3.06 1.82
1.8 2.84 3.08 1.92
1.82 2.62 3.3 1.92
1.84 2.8 3.2 2.0
1.8 2.64 3.16 1.8
1.84 2.26 3.56 1.82
1.8 2.48 3.42 1.9
1.68 2.88 2.74 1.62
1.84 2.52 3.32 1.84
1.84 2.68 3.04 1.72
1.78 2.68 3.16 1.84
1.8 2.96 2.88 1.84
1.84 2.84 3.1 1.94
1.8 2.86 3.04 1.9
1.84 2.84 3.02 1.86
1.92 3.16 3.02 2.18
1.82 2.92 2.98 1.9
1.72 2.76 2.94 1.7
1.9 2.5 3.68 2.18
1.82 2.62 3.3 1.92
1.74 2.42 3.42 1.84
1.84 3.0 3.04 2.04
1.86 2.6 3.34 1.94
1.78 2.86 3.14 2.0
1.76 2.7 3.2 1.9
1.9 2.5 3.58 2.08
1.88 2.78 3.22 2.0
1.78 2.72 3.04 1.76
1.86 2.82 3.1 1.92
1.84 3.06 2.86 1.92
1.76 2.68 3.12 1.8
1.88 2.7 3.18 1.88
1.7 2.58 2.94 1.52
1.72 2.76 2.78 1.54
1.78 2.98 3.04 2.02
1.74 2.56 2.98 1.54
1.76 2.54 3.14 1.68
1.74 2.76 2.8 1.56
1.82 3.02 2.98 2.0
1.78 2.72 3.0 1.72
1.82 2.64 3.24 1.88
1.82 2.4 3.5 1.9
1.76 2.62 3.08 1.7
1.76 2.54 3.26 1.8
1.8 2.9 3.04 1.94
1.82 2.98 3.06 2.04
1.82 2.64 3.16 1.8
1.8 2.46 3.3 1.76
1.82 2.74 3.3 2.04
1.84 3.24 2.82 2.06
1.76 2.58 3.06 1.64
1.78 2.7 3.16 1.86
1.82 2.54 3.28 1.82
1.78 2.58 3.38 1.96
1.86 2.96 3.1 2.06
1.82 2.72 3.24 1.96
1.78 2.94 2.98 1.92
1.82 2.5 3.36 1.86
1.86 3.1 3.0 2.1
1.8 3.0 2.86 1.86
1.8 2.86 2.96 1.82
1.72 2.48 3.04 1.52
1.84 2.44 3.34 1.78
1.74 3.02 2.94 1.96
1.66 2.62 2.68 1.3
1.86 2.6 3.32 1.92
1.74 2.7 3.0 1.7
1.82 2.82 3.36 2.18
1.82 3.44 2.58 2.02
1.84 2.88 3.18 2.06
1.68 2.48 3.14 1.62
1.82 2.68 3.36 2.04
1.84 2.74 3.24 1.98
1.72 2.96 2.86 1.82
1.88 2.54 3.32 1.86
1.7 2.5 2.84 1.34
1.78 2.36 3.46 1.82
1.78 2.58 3.18 1.76
1.72 2.44 3.14 1.58
1.82 2.52 3.32 1.84
1.74 2.72 2.92 1.64
1.86 2.6 3.4 2.0
1.78 2.38 3.42 1.8
1.76 2.68 3.08 1.76
1.76 2.66 3.22 1.88
1.8 2.82 3.1 1.92
1.84 3.0 3.06 2.06
1.76 2.4 3.34 1.74
1.72 2.84 2.86 1.7
1.8 2.62 3.18 1.8
1.84 3.02 3.08 2.1
1.8 2.9 2.92 1.82
1.8 2.42 3.2 1.62
1.76 2.66 3.04 1.7
1.82 2.58 3.46 2.04
1.78 3.3 2.64 1.94
1.84 2.54 3.22 1.76
1.84 3.02 2.86 1.88
1.78 2.46 3.28 1.74
1.9 3.04 2.96 2.0
1.82 2.6 3.34 1.94
1.78 2.84 2.94 1.78
1.74 2.92 2.68 1.6
1.72 2.82 2.84 1.66
1.84 3.22 2.66 1.88
1.82 2.72 3.14 1.86
1.92 2.52 3.54 2.06
1.84 2.46 3.44 1.9
1.8 3.0 3.16 2.16
1.8 2.74 2.94 1.68
1.8 2.68 3.06 1.74
1.86 2.84 3.14 1.98
1.8 2.84 3.0 1.84
1.82 2.68 3.22 1.9
1.8 3.04 3.1 2.14
1.76 2.44 3.24 1.68
1.84 2.54 3.2 1.74
1.84 2.72 3.28 2.0
1.82 2.8 3.14 1.94
1.72 2.28 3.48 1.76
1.78 2.64 3.36 2.0
1.86 2.76 3.22 1.98
1.8 2.8 3.26 2.06
1.8 2.84 3.06 1.9
1.84 3.2 3.0 2.2
1.78 2.74 3.0 1.74
1.88 2.7 3.28 1.98
1.76 2.94 2.96 1.9
1.76 2.42 3.08 1.5
1.7 2.66 2.9 1.56
1.84 2.6 3.4 2.0
1.72 2.34 3.12 1.46
1.66 2.48 2.86 1.34
1.78 2.68 3.08 1.76
1.8 2.6 3.28 1.88
1.84 2.7 3.24 1.94
1.82 2.64 3.12 1.76
1.84 2.56 3.5 2.06
1.7 2.52 3.1 1.62
1.74 2.66 2.9 1.56
1.86 2.68 3.34 2.02
1.8 3.18 2.88 2.06
1.82 2.86 3.12 1.98
1.66 2.94 2.72 1.66
1.88 2.82 3.24 2.06
1.84 2.28 3.52 1.8
1.88 3.18 2.98 2.16
1.86 3.18 2.66 1.84
1.9 2.84 3.32 2.16
1.7 2.52 3.04 1.56
1.86 2.66 3.32 1.98
1.8 2.78 3.16 1.94
1.76 2.38 3.46 1.84
1.8 2.64 3.12 1.76
1.76 2.22 3.42 1.64
1.9 2.68 3.44 2.12
1.8 2.92 2.88 1.8
1.8 2.5 3.34 1.84
1.8 2.78 3.26 2.04
1.74 2.98 2.88 1.86
1.76 2.5 3.26 1.76
1.86 2.56 3.46 2.02
1.76 2.92 2.96 1.88
1.84 2.08 3.64 1.72
1.8 2.66 3.02 1.68
1.82 2.62 3.22 1.84
1.84 2.92 3.0 1.92
1.72 2.56 3.26 1.82
1.84 2.96 3.02 1.98
1.84 2.76 3.14 1.9
1.92 2.44 3.44 1.88
1.78 2.74 3.02 1.76
1.86 2.6 3.3 1.9
1.84 2.52 3.5 2.02
1.78 2.34 3.44 1.78
1.76 3.02 2.96 1.98
1.82 2.62 3.24 1.86
1.84 2.6 3.2 1.8
1.8 2.58 3.34 1.92
1.72 2.78 3.04 1.82
1.84 2.68 3.44 2.12
1.8 2.42 3.36 1.78
1.74 2.94 2.88 1.82
1.88 3.0 3.02 2.02
1.8 3.04 3.02 2.06
1.86 2.62 3.36 1.98
1.84 2.62 3.42 2.04
1.82 2.8 3.24 2.04
1.82 2.76 3.28 2.04
1.78 2.48 3.38 1.86
1.76 2.52 3.38 1.9
1.9 2.66 3.46 2.12
1.84 2.7 3.48 2.18
1.86 3.14 2.92 2.06
1.82 3.08 2.8 1.88
1.88 2.8 3.28 2.08
1.86 2.68 3.32 2.0
1.84 2.7 3.3 2.0
1.78 2.82 2.98 1.8
1.8 2.8 2.88 1.68
1.78 2.7 3.1 1.8
1.68 2.42 3.12 1.54
1.86 2.96 3.18 2.14
1.94 3.18 3.16 2.34
1.82 2.6 3.3 1.9
1.7 2.58 3.06 1.64
1.76 2.66 3.32 1.98
1.9 2.6 3.48 2.08
1.78 2.7 3.0 1.7
1.84 2.88 3.24 2.12
1.84 2.64 3.32 1.96
1.76 2.92 2.84 1.76
1.82 2.54 3.44 1.98
1.8 3.18 2.86 2.04
1.76 2.68 3.18 1.86
1.88 2.92 3.2 2.12
1.76 2.62 3.28 1.9
1.78 2.88 2.96 1.84
1.82 2.56 3.36 1.92
1.76 2.68 3.14 1.82
1.86 3.04 3.02 2.06
1.82 2.66 3.26 1.92
1.8 2.5 3.24 1.74
1.9 3.42 3.0 2.42
1.72 2.8 2.82 1.62
1.84 3.14 3.02 2.16
1.82 2.8 3.08 1.88
1.74 2.68 3.0 1.68
1.72 2.8 2.76 1.56
1.7 2.56 3.02 1.58
1.88 2.84 3.26 2.1
1.86 2.98 3.02 2.0
1.84 3.14 3.0 2.14
1.76 2.6 3.02 1.62
1.86 2.68 3.44 2.12
1.88 2.84 3.3 2.14
1.74 3.3 2.6 1.9
1.84 2.58 3.38 1.96
1.8 2.58 3.26 1.84
1.84 2.8 3.06 1.86
1.72 2.38 3.3 1.68
1.86 2.8 3.18 1.98
1.86 3.0 3.02 2.02
1.92 2.76 3.3 2.06
1.78 2.88 2.9 1.78
1.86 2.7 3.3 2.0
1.9 2.62 3.5 2.12
1.82 3.06 3.0 2.06
1.84 2.74 3.04 1.78
1.78 2.72 2.98 1.7
1.84 2.98 3.08 2.06
1.76 2.94 3.0 1.94
1.8 2.9 2.96 1.86
1.84 3.02 3.16 2.18
1.8 2.88 2.98 1.86
1.74 2.72 3.14 1.86
1.86 2.9 3.12 2.02
1.82 2.62 3.36 1.98
1.78 2.56 3.14 1.7
1.78 2.82 3.0 1.82
1.84 2.84 3.3 2.14
1.84 2.54 3.52 2.06
1.82 2.9 3.24 2.14
1.66 2.56 2.84 1.4
1.8 2.52 3.18 1.7
1.78 2.82 3.2 2.02
1.8 2.3 3.58 1.88
1.78 2.68 2.94 1.62
1.86 3.04 2.9 1.94
1.78 2.32 3.38 1.7
1.78 2.54 3.3 1.84
1.82 3.04 2.88 1.92
1.86 2.52 3.44 1.96
1.74 2.36 3.12 1.48
1.74 2.98 2.68 1.66
1.76 2.94 2.78 1.72
1.74 2.54 3.14 1.68
1.88 2.76 3.4 2.16
1.76 2.82 3.08 1.9
1.86 3.02 3.0 2.02
1.74 2.54 3.16 1.7
1.78 2.54 3.28 1.82
1.8 2.78 3.22 2.0
1.82 2.46 3.22 1.68
1.8 2.64 3.28 1.92
1.76 2.68 3.0 1.68
1.78 2.96 2.94 1.9
1.78 2.38 3.22 1.6
1.86 2.7 3.44 2.14
1.78 2.86 2.94 1.8
1.82 2.96 3.04 2.0
1.76 2.76 3.12 1.88
1.78 2.56 3.28 1.84
1.88 2.94 3.14 2.08
1.82 2.6 3.24 1.84
1.88 2.48 3.58 2.06
1.78 2.68 3.1 1.78
1.9 2.64 3.28 1.92
1.72 2.34 3.42 1.76
1.86 2.56 3.44 2.0
1.86 2.68 3.14 1.82
1.9 2.68 3.56 2.24
1.76 2.54 3.2 1.74
1.78 2.6 3.16 1.76
1.78 2.64 3.16 1.8
1.78 2.92 2.88 1.8
1.82 2.52 3.04 1.56
1.84 2.9 3.04 1.94
1.8 2.8 3.1 1.9
1.72 2.7 3.04 1.74
1.72 2.58 3.24 1.82
1.86 2.92 3.22 2.14
1.82 2.8 3.28 2.08
1.74 2.4 3.22 1.62
1.82 2.66 3.2 1.86
1.78 2.68 3.1 1.78
1.68 2.54 3.0 1.54
1.84 2.86 3.08 1.94
1.76 2.62 3.04 1.66
1.72 2.4 3.26 1.66
1.86 2.7 3.22 1.92
1.7 2.66 2.98 1.64
1.9 2.72 3.28 2.0
1.82 2.44 3.44 1.88
1.78 2.42 3.18 1.6
1.84 2.88 3.12 2.0
1.8 2.64 3.1 1.74
1.68 2.84 2.7 1.54
1.78 2.86 3.1 1.96
1.84 2.92 3.24 2.16
1.8 2.68 3.26 1.94
1.86 2.82 3.26 2.08
1.78 2.78 3.18 1.96
1.86 2.9 3.24 2.14
1.78 2.52 3.34 1.86
1.84 2.78 3.04 1.82
1.78 3.2 2.8 2.0
1.78 2.6 3.16 1.76
1.84 2.98 3.12 2.1
1.84 2.86 3.02 1.88
1.86 2.88 3.12 2.0
1.92 2.72 3.32 2.04
1.74 2.46 3.2 1.66
1.7 2.48 3.24 1.72
1.82 3.02 3.0 2.02
1.82 2.6 3.26 1.86
1.72 3.02 2.76 1.78
1.72 2.66 2.88 1.54
1.76 3.2 2.5 1.7
1.88 2.92 3.14 2.06
1.78 2.78 3.14 1.92
1.84 2.66 3.18 1.84
1.68 2.9 2.82 1.72
1.8 2.22 3.44 1.66
1.78 2.42 3.44 1.86
1.8 2.94 2.98 1.92
1.84 2.64 3.34 1.98
1.72 2.5 3.16 1.66
1.68 2.44 2.96 1.4
1.74 2.74 3.06 1.8
1.84 2.86 3.14 2.0
1.74 2.66 3.08 1.74
1.8 2.6 3.18 1.78
1.78 2.86 2.98 1.84
1.8 2.88 3.06 1.94
1.78 2.9 3.04 1.94
1.8 2.68 3.26 1.94
1.74 3.06 2.78 1.84
1.8 2.46 3.28 1.74
1.76 2.76 3.02 1.78
1.84 3.02 3.16 2.18
1.9 2.84 3.22 2.06
1.82 2.74 3.3 2.04
1.86 2.58 3.4 1.98
1.76 2.56 3.24 1.8
1.76 2.72 3.02 1.74
1.88 3.0 2.92 1.92
1.74 2.78 2.94 1.72
1.74 2.64 3.24 1.88
1.8 2.86 3.02 1.88
1.74 3.06 2.76 1.82
1.86 2.62 3.3 1.92
1.84 3.36 2.8 2.16
1.74 2.42 3.28 1.7
1.74 2.7 2.92 1.62
1.8 2.92 2.96 1.88
1.7 2.94 2.82 1.76
1.88 2.84 3.36 2.2
1.94 2.82 3.3 2.12
1.78 2.48 3.36 1.84
1.86 2.72 3.2 1.92
1.82 2.82 3.08 1.9
1.84 2.46 3.3 1.76
1.78 2.96 2.96 1.92
1.8 2.8 3.18 1.98
1.82 2.8 3.1 1.9
1.74 2.72 2.98 1.7
1.84 2.6 3.22 1.82
1.72 2.28 3.36 1.64
1.72 2.7 2.9 1.6
1.82 2.32 3.48 1.8
1.84 2.86 3.1 1.96
1.78 2.56 3.24 1.8
1.78 2.84 2.88 1.72
1.66 2.64 2.86 1.5
1.82 2.56 3.26 1.82
1.84 2.64 3.24 1.88
1.8 2.8 3.26 2.06
1.72 2.78 2.96 1.74
1.9 2.66 3.4 2.06
1.8 3.0 2.9 1.9
1.84 2.78 3.26 2.04
1.82 2.82 3.08 1.9
1.82 2.84 3.1 1.94
1.84 2.36 3.58 1.94
1.84 2.56 3.48 2.04
1.88 2.82 3.4 2.22
1.8 3.18 2.8 1.98
1.74 2.4 3.2 1.6
1.88 2.74 3.24 1.98
1.72 2.88 3.08 1.96
1.8 2.84 3.14 1.98
1.78 2.64 3.14 1.78
1.88 2.94 3.04 1.98
1.74 2.66 3.08 1.74
1.78 2.7 3.08 1.78
1.8 3.04 2.8 1.84
1.88 2.76 3.2 1.96
1.86 2.84 3.2 2.04
1.78 2.62 3.18 1.8
1.78 3.04 2.92 1.96
1.8 2.56 3.1 1.66
1.74 2.9 2.92 1.82
1.86 2.86 3.34 2.2
1.86 2.54 3.54 2.08
1.74 2.78 2.94 1.72
1.8 2.68 3.32 2.0
1.78 2.68 3.28 1.96
1.76 3.4 2.5 1.9
1.8 2.66 3.34 2.0
1.84 2.72 3.24 1.96
1.82 2.7 2.98 1.68
1.78 2.94 3.02 1.96
1.78 2.18 3.48 1.66
1.82 3.02 2.98 2.0
1.86 2.94 3.06 2.0
1.84 2.72 3.14 1.86
1.82 2.8 3.1 1.9
1.76 3.08 2.8 1.88
1.88 2.94 3.06 2.0
1.74 3.06 2.88 1.94
1.76 2.76 3.0 1.76
1.74 2.6 3.2 1.8
1.72 2.6 3.04 1.64
1.72 2.74 2.84 1.58
1.72 2.92 2.8 1.72
1.8 2.4 3.42 1.82
1.76 2.76 2.98 1.74
1.82 3.08 2.96 2.04
1.84 2.84 3.02 1.86
1.8 3.06 3.0 2.06
1.84 2.5 3.32 1.82
1.76 2.82 3.16 1.98
1.78 2.66 3.12 1.78
1.78 2.56 3.1 1.66
1.8 2.92 2.9 1.82
1.84 3.04 2.9 1.94
1.8 2.68 3.18 1.86
1.86 2.8 3.12 1.92
1.72 2.94 2.76 1.7
1.8 2.84 3.16 2.0
1.8 2.8 3.16 1.96
1.78 2.74 3.1 1.84
1.82 2.82 3.04 1.86
1.74 2.96 2.82 1.78
1.78 2.72 3.16 1.88
1.82 2.5 3.48 1.98
1.86 3.06 2.84 1.9
1.62 2.66 2.88 1.54
1.84 2.74 3.16 1.9
1.76 2.86 2.98 1.84
1.8 3.08 2.92 2.0
1.8 2.98 2.96 1.94
1.72 2.64 3.02 1.66
1.82 2.78 3.2 1.98
1.86 2.56 3.44 2.0
1.84 2.66 3.22 1.88
1.94 2.78 3.54 2.32
1.78 2.9 3.0 1.9
1.78 2.56 3.34 1.9
1.88 2.54 3.44 1.98
1.82 2.9 3.0 1.9
1.86 2.88 3.08 1.96
1.82 2.78 3.16 1.94
1.78 2.92 2.94 1.86
1.88 2.64 3.32 1.96
1.82 2.68 3.14 1.82
1.78 2.7 3.16 1.86
1.88 3.3 3.04 2.34
1.82 2.84 3.04 1.88
1.86 3.02 3.06 2.08
1.88 2.56 3.5 2.06
1.86 2.58 3.54 2.12
1.78 2.72 3.12 1.84
1.82 2.36 3.68 2.04
1.78 2.68 3.02 1.7
1.84 2.7 3.34 2.04
1.74 2.4 3.28 1.68
1.84 2.96 3.08 2.04
1.82 2.84 3.1 1.94
1.78 3.0 2.88 1.88
1.72 2.52 3.12 1.64
1.82 2.88 3.06 1.94
1.74 2.48 3.24 1.72
1.76 2.44 3.34 1.78
1.86 2.84 3.24 2.08
1.88 3.16 2.92 2.08
1.84 2.9 3.14 2.04
1.72 2.44 3.04 1.48
1.78 2.86 2.96 1.82
1.78 3.04 2.8 1.84
1.72 2.52 3.2 1.72
1.74 2.62 3.12 1.74
1.74 2.64 3.02 1.66
1.88 2.92 3.02 1.94
1.76 2.72 3.0 1.72
1.82 2.74 3.18 1.92
1.82 2.94 2.88 1.82
1.86 2.9 3.2 2.1
1.76 2.64 3.0 1.64
1.82 2.6 3.56 2.16
1.8 2.9 3.2 2.1
1.76 2.72 3.06 1.78
1.8 3.0 2.86 1.86
1.86 2.7 3.14 1.84
1.72 2.32 3.22 1.54
1.8 2.62 3.24 1.86
1.84 2.86 3.18 2.04
1.84 3.26 2.84 2.1
1.82 2.58 3.42 2.0
1.9 2.48 3.48 1.96
1.82 2.92 3.0 1.92
1.86 2.94 3.14 2.08
1.800428 2.736432 3.130412 1.866844
