1.75 2.6 3.22 1.82
1.82 2.85 3.13 1.98
1.84 2.77 3.26 2.03
1.78 2.65 3.09 1.74
1.84 2.77 3.14 1.91
1.85 2.92 2.98 1.9
1.82 3.02 3.03 2.05
1.8 2.59 3.28 1.87
1.83 2.93 3.05 1.98
1.83 2.45 3.36 1.81
1.81 2.77 3.1 1.87
1.81 3.08 2.96 2.04
1.8 2.92 2.97 1.89
1.83 2.88 3.09 1.97
1.78 2.8 3.07 1.87
1.81 3.02 2.9 1.92
1.76 2.72 3.02 1.74
1.77 2.77 3.03 1.8
1.79 2.59 3.12 1.71
1.8 2.81 3.17 1.98
1.79 2.61 3.15 1.76
1.75 2.74 3.09 1.83
1.81 2.9 3.08 1.98
1.77 2.82 2.92 1.74
1.76 2.72 3.05 1.77
1.81 2.73 3.17 1.9
1.81 2.45 3.26 1.71
1.82 2.86 3.3 2.16
1.81 2.52 3.23 1.75
1.85 2.83 3.22 2.05
1.78 2.78 3.05 1.83
1.8 2.69 3.24 1.93
1.74 2.74 3.02 1.76
1.76 2.82 3.12 1.94
1.69 2.69 2.89 1.58
1.81 2.72 3.07 1.79
1.79 2.59 3.17 1.76
1.89 2.74 3.27 2.01
1.84 2.48 3.42 1.9
1.78 2.59 3.18 1.77
1.88 2.7 3.24 1.94
1.78 2.71 3.1 1.81
1.82 2.88 3.19 2.07
1.82 2.7 3.19 1.89
1.79 2.72 3.03 1.75
1.84 2.65 3.2 1.85
1.86 2.81 3.19 2.0
1.81 2.89 2.96 1.85
1.78 2.84 3.08 1.92
1.75 2.34 3.3 1.64
1.8 2.53 3.33 1.86
1.74 2.93 2.94 1.87
1.85 2.46 3.44 1.9
1.76 2.66 3.12 1.78
1.79 2.64 3.2 1.84
1.86 3.3 2.8 2.1
1.82 3.01 2.98 1.99
1.85 2.93 3.08 2.01
1.82 2.65 3.31 1.96
1.78 2.61 3.27 1.88
1.75 2.81 2.91 1.72
1.74 2.79 2.98 1.77
1.73 2.79 2.93 1.72
1.81 2.86 3.03 1.89
1.82 2.77 3.06 1.83
1.79 2.85 3.09 1.94
1.79 2.61 3.15 1.76
1.83 3.0 2.98 1.98
1.81 2.35 3.4 1.75
1.7 2.65 3.11 1.76
1.81 2.83 3.07 1.9
1.81 2.7 3.24 1.94
1.87 2.65 3.4 2.05
1.84 2.92 3.16 2.08
1.82 2.8 3.2 2.0
1.87 3.03 3.06 2.09
1.79 2.86 3.02 1.88
1.81 2.7 3.23 1.93
1.81 2.72 3.2 1.92
1.81 2.49 3.34 1.83
1.78 2.73 3.14 1.87
1.86 2.84 3.25 2.09
1.68 2.57 2.85 1.42
1.79 2.76 3.12 1.88
1.77 2.95 3.0 1.95
1.8 2.58 3.25 1.83
1.83 2.72 3.2 1.92
1.81 2.7 3.21 1.91
1.83 2.84 3.03 1.87
1.74 2.56 3.03 1.59
1.85 2.97 3.12 2.09
1.82 2.83 3.11 1.94
1.79 2.8 3.06 1.86
1.76 2.8 2.93 1.73
1.85 2.99 2.98 1.97
1.83 2.38 3.39 1.77
1.72 2.84 2.93 1.77
1.81 2.81 3.09 1.9
1.74 2.89 2.87 1.76
1.81 2.42 3.41 1.83
1.83 2.64 3.4 2.04
1.74 2.88 2.94 1.82
1.82 2.93 3.01 1.94
1.75 2.52 3.2 1.72
1.81 2.79 3.11 1.9
1.77 2.59 3.15 1.74
1.76 2.81 2.98 1.79
1.8 2.79 3.04 1.83
1.75 2.68 3.07 1.75
1.79 2.58 3.14 1.72
1.72 2.71 3.06 1.77
1.8 2.76 3.23 1.99
1.84 2.68 3.34 2.02
1.75 2.49 3.12 1.61
1.88 2.64 3.4 2.04
1.78 2.87 2.96 1.83
1.83 2.96 3.02 1.98
1.78 2.71 3.04 1.75
1.79 2.76 3.16 1.92
1.73 2.57 3.09 1.66
1.76 2.37 3.36 1.73
1.75 2.68 3.08 1.76
1.78 2.72 3.01 1.73
1.81 2.56 3.34 1.9
1.76 2.66 3.03 1.69
1.82 2.62 3.33 1.95
1.87 2.88 3.13 2.01
1.84 2.79 3.16 1.95
1.81 2.77 3.11 1.88
1.83 2.75 3.25 2.0
1.72 2.7 3.02 1.72
1.86 3.0 3.15 2.15
1.76 2.69 3.14 1.83
1.69 2.63 2.97 1.6
1.82 2.77 3.17 1.94
1.79 2.54 3.27 1.81
1.84 2.86 3.16 2.02
1.85 2.96 3.11 2.07
1.89 2.84 3.19 2.03
1.85 2.78 3.09 1.87
1.75 2.43 3.15 1.58
1.78 2.85 3.0 1.85
1.79 2.74 3.14 1.88
1.78 2.69 3.11 1.8
1.74 2.87 2.94 1.81
1.77 2.45 3.38 1.83
1.76 2.56 3.23 1.79
1.76 3.02 2.87 1.89
1.75 2.71 3.07 1.78
1.76 2.59 3.22 1.81
1.8 2.6 3.27 1.87
1.85 2.76 3.23 1.99
1.75 2.46 3.2 1.66
1.76 2.85 3.03 1.88
1.76 2.74 3.08 1.82
1.81 2.6 3.13 1.73
1.74 2.69 3.06 1.75
1.78 2.69 3.05 1.74
1.84 2.96 3.12 2.08
1.79 2.78 3.05 1.83
1.85 2.64 3.37 2.01
1.81 2.89 2.98 1.87
1.78 2.82 3.09 1.91
1.79 2.97 2.91 1.88
1.86 2.77 3.16 1.93
1.8 3.01 2.92 1.93
1.84 2.63 3.3 1.93
1.83 2.82 3.18 2.0
1.77 2.74 3.03 1.77
1.78 2.41 3.44 1.85
1.79 2.67 3.19 1.86
1.77 2.98 2.83 1.81
1.75 2.69 3.14 1.83
1.78 2.72 3.08 1.8
1.76 2.87 2.96 1.83
1.8 2.7 3.1 1.8
1.77 2.48 3.34 1.82
1.84 2.6 3.29 1.89
1.85 2.77 3.27 2.04
1.78 2.53 3.26 1.79
1.84 2.82 3.16 1.98
1.73 2.69 3.03 1.72
1.84 2.69 3.28 1.97
1.77 2.68 3.18 1.86
1.74 2.96 2.83 1.79
1.8 2.85 3.12 1.97
1.86 2.78 3.28 2.06
1.84 2.84 3.18 2.02
1.77 2.53 3.24 1.77
1.79 2.75 3.14 1.89
1.83 2.83 3.2 2.03
1.81 2.82 2.96 1.78
1.78 2.73 3.06 1.79
1.88 2.72 3.24 1.96
1.78 2.94 2.92 1.86
1.87 2.76 3.31 2.07
1.79 2.57 3.21 1.78
1.84 2.8 3.11 1.91
1.82 2.79 3.18 1.97
1.84 2.8 3.16 1.96
1.82 2.75 3.16 1.91
1.85 2.73 3.33 2.06
1.76 2.74 2.97 1.71
1.78 2.84 3.03 1.87
1.85 3.05 2.99 2.04
1.74 2.76 2.92 1.68
1.88 2.92 3.14 2.06
1.81 2.75 3.12 1.87
1.84 2.64 3.35 1.99
1.79 2.67 3.15 1.82
1.78 2.66 3.13 1.79
1.83 3.02 3.04 2.06
1.87 3.14 2.98 2.12
1.8 2.91 2.96 1.87
1.8 2.86 3.1 1.96
1.72 2.75 2.87 1.62
1.81 2.79 3.1 1.89
1.84 3.06 2.93 1.99
1.77 2.77 3.04 1.81
1.79 2.74 3.17 1.91
1.85 2.9 3.15 2.05
1.81 2.83 3.21 2.04
1.83 2.71 3.29 2.0
1.79 2.64 3.12 1.76
1.76 2.71 3.09 1.8
1.75 2.48 3.27 1.75
1.81 2.8 2.99 1.79
1.8 2.89 3.0 1.89
1.8 2.56 3.3 1.86
1.83 2.76 3.23 1.99
1.87 2.7 3.26 1.96
1.74 2.75 3.01 1.76
1.69 2.65 2.96 1.61
1.8 2.55 3.21 1.76
1.73 2.44 3.06 1.5
1.83 2.61 3.25 1.86
1.81 2.68 3.14 1.82
1.86 2.85 3.3 2.15
1.83 3.03 3.03 2.06
1.78 2.91 2.91 1.82
1.76 2.39 3.34 1.73
1.83 2.87 3.11 1.98
1.85 2.84 3.14 1.98
1.8 2.64 3.14 1.78
1.76 2.57 3.13 1.7
1.8 2.74 3.06 1.8
1.76 2.52 3.19 1.71
1.79 2.77 3.16 1.93
1.83 2.81 3.07 1.88
1.8 2.69 3.13 1.82
1.86 2.77 3.16 1.93
1.83 2.47 3.46 1.93
1.72 2.62 2.95 1.57
1.75 2.87 2.98 1.85
1.89 3.06 3.15 2.21
1.73 2.71 2.97 1.68
1.87 2.8 3.08 1.88
1.8 2.93 2.98 1.91
1.73 2.67 3.06 1.73
1.84 2.59 3.41 2.0
1.72 2.7 2.91 1.61
1.85 2.58 3.3 1.88
1.75 2.83 2.99 1.82
1.74 2.61 3.07 1.68
1.76 2.5 3.14 1.64
1.78 2.84 3.09 1.93
1.83 2.76 3.22 1.98
1.8 2.82 3.17 1.99
1.81 2.87 3.13 2.0
1.82 2.78 3.24 2.02
1.79 2.75 3.16 1.91
1.85 2.87 3.15 2.02
1.8 2.77 3.11 1.88
1.79 2.77 3.14 1.91
1.77 2.61 3.26 1.87
1.84 2.85 3.13 1.98
1.79 2.65 3.11 1.76
1.82 2.96 3.04 2.0
1.82 2.66 3.22 1.88
1.79 2.69 3.11 1.8
1.85 2.87 3.05 1.92
1.8 3.02 2.83 1.85
1.78 2.86 3.15 2.01
1.71 2.75 2.94 1.69
1.77 2.94 3.03 1.97
1.84 2.68 3.24 1.92
1.82 2.93 2.99 1.92
1.78 2.91 2.99 1.9
1.8 2.62 3.26 1.88
1.79 2.66 3.19 1.85
1.76 2.51 3.29 1.8
1.84 2.75 3.29 2.04
1.84 2.77 3.17 1.94
1.75 2.61 3.1 1.71
1.79 2.87 3.04 1.91
1.81 2.69 3.1 1.79
1.84 2.87 3.08 1.95
1.78 2.6 3.18 1.78
1.85 2.87 3.17 2.04
1.83 2.81 3.2 2.01
1.82 2.77 3.04 1.81
1.78 2.88 2.96 1.84
1.81 2.82 3.05 1.87
1.72 2.67 3.0 1.67
1.81 3.12 2.87 1.99
1.79 2.87 3.08 1.95
1.85 2.92 3.04 1.96
1.87 3.12 3.06 2.18
1.86 2.96 3.16 2.12
1.78 2.56 3.29 1.85
1.77 2.28 3.38 1.66
1.84 2.78 3.26 2.04
1.82 2.82 3.05 1.87
1.82 2.86 3.12 1.98
1.83 2.76 3.03 1.79
1.81 2.94 3.12 2.06
1.73 2.67 3.16 1.83
1.81 2.54 3.31 1.85
1.78 2.96 2.92 1.88
1.84 2.74 3.21 1.95
1.84 2.93 3.05 1.98
1.84 2.72 3.28 2.0
1.79 2.82 3.02 1.84
1.78 2.9 3.04 1.94
1.8 2.7 3.18 1.88
1.77 2.72 3.08 1.8
1.86 3.07 3.03 2.1
1.79 2.7 2.98 1.68
1.79 2.5 3.2 1.7
1.82 2.68 3.21 1.89
1.81 3.03 2.95 1.98
1.82 2.69 3.16 1.85
1.88 2.79 3.22 2.01
1.81 2.85 3.04 1.89
1.74 2.87 2.95 1.82
1.85 2.47 3.47 1.94
1.74 2.85 2.93 1.78
1.81 2.89 3.0 1.89
1.86 2.98 3.07 2.05
1.75 2.49 3.22 1.71
1.76 2.62 3.05 1.67
1.89 2.68 3.48 2.16
1.83 2.65 3.25 1.9
1.79 2.9 2.97 1.87
1.8 3.13 2.87 2.0
1.83 2.68 3.27 1.95
1.81 2.92 3.03 1.95
1.8 2.77 3.03 1.8
1.76 2.84 3.02 1.86
1.82 2.73 3.17 1.9
1.83 2.74 3.25 1.99
1.82 2.58 3.21 1.79
1.75 2.86 2.89 1.75
1.81 2.78 3.27 2.05
1.79 2.6 3.15 1.75
1.84 3.0 3.12 2.12
1.85 2.86 3.19 2.05
1.8 2.75 3.21 1.96
1.86 2.95 3.04 1.99
1.79 2.46 3.27 1.73
1.81 2.62 3.21 1.83
1.82 2.61 3.2 1.81
1.85 2.7 3.31 2.01
1.77 2.55 3.35 1.9
1.82 2.62 3.26 1.88
1.77 2.95 2.83 1.78
1.8 2.57 3.3 1.87
1.86 2.48 3.43 1.91
1.82 2.59 3.35 1.94
1.84 2.38 3.46 1.84
1.73 2.78 3.01 1.79
1.74 2.64 3.05 1.69
1.82 3.02 2.88 1.9
1.79 2.8 3.01 1.81
1.81 2.54 3.28 1.82
1.78 2.65 3.14 1.79
1.78 2.63 3.17 1.8
1.82 2.75 3.16 1.91
1.8 2.77 3.01 1.78
1.78 2.82 3.08 1.9
1.78 2.84 3.14 1.98
1.82 2.85 3.05 1.9
1.8 2.99 3.02 2.01
1.79 2.93 2.99 1.92
1.87 2.81 3.28 2.09
1.78 2.81 3.11 1.92
1.85 2.66 3.36 2.02
1.72 2.3 3.27 1.57
1.83 2.84 3.09 1.93
1.85 2.52 3.35 1.87
1.8 2.86 3.09 1.95
1.83 2.63 3.33 1.96
1.8 2.87 3.05 1.92
1.83 3.01 2.95 1.96
1.85 2.64 3.29 1.93
1.8 2.57 3.17 1.74
1.74 2.64 3.09 1.73
1.76 2.46 3.2 1.66
1.75 2.67 3.02 1.69
1.82 2.89 3.18 2.07
1.78 2.68 3.17 1.85
1.81 2.95 2.98 1.93
1.83 2.79 3.11 1.9
1.88 2.82 3.16 1.98
1.79 2.82 3.01 1.83
1.78 2.44 3.42 1.86
1.79 2.91 2.96 1.87
1.8 2.81 3.12 1.93
1.84 2.74 3.17 1.91
1.76 2.57 3.13 1.7
1.76 2.72 3.14 1.86
1.77 2.72 3.01 1.73
1.82 2.75 3.14 1.89
1.79 2.65 3.21 1.86
1.83 2.9 2.98 1.88
1.8 2.76 3.16 1.92
1.82 2.96 2.99 1.95
1.84 2.77 3.29 2.06
1.79 2.69 3.18 1.87
1.85 2.73 3.34 2.07
1.81 2.52 3.39 1.91
1.83 2.87 3.07 1.94
1.71 2.74 2.91 1.65
1.79 3.09 2.9 1.99
1.81 2.87 2.99 1.86
1.82 2.86 3.0 1.86
1.77 2.48 3.26 1.74
1.77 2.91 2.92 1.83
1.78 2.92 2.99 1.91
1.8 2.96 3.01 1.97
1.78 2.25 3.43 1.68
1.8 2.58 3.21 1.79
1.78 2.62 3.19 1.81
1.83 2.9 3.09 1.99
1.82 2.55 3.33 1.88
1.87 3.11 3.02 2.13
1.8 2.56 3.38 1.94
1.83 2.65 3.25 1.9
1.75 2.81 2.98 1.79
1.8 2.84 3.17 2.01
1.73 2.52 3.23 1.75
1.77 2.84 2.87 1.71
1.77 2.68 3.19 1.87
1.75 2.82 3.02 1.84
1.74 2.95 2.86 1.81
1.86 2.91 3.14 2.05
1.84 2.82 3.14 1.96
1.81 2.49 3.38 1.87
1.78 2.63 3.12 1.75
1.84 2.65 3.31 1.96
1.78 2.6 3.19 1.79
1.76 2.84 2.97 1.81
1.83 2.77 3.06 1.83
1.8 2.7 3.23 1.93
1.75 2.76 3.09 1.85
1.76 2.77 3.05 1.82
1.82 2.89 3.1 1.99
1.83 2.62 3.22 1.84
1.74 2.79 2.88 1.67
1.84 2.51 3.51 2.02
1.88 2.69 3.29 1.98
1.77 2.61 3.16 1.77
1.82 2.68 3.16 1.84
1.84 2.68 3.26 1.94
1.73 2.9 2.92 1.82
1.84 2.7 3.13 1.83
1.72 2.57 3.14 1.71
1.79 2.59 3.23 1.82
1.87 2.76 3.35 2.11
1.79 2.75 3.13 1.88
1.8 2.96 3.05 2.01
1.79 2.97 2.85 1.82
1.81 2.95 3.11 2.06
1.81 2.72 3.26 1.98
1.73 2.69 3.05 1.74
1.82 2.47 3.41 1.88
1.76 2.85 2.97 1.82
1.81 2.63 3.22 1.85
1.82 2.86 3.15 2.01
1.81 2.79 3.18 1.97
1.79 2.78 3.07 1.85
1.74 2.76 3.04 1.8
1.76 2.89 2.87 1.76
1.79 2.76 3.08 1.84
1.81 2.76 3.24 2.0
1.77 2.91 2.96 1.87
1.79 2.75 3.07 1.82
1.87 2.54 3.43 1.97
1.8 2.84 3.03 1.87
1.81 2.72 3.18 1.9
1.8 2.63 3.23 1.86
1.84 3.02 3.02 2.04
1.8 2.89 3.0 1.89
1.77 2.23 3.39 1.62
1.79 2.79 2.94 1.73
1.85 3.05 2.96 2.01
1.81 2.71 3.07 1.78
1.75 2.58 3.15 1.73
1.83 2.79 3.21 2.0
1.83 2.56 3.34 1.9
1.76 2.77 3.0 1.77
1.83 2.55 3.36 1.91
1.79 2.8 3.07 1.87
1.82 2.73 3.09 1.82
1.87 2.9 3.26 2.16
1.74 2.78 2.93 1.71
1.74 2.51 3.19 1.7
1.8 2.76 3.24 2.0
1.81 2.63 3.27 1.9
1.79 2.4 3.29 1.69
1.82 2.78 3.26 2.04
1.77 2.65 3.17 1.82
1.83 2.9 2.98 1.88
1.8 2.83 3.2 2.03
1.84 2.59 3.36 1.95
1.79 2.64 3.14 1.78
1.79 2.76 3.0 1.76
1.8 2.83 3.09 1.92
1.81 2.55 3.28 1.83
1.83 2.72 3.19 1.91
1.8 2.7 3.15 1.85
1.87 2.73 3.32 2.05
1.83 2.93 2.98 1.91
1.87 2.9 3.26 2.16
1.8 2.74 3.14 1.88
1.77 2.55 3.32 1.87
1.76 2.98 2.84 1.82
1.84 2.87 3.09 1.96
1.76 2.65 3.1 1.75
1.8 2.78 3.14 1.92
1.86 3.06 3.01 2.07
1.75 2.65 2.98 1.63
1.81 2.87 3.12 1.99
1.81 2.86 3.16 2.02
1.79 2.84 3.05 1.89
1.81 2.73 3.12 1.85
1.72 2.62 3.02 1.64
1.81 2.9 2.99 1.89
1.76 2.85 2.94 1.79
1.76 2.74 3.0 1.74
1.79 2.53 3.28 1.81
1.83 2.76 3.02 1.78
1.77 2.69 3.23 1.92
1.75 2.6 2.97 1.57
1.84 2.77 3.27 2.04
1.69 2.69 2.9 1.59
1.79 2.72 3.15 1.87
1.78 2.79 2.99 1.78
1.8 2.77 3.16 1.93
1.81 2.69 3.19 1.88
1.81 2.67 3.15 1.82
1.82 2.78 3.18 1.96
1.8 2.72 3.29 2.01
1.82 2.83 3.16 1.99
1.71 2.64 2.92 1.56
1.81 2.84 3.14 1.98
1.83 2.61 3.23 1.84
1.84 2.71 3.22 1.93
1.8 2.54 3.24 1.78
1.85 2.97 3.04 2.01
1.84 2.72 3.23 1.95
1.79 2.5 3.34 1.84
1.78 2.63 3.18 1.81
1.87 2.64 3.4 2.04
1.74 2.52 3.19 1.71
1.83 2.95 2.97 1.92
1.77 2.79 3.0 1.79
1.86 2.7 3.22 1.92
1.79 2.75 3.17 1.92
1.76 2.6 3.18 1.78
1.87 2.62 3.33 1.95
1.73 2.64 2.95 1.59
1.8 2.67 3.16 1.83
1.89 2.86 3.26 2.12
1.83 2.61 3.31 1.92
1.86 2.85 3.13 1.98
1.76 2.5 3.15 1.65
1.78 2.73 3.1 1.83
1.86 2.81 3.23 2.04
1.71 2.57 3.08 1.65
1.77 2.53 3.15 1.68
1.73 2.8 2.88 1.68
1.76 2.77 3.05 1.82
1.77 2.87 2.89 1.76
1.77 2.52 3.13 1.65
1.87 2.84 3.22 2.06
1.84 2.8 3.1 1.9
1.79 2.54 3.3 1.84
1.83 2.92 3.1 2.02
1.77 2.89 2.93 1.82
1.79 3.01 2.82 1.83
1.82 2.86 3.05 1.91
1.81 2.44 3.27 1.71
1.77 2.69 3.06 1.75
1.83 2.87 3.04 1.91
1.83 2.46 3.34 1.8
1.7 2.59 3.02 1.61
1.85 2.69 3.31 2.0
1.78 2.87 2.93 1.8
1.74 2.69 3.11 1.8
1.83 2.85 3.17 2.02
1.77 2.5 3.13 1.63
1.76 2.62 3.1 1.72
1.78 2.79 3.17 1.96
1.8 2.9 2.94 1.84
1.77 2.85 2.88 1.73
1.74 2.47 3.23 1.7
1.79 2.36 3.31 1.67
1.83 2.48 3.34 1.82
1.83 2.65 3.19 1.84
1.73 2.74 2.89 1.63
1.77 2.63 3.07 1.7
1.83 2.49 3.37 1.86
1.8 2.61 3.18 1.79
1.74 2.71 2.98 1.69
1.72 2.58 3.03 1.61
1.85 2.75 3.18 1.93
1.74 2.88 2.85 1.73
1.84 2.34 3.56 1.9
1.83 2.82 3.13 1.95
1.84 2.8 3.18 1.98
1.82 2.74 3.19 1.93
1.81 2.74 3.23 1.97
1.81 2.56 3.31 1.87
1.83 2.95 3.05 2.0
1.74 2.82 2.9 1.72
1.76 2.81 3.0 1.81
1.82 2.73 3.06 1.79
1.72 2.73 2.93 1.66
1.8 2.49 3.33 1.82
1.82 2.98 2.97 1.95
1.82 2.9 2.97 1.87
1.85 2.59 3.35 1.94
1.77 2.57 3.19 1.76
1.78 2.62 3.13 1.75
1.81 2.86 3.14 2.0
1.87 2.79 3.3 2.09
1.83 2.88 3.07 1.95
1.81 2.84 3.04 1.88
1.8 2.97 2.95 1.92
1.78 2.93 2.97 1.9
1.83 2.94 3.07 2.01
1.74 2.68 3.07 1.75
1.75 2.96 2.82 1.78
1.76 2.7 3.12 1.82
1.8 2.75 3.06 1.81
1.81 2.5 3.47 1.97
1.86 2.73 3.31 2.04
1.72 2.65 3.09 1.74
1.81 2.76 3.19 1.95
1.81 2.95 2.92 1.87
1.82 2.63 3.32 1.95
1.8 2.79 3.05 1.84
1.8 2.67 3.21 1.88
1.84 2.94 3.18 2.12
1.74 2.67 3.12 1.79
1.81 2.94 3.05 1.99
1.8 2.58 3.22 1.8
1.79 3.01 2.99 2.0
1.76 2.6 3.2 1.8
1.78 2.74 3.11 1.85
1.73 2.41 3.22 1.63
1.85 2.7 3.37 2.07
1.81 2.8 3.13 1.93
1.73 2.71 3.02 1.73
1.83 2.74 3.06 1.8
1.78 2.97 2.95 1.92
1.76 2.81 3.0 1.81
1.79 2.55 3.23 1.78
1.79 2.84 3.04 1.88
1.8 2.96 2.96 1.92
1.85 2.82 3.21 2.03
1.8 2.77 3.11 1.88
1.76 2.59 3.06 1.65
1.87 2.94 3.12 2.06
1.84 2.75 3.14 1.89
1.67 2.52 2.94 1.46
1.78 2.78 3.24 2.02
1.76 2.69 3.15 1.84
1.79 2.94 2.98 1.92
1.76 2.7 3.11 1.81
1.82 3.02 3.0 2.02
1.77 2.68 3.12 1.8
1.78 2.38 3.24 1.62
1.74 2.7 3.12 1.82
1.77 2.51 3.08 1.59
1.8 2.54 3.34 1.88
1.78 2.84 3.05 1.89
1.8 2.71 3.2 1.91
1.83 2.74 3.06 1.8
1.79 2.54 3.32 1.86
1.81 2.73 3.09 1.82
1.79 2.4 3.37 1.77
1.83 2.91 2.94 1.85
1.76 2.54 3.29 1.83
1.83 2.59 3.16 1.75
1.82 2.76 3.06 1.82
1.8 2.62 3.3 1.92
1.78 2.51 3.19 1.7
1.78 2.91 2.9 1.81
1.8 2.71 3.23 1.94
1.77 2.64 3.17 1.81
1.81 2.78 3.13 1.91
1.82 2.85 3.06 1.91
1.75 2.53 3.24 1.77
1.79 2.82 3.01 1.83
1.83 2.58 3.3 1.88
1.83 2.84 3.23 2.07
1.76 2.75 3.08 1.83
1.72 2.64 3.04 1.68
1.78 2.91 2.98 1.89
1.84 2.74 3.21 1.95
1.79 2.89 3.03 1.92
1.78 2.97 2.89 1.86
1.76 2.86 2.86 1.72
1.83 2.71 3.32 2.03
1.78 3.13 2.87 2.0
1.85 2.76 3.16 1.92
1.79 2.95 2.97 1.92
1.82 2.69 3.23 1.92
1.79 2.69 3.24 1.93
1.82 2.83 3.05 1.88
1.88 3.16 2.9 2.06
1.81 2.79 3.12 1.91
1.78 2.66 3.35 2.01
1.82 2.77 3.15 1.92
1.83 2.58 3.35 1.93
1.78 2.9 2.99 1.89
1.79 3.13 2.83 1.96
1.87 2.89 3.2 2.09
1.82 2.8 3.13 1.93
1.77 2.54 3.21 1.75
1.72 2.91 2.77 1.68
1.72 2.41 3.22 1.63
1.85 2.66 3.26 1.92
1.83 2.78 3.13 1.91
1.87 2.8 3.21 2.01
1.8 2.55 3.22 1.77
1.76 2.7 3.07 1.77
1.79 2.72 3.19 1.91
1.76 2.61 3.28 1.89
1.76 2.65 3.12 1.77
1.8 2.84 2.96 1.8
1.82 2.89 3.04 1.93
1.74 2.76 2.95 1.71
1.77 2.85 3.07 1.92
1.79 2.54 3.21 1.75
1.81 2.73 3.24 1.97
1.86 2.85 3.21 2.06
1.74 2.38 3.29 1.67
1.86 2.77 3.37 2.14
1.85 2.68 3.23 1.91
1.76 2.88 2.94 1.82
1.8 2.75 3.13 1.88
1.86 2.73 3.18 1.91
1.85 2.77 3.23 2.0
1.7 2.53 3.1 1.63
1.76 2.77 2.99 1.76
1.83 2.77 3.2 1.97
1.77 2.57 3.16 1.73
1.79 2.74 3.2 1.94
1.85 2.77 3.2 1.97
1.8 2.79 3.04 1.83
1.83 2.59 3.15 1.74
1.73 2.55 3.15 1.7
1.77 2.85 2.98 1.83
1.88 2.9 3.15 2.05
1.79 2.65 3.29 1.94
1.81 2.7 3.06 1.76
1.78 2.72 3.1 1.82
1.84 2.66 3.19 1.85
1.84 2.78 3.2 1.98
1.82 2.82 3.04 1.86
1.8 2.77 3.04 1.81
1.86 2.87 3.14 2.01
1.72 2.57 3.02 1.59
1.73 2.85 2.9 1.75
1.75 2.63 3.15 1.78
1.78 2.82 3.05 1.87
1.81 3.01 2.86 1.87
1.87 2.97 3.07 2.04
1.86 3.03 2.94 1.97
1.84 3.07 2.93 2.0
1.84 3.06 3.05 2.11
1.83 2.77 3.09 1.86
1.79 2.68 3.19 1.87
1.75 2.45 3.21 1.66
1.78 2.81 3.04 1.85
1.78 2.52 3.27 1.79
1.82 2.86 3.02 1.88
1.79 2.65 3.2 1.85
1.8 2.63 3.13 1.76
1.76 2.47 3.18 1.65
1.87 2.67 3.31 1.98
1.76 2.45 3.36 1.81
1.79 2.7 3.15 1.85
1.75 2.63 3.1 1.73
1.77 2.78 3.14 1.92
1.79 2.8 3.04 1.84
1.81 2.66 3.25 1.91
1.81 2.75 2.98 1.73
1.82 2.91 3.01 1.92
1.8 2.71 3.21 1.92
1.75 2.77 3.1 1.87
1.84 2.9 3.19 2.09
1.83 2.94 3.02 1.96
1.76 2.63 3.15 1.78
1.84 2.49 3.38 1.87
1.81 2.97 3.03 2.0
1.86 3.0 3.0 2.0
1.85 3.2 2.86 2.06
1.84 2.76 3.25 2.01
1.9 2.67 3.45 2.12
1.8 2.71 3.29 2.0
1.8 2.45 3.28 1.73
1.78 2.62 3.23 1.85
1.89 2.81 3.31 2.12
1.79 2.67 3.06 1.73
1.82 2.73 3.2 1.93
1.74 2.83 2.91 1.74
1.86 2.91 3.17 2.08
1.78 2.62 3.16 1.78
1.85 2.78 3.31 2.09
1.73 2.92 2.88 1.8
1.81 2.7 3.17 1.87
1.77 2.52 3.21 1.73
1.82 2.89 3.01 1.9
1.82 2.91 3.04 1.95
1.77 2.76 2.96 1.72
1.79 2.95 2.94 1.89
1.79 2.66 3.18 1.84
1.76 2.71 3.08 1.79
1.81 2.77 3.14 1.91
1.79 2.96 2.94 1.9
1.81 2.91 3.06 1.97
1.75 2.52 3.15 1.67
1.79 2.92 2.96 1.88
1.76 2.83 3.01 1.84
1.83 2.71 3.21 1.92
1.78 2.63 3.08 1.71
1.84 3.04 2.95 1.99
1.8 2.84 3.03 1.87
1.79 2.76 3.05 1.81
1.84 2.76 3.29 2.05
1.83 2.99 2.95 1.94
1.77 2.77 3.07 1.84
1.8 2.75 3.09 1.84
1.78 2.47 3.22 1.69
1.89 2.91 3.27 2.18
1.83 2.88 3.16 2.04
1.73 2.56 3.16 1.72
1.89 2.7 3.37 2.07
1.81 2.74 3.16 1.9
1.77 2.47 3.28 1.75
1.83 2.74 3.17 1.91
1.79 2.58 3.3 1.88
1.84 2.41 3.41 1.82
1.74 2.75 3.05 1.8
1.86 2.62 3.32 1.94
1.81 2.79 3.07 1.86
1.76 2.65 3.03 1.68
1.76 2.77 2.95 1.72
1.86 2.89 3.07 1.96
1.78 2.69 3.21 1.9
1.86 2.94 3.08 2.02
1.89 2.62 3.48 2.1
1.79 2.78 3.02 1.8
1.81 2.61 3.22 1.83
1.79 2.95 2.91 1.86
1.72 2.87 2.91 1.78
1.84 2.56 3.28 1.84
1.74 3.04 2.85 1.89
1.76 2.64 3.18 1.82
1.88 2.69 3.4 2.09
1.78 2.63 3.06 1.69
1.79 2.69 3.17 1.86
1.85 2.68 3.26 1.94
1.8 2.51 3.34 1.85
1.74 2.65 3.09 1.74
1.8 2.8 3.04 1.84
1.75 2.64 3.05 1.69
1.77 2.59 3.16 1.75
1.82 2.55 3.26 1.81
1.85 2.58 3.28 1.86
1.76 2.58 3.18 1.76
1.81 2.72 3.19 1.91
1.8 2.82 3.17 1.99
1.85 2.9 3.03 1.93
1.81 2.85 3.18 2.03
1.82 2.8 3.03 1.83
1.78 2.54 3.16 1.7
1.81 2.65 3.24 1.89
1.85 2.75 3.31 2.06
1.76 2.54 3.23 1.77
1.74 2.94 2.82 1.76
1.83 3.11 2.94 2.05
1.75 2.44 3.25 1.69
1.82 2.41 3.47 1.88
1.76 2.97 2.87 1.84
1.76 2.68 3.18 1.86
1.78 2.43 3.21 1.64
1.82 2.82 3.13 1.95
1.75 2.59 3.18 1.77
1.81 2.44 3.48 1.92
1.81 3.01 2.97 1.98
1.79 2.7 3.23 1.93
1.77 2.72 3.07 1.79
1.84 2.71 3.25 1.96
1.81 2.95 2.9 1.85
1.81 2.43 3.32 1.75
1.82 2.77 3.12 1.89
1.71 2.61 2.9 1.51
1.78 2.71 3.11 1.82
1.72 2.41 3.13 1.54
1.82 2.76 3.24 2.0
1.85 2.9 3.18 2.08
1.79 2.45 3.26 1.71
1.74 2.64 3.03 1.67
1.83 2.63 3.2 1.83
1.77 2.49 3.28 1.77
1.81 2.53 3.37 1.9
1.8 2.65 3.12 1.77
1.83 2.86 3.03 1.89
1.82 2.62 3.3 1.92
1.78 2.76 3.14 1.9
1.8 2.75 3.07 1.82
1.84 2.86 3.13 1.99
1.86 3.01 3.13 2.14
1.83 2.85 3.14 1.99
1.75 2.7 2.91 1.61
1.86 2.68 3.31 1.99
1.78 2.82 2.98 1.8
1.78 2.65 3.18 1.83
1.79 2.74 3.09 1.83
1.84 2.65 3.2 1.85
1.81 2.62 3.13 1.75
1.76 2.38 3.27 1.65
1.79 2.75 3.03 1.78
1.78 2.5 3.3 1.8
1.78 2.74 3.13 1.87
1.81 2.6 3.25 1.85
1.86 2.74 3.28 2.02
1.79 2.79 3.12 1.91
1.8 2.7 3.11 1.81
1.84 2.57 3.4 1.97
1.77 3.01 2.83 1.84
1.79 2.79 3.13 1.92
1.81 2.76 3.17 1.93
1.81 2.69 3.21 1.9
1.8 2.79 3.04 1.83
1.79 2.83 3.15 1.98
1.83 2.65 3.3 1.95
1.83 2.59 3.39 1.98
1.84 2.71 3.23 1.94
1.78 2.51 3.32 1.83
1.77 2.62 3.18 1.8
1.8 2.67 3.24 1.91
1.8 2.79 3.11 1.9
1.85 3.11 2.98 2.09
1.79 2.98 2.95 1.93
1.84 2.84 3.16 2.0
1.73 2.48 3.19 1.67
1.75 2.72 3.08 1.8
1.74 2.8 2.91 1.71
1.78 2.58 3.17 1.75
1.73 2.31 3.27 1.58
1.81 2.69 3.2 1.89
1.81 2.74 3.17 1.91
1.87 2.8 3.32 2.12
1.78 2.8 3.06 1.86
1.79 2.67 3.17 1.84
1.84 2.72 3.21 1.93
1.77 2.78 3.14 1.92
1.82 2.73 3.2 1.93
1.79 2.7 3.16 1.86
1.76 2.61 3.12 1.73
1.75 2.7 3.17 1.87
1.83 2.62 3.34 1.96
1.82 2.61 3.18 1.79
1.84 2.92 3.14 2.06
1.86 2.74 3.2 1.94
1.81 2.83 3.03 1.86
1.78 2.78 3.0 1.78
1.81 2.8 3.16 1.96
1.78 2.84 2.96 1.8
1.84 2.98 3.16 2.14
1.82 2.71 3.24 1.95
1.83 2.6 3.32 1.92
1.82 2.36 3.58 1.94
1.83 2.58 3.4 1.98
1.8 3.12 2.84 1.96
1.8 2.91 2.92 1.83
1.84 2.78 3.15 1.93
1.75 2.48 3.23 1.71
1.82 2.69 3.21 1.9
1.83 2.77 3.16 1.93
1.76 2.76 3.15 1.91
1.77 2.76 3.01 1.77
1.83 2.63 3.3 1.93
1.8 2.47 3.15 1.62
1.8 2.88 2.99 1.87
1.79 2.93 2.97 1.9
1.82 2.57 3.27 1.84
1.84 2.62 3.32 1.94
1.76 2.61 3.15 1.76
1.81 2.98 2.96 1.94
1.82 2.69 3.18 1.87
1.79 2.75 3.07 1.82
1.8 2.69 3.28 1.97
1.77 3.03 2.82 1.85
1.77 2.47 3.16 1.63
1.75 2.57 3.11 1.68
1.77 2.65 3.06 1.71
1.76 2.91 2.95 1.86
1.77 2.58 3.24 1.82
1.71 2.63 3.1 1.73
1.75 2.4 3.19 1.59
1.83 2.67 3.25 1.92
1.71 2.55 3.15 1.7
1.81 2.84 3.15 1.99
1.77 2.69 3.18 1.87
1.78 2.75 3.07 1.82
1.8 2.83 3.21 2.04
1.78 2.95 2.9 1.85
1.87 2.83 3.16 1.99
1.76 2.71 3.03 1.74
1.81 2.82 3.2 2.02
1.84 2.91 3.1 2.01
1.77 2.54 3.2 1.74
1.89 2.68 3.34 2.02
1.83 2.9 3.05 1.95
1.85 2.66 3.4 2.06
1.83 2.75 3.27 2.02
1.76 2.6 3.15 1.75
1.8 2.88 2.99 1.87
1.78 3.0 3.0 2.0
1.75 2.78 3.02 1.8
1.77 2.75 2.98 1.73
1.87 2.84 3.21 2.05
1.86 2.49 3.42 1.91
1.79 2.73 3.14 1.87
1.82 2.97 2.97 1.94
1.78 2.93 2.92 1.85
1.82 2.72 3.13 1.85
1.84 2.96 2.95 1.91
1.8 2.85 3.08 1.93
1.78 2.74 3.06 1.8
1.84 3.04 2.96 2.0
1.75 2.71 3.05 1.76
1.84 3.06 2.91 1.97
1.73 2.69 3.07 1.76
1.84 2.64 3.26 1.9
1.76 2.48 3.21 1.69
1.79 2.77 3.0 1.77
1.82 2.65 3.17 1.82
1.81 2.86 3.0 1.86
1.8 2.77 3.18 1.95
1.74 2.64 3.08 1.72
1.8 2.95 3.05 2.0
1.81 2.91 2.97 1.88
1.83 2.78 3.13 1.91
1.74 2.61 3.04 1.65
1.83 2.74 3.29 2.03
1.77 2.81 3.0 1.81
1.81 2.91 3.0 1.91
1.81 2.58 3.29 1.87
1.79 2.84 3.05 1.89
1.82 2.83 3.06 1.89
1.8 2.7 3.17 1.87
1.8 3.11 2.81 1.92
1.79 2.76 3.24 2.0
1.8 2.99 3.0 1.99
1.82 2.87 3.06 1.93
1.74 2.67 3.06 1.73
1.79 2.77 3.06 1.83
1.85 2.95 3.14 2.09
1.8 2.56 3.22 1.78
1.85 2.78 3.2 1.98
1.75 2.59 3.11 1.7
1.86 3.02 3.06 2.08
1.8 2.85 2.97 1.82
1.73 2.82 3.0 1.82
1.83 2.72 3.14 1.86
1.76 2.89 2.96 1.85
1.77 2.72 3.02 1.74
1.78 2.81 3.18 1.99
1.81 2.85 3.02 1.87
1.81 2.57 3.29 1.86
1.85 2.65 3.41 2.06
1.84 2.51 3.34 1.85
1.83 2.69 3.21 1.9
1.81 2.84 3.13 1.97
1.79 2.6 3.09 1.69
1.75 2.75 3.02 1.77
1.87 3.0 3.15 2.15
1.79 2.56 3.21 1.77
1.78 2.58 3.32 1.9
1.78 2.71 3.1 1.81
1.83 2.74 3.32 2.06
1.75 2.82 3.12 1.94
1.8 2.7 3.11 1.81
1.88 2.98 3.13 2.11
1.76 2.37 3.39 1.76
1.74 2.78 2.96 1.74
1.78 2.78 2.99 1.77
1.78 2.75 3.04 1.79
1.74 2.58 3.09 1.67
1.86 2.72 3.26 1.98
1.86 2.74 3.29 2.03
1.78 2.79 2.98 1.77
1.8 2.49 3.29 1.78
1.75 2.82 2.96 1.78
1.79 2.66 3.12 1.78
1.75 2.74 3.0 1.74
1.81 2.72 3.15 1.87
1.85 2.74 3.24 1.98
1.81 2.68 3.26 1.94
1.8 2.52 3.36 1.88
1.84 2.83 3.0 1.83
1.78 2.6 3.08 1.68
1.81 2.86 2.94 1.8
1.79 2.65 3.26 1.91
1.79 2.54 3.25 1.79
1.83 2.81 3.12 1.93
1.87 2.95 3.24 2.19
1.84 2.91 3.11 2.02
1.82 2.75 3.17 1.92
1.87 2.58 3.48 2.06
1.72 2.74 3.02 1.76
1.82 2.65 3.25 1.9
1.76 2.52 3.11 1.63
1.79 3.02 2.94 1.96
1.79 3.02 2.83 1.85
1.74 2.7 2.95 1.65
1.83 2.99 3.05 2.04
1.81 2.49 3.33 1.82
1.86 2.9 3.23 2.13
1.83 2.87 3.08 1.95
1.85 2.42 3.41 1.83
1.79 3.01 2.89 1.9
1.77 2.79 2.93 1.72
1.83 2.75 3.1 1.85
1.77 2.76 3.11 1.87
1.75 2.88 2.96 1.84
1.8 2.74 3.05 1.79
1.84 2.68 3.29 1.97
1.79 2.81 3.08 1.89
1.87 3.03 3.12 2.15
1.81 2.91 3.05 1.96
1.83 2.84 3.08 1.92
1.81 2.75 3.12 1.87
1.84 2.96 2.98 1.94
1.86 2.88 3.18 2.06
1.74 2.68 3.07 1.75
1.74 2.92 2.94 1.86
1.76 2.69 3.13 1.82
1.78 2.68 3.16 1.84
1.74 2.49 3.15 1.64
1.84 2.83 3.18 2.01
1.79 2.42 3.37 1.79
1.79 2.79 3.05 1.84
1.86 2.76 3.24 2.0
1.81 2.91 2.9 1.81
1.87 2.98 3.06 2.04
1.83 2.72 3.12 1.84
1.85 2.73 3.21 1.94
1.76 2.66 3.12 1.78
1.82 2.85 3.15 2.0
1.84 2.57 3.29 1.86
1.8 2.69 3.12 1.81
1.75 2.72 2.93 1.65
1.76 2.96 2.89 1.85
1.77 2.7 3.13 1.83
1.86 2.76 3.25 2.01
1.75 2.63 3.12 1.75
1.82 2.62 3.29 1.91
1.74 2.84 2.98 1.82
1.8 2.68 3.19 1.87
1.77 2.72 3.08 1.8
1.9 2.96 3.19 2.15
1.83 2.41 3.58 1.99
1.8 2.84 3.04 1.88
1.8 2.76 3.19 1.95
1.84 2.81 3.08 1.89
1.81 2.71 3.22 1.93
1.7 2.69 2.94 1.63
1.83 2.64 3.2 1.84
1.77 2.89 2.89 1.78
1.83 3.04 2.98 2.02
1.79 2.97 3.0 1.97
1.84 2.88 3.09 1.97
1.81 2.86 3.0 1.86
1.82 2.85 3.07 1.92
1.82 2.76 3.25 2.01
1.8 2.96 2.94 1.9
1.87 2.74 3.28 2.02
1.8 2.83 3.02 1.85
1.79 2.83 2.93 1.76
1.9 2.46 3.59 2.05
1.87 2.8 3.17 1.97
1.74 2.59 3.17 1.76
1.8 2.62 3.26 1.88
1.81 2.89 2.96 1.85
1.76 2.54 3.24 1.78
1.83 2.96 3.1 2.06
1.8 2.88 2.86 1.74
1.83 2.98 2.92 1.9
1.83 2.74 3.19 1.93
1.77 2.59 3.22 1.81
1.81 2.79 3.16 1.95
1.79 2.71 3.03 1.74
1.81 2.52 3.33 1.85
1.78 2.59 3.26 1.85
1.85 2.73 3.2 1.93
1.8 2.72 3.26 1.98
1.76 2.61 3.16 1.77
1.81 2.58 3.27 1.85
1.81 2.59 3.17 1.76
1.82 2.79 3.07 1.86
1.69 2.46 3.21 1.67
1.75 2.9 2.79 1.69
1.84 2.65 3.24 1.89
1.82 2.69 3.22 1.91
1.79 2.72 3.14 1.86
1.82 2.69 3.16 1.85
1.78 2.56 3.23 1.79
1.77 2.8 3.08 1.88
1.83 2.83 3.03 1.86
1.8 2.58 3.29 1.87
1.76 2.77 2.97 1.74
1.8 2.52 3.35 1.87
1.78 3.02 2.83 1.85
1.83 2.79 3.16 1.95
1.87 2.82 3.14 1.96
1.79 2.69 3.14 1.83
1.81 2.85 3.03 1.88
1.79 2.39 3.29 1.68
1.77 2.76 3.05 1.81
1.83 2.6 3.29 1.89
1.78 2.92 2.87 1.79
1.79 2.64 3.13 1.77
1.82 3.05 3.07 2.12
1.77 2.83 2.91 1.74
1.75 2.64 3.08 1.72
1.89 2.83 3.32 2.15
1.75 2.81 2.84 1.65
1.8 2.71 3.16 1.87
1.84 2.75 3.23 1.98
1.82 2.89 3.12 2.01
1.8 2.7 3.23 1.93
1.84 2.98 3.02 2.0
1.78 2.63 3.23 1.86
1.75 2.6 3.1 1.7
1.79 2.93 2.92 1.85
1.78 2.55 3.26 1.81
1.73 2.62 3.13 1.75
1.79 2.85 2.93 1.78
1.83 2.86 3.14 2.0
1.77 2.74 3.0 1.74
1.85 2.48 3.51 1.99
1.82 2.71 3.19 1.9
1.74 2.96 2.84 1.8
1.89 2.95 3.16 2.11
1.79 2.57 3.28 1.85
1.8 2.94 2.99 1.93
1.82 2.9 3.05 1.95
1.86 2.88 3.1 1.98
1.84 2.69 3.28 1.97
1.79 2.65 3.21 1.86
1.72 2.51 3.14 1.65
1.82 2.76 3.17 1.93
1.78 2.73 3.05 1.78
1.76 2.57 3.11 1.68
1.84 2.72 3.15 1.87
1.78 2.8 3.02 1.82
1.83 2.77 3.16 1.93
1.79 2.67 3.07 1.74
1.82 2.7 3.08 1.78
1.8 2.72 3.26 1.98
1.87 2.74 3.31 2.05
1.76 2.68 3.23 1.91
1.76 2.45 3.19 1.64
1.76 2.6 3.14 1.74
1.75 2.61 3.0 1.61
1.73 2.49 3.14 1.63
1.7 2.51 3.11 1.62
1.8 2.54 3.21 1.75
1.86 2.6 3.32 1.92
1.84 2.69 3.3 1.99
1.78 2.89 2.95 1.84
1.84 2.92 3.06 1.98
1.84 2.88 3.16 2.04
1.79 2.47 3.29 1.76
1.83 2.86 3.01 1.87
1.81 2.71 3.26 1.97
1.79 2.84 3.04 1.88
1.78 2.89 3.06 1.95
1.74 2.44 3.21 1.65
1.87 2.74 3.21 1.95
1.72 2.88 2.81 1.69
1.8 2.87 3.04 1.91
1.74 2.8 3.02 1.82
1.87 2.7 3.26 1.96
1.82 2.6 3.18 1.78
1.76 2.72 3.03 1.75
1.76 2.43 3.25 1.68
1.74 2.68 3.06 1.74
1.82 2.76 3.16 1.92
1.83 2.74 3.21 1.95
1.78 2.46 3.32 1.78
1.78 2.76 3.07 1.83
1.84 2.87 3.16 2.03
1.77 2.52 3.15 1.67
1.81 2.74 3.13 1.87
1.83 2.63 3.4 2.03
1.89 2.73 3.31 2.04
1.86 3.03 3.11 2.14
1.84 2.81 3.05 1.86
1.79 2.64 3.29 1.93
1.83 2.95 3.07 2.02
1.81 2.66 3.16 1.82
1.84 2.73 3.21 1.94
1.88 2.88 3.22 2.1
1.82 2.99 2.94 1.93
1.78 2.71 3.13 1.84
1.83 2.74 3.2 1.94
1.78 2.65 3.18 1.83
1.76 2.65 3.11 1.76
1.78 2.92 2.89 1.81
1.82 2.57 3.33 1.9
1.84 2.78 3.23 2.01
1.89 2.93 3.18 2.11
1.85 2.64 3.29 1.93
1.84 2.65 3.24 1.89
1.87 2.76 3.3 2.06
1.77 2.48 3.31 1.79
1.8 2.64 3.28 1.92
1.75 2.7 3.1 1.8
1.78 2.59 3.26 1.85
1.78 2.7 3.09 1.79
1.82 2.52 3.37 1.89
1.79 2.72 3.17 1.89
1.8 2.39 3.27 1.66
1.79 2.71 3.12 1.83
1.8 2.62 3.25 1.87
1.77 2.61 3.16 1.77
1.81 2.85 3.14 1.99
1.79 2.51 3.16 1.67
1.77 2.72 3.07 1.79
1.82 2.97 3.06 2.03
1.79 2.59 3.22 1.81
1.83 2.78 3.13 1.91
1.79 2.72 3.0 1.72
1.72 2.58 3.05 1.63
1.82 2.64 3.24 1.88
1.81 2.52 3.23 1.75
1.85 2.64 3.32 1.96
1.76 2.57 3.14 1.71
1.75 2.86 2.96 1.82
1.74 2.96 2.85 1.81
1.84 3.0 2.99 1.99
1.74 2.83 3.07 1.9
1.82 2.88 3.06 1.94
1.8 2.89 2.93 1.82
1.77 2.63 3.2 1.83
1.79 2.5 3.32 1.82
1.75 2.68 3.07 1.75
1.78 2.46 3.32 1.78
1.85 2.69 3.23 1.92
1.84 2.9 3.05 1.95
1.88 2.69 3.35 2.04
1.77 2.76 2.95 1.71
1.78 2.83 2.97 1.8
1.8 3.06 2.89 1.95
1.75 2.63 3.19 1.82
1.87 2.58 3.3 1.88
1.82 2.69 3.21 1.9
1.88 2.97 3.18 2.15
1.83 2.61 3.26 1.87
1.86 2.67 3.35 2.02
1.86 2.86 3.25 2.11
1.78 2.56 3.2 1.76
1.71 2.72 2.98 1.7
1.78 2.4 3.35 1.75
1.79 2.77 3.05 1.82
1.77 2.49 3.19 1.68
1.78 2.74 3.1 1.84
1.75 2.64 3.02 1.66
1.76 2.6 3.12 1.72
1.74 3.04 2.72 1.76
1.77 2.78 3.01 1.79
1.8 2.59 3.3 1.89
1.73 2.9 2.86 1.76
1.86 2.96 3.02 1.98
1.83 2.63 3.31 1.94
1.79 2.82 2.93 1.75
1.75 2.74 3.1 1.84
1.76 2.82 2.92 1.74
1.78 2.81 3.0 1.81
1.77 2.34 3.36 1.7
1.81 2.99 2.9 1.89
1.79 2.66 3.15 1.81
1.86 2.58 3.27 1.85
1.81 2.77 3.12 1.89
1.77 2.95 2.91 1.86
1.87 2.77 3.28 2.05
1.82 2.69 3.25 1.94
1.87 2.7 3.16 1.86
1.79 2.7 3.18 1.88
1.77 2.68 3.05 1.73
1.83 2.65 3.32 1.97
1.77 2.69 3.05 1.74
1.76 2.74 3.02 1.76
1.81 2.72 3.21 1.93
1.82 2.68 3.21 1.89
1.84 2.57 3.33 1.9
1.75 2.78 2.86 1.64
1.85 2.99 3.01 2.0
1.74 2.74 3.01 1.75
1.75 2.81 3.07 1.88
1.78 2.57 3.24 1.81
1.79 2.68 3.15 1.83
1.85 2.69 3.27 1.96
1.8 2.52 3.27 1.79
1.77 2.89 3.03 1.92
1.83 2.92 2.99 1.91
1.86 2.85 3.15 2.0
1.69 2.71 2.89 1.6
1.8 2.71 3.22 1.93
1.82 2.71 3.23 1.94
1.77 2.71 3.01 1.72
1.76 2.73 2.98 1.71
1.83 2.76 3.15 1.91
1.75 2.6 3.18 1.78
1.73 2.66 2.99 1.65
1.76 2.77 3.05 1.82
1.74 2.27 3.25 1.52
1.85 2.95 3.09 2.04
1.85 2.86 3.16 2.02
1.74 2.86 2.92 1.78
1.8 2.74 3.25 1.99
1.82 2.82 3.2 2.02
1.83 2.79 3.13 1.92
1.83 2.63 3.31 1.94
1.82 2.82 3.1 1.92
1.8 2.91 2.98 1.89
1.74 2.69 3.1 1.79
1.8 2.79 3.19 1.98
1.87 2.86 3.12 1.98
1.85 2.78 3.14 1.92
1.78 2.85 3.01 1.86
1.82 2.67 3.22 1.89
1.8 2.69 3.18 1.87
1.74 2.39 3.31 1.7
1.76 2.63 3.25 1.88
1.8 2.91 3.01 1.92
1.72 2.69 2.92 1.61
1.81 2.74 3.12 1.86
1.79 2.77 3.1 1.87
1.83 2.9 3.09 1.99
1.86 2.93 3.08 2.01
1.82 2.87 3.06 1.93
1.8 2.49 3.33 1.82
1.75 2.44 3.19 1.63
1.82 2.73 3.2 1.93
1.8 2.86 3.13 1.99
1.85 2.78 3.27 2.05
1.77 2.78 2.98 1.76
1.81 2.97 2.87 1.84
1.84 2.8 3.15 1.95
1.83 2.55 3.35 1.9
1.85 2.85 3.1 1.95
1.78 2.79 3.07 1.86
1.82 2.73 3.14 1.87
1.71 2.78 2.96 1.74
1.84 2.77 3.26 2.03
1.81 2.4 3.42 1.82
1.75 2.8 3.03 1.83
1.86 2.82 3.2 2.02
1.81 2.71 3.2 1.91
1.76 2.98 2.89 1.87
1.79 2.53 3.25 1.78
1.78 2.83 3.06 1.89
1.88 2.69 3.48 2.17
1.79 2.71 3.19 1.9
1.81 2.73 3.15 1.88
1.82 2.51 3.31 1.82
1.82 2.54 3.44 1.98
1.87 2.6 3.43 2.03
1.82 2.74 3.19 1.93
1.8 2.52 3.32 1.84
1.78 2.83 3.01 1.84
1.8 2.82 2.99 1.81
1.77 2.75 3.05 1.8
1.8 2.92 2.97 1.89
1.75 2.99 2.89 1.88
1.82 2.74 3.14 1.88
1.75 2.75 3.08 1.83
1.83 2.57 3.37 1.94
1.77 2.99 2.93 1.92
1.77 2.73 3.08 1.81
1.8 2.54 3.29 1.83
1.76 2.4 3.29 1.69
1.81 2.53 3.2 1.73
1.89 2.64 3.31 1.95
1.82 2.73 3.14 1.87
1.85 3.13 3.0 2.13
1.8 2.87 3.09 1.96
1.87 2.99 3.16 2.15
1.76 2.73 3.07 1.8
1.8 2.41 3.42 1.83
1.82 2.5 3.35 1.85
1.78 2.74 3.08 1.82
1.89 3.0 3.11 2.11
1.74 2.46 3.23 1.69
1.81 2.75 3.16 1.91
1.79 2.9 3.03 1.93
1.79 2.41 3.41 1.82
1.79 2.52 3.28 1.8
1.74 3.09 2.74 1.83
1.77 2.71 3.11 1.82
1.8 2.7 3.2 1.9
1.83 2.58 3.3 1.88
1.73 2.62 3.07 1.69
1.75 2.6 3.03 1.63
1.79 2.93 3.0 1.93
1.82 2.75 3.17 1.92
1.82 2.75 3.14 1.89
1.8 2.86 3.03 1.89
1.79 2.73 3.03 1.76
1.77 2.59 3.08 1.67
1.75 2.66 3.06 1.72
1.81 2.61 3.39 2.0
1.8 2.68 3.25 1.93
1.81 2.69 3.37 2.06
1.77 2.77 3.07 1.84
1.82 2.75 3.27 2.02
1.81 2.85 2.98 1.83
1.83 2.84 3.1 1.94
1.78 2.7 3.12 1.82
1.77 2.63 3.17 1.8
1.72 2.55 3.17 1.72
1.78 2.62 3.09 1.71
1.85 2.81 3.19 2.0
1.83 2.84 3.11 1.95
1.8 2.69 3.24 1.93
1.89 2.94 3.27 2.21
1.8 2.79 3.2 1.99
1.8 2.71 3.14 1.85
1.83 2.87 3.02 1.89
1.8 2.65 3.22 1.87
1.83 2.62 3.29 1.91
1.82 2.97 3.1 2.07
1.79 2.49 3.3 1.79
1.86 2.94 2.95 1.89
1.85 2.95 3.13 2.08
1.84 2.82 3.14 1.96
1.79 2.87 3.06 1.93
1.81 2.89 2.96 1.85
1.79 2.97 2.94 1.91
1.84 2.99 3.05 2.04
1.78 2.86 2.99 1.85
1.8 2.85 3.12 1.97
1.75 2.57 3.26 1.83
1.75 2.94 2.88 1.82
1.75 2.7 2.93 1.63
1.72 2.53 3.1 1.63
1.81 2.68 3.19 1.87
1.88 2.77 3.31 2.08
1.81 2.96 2.98 1.94
1.86 2.62 3.23 1.85
1.83 2.71 3.32 2.03
1.83 2.75 3.21 1.96
1.83 2.72 3.1 1.82
1.82 2.67 3.2 1.87
1.81 2.34 3.39 1.73
1.79 2.5 3.28 1.78
1.67 2.82 2.74 1.56
1.86 2.98 3.1 2.08
1.75 2.97 2.84 1.81
1.73 2.62 3.14 1.76
1.76 2.7 3.15 1.85
1.74 2.86 2.91 1.77
1.79 2.6 3.21 1.81
1.76 2.66 3.09 1.75
1.75 2.69 3.05 1.74
1.81 2.68 3.19 1.87
1.86 2.8 3.19 1.99
1.82 2.97 3.01 1.98
1.79 2.54 3.26 1.8
1.81 2.99 2.95 1.94
1.83 2.87 3.05 1.92
1.76 3.01 2.81 1.82
1.86 2.77 3.38 2.15
1.78 2.63 3.03 1.66
1.66 2.78 2.78 1.56
1.7 2.75 2.81 1.56
1.8 2.82 3.17 1.99
1.86 2.99 3.04 2.03
1.79 3.0 3.02 2.02
1.77 2.37 3.26 1.63
1.85 2.91 3.09 2.0
1.77 2.76 3.01 1.77
1.78 2.54 3.18 1.72
1.83 2.66 3.3 1.96
1.8 2.54 3.25 1.79
1.75 2.65 3.1 1.75
1.86 2.76 3.26 2.02
1.84 2.84 3.1 1.94
1.73 3.03 2.7 1.73
1.82 2.46 3.33 1.79
1.76 2.43 3.3 1.73
1.75 2.92 2.94 1.86
1.8 3.13 2.87 2.0
1.73 2.37 3.37 1.74
1.8 2.64 3.17 1.81
1.88 2.97 3.2 2.17
1.82 2.92 3.02 1.94
1.82 2.63 3.04 1.67
1.8 2.69 3.24 1.93
1.79 2.72 3.17 1.89
1.81 2.79 3.08 1.87
1.84 2.59 3.45 2.04
1.78 2.94 2.98 1.92
1.77 2.81 2.97 1.78
1.79 2.52 3.22 1.74
1.81 2.73 3.07 1.8
1.82 2.81 3.09 1.9
1.81 2.54 3.26 1.8
1.8 2.75 3.14 1.89
1.74 2.76 2.91 1.67
1.71 2.64 3.09 1.73
1.86 2.86 3.11 1.97
1.84 3.22 2.92 2.14
1.84 2.55 3.39 1.94
1.75 2.88 2.99 1.87
1.87 2.53 3.35 1.88
1.8 2.36 3.41 1.77
1.76 2.72 3.06 1.78
1.83 3.01 2.96 1.97
1.79 2.38 3.44 1.82
1.72 2.72 2.98 1.7
1.82 2.53 3.43 1.96
1.76 2.57 3.24 1.81
1.83 2.51 3.28 1.79
1.69 2.75 2.97 1.72
1.82 2.88 3.04 1.92
1.86 2.69 3.26 1.95
1.77 2.54 3.21 1.75
1.79 2.69 3.1 1.79
1.76 2.71 2.97 1.68
1.73 2.57 3.07 1.64
1.82 2.74 3.16 1.9
1.83 2.99 3.03 2.02
1.82 3.0 2.92 1.92
1.83 2.99 2.98 1.97
1.76 2.47 3.21 1.68
1.78 2.71 3.17 1.88
1.74 3.18 2.66 1.84
1.85 2.73 3.25 1.98
1.82 2.88 3.11 1.99
1.8 2.91 3.08 1.99
1.78 2.8 3.05 1.85
1.72 2.7 3.0 1.7
1.86 2.86 3.12 1.98
1.88 3.0 3.11 2.11
1.85 2.64 3.38 2.02
1.75 2.74 3.03 1.77
1.77 2.65 3.12 1.77
1.77 2.65 3.14 1.79
1.87 2.93 3.14 2.07
1.74 2.85 2.93 1.78
1.76 2.52 3.34 1.86
1.78 2.69 3.14 1.83
1.86 2.6 3.32 1.92
1.84 2.67 3.24 1.91
1.78 2.65 3.09 1.74
1.8 3.0 3.01 2.01
1.81 2.85 3.13 1.98
1.76 2.56 3.08 1.64
1.84 2.86 3.14 2.0
1.77 2.88 2.98 1.86
1.77 2.75 3.06 1.81
1.88 2.95 3.27 2.22
1.85 2.83 3.16 1.99
1.83 2.63 3.19 1.82
1.81 2.94 3.0 1.94
1.8 3.0 2.89 1.89
1.86 3.09 3.03 2.12
1.83 2.71 3.11 1.82
1.8 2.71 3.07 1.78
1.81 2.56 3.34 1.9
1.8 2.89 3.04 1.93
1.79 2.68 3.21 1.89
1.75 2.79 2.9 1.69
1.87 2.81 3.29 2.1
1.86 2.99 3.07 2.06
1.77 2.9 2.93 1.83
1.81 2.74 3.11 1.85
1.77 3.03 2.85 1.88
1.86 2.89 3.2 2.09
1.8 2.59 3.16 1.75
1.79 2.64 3.25 1.89
1.83 2.93 3.08 2.01
1.78 2.62 3.16 1.78
1.83 2.94 3.11 2.05
1.76 2.83 3.03 1.86
1.77 2.89 2.96 1.85
1.81 2.91 2.93 1.84
1.73 2.55 3.07 1.62
1.77 2.93 2.89 1.82
1.81 2.63 3.18 1.81
1.8 2.76 3.12 1.88
1.82 2.56 3.23 1.79
1.79 2.88 3.03 1.91
1.83 2.89 3.01 1.9
1.81 2.96 2.95 1.91
1.8 2.64 3.19 1.83
1.83 2.92 3.14 2.06
1.81 2.73 3.22 1.95
1.78 2.81 3.06 1.87
1.78 2.6 3.19 1.79
1.8 2.8 3.05 1.85
1.85 3.03 2.97 2.0
1.86 2.45 3.46 1.91
1.74 2.74 2.99 1.73
1.84 2.65 3.33 1.98
1.74 2.6 3.07 1.67
1.8 2.84 3.05 1.89
1.8 2.81 3.11 1.92
1.88 2.71 3.3 2.01
1.85 2.93 3.02 1.95
1.78 2.8 3.02 1.82
1.79 2.81 3.19 2.0
1.84 2.93 2.93 1.86
1.78 2.53 3.33 1.86
1.78 2.55 3.38 1.93
1.85 2.69 3.32 2.01
1.79 2.82 3.04 1.86
1.74 2.58 3.05 1.63
1.85 2.69 3.28 1.97
1.81 3.07 2.96 2.03
1.78 2.84 3.06 1.9
1.86 2.64 3.33 1.97
1.82 2.88 3.02 1.9
1.86 2.68 3.3 1.98
1.78 2.86 3.03 1.89
1.72 2.35 3.33 1.68
1.77 2.84 2.94 1.78
1.8 2.6 3.22 1.82
1.81 2.58 3.27 1.85
1.85 2.64 3.26 1.9
1.8 2.72 3.14 1.86
1.81 2.71 3.1 1.81
1.87 2.76 3.2 1.96
1.8 2.7 3.11 1.81
1.83 2.68 3.16 1.84
1.82 2.42 3.49 1.91
1.81 2.42 3.4 1.82
1.78 2.72 3.12 1.84
1.8 2.8 3.0 1.8
1.69 2.53 2.96 1.49
1.77 2.68 3.1 1.78
1.71 2.49 3.12 1.61
1.84 2.8 3.23 2.03
1.83 2.85 3.01 1.86
1.76 2.57 3.19 1.76
1.84 2.61 3.31 1.92
1.76 2.51 3.25 1.76
1.81 2.72 3.08 1.8
1.79 2.93 2.93 1.86
1.79 2.88 3.0 1.88
1.79 2.61 3.18 1.79
1.78 2.69 3.04 1.73
1.79 2.8 2.97 1.77
1.8 2.89 3.05 1.94
1.77 2.55 3.22 1.77
1.85 2.79 3.21 2.0
1.8 2.7 3.23 1.93
1.82 2.86 3.05 1.91
1.75 2.83 3.06 1.89
1.8 2.58 3.25 1.83
1.81 2.66 3.09 1.75
1.86 2.65 3.27 1.92
1.81 2.54 3.33 1.87
1.79 2.94 3.11 2.05
1.85 2.95 3.12 2.07
1.85 3.14 2.88 2.02
1.86 2.68 3.37 2.05
1.85 2.73 3.25 1.98
1.83 2.82 3.26 2.08
1.8 2.68 3.1 1.78
1.77 2.71 3.06 1.77
1.88 2.9 3.16 2.06
1.87 3.03 2.96 1.99
1.8 2.76 3.1 1.86
1.74 2.77 2.98 1.75
1.79 2.63 3.13 1.76
1.8 2.57 3.25 1.82
1.81 2.84 3.07 1.91
1.78 2.86 2.92 1.78
1.82 3.07 2.88 1.95
1.8 2.71 3.1 1.81
1.83 2.68 3.12 1.8
1.75 2.55 3.19 1.74
1.77 2.74 3.11 1.85
1.77 2.6 3.1 1.7
1.84 2.85 3.1 1.95
1.76 2.61 3.08 1.69
1.81 2.59 3.18 1.77
1.75 2.65 3.01 1.66
1.75 2.6 3.25 1.85
1.86 2.98 3.03 2.01
1.78 2.69 3.01 1.7
1.75 2.58 3.15 1.73
1.84 2.61 3.33 1.94
1.74 2.53 3.16 1.69
1.75 2.79 2.89 1.68
1.71 2.76 2.96 1.72
1.82 2.84 3.02 1.86
1.71 2.7 2.94 1.64
1.71 2.84 2.93 1.77
1.74 2.97 2.83 1.8
1.77 2.87 2.86 1.73
1.75 2.74 2.98 1.72
1.75 2.76 3.06 1.82
1.82 2.93 3.15 2.08
1.83 2.82 3.09 1.91
1.81 2.71 3.14 1.85
1.76 2.62 3.09 1.71
1.84 2.88 3.19 2.07
1.87 2.98 3.11 2.09
1.89 2.96 3.2 2.16
1.83 2.83 3.28 2.11
1.78 2.42 3.43 1.85
1.8 2.66 3.14 1.8
1.79 2.8 3.04 1.84
1.77 2.87 2.9 1.77
1.77 2.4 3.45 1.85
1.83 2.88 3.06 1.94
1.81 2.88 2.89 1.77
1.84 2.86 3.06 1.92
1.77 2.62 3.15 1.77
1.82 2.8 3.09 1.89
1.83 2.95 3.01 1.96
1.83 2.77 3.34 2.11
1.77 2.82 2.96 1.78
1.81 2.95 2.98 1.93
1.78 2.54 3.25 1.79
1.78 2.68 3.09 1.77
1.72 2.51 3.12 1.63
1.88 2.68 3.28 1.96
1.72 2.98 2.72 1.7
1.71 2.65 3.0 1.65
1.82 2.55 3.38 1.93
1.87 2.7 3.32 2.02
1.79 2.73 3.11 1.84
1.8 2.45 3.45 1.9
1.79 2.84 3.03 1.87
1.87 2.75 3.23 1.98
1.81 2.73 3.21 1.94
1.77 2.82 3.03 1.85
1.75 2.71 3.14 1.85
1.79 2.7 3.12 1.82
1.73 2.28 3.27 1.55
1.72 2.38 3.29 1.67
1.82 2.57 3.23 1.8
1.84 2.99 2.97 1.96
1.82 2.79 3.22 2.01
1.78 2.6 3.14 1.74
1.8 2.79 3.11 1.9
1.86 2.91 3.19 2.1
1.74 2.51 3.18 1.69
1.82 2.59 3.24 1.83
1.84 2.79 3.16 1.95
1.77 2.73 2.99 1.72
1.75 2.56 3.04 1.6
1.79 2.76 3.11 1.87
1.84 3.02 2.94 1.96
1.83 2.72 3.16 1.88
1.75 2.9 2.81 1.71
1.76 2.82 2.96 1.78
1.86 2.86 3.17 2.03
1.76 2.84 3.01 1.85
1.8 2.78 3.14 1.92
1.82 2.82 3.1 1.92
1.79 2.82 3.09 1.91
1.81 2.72 3.24 1.96
1.88 2.98 3.12 2.1
1.78 2.93 2.95 1.88
1.76 2.48 3.14 1.62
1.8 2.79 3.03 1.82
1.83 2.65 3.33 1.98
1.8 2.95 2.99 1.94
1.79 2.93 2.97 1.9
1.79 2.67 3.2 1.87
1.79 2.66 3.2 1.86
1.8 2.76 3.16 1.92
1.76 2.71 3.14 1.85
1.79 2.82 3.03 1.85
1.77 2.5 3.3 1.8
1.79 2.74 3.14 1.88
1.82 2.66 3.12 1.78
1.83 3.04 2.93 1.97
1.8 2.82 3.05 1.87
1.76 2.65 3.18 1.83
1.75 2.73 2.98 1.71
1.79 2.66 3.15 1.81
1.82 3.07 2.93 2.0
1.76 2.66 3.07 1.73
1.83 2.83 3.1 1.93
1.78 2.61 3.3 1.91
1.78 2.79 3.09 1.88
1.77 2.86 2.92 1.78
1.8 2.82 3.21 2.03
1.77 2.72 3.12 1.84
1.78 3.12 2.82 1.94
1.78 2.56 3.23 1.79
1.76 2.85 2.88 1.73
1.83 2.72 3.21 1.93
1.76 2.77 2.93 1.7
1.82 2.72 3.1 1.82
1.81 2.95 3.01 1.96
1.7 2.63 2.97 1.6
1.83 2.71 3.28 1.99
1.81 2.99 2.98 1.97
1.74 2.7 3.14 1.84
1.71 2.93 2.79 1.72
1.78 2.63 3.15 1.78
1.73 2.69 3.03 1.72
1.79 2.65 3.23 1.88
1.84 3.07 2.97 2.04
1.81 2.48 3.3 1.78
1.82 2.97 2.93 1.9
1.84 3.11 2.93 2.04
1.85 2.79 3.09 1.88
1.83 2.46 3.36 1.82
1.79 2.95 2.92 1.87
1.79 2.91 2.99 1.9
1.79 2.9 3.03 1.93
1.79 2.48 3.37 1.85
1.74 2.99 2.82 1.81
1.82 2.73 3.32 2.05
1.8 2.54 3.36 1.9
1.81 2.79 3.18 1.97
1.84 2.77 3.32 2.09
1.81 2.68 3.16 1.84
1.78 2.74 3.14 1.88
1.82 3.31 2.77 2.08
1.79 3.05 2.96 2.01
1.79 3.07 2.94 2.01
1.8 3.1 2.85 1.95
1.81 2.9 3.03 1.93
1.81 2.68 3.08 1.76
1.81 2.83 3.15 1.98
1.73 2.78 2.87 1.65
1.87 2.64 3.38 2.02
1.79 2.95 2.89 1.84
1.85 2.74 3.34 2.08
1.82 2.88 3.06 1.94
1.76 2.62 3.16 1.78
1.83 2.76 3.18 1.94
1.77 2.69 3.03 1.72
1.79 2.64 3.27 1.91
1.8 2.59 3.24 1.83
1.72 2.62 3.07 1.69
1.85 2.75 3.29 2.04
1.88 2.96 3.12 2.08
1.81 2.94 3.0 1.94
1.8 2.59 3.22 1.81
1.76 2.71 3.18 1.89
1.82 2.79 3.05 1.84
1.8 2.83 3.11 1.94
1.91 2.98 3.24 2.22
1.75 2.57 3.22 1.79
1.78 2.61 3.13 1.74
1.83 2.52 3.3 1.82
1.8 2.65 3.18 1.83
1.8 2.62 3.22 1.84
1.76 3.01 2.78 1.79
1.81 2.87 3.1 1.97
1.73 2.46 3.14 1.6
1.8 2.81 3.12 1.93
1.82 2.77 3.07 1.84
1.85 2.72 3.26 1.98
1.85 2.81 3.12 1.93
1.86 2.79 3.27 2.06
1.75 2.76 2.95 1.71
1.8 2.32 3.48 1.8
1.76 2.48 3.2 1.68
1.74 2.66 3.01 1.67
1.78 2.66 3.13 1.79
1.79 2.95 2.96 1.91
1.86 2.96 3.12 2.08
1.77 2.6 3.1 1.7
1.77 2.83 3.05 1.88
1.83 2.91 3.06 1.97
1.82 2.73 3.2 1.93
1.79 2.77 3.05 1.82
1.83 2.53 3.43 1.96
1.83 2.82 3.24 2.06
1.74 2.53 3.19 1.72
1.76 2.61 3.1 1.71
1.8 2.87 3.07 1.94
1.83 2.68 3.15 1.83
1.8 2.87 2.91 1.78
1.77 2.63 3.2 1.83
1.72 2.58 3.13 1.71
1.86 2.75 3.37 2.12
1.82 2.69 3.26 1.95
1.89 2.97 3.19 2.16
1.81 2.82 3.07 1.89
1.83 2.94 2.97 1.91
1.81 2.56 3.17 1.73
1.77 2.77 3.11 1.88
1.75 2.93 2.84 1.77
1.83 2.76 3.21 1.97
1.74 2.66 3.0 1.66
1.83 2.98 2.99 1.97
1.8 2.68 3.18 1.86
1.88 2.85 3.26 2.11
1.83 2.43 3.58 2.01
1.87 3.02 3.12 2.14
1.89 3.06 3.11 2.17
1.75 2.66 3.12 1.78
1.77 2.68 3.15 1.83
1.77 2.58 3.09 1.67
1.82 2.84 3.12 1.96
1.77 2.5 3.18 1.68
1.83 2.59 3.32 1.91
1.76 2.89 2.94 1.83
1.82 2.54 3.27 1.81
1.84 2.69 3.4 2.09
1.77 2.96 2.92 1.88
1.78 2.75 3.04 1.79
1.78 2.65 3.1 1.75
1.71 2.57 3.0 1.57
1.82 2.83 3.04 1.87
1.73 2.6 3.08 1.68
1.8 2.84 3.04 1.88
1.79 2.7 3.04 1.74
1.78 2.63 3.09 1.72
1.83 2.75 3.2 1.95
1.75 2.65 3.02 1.67
1.75 2.54 3.2 1.74
1.77 2.47 3.19 1.66
1.81 2.83 3.06 1.89
1.87 2.87 3.12 1.99
1.81 2.71 3.17 1.88
1.83 2.78 3.1 1.88
1.8 2.63 3.23 1.86
1.78 2.53 3.18 1.71
1.8 2.83 3.07 1.9
1.85 2.9 3.15 2.05
1.82 2.75 3.19 1.94
1.82 2.75 3.03 1.78
1.77 2.6 3.23 1.83
1.79 2.55 3.17 1.72
1.81 2.72 3.2 1.92
1.82 2.57 3.36 1.93
1.77 2.9 2.9 1.8
1.79 2.8 3.09 1.89
1.78 2.47 3.21 1.68
1.78 2.74 3.16 1.9
1.8 2.98 2.89 1.87
1.86 2.98 3.09 2.07
1.82 2.58 3.23 1.81
1.81 2.85 3.13 1.98
1.8 2.79 3.15 1.94
1.91 3.12 3.15 2.27
1.87 2.63 3.32 1.95
1.83 2.95 3.03 1.98
1.8 2.9 3.09 1.99
1.84 2.87 3.17 2.04
1.88 2.33 3.66 1.99
1.79 2.69 3.22 1.91
1.84 3.26 2.84 2.1
1.77 2.84 3.03 1.87
1.86 2.72 3.34 2.06
1.8 2.38 3.44 1.82
1.82 2.66 3.16 1.82
1.72 2.46 3.22 1.68
1.74 2.81 3.03 1.84
1.82 2.6 3.25 1.85
1.84 2.67 3.25 1.92
1.83 2.57 3.2 1.77
1.87 2.84 3.21 2.05
1.74 2.53 3.17 1.7
1.82 2.54 3.21 1.75
1.77 2.51 3.13 1.64
1.83 2.73 3.05 1.78
1.77 2.86 2.91 1.77
1.8 2.76 3.31 2.07
1.77 2.88 2.9 1.78
1.78 2.9 3.04 1.94
1.74 2.62 3.04 1.66
1.77 2.83 3.0 1.83
1.76 2.78 3.06 1.84
1.86 2.6 3.43 2.03
1.72 2.57 3.1 1.67
1.84 2.84 3.12 1.96
1.8 2.8 3.16 1.96
1.81 2.56 3.38 1.94
1.83 2.83 3.18 2.01
1.84 2.85 3.2 2.05
1.84 2.85 3.12 1.97
1.75 2.76 3.02 1.78
1.79 2.53 3.22 1.75
1.89 2.85 3.32 2.17
1.75 2.92 2.83 1.75
1.78 3.01 2.91 1.92
1.79 2.41 3.39 1.8
1.86 2.86 3.11 1.97
1.81 2.76 3.07 1.83
1.79 2.62 3.3 1.92
1.86 2.66 3.36 2.02
1.86 2.59 3.4 1.99
1.8 2.48 3.35 1.83
1.78 2.74 3.24 1.98
1.76 2.66 3.02 1.68
1.74 2.5 3.13 1.63
1.82 2.45 3.41 1.86
1.84 2.74 3.23 1.97
1.8 2.36 3.46 1.82
1.85 3.01 2.97 1.98
1.77 3.14 2.76 1.9
1.77 2.71 3.01 1.72
1.82 2.74 3.1 1.84
1.79 2.48 3.27 1.75
1.76 2.44 3.17 1.61
1.8 2.66 3.25 1.91
1.75 2.61 3.15 1.76
1.84 2.95 3.16 2.11
1.75 2.8 3.1 1.9
1.78 2.66 3.2 1.86
1.73 2.84 2.89 1.73
1.69 2.78 2.85 1.63
1.72 2.91 2.75 1.66
1.83 3.0 3.03 2.03
1.76 2.59 3.18 1.77
1.79 2.66 3.09 1.75
1.84 2.86 3.03 1.89
1.87 2.84 3.26 2.1
1.82 2.82 3.2 2.02
1.81 2.8 3.05 1.85
1.8 2.57 3.2 1.77
1.74 2.8 3.0 1.8
1.79 2.63 3.18 1.81
1.76 2.75 3.11 1.86
1.82 2.9 3.08 1.98
1.79 2.48 3.24 1.72
1.79 2.98 2.9 1.88
1.79 2.88 2.97 1.85
1.82 2.56 3.26 1.82
1.82 2.47 3.44 1.91
1.82 2.64 3.25 1.89
1.84 3.03 2.96 1.99
1.78 2.59 3.13 1.72
1.79 2.85 3.16 2.01
1.86 2.82 3.18 2.0
1.81 3.1 2.96 2.06
1.77 2.58 3.12 1.7
1.86 2.72 3.11 1.83
1.78 2.79 3.02 1.81
1.81 2.57 3.33 1.9
1.82 2.91 3.09 2.0
1.81 2.79 3.16 1.95
1.83 2.64 3.3 1.94
1.75 2.55 3.09 1.64
1.78 2.69 3.04 1.73
1.82 2.65 3.18 1.83
1.83 2.75 3.2 1.95
1.84 2.78 3.33 2.11
1.87 2.97 3.09 2.06
1.83 2.86 3.06 1.92
1.75 2.65 2.99 1.64
1.82 3.01 2.93 1.94
1.82 2.62 3.18 1.8
1.85 2.47 3.52 1.99
1.83 2.69 3.15 1.84
1.76 2.98 2.87 1.85
1.73 2.69 2.94 1.63
1.79 2.8 3.12 1.92
1.84 2.56 3.32 1.88
1.8 2.86 3.05 1.91
1.77 2.58 3.37 1.95
1.82 2.89 3.06 1.95
1.83 2.69 3.25 1.94
1.78 2.9 3.01 1.91
1.82 2.7 3.26 1.96
1.81 2.73 3.1 1.83
1.81 2.89 3.02 1.91
1.8 2.77 3.11 1.88
1.82 2.59 3.32 1.91
1.79 2.48 3.31 1.79
1.82 2.83 3.03 1.86
1.72 2.72 3.02 1.74
1.8 2.52 3.26 1.78
1.79 2.71 3.18 1.89
1.83 2.53 3.2 1.73
1.75 2.83 2.96 1.79
1.8 2.63 3.26 1.89
1.83 2.64 3.34 1.98
1.8 2.5 3.26 1.76
1.83 2.61 3.38 1.99
1.79 2.71 3.03 1.74
1.71 2.67 2.92 1.59
1.78 2.71 3.09 1.8
1.8 2.63 3.2 1.83
1.81 2.55 3.39 1.94
1.83 2.74 3.14 1.88
1.81 2.75 3.13 1.88
1.77 2.58 3.27 1.85
1.78 2.63 3.2 1.83
1.79 2.64 3.12 1.76
1.82 2.74 3.11 1.85
1.85 2.96 3.15 2.11
1.82 2.85 3.08 1.93
1.8 2.59 3.25 1.84
1.82 3.18 2.79 1.97
1.81 2.38 3.5 1.88
1.85 2.85 3.16 2.01
1.84 2.55 3.43 1.98
1.76 2.67 2.98 1.65
1.81 2.66 3.14 1.8
1.74 2.56 3.15 1.71
1.78 2.89 3.04 1.93
1.8 3.0 2.85 1.85
1.83 3.26 2.75 2.01
1.72 2.57 3.06 1.63
1.79 2.43 3.43 1.86
1.83 2.61 3.2 1.81
1.79 2.47 3.26 1.73
1.78 2.77 3.27 2.04
1.84 2.79 3.25 2.04
1.8 2.89 2.94 1.83
1.83 2.88 3.12 2.0
1.87 3.02 3.07 2.09
1.81 3.1 2.91 2.01
1.74 2.5 3.04 1.54
1.84 2.59 3.45 2.04
1.8 2.73 3.15 1.88
1.83 3.12 2.84 1.96
1.79 2.64 3.17 1.81
1.77 2.36 3.34 1.7
1.76 2.65 3.08 1.73
1.75 2.62 3.06 1.68
1.82 2.66 3.32 1.98
1.81 2.81 3.02 1.83
1.79 2.89 2.98 1.87
1.75 2.72 3.11 1.83
1.76 2.63 3.16 1.79
1.76 2.8 3.1 1.9
1.81 2.78 3.11 1.89
1.84 2.86 3.18 2.04
1.83 2.67 3.17 1.84
1.79 2.52 3.35 1.87
1.79 2.7 3.14 1.84
1.8 2.91 3.04 1.95
1.87 2.78 3.34 2.12
1.81 2.48 3.34 1.82
1.83 2.97 3.1 2.07
1.75 2.74 3.1 1.84
1.76 2.56 3.33 1.89
1.78 2.96 2.85 1.81
1.77 2.68 3.15 1.83
1.86 3.08 2.96 2.04
1.77 2.59 3.2 1.79
1.84 2.8 3.13 1.93
1.76 2.68 3.09 1.77
1.77 2.63 3.17 1.8
1.83 2.83 3.07 1.9
1.74 2.59 3.15 1.74
1.81 2.62 3.24 1.86
1.82 2.39 3.53 1.92
1.84 2.61 3.29 1.9
1.78 2.84 2.96 1.8
1.71 2.69 2.94 1.63
1.76 2.5 3.16 1.66
1.72 2.98 2.78 1.76
1.81 2.88 3.15 2.03
1.8 2.74 3.02 1.76
1.81 2.59 3.18 1.77
1.81 2.76 3.13 1.89
1.75 2.94 2.85 1.79
1.82 2.92 3.02 1.94
1.76 2.43 3.3 1.73
1.79 2.7 3.05 1.75
1.83 2.85 3.08 1.93
1.76 2.75 2.99 1.74
1.82 2.91 2.95 1.86
1.82 2.7 3.32 2.02
1.83 2.69 3.27 1.96
1.85 2.81 3.1 1.91
1.89 2.89 3.21 2.1
1.86 2.89 3.18 2.07
1.78 2.59 3.27 1.86
1.79 2.61 3.2 1.81
1.76 2.53 3.14 1.67
1.74 2.51 3.16 1.67
1.83 2.64 3.19 1.83
1.82 2.66 3.14 1.8
1.76 2.76 2.93 1.69
1.88 2.57 3.28 1.85
1.79 2.61 3.18 1.79
1.77 2.55 3.1 1.65
1.88 2.86 3.14 2.0
1.81 2.74 3.21 1.95
1.88 2.99 3.15 2.14
1.77 2.79 2.92 1.71
1.79 2.81 3.01 1.82
1.82 2.61 3.27 1.88
1.75 2.83 2.98 1.81
1.81 2.41 3.37 1.78
1.82 2.65 3.21 1.86
1.83 2.71 3.27 1.98
1.84 2.71 3.24 1.95
1.78 2.79 3.12 1.91
1.79 2.61 3.16 1.77
1.73 2.78 2.98 1.76
1.85 2.8 3.21 2.01
1.81 2.83 3.11 1.94
1.75 2.69 3.06 1.75
1.81 2.67 3.23 1.9
1.74 2.65 3.1 1.75
1.75 2.72 3.04 1.76
1.81 2.9 3.01 1.91
1.7 2.81 2.83 1.64
1.81 2.8 3.09 1.89
1.75 2.66 3.04 1.7
1.82 2.58 3.37 1.95
1.73 2.69 2.96 1.65
1.85 2.89 3.15 2.04
1.8 2.24 3.44 1.68
1.77 2.6 3.27 1.87
1.77 2.47 3.29 1.76
1.77 2.68 3.17 1.85
1.75 2.87 2.95 1.82
1.72 2.77 2.9 1.67
1.8 2.76 3.14 1.9
1.75 2.89 2.99 1.88
1.82 2.67 3.22 1.89
1.81 2.87 2.99 1.86
1.78 2.56 3.21 1.77
1.79 2.77 3.05 1.82
1.83 3.05 2.96 2.01
1.86 2.7 3.14 1.84
1.81 2.47 3.32 1.79
1.78 2.78 2.96 1.74
1.84 2.66 3.23 1.89
1.76 2.84 2.92 1.76
1.76 2.85 2.99 1.84
1.81 2.68 3.21 1.89
1.81 2.6 3.29 1.89
1.77 2.57 3.24 1.81
1.83 3.14 2.9 2.04
1.75 2.74 3.1 1.84
1.78 2.55 3.25 1.8
1.84 2.48 3.39 1.87
1.87 2.63 3.35 1.98
1.79 2.71 3.19 1.9
1.78 2.62 3.15 1.77
1.75 2.83 2.98 1.81
1.8 2.84 2.95 1.79
1.77 2.79 2.97 1.76
1.83 2.79 3.23 2.02
1.8 2.49 3.38 1.87
1.71 2.75 2.96 1.71
1.79 2.66 3.23 1.89
1.77 2.57 3.28 1.85
1.79 2.61 3.28 1.89
1.76 2.55 3.22 1.77
1.81 2.84 3.09 1.93
1.79 2.59 3.21 1.8
1.78 2.59 3.34 1.93
1.85 2.92 3.07 1.99
1.72 2.5 3.12 1.62
1.79 2.8 3.09 1.89
1.81 2.84 3.04 1.88
1.77 2.69 3.04 1.73
1.82 2.88 3.03 1.91
1.84 2.79 3.2 1.99
1.76 2.76 3.0 1.76
1.77 2.61 3.12 1.73
1.79 2.8 3.1 1.9
1.77 2.76 3.02 1.78
1.83 2.89 3.01 1.9
1.73 2.71 3.08 1.79
1.83 2.72 3.24 1.96
1.85 2.82 3.04 1.86
1.82 2.93 3.05 1.98
1.82 2.64 3.29 1.93
1.77 2.6 3.12 1.72
1.81 2.56 3.21 1.77
1.86 2.93 3.18 2.11
1.73 2.66 3.08 1.74
1.81 2.57 3.48 2.05
1.82 2.95 3.02 1.97
1.77 2.45 3.22 1.67
1.73 2.67 3.07 1.74
1.77 2.51 3.2 1.71
1.85 2.71 3.25 1.96
1.82 2.95 3.01 1.96
1.84 2.67 3.23 1.9
1.81 2.63 3.26 1.89
1.85 2.79 3.17 1.96
1.83 3.13 2.89 2.02
1.73 2.71 2.93 1.64
1.79 2.91 3.07 1.98
1.7 2.75 3.04 1.79
1.77 2.7 3.1 1.8
1.75 2.6 3.07 1.67
1.8 3.05 3.02 2.07
1.86 2.83 3.29 2.12
1.84 2.8 3.25 2.05
1.82 2.76 3.1 1.86
1.84 2.72 3.2 1.92
1.8 2.95 2.89 1.84
1.78 2.55 3.49 2.04
1.75 2.83 2.96 1.79
1.8 2.46 3.29 1.75
1.82 2.71 3.23 1.94
1.82 2.62 3.29 1.91
1.76 2.79 3.04 1.83
1.84 2.66 3.18 1.84
1.81 2.51 3.42 1.93
1.89 2.83 3.13 1.96
1.76 2.75 3.03 1.78
1.85 2.99 3.14 2.13
1.84 2.73 3.28 2.01
1.79 3.04 2.82 1.86
1.83 2.53 3.44 1.97
1.83 2.41 3.42 1.83
1.74 2.49 3.23 1.72
1.83 2.47 3.28 1.75
1.81 2.98 2.96 1.94
1.78 2.74 3.12 1.86
1.84 3.06 3.01 2.07
1.82 2.52 3.27 1.79
1.8 2.79 3.06 1.85
1.77 2.65 3.13 1.78
1.78 2.73 3.05 1.78
1.85 2.51 3.35 1.86
1.85 2.88 3.1 1.98
1.83 2.73 3.05 1.78
1.81 2.82 3.13 1.95
1.79 2.67 3.22 1.89
1.82 2.91 3.02 1.93
1.77 2.87 2.96 1.83
1.81 2.67 3.29 1.96
1.77 2.65 3.15 1.8
1.78 2.82 3.06 1.88
1.79 2.57 3.14 1.71
1.78 2.62 3.29 1.91
1.79 2.7 3.03 1.73
1.82 2.85 2.95 1.8
1.77 2.64 3.13 1.77
1.81 2.78 3.17 1.95
1.81 2.92 2.99 1.91
1.78 2.81 2.98 1.79
1.69 2.62 2.94 1.56
1.8 3.09 2.91 2.0
1.8 2.78 3.04 1.82
1.76 2.83 2.98 1.81
1.79 2.6 3.18 1.78
1.8 2.69 3.17 1.86
1.77 2.73 3.03 1.76
1.76 2.97 2.89 1.86
1.85 2.78 3.23 2.01
1.82 2.58 3.37 1.95
1.88 2.7 3.33 2.03
1.73 2.83 2.99 1.82
1.76 2.56 3.22 1.78
1.82 2.59 3.31 1.9
1.69 2.8 2.9 1.7
1.87 2.47 3.55 2.02
1.81 2.54 3.45 1.99
1.79 2.81 3.02 1.83
1.73 2.71 3.0 1.71
1.84 2.96 3.05 2.01
1.84 2.59 3.22 1.81
1.81 2.85 3.12 1.97
1.79 2.72 3.07 1.79
1.83 2.79 3.18 1.97
1.84 2.79 3.06 1.85
1.79 2.73 3.0 1.73
1.87 2.79 3.13 1.92
1.79 2.65 3.23 1.88
1.82 2.7 3.22 1.92
1.78 2.9 2.99 1.89
1.82 2.64 3.34 1.98
1.79 2.43 3.27 1.7
1.81 2.74 3.15 1.89
1.83 2.69 3.27 1.96
1.84 2.72 3.3 2.02
1.88 2.82 3.28 2.1
1.73 2.69 3.18 1.87
1.78 3.0 2.93 1.93
1.79 2.91 2.98 1.89
1.79 2.94 2.98 1.92
1.78 2.9 3.13 2.03
1.84 2.95 3.03 1.98
1.85 2.92 3.13 2.05
1.85 2.85 3.2 2.05
1.82 2.73 3.24 1.97
1.69 2.58 2.96 1.54
1.84 3.19 2.92 2.11
1.78 2.27 3.35 1.62
1.66 2.7 2.91 1.61
1.86 2.83 3.14 1.97
1.8 2.98 2.93 1.91
1.82 2.61 3.23 1.84
1.77 2.63 3.12 1.75
1.87 2.83 3.28 2.11
1.86 2.82 3.06 1.88
1.83 2.51 3.42 1.93
1.68 2.69 2.97 1.66
1.78 2.81 3.01 1.82
1.84 2.69 3.22 1.91
1.78 2.69 3.25 1.94
1.82 2.9 3.01 1.91
1.77 2.63 3.2 1.83
1.78 2.49 3.17 1.66
1.82 3.01 3.01 2.02
1.76 2.55 3.1 1.65
1.77 2.54 3.28 1.82
1.72 2.41 3.13 1.54
1.72 2.71 3.04 1.75
1.77 2.72 3.02 1.74
1.72 2.56 2.96 1.52
1.86 2.9 3.08 1.98
1.86 2.69 3.39 2.08
1.79 2.79 3.01 1.8
1.73 2.73 2.89 1.62
1.84 2.82 3.19 2.01
1.79 2.79 2.98 1.77
1.79 2.64 3.18 1.82
1.88 2.84 3.27 2.11
1.73 2.54 3.07 1.61
1.83 2.42 3.48 1.9
1.84 2.82 3.08 1.9
1.84 2.75 3.15 1.9
1.7 2.76 3.04 1.8
1.77 2.71 3.01 1.72
1.81 2.93 3.01 1.94
1.8 2.71 3.12 1.83
1.8 2.76 3.03 1.79
1.76 2.75 2.9 1.65
1.83 2.57 3.37 1.94
1.77 2.81 3.04 1.85
1.86 2.75 3.17 1.92
1.83 2.44 3.46 1.9
1.87 2.88 3.22 2.1
1.83 2.9 3.13 2.03
1.78 3.04 2.81 1.85
1.85 2.67 3.38 2.05
1.78 2.62 3.14 1.76
1.68 2.41 3.12 1.53
1.86 2.87 3.19 2.06
1.78 2.74 3.0 1.74
1.84 2.82 3.1 1.92
1.84 2.62 3.31 1.93
1.71 2.75 3.04 1.79
1.75 2.77 2.93 1.7
1.8 2.68 3.18 1.86
1.79 2.82 2.98 1.8
1.73 2.55 3.13 1.68
1.82 2.8 3.12 1.92
1.78 2.87 3.0 1.87
1.78 2.69 3.03 1.72
1.83 2.64 3.27 1.91
1.86 2.46 3.56 2.02
1.81 2.77 3.13 1.9
1.79 2.46 3.37 1.83
1.85 2.55 3.35 1.9
1.8 2.68 3.31 1.99
1.8 2.89 3.08 1.97
1.77 2.85 3.07 1.92
1.78 2.65 3.14 1.79
1.72 2.84 2.94 1.78
1.82 2.73 3.03 1.76
1.74 2.71 2.93 1.64
1.8 2.86 3.03 1.89
1.79 2.77 3.02 1.79
1.84 2.75 3.36 2.11
1.88 2.51 3.38 1.89
1.77 2.72 3.07 1.79
1.88 2.87 3.28 2.15
1.8 2.72 3.25 1.97
1.81 2.66 3.2 1.86
1.78 2.61 3.21 1.82
1.82 2.71 3.13 1.84
1.82 2.55 3.34 1.89
1.82 2.71 3.23 1.94
1.79 2.65 3.19 1.84
1.77 2.4 3.31 1.71
1.81 2.77 3.1 1.87
1.84 2.72 3.31 2.03
1.81 2.56 3.28 1.84
1.76 2.73 3.11 1.84
1.88 2.94 3.14 2.08
1.8 2.62 3.13 1.75
1.73 2.52 3.21 1.73
1.78 2.77 3.07 1.84
1.79 2.54 3.19 1.73
1.82 2.61 3.37 1.98
1.83 2.91 3.07 1.98
1.87 2.86 3.23 2.09
1.82 2.6 3.28 1.88
1.85 2.56 3.34 1.9
1.76 2.61 3.28 1.89
1.81 2.47 3.32 1.79
1.79 2.58 3.22 1.8
1.85 3.12 2.95 2.07
1.86 2.91 3.06 1.97
1.79 2.72 3.16 1.88
1.8 2.71 3.13 1.84
1.85 2.63 3.25 1.88
1.82 2.81 3.15 1.96
1.83 2.64 3.31 1.95
1.82 3.07 2.98 2.05
1.76 2.89 2.95 1.84
1.79 2.93 2.93 1.86
1.78 2.82 3.0 1.82
1.78 2.41 3.23 1.64
1.82 2.71 3.22 1.93
1.88 2.74 3.24 1.98
1.73 2.61 3.01 1.62
1.83 2.92 3.12 2.04
1.82 2.64 3.46 2.1
1.82 2.75 3.12 1.87
1.8 2.64 3.12 1.76
1.81 2.97 2.94 1.91
1.78 2.77 3.14 1.91
1.83 2.84 3.04 1.88
1.81 2.92 3.11 2.03
1.78 2.55 3.3 1.85
1.83 2.83 3.04 1.87
1.8 2.46 3.29 1.75
1.76 2.74 3.15 1.89
1.78 2.69 3.15 1.84
1.8 2.89 3.07 1.96
1.83 2.88 3.09 1.97
1.81 2.8 3.03 1.83
1.77 2.56 3.19 1.75
1.77 2.81 3.02 1.83
1.78 2.56 3.23 1.79
1.75 2.77 3.08 1.85
1.79 2.92 3.1 2.02
1.83 2.89 3.14 2.03
1.79 2.56 3.25 1.81
1.8 2.39 3.3 1.69
1.75 2.66 3.03 1.69
1.82 2.76 3.13 1.89
1.74 2.72 2.97 1.69
1.71 2.66 2.95 1.61
1.77 2.72 3.17 1.89
1.82 2.81 3.08 1.89
1.8 2.75 3.15 1.9
1.84 2.86 3.25 2.11
1.78 2.71 3.05 1.76
1.82 2.6 3.25 1.85
1.86 2.8 3.22 2.02
1.78 2.71 3.1 1.81
1.78 2.39 3.3 1.69
1.77 2.77 3.03 1.8
1.77 2.59 3.18 1.77
1.74 2.66 3.07 1.73
1.8 2.98 3.0 1.98
1.81 2.66 3.25 1.91
1.85 2.88 3.02 1.9
1.8 2.58 3.25 1.83
1.78 2.93 3.06 1.99
1.85 2.79 3.11 1.9
1.79 2.83 3.06 1.89
1.78 2.6 3.22 1.82
1.81 2.75 3.14 1.89
1.77 2.37 3.32 1.69
1.86 2.67 3.43 2.1
1.87 2.98 3.07 2.05
1.87 2.79 3.27 2.06
1.83 2.82 3.15 1.97
1.81 2.74 3.1 1.84
1.76 2.8 3.04 1.84
1.83 2.65 3.29 1.94
1.76 2.91 2.96 1.87
1.84 2.95 3.07 2.02
1.81 2.8 3.04 1.84
1.82 2.75 3.11 1.86
1.8 2.61 3.24 1.85
1.85 2.75 3.21 1.96
1.86 2.8 3.14 1.94
1.76 2.36 3.25 1.61
1.79 2.54 3.27 1.81
1.77 2.74 3.05 1.79
1.81 2.89 2.93 1.82
1.74 2.86 2.87 1.73
1.86 2.68 3.28 1.96
1.82 2.52 3.39 1.91
1.84 2.74 3.13 1.87
1.75 2.77 3.01 1.78
1.77 2.69 3.18 1.87
1.75 2.71 3.0 1.71
1.75 2.83 2.93 1.76
1.8 2.48 3.36 1.84
1.81 2.57 3.22 1.79
1.81 2.68 3.15 1.83
1.84 2.54 3.43 1.97
1.77 2.96 2.87 1.83
1.73 2.49 3.23 1.72
1.75 2.77 2.88 1.65
1.89 2.74 3.25 1.99
1.77 2.62 3.15 1.77
1.79 2.58 3.18 1.76
1.9 2.62 3.35 1.97
1.78 2.71 3.1 1.81
1.8 2.83 3.06 1.89
1.8 2.77 3.12 1.89
1.82 2.82 3.1 1.92
1.76 2.94 2.92 1.86
1.75 2.79 2.85 1.64
1.82 2.97 3.02 1.99
1.78 2.91 2.95 1.86
1.76 2.7 3.1 1.8
1.79 3.03 2.85 1.88
1.82 2.88 3.1 1.98
1.8 2.66 3.23 1.89
1.82 2.57 3.18 1.75
1.77 2.7 2.99 1.69
1.74 2.66 2.99 1.65
1.79 2.75 3.15 1.9
1.78 2.64 3.29 1.93
1.79 2.75 3.15 1.9
1.82 2.79 3.2 1.99
1.78 2.68 3.13 1.81
1.79 2.73 2.98 1.71
1.73 2.54 3.16 1.7
1.75 2.92 2.99 1.91
1.76 2.89 2.98 1.87
1.83 2.53 3.36 1.89
1.77 2.84 3.12 1.96
1.77 2.71 3.17 1.88
1.8 2.77 3.04 1.81
1.75 2.57 3.18 1.75
1.8 3.1 2.9 2.0
1.81 2.74 3.08 1.82
1.78 2.64 3.1 1.74
1.8 2.64 3.16 1.8
1.86 2.93 3.01 1.94
1.77 2.9 2.84 1.74
1.84 2.77 3.18 1.95
1.82 2.67 3.24 1.91
1.76 3.03 2.77 1.8
1.77 2.79 3.04 1.83
1.75 2.71 3.08 1.79
1.74 2.79 3.05 1.84
1.8 2.43 3.44 1.87
1.7 2.78 2.94 1.72
1.88 2.65 3.37 2.02
1.76 2.66 3.02 1.68
1.85 2.65 3.29 1.94
1.84 2.58 3.43 2.01
1.78 2.65 3.21 1.86
1.79 2.97 2.97 1.94
1.75 2.78 2.98 1.76
1.84 3.08 3.01 2.09
1.85 2.81 3.25 2.06
1.71 2.56 3.06 1.62
1.74 2.76 2.93 1.69
1.81 2.89 2.95 1.84
1.82 2.8 3.26 2.06
1.79 2.75 3.12 1.87
1.78 2.82 3.06 1.88
1.83 2.88 3.09 1.97
1.82 2.6 3.28 1.88
1.85 2.71 3.38 2.09
1.86 2.69 3.24 1.93
1.88 2.66 3.37 2.03
1.77 2.71 3.14 1.85
1.78 2.72 3.11 1.83
1.81 2.7 3.1 1.8
1.76 2.66 3.07 1.73
1.82 2.94 3.0 1.94
1.88 2.7 3.32 2.02
1.85 2.77 3.18 1.95
1.89 2.99 3.12 2.11
1.73 2.83 2.82 1.65
1.84 2.83 3.04 1.87
1.72 2.75 2.92 1.67
1.78 2.81 2.96 1.77
1.76 2.68 2.9 1.58
1.8 2.89 3.04 1.93
1.83 2.9 2.98 1.88
1.75 2.94 2.88 1.82
1.8 2.67 3.08 1.75
1.84 2.74 3.21 1.95
1.81 2.68 3.05 1.73
1.75 2.72 3.12 1.84
1.85 3.05 3.04 2.09
1.77 2.84 3.07 1.91
1.84 2.85 3.18 2.03
1.83 2.94 2.99 1.93
1.78 2.77 3.08 1.85
1.76 2.7 3.07 1.77
1.76 2.46 3.3 1.76
1.8 2.57 3.31 1.88
1.73 2.56 3.01 1.57
1.8 2.68 3.18 1.86
1.75 2.53 3.2 1.73
1.75 2.51 3.02 1.53
1.86 2.55 3.46 2.01
1.79 2.61 3.18 1.79
1.73 2.81 2.91 1.72
1.86 2.62 3.22 1.84
1.86 2.71 3.32 2.03
1.81 2.78 3.04 1.82
1.8 2.69 3.15 1.84
1.75 2.62 3.11 1.73
1.77 2.76 3.09 1.85
1.82 2.63 3.25 1.88
1.83 2.67 3.27 1.94
1.74 2.72 3.0 1.72
1.8 2.93 3.08 2.01
1.86 2.85 3.19 2.04
1.75 2.62 3.22 1.84
1.86 2.9 3.06 1.96
1.74 2.78 3.01 1.79
1.81 2.5 3.28 1.78
1.81 2.66 3.27 1.93
1.79 2.82 3.04 1.86
1.78 2.66 3.15 1.81
1.77 2.64 3.03 1.67
1.78 2.59 3.13 1.72
1.74 2.65 2.99 1.64
1.83 2.83 3.16 1.99
1.73 2.8 2.84 1.64
1.76 2.79 2.99 1.78
1.78 2.95 2.87 1.82
1.85 2.7 3.31 2.01
1.78 2.65 3.2 1.85
1.78 3.02 2.88 1.9
1.84 2.65 3.21 1.86
1.74 2.94 2.89 1.83
1.71 2.66 3.13 1.79
1.73 2.97 2.83 1.8
1.79 2.98 2.92 1.9
1.86 2.97 3.21 2.18
1.83 2.77 3.17 1.94
1.81 2.68 3.15 1.83
1.83 2.97 3.09 2.06
1.79 2.5 3.31 1.81
1.83 2.84 3.04 1.88
1.74 2.68 3.0 1.68
1.85 2.61 3.4 2.01
1.85 2.75 3.25 2.0
1.77 2.85 3.07 1.92
1.79 2.51 3.33 1.84
1.79 2.67 3.1 1.77
1.8 2.84 3.06 1.9
1.79 2.52 3.22 1.74
1.82 2.69 3.22 1.91
1.75 2.95 2.84 1.79
1.79 2.64 3.32 1.96
1.84 2.65 3.26 1.91
1.81 2.57 3.21 1.78
1.81 2.72 3.05 1.77
1.78 2.8 2.99 1.79
1.78 2.77 3.15 1.92
1.82 2.8 3.11 1.91
1.79 2.83 2.98 1.81
1.79 3.01 2.85 1.86
1.72 2.45 3.22 1.67
1.8 2.77 3.1 1.87
1.78 2.69 3.06 1.75
1.81 2.8 2.94 1.74
1.85 2.89 3.07 1.96
1.83 2.75 3.2 1.95
1.78 2.67 3.24 1.91
1.84 2.83 3.04 1.87
1.81 2.74 3.18 1.92
1.84 2.69 3.13 1.82
1.78 2.89 2.93 1.82
1.75 2.58 3.09 1.67
1.83 2.87 3.01 1.88
1.84 2.57 3.31 1.88
1.82 2.64 3.2 1.84
1.74 2.63 3.03 1.66
1.74 2.58 3.09 1.67
1.75 2.51 3.28 1.79
1.8 2.85 3.06 1.91
1.79 2.73 3.08 1.81
1.77 2.95 2.92 1.87
1.8 2.63 3.27 1.9
1.78 2.82 3.06 1.88
1.77 2.68 3.24 1.92
1.86 2.87 3.17 2.04
1.81 2.58 3.26 1.84
1.75 2.52 3.3 1.82
1.81 2.8 3.0 1.8
1.76 2.73 3.02 1.75
1.77 2.73 3.07 1.8
1.82 3.13 2.93 2.06
1.8 2.85 3.01 1.86
1.76 2.59 3.22 1.81
1.83 2.65 3.28 1.93
1.8 2.69 3.12 1.81
1.79 2.35 3.27 1.62
1.81 2.61 3.35 1.96
1.81 2.79 3.24 2.03
1.79 2.84 3.0 1.84
1.86 3.11 2.92 2.03
1.79 2.75 3.05 1.8
1.78 2.69 3.02 1.71
1.73 2.58 3.07 1.65
1.76 2.14 3.51 1.65
1.79 2.73 3.11 1.84
1.83 2.57 3.17 1.74
1.75 2.71 3.0 1.71
1.83 2.85 3.12 1.97
1.81 2.7 3.26 1.96
1.83 2.86 3.04 1.9
1.78 2.98 2.96 1.94
1.74 2.92 2.82 1.74
1.76 2.64 3.13 1.77
1.79 2.5 3.29 1.79
1.84 2.8 3.21 2.01
1.73 2.63 3.0 1.63
1.8 2.76 3.02 1.78
1.83 2.99 2.91 1.9
1.81 2.99 2.78 1.77
1.81 2.65 3.19 1.84
1.86 2.73 3.25 1.98
1.85 2.84 3.19 2.03
1.83 2.77 3.26 2.03
1.89 2.9 3.11 2.01
1.75 2.71 3.15 1.86
1.86 2.73 3.25 1.98
1.78 2.86 3.07 1.93
1.76 2.66 3.08 1.74
1.74 2.8 3.03 1.83
1.78 2.8 3.03 1.83
1.81 2.73 3.19 1.92
1.84 2.53 3.34 1.87
1.85 2.63 3.24 1.87
1.76 2.61 3.14 1.75
1.82 2.42 3.36 1.78
1.76 2.76 3.11 1.87
1.81 3.03 2.94 1.97
1.82 2.98 3.05 2.03
1.89 2.86 3.19 2.05
1.87 3.04 3.12 2.16
1.79 2.98 2.86 1.84
1.86 2.79 3.25 2.04
1.8 2.73 3.08 1.81
1.86 2.67 3.39 2.06
1.76 2.55 3.23 1.78
1.83 2.71 3.19 1.9
1.86 2.67 3.27 1.94
1.74 2.83 3.04 1.87
1.76 3.03 2.88 1.91
1.81 2.72 3.21 1.93
1.82 2.71 3.22 1.93
1.86 2.63 3.32 1.95
1.76 2.79 2.94 1.73
1.87 2.95 3.14 2.09
1.73 2.97 2.85 1.82
1.83 2.77 3.15 1.92
1.79 2.65 3.19 1.84
1.76 2.82 2.91 1.73
1.81 2.78 3.07 1.85
1.75 2.35 3.24 1.59
1.78 2.83 3.1 1.93
1.87 2.62 3.36 1.98
1.76 2.74 3.07 1.81
1.82 2.86 3.09 1.95
1.82 2.44 3.53 1.97
1.86 3.09 3.03 2.12
1.86 3.06 3.05 2.11
1.8 2.8 3.17 1.97
1.78 2.55 3.2 1.75
1.82 2.91 3.11 2.02
1.8 2.65 3.21 1.86
1.78 2.74 3.07 1.81
1.83 2.81 3.08 1.89
1.8 2.62 3.17 1.79
1.85 2.65 3.35 2.0
1.81 2.63 3.2 1.83
1.74 2.68 3.03 1.71
1.81 2.54 3.37 1.91
1.84 2.52 3.5 2.02
1.77 2.78 2.99 1.77
1.84 2.91 3.09 2.0
1.79 2.89 2.98 1.87
1.81 2.66 3.23 1.89
1.81 2.76 3.2 1.96
1.86 2.91 3.06 1.97
1.75 2.6 3.21 1.81
1.78 2.48 3.31 1.79
1.77 2.64 3.16 1.8
1.85 2.71 3.18 1.89
1.78 2.8 3.15 1.95
1.78 3.0 2.9 1.9
1.78 2.61 3.11 1.72
1.78 2.87 2.95 1.82
1.83 2.83 3.18 2.01
1.87 2.96 3.04 2.0
1.78 2.69 3.09 1.78
1.76 2.7 3.23 1.93
1.76 2.84 3.01 1.85
1.8 2.79 3.16 1.95
1.85 2.8 3.19 1.99
1.77 2.67 3.14 1.81
1.77 2.65 3.14 1.79
1.79 2.75 3.17 1.92
1.82 2.67 3.22 1.89
1.76 2.69 3.15 1.84
1.86 2.92 3.07 1.99
1.83 2.83 3.0 1.83
1.77 2.84 2.91 1.75
1.75 2.73 3.05 1.78
1.76 2.81 2.98 1.79
1.79 2.77 3.04 1.81
1.83 2.99 2.94 1.93
1.82 2.62 3.41 2.03
1.77 2.66 3.09 1.75
1.82 2.92 3.0 1.92
1.84 2.75 3.28 2.03
1.78 2.72 3.11 1.83
1.81 2.7 3.11 1.81
1.81 2.57 3.29 1.86
1.78 2.9 3.11 2.01
1.77 2.86 2.89 1.75
1.82 2.84 3.08 1.92
1.87 2.67 3.36 2.03
1.85 2.53 3.42 1.95
1.82 2.72 3.15 1.87
1.74 2.83 2.99 1.82
1.83 2.86 3.11 1.97
1.87 2.82 3.12 1.94
1.81 2.86 3.02 1.88
1.84 2.71 3.25 1.96
1.76 2.85 3.05 1.9
1.83 2.74 3.15 1.89
1.74 2.55 3.25 1.8
1.83 2.77 3.21 1.98
1.77 2.64 3.22 1.86
1.72 2.59 3.03 1.62
1.79 2.68 3.18 1.86
1.81 2.7 3.03 1.73
1.83 2.63 3.28 1.91
1.83 2.8 3.25 2.05
1.85 2.58 3.29 1.87
1.81 2.43 3.34 1.77
1.77 2.64 3.16 1.8
1.81 3.03 2.96 1.99
1.82 2.75 3.15 1.9
1.8 2.38 3.44 1.82
1.76 2.66 3.15 1.81
1.89 2.93 3.19 2.12
1.79 2.66 3.17 1.83
1.73 2.76 2.95 1.71
1.83 2.5 3.42 1.92
1.8 2.46 3.36 1.82
1.84 2.79 3.11 1.9
1.83 2.86 3.11 1.97
1.84 2.6 3.24 1.84
1.83 2.65 3.24 1.89
1.85 2.83 3.15 1.98
1.86 2.85 3.13 1.98
1.76 2.64 3.07 1.71
1.8 3.01 2.91 1.92
1.83 2.65 3.16 1.81
1.84 2.75 3.37 2.12
1.79 2.62 3.23 1.85
1.84 2.81 3.12 1.93
1.78 2.51 3.29 1.8
1.84 3.06 3.02 2.08
1.8 2.77 3.17 1.94
1.8 2.66 3.29 1.95
1.79 2.85 3.02 1.87
1.83 2.67 3.32 1.99
1.82 2.61 3.16 1.77
1.84 2.77 3.19 1.96
1.86 2.8 3.26 2.06
1.87 2.34 3.65 1.99
1.79 2.57 3.23 1.8
1.84 2.77 3.2 1.97
1.7 2.55 3.04 1.59
1.75 2.62 3.15 1.77
1.77 2.75 3.09 1.84
1.87 2.75 3.26 2.01
1.86 2.61 3.27 1.88
1.8 2.81 3.06 1.87
1.82 2.84 3.11 1.95
1.8 2.36 3.4 1.76
1.89 2.89 3.24 2.13
1.83 2.87 3.08 1.95
1.76 2.55 3.26 1.81
1.82 2.73 3.27 2.0
1.82 2.89 3.04 1.93
1.85 2.74 3.22 1.96
1.81 2.85 2.98 1.83
1.82 2.37 3.47 1.84
1.74 2.6 3.13 1.73
1.78 2.6 3.2 1.8
1.8 2.83 3.04 1.87
1.79 2.78 3.02 1.8
1.84 2.94 3.04 1.98
1.83 2.92 3.01 1.93
1.81 2.48 3.36 1.84
1.73 2.82 2.88 1.7
1.81 2.66 3.14 1.8
1.79 2.55 3.29 1.84
1.85 2.57 3.32 1.89
1.78 2.59 3.24 1.83
1.83 2.88 3.01 1.89
1.81 2.56 3.27 1.83
1.84 2.82 3.19 2.01
1.85 2.62 3.28 1.9
1.81 2.37 3.37 1.74
1.8 2.56 3.27 1.83
1.83 2.81 3.08 1.89
1.81 2.48 3.4 1.88
1.79 2.57 3.23 1.8
1.82 3.04 3.0 2.04
1.74 2.49 3.22 1.71
1.8 2.83 3.03 1.86
1.81 2.9 3.0 1.9
1.81 2.69 3.33 2.02
1.8 2.82 3.05 1.87
1.79 2.62 3.18 1.8
1.76 2.76 2.9 1.66
1.76 2.79 3.06 1.85
1.82 2.5 3.4 1.9
1.8 2.61 3.28 1.89
1.84 2.74 3.17 1.91
1.93 2.71 3.5 2.21
1.77 2.78 3.11 1.89
1.82 2.69 3.13 1.82
1.84 2.41 3.52 1.93
1.75 2.44 3.19 1.63
1.81 2.79 3.1 1.89
1.85 2.94 3.09 2.03
1.82 2.56 3.34 1.9
1.83 2.46 3.27 1.73
1.88 2.63 3.4 2.03
1.78 2.91 3.02 1.93
1.81 2.85 3.14 1.99
1.75 2.73 3.09 1.82
1.82 2.84 3.04 1.88
1.78 2.71 3.08 1.79
1.83 2.71 3.24 1.95
1.75 2.94 2.88 1.82
1.81 2.67 3.07 1.74
1.87 2.91 3.23 2.14
1.81 2.81 3.12 1.93
1.85 2.74 3.21 1.95
1.75 2.48 3.19 1.67
1.81 2.91 3.05 1.96
1.82 2.5 3.35 1.85
1.83 2.69 3.17 1.86
1.77 2.51 3.36 1.87
1.74 2.85 2.84 1.69
1.79 2.91 2.99 1.9
1.79 2.76 2.95 1.71
1.81 2.68 3.15 1.83
1.8 2.44 3.36 1.8
1.86 2.8 3.34 2.14
1.86 3.03 3.13 2.16
1.84 2.92 2.92 1.84
1.77 2.68 3.16 1.84
1.77 2.91 2.86 1.77
1.88 2.65 3.31 1.96
1.8 2.67 3.25 1.92
1.82 2.7 3.09 1.79
1.83 2.67 3.19 1.86
1.76 2.66 3.11 1.77
1.76 2.79 3.0 1.79
1.83 2.77 3.22 1.99
1.77 2.61 3.17 1.78
1.82 2.91 3.0 1.91
1.76 2.85 3.04 1.89
1.76 2.65 3.13 1.78
1.84 2.68 3.22 1.9
1.77 2.51 3.22 1.73
1.8 2.72 3.26 1.98
1.85 3.09 2.95 2.04
1.79 2.69 3.12 1.81
1.78 2.63 3.24 1.87
1.83 2.59 3.29 1.88
1.72 2.37 3.1 1.47
1.76 2.83 3.01 1.84
1.84 2.65 3.1 1.75
1.84 2.78 3.26 2.04
1.87 3.06 3.01 2.07
1.75 2.77 2.95 1.72
1.79 2.68 3.12 1.8
1.73 2.9 2.94 1.84
1.89 3.07 3.07 2.14
1.8 2.81 3.04 1.85
1.8 2.61 3.21 1.82
1.77 2.79 3.07 1.86
1.73 2.83 2.96 1.79
1.83 2.67 3.2 1.87
1.76 2.82 2.98 1.8
1.8 2.66 3.22 1.88
1.78 2.67 3.08 1.75
1.83 2.82 3.1 1.92
1.87 2.78 3.36 2.14
1.78 2.47 3.2 1.67
1.8 2.65 3.17 1.82
1.82 2.69 3.32 2.01
1.82 3.01 3.0 2.01
1.73 2.55 3.15 1.7
1.76 2.77 2.96 1.73
1.82 2.94 2.96 1.9
1.75 2.74 3.11 1.85
1.82 3.06 2.96 2.02
1.76 2.82 2.97 1.79
1.79 2.99 2.92 1.91
1.78 2.88 2.99 1.87
1.81 2.55 3.28 1.83
1.74 2.59 3.08 1.67
1.81 2.78 3.19 1.97
1.85 2.9 3.05 1.95
1.82 2.75 3.13 1.88
1.8 2.5 3.52 2.02
1.78 3.1 2.83 1.93
1.72 2.9 2.83 1.73
1.85 2.46 3.41 1.87
1.83 2.67 3.26 1.93
1.77 2.69 3.07 1.76
1.82 2.73 3.23 1.96
1.81 2.53 3.43 1.96
1.78 2.5 3.28 1.78
1.81 2.6 3.17 1.77
1.75 2.5 3.16 1.66
1.79 2.69 3.17 1.86
1.77 2.83 2.86 1.69
1.85 2.9 3.11 2.01
1.75 2.77 2.98 1.75
1.73 2.78 2.95 1.73
1.72 2.69 3.06 1.75
1.8 2.87 3.03 1.9
1.74 2.65 3.01 1.66
1.81 2.74 3.06 1.8
1.78 2.9 3.0 1.9
1.74 2.54 3.18 1.72
1.73 3.02 2.82 1.84
1.77 2.77 2.99 1.76
1.77 2.58 3.13 1.71
1.76 2.63 3.2 1.83
1.74 2.71 3.01 1.72
1.8 2.71 3.12 1.83
1.83 2.72 3.19 1.91
1.8 2.83 3.01 1.84
1.8 2.98 2.92 1.9
1.84 3.1 2.93 2.03
1.8 2.96 2.89 1.85
1.84 2.69 3.25 1.94
1.82 2.76 3.1 1.86
1.84 2.65 3.26 1.91
1.87 2.98 3.02 2.0
1.83 2.92 3.07 1.99
1.75 2.83 2.97 1.8
1.83 2.57 3.27 1.84
1.88 2.9 3.13 2.03
1.76 2.5 3.32 1.82
1.77 2.52 3.23 1.75
1.81 2.62 3.23 1.85
1.74 2.47 3.2 1.67
1.71 2.66 3.04 1.7
1.77 2.59 3.16 1.75
1.82 2.83 3.09 1.92
1.82 2.91 3.04 1.95
1.77 2.69 3.11 1.8
1.84 2.83 3.2 2.03
1.79 3.05 2.87 1.92
1.81 2.63 3.24 1.87
1.75 2.38 3.25 1.63
1.86 2.83 3.11 1.94
1.81 2.52 3.22 1.74
1.84 2.66 3.33 1.99
1.83 2.89 3.16 2.05
1.82 2.66 3.1 1.76
1.77 2.81 2.94 1.75
1.78 2.59 3.26 1.85
1.83 2.73 3.13 1.86
1.76 2.92 2.98 1.9
1.82 2.97 3.01 1.98
1.81 2.34 3.39 1.73
1.84 2.84 3.15 1.99
1.9 3.07 3.12 2.19
1.86 2.7 3.4 2.1
1.76 2.56 3.16 1.72
1.8 3.07 2.93 2.0
1.86 2.43 3.5 1.93
1.82 2.73 3.25 1.98
1.77 2.8 2.96 1.76
1.78 2.62 3.06 1.68
1.81 2.75 3.16 1.91
1.77 2.88 2.9 1.78
1.86 3.22 2.96 2.18
1.78 2.59 3.29 1.88
1.77 2.79 3.0 1.79
1.81 2.73 3.19 1.92
1.84 2.55 3.43 1.98
1.81 2.56 3.29 1.85
1.78 2.79 3.06 1.85
1.82 2.92 2.91 1.83
1.82 2.73 3.2 1.93
1.84 2.9 3.18 2.08
1.84 2.79 3.1 1.89
1.81 2.71 3.16 1.87
1.87 2.8 3.09 1.89
1.84 2.67 3.38 2.05
1.8 2.82 3.1 1.92
1.79 2.53 3.28 1.81
1.8 2.84 3.03 1.87
1.84 2.54 3.46 2.0
1.78 2.79 3.07 1.86
1.78 2.8 3.06 1.86
1.79 3.01 2.92 1.93
1.82 2.88 3.14 2.02
1.82 2.85 3.07 1.92
1.83 3.0 3.07 2.07
1.76 2.8 3.1 1.9
1.79 2.68 3.21 1.89
1.8 2.63 3.15 1.78
1.79 2.65 3.22 1.87
1.84 2.69 3.3 1.99
1.8 2.7 3.06 1.76
1.75 2.53 3.15 1.68
1.81 2.5 3.3 1.8
1.81 2.74 3.11 1.85
1.74 2.63 3.05 1.68
1.77 2.64 3.19 1.83
1.77 2.76 3.13 1.89
1.8 2.94 2.94 1.88
1.81 2.83 3.03 1.86
1.72 2.3 3.18 1.48
1.8 2.79 3.1 1.89
1.82 2.63 3.2 1.83
1.78 2.62 3.23 1.85
1.79 2.49 3.28 1.77
1.78 2.69 3.2 1.89
1.81 3.11 2.9 2.01
1.84 2.76 3.29 2.05
1.79 2.72 3.1 1.82
1.79 2.91 3.01 1.92
1.76 2.84 2.99 1.83
1.84 2.85 3.18 2.03
1.75 2.64 3.05 1.69
1.77 2.87 2.91 1.78
1.76 2.64 3.08 1.72
1.85 2.89 3.18 2.07
1.76 2.76 3.11 1.87
1.78 2.81 3.04 1.85
1.79 2.53 3.31 1.84
1.81 2.49 3.27 1.76
1.85 2.78 3.16 1.94
1.79 2.52 3.34 1.86
1.77 2.74 3.0 1.74
1.85 2.89 3.21 2.1
1.83 3.41 2.75 2.16
1.75 2.8 3.12 1.92
1.88 2.74 3.19 1.93
1.79 2.58 3.23 1.81
1.73 2.36 3.16 1.52
1.82 2.85 3.08 1.93
1.81 2.95 2.97 1.92
1.83 2.7 3.13 1.83
1.84 2.78 3.04 1.82
1.86 2.58 3.35 1.93
1.87 2.84 3.15 1.99
1.81 2.7 3.16 1.86
1.74 2.87 2.94 1.81
1.79 2.75 3.19 1.94
1.75 2.69 2.99 1.68
1.81 2.75 3.11 1.86
1.82 2.69 3.18 1.87
1.87 2.91 3.09 2.0
1.7 2.69 3.0 1.69
1.86 2.52 3.37 1.89
1.81 2.9 2.94 1.84
1.83 2.58 3.35 1.93
1.78 2.73 3.17 1.9
1.84 2.86 3.23 2.09
1.8 2.55 3.3 1.85
1.79 2.64 3.28 1.92
1.83 2.77 3.17 1.94
1.84 2.95 3.01 1.96
1.81 2.91 3.03 1.94
1.76 2.48 3.3 1.78
1.86 2.96 3.17 2.13
1.83 2.74 3.29 2.03
1.8 2.86 3.0 1.86
1.75 2.69 3.23 1.92
1.81 2.33 3.42 1.75
1.73 2.76 3.0 1.76
1.75 2.62 3.17 1.79
1.79 2.8 3.04 1.84
1.74 2.61 3.06 1.67
1.8 3.05 2.87 1.92
1.82 2.68 3.26 1.94
1.78 2.61 3.12 1.73
1.8 2.74 3.21 1.95
1.8 2.83 2.98 1.81
1.78 2.52 3.18 1.7
1.79 2.55 3.29 1.84
1.74 2.81 2.92 1.73
1.79 2.91 2.99 1.9
1.79 2.72 3.02 1.74
1.82 2.9 3.05 1.95
1.81 2.68 3.12 1.8
1.81 2.86 2.97 1.83
1.78 2.67 3.16 1.83
1.83 2.72 3.12 1.84
1.79 2.68 3.22 1.9
1.9 2.89 3.26 2.15
1.86 2.49 3.53 2.02
1.8 2.9 3.05 1.95
1.74 2.95 2.88 1.83
1.82 2.77 3.14 1.91
1.82 2.49 3.33 1.82
1.84 2.82 3.16 1.98
1.88 2.86 3.22 2.08
1.79 2.83 3.16 1.99
1.83 2.67 3.48 2.15
1.84 2.81 3.17 1.98
1.79 2.85 3.19 2.04
1.82 3.12 2.89 2.01
1.76 2.65 3.09 1.74
1.81 2.69 3.1 1.79
1.85 2.91 2.98 1.89
1.82 2.63 3.27 1.9
1.73 2.69 2.91 1.6
1.82 2.78 3.11 1.89
1.77 2.59 3.23 1.82
1.82 2.77 3.15 1.92
1.82 2.93 3.0 1.93
1.82 2.88 3.08 1.96
1.76 2.48 3.35 1.83
1.79 2.79 3.12 1.91
1.81 2.76 3.12 1.88
1.82 2.72 3.13 1.85
1.83 2.85 3.06 1.91
1.82 2.94 2.95 1.89
1.83 2.88 3.09 1.97
1.76 2.7 3.03 1.73
1.82 2.5 3.35 1.85
1.77 2.68 3.19 1.87
1.84 2.34 3.5 1.84
1.84 2.83 3.13 1.96
1.78 2.79 3.07 1.86
1.81 2.67 3.19 1.86
1.82 2.7 3.31 2.01
1.8 2.81 3.23 2.04
1.79 2.63 3.25 1.88
1.8 2.59 3.08 1.67
1.84 3.06 2.96 2.02
1.84 2.95 2.99 1.94
1.8 2.75 3.21 1.96
1.81 2.68 3.25 1.93
1.84 2.81 3.07 1.88
1.89 2.78 3.22 2.0
1.89 2.85 3.17 2.02
1.81 2.97 3.01 1.98
1.81 2.71 3.09 1.8
1.73 2.57 3.18 1.75
1.83 2.93 2.98 1.91
1.82 2.89 3.1 1.99
1.77 2.76 3.06 1.82
1.85 2.61 3.35 1.96
1.82 2.69 3.1 1.79
1.76 2.76 3.02 1.78
1.83 2.76 3.26 2.02
1.76 2.62 3.21 1.83
1.8 2.74 3.14 1.88
1.86 2.99 3.14 2.13
1.78 2.96 2.87 1.83
1.84 2.7 3.27 1.97
1.75 2.34 3.42 1.76
1.83 2.51 3.36 1.87
1.79 2.78 3.14 1.92
1.83 2.92 3.05 1.97
1.84 2.62 3.42 2.04
1.75 2.61 3.12 1.73
1.78 2.78 3.06 1.84
1.76 2.69 3.11 1.8
1.85 2.74 3.25 1.99
1.78 2.71 3.12 1.83
1.82 2.69 3.28 1.97
1.81 2.77 3.23 2.0
1.88 2.74 3.27 2.01
1.79 2.76 3.07 1.83
1.79 2.84 2.95 1.79
1.82 2.83 3.12 1.95
1.79 2.59 3.14 1.73
1.8 2.74 3.12 1.86
1.83 2.73 3.3 2.03
1.83 2.72 3.26 1.98
1.8 2.65 3.19 1.84
1.69 2.49 3.09 1.58
1.84 2.71 3.31 2.02
1.77 2.62 3.24 1.86
1.75 2.7 3.08 1.78
1.83 2.71 3.2 1.91
1.76 2.63 3.06 1.69
1.82 3.06 2.88 1.94
1.84 2.49 3.33 1.82
1.81 2.78 2.98 1.76
1.72 2.62 2.96 1.58
1.81 2.93 3.12 2.05
1.81 2.62 3.24 1.86
1.8 2.84 3.22 2.06
1.86 2.82 3.2 2.02
1.79 2.57 3.17 1.74
1.85 2.77 3.13 1.9
1.79 2.9 2.85 1.75
1.81 2.73 3.19 1.92
1.83 2.7 3.28 1.98
1.84 2.76 3.31 2.07
1.77 2.86 2.85 1.71
1.84 2.84 3.1 1.94
1.77 2.76 3.08 1.84
1.86 2.84 3.17 2.01
1.76 2.68 3.03 1.71
1.81 2.56 3.38 1.94
1.78 2.84 3.11 1.95
1.82 2.58 3.29 1.87
1.73 2.36 3.27 1.63
1.85 2.81 3.2 2.01
1.76 2.62 3.07 1.69
1.76 2.99 2.97 1.96
1.82 2.66 3.25 1.91
1.78 2.9 3.05 1.95
1.75 2.91 2.93 1.84
1.79 2.86 3.04 1.9
1.81 2.65 3.26 1.91
1.78 2.93 2.98 1.91
1.75 2.66 3.03 1.69
1.75 2.91 2.85 1.76
1.82 2.73 3.17 1.9
1.8 2.73 3.19 1.92
1.76 3.14 2.72 1.86
1.81 2.5 3.45 1.95
1.82 2.79 3.2 1.99
1.8 2.36 3.3 1.66
1.87 2.82 3.12 1.94
1.84 2.91 3.0 1.91
1.83 2.51 3.42 1.93
1.8 2.76 3.18 1.94
1.85 2.67 3.33 2.0
1.81 2.71 3.17 1.88
1.79 2.98 3.03 2.01
1.81 2.7 3.24 1.94
1.77 2.99 2.93 1.92
1.75 2.58 3.22 1.8
1.79 2.75 3.2 1.95
1.9 2.8 3.14 1.94
1.89 2.98 3.16 2.14
1.74 2.8 2.97 1.77
1.77 2.67 3.09 1.76
1.8 2.89 2.98 1.87
1.79 2.36 3.38 1.74
1.74 2.6 3.03 1.63
1.78 2.78 3.04 1.82
1.87 2.76 3.3 2.06
1.79 2.63 3.21 1.84
1.82 2.82 3.15 1.97
1.82 2.97 3.0 1.97
1.84 2.62 3.34 1.96
1.79 2.62 3.26 1.88
1.78 2.6 3.14 1.74
1.71 2.74 2.9 1.64
1.85 2.76 3.25 2.01
1.82 3.03 3.0 2.03
1.84 2.82 3.27 2.09
1.82 2.77 3.12 1.89
1.81 2.75 3.11 1.86
1.85 2.66 3.24 1.9
1.89 2.8 3.37 2.17
1.86 2.81 3.23 2.04
1.81 2.69 3.05 1.74
1.85 2.66 3.4 2.06
1.77 2.57 3.1 1.67
1.88 3.17 2.93 2.1
1.78 2.78 3.0 1.78
1.79 2.6 3.28 1.88
1.78 2.45 3.31 1.76
1.82 2.85 3.05 1.9
1.8 2.94 3.01 1.95
1.82 2.87 3.1 1.97
1.8 3.1 2.79 1.89
1.83 2.97 2.99 1.96
1.8 2.62 3.3 1.92
1.76 2.8 2.94 1.74
1.82 2.8 3.09 1.89
1.82 2.77 3.22 1.99
1.78 2.82 3.12 1.94
1.78 2.49 3.25 1.74
1.8 2.42 3.25 1.67
1.84 2.74 3.25 1.99
1.82 2.54 3.35 1.89
1.83 2.79 3.2 1.99
1.82 2.68 3.17 1.85
1.81 2.87 2.98 1.85
1.83 2.8 3.18 1.98
1.85 2.6 3.28 1.88
1.79 2.55 3.28 1.83
1.83 2.56 3.34 1.9
1.77 2.69 3.17 1.86
1.8 2.9 2.96 1.86
1.74 2.67 3.05 1.72
1.83 2.75 3.1 1.85
1.81 2.64 3.22 1.86
1.83 2.63 3.26 1.89
1.73 2.68 3.05 1.73
1.84 2.91 3.13 2.04
1.84 2.98 3.15 2.13
1.8 3.05 2.89 1.94
1.82 2.59 3.31 1.9
1.82 2.78 3.1 1.88
1.83 2.66 3.22 1.88
1.79 2.51 3.28 1.79
1.82 2.93 3.05 1.98
1.83 2.87 3.14 2.01
1.82 2.73 3.28 2.01
1.77 2.62 3.19 1.81
1.82 2.97 2.91 1.88
1.8 2.82 3.22 2.04
1.84 2.83 3.19 2.02
1.89 3.02 3.09 2.11
1.85 3.06 2.93 1.99
1.81 2.75 3.17 1.92
1.8 2.89 3.0 1.89
1.85 2.6 3.34 1.94
1.8 2.78 3.21 1.99
1.83 2.97 2.98 1.95
1.82 2.57 3.31 1.88
1.78 2.66 3.15 1.81
1.82 2.63 3.31 1.94
1.82 2.49 3.46 1.95
1.74 2.52 3.13 1.65
1.79 2.78 3.0 1.78
1.73 2.71 2.95 1.66
1.71 2.83 2.87 1.7
1.89 3.0 3.13 2.13
1.83 2.64 3.2 1.84
1.78 2.84 2.99 1.83
1.81 2.67 3.21 1.88
1.8 2.81 3.08 1.89
1.86 2.64 3.16 1.8
1.81 2.62 3.31 1.93
1.78 2.79 3.09 1.88
1.78 2.95 2.99 1.94
1.79 2.68 3.21 1.89
1.78 2.61 3.17 1.78
1.81 2.7 3.09 1.79
1.79 2.46 3.34 1.8
1.77 2.83 3.0 1.83
1.84 2.88 3.1 1.98
1.81 2.63 3.16 1.79
1.82 2.94 3.06 2.0
1.8 3.14 2.84 1.98
1.82 2.79 3.23 2.02
1.84 2.97 3.05 2.02
1.81 2.71 3.03 1.74
1.82 2.64 3.36 2.0
1.79 2.88 3.12 2.0
1.79 2.61 3.25 1.86
1.81 2.62 3.18 1.8
1.79 2.6 3.27 1.87
1.8 2.9 2.95 1.85
1.82 2.94 2.98 1.92
1.81 2.83 3.08 1.91
1.81 2.88 3.05 1.93
1.83 2.92 2.98 1.9
1.79 2.54 3.26 1.8
1.83 2.4 3.44 1.84
1.77 2.9 2.9 1.8
1.78 2.67 3.19 1.86
1.75 2.89 2.86 1.75
1.86 2.76 3.24 2.0
1.81 2.51 3.26 1.77
1.8 2.96 3.0 1.96
1.8 2.92 3.04 1.96
1.8 2.51 3.18 1.69
1.79 2.65 3.23 1.88
1.81 2.78 3.16 1.94
1.87 2.99 3.05 2.04
1.78 2.68 3.07 1.75
1.79 2.76 3.1 1.86
1.82 2.79 3.18 1.97
1.85 2.95 3.27 2.22
1.81 2.8 3.19 1.99
1.8 2.71 3.17 1.88
1.86 2.78 3.2 1.98
1.84 2.92 3.09 2.01
1.79 2.6 3.16 1.76
1.77 2.64 3.12 1.76
1.81 2.76 3.07 1.83
1.81 2.51 3.3 1.81
1.8 2.65 3.15 1.8
1.8 2.62 3.3 1.92
1.88 2.84 3.29 2.13
1.79 2.77 3.08 1.85
1.79 2.63 3.2 1.83
1.78 2.65 3.2 1.85
1.78 2.77 3.09 1.86
1.78 2.89 3.0 1.89
1.79 2.71 3.09 1.8
1.79 2.89 3.07 1.96
1.75 2.75 2.95 1.7
1.76 2.83 2.95 1.78
1.73 2.66 3.08 1.74
1.86 2.58 3.36 1.94
1.85 2.83 3.15 1.98
1.8 2.73 3.2 1.93
1.84 2.85 3.2 2.05
1.76 2.55 3.17 1.72
1.86 2.81 3.36 2.17
1.82 2.46 3.41 1.87
1.81 2.93 3.03 1.96
1.78 2.65 3.09 1.74
1.82 2.55 3.29 1.84
1.82 2.6 3.2 1.8
1.77 2.69 3.17 1.86
1.81 2.75 3.1 1.85
1.73 2.82 2.87 1.69
1.88 3.01 3.06 2.07
1.8 2.72 3.22 1.94
1.8 2.56 3.31 1.87
1.78 2.68 3.11 1.79
1.88 2.84 3.34 2.18
1.8 2.74 3.11 1.85
1.86 2.93 3.06 1.99
1.79 2.85 3.04 1.89
1.85 2.6 3.32 1.92
1.83 2.94 3.05 1.99
1.76 2.83 2.99 1.82
1.78 2.69 3.0 1.69
1.84 2.66 3.22 1.88
1.79 2.48 3.29 1.77
1.78 2.67 3.12 1.79
1.84 2.85 3.16 2.01
1.81 2.87 3.02 1.89
1.77 3.18 2.83 2.01
1.8 2.61 3.21 1.82
1.84 2.63 3.28 1.91
1.75 2.47 3.23 1.7
1.85 2.85 3.12 1.97
1.8 2.82 3.02 1.84
1.82 2.77 3.1 1.87
1.81 2.69 3.23 1.92
1.8 2.63 3.28 1.91
1.79 2.73 3.19 1.92
1.8 2.86 3.04 1.9
1.83 2.75 3.12 1.87
1.82 2.8 3.14 1.94
1.78 2.86 2.95 1.81
1.83 2.55 3.27 1.82
1.85 2.76 3.13 1.89
1.82 2.7 3.1 1.8
1.76 2.84 2.95 1.79
1.77 2.49 3.28 1.77
1.81 2.61 3.17 1.78
1.81 2.66 3.31 1.97
1.85 2.49 3.33 1.82
1.85 2.86 3.11 1.97
1.85 2.97 2.96 1.93
1.77 2.84 2.95 1.79
1.81 2.58 3.28 1.86
1.8 2.72 3.06 1.78
1.83 2.89 3.07 1.96
1.79 2.57 3.16 1.73
1.81 2.67 3.11 1.78
1.87 2.72 3.32 2.04
1.79 2.92 3.04 1.96
1.85 2.41 3.45 1.86
1.82 2.77 3.05 1.82
1.76 2.9 2.93 1.83
1.82 2.76 3.15 1.91
1.76 2.87 3.08 1.95
1.75 2.62 3.06 1.68
1.82 2.83 3.1 1.93
1.76 2.65 3.17 1.82
1.8 2.77 3.1 1.87
1.8 2.59 3.24 1.83
1.81 2.53 3.4 1.93
1.81 2.5 3.34 1.84
1.85 2.59 3.31 1.9
1.77 2.74 3.14 1.88
1.74 2.51 3.12 1.63
1.81 2.47 3.22 1.69
1.82 2.64 3.23 1.87
1.77 2.8 2.97 1.77
1.82 2.78 3.04 1.82
1.85 2.9 3.06 1.96
1.85 2.65 3.41 2.06
1.79 2.62 3.15 1.77
1.79 2.7 3.15 1.85
1.78 2.61 3.2 1.81
1.79 2.48 3.33 1.81
1.76 2.84 2.92 1.76
1.85 2.78 3.22 2.0
1.84 2.69 3.24 1.93
1.79 2.48 3.3 1.78
1.86 2.71 3.31 2.02
1.74 2.89 2.83 1.72
1.7 2.54 3.06 1.6
1.86 2.79 3.24 2.03
1.69 2.81 2.74 1.55
1.85 2.52 3.37 1.89
1.81 2.89 3.01 1.9
1.82 2.6 3.39 1.99
1.7 2.65 2.96 1.61
1.81 2.67 3.2 1.87
1.81 2.79 3.17 1.96
1.8 2.82 3.13 1.95
1.76 2.7 3.07 1.77
1.74 2.59 3.08 1.67
1.79 2.82 3.05 1.87
1.77 2.65 3.22 1.87
1.82 3.06 3.04 2.1
1.82 2.56 3.35 1.91
1.86 2.76 3.26 2.02
1.85 2.81 3.13 1.94
1.85 2.62 3.35 1.97
1.79 2.41 3.35 1.76
1.82 2.89 3.01 1.9
1.79 2.72 3.22 1.94
1.79 2.56 3.31 1.87
1.77 2.75 3.11 1.86
1.77 2.66 3.05 1.71
1.79 2.95 3.12 2.07
1.83 2.7 3.28 1.98
1.82 2.64 3.38 2.02
1.76 3.2 2.71 1.91
1.81 2.68 3.28 1.96
1.86 2.84 3.17 2.01
1.84 2.68 3.16 1.84
1.82 2.59 3.17 1.76
1.76 2.77 2.99 1.76
1.82 2.76 3.19 1.95
1.8 2.63 3.24 1.87
1.85 2.78 3.19 1.97
1.84 2.67 3.15 1.82
1.78 2.52 3.23 1.75
1.8 2.69 3.18 1.87
1.79 2.87 3.13 2.0
1.73 2.76 2.99 1.75
1.89 2.84 3.22 2.06
1.87 2.76 3.33 2.09
1.84 2.68 3.27 1.95
1.78 2.59 3.04 1.63
1.72 2.58 3.01 1.59
1.77 2.65 3.19 1.84
1.84 2.72 3.23 1.95
1.83 2.54 3.4 1.94
1.86 2.93 3.11 2.04
1.77 2.57 3.22 1.79
1.87 2.8 3.45 2.25
1.8 2.48 3.4 1.88
1.87 2.53 3.47 2.0
1.83 2.77 3.2 1.97
1.75 2.39 3.21 1.6
1.81 2.68 3.15 1.83
1.75 2.83 3.02 1.85
1.76 2.82 2.94 1.76
1.86 2.98 2.95 1.93
1.77 2.7 3.15 1.85
1.79 2.54 3.28 1.82
1.78 2.68 3.02 1.7
1.83 2.77 3.16 1.93
1.81 2.87 3.15 2.02
1.83 2.9 3.03 1.93
1.77 2.73 3.08 1.81
1.84 2.45 3.42 1.87
1.75 2.77 2.99 1.76
1.8 3.21 2.81 2.02
1.84 2.83 3.21 2.04
1.78 2.66 3.21 1.87
1.84 2.86 3.15 2.01
1.8 2.82 3.16 1.98
1.74 2.18 3.33 1.51
1.84 2.93 3.06 1.99
1.87 2.73 3.29 2.02
1.77 2.86 2.88 1.74
1.76 2.58 3.16 1.74
1.87 3.09 2.86 1.95
1.75 2.84 2.9 1.74
1.78 2.74 3.1 1.84
1.82 2.79 3.13 1.92
1.79 2.47 3.32 1.79
1.79 2.9 2.97 1.87
1.86 2.63 3.33 1.96
1.79 2.58 3.26 1.84
1.82 2.71 3.2 1.91
1.83 2.75 3.09 1.84
1.75 2.5 3.18 1.68
1.79 2.69 3.18 1.87
1.75 2.69 2.91 1.6
1.83 2.65 3.27 1.92
1.84 2.64 3.34 1.98
1.85 2.72 3.26 1.98
1.79 2.77 3.07 1.84
1.8 2.92 3.03 1.95
1.81 2.66 3.18 1.84
1.84 2.7 3.28 1.98
1.79 2.65 3.25 1.9
1.82 3.01 3.02 2.03
1.8 2.81 3.12 1.93
1.88 3.04 3.06 2.1
1.79 2.9 2.94 1.84
1.81 2.67 3.25 1.92
1.82 2.55 3.39 1.94
1.83 2.7 3.25 1.95
1.84 2.82 3.12 1.94
1.83 2.95 3.05 2.0
1.83 2.6 3.3 1.9
1.83 2.87 3.07 1.94
1.72 2.36 3.17 1.53
1.76 2.63 3.16 1.79
1.79 2.49 3.35 1.84
1.91 3.26 2.9 2.16
1.86 2.62 3.31 1.93
1.79 2.85 3.09 1.94
1.85 2.95 3.08 2.03
1.75 2.76 3.08 1.84
1.87 2.98 3.1 2.08
1.81 2.67 3.21 1.88
1.83 2.74 3.2 1.94
1.79 2.77 3.15 1.92
1.77 2.59 3.23 1.82
1.8 3.12 2.88 2.0
1.79 2.98 2.94 1.92
1.72 2.84 2.8 1.64
1.83 2.77 3.17 1.94
1.84 2.82 3.12 1.94
1.74 2.74 3.03 1.77
1.84 2.73 3.3 2.03
1.81 2.56 3.14 1.7
1.74 2.62 3.08 1.7
1.81 2.72 3.22 1.94
1.89 2.72 3.25 1.97
1.78 2.76 3.16 1.92
1.87 2.72 3.31 2.03
1.83 2.71 3.25 1.96
1.84 2.8 3.21 2.01
1.87 2.72 3.33 2.05
1.75 2.71 3.07 1.78
1.81 2.87 3.02 1.89
1.78 2.74 3.09 1.83
1.83 2.68 3.29 1.97
1.86 2.8 3.27 2.07
1.81 2.69 3.18 1.87
1.77 2.46 3.23 1.69
1.92 3.12 3.08 2.2
1.8 2.81 3.05 1.86
1.84 2.52 3.3 1.82
1.81 2.56 3.2 1.76
1.73 2.78 2.95 1.73
1.77 2.7 3.04 1.74
1.79 2.85 2.95 1.8
1.86 3.0 3.21 2.21
1.81 2.82 3.04 1.86
1.83 2.88 3.17 2.05
1.82 2.89 3.11 2.0
1.81 2.68 3.19 1.87
1.86 2.9 3.14 2.04
1.83 2.92 3.17 2.09
1.82 2.84 3.16 2.0
1.82 2.55 3.33 1.88
1.79 2.75 3.12 1.87
1.82 2.85 3.06 1.91
1.79 2.63 3.13 1.76
1.83 2.78 3.16 1.94
1.78 2.76 2.97 1.73
1.79 2.54 3.23 1.77
1.79 2.56 3.32 1.88
1.77 2.58 3.16 1.74
1.75 2.61 3.18 1.79
1.77 2.68 3.12 1.8
1.83 2.84 3.17 2.01
1.73 2.71 2.92 1.63
1.75 2.65 3.07 1.72
1.82 2.8 3.14 1.94
1.8 2.72 3.17 1.89
1.75 2.95 2.84 1.79
1.83 2.56 3.31 1.87
1.83 2.83 3.19 2.02
1.78 3.02 2.85 1.87
1.87 2.73 3.22 1.95
1.74 2.75 2.98 1.73
1.79 2.56 3.33 1.89
1.79 2.85 3.1 1.95
1.86 2.78 3.32 2.1
1.81 2.92 2.92 1.84
1.78 2.82 2.96 1.78
1.83 2.7 3.36 2.06
1.79 2.74 3.04 1.78
1.84 2.72 3.14 1.86
1.84 2.54 3.39 1.93
1.76 2.34 3.36 1.7
1.78 2.67 3.05 1.72
1.83 2.87 3.14 2.01
1.76 2.75 3.08 1.83
1.75 2.6 3.04 1.64
1.81 2.61 3.09 1.7
1.8 2.75 3.05 1.8
1.7 2.64 3.0 1.64
1.82 2.75 3.16 1.91
1.76 2.65 3.12 1.77
1.85 2.72 3.35 2.07
1.76 2.76 3.08 1.84
1.79 2.86 3.02 1.88
1.77 2.86 2.96 1.82
1.75 2.55 3.17 1.72
1.81 2.93 3.04 1.97
1.83 2.73 3.17 1.9
1.79 2.83 2.99 1.82
1.86 2.92 3.21 2.13
1.81 2.85 3.05 1.9
1.82 2.75 3.11 1.86
1.8 2.77 3.05 1.82
1.85 2.7 3.3 2.0
1.8 2.94 3.0 1.94
1.8 2.7 3.18 1.88
1.78 2.66 3.11 1.77
1.79 2.73 3.08 1.81
1.78 2.49 3.32 1.81
1.87 2.82 3.17 1.99
1.79 2.68 3.1 1.78
1.81 2.88 3.03 1.91
1.83 2.85 3.05 1.9
1.78 2.76 3.06 1.82
1.8 2.36 3.45 1.81
1.7 2.7 2.91 1.61
1.8 2.82 3.09 1.91
1.82 2.8 3.09 1.89
1.74 2.76 2.97 1.73
1.83 2.69 3.15 1.84
1.83 2.72 3.34 2.06
1.84 2.9 3.18 2.08
1.8 2.51 3.28 1.79
1.74 3.04 2.7 1.74
1.81 2.67 3.1 1.77
1.81 2.85 3.06 1.91
1.83 2.95 3.06 2.01
1.84 2.72 3.21 1.93
1.8 2.73 3.13 1.86
1.8 2.84 3.03 1.87
1.72 2.68 3.12 1.8
1.86 2.75 3.29 2.04
1.86 2.87 3.27 2.14
1.84 2.92 3.08 2.0
1.78 2.81 3.14 1.95
1.72 2.88 2.8 1.68
1.81 2.68 3.2 1.88
1.84 2.86 3.19 2.05
1.86 3.02 3.11 2.13
1.82 2.76 3.09 1.85
1.79 2.67 3.08 1.75
1.76 2.56 3.26 1.82
1.81 2.72 3.2 1.92
1.82 2.82 3.09 1.91
1.8 2.79 3.12 1.91
1.82 2.56 3.29 1.85
1.72 2.6 2.98 1.58
1.86 2.72 3.28 2.0
1.78 2.65 3.22 1.87
1.81 2.71 3.23 1.94
1.79 2.63 3.21 1.84
1.81 2.49 3.36 1.85
1.81 2.59 3.34 1.93
1.78 2.63 3.16 1.79
1.8 2.74 3.09 1.83
1.78 2.68 3.1 1.78
1.79 2.69 3.15 1.84
1.77 2.63 3.13 1.76
1.82 2.67 3.31 1.98
1.74 2.52 3.08 1.6
1.84 3.08 2.87 1.95
1.78 2.31 3.4 1.71
1.85 2.61 3.33 1.94
1.8 2.81 3.07 1.88
1.75 2.83 2.99 1.82
1.75 2.81 2.87 1.68
1.73 2.54 3.16 1.7
1.76 2.66 3.09 1.75
1.83 2.74 3.13 1.87
1.74 2.83 2.99 1.82
1.83 2.52 3.26 1.78
1.79 2.85 2.92 1.77
1.76 2.79 2.99 1.78
1.79 2.68 3.03 1.71
1.85 2.76 3.29 2.05
1.75 2.99 2.78 1.77
1.91 2.82 3.34 2.16
1.85 2.75 3.23 1.98
1.76 2.6 3.23 1.83
1.77 2.65 3.17 1.82
1.87 2.72 3.23 1.95
1.84 2.68 3.26 1.94
1.75 2.7 2.99 1.69
1.83 2.53 3.24 1.77
1.79 2.89 2.97 1.86
1.81 2.68 3.19 1.87
1.78 2.65 3.17 1.82
1.85 2.7 3.22 1.92
1.67 2.59 2.94 1.53
1.81 2.8 3.06 1.86
1.74 2.55 3.15 1.7
1.8 2.29 3.39 1.68
1.81 3.05 2.98 2.03
1.81 2.71 3.17 1.88
1.89 2.76 3.26 2.02
1.81 2.8 3.18 1.98
1.82 2.7 3.31 2.01
1.81 2.98 3.0 1.98
1.87 2.49 3.37 1.86
1.81 2.92 2.97 1.89
1.78 2.9 2.93 1.83
1.78 2.5 3.24 1.74
1.81 2.7 3.25 1.95
1.81 2.65 3.17 1.82
1.82 2.69 3.16 1.85
1.78 2.54 3.14 1.68
1.82 2.74 3.16 1.9
1.81 2.81 3.09 1.9
1.8 2.67 3.23 1.9
1.82 2.77 3.21 1.98
1.87 2.7 3.32 2.02
1.78 2.67 3.18 1.85
1.82 2.81 3.09 1.9
1.78 3.03 2.9 1.93
1.85 2.74 3.23 1.97
1.73 2.48 3.16 1.64
1.83 2.99 3.05 2.04
1.79 2.85 3.14 1.99
1.83 2.67 3.31 1.98
1.8 2.67 3.1 1.77
1.82 2.68 3.18 1.86
1.76 2.6 3.13 1.73
1.83 2.86 3.08 1.94
1.85 2.74 3.24 1.98
1.77 2.57 3.33 1.9
1.79 2.74 3.12 1.86
1.79 2.82 3.01 1.83
1.85 2.76 3.15 1.91
1.88 2.78 3.22 2.0
1.85 2.96 3.02 1.98
1.82 2.34 3.42 1.76
1.81 2.6 3.12 1.72
1.83 2.73 3.2 1.93
1.84 2.95 2.91 1.86
1.79 2.37 3.41 1.78
1.79 2.95 2.89 1.84
1.77 2.61 3.19 1.8
1.85 2.75 3.26 2.01
1.8 2.72 3.09 1.81
1.81 2.69 3.04 1.73
1.75 2.6 3.07 1.67
1.85 2.96 3.07 2.03
1.81 2.74 3.02 1.76
1.8 2.66 3.14 1.8
1.78 2.69 3.16 1.85
1.75 2.74 3.08 1.82
1.81 2.77 3.08 1.85
1.78 2.62 3.17 1.79
1.8 2.51 3.26 1.77
1.77 2.6 3.16 1.76
1.77 2.82 2.95 1.77
1.8 2.63 3.17 1.8
1.79 2.65 3.14 1.79
1.79 2.56 3.21 1.77
1.85 2.73 3.33 2.06
1.82 2.92 3.1 2.02
1.76 2.71 3.06 1.77
1.76 2.42 3.34 1.76
1.86 2.62 3.3 1.92
1.72 2.7 2.86 1.56
1.72 2.72 3.05 1.77
1.85 2.58 3.4 1.98
1.78 2.73 2.95 1.68
1.82 2.71 3.09 1.8
1.78 2.56 3.09 1.65
1.86 2.81 3.26 2.07
1.81 2.98 2.85 1.83
1.75 2.81 3.0 1.81
1.8 2.67 3.26 1.93
1.79 2.8 3.16 1.96
1.76 2.61 3.1 1.71
1.8 2.39 3.44 1.83
1.81 2.66 3.19 1.85
1.79 2.64 3.28 1.92
1.79 2.64 3.24 1.88
1.81 2.64 3.36 2.0
1.78 2.63 3.27 1.9
1.78 2.82 3.05 1.87
1.78 2.48 3.25 1.73
1.84 2.84 3.17 2.01
1.74 2.74 3.03 1.77
1.82 2.93 3.13 2.06
1.83 2.69 3.15 1.84
1.78 2.57 3.27 1.84
1.78 2.64 3.18 1.82
1.85 2.76 3.23 1.99
1.76 2.52 3.3 1.82
1.71 2.7 3.0 1.7
1.83 2.67 3.18 1.85
1.81 2.8 3.07 1.87
1.79 2.93 2.94 1.87
1.86 2.95 3.13 2.08
1.82 2.82 3.04 1.86
1.78 2.71 2.98 1.69
1.88 2.62 3.35 1.97
1.8 2.71 3.21 1.92
1.81 2.51 3.23 1.74
1.81 2.88 3.04 1.92
1.87 2.54 3.43 1.97
1.79 2.8 3.12 1.92
1.85 2.84 3.18 2.02
1.84 2.99 2.94 1.93
1.84 3.0 3.05 2.05
1.73 2.72 3.02 1.74
1.84 2.87 3.19 2.06
1.75 2.63 3.07 1.7
1.8 2.68 3.03 1.71
1.83 2.8 3.12 1.92
1.8 2.94 2.98 1.92
1.75 2.98 2.84 1.82
1.84 2.68 3.32 2.0
1.83 2.73 3.37 2.1
1.74 2.62 3.0 1.62
1.8 2.64 3.21 1.85
1.84 2.79 3.2 1.99
1.85 2.74 3.19 1.93
1.78 2.92 2.98 1.9
1.71 2.77 2.83 1.6
1.72 2.86 2.95 1.81
1.85 2.93 3.19 2.12
1.78 2.57 3.16 1.73
1.75 2.53 3.19 1.72
1.71 2.56 3.1 1.66
1.75 2.41 3.14 1.55
1.73 2.61 3.03 1.64
1.71 2.66 3.09 1.75
1.75 2.7 3.09 1.79
1.86 2.82 3.3 2.12
1.8 2.64 3.17 1.81
1.81 2.98 3.02 2.0
1.85 2.86 3.11 1.97
1.79 2.79 3.0 1.79
1.81 2.77 3.2 1.97
1.81 2.77 3.13 1.9
1.83 2.95 3.01 1.96
1.77 2.62 3.17 1.79
1.74 2.58 3.1 1.68
1.81 2.65 3.04 1.69
1.82 2.81 3.21 2.02
1.8 2.79 3.08 1.87
1.84 2.72 3.23 1.95
1.83 2.74 3.16 1.9
1.73 2.72 2.97 1.69
1.82 2.63 3.12 1.75
1.81 2.45 3.4 1.85
1.85 2.83 3.11 1.94
1.74 3.06 2.77 1.83
1.81 2.84 3.2 2.04
1.76 2.61 3.19 1.8
1.81 2.74 3.19 1.93
1.88 2.59 3.55 2.14
1.75 2.81 2.98 1.79
1.75 2.78 3.03 1.81
1.83 2.94 2.91 1.85
1.82 2.74 3.31 2.05
1.77 2.58 3.14 1.72
1.82 2.76 3.26 2.02
1.85 2.7 3.31 2.01
1.77 2.75 3.08 1.83
1.76 2.6 3.12 1.72
1.85 2.96 3.16 2.12
1.77 2.98 2.84 1.82
1.81 2.75 3.2 1.95
1.83 2.98 3.01 1.99
1.86 2.54 3.38 1.92
1.8 3.0 2.91 1.91
1.76 2.62 3.09 1.71
1.83 2.62 3.21 1.83
1.76 2.62 3.22 1.84
1.85 2.67 3.34 2.01
1.85 2.77 3.31 2.08
1.85 3.05 2.97 2.02
1.78 2.7 3.09 1.79
1.86 3.01 3.05 2.06
1.9 2.93 3.21 2.14
1.74 2.49 3.16 1.65
1.77 2.88 2.82 1.7
1.82 2.54 3.35 1.89
1.9 2.79 3.27 2.06
1.85 2.58 3.27 1.85
1.81 3.0 2.98 1.98
1.77 2.62 3.07 1.69
1.8 2.76 3.02 1.78
1.81 2.64 3.3 1.94
1.84 2.76 3.16 1.92
1.83 2.55 3.48 2.03
1.81 2.85 3.11 1.96
1.76 3.02 2.85 1.87
1.82 2.63 3.26 1.89
1.8 2.88 2.96 1.84
1.83 2.42 3.33 1.75
1.74 2.73 3.01 1.74
1.85 2.7 3.27 1.97
1.79 2.87 2.94 1.81
1.75 2.74 3.03 1.77
1.82 2.61 3.21 1.82
1.75 2.91 2.87 1.78
1.82 2.43 3.42 1.85
1.85 3.04 3.06 2.1
1.75 2.59 3.19 1.78
1.83 2.59 3.34 1.93
1.86 2.67 3.35 2.02
1.78 2.55 3.27 1.82
1.84 2.55 3.26 1.81
1.75 2.7 3.17 1.87
1.87 2.78 3.29 2.07
1.81 2.68 3.24 1.92
1.82 2.86 3.1 1.96
1.74 2.75 3.04 1.79
1.69 2.92 2.7 1.62
1.81 2.7 3.1 1.8
1.83 2.6 3.17 1.77
1.85 2.82 3.11 1.93
1.8 2.69 3.16 1.85
1.81 2.6 3.23 1.83
1.79 2.76 3.03 1.79
1.83 2.88 3.08 1.96
1.76 2.71 3.15 1.86
1.78 2.93 2.96 1.89
1.8 2.68 3.22 1.9
1.81 3.13 2.93 2.06
1.78 2.56 3.27 1.83
1.86 2.53 3.36 1.89
1.79 2.9 3.02 1.92
1.83 2.73 3.1 1.83
1.8 2.84 3.11 1.95
1.8 2.52 3.28 1.8
1.86 2.55 3.32 1.87
1.74 2.61 3.06 1.67
1.83 2.67 3.18 1.85
1.83 2.9 3.1 2.0
1.83 2.62 3.4 2.02
1.91 2.59 3.48 2.07
1.76 2.6 3.27 1.87
1.85 2.64 3.44 2.08
1.77 2.46 3.18 1.64
1.86 2.81 3.21 2.02
1.8 2.71 3.14 1.85
1.79 2.85 3.07 1.92
1.82 2.77 3.26 2.03
1.76 2.57 3.25 1.82
1.83 2.78 3.14 1.92
1.75 2.36 3.42 1.78
1.77 2.62 3.19 1.81
1.67 2.63 2.83 1.46
1.82 2.9 3.0 1.9
1.84 2.64 3.16 1.8
1.76 2.85 3.07 1.92
1.86 2.47 3.45 1.92
1.81 2.92 2.88 1.8
1.86 2.99 3.11 2.1
1.84 2.77 3.18 1.95
1.87 2.99 3.08 2.07
1.76 2.56 3.19 1.75
1.79 2.8 3.04 1.84
1.76 2.49 3.09 1.58
1.82 2.58 3.3 1.88
1.81 2.41 3.29 1.7
1.78 2.63 3.07 1.7
1.87 2.5 3.26 1.76
1.82 2.57 3.29 1.86
1.8 2.82 3.06 1.88
1.74 2.72 3.09 1.81
1.79 2.44 3.32 1.76
1.84 2.54 3.39 1.93
1.84 3.0 2.98 1.98
1.82 2.71 3.21 1.92
1.82 2.76 3.21 1.97
1.9 2.83 3.27 2.1
1.81 2.78 3.12 1.9
1.84 2.83 3.17 2.0
1.72 2.68 2.93 1.61
1.83 2.93 3.04 1.97
1.84 2.77 3.07 1.84
1.82 2.84 3.04 1.88
1.79 2.54 3.33 1.87
1.77 3.01 2.86 1.87
1.79 2.9 3.05 1.95
1.79 2.83 3.0 1.83
1.75 2.53 3.19 1.72
1.79 2.47 3.25 1.72
1.83 2.65 3.22 1.87
1.75 2.76 3.05 1.81
1.82 2.78 3.14 1.92
1.86 2.75 3.27 2.02
1.77 2.55 3.26 1.81
1.82 2.68 3.23 1.91
1.78 2.81 3.05 1.86
1.85 2.58 3.29 1.87
1.82 2.81 3.19 2.0
1.75 2.81 2.97 1.78
1.78 2.57 3.22 1.79
1.75 2.56 3.14 1.7
1.75 2.7 3.1 1.8
1.79 2.61 3.23 1.84
1.75 2.79 2.99 1.78
1.77 2.65 3.2 1.85
1.76 2.53 3.21 1.74
1.81 2.9 2.95 1.85
1.72 2.88 2.92 1.8
1.79 2.69 3.24 1.93
1.81 2.57 3.22 1.79
1.85 2.84 3.25 2.09
1.75 2.64 3.0 1.64
1.75 2.56 3.15 1.71
1.84 2.92 3.16 2.08
1.78 2.73 3.09 1.82
1.89 2.78 3.44 2.22
1.74 2.79 2.89 1.68
1.79 2.77 3.17 1.94
1.74 2.69 2.98 1.67
1.82 2.8 3.11 1.91
1.73 2.67 3.1 1.77
1.83 2.68 3.14 1.82
1.75 2.81 3.07 1.88
1.85 2.84 3.1 1.94
1.85 2.73 3.17 1.9
1.81 2.76 3.12 1.88
1.79 2.76 3.09 1.85
1.8 2.9 2.94 1.84
1.84 2.85 3.12 1.97
1.8 2.36 3.4 1.76
1.83 2.51 3.35 1.86
1.8 2.77 3.05 1.82
1.77 2.8 2.93 1.73
1.8 2.59 3.1 1.69
1.83 2.9 3.02 1.92
1.9 2.68 3.42 2.1
1.86 2.95 3.19 2.14
1.84 2.61 3.38 1.99
1.78 2.8 3.07 1.87
1.85 2.83 3.11 1.94
1.78 2.79 3.12 1.91
1.8 2.67 3.17 1.84
1.83 2.6 3.29 1.89
1.83 2.85 3.15 2.0
1.76 2.73 2.99 1.72
1.79 2.67 3.15 1.82
1.8 2.44 3.35 1.79
1.83 2.52 3.39 1.91
1.82 2.76 3.17 1.93
1.82 2.68 3.3 1.98
1.76 2.54 3.31 1.85
1.77 2.58 3.16 1.74
1.82 2.75 3.2 1.95
1.76 2.58 3.24 1.82
1.76 2.68 3.02 1.7
1.81 2.58 3.24 1.82
1.78 2.64 3.09 1.73
1.81 2.52 3.29 1.81
1.84 2.68 3.2 1.88
1.77 2.82 2.91 1.73
1.78 2.73 3.09 1.82
1.76 2.8 2.95 1.75
1.82 2.57 3.27 1.84
1.85 2.81 3.22 2.03
1.8 2.56 3.18 1.74
1.8 2.75 3.25 2.0
1.89 2.78 3.28 2.06
1.79 2.7 3.13 1.83
1.79 2.84 3.13 1.97
1.83 2.74 3.2 1.94
1.76 2.45 3.34 1.79
1.78 2.42 3.33 1.75
1.86 2.8 3.19 1.99
1.8 2.64 3.09 1.73
1.8 2.72 3.2 1.92
1.82 2.69 3.29 1.98
1.73 2.7 2.96 1.66
1.77 2.5 3.33 1.83
1.84 2.53 3.28 1.81
1.83 2.73 3.14 1.87
1.86 2.87 3.2 2.07
1.8 2.59 3.2 1.79
1.87 2.63 3.41 2.04
1.85 2.53 3.31 1.84
1.8 2.62 3.26 1.88
1.78 2.69 3.15 1.84
1.77 2.74 3.21 1.95
1.76 2.88 2.96 1.84
1.76 2.59 3.17 1.76
1.84 2.98 3.09 2.07
1.73 2.69 2.97 1.66
1.87 3.06 3.05 2.11
1.82 2.9 2.92 1.82
1.77 2.67 3.09 1.76
1.76 2.63 3.16 1.79
1.81 2.97 2.92 1.89
1.81 2.95 3.09 2.04
1.81 2.68 3.04 1.72
1.8 2.58 3.27 1.85
1.8 2.77 3.15 1.92
1.85 2.67 3.33 2.0
1.86 2.8 3.35 2.15
1.76 2.74 3.01 1.75
1.85 2.77 3.08 1.85
1.81 2.92 3.02 1.94
1.82 2.76 3.06 1.82
1.82 2.65 3.21 1.86
1.89 3.0 3.14 2.14
1.85 2.74 3.24 1.98
1.76 2.55 3.14 1.69
1.82 2.78 3.16 1.94
1.8 2.54 3.3 1.84
1.79 2.74 2.99 1.73
1.87 2.69 3.34 2.03
1.82 2.93 3.12 2.05
1.73 2.82 2.93 1.75
1.83 2.93 3.11 2.04
1.8 2.99 3.04 2.03
1.86 2.66 3.21 1.87
1.78 2.59 3.25 1.84
1.86 2.62 3.31 1.93
1.85 2.82 3.15 1.97
1.85 2.69 3.3 1.99
1.82 2.67 3.25 1.92
1.82 2.77 3.11 1.88
1.82 2.87 3.09 1.96
1.81 2.95 3.05 2.0
1.79 2.89 3.0 1.89
1.8 2.77 3.09 1.86
1.78 2.49 3.3 1.79
1.76 2.8 2.96 1.76
1.76 2.61 3.13 1.74
1.71 2.61 3.0 1.61
1.75 2.98 2.75 1.73
1.81 2.66 3.1 1.76
1.79 2.72 3.13 1.85
1.89 3.0 3.1 2.1
1.77 2.77 3.03 1.8
1.82 3.0 3.06 2.06
1.67 2.69 2.9 1.59
1.79 2.78 2.97 1.75
1.89 2.84 3.21 2.05
1.74 2.55 3.17 1.72
1.84 2.83 3.13 1.96
1.74 2.73 3.03 1.76
1.78 2.67 3.19 1.86
1.83 3.0 2.95 1.95
1.82 2.73 3.21 1.94
1.83 2.76 3.23 1.99
1.77 2.99 2.94 1.93
1.82 2.86 2.99 1.85
1.76 2.91 2.98 1.89
1.76 2.66 3.16 1.82
1.78 2.69 3.12 1.81
1.81 2.74 3.07 1.81
1.78 2.97 2.84 1.81
1.8 2.62 3.15 1.77
1.79 2.88 2.93 1.81
1.81 2.67 3.22 1.89
1.86 2.85 3.22 2.07
1.78 2.85 3.03 1.88
1.8 2.67 3.12 1.79
1.77 2.68 3.03 1.71
1.83 2.75 3.2 1.95
1.75 2.66 3.11 1.77
1.81 2.69 3.12 1.81
1.83 2.8 3.14 1.94
1.85 2.81 3.24 2.05
1.79 2.67 3.21 1.88
1.77 2.7 3.16 1.86
1.84 2.65 3.35 2.0
1.77 2.65 3.07 1.72
1.78 2.4 3.41 1.81
1.88 2.77 3.25 2.02
1.81 2.62 3.24 1.86
1.76 2.76 2.99 1.75
1.76 2.49 3.16 1.65
1.78 2.84 2.96 1.8
1.86 2.93 3.16 2.09
1.87 2.76 3.19 1.95
1.83 2.97 3.02 1.99
1.83 2.86 3.12 1.98
1.78 2.73 3.09 1.82
1.77 2.63 3.19 1.82
1.81 2.67 3.19 1.86
1.74 2.7 3.0 1.7
1.84 2.7 3.09 1.79
1.74 2.72 2.93 1.65
1.79 2.87 2.98 1.85
1.76 2.65 3.08 1.73
1.8 2.88 3.05 1.93
1.77 2.59 3.15 1.74
1.82 2.64 3.2 1.84
1.8 2.8 3.06 1.86
1.82 2.79 3.16 1.95
1.87 3.1 3.01 2.11
1.86 3.2 2.95 2.15
1.74 2.36 3.22 1.58
1.74 2.82 2.97 1.79
1.72 2.61 3.09 1.7
1.85 2.65 3.41 2.06
1.83 2.57 3.42 1.99
1.85 2.79 3.2 1.99
1.76 2.81 3.01 1.82
1.73 2.46 3.21 1.67
1.77 2.59 3.29 1.88
1.88 2.79 3.23 2.02
1.81 2.65 3.21 1.86
1.8 3.0 3.1 2.1
1.7 2.75 2.97 1.72
1.89 2.81 3.28 2.09
1.78 2.78 3.02 1.8
1.78 2.69 3.06 1.75
1.82 2.76 3.05 1.81
1.82 2.58 3.26 1.84
1.81 2.73 3.15 1.88
1.85 2.72 3.37 2.09
1.8 2.91 3.07 1.98
1.78 2.72 3.13 1.85
1.81 2.55 3.32 1.87
1.82 2.96 2.95 1.91
1.83 2.91 3.1 2.01
1.83 2.92 3.13 2.05
1.76 2.9 2.91 1.81
1.78 2.94 2.92 1.86
1.82 2.83 3.11 1.94
1.82 2.52 3.29 1.81
1.78 2.94 2.96 1.9
1.82 2.79 3.11 1.9
1.83 2.74 3.12 1.86
1.78 2.78 3.12 1.9
1.81 2.9 3.09 1.99
1.82 3.08 2.96 2.04
1.78 2.87 3.03 1.9
1.8 2.72 3.18 1.9
1.79 2.68 3.2 1.88
1.81 3.09 2.86 1.95
1.76 2.87 2.93 1.8
1.83 2.89 3.15 2.04
1.7 2.8 2.9 1.7
1.81 3.03 2.92 1.95
1.81 2.73 3.16 1.89
1.81 2.81 3.08 1.89
1.71 2.55 3.09 1.64
1.83 2.55 3.24 1.79
1.82 2.74 3.23 1.97
1.76 2.44 3.34 1.78
1.78 3.04 2.84 1.88
1.81 2.59 3.26 1.85
1.86 2.72 3.22 1.94
1.78 2.77 3.09 1.86
1.79 2.62 3.2 1.82
1.79 2.67 3.14 1.81
1.77 2.82 3.11 1.93
1.81 2.68 3.17 1.85
1.78 2.44 3.24 1.68
1.77 2.65 3.2 1.85
1.82 2.92 3.21 2.13
1.82 2.7 3.18 1.88
1.77 3.02 2.86 1.88
1.69 2.6 3.04 1.64
1.81 2.58 3.35 1.93
1.86 2.69 3.33 2.02
1.79 2.71 3.23 1.94
1.82 2.77 3.11 1.88
1.83 2.96 3.01 1.97
1.8 2.92 3.01 1.93
1.74 2.59 3.06 1.65
1.79 2.73 3.15 1.88
1.75 2.68 3.0 1.68
1.87 2.72 3.21 1.93
1.87 2.51 3.34 1.85
1.86 2.91 3.19 2.1
1.75 2.89 2.94 1.83
1.78 2.79 3.05 1.84
1.82 2.93 3.04 1.97
1.79 2.87 3.06 1.93
1.8 2.77 3.04 1.81
1.83 2.52 3.37 1.89
1.81 2.69 3.13 1.82
1.77 2.6 3.29 1.89
1.76 2.58 3.06 1.64
1.84 2.59 3.2 1.79
1.77 2.42 3.31 1.73
1.78 2.45 3.26 1.71
1.81 2.71 3.22 1.93
1.77 2.61 3.11 1.72
1.81 2.6 3.26 1.86
1.8 2.68 3.21 1.89
1.88 2.86 3.14 2.0
1.78 2.69 3.16 1.85
1.79 2.6 3.14 1.74
1.8 2.6 3.23 1.83
1.7 2.82 2.81 1.63
1.79 2.62 3.22 1.84
1.77 2.9 2.96 1.86
1.81 2.53 3.22 1.75
1.81 2.69 3.1 1.79
1.73 2.75 2.97 1.72
1.7 2.64 3.05 1.69
1.75 2.78 2.94 1.72
1.83 2.61 3.31 1.92
1.75 2.42 3.26 1.68
1.73 2.82 2.93 1.75
1.73 2.7 2.96 1.66
1.85 2.95 3.12 2.07
1.76 2.99 2.84 1.83
1.87 2.56 3.29 1.85
1.76 2.64 3.1 1.74
1.8 2.93 3.02 1.95
1.82 2.86 3.13 1.99
1.83 2.59 3.25 1.84
1.82 2.88 3.08 1.96
1.78 2.4 3.4 1.8
1.81 2.69 3.21 1.9
1.8 2.95 2.85 1.8
1.79 2.78 3.06 1.84
1.81 2.82 3.15 1.97
1.85 2.98 3.03 2.01
1.84 3.05 2.93 1.98
1.8 2.68 3.15 1.83
1.8 2.5 3.4 1.9
1.81 2.6 3.2 1.8
1.79 2.26 3.44 1.7
1.77 2.85 3.07 1.92
1.83 2.73 3.18 1.91
1.86 2.85 3.19 2.04
1.77 2.62 3.14 1.76
1.71 2.65 3.04 1.69
1.83 2.61 3.32 1.93
1.84 2.66 3.27 1.93
1.81 2.81 3.08 1.89
1.82 2.68 3.13 1.81
1.76 2.45 3.12 1.57
1.75 3.04 2.83 1.87
1.79 2.96 2.99 1.95
1.8 3.02 2.97 1.99
1.83 2.94 3.05 1.99
1.77 2.66 3.07 1.73
1.82 2.68 3.27 1.95
1.77 2.94 2.92 1.86
1.81 2.68 3.25 1.93
1.76 2.66 3.07 1.73
1.75 2.43 3.22 1.65
1.84 2.65 3.26 1.91
1.73 2.54 3.23 1.77
1.81 2.98 2.96 1.94
1.79 2.75 3.04 1.79
1.78 2.75 3.03 1.78
1.79 2.99 2.92 1.91
1.81 2.66 3.21 1.87
1.77 2.64 3.27 1.91
1.79 2.69 3.17 1.86
1.8 2.72 3.14 1.86
1.81 2.71 3.23 1.94
1.8 2.74 3.17 1.91
1.82 2.87 3.01 1.88
1.88 2.69 3.43 2.12
1.78 2.69 3.1 1.79
1.79 2.9 3.06 1.96
1.8 2.93 3.06 1.99
1.81 2.65 3.21 1.86
1.77 2.55 3.28 1.83
1.77 2.88 2.97 1.85
1.77 2.55 3.24 1.79
1.85 2.72 3.13 1.85
1.79 2.95 2.93 1.88
1.82 2.92 3.01 1.93
1.84 2.8 3.28 2.08
1.86 2.86 3.19 2.05
1.82 2.56 3.24 1.8
1.77 2.58 3.22 1.8
1.81 2.68 3.09 1.77
1.76 2.8 2.93 1.73
1.84 2.97 3.11 2.08
1.78 2.75 3.14 1.89
1.82 2.92 3.01 1.93
1.76 2.4 3.28 1.68
1.76 2.73 2.99 1.72
1.86 2.87 3.14 2.01
1.83 3.03 3.09 2.12
1.76 2.38 3.28 1.66
1.84 2.91 3.07 1.98
1.84 2.6 3.41 2.01
1.84 2.75 3.24 1.99
1.81 2.72 3.11 1.83
1.78 2.7 2.99 1.69
1.83 2.9 3.14 2.04
1.77 2.62 3.24 1.86
1.79 2.69 3.12 1.81
1.86 2.77 3.19 1.96
1.78 2.66 3.08 1.74
1.76 2.66 3.02 1.68
1.8 2.57 3.26 1.83
1.85 2.68 3.27 1.95
1.76 2.82 3.01 1.83
1.82 2.54 3.33 1.87
1.81 2.64 3.21 1.85
1.8 2.85 3.09 1.94
1.74 2.69 2.99 1.68
1.77 2.69 3.03 1.72
1.8 2.94 2.97 1.91
1.78 2.73 3.11 1.84
1.78 2.72 3.23 1.95
1.86 2.97 3.04 2.01
1.8 2.48 3.32 1.8
1.84 2.52 3.45 1.97
1.79 2.93 3.0 1.93
1.77 2.69 3.19 1.88
1.77 2.59 3.17 1.76
1.76 2.78 2.98 1.76
1.75 2.69 3.08 1.77
1.76 2.4 3.29 1.69
1.79 2.59 3.14 1.73
1.85 2.78 3.21 1.99
1.81 2.69 3.13 1.82
1.79 2.76 3.01 1.77
1.78 2.67 3.09 1.76
1.77 2.67 3.11 1.78
1.86 2.82 3.12 1.94
1.78 2.62 3.19 1.81
1.82 2.52 3.26 1.78
1.8 2.67 3.03 1.7
1.78 2.8 3.02 1.82
1.87 2.74 3.39 2.13
1.74 2.99 2.6 1.59
1.82 2.79 3.14 1.93
1.8 2.69 3.16 1.85
1.8 2.98 2.95 1.93
1.79 2.69 3.16 1.85
1.77 2.67 3.05 1.72
1.79 2.67 3.16 1.83
1.81 2.74 3.04 1.78
1.74 2.61 3.02 1.63
1.75 2.63 3.11 1.74
1.82 2.8 3.17 1.97
1.79 2.82 2.92 1.74
1.75 2.72 3.04 1.76
1.78 2.84 3.02 1.86
1.81 2.4 3.29 1.69
1.8 2.72 3.22 1.94
1.74 2.7 3.02 1.72
1.82 2.63 3.25 1.88
1.8 2.71 3.11 1.82
1.82 2.65 3.37 2.02
1.78 2.69 3.1 1.79
1.77 2.55 3.22 1.77
1.8 2.73 3.07 1.8
1.8 2.7 3.21 1.91
1.79 2.9 2.98 1.88
1.77 2.94 2.92 1.86
1.8 2.76 3.0 1.76
1.76 2.61 3.17 1.78
1.77 2.44 3.25 1.69
1.82 2.91 3.05 1.96
1.75 2.75 3.11 1.86
1.75 2.75 3.04 1.79
1.82 2.76 3.22 1.98
1.74 2.54 3.17 1.71
1.81 2.65 3.25 1.9
1.8 2.88 2.98 1.86
1.81 2.36 3.32 1.68
1.74 2.5 3.07 1.57
1.83 2.73 3.16 1.89
1.74 2.81 3.0 1.81
1.76 2.86 2.9 1.76
1.83 2.86 3.11 1.97
1.79 2.78 3.02 1.8
1.82 2.78 3.15 1.93
1.77 2.58 3.1 1.68
1.77 2.66 3.12 1.78
1.8 2.57 3.32 1.89
1.8 2.73 3.23 1.96
1.8 2.67 3.14 1.81
1.79 2.59 3.2 1.79
1.76 2.85 2.97 1.82
1.79 2.67 3.14 1.81
1.86 2.7 3.34 2.04
1.84 2.93 3.08 2.01
1.78 2.66 3.2 1.86
1.75 2.83 2.95 1.78
1.78 2.65 3.14 1.79
1.8 2.88 3.08 1.96
1.83 2.71 3.29 2.0
1.79 2.74 3.02 1.76
1.83 2.41 3.55 1.96
1.79 2.68 3.13 1.81
1.82 2.96 3.05 2.01
1.79 2.46 3.36 1.82
1.83 2.73 3.21 1.94
1.79 2.68 3.12 1.8
1.78 2.97 2.88 1.85
1.8 2.76 3.18 1.94
1.89 2.58 3.47 2.05
1.82 2.82 3.13 1.95
1.79 3.06 2.84 1.9
1.77 2.88 2.9 1.78
1.87 2.79 3.34 2.13
1.8 2.76 3.11 1.87
1.78 2.74 3.18 1.92
1.88 2.82 3.33 2.15
1.82 2.97 3.03 2.0
1.78 2.62 3.24 1.86
1.75 2.41 3.31 1.72
1.8 2.92 3.03 1.95
1.74 2.72 2.99 1.71
1.82 2.78 3.15 1.93
1.81 2.66 3.1 1.76
1.77 2.84 3.03 1.87
1.81 2.69 3.19 1.88
1.84 2.91 3.07 1.98
1.78 2.78 3.04 1.82
1.82 2.77 3.14 1.91
1.79 2.67 3.2 1.87
1.79 2.91 3.03 1.94
1.8 2.63 3.32 1.95
1.83 2.85 3.02 1.87
1.78 2.83 3.04 1.87
1.74 2.99 2.87 1.86
1.85 2.5 3.34 1.84
1.85 2.73 3.19 1.92
1.76 2.7 3.06 1.76
1.81 2.78 3.15 1.93
1.78 2.33 3.41 1.74
1.78 2.83 3.07 1.9
1.76 2.76 3.1 1.86
1.79 2.65 3.28 1.93
1.8 2.6 3.22 1.82
1.73 2.59 3.04 1.63
1.85 2.79 3.21 2.0
1.79 2.6 3.25 1.85
1.79 2.56 3.21 1.77
1.77 2.63 3.08 1.71
1.84 2.81 3.16 1.97
1.75 2.76 3.01 1.77
1.86 2.7 3.19 1.89
1.82 2.76 3.1 1.86
1.77 2.42 3.32 1.74
1.78 2.75 3.05 1.8
1.78 2.62 3.14 1.76
1.78 2.58 3.19 1.77
1.78 2.71 3.08 1.79
1.89 3.06 3.06 2.12
1.78 2.46 3.25 1.71
1.81 2.88 3.11 1.99
1.8 2.87 3.03 1.9
1.81 2.93 2.98 1.91
1.75 2.67 3.04 1.71
1.81 2.68 3.2 1.88
1.81 2.67 3.19 1.86
1.82 2.95 3.06 2.01
1.78 2.8 3.0 1.8
1.81 2.58 3.2 1.78
1.79 2.69 3.13 1.82
1.88 2.65 3.38 2.03
1.84 2.89 3.12 2.01
1.88 2.57 3.41 1.98
1.79 2.49 3.35 1.84
1.79 2.67 3.13 1.8
1.74 2.7 3.09 1.79
1.83 2.83 3.2 2.03
1.79 2.58 3.28 1.86
1.79 2.58 3.24 1.82
1.7 2.92 2.87 1.79
1.87 2.83 3.14 1.97
1.77 2.69 3.2 1.89
1.8 2.72 3.2 1.92
1.77 2.65 3.16 1.81
1.79 2.62 3.18 1.8
1.84 3.0 2.95 1.95
1.8 2.91 3.02 1.93
1.81 2.47 3.36 1.83
1.82 2.69 3.15 1.84
1.84 2.64 3.32 1.96
1.77 2.96 2.9 1.86
1.86 2.85 3.17 2.02
1.86 2.75 3.2 1.95
1.69 2.63 3.06 1.69
1.76 2.86 2.99 1.85
1.74 2.72 3.03 1.75
1.82 2.68 3.09 1.77
1.74 2.84 2.95 1.79
1.88 2.89 3.15 2.04
1.74 2.48 3.22 1.7
1.80066 2.735858 3.133398 1.869256
