1.0 3.41 3.59 0.0
1.0 3.48 3.52 0.0
1.0 3.48 3.52 0.0
1.0 3.19 3.81 0.0
1.0 3.55 3.45 0.0
1.0 3.83 3.17 0.0
1.0 3.32 3.68 0.0
1.0 3.27 3.73 0.0
1.0 3.51 3.49 0.0
1.0 3.58 3.42 0.0
1.0 3.52 3.48 0.0
1.0 3.64 3.36 0.0
1.0 3.47 3.53 0.0
1.0 3.47 3.53 0.0
1.0 3.32 3.68 0.0
1.0 3.37 3.63 0.0
1.0 3.41 3.59 0.0
1.0 3.64 3.36 0.0
1.0 3.43 3.57 0.0
1.0 3.48 3.52 0.0
1.0 3.54 3.46 0.0
1.0 3.55 3.45 0.0
1.0 3.63 3.37 0.0
1.0 3.5 3.5 0.0
1.0 3.57 3.43 0.0
1.0 3.39 3.61 0.0
1.0 3.56 3.44 0.0
1.0 3.43 3.57 0.0
1.0 3.34 3.66 0.0
1.0 3.67 3.33 0.0
1.0 3.41 3.59 0.0
1.0 3.63 3.37 0.0
1.0 2.94 4.06 0.0
1.0 3.55 3.45 0.0
1.0 3.32 3.68 0.0
1.0 3.47 3.53 0.0
1.0 3.39 3.61 0.0
1.0 3.46 3.54 0.0
1.0 3.5 3.5 0.0
1.0 3.72 3.28 0.0
1.0 3.41 3.59 0.0
1.0 3.36 3.64 0.0
1.0 3.56 3.44 0.0
1.0 3.35 3.65 0.0
1.0 3.44 3.56 0.0
1.0 3.47 3.53 0.0
1.0 3.71 3.29 0.0
1.0 3.12 3.88 0.0
1.0 3.59 3.41 0.0
1.0 3.4 3.6 0.0
1.0 3.33 3.67 0.0
1.0 3.37 3.63 0.0
1.0 3.78 3.22 0.0
1.0 3.69 3.31 0.0
1.0 3.39 3.61 0.0
1.0 3.56 3.44 0.0
1.0 3.68 3.32 0.0
1.0 3.36 3.64 0.0
1.0 3.31 3.69 0.0
1.0 3.54 3.46 0.0
1.0 3.27 3.73 0.0
1.0 3.38 3.62 0.0
1.0 3.42 3.58 0.0
1.0 3.47 3.53 0.0
1.0 3.26 3.74 0.0
1.0 3.64 3.36 0.0
1.0 3.55 3.45 0.0
1.0 3.77 3.23 0.0
1.0 3.31 3.69 0.0
1.0 3.56 3.44 0.0
1.0 3.23 3.77 0.0
1.0 3.52 3.48 0.0
1.0 3.49 3.51 0.0
1.0 3.44 3.56 0.0
1.0 3.31 3.69 0.0
1.0 3.71 3.29 0.0
1.0 3.73 3.27 0.0
1.0 3.48 3.52 0.0
1.0 3.07 3.93 0.0
1.0 3.47 3.53 0.0
1.0 3.62 3.38 0.0
1.0 3.43 3.57 0.0
1.0 2.97 4.03 0.0
1.0 3.57 3.43 0.0
1.0 3.29 3.71 0.0
1.0 3.6 3.4 0.0
1.0 3.63 3.37 0.0
1.0 3.61 3.39 0.0
1.0 3.57 3.43 0.0
1.0 3.43 3.57 0.0
1.0 3.38 3.62 0.0
1.0 3.51 3.49 0.0
1.0 3.45 3.55 0.0
1.0 3.6 3.4 0.0
1.0 3.26 3.74 0.0
1.0 3.49 3.51 0.0
1.0 3.72 3.28 0.0
1.0 3.61 3.39 0.0
1.0 3.58 3.42 0.0
1.0 3.56 3.44 0.0
1.0 3.31 3.69 0.0
1.0 3.54 3.46 0.0
1.0 3.41 3.59 0.0
1.0 3.62 3.38 0.0
1.0 3.61 3.39 0.0
1.0 3.49 3.51 0.0
1.0 3.37 3.63 0.0
1.0 3.44 3.56 0.0
1.0 3.46 3.54 0.0
1.0 3.84 3.16 0.0
1.0 3.34 3.66 0.0
1.0 3.61 3.39 0.0
1.0 3.56 3.44 0.0
1.0 3.44 3.56 0.0
1.0 3.44 3.56 0.0
1.0 3.47 3.53 0.0
1.0 3.45 3.55 0.0
1.0 3.77 3.23 0.0
1.0 3.26 3.74 0.0
1.0 3.7 3.3 0.0
1.0 3.64 3.36 0.0
1.0 3.71 3.29 0.0
1.0 3.45 3.55 0.0
1.0 3.43 3.57 0.0
1.0 3.4 3.6 0.0
1.0 3.55 3.45 0.0
1.0 3.51 3.49 0.0
1.0 3.55 3.45 0.0
1.0 3.56 3.44 0.0
1.0 3.46 3.54 0.0
1.0 3.57 3.43 0.0
1.0 3.51 3.49 0.0
1.0 3.25 3.75 0.0
1.0 3.65 3.35 0.0
1.0 3.53 3.47 0.0
1.0 3.55 3.45 0.0
1.0 3.27 3.73 0.0
1.0 3.3 3.7 0.0
1.0 3.52 3.48 0.0
1.0 3.63 3.37 0.0
1.0 3.32 3.68 0.0
1.0 3.47 3.53 0.0
1.0 3.68 3.32 0.0
1.0 3.63 3.37 0.0
1.0 3.55 3.45 0.0
1.0 3.43 3.57 0.0
1.0 3.56 3.44 0.0
1.0 3.34 3.66 0.0
1.0 3.5 3.5 0.0
1.0 3.48 3.52 0.0
1.0 3.63 3.37 0.0
1.0 3.7 3.3 0.0
1.0 3.89 3.11 0.0
1.0 3.14 3.86 0.0
1.0 3.5 3.5 0.0
1.0 3.52 3.48 0.0
1.0 3.68 3.32 0.0
1.0 3.51 3.49 0.0
1.0 3.97 3.03 0.0
1.0 3.52 3.48 0.0
1.0 3.48 3.52 0.0
1.0 3.51 3.49 0.0
1.0 3.58 3.42 0.0
1.0 3.28 3.72 0.0
1.0 3.55 3.45 0.0
1.0 3.48 3.52 0.0
1.0 3.6 3.4 0.0
1.0 3.48 3.52 0.0
1.0 3.34 3.66 0.0
1.0 3.58 3.42 0.0
1.0 3.52 3.48 0.0
1.0 3.36 3.64 0.0
1.0 3.3 3.7 0.0
1.0 3.59 3.41 0.0
1.0 3.45 3.55 0.0
1.0 3.49 3.51 0.0
1.0 3.5 3.5 0.0
1.0 3.59 3.41 0.0
1.0 3.46 3.54 0.0
1.0 3.79 3.21 0.0
1.0 3.71 3.29 0.0
1.0 3.16 3.84 0.0
1.0 3.47 3.53 0.0
1.0 3.72 3.28 0.0
1.0 3.33 3.67 0.0
1.0 3.33 3.67 0.0
1.0 3.35 3.65 0.0
1.0 3.51 3.49 0.0
1.0 3.53 3.47 0.0
1.0 3.45 3.55 0.0
1.0 3.75 3.25 0.0
1.0 3.64 3.36 0.0
1.0 3.52 3.48 0.0
1.0 3.2 3.8 0.0
1.0 3.24 3.76 0.0
1.0 3.29 3.71 0.0
1.0 3.35 3.65 0.0
1.0 3.27 3.73 0.0
1.0 3.56 3.44 0.0
1.0 3.51 3.49 0.0
1.0 3.74 3.26 0.0
1.0 3.65 3.35 0.0
1.0 3.55 3.45 0.0
1.0 3.55 3.45 0.0
1.0 3.6 3.4 0.0
1.0 3.24 3.76 0.0
1.0 3.6 3.4 0.0
1.0 3.58 3.42 0.0
1.0 3.71 3.29 0.0
1.0 3.32 3.68 0.0
1.0 3.53 3.47 0.0
1.0 3.56 3.44 0.0
1.0 3.44 3.56 0.0
1.0 3.4 3.6 0.0
1.0 3.56 3.44 0.0
1.0 3.44 3.56 0.0
1.0 3.69 3.31 0.0
1.0 3.63 3.37 0.0
1.0 3.42 3.58 0.0
1.0 3.45 3.55 0.0
1.0 3.37 3.63 0.0
1.0 3.48 3.52 0.0
1.0 3.62 3.38 0.0
1.0 3.54 3.46 0.0
1.0 3.4 3.6 0.0
1.0 3.13 3.87 0.0
1.0 3.56 3.44 0.0
1.0 3.45 3.55 0.0
1.0 3.49 3.51 0.0
1.0 3.35 3.65 0.0
1.0 3.36 3.64 0.0
1.0 3.3 3.7 0.0
1.0 3.91 3.09 0.0
1.0 3.38 3.62 0.0
1.0 3.3 3.7 0.0
1.0 3.53 3.47 0.0
1.0 3.39 3.61 0.0
1.0 3.53 3.47 0.0
1.0 3.16 3.84 0.0
1.0 3.74 3.26 0.0
1.0 3.57 3.43 0.0
1.0 3.49 3.51 0.0
1.0 3.44 3.56 0.0
1.0 3.85 3.15 0.0
1.0 3.67 3.33 0.0
1.0 3.45 3.55 0.0
1.0 3.78 3.22 0.0
1.0 3.37 3.63 0.0
1.0 3.4 3.6 0.0
1.0 3.35 3.65 0.0
1.0 3.56 3.44 0.0
1.0 3.32 3.68 0.0
1.0 3.6 3.4 0.0
1.0 3.57 3.43 0.0
1.0 3.35 3.65 0.0
1.0 3.31 3.69 0.0
1.0 3.58 3.42 0.0
1.0 3.47 3.53 0.0
1.0 3.49 3.51 0.0
1.0 3.45 3.55 0.0
1.0 3.53 3.47 0.0
1.0 3.51 3.49 0.0
1.0 3.56 3.44 0.0
1.0 3.41 3.59 0.0
1.0 3.59 3.41 0.0
1.0 3.72 3.28 0.0
1.0 3.54 3.46 0.0
1.0 3.62 3.38 0.0
1.0 3.3 3.7 0.0
1.0 3.35 3.65 0.0
1.0 3.72 3.28 0.0
1.0 3.32 3.68 0.0
1.0 3.42 3.58 0.0
1.0 3.81 3.19 0.0
1.0 3.32 3.68 0.0
1.0 3.52 3.48 0.0
1.0 3.61 3.39 0.0
1.0 3.47 3.53 0.0
1.0 3.29 3.71 0.0
1.0 3.45 3.55 0.0
1.0 3.41 3.59 0.0
1.0 3.38 3.62 0.0
1.0 3.49 3.51 0.0
1.0 3.4 3.6 0.0
1.0 3.47 3.53 0.0
1.0 3.65 3.35 0.0
1.0 3.39 3.61 0.0
1.0 3.68 3.32 0.0
1.0 3.48 3.52 0.0
1.0 3.55 3.45 0.0
1.0 3.59 3.41 0.0
1.0 3.67 3.33 0.0
1.0 3.71 3.29 0.0
1.0 3.44 3.56 0.0
1.0 3.58 3.42 0.0
1.0 3.74 3.26 0.0
1.0 3.5 3.5 0.0
1.0 3.55 3.45 0.0
1.0 3.42 3.58 0.0
1.0 3.55 3.45 0.0
1.0 3.33 3.67 0.0
1.0 3.57 3.43 0.0
1.0 3.56 3.44 0.0
1.0 3.23 3.77 0.0
1.0 3.41 3.59 0.0
1.0 3.58 3.42 0.0
1.0 3.92 3.08 0.0
1.0 3.39 3.61 0.0
1.0 3.33 3.67 0.0
1.0 3.37 3.63 0.0
1.0 3.24 3.76 0.0
1.0 3.87 3.13 0.0
1.0 3.56 3.44 0.0
1.0 3.44 3.56 0.0
1.0 3.78 3.22 0.0
1.0 3.95 3.05 0.0
1.0 3.65 3.35 0.0
1.0 3.55 3.45 0.0
1.0 3.48 3.52 0.0
1.0 3.69 3.31 0.0
1.0 3.5 3.5 0.0
1.0 3.49 3.51 0.0
1.0 3.36 3.64 0.0
1.0 3.57 3.43 0.0
1.0 3.47 3.53 0.0
1.0 3.64 3.36 0.0
1.0 3.79 3.21 0.0
1.0 3.27 3.73 0.0
1.0 3.46 3.54 0.0
1.0 3.39 3.61 0.0
1.0 3.58 3.42 0.0
1.0 3.27 3.73 0.0
1.0 3.39 3.61 0.0
1.0 3.25 3.75 0.0
1.0 3.64 3.36 0.0
1.0 3.49 3.51 0.0
1.0 3.17 3.83 0.0
1.0 3.57 3.43 0.0
1.0 3.31 3.69 0.0
1.0 3.62 3.38 0.0
1.0 3.47 3.53 0.0
1.0 3.53 3.47 0.0
1.0 3.54 3.46 0.0
1.0 3.24 3.76 0.0
1.0 2.96 4.04 0.0
1.0 3.77 3.23 0.0
1.0 3.55 3.45 0.0
1.0 3.49 3.51 0.0
1.0 3.42 3.58 0.0
1.0 3.76 3.24 0.0
1.0 3.25 3.75 0.0
1.0 3.29 3.71 0.0
1.0 3.41 3.59 0.0
1.0 3.58 3.42 0.0
1.0 3.25 3.75 0.0
1.0 3.37 3.63 0.0
1.0 3.33 3.67 0.0
1.0 3.46 3.54 0.0
1.0 3.47 3.53 0.0
1.0 3.4 3.6 0.0
1.0 3.36 3.64 0.0
1.0 3.55 3.45 0.0
1.0 3.74 3.26 0.0
1.0 3.38 3.62 0.0
1.0 3.5 3.5 0.0
1.0 3.98 3.02 0.0
1.0 3.42 3.58 0.0
1.0 3.64 3.36 0.0
1.0 3.38 3.62 0.0
1.0 3.4 3.6 0.0
1.0 3.69 3.31 0.0
1.0 3.23 3.77 0.0
1.0 3.25 3.75 0.0
1.0 3.43 3.57 0.0
1.0 3.66 3.34 0.0
1.0 3.59 3.41 0.0
1.0 3.57 3.43 0.0
1.0 3.58 3.42 0.0
1.0 3.42 3.58 0.0
1.0 3.61 3.39 0.0
1.0 3.75 3.25 0.0
1.0 3.66 3.34 0.0
1.0 3.41 3.59 0.0
1.0 3.44 3.56 0.0
1.0 3.07 3.93 0.0
1.0 3.56 3.44 0.0
1.0 3.56 3.44 0.0
1.0 3.48 3.52 0.0
1.0 3.65 3.35 0.0
1.0 3.21 3.79 0.0
1.0 3.56 3.44 0.0
1.0 3.06 3.94 0.0
1.0 3.67 3.33 0.0
1.0 3.66 3.34 0.0
1.0 3.45 3.55 0.0
1.0 3.38 3.62 0.0
1.0 3.63 3.37 0.0
1.0 3.72 3.28 0.0
1.0 3.6 3.4 0.0
1.0 3.57 3.43 0.0
1.0 3.77 3.23 0.0
1.0 3.38 3.62 0.0
1.0 3.56 3.44 0.0
1.0 3.55 3.45 0.0
1.0 3.08 3.92 0.0
1.0 3.69 3.31 0.0
1.0 3.31 3.69 0.0
1.0 3.71 3.29 0.0
1.0 3.65 3.35 0.0
1.0 3.61 3.39 0.0
1.0 3.66 3.34 0.0
1.0 3.56 3.44 0.0
1.0 3.47 3.53 0.0
1.0 3.64 3.36 0.0
1.0 3.59 3.41 0.0
1.0 3.4 3.6 0.0
1.0 3.57 3.43 0.0
1.0 3.72 3.28 0.0
1.0 3.34 3.66 0.0
1.0 3.65 3.35 0.0
1.0 3.65 3.35 0.0
1.0 3.71 3.29 0.0
1.0 3.44 3.56 0.0
1.0 3.83 3.17 0.0
1.0 3.28 3.72 0.0
1.0 3.56 3.44 0.0
1.0 3.49 3.51 0.0
1.0 3.57 3.43 0.0
1.0 3.82 3.18 0.0
1.0 3.59 3.41 0.0
1.0 3.55 3.45 0.0
1.0 3.19 3.81 0.0
1.0 3.41 3.59 0.0
1.0 3.78 3.22 0.0
1.0 3.39 3.61 0.0
1.0 3.24 3.76 0.0
1.0 3.6 3.4 0.0
1.0 3.55 3.45 0.0
1.0 3.39 3.61 0.0
1.0 3.57 3.43 0.0
1.0 3.39 3.61 0.0
1.0 3.72 3.28 0.0
1.0 3.26 3.74 0.0
1.0 3.49 3.51 0.0
1.0 3.32 3.68 0.0
1.0 3.45 3.55 0.0
1.0 3.6 3.4 0.0
1.0 3.74 3.26 0.0
1.0 3.22 3.78 0.0
1.0 3.66 3.34 0.0
1.0 3.49 3.51 0.0
1.0 3.5 3.5 0.0
1.0 3.49 3.51 0.0
1.0 3.3 3.7 0.0
1.0 3.4 3.6 0.0
1.0 3.48 3.52 0.0
1.0 3.69 3.31 0.0
1.0 3.61 3.39 0.0
1.0 3.35 3.65 0.0
1.0 3.42 3.58 0.0
1.0 3.45 3.55 0.0
1.0 3.6 3.4 0.0
1.0 3.41 3.59 0.0
1.0 3.42 3.58 0.0
1.0 3.69 3.31 0.0
1.0 3.59 3.41 0.0
1.0 3.52 3.48 0.0
1.0 3.45 3.55 0.0
1.0 3.38 3.62 0.0
1.0 3.68 3.32 0.0
1.0 3.43 3.57 0.0
1.0 3.2 3.8 0.0
1.0 3.42 3.58 0.0
1.0 3.59 3.41 0.0
1.0 3.39 3.61 0.0
1.0 3.59 3.41 0.0
1.0 3.38 3.62 0.0
1.0 3.43 3.57 0.0
1.0 3.56 3.44 0.0
1.0 3.54 3.46 0.0
1.0 3.68 3.32 0.0
1.0 3.52 3.48 0.0
1.0 3.36 3.64 0.0
1.0 3.56 3.44 0.0
1.0 3.6 3.4 0.0
1.0 3.12 3.88 0.0
1.0 3.53 3.47 0.0
1.0 3.22 3.78 0.0
1.0 3.41 3.59 0.0
1.0 3.18 3.82 0.0
1.0 3.87 3.13 0.0
1.0 3.47 3.53 0.0
1.0 3.66 3.34 0.0
1.0 3.62 3.38 0.0
1.0 3.63 3.37 0.0
1.0 3.68 3.32 0.0
1.0 3.08 3.92 0.0
1.0 3.49 3.51 0.0
1.0 3.7 3.3 0.0
1.0 3.65 3.35 0.0
1.0 3.33 3.67 0.0
1.0 3.15 3.85 0.0
1.0 3.38 3.62 0.0
1.0 3.58 3.42 0.0
1.0 3.49 3.51 0.0
1.0 3.48 3.52 0.0
1.0 3.48 3.52 0.0
1.0 3.52 3.48 0.0
1.0 3.6 3.4 0.0
1.0 3.43 3.57 0.0
1.0 3.38 3.62 0.0
1.0 3.37 3.63 0.0
1.0 3.41 3.59 0.0
1.0 3.34 3.66 0.0
1.0 3.49 3.51 0.0
1.0 3.66 3.34 0.0
1.0 3.23 3.77 0.0
1.0 3.7 3.3 0.0
1.0 3.61 3.39 0.0
1.0 3.45 3.55 0.0
1.0 3.42 3.58 0.0
1.0 3.58 3.42 0.0
1.0 3.53 3.47 0.0
1.0 3.2 3.8 0.0
1.0 3.6 3.4 0.0
1.0 3.49 3.51 0.0
1.0 3.51 3.49 0.0
1.0 3.53 3.47 0.0
1.0 3.56 3.44 0.0
1.0 3.41 3.59 0.0
1.0 3.78 3.22 0.0
1.0 3.2 3.8 0.0
1.0 3.53 3.47 0.0
1.0 3.28 3.72 0.0
1.0 3.77 3.23 0.0
1.0 3.37 3.63 0.0
1.0 3.03 3.97 0.0
1.0 3.39 3.61 0.0
1.0 3.51 3.49 0.0
1.0 3.69 3.31 0.0
1.0 3.38 3.62 0.0
1.0 3.82 3.18 0.0
1.0 3.39 3.61 0.0
1.0 3.41 3.59 0.0
1.0 3.49 3.51 0.0
1.0 3.63 3.37 0.0
1.0 3.47 3.53 0.0
1.0 3.59 3.41 0.0
1.0 3.34 3.66 0.0
1.0 3.77 3.23 0.0
1.0 3.51 3.49 0.0
1.0 3.79 3.21 0.0
1.0 3.59 3.41 0.0
1.0 3.3 3.7 0.0
1.0 3.51 3.49 0.0
1.0 3.37 3.63 0.0
1.0 3.42 3.58 0.0
1.0 3.55 3.45 0.0
1.0 3.79 3.21 0.0
1.0 3.33 3.67 0.0
1.0 3.55 3.45 0.0
1.0 3.16 3.84 0.0
1.0 3.5 3.5 0.0
1.0 3.39 3.61 0.0
1.0 3.47 3.53 0.0
1.0 3.57 3.43 0.0
1.0 3.17 3.83 0.0
1.0 3.33 3.67 0.0
1.0 3.54 3.46 0.0
1.0 3.35 3.65 0.0
1.0 3.51 3.49 0.0
1.0 3.75 3.25 0.0
1.0 3.51 3.49 0.0
1.0 3.24 3.76 0.0
1.0 3.37 3.63 0.0
1.0 3.29 3.71 0.0
1.0 3.34 3.66 0.0
1.0 3.47 3.53 0.0
1.0 3.57 3.43 0.0
1.0 3.62 3.38 0.0
1.0 2.93 4.07 0.0
1.0 3.45 3.55 0.0
1.0 3.38 3.62 0.0
1.0 3.58 3.42 0.0
1.0 3.27 3.73 0.0
1.0 3.44 3.56 0.0
1.0 3.32 3.68 0.0
1.0 3.57 3.43 0.0
1.0 3.4 3.6 0.0
1.0 3.22 3.78 0.0
1.0 3.53 3.47 0.0
1.0 3.68 3.32 0.0
1.0 3.55 3.45 0.0
1.0 3.56 3.44 0.0
1.0 3.69 3.31 0.0
1.0 3.52 3.48 0.0
1.0 3.5 3.5 0.0
1.0 3.44 3.56 0.0
1.0 3.75 3.25 0.0
1.0 3.43 3.57 0.0
1.0 3.26 3.74 0.0
1.0 3.44 3.56 0.0
1.0 3.47 3.53 0.0
1.0 3.51 3.49 0.0
1.0 3.27 3.73 0.0
1.0 3.54 3.46 0.0
1.0 3.29 3.71 0.0
1.0 3.74 3.26 0.0
1.0 3.86 3.14 0.0
1.0 3.75 3.25 0.0
1.0 3.42 3.58 0.0
1.0 3.58 3.42 0.0
1.0 3.66 3.34 0.0
1.0 3.53 3.47 0.0
1.0 3.47 3.53 0.0
1.0 3.49 3.51 0.0
1.0 3.4 3.6 0.0
1.0 3.5 3.5 0.0
1.0 3.54 3.46 0.0
1.0 3.66 3.34 0.0
1.0 3.68 3.32 0.0
1.0 3.31 3.69 0.0
1.0 3.62 3.38 0.0
1.0 3.58 3.42 0.0
1.0 3.23 3.77 0.0
1.0 3.1 3.9 0.0
1.0 3.61 3.39 0.0
1.0 3.18 3.82 0.0
1.0 3.78 3.22 0.0
1.0 3.74 3.26 0.0
1.0 3.39 3.61 0.0
1.0 3.39 3.61 0.0
1.0 3.69 3.31 0.0
1.0 3.33 3.67 0.0
1.0 3.56 3.44 0.0
1.0 3.67 3.33 0.0
1.0 3.78 3.22 0.0
1.0 3.07 3.93 0.0
1.0 3.63 3.37 0.0
1.0 3.59 3.41 0.0
1.0 3.76 3.24 0.0
1.0 3.23 3.77 0.0
1.0 3.17 3.83 0.0
1.0 3.31 3.69 0.0
1.0 3.46 3.54 0.0
1.0 3.54 3.46 0.0
1.0 3.6 3.4 0.0
1.0 3.42 3.58 0.0
1.0 3.65 3.35 0.0
1.0 3.81 3.19 0.0
1.0 3.65 3.35 0.0
1.0 3.68 3.32 0.0
1.0 3.57 3.43 0.0
1.0 3.12 3.88 0.0
1.0 3.21 3.79 0.0
1.0 3.47 3.53 0.0
1.0 3.58 3.42 0.0
1.0 3.59 3.41 0.0
1.0 3.35 3.65 0.0
1.0 3.42 3.58 0.0
1.0 3.72 3.28 0.0
1.0 3.39 3.61 0.0
1.0 3.65 3.35 0.0
1.0 3.54 3.46 0.0
1.0 3.52 3.48 0.0
1.0 3.65 3.35 0.0
1.0 3.59 3.41 0.0
1.0 3.6 3.4 0.0
1.0 3.36 3.64 0.0
1.0 3.53 3.47 0.0
1.0 3.77 3.23 0.0
1.0 3.79 3.21 0.0
1.0 3.43 3.57 0.0
1.0 3.63 3.37 0.0
1.0 3.86 3.14 0.0
1.0 3.54 3.46 0.0
1.0 3.65 3.35 0.0
1.0 3.52 3.48 0.0
1.0 3.29 3.71 0.0
1.0 3.55 3.45 0.0
1.0 3.39 3.61 0.0
1.0 3.49 3.51 0.0
1.0 3.57 3.43 0.0
1.0 3.38 3.62 0.0
1.0 3.44 3.56 0.0
1.0 3.5 3.5 0.0
1.0 3.52 3.48 0.0
1.0 3.09 3.91 0.0
1.0 3.53 3.47 0.0
1.0 3.77 3.23 0.0
1.0 3.58 3.42 0.0
1.0 3.07 3.93 0.0
1.0 3.22 3.78 0.0
1.0 3.31 3.69 0.0
1.0 3.42 3.58 0.0
1.0 3.27 3.73 0.0
1.0 3.4 3.6 0.0
1.0 3.95 3.05 0.0
1.0 3.53 3.47 0.0
1.0 3.39 3.61 0.0
1.0 3.34 3.66 0.0
1.0 3.39 3.61 0.0
1.0 3.07 3.93 0.0
1.0 3.66 3.34 0.0
1.0 3.28 3.72 0.0
1.0 3.59 3.41 0.0
1.0 3.33 3.67 0.0
1.0 3.66 3.34 0.0
1.0 3.44 3.56 0.0
1.0 3.44 3.56 0.0
1.0 3.23 3.77 0.0
1.0 3.73 3.27 0.0
1.0 3.44 3.56 0.0
1.0 3.42 3.58 0.0
1.0 3.63 3.37 0.0
1.0 3.66 3.34 0.0
1.0 3.36 3.64 0.0
1.0 3.47 3.53 0.0
1.0 3.34 3.66 0.0
1.0 3.57 3.43 0.0
1.0 3.4 3.6 0.0
1.0 3.61 3.39 0.0
1.0 3.83 3.17 0.0
1.0 3.6 3.4 0.0
1.0 3.34 3.66 0.0
1.0 3.34 3.66 0.0
1.0 3.49 3.51 0.0
1.0 3.43 3.57 0.0
1.0 3.43 3.57 0.0
1.0 3.45 3.55 0.0
1.0 3.46 3.54 0.0
1.0 3.79 3.21 0.0
1.0 3.71 3.29 0.0
1.0 3.31 3.69 0.0
1.0 3.25 3.75 0.0
1.0 3.53 3.47 0.0
1.0 3.75 3.25 0.0
1.0 3.82 3.18 0.0
1.0 3.73 3.27 0.0
1.0 3.45 3.55 0.0
1.0 3.48 3.52 0.0
1.0 3.15 3.85 0.0
1.0 3.79 3.21 0.0
1.0 3.72 3.28 0.0
1.0 3.71 3.29 0.0
1.0 3.67 3.33 0.0
1.0 3.67 3.33 0.0
1.0 3.29 3.71 0.0
1.0 3.71 3.29 0.0
1.0 3.35 3.65 0.0
1.0 3.47 3.53 0.0
1.0 3.79 3.21 0.0
1.0 3.75 3.25 0.0
1.0 3.42 3.58 0.0
1.0 3.59 3.41 0.0
1.0 3.16 3.84 0.0
1.0 3.72 3.28 0.0
1.0 3.44 3.56 0.0
1.0 3.4 3.6 0.0
1.0 3.42 3.58 0.0
1.0 3.5 3.5 0.0
1.0 3.37 3.63 0.0
1.0 3.61 3.39 0.0
1.0 3.33 3.67 0.0
1.0 3.21 3.79 0.0
1.0 3.65 3.35 0.0
1.0 3.74 3.26 0.0
1.0 3.49 3.51 0.0
1.0 3.31 3.69 0.0
1.0 3.77 3.23 0.0
1.0 3.47 3.53 0.0
1.0 3.48 3.52 0.0
1.0 3.55 3.45 0.0
1.0 3.52 3.48 0.0
1.0 3.4 3.6 0.0
1.0 3.23 3.77 0.0
1.0 3.14 3.86 0.0
1.0 3.37 3.63 0.0
1.0 3.44 3.56 0.0
1.0 3.52 3.48 0.0
1.0 3.66 3.34 0.0
1.0 3.55 3.45 0.0
1.0 3.32 3.68 0.0
1.0 3.65 3.35 0.0
1.0 3.58 3.42 0.0
1.0 3.24 3.76 0.0
1.0 3.67 3.33 0.0
1.0 3.19 3.81 0.0
1.0 3.56 3.44 0.0
1.0 3.52 3.48 0.0
1.0 3.34 3.66 0.0
1.0 3.55 3.45 0.0
1.0 3.46 3.54 0.0
1.0 3.63 3.37 0.0
1.0 3.59 3.41 0.0
1.0 3.59 3.41 0.0
1.0 3.47 3.53 0.0
1.0 3.36 3.64 0.0
1.0 3.64 3.36 0.0
1.0 3.69 3.31 0.0
1.0 3.27 3.73 0.0
1.0 3.64 3.36 0.0
1.0 3.63 3.37 0.0
1.0 3.36 3.64 0.0
1.0 3.48 3.52 0.0
1.0 3.59 3.41 0.0
1.0 3.66 3.34 0.0
1.0 3.61 3.39 0.0
1.0 3.27 3.73 0.0
1.0 3.59 3.41 0.0
1.0 3.63 3.37 0.0
1.0 3.56 3.44 0.0
1.0 3.47 3.53 0.0
1.0 3.5 3.5 0.0
1.0 3.3 3.7 0.0
1.0 3.48 3.52 0.0
1.0 3.26 3.74 0.0
1.0 3.92 3.08 0.0
1.0 3.69 3.31 0.0
1.0 3.72 3.28 0.0
1.0 3.23 3.77 0.0
1.0 3.38 3.62 0.0
1.0 3.32 3.68 0.0
1.0 3.19 3.81 0.0
1.0 3.54 3.46 0.0
1.0 3.5 3.5 0.0
1.0 3.58 3.42 0.0
1.0 3.54 3.46 0.0
1.0 3.45 3.55 0.0
1.0 3.41 3.59 0.0
1.0 3.19 3.81 0.0
1.0 3.4 3.6 0.0
1.0 3.64 3.36 0.0
1.0 3.47 3.53 0.0
1.0 3.41 3.59 0.0
1.0 3.6 3.4 0.0
1.0 3.37 3.63 0.0
1.0 3.54 3.46 0.0
1.0 3.69 3.31 0.0
1.0 3.54 3.46 0.0
1.0 3.39 3.61 0.0
1.0 3.48 3.52 0.0
1.0 3.19 3.81 0.0
1.0 3.5 3.5 0.0
1.0 3.49 3.51 0.0
1.0 3.26 3.74 0.0
1.0 3.62 3.38 0.0
1.0 3.5 3.5 0.0
1.0 3.93 3.07 0.0
1.0 3.29 3.71 0.0
1.0 3.28 3.72 0.0
1.0 3.33 3.67 0.0
1.0 3.46 3.54 0.0
1.0 3.45 3.55 0.0
1.0 3.62 3.38 0.0
1.0 3.62 3.38 0.0
1.0 3.45 3.55 0.0
1.0 3.54 3.46 0.0
1.0 3.34 3.66 0.0
1.0 3.41 3.59 0.0
1.0 3.58 3.42 0.0
1.0 3.44 3.56 0.0
1.0 3.29 3.71 0.0
1.0 3.33 3.67 0.0
1.0 3.74 3.26 0.0
1.0 3.68 3.32 0.0
1.0 3.3 3.7 0.0
1.0 2.95 4.05 0.0
1.0 3.33 3.67 0.0
1.0 3.61 3.39 0.0
1.0 3.74 3.26 0.0
1.0 3.73 3.27 0.0
1.0 3.3 3.7 0.0
1.0 3.82 3.18 0.0
1.0 3.73 3.27 0.0
1.0 3.3 3.7 0.0
1.0 3.39 3.61 0.0
1.0 3.35 3.65 0.0
1.0 3.53 3.47 0.0
1.0 3.37 3.63 0.0
1.0 3.66 3.34 0.0
1.0 3.41 3.59 0.0
1.0 3.28 3.72 0.0
1.0 3.3 3.7 0.0
1.0 3.45 3.55 0.0
1.0 3.25 3.75 0.0
1.0 3.5 3.5 0.0
1.0 3.46 3.54 0.0
1.0 3.84 3.16 0.0
1.0 3.51 3.49 0.0
1.0 3.27 3.73 0.0
1.0 3.5 3.5 0.0
1.0 3.75 3.25 0.0
1.0 3.68 3.32 0.0
1.0 3.42 3.58 0.0
1.0 3.62 3.38 0.0
1.0 3.26 3.74 0.0
1.0 3.5 3.5 0.0
1.0 3.25 3.75 0.0
1.0 3.72 3.28 0.0
1.0 3.36 3.64 0.0
1.0 3.66 3.34 0.0
1.0 3.6 3.4 0.0
1.0 3.77 3.23 0.0
1.0 3.52 3.48 0.0
1.0 3.67 3.33 0.0
1.0 3.51 3.49 0.0
1.0 3.89 3.11 0.0
1.0 3.45 3.55 0.0
1.0 3.56 3.44 0.0
1.0 3.31 3.69 0.0
1.0 3.59 3.41 0.0
1.0 3.68 3.32 0.0
1.0 3.42 3.58 0.0
1.0 3.38 3.62 0.0
1.0 3.31 3.69 0.0
1.0 3.34 3.66 0.0
1.0 3.41 3.59 0.0
1.0 3.67 3.33 0.0
1.0 3.04 3.96 0.0
1.0 3.5 3.5 0.0
1.0 3.49 3.51 0.0
1.0 3.37 3.63 0.0
1.0 3.56 3.44 0.0
1.0 3.76 3.24 0.0
1.0 3.79 3.21 0.0
1.0 3.82 3.18 0.0
1.0 3.53 3.47 0.0
1.0 3.37 3.63 0.0
1.0 3.4 3.6 0.0
1.0 3.62 3.38 0.0
1.0 3.66 3.34 0.0
1.0 3.63 3.37 0.0
1.0 3.54 3.46 0.0
1.0 3.85 3.15 0.0
1.0 3.89 3.11 0.0
1.0 3.36 3.64 0.0
1.0 3.82 3.18 0.0
1.0 3.42 3.58 0.0
1.0 3.49 3.51 0.0
1.0 3.69 3.31 0.0
1.0 3.68 3.32 0.0
1.0 3.56 3.44 0.0
1.0 3.17 3.83 0.0
1.0 3.43 3.57 0.0
1.0 3.53 3.47 0.0
1.0 3.62 3.38 0.0
1.0 3.21 3.79 0.0
1.0 3.62 3.38 0.0
1.0 3.56 3.44 0.0
1.0 3.14 3.86 0.0
1.0 3.25 3.75 0.0
1.0 3.56 3.44 0.0
1.0 3.48 3.52 0.0
1.0 3.28 3.72 0.0
1.0 3.34 3.66 0.0
1.0 3.35 3.65 0.0
1.0 3.36 3.64 0.0
1.0 3.63 3.37 0.0
1.0 3.38 3.62 0.0
1.0 3.38 3.62 0.0
1.0 3.76 3.24 0.0
1.0 3.33 3.67 0.0
1.0 3.41 3.59 0.0
1.0 3.44 3.56 0.0
1.0 3.43 3.57 0.0
1.0 3.21 3.79 0.0
1.0 3.71 3.29 0.0
1.0 3.36 3.64 0.0
1.0 3.61 3.39 0.0
1.0 3.41 3.59 0.0
1.0 3.3 3.7 0.0
1.0 3.61 3.39 0.0
1.0 3.75 3.25 0.0
1.0 3.82 3.18 0.0
1.0 3.46 3.54 0.0
1.0 3.36 3.64 0.0
1.0 3.64 3.36 0.0
1.0 3.46 3.54 0.0
1.0 3.57 3.43 0.0
1.0 3.56 3.44 0.0
1.0 3.69 3.31 0.0
1.0 3.66 3.34 0.0
1.0 3.48 3.52 0.0
1.0 3.27 3.73 0.0
1.0 3.45 3.55 0.0
1.0 3.59 3.41 0.0
1.0 3.57 3.43 0.0
1.0 3.4 3.6 0.0
1.0 3.62 3.38 0.0
1.0 3.77 3.23 0.0
1.0 3.32 3.68 0.0
1.0 3.32 3.68 0.0
1.0 3.39 3.61 0.0
1.0 3.59 3.41 0.0
1.0 3.47 3.53 0.0
1.0 3.46 3.54 0.0
1.0 3.66 3.34 0.0
1.0 3.58 3.42 0.0
1.0 3.3 3.7 0.0
1.0 3.42 3.58 0.0
1.0 3.4 3.6 0.0
1.0 3.55 3.45 0.0
1.0 3.5 3.5 0.0
1.0 3.83 3.17 0.0
1.0 3.57 3.43 0.0
1.0 3.69 3.31 0.0
1.0 3.44 3.56 0.0
1.0 3.63 3.37 0.0
1.0 3.66 3.34 0.0
1.0 3.53 3.47 0.0
1.0 3.2 3.8 0.0
1.0 3.37 3.63 0.0
1.0 3.41 3.59 0.0
1.0 3.5 3.5 0.0
1.0 3.5 3.5 0.0
1.0 3.59 3.41 0.0
1.0 3.78 3.22 0.0
1.0 3.44 3.56 0.0
1.0 3.58 3.42 0.0
1.0 3.15 3.85 0.0
1.0 3.5 3.5 0.0
1.0 4.08 2.92 0.0
1.0 3.46 3.54 0.0
1.0 3.48 3.52 0.0
1.0 3.71 3.29 0.0
1.0 3.45 3.55 0.0
1.0 3.59 3.41 0.0
1.0 3.4 3.6 0.0
1.0 3.55 3.45 0.0
1.0 3.57 3.43 0.0
1.0 3.62 3.38 0.0
1.0 3.44 3.56 0.0
1.0 3.55 3.45 0.0
1.0 3.64 3.36 0.0
1.0 3.54 3.46 0.0
1.0 3.5 3.5 0.0
1.0 3.42 3.58 0.0
1.0 3.0 4.0 0.0
1.0 3.52 3.48 0.0
1.0 3.53 3.47 0.0
1.0 3.58 3.42 0.0
1.0 3.6 3.4 0.0
1.0 3.69 3.31 0.0
1.0 3.56 3.44 0.0
1.0 3.54 3.46 0.0
1.0 3.31 3.69 0.0
1.0 3.29 3.71 0.0
1.0 3.51 3.49 0.0
1.0 3.57 3.43 0.0
1.0 3.45 3.55 0.0
1.0 3.55 3.45 0.0
1.0 3.45 3.55 0.0
1.0 3.58 3.42 0.0
1.0 3.47 3.53 0.0
1.0 3.58 3.42 0.0
1.0 3.54 3.46 0.0
1.0 3.45 3.55 0.0
1.0 3.49 3.51 0.0
1.0 3.76 3.24 0.0
1.0 3.53 3.47 0.0
1.0 3.36 3.64 0.0
1.0 3.35 3.65 0.0
1.0 3.44 3.56 0.0
1.0 3.46 3.54 0.0
1.0 3.2 3.8 0.0
1.0 3.71 3.29 0.0
1.0 3.58 3.42 0.0
1.0 3.23 3.77 0.0
1.0 3.32 3.68 0.0
1.0 3.37 3.63 0.0
1.0 3.75 3.25 0.0
1.0 3.58 3.42 0.0
1.0 3.46 3.54 0.0
1.0 3.41 3.59 0.0
1.0 3.07 3.93 0.0
1.0 3.82 3.18 0.0
1.0 3.86 3.14 0.0
1.0 3.71 3.29 0.0
1.0 3.43 3.57 0.0
1.0 3.57 3.43 0.0
1.0 3.64 3.36 0.0
1.0 3.4 3.6 0.0
1.0 3.42 3.58 0.0
1.0 3.68 3.32 0.0
1.0 3.33 3.67 0.0
1.0 3.39 3.61 0.0
1.0 3.47 3.53 0.0
1.0 3.52 3.48 0.0
1.0 3.42 3.58 0.0
1.0 3.61 3.39 0.0
1.0 3.75 3.25 0.0
1.0 3.43 3.57 0.0
1.0 3.76 3.24 0.0
1.0 3.66 3.34 0.0
1.0 3.72 3.28 0.0
1.0 3.01 3.99 0.0
1.0 3.57 3.43 0.0
1.0 3.54 3.46 0.0
1.0 3.31 3.69 0.0
1.0 3.56 3.44 0.0
1.0 3.43 3.57 0.0
1.0 3.69 3.31 0.0
1.0 4.06 2.94 0.0
1.0 3.42 3.58 0.0
1.0 3.83 3.17 0.0
1.0 3.39 3.61 0.0
1.0 3.15 3.85 0.0
1.0 3.34 3.66 0.0
1.0 3.43 3.57 0.0
1.0 3.23 3.77 0.0
1.0 3.93 3.07 0.0
1.0 3.37 3.63 0.0
1.0 3.46 3.54 0.0
1.0 3.12 3.88 0.0
1.0 3.65 3.35 0.0
1.0 3.6 3.4 0.0
1.0 3.68 3.32 0.0
1.0 3.82 3.18 0.0
1.0 3.77 3.23 0.0
1.0 3.47 3.53 0.0
1.0 3.61 3.39 0.0
1.0 3.66 3.34 0.0
1.0 3.06 3.94 0.0
1.0 3.53 3.47 0.0
1.0 3.82 3.18 0.0
1.0 3.55 3.45 0.0
1.0 3.66 3.34 0.0
1.0 3.17 3.83 0.0
1.0 3.67 3.33 0.0
1.0 3.6 3.4 0.0
1.0 3.37 3.63 0.0
1.0 3.61 3.39 0.0
1.0 3.25 3.75 0.0
1.0 3.64 3.36 0.0
1.0 3.74 3.26 0.0
1.0 3.44 3.56 0.0
1.0 3.47 3.53 0.0
1.0 3.34 3.66 0.0
1.0 3.44 3.56 0.0
1.0 3.33 3.67 0.0
1.0 3.37 3.63 0.0
1.0 3.25 3.75 0.0
1.0 3.35 3.65 0.0
1.0 3.55 3.45 0.0
1.0 3.83 3.17 0.0
1.0 3.6 3.4 0.0
1.0 3.36 3.64 0.0
1.0 3.24 3.76 0.0
1.0 3.66 3.34 0.0
1.0 3.46 3.54 0.0
1.0 3.93 3.07 0.0
1.0 3.42 3.58 0.0
1.0 3.5 3.5 0.0
1.0 3.97 3.03 0.0
1.0 3.47 3.53 0.0
1.0 3.49 3.51 0.0
1.0 3.53 3.47 0.0
1.0 3.62 3.38 0.0
1.0 3.43 3.57 0.0
1.0 3.33 3.67 0.0
1.0 3.5 3.5 0.0
1.0 3.36 3.64 0.0
1.0 3.34 3.66 0.0
1.0 3.23 3.77 0.0
1.0 3.63 3.37 0.0
1.0 3.6 3.4 0.0
1.0 3.63 3.37 0.0
1.0 3.56 3.44 0.0
1.0 3.52 3.48 0.0
1.0 3.58 3.42 0.0
1.0 3.68 3.32 0.0
1.0 3.55 3.45 0.0
1.0 3.4 3.6 0.0
1.0 3.43 3.57 0.0
1.0 3.63 3.37 0.0
1.0 3.61 3.39 0.0
1.0 3.5 3.5 0.0
1.0 3.65 3.35 0.0
1.0 3.47 3.53 0.0
1.0 3.69 3.31 0.0
1.0 3.64 3.36 0.0
1.0 3.7 3.3 0.0
1.0 3.57 3.43 0.0
1.0 3.57 3.43 0.0
1.0 3.58 3.42 0.0
1.0 3.49 3.51 0.0
1.0 3.56 3.44 0.0
1.0 3.65 3.35 0.0
1.0 3.57 3.43 0.0
1.0 3.52 3.48 0.0
1.0 3.29 3.71 0.0
1.0 3.37 3.63 0.0
1.0 3.45 3.55 0.0
1.0 3.58 3.42 0.0
1.0 3.57 3.43 0.0
1.0 3.52 3.48 0.0
1.0 3.29 3.71 0.0
1.0 3.62 3.38 0.0
1.0 3.17 3.83 0.0
1.0 3.71 3.29 0.0
1.0 3.48 3.52 0.0
1.0 3.39 3.61 0.0
1.0 3.41 3.59 0.0
1.0 3.44 3.56 0.0
1.0 3.43 3.57 0.0
1.0 3.37 3.63 0.0
1.0 3.69 3.31 0.0
1.0 3.47 3.53 0.0
1.0 3.39 3.61 0.0
1.0 3.31 3.69 0.0
1.0 3.31 3.69 0.0
1.0 3.81 3.19 0.0
1.0 3.48 3.52 0.0
1.0 3.36 3.64 0.0
1.0 2.9 4.1 0.0
1.0 3.38 3.62 0.0
1.0 3.61 3.39 0.0
1.0 3.25 3.75 0.0
1.0 3.49 3.51 0.0
1.0 3.61 3.39 0.0
1.0 3.38 3.62 0.0
1.0 3.66 3.34 0.0
1.0 3.6 3.4 0.0
1.0 3.79 3.21 0.0
1.0 3.72 3.28 0.0
1.0 3.67 3.33 0.0
1.0 3.22 3.78 0.0
1.0 3.56 3.44 0.0
1.0 3.59 3.41 0.0
1.0 3.44 3.56 0.0
1.0 3.79 3.21 0.0
1.0 3.72 3.28 0.0
1.0 3.81 3.19 0.0
1.0 3.62 3.38 0.0
1.0 3.54 3.46 0.0
1.0 3.27 3.73 0.0
1.0 3.5 3.5 0.0
1.0 3.27 3.73 0.0
1.0 3.62 3.38 0.0
1.0 3.52 3.48 0.0
1.0 3.48 3.52 0.0
1.0 3.54 3.46 0.0
1.0 3.27 3.73 0.0
1.0 3.31 3.69 0.0
1.0 3.97 3.03 0.0
1.0 3.38 3.62 0.0
1.0 3.54 3.46 0.0
1.0 3.51 3.49 0.0
1.0 3.45 3.55 0.0
1.0 3.6 3.4 0.0
1.0 3.94 3.06 0.0
1.0 3.47 3.53 0.0
1.0 3.44 3.56 0.0
1.0 3.54 3.46 0.0
1.0 3.42 3.58 0.0
1.0 3.26 3.74 0.0
1.0 3.28 3.72 0.0
1.0 3.53 3.47 0.0
1.0 3.06 3.94 0.0
1.0 3.54 3.46 0.0
1.0 3.3 3.7 0.0
1.0 3.61 3.39 0.0
1.0 3.29 3.71 0.0
1.0 3.13 3.87 0.0
1.0 3.47 3.53 0.0
1.0 3.35 3.65 0.0
1.0 3.27 3.73 0.0
1.0 3.79 3.21 0.0
1.0 3.17 3.83 0.0
1.0 3.47 3.53 0.0
1.0 3.34 3.66 0.0
1.0 3.34 3.66 0.0
1.0 3.21 3.79 0.0
1.0 3.22 3.78 0.0
1.0 3.65 3.35 0.0
1.0 3.42 3.58 0.0
1.0 3.38 3.62 0.0
1.0 3.32 3.68 0.0
1.0 3.67 3.33 0.0
1.0 3.41 3.59 0.0
1.0 3.54 3.46 0.0
1.0 3.85 3.15 0.0
1.0 3.77 3.23 0.0
1.0 3.26 3.74 0.0
1.0 3.57 3.43 0.0
1.0 3.24 3.76 0.0
1.0 3.77 3.23 0.0
1.0 3.44 3.56 0.0
1.0 3.69 3.31 0.0
1.0 3.69 3.31 0.0
1.0 3.82 3.18 0.0
1.0 3.22 3.78 0.0
1.0 3.65 3.35 0.0
1.0 3.62 3.38 0.0
1.0 3.46 3.54 0.0
1.0 3.41 3.59 0.0
1.0 3.45 3.55 0.0
1.0 3.59 3.41 0.0
1.0 3.38 3.62 0.0
1.0 3.53 3.47 0.0
1.0 3.7 3.3 0.0
1.0 3.7 3.3 0.0
1.0 3.25 3.75 0.0
1.0 3.45 3.55 0.0
1.0 3.66 3.34 0.0
1.0 3.72 3.28 0.0
1.0 3.47 3.53 0.0
1.0 3.51 3.49 0.0
1.0 3.22 3.78 0.0
1.0 3.51 3.49 0.0
1.0 3.25 3.75 0.0
1.0 3.22 3.78 0.0
1.0 3.36 3.64 0.0
1.0 3.57 3.43 0.0
1.0 3.43 3.57 0.0
1.0 3.14 3.86 0.0
1.0 3.72 3.28 0.0
1.0 3.78 3.22 0.0
1.0 3.44 3.56 0.0
1.0 3.69 3.31 0.0
1.0 3.94 3.06 0.0
1.0 3.42 3.58 0.0
1.0 3.17 3.83 0.0
1.0 3.61 3.39 0.0
1.0 3.43 3.57 0.0
1.0 3.64 3.36 0.0
1.0 3.68 3.32 0.0
1.0 3.18 3.82 0.0
1.0 3.33 3.67 0.0
1.0 3.47 3.53 0.0
1.0 3.44 3.56 0.0
1.0 3.29 3.71 0.0
1.0 3.72 3.28 0.0
1.0 3.62 3.38 0.0
1.0 3.71 3.29 0.0
1.0 3.87 3.13 0.0
1.0 3.6 3.4 0.0
1.0 3.5 3.5 0.0
1.0 3.79 3.21 0.0
1.0 3.37 3.63 0.0
1.0 3.36 3.64 0.0
1.0 3.26 3.74 0.0
1.0 3.62 3.38 0.0
1.0 3.51 3.49 0.0
1.0 3.23 3.77 0.0
1.0 3.24 3.76 0.0
1.0 3.6 3.4 0.0
1.0 3.46 3.54 0.0
1.0 3.25 3.75 0.0
1.0 3.42 3.58 0.0
1.0 3.23 3.77 0.0
1.0 3.25 3.75 0.0
1.0 3.55 3.45 0.0
1.0 3.38 3.62 0.0
1.0 3.8 3.2 0.0
1.0 3.53 3.47 0.0
1.0 3.9 3.1 0.0
1.0 3.48 3.52 0.0
1.0 3.29 3.71 0.0
1.0 3.33 3.67 0.0
1.0 3.67 3.33 0.0
1.0 3.64 3.36 0.0
1.0 3.4 3.6 0.0
1.0 3.49 3.51 0.0
1.0 3.71 3.29 0.0
1.0 3.62 3.38 0.0
1.0 3.58 3.42 0.0
1.0 3.34 3.66 0.0
1.0 3.5 3.5 0.0
1.0 3.46 3.54 0.0
1.0 3.28 3.72 0.0
1.0 3.6 3.4 0.0
1.0 3.57 3.43 0.0
1.0 3.33 3.67 0.0
1.0 3.21 3.79 0.0
1.0 3.6 3.4 0.0
1.0 3.4 3.6 0.0
1.0 3.85 3.15 0.0
1.0 3.33 3.67 0.0
1.0 3.59 3.41 0.0
1.0 3.56 3.44 0.0
1.0 3.43 3.57 0.0
1.0 3.71 3.29 0.0
1.0 3.37 3.63 0.0
1.0 3.52 3.48 0.0
1.0 3.43 3.57 0.0
1.0 3.72 3.28 0.0
1.0 3.49 3.51 0.0
1.0 3.44 3.56 0.0
1.0 3.53 3.47 0.0
1.0 3.5 3.5 0.0
1.0 3.5 3.5 0.0
1.0 3.4 3.6 0.0
1.0 3.39 3.61 0.0
1.0 3.34 3.66 0.0
1.0 3.55 3.45 0.0
1.0 3.29 3.71 0.0
1.0 3.11 3.89 0.0
1.0 3.47 3.53 0.0
1.0 3.53 3.47 0.0
1.0 3.3 3.7 0.0
1.0 3.6 3.4 0.0
1.0 3.34 3.66 0.0
1.0 3.36 3.64 0.0
1.0 3.71 3.29 0.0
1.0 3.63 3.37 0.0
1.0 3.54 3.46 0.0
1.0 3.45 3.55 0.0
1.0 3.51 3.49 0.0
1.0 3.37 3.63 0.0
1.0 3.68 3.32 0.0
1.0 3.56 3.44 0.0
1.0 3.6 3.4 0.0
1.0 3.25 3.75 0.0
1.0 3.25 3.75 0.0
1.0 3.31 3.69 0.0
1.0 3.55 3.45 0.0
1.0 3.36 3.64 0.0
1.0 3.55 3.45 0.0
1.0 3.35 3.65 0.0
1.0 3.39 3.61 0.0
1.0 3.5 3.5 0.0
1.0 3.58 3.42 0.0
1.0 3.6 3.4 0.0
1.0 3.52 3.48 0.0
1.0 3.48 3.52 0.0
1.0 3.56 3.44 0.0
1.0 3.58 3.42 0.0
1.0 3.33 3.67 0.0
1.0 3.26 3.74 0.0
1.0 3.4 3.6 0.0
1.0 3.4 3.6 0.0
1.0 3.75 3.25 0.0
1.0 3.5 3.5 0.0
1.0 3.46 3.54 0.0
1.0 3.69 3.31 0.0
1.0 3.69 3.31 0.0
1.0 3.5 3.5 0.0
1.0 3.67 3.33 0.0
1.0 3.36 3.64 0.0
1.0 3.91 3.09 0.0
1.0 3.8 3.2 0.0
1.0 3.44 3.56 0.0
1.0 3.17 3.83 0.0
1.0 3.43 3.57 0.0
1.0 3.67 3.33 0.0
1.0 3.48 3.52 0.0
1.0 3.4 3.6 0.0
1.0 3.49 3.51 0.0
1.0 3.24 3.76 0.0
1.0 3.28 3.72 0.0
1.0 3.04 3.96 0.0
1.0 3.34 3.66 0.0
1.0 3.51 3.49 0.0
1.0 3.57 3.43 0.0
1.0 3.36 3.64 0.0
1.0 3.81 3.19 0.0
1.0 3.47 3.53 0.0
1.0 3.35 3.65 0.0
1.0 3.53 3.47 0.0
1.0 3.41 3.59 0.0
1.0 3.54 3.46 0.0
1.0 3.48 3.52 0.0
1.0 3.48 3.52 0.0
1.0 3.48 3.52 0.0
1.0 3.6 3.4 0.0
1.0 3.24 3.76 0.0
1.0 3.45 3.55 0.0
1.0 3.74 3.26 0.0
1.0 3.8 3.2 0.0
1.0 3.31 3.69 0.0
1.0 3.41 3.59 0.0
1.0 3.5 3.5 0.0
1.0 3.2 3.8 0.0
1.0 3.68 3.32 0.0
1.0 3.43 3.57 0.0
1.0 3.53 3.47 0.0
1.0 3.38 3.62 0.0
1.0 3.51 3.49 0.0
1.0 3.38 3.62 0.0
1.0 3.55 3.45 0.0
1.0 3.55 3.45 0.0
1.0 3.52 3.48 0.0
1.0 3.41 3.59 0.0
1.0 3.54 3.46 0.0
1.0 3.42 3.58 0.0
1.0 3.06 3.94 0.0
1.0 3.16 3.84 0.0
1.0 3.82 3.18 0.0
1.0 3.55 3.45 0.0
1.0 3.48 3.52 0.0
1.0 3.38 3.62 0.0
1.0 3.29 3.71 0.0
1.0 3.49 3.51 0.0
1.0 3.02 3.98 0.0
1.0 3.63 3.37 0.0
1.0 3.35 3.65 0.0
1.0 3.35 3.65 0.0
1.0 3.46 3.54 0.0
1.0 3.47 3.53 0.0
1.0 3.31 3.69 0.0
1.0 3.54 3.46 0.0
1.0 3.48 3.52 0.0
1.0 3.52 3.48 0.0
1.0 3.42 3.58 0.0
1.0 3.36 3.64 0.0
1.0 3.66 3.34 0.0
1.0 3.41 3.59 0.0
1.0 3.42 3.58 0.0
1.0 3.49 3.51 0.0
1.0 3.68 3.32 0.0
1.0 3.59 3.41 0.0
1.0 3.58 3.42 0.0
1.0 3.33 3.67 0.0
1.0 3.32 3.68 0.0
1.0 3.39 3.61 0.0
1.0 3.46 3.54 0.0
1.0 3.47 3.53 0.0
1.0 3.19 3.81 0.0
1.0 3.44 3.56 0.0
1.0 3.28 3.72 0.0
1.0 3.55 3.45 0.0
1.0 3.43 3.57 0.0
1.0 3.37 3.63 0.0
1.0 3.77 3.23 0.0
1.0 3.3 3.7 0.0
1.0 3.49 3.51 0.0
1.0 3.16 3.84 0.0
1.0 3.24 3.76 0.0
1.0 3.62 3.38 0.0
1.0 3.37 3.63 0.0
1.0 3.34 3.66 0.0
1.0 3.58 3.42 0.0
1.0 3.52 3.48 0.0
1.0 3.42 3.58 0.0
1.0 3.56 3.44 0.0
1.0 3.52 3.48 0.0
1.0 3.29 3.71 0.0
1.0 3.53 3.47 0.0
1.0 3.32 3.68 0.0
1.0 3.55 3.45 0.0
1.0 3.74 3.26 0.0
1.0 3.35 3.65 0.0
1.0 3.68 3.32 0.0
1.0 3.5 3.5 0.0
1.0 3.82 3.18 0.0
1.0 3.44 3.56 0.0
1.0 3.29 3.71 0.0
1.0 3.45 3.55 0.0
1.0 3.47 3.53 0.0
1.0 3.71 3.29 0.0
1.0 3.32 3.68 0.0
1.0 3.59 3.41 0.0
1.0 3.4 3.6 0.0
1.0 3.52 3.48 0.0
1.0 3.64 3.36 0.0
1.0 3.39 3.61 0.0
1.0 3.33 3.67 0.0
1.0 3.61 3.39 0.0
1.0 3.37 3.63 0.0
1.0 3.4 3.6 0.0
1.0 3.61 3.39 0.0
1.0 3.62 3.38 0.0
1.0 3.53 3.47 0.0
1.0 3.35 3.65 0.0
1.0 3.49 3.51 0.0
1.0 3.42 3.58 0.0
1.0 3.35 3.65 0.0
1.0 3.24 3.76 0.0
1.0 3.5 3.5 0.0
1.0 3.35 3.65 0.0
1.0 3.33 3.67 0.0
1.0 3.38 3.62 0.0
1.0 3.36 3.64 0.0
1.0 3.5 3.5 0.0
1.0 3.31 3.69 0.0
1.0 3.47 3.53 0.0
1.0 3.82 3.18 0.0
1.0 3.62 3.38 0.0
1.0 3.53 3.47 0.0
1.0 3.05 3.95 0.0
1.0 3.47 3.53 0.0
1.0 3.3 3.7 0.0
1.0 3.54 3.46 0.0
1.0 3.66 3.34 0.0
1.0 3.34 3.66 0.0
1.0 3.64 3.36 0.0
1.0 3.18 3.82 0.0
1.0 3.41 3.59 0.0
1.0 3.55 3.45 0.0
1.0 3.33 3.67 0.0
1.0 3.67 3.33 0.0
1.0 3.48 3.52 0.0
1.0 3.56 3.44 0.0
1.0 3.47 3.53 0.0
1.0 3.22 3.78 0.0
1.0 3.55 3.45 0.0
1.0 3.62 3.38 0.0
1.0 3.54 3.46 0.0
1.0 3.47 3.53 0.0
1.0 3.64 3.36 0.0
1.0 3.65 3.35 0.0
1.0 3.34 3.66 0.0
1.0 3.43 3.57 0.0
1.0 3.55 3.45 0.0
1.0 3.59 3.41 0.0
1.0 3.72 3.28 0.0
1.0 3.49 3.51 0.0
1.0 3.65 3.35 0.0
1.0 3.27 3.73 0.0
1.0 3.4 3.6 0.0
1.0 3.55 3.45 0.0
1.0 3.32 3.68 0.0
1.0 3.56 3.44 0.0
1.0 3.54 3.46 0.0
1.0 3.75 3.25 0.0
1.0 3.63 3.37 0.0
1.0 3.5 3.5 0.0
1.0 3.3 3.7 0.0
1.0 3.36 3.64 0.0
1.0 3.39 3.61 0.0
1.0 3.73 3.27 0.0
1.0 3.27 3.73 0.0
1.0 3.4 3.6 0.0
1.0 3.58 3.42 0.0
1.0 3.77 3.23 0.0
1.0 3.42 3.58 0.0
1.0 3.47 3.53 0.0
1.0 3.74 3.26 0.0
1.0 3.35 3.65 0.0
1.0 3.43 3.57 0.0
1.0 3.33 3.67 0.0
1.0 3.37 3.63 0.0
1.0 3.4 3.6 0.0
1.0 3.38 3.62 0.0
1.0 3.29 3.71 0.0
1.0 3.28 3.72 0.0
1.0 3.45 3.55 0.0
1.0 3.52 3.48 0.0
1.0 3.33 3.67 0.0
1.0 3.53 3.47 0.0
1.0 3.53 3.47 0.0
1.0 3.42 3.58 0.0
1.0 3.54 3.46 0.0
1.0 3.62 3.38 0.0
1.0 3.37 3.63 0.0
1.0 3.92 3.08 0.0
1.0 3.24 3.76 0.0
1.0 3.43 3.57 0.0
1.0 3.5 3.5 0.0
1.0 3.53 3.47 0.0
1.0 3.26 3.74 0.0
1.0 3.46 3.54 0.0
1.0 3.32 3.68 0.0
1.0 3.6 3.4 0.0
1.0 3.29 3.71 0.0
1.0 3.68 3.32 0.0
1.0 3.34 3.66 0.0
1.0 3.5 3.5 0.0
1.0 3.82 3.18 0.0
1.0 3.36 3.64 0.0
1.0 3.53 3.47 0.0
1.0 3.27 3.73 0.0
1.0 3.97 3.03 0.0
1.0 3.62 3.38 0.0
1.0 3.43 3.57 0.0
1.0 3.62 3.38 0.0
1.0 3.59 3.41 0.0
1.0 3.38 3.62 0.0
1.0 3.68 3.32 0.0
1.0 3.36 3.64 0.0
1.0 3.74 3.26 0.0
1.0 3.41 3.59 0.0
1.0 3.71 3.29 0.0
1.0 3.52 3.48 0.0
1.0 3.66 3.34 0.0
1.0 3.43 3.57 0.0
1.0 3.54 3.46 0.0
1.0 3.84 3.16 0.0
1.0 3.17 3.83 0.0
1.0 3.55 3.45 0.0
1.0 3.48 3.52 0.0
1.0 3.52 3.48 0.0
1.0 3.68 3.32 0.0
1.0 3.55 3.45 0.0
1.0 3.55 3.45 0.0
1.0 3.26 3.74 0.0
1.0 3.67 3.33 0.0
1.0 3.72 3.28 0.0
1.0 3.37 3.63 0.0
1.0 3.63 3.37 0.0
1.0 3.76 3.24 0.0
1.0 3.37 3.63 0.0
1.0 3.54 3.46 0.0
1.0 3.37 3.63 0.0
1.0 3.47 3.53 0.0
1.0 3.41 3.59 0.0
1.0 3.55 3.45 0.0
1.0 3.75 3.25 0.0
1.0 3.49 3.51 0.0
1.0 3.37 3.63 0.0
1.0 3.35 3.65 0.0
1.0 3.47 3.53 0.0
1.0 3.22 3.78 0.0
1.0 3.35 3.65 0.0
1.0 3.74 3.26 0.0
1.0 3.62 3.38 0.0
1.0 3.64 3.36 0.0
1.0 3.43 3.57 0.0
1.0 3.77 3.23 0.0
1.0 3.67 3.33 0.0
1.0 3.7 3.3 0.0
1.0 3.82 3.18 0.0
1.0 3.71 3.29 0.0
1.0 3.47 3.53 0.0
1.0 3.34 3.66 0.0
1.0 3.39 3.61 0.0
1.0 3.57 3.43 0.0
1.0 3.7 3.3 0.0
1.0 3.56 3.44 0.0
1.0 3.46 3.54 0.0
1.0 3.09 3.91 0.0
1.0 3.85 3.15 0.0
1.0 3.43 3.57 0.0
1.0 3.34 3.66 0.0
1.0 3.56 3.44 0.0
1.0 3.53 3.47 0.0
1.0 3.25 3.75 0.0
1.0 3.43 3.57 0.0
1.0 3.42 3.58 0.0
1.0 3.92 3.08 0.0
1.0 3.13 3.87 0.0
1.0 3.51 3.49 0.0
1.0 3.48 3.52 0.0
1.0 3.3 3.7 0.0
1.0 3.41 3.59 0.0
1.0 3.61 3.39 0.0
1.0 3.48 3.52 0.0
1.0 3.47 3.53 0.0
1.0 3.46 3.54 0.0
1.0 3.63 3.37 0.0
1.0 3.83 3.17 0.0
1.0 3.73 3.27 0.0
1.0 3.43 3.57 0.0
1.0 3.39 3.61 0.0
1.0 3.24 3.76 0.0
1.0 3.59 3.41 0.0
1.0 3.79 3.21 0.0
1.0 4.21 2.79 0.0
1.0 3.32 3.68 0.0
1.0 3.16 3.84 0.0
1.0 3.38 3.62 0.0
1.0 3.62 3.38 0.0
1.0 3.52 3.48 0.0
1.0 3.58 3.42 0.0
1.0 3.65 3.35 0.0
1.0 3.53 3.47 0.0
1.0 3.83 3.17 0.0
1.0 3.56 3.44 0.0
1.0 3.77 3.23 0.0
1.0 3.23 3.77 0.0
1.0 3.49 3.51 0.0
1.0 3.44 3.56 0.0
1.0 3.45 3.55 0.0
1.0 3.4 3.6 0.0
1.0 3.42 3.58 0.0
1.0 3.33 3.67 0.0
1.0 3.58 3.42 0.0
1.0 3.72 3.28 0.0
1.0 3.52 3.48 0.0
1.0 3.63 3.37 0.0
1.0 3.18 3.82 0.0
1.0 3.83 3.17 0.0
1.0 3.56 3.44 0.0
1.0 3.74 3.26 0.0
1.0 3.65 3.35 0.0
1.0 3.69 3.31 0.0
1.0 3.35 3.65 0.0
1.0 3.63 3.37 0.0
1.0 3.45 3.55 0.0
1.0 3.33 3.67 0.0
1.0 3.26 3.74 0.0
1.0 3.36 3.64 0.0
1.0 3.42 3.58 0.0
1.0 3.4 3.6 0.0
1.0 3.48 3.52 0.0
1.0 3.47 3.53 0.0
1.0 3.44 3.56 0.0
1.0 3.57 3.43 0.0
1.0 3.26 3.74 0.0
1.0 3.54 3.46 0.0
1.0 3.13 3.87 0.0
1.0 3.64 3.36 0.0
1.0 3.48 3.52 0.0
1.0 3.77 3.23 0.0
1.0 3.66 3.34 0.0
1.0 3.53 3.47 0.0
1.0 3.38 3.62 0.0
1.0 3.39 3.61 0.0
1.0 3.28 3.72 0.0
1.0 3.68 3.32 0.0
1.0 3.52 3.48 0.0
1.0 3.47 3.53 0.0
1.0 3.51 3.49 0.0
1.0 3.6 3.4 0.0
1.0 3.45 3.55 0.0
1.0 3.22 3.78 0.0
1.0 3.51 3.49 0.0
1.0 3.55 3.45 0.0
1.0 3.28 3.72 0.0
1.0 3.47 3.53 0.0
1.0 3.42 3.58 0.0
1.0 3.57 3.43 0.0
1.0 3.43 3.57 0.0
1.0 3.39 3.61 0.0
1.0 3.33 3.67 0.0
1.0 3.64 3.36 0.0
1.0 3.98 3.02 0.0
1.0 3.38 3.62 0.0
1.0 3.57 3.43 0.0
1.0 3.55 3.45 0.0
1.0 3.79 3.21 0.0
1.0 3.46 3.54 0.0
1.0 3.5 3.5 0.0
1.0 3.59 3.41 0.0
1.0 3.49 3.51 0.0
1.0 3.4 3.6 0.0
1.0 3.62 3.38 0.0
1.0 3.51 3.49 0.0
1.0 3.47 3.53 0.0
1.0 3.62 3.38 0.0
1.0 3.45 3.55 0.0
1.0 3.49 3.51 0.0
1.0 3.45 3.55 0.0
1.0 3.1 3.9 0.0
1.0 3.51 3.49 0.0
1.0 3.52 3.48 0.0
1.0 3.32 3.68 0.0
1.0 3.44 3.56 0.0
1.0 3.36 3.64 0.0
1.0 3.6 3.4 0.0
1.0 3.34 3.66 0.0
1.0 3.59 3.41 0.0
1.0 3.77 3.23 0.0
1.0 3.28 3.72 0.0
1.0 3.56 3.44 0.0
1.0 3.6 3.4 0.0
1.0 3.53 3.47 0.0
1.0 3.49 3.51 0.0
1.0 3.37 3.63 0.0
1.0 3.61 3.39 0.0
1.0 3.76 3.24 0.0
1.0 3.44 3.56 0.0
1.0 3.75 3.25 0.0
1.0 3.29 3.71 0.0
1.0 3.73 3.27 0.0
1.0 3.42 3.58 0.0
1.0 3.64 3.36 0.0
1.0 3.3 3.7 0.0
1.0 3.31 3.69 0.0
1.0 3.77 3.23 0.0
1.0 3.38 3.62 0.0
1.0 3.49 3.51 0.0
1.0 3.53 3.47 0.0
1.0 3.29 3.71 0.0
1.0 3.35 3.65 0.0
1.0 3.39 3.61 0.0
1.0 3.62 3.38 0.0
1.0 3.65 3.35 0.0
1.0 3.46 3.54 0.0
1.0 3.63 3.37 0.0
1.0 3.32 3.68 0.0
1.0 3.69 3.31 0.0
1.0 3.7 3.3 0.0
1.0 3.46 3.54 0.0
1.0 3.57 3.43 0.0
1.0 3.58 3.42 0.0
1.0 3.58 3.42 0.0
1.0 3.63 3.37 0.0
1.0 3.49 3.51 0.0
1.0 3.5 3.5 0.0
1.0 3.48 3.52 0.0
1.0 3.52 3.48 0.0
1.0 3.29 3.71 0.0
1.0 3.6 3.4 0.0
1.0 3.28 3.72 0.0
1.0 3.59 3.41 0.0
1.0 3.33 3.67 0.0
1.0 3.47 3.53 0.0
1.0 3.63 3.37 0.0
1.0 3.65 3.35 0.0
1.0 3.59 3.41 0.0
1.0 3.55 3.45 0.0
1.0 3.16 3.84 0.0
1.0 3.57 3.43 0.0
1.0 3.41 3.59 0.0
1.0 3.42 3.58 0.0
1.0 3.75 3.25 0.0
1.0 3.45 3.55 0.0
1.0 3.57 3.43 0.0
1.0 3.45 3.55 0.0
1.0 3.67 3.33 0.0
1.0 3.72 3.28 0.0
1.0 3.47 3.53 0.0
1.0 3.35 3.65 0.0
1.0 3.39 3.61 0.0
1.0 3.31 3.69 0.0
1.0 3.61 3.39 0.0
1.0 3.56 3.44 0.0
1.0 3.16 3.84 0.0
1.0 3.53 3.47 0.0
1.0 3.59 3.41 0.0
1.0 3.31 3.69 0.0
1.0 3.36 3.64 0.0
1.0 3.81 3.19 0.0
1.0 3.68 3.32 0.0
1.0 3.05 3.95 0.0
1.0 3.71 3.29 0.0
1.0 3.53 3.47 0.0
1.0 3.55 3.45 0.0
1.0 3.61 3.39 0.0
1.0 3.36 3.64 0.0
1.0 3.51 3.49 0.0
1.0 3.67 3.33 0.0
1.0 3.29 3.71 0.0
1.0 3.51 3.49 0.0
1.0 3.77 3.23 0.0
1.0 3.69 3.31 0.0
1.0 3.43 3.57 0.0
1.0 3.36 3.64 0.0
1.0 3.39 3.61 0.0
1.0 3.43 3.57 0.0
1.0 3.31 3.69 0.0
1.0 3.56 3.44 0.0
1.0 3.46 3.54 0.0
1.0 3.58 3.42 0.0
1.0 3.56 3.44 0.0
1.0 3.24 3.76 0.0
1.0 3.28 3.72 0.0
1.0 3.6 3.4 0.0
1.0 3.54 3.46 0.0
1.0 3.38 3.62 0.0
1.0 3.7 3.3 0.0
1.0 3.28 3.72 0.0
1.0 3.46 3.54 0.0
1.0 3.28 3.72 0.0
1.0 3.49 3.51 0.0
1.0 3.39 3.61 0.0
1.0 3.61 3.39 0.0
1.0 3.88 3.12 0.0
1.0 3.45 3.55 0.0
1.0 3.55 3.45 0.0
1.0 3.65 3.35 0.0
1.0 3.53 3.47 0.0
1.0 3.44 3.56 0.0
1.0 3.63 3.37 0.0
1.0 3.44 3.56 0.0
1.0 3.4 3.6 0.0
1.0 3.62 3.38 0.0
1.0 3.3 3.7 0.0
1.0 3.58 3.42 0.0
1.0 3.26 3.74 0.0
1.0 3.42 3.58 0.0
1.0 3.87 3.13 0.0
1.0 3.64 3.36 0.0
1.0 3.5 3.5 0.0
1.0 3.81 3.19 0.0
1.0 3.4 3.6 0.0
1.0 3.4 3.6 0.0
1.0 3.31 3.69 0.0
1.0 3.5 3.5 0.0
1.0 3.41 3.59 0.0
1.0 3.48 3.52 0.0
1.0 3.59 3.41 0.0
1.0 3.49 3.51 0.0
1.0 3.5 3.5 0.0
1.0 3.95 3.05 0.0
1.0 3.6 3.4 0.0
1.0 3.4 3.6 0.0
1.0 3.67 3.33 0.0
1.0 3.28 3.72 0.0
1.0 3.61 3.39 0.0
1.0 3.55 3.45 0.0
1.0 3.66 3.34 0.0
1.0 3.44 3.56 0.0
1.0 3.5 3.5 0.0
1.0 3.88 3.12 0.0
1.0 3.72 3.28 0.0
1.0 3.43 3.57 0.0
1.0 3.47 3.53 0.0
1.0 3.28 3.72 0.0
1.0 3.5 3.5 0.0
1.0 3.32 3.68 0.0
1.0 3.51 3.49 0.0
1.0 3.56 3.44 0.0
1.0 3.52 3.48 0.0
1.0 3.31 3.69 0.0
1.0 3.32 3.68 0.0
1.0 3.59 3.41 0.0
1.0 3.33 3.67 0.0
1.0 3.35 3.65 0.0
1.0 3.81 3.19 0.0
1.0 3.58 3.42 0.0
1.0 3.52 3.48 0.0
1.0 3.72 3.28 0.0
1.0 3.27 3.73 0.0
1.0 3.17 3.83 0.0
1.0 3.55 3.45 0.0
1.0 3.27 3.73 0.0
1.0 3.45 3.55 0.0
1.0 3.62 3.38 0.0
1.0 3.23 3.77 0.0
1.0 3.41 3.59 0.0
1.0 3.37 3.63 0.0
1.0 3.47 3.53 0.0
1.0 3.22 3.78 0.0
1.0 3.37 3.63 0.0
1.0 3.33 3.67 0.0
1.0 3.18 3.82 0.0
1.0 3.49 3.51 0.0
1.0 3.61 3.39 0.0
1.0 3.38 3.62 0.0
1.0 3.41 3.59 0.0
1.0 3.67 3.33 0.0
1.0 3.51 3.49 0.0
1.0 3.61 3.39 0.0
1.0 3.97 3.03 0.0
1.0 3.33 3.67 0.0
1.0 3.37 3.63 0.0
1.0 3.21 3.79 0.0
1.0 3.43 3.57 0.0
1.0 3.53 3.47 0.0
1.0 3.51 3.49 0.0
1.0 3.6 3.4 0.0
1.0 3.75 3.25 0.0
1.0 3.58 3.42 0.0
1.0 3.51 3.49 0.0
1.0 3.44 3.56 0.0
1.0 3.79 3.21 0.0
1.0 3.5 3.5 0.0
1.0 3.15 3.85 0.0
1.0 3.44 3.56 0.0
1.0 3.5 3.5 0.0
1.0 3.52 3.48 0.0
1.0 3.57 3.43 0.0
1.0 3.51 3.49 0.0
1.0 3.55 3.45 0.0
1.0 3.37 3.63 0.0
1.0 3.13 3.87 0.0
1.0 3.43 3.57 0.0
1.0 3.48 3.52 0.0
1.0 3.65 3.35 0.0
1.0 3.84 3.16 0.0
1.0 3.46 3.54 0.0
1.0 3.82 3.18 0.0
1.0 3.74 3.26 0.0
1.0 3.51 3.49 0.0
1.0 3.34 3.66 0.0
1.0 3.55 3.45 0.0
1.0 3.56 3.44 0.0
1.0 3.5 3.5 0.0
1.0 3.48 3.52 0.0
1.0 3.33 3.67 0.0
1.0 3.49 3.51 0.0
1.0 3.56 3.44 0.0
1.0 3.25 3.75 0.0
1.0 3.44 3.56 0.0
1.0 3.71 3.29 0.0
1.0 3.4 3.6 0.0
1.0 3.56 3.44 0.0
1.0 3.23 3.77 0.0
1.0 3.44 3.56 0.0
1.0 3.34 3.66 0.0
1.0 3.48 3.52 0.0
1.0 3.58 3.42 0.0
1.0 3.85 3.15 0.0
1.0 3.5 3.5 0.0
1.0 3.44 3.56 0.0
1.0 3.72 3.28 0.0
1.0 3.57 3.43 0.0
1.0 3.59 3.41 0.0
1.0 3.54 3.46 0.0
1.0 3.77 3.23 0.0
1.0 3.34 3.66 0.0
1.0 3.52 3.48 0.0
1.0 3.52 3.48 0.0
1.0 3.62 3.38 0.0
1.0 3.32 3.68 0.0
1.0 3.31 3.69 0.0
1.0 3.74 3.26 0.0
1.0 3.39 3.61 0.0
1.0 3.37 3.63 0.0
1.0 3.7 3.3 0.0
1.0 3.65 3.35 0.0
1.0 3.41 3.59 0.0
1.0 3.35 3.65 0.0
1.0 3.45 3.55 0.0
1.0 3.47 3.53 0.0
1.0 3.46 3.54 0.0
1.0 3.48 3.52 0.0
1.0 3.63 3.37 0.0
1.0 3.26 3.74 0.0
1.0 3.51 3.49 0.0
1.0 3.73 3.27 0.0
1.0 3.27 3.73 0.0
1.0 3.68 3.32 0.0
1.0 3.51 3.49 0.0
1.0 3.81 3.19 0.0
1.0 3.47 3.53 0.0
1.0 3.49 3.51 0.0
1.0 3.18 3.82 0.0
1.0 3.63 3.37 0.0
1.0 3.46 3.54 0.0
1.0 3.56 3.44 0.0
1.0 3.65 3.35 0.0
1.0 3.42 3.58 0.0
1.0 3.79 3.21 0.0
1.0 3.57 3.43 0.0
1.0 3.72 3.28 0.0
1.0 3.5 3.5 0.0
1.0 3.59 3.41 0.0
1.0 3.3 3.7 0.0
1.0 3.88 3.12 0.0
1.0 3.18 3.82 0.0
1.0 3.69 3.31 0.0
1.0 3.77 3.23 0.0
1.0 3.72 3.28 0.0
1.0 3.73 3.27 0.0
1.0 3.58 3.42 0.0
1.0 3.43 3.57 0.0
1.0 3.6 3.4 0.0
1.0 3.74 3.26 0.0
1.0 3.4 3.6 0.0
1.0 3.31 3.69 0.0
1.0 3.39 3.61 0.0
1.0 3.7 3.3 0.0
1.0 3.59 3.41 0.0
1.0 3.24 3.76 0.0
1.0 3.3 3.7 0.0
1.0 3.82 3.18 0.0
1.0 3.71 3.29 0.0
1.0 3.39 3.61 0.0
1.0 3.51 3.49 0.0
1.0 3.54 3.46 0.0
1.0 3.67 3.33 0.0
1.0 3.42 3.58 0.0
1.0 3.16 3.84 0.0
1.0 3.58 3.42 0.0
1.0 3.49 3.51 0.0
1.0 3.27 3.73 0.0
1.0 3.76 3.24 0.0
1.0 3.45 3.55 0.0
1.0 3.48 3.52 0.0
1.0 3.63 3.37 0.0
1.0 3.58 3.42 0.0
1.0 3.56 3.44 0.0
1.0 3.36 3.64 0.0
1.0 3.59 3.41 0.0
1.0 3.49 3.51 0.0
1.0 3.56 3.44 0.0
1.0 3.47 3.53 0.0
1.0 3.26 3.74 0.0
1.0 3.59 3.41 0.0
1.0 3.55 3.45 0.0
1.0 3.44 3.56 0.0
1.0 3.36 3.64 0.0
1.0 3.61 3.39 0.0
1.0 3.44 3.56 0.0
1.0 3.61 3.39 0.0
1.0 3.65 3.35 0.0
1.0 3.37 3.63 0.0
1.0 3.43 3.57 0.0
1.0 3.71 3.29 0.0
1.0 3.15 3.85 0.0
1.0 3.52 3.48 0.0
1.0 3.76 3.24 0.0
1.0 3.3 3.7 0.0
1.0 3.47 3.53 0.0
1.0 3.49 3.51 0.0
1.0 3.39 3.61 0.0
1.0 3.62 3.38 0.0
1.0 3.36 3.64 0.0
1.0 3.7 3.3 0.0
1.0 3.49 3.51 0.0
1.0 3.68 3.32 0.0
1.0 3.49 3.51 0.0
1.0 3.4 3.6 0.0
1.0 3.17 3.83 0.0
1.0 3.33 3.67 0.0
1.0 3.6 3.4 0.0
1.0 3.48 3.52 0.0
1.0 3.49 3.51 0.0
1.0 3.68 3.32 0.0
1.0 3.36 3.64 0.0
1.0 3.55 3.45 0.0
1.0 3.39 3.61 0.0
1.0 3.26 3.74 0.0
1.0 3.66 3.34 0.0
1.0 3.49 3.51 0.0
1.0 3.51 3.49 0.0
1.0 3.39 3.61 0.0
1.0 3.58 3.42 0.0
1.0 3.63 3.37 0.0
1.0 3.37 3.63 0.0
1.0 3.7 3.3 0.0
1.0 3.27 3.73 0.0
1.0 3.77 3.23 0.0
1.0 3.63 3.37 0.0
1.0 3.68 3.32 0.0
1.0 3.36 3.64 0.0
1.0 3.41 3.59 0.0
1.0 3.42 3.58 0.0
1.0 3.7 3.3 0.0
1.0 3.43 3.57 0.0
1.0 3.31 3.69 0.0
1.0 3.5 3.5 0.0
1.0 3.31 3.69 0.0
1.0 3.54 3.46 0.0
1.0 3.55 3.45 0.0
1.0 3.65 3.35 0.0
1.0 3.78 3.22 0.0
1.0 3.49 3.51 0.0
1.0 3.62 3.38 0.0
1.0 3.36 3.64 0.0
1.0 3.54 3.46 0.0
1.0 3.67 3.33 0.0
1.0 3.5 3.5 0.0
1.0 3.5 3.5 0.0
1.0 3.77 3.23 0.0
1.0 3.54 3.46 0.0
1.0 3.37 3.63 0.0
1.0 3.16 3.84 0.0
1.0 3.19 3.81 0.0
1.0 3.67 3.33 0.0
1.0 3.75 3.25 0.0
1.0 3.42 3.58 0.0
1.0 3.54 3.46 0.0
1.0 3.17 3.83 0.0
1.0 3.45 3.55 0.0
1.0 3.58 3.42 0.0
1.0 3.65 3.35 0.0
1.0 3.43 3.57 0.0
1.0 3.85 3.15 0.0
1.0 3.68 3.32 0.0
1.0 3.47 3.53 0.0
1.0 3.49 3.51 0.0
1.0 3.49 3.51 0.0
1.0 3.15 3.85 0.0
1.0 3.52 3.48 0.0
1.0 3.3 3.7 0.0
1.0 3.5 3.5 0.0
1.0 3.23 3.77 0.0
1.0 3.68 3.32 0.0
1.0 3.76 3.24 0.0
1.0 3.43 3.57 0.0
1.0 3.15 3.85 0.0
1.0 3.62 3.38 0.0
1.0 3.46 3.54 0.0
1.0 3.53 3.47 0.0
1.0 3.33 3.67 0.0
1.0 3.39 3.61 0.0
1.0 3.45 3.55 0.0
1.0 3.55 3.45 0.0
1.0 3.61 3.39 0.0
1.0 3.69 3.31 0.0
1.0 3.71 3.29 0.0
1.0 3.56 3.44 0.0
1.0 3.6 3.4 0.0
1.0 3.2 3.8 0.0
1.0 3.67 3.33 0.0
1.0 3.4 3.6 0.0
1.0 3.53 3.47 0.0
1.0 3.74 3.26 0.0
1.0 3.79 3.21 0.0
1.0 3.4 3.6 0.0
1.0 4.08 2.92 0.0
1.0 3.44 3.56 0.0
1.0 3.43 3.57 0.0
1.0 3.47 3.53 0.0
1.0 3.58 3.42 0.0
1.0 3.58 3.42 0.0
1.0 3.66 3.34 0.0
1.0 3.47 3.53 0.0
1.0 3.48 3.52 0.0
1.0 2.99 4.01 0.0
1.0 3.36 3.64 0.0
1.0 3.53 3.47 0.0
1.0 3.48 3.52 0.0
1.0 3.72 3.28 0.0
1.0 3.53 3.47 0.0
1.0 3.01 3.99 0.0
1.0 3.57 3.43 0.0
1.0 3.41 3.59 0.0
1.0 3.79 3.21 0.0
1.0 3.67 3.33 0.0
1.0 3.34 3.66 0.0
1.0 3.47 3.53 0.0
1.0 3.83 3.17 0.0
1.0 3.43 3.57 0.0
1.0 3.58 3.42 0.0
1.0 3.64 3.36 0.0
1.0 3.29 3.71 0.0
1.0 3.63 3.37 0.0
1.0 3.83 3.17 0.0
1.0 3.4 3.6 0.0
1.0 3.55 3.45 0.0
1.0 3.5 3.5 0.0
1.0 3.36 3.64 0.0
1.0 3.63 3.37 0.0
1.0 3.7 3.3 0.0
1.0 3.66 3.34 0.0
1.0 3.56 3.44 0.0
1.0 3.73 3.27 0.0
1.0 3.49 3.51 0.0
1.0 3.75 3.25 0.0
1.0 3.69 3.31 0.0
1.0 3.48 3.52 0.0
1.0 3.44 3.56 0.0
1.0 3.46 3.54 0.0
1.0 3.81 3.19 0.0
1.0 3.43 3.57 0.0
1.0 3.3 3.7 0.0
1.0 3.57 3.43 0.0
1.0 3.62 3.38 0.0
1.0 3.95 3.05 0.0
1.0 3.47 3.53 0.0
1.0 3.45 3.55 0.0
1.0 3.58 3.42 0.0
1.0 3.25 3.75 0.0
1.0 3.35 3.65 0.0
1.0 3.84 3.16 0.0
1.0 3.52 3.48 0.0
1.0 3.89 3.11 0.0
1.0 3.58 3.42 0.0
1.0 3.38 3.62 0.0
1.0 3.37 3.63 0.0
1.0 3.68 3.32 0.0
1.0 3.51 3.49 0.0
1.0 3.39 3.61 0.0
1.0 3.4 3.6 0.0
1.0 3.51 3.49 0.0
1.0 3.47 3.53 0.0
1.0 3.45 3.55 0.0
1.0 3.43 3.57 0.0
1.0 3.4 3.6 0.0
1.0 3.58 3.42 0.0
1.0 3.71 3.29 0.0
1.0 3.62 3.38 0.0
1.0 3.01 3.99 0.0
1.0 3.34 3.66 0.0
1.0 3.66 3.34 0.0
1.0 3.4 3.6 0.0
1.0 3.41 3.59 0.0
1.0 3.25 3.75 0.0
1.0 3.77 3.23 0.0
1.0 3.24 3.76 0.0
1.0 3.5 3.5 0.0
1.0 3.54 3.46 0.0
1.0 3.61 3.39 0.0
1.0 3.44 3.56 0.0
1.0 3.56 3.44 0.0
1.0 3.71 3.29 0.0
1.0 3.4 3.6 0.0
1.0 3.74 3.26 0.0
1.0 3.38 3.62 0.0
1.0 3.17 3.83 0.0
1.0 3.59 3.41 0.0
1.0 3.38 3.62 0.0
1.0 3.35 3.65 0.0
1.0 3.7 3.3 0.0
1.0 3.55 3.45 0.0
1.0 3.28 3.72 0.0
1.0 3.14 3.86 0.0
1.0 3.66 3.34 0.0
1.0 3.62 3.38 0.0
1.0 3.47 3.53 0.0
1.0 3.4 3.6 0.0
1.0 3.47 3.53 0.0
1.0 2.96 4.04 0.0
1.0 3.19 3.81 0.0
1.0 3.49 3.51 0.0
1.0 3.56 3.44 0.0
1.0 3.63 3.37 0.0
1.0 3.53 3.47 0.0
1.0 3.37 3.63 0.0
1.0 3.08 3.92 0.0
1.0 3.36 3.64 0.0
1.0 3.68 3.32 0.0
1.0 3.44 3.56 0.0
1.0 3.21 3.79 0.0
1.0 3.49 3.51 0.0
1.0 3.55 3.45 0.0
1.0 3.66 3.34 0.0
1.0 3.13 3.87 0.0
1.0 3.3 3.7 0.0
1.0 3.55 3.45 0.0
1.0 3.33 3.67 0.0
1.0 3.24 3.76 0.0
1.0 3.54 3.46 0.0
1.0 3.48 3.52 0.0
1.0 3.43 3.57 0.0
1.0 3.57 3.43 0.0
1.0 3.72 3.28 0.0
1.0 3.58 3.42 0.0
1.0 3.15 3.85 0.0
1.0 3.47 3.53 0.0
1.0 3.42 3.58 0.0
1.0 3.6 3.4 0.0
1.0 3.44 3.56 0.0
1.0 3.71 3.29 0.0
1.0 3.16 3.84 0.0
1.0 3.63 3.37 0.0
1.0 3.43 3.57 0.0
1.0 3.81 3.19 0.0
1.0 3.37 3.63 0.0
1.0 3.4 3.6 0.0
1.0 3.48 3.52 0.0
1.0 3.62 3.38 0.0
1.0 3.78 3.22 0.0
1.0 3.59 3.41 0.0
1.0 3.34 3.66 0.0
1.0 3.35 3.65 0.0
1.0 3.86 3.14 0.0
1.0 3.53 3.47 0.0
1.0 3.18 3.82 0.0
1.0 3.28 3.72 0.0
1.0 3.78 3.22 0.0
1.0 3.4 3.6 0.0
1.0 3.64 3.36 0.0
1.0 3.77 3.23 0.0
1.0 3.26 3.74 0.0
1.0 3.44 3.56 0.0
1.0 3.44 3.56 0.0
1.0 3.87 3.13 0.0
1.0 3.64 3.36 0.0
1.0 3.25 3.75 0.0
1.0 3.74 3.26 0.0
1.0 3.46 3.54 0.0
1.0 3.26 3.74 0.0
1.0 3.34 3.66 0.0
1.0 3.51 3.49 0.0
1.0 3.48 3.52 0.0
1.0 3.38 3.62 0.0
1.0 3.23 3.77 0.0
1.0 3.59 3.41 0.0
1.0 3.27 3.73 0.0
1.0 3.28 3.72 0.0
1.0 3.36 3.64 0.0
1.0 3.48 3.52 0.0
1.0 3.64 3.36 0.0
1.0 3.6 3.4 0.0
1.0 3.51 3.49 0.0
1.0 3.14 3.86 0.0
1.0 3.16 3.84 0.0
1.0 3.83 3.17 0.0
1.0 3.41 3.59 0.0
1.0 3.38 3.62 0.0
1.0 3.34 3.66 0.0
1.0 3.35 3.65 0.0
1.0 3.41 3.59 0.0
1.0 3.42 3.58 0.0
1.0 3.78 3.22 0.0
1.0 3.37 3.63 0.0
1.0 3.19 3.81 0.0
1.0 3.39 3.61 0.0
1.0 3.63 3.37 0.0
1.0 3.28 3.72 0.0
1.0 3.58 3.42 0.0
1.0 3.44 3.56 0.0
1.0 3.6 3.4 0.0
1.0 3.56 3.44 0.0
1.0 3.36 3.64 0.0
1.0 3.23 3.77 0.0
1.0 3.41 3.59 0.0
1.0 3.85 3.15 0.0
1.0 3.63 3.37 0.0
1.0 3.35 3.65 0.0
1.0 3.61 3.39 0.0
1.0 3.45 3.55 0.0
1.0 3.5 3.5 0.0
1.0 3.38 3.62 0.0
1.0 3.57 3.43 0.0
1.0 3.29 3.71 0.0
1.0 3.47 3.53 0.0
1.0 3.38 3.62 0.0
1.0 3.66 3.34 0.0
1.0 3.49 3.51 0.0
1.0 3.41 3.59 0.0
1.0 3.45 3.55 0.0
1.0 3.25 3.75 0.0
1.0 3.43 3.57 0.0
1.0 3.58 3.42 0.0
1.0 3.5 3.5 0.0
1.0 3.45 3.55 0.0
1.0 3.6 3.4 0.0
1.0 3.66 3.34 0.0
1.0 3.29 3.71 0.0
1.0 3.6 3.4 0.0
1.0 3.5 3.5 0.0
1.0 3.39 3.61 0.0
1.0 3.48 3.52 0.0
1.0 3.68 3.32 0.0
1.0 3.26 3.74 0.0
1.0 3.39 3.61 0.0
1.0 3.52 3.48 0.0
1.0 3.36 3.64 0.0
1.0 3.49 3.51 0.0
1.0 3.39 3.61 0.0
1.0 3.37 3.63 0.0
1.0 3.4 3.6 0.0
1.0 3.49 3.51 0.0
1.0 3.73 3.27 0.0
1.0 3.43 3.57 0.0
1.0 3.29 3.71 0.0
1.0 3.33 3.67 0.0
1.0 3.38 3.62 0.0
1.0 3.62 3.38 0.0
1.0 3.49 3.51 0.0
1.0 3.2 3.8 0.0
1.0 3.2 3.8 0.0
1.0 3.61 3.39 0.0
1.0 3.47 3.53 0.0
1.0 3.69 3.31 0.0
1.0 3.56 3.44 0.0
1.0 3.69 3.31 0.0
1.0 3.42 3.58 0.0
1.0 3.42 3.58 0.0
1.0 3.52 3.48 0.0
1.0 3.68 3.32 0.0
1.0 3.49 3.51 0.0
1.0 3.3 3.7 0.0
1.0 3.71 3.29 0.0
1.0 3.55 3.45 0.0
1.0 3.76 3.24 0.0
1.0 3.65 3.35 0.0
1.0 3.72 3.28 0.0
1.0 3.52 3.48 0.0
1.0 3.51 3.49 0.0
1.0 3.4 3.6 0.0
1.0 3.74 3.26 0.0
1.0 3.55 3.45 0.0
1.0 3.61 3.39 0.0
1.0 3.4 3.6 0.0
1.0 3.72 3.28 0.0
1.0 3.71 3.29 0.0
1.0 3.53 3.47 0.0
1.0 3.27 3.73 0.0
1.0 3.5 3.5 0.0
1.0 3.42 3.58 0.0
1.0 3.2 3.8 0.0
1.0 3.68 3.32 0.0
1.0 3.54 3.46 0.0
1.0 3.41 3.59 0.0
1.0 3.32 3.68 0.0
1.0 3.28 3.72 0.0
1.0 3.52 3.48 0.0
1.0 3.82 3.18 0.0
1.0 3.3 3.7 0.0
1.0 3.35 3.65 0.0
1.0 3.31 3.69 0.0
1.0 3.46 3.54 0.0
1.0 3.15 3.85 0.0
1.0 3.58 3.42 0.0
1.0 3.47 3.53 0.0
1.0 3.66 3.34 0.0
1.0 3.64 3.36 0.0
1.0 3.3 3.7 0.0
1.0 3.37 3.63 0.0
1.0 3.44 3.56 0.0
1.0 3.52 3.48 0.0
1.0 3.44 3.56 0.0
1.0 3.35 3.65 0.0
1.0 3.42 3.58 0.0
1.0 3.72 3.28 0.0
1.0 3.47 3.53 0.0
1.0 3.41 3.59 0.0
1.0 3.6 3.4 0.0
1.0 3.46 3.54 0.0
1.0 3.63 3.37 0.0
1.0 3.31 3.69 0.0
1.0 3.56 3.44 0.0
1.0 3.42 3.58 0.0
1.0 3.45 3.55 0.0
1.0 3.66 3.34 0.0
1.0 3.59 3.41 0.0
1.0 3.28 3.72 0.0
1.0 3.55 3.45 0.0
1.0 3.38 3.62 0.0
1.0 3.38 3.62 0.0
1.0 3.53 3.47 0.0
1.0 3.5 3.5 0.0
1.0 3.7 3.3 0.0
1.0 3.56 3.44 0.0
1.0 3.73 3.27 0.0
1.0 3.67 3.33 0.0
1.0 3.54 3.46 0.0
1.0 3.27 3.73 0.0
1.0 3.52 3.48 0.0
1.0 3.43 3.57 0.0
1.0 3.72 3.28 0.0
1.0 3.68 3.32 0.0
1.0 3.5 3.5 0.0
1.0 3.52 3.48 0.0
1.0 3.34 3.66 0.0
1.0 3.55 3.45 0.0
1.0 3.7 3.3 0.0
1.0 3.34 3.66 0.0
1.0 3.63 3.37 0.0
1.0 3.51 3.49 0.0
1.0 3.56 3.44 0.0
1.0 3.41 3.59 0.0
1.0 3.46 3.54 0.0
1.0 3.69 3.31 0.0
1.0 3.57 3.43 0.0
1.0 3.25 3.75 0.0
1.0 3.51 3.49 0.0
1.0 3.57 3.43 0.0
1.0 3.75 3.25 0.0
1.0 3.39 3.61 0.0
1.0 3.67 3.33 0.0
1.0 3.3 3.7 0.0
1.0 3.77 3.23 0.0
1.0 3.72 3.28 0.0
1.0 3.47 3.53 0.0
1.0 3.21 3.79 0.0
1.0 3.29 3.71 0.0
1.0 3.24 3.76 0.0
1.0 3.32 3.68 0.0
1.0 3.5 3.5 0.0
1.0 3.49 3.51 0.0
1.0 3.68 3.32 0.0
1.0 3.54 3.46 0.0
1.0 3.13 3.87 0.0
1.0 3.27 3.73 0.0
1.0 3.23 3.77 0.0
1.0 3.43 3.57 0.0
1.0 3.36 3.64 0.0
1.0 3.4 3.6 0.0
1.0 3.86 3.14 0.0
1.0 3.68 3.32 0.0
1.0 3.72 3.28 0.0
1.0 3.46 3.54 0.0
1.0 3.42 3.58 0.0
1.0 3.46 3.54 0.0
1.0 3.26 3.74 0.0
1.0 3.37 3.63 0.0
1.0 3.74 3.26 0.0
1.0 3.42 3.58 0.0
1.0 3.59 3.41 0.0
1.0 3.5 3.5 0.0
1.0 3.48 3.52 0.0
1.0 3.6 3.4 0.0
1.0 3.3 3.7 0.0
1.0 3.58 3.42 0.0
1.0 3.65 3.35 0.0
1.0 3.21 3.79 0.0
1.0 3.42 3.58 0.0
1.0 3.62 3.38 0.0
1.0 3.73 3.27 0.0
1.0 3.64 3.36 0.0
1.0 3.4 3.6 0.0
1.0 3.32 3.68 0.0
1.0 3.41 3.59 0.0
1.0 4.01 2.99 0.0
1.0 3.5 3.5 0.0
1.0 3.51 3.49 0.0
1.0 3.58 3.42 0.0
1.0 3.77 3.23 0.0
1.0 3.37 3.63 0.0
1.0 3.6 3.4 0.0
1.0 3.51 3.49 0.0
1.0 3.49 3.51 0.0
1.0 3.66 3.34 0.0
1.0 3.65 3.35 0.0
1.0 3.73 3.27 0.0
1.0 3.38 3.62 0.0
1.0 3.62 3.38 0.0
1.0 3.34 3.66 0.0
1.0 3.59 3.41 0.0
1.0 3.36 3.64 0.0
1.0 3.27 3.73 0.0
1.0 3.5 3.5 0.0
1.0 3.56 3.44 0.0
1.0 3.37 3.63 0.0
1.0 3.5 3.5 0.0
1.0 3.49 3.51 0.0
1.0 3.5 3.5 0.0
1.0 3.46 3.54 0.0
1.0 3.67 3.33 0.0
1.0 3.23 3.77 0.0
1.0 3.48 3.52 0.0
1.0 3.66 3.34 0.0
1.0 3.56 3.44 0.0
1.0 3.67 3.33 0.0
1.0 3.32 3.68 0.0
1.0 3.1 3.9 0.0
1.0 3.78 3.22 0.0
1.0 3.29 3.71 0.0
1.0 3.79 3.21 0.0
1.0 3.35 3.65 0.0
1.0 3.5 3.5 0.0
1.0 3.55 3.45 0.0
1.0 3.61 3.39 0.0
1.0 3.39 3.61 0.0
1.0 3.45 3.55 0.0
1.0 3.26 3.74 0.0
1.0 3.55 3.45 0.0
1.0 3.51 3.49 0.0
1.0 3.38 3.62 0.0
1.0 3.27 3.73 0.0
1.0 3.61 3.39 0.0
1.0 3.74 3.26 0.0
1.0 3.3 3.7 0.0
1.0 3.68 3.32 0.0
1.0 3.37 3.63 0.0
1.0 3.47 3.53 0.0
1.0 3.63 3.37 0.0
1.0 3.65 3.35 0.0
1.0 3.51 3.49 0.0
1.0 3.76 3.24 0.0
1.0 3.11 3.89 0.0
1.0 3.79 3.21 0.0
1.0 3.48 3.52 0.0
1.0 3.71 3.29 0.0
1.0 3.66 3.34 0.0
1.0 3.58 3.42 0.0
1.0 3.25 3.75 0.0
1.0 3.58 3.42 0.0
1.0 3.42 3.58 0.0
1.0 3.42 3.58 0.0
1.0 3.46 3.54 0.0
1.0 3.32 3.68 0.0
1.0 3.87 3.13 0.0
1.0 3.47 3.53 0.0
1.0 3.2 3.8 0.0
1.0 3.41 3.59 0.0
1.0 3.58 3.42 0.0
1.0 3.53 3.47 0.0
1.0 3.38 3.62 0.0
1.0 3.54 3.46 0.0
1.0 3.62 3.38 0.0
1.0 3.72 3.28 0.0
1.0 3.62 3.38 0.0
1.0 3.44 3.56 0.0
1.0 3.97 3.03 0.0
1.0 3.53 3.47 0.0
1.0 3.36 3.64 0.0
1.0 3.52 3.48 0.0
1.0 3.7 3.3 0.0
1.0 3.65 3.35 0.0
1.0 3.41 3.59 0.0
1.0 3.39 3.61 0.0
1.0 3.39 3.61 0.0
1.0 3.52 3.48 0.0
1.0 3.44 3.56 0.0
1.0 3.41 3.59 0.0
1.0 3.36 3.64 0.0
1.0 3.59 3.41 0.0
1.0 3.49 3.51 0.0
1.0 3.42 3.58 0.0
1.0 3.66 3.34 0.0
1.0 3.66 3.34 0.0
1.0 3.63 3.37 0.0
1.0 3.38 3.62 0.0
1.0 3.45 3.55 0.0
1.0 3.57 3.43 0.0
1.0 3.49 3.51 0.0
1.0 3.71 3.29 0.0
1.0 3.32 3.68 0.0
1.0 3.47 3.53 0.0
1.0 3.53 3.47 0.0
1.0 3.53 3.47 0.0
1.0 3.76 3.24 0.0
1.0 3.32 3.68 0.0
1.0 3.44 3.56 0.0
1.0 3.74 3.26 0.0
1.0 3.52 3.48 0.0
1.0 3.44 3.56 0.0
1.0 3.5 3.5 0.0
1.0 3.66 3.34 0.0
1.0 3.66 3.34 0.0
1.0 3.29 3.71 0.0
1.0 3.3 3.7 0.0
1.0 3.59 3.41 0.0
1.0 3.67 3.33 0.0
1.0 3.54 3.46 0.0
1.0 3.48 3.52 0.0
1.0 3.69 3.31 0.0
1.0 3.44 3.56 0.0
1.0 3.53 3.47 0.0
1.0 3.46 3.54 0.0
1.0 3.65 3.35 0.0
1.0 3.57 3.43 0.0
1.0 3.59 3.41 0.0
1.0 3.45 3.55 0.0
1.0 3.47 3.53 0.0
1.0 3.35 3.65 0.0
1.0 3.4 3.6 0.0
1.0 3.78 3.22 0.0
1.0 3.7 3.3 0.0
1.0 3.39 3.61 0.0
1.0 3.47 3.53 0.0
1.0 3.62 3.38 0.0
1.0 3.44 3.56 0.0
1.0 3.87 3.13 0.0
1.0 3.51 3.49 0.0
1.0 3.22 3.78 0.0
1.0 3.44 3.56 0.0
1.0 3.41 3.59 0.0
1.0 3.58 3.42 0.0
1.0 3.75 3.25 0.0
1.0 3.24 3.76 0.0
1.0 3.62 3.38 0.0
1.0 3.72 3.28 0.0
1.0 3.86 3.14 0.0
1.0 3.5 3.5 0.0
1.0 3.43 3.57 0.0
1.0 3.54 3.46 0.0
1.0 3.65 3.35 0.0
1.0 3.7 3.3 0.0
1.0 3.68 3.32 0.0
1.0 3.73 3.27 0.0
1.0 3.42 3.58 0.0
1.0 3.69 3.31 0.0
1.0 3.69 3.31 0.0
1.0 3.5 3.5 0.0
1.0 3.23 3.77 0.0
1.0 3.46 3.54 0.0
1.0 3.53 3.47 0.0
1.0 3.45 3.55 0.0
1.0 3.8 3.2 0.0
1.0 3.48 3.52 0.0
1.0 3.43 3.57 0.0
1.0 3.67 3.33 0.0
1.0 3.25 3.75 0.0
1.0 3.3 3.7 0.0
1.0 3.06 3.94 0.0
1.0 3.67 3.33 0.0
1.0 3.7 3.3 0.0
1.0 3.56 3.44 0.0
1.0 3.5 3.5 0.0
1.0 3.38 3.62 0.0
1.0 3.34 3.66 0.0
1.0 3.45 3.55 0.0
1.0 3.3 3.7 0.0
1.0 3.34 3.66 0.0
1.0 3.61 3.39 0.0
1.0 3.29 3.71 0.0
1.0 3.44 3.56 0.0
1.0 3.64 3.36 0.0
1.0 3.63 3.37 0.0
1.0 3.51 3.49 0.0
1.0 3.44 3.56 0.0
1.0 3.32 3.68 0.0
1.0 3.34 3.66 0.0
1.0 3.66 3.34 0.0
1.0 3.26 3.74 0.0
1.0 3.62 3.38 0.0
1.0 3.42 3.58 0.0
1.0 3.42 3.58 0.0
1.0 3.35 3.65 0.0
1.0 3.36 3.64 0.0
1.0 3.25 3.75 0.0
1.0 3.69 3.31 0.0
1.0 3.39 3.61 0.0
1.0 3.62 3.38 0.0
1.0 3.48 3.52 0.0
1.0 3.36 3.64 0.0
1.0 3.53 3.47 0.0
1.0 3.7 3.3 0.0
1.0 3.56 3.44 0.0
1.0 3.69 3.31 0.0
1.0 3.28 3.72 0.0
1.0 3.3 3.7 0.0
1.0 3.52 3.48 0.0
1.0 3.41 3.59 0.0
1.0 3.5 3.5 0.0
1.0 3.76 3.24 0.0
1.0 3.1 3.9 0.0
1.0 3.31 3.69 0.0
1.0 3.45 3.55 0.0
1.0 3.52 3.48 0.0
1.0 3.43 3.57 0.0
1.0 3.71 3.29 0.0
1.0 3.64 3.36 0.0
1.0 3.51 3.49 0.0
1.0 3.83 3.17 0.0
1.0 3.41 3.59 0.0
1.0 3.63 3.37 0.0
1.0 3.33 3.67 0.0
1.0 3.61 3.39 0.0
1.0 3.56 3.44 0.0
1.0 3.22 3.78 0.0
1.0 3.65 3.35 0.0
1.0 3.64 3.36 0.0
1.0 3.58 3.42 0.0
1.0 3.6 3.4 0.0
1.0 3.33 3.67 0.0
1.0 3.49 3.51 0.0
1.0 3.61 3.39 0.0
1.0 3.41 3.59 0.0
1.0 3.29 3.71 0.0
1.0 3.32 3.68 0.0
1.0 3.37 3.63 0.0
1.0 3.3 3.7 0.0
1.0 3.36 3.64 0.0
1.0 3.62 3.38 0.0
1.0 3.52 3.48 0.0
1.0 3.53 3.47 0.0
1.0 3.53 3.47 0.0
1.0 3.55 3.45 0.0
1.0 3.66 3.34 0.0
1.0 3.06 3.94 0.0
1.0 3.66 3.34 0.0
1.0 3.54 3.46 0.0
1.0 3.49 3.51 0.0
1.0 3.43 3.57 0.0
1.0 3.71 3.29 0.0
1.0 3.56 3.44 0.0
1.0 3.63 3.37 0.0
1.0 3.51 3.49 0.0
1.0 3.5 3.5 0.0
1.0 3.4 3.6 0.0
1.0 3.59 3.41 0.0
1.0 3.7 3.3 0.0
1.0 3.29 3.71 0.0
1.0 3.57 3.43 0.0
1.0 3.63 3.37 0.0
1.0 3.69 3.31 0.0
1.0 3.74 3.26 0.0
1.0 3.59 3.41 0.0
1.0 3.29 3.71 0.0
1.0 3.45 3.55 0.0
1.0 3.6 3.4 0.0
1.0 3.51 3.49 0.0
1.0 3.6 3.4 0.0
1.0 3.57 3.43 0.0
1.0 3.8 3.2 0.0
1.0 3.25 3.75 0.0
1.0 3.28 3.72 0.0
1.0 3.18 3.82 0.0
1.0 3.69 3.31 0.0
1.0 3.42 3.58 0.0
1.0 3.36 3.64 0.0
1.0 3.66 3.34 0.0
1.0 3.25 3.75 0.0
1.0 3.43 3.57 0.0
1.0 3.52 3.48 0.0
1.0 3.44 3.56 0.0
1.0 3.44 3.56 0.0
1.0 3.47 3.53 0.0
1.0 3.18 3.82 0.0
1.0 3.45 3.55 0.0
1.0 3.23 3.77 0.0
1.0 3.71 3.29 0.0
1.0 3.44 3.56 0.0
1.0 3.6 3.4 0.0
1.0 3.42 3.58 0.0
1.0 3.76 3.24 0.0
1.0 3.55 3.45 0.0
1.0 3.65 3.35 0.0
1.0 3.25 3.75 0.0
1.0 3.54 3.46 0.0
1.0 3.51 3.49 0.0
1.0 3.6 3.4 0.0
1.0 3.46 3.54 0.0
1.0 3.59 3.41 0.0
1.0 3.6 3.4 0.0
1.0 3.28 3.72 0.0
1.0 3.63 3.37 0.0
1.0 3.52 3.48 0.0
1.0 3.55 3.45 0.0
1.0 3.53 3.47 0.0
1.0 3.29 3.71 0.0
1.0 3.44 3.56 0.0
1.0 3.72 3.28 0.0
1.0 3.45 3.55 0.0
1.0 3.48 3.52 0.0
1.0 3.56 3.44 0.0
1.0 3.62 3.38 0.0
1.0 3.41 3.59 0.0
1.0 3.57 3.43 0.0
1.0 3.42 3.58 0.0
1.0 3.74 3.26 0.0
1.0 3.38 3.62 0.0
1.0 3.32 3.68 0.0
1.0 3.57 3.43 0.0
1.0 3.59 3.41 0.0
1.0 3.44 3.56 0.0
1.0 3.42 3.58 0.0
1.0 3.68 3.32 0.0
1.0 3.67 3.33 0.0
1.0 3.51 3.49 0.0
1.0 3.35 3.65 0.0
1.0 3.48 3.52 0.0
1.0 3.4 3.6 0.0
1.0 3.66 3.34 0.0
1.0 3.63 3.37 0.0
1.0 3.48 3.52 0.0
1.0 3.5 3.5 0.0
1.0 3.4 3.6 0.0
1.0 3.58 3.42 0.0
1.0 3.36 3.64 0.0
1.0 3.4 3.6 0.0
1.0 3.5 3.5 0.0
1.0 3.53 3.47 0.0
1.0 3.9 3.1 0.0
1.0 3.35 3.65 0.0
1.0 3.42 3.58 0.0
1.0 3.55 3.45 0.0
1.0 3.87 3.13 0.0
1.0 3.59 3.41 0.0
1.0 3.34 3.66 0.0
1.0 3.59 3.41 0.0
1.0 3.51 3.49 0.0
1.0 3.63 3.37 0.0
1.0 3.47 3.53 0.0
1.0 3.36 3.64 0.0
1.0 3.35 3.65 0.0
1.0 3.65 3.35 0.0
1.0 3.67 3.33 0.0
1.0 3.41 3.59 0.0
1.0 3.37 3.63 0.0
1.0 3.21 3.79 0.0
1.0 3.57 3.43 0.0
1.0 3.35 3.65 0.0
1.0 3.64 3.36 0.0
1.0 3.45 3.55 0.0
1.0 3.87 3.13 0.0
1.0 3.57 3.43 0.0
1.0 3.49 3.51 0.0
1.0 3.55 3.45 0.0
1.0 3.48 3.52 0.0
1.0 3.6 3.4 0.0
1.0 3.22 3.78 0.0
1.0 3.55 3.45 0.0
1.0 3.19 3.81 0.0
1.0 3.22 3.78 0.0
1.0 3.58 3.42 0.0
1.0 3.68 3.32 0.0
1.0 3.28 3.72 0.0
1.0 3.25 3.75 0.0
1.0 3.49 3.51 0.0
1.0 3.6 3.4 0.0
1.0 3.67 3.33 0.0
1.0 3.77 3.23 0.0
1.0 3.56 3.44 0.0
1.0 3.28 3.72 0.0
1.0 3.55 3.45 0.0
1.0 3.49 3.51 0.0
1.0 3.37 3.63 0.0
1.0 3.36 3.64 0.0
1.0 3.49 3.51 0.0
1.0 3.54 3.46 0.0
1.0 3.37 3.63 0.0
1.0 3.42 3.58 0.0
1.0 3.69 3.31 0.0
1.0 3.4 3.6 0.0
1.0 3.67 3.33 0.0
1.0 3.76 3.24 0.0
1.0 3.49 3.51 0.0
1.0 3.57 3.43 0.0
1.0 3.54 3.46 0.0
1.0 3.4 3.6 0.0
1.0 3.36 3.64 0.0
1.0 3.38 3.62 0.0
1.0 3.73 3.27 0.0
1.0 3.41 3.59 0.0
1.0 3.38 3.62 0.0
1.0 3.32 3.68 0.0
1.0 3.56 3.44 0.0
1.0 3.47 3.53 0.0
1.0 3.68 3.32 0.0
1.0 3.22 3.78 0.0
1.0 3.62 3.38 0.0
1.0 3.42 3.58 0.0
1.0 3.42 3.58 0.0
1.0 3.24 3.76 0.0
1.0 3.53 3.47 0.0
1.0 3.37 3.63 0.0
1.0 3.35 3.65 0.0
1.0 3.39 3.61 0.0
1.0 3.54 3.46 0.0
1.0 3.52 3.48 0.0
1.0 3.4 3.6 0.0
1.0 3.52 3.48 0.0
1.0 3.63 3.37 0.0
1.0 3.48 3.52 0.0
1.0 3.59 3.41 0.0
1.0 3.54 3.46 0.0
1.0 3.29 3.71 0.0
1.0 3.59 3.41 0.0
1.0 3.63 3.37 0.0
1.0 3.38 3.62 0.0
1.0 3.66 3.34 0.0
1.0 3.48 3.52 0.0
1.0 3.85 3.15 0.0
1.0 3.65 3.35 0.0
1.0 3.71 3.29 0.0
1.0 3.69 3.31 0.0
1.0 3.62 3.38 0.0
1.0 3.59 3.41 0.0
1.0 3.38 3.62 0.0
1.0 3.26 3.74 0.0
1.0 3.67 3.33 0.0
1.0 3.64 3.36 0.0
1.0 3.45 3.55 0.0
1.0 3.18 3.82 0.0
1.0 3.3 3.7 0.0
1.0 3.4 3.6 0.0
1.0 3.52 3.48 0.0
1.0 3.49 3.51 0.0
1.0 3.49 3.51 0.0
1.0 3.2 3.8 0.0
1.0 3.32 3.68 0.0
1.0 3.33 3.67 0.0
1.0 3.9 3.1 0.0
1.0 3.56 3.44 0.0
1.0 3.58 3.42 0.0
1.0 3.58 3.42 0.0
1.0 3.67 3.33 0.0
1.0 3.59 3.41 0.0
1.0 3.28 3.72 0.0
1.0 3.66 3.34 0.0
1.0 3.51 3.49 0.0
1.0 3.39 3.61 0.0
1.0 3.54 3.46 0.0
1.0 3.51 3.49 0.0
1.0 3.36 3.64 0.0
1.0 3.35 3.65 0.0
1.0 3.45 3.55 0.0
1.0 3.44 3.56 0.0
1.0 3.52 3.48 0.0
1.0 3.51 3.49 0.0
1.0 3.45 3.55 0.0
1.0 3.41 3.59 0.0
1.0 3.56 3.44 0.0
1.0 3.35 3.65 0.0
1.0 3.6 3.4 0.0
1.0 3.56 3.44 0.0
1.0 3.36 3.64 0.0
1.0 3.55 3.45 0.0
1.0 3.5 3.5 0.0
1.0 3.61 3.39 0.0
1.0 3.71 3.29 0.0
1.0 3.52 3.48 0.0
1.0 3.43 3.57 0.0
1.0 3.19 3.81 0.0
1.0 3.41 3.59 0.0
1.0 3.41 3.59 0.0
1.0 3.28 3.72 0.0
1.0 3.56 3.44 0.0
1.0 3.34 3.66 0.0
1.0 3.69 3.31 0.0
1.0 3.47 3.53 0.0
1.0 3.41 3.59 0.0
1.0 3.55 3.45 0.0
1.0 3.65 3.35 0.0
1.0 3.31 3.69 0.0
1.0 3.46 3.54 0.0
1.0 3.53 3.47 0.0
1.0 3.39 3.61 0.0
1.0 3.45 3.55 0.0
1.0 3.37 3.63 0.0
1.0 3.43 3.57 0.0
1.0 3.63 3.37 0.0
1.0 3.32 3.68 0.0
1.0 3.41 3.59 0.0
1.0 3.41 3.59 0.0
1.0 3.64 3.36 0.0
1.0 3.43 3.57 0.0
1.0 3.53 3.47 0.0
1.0 3.22 3.78 0.0
1.0 3.62 3.38 0.0
1.0 3.27 3.73 0.0
1.0 3.47 3.53 0.0
1.0 3.4 3.6 0.0
1.0 3.67 3.33 0.0
1.0 3.51 3.49 0.0
1.0 3.57 3.43 0.0
1.0 3.56 3.44 0.0
1.0 3.56 3.44 0.0
1.0 3.49 3.51 0.0
1.0 3.68 3.32 0.0
1.0 3.54 3.46 0.0
1.0 3.62 3.38 0.0
1.0 3.45 3.55 0.0
1.0 3.7 3.3 0.0
1.0 3.57 3.43 0.0
1.0 3.33 3.67 0.0
1.0 3.83 3.17 0.0
1.0 3.5 3.5 0.0
1.0 3.8 3.2 0.0
1.0 3.37 3.63 0.0
1.0 3.73 3.27 0.0
1.0 3.18 3.82 0.0
1.0 3.29 3.71 0.0
1.0 3.48 3.52 0.0
1.0 3.44 3.56 0.0
1.0 3.38 3.62 0.0
1.0 3.47 3.53 0.0
1.0 3.47 3.53 0.0
1.0 3.65 3.35 0.0
1.0 3.47 3.53 0.0
1.0 3.6 3.4 0.0
1.0 3.23 3.77 0.0
1.0 3.79 3.21 0.0
1.0 3.58 3.42 0.0
1.0 3.66 3.34 0.0
1.0 3.5 3.5 0.0
1.0 3.57 3.43 0.0
1.0 3.35 3.65 0.0
1.0 3.18 3.82 0.0
1.0 3.47 3.53 0.0
1.0 3.57 3.43 0.0
1.0 3.55 3.45 0.0
1.0 3.2 3.8 0.0
1.0 3.65 3.35 0.0
1.0 3.65 3.35 0.0
1.0 3.55 3.45 0.0
1.0 3.55 3.45 0.0
1.0 3.68 3.32 0.0
1.0 3.37 3.63 0.0
1.0 3.69 3.31 0.0
1.0 3.47 3.53 0.0
1.0 3.23 3.77 0.0
1.0 3.5 3.5 0.0
1.0 3.5 3.5 0.0
1.0 3.32 3.68 0.0
1.0 3.37 3.63 0.0
1.0 3.63 3.37 0.0
1.0 3.42 3.58 0.0
1.0 3.69 3.31 0.0
1.0 3.76 3.24 0.0
1.0 3.68 3.32 0.0
1.0 3.5 3.5 0.0
1.0 3.71 3.29 0.0
1.0 3.18 3.82 0.0
1.0 3.38 3.62 0.0
1.0 3.61 3.39 0.0
1.0 3.56 3.44 0.0
1.0 3.38 3.62 0.0
1.0 3.24 3.76 0.0
1.0 3.26 3.74 0.0
1.0 3.49 3.51 0.0
1.0 3.61 3.39 0.0
1.0 3.38 3.62 0.0
1.0 3.52 3.48 0.0
1.0 3.35 3.65 0.0
1.0 3.55 3.45 0.0
1.0 3.19 3.81 0.0
1.0 3.15 3.85 0.0
1.0 3.45 3.55 0.0
1.0 3.46 3.54 0.0
1.0 3.3 3.7 0.0
1.0 3.17 3.83 0.0
1.0 3.62 3.38 0.0
1.0 3.29 3.71 0.0
1.0 3.44 3.56 0.0
1.0 3.56 3.44 0.0
1.0 3.67 3.33 0.0
1.0 3.48 3.52 0.0
1.0 3.77 3.23 0.0
1.0 3.14 3.86 0.0
1.0 3.68 3.32 0.0
1.0 3.49 3.51 0.0
1.0 3.71 3.29 0.0
1.0 3.38 3.62 0.0
1.0 3.49 3.51 0.0
1.0 3.78 3.22 0.0
1.0 3.43 3.57 0.0
1.0 3.46 3.54 0.0
1.0 3.75 3.25 0.0
1.0 3.48 3.52 0.0
1.0 3.99 3.01 0.0
1.0 3.54 3.46 0.0
1.0 3.68 3.32 0.0
1.0 3.53 3.47 0.0
1.0 3.67 3.33 0.0
1.0 3.38 3.62 0.0
1.0 3.74 3.26 0.0
1.0 3.44 3.56 0.0
1.0 3.56 3.44 0.0
1.0 3.59 3.41 0.0
1.0 3.32 3.68 0.0
1.0 3.53 3.47 0.0
1.0 3.72 3.28 0.0
1.0 3.37 3.63 0.0
1.0 3.58 3.42 0.0
1.0 3.48 3.52 0.0
1.0 3.58 3.42 0.0
1.0 3.41 3.59 0.0
1.0 3.51 3.49 0.0
1.0 3.56 3.44 0.0
1.0 4.02 2.98 0.0
1.0 3.43 3.57 0.0
1.0 3.56 3.44 0.0
1.0 3.65 3.35 0.0
1.0 3.56 3.44 0.0
1.0 3.44 3.56 0.0
1.0 3.53 3.47 0.0
1.0 3.36 3.64 0.0
1.0 3.68 3.32 0.0
1.0 3.26 3.74 0.0
1.0 3.19 3.81 0.0
1.0 3.52 3.48 0.0
1.0 3.71 3.29 0.0
1.0 3.07 3.93 0.0
1.0 3.25 3.75 0.0
1.0 3.6 3.4 0.0
1.0 3.6 3.4 0.0
1.0 3.51 3.49 0.0
1.0 3.39 3.61 0.0
1.0 3.87 3.13 0.0
1.0 3.53 3.47 0.0
1.0 3.46 3.54 0.0
1.0 3.33 3.67 0.0
1.0 3.4 3.6 0.0
1.0 3.52 3.48 0.0
1.0 3.66 3.34 0.0
1.0 3.65 3.35 0.0
1.0 3.84 3.16 0.0
1.0 3.63 3.37 0.0
1.0 3.68 3.32 0.0
1.0 3.47 3.53 0.0
1.0 3.54 3.46 0.0
1.0 3.39 3.61 0.0
1.0 3.49 3.51 0.0
1.0 3.45 3.55 0.0
1.0 3.59 3.41 0.0
1.0 3.62 3.38 0.0
1.0 3.4 3.6 0.0
1.0 3.52 3.48 0.0
1.0 3.41 3.59 0.0
1.0 3.72 3.28 0.0
1.0 3.34 3.66 0.0
1.0 3.74 3.26 0.0
1.0 3.59 3.41 0.0
1.0 3.37 3.63 0.0
1.0 3.31 3.69 0.0
1.0 3.2 3.8 0.0
1.0 3.42 3.58 0.0
1.0 3.54 3.46 0.0
1.0 3.15 3.85 0.0
1.0 3.6 3.4 0.0
1.0 3.4 3.6 0.0
1.0 3.57 3.43 0.0
1.0 3.43 3.57 0.0
1.0 3.28 3.72 0.0
1.0 3.2 3.8 0.0
1.0 3.76 3.24 0.0
1.0 3.8 3.2 0.0
1.0 3.75 3.25 0.0
1.0 3.56 3.44 0.0
1.0 3.88 3.12 0.0
1.0 3.42 3.58 0.0
1.0 3.33 3.67 0.0
1.0 3.43 3.57 0.0
1.0 3.39 3.61 0.0
1.0 3.44 3.56 0.0
1.0 3.52 3.48 0.0
1.0 3.3 3.7 0.0
1.0 3.4 3.6 0.0
1.0 3.56 3.44 0.0
1.0 3.81 3.19 0.0
1.0 3.58 3.42 0.0
1.0 3.46 3.54 0.0
1.0 3.69 3.31 0.0
1.0 3.54 3.46 0.0
1.0 3.55 3.45 0.0
1.0 3.41 3.59 0.0
1.0 3.19 3.81 0.0
1.0 3.46 3.54 0.0
1.0 3.41 3.59 0.0
1.0 3.42 3.58 0.0
1.0 3.27 3.73 0.0
1.0 3.26 3.74 0.0
1.0 3.56 3.44 0.0
1.0 3.37 3.63 0.0
1.0 3.25 3.75 0.0
1.0 3.47 3.53 0.0
1.0 3.57 3.43 0.0
1.0 3.33 3.67 0.0
1.0 3.32 3.68 0.0
1.0 3.38 3.62 0.0
1.0 3.57 3.43 0.0
1.0 3.63 3.37 0.0
1.0 3.68 3.32 0.0
1.0 3.71 3.29 0.0
1.0 3.58 3.42 0.0
1.0 3.35 3.65 0.0
1.0 3.28 3.72 0.0
1.0 3.54 3.46 0.0
1.0 3.32 3.68 0.0
1.0 3.48 3.52 0.0
1.0 3.76 3.24 0.0
1.0 3.56 3.44 0.0
1.0 3.51 3.49 0.0
1.0 3.48 3.52 0.0
1.0 3.34 3.66 0.0
1.0 3.59 3.41 0.0
1.0 3.42 3.58 0.0
1.0 3.52 3.48 0.0
1.0 3.47 3.53 0.0
1.0 3.17 3.83 0.0
1.0 3.2 3.8 0.0
1.0 3.52 3.48 0.0
1.0 3.56 3.44 0.0
1.0 3.55 3.45 0.0
1.0 3.51 3.49 0.0
1.0 3.31 3.69 0.0
1.0 3.71 3.29 0.0
1.0 3.97 3.03 0.0
1.0 3.46 3.54 0.0
1.0 3.58 3.42 0.0
1.0 3.5 3.5 0.0
1.0 3.45 3.55 0.0
1.0 3.85 3.15 0.0
1.0 3.6 3.4 0.0
1.0 3.52 3.48 0.0
1.0 3.19 3.81 0.0
1.0 3.45 3.55 0.0
1.0 3.42 3.58 0.0
1.0 3.29 3.71 0.0
1.0 3.5 3.5 0.0
1.0 3.4 3.6 0.0
1.0 3.41 3.59 0.0
1.0 3.38 3.62 0.0
1.0 3.58 3.42 0.0
1.0 3.67 3.33 0.0
1.0 3.39 3.61 0.0
1.0 3.85 3.15 0.0
1.0 4.0 3.0 0.0
1.0 3.49 3.51 0.0
1.0 3.78 3.22 0.0
1.0 3.65 3.35 0.0
1.0 3.14 3.86 0.0
1.0 3.6 3.4 0.0
1.0 3.95 3.05 0.0
1.0 3.38 3.62 0.0
1.0 3.31 3.69 0.0
1.0 3.23 3.77 0.0
1.0 3.29 3.71 0.0
1.0 3.33 3.67 0.0
1.0 3.23 3.77 0.0
1.0 3.35 3.65 0.0
1.0 3.52 3.48 0.0
1.0 3.7 3.3 0.0
1.0 3.22 3.78 0.0
1.0 3.67 3.33 0.0
1.0 3.33 3.67 0.0
1.0 3.22 3.78 0.0
1.0 3.83 3.17 0.0
1.0 3.4 3.6 0.0
1.0 3.31 3.69 0.0
1.0 3.69 3.31 0.0
1.0 3.53 3.47 0.0
1.0 3.53 3.47 0.0
1.0 3.37 3.63 0.0
1.0 3.79 3.21 0.0
1.0 2.93 4.07 0.0
1.0 3.49 3.51 0.0
1.0 3.41 3.59 0.0
1.0 3.39 3.61 0.0
1.0 3.65 3.35 0.0
1.0 3.29 3.71 0.0
1.0 3.48 3.52 0.0
1.0 3.31 3.69 0.0
1.0 3.49 3.51 0.0
1.0 3.67 3.33 0.0
1.0 3.84 3.16 0.0
1.0 3.58 3.42 0.0
1.0 3.73 3.27 0.0
1.0 3.66 3.34 0.0
1.0 3.41 3.59 0.0
1.0 3.29 3.71 0.0
1.0 3.5 3.5 0.0
1.0 3.46 3.54 0.0
1.0 3.25 3.75 0.0
1.0 3.25 3.75 0.0
1.0 3.53 3.47 0.0
1.0 3.57 3.43 0.0
1.0 3.51 3.49 0.0
1.0 3.36 3.64 0.0
1.0 3.63 3.37 0.0
1.0 3.57 3.43 0.0
1.0 3.5 3.5 0.0
1.0 3.51 3.49 0.0
1.0 3.39 3.61 0.0
1.0 3.47 3.53 0.0
1.0 3.65 3.35 0.0
1.0 3.45 3.55 0.0
1.0 3.41 3.59 0.0
1.0 3.63 3.37 0.0
1.0 3.56 3.44 0.0
1.0 3.65 3.35 0.0
1.0 3.51 3.49 0.0
1.0 3.27 3.73 0.0
1.0 3.47 3.53 0.0
1.0 3.56 3.44 0.0
1.0 3.46 3.54 0.0
1.0 3.32 3.68 0.0
1.0 3.64 3.36 0.0
1.0 3.83 3.17 0.0
1.0 3.73 3.27 0.0
1.0 3.36 3.64 0.0
1.0 3.51 3.49 0.0
1.0 3.58 3.42 0.0
1.0 3.52 3.48 0.0
1.0 3.36 3.64 0.0
1.0 3.56 3.44 0.0
1.0 3.44 3.56 0.0
1.0 3.55 3.45 0.0
1.0 3.59 3.41 0.0
1.0 3.74 3.26 0.0
1.0 3.59 3.41 0.0
1.0 3.11 3.89 0.0
1.0 3.41 3.59 0.0
1.0 3.41 3.59 0.0
1.0 3.84 3.16 0.0
1.0 3.43 3.57 0.0
1.0 3.7 3.3 0.0
1.0 3.51 3.49 0.0
1.0 3.55 3.45 0.0
1.0 3.71 3.29 0.0
1.0 3.63 3.37 0.0
1.0 3.52 3.48 0.0
1.0 3.39 3.61 0.0
1.0 3.52 3.48 0.0
1.0 3.17 3.83 0.0
1.0 3.58 3.42 0.0
1.0 3.22 3.78 0.0
1.0 3.53 3.47 0.0
1.0 3.36 3.64 0.0
1.0 3.59 3.41 0.0
1.0 3.5 3.5 0.0
1.0 3.56 3.44 0.0
1.0 3.65 3.35 0.0
1.0 3.5 3.5 0.0
1.0 3.42 3.58 0.0
1.0 3.32 3.68 0.0
1.0 3.58 3.42 0.0
1.0 3.44 3.56 0.0
1.0 3.37 3.63 0.0
1.0 3.64 3.36 0.0
1.0 3.33 3.67 0.0
1.0 3.29 3.71 0.0
1.0 3.4 3.6 0.0
1.0 3.78 3.22 0.0
1.0 3.34 3.66 0.0
1.0 3.65 3.35 0.0
1.0 3.46 3.54 0.0
1.0 3.72 3.28 0.0
1.0 3.41 3.59 0.0
1.0 3.4 3.6 0.0
1.0 3.37 3.63 0.0
1.0 3.62 3.38 0.0
1.0 3.28 3.72 0.0
1.0 3.61 3.39 0.0
1.0 3.43 3.57 0.0
1.0 3.46 3.54 0.0
1.0 3.55 3.45 0.0
1.0 3.39 3.61 0.0
1.0 3.63 3.37 0.0
1.0 3.21 3.79 0.0
1.0 3.65 3.35 0.0
1.0 3.69 3.31 0.0
1.0 3.22 3.78 0.0
1.0 3.64 3.36 0.0
1.0 3.51 3.49 0.0
1.0 3.49 3.51 0.0
1.0 3.17 3.83 0.0
1.0 3.74 3.26 0.0
1.0 3.6 3.4 0.0
1.0 3.28 3.72 0.0
1.0 4.02 2.98 0.0
1.0 3.13 3.87 0.0
1.0 3.4 3.6 0.0
1.0 3.34 3.66 0.0
1.0 3.25 3.75 0.0
1.0 3.75 3.25 0.0
1.0 3.44 3.56 0.0
1.0 3.61 3.39 0.0
1.0 3.48 3.52 0.0
1.0 3.48 3.52 0.0
1.0 3.73 3.27 0.0
1.0 3.69 3.31 0.0
1.0 3.77 3.23 0.0
1.0 3.37 3.63 0.0
1.0 3.33 3.67 0.0
1.0 3.51 3.49 0.0
1.0 3.52 3.48 0.0
1.0 3.61 3.39 0.0
1.0 3.66 3.34 0.0
1.0 3.38 3.62 0.0
1.0 3.13 3.87 0.0
1.0 3.52 3.48 0.0
1.0 3.47 3.53 0.0
1.0 3.47 3.53 0.0
1.0 3.53 3.47 0.0
1.0 3.48 3.52 0.0
1.0 3.61 3.39 0.0
1.0 3.53 3.47 0.0
1.0 3.21 3.79 0.0
1.0 3.69 3.31 0.0
1.0 3.35 3.65 0.0
1.0 3.39 3.61 0.0
1.0 3.62 3.38 0.0
1.0 3.62 3.38 0.0
1.0 3.52 3.48 0.0
1.0 3.51 3.49 0.0
1.0 3.48 3.52 0.0
1.0 3.68 3.32 0.0
1.0 3.73 3.27 0.0
1.0 3.48 3.52 0.0
1.0 3.3 3.7 0.0
1.0 3.48 3.52 0.0
1.0 3.39 3.61 0.0
1.0 3.54 3.46 0.0
1.0 3.17 3.83 0.0
1.0 3.29 3.71 0.0
1.0 3.68 3.32 0.0
1.0 3.56 3.44 0.0
1.0 3.61 3.39 0.0
1.0 3.77 3.23 0.0
1.0 3.3 3.7 0.0
1.0 3.52 3.48 0.0
1.0 3.93 3.07 0.0
1.0 3.77 3.23 0.0
1.0 3.73 3.27 0.0
1.0 3.56 3.44 0.0
1.0 3.35 3.65 0.0
1.0 3.57 3.43 0.0
1.0 3.49 3.51 0.0
1.0 3.39 3.61 0.0
1.0 3.4 3.6 0.0
1.0 3.58 3.42 0.0
1.0 3.49 3.51 0.0
1.0 3.63 3.37 0.0
1.0 3.17 3.83 0.0
1.0 3.45 3.55 0.0
1.0 3.77 3.23 0.0
1.0 3.37 3.63 0.0
1.0 3.47 3.53 0.0
1.0 3.41 3.59 0.0
1.0 3.76 3.24 0.0
1.0 3.65 3.35 0.0
1.0 3.31 3.69 0.0
1.0 3.55 3.45 0.0
1.0 3.53 3.47 0.0
1.0 3.53 3.47 0.0
1.0 3.54 3.46 0.0
1.0 3.61 3.39 0.0
1.0 3.56 3.44 0.0
1.0 3.52 3.48 0.0
1.0 3.24 3.76 0.0
1.0 3.58 3.42 0.0
1.0 3.6 3.4 0.0
1.0 3.44 3.56 0.0
1.0 3.29 3.71 0.0
1.0 3.55 3.45 0.0
1.0 3.54 3.46 0.0
1.0 3.42 3.58 0.0
1.0 3.59 3.41 0.0
1.0 3.55 3.45 0.0
1.0 3.22 3.78 0.0
1.0 3.22 3.78 0.0
1.0 3.66 3.34 0.0
1.0 3.27 3.73 0.0
1.0 3.41 3.59 0.0
1.0 3.48 3.52 0.0
1.0 3.45 3.55 0.0
1.0 3.66 3.34 0.0
1.0 3.61 3.39 0.0
1.0 3.36 3.64 0.0
1.0 3.6 3.4 0.0
1.0 3.87 3.13 0.0
1.0 3.5 3.5 0.0
1.0 3.74 3.26 0.0
1.0 2.97 4.03 0.0
1.0 3.48 3.52 0.0
1.0 3.81 3.19 0.0
1.0 3.54 3.46 0.0
1.0 3.74 3.26 0.0
1.0 3.33 3.67 0.0
1.0 3.43 3.57 0.0
1.0 3.33 3.67 0.0
1.0 3.53 3.47 0.0
1.0 3.67 3.33 0.0
1.0 3.58 3.42 0.0
1.0 3.42 3.58 0.0
1.0 3.56 3.44 0.0
1.0 3.61 3.39 0.0
1.0 3.34 3.66 0.0
1.0 3.61 3.39 0.0
1.0 3.73 3.27 0.0
1.0 3.26 3.74 0.0
1.0 3.6 3.4 0.0
1.0 3.33 3.67 0.0
1.0 3.58 3.42 0.0
1.0 3.26 3.74 0.0
1.0 3.56 3.44 0.0
1.0 3.51 3.49 0.0
1.0 3.73 3.27 0.0
1.0 3.46 3.54 0.0
1.0 3.82 3.18 0.0
1.0 3.39 3.61 0.0
1.0 3.65 3.35 0.0
1.0 3.61 3.39 0.0
1.0 3.08 3.92 0.0
1.0 3.42 3.58 0.0
1.0 3.36 3.64 0.0
1.0 3.97 3.03 0.0
1.0 3.2 3.8 0.0
1.0 3.28 3.72 0.0
1.0 3.3 3.7 0.0
1.0 3.51 3.49 0.0
1.0 3.31 3.69 0.0
1.0 3.16 3.84 0.0
1.0 3.57 3.43 0.0
1.0 3.36 3.64 0.0
1.0 3.53 3.47 0.0
1.0 3.62 3.38 0.0
1.0 3.58 3.42 0.0
1.0 3.3 3.7 0.0
1.0 3.28 3.72 0.0
1.0 3.58 3.42 0.0
1.0 3.47 3.53 0.0
1.0 3.57 3.43 0.0
1.0 3.59 3.41 0.0
1.0 3.4 3.6 0.0
1.0 3.71 3.29 0.0
1.0 3.42 3.58 0.0
1.0 3.52 3.48 0.0
1.0 3.48 3.52 0.0
1.0 3.66 3.34 0.0
1.0 3.22 3.78 0.0
1.0 3.36 3.64 0.0
1.0 3.44 3.56 0.0
1.0 3.66 3.34 0.0
1.0 3.64 3.36 0.0
1.0 3.57 3.43 0.0
1.0 3.33 3.67 0.0
1.0 3.17 3.83 0.0
1.0 3.47 3.53 0.0
1.0 3.61 3.39 0.0
1.0 3.37 3.63 0.0
1.0 3.56 3.44 0.0
1.0 3.43 3.57 0.0
1.0 3.08 3.92 0.0
1.0 3.6 3.4 0.0
1.0 3.49 3.51 0.0
1.0 3.66 3.34 0.0
1.0 3.37 3.63 0.0
1.0 3.33 3.67 0.0
1.0 3.37 3.63 0.0
1.0 3.38 3.62 0.0
1.0 3.32 3.68 0.0
1.0 3.49 3.51 0.0
1.0 3.66 3.34 0.0
1.0 3.46 3.54 0.0
1.0 3.43 3.57 0.0
1.0 3.48 3.52 0.0
1.0 3.82 3.18 0.0
1.0 3.72 3.28 0.0
1.0 3.82 3.18 0.0
1.0 3.22 3.78 0.0
1.0 3.43 3.57 0.0
1.0 3.87 3.13 0.0
1.0 3.7 3.3 0.0
1.0 3.66 3.34 0.0
1.0 3.16 3.84 0.0
1.0 3.32 3.68 0.0
1.0 3.63 3.37 0.0
1.0 3.52 3.48 0.0
1.0 3.52 3.48 0.0
1.0 3.43 3.57 0.0
1.0 3.48 3.52 0.0
1.0 3.73 3.27 0.0
1.0 3.53 3.47 0.0
1.0 3.29 3.71 0.0
1.0 3.47 3.53 0.0
1.0 3.6 3.4 0.0
1.0 3.36 3.64 0.0
1.0 3.23 3.77 0.0
1.0 3.76 3.24 0.0
1.0 3.67 3.33 0.0
1.0 3.28 3.72 0.0
1.0 3.48 3.52 0.0
1.0 3.17 3.83 0.0
1.0 3.59 3.41 0.0
1.0 3.5 3.5 0.0
1.0 3.76 3.24 0.0
1.0 3.5 3.5 0.0
1.0 3.65 3.35 0.0
1.0 3.42 3.58 0.0
1.0 3.49 3.51 0.0
1.0 3.49 3.51 0.0
1.0 3.68 3.32 0.0
1.0 3.52 3.48 0.0
1.0 3.54 3.46 0.0
1.0 3.48 3.52 0.0
1.0 3.5 3.5 0.0
1.0 3.49 3.51 0.0
1.0 3.5 3.5 0.0
1.0 3.48 3.52 0.0
1.0 3.47 3.53 0.0
1.0 3.59 3.41 0.0
1.0 3.44 3.56 0.0
1.0 3.33 3.67 0.0
1.0 3.42 3.58 0.0
1.0 3.82 3.18 0.0
1.0 3.7 3.3 0.0
1.0 3.31 3.69 0.0
1.0 3.66 3.34 0.0
1.0 3.71 3.29 0.0
1.0 3.57 3.43 0.0
1.0 3.23 3.77 0.0
1.0 3.75 3.25 0.0
1.0 3.55 3.45 0.0
1.0 3.46 3.54 0.0
1.0 3.52 3.48 0.0
1.0 3.42 3.58 0.0
1.0 3.6 3.4 0.0
1.0 3.37 3.63 0.0
1.0 3.2 3.8 0.0
1.0 3.33 3.67 0.0
1.0 3.29 3.71 0.0
1.0 3.33 3.67 0.0
1.0 3.28 3.72 0.0
1.0 3.68 3.32 0.0
1.0 3.78 3.22 0.0
1.0 3.58 3.42 0.0
1.0 3.33 3.67 0.0
1.0 3.57 3.43 0.0
1.0 3.71 3.29 0.0
1.0 3.32 3.68 0.0
1.0 3.62 3.38 0.0
1.0 3.59 3.41 0.0
1.0 3.48 3.52 0.0
1.0 3.48 3.52 0.0
1.0 3.6 3.4 0.0
1.0 3.39 3.61 0.0
1.0 3.45 3.55 0.0
1.0 3.27 3.73 0.0
1.0 3.3 3.7 0.0
1.0 3.67 3.33 0.0
1.0 3.43 3.57 0.0
1.0 3.47 3.53 0.0
1.0 3.52 3.48 0.0
1.0 3.53 3.47 0.0
1.0 3.49 3.51 0.0
1.0 3.45 3.55 0.0
1.0 3.68 3.32 0.0
1.0 3.43 3.57 0.0
1.0 3.58 3.42 0.0
1.0 3.56 3.44 0.0
1.0 3.51 3.49 0.0
1.0 3.56 3.44 0.0
1.0 3.46 3.54 0.0
1.0 3.39 3.61 0.0
1.0 3.37 3.63 0.0
1.0 3.24 3.76 0.0
1.0 3.59 3.41 0.0
1.0 3.66 3.34 0.0
1.0 3.18 3.82 0.0
1.0 3.34 3.66 0.0
1.0 3.12 3.88 0.0
1.0 3.55 3.45 0.0
1.0 3.35 3.65 0.0
1.0 3.55 3.45 0.0
1.0 3.35 3.65 0.0
1.0 3.44 3.56 0.0
1.0 3.49 3.51 0.0
1.0 3.35 3.65 0.0
1.0 3.83 3.17 0.0
1.0 3.47 3.53 0.0
1.0 3.76 3.24 0.0
1.0 3.45 3.55 0.0
1.0 3.45 3.55 0.0
1.0 3.51 3.49 0.0
1.0 3.49 3.51 0.0
1.0 3.44 3.56 0.0
1.0 3.57 3.43 0.0
1.0 3.06 3.94 0.0
1.0 3.78 3.22 0.0
1.0 3.5 3.5 0.0
1.0 3.36 3.64 0.0
1.0 3.27 3.73 0.0
1.0 3.43 3.57 0.0
1.0 3.51 3.49 0.0
1.0 3.64 3.36 0.0
1.0 3.84 3.16 0.0
1.0 3.41 3.59 0.0
1.0 3.3 3.7 0.0
1.0 3.69 3.31 0.0
1.0 3.88 3.12 0.0
1.0 3.53 3.47 0.0
1.0 3.56 3.44 0.0
1.0 3.42 3.58 0.0
1.0 3.39 3.61 0.0
1.0 3.26 3.74 0.0
1.0 3.67 3.33 0.0
1.0 3.19 3.81 0.0
1.0 3.46 3.54 0.0
1.0 3.47 3.53 0.0
1.0 3.59 3.41 0.0
1.0 3.36 3.64 0.0
1.0 3.51 3.49 0.0
1.0 3.64 3.36 0.0
1.0 3.34 3.66 0.0
1.0 3.48 3.52 0.0
1.0 3.3 3.7 0.0
1.0 3.49 3.51 0.0
1.0 3.37 3.63 0.0
1.0 3.29 3.71 0.0
1.0 3.51 3.49 0.0
1.0 3.42 3.58 0.0
1.0 3.8 3.2 0.0
1.0 3.23 3.77 0.0
1.0 3.54 3.46 0.0
1.0 3.45 3.55 0.0
1.0 3.19 3.81 0.0
1.0 3.38 3.62 0.0
1.0 3.51 3.49 0.0
1.0 3.37 3.63 0.0
1.0 3.63 3.37 0.0
1.0 3.61 3.39 0.0
1.0 3.54 3.46 0.0
1.0 3.29 3.71 0.0
1.0 3.14 3.86 0.0
1.0 3.56 3.44 0.0
1.0 3.36 3.64 0.0
1.0 3.51 3.49 0.0
1.0 3.27 3.73 0.0
1.0 3.64 3.36 0.0
1.0 3.62 3.38 0.0
1.0 3.2 3.8 0.0
1.0 3.63 3.37 0.0
1.0 3.81 3.19 0.0
1.0 3.41 3.59 0.0
1.0 3.57 3.43 0.0
1.0 3.91 3.09 0.0
1.0 3.15 3.85 0.0
1.0 3.45 3.55 0.0
1.0 3.05 3.95 0.0
1.0 3.46 3.54 0.0
1.0 3.29 3.71 0.0
1.0 3.52 3.48 0.0
1.0 3.28 3.72 0.0
1.0 3.47 3.53 0.0
1.0 3.22 3.78 0.0
1.0 3.27 3.73 0.0
1.0 3.48 3.52 0.0
1.0 3.55 3.45 0.0
1.0 3.37 3.63 0.0
1.0 3.35 3.65 0.0
1.0 3.46 3.54 0.0
1.0 3.46 3.54 0.0
1.0 3.42 3.58 0.0
1.0 3.49 3.51 0.0
1.0 3.44 3.56 0.0
1.0 3.55 3.45 0.0
1.0 3.7 3.3 0.0
1.0 3.43 3.57 0.0
1.0 3.86 3.14 0.0
1.0 3.63 3.37 0.0
1.0 3.18 3.82 0.0
1.0 3.63 3.37 0.0
1.0 3.52 3.48 0.0
1.0 3.18 3.82 0.0
1.0 3.44 3.56 0.0
1.0 3.54 3.46 0.0
1.0 3.65 3.35 0.0
1.0 3.38 3.62 0.0
1.0 3.5 3.5 0.0
1.0 3.4 3.6 0.0
1.0 3.36 3.64 0.0
1.0 3.12 3.88 0.0
1.0 3.55 3.45 0.0
1.0 3.29 3.71 0.0
1.0 3.3 3.7 0.0
1.0 3.52 3.48 0.0
1.0 3.43 3.57 0.0
1.0 3.7 3.3 0.0
1.0 3.42 3.58 0.0
1.0 3.3 3.7 0.0
1.0 3.52 3.48 0.0
1.0 3.61 3.39 0.0
1.0 3.63 3.37 0.0
1.0 3.51 3.49 0.0
1.0 3.83 3.17 0.0
1.0 3.69 3.31 0.0
1.0 3.71 3.29 0.0
1.0 3.38 3.62 0.0
1.0 3.55 3.45 0.0
1.0 3.34 3.66 0.0
1.0 3.86 3.14 0.0
1.0 3.21 3.79 0.0
1.0 3.52 3.48 0.0
1.0 3.72 3.28 0.0
1.0 3.62 3.38 0.0
1.0 3.71 3.29 0.0
1.0 3.59 3.41 0.0
1.0 3.7 3.3 0.0
1.0 3.67 3.33 0.0
1.0 3.65 3.35 0.0
1.0 3.31 3.69 0.0
1.0 3.34 3.66 0.0
1.0 3.33 3.67 0.0
1.0 3.57 3.43 0.0
1.0 3.45 3.55 0.0
1.0 3.38 3.62 0.0
1.0 3.4 3.6 0.0
1.0 3.56 3.44 0.0
1.0 3.65 3.35 0.0
1.0 3.44 3.56 0.0
1.0 3.38 3.62 0.0
1.0 3.08 3.92 0.0
1.0 3.68 3.32 0.0
1.0 3.83 3.17 0.0
1.0 3.44 3.56 0.0
1.0 3.37 3.63 0.0
1.0 3.6 3.4 0.0
1.0 3.28 3.72 0.0
1.0 3.74 3.26 0.0
1.0 3.53 3.47 0.0
1.0 3.41 3.59 0.0
1.0 3.77 3.23 0.0
1.0 3.58 3.42 0.0
1.0 3.71 3.29 0.0
1.0 3.47 3.53 0.0
1.0 3.64 3.36 0.0
1.0 3.72 3.28 0.0
1.0 3.52 3.48 0.0
1.0 3.21 3.79 0.0
1.0 3.44 3.56 0.0
1.0 3.45 3.55 0.0
1.0 3.58 3.42 0.0
1.0 3.51 3.49 0.0
1.0 3.29 3.71 0.0
1.0 3.54 3.46 0.0
1.0 3.43 3.57 0.0
1.0 3.77 3.23 0.0
1.0 3.04 3.96 0.0
1.0 3.32 3.68 0.0
1.0 3.29 3.71 0.0
1.0 3.59 3.41 0.0
1.0 3.42 3.58 0.0
1.0 3.51 3.49 0.0
1.0 3.13 3.87 0.0
1.0 3.31 3.69 0.0
1.0 3.04 3.96 0.0
1.0 3.6 3.4 0.0
1.0 3.66 3.34 0.0
1.0 3.6 3.4 0.0
1.0 3.59 3.41 0.0
1.0 3.54 3.46 0.0
1.0 3.41 3.59 0.0
1.0 3.31 3.69 0.0
1.0 3.57 3.43 0.0
1.0 3.37 3.63 0.0
1.0 3.62 3.38 0.0
1.0 3.55 3.45 0.0
1.0 3.23 3.77 0.0
1.0 3.55 3.45 0.0
1.0 3.52 3.48 0.0
1.0 3.44 3.56 0.0
1.0 3.58 3.42 0.0
1.0 3.7 3.3 0.0
1.0 3.83 3.17 0.0
1.0 3.28 3.72 0.0
1.0 3.38 3.62 0.0
1.0 3.35 3.65 0.0
1.0 3.34 3.66 0.0
1.0 3.48 3.52 0.0
1.0 3.37 3.63 0.0
1.0 3.35 3.65 0.0
1.0 3.24 3.76 0.0
1.0 3.43 3.57 0.0
1.0 3.28 3.72 0.0
1.0 3.63 3.37 0.0
1.0 3.88 3.12 0.0
1.0 3.5 3.5 0.0
1.0 3.24 3.76 0.0
1.0 3.8 3.2 0.0
1.0 3.44 3.56 0.0
1.0 3.63 3.37 0.0
1.0 3.51 3.49 0.0
1.0 3.84 3.16 0.0
1.0 3.29 3.71 0.0
1.0 3.31 3.69 0.0
1.0 3.54 3.46 0.0
1.0 3.5 3.5 0.0
1.0 3.54 3.46 0.0
1.0 3.62 3.38 0.0
1.0 3.39 3.61 0.0
1.0 3.46 3.54 0.0
1.0 3.78 3.22 0.0
1.0 3.5 3.5 0.0
1.0 3.37 3.63 0.0
1.0 3.57 3.43 0.0
1.0 3.25 3.75 0.0
1.0 3.47 3.53 0.0
1.0 3.51 3.49 0.0
1.0 3.64 3.36 0.0
1.0 3.73 3.27 0.0
1.0 3.59 3.41 0.0
1.0 3.5 3.5 0.0
1.0 3.49 3.51 0.0
1.0 3.42 3.58 0.0
1.0 3.77 3.23 0.0
1.0 3.56 3.44 0.0
1.0 3.4 3.6 0.0
1.0 3.68 3.32 0.0
1.0 3.6 3.4 0.0
1.0 3.77 3.23 0.0
1.0 3.37 3.63 0.0
1.0 3.56 3.44 0.0
1.0 3.45 3.55 0.0
1.0 3.85 3.15 0.0
1.0 3.61 3.39 0.0
1.0 3.59 3.41 0.0
1.0 3.48 3.52 0.0
1.0 3.68 3.32 0.0
1.0 3.68 3.32 0.0
1.0 3.47 3.53 0.0
1.0 3.53 3.47 0.0
1.0 3.52 3.48 0.0
1.0 3.35 3.65 0.0
1.0 3.33 3.67 0.0
1.0 3.68 3.32 0.0
1.0 3.41 3.59 0.0
1.0 3.63 3.37 0.0
1.0 3.67 3.33 0.0
1.0 3.47 3.53 0.0
1.0 3.62 3.38 0.0
1.0 3.47 3.53 0.0
1.0 3.62 3.38 0.0
1.0 3.36 3.64 0.0
1.0 3.5 3.5 0.0
1.0 3.57 3.43 0.0
1.0 3.61 3.39 0.0
1.0 3.44 3.56 0.0
1.0 3.62 3.38 0.0
1.0 3.69 3.31 0.0
1.0 3.66 3.34 0.0
1.0 3.72 3.28 0.0
1.0 3.47 3.53 0.0
1.0 3.06 3.94 0.0
1.0 3.57 3.43 0.0
1.0 3.55 3.45 0.0
1.0 4.16 2.84 0.0
1.0 3.77 3.23 0.0
1.0 3.77 3.23 0.0
1.0 3.32 3.68 0.0
1.0 3.47 3.53 0.0
1.0 3.81 3.19 0.0
1.0 3.55 3.45 0.0
1.0 3.61 3.39 0.0
1.0 3.3 3.7 0.0
1.0 3.59 3.41 0.0
1.0 3.57 3.43 0.0
1.0 3.36 3.64 0.0
1.0 3.18 3.82 0.0
1.0 3.44 3.56 0.0
1.0 3.18 3.82 0.0
1.0 3.33 3.67 0.0
1.0 3.38 3.62 0.0
1.0 3.63 3.37 0.0
1.0 3.41 3.59 0.0
1.0 3.51 3.49 0.0
1.0 3.49 3.51 0.0
1.0 3.55 3.45 0.0
1.0 3.6 3.4 0.0
1.0 3.74 3.26 0.0
1.0 3.42 3.58 0.0
1.0 3.7 3.3 0.0
1.0 3.53 3.47 0.0
1.0 3.5 3.5 0.0
1.0 3.5 3.5 0.0
1.0 3.59 3.41 0.0
1.0 3.78 3.22 0.0
1.0 3.82 3.18 0.0
1.0 3.3 3.7 0.0
1.0 3.58 3.42 0.0
1.0 3.45 3.55 0.0
1.0 3.37 3.63 0.0
1.0 3.35 3.65 0.0
1.0 3.33 3.67 0.0
1.0 3.32 3.68 0.0
1.0 3.61 3.39 0.0
1.0 3.47 3.53 0.0
1.0 3.64 3.36 0.0
1.0 3.34 3.66 0.0
1.0 3.58 3.42 0.0
1.0 3.6 3.4 0.0
1.0 3.55 3.45 0.0
1.0 3.52 3.48 0.0
1.0 3.71 3.29 0.0
1.0 3.3 3.7 0.0
1.0 3.29 3.71 0.0
1.0 3.56 3.44 0.0
1.0 3.72 3.28 0.0
1.0 3.47 3.53 0.0
1.0 3.13 3.87 0.0
1.0 3.17 3.83 0.0
1.0 3.45 3.55 0.0
1.0 3.55 3.45 0.0
1.0 3.31 3.69 0.0
1.0 3.28 3.72 0.0
1.0 3.46 3.54 0.0
1.0 3.39 3.61 0.0
1.0 3.54 3.46 0.0
1.0 3.26 3.74 0.0
1.0 3.49 3.51 0.0
1.0 3.4 3.6 0.0
1.0 3.24 3.76 0.0
1.0 3.16 3.84 0.0
1.0 3.24 3.76 0.0
1.0 3.39 3.61 0.0
1.0 3.72 3.28 0.0
1.0 3.6 3.4 0.0
1.0 3.43 3.57 0.0
1.0 3.64 3.36 0.0
1.0 3.34 3.66 0.0
1.0 3.58 3.42 0.0
1.0 3.59 3.41 0.0
1.0 3.55 3.45 0.0
1.0 3.27 3.73 0.0
1.0 3.8 3.2 0.0
1.0 3.48 3.52 0.0
1.0 3.41 3.59 0.0
1.0 3.63 3.37 0.0
1.0 3.59 3.41 0.0
1.0 3.75 3.25 0.0
1.0 3.66 3.34 0.0
1.0 3.56 3.44 0.0
1.0 3.37 3.63 0.0
1.0 3.55 3.45 0.0
1.0 3.56 3.44 0.0
1.0 3.14 3.86 0.0
1.0 3.18 3.82 0.0
1.0 3.31 3.69 0.0
1.0 3.6 3.4 0.0
1.0 3.67 3.33 0.0
1.0 3.46 3.54 0.0
1.0 3.28 3.72 0.0
1.0 3.63 3.37 0.0
1.0 3.76 3.24 0.0
1.0 3.39 3.61 0.0
1.0 3.47 3.53 0.0
1.0 3.39 3.61 0.0
1.0 3.36 3.64 0.0
1.0 3.39 3.61 0.0
1.0 3.76 3.24 0.0
1.0 3.57 3.43 0.0
1.0 3.59 3.41 0.0
1.0 3.58 3.42 0.0
1.0 3.43 3.57 0.0
1.0 3.33 3.67 0.0
1.0 3.94 3.06 0.0
1.0 3.47 3.53 0.0
1.0 3.61 3.39 0.0
1.0 3.54 3.46 0.0
1.0 3.3 3.7 0.0
1.0 3.54 3.46 0.0
1.0 3.34 3.66 0.0
1.0 3.48 3.52 0.0
1.0 3.52 3.48 0.0
1.0 3.55 3.45 0.0
1.0 3.61 3.39 0.0
1.0 3.34 3.66 0.0
1.0 3.32 3.68 0.0
1.0 3.53 3.47 0.0
1.0 3.35 3.65 0.0
1.0 3.36 3.64 0.0
1.0 3.72 3.28 0.0
1.0 3.63 3.37 0.0
1.0 3.67 3.33 0.0
1.0 3.65 3.35 0.0
1.0 3.46 3.54 0.0
1.0 3.77 3.23 0.0
1.0 3.45 3.55 0.0
1.0 3.36 3.64 0.0
1.0 3.44 3.56 0.0
1.0 3.05 3.95 0.0
1.0 4.05 2.95 0.0
1.0 3.62 3.38 0.0
1.0 3.26 3.74 0.0
1.0 3.83 3.17 0.0
1.0 3.38 3.62 0.0
1.0 3.86 3.14 0.0
1.0 3.66 3.34 0.0
1.0 3.28 3.72 0.0
1.0 3.64 3.36 0.0
1.0 3.44 3.56 0.0
1.0 3.59 3.41 0.0
1.0 3.65 3.35 0.0
1.0 3.59 3.41 0.0
1.0 3.32 3.68 0.0
1.0 3.62 3.38 0.0
1.0 3.54 3.46 0.0
1.0 3.7 3.3 0.0
1.0 3.63 3.37 0.0
1.0 3.5 3.5 0.0
1.0 3.41 3.59 0.0
1.0 3.56 3.44 0.0
1.0 3.41 3.59 0.0
1.0 3.35 3.65 0.0
1.0 3.58 3.42 0.0
1.0 3.62 3.38 0.0
1.0 3.72 3.28 0.0
1.0 3.5 3.5 0.0
1.0 3.65 3.35 0.0
1.0 3.11 3.89 0.0
1.0 3.3 3.7 0.0
1.0 3.51 3.49 0.0
1.0 3.73 3.27 0.0
1.0 3.45 3.55 0.0
1.0 3.73 3.27 0.0
1.0 3.61 3.39 0.0
1.0 3.46 3.54 0.0
1.0 3.61 3.39 0.0
1.0 3.47 3.53 0.0
1.0 3.61 3.39 0.0
1.0 3.59 3.41 0.0
1.0 3.34 3.66 0.0
1.0 3.52 3.48 0.0
1.0 3.6 3.4 0.0
1.0 3.75 3.25 0.0
1.0 3.84 3.16 0.0
1.0 3.35 3.65 0.0
1.0 3.44 3.56 0.0
1.0 3.46 3.54 0.0
1.0 3.39 3.61 0.0
1.0 3.48 3.52 0.0
1.0 3.19 3.81 0.0
1.0 3.23 3.77 0.0
1.0 3.53 3.47 0.0
1.0 3.57 3.43 0.0
1.0 3.71 3.29 0.0
1.0 3.53 3.47 0.0
1.0 3.53 3.47 0.0
1.0 3.55 3.45 0.0
1.0 3.39 3.61 0.0
1.0 3.4 3.6 0.0
1.0 3.4 3.6 0.0
1.0 3.5 3.5 0.0
1.0 3.29 3.71 0.0
1.0 3.49 3.51 0.0
1.0 3.51 3.49 0.0
1.0 3.3 3.7 0.0
1.0 3.78 3.22 0.0
1.0 3.64 3.36 0.0
1.0 3.47 3.53 0.0
1.0 3.67 3.33 0.0
1.0 3.19 3.81 0.0
1.0 3.58 3.42 0.0
1.0 3.56 3.44 0.0
1.0 3.67 3.33 0.0
1.0 3.4 3.6 0.0
1.0 3.57 3.43 0.0
1.0 3.53 3.47 0.0
1.0 3.53 3.47 0.0
1.0 3.35 3.65 0.0
1.0 3.45 3.55 0.0
1.0 3.64 3.36 0.0
1.0 3.85 3.15 0.0
1.0 3.32 3.68 0.0
1.0 3.49 3.51 0.0
1.0 3.44 3.56 0.0
1.0 3.81 3.19 0.0
1.0 3.86 3.14 0.0
1.0 3.34 3.66 0.0
1.0 3.31 3.69 0.0
1.0 3.72 3.28 0.0
1.0 3.75 3.25 0.0
1.0 3.61 3.39 0.0
1.0 3.46 3.54 0.0
1.0 3.52 3.48 0.0
1.0 3.5 3.5 0.0
1.0 3.49 3.51 0.0
1.0 3.27 3.73 0.0
1.0 3.67 3.33 0.0
1.0 3.49 3.51 0.0
1.0 3.47 3.53 0.0
1.0 3.41 3.59 0.0
1.0 3.21 3.79 0.0
1.0 3.52 3.48 0.0
1.0 3.35 3.65 0.0
1.0 3.47 3.53 0.0
1.0 3.79 3.21 0.0
1.0 3.17 3.83 0.0
1.0 3.74 3.26 0.0
1.0 3.6 3.4 0.0
1.0 3.48 3.52 0.0
1.0 3.48 3.52 0.0
1.0 3.8 3.2 0.0
1.0 3.33 3.67 0.0
1.0 3.29 3.71 0.0
1.0 3.48 3.52 0.0
1.0 3.66 3.34 0.0
1.0 3.52 3.48 0.0
1.0 3.59 3.41 0.0
1.0 3.52 3.48 0.0
1.0 3.5 3.5 0.0
1.0 3.35 3.65 0.0
1.0 3.46 3.54 0.0
1.0 3.54 3.46 0.0
1.0 3.35 3.65 0.0
1.0 3.69 3.31 0.0
1.0 3.3 3.7 0.0
1.0 3.59 3.41 0.0
1.0 3.54 3.46 0.0
1.0 3.69 3.31 0.0
1.0 3.46 3.54 0.0
1.0 3.79 3.21 0.0
1.0 3.23 3.77 0.0
1.0 3.48 3.52 0.0
1.0 3.17 3.83 0.0
1.0 3.56 3.44 0.0
1.0 3.47 3.53 0.0
1.0 3.8 3.2 0.0
1.0 3.37 3.63 0.0
1.0 3.63 3.37 0.0
1.0 3.25 3.75 0.0
1.0 3.63 3.37 0.0
1.0 3.66 3.34 0.0
1.0 3.34 3.66 0.0
1.0 3.5 3.5 0.0
1.0 3.54 3.46 0.0
1.0 3.36 3.64 0.0
1.0 3.42 3.58 0.0
1.0 3.37 3.63 0.0
1.0 3.75 3.25 0.0
1.0 3.55 3.45 0.0
1.0 3.31 3.69 0.0
1.0 3.65 3.35 0.0
1.0 3.36 3.64 0.0
1.0 3.15 3.85 0.0
1.0 3.47 3.53 0.0
1.0 3.34 3.66 0.0
1.0 3.72 3.28 0.0
1.0 3.41 3.59 0.0
1.0 3.63 3.37 0.0
1.0 2.99 4.01 0.0
1.0 3.62 3.38 0.0
1.0 3.4 3.6 0.0
1.0 3.67 3.33 0.0
1.0 3.25 3.75 0.0
1.0 3.62 3.38 0.0
1.0 3.36 3.64 0.0
1.0 3.23 3.77 0.0
1.0 3.81 3.19 0.0
1.0 3.34 3.66 0.0
1.0 3.34 3.66 0.0
1.0 3.41 3.59 0.0
1.0 3.37 3.63 0.0
1.0 3.72 3.28 0.0
1.0 3.45 3.55 0.0
1.0 3.55 3.45 0.0
1.0 3.69 3.31 0.0
1.0 3.45 3.55 0.0
1.0 3.54 3.46 0.0
1.0 3.56 3.44 0.0
1.0 3.51 3.49 0.0
1.0 3.34 3.66 0.0
1.0 3.47 3.53 0.0
1.0 3.21 3.79 0.0
1.0 3.6 3.4 0.0
1.0 3.63 3.37 0.0
1.0 3.55 3.45 0.0
1.0 3.35 3.65 0.0
1.0 3.16 3.84 0.0
1.0 3.12 3.88 0.0
1.0 3.49 3.51 0.0
1.0 3.46 3.54 0.0
1.0 3.49 3.51 0.0
1.0 3.63 3.37 0.0
1.0 3.63 3.37 0.0
1.0 3.86 3.14 0.0
1.0 3.13 3.87 0.0
1.0 3.58 3.42 0.0
1.0 3.63 3.37 0.0
1.0 3.43 3.57 0.0
1.0 3.73 3.27 0.0
1.0 3.49 3.51 0.0
1.0 3.53 3.47 0.0
1.0 3.37 3.63 0.0
1.0 3.62 3.38 0.0
1.0 3.4 3.6 0.0
1.0 3.47 3.53 0.0
1.0 3.61 3.39 0.0
1.0 3.42 3.58 0.0
1.0 3.55 3.45 0.0
1.0 3.67 3.33 0.0
1.0 3.71 3.29 0.0
1.0 3.69 3.31 0.0
1.0 3.37 3.63 0.0
1.0 3.31 3.69 0.0
1.0 3.36 3.64 0.0
1.0 3.43 3.57 0.0
1.0 3.33 3.67 0.0
1.0 3.39 3.61 0.0
1.0 3.46 3.54 0.0
1.0 3.34 3.66 0.0
1.0 3.4 3.6 0.0
1.0 3.59 3.41 0.0
1.0 3.42 3.58 0.0
1.0 3.72 3.28 0.0
1.0 3.59 3.41 0.0
1.0 3.55 3.45 0.0
1.0 3.43 3.57 0.0
1.0 3.35 3.65 0.0
1.0 3.3 3.7 0.0
1.0 3.3 3.7 0.0
1.0 3.79 3.21 0.0
1.0 3.38 3.62 0.0
1.0 3.73 3.27 0.0
1.0 3.73 3.27 0.0
1.0 3.72 3.28 0.0
1.0 3.4 3.6 0.0
1.0 3.49 3.51 0.0
1.0 3.57 3.43 0.0
1.0 3.32 3.68 0.0
1.0 3.55 3.45 0.0
1.0 3.56 3.44 0.0
1.0 3.32 3.68 0.0
1.0 3.47 3.53 0.0
1.0 3.61 3.39 0.0
1.0 3.57 3.43 0.0
1.0 3.38 3.62 0.0
1.0 3.26 3.74 0.0
1.0 3.38 3.62 0.0
1.0 3.34 3.66 0.0
1.0 3.05 3.95 0.0
1.0 3.42 3.58 0.0
1.0 3.56 3.44 0.0
1.0 3.35 3.65 0.0
1.0 3.51 3.49 0.0
1.0 3.76 3.24 0.0
1.0 3.27 3.73 0.0
1.0 3.57 3.43 0.0
1.0 3.47 3.53 0.0
1.0 3.33 3.67 0.0
1.0 3.63 3.37 0.0
1.0 3.37 3.63 0.0
1.0 3.51 3.49 0.0
1.0 3.78 3.22 0.0
1.0 3.67 3.33 0.0
1.0 3.62 3.38 0.0
1.0 3.5 3.5 0.0
1.0 3.38 3.62 0.0
1.0 3.4 3.6 0.0
1.0 3.52 3.48 0.0
1.0 3.3 3.7 0.0
1.0 3.57 3.43 0.0
1.0 3.31 3.69 0.0
1.0 3.37 3.63 0.0
1.0 3.59 3.41 0.0
1.0 3.69 3.31 0.0
1.0 3.61 3.39 0.0
1.0 3.25 3.75 0.0
1.0 3.46 3.54 0.0
1.0 3.61 3.39 0.0
1.0 3.65 3.35 0.0
1.0 3.55 3.45 0.0
1.0 3.45 3.55 0.0
1.0 3.61 3.39 0.0
1.0 3.3 3.7 0.0
1.0 3.64 3.36 0.0
1.0 3.44 3.56 0.0
1.0 3.76 3.24 0.0
1.0 3.53 3.47 0.0
1.0 3.66 3.34 0.0
1.0 3.31 3.69 0.0
1.0 3.11 3.89 0.0
1.0 3.3 3.7 0.0
1.0 3.27 3.73 0.0
1.0 3.55 3.45 0.0
1.0 3.58 3.42 0.0
1.0 3.48 3.52 0.0
1.0 3.73 3.27 0.0
1.0 3.63 3.37 0.0
1.0 3.68 3.32 0.0
1.0 3.57 3.43 0.0
1.0 3.51 3.49 0.0
1.0 3.59 3.41 0.0
1.0 3.41 3.59 0.0
1.0 3.59 3.41 0.0
1.0 3.17 3.83 0.0
1.0 3.88 3.12 0.0
1.0 3.29 3.71 0.0
1.0 3.43 3.57 0.0
1.0 3.53 3.47 0.0
1.0 3.48 3.52 0.0
1.0 3.26 3.74 0.0
1.0 3.44 3.56 0.0
1.0 3.53 3.47 0.0
1.0 3.7 3.3 0.0
1.0 3.64 3.36 0.0
1.0 3.41 3.59 0.0
1.0 3.47 3.53 0.0
1.0 3.46 3.54 0.0
1.0 3.08 3.92 0.0
1.0 3.51 3.49 0.0
1.0 3.78 3.22 0.0
1.0 3.54 3.46 0.0
1.0 3.62 3.38 0.0
1.0 3.46 3.54 0.0
1.0 3.43 3.57 0.0
1.0 3.59 3.41 0.0
1.0 3.46 3.54 0.0
1.0 3.53 3.47 0.0
1.0 3.9 3.1 0.0
1.0 3.5 3.5 0.0
1.0 3.57 3.43 0.0
1.0 3.61 3.39 0.0
1.0 3.37 3.63 0.0
1.0 3.69 3.31 0.0
1.0 3.56 3.44 0.0
1.0 3.49 3.51 0.0
1.0 3.73 3.27 0.0
1.0 3.34 3.66 0.0
1.0 3.48 3.52 0.0
1.0 3.46 3.54 0.0
1.0 3.36 3.64 0.0
1.0 3.23 3.77 0.0
1.0 3.43 3.57 0.0
1.0 3.41 3.59 0.0
1.0 3.5 3.5 0.0
1.0 3.41 3.59 0.0
1.0 3.51 3.49 0.0
1.0 3.53 3.47 0.0
1.0 3.5 3.5 0.0
1.0 3.49 3.51 0.0
1.0 3.6 3.4 0.0
1.0 3.54 3.46 0.0
1.0 3.03 3.97 0.0
1.0 3.54 3.46 0.0
1.0 3.65 3.35 0.0
1.0 3.35 3.65 0.0
1.0 3.43 3.57 0.0
1.0 3.26 3.74 0.0
1.0 3.67 3.33 0.0
1.0 3.6 3.4 0.0
1.0 3.62 3.38 0.0
1.0 3.47 3.53 0.0
1.0 3.5 3.5 0.0
1.0 3.34 3.66 0.0
1.0 3.58 3.42 0.0
1.0 4.06 2.94 0.0
1.0 3.71 3.29 0.0
1.0 3.4 3.6 0.0
1.0 3.54 3.46 0.0
1.0 3.35 3.65 0.0
1.0 3.45 3.55 0.0
1.0 3.69 3.31 0.0
1.0 3.42 3.58 0.0
1.0 3.56 3.44 0.0
1.0 3.61 3.39 0.0
1.0 3.81 3.19 0.0
1.0 3.57 3.43 0.0
1.0 3.29 3.71 0.0
1.0 3.59 3.41 0.0
1.0 3.78 3.22 0.0
1.0 3.28 3.72 0.0
1.0 3.79 3.21 0.0
1.0 3.37 3.63 0.0
1.0 3.53 3.47 0.0
1.0 3.58 3.42 0.0
1.0 3.82 3.18 0.0
1.0 3.85 3.15 0.0
1.0 3.54 3.46 0.0
1.0 3.66 3.34 0.0
1.0 3.2 3.8 0.0
1.0 3.23 3.77 0.0
1.0 3.64 3.36 0.0
1.0 3.77 3.23 0.0
1.0 3.51 3.49 0.0
1.0 3.5 3.5 0.0
1.0 3.46 3.54 0.0
1.0 3.54 3.46 0.0
1.0 3.71 3.29 0.0
1.0 3.55 3.45 0.0
1.0 3.27 3.73 0.0
1.0 3.73 3.27 0.0
1.0 3.53 3.47 0.0
1.0 3.67 3.33 0.0
1.0 3.42 3.58 0.0
1.0 3.29 3.71 0.0
1.0 3.48 3.52 0.0
1.0 3.61 3.39 0.0
1.0 3.33 3.67 0.0
1.0 3.19 3.81 0.0
1.0 3.57 3.43 0.0
1.0 3.47 3.53 0.0
1.0 3.47 3.53 0.0
1.0 3.38 3.62 0.0
1.0 3.41 3.59 0.0
1.0 3.51 3.49 0.0
1.0 3.64 3.36 0.0
1.0 3.45 3.55 0.0
1.0 3.52 3.48 0.0
1.0 3.43 3.57 0.0
1.0 3.43 3.57 0.0
1.0 3.57 3.43 0.0
1.0 3.24 3.76 0.0
1.0 3.67 3.33 0.0
1.0 3.26 3.74 0.0
1.0 3.52 3.48 0.0
1.0 3.7 3.3 0.0
1.0 3.56 3.44 0.0
1.0 3.5 3.5 0.0
1.0 3.41 3.59 0.0
1.0 3.77 3.23 0.0
1.0 3.48 3.52 0.0
1.0 3.65 3.35 0.0
1.0 3.56 3.44 0.0
1.0 3.54 3.46 0.0
1.0 3.39 3.61 0.0
1.0 3.18 3.82 0.0
1.0 3.53 3.47 0.0
1.0 3.5 3.5 0.0
1.0 3.45 3.55 0.0
1.0 3.5 3.5 0.0
1.0 3.22 3.78 0.0
1.0 3.59 3.41 0.0
1.0 3.49 3.51 0.0
1.0 3.5 3.5 0.0
1.0 3.51 3.49 0.0
1.0 3.4 3.6 0.0
1.0 3.64 3.36 0.0
1.0 3.39 3.61 0.0
1.0 3.58 3.42 0.0
1.0 3.56 3.44 0.0
1.0 3.34 3.66 0.0
1.0 3.87 3.13 0.0
1.0 3.51 3.49 0.0
1.0 3.4 3.6 0.0
1.0 4.03 2.97 0.0
1.0 3.66 3.34 0.0
1.0 3.52 3.48 0.0
1.0 3.47 3.53 0.0
1.0 3.49 3.51 0.0
1.0 3.63 3.37 0.0
1.0 3.36 3.64 0.0
1.0 3.63 3.37 0.0
1.0 3.67 3.33 0.0
1.0 3.62 3.38 0.0
1.0 3.48 3.52 0.0
1.0 3.64 3.36 0.0
1.0 3.37 3.63 0.0
1.0 3.69 3.31 0.0
1.0 3.37 3.63 0.0
1.0 3.27 3.73 0.0
1.0 3.41 3.59 0.0
1.0 3.55 3.45 0.0
1.0 3.74 3.26 0.0
1.0 3.18 3.82 0.0
1.0 3.62 3.38 0.0
1.0 3.56 3.44 0.0
1.0 3.34 3.66 0.0
1.0 3.66 3.34 0.0
1.0 3.36 3.64 0.0
1.0 3.54 3.46 0.0
1.0 3.38 3.62 0.0
1.0 3.75 3.25 0.0
1.0 3.56 3.44 0.0
1.0 3.47 3.53 0.0
1.0 3.52 3.48 0.0
1.0 3.77 3.23 0.0
1.0 3.51 3.49 0.0
1.0 3.39 3.61 0.0
1.0 3.41 3.59 0.0
1.0 3.56 3.44 0.0
1.0 3.47 3.53 0.0
1.0 3.3 3.7 0.0
1.0 3.32 3.68 0.0
1.0 3.39 3.61 0.0
1.0 3.45 3.55 0.0
1.0 3.43 3.57 0.0
1.0 3.45 3.55 0.0
1.0 3.38 3.62 0.0
1.0 3.24 3.76 0.0
1.0 3.36 3.64 0.0
1.0 3.84 3.16 0.0
1.0 3.44 3.56 0.0
1.0 3.44 3.56 0.0
1.0 3.26 3.74 0.0
1.0 3.41 3.59 0.0
1.0 3.64 3.36 0.0
1.0 3.44 3.56 0.0
1.0 3.27 3.73 0.0
1.0 3.8 3.2 0.0
1.0 3.14 3.86 0.0
1.0 3.17 3.83 0.0
1.0 3.54 3.46 0.0
1.0 3.48 3.52 0.0
1.0 3.46 3.54 0.0
1.0 3.8 3.2 0.0
1.0 3.49 3.51 0.0
1.0 3.21 3.79 0.0
1.0 3.39 3.61 0.0
1.0 3.76 3.24 0.0
1.0 3.47 3.53 0.0
1.0 3.47 3.53 0.0
1.0 3.43 3.57 0.0
1.0 3.33 3.67 0.0
1.0 3.4 3.6 0.0
1.0 3.36 3.64 0.0
1.0 3.26 3.74 0.0
1.0 3.81 3.19 0.0
1.0 3.2 3.8 0.0
1.0 3.4 3.6 0.0
1.0 3.86 3.14 0.0
1.0 3.47 3.53 0.0
1.0 3.03 3.97 0.0
1.0 3.11 3.89 0.0
1.0 3.54 3.46 0.0
1.0 3.42 3.58 0.0
1.0 3.59 3.41 0.0
1.0 3.65 3.35 0.0
1.0 3.56 3.44 0.0
1.0 3.44 3.56 0.0
1.0 3.7 3.3 0.0
1.0 3.42 3.58 0.0
1.0 3.56 3.44 0.0
1.0 3.57 3.43 0.0
1.0 3.71 3.29 0.0
1.0 3.51 3.49 0.0
1.0 3.65 3.35 0.0
1.0 3.22 3.78 0.0
1.0 3.37 3.63 0.0
1.0 3.66 3.34 0.0
1.0 3.45 3.55 0.0
1.0 3.66 3.34 0.0
1.0 3.59 3.41 0.0
1.0 3.63 3.37 0.0
1.0 3.61 3.39 0.0
1.0 3.32 3.68 0.0
1.0 3.34 3.66 0.0
1.0 3.62 3.38 0.0
1.0 3.27 3.73 0.0
1.0 3.35 3.65 0.0
1.0 3.57 3.43 0.0
1.0 3.74 3.26 0.0
1.0 3.27 3.73 0.0
1.0 3.57 3.43 0.0
1.0 3.43 3.57 0.0
1.0 3.38 3.62 0.0
1.0 3.47 3.53 0.0
1.0 3.44 3.56 0.0
1.0 3.54 3.46 0.0
1.0 3.3 3.7 0.0
1.0 3.4 3.6 0.0
1.0 3.53 3.47 0.0
1.0 3.14 3.86 0.0
1.0 3.12 3.88 0.0
1.0 3.81 3.19 0.0
1.0 3.65 3.35 0.0
1.0 3.28 3.72 0.0
1.0 3.44 3.56 0.0
1.0 3.49 3.51 0.0
1.0 3.41 3.59 0.0
1.0 3.43 3.57 0.0
1.0 3.76 3.24 0.0
1.0 3.62 3.38 0.0
1.0 3.65 3.35 0.0
1.0 3.44 3.56 0.0
1.0 3.68 3.32 0.0
1.0 3.33 3.67 0.0
1.0 3.41 3.59 0.0
1.0 3.44 3.56 0.0
1.0 3.05 3.95 0.0
1.0 3.62 3.38 0.0
1.0 3.52 3.48 0.0
1.0 3.22 3.78 0.0
1.0 3.44 3.56 0.0
1.0 3.33 3.67 0.0
1.0 3.52 3.48 0.0
1.0 3.73 3.27 0.0
1.0 3.55 3.45 0.0
1.0 3.44 3.56 0.0
1.0 3.53 3.47 0.0
1.0 3.74 3.26 0.0
1.0 3.6 3.4 0.0
1.0 3.32 3.68 0.0
1.0 3.64 3.36 0.0
1.0 3.63 3.37 0.0
1.0 3.48 3.52 0.0
1.0 3.36 3.64 0.0
1.0 3.35 3.65 0.0
1.0 3.47 3.53 0.0
1.0 3.55 3.45 0.0
1.0 3.35 3.65 0.0
1.0 3.33 3.67 0.0
1.0 3.6 3.4 0.0
1.0 3.35 3.65 0.0
1.0 3.6 3.4 0.0
1.0 3.75 3.25 0.0
1.0 3.51 3.49 0.0
1.0 3.68 3.32 0.0
1.0 3.63 3.37 0.0
1.0 3.43 3.57 0.0
1.0 3.47 3.53 0.0
1.0 3.45 3.55 0.0
1.0 3.59 3.41 0.0
1.0 3.69 3.31 0.0
1.0 3.43 3.57 0.0
1.0 3.62 3.38 0.0
1.0 3.5 3.5 0.0
1.0 3.23 3.77 0.0
1.0 3.44 3.56 0.0
1.0 3.73 3.27 0.0
1.0 3.72 3.28 0.0
1.0 3.75 3.25 0.0
1.0 3.78 3.22 0.0
1.0 3.42 3.58 0.0
1.0 3.4 3.6 0.0
1.0 3.71 3.29 0.0
1.0 3.2 3.8 0.0
1.0 3.2 3.8 0.0
1.0 3.33 3.67 0.0
1.0 3.69 3.31 0.0
1.0 3.36 3.64 0.0
1.0 3.3 3.7 0.0
1.0 3.51 3.49 0.0
1.0 3.52 3.48 0.0
1.0 3.53 3.47 0.0
1.0 3.82 3.18 0.0
1.0 3.53 3.47 0.0
1.0 3.52 3.48 0.0
1.0 3.48 3.52 0.0
1.0 3.31 3.69 0.0
1.0 3.45 3.55 0.0
1.0 3.51 3.49 0.0
1.0 3.51 3.49 0.0
1.0 3.75 3.25 0.0
1.0 3.17 3.83 0.0
1.0 3.16 3.84 0.0
1.0 3.57 3.43 0.0
1.0 3.38 3.62 0.0
1.0 3.48 3.52 0.0
1.0 3.58 3.42 0.0
1.0 3.5 3.5 0.0
1.0 3.6 3.4 0.0
1.0 3.69 3.31 0.0
1.0 3.53 3.47 0.0
1.0 3.64 3.36 0.0
1.0 3.66 3.34 0.0
1.0 3.65 3.35 0.0
1.0 3.77 3.23 0.0
1.0 3.76 3.24 0.0
1.0 3.74 3.26 0.0
1.0 3.64 3.36 0.0
1.0 3.76 3.24 0.0
1.0 3.56 3.44 0.0
1.0 3.55 3.45 0.0
1.0 3.44 3.56 0.0
1.0 3.37 3.63 0.0
1.0 3.69 3.31 0.0
1.0 3.43 3.57 0.0
1.0 3.67 3.33 0.0
1.0 3.73 3.27 0.0
1.0 3.42 3.58 0.0
1.0 3.37 3.63 0.0
1.0 3.5 3.5 0.0
1.0 3.46 3.54 0.0
1.0 3.73 3.27 0.0
1.0 3.55 3.45 0.0
1.0 3.74 3.26 0.0
1.0 3.43 3.57 0.0
1.0 3.5 3.5 0.0
1.0 3.53 3.47 0.0
1.0 3.27 3.73 0.0
1.0 3.27 3.73 0.0
1.0 3.4 3.6 0.0
1.0 3.75 3.25 0.0
1.0 3.7 3.3 0.0
1.0 3.52 3.48 0.0
1.0 3.65 3.35 0.0
1.0 3.28 3.72 0.0
1.0 3.57 3.43 0.0
1.0 3.66 3.34 0.0
1.0 3.69 3.31 0.0
1.0 3.73 3.27 0.0
1.0 3.61 3.39 0.0
1.0 3.63 3.37 0.0
1.0 3.59 3.41 0.0
1.0 3.5 3.5 0.0
1.0 3.37 3.63 0.0
1.0 3.7 3.3 0.0
1.0 3.76 3.24 0.0
1.0 3.64 3.36 0.0
1.0 3.39 3.61 0.0
1.0 3.69 3.31 0.0
1.0 3.67 3.33 0.0
1.0 3.496356 3.503644 0.0
