4.74 4.58 8.48 8.06
4.58 2.8 10.16 7.96
4.62 3.16 10.06 8.22
4.82 3.8 9.32 8.12
4.76 4.06 8.8 7.86
4.86 3.9 9.28 8.18
4.86 3.52 9.58 8.1
4.62 2.96 10.42 8.38
4.8 3.56 9.56 8.12
4.72 3.68 9.8 8.48
4.62 2.96 9.54 7.5
4.74 3.88 8.82 7.7
4.74 3.08 10.08 8.16
4.78 4.12 9.08 8.2
4.8 3.32 9.68 8.0
4.66 3.9 8.88 7.78
4.78 3.64 9.56 8.2
4.78 3.18 9.96 8.14
4.72 3.32 9.74 8.06
4.8 3.36 10.14 8.5
4.74 3.1 9.24 7.34
4.76 3.52 9.26 7.78
4.7 2.52 10.26 7.78
4.74 3.28 9.52 7.8
4.76 3.4 9.92 8.32
4.7 2.88 9.24 7.12
4.74 3.16 10.0 8.16
4.72 2.8 10.3 8.1
4.72 3.58 9.72 8.3
4.86 3.48 8.3 6.78
4.84 3.38 9.92 8.3
4.78 3.6 9.32 7.92
4.66 3.56 9.72 8.28
4.86 4.78 8.5 8.28
4.78 3.74 8.88 7.62
4.66 3.46 9.96 8.42
4.7 3.4 10.4 8.8
4.78 2.98 9.8 7.78
4.74 3.52 9.82 8.34
4.84 4.24 8.84 8.08
4.8 3.96 9.06 8.02
4.78 2.76 10.2 7.96
4.72 3.48 9.56 8.04
4.7 3.82 9.32 8.14
4.82 3.04 9.94 7.98
4.74 3.7 9.58 8.28
4.8 3.36 9.2 7.56
4.7 3.94 9.02 7.96
4.7 2.92 10.0 7.92
4.76 3.26 9.86 8.12
4.74 4.02 9.38 8.4
4.7 2.98 10.2 8.18
4.82 3.72 9.26 7.98
4.68 3.18 10.56 8.74
4.74 3.18 9.5 7.68
4.7 3.44 9.56 8.0
4.7 3.58 9.44 8.02
4.8 3.66 9.14 7.8
4.88 3.7 9.42 8.12
4.76 4.0 9.1 8.1
4.7 3.84 8.86 7.7
4.74 4.0 8.82 7.82
4.88 4.68 8.78 8.46
4.68 2.94 10.38 8.32
4.72 3.3 9.82 8.12
4.84 3.54 9.2 7.74
4.62 3.48 9.78 8.26
4.68 2.74 10.22 7.96
4.64 2.46 10.48 7.94
4.7 4.26 9.42 8.68
4.74 3.48 9.8 8.28
4.68 3.22 9.92 8.14
4.76 3.98 9.58 8.56
4.84 2.94 10.02 7.96
4.8 3.74 9.06 7.8
4.9 4.2 9.04 8.24
4.78 3.38 9.5 7.88
4.7 3.7 10.4 9.1
4.82 3.1 9.9 8.0
4.82 4.72 8.12 7.84
4.88 4.22 8.32 7.54
4.8 3.74 8.72 7.46
4.76 3.16 10.62 8.78
4.78 3.34 9.5 7.84
4.72 3.98 9.12 8.1
4.8 3.12 9.08 7.2
4.86 3.92 9.02 7.94
4.84 3.66 9.3 7.96
4.68 2.46 9.82 7.28
4.7 3.06 9.26 7.32
4.84 3.32 9.32 7.64
4.6 3.18 10.26 8.44
4.76 4.06 8.92 7.98
4.66 3.3 9.54 7.84
4.7 4.06 9.02 8.08
4.64 4.04 9.02 8.06
4.6 3.06 10.38 8.44
4.72 3.12 10.02 8.14
4.8 3.22 9.18 7.4
4.76 3.18 9.14 7.32
4.66 3.0 10.16 8.16
4.78 3.66 9.64 8.3
4.64 2.8 9.92 7.72
4.76 3.4 10.32 8.72
4.9 4.08 9.32 8.4
4.76 3.34 9.2 7.54
4.8 3.12 9.66 7.78
4.78 3.18 9.8 7.98
4.8 3.68 9.26 7.94
4.66 2.7 11.1 8.8
4.82 3.42 9.32 7.74
4.68 2.88 9.88 7.76
4.76 3.42 9.68 8.1
4.76 2.86 9.94 7.8
4.62 2.96 9.44 7.4
4.68 3.02 10.3 8.32
4.78 3.0 9.58 7.58
4.68 3.44 10.38 8.82
4.9 4.24 8.68 7.92
4.6 3.58 9.6 8.18
4.68 3.54 9.66 8.2
4.78 3.1 10.4 8.5
4.8 3.3 9.5 7.8
4.8 3.0 9.78 7.78
4.74 3.26 9.86 8.12
4.72 3.28 9.64 7.92
4.84 3.8 8.62 7.42
4.56 2.66 10.78 8.44
4.82 3.8 8.42 7.22
4.7 3.18 10.7 8.88
4.76 3.32 9.48 7.8
4.78 3.22 10.12 8.34
4.82 3.6 9.16 7.76
4.8 3.9 8.92 7.82
4.64 3.48 9.76 8.24
4.68 3.14 10.1 8.24
4.78 3.32 9.4 7.72
4.76 3.1 9.66 7.76
4.92 3.82 8.62 7.44
4.72 3.54 9.74 8.28
4.86 3.9 9.0 7.9
4.74 3.52 9.44 7.96
4.64 3.7 9.6 8.3
4.82 3.9 8.36 7.26
4.84 3.96 9.02 7.98
4.84 3.86 8.98 7.84
4.86 3.82 8.66 7.48
4.6 3.16 10.18 8.34
4.72 4.1 9.28 8.38
4.58 3.22 9.96 8.18
4.84 3.74 9.76 8.5
4.8 3.56 9.26 7.82
4.68 3.88 9.22 8.1
4.74 3.98 8.42 7.4
4.78 3.06 9.98 8.04
4.58 3.28 9.8 8.08
4.78 2.86 10.08 7.94
4.76 3.56 9.18 7.74
4.66 3.0 10.06 8.06
4.8 3.34 9.46 7.8
4.66 3.4 9.42 7.82
4.82 3.64 9.2 7.84
4.84 4.1 9.0 8.1
4.66 3.28 10.04 8.32
4.88 3.42 8.96 7.38
4.62 2.74 9.86 7.6
4.76 3.16 9.84 8.0
4.86 3.56 10.22 8.78
4.78 3.6 8.82 7.42
4.6 3.6 9.6 8.2
4.8 3.66 9.56 8.22
4.88 3.62 9.12 7.74
4.7 3.4 9.14 7.54
4.84 4.06 8.7 7.76
4.78 3.92 8.98 7.9
4.74 3.06 9.74 7.8
4.8 3.24 9.68 7.92
4.9 3.9 8.78 7.68
4.76 3.82 9.66 8.48
4.8 3.02 9.98 8.0
4.78 3.36 9.48 7.84
4.84 3.28 9.44 7.72
4.58 2.7 10.56 8.26
4.82 4.14 8.58 7.72
4.78 3.18 10.14 8.32
4.72 2.76 11.02 8.78
4.72 3.84 8.84 7.68
4.76 3.64 9.18 7.82
4.88 3.6 9.3 7.9
4.86 3.82 9.64 8.46
4.84 3.68 8.16 6.84
4.84 4.74 7.7 7.44
4.9 4.46 8.62 8.08
4.74 3.38 10.5 8.88
4.76 3.24 9.5 7.74
4.62 3.78 9.04 7.82
4.72 2.88 10.1 7.98
4.66 3.36 10.34 8.7
4.76 4.28 9.12 8.4
4.78 3.42 9.62 8.04
4.84 3.78 9.4 8.18
4.76 3.76 8.62 7.38
4.74 3.5 9.64 8.14
4.8 3.62 9.5 8.12
4.72 3.54 9.7 8.24
4.74 3.42 9.76 8.18
4.84 4.18 8.88 8.06
4.6 3.02 9.46 7.48
4.82 4.0 8.92 7.92
4.84 3.72 8.76 7.48
4.72 3.42 9.82 8.24
4.66 3.6 9.6 8.2
4.78 3.52 9.66 8.18
4.66 2.84 10.56 8.4
4.74 3.82 9.48 8.3
4.76 3.2 8.78 6.98
4.74 3.62 9.84 8.46
4.68 3.28 9.78 8.06
4.78 3.74 9.38 8.12
4.84 3.48 9.98 8.46
4.76 3.64 8.92 7.56
4.72 3.68 9.56 8.24
4.72 3.58 9.24 7.82
4.6 3.04 9.86 7.9
4.76 2.96 10.76 8.72
4.78 3.46 9.34 7.8
4.6 3.24 9.62 7.86
4.8 3.44 9.24 7.68
4.7 3.5 10.66 9.16
4.56 3.5 9.54 8.04
4.84 4.6 7.84 7.44
4.62 3.4 9.6 8.0
4.74 3.58 9.88 8.46
4.76 3.92 8.78 7.7
4.82 3.24 9.48 7.72
4.74 3.04 9.92 7.96
4.7 3.5 9.54 8.04
4.88 4.2 8.72 7.92
4.64 3.06 10.1 8.16
4.72 3.52 9.14 7.66
4.8 3.42 9.54 7.96
4.84 3.66 9.0 7.66
4.8 4.64 8.26 7.9
4.82 3.58 9.58 8.16
4.78 3.08 9.52 7.6
4.8 3.64 9.1 7.74
4.68 3.14 9.8 7.94
4.68 3.48 9.36 7.84
4.82 3.28 9.12 7.4
4.78 4.02 8.68 7.7
4.84 3.84 9.28 8.12
4.82 2.84 10.06 7.9
4.74 3.8 9.54 8.34
4.62 3.08 10.2 8.28
4.78 4.02 9.36 8.38
4.8 3.38 9.5 7.88
4.76 3.46 9.7 8.16
4.84 3.64 9.42 8.06
4.74 4.02 9.04 8.06
4.84 4.02 8.62 7.64
4.76 3.96 8.9 7.86
4.88 4.72 7.72 7.44
4.66 3.1 9.68 7.78
4.74 3.7 10.16 8.86
4.78 3.34 9.96 8.3
4.7 3.68 9.34 8.02
4.8 3.8 9.3 8.1
4.88 3.68 9.52 8.2
4.84 4.16 8.5 7.66
4.76 3.48 9.8 8.28
4.7 3.56 9.26 7.82
4.84 3.58 9.6 8.18
4.8 3.72 9.24 7.96
4.84 3.12 10.14 8.26
4.74 3.26 9.92 8.18
4.78 3.32 9.28 7.6
4.78 4.42 8.6 8.02
4.62 3.22 9.74 7.96
4.76 3.28 9.24 7.52
4.74 3.28 8.8 7.08
4.72 3.02 9.96 7.98
4.78 3.32 9.48 7.8
4.86 3.2 9.22 7.42
4.86 3.96 9.32 8.28
4.82 3.06 9.82 7.88
4.82 3.68 8.62 7.3
4.7 3.88 9.74 8.62
4.74 3.32 9.44 7.76
4.82 3.72 9.3 8.02
4.54 3.0 10.14 8.14
4.74 3.3 9.38 7.68
4.7 2.82 9.68 7.5
4.84 3.98 8.9 7.88
4.86 3.0 9.86 7.86
4.76 3.36 9.3 7.66
4.78 2.98 9.4 7.38
4.8 3.32 9.98 8.3
4.82 4.58 8.18 7.76
4.86 4.2 8.58 7.78
4.72 3.44 9.38 7.82
4.86 3.46 8.88 7.34
4.76 3.42 9.4 7.82
4.82 4.0 8.56 7.56
4.74 2.62 11.0 8.62
4.72 4.0 8.72 7.72
4.84 4.06 9.48 8.54
4.8 3.8 8.86 7.66
4.8 3.56 9.58 8.14
4.64 3.46 10.14 8.6
4.7 3.58 9.52 8.1
4.82 3.18 9.38 7.56
4.78 3.32 10.06 8.38
4.64 2.9 10.12 8.02
4.62 3.04 10.16 8.2
4.72 3.22 9.98 8.2
4.76 3.4 10.24 8.64
4.7 3.24 9.8 8.04
4.66 3.52 9.18 7.7
4.72 3.62 8.72 7.34
4.88 3.5 9.04 7.54
5.0 4.04 8.96 8.0
4.9 3.72 9.48 8.2
4.74 3.86 9.02 7.88
4.52 3.02 10.12 8.14
4.72 3.68 9.08 7.76
4.8 4.0 9.7 8.7
4.72 3.4 9.88 8.28
4.78 3.4 9.46 7.86
4.82 3.26 10.46 8.72
4.7 3.18 9.24 7.42
4.66 3.56 9.7 8.26
4.68 3.14 10.06 8.2
4.72 3.92 8.94 7.86
4.76 3.18 9.96 8.14
4.84 3.56 9.82 8.38
4.8 4.02 8.62 7.64
4.68 3.12 9.78 7.9
4.88 3.82 9.8 8.62
4.74 3.38 9.72 8.1
4.78 2.98 9.8 7.78
4.64 2.88 10.2 8.08
4.7 4.0 9.04 8.04
4.76 3.44 9.56 8.0
4.88 3.4 8.92 7.32
4.66 3.66 9.64 8.3
4.82 3.76 8.76 7.52
4.74 2.98 9.48 7.46
4.66 3.2 10.14 8.34
4.74 3.58 9.7 8.28
4.74 2.8 9.96 7.76
4.68 2.64 10.56 8.2
4.78 3.4 10.02 8.42
4.78 3.42 9.48 7.9
4.8 3.74 9.2 7.94
4.76 3.8 9.54 8.34
4.86 2.98 9.58 7.56
4.82 3.36 10.12 8.48
4.88 3.78 8.86 7.64
4.76 3.0 9.54 7.54
4.62 3.9 9.06 7.96
4.84 4.04 9.6 8.64
4.78 3.22 10.1 8.32
4.9 3.64 9.18 7.82
4.8 3.52 9.6 8.12
4.78 3.7 9.06 7.76
4.82 3.56 9.82 8.38
4.74 3.42 10.34 8.76
4.72 3.26 9.26 7.52
4.7 3.28 9.78 8.06
4.72 3.76 9.42 8.18
4.8 3.96 8.94 7.9
4.66 3.18 9.18 7.36
4.86 4.54 8.8 8.34
4.7 2.98 10.32 8.3
4.8 4.24 8.82 8.06
4.78 3.84 8.88 7.72
4.84 4.56 8.16 7.72
4.72 3.2 9.76 7.96
4.7 3.48 9.94 8.42
4.74 3.76 9.14 7.9
4.72 3.84 9.92 8.76
4.66 3.18 10.4 8.58
4.82 4.88 8.5 8.38
4.72 3.28 10.1 8.38
4.7 3.74 9.3 8.04
4.78 3.82 9.58 8.4
4.76 3.24 10.26 8.5
4.7 3.26 9.92 8.18
4.88 3.46 9.48 7.94
4.74 4.3 8.46 7.76
4.78 3.54 9.48 8.02
4.74 3.64 8.96 7.6
4.78 3.3 9.64 7.94
4.8 4.28 8.54 7.82
4.72 3.0 9.8 7.8
4.82 3.46 9.86 8.32
4.78 3.04 9.66 7.7
4.76 3.28 9.48 7.76
4.52 4.22 8.84 8.06
4.76 4.0 9.34 8.34
4.7 3.16 9.66 7.82
4.7 2.98 9.7 7.68
4.62 3.1 9.5 7.6
4.74 3.28 9.66 7.94
4.76 3.76 9.06 7.82
4.72 3.2 9.96 8.16
4.76 2.86 9.92 7.78
4.8 3.36 8.82 7.18
4.8 3.4 9.18 7.58
4.7 3.84 9.9 8.74
4.68 3.14 9.9 8.04
4.78 3.38 9.64 8.02
4.76 3.64 9.28 7.92
4.8 3.46 9.58 8.04
4.66 2.68 10.56 8.24
4.76 3.2 9.36 7.56
4.68 2.82 9.48 7.3
4.66 3.2 10.16 8.36
4.8 3.32 9.94 8.26
4.66 3.04 10.7 8.74
4.72 3.54 9.56 8.1
4.8 3.38 9.88 8.26
4.78 4.1 8.88 7.98
4.82 3.14 9.18 7.32
4.7 2.96 10.54 8.5
4.9 3.36 9.62 7.98
4.84 3.62 9.36 7.98
4.64 3.36 9.18 7.54
4.76 3.24 9.84 8.08
4.86 4.06 9.12 8.18
4.8 3.56 9.82 8.38
4.74 3.24 9.68 7.92
4.76 3.18 9.84 8.02
4.64 4.42 8.86 8.28
4.98 4.32 8.28 7.6
4.74 4.32 9.44 8.76
4.8 3.66 9.64 8.3
4.84 3.62 9.18 7.8
4.72 3.0 9.48 7.48
4.86 4.1 7.96 7.06
4.8 3.36 9.46 7.82
4.64 3.52 9.8 8.32
4.72 3.42 9.52 7.94
4.68 2.92 10.42 8.34
4.76 3.94 9.02 7.96
4.72 3.18 9.8 7.98
4.64 3.52 9.88 8.4
4.62 3.46 9.38 7.84
4.76 3.6 9.62 8.22
4.76 3.46 9.7 8.16
4.76 3.28 9.54 7.82
4.76 3.5 9.46 7.96
4.7 3.48 10.24 8.72
4.9 3.78 9.34 8.12
4.76 3.3 10.42 8.72
4.8 3.02 9.7 7.72
4.74 3.38 10.32 8.7
4.68 3.52 9.72 8.24
4.66 3.58 9.44 8.02
4.8 3.4 9.92 8.32
4.68 3.08 9.92 8.0
4.86 3.4 9.0 7.4
4.6 3.2 9.88 8.08
4.56 3.54 9.44 7.98
4.88 4.62 8.86 8.48
4.82 3.4 9.44 7.84
4.68 3.6 9.36 7.96
4.78 3.64 9.02 7.66
4.86 4.84 8.06 7.9
4.68 3.78 9.9 8.68
4.76 3.44 9.84 8.28
4.76 3.5 9.82 8.32
4.84 3.42 9.3 7.72
4.76 3.36 9.48 7.84
4.9 4.32 8.16 7.48
4.72 3.02 9.7 7.72
4.78 3.88 8.46 7.34
4.84 3.78 8.9 7.68
4.62 2.96 10.06 8.02
4.74 3.44 10.0 8.44
4.78 3.68 9.14 7.82
4.8 3.1 10.22 8.32
4.76 3.3 9.86 8.16
4.74 3.52 9.96 8.48
4.82 3.92 8.3 7.22
4.84 3.62 9.38 8.0
4.78 4.04 8.84 7.88
4.8 3.16 10.04 8.2
4.8 4.1 8.38 7.48
4.88 3.98 8.98 7.96
4.82 3.36 9.68 8.04
4.6 2.76 10.1 7.86
4.74 3.42 9.34 7.76
4.56 3.18 9.94 8.12
4.8 3.6 9.8 8.4
4.84 3.82 8.74 7.56
4.74 3.38 9.16 7.54
4.76 3.64 9.68 8.32
4.72 2.94 9.82 7.76
4.7 2.96 9.7 7.66
4.7 3.04 10.22 8.26
4.62 3.24 9.76 8.0
4.74 3.12 10.2 8.32
4.8 3.78 9.94 8.72
4.8 3.16 10.4 8.56
4.7 3.08 9.94 8.02
4.68 3.18 10.24 8.42
4.82 3.9 8.52 7.42
4.7 3.28 9.84 8.12
4.8 2.98 9.22 7.2
4.66 3.66 8.92 7.58
4.72 3.12 10.32 8.44
4.74 3.48 10.06 8.54
4.78 3.76 9.42 8.18
4.64 2.98 10.74 8.72
4.76 2.98 9.58 7.56
4.68 3.18 10.02 8.2
4.8 3.4 9.5 7.9
4.76 3.78 9.32 8.1
4.78 3.1 10.48 8.58
4.76 3.52 9.74 8.26
4.78 3.08 10.26 8.34
4.72 3.18 9.84 8.02
4.66 3.02 9.82 7.84
4.82 3.44 8.94 7.38
4.68 3.62 8.9 7.52
4.76 3.26 9.34 7.6
4.84 3.68 9.1 7.78
4.82 3.3 9.26 7.56
4.68 3.72 9.62 8.34
4.76 3.44 9.26 7.7
4.82 3.78 9.18 7.96
4.66 2.9 10.14 8.04
4.62 2.62 10.2 7.82
4.78 3.28 9.84 8.12
4.66 3.1 10.34 8.44
4.72 2.96 10.0 7.96
4.74 3.7 9.36 8.06
4.66 3.1 9.54 7.64
4.78 2.88 10.04 7.92
4.82 3.56 9.08 7.64
4.84 3.52 9.3 7.82
4.6 3.08 10.08 8.16
4.64 3.58 10.06 8.64
4.8 3.32 9.74 8.06
4.7 3.62 9.52 8.14
4.64 3.52 10.32 8.84
4.88 3.9 8.56 7.46
4.76 3.58 8.34 6.92
4.78 4.14 9.4 8.54
4.72 3.08 9.7 7.78
4.84 3.14 9.94 8.08
4.8 3.6 9.1 7.7
4.72 2.92 10.02 7.94
4.64 3.14 9.1 7.24
4.7 3.86 9.12 7.98
4.8 2.94 9.78 7.72
4.68 3.14 10.12 8.26
4.78 3.4 9.2 7.6
4.82 3.68 9.14 7.82
4.86 3.34 9.74 8.08
4.8 3.76 8.98 7.74
4.72 4.0 8.74 7.74
4.76 3.44 9.02 7.46
4.72 2.92 10.18 8.1
4.76 2.74 10.32 8.06
4.68 2.8 10.02 7.82
4.74 3.56 8.9 7.46
4.86 3.94 8.84 7.78
4.78 3.28 9.02 7.3
4.76 3.54 9.32 7.86
4.92 4.02 8.76 7.78
4.8 3.88 8.46 7.34
4.72 3.14 9.7 7.84
4.78 3.3 9.26 7.56
4.78 3.68 8.86 7.54
4.72 3.6 9.56 8.16
4.76 4.6 8.08 7.68
4.7 3.18 9.98 8.16
4.72 3.66 9.54 8.2
4.68 3.46 9.12 7.58
4.7 3.82 9.16 7.98
4.76 3.58 9.36 7.94
4.84 3.32 9.72 8.04
4.68 3.8 9.02 7.82
4.82 4.46 9.06 8.52
4.66 3.2 9.92 8.12
4.9 3.9 9.04 7.94
4.68 3.46 9.44 7.9
4.76 3.26 9.98 8.24
4.74 2.92 10.76 8.68
4.84 3.92 8.9 7.82
4.68 3.12 9.86 7.98
4.76 3.4 9.36 7.76
4.88 3.98 8.86 7.84
4.76 3.26 10.2 8.46
4.8 3.32 9.3 7.62
4.88 4.0 8.9 7.9
4.62 3.14 10.14 8.28
4.72 3.32 9.8 8.12
4.8 3.9 9.06 7.96
4.76 3.96 9.28 8.24
4.72 3.34 10.74 9.08
4.72 3.12 9.86 7.98
4.82 3.7 8.98 7.68
4.86 3.96 8.68 7.64
4.8 3.78 10.0 8.78
4.64 3.56 9.66 8.22
4.88 3.66 8.88 7.54
4.88 3.24 9.4 7.64
4.72 3.18 9.52 7.7
4.9 4.46 8.88 8.34
4.68 3.56 9.62 8.18
4.92 3.46 9.66 8.12
4.72 3.14 9.52 7.66
4.78 4.14 8.94 8.08
4.84 3.16 9.02 7.18
4.68 3.32 9.54 7.86
4.9 3.86 8.88 7.74
4.82 2.92 10.1 8.02
4.78 3.46 10.0 8.46
4.76 2.9 10.12 8.02
4.74 3.28 9.94 8.22
4.8 3.34 9.28 7.62
4.72 3.7 9.54 8.24
4.64 3.8 8.76 7.56
4.66 3.18 9.6 7.78
4.7 3.76 9.76 8.52
4.72 3.56 9.76 8.32
4.76 3.96 9.18 8.14
4.84 3.28 9.48 7.76
4.78 3.18 9.8 7.98
4.8 3.0 9.14 7.14
4.68 3.6 8.98 7.58
4.6 2.96 10.24 8.2
4.66 3.18 9.78 7.96
4.88 3.6 9.76 8.36
4.74 4.44 8.9 8.34
4.76 3.58 9.06 7.64
4.9 3.78 9.02 7.8
4.68 3.24 9.4 7.64
4.56 2.98 9.86 7.84
4.72 3.12 10.1 8.22
4.8 3.76 9.46 8.22
4.6 3.56 9.4 7.96
4.84 4.32 9.04 8.36
4.62 2.92 10.2 8.12
4.7 2.98 10.38 8.36
4.74 2.46 10.36 7.82
4.76 3.6 9.46 8.06
4.8 3.52 9.22 7.74
4.58 3.02 10.16 8.18
4.7 3.54 9.52 8.06
4.62 2.96 10.22 8.18
4.84 3.62 9.46 8.08
4.56 2.96 10.18 8.14
4.72 3.1 10.0 8.1
4.74 3.12 9.4 7.52
4.7 3.22 9.5 7.72
4.76 3.22 10.34 8.56
4.76 3.88 9.16 8.04
4.78 3.58 9.02 7.6
4.66 4.02 9.34 8.36
4.76 3.3 10.24 8.54
4.58 2.7 10.46 8.16
4.74 3.52 10.24 8.76
4.66 3.72 8.82 7.54
4.68 3.2 9.42 7.62
4.74 3.64 9.18 7.82
4.8 3.46 9.62 8.08
4.76 3.46 9.3 7.76
4.66 3.14 9.62 7.76
4.76 3.82 9.28 8.1
4.84 2.96 9.44 7.4
4.64 3.4 9.52 7.92
4.84 3.38 9.72 8.1
4.74 3.36 9.58 7.94
4.76 4.28 8.72 8.0
4.72 3.26 9.62 7.88
4.88 3.9 8.68 7.58
4.74 3.36 9.58 7.94
4.82 3.3 10.36 8.66
4.72 3.62 9.72 8.34
4.7 3.36 10.0 8.36
4.62 2.9 10.1 8.0
4.74 3.56 9.96 8.52
4.8 3.54 9.24 7.78
4.9 3.44 8.9 7.34
4.8 3.44 9.46 7.9
4.78 3.48 9.54 8.02
4.82 4.2 8.94 8.14
4.56 2.94 9.84 7.78
4.74 3.02 10.08 8.1
4.68 3.26 9.48 7.74
4.72 3.6 8.98 7.58
4.7 3.52 9.6 8.12
4.74 3.18 10.04 8.22
4.76 2.92 10.2 8.12
4.56 2.54 10.64 8.18
4.6 2.92 10.12 8.04
4.8 3.72 9.46 8.18
4.9 4.08 8.78 7.86
4.8 3.8 8.5 7.3
4.8 3.26 10.04 8.3
4.82 3.56 9.34 7.9
4.84 3.64 8.9 7.54
4.68 2.88 9.36 7.24
4.6 3.66 8.86 7.52
4.72 3.12 10.3 8.42
4.62 3.42 10.12 8.54
4.94 4.64 9.46 9.1
4.7 3.26 9.1 7.36
4.7 3.14 10.38 8.52
4.76 3.78 9.36 8.14
4.68 3.12 9.54 7.66
4.74 3.68 9.12 7.8
4.7 3.7 9.76 8.46
4.48 3.24 10.12 8.36
4.82 3.3 9.72 8.02
4.74 3.0 9.34 7.34
4.76 3.18 9.72 7.9
4.88 4.16 9.16 8.32
4.8 3.54 9.44 7.98
4.88 3.88 9.88 8.76
4.78 3.38 10.02 8.4
4.9 3.56 9.06 7.62
4.78 3.32 9.56 7.88
4.86 3.2 8.76 6.96
4.7 3.52 9.28 7.8
4.8 2.92 9.9 7.82
4.74 2.78 9.92 7.7
4.66 2.96 9.7 7.66
4.8 3.8 8.94 7.74
4.78 3.54 8.86 7.4
4.82 3.46 9.1 7.56
4.86 4.4 8.54 7.94
4.66 3.4 9.76 8.16
4.8 3.42 8.92 7.34
4.84 3.16 10.2 8.36
4.78 4.08 8.68 7.76
4.64 3.24 9.96 8.2
4.82 3.54 9.4 7.94
4.8 3.94 8.94 7.88
4.78 3.08 10.36 8.44
4.68 3.02 9.9 7.92
4.74 3.16 10.32 8.48
4.78 4.06 8.6 7.66
4.7 2.74 10.7 8.44
4.8 3.42 9.56 7.98
4.84 3.7 9.56 8.26
4.86 3.58 9.08 7.66
4.72 3.64 8.78 7.42
4.8 3.6 9.28 7.88
4.74 3.66 9.06 7.72
4.66 3.6 9.84 8.44
4.84 4.32 9.28 8.6
4.7 2.84 10.5 8.34
4.74 3.48 9.96 8.44
4.86 3.3 9.92 8.22
4.78 3.64 8.94 7.58
4.68 3.16 10.04 8.2
4.8 3.2 9.64 7.84
4.82 3.66 8.5 7.16
4.8 3.88 8.94 7.82
4.88 3.82 8.94 7.76
4.88 3.24 9.72 7.96
4.82 4.32 8.36 7.68
4.66 2.66 10.46 8.12
4.8 3.12 9.9 8.02
4.62 2.78 10.48 8.26
4.68 2.7 10.16 7.86
4.74 3.9 9.48 8.38
4.6 2.78 10.16 7.94
4.7 2.9 9.72 7.62
4.8 3.22 9.84 8.06
4.82 3.7 8.64 7.34
4.78 3.86 9.08 7.94
4.76 4.0 9.94 8.94
4.66 3.52 9.22 7.74
4.82 3.26 9.64 7.9
4.82 3.5 9.14 7.64
4.74 2.94 10.1 8.04
4.64 3.38 9.42 7.8
4.64 3.18 10.44 8.62
4.88 3.66 10.0 8.66
4.86 3.52 8.98 7.5
4.9 3.78 9.12 7.9
4.62 3.16 9.74 7.9
4.76 3.2 10.06 8.26
4.78 3.52 9.82 8.34
4.76 3.98 9.14 8.12
4.72 2.7 9.54 7.24
4.78 2.92 9.92 7.84
4.7 2.98 9.86 7.84
4.76 3.22 9.62 7.84
4.62 2.96 9.98 7.94
4.78 3.0 9.82 7.82
4.82 3.92 8.66 7.58
4.76 3.06 9.6 7.66
4.7 3.48 9.18 7.66
4.74 3.38 9.32 7.7
4.72 3.66 9.3 7.96
4.82 3.36 9.32 7.68
4.76 3.74 9.26 8.0
4.64 2.98 10.08 8.06
4.74 3.58 9.48 8.06
4.72 3.08 10.3 8.38
4.66 3.24 9.44 7.68
4.58 3.84 9.0 7.84
4.66 3.44 9.5 7.94
4.68 3.28 9.72 8.0
4.76 3.12 9.9 8.02
4.76 3.62 8.88 7.5
4.62 3.32 9.82 8.14
4.76 3.58 9.5 8.08
4.74 3.6 9.34 7.94
4.86 3.3 9.34 7.64
4.86 3.6 8.8 7.4
4.76 3.3 9.44 7.74
4.72 3.06 10.06 8.12
4.76 3.56 8.88 7.44
4.68 3.3 9.64 7.94
4.62 2.94 9.92 7.86
4.76 3.54 9.9 8.44
4.82 3.6 9.64 8.24
4.7 3.04 9.7 7.74
4.72 4.34 9.2 8.54
4.76 3.96 9.24 8.2
4.84 3.34 9.08 7.42
4.64 3.16 9.8 7.96
4.6 2.84 10.84 8.68
4.74 3.34 9.3 7.64
4.82 3.66 9.18 7.84
4.76 3.08 10.14 8.22
4.82 3.8 9.44 8.24
4.7 3.5 9.72 8.22
4.76 3.62 9.94 8.56
4.64 3.58 9.14 7.72
4.88 3.46 9.42 7.88
4.72 3.26 9.44 7.7
4.86 4.22 8.38 7.6
4.6 3.32 10.2 8.52
4.68 3.74 9.5 8.24
4.74 3.2 9.8 8.0
4.72 3.52 8.98 7.5
4.86 3.5 9.62 8.12
4.7 3.38 9.4 7.78
4.82 3.3 9.44 7.74
4.76 3.92 8.72 7.64
4.82 3.62 8.86 7.48
4.72 2.88 9.74 7.62
4.58 3.14 10.52 8.66
4.62 3.76 9.02 7.78
4.74 4.1 8.94 8.04
4.72 3.3 9.74 8.04
4.7 2.84 9.96 7.8
4.72 3.06 10.08 8.14
4.82 3.74 8.72 7.46
4.72 3.06 9.6 7.66
4.8 3.7 9.06 7.76
4.8 3.56 9.72 8.28
4.68 3.64 9.56 8.2
4.78 3.54 9.82 8.36
4.72 3.4 9.02 7.42
4.76 3.14 9.64 7.78
4.7 3.06 10.68 8.74
4.76 3.0 10.38 8.38
4.84 3.6 9.08 7.68
4.86 3.5 8.72 7.22
4.8 3.42 9.54 7.96
4.58 3.14 10.16 8.3
4.78 3.42 9.24 7.66
4.72 3.38 9.88 8.26
4.84 3.7 9.46 8.16
4.72 3.22 8.92 7.14
4.64 2.8 9.8 7.6
4.66 3.28 9.94 8.22
4.82 3.28 10.48 8.76
4.74 2.88 10.06 7.94
4.68 3.78 9.08 7.86
4.8 3.5 9.1 7.6
4.78 3.02 9.64 7.66
4.74 3.34 9.8 8.14
4.76 3.14 9.6 7.74
4.72 4.18 8.4 7.58
4.84 3.76 9.3 8.06
4.72 2.96 10.16 8.12
4.72 3.48 9.36 7.84
4.74 3.92 9.46 8.38
4.84 4.04 8.76 7.8
4.78 3.48 10.32 8.8
4.74 3.3 9.18 7.48
4.72 3.52 9.34 7.86
4.8 3.58 9.54 8.12
4.84 3.14 10.02 8.16
4.8 3.54 9.12 7.66
4.8 3.54 9.36 7.9
4.74 2.94 10.28 8.22
4.74 3.16 9.32 7.48
4.84 3.36 9.54 7.9
4.72 3.3 9.56 7.86
4.74 3.28 9.74 8.02
4.72 3.4 8.82 7.22
4.64 3.1 10.12 8.22
4.8 4.14 8.5 7.64
4.88 4.44 8.72 8.16
4.84 4.6 8.94 8.54
4.84 3.96 9.28 8.24
4.72 3.6 9.52 8.12
4.86 3.64 8.96 7.6
4.76 3.2 9.66 7.86
4.82 3.32 9.54 7.86
4.76 3.08 9.94 8.02
4.7 3.3 10.36 8.66
4.9 4.28 8.02 7.3
4.76 3.54 9.34 7.88
4.8 3.5 9.36 7.86
4.64 3.68 9.08 7.76
4.84 3.32 9.42 7.74
4.7 3.52 10.2 8.72
4.82 3.34 9.26 7.6
4.76 3.68 9.42 8.1
4.82 3.58 8.94 7.52
4.86 3.38 9.6 7.98
4.7 3.0 10.14 8.14
4.74 3.24 9.88 8.12
4.6 3.62 9.44 8.06
4.82 3.72 9.56 8.28
4.7 4.0 8.88 7.88
4.84 4.04 8.8 7.84
4.8 2.96 9.44 7.4
4.82 3.48 9.46 7.94
4.78 4.04 8.82 7.86
4.84 4.24 8.26 7.5
4.74 3.22 10.16 8.38
4.74 3.9 9.46 8.36
4.68 3.36 10.06 8.42
4.8 3.18 10.2 8.38
4.76 3.8 9.3 8.1
4.78 3.56 9.44 8.0
4.7 3.24 9.42 7.66
4.66 3.34 9.42 7.76
4.78 3.02 10.32 8.34
4.94 3.8 9.1 7.9
4.64 2.74 9.66 7.4
4.66 3.38 9.66 8.04
4.72 3.86 8.84 7.7
4.8 3.14 9.9 8.04
4.86 4.16 9.06 8.22
4.78 3.74 9.2 7.94
4.76 2.96 9.88 7.84
4.78 3.32 8.86 7.18
4.74 3.6 9.92 8.52
4.82 3.8 8.96 7.76
4.86 3.38 10.26 8.64
4.74 3.58 9.74 8.32
4.8 3.36 9.66 8.02
4.76 3.42 9.9 8.32
4.74 3.7 9.6 8.3
4.78 4.36 8.18 7.54
4.78 3.48 9.62 8.1
4.68 3.28 9.74 8.02
4.82 3.62 9.62 8.24
4.78 3.5 9.88 8.38
4.82 3.46 9.52 7.98
4.68 3.22 9.82 8.04
4.76 3.12 9.52 7.64
4.9 3.96 9.62 8.58
4.84 3.56 9.88 8.44
4.74 3.5 9.14 7.64
4.76 3.3 9.46 7.76
4.68 3.6 9.48 8.08
4.66 3.2 9.58 7.78
4.84 3.76 9.12 7.88
4.74 2.68 10.26 7.94
4.78 3.42 9.44 7.86
4.76 3.72 9.56 8.28
4.84 3.78 8.84 7.62
4.76 3.1 10.38 8.48
4.68 3.56 8.8 7.36
4.72 4.32 7.94 7.26
4.7 3.64 9.6 8.24
4.8 3.3 9.06 7.36
4.74 3.28 10.44 8.72
4.86 3.52 9.52 8.04
4.66 3.8 9.24 8.04
4.68 3.22 10.0 8.22
4.58 3.26 9.28 7.54
4.68 3.5 9.78 8.28
4.72 3.6 8.98 7.58
4.84 3.72 8.76 7.48
4.66 3.3 9.68 7.98
4.84 4.12 8.92 8.04
4.66 3.28 9.86 8.14
4.74 3.74 9.42 8.16
4.76 3.34 9.74 8.08
4.82 3.4 9.58 7.98
4.72 3.34 9.54 7.88
4.74 2.94 10.08 8.02
4.8 3.84 9.66 8.5
4.74 3.86 9.06 7.92
4.68 2.86 9.88 7.74
4.68 3.46 8.94 7.4
4.78 3.48 8.88 7.36
4.76 3.54 9.02 7.56
4.76 3.38 10.0 8.38
4.76 3.64 9.56 8.2
4.7 3.28 8.78 7.06
4.62 3.16 10.24 8.4
4.8 3.8 8.62 7.42
4.78 3.14 9.94 8.08
4.72 3.68 8.8 7.48
4.76 3.16 9.76 7.92
4.84 3.56 9.32 7.88
4.62 3.1 10.28 8.38
4.64 3.54 9.16 7.7
4.78 3.8 8.86 7.66
4.74 3.2 10.0 8.2
4.8 3.8 8.74 7.54
4.72 4.1 9.26 8.36
4.8 3.56 9.58 8.14
4.76 3.82 8.94 7.76
4.74 2.74 10.42 8.16
4.78 4.44 8.0 7.44
4.72 2.88 11.06 8.94
4.7 3.1 10.28 8.38
4.76 3.32 9.1 7.42
4.64 3.52 9.66 8.18
4.6 3.14 10.52 8.66
4.58 2.68 10.58 8.26
4.84 3.42 8.9 7.32
4.8 4.12 9.56 8.68
4.7 3.6 9.44 8.04
4.7 3.92 9.32 8.24
4.78 3.72 9.0 7.72
4.8 3.8 9.44 8.24
4.74 3.2 9.72 7.92
4.78 3.7 8.64 7.34
4.7 3.12 10.1 8.22
4.8 3.36 9.3 7.66
4.78 3.34 9.56 7.9
4.58 3.0 10.48 8.48
4.62 3.18 9.4 7.58
4.76 3.82 9.14 7.96
4.72 4.1 9.1 8.2
4.68 2.78 9.74 7.52
4.64 3.74 9.6 8.34
4.84 3.5 9.92 8.42
4.7 3.34 9.7 8.04
4.64 2.88 10.0 7.88
4.72 3.46 9.46 7.92
4.84 3.48 8.88 7.36
4.86 3.88 8.7 7.58
4.86 3.38 9.62 8.0
4.82 3.66 8.82 7.48
4.9 3.62 9.56 8.18
4.86 3.28 9.02 7.3
4.82 3.04 9.88 7.92
4.8 3.26 9.22 7.48
4.86 3.26 9.62 7.88
4.8 3.62 9.1 7.72
4.8 3.16 10.24 8.4
4.8 3.4 9.54 7.94
4.72 3.02 9.52 7.54
4.82 3.34 9.84 8.18
4.78 3.72 8.74 7.46
4.7 3.86 9.64 8.5
4.66 3.12 9.86 7.98
4.68 3.72 10.14 8.86
4.76 4.3 9.08 8.38
4.76 3.4 9.4 7.8
4.86 3.78 8.72 7.5
4.84 3.24 9.5 7.74
4.68 3.24 10.28 8.52
4.88 3.6 9.06 7.66
4.84 3.86 9.14 8.0
4.72 3.1 9.76 7.86
4.58 3.04 10.02 8.06
4.82 3.56 8.98 7.54
4.74 3.44 9.52 7.96
4.72 3.48 8.74 7.22
4.88 3.2 9.42 7.62
4.82 3.02 9.98 8.0
4.7 3.14 10.12 8.26
4.82 3.16 9.28 7.44
4.7 3.06 10.3 8.36
4.72 3.18 9.62 7.8
4.62 3.18 9.56 7.74
4.68 2.52 10.02 7.54
4.6 3.06 10.68 8.74
4.7 3.3 9.84 8.14
4.88 3.28 9.94 8.22
4.78 3.7 9.14 7.84
4.8 3.2 9.48 7.68
4.72 3.5 9.22 7.72
4.64 3.44 9.3 7.74
4.84 3.34 8.92 7.26
4.8 2.96 9.42 7.38
4.8 3.92 9.26 8.18
4.74 3.38 9.06 7.44
4.74 3.62 9.34 7.96
4.86 4.26 8.38 7.64
4.82 3.44 9.06 7.5
4.68 2.92 10.56 8.48
4.76 3.64 8.7 7.34
4.78 3.56 9.6 8.16
4.74 3.66 9.8 8.46
4.76 4.02 8.3 7.32
4.7 3.6 9.6 8.2
4.78 3.5 9.58 8.08
4.74 3.04 10.0 8.04
4.68 3.7 9.46 8.16
4.84 3.88 8.96 7.84
4.84 3.72 8.88 7.6
4.88 3.62 9.0 7.62
4.84 3.64 9.12 7.76
4.72 3.32 9.68 8.0
4.72 2.96 9.92 7.88
4.76 3.32 8.92 7.24
4.54 3.38 9.76 8.14
4.94 3.82 8.42 7.24
4.58 3.14 9.88 8.02
4.88 3.58 9.96 8.54
4.78 3.36 9.58 7.94
4.76 3.46 8.7 7.16
4.72 3.22 9.58 7.8
4.64 3.04 10.02 8.06
4.82 3.62 9.26 7.88
4.64 3.4 9.54 7.94
4.54 3.18 10.6 8.78
4.74 3.26 10.06 8.32
4.74 3.74 9.04 7.78
4.86 3.32 9.7 8.02
4.92 4.08 8.14 7.22
4.72 3.92 9.22 8.14
4.84 3.6 9.36 7.96
4.8 3.82 9.12 7.94
4.76 3.6 9.14 7.74
4.64 2.9 10.3 8.2
4.72 2.98 9.84 7.82
4.7 2.92 9.76 7.68
4.8 4.08 9.04 8.12
4.76 3.64 9.84 8.48
4.72 3.56 9.48 8.04
4.76 3.54 9.06 7.6
4.66 3.24 9.38 7.62
4.62 3.34 10.18 8.52
4.78 3.62 9.4 8.02
4.76 2.98 9.92 7.9
4.86 3.8 8.8 7.6
4.74 3.2 10.44 8.64
4.84 3.6 8.66 7.26
4.88 3.98 8.58 7.56
4.72 3.52 10.02 8.54
4.76 3.96 8.74 7.7
4.72 3.82 9.58 8.4
4.8 3.44 9.5 7.94
4.68 3.16 10.14 8.3
4.74 3.8 9.04 7.84
4.82 3.28 9.8 8.08
4.74 3.28 9.32 7.6
4.7 3.4 9.62 8.02
4.64 3.02 10.3 8.32
4.7 3.48 9.7 8.18
4.72 3.1 10.12 8.22
4.84 3.34 9.26 7.6
4.82 3.04 10.08 8.12
4.78 3.66 9.72 8.38
4.68 3.34 10.14 8.48
4.74 3.24 9.78 8.02
4.64 3.4 9.9 8.3
4.84 3.48 9.44 7.92
4.76 2.84 10.24 8.08
4.66 3.74 9.72 8.46
4.78 3.44 9.44 7.88
4.6 2.96 10.48 8.44
4.8 4.04 9.4 8.44
4.62 3.5 9.18 7.68
4.68 3.94 9.16 8.1
4.8 3.52 9.04 7.56
4.7 3.84 8.76 7.6
4.8 3.58 9.96 8.54
4.8 3.66 8.88 7.54
4.78 3.1 10.44 8.54
4.78 4.06 9.0 8.06
4.88 3.5 8.88 7.38
4.74 3.8 9.04 7.84
4.74 3.36 9.78 8.14
4.76 3.56 9.32 7.88
4.74 3.54 9.88 8.42
4.84 3.62 9.2 7.82
4.84 3.28 9.8 8.08
4.74 3.06 9.46 7.52
4.78 3.78 8.96 7.74
4.82 3.06 8.96 7.02
4.64 3.52 9.44 7.96
4.76 3.52 9.14 7.66
4.7 2.98 10.46 8.44
4.78 3.02 9.38 7.4
4.74 2.9 10.54 8.44
4.78 2.78 9.78 7.56
4.6 3.18 9.7 7.88
4.74 2.92 9.68 7.6
4.72 3.2 9.04 7.24
4.7 3.04 9.28 7.32
4.82 3.12 9.62 7.74
4.6 2.68 10.54 8.22
4.82 3.76 9.12 7.88
4.82 3.8 9.54 8.34
4.76 3.44 8.7 7.14
4.84 3.4 10.06 8.46
4.76 3.3 9.52 7.82
4.74 3.86 8.16 7.02
4.88 2.96 10.46 8.42
4.7 2.94 10.94 8.88
4.6 2.94 9.92 7.86
4.82 3.24 10.16 8.4
4.64 3.14 9.18 7.32
4.7 3.16 9.72 7.88
4.74 2.98 9.88 7.86
4.88 3.68 9.54 8.22
4.74 3.74 9.06 7.8
4.7 3.84 9.02 7.86
4.62 3.48 9.46 7.94
4.66 3.44 9.96 8.4
4.76 3.46 9.98 8.44
4.76 3.74 9.7 8.44
4.68 2.4 10.8 8.2
4.7 3.5 9.14 7.64
4.84 3.58 8.92 7.5
4.62 3.56 10.18 8.74
4.66 3.46 9.62 8.08
4.72 3.5 8.86 7.36
4.74 3.62 8.88 7.5
4.84 3.88 8.88 7.76
4.82 3.72 9.28 8.0
4.78 3.5 9.64 8.14
4.88 3.56 9.74 8.3
4.8 3.38 9.88 8.26
4.82 3.62 9.0 7.62
4.7 3.9 9.54 8.44
4.72 3.52 9.4 7.92
4.82 3.5 9.7 8.2
4.7 3.34 10.06 8.4
4.76 2.92 10.34 8.26
4.72 3.24 10.22 8.46
4.52 3.02 10.76 8.78
4.84 3.82 8.86 7.68
4.82 3.1 10.0 8.1
4.84 3.92 9.16 8.08
4.86 4.08 8.62 7.7
4.8 3.8 9.42 8.22
4.76 2.92 10.1 8.02
4.82 3.58 8.92 7.5
4.74 3.18 9.26 7.44
4.74 3.02 9.94 7.96
4.7 3.4 9.58 7.98
4.8 4.04 8.7 7.74
4.72 3.5 9.38 7.88
4.78 3.36 9.78 8.14
4.76 3.32 9.04 7.36
4.68 3.46 9.76 8.22
4.88 3.16 9.4 7.56
4.8 3.64 9.14 7.78
4.78 4.02 8.24 7.26
4.78 3.48 9.62 8.1
4.88 4.14 8.46 7.6
4.86 3.74 9.1 7.84
4.76 3.72 9.16 7.88
4.8 3.94 9.2 8.14
4.86 3.16 9.92 8.08
4.84 3.44 9.38 7.82
4.64 3.56 9.42 7.98
4.7 3.16 10.0 8.16
4.58 2.68 10.38 8.06
4.86 3.56 9.3 7.86
4.84 3.7 9.22 7.92
4.72 3.78 9.64 8.42
4.62 4.04 9.36 8.4
4.86 3.24 9.38 7.62
4.78 2.96 10.14 8.1
4.82 3.7 9.72 8.42
4.62 2.84 9.54 7.38
4.7 3.64 9.1 7.74
4.78 3.46 9.06 7.52
4.78 3.38 9.64 8.02
4.68 3.42 9.42 7.84
4.86 3.74 8.92 7.66
4.88 3.32 9.46 7.78
4.7 3.52 9.5 8.02
4.82 4.24 8.66 7.9
4.76 3.58 9.04 7.62
4.74 2.9 9.9 7.8
4.76 3.74 8.92 7.66
4.78 3.82 8.64 7.46
4.84 3.16 9.92 8.08
4.78 3.2 9.62 7.82
4.78 3.98 9.84 8.82
4.8 3.5 9.7 8.2
4.8 3.22 10.06 8.28
4.82 3.7 9.9 8.6
4.7 2.88 10.46 8.34
4.86 3.78 9.1 7.88
4.84 3.86 9.08 7.94
4.76 3.54 9.22 7.76
4.62 2.68 11.08 8.76
4.84 3.68 9.42 8.1
4.64 3.24 9.78 8.02
4.78 3.08 9.64 7.72
4.7 3.02 9.82 7.84
4.76 3.62 9.18 7.8
4.7 3.26 10.0 8.26
4.8 3.28 9.38 7.66
4.78 3.3 9.44 7.74
4.82 3.38 9.7 8.08
4.56 3.22 9.78 8.0
4.78 3.9 9.72 8.62
4.74 3.58 9.4 7.98
4.8 3.4 8.84 7.24
4.72 3.28 9.84 8.12
4.7 3.16 9.86 8.02
4.9 3.78 9.3 8.08
4.74 3.2 9.98 8.18
4.72 2.84 10.02 7.86
4.88 3.52 8.82 7.34
4.74 3.96 9.56 8.52
4.54 3.12 10.46 8.58
4.78 3.2 10.4 8.6
4.74 3.9 9.1 8.0
4.66 3.04 9.7 7.74
4.88 4.06 8.56 7.62
4.68 3.16 10.26 8.42
4.7 3.34 10.02 8.36
4.82 3.7 8.62 7.32
4.78 4.2 9.16 8.36
4.72 3.72 9.1 7.82
4.82 3.4 9.98 8.38
4.68 3.66 9.4 8.06
4.74 3.6 9.48 8.08
4.74 3.52 9.42 7.94
4.88 3.72 8.98 7.7
4.66 3.18 9.82 8.0
4.8 3.04 10.02 8.06
4.7 3.38 9.44 7.82
4.82 3.26 8.76 7.02
4.86 3.26 9.78 8.04
4.66 3.42 10.74 9.16
4.7 3.24 10.46 8.7
4.82 3.86 9.8 8.66
4.62 3.32 9.92 8.24
4.78 3.78 9.88 8.66
4.74 3.68 9.16 7.84
4.7 2.92 10.1 8.02
4.68 2.98 9.24 7.22
4.62 3.32 10.56 8.88
4.86 4.16 8.66 7.82
4.66 2.72 10.34 8.06
4.8 3.96 9.24 8.2
4.74 3.0 9.86 7.86
4.78 3.04 10.48 8.52
4.84 3.5 9.58 8.08
4.78 3.56 9.86 8.42
4.72 3.6 9.42 8.02
4.86 3.48 9.52 8.0
4.84 3.62 9.4 8.02
4.7 2.9 10.2 8.1
4.8 3.36 9.44 7.8
4.8 3.36 9.18 7.54
4.66 3.1 10.82 8.92
4.68 3.98 9.44 8.42
4.84 3.78 9.04 7.82
4.8 3.62 9.06 7.68
4.66 3.66 9.5 8.16
4.8 3.6 9.16 7.76
4.76 3.3 9.34 7.64
4.74 3.42 9.4 7.82
4.9 3.28 10.2 8.48
4.82 3.02 9.66 7.68
4.74 2.96 9.56 7.52
4.64 3.12 10.4 8.52
4.86 3.58 9.12 7.7
4.6 3.2 9.52 7.72
4.7 3.06 10.36 8.42
4.8 3.62 9.06 7.68
4.66 3.18 10.02 8.2
4.66 2.96 10.58 8.54
4.62 2.84 9.7 7.54
4.78 3.28 9.64 7.92
4.86 3.94 8.88 7.82
4.86 4.12 8.62 7.74
4.8 4.18 8.8 7.98
4.7 3.62 9.7 8.32
4.78 4.32 8.68 8.0
4.64 3.68 9.36 8.04
4.74 3.86 9.06 7.92
4.64 2.76 9.82 7.58
4.72 3.3 9.6 7.9
4.78 3.38 9.32 7.7
4.84 3.92 9.28 8.2
4.76 3.38 9.12 7.5
4.84 3.74 8.52 7.26
4.74 3.88 9.1 7.98
4.82 3.5 8.92 7.42
4.86 3.18 9.56 7.74
4.8 3.9 8.98 7.88
4.62 3.36 9.86 8.22
4.82 3.22 9.64 7.86
4.76 2.94 9.96 7.9
4.84 3.4 9.98 8.38
4.64 3.3 10.22 8.52
4.78 3.08 9.72 7.8
4.76 3.78 9.66 8.44
4.88 3.78 8.38 7.16
4.8 3.48 9.16 7.64
4.94 3.78 8.64 7.42
4.78 3.78 9.3 8.08
4.66 3.42 9.8 8.22
4.82 3.6 8.78 7.38
4.78 3.32 9.48 7.8
4.74 3.16 10.02 8.18
4.78 3.56 9.26 7.82
4.86 3.38 9.4 7.78
4.8 3.64 10.26 8.9
4.8 3.84 8.86 7.7
4.7 3.94 9.46 8.4
4.64 3.08 10.0 8.08
4.8 3.62 8.84 7.46
4.94 3.3 9.74 8.04
4.74 3.28 9.66 7.94
4.8 3.38 9.72 8.1
4.88 4.0 8.78 7.78
4.88 3.68 9.04 7.72
4.8 3.7 8.8 7.5
4.76 3.18 9.92 8.1
4.74 3.98 9.34 8.32
4.78 3.08 10.06 8.14
4.72 3.1 10.08 8.18
4.58 3.74 9.9 8.64
4.6 3.04 10.02 8.06
4.78 3.54 9.78 8.32
4.7 3.62 9.24 7.86
4.64 3.4 9.9 8.3
4.78 3.54 9.82 8.36
4.72 3.48 9.82 8.3
4.8 3.24 10.02 8.26
4.76 3.32 10.0 8.32
4.7 3.02 9.7 7.72
4.82 3.4 9.16 7.56
4.88 4.12 8.22 7.34
4.7 4.12 9.0 8.12
4.7 3.0 9.46 7.46
4.74 3.26 10.38 8.64
4.74 3.52 9.6 8.12
4.8 3.68 9.46 8.14
4.86 3.6 9.2 7.8
4.66 3.7 9.58 8.28
4.82 4.12 9.04 8.16
4.72 2.74 10.32 8.06
4.72 3.26 9.98 8.24
4.58 3.56 9.58 8.14
4.74 3.64 8.64 7.28
4.84 3.32 8.88 7.2
4.84 3.6 8.68 7.28
4.74 3.0 9.94 7.94
4.7 3.64 9.24 7.88
4.7 3.08 10.06 8.14
4.88 4.32 9.1 8.42
4.82 4.04 7.9 6.94
4.78 4.04 8.98 8.02
4.68 2.96 10.14 8.1
4.6 2.68 10.62 8.3
4.7 2.92 10.4 8.32
4.62 3.16 9.94 8.1
4.72 3.58 8.78 7.36
4.7 3.1 9.04 7.14
4.78 3.3 9.94 8.24
4.6 3.48 9.14 7.62
4.8 3.84 9.56 8.4
4.74 3.54 9.18 7.72
4.7 2.8 10.8 8.6
4.76 3.18 9.26 7.44
4.76 3.88 8.36 7.24
4.72 3.36 9.36 7.72
4.74 3.58 9.04 7.62
4.74 3.5 8.96 7.46
4.78 4.22 8.92 8.14
4.72 3.0 10.18 8.18
4.84 3.84 9.64 8.48
4.68 2.82 9.8 7.62
4.74 3.24 9.32 7.56
4.68 3.58 9.0 7.58
4.84 3.32 9.26 7.58
4.78 4.08 9.3 8.38
4.62 3.26 9.08 7.34
4.84 3.9 9.02 7.92
4.78 3.28 9.66 7.94
4.68 3.7 9.42 8.12
4.62 3.26 9.68 7.94
4.72 3.5 9.84 8.34
4.62 2.66 9.98 7.64
4.7 3.4 10.0 8.4
4.78 3.6 9.68 8.28
4.6 3.94 9.52 8.46
4.74 2.92 9.98 7.9
4.84 3.5 9.36 7.86
4.88 3.36 9.08 7.44
4.82 3.2 9.2 7.4
4.74 3.4 9.98 8.38
4.82 3.74 9.26 8.0
4.78 2.74 10.22 7.96
4.7 3.48 9.4 7.88
4.6 3.02 10.04 8.06
4.76 3.14 10.2 8.34
4.84 3.82 9.58 8.4
4.7 3.82 9.66 8.48
4.62 2.94 9.86 7.8
4.88 3.54 9.58 8.12
4.76 3.24 9.54 7.78
4.64 3.24 9.32 7.56
4.72 3.24 10.32 8.56
4.76 3.34 8.82 7.16
4.68 3.24 9.66 7.9
4.72 3.88 9.02 7.9
4.6 2.92 10.58 8.5
4.86 4.28 8.78 8.06
4.82 3.28 9.38 7.66
4.72 3.4 9.88 8.28
4.74 3.96 8.98 7.94
4.84 3.14 9.52 7.66
4.82 3.82 9.06 7.88
4.76 3.4 9.82 8.22
4.7 3.44 10.04 8.48
4.78 4.24 8.82 8.06
4.62 3.16 9.66 7.82
4.78 3.64 8.56 7.2
4.74 3.38 9.66 8.04
4.84 3.28 9.22 7.5
4.76 3.16 9.22 7.38
4.82 3.5 9.2 7.7
4.68 3.86 9.6 8.46
4.72 3.38 9.38 7.76
4.88 3.4 10.0 8.4
4.6 3.46 10.06 8.52
4.78 3.8 9.64 8.44
4.56 3.44 10.2 8.64
4.8 2.92 9.7 7.62
4.84 3.64 8.76 7.4
4.74 2.86 10.04 7.9
4.76 3.2 9.06 7.26
4.74 4.16 9.24 8.4
4.7 3.14 8.98 7.12
4.6 3.18 9.74 7.92
4.72 3.08 9.1 7.18
4.88 3.88 9.66 8.54
4.84 3.52 8.88 7.4
4.76 3.76 9.56 8.32
4.86 3.96 9.56 8.52
4.64 2.98 10.44 8.42
4.88 3.56 8.92 7.48
4.54 3.02 10.18 8.2
4.72 3.22 10.46 8.68
4.82 3.36 9.64 8.0
4.84 3.68 8.74 7.42
4.84 3.88 8.94 7.82
4.74 3.66 9.6 8.26
4.72 3.52 8.96 7.48
4.86 3.5 9.68 8.18
4.66 4.08 8.8 7.88
4.8 4.1 8.64 7.74
4.74 3.76 9.66 8.42
4.76 3.24 10.28 8.52
4.6 3.14 10.7 8.84
4.72 3.38 10.12 8.5
4.9 3.64 9.0 7.64
4.72 3.2 9.42 7.62
4.84 3.08 9.88 7.96
4.8 4.32 8.9 8.22
4.7 3.66 8.92 7.58
4.72 3.4 9.68 8.08
4.8 3.14 9.2 7.34
4.74 3.44 9.36 7.8
4.68 3.66 8.94 7.6
4.82 3.0 9.48 7.48
4.78 3.36 8.94 7.3
4.7 2.92 9.78 7.7
4.74 3.14 9.82 7.96
4.7 3.74 8.82 7.56
4.8 3.28 9.48 7.76
4.7 3.6 9.04 7.64
4.72 3.42 9.64 8.06
4.74 3.9 9.46 8.36
4.86 3.48 9.38 7.86
4.7 4.04 9.8 8.84
4.72 3.2 10.12 8.32
4.82 3.66 9.3 7.96
4.6 3.44 9.68 8.12
4.66 3.12 9.86 7.98
4.86 3.5 9.4 7.9
4.7 4.02 9.28 8.3
4.7 3.3 9.26 7.56
4.82 3.52 9.16 7.68
4.7 2.86 10.32 8.18
4.84 3.56 9.24 7.8
4.74 3.1 9.58 7.68
4.74 3.54 9.2 7.74
4.7 3.0 10.0 8.0
4.6 3.34 9.7 8.04
4.84 3.38 8.84 7.22
4.84 3.64 9.48 8.12
4.68 2.86 10.42 8.28
4.76 3.68 9.42 8.1
4.76 3.68 9.12 7.8
4.7 3.26 9.4 7.66
4.74 3.82 9.08 7.9
4.8 3.52 9.22 7.74
4.78 3.28 9.56 7.84
4.88 3.58 10.6 9.18
4.68 4.5 8.78 8.28
4.7 4.1 8.44 7.54
4.84 3.76 9.46 8.22
4.74 3.76 9.14 7.9
4.8 3.24 10.04 8.28
4.8 3.8 9.22 8.02
4.74 3.26 9.18 7.44
4.64 2.74 9.86 7.6
4.68 3.48 10.18 8.66
4.76 4.12 8.84 7.96
4.8 3.06 10.2 8.26
4.8 3.62 9.72 8.34
4.76 3.56 9.32 7.88
4.82 3.5 8.96 7.46
4.64 3.44 9.34 7.78
4.86 4.06 9.06 8.12
4.66 4.34 9.38 8.72
4.74 3.0 10.42 8.42
4.82 3.48 9.2 7.68
4.88 3.66 9.4 8.06
4.86 3.7 9.38 8.08
4.86 3.76 9.32 8.08
4.86 4.18 8.3 7.48
4.84 4.02 8.58 7.6
4.76 3.16 10.7 8.86
4.86 3.78 8.74 7.52
4.66 3.34 9.08 7.42
4.8 3.66 9.78 8.44
4.74 3.2 10.42 8.62
4.72 3.38 9.96 8.34
4.74 2.98 9.8 7.78
4.7 3.58 9.02 7.6
4.84 3.7 7.96 6.66
4.72 4.06 8.88 7.94
4.68 3.68 8.72 7.4
4.74 3.76 8.82 7.58
4.78 3.52 9.28 7.8
4.68 3.16 10.02 8.18
4.82 2.96 9.68 7.64
4.72 3.3 9.08 7.38
4.86 3.56 9.28 7.84
4.7 3.68 9.46 8.14
4.68 3.28 9.36 7.64
4.72 3.48 9.34 7.82
4.82 3.06 9.42 7.48
4.78 3.34 10.12 8.46
4.8 3.44 9.56 8.0
4.72 3.52 8.94 7.46
4.76 4.0 9.32 8.32
4.76 3.56 10.02 8.58
4.76 3.7 9.18 7.88
4.86 4.0 8.6 7.6
4.64 2.68 10.3 7.98
4.8 3.74 8.9 7.64
4.72 3.46 9.48 7.94
4.8 3.78 9.48 8.26
4.68 3.54 9.46 8.0
4.8 3.94 9.64 8.58
4.88 3.2 8.84 7.04
4.74 3.68 9.18 7.86
4.76 4.1 9.02 8.12
4.82 4.18 8.6 7.78
4.7 2.82 10.66 8.48
4.78 3.32 9.52 7.84
4.64 3.12 9.54 7.66
4.88 3.78 9.74 8.52
4.62 3.36 9.16 7.52
4.8 3.48 9.52 8.0
4.7 3.46 9.1 7.56
4.58 3.44 9.96 8.4
4.78 4.12 8.42 7.54
4.86 3.3 9.32 7.62
4.78 3.56 8.84 7.4
4.68 3.54 9.74 8.28
4.72 4.4 8.32 7.72
4.78 3.66 9.68 8.34
4.8 4.16 9.42 8.58
4.84 3.02 9.46 7.48
4.8 3.38 9.6 7.98
4.64 2.9 10.14 8.04
4.78 3.8 9.14 7.94
4.84 3.56 9.22 7.78
4.72 3.58 8.28 6.86
4.78 2.56 10.26 7.82
4.84 3.96 8.88 7.84
4.78 3.46 10.28 8.74
4.78 3.1 9.92 8.02
4.8 3.62 9.34 7.96
4.82 3.54 8.88 7.42
4.82 2.78 9.9 7.68
4.72 3.68 9.38 8.06
4.82 4.04 9.04 8.08
4.76 3.5 9.64 8.14
4.72 3.34 9.5 7.84
4.8 3.54 9.14 7.68
4.76 3.32 9.64 7.96
4.7 3.22 9.82 8.04
4.84 3.5 9.2 7.7
4.76 4.6 8.42 8.02
4.88 3.64 9.64 8.28
4.8 3.62 9.28 7.9
4.68 3.82 9.08 7.9
4.78 3.74 9.7 8.44
4.88 3.32 9.52 7.84
4.68 2.66 9.78 7.44
4.74 3.42 9.44 7.86
4.74 3.28 9.68 7.96
4.8 4.12 8.74 7.86
4.64 3.42 9.06 7.48
4.8 2.98 9.74 7.72
4.74 3.08 9.64 7.72
4.84 3.66 8.88 7.54
4.84 3.84 9.66 8.5
4.78 3.68 9.2 7.88
4.76 3.32 9.88 8.2
4.8 2.88 9.46 7.34
4.76 3.6 9.06 7.66
4.84 3.22 9.5 7.72
4.66 3.48 9.52 8.0
4.74 4.14 8.24 7.38
4.76 3.94 9.26 8.2
4.8 3.68 9.26 7.94
4.9 3.32 9.16 7.48
4.74 3.88 8.9 7.78
4.72 4.0 8.86 7.86
4.76 3.98 8.94 7.92
4.9 3.68 8.72 7.4
4.72 3.84 9.26 8.1
4.72 3.26 10.12 8.38
4.84 3.32 9.34 7.66
4.76 3.5 9.46 7.96
4.66 2.9 10.1 8.0
4.68 2.66 9.94 7.6
4.64 3.18 9.4 7.58
4.78 3.86 9.12 7.98
4.76 3.48 9.44 7.92
4.8 3.82 8.78 7.6
4.88 5.06 7.96 8.02
4.82 3.28 9.22 7.5
4.76 3.38 9.36 7.74
4.78 3.6 9.2 7.8
4.82 4.0 8.8 7.8
4.7 3.94 9.74 8.68
4.72 2.94 9.62 7.56
4.74 2.98 9.82 7.8
4.72 3.98 8.84 7.82
4.7 3.4 9.84 8.24
4.84 3.56 9.42 7.98
4.8 3.6 9.12 7.72
4.66 3.02 9.88 7.9
4.72 3.2 9.78 7.98
4.78 3.52 9.18 7.7
4.84 3.92 8.46 7.38
4.8 2.8 9.64 7.44
4.94 4.08 8.5 7.58
4.76 3.42 9.94 8.36
4.78 3.26 9.36 7.62
4.8 3.68 8.9 7.58
4.8 3.5 9.74 8.24
4.62 3.14 10.14 8.28
4.76 3.52 8.94 7.46
4.76 3.62 8.82 7.44
4.66 3.3 9.76 8.06
4.64 3.28 9.7 7.98
4.86 3.32 9.84 8.16
4.76 3.42 9.5 7.92
4.7 2.88 10.36 8.24
4.78 3.58 9.4 7.98
4.84 3.86 9.22 8.08
4.78 3.58 9.5 8.08
4.82 3.06 10.34 8.4
4.86 3.74 9.02 7.76
4.6 2.9 10.04 7.94
4.8 3.66 9.78 8.44
4.8 3.16 9.86 8.02
4.66 3.08 9.54 7.62
4.7 3.16 9.54 7.7
4.64 3.22 9.58 7.8
4.68 3.12 9.78 7.9
4.84 3.64 9.06 7.7
4.68 2.86 9.94 7.8
4.76 3.3 9.56 7.86
4.8 3.62 9.42 8.04
4.74 4.14 8.56 7.7
4.78 3.32 10.08 8.4
4.8 3.32 9.8 8.12
4.64 2.96 9.82 7.78
4.7 2.98 9.96 7.94
4.72 3.08 10.5 8.58
4.82 3.6 9.86 8.46
4.82 3.76 8.4 7.16
4.84 3.7 8.98 7.68
4.74 3.2 9.54 7.74
4.88 3.4 9.18 7.58
4.62 3.08 10.12 8.2
4.7 2.92 9.68 7.6
4.88 4.26 8.34 7.6
4.72 3.54 9.72 8.26
4.8 3.76 9.68 8.44
4.64 3.04 9.52 7.56
4.84 3.78 8.94 7.72
4.76 3.16 9.86 8.02
4.7 3.78 9.74 8.52
4.84 3.24 9.46 7.7
4.76 3.66 9.64 8.3
4.78 3.0 10.18 8.18
4.78 2.96 10.18 8.14
4.88 3.08 9.48 7.56
4.82 3.98 8.86 7.84
4.84 3.8 9.74 8.54
4.74 3.32 9.64 7.96
4.76 2.88 10.14 8.02
4.84 3.96 9.06 8.02
4.78 2.74 9.52 7.26
4.84 3.28 9.94 8.22
4.72 3.74 9.54 8.28
4.84 3.72 8.98 7.7
4.68 3.56 9.14 7.7
4.88 3.86 9.3 8.16
4.86 3.12 9.7 7.82
4.66 2.98 9.56 7.54
4.94 3.84 8.96 7.8
4.7 3.14 10.56 8.7
4.8 3.56 9.78 8.34
4.76 2.78 10.72 8.5
4.68 3.0 9.94 7.94
4.68 3.46 10.16 8.62
4.86 3.76 9.96 8.72
4.8 3.6 9.22 7.82
4.66 3.78 9.46 8.24
4.76 3.8 9.56 8.36
4.68 3.3 9.66 7.96
4.68 3.06 10.54 8.6
4.66 3.5 9.56 8.06
4.58 3.16 10.26 8.42
4.82 3.82 9.5 8.32
4.78 3.7 9.74 8.44
4.7 3.48 9.56 8.04
4.7 3.52 9.18 7.7
4.76 3.04 10.16 8.2
4.68 4.02 9.28 8.3
4.58 3.38 10.06 8.44
4.72 3.48 9.92 8.4
4.78 3.36 9.22 7.58
4.8 3.16 10.22 8.38
4.76 4.14 8.7 7.84
4.8 3.46 8.9 7.36
4.74 3.34 9.76 8.1
4.82 3.5 9.74 8.24
4.64 3.28 9.6 7.88
4.82 3.52 9.06 7.58
4.7 3.48 9.36 7.84
4.84 3.18 9.32 7.5
4.72 3.2 9.88 8.08
4.76 3.4 9.98 8.38
4.8 3.24 9.36 7.6
4.64 3.56 9.98 8.54
4.82 4.02 9.24 8.26
4.7 2.74 9.98 7.72
4.64 3.22 9.88 8.1
4.9 4.3 8.52 7.82
4.82 4.18 8.6 7.78
4.82 3.76 9.16 7.92
4.84 3.46 9.26 7.72
4.64 3.06 10.02 8.08
4.66 3.86 9.7 8.56
4.8 3.06 10.18 8.24
4.82 3.6 9.02 7.62
4.74 2.82 10.18 8.0
4.74 3.56 8.58 7.14
4.82 3.34 9.78 8.12
4.76 3.82 9.28 8.1
4.8 3.14 9.66 7.8
4.76 3.3 9.54 7.84
4.74 3.3 9.52 7.82
4.8 3.94 8.8 7.74
4.7 3.68 9.7 8.38
4.74 3.58 9.64 8.22
4.76 3.04 10.42 8.46
4.74 3.3 10.14 8.44
4.78 3.58 9.26 7.84
4.72 3.06 9.82 7.88
4.72 2.74 10.94 8.68
4.74 3.86 9.12 7.98
4.74 3.52 9.46 7.98
4.7 3.26 9.9 8.16
4.58 3.22 9.82 8.04
4.88 4.84 8.32 8.16
4.76 3.6 9.44 8.04
4.74 3.42 10.3 8.72
4.88 3.54 9.54 8.08
4.64 2.96 10.1 8.06
4.82 3.08 9.28 7.36
4.84 3.62 8.2 6.82
4.76 2.88 10.14 8.02
4.58 2.8 10.38 8.18
4.68 3.1 10.38 8.48
4.7 3.34 10.04 8.38
4.76 3.0 9.88 7.88
4.6 3.14 10.32 8.46
4.78 3.48 9.66 8.14
4.82 2.78 10.22 8.0
4.84 3.62 9.28 7.9
4.74 3.04 9.62 7.66
4.8 3.4 8.7 7.1
4.72 3.22 10.54 8.76
4.82 3.9 8.6 7.5
4.78 3.58 9.62 8.2
4.74 2.96 9.7 7.66
4.9 3.9 8.82 7.72
4.6 3.18 10.0 8.18
4.8 3.16 10.22 8.38
4.78 3.24 9.06 7.3
4.9 3.5 9.38 7.88
4.92 3.04 9.34 7.38
4.64 3.86 8.16 7.02
4.78 3.56 9.04 7.6
4.76 4.06 9.62 8.68
4.8 3.32 9.66 7.98
4.8 3.5 8.56 7.06
4.7 3.12 10.26 8.38
4.82 3.38 9.18 7.56
4.76 3.54 9.44 7.98
4.84 3.74 9.12 7.86
4.72 3.52 9.18 7.7
4.82 3.6 8.96 7.56
4.76 3.26 9.84 8.1
4.68 3.92 9.04 7.96
4.8 3.52 9.06 7.58
4.76 3.98 9.08 8.06
4.62 2.98 10.4 8.38
4.84 4.22 9.14 8.36
4.82 2.92 9.3 7.22
4.72 3.0 10.06 8.06
4.84 3.26 9.76 8.02
4.82 4.0 8.46 7.46
4.8 3.18 9.66 7.84
4.72 3.16 9.88 8.04
4.72 3.88 9.08 7.96
4.74 4.6 8.08 7.68
4.68 3.38 9.44 7.82
4.72 3.56 9.34 7.9
4.7 3.88 8.72 7.6
4.76 2.96 9.76 7.72
4.74 3.5 9.12 7.62
4.66 3.86 9.96 8.82
4.62 2.9 10.06 7.96
4.76 3.76 8.92 7.68
4.84 4.1 9.12 8.22
4.72 3.64 9.24 7.88
4.62 3.8 9.72 8.52
4.84 3.36 10.08 8.44
4.76 3.62 9.04 7.66
4.82 4.0 9.42 8.42
4.84 3.92 8.68 7.6
4.8 3.52 8.98 7.5
4.66 3.26 10.3 8.56
4.8 4.02 9.64 8.66
4.7 3.2 9.42 7.62
4.7 4.18 8.7 7.88
4.78 3.68 8.72 7.4
4.84 3.48 8.26 6.74
4.76 3.44 10.04 8.48
4.8 3.44 9.58 8.02
4.78 3.6 9.22 7.82
4.74 3.22 9.92 8.14
4.74 3.16 9.58 7.74
4.7 2.94 9.56 7.5
4.68 3.12 9.66 7.78
4.84 3.58 8.98 7.56
4.72 3.18 9.42 7.6
4.72 3.7 9.56 8.26
4.88 3.22 10.56 8.78
4.78 3.66 9.36 8.02
4.72 3.06 10.4 8.46
4.8 3.88 9.3 8.18
4.64 3.16 9.7 7.86
4.76 3.08 9.54 7.62
4.78 4.18 9.28 8.46
4.66 3.52 9.82 8.34
4.82 3.78 9.42 8.2
4.74 3.38 8.94 7.32
4.6 3.66 9.52 8.18
4.76 3.64 9.98 8.62
4.82 2.94 9.96 7.9
4.74 2.64 9.84 7.48
4.7 2.9 10.16 8.06
4.74 3.58 9.34 7.92
4.8 3.12 9.5 7.62
4.86 3.22 10.24 8.46
4.72 3.7 10.16 8.86
4.7 3.6 10.02 8.62
4.66 3.04 9.9 7.94
4.84 3.74 9.52 8.26
4.74 3.42 9.58 8.0
4.76 3.6 8.92 7.52
4.86 3.84 8.88 7.72
4.82 3.32 9.16 7.48
4.82 3.52 9.14 7.66
4.74 3.34 10.1 8.44
4.76 4.32 9.04 8.36
4.66 4.12 8.64 7.76
4.76 3.48 9.66 8.14
4.7 4.18 8.98 8.16
4.78 3.64 8.84 7.48
4.84 3.52 9.62 8.14
4.64 3.42 9.74 8.16
4.62 3.08 10.32 8.4
4.94 3.28 9.56 7.84
4.72 3.32 9.86 8.18
4.8 3.26 9.66 7.92
4.78 3.8 8.98 7.78
4.72 3.32 9.44 7.76
4.72 3.06 9.22 7.28
4.74 3.68 9.52 8.2
4.78 3.44 9.06 7.5
4.8 3.94 9.06 8.0
4.86 3.88 9.02 7.9
4.8 3.22 9.5 7.72
4.62 3.26 9.42 7.68
4.72 3.62 9.28 7.9
4.7 2.96 9.96 7.92
4.68 3.86 9.64 8.5
4.78 3.56 9.1 7.66
4.7 3.42 10.12 8.54
4.82 3.88 9.46 8.34
4.64 3.02 10.32 8.34
4.86 3.8 9.22 8.02
4.66 3.12 9.82 7.94
4.84 3.12 9.58 7.7
4.74 3.64 9.98 8.62
4.82 3.1 9.88 7.98
4.7 3.54 9.78 8.32
4.64 3.0 10.22 8.22
4.74 3.86 8.5 7.36
4.76 3.54 8.94 7.48
4.58 3.1 10.5 8.6
4.8 3.72 9.42 8.14
4.74 3.24 9.6 7.84
4.8 3.72 9.12 7.84
4.64 3.66 9.84 8.5
4.62 3.46 9.6 8.06
4.78 3.48 9.04 7.52
4.82 3.14 9.48 7.62
4.8 3.48 9.4 7.88
4.8 3.2 9.66 7.86
4.68 3.54 10.06 8.6
4.82 3.28 9.5 7.78
4.78 3.96 8.98 7.94
4.68 3.28 10.28 8.56
4.7 2.96 10.42 8.38
4.7 3.92 9.48 8.4
4.78 3.6 8.32 6.92
4.78 3.34 10.06 8.4
4.68 2.74 10.52 8.26
4.82 3.06 9.86 7.92
4.82 3.68 9.18 7.86
4.76 3.32 10.32 8.64
4.86 3.88 8.88 7.76
4.8 3.36 9.7 8.06
4.8 3.18 9.52 7.7
4.74 3.46 9.78 8.24
4.82 3.82 9.28 8.1
4.78 3.58 9.12 7.7
4.76 3.06 9.64 7.7
4.72 3.06 9.56 7.62
4.78 3.34 9.22 7.56
4.6 2.8 10.5 8.3
4.82 3.24 9.48 7.72
4.7 2.86 10.28 8.14
4.82 3.5 9.72 8.22
4.72 3.44 9.54 7.98
4.76 3.48 9.4 7.88
4.78 3.24 9.9 8.14
4.7 3.3 9.84 8.14
4.84 3.02 9.5 7.52
4.82 2.96 9.98 7.94
4.74 3.36 9.6 7.96
4.8 3.2 10.18 8.38
4.74 3.38 9.88 8.26
4.72 3.3 9.3 7.6
4.76 2.92 9.2 7.12
4.78 3.4 8.56 6.96
4.72 4.06 9.44 8.5
4.66 3.58 9.36 7.94
4.74 3.38 9.34 7.72
4.74 4.16 8.92 8.08
4.66 3.24 10.4 8.64
4.86 3.66 8.66 7.32
4.84 3.82 8.9 7.72
4.64 3.44 9.24 7.68
4.8 3.62 8.74 7.36
4.76 3.56 9.04 7.6
4.78 3.58 9.4 7.98
4.86 3.82 8.96 7.78
4.84 4.06 8.52 7.58
4.8 3.24 10.24 8.48
4.76 2.8 10.44 8.24
4.6 2.62 10.56 8.18
4.78 3.34 9.76 8.1
4.74 3.28 9.46 7.74
4.76 3.92 9.44 8.36
4.82 3.96 8.7 7.66
4.64 3.26 10.0 8.26
4.72 3.42 9.42 7.84
4.78 3.78 8.84 7.62
4.78 3.02 10.12 8.14
4.74 3.22 9.54 7.76
4.76 3.52 9.0 7.52
4.72 3.04 10.06 8.1
4.76 4.34 8.3 7.64
4.82 3.1 9.58 7.68
4.72 3.42 9.7 8.12
4.8 3.78 9.1 7.88
4.78 3.2 9.2 7.4
4.86 3.98 9.44 8.42
4.94 4.32 8.52 7.84
4.82 3.06 10.06 8.12
4.72 3.58 9.34 7.92
4.76 3.08 10.1 8.18
4.82 3.08 9.78 7.86
4.78 3.12 9.46 7.58
4.72 3.06 9.76 7.82
4.74 3.32 9.66 7.98
4.74 3.52 9.54 8.06
4.62 3.2 10.18 8.38
4.8 3.14 9.28 7.42
4.74 3.3 9.68 7.98
4.86 4.04 9.0 8.04
4.74 3.04 9.32 7.36
4.64 3.14 10.3 8.44
4.66 3.18 9.48 7.66
4.82 3.58 9.72 8.3
4.8 3.38 9.84 8.22
4.62 3.48 9.36 7.84
4.68 3.18 10.06 8.24
4.78 4.1 9.16 8.26
4.78 3.46 9.76 8.22
4.84 3.98 8.84 7.82
4.78 3.9 8.94 7.84
4.86 3.46 9.16 7.62
4.82 3.76 10.06 8.82
4.82 3.9 8.7 7.6
4.84 3.52 9.04 7.56
4.74 3.1 9.5 7.6
4.76 3.84 9.72 8.56
4.88 4.08 7.98 7.06
4.8 3.52 10.14 8.66
4.72 2.78 9.42 7.2
4.8 4.26 9.18 8.44
4.8 3.72 9.38 8.1
4.74 3.18 9.76 7.94
4.86 3.38 9.78 8.16
4.74 2.86 9.84 7.7
4.78 3.06 9.18 7.24
4.76 3.28 9.42 7.7
4.68 2.98 10.1 8.08
4.58 3.12 9.82 7.94
4.88 4.18 8.66 7.84
4.9 4.06 8.7 7.76
4.82 4.16 8.28 7.44
4.84 4.06 8.48 7.54
4.78 3.6 9.08 7.68
4.78 3.96 8.32 7.28
4.7 2.9 9.68 7.58
4.66 3.36 9.3 7.66
4.82 4.04 8.5 7.54
4.78 3.3 10.34 8.64
4.82 3.36 9.38 7.74
4.86 3.42 9.8 8.22
4.8 3.4 9.16 7.56
4.68 3.34 9.9 8.24
4.76 3.24 10.22 8.46
4.86 3.42 9.24 7.66
4.64 3.24 10.36 8.6
4.74 4.04 8.88 7.92
4.64 3.4 9.38 7.78
4.76 2.86 9.6 7.46
4.66 2.94 9.84 7.78
4.8 3.64 9.56 8.2
4.86 3.54 8.76 7.3
4.86 3.84 8.78 7.62
4.92 3.68 8.44 7.12
4.64 3.34 9.54 7.88
4.96 4.0 9.16 8.16
4.74 4.08 8.52 7.6
4.72 3.04 10.26 8.3
4.74 3.5 9.24 7.74
4.8 3.54 10.38 8.92
4.64 3.12 10.26 8.38
4.76 3.66 8.92 7.58
4.7 2.74 10.28 8.02
4.64 3.14 10.16 8.3
4.78 3.52 8.82 7.34
4.72 3.36 10.34 8.7
4.82 3.86 8.66 7.52
4.72 3.52 9.62 8.14
4.74 3.36 9.26 7.62
4.78 3.42 9.24 7.66
4.78 3.66 9.58 8.24
4.86 3.64 9.4 8.04
4.7 3.62 9.32 7.94
4.7 3.94 9.44 8.38
4.78 3.08 9.42 7.5
4.82 3.3 9.46 7.76
4.78 3.86 9.56 8.42
4.78 3.88 8.8 7.68
4.78 3.16 9.46 7.62
4.76 4.12 8.24 7.36
4.7 3.16 10.0 8.16
4.8 3.56 9.6 8.16
4.84 3.56 8.98 7.54
4.78 3.98 8.92 7.9
4.78 3.7 8.9 7.6
4.72 3.34 9.24 7.58
4.66 3.44 9.12 7.56
4.8 3.52 9.88 8.4
4.68 2.84 10.38 8.22
4.7 3.02 10.06 8.08
4.82 3.42 9.46 7.88
4.82 3.42 9.38 7.8
4.74 2.96 9.78 7.74
4.68 3.18 9.72 7.9
4.8 3.06 9.62 7.68
4.74 3.96 8.76 7.72
4.66 3.84 8.9 7.74
4.74 3.7 9.14 7.84
4.8 3.7 8.96 7.66
4.68 3.3 9.24 7.54
4.88 4.04 8.54 7.58
4.78 3.0 9.42 7.42
4.7 2.68 10.04 7.72
4.68 3.64 9.28 7.92
4.78 3.7 9.14 7.84
4.78 3.46 9.52 7.98
4.84 3.84 8.92 7.76
4.8 3.26 9.64 7.9
4.68 3.08 10.0 8.08
4.84 3.76 9.2 7.96
4.7 2.74 9.82 7.56
4.7 3.18 10.06 8.24
4.68 2.8 9.88 7.68
4.86 3.72 9.08 7.8
4.7 3.64 9.82 8.46
4.74 3.62 9.68 8.3
4.66 2.96 9.84 7.8
4.64 3.2 9.46 7.66
4.62 4.08 9.74 8.82
4.78 3.38 10.04 8.42
4.78 3.34 9.42 7.76
4.76 3.58 8.96 7.54
4.7 3.48 9.64 8.12
4.64 2.94 10.14 8.08
4.74 3.32 9.78 8.1
4.72 3.58 10.24 8.82
4.62 3.46 9.92 8.38
4.74 3.04 9.88 7.92
4.76 2.98 9.94 7.92
4.74 3.68 9.14 7.82
4.78 3.22 8.96 7.18
4.78 3.06 9.64 7.7
4.76 3.56 9.54 8.1
4.82 3.7 9.48 8.18
4.66 3.42 9.4 7.82
4.7 3.2 9.8 8.0
4.84 3.72 9.36 8.08
4.84 4.0 8.38 7.38
4.68 3.22 10.02 8.24
4.8 3.8 9.36 8.16
4.86 4.0 8.9 7.9
4.64 3.16 9.12 7.28
4.84 3.4 9.52 7.92
4.76 3.62 9.54 8.16
4.74 3.7 9.84 8.54
4.66 3.68 9.76 8.44
4.76 3.72 9.08 7.8
4.72 3.86 9.26 8.12
4.72 4.06 8.88 7.94
4.72 3.72 9.62 8.34
4.84 3.44 9.82 8.26
4.62 3.62 9.56 8.18
4.82 3.8 8.36 7.16
4.68 3.7 10.16 8.86
4.86 3.94 9.1 8.04
4.72 3.74 8.68 7.42
4.78 3.76 9.06 7.82
4.7 3.66 9.54 8.2
4.76 3.4 9.74 8.14
4.84 3.34 9.72 8.06
4.74 2.98 10.62 8.6
4.76 3.34 9.7 8.04
4.7 3.62 9.58 8.2
4.82 3.62 9.36 7.98
4.7 3.18 9.88 8.06
4.78 3.76 9.32 8.08
4.74 3.42 9.16 7.58
4.8 3.76 9.1 7.86
4.68 3.24 9.5 7.74
4.9 4.3 8.8 8.1
4.78 3.42 9.48 7.9
4.84 3.58 9.48 8.06
4.82 3.32 9.84 8.16
4.78 3.76 8.48 7.24
4.82 3.54 9.44 7.98
4.7 3.42 9.48 7.9
4.66 4.06 9.1 8.16
4.7 3.42 9.7 8.12
4.62 3.74 9.62 8.36
4.86 3.46 9.3 7.76
4.78 3.0 9.76 7.76
4.54 2.92 10.02 7.94
4.8 4.08 8.6 7.68
4.76 3.1 10.24 8.34
4.64 3.76 9.36 8.12
4.78 4.04 8.34 7.38
4.88 3.3 9.34 7.64
4.84 3.8 9.2 8.0
4.8 3.88 9.62 8.5
4.76 3.6 9.46 8.06
4.8 3.58 9.56 8.14
4.58 2.72 10.12 7.84
4.72 3.06 9.74 7.8
4.76 3.6 10.16 8.76
4.66 3.32 9.52 7.84
4.64 3.84 9.64 8.48
4.72 2.86 10.02 7.88
4.64 3.8 9.08 7.88
4.78 4.0 9.2 8.2
4.8 3.74 9.2 7.94
4.7 3.92 9.08 8.0
4.82 3.4 10.16 8.56
4.66 3.48 9.5 7.98
4.58 2.9 10.48 8.38
4.58 2.54 10.68 8.22
4.78 3.18 10.12 8.3
4.78 3.38 9.32 7.7
4.74 3.68 9.86 8.54
4.78 3.32 9.3 7.62
4.7 4.36 9.32 8.68
4.8 3.62 9.96 8.58
4.88 4.48 8.58 8.06
4.62 3.38 9.88 8.26
4.74 3.54 9.5 8.04
4.78 3.22 9.22 7.44
4.74 3.38 9.08 7.46
4.66 2.94 9.52 7.46
4.74 3.22 9.14 7.36
4.76 3.2 9.5 7.7
4.78 3.46 9.18 7.64
4.78 3.62 9.6 8.22
4.72 3.32 9.86 8.18
4.82 3.94 9.02 7.96
4.7 3.1 10.82 8.92
4.86 3.66 9.36 8.02
4.82 3.72 9.3 8.02
4.7 4.22 8.74 7.96
4.52 2.76 10.22 7.98
4.8 3.82 9.2 8.02
4.86 4.12 8.56 7.68
4.9 4.04 8.12 7.16
4.7 3.44 9.94 8.38
4.88 4.02 8.7 7.72
4.78 3.68 9.36 8.04
4.8 4.18 8.4 7.58
4.82 3.52 9.58 8.1
4.78 3.38 9.98 8.36
4.66 3.44 9.94 8.38
4.64 3.8 8.82 7.62
4.84 3.28 9.7 7.98
4.7 3.46 9.86 8.32
4.84 3.52 9.56 8.08
4.88 3.82 9.16 7.98
4.74 3.22 10.08 8.3
4.82 3.58 9.24 7.82
4.8 4.12 8.32 7.44
4.7 3.08 9.74 7.82
4.6 3.36 10.12 8.48
4.82 3.68 9.34 8.02
4.76 3.6 9.5 8.1
4.64 4.26 9.24 8.5
4.86 3.38 9.28 7.66
4.74 3.02 9.52 7.54
4.82 3.3 8.92 7.22
4.78 3.86 9.48 8.34
4.74 3.18 9.28 7.46
4.74 2.84 9.88 7.72
4.76 3.42 9.14 7.56
4.78 3.76 9.36 8.12
4.82 3.88 9.36 8.24
4.78 3.6 9.14 7.74
4.68 3.26 9.68 7.94
4.72 3.64 9.54 8.18
4.66 3.02 9.68 7.7
4.74 2.96 9.5 7.46
4.76 3.52 9.28 7.8
4.62 3.24 10.32 8.56
4.72 3.62 9.1 7.72
4.88 3.5 9.88 8.38
4.72 3.34 9.32 7.66
4.74 3.5 9.18 7.68
4.84 3.26 10.02 8.28
4.76 3.38 9.48 7.86
4.7 3.78 9.64 8.42
4.74 3.16 10.06 8.22
4.76 3.02 9.28 7.3
4.84 4.02 9.5 8.52
4.74 3.82 8.62 7.44
4.82 3.02 9.78 7.8
4.66 3.16 9.46 7.62
4.68 3.46 9.74 8.2
4.82 3.44 9.02 7.46
4.76 3.54 9.02 7.56
4.72 3.2 9.3 7.5
4.78 3.58 9.52 8.1
4.82 3.42 9.06 7.48
4.8 3.9 9.14 8.04
4.82 3.28 9.04 7.32
4.82 3.3 9.84 8.14
4.74 3.36 9.88 8.24
4.78 3.4 9.7 8.1
4.86 3.72 8.78 7.5
4.92 3.8 8.72 7.52
4.78 3.96 8.58 7.54
4.78 4.0 8.98 7.98
4.74 3.36 9.66 8.02
4.76 3.58 9.44 8.02
4.72 3.4 9.14 7.54
4.76 3.42 10.04 8.46
4.72 2.64 10.24 7.88
4.82 3.46 9.2 7.66
4.8 3.52 9.2 7.72
4.76 2.86 9.88 7.74
4.84 3.26 9.76 8.02
4.74 3.54 10.1 8.64
4.7 3.1 9.62 7.72
4.8 4.22 9.28 8.5
4.84 3.46 9.1 7.56
4.92 3.3 9.46 7.76
4.58 3.16 9.74 7.9
4.76 3.8 9.0 7.8
4.7 3.1 10.0 8.1
4.72 3.24 9.56 7.8
4.78 3.34 10.14 8.48
4.76 3.96 9.14 8.1
4.84 3.22 10.14 8.36
4.72 3.12 10.26 8.38
4.8 3.54 9.2 7.74
4.84 3.62 8.8 7.42
4.8 3.3 9.42 7.72
4.68 2.9 9.9 7.8
4.72 3.0 9.78 7.78
4.86 4.04 8.64 7.68
4.82 3.2 9.48 7.68
4.68 3.48 9.44 7.92
4.86 3.72 9.08 7.8
4.78 3.12 9.4 7.52
4.72 3.52 9.26 7.78
4.78 3.78 10.02 8.8
4.84 3.96 8.86 7.82
4.8 3.76 9.58 8.34
4.78 3.78 9.7 8.48
4.74 3.58 9.6 8.18
4.78 2.62 10.76 8.38
4.76 3.92 8.86 7.78
4.8 3.96 9.36 8.32
4.88 3.52 9.08 7.6
4.7 3.12 10.18 8.3
4.78 3.18 10.14 8.32
4.8 3.74 9.52 8.26
4.72 3.3 9.9 8.2
4.64 3.06 10.2 8.26
4.88 3.32 9.68 8.0
4.72 3.64 9.24 7.88
4.86 3.58 8.84 7.42
4.8 3.5 8.78 7.28
4.86 3.4 8.96 7.36
4.76 3.2 9.84 8.04
4.84 3.58 9.34 7.92
4.72 2.84 10.12 7.96
4.68 2.84 10.48 8.32
4.68 3.5 9.74 8.24
4.68 3.62 9.78 8.4
4.76 3.98 8.06 7.04
4.84 3.06 9.5 7.56
4.76 2.9 9.86 7.76
4.76 3.72 9.26 7.98
4.74 3.56 9.16 7.72
4.74 3.62 9.66 8.28
4.76 3.2 9.54 7.74
4.72 3.72 9.66 8.38
4.76 3.66 9.18 7.84
4.8 3.46 9.06 7.52
4.78 3.52 9.18 7.7
4.66 3.12 10.3 8.42
4.76 3.34 9.4 7.74
4.66 3.48 9.04 7.52
4.66 3.3 10.02 8.32
4.74 3.68 9.36 8.04
4.68 2.64 9.96 7.6
4.78 3.52 9.16 7.68
4.62 2.9 9.98 7.88
4.84 3.88 8.68 7.56
4.68 2.92 9.88 7.8
4.76 4.16 8.32 7.48
4.74 3.94 9.08 8.02
4.76 4.26 8.86 8.12
4.8 3.5 9.68 8.18
4.68 3.6 9.94 8.54
4.78 3.8 8.92 7.72
4.74 3.2 10.14 8.34
4.82 2.86 9.98 7.84
4.82 4.2 8.52 7.72
4.7 3.14 9.34 7.48
4.64 3.62 9.52 8.14
4.84 3.82 9.44 8.26
4.88 3.66 9.7 8.36
4.7 3.78 8.96 7.74
4.72 3.68 9.4 8.08
4.82 3.14 9.22 7.36
4.72 3.98 8.8 7.78
4.8 3.76 9.28 8.04
4.56 3.16 9.84 8.0
4.74 2.66 10.56 8.22
4.62 3.5 9.04 7.54
4.86 3.58 8.78 7.36
4.66 3.58 9.72 8.3
4.7 3.54 9.38 7.92
4.62 3.78 8.96 7.74
4.6 3.82 9.38 8.2
4.66 2.94 10.1 8.04
4.62 3.22 9.28 7.5
4.7 3.02 10.2 8.22
4.76 3.12 9.96 8.08
4.72 3.44 9.54 7.98
4.76 3.36 9.56 7.92
4.72 3.32 9.2 7.52
4.76 4.2 8.36 7.56
4.72 3.34 9.02 7.36
4.64 3.02 10.08 8.1
4.8 3.64 9.62 8.26
4.88 4.02 8.78 7.8
4.76 3.24 9.3 7.54
4.86 3.92 8.7 7.62
4.78 3.2 9.9 8.1
4.76 3.2 9.76 7.96
4.82 3.64 9.44 8.08
4.68 3.3 9.66 7.96
4.84 3.56 10.18 8.74
4.74 2.92 10.08 8.0
4.78 3.04 10.22 8.26
4.84 3.96 8.2 7.16
4.72 3.3 9.5 7.8
4.66 3.62 9.86 8.48
4.78 3.18 9.66 7.84
4.56 2.9 10.52 8.42
4.84 3.84 9.14 7.98
4.66 3.26 9.18 7.44
4.7 4.0 8.7 7.7
4.84 3.42 9.66 8.08
4.72 2.98 10.56 8.54
4.8 3.12 9.82 7.94
4.76 3.18 9.92 8.1
4.88 3.54 9.58 8.12
4.78 2.64 10.12 7.76
4.84 3.7 9.36 8.06
4.88 3.32 9.58 7.9
4.74 3.72 9.66 8.38
4.7 3.3 10.08 8.38
4.8 3.44 9.14 7.58
4.68 3.66 8.92 7.58
4.72 3.24 9.52 7.76
4.8 3.18 9.18 7.36
4.58 2.94 10.36 8.3
4.78 3.8 8.58 7.38
4.72 3.2 10.06 8.26
4.78 3.7 9.6 8.3
4.84 3.98 8.86 7.84
4.6 3.4 9.64 8.04
4.78 3.24 9.28 7.52
4.8 3.36 9.04 7.4
4.76 3.88 9.12 8.0
4.66 3.4 9.28 7.68
4.68 3.84 8.68 7.52
4.76 3.48 9.24 7.72
4.72 3.76 9.2 7.96
4.72 3.54 9.64 8.18
4.74 3.32 9.06 7.38
4.84 3.26 9.76 8.02
4.78 3.58 9.46 8.04
4.8 3.28 9.42 7.7
4.8 3.88 8.94 7.82
4.84 3.56 9.82 8.38
4.72 3.82 8.9 7.72
4.7 3.68 9.52 8.2
4.74 3.78 9.1 7.88
4.9 4.06 8.8 7.86
4.72 3.3 10.1 8.4
4.56 3.0 10.5 8.5
4.74 3.04 9.64 7.68
4.74 3.3 9.68 7.98
4.7 3.72 9.64 8.36
4.74 2.92 9.88 7.8
4.52 2.9 10.42 8.32
4.78 3.62 9.52 8.14
4.84 3.24 9.7 7.94
4.76 4.48 8.9 8.38
4.72 4.0 9.2 8.2
4.78 3.92 8.6 7.52
4.78 3.52 9.86 8.38
4.6 3.86 9.36 8.22
4.8 3.78 9.36 8.14
4.86 3.4 9.24 7.64
4.78 3.38 9.76 8.14
4.78 3.4 9.84 8.24
4.76 3.6 9.28 7.88
4.78 3.74 9.34 8.08
4.84 3.38 9.62 8.0
4.78 3.92 8.8 7.72
4.84 3.74 9.84 8.58
4.78 3.84 9.34 8.18
4.72 3.44 8.96 7.4
4.7 3.54 9.14 7.68
4.78 2.98 10.28 8.26
4.76 3.38 9.86 8.24
4.72 3.92 9.08 8.0
4.74 4.2 8.84 8.04
4.74 3.52 8.76 7.28
4.84 3.3 9.68 7.98
4.8 3.86 8.86 7.72
4.74 3.28 9.66 7.94
4.82 3.5 9.34 7.84
4.82 3.78 9.3 8.08
4.64 3.04 10.34 8.38
4.7 3.04 9.34 7.38
4.66 3.04 10.14 8.18
4.7 3.42 9.66 8.08
4.7 3.1 10.06 8.16
4.84 3.38 9.1 7.48
4.78 3.44 9.42 7.86
4.72 3.78 9.3 8.08
4.58 3.36 10.14 8.5
4.68 3.6 8.38 6.98
4.7 3.82 9.32 8.14
4.86 4.04 8.54 7.58
4.68 3.56 9.22 7.78
4.72 3.5 10.1 8.6
4.62 2.68 10.24 7.92
4.74 3.08 9.84 7.92
4.86 3.34 9.42 7.76
4.74 2.88 9.72 7.6
4.82 4.06 9.08 8.14
4.84 3.72 8.78 7.5
4.78 3.52 9.56 8.08
4.74 3.26 9.54 7.8
4.66 3.3 9.68 7.98
4.82 4.3 8.64 7.94
4.78 3.58 9.2 7.78
4.8 4.14 9.64 8.78
4.74 3.52 8.94 7.46
4.7 3.62 9.26 7.88
4.86 3.98 9.46 8.44
4.76 3.4 9.26 7.66
4.62 3.64 9.54 8.18
4.76 3.78 9.38 8.16
4.78 3.56 9.6 8.16
4.72 3.0 10.34 8.34
4.82 3.28 9.6 7.88
4.64 3.82 9.62 8.44
4.68 3.0 9.34 7.34
4.74 3.38 9.22 7.6
4.66 2.9 10.32 8.22
4.86 3.9 9.02 7.92
4.66 3.08 9.64 7.72
4.76 3.68 8.64 7.32
4.72 3.54 9.84 8.38
4.78 3.44 9.3 7.74
4.74 3.32 9.84 8.16
4.78 3.92 8.68 7.6
4.68 3.8 9.5 8.3
4.72 3.86 8.78 7.64
4.56 3.52 10.14 8.66
4.82 4.14 8.62 7.76
4.74 3.22 9.68 7.9
4.88 3.3 9.96 8.26
4.78 3.64 9.3 7.94
4.78 3.74 8.68 7.42
4.8 3.7 9.64 8.34
4.7 3.54 9.68 8.22
4.64 3.1 10.4 8.5
4.8 3.52 9.7 8.22
4.68 3.08 9.64 7.72
4.6 3.3 9.84 8.14
4.62 3.16 10.14 8.3
4.62 3.5 9.74 8.24
4.7 3.48 9.4 7.88
4.88 3.24 10.1 8.34
4.82 3.98 9.68 8.66
4.74 3.38 9.14 7.52
4.72 3.54 10.06 8.6
4.74 3.5 9.48 7.98
4.72 3.48 9.36 7.84
4.84 3.44 9.86 8.3
4.86 3.56 9.46 8.02
4.68 3.42 9.06 7.48
4.88 3.58 9.0 7.58
4.74 3.84 8.5 7.34
4.64 2.86 10.48 8.34
4.8 3.66 9.72 8.38
4.78 3.86 9.2 8.06
4.92 3.78 8.72 7.5
4.74 3.58 9.3 7.88
4.62 2.82 10.32 8.14
4.66 4.16 9.68 8.84
4.9 3.86 9.42 8.28
4.66 3.46 9.18 7.64
4.74 3.68 9.44 8.12
4.66 2.68 10.68 8.36
4.82 3.46 8.96 7.42
4.66 3.3 9.94 8.24
4.74 3.58 8.54 7.12
4.8 3.38 9.74 8.12
4.82 3.74 8.56 7.3
4.74 3.22 10.28 8.5
4.82 3.22 9.22 7.44
4.92 3.62 9.24 7.86
4.72 3.74 9.44 8.18
4.72 3.08 10.0 8.08
4.86 3.36 9.56 7.92
4.8 3.96 8.82 7.78
4.8 3.76 9.58 8.34
4.76 3.58 9.24 7.82
4.76 4.16 8.52 7.68
4.84 3.8 8.96 7.76
4.76 3.26 9.62 7.88
4.86 3.86 9.64 8.5
4.72 3.24 9.88 8.12
4.78 3.96 9.26 8.22
4.74 3.48 10.38 8.86
4.8 3.52 8.94 7.46
4.68 3.36 9.9 8.26
4.78 3.36 9.8 8.16
4.72 3.42 8.98 7.4
4.8 3.58 9.26 7.84
4.68 2.62 10.58 8.2
4.76 3.6 9.2 7.8
4.66 3.18 9.8 7.98
4.78 3.52 9.74 8.26
4.66 3.14 9.74 7.88
4.82 3.36 9.68 8.04
4.88 3.88 9.42 8.3
4.8 3.56 9.32 7.88
4.62 3.32 9.82 8.14
4.82 3.44 9.54 7.98
4.72 3.38 9.5 7.88
4.84 3.98 8.88 7.86
4.76 3.14 9.64 7.78
4.66 3.56 9.32 7.88
4.76 3.58 9.08 7.66
4.78 3.64 8.92 7.56
4.84 3.54 9.02 7.56
4.7 3.98 8.68 7.66
4.82 3.8 9.78 8.58
4.72 3.62 9.82 8.44
4.8 3.52 9.52 8.04
4.78 3.34 9.44 7.78
4.74 3.82 8.88 7.7
4.74 3.22 9.8 8.02
4.88 3.04 10.6 8.64
4.78 4.08 8.62 7.7
4.52 2.9 10.44 8.34
4.84 3.7 9.3 8.0
4.82 3.66 9.32 7.98
4.76 3.12 9.94 8.06
4.78 3.74 9.84 8.58
4.82 3.66 8.88 7.54
4.62 3.16 9.48 7.64
4.82 3.66 9.32 7.98
4.64 3.38 9.68 8.06
4.78 2.84 10.76 8.6
4.82 3.9 8.82 7.72
4.72 3.54 9.6 8.14
4.64 3.22 10.26 8.48
4.76 3.58 9.08 7.66
4.82 3.52 9.36 7.88
4.56 3.22 9.6 7.82
4.76 3.62 8.92 7.54
4.68 3.38 9.7 8.08
4.82 3.16 9.08 7.24
4.72 3.24 9.26 7.5
4.84 4.3 9.38 8.68
4.72 2.96 9.74 7.7
4.78 3.18 9.6 7.78
4.76 3.06 10.78 8.84
4.88 4.54 8.26 7.8
4.72 3.24 9.3 7.54
4.76 3.88 8.46 7.34
4.78 3.34 9.94 8.28
4.82 3.56 9.22 7.78
4.8 4.02 9.04 8.06
4.92 4.1 9.4 8.5
4.76 3.36 9.24 7.6
4.66 2.68 10.74 8.42
4.64 3.34 10.14 8.48
4.74 3.56 9.38 7.94
4.86 4.96 7.88 7.84
4.74 3.58 9.5 8.08
4.64 3.4 10.22 8.62
4.72 3.14 9.54 7.68
4.8 3.66 9.04 7.7
4.74 4.34 9.64 8.98
4.8 3.32 10.08 8.4
4.88 3.58 8.76 7.34
4.78 3.48 9.28 7.76
4.78 3.68 9.48 8.16
4.68 2.68 10.66 8.34
4.66 3.64 10.02 8.66
4.82 4.16 8.62 7.78
4.76 3.5 9.32 7.82
4.7 3.0 10.3 8.3
4.62 3.78 9.68 8.46
4.74 3.46 9.54 8.0
4.74 3.68 10.22 8.9
4.82 3.4 10.2 8.6
4.76 3.52 9.72 8.24
4.8 3.5 9.04 7.54
4.86 2.96 10.62 8.58
4.8 3.06 10.06 8.12
4.76 3.42 9.72 8.14
4.82 3.72 9.24 7.96
4.76 3.26 9.7 7.96
4.78 3.42 9.96 8.38
4.62 3.46 9.78 8.24
4.82 4.16 8.62 7.78
4.84 4.2 8.86 8.06
4.76 3.04 9.36 7.4
4.74 3.08 9.86 7.94
4.8 3.78 9.04 7.82
4.74 3.58 9.56 8.14
4.74 3.52 9.38 7.9
4.74 3.42 9.96 8.38
4.74 3.5 9.64 8.14
4.74 4.12 9.24 8.36
4.78 3.64 8.92 7.56
4.74 3.36 9.64 8.0
4.72 3.32 9.68 8.0
4.8 3.94 9.04 7.98
4.58 3.18 9.78 7.96
4.74 3.82 9.36 8.18
4.82 3.44 9.74 8.18
4.76 3.12 9.48 7.6
4.72 3.42 9.42 7.84
4.72 3.74 9.24 7.98
4.8 3.52 9.56 8.08
4.7 3.02 9.66 7.68
4.8 3.42 9.18 7.6
4.8 2.92 9.86 7.78
4.82 3.46 9.54 8.0
4.76 3.38 9.1 7.48
4.7 3.14 9.78 7.92
4.74 4.0 8.92 7.92
4.86 3.92 8.98 7.9
4.82 3.5 9.72 8.22
4.84 4.06 8.24 7.3
4.9 3.88 8.5 7.38
4.76 3.38 10.02 8.4
4.68 3.08 9.48 7.56
4.62 3.4 10.2 8.6
4.7 3.22 9.92 8.14
4.74 3.48 9.48 7.96
4.66 3.88 9.44 8.32
4.82 3.66 9.26 7.92
4.78 3.28 9.66 7.94
4.8 3.38 9.48 7.86
4.76 3.58 9.6 8.18
4.64 3.74 9.12 7.86
4.74 3.5 9.86 8.36
4.82 3.2 10.0 8.2
4.62 3.64 10.06 8.7
4.72 3.46 9.6 8.06
4.86 3.48 10.0 8.48
4.62 2.86 10.84 8.7
4.86 3.54 9.16 7.7
4.78 3.3 9.58 7.88
4.82 3.96 9.54 8.5
4.8 3.96 9.14 8.1
4.74 3.18 9.48 7.66
4.74 3.02 10.62 8.64
4.76 2.82 9.54 7.36
4.78 3.4 9.6 8.0
4.62 4.18 9.3 8.48
4.82 3.34 9.5 7.84
4.76 3.14 10.4 8.54
4.66 3.38 8.8 7.18
4.86 3.4 9.92 8.32
4.74 3.12 10.32 8.44
4.72 3.6 9.96 8.56
4.78 3.1 9.88 7.98
4.84 3.7 9.24 7.94
4.7 3.62 9.5 8.12
4.72 3.0 10.24 8.24
4.8 3.88 9.76 8.64
4.68 3.24 9.44 7.68
4.68 3.1 9.64 7.74
4.68 3.32 9.26 7.58
4.8 3.76 9.1 7.86
4.68 3.48 9.1 7.58
4.74 2.84 10.22 8.06
4.78 3.14 10.08 8.22
4.76 3.3 10.04 8.34
4.66 3.48 9.92 8.4
4.76 4.56 8.6 8.16
4.82 3.92 9.34 8.26
4.72 3.1 9.4 7.5
4.7 3.82 9.4 8.22
4.84 3.92 8.76 7.68
4.78 3.18 9.92 8.1
4.8 3.68 9.06 7.74
4.7 3.54 9.52 8.06
4.72 3.4 9.94 8.34
4.74 3.86 8.84 7.7
4.68 2.76 10.24 8.0
4.6 2.58 10.14 7.72
4.8 3.6 8.96 7.56
4.62 3.48 9.44 7.92
4.68 2.92 10.26 8.18
4.68 3.12 10.62 8.74
4.8 4.14 8.72 7.86
4.82 3.42 9.4 7.82
4.84 3.36 9.46 7.82
4.84 3.64 9.36 8.0
4.8 3.42 10.0 8.42
4.7 3.04 10.38 8.42
4.66 3.36 8.96 7.32
4.76 3.3 9.64 7.94
4.76 3.84 9.0 7.84
4.52 3.22 9.64 7.86
4.76 3.92 9.06 7.98
4.92 4.48 7.68 7.16
4.72 3.12 9.32 7.44
4.72 3.64 9.24 7.88
4.7 3.72 9.6 8.32
4.62 3.32 9.78 8.1
4.66 3.22 9.74 7.96
4.8 4.26 9.38 8.64
4.86 3.58 9.82 8.4
4.74 3.22 10.12 8.34
4.78 3.54 9.18 7.72
4.7 3.64 9.14 7.78
4.82 3.78 8.58 7.36
4.74 3.22 9.86 8.08
4.94 3.52 9.62 8.14
4.72 3.7 9.54 8.24
4.72 2.92 9.4 7.32
4.66 3.46 9.86 8.32
4.66 3.44 9.62 8.06
4.74 3.44 9.0 7.44
4.76 3.68 9.66 8.34
4.84 3.88 8.96 7.84
4.68 2.8 10.66 8.46
4.64 3.52 9.24 7.76
4.84 3.78 9.4 8.18
4.84 3.72 8.54 7.26
4.84 3.42 9.58 8.0
4.86 3.6 9.16 7.76
4.82 4.28 8.74 8.02
4.78 3.98 8.8 7.78
4.64 3.94 9.26 8.2
4.68 2.92 10.14 8.06
4.86 3.26 9.52 7.78
4.78 3.72 9.4 8.12
4.68 3.76 9.18 7.94
4.66 3.5 9.76 8.26
4.62 3.04 9.86 7.9
4.8 3.46 9.4 7.86
4.74 3.8 9.5 8.3
4.82 3.94 8.88 7.82
4.7 3.4 9.62 8.02
4.82 3.42 8.96 7.38
4.84 3.86 8.74 7.6
4.72 3.3 10.26 8.56
4.8 3.52 9.7 8.22
4.74 3.48 9.12 7.6
4.8 3.62 8.9 7.52
4.86 3.56 8.78 7.34
4.76 4.38 9.24 8.62
4.74 3.48 9.48 7.96
4.76 3.18 9.7 7.88
4.62 3.14 10.1 8.24
4.76 3.54 9.38 7.92
4.84 3.84 9.02 7.86
4.7 3.54 9.54 8.08
4.82 3.56 9.36 7.92
4.66 3.4 9.56 7.96
4.66 3.22 9.8 8.02
4.68 3.64 9.56 8.2
4.72 3.2 9.26 7.46
4.64 2.94 10.62 8.56
4.84 3.14 9.76 7.9
4.84 3.8 9.08 7.88
4.74 3.9 9.72 8.62
4.74 3.68 9.52 8.2
4.58 3.38 9.66 8.04
4.92 3.46 10.18 8.64
4.74 3.02 9.22 7.24
4.78 3.54 9.38 7.92
4.66 2.86 10.24 8.1
4.88 4.12 9.24 8.36
4.84 3.68 9.12 7.8
4.66 3.18 10.18 8.36
4.6 3.34 10.08 8.42
4.78 4.0 8.74 7.74
4.84 3.5 9.82 8.32
4.6 3.6 9.34 7.94
4.82 3.58 8.96 7.54
4.78 3.22 9.56 7.78
4.74 3.14 9.46 7.6
4.66 3.74 9.64 8.38
4.78 3.72 9.0 7.72
4.74 2.68 10.24 7.92
4.72 4.22 9.7 8.92
4.82 3.28 10.08 8.36
4.72 2.86 10.56 8.42
4.82 3.1 10.2 8.3
4.76 3.68 9.2 7.88
4.7 3.2 9.98 8.18
4.68 3.1 9.66 7.76
4.76 3.8 9.06 7.86
4.74 3.68 9.34 8.02
4.64 3.12 9.82 7.94
4.74 3.42 9.62 8.04
4.88 3.26 9.24 7.5
4.74 3.66 8.96 7.62
4.64 3.94 9.84 8.78
4.62 3.74 8.74 7.48
4.78 3.32 10.12 8.44
4.8 3.0 9.84 7.84
4.72 3.64 9.42 8.06
4.74 4.08 8.7 7.78
4.7 3.0 10.62 8.62
4.82 3.54 9.38 7.92
4.78 3.14 9.96 8.1
4.7 3.56 9.68 8.24
4.76 3.06 9.78 7.84
4.84 3.56 9.44 8.0
4.6 2.88 10.12 8.0
4.64 3.38 9.46 7.84
4.86 3.5 10.14 8.64
4.88 3.84 8.98 7.82
4.66 3.44 10.22 8.66
4.78 3.72 9.36 8.08
4.82 3.34 9.52 7.86
4.72 3.36 10.56 8.92
4.66 2.86 10.18 8.04
4.78 4.06 9.18 8.24
4.74 3.32 8.94 7.26
4.68 3.24 9.92 8.16
4.9 3.44 9.28 7.72
4.84 3.08 10.3 8.38
4.8 4.32 8.88 8.2
4.84 3.58 8.92 7.5
4.78 3.44 9.56 8.0
4.68 3.4 8.8 7.2
4.7 3.66 9.52 8.18
4.78 3.76 9.32 8.08
4.84 3.36 9.34 7.7
4.64 3.58 9.76 8.34
4.72 3.28 9.5 7.78
4.84 3.84 8.92 7.76
4.82 3.98 8.72 7.7
4.84 3.42 9.08 7.5
4.7 3.24 10.2 8.44
4.66 2.92 10.38 8.3
4.8 3.24 8.88 7.12
4.74 3.48 9.9 8.38
4.58 3.78 10.26 9.04
4.76 3.7 8.94 7.64
4.66 3.58 9.16 7.74
4.78 4.26 8.62 7.88
4.74 3.0 11.04 9.04
4.74 3.58 10.18 8.76
4.8 3.06 9.94 8.0
4.72 3.04 9.46 7.5
4.8 3.6 9.72 8.32
4.72 3.12 9.7 7.82
4.74 2.82 10.0 7.82
4.54 3.26 9.58 7.84
4.76 4.48 8.24 7.72
4.78 3.7 9.06 7.76
4.9 3.76 8.76 7.52
4.76 3.7 8.96 7.66
4.84 3.82 9.16 7.98
4.8 4.2 9.26 8.46
4.78 3.5 10.12 8.62
4.78 4.12 8.98 8.1
4.74 3.88 8.92 7.8
4.56 2.78 10.66 8.44
4.7 3.16 9.82 7.98
4.74 3.26 9.74 8.0
4.82 3.32 9.84 8.16
4.76 3.34 9.16 7.5
4.68 3.38 9.3 7.68
4.78 3.6 9.26 7.86
4.84 4.02 9.08 8.1
4.86 3.4 8.86 7.26
4.82 2.66 10.04 7.7
4.74 3.74 8.62 7.36
4.62 3.0 10.56 8.56
4.84 3.78 8.92 7.7
4.88 4.36 8.64 8.0
4.68 3.08 9.4 7.48
4.86 3.58 9.46 8.04
4.88 3.7 8.56 7.26
4.82 2.88 9.84 7.72
4.74 3.38 9.54 7.92
4.7 3.18 9.86 8.04
4.82 3.12 8.9 7.02
4.74 3.76 9.58 8.34
4.78 3.86 8.76 7.62
4.84 3.88 8.84 7.72
4.78 4.16 8.96 8.12
4.64 3.42 9.52 7.94
4.7 3.6 8.36 6.96
4.68 3.18 10.5 8.68
4.86 3.3 9.02 7.32
4.82 3.64 9.36 8.0
4.72 2.84 10.18 8.02
4.74 3.68 9.52 8.2
4.64 2.94 10.42 8.36
4.68 3.32 9.96 8.28
4.8 3.62 9.26 7.88
4.6 3.3 9.52 7.82
4.46 3.04 10.82 8.86
4.82 3.36 9.6 7.96
4.66 3.86 9.6 8.46
4.8 3.6 9.9 8.5
4.76 3.38 9.16 7.54
4.76 3.84 9.26 8.1
4.9 4.58 8.64 8.22
4.82 3.72 9.52 8.24
4.62 3.2 10.18 8.38
4.76 3.88 8.62 7.5
4.7 3.3 9.56 7.86
4.94 4.28 8.72 8.0
4.64 3.82 9.62 8.44
4.78 4.04 9.14 8.18
4.78 3.52 9.7 8.22
4.82 3.66 9.04 7.7
4.7 3.12 9.48 7.6
4.74 3.08 9.66 7.74
4.84 3.74 8.98 7.72
4.66 3.38 10.26 8.64
4.7 3.4 10.14 8.54
4.74 3.32 10.04 8.36
4.66 2.88 10.14 8.02
4.78 3.94 8.88 7.82
4.62 2.92 9.96 7.88
4.74 3.74 8.8 7.54
4.8 4.58 8.58 8.16
4.64 3.0 10.22 8.22
4.78 3.7 8.88 7.58
4.72 3.06 9.96 8.02
4.72 3.72 9.36 8.08
4.66 3.08 9.88 7.96
4.68 3.16 9.42 7.58
4.7 3.24 10.34 8.58
4.74 3.28 9.98 8.26
4.64 3.52 10.04 8.56
4.7 3.02 10.28 8.3
4.84 3.34 9.18 7.52
4.76 3.48 9.54 8.02
4.86 3.38 9.84 8.22
4.62 2.6 10.18 7.78
4.64 3.78 10.3 9.08
4.8 3.36 10.12 8.48
4.8 3.74 9.36 8.1
4.74 3.34 8.96 7.3
4.8 3.12 9.76 7.88
4.66 3.22 9.02 7.24
4.8 4.06 9.1 8.16
4.68 3.0 10.0 8.0
4.7 3.0 10.32 8.32
4.76 3.56 9.28 7.84
4.76 3.28 10.68 8.96
4.84 3.82 8.26 7.08
4.72 3.62 10.16 8.78
4.68 3.06 9.84 7.9
4.72 3.28 9.66 7.94
4.72 2.94 9.56 7.5
4.56 3.02 10.28 8.3
4.76 3.44 9.3 7.74
4.8 3.2 10.0 8.2
4.7 3.18 9.88 8.06
4.62 3.26 10.02 8.28
4.82 4.1 8.64 7.74
4.72 3.36 9.3 7.66
4.82 3.58 9.5 8.08
4.62 3.1 10.02 8.12
4.72 3.1 9.9 8.0
4.74 2.94 10.04 7.98
4.68 2.7 10.34 8.04
4.86 3.48 9.2 7.68
4.68 3.48 9.26 7.74
4.8 3.34 9.32 7.66
4.74 3.42 9.26 7.68
4.78 3.34 9.18 7.52
4.72 3.38 9.66 8.04
4.78 3.54 8.7 7.24
4.74 3.08 10.28 8.36
4.78 4.26 9.64 8.9
4.8 4.18 9.22 8.4
4.72 3.66 9.52 8.18
4.72 3.9 9.08 7.98
4.8 3.64 8.94 7.58
4.62 3.52 9.46 7.98
4.64 3.16 9.22 7.38
4.76 3.22 9.18 7.4
4.76 2.98 9.76 7.74
4.74 3.88 8.86 7.74
4.5 3.24 10.16 8.4
4.74 2.84 9.82 7.66
4.78 3.68 8.98 7.66
4.88 3.34 9.58 7.92
4.82 4.08 8.82 7.9
4.72 3.66 9.1 7.76
4.76 3.38 9.4 7.78
4.7 3.22 10.14 8.36
4.8 3.46 9.72 8.18
4.88 3.56 9.44 8.0
4.76 4.04 8.88 7.92
4.72 3.26 10.06 8.32
4.74 3.16 10.0 8.16
4.66 3.32 9.6 7.92
4.84 3.52 9.64 8.16
4.9 3.6 9.28 7.88
4.66 3.04 10.2 8.24
4.9 3.44 9.2 7.64
4.64 3.42 10.28 8.7
4.68 2.88 10.18 8.06
4.82 3.44 9.14 7.58
4.7 4.02 8.86 7.88
4.8 3.28 9.74 8.02
4.74 3.26 9.5 7.76
4.7 3.6 9.4 8.0
4.7 3.26 9.48 7.74
4.72 3.48 9.28 7.76
4.82 3.42 9.1 7.52
4.76 3.86 9.12 7.98
4.62 3.82 8.94 7.76
4.86 4.4 8.48 7.88
4.88 4.22 8.72 7.94
4.46 2.72 11.2 8.92
4.76 3.64 9.5 8.14
4.6 3.4 10.0 8.4
4.66 3.7 8.8 7.5
4.9 3.18 9.96 8.14
4.82 3.7 9.18 7.88
4.74 3.38 8.94 7.32
4.6 3.12 9.66 7.78
4.74 3.44 9.5 7.94
4.84 3.38 9.06 7.44
4.88 3.74 9.12 7.86
4.8 3.56 9.34 7.9
4.82 3.56 9.02 7.58
4.66 3.48 9.28 7.76
4.72 3.66 8.84 7.5
4.86 3.36 8.98 7.34
4.74 3.8 8.92 7.72
4.7 3.2 10.0 8.2
4.84 3.48 9.36 7.84
4.9 3.98 8.24 7.22
4.72 3.02 10.44 8.46
4.68 3.5 8.98 7.48
4.74 3.7 9.14 7.84
4.72 3.4 9.52 7.92
4.78 4.08 8.38 7.46
4.74 3.0 9.58 7.58
4.78 3.88 8.72 7.6
4.84 3.76 8.8 7.56
4.82 3.38 10.08 8.46
4.66 3.28 9.9 8.18
4.8 3.38 9.7 8.08
4.66 3.32 9.96 8.28
4.76 3.96 7.8 6.76
4.6 3.52 9.52 8.04
4.8 3.02 10.96 8.98
4.8 3.1 9.34 7.44
4.72 4.3 9.02 8.32
4.82 4.28 8.58 7.86
4.74 3.7 9.54 8.24
4.88 3.98 9.24 8.22
4.74 3.0 9.2 7.2
4.78 3.08 10.22 8.3
4.72 3.6 9.2 7.8
4.72 3.6 9.64 8.24
4.76 3.96 9.66 8.62
4.78 3.26 9.16 7.42
4.72 2.96 10.16 8.12
4.68 3.04 9.7 7.74
4.64 3.3 9.92 8.22
4.7 2.56 10.96 8.52
4.9 3.76 9.46 8.22
4.84 3.54 9.3 7.84
4.78 3.6 9.12 7.72
4.78 3.62 9.02 7.64
4.9 3.8 8.88 7.68
4.78 3.24 9.8 8.04
4.82 3.88 8.68 7.56
4.62 3.64 9.66 8.3
4.7 3.58 9.7 8.28
4.66 3.58 9.68 8.26
4.84 3.94 8.6 7.54
4.8 3.32 9.22 7.54
4.72 3.52 9.6 8.12
4.76 3.4 10.7 9.1
4.74 3.24 9.82 8.06
4.7 3.36 9.4 7.76
4.82 3.74 9.1 7.84
4.74 3.0 10.42 8.42
4.78 3.56 9.84 8.4
4.7 2.98 9.9 7.88
4.76 3.18 9.36 7.54
4.74 3.16 8.98 7.14
4.8 4.08 8.52 7.6
4.7 3.62 9.76 8.38
4.78 3.98 8.88 7.86
4.76 3.44 9.06 7.5
4.84 3.92 9.04 7.96
4.82 3.42 10.18 8.6
4.76 2.98 9.84 7.82
4.76 3.7 9.32 8.02
4.8 3.88 9.96 8.84
4.76 2.8 10.52 8.32
4.6 2.86 9.9 7.76
4.78 4.26 9.1 8.36
4.8 4.36 9.08 8.44
4.74 3.18 9.68 7.86
4.78 3.48 10.44 8.92
4.7 3.86 9.4 8.26
4.7 3.42 9.48 7.9
4.82 3.4 9.18 7.58
4.7 3.08 9.76 7.84
4.7 2.96 9.5 7.46
4.72 3.12 9.92 8.04
4.72 3.46 9.52 7.98
4.78 3.04 10.36 8.4
4.66 3.42 9.9 8.32
4.62 3.24 9.8 8.04
4.8 3.38 9.1 7.48
4.78 3.2 9.34 7.54
4.72 3.22 9.92 8.14
4.7 3.64 9.26 7.9
4.72 4.06 8.76 7.82
4.66 3.54 9.6 8.14
4.8 3.42 9.44 7.86
4.82 3.32 9.42 7.74
4.68 3.2 9.88 8.08
4.8 3.62 9.4 8.02
4.78 2.92 9.7 7.62
4.8 3.92 8.86 7.78
4.68 3.38 9.64 8.02
4.78 3.72 8.54 7.26
4.62 3.2 10.22 8.42
4.8 3.6 9.5 8.1
4.72 2.86 10.5 8.36
4.84 3.72 9.3 8.02
4.74 2.82 9.88 7.7
4.84 3.48 9.48 7.96
4.9 4.2 8.4 7.6
4.54 3.3 9.7 8.0
4.64 3.64 9.7 8.34
4.64 3.2 10.1 8.3
4.7 3.6 9.5 8.1
4.72 4.1 9.26 8.36
4.64 3.08 9.92 8.0
4.72 3.28 9.84 8.12
4.76 3.86 9.82 8.68
4.82 3.4 8.96 7.36
4.72 3.02 10.1 8.12
4.64 3.28 10.32 8.6
4.8 3.34 9.22 7.56
4.78 3.94 9.66 8.6
4.7 4.1 8.48 7.58
4.82 3.78 9.2 7.98
4.72 3.42 9.84 8.26
4.7 3.18 9.72 7.9
4.7 3.52 9.78 8.3
4.76 3.52 9.28 7.8
4.68 3.06 10.02 8.08
4.54 3.48 10.48 8.96
4.88 3.28 10.04 8.32
4.78 2.72 9.72 7.44
4.74 2.98 9.6 7.58
4.76 3.28 9.12 7.4
4.72 3.32 9.78 8.1
4.76 3.88 9.14 8.02
4.56 3.62 9.14 7.76
4.82 3.44 9.02 7.46
4.72 2.92 10.42 8.34
4.82 3.74 9.14 7.88
4.8 3.6 9.4 8.0
4.7 3.24 9.4 7.64
4.74 3.78 9.4 8.18
4.76 3.5 9.58 8.08
4.76 3.42 9.6 8.02
4.82 3.82 8.9 7.72
4.76 3.24 9.9 8.14
4.78 3.28 9.82 8.1
4.84 3.7 9.54 8.24
4.84 3.5 9.18 7.68
4.72 3.22 10.04 8.26
4.78 3.66 9.32 7.98
4.84 3.44 9.14 7.58
4.84 3.82 8.84 7.66
4.74 3.04 9.22 7.26
4.78 3.5 8.94 7.44
4.72 3.9 8.4 7.3
4.74 3.54 9.36 7.9
4.88 4.02 8.42 7.44
4.76 3.28 10.32 8.6
4.58 3.16 10.6 8.76
4.62 3.12 10.02 8.14
4.58 3.36 9.86 8.22
4.72 3.58 9.56 8.14
4.8 3.26 9.36 7.62
4.72 3.38 10.08 8.46
4.6 3.0 10.0 8.0
4.86 3.3 9.74 8.04
4.7 3.16 10.08 8.24
4.74 3.32 9.52 7.84
4.74 3.6 9.24 7.84
4.78 3.48 9.52 8.0
4.86 4.02 8.56 7.58
4.8 2.92 10.3 8.22
4.72 3.06 9.88 7.94
4.62 3.64 9.66 8.3
4.78 4.22 9.0 8.22
4.74 3.8 9.26 8.06
4.82 4.06 9.42 8.48
4.86 3.78 10.08 8.86
4.76 3.54 9.0 7.54
4.82 3.52 9.76 8.28
4.72 3.5 9.5 8.0
4.82 3.32 9.02 7.34
4.82 3.44 9.06 7.5
4.76 3.36 10.04 8.4
4.6 3.14 10.0 8.14
4.78 3.76 8.72 7.48
4.86 3.16 9.68 7.84
4.8 3.96 9.46 8.42
4.72 3.06 9.1 7.16
4.52 3.72 9.58 8.3
4.8 3.3 9.54 7.84
4.72 3.38 10.04 8.42
4.74 3.28 9.74 8.02
4.74 3.42 9.62 8.04
4.7 3.32 9.0 7.32
4.7 3.46 9.1 7.56
4.84 3.88 9.36 8.24
4.78 3.5 9.62 8.12
4.62 3.9 9.78 8.68
4.72 3.82 9.68 8.5
4.94 3.58 9.18 7.76
4.78 2.96 9.58 7.54
4.72 3.54 9.64 8.18
4.68 2.9 10.24 8.14
4.86 3.3 10.16 8.46
4.74 3.22 10.34 8.56
4.66 2.92 10.06 7.98
4.78 3.32 9.18 7.5
4.62 2.92 11.02 8.94
4.72 3.5 9.3 7.8
4.72 2.66 9.88 7.54
4.78 3.54 9.12 7.66
4.68 4.18 8.26 7.44
4.76 3.66 9.24 7.9
4.54 2.64 10.44 8.08
4.68 3.02 10.38 8.4
4.76 3.64 8.86 7.5
4.78 3.88 8.5 7.38
4.68 3.22 9.6 7.82
4.8 3.62 8.7 7.32
4.92 3.48 9.16 7.64
4.7 3.46 9.5 7.96
4.76 3.18 9.26 7.44
4.72 3.36 10.08 8.44
4.76 3.28 9.58 7.86
4.86 4.06 9.16 8.22
4.74 3.32 9.58 7.9
4.76 3.38 9.54 7.92
4.76 2.98 9.62 7.6
4.82 3.66 9.42 8.08
4.74 2.9 10.26 8.16
4.82 3.02 10.22 8.24
4.82 3.3 9.8 8.1
4.78 3.14 9.64 7.78
4.78 3.12 9.38 7.5
4.66 2.96 10.22 8.18
4.84 4.24 8.7 7.94
4.7 3.16 9.66 7.82
4.86 2.98 9.18 7.16
4.82 3.28 9.68 7.96
4.82 4.1 8.62 7.72
4.62 3.04 9.82 7.86
4.84 3.46 9.3 7.76
4.66 2.8 10.46 8.26
4.76 3.54 10.12 8.66
4.62 3.8 8.94 7.74
4.72 2.78 9.94 7.72
4.74 3.5 9.42 7.92
4.8 3.16 9.94 8.1
4.82 3.44 8.66 7.1
4.82 3.32 9.62 7.94
4.78 3.76 9.28 8.04
4.64 3.2 9.36 7.56
4.7 3.32 9.28 7.6
4.7 3.4 9.94 8.34
4.78 3.5 9.74 8.24
4.66 3.72 9.12 7.84
4.8 3.22 9.98 8.2
4.84 3.7 9.1 7.8
4.82 3.18 9.88 8.06
4.68 3.36 9.76 8.12
4.84 3.88 8.68 7.56
4.8 3.28 9.72 8.0
4.74 2.86 10.18 8.04
4.74 3.06 10.02 8.08
4.86 3.32 9.08 7.4
4.78 3.08 9.48 7.56
4.82 3.48 9.34 7.82
4.78 3.74 9.5 8.24
4.78 3.58 9.72 8.3
4.78 3.58 9.04 7.62
4.86 3.76 8.8 7.56
4.78 3.58 9.6 8.18
4.78 3.34 9.26 7.6
4.66 2.86 10.32 8.18
4.86 3.34 10.52 8.86
4.76 3.28 9.9 8.18
4.7 3.42 9.28 7.7
4.72 3.14 9.72 7.86
4.78 3.2 10.02 8.22
4.76 3.4 9.16 7.56
4.74 4.04 9.48 8.52
4.88 3.38 8.98 7.36
4.8 3.06 10.02 8.08
4.76 3.56 9.28 7.84
4.82 3.14 10.62 8.76
4.8 3.88 9.4 8.28
4.64 2.62 10.9 8.52
4.7 2.6 10.14 7.74
4.74 3.16 9.56 7.72
4.76 3.6 9.34 7.94
4.76 3.2 9.32 7.52
4.7 3.48 9.24 7.72
4.72 3.9 8.96 7.86
4.66 3.0 10.4 8.4
4.68 3.98 8.7 7.68
4.68 2.58 10.16 7.74
4.72 4.1 8.1 7.2
4.86 3.16 10.32 8.48
4.9 4.48 8.6 8.08
4.86 3.84 9.1 7.94
4.76 3.54 9.7 8.24
4.84 3.72 8.86 7.58
4.84 3.76 9.32 8.08
4.88 3.7 9.2 7.9
4.64 2.72 10.14 7.86
4.78 3.74 9.16 7.9
4.7 3.36 9.94 8.3
4.66 3.54 9.22 7.76
4.76 3.66 9.4 8.06
4.84 3.52 9.74 8.26
4.76 3.66 8.7 7.36
4.8 3.62 9.08 7.7
4.66 3.54 9.68 8.22
4.68 3.64 8.94 7.58
4.76 3.24 9.72 7.96
4.78 2.96 9.64 7.6
4.78 2.66 10.68 8.34
4.74 3.84 9.18 8.02
4.82 3.22 9.56 7.78
4.76 3.54 9.38 7.92
4.66 2.78 9.88 7.66
4.9 4.9 8.04 7.94
4.76 3.1 9.42 7.52
4.84 3.84 8.72 7.56
4.74 2.88 10.82 8.7
4.7 3.54 8.7 7.24
4.84 4.24 8.48 7.72
4.82 3.84 9.06 7.9
4.72 3.18 9.92 8.1
4.8 3.7 8.9 7.6
4.8 3.82 9.6 8.42
4.68 3.24 10.08 8.32
4.8 3.62 9.48 8.1
4.72 3.28 9.16 7.44
4.76 3.44 9.22 7.66
4.76 3.16 9.88 8.04
4.6 3.1 9.98 8.08
4.78 2.8 9.86 7.66
4.76 2.72 9.94 7.66
4.84 3.26 10.14 8.4
4.78 3.6 8.66 7.26
4.76 3.04 9.54 7.58
4.76 3.3 10.38 8.68
4.74 3.08 9.48 7.56
4.72 3.26 10.08 8.34
4.76 3.72 9.54 8.26
4.86 3.58 9.06 7.64
4.8 4.04 8.64 7.68
4.8 3.3 9.26 7.56
4.84 3.96 8.68 7.64
4.86 3.3 9.22 7.52
4.72 3.66 9.74 8.4
4.78 2.82 9.3 7.12
4.64 3.22 10.2 8.42
4.78 3.24 9.76 8.0
4.88 4.08 9.1 8.18
4.88 3.88 8.6 7.48
4.8 3.86 8.68 7.54
4.8 3.78 8.94 7.72
4.92 3.42 9.84 8.26
4.8 3.62 8.84 7.46
4.76 3.82 8.86 7.68
4.78 3.62 9.3 7.92
4.78 3.6 9.56 8.16
4.82 3.4 9.56 7.96
4.78 3.74 9.38 8.12
4.8 3.96 8.54 7.5
4.82 3.5 9.84 8.34
4.64 3.3 10.28 8.58
4.74 2.82 10.1 7.92
4.76 3.02 9.94 7.96
4.82 3.54 9.18 7.72
4.72 3.22 9.32 7.54
4.74 3.1 9.18 7.28
4.86 3.96 8.72 7.68
4.74 3.78 9.68 8.46
4.74 3.16 9.84 8.0
4.8 3.42 9.42 7.84
4.66 3.44 10.06 8.5
4.82 3.82 8.66 7.48
4.76 3.76 9.1 7.86
4.76 3.32 10.2 8.52
4.62 2.88 10.32 8.2
4.62 4.1 8.98 8.08
4.72 3.5 9.72 8.22
4.88 3.6 8.98 7.58
4.7 3.14 10.24 8.38
4.8 3.74 9.08 7.82
4.64 2.48 9.84 7.32
4.7 3.32 9.96 8.28
4.68 3.36 9.5 7.86
4.84 3.78 9.28 8.06
4.78 3.04 9.88 7.92
4.66 3.18 9.9 8.08
4.66 3.44 9.8 8.24
4.7 3.72 9.72 8.44
4.78 3.34 9.6 7.94
4.7 3.06 10.12 8.18
4.72 3.08 9.42 7.5
4.74 3.6 9.46 8.06
4.78 3.58 8.9 7.48
4.78 3.4 9.6 8.0
4.78 3.54 9.9 8.44
4.76 3.62 9.28 7.9
4.66 3.62 10.04 8.66
4.78 3.72 9.72 8.44
4.8 3.64 8.94 7.58
4.84 3.3 9.12 7.42
4.62 3.14 10.08 8.22
4.74 2.74 10.64 8.38
4.72 3.44 9.3 7.74
4.62 3.32 10.16 8.48
4.84 3.42 9.22 7.64
4.74 3.46 9.16 7.62
4.74 3.44 9.56 8.0
4.76 3.74 9.14 7.88
4.68 2.84 9.94 7.78
4.84 3.4 10.36 8.76
4.76 3.46 8.9 7.36
4.74 3.14 10.58 8.72
4.66 3.62 9.58 8.2
4.74 3.34 10.22 8.56
4.8 3.62 9.18 7.8
4.7 3.36 10.1 8.46
4.68 2.98 10.42 8.4
4.68 3.14 9.68 7.82
4.84 3.7 9.34 8.04
4.78 3.28 9.56 7.84
4.74 3.04 10.22 8.26
4.66 3.12 10.12 8.24
4.76 3.2 10.02 8.22
4.68 3.18 9.98 8.16
4.8 3.76 9.64 8.4
4.84 2.92 10.76 8.68
4.7 3.74 10.08 8.82
4.82 3.72 9.62 8.34
4.76 3.54 9.44 7.98
4.82 3.14 9.68 7.82
4.78 4.22 9.08 8.3
4.74 3.36 9.9 8.26
4.68 3.8 8.8 7.6
4.76 4.18 8.24 7.42
4.74 3.14 9.78 7.92
4.76 3.34 9.12 7.46
4.66 2.82 10.46 8.28
4.86 4.04 8.82 7.86
4.74 2.94 10.16 8.1
4.82 3.72 9.54 8.26
4.78 3.5 9.48 7.98
4.7 3.62 9.82 8.44
4.86 3.04 9.32 7.36
4.64 3.74 9.7 8.44
4.8 4.0 8.96 7.96
4.62 3.54 9.26 7.8
4.8 4.14 7.86 7.0
4.78 3.2 9.68 7.88
4.7 3.68 9.78 8.46
4.82 3.0 10.28 8.28
4.74 3.42 10.02 8.44
4.8 3.72 8.38 7.1
4.74 3.3 9.42 7.72
4.78 4.22 8.38 7.6
4.74 3.54 9.04 7.58
4.64 3.3 9.98 8.28
4.8 3.32 9.24 7.56
4.78 3.06 10.02 8.08
4.7 3.06 9.66 7.72
4.54 3.22 10.06 8.28
4.78 3.92 9.74 8.66
4.84 3.26 9.2 7.46
4.64 3.0 11.1 9.1
4.7 3.42 10.02 8.44
4.74 3.32 9.18 7.5
4.72 2.88 10.68 8.56
4.78 3.6 9.8 8.4
4.62 3.28 9.54 7.82
4.74 3.66 9.52 8.18
4.84 2.98 10.62 8.6
4.78 3.5 9.04 7.54
4.86 2.84 8.92 6.76
4.8 4.06 8.72 7.78
4.9 3.74 9.44 8.18
4.58 3.8 9.66 8.46
4.7 2.98 9.94 7.92
4.74 4.02 9.08 8.1
4.78 3.58 10.02 8.6
4.74 2.92 9.78 7.7
4.56 3.6 9.52 8.12
4.72 3.44 9.18 7.62
4.66 2.84 9.98 7.82
4.8 3.34 9.96 8.3
4.8 3.54 8.92 7.46
4.66 3.0 9.76 7.76
4.76 3.48 8.9 7.38
4.74 3.52 9.4 7.92
4.52 3.76 9.66 8.42
4.68 3.46 10.06 8.52
4.62 3.68 9.22 7.9
4.7 3.54 9.4 7.94
4.78 3.34 10.0 8.34
4.74 3.08 10.32 8.4
4.66 3.76 9.34 8.1
4.66 3.14 9.76 7.9
4.8 3.62 9.34 7.96
4.72 3.42 9.32 7.74
4.88 3.58 9.08 7.66
4.78 4.22 9.2 8.42
4.62 3.42 9.46 7.88
4.78 3.84 9.1 7.94
4.74 3.2 8.98 7.18
4.82 3.68 9.16 7.84
4.78 3.02 9.94 7.96
4.64 3.28 9.48 7.76
4.76 3.1 10.16 8.26
4.72 3.5 9.56 8.06
4.78 3.94 9.5 8.44
4.8 4.0 9.08 8.08
4.86 3.38 8.86 7.24
4.7 3.88 9.42 8.3
4.84 3.58 9.18 7.76
4.78 3.34 9.36 7.7
4.82 3.54 9.44 7.98
4.76 3.24 9.96 8.2
4.74 3.18 9.64 7.82
4.8 3.62 8.8 7.42
4.74 3.42 8.86 7.28
4.7 2.98 9.94 7.92
4.76 3.4 9.68 8.08
4.82 3.36 9.54 7.9
4.78 3.14 10.18 8.32
4.8 3.34 9.14 7.48
4.6 4.0 9.68 8.68
4.72 3.6 9.92 8.52
4.76 3.32 9.1 7.42
4.78 3.14 8.9 7.04
4.78 4.22 8.46 7.68
4.74 2.98 9.64 7.62
4.64 3.46 9.9 8.36
4.74 3.54 9.78 8.32
4.86 4.06 10.0 9.06
4.7 3.46 9.7 8.16
4.84 3.4 9.5 7.9
4.62 3.24 10.16 8.4
4.76 3.36 9.04 7.4
4.74 3.16 9.74 7.9
4.74 3.76 9.5 8.26
4.74 3.74 9.42 8.16
4.7 3.22 9.64 7.86
4.84 2.74 9.76 7.5
4.88 3.04 10.14 8.18
4.72 3.58 9.46 8.04
4.66 3.76 9.2 7.96
4.8 3.18 8.9 7.08
4.68 3.04 9.0 7.04
4.9 3.8 9.26 8.06
4.78 3.26 9.78 8.04
4.78 3.82 9.7 8.52
4.72 2.98 10.14 8.12
4.76 3.18 9.48 7.66
4.86 3.32 9.1 7.42
4.78 3.36 9.48 7.84
4.7 2.68 9.76 7.44
4.52 3.0 10.32 8.32
4.9 3.44 9.32 7.76
4.8 3.72 9.38 8.1
4.7 3.24 10.1 8.34
4.86 3.78 9.16 7.94
4.72 3.08 10.06 8.14
4.84 3.58 9.14 7.72
4.68 3.46 9.68 8.14
4.84 4.02 8.98 8.0
4.72 3.6 9.44 8.04
4.72 2.92 9.78 7.7
4.8 3.84 9.62 8.46
4.72 3.28 9.5 7.78
4.64 3.62 10.22 8.84
4.66 3.04 9.9 7.94
4.78 3.14 9.28 7.42
4.76 3.2 9.96 8.16
4.76 2.9 9.98 7.88
4.84 3.8 8.62 7.42
4.72 3.4 9.64 8.04
4.62 2.88 10.28 8.16
4.66 3.1 10.58 8.68
4.84 3.58 9.94 8.52
4.68 3.0 9.78 7.78
4.66 3.18 9.78 7.96
4.66 3.56 9.6 8.16
4.82 3.88 9.62 8.5
4.8 3.52 9.54 8.06
4.72 3.42 9.56 7.98
4.68 2.44 10.76 8.2
4.76 3.56 10.02 8.58
4.74 3.52 9.86 8.38
4.64 3.3 9.06 7.36
4.84 3.1 10.26 8.36
4.7 3.56 9.74 8.3
4.8 4.06 9.18 8.24
4.84 3.42 10.1 8.52
4.88 3.32 9.08 7.4
4.88 3.38 9.16 7.54
4.74 3.02 9.76 7.78
4.72 3.9 8.76 7.66
4.72 3.42 9.58 8.0
4.82 3.16 9.28 7.44
4.76 3.66 9.78 8.44
4.8 3.36 9.46 7.82
4.78 3.56 9.98 8.54
4.78 3.26 9.76 8.02
4.8 3.6 9.72 8.32
4.64 3.22 9.52 7.74
4.6 2.9 10.58 8.48
4.78 3.32 9.98 8.3
4.68 3.86 9.42 8.28
4.8 3.46 9.32 7.78
4.72 3.2 9.84 8.04
4.82 3.38 9.54 7.92
4.66 3.54 9.48 8.02
4.72 3.76 9.5 8.26
4.7 3.0 10.34 8.34
4.96 3.46 9.08 7.54
4.74 2.94 10.5 8.44
4.84 3.3 9.92 8.22
4.86 3.3 9.64 7.94
4.5 2.84 10.56 8.4
4.52 3.36 9.94 8.3
4.74 3.72 8.8 7.52
4.7 2.7 9.94 7.64
4.68 3.44 10.24 8.68
4.8 3.86 8.58 7.44
4.8 3.74 8.54 7.28
4.7 3.7 9.22 7.92
4.78 3.22 10.2 8.42
4.78 3.2 9.52 7.72
4.68 3.18 9.3 7.48
4.76 3.66 9.42 8.08
4.84 3.64 9.06 7.7
4.84 4.08 8.6 7.68
4.92 4.12 8.0 7.12
4.9 2.84 10.0 7.84
4.8 3.58 8.96 7.54
4.76 3.94 8.88 7.82
4.68 3.28 9.56 7.84
4.8 3.84 9.26 8.1
4.64 3.44 9.58 8.02
4.78 3.22 10.3 8.52
4.78 3.52 9.42 7.94
4.64 3.08 9.84 7.92
4.5 3.18 11.28 9.46
4.8 3.14 9.56 7.7
4.78 3.08 9.58 7.66
4.86 3.9 8.92 7.82
4.76 3.08 9.62 7.7
4.74 3.42 9.62 8.04
4.78 3.82 8.58 7.4
4.86 4.34 8.0 7.34
4.84 3.24 9.76 8.0
4.68 3.28 9.62 7.9
4.42 2.34 10.88 8.22
4.86 3.02 10.24 8.26
4.7 3.94 10.0 8.94
4.72 3.26 9.44 7.7
4.8 2.86 9.72 7.58
4.78 3.98 8.8 7.78
4.84 3.46 9.36 7.82
4.68 3.3 10.44 8.74
4.64 3.54 9.72 8.26
4.72 3.48 9.02 7.5
4.88 4.86 8.08 7.94
4.9 4.56 8.6 8.16
4.74 2.98 9.42 7.4
4.8 3.62 10.06 8.68
4.82 3.5 8.88 7.38
4.68 3.32 9.4 7.72
4.64 3.02 9.62 7.64
4.82 3.36 8.94 7.3
4.78 3.86 9.58 8.44
4.68 3.1 9.76 7.86
4.8 3.62 9.0 7.62
4.7 2.9 10.82 8.72
4.76 3.66 9.34 8.0
4.76 3.64 8.96 7.6
4.7 3.16 10.4 8.56
4.78 3.16 9.96 8.12
4.68 3.8 9.16 7.96
4.84 3.68 9.44 8.12
4.54 3.08 10.0 8.08
4.72 3.74 10.18 8.92
4.78 3.62 9.1 7.72
4.8 3.54 9.24 7.78
4.72 2.96 9.84 7.8
4.76 3.74 9.1 7.84
4.78 3.3 9.86 8.16
4.56 3.36 10.06 8.42
4.72 3.08 9.4 7.48
4.72 3.88 8.66 7.54
4.76 3.98 8.1 7.08
4.74 2.92 9.9 7.82
4.84 3.08 10.16 8.24
4.74 3.98 9.08 8.06
4.74 3.76 9.96 8.72
4.88 3.12 9.92 8.04
4.78 3.52 9.5 8.02
4.82 3.3 9.9 8.2
4.8 3.72 9.56 8.28
4.8 2.96 9.48 7.44
4.72 3.16 10.06 8.22
4.76 3.6 9.02 7.62
4.82 3.94 9.44 8.38
4.74 3.4 9.12 7.52
4.68 3.08 10.08 8.16
4.76 4.12 8.1 7.22
4.72 2.96 9.78 7.74
4.78 3.8 9.14 7.94
4.76 3.7 9.2 7.9
4.76 2.84 9.58 7.42
4.7 3.44 9.6 8.04
4.7 3.62 9.26 7.88
4.72 3.4 10.16 8.56
4.76 3.32 9.38 7.7
4.82 4.24 8.54 7.78
4.78 3.4 9.92 8.32
4.72 2.94 10.36 8.3
4.76 2.96 10.02 7.98
4.68 3.94 9.58 8.52
4.72 2.68 10.22 7.9
4.64 3.04 10.06 8.1
4.62 3.4 10.3 8.7
4.76 3.18 10.22 8.4
4.66 3.76 9.38 8.14
4.62 3.44 10.02 8.46
4.76 3.52 9.66 8.18
4.74 3.82 9.22 8.04
4.76 3.76 8.54 7.3
4.8 3.98 9.38 8.36
4.76 3.36 10.2 8.56
4.76 3.5 9.84 8.34
4.82 4.46 8.36 7.82
4.74 3.2 9.78 7.98
4.78 4.0 9.56 8.56
4.78 3.9 9.14 8.04
4.82 3.56 9.52 8.08
4.82 3.36 9.08 7.44
4.56 2.84 10.66 8.5
4.84 3.66 9.28 7.94
4.68 3.76 9.7 8.46
4.76 3.24 10.38 8.62
4.8 3.5 9.38 7.88
4.8 4.16 8.9 8.06
4.88 4.02 8.68 7.7
4.72 2.8 10.02 7.82
4.82 3.2 9.24 7.44
4.72 3.84 9.28 8.12
4.7 3.14 10.3 8.44
4.78 3.78 9.38 8.16
4.62 2.36 10.28 7.64
4.86 3.6 8.98 7.58
4.86 3.58 8.8 7.38
4.8 3.62 9.34 7.96
4.8 3.28 9.78 8.06
4.82 3.4 10.08 8.48
4.86 3.64 8.42 7.06
4.72 3.38 9.7 8.08
4.74 2.96 10.48 8.44
4.84 4.06 8.52 7.58
4.82 3.04 9.5 7.54
4.68 3.58 9.86 8.44
4.72 3.26 9.44 7.7
4.74 3.98 9.22 8.2
4.78 2.98 9.12 7.1
4.86 3.58 9.84 8.42
4.7 3.2 10.0 8.2
4.68 3.16 9.68 7.84
4.72 3.5 9.66 8.16
4.88 3.9 9.2 8.1
4.78 3.28 9.66 7.94
4.78 3.36 8.58 6.94
4.88 3.4 9.3 7.7
4.74 3.8 9.12 7.92
4.72 3.24 9.32 7.56
4.9 3.38 9.24 7.62
4.84 3.96 8.9 7.86
4.78 2.78 10.68 8.46
4.76 3.48 9.94 8.42
4.78 3.7 9.3 8.0
4.86 3.68 9.12 7.8
4.76 3.66 9.04 7.7
4.72 2.96 9.48 7.44
4.66 2.92 9.62 7.54
4.8 4.16 9.1 8.26
4.82 4.66 8.18 7.84
4.7 3.66 9.2 7.86
4.66 3.18 10.38 8.56
4.7 2.92 10.14 8.06
4.68 2.96 9.82 7.78
4.68 4.56 9.02 8.58
4.7 3.2 10.1 8.3
4.58 2.7 9.88 7.58
4.78 4.04 8.48 7.52
4.78 3.74 8.5 7.24
4.74 3.9 9.64 8.54
4.8 4.1 9.1 8.2
4.78 3.58 8.96 7.54
4.86 4.06 8.68 7.74
4.86 3.58 8.58 7.16
4.68 3.24 10.12 8.36
4.88 3.36 9.66 8.02
4.62 3.86 9.42 8.28
4.66 3.66 9.58 8.24
4.72 2.94 10.02 7.96
4.8 3.78 9.26 8.04
4.82 3.28 9.38 7.66
4.68 3.48 9.3 7.78
4.58 2.98 9.88 7.86
4.84 3.54 9.4 7.94
4.88 3.44 8.86 7.3
4.86 3.98 9.34 8.32
4.7 3.46 9.1 7.56
4.84 4.02 9.14 8.16
4.68 3.14 9.94 8.08
4.76 3.42 9.22 7.64
4.9 3.46 8.9 7.36
4.64 3.02 10.1 8.12
4.7 3.3 9.9 8.2
4.76 3.28 9.48 7.76
4.8 3.38 9.38 7.76
4.82 3.98 8.26 7.24
4.82 3.32 9.5 7.82
4.72 3.52 9.38 7.9
4.8 3.44 9.86 8.3
4.68 3.22 10.04 8.26
4.76 3.38 9.04 7.42
4.82 4.02 9.24 8.26
4.8 3.02 9.72 7.74
4.68 3.62 8.9 7.52
4.66 2.84 10.04 7.88
4.74 3.32 9.58 7.9
4.74 3.56 9.48 8.04
4.76 3.44 8.68 7.12
4.72 3.34 9.98 8.32
4.76 3.52 10.0 8.52
4.74 4.06 9.28 8.34
4.64 2.72 10.48 8.2
4.7 3.12 9.8 7.92
4.8 3.44 9.02 7.46
4.64 3.82 9.92 8.74
4.78 3.84 8.92 7.76
4.74 3.5 9.56 8.06
4.66 3.94 9.28 8.22
4.74 3.76 9.1 7.86
4.86 4.36 7.94 7.3
4.66 3.42 9.06 7.48
4.68 3.36 10.02 8.38
4.72 3.52 9.3 7.82
4.72 3.7 9.22 7.92
4.82 3.16 10.4 8.56
4.78 3.38 9.18 7.56
4.76 3.36 9.86 8.22
4.74 3.38 9.34 7.72
4.7 3.66 9.44 8.1
4.76 3.66 8.94 7.6
4.88 3.4 9.68 8.08
4.7 3.18 9.72 7.9
4.72 4.02 9.32 8.34
4.72 3.68 9.78 8.46
4.82 3.9 8.9 7.8
4.78 3.5 9.36 7.86
4.68 3.64 9.24 7.88
4.74 3.3 9.28 7.58
4.72 3.0 10.34 8.34
4.68 3.68 9.64 8.32
4.62 3.04 9.94 7.98
4.74 3.26 10.42 8.68
4.78 3.2 9.88 8.08
4.84 3.74 9.12 7.86
4.8 3.86 9.16 8.02
4.8 4.0 8.86 7.86
4.68 3.7 9.78 8.48
4.8 3.22 9.78 8.0
4.8 3.34 8.96 7.3
4.62 3.42 8.98 7.4
4.74 3.16 9.28 7.44
4.82 4.1 9.72 8.82
4.7 3.54 10.0 8.54
4.86 3.56 9.02 7.58
4.68 4.06 8.76 7.82
4.76 3.44 9.12 7.56
4.62 3.06 10.34 8.4
4.92 3.5 10.08 8.58
4.76 3.76 8.82 7.58
4.7 2.88 10.6 8.48
4.76 3.26 9.28 7.54
4.78 3.28 10.62 8.9
4.78 3.2 9.32 7.52
4.72 3.92 8.52 7.44
4.7 2.82 10.0 7.82
4.72 3.12 9.54 7.66
4.8 3.34 9.2 7.54
4.76 3.68 9.34 8.02
4.78 2.98 10.32 8.3
4.8 3.94 9.64 8.58
4.7 3.2 9.36 7.56
4.66 3.28 8.94 7.22
4.7 3.5 9.82 8.32
4.7 3.04 9.12 7.16
4.78 3.26 9.5 7.76
4.72 3.02 9.52 7.54
4.76 3.22 9.42 7.64
4.9 3.64 9.28 7.92
4.72 3.54 9.14 7.68
4.78 3.76 9.06 7.82
4.82 3.52 9.58 8.1
4.7 3.38 9.48 7.86
4.82 3.4 9.58 7.98
4.76 4.54 8.56 8.1
4.94 3.66 8.8 7.46
4.82 3.54 8.78 7.32
4.74 4.06 10.36 9.42
4.76 3.32 9.22 7.54
4.7 3.14 9.78 7.92
4.74 3.64 8.82 7.46
4.82 4.04 9.08 8.12
4.84 3.44 9.46 7.9
4.64 3.0 9.78 7.78
4.58 3.24 9.46 7.7
4.66 3.52 9.22 7.74
4.68 3.54 9.38 7.92
4.64 3.2 9.42 7.62
4.72 3.3 10.38 8.68
4.82 3.96 8.74 7.7
4.84 3.86 9.18 8.04
4.76 3.7 9.32 8.02
4.62 3.3 9.96 8.26
4.66 3.12 9.98 8.1
4.64 3.88 9.44 8.32
4.7 3.58 9.76 8.34
4.74 3.38 8.98 7.36
4.82 3.62 9.26 7.88
4.88 3.34 8.82 7.16
4.7 3.62 8.82 7.44
4.66 2.98 10.34 8.32
4.76 3.66 8.74 7.4
4.72 3.38 9.6 7.98
4.88 3.64 9.1 7.74
4.86 3.76 9.4 8.16
4.64 3.2 10.14 8.34
4.74 3.48 8.92 7.4
4.8 3.56 9.06 7.62
4.84 2.98 9.82 7.8
4.76 3.88 9.8 8.68
4.58 3.28 9.78 8.06
4.8 3.06 10.42 8.48
4.74 3.28 9.66 7.94
4.76 3.5 9.78 8.28
4.72 3.62 8.94 7.56
4.72 3.08 9.78 7.86
4.76 4.36 8.96 8.32
4.84 3.28 10.36 8.64
4.6 3.68 9.58 8.26
4.68 3.16 9.56 7.72
4.68 3.6 9.42 8.02
4.76 4.26 9.44 8.7
4.92 3.64 8.78 7.42
4.58 3.36 9.6 7.96
4.82 3.2 9.6 7.8
4.72 3.7 9.32 8.02
4.82 3.32 10.14 8.46
4.88 3.74 8.96 7.7
4.78 3.62 9.44 8.06
4.68 3.54 9.56 8.1
4.76 3.98 9.48 8.46
4.58 3.64 10.1 8.74
4.82 3.04 9.3 7.34
4.78 3.7 9.82 8.52
4.8 3.18 9.66 7.84
4.86 4.02 8.76 7.78
4.82 4.08 8.92 8.0
4.72 3.24 10.02 8.26
4.88 4.24 8.56 7.8
4.84 3.66 8.84 7.5
4.66 2.88 10.06 7.94
4.86 3.76 9.56 8.32
4.78 3.78 8.56 7.34
4.82 3.46 9.7 8.16
4.62 3.06 10.62 8.68
4.8 3.24 9.64 7.88
4.66 2.54 10.64 8.18
4.74 3.56 10.04 8.6
4.78 3.0 10.08 8.08
4.72 3.68 8.48 7.16
4.86 4.12 8.58 7.7
4.6 2.8 10.86 8.66
4.8 3.68 10.1 8.78
4.7 2.94 10.0 7.94
4.6 2.94 9.96 7.9
4.78 4.26 8.78 8.04
4.84 3.34 10.18 8.52
4.82 3.5 9.1 7.6
4.76 3.52 9.44 7.96
4.8 2.98 10.2 8.18
4.56 3.16 10.12 8.28
4.82 3.62 9.16 7.78
4.66 3.38 9.24 7.62
4.48 3.04 10.12 8.16
4.7 3.28 9.64 7.92
4.84 3.82 9.28 8.1
4.8 4.14 9.52 8.66
4.66 3.44 9.82 8.26
4.86 3.34 9.4 7.74
4.78 3.18 8.78 6.96
4.62 2.8 10.5 8.3
4.7 3.78 9.36 8.14
4.84 3.54 9.48 8.02
4.72 3.46 9.76 8.22
4.86 3.3 8.9 7.2
4.7 3.62 9.56 8.18
4.76 3.58 9.32 7.9
4.7 3.38 9.48 7.86
4.74 3.58 9.68 8.26
4.68 3.1 9.66 7.76
4.7 3.76 9.24 8.0
4.7 3.2 9.26 7.46
4.76 4.6 7.8 7.4
4.78 3.3 9.16 7.46
4.88 4.22 8.3 7.52
4.76 2.94 10.0 7.94
4.78 3.44 9.68 8.12
4.7 3.32 10.0 8.32
4.74 2.84 10.26 8.1
4.82 3.74 8.44 7.18
4.64 3.18 9.9 8.08
4.8 3.22 9.96 8.18
4.8 3.4 9.0 7.4
4.84 3.7 8.78 7.48
4.92 3.34 9.68 8.02
4.82 3.78 9.68 8.46
4.8 3.06 9.9 7.96
4.9 4.22 8.42 7.64
4.76 4.04 9.38 8.42
4.7 3.44 9.64 8.08
4.64 3.66 10.06 8.72
4.66 3.32 9.96 8.28
4.8 3.74 9.12 7.86
4.66 2.64 11.02 8.66
4.7 3.66 9.04 7.7
4.78 3.4 9.56 7.96
4.62 3.12 10.38 8.5
4.72 3.02 10.26 8.28
4.72 3.06 9.8 7.86
4.82 3.3 9.74 8.04
4.78 3.32 9.4 7.72
4.72 3.98 9.24 8.22
4.72 3.28 9.66 7.94
4.58 3.16 10.0 8.16
4.84 3.48 9.46 7.94
4.76 3.42 9.78 8.2
4.62 3.32 9.68 8.0
4.94 4.14 8.68 7.82
4.84 3.72 9.5 8.22
4.78 2.78 9.66 7.44
4.8 3.1 8.96 7.06
4.82 3.06 10.0 8.06
4.8 3.76 9.3 8.06
4.72 3.18 9.54 7.72
4.7 3.46 9.8 8.26
4.64 3.38 9.6 7.98
4.8 3.82 8.7 7.52
4.76 3.46 10.06 8.52
4.78 3.52 9.24 7.76
4.68 3.56 9.84 8.4
4.82 4.5 7.94 7.44
4.82 3.2 9.92 8.12
4.54 3.44 10.06 8.5
4.84 4.48 8.18 7.66
4.68 3.4 9.08 7.48
4.68 3.12 10.4 8.52
4.76 3.52 9.54 8.06
4.7 3.2 9.74 7.94
4.76 2.98 9.86 7.84
4.84 3.32 9.86 8.18
4.76 2.82 9.72 7.54
4.84 3.22 9.58 7.8
4.7 3.14 9.62 7.76
4.72 3.14 9.7 7.84
4.76 4.06 9.34 8.4
4.56 3.16 10.46 8.62
4.68 3.58 9.5 8.08
4.72 4.12 8.68 7.8
4.68 3.08 9.74 7.82
4.8 3.02 10.24 8.26
4.68 3.28 9.8 8.08
4.88 3.08 9.68 7.76
4.74 3.26 8.88 7.14
4.68 2.8 10.68 8.48
4.6 3.34 9.7 8.04
4.76 3.12 9.88 8.0
4.88 3.38 9.02 7.4
4.82 3.6 8.72 7.32
4.72 3.18 9.78 7.96
4.84 3.72 8.8 7.52
4.86 4.2 8.4 7.6
4.82 4.06 9.36 8.42
4.66 3.68 8.88 7.56
4.84 3.7 9.3 8.0
4.72 3.48 9.62 8.1
4.72 3.22 9.84 8.06
4.66 3.44 10.02 8.46
4.88 3.92 8.78 7.7
4.8 3.48 8.76 7.24
4.82 4.32 8.76 8.08
4.64 3.0 9.84 7.84
4.78 3.44 9.72 8.16
4.7 3.68 10.22 8.9
4.78 3.16 9.5 7.66
4.8 3.48 9.6 8.08
4.72 3.02 10.3 8.32
4.86 3.6 9.54 8.14
4.8 3.74 9.82 8.56
4.76 3.64 8.94 7.58
4.82 3.26 9.36 7.62
4.86 3.92 9.14 8.06
4.82 4.08 9.04 8.12
4.78 4.44 8.78 8.22
4.62 3.06 9.88 7.94
4.72 3.72 8.18 6.9
4.56 2.94 10.4 8.34
4.76 3.38 10.12 8.5
4.58 3.64 10.06 8.7
4.8 2.78 9.98 7.76
4.64 2.68 9.7 7.38
4.74 4.16 9.04 8.2
4.82 3.28 10.12 8.4
4.78 3.44 9.66 8.1
4.72 4.0 9.3 8.3
4.76 3.16 9.56 7.72
4.76 3.98 9.22 8.2
4.78 3.44 8.94 7.38
4.72 3.24 10.24 8.48
4.7 3.5 9.52 8.02
4.82 3.1 9.86 7.96
4.76 3.72 9.18 7.9
4.74 3.7 9.0 7.7
4.7 2.7 9.68 7.38
4.74 3.52 9.44 7.96
4.7 3.84 8.9 7.74
4.84 3.8 9.42 8.22
4.68 3.46 10.28 8.74
4.74 3.64 9.5 8.14
4.66 3.2 9.7 7.9
4.8 3.72 8.64 7.36
4.8 3.58 9.26 7.84
4.84 3.74 9.14 7.88
4.7 3.3 9.72 8.02
4.82 3.34 9.4 7.74
4.74 3.18 9.48 7.66
4.82 3.22 9.42 7.64
4.74 2.76 10.2 7.96
4.66 3.4 9.5 7.9
4.76 3.88 8.92 7.8
4.66 3.38 9.58 7.96
4.92 3.82 8.54 7.36
4.8 3.14 9.68 7.82
4.62 3.2 9.82 8.02
4.68 2.86 10.5 8.36
4.74 2.5 11.04 8.54
4.72 2.56 10.52 8.08
4.64 2.98 9.76 7.74
4.78 3.42 9.64 8.06
4.78 4.14 8.92 8.06
4.84 4.12 9.08 8.2
4.74 3.38 9.04 7.42
4.58 3.26 9.76 8.02
4.84 2.92 10.52 8.44
4.68 3.82 8.44 7.26
4.74 3.08 9.48 7.56
4.76 3.7 9.58 8.28
4.7 2.78 10.54 8.32
4.74 3.5 9.36 7.86
4.78 3.62 9.6 8.22
4.72 3.28 9.72 8.0
4.8 3.26 9.76 8.02
4.76 3.22 9.14 7.36
4.8 2.98 9.84 7.82
4.8 4.14 9.06 8.2
4.72 2.86 9.86 7.72
4.8 4.12 8.5 7.62
4.76 2.8 9.94 7.74
4.8 3.96 9.1 8.06
4.54 2.36 11.28 8.64
4.7 3.04 10.14 8.18
4.88 4.1 8.66 7.76
4.74 3.58 9.32 7.9
4.76 2.98 9.84 7.82
4.66 3.62 9.82 8.44
4.7 3.4 9.26 7.66
4.72 4.18 9.62 8.8
4.82 3.1 10.06 8.16
4.7 3.28 10.56 8.84
4.8 3.22 9.94 8.16
4.64 3.52 9.56 8.08
4.8 3.06 9.44 7.5
4.78 3.7 8.14 6.84
4.76 2.94 10.58 8.52
4.68 2.9 10.04 7.94
4.8 3.86 9.68 8.54
4.66 3.0 9.96 7.96
4.72 3.5 9.54 8.04
4.66 3.5 9.74 8.24
4.7 3.58 9.62 8.2
4.72 3.56 9.54 8.1
4.7 3.2 9.26 7.46
4.9 3.72 8.54 7.26
4.86 3.88 8.9 7.78
4.66 3.66 9.28 7.94
4.64 3.28 9.7 7.98
4.84 3.46 9.28 7.74
4.74 3.34 9.84 8.18
4.84 3.98 8.64 7.62
4.76 3.44 9.26 7.7
4.74 3.54 9.6 8.14
4.9 3.62 9.38 8.0
4.76 4.16 8.92 8.08
4.66 3.24 10.1 8.34
4.64 3.3 9.5 7.8
4.82 3.2 9.14 7.34
4.74 3.24 9.46 7.7
4.64 3.44 9.64 8.08
4.74 3.44 9.88 8.32
4.74 2.92 9.28 7.2
4.76 4.08 9.04 8.12
4.72 3.52 9.22 7.74
4.64 3.24 9.78 8.02
4.78 3.2 9.88 8.08
4.84 3.76 9.06 7.82
4.7 2.88 10.12 8.0
4.62 3.7 9.68 8.38
4.8 3.22 9.42 7.64
4.78 2.7 9.9 7.6
4.68 3.38 9.84 8.22
4.66 3.52 9.72 8.24
4.82 4.24 9.18 8.42
4.74 3.34 9.14 7.48
4.6 3.9 9.82 8.72
4.8 3.52 9.6 8.12
4.72 3.12 10.22 8.34
4.7 2.92 10.08 8.0
4.84 3.4 9.5 7.9
4.76 3.14 9.66 7.8
4.7 3.4 9.14 7.54
4.74 3.8 9.82 8.62
4.84 3.98 9.24 8.22
4.84 3.14 9.64 7.78
4.76 3.2 9.76 7.96
4.84 3.48 9.04 7.52
4.72 3.36 9.94 8.3
4.9 4.44 8.7 8.14
4.76 3.48 9.02 7.5
4.62 3.0 10.16 8.16
4.68 3.66 9.4 8.06
4.8 3.22 10.22 8.44
4.82 3.32 8.98 7.3
4.82 3.2 9.64 7.84
4.76 3.18 9.74 7.92
4.78 3.62 9.96 8.58
4.62 2.76 10.46 8.22
4.8 3.08 9.36 7.44
4.84 3.42 8.72 7.14
4.76 3.88 9.4 8.28
4.68 3.52 9.68 8.2
4.66 2.72 9.98 7.7
4.76 3.5 9.54 8.04
4.7 3.54 9.54 8.08
4.68 3.78 9.48 8.26
4.78 3.08 10.24 8.32
4.8 2.8 10.62 8.42
4.82 3.12 10.52 8.64
4.78 3.92 8.94 7.86
4.74 3.04 9.16 7.2
4.62 2.9 10.52 8.42
4.58 3.18 10.16 8.34
4.76 3.5 8.86 7.36
4.72 3.22 9.44 7.66
4.78 3.68 9.26 7.94
4.84 3.44 8.74 7.18
4.86 3.36 9.72 8.08
4.7 2.98 9.98 7.96
4.66 3.16 9.76 7.92
4.86 2.98 10.74 8.72
4.7 3.32 9.82 8.14
4.7 3.58 9.4 7.98
4.68 3.04 10.7 8.74
4.72 3.36 9.28 7.64
4.68 3.64 10.08 8.72
4.66 4.06 8.96 8.02
4.76 3.32 9.46 7.78
4.58 3.02 10.46 8.48
4.76 3.56 9.62 8.18
4.76 3.52 9.68 8.2
4.88 3.44 9.22 7.66
4.8 3.6 9.62 8.22
4.72 3.62 9.14 7.76
4.82 3.14 9.52 7.66
4.78 3.6 9.0 7.6
4.74 2.8 9.76 7.56
4.78 3.46 9.66 8.12
4.8 3.62 9.48 8.1
4.7 3.4 8.8 7.2
4.76 3.22 10.04 8.26
4.7 2.96 10.26 8.22
4.78 3.7 8.9 7.6
4.8 3.7 9.62 8.32
4.74 3.46 9.1 7.56
4.64 3.74 8.88 7.62
4.72 3.44 9.4 7.84
4.66 3.0 10.2 8.2
4.66 3.64 9.1 7.74
4.72 3.64 9.68 8.32
4.8 3.54 9.52 8.06
4.6 3.92 9.44 8.36
4.84 2.96 9.84 7.8
4.72 3.42 9.64 8.06
4.72 3.78 9.28 8.06
4.74 3.3 9.62 7.92
4.72 3.3 9.34 7.64
4.88 3.74 8.68 7.42
4.68 3.16 10.32 8.48
4.8 2.84 9.2 7.04
4.62 3.66 9.56 8.22
4.76 3.02 10.02 8.04
4.72 3.68 9.18 7.86
4.7 3.16 10.18 8.34
4.86 3.34 9.92 8.26
4.76 3.26 9.98 8.24
4.8 3.36 9.56 7.92
4.8 3.16 9.88 8.04
4.56 3.14 9.92 8.06
4.84 4.14 8.48 7.62
4.7 3.52 9.1 7.62
4.68 3.76 9.82 8.58
4.66 3.84 9.52 8.36
4.62 3.38 9.1 7.48
4.64 3.26 9.88 8.14
4.76 3.46 10.14 8.6
4.66 3.38 9.14 7.52
4.78 3.68 9.96 8.64
4.82 3.84 9.16 8.0
4.68 3.16 10.12 8.28
4.7 3.26 9.52 7.78
4.72 3.72 9.48 8.2
4.84 3.52 9.18 7.7
4.84 2.98 9.38 7.36
4.78 3.68 9.74 8.42
4.8 3.14 9.86 8.0
4.82 3.36 9.2 7.56
4.74 3.96 8.96 7.92
4.9 3.54 8.9 7.44
4.78 3.7 9.36 8.06
4.74 3.44 9.94 8.38
4.62 3.5 9.46 7.96
4.86 3.66 9.38 8.04
4.8 3.46 9.84 8.3
4.82 3.84 9.6 8.44
4.82 3.34 9.28 7.62
4.7 3.08 9.58 7.66
4.84 3.48 10.0 8.48
4.66 3.64 9.56 8.2
4.74 3.06 9.94 8.0
4.94 4.24 8.84 8.08
4.78 3.66 8.98 7.64
4.82 3.6 9.48 8.08
4.74 3.22 9.68 7.9
4.84 3.32 9.92 8.24
4.64 3.36 9.5 7.86
4.78 2.8 10.42 8.22
4.8 4.02 9.04 8.06
4.74 3.36 9.5 7.86
4.78 3.58 9.54 8.12
4.9 3.96 9.18 8.14
4.92 3.46 9.46 7.92
4.6 2.82 10.14 7.96
4.72 3.26 9.82 8.08
4.84 4.28 8.18 7.46
4.78 4.58 8.66 8.24
4.68 3.38 10.1 8.48
4.8 3.02 9.78 7.8
4.86 3.88 8.78 7.66
4.7 2.98 9.82 7.8
4.88 3.3 10.2 8.5
4.74 3.92 9.24 8.16
4.76 3.16 10.18 8.34
4.64 3.16 9.68 7.84
4.72 3.4 9.6 8.0
4.7 3.7 9.68 8.38
4.76 3.32 9.7 8.02
4.84 3.46 9.68 8.14
4.78 3.42 9.88 8.3
4.8 3.62 8.62 7.24
4.82 3.92 8.92 7.84
4.76 3.56 9.02 7.58
4.62 3.4 9.48 7.88
4.76 3.08 10.14 8.22
4.72 3.3 9.96 8.26
4.64 3.56 10.02 8.58
4.84 3.42 9.44 7.86
4.74 3.1 9.9 8.0
4.8 3.36 9.7 8.06
4.78 3.38 9.24 7.62
4.72 3.52 10.06 8.58
4.72 3.46 9.16 7.62
4.84 3.82 9.26 8.08
4.82 3.2 10.12 8.32
4.58 2.98 11.08 9.06
4.8 3.56 8.8 7.36
4.72 3.4 9.58 7.98
4.7 3.14 9.6 7.74
4.72 3.1 9.8 7.9
4.68 2.78 9.88 7.66
4.78 3.54 9.7 8.24
4.8 3.56 8.96 7.52
4.7 3.64 9.36 8.0
4.74 3.92 8.56 7.48
4.64 3.28 9.7 7.98
4.64 3.18 10.12 8.3
4.76 3.44 9.16 7.6
4.76 3.84 9.66 8.5
4.76 3.0 9.96 7.96
4.74 3.56 9.5 8.06
4.62 3.36 9.88 8.24
4.84 3.74 9.7 8.44
4.56 2.82 10.64 8.46
4.8 3.88 9.02 7.9
4.82 4.54 8.26 7.8
4.76 3.88 9.14 8.02
4.88 3.78 9.02 7.8
4.64 2.96 10.2 8.16
4.84 3.6 9.92 8.52
4.72 3.5 9.64 8.14
4.58 3.44 9.4 7.84
4.68 3.56 9.82 8.38
4.78 3.16 9.32 7.48
4.72 3.48 9.42 7.9
4.94 3.86 9.08 7.94
4.74 3.44 9.32 7.76
4.62 2.82 10.12 7.94
4.64 4.02 9.72 8.74
4.66 3.14 10.1 8.24
4.82 3.36 9.42 7.78
4.76 3.4 9.78 8.18
4.76 2.9 9.98 7.88
4.82 3.76 8.78 7.54
4.58 3.6 10.0 8.6
4.74 3.98 9.72 8.7
4.78 3.22 9.98 8.2
4.82 3.22 9.6 7.82
4.76 4.22 8.24 7.46
4.78 3.7 9.06 7.76
4.76 4.06 8.64 7.7
4.66 2.96 10.32 8.28
4.7 3.58 9.56 8.14
4.8 3.7 9.36 8.06
4.64 3.44 9.04 7.48
4.66 2.94 10.82 8.76
4.84 3.7 9.12 7.82
4.86 3.74 9.2 7.94
4.78 3.92 9.48 8.4
4.54 3.38 9.82 8.2
4.78 3.38 9.32 7.7
4.74 2.88 9.46 7.34
4.72 3.32 9.14 7.46
4.76 3.52 9.26 7.78
4.78 3.18 10.24 8.42
4.6 3.28 10.14 8.42
4.7 3.44 10.0 8.44
4.74 3.3 9.48 7.78
4.7 2.66 10.2 7.86
4.84 3.34 9.74 8.08
4.62 3.14 10.12 8.26
4.76 3.3 9.74 8.04
4.7 3.5 10.22 8.72
4.76 3.24 9.2 7.44
4.8 3.04 10.12 8.16
4.66 2.74 10.92 8.66
4.84 3.48 10.08 8.56
4.74 3.2 10.26 8.46
4.8 3.6 8.76 7.36
4.72 3.34 9.32 7.66
4.8 3.2 9.9 8.1
4.76 3.6 8.92 7.52
4.66 3.46 9.4 7.86
4.78 3.7 9.58 8.28
4.72 3.28 9.62 7.9
4.8 3.82 8.7 7.52
4.7 3.16 10.52 8.68
4.8 4.26 8.58 7.84
4.7 3.52 9.26 7.78
4.7 3.56 10.06 8.62
4.8 3.5 8.86 7.36
4.88 3.88 8.68 7.56
4.72 3.44 9.46 7.9
4.76 3.4 9.32 7.72
4.76 3.8 9.62 8.42
4.72 3.32 9.94 8.26
4.5 2.8 10.32 8.12
4.78 3.56 9.24 7.8
4.82 3.5 10.02 8.52
4.84 3.46 8.86 7.32
4.8 3.78 9.82 8.6
4.7 3.22 9.56 7.78
4.8 4.4 9.16 8.56
4.76 3.24 9.82 8.06
4.76 4.1 8.72 7.82
4.74 3.1 9.96 8.06
4.8 3.0 9.98 7.98
4.76 3.74 9.88 8.62
4.62 3.22 9.84 8.06
4.82 3.96 8.98 7.94
4.74 3.42 9.44 7.86
4.74 3.22 10.12 8.34
4.7 3.0 9.78 7.78
4.72 3.22 9.68 7.9
4.78 3.4 9.66 8.06
4.66 3.48 9.7 8.18
4.72 3.06 9.52 7.58
4.74 3.02 9.64 7.66
4.7 3.58 9.0 7.58
4.72 3.06 9.84 7.9
4.78 3.06 9.44 7.5
4.8 3.14 9.98 8.12
4.8 3.4 9.66 8.06
4.82 3.5 9.2 7.7
4.88 4.06 8.9 7.96
4.72 3.18 10.16 8.34
4.68 3.2 9.94 8.14
4.78 3.58 9.9 8.48
4.78 3.28 9.7 7.98
4.7 3.28 9.62 7.9
4.78 3.38 9.9 8.28
4.66 3.2 9.46 7.66
4.6 2.8 10.24 8.04
4.88 3.5 9.26 7.76
4.84 4.06 9.3 8.36
4.7 2.94 10.4 8.34
4.64 3.54 9.32 7.86
4.72 3.46 9.82 8.28
4.82 3.02 10.08 8.1
4.5 2.66 10.74 8.4
4.9 3.84 9.6 8.44
4.8 3.18 10.14 8.32
4.82 3.4 9.7 8.1
4.72 3.38 9.96 8.34
4.68 2.3 10.8 8.1
4.7 3.56 9.76 8.32
4.64 2.68 10.66 8.34
4.76 3.98 9.12 8.1
4.72 2.86 9.72 7.58
4.7 3.56 9.74 8.3
4.72 3.06 10.0 8.06
4.62 3.46 9.52 7.98
4.66 3.62 9.9 8.52
4.8 3.6 9.36 7.96
4.68 4.04 8.76 7.8
4.64 2.88 10.12 8.0
4.84 3.7 9.18 7.88
4.9 3.96 8.58 7.54
4.64 3.24 10.18 8.42
4.76 2.98 9.46 7.44
4.84 3.6 8.82 7.42
4.76 3.68 8.94 7.62
4.76 3.68 9.74 8.42
4.8 3.72 9.08 7.8
4.84 3.32 8.94 7.26
4.76 3.66 9.54 8.2
4.8 3.72 8.5 7.22
4.68 2.94 9.8 7.74
4.66 3.08 10.06 8.14
4.74 3.94 8.74 7.68
4.74 3.12 9.84 7.96
4.62 3.08 10.32 8.4
4.7 3.34 9.22 7.56
4.76 4.3 9.06 8.36
4.66 3.04 9.62 7.66
4.8 3.56 9.02 7.58
4.72 3.68 9.06 7.74
4.58 3.6 10.18 8.78
4.62 3.88 9.7 8.58
4.82 4.18 8.66 7.84
4.72 3.08 9.52 7.6
4.76 3.28 9.42 7.7
4.82 3.52 10.12 8.64
4.82 3.86 8.3 7.16
4.68 3.3 10.06 8.36
4.9 4.14 8.64 7.78
4.68 3.62 9.06 7.68
4.72 3.4 9.46 7.86
4.76 3.32 9.64 7.96
4.72 3.94 9.78 8.72
4.88 4.1 8.84 7.94
4.72 3.48 10.04 8.52
4.9 4.34 8.84 8.18
4.8 3.4 9.26 7.66
4.84 3.72 8.52 7.24
4.78 3.78 9.06 7.84
4.78 4.12 9.06 8.18
4.86 3.68 8.88 7.56
4.86 3.68 9.88 8.56
4.78 3.28 9.4 7.68
4.66 3.62 9.18 7.8
4.78 3.36 9.84 8.2
4.7 3.06 10.54 8.6
4.62 3.42 9.62 8.04
4.78 3.58 9.54 8.12
4.8 3.12 9.7 7.82
4.7 3.86 8.58 7.44
4.78 3.46 9.06 7.52
4.9 3.46 8.98 7.44
4.76 3.12 10.72 8.84
4.66 3.56 9.3 7.86
4.7 3.6 9.78 8.38
4.76 3.02 9.46 7.48
4.82 3.84 8.76 7.6
4.82 3.96 9.1 8.06
4.78 3.26 10.1 8.36
4.72 4.08 9.32 8.4
4.8 3.34 8.86 7.2
4.78 3.94 8.62 7.56
4.72 3.06 10.58 8.64
4.84 4.12 9.16 8.28
4.8 3.44 9.08 7.52
4.7 3.72 9.84 8.56
4.72 3.66 9.86 8.52
4.7 4.04 9.6 8.64
4.94 3.42 8.9 7.32
4.64 2.96 9.9 7.86
4.7 2.74 10.32 8.06
4.78 3.38 9.34 7.72
4.66 3.38 9.28 7.66
4.78 3.82 9.42 8.24
4.84 3.36 9.36 7.72
4.8 3.5 9.74 8.24
4.7 3.04 9.56 7.6
4.68 3.46 10.38 8.84
4.58 3.26 9.6 7.86
4.8 3.54 9.38 7.92
4.82 3.36 8.72 7.08
4.82 3.02 10.04 8.06
4.74 3.6 9.64 8.24
4.84 3.62 9.24 7.86
4.78 3.32 10.0 8.32
4.62 3.68 9.64 8.32
4.84 2.94 10.66 8.6
4.76 4.04 8.52 7.56
4.76 4.08 8.88 7.96
4.74 3.34 9.28 7.62
4.74 3.3 9.72 8.02
4.72 3.28 10.08 8.36
4.74 3.96 9.28 8.24
4.66 3.42 9.78 8.2
4.76 3.36 9.4 7.76
4.66 3.08 9.84 7.92
4.78 3.98 9.32 8.3
4.7 3.06 10.12 8.18
4.84 3.66 9.66 8.32
4.8 3.94 9.02 7.96
4.72 3.48 9.48 7.96
4.86 3.72 9.42 8.14
4.8 3.82 9.28 8.1
4.82 3.68 9.64 8.32
4.62 3.7 9.08 7.78
4.9 3.9 8.6 7.5
4.7 3.16 10.16 8.32
4.8 2.86 9.84 7.7
4.68 3.32 10.14 8.46
4.8 3.42 9.26 7.68
4.8 3.3 9.52 7.82
4.7 3.84 8.7 7.54
4.76 3.22 9.64 7.86
4.64 3.12 10.14 8.26
4.88 3.96 9.0 7.96
4.72 3.02 9.64 7.66
4.76 3.56 9.84 8.4
4.78 3.22 9.18 7.4
4.7 3.32 9.66 7.98
4.7 3.46 9.94 8.4
4.62 3.1 10.16 8.26
4.7 3.72 9.58 8.3
4.76 3.72 9.24 7.96
4.78 3.62 9.36 7.98
4.76 3.28 9.84 8.12
4.74 3.9 9.18 8.08
4.8 3.44 9.1 7.54
4.62 2.82 10.36 8.18
4.78 3.76 9.64 8.4
4.88 3.44 10.18 8.62
4.72 2.98 10.14 8.12
4.78 3.92 9.24 8.16
4.82 3.38 8.96 7.34
4.66 3.26 9.84 8.1
4.76 3.4 9.8 8.2
4.74 3.9 9.5 8.4
4.78 3.28 9.68 7.96
4.64 3.16 9.74 7.9
4.8 3.34 9.72 8.06
4.8 3.56 9.16 7.72
4.7 2.98 9.84 7.82
4.78 4.08 9.08 8.16
4.72 3.08 9.84 7.92
4.76 3.3 9.1 7.4
4.7 3.18 10.5 8.68
4.8 3.94 8.34 7.28
4.78 3.82 9.12 7.94
4.82 3.36 9.4 7.76
4.8 2.84 9.6 7.44
4.76 3.86 8.78 7.64
4.74 2.98 9.5 7.48
4.74 4.22 9.0 8.22
4.7 3.36 9.56 7.92
4.64 2.9 10.26 8.16
4.76 2.96 10.04 8.0
4.7 3.5 9.36 7.86
4.68 3.0 10.32 8.32
4.92 3.84 8.64 7.48
4.75216 3.462164 9.50712 7.969284
