4.82 3.79 8.69 7.48
4.82 3.89 8.82 7.71
4.84 3.95 8.91 7.86
4.75 3.28 9.41 7.69
4.77 3.69 9.16 7.85
4.73 3.84 9.08 7.92
4.76 3.46 9.11 7.57
4.78 3.7 9.14 7.84
4.72 3.65 9.87 8.52
4.76 3.75 9.26 8.01
4.82 3.77 8.78 7.55
4.73 3.35 9.51 7.86
4.78 3.67 9.07 7.74
4.7 3.36 9.49 7.85
4.71 3.37 10.16 8.53
4.88 3.96 8.74 7.7
4.76 3.25 9.7 7.95
4.81 3.07 9.59 7.66
4.75 3.16 9.8 7.96
4.66 3.92 9.29 8.21
4.71 3.36 9.31 7.67
4.79 3.55 9.06 7.61
4.72 3.46 9.8 8.26
4.81 3.77 9.5 8.27
4.74 3.82 9.65 8.47
4.81 3.43 9.72 8.15
4.89 3.56 9.53 8.09
4.77 3.65 9.47 8.12
4.73 3.43 9.14 7.57
4.8 3.55 9.17 7.72
4.68 3.48 9.51 7.99
4.74 3.77 9.28 8.05
4.74 3.27 9.61 7.88
4.81 3.61 9.15 7.76
4.76 3.92 8.81 7.73
4.78 3.7 9.36 8.06
4.8 3.23 9.8 8.03
4.79 3.23 9.78 8.01
4.68 3.79 9.52 8.31
4.79 4.0 8.98 7.98
4.86 4.23 8.59 7.82
4.71 3.24 9.76 8.0
4.65 3.14 9.35 7.49
4.68 3.93 9.7 8.63
4.72 3.18 9.59 7.77
4.76 3.47 9.89 8.36
4.73 3.01 9.64 7.65
4.77 3.48 9.34 7.82
4.76 3.44 9.83 8.27
4.61 3.32 9.69 8.01
4.73 3.55 9.45 8.0
4.77 3.39 9.79 8.18
4.77 3.65 9.15 7.8
4.8 3.61 9.44 8.05
4.66 3.59 9.6 8.19
4.86 3.67 9.46 8.13
4.81 3.63 9.38 8.01
4.81 3.19 9.78 7.97
4.79 3.91 9.2 8.11
4.71 2.98 10.2 8.18
4.82 3.45 8.95 7.4
4.73 3.52 9.33 7.85
4.67 3.49 9.46 7.95
4.8 4.06 8.39 7.45
4.76 4.02 9.31 8.33
4.7 3.36 9.37 7.73
4.87 3.84 9.39 8.23
4.73 3.25 9.59 7.84
4.67 3.73 9.38 8.11
4.76 3.22 9.54 7.76
4.73 2.94 10.18 8.12
4.85 3.14 9.52 7.66
4.71 3.44 9.96 8.4
4.74 3.66 9.6 8.26
4.62 3.08 10.08 8.16
4.74 3.02 9.77 7.79
4.75 4.1 9.18 8.28
4.73 3.61 8.93 7.54
4.67 3.39 9.88 8.27
4.76 3.26 9.89 8.15
4.75 3.77 9.34 8.11
4.77 3.37 9.15 7.52
4.79 3.74 8.96 7.7
4.7 3.2 9.82 8.02
4.8 3.73 9.42 8.15
4.79 3.7 9.64 8.34
4.76 3.5 9.3 7.8
4.75 2.97 10.24 8.21
4.76 3.55 9.32 7.87
4.81 3.24 9.79 8.03
4.64 3.36 9.68 8.04
4.78 3.92 9.04 7.96
4.77 3.58 9.52 8.1
4.79 3.59 9.48 8.07
4.77 3.22 9.6 7.82
4.73 3.72 9.86 8.58
4.72 3.66 8.98 7.64
4.8 3.04 9.91 7.95
4.7 3.38 9.74 8.12
4.74 3.89 8.43 7.32
4.75 3.72 9.18 7.9
4.76 3.45 9.3 7.75
4.82 3.89 8.8 7.69
4.77 3.4 9.54 7.94
4.71 3.08 10.08 8.16
4.71 3.56 9.63 8.19
4.79 3.76 9.3 8.06
4.7 3.44 9.61 8.05
4.73 3.0 10.12 8.12
4.84 3.99 8.84 7.83
4.7 3.52 9.25 7.77
4.69 3.51 9.38 7.89
4.75 3.14 9.34 7.48
4.85 3.02 10.29 8.31
4.73 3.36 9.9 8.26
4.75 3.21 9.92 8.13
4.73 3.14 9.6 7.74
4.78 3.53 9.64 8.17
4.69 3.77 9.27 8.04
4.73 3.41 9.66 8.07
4.74 3.21 9.74 7.95
4.77 3.19 9.52 7.71
4.69 3.44 9.62 8.06
4.78 3.42 9.35 7.77
4.8 3.94 8.88 7.82
4.78 3.59 9.99 8.58
4.72 3.13 10.19 8.32
4.7 3.61 9.44 8.05
4.76 3.46 9.43 7.89
4.74 3.46 9.7 8.16
4.73 3.42 9.14 7.56
4.74 3.81 9.15 7.96
4.84 4.02 9.32 8.34
4.8 3.73 9.36 8.09
4.77 3.08 10.14 8.22
4.8 3.6 9.41 8.01
4.76 3.45 9.84 8.29
4.7 3.3 9.76 8.06
4.74 3.5 9.69 8.19
4.73 3.35 9.6 7.95
4.82 3.5 9.61 8.11
4.72 3.28 9.83 8.11
4.83 3.6 9.04 7.64
4.64 2.92 9.71 7.63
4.74 3.72 9.22 7.94
4.76 3.53 9.54 8.07
4.77 3.51 9.48 7.99
4.68 3.24 9.5 7.74
4.73 3.43 9.59 8.02
4.67 3.21 9.53 7.74
4.81 3.46 9.4 7.86
4.67 3.31 10.08 8.39
4.78 3.5 9.48 7.98
4.81 3.28 9.4 7.68
4.75 3.18 9.44 7.62
4.83 3.81 8.91 7.72
4.87 3.3 10.09 8.39
4.72 3.04 9.83 7.87
4.67 3.12 9.99 8.11
4.75 3.36 9.76 8.12
4.8 4.05 9.21 8.26
4.8 3.73 10.3 9.03
4.87 3.64 9.22 7.86
4.83 3.95 9.33 8.28
4.85 3.33 9.33 7.66
4.75 3.87 9.16 8.03
4.76 3.35 9.81 8.16
4.79 3.2 10.12 8.32
4.78 3.92 9.17 8.09
4.61 3.1 10.03 8.13
4.75 3.63 9.39 8.02
4.75 3.3 10.02 8.32
4.84 3.64 9.21 7.85
4.7 3.17 9.81 7.98
4.83 3.66 9.18 7.84
4.78 3.17 9.73 7.9
4.63 3.59 9.58 8.17
4.76 3.42 9.76 8.18
4.77 3.46 9.51 7.97
4.75 3.6 9.57 8.17
4.68 3.3 10.21 8.51
4.65 3.2 10.01 8.21
4.74 3.06 10.1 8.16
4.72 3.23 9.69 7.92
4.81 3.65 9.49 8.14
4.87 3.8 8.72 7.52
4.86 3.66 9.14 7.8
4.82 4.0 9.22 8.22
4.83 3.7 9.6 8.3
4.8 4.02 8.63 7.65
4.81 3.77 9.0 7.77
4.8 3.96 9.01 7.97
4.82 3.56 9.42 7.98
4.77 3.0 9.6 7.6
4.79 3.39 9.42 7.81
4.8 3.64 8.88 7.52
4.83 3.64 8.74 7.38
4.73 3.33 9.77 8.1
4.71 3.15 9.93 8.08
4.79 3.63 9.47 8.1
4.79 3.52 9.6 8.12
4.85 3.62 8.86 7.48
4.77 3.39 9.31 7.7
4.7 3.15 9.87 8.02
4.76 3.56 9.51 8.07
4.65 3.2 10.52 8.72
4.85 3.74 9.31 8.05
4.67 2.8 10.55 8.35
4.75 3.27 9.56 7.83
4.76 3.46 9.91 8.37
4.75 3.23 9.95 8.18
4.78 3.42 9.26 7.68
4.61 3.4 9.54 7.94
4.73 3.5 9.66 8.16
4.82 3.92 9.16 8.08
4.84 3.59 9.4 7.99
4.67 3.58 9.94 8.52
4.69 3.58 9.4 7.98
4.74 3.58 9.21 7.79
4.76 3.29 9.59 7.88
4.76 3.94 9.44 8.38
4.77 3.76 9.61 8.37
4.73 3.32 9.37 7.69
4.77 3.22 9.37 7.59
4.72 3.61 9.23 7.84
4.78 3.68 9.76 8.44
4.7 3.49 9.53 8.02
4.77 3.05 9.65 7.7
4.82 3.57 9.2 7.77
4.77 3.29 9.23 7.52
4.74 3.21 9.95 8.16
4.71 3.31 9.41 7.72
4.71 3.84 9.77 8.61
4.77 3.93 8.66 7.59
4.75 3.47 9.19 7.66
4.81 3.55 9.66 8.21
4.81 3.26 9.95 8.21
4.71 3.27 9.47 7.74
4.75 3.25 10.2 8.45
4.71 3.65 9.25 7.9
4.81 3.35 9.83 8.18
4.76 3.31 9.53 7.84
4.75 3.3 10.01 8.31
4.73 3.17 9.83 8.0
4.67 2.84 10.61 8.45
4.7 3.97 9.07 8.04
4.72 3.17 10.12 8.29
4.83 3.33 9.81 8.14
4.68 3.29 9.24 7.53
4.7 3.14 9.72 7.86
4.74 3.18 9.63 7.81
4.68 3.32 9.7 8.02
4.73 3.67 9.32 7.99
4.7 3.75 9.44 8.19
4.78 3.23 9.29 7.52
4.79 3.46 10.23 8.69
4.82 4.02 9.54 8.56
4.81 3.91 8.89 7.8
4.73 2.92 9.98 7.9
4.78 3.53 9.23 7.76
4.72 3.33 9.82 8.15
4.77 3.76 9.27 8.03
4.71 3.29 9.81 8.1
4.76 3.32 9.74 8.06
4.8 3.46 9.36 7.82
4.67 3.2 9.99 8.19
4.69 3.47 9.32 7.79
4.81 3.45 9.44 7.89
4.76 3.49 9.44 7.93
4.75 3.27 9.88 8.15
4.77 3.71 9.45 8.16
4.78 3.38 9.46 7.84
4.8 3.89 9.14 8.03
4.82 3.59 9.22 7.81
4.72 2.85 10.12 7.97
4.72 3.48 9.32 7.8
4.73 3.33 9.54 7.87
4.8 3.53 9.44 7.97
4.66 3.1 10.03 8.13
4.78 3.39 9.52 7.91
4.75 3.51 9.29 7.8
4.73 3.32 9.99 8.31
4.69 3.13 9.49 7.62
4.82 3.29 9.82 8.11
4.76 3.5 9.27 7.77
4.83 3.61 9.09 7.7
4.8 3.43 9.66 8.09
4.84 4.17 8.62 7.79
4.81 3.21 9.12 7.33
4.83 3.72 9.45 8.17
4.84 3.47 9.85 8.32
4.77 3.11 9.6 7.71
4.81 3.52 9.16 7.68
4.79 3.1 9.28 7.38
4.71 3.51 9.55 8.06
4.7 3.62 9.53 8.15
4.66 3.57 9.3 7.87
4.62 3.37 9.69 8.06
4.65 3.13 9.84 7.97
4.73 3.45 9.19 7.64
4.57 2.96 10.0 7.96
4.8 3.31 9.26 7.57
4.77 3.41 9.62 8.03
4.75 3.8 9.13 7.93
4.7 3.3 9.38 7.68
4.75 3.4 9.5 7.9
4.79 3.77 8.46 7.23
4.71 3.61 9.71 8.32
4.76 3.31 10.03 8.34
4.78 3.55 9.19 7.74
4.7 2.96 9.99 7.95
4.85 4.0 9.0 8.0
4.78 3.08 9.55 7.63
4.73 3.5 9.62 8.12
4.73 2.91 9.89 7.8
4.75 3.51 9.5 8.01
4.73 3.52 9.28 7.8
4.76 3.47 9.34 7.81
4.71 3.66 9.89 8.55
4.72 3.04 9.42 7.46
4.84 3.38 9.53 7.91
4.68 3.61 9.67 8.28
4.71 2.9 10.34 8.24
4.77 3.81 8.74 7.55
4.71 3.02 10.3 8.32
4.67 3.37 9.58 7.95
4.76 3.52 9.57 8.09
4.78 3.81 9.19 8.0
4.77 3.47 9.19 7.66
4.81 3.61 9.44 8.05
4.71 3.07 10.04 8.11
4.83 3.25 10.05 8.3
4.73 3.74 9.42 8.16
4.78 3.6 9.83 8.43
4.76 3.59 9.16 7.75
4.72 3.06 9.58 7.64
4.8 3.51 9.62 8.13
4.77 2.92 10.06 7.98
4.78 3.35 9.69 8.04
4.74 3.55 9.12 7.67
4.71 3.27 9.67 7.94
4.79 3.45 9.64 8.09
4.74 3.94 8.97 7.91
4.65 3.47 9.74 8.21
4.73 3.47 9.21 7.68
4.72 3.53 9.9 8.43
4.74 3.33 9.57 7.9
4.79 3.28 9.74 8.02
4.74 3.27 9.72 7.99
4.75 3.23 9.75 7.98
4.73 3.32 9.59 7.91
4.71 3.89 9.32 8.21
4.74 3.47 9.5 7.97
4.83 3.69 9.64 8.33
4.72 3.42 9.51 7.93
4.8 3.89 9.2 8.09
4.79 3.69 8.98 7.67
4.75 2.94 10.14 8.08
4.75 3.53 9.32 7.85
4.82 3.51 9.39 7.9
4.74 3.48 9.69 8.17
4.78 3.13 10.01 8.14
4.77 3.2 9.73 7.93
4.63 3.26 10.3 8.56
4.76 3.68 8.88 7.56
4.68 3.29 9.65 7.94
4.69 3.66 9.74 8.4
4.81 3.31 9.64 7.95
4.74 3.12 10.03 8.15
4.76 3.35 9.49 7.84
4.86 3.47 9.25 7.72
4.74 3.27 9.24 7.51
4.63 3.59 9.33 7.92
4.73 3.32 9.9 8.22
4.69 3.36 9.41 7.77
4.78 3.48 9.79 8.27
4.73 4.02 9.11 8.13
4.77 3.78 9.18 7.96
4.71 3.3 9.52 7.82
4.69 3.62 8.88 7.5
4.72 3.4 9.86 8.26
4.66 3.4 9.7 8.1
4.67 3.97 9.52 8.49
4.71 3.48 9.61 8.09
4.82 3.66 9.25 7.91
4.76 3.62 9.23 7.85
4.81 3.77 9.24 8.01
4.81 3.76 9.25 8.01
4.75 3.19 9.29 7.48
4.78 3.7 9.11 7.81
4.75 3.44 9.93 8.37
4.79 3.17 9.61 7.78
4.79 3.38 9.65 8.03
4.78 4.2 8.41 7.61
4.71 3.41 9.78 8.19
4.76 3.6 9.6 8.2
4.72 3.66 9.51 8.17
4.83 3.53 8.95 7.48
4.79 3.3 9.69 7.99
4.72 3.6 9.58 8.18
4.77 3.69 9.13 7.82
4.84 3.67 9.54 8.21
4.83 3.44 9.19 7.63
4.75 3.57 9.22 7.79
4.66 2.95 10.09 8.04
4.86 3.22 9.34 7.56
4.69 3.54 9.85 8.39
4.72 3.5 9.28 7.78
4.72 2.96 10.36 8.32
4.83 3.69 9.26 7.95
4.68 3.85 9.62 8.47
4.73 3.04 9.72 7.76
4.81 3.3 9.73 8.03
4.76 3.71 9.18 7.89
4.8 3.17 9.34 7.51
4.68 3.21 9.48 7.69
4.67 3.34 9.8 8.14
4.77 3.45 9.33 7.78
4.64 2.84 9.85 7.69
4.71 3.64 9.05 7.69
4.64 3.3 9.57 7.87
4.83 3.16 9.36 7.52
4.75 3.39 9.59 7.98
4.62 2.98 10.46 8.44
4.73 3.4 9.36 7.76
4.8 3.38 9.5 7.88
4.69 3.23 9.29 7.52
4.75 3.57 10.03 8.6
4.78 3.12 9.41 7.53
4.88 4.49 8.29 7.78
4.68 3.44 9.99 8.43
4.85 3.86 9.27 8.13
4.79 3.89 8.63 7.52
4.78 3.64 9.44 8.08
4.75 3.89 9.25 8.14
4.76 3.53 9.56 8.09
4.65 3.28 10.43 8.71
4.71 3.48 9.95 8.43
4.73 3.47 9.26 7.73
4.73 3.5 9.24 7.74
4.77 3.68 9.12 7.8
4.78 3.63 9.24 7.87
4.75 2.89 10.14 8.03
4.66 3.36 9.89 8.25
4.73 3.62 9.16 7.78
4.74 3.69 9.25 7.94
4.75 3.53 9.66 8.19
4.76 4.03 9.59 8.62
4.74 3.1 9.71 7.81
4.85 3.58 9.31 7.89
4.7 3.28 9.38 7.66
4.73 3.59 9.35 7.94
4.7 3.58 9.7 8.28
4.83 4.16 8.74 7.9
4.82 3.71 9.39 8.1
4.68 3.03 9.73 7.76
4.77 3.39 9.37 7.76
4.71 3.01 10.71 8.72
4.65 3.11 9.63 7.74
4.77 3.36 9.46 7.82
4.84 3.83 9.01 7.84
4.75 3.67 8.97 7.64
4.58 2.9 9.73 7.63
4.78 3.72 8.87 7.59
4.79 4.04 9.17 8.21
4.78 3.5 9.41 7.91
4.83 3.64 9.14 7.78
4.8 3.56 9.55 8.11
4.69 3.03 9.91 7.94
4.83 3.27 9.79 8.06
4.74 3.56 9.26 7.82
4.86 3.81 9.17 7.98
4.66 3.27 9.72 7.99
4.74 3.49 9.68 8.17
4.65 3.21 10.09 8.3
4.79 3.36 9.55 7.91
4.75 3.43 9.39 7.82
4.79 3.51 9.02 7.53
4.72 3.23 9.65 7.88
4.76 3.79 8.9 7.69
4.81 3.1 9.72 7.82
4.78 3.38 9.7 8.08
4.8 3.42 9.73 8.15
4.72 4.0 9.19 8.19
4.65 3.41 9.75 8.16
4.83 3.36 10.13 8.49
4.82 3.58 9.34 7.92
4.77 3.28 9.75 8.03
4.66 3.52 9.88 8.4
4.78 3.19 9.82 8.01
4.71 3.07 10.01 8.08
4.87 3.72 9.15 7.87
4.75 3.53 9.39 7.92
4.67 3.11 10.06 8.17
4.78 3.32 9.87 8.19
4.66 2.88 10.16 8.04
4.74 3.32 10.2 8.52
4.81 3.44 9.59 8.03
4.72 3.27 9.33 7.6
4.74 3.41 9.72 8.13
4.78 4.14 8.96 8.1
4.81 3.67 8.84 7.51
4.74 3.14 9.96 8.1
4.83 3.33 9.58 7.91
4.8 3.31 9.59 7.9
4.75 3.1 9.85 7.95
4.82 3.25 9.74 7.99
4.69 3.18 9.78 7.96
4.7 3.19 9.39 7.58
4.7 3.05 10.12 8.17
4.77 3.16 9.84 8.0
4.68 3.48 9.17 7.65
4.79 3.36 9.4 7.76
4.73 3.53 9.81 8.34
4.76 3.26 9.74 8.0
4.79 3.55 9.51 8.06
4.76 3.38 9.78 8.16
4.75 3.25 10.05 8.3
4.7 3.63 9.46 8.09
4.77 3.51 9.72 8.23
4.76 3.51 9.41 7.92
4.76 3.43 9.7 8.13
4.72 3.01 10.28 8.29
4.8 3.64 9.6 8.24
4.85 3.28 9.62 7.9
4.76 3.39 9.77 8.16
4.84 3.69 9.44 8.13
4.7 3.44 9.8 8.24
4.74 3.16 10.15 8.31
4.84 4.06 8.46 7.52
4.82 3.48 9.62 8.1
4.77 3.42 9.47 7.89
4.75 3.17 9.38 7.55
4.76 3.4 9.41 7.81
4.63 3.38 10.0 8.38
4.65 2.92 10.04 7.96
4.66 3.35 9.45 7.8
4.79 3.15 9.23 7.38
4.76 3.66 9.09 7.75
4.74 3.26 9.49 7.75
4.73 3.09 10.03 8.12
4.81 3.19 9.63 7.82
4.75 3.54 9.6 8.14
4.76 3.28 9.82 8.1
4.84 3.85 8.8 7.65
4.77 3.65 9.77 8.42
4.79 3.3 9.64 7.94
4.73 3.23 9.76 7.99
4.83 3.58 9.67 8.25
4.72 3.19 9.86 8.05
4.71 3.36 9.93 8.29
4.52 3.23 10.29 8.52
4.75 3.47 9.39 7.86
4.73 3.39 9.65 8.04
4.72 3.13 10.15 8.28
4.75 3.21 9.78 7.99
4.79 3.39 9.41 7.8
4.71 3.26 9.88 8.14
4.73 3.98 9.28 8.26
4.81 3.35 9.26 7.61
4.71 3.34 9.88 8.22
4.83 3.88 9.0 7.88
4.79 4.05 8.58 7.63
4.74 3.32 9.32 7.64
4.76 3.8 9.42 8.22
4.77 3.78 9.03 7.81
4.71 3.55 9.48 8.03
4.84 3.83 9.25 8.08
4.69 3.07 10.08 8.15
4.81 3.82 9.12 7.94
4.85 3.8 9.15 7.95
4.76 3.96 8.78 7.74
4.71 3.5 9.56 8.06
4.8 3.75 9.21 7.96
4.78 3.94 9.02 7.96
4.77 3.68 9.07 7.75
4.71 3.0 9.78 7.78
4.85 3.9 9.19 8.09
4.59 3.42 9.8 8.22
4.64 3.27 10.05 8.32
4.83 3.43 9.13 7.56
4.73 3.17 9.89 8.06
4.74 3.43 9.38 7.81
4.75 3.4 9.42 7.82
4.72 3.74 9.66 8.4
4.76 3.49 9.3 7.79
4.65 3.6 9.71 8.31
4.84 3.33 9.4 7.73
4.82 3.34 10.02 8.36
4.77 3.54 9.2 7.74
4.79 3.29 9.4 7.69
4.79 2.92 10.01 7.93
4.85 3.27 9.11 7.38
4.78 3.63 9.91 8.54
4.77 3.11 9.52 7.63
4.73 3.17 9.92 8.09
4.71 3.5 9.27 7.77
4.83 3.86 9.08 7.94
4.74 3.59 9.22 7.81
4.77 3.59 9.17 7.76
4.7 3.36 9.57 7.93
4.73 3.77 9.15 7.92
4.68 4.09 9.39 8.48
4.71 3.32 9.5 7.82
4.73 3.97 9.22 8.19
4.64 3.08 10.11 8.19
4.75 3.43 9.67 8.1
4.76 3.49 9.38 7.87
4.76 3.38 9.63 8.01
4.68 3.4 9.98 8.38
4.71 3.82 8.93 7.75
4.73 3.03 10.12 8.15
4.74 3.5 9.34 7.84
4.84 3.58 9.37 7.95
4.83 3.57 9.12 7.69
4.76 3.73 9.29 8.02
4.71 3.64 9.52 8.16
4.77 3.31 9.46 7.77
4.78 3.48 9.74 8.22
4.62 3.26 9.34 7.6
4.72 3.3 9.35 7.65
4.84 3.72 8.86 7.58
4.7 3.17 9.76 7.93
4.74 3.08 9.76 7.84
4.74 3.39 9.56 7.95
4.77 3.68 9.05 7.73
4.69 3.16 9.92 8.08
4.76 3.46 9.77 8.23
4.79 3.22 9.9 8.12
4.8 3.01 9.56 7.57
4.74 3.49 9.21 7.7
4.75 3.44 9.86 8.3
4.77 3.41 9.43 7.84
4.67 3.17 9.89 8.06
4.84 3.74 9.05 7.79
4.79 3.57 9.47 8.04
4.77 3.82 9.21 8.03
4.78 3.81 9.25 8.06
4.74 3.26 9.27 7.53
4.75 3.28 9.61 7.89
4.82 3.22 9.36 7.58
4.73 3.84 8.93 7.77
4.71 3.25 9.95 8.2
4.74 3.93 9.3 8.23
4.78 3.47 8.82 7.29
4.7 3.62 9.08 7.7
4.79 3.28 9.68 7.96
4.75 3.64 9.3 7.94
4.77 3.26 9.36 7.62
4.73 3.38 9.42 7.8
4.82 3.74 9.27 8.01
4.79 3.37 9.46 7.83
4.75 3.51 9.36 7.87
4.75 3.5 9.61 8.11
4.78 3.31 9.54 7.85
4.68 3.35 9.64 7.99
4.69 3.62 9.57 8.19
4.78 3.53 9.25 7.78
4.71 3.33 9.76 8.09
4.81 3.41 9.26 7.67
4.74 3.42 9.41 7.83
4.73 3.61 9.19 7.8
4.72 3.85 9.33 8.18
4.76 3.92 8.74 7.66
4.76 3.62 9.18 7.8
4.76 3.37 9.17 7.54
4.79 3.48 9.49 7.97
4.79 3.06 9.74 7.8
4.64 3.06 10.32 8.38
4.8 3.36 9.5 7.86
4.63 3.06 9.97 8.03
4.79 3.79 8.71 7.5
4.72 3.41 9.9 8.31
4.69 3.08 9.64 7.72
4.7 3.61 9.55 8.16
4.84 3.87 9.47 8.34
4.64 3.02 10.18 8.2
4.76 2.96 9.64 7.6
4.71 3.8 8.93 7.73
4.76 3.63 8.88 7.51
4.83 3.54 9.01 7.55
4.85 3.98 8.98 7.96
4.73 3.4 9.67 8.07
4.8 3.58 9.22 7.8
4.83 3.76 9.48 8.24
4.77 3.59 9.17 7.76
4.77 3.61 9.2 7.81
4.67 3.4 9.62 8.02
4.73 3.11 9.74 7.85
4.8 3.55 9.03 7.58
4.7 2.97 10.16 8.13
4.67 3.22 9.85 8.07
4.73 3.51 9.86 8.37
4.84 3.43 9.34 7.77
4.85 3.67 9.28 7.95
4.69 3.28 10.06 8.34
4.82 3.61 9.34 7.95
4.58 3.17 10.43 8.6
4.7 3.59 9.43 8.02
4.8 3.01 10.05 8.06
4.73 3.31 10.04 8.35
4.7 3.13 10.49 8.62
4.78 3.25 9.45 7.7
4.81 3.41 9.57 7.98
4.87 3.46 9.32 7.78
4.73 3.47 9.63 8.1
4.79 3.94 8.9 7.84
4.78 3.78 9.33 8.11
4.74 3.56 9.2 7.76
4.8 3.4 9.67 8.07
4.72 3.85 8.98 7.83
4.78 3.17 9.74 7.91
4.81 3.62 9.32 7.94
4.75 3.53 9.35 7.88
4.8 3.25 9.71 7.96
4.82 3.63 9.07 7.7
4.86 3.81 8.93 7.74
4.81 3.45 9.3 7.75
4.71 3.01 9.84 7.85
4.75 3.73 8.64 7.37
4.73 3.69 9.5 8.19
4.78 3.44 9.77 8.21
4.77 3.42 9.37 7.79
4.73 3.38 9.33 7.71
4.79 3.62 8.74 7.36
4.74 3.78 9.6 8.38
4.79 3.6 9.65 8.25
4.71 3.32 9.87 8.19
4.83 3.82 9.21 8.03
4.75 3.21 10.0 8.21
4.73 3.55 9.61 8.16
4.71 3.38 9.64 8.02
4.69 3.15 9.9 8.05
4.67 3.1 9.85 7.95
4.84 3.48 9.35 7.83
4.73 3.4 9.64 8.04
4.83 3.52 9.28 7.8
4.77 3.45 9.57 8.02
4.77 3.18 9.28 7.46
4.78 3.46 8.85 7.31
4.8 3.41 9.69 8.1
4.69 3.19 9.89 8.08
4.76 3.16 9.86 8.02
4.71 3.09 9.9 7.99
4.81 3.56 9.59 8.15
4.8 3.64 8.96 7.6
4.82 3.34 9.28 7.62
4.68 3.08 9.63 7.71
4.8 4.16 9.03 8.19
4.77 3.73 9.18 7.91
4.71 3.03 10.1 8.13
4.72 3.12 9.91 8.03
4.72 3.21 9.35 7.56
4.79 3.49 9.34 7.83
4.71 3.49 9.77 8.26
4.71 3.11 9.52 7.63
4.75 3.28 10.39 8.67
4.82 3.57 8.78 7.35
4.73 3.19 10.21 8.4
4.81 3.32 9.23 7.55
4.67 3.28 9.95 8.23
4.69 3.79 9.45 8.24
4.79 3.57 9.3 7.87
4.76 3.54 9.56 8.1
4.77 3.57 9.45 8.02
4.72 3.19 9.86 8.05
4.85 3.84 8.66 7.5
4.81 3.56 9.13 7.69
4.7 3.37 9.36 7.73
4.74 3.24 10.13 8.37
4.81 3.07 10.09 8.16
4.82 3.59 9.25 7.84
4.76 3.49 9.37 7.86
4.72 3.23 9.84 8.07
4.81 3.96 8.74 7.7
4.88 3.87 8.77 7.64
4.66 3.15 9.91 8.06
4.66 3.51 9.92 8.43
4.8 3.66 9.63 8.29
4.78 3.48 9.44 7.92
4.66 3.23 10.04 8.27
4.74 3.72 9.47 8.19
4.79 3.73 9.48 8.21
4.74 3.38 9.57 7.95
4.83 3.55 9.42 7.97
4.76 3.37 9.09 7.46
4.68 2.96 10.22 8.18
4.65 3.64 9.4 8.04
4.77 3.63 9.17 7.8
4.7 3.7 9.58 8.28
4.71 3.28 9.42 7.7
4.74 2.88 10.11 7.99
4.68 3.27 9.8 8.07
4.79 3.54 9.47 8.01
4.74 3.31 9.78 8.09
4.77 3.7 9.18 7.88
4.67 3.27 10.47 8.74
4.65 3.78 8.94 7.72
4.73 3.48 9.23 7.71
4.85 3.68 9.15 7.83
4.82 2.86 10.1 7.96
4.76 2.81 10.11 7.92
4.74 3.14 10.12 8.26
4.77 3.35 9.96 8.31
4.74 3.64 9.29 7.93
4.73 3.61 9.82 8.43
4.68 3.43 9.75 8.18
4.79 3.32 9.39 7.71
4.8 3.33 9.36 7.69
4.81 3.55 9.75 8.3
4.71 3.53 9.24 7.77
4.61 2.7 10.24 7.94
4.86 3.66 8.86 7.52
4.77 3.23 9.47 7.7
4.79 3.47 9.67 8.14
4.72 3.99 9.12 8.11
4.78 3.4 9.3 7.7
4.72 3.22 9.74 7.96
4.83 3.16 9.66 7.82
4.74 3.56 9.31 7.87
4.71 3.3 9.84 8.14
4.62 3.22 10.29 8.51
4.75 3.63 9.55 8.18
4.71 3.06 9.92 7.98
4.69 2.91 9.86 7.77
4.69 3.8 9.58 8.38
4.84 3.83 9.05 7.88
4.76 3.43 9.55 7.98
4.81 3.27 10.1 8.37
4.82 2.92 10.28 8.2
4.71 3.03 9.87 7.9
4.69 3.47 9.98 8.45
4.82 3.95 9.27 8.22
4.78 3.45 9.77 8.22
4.76 3.48 9.42 7.9
4.76 3.29 9.52 7.81
4.69 3.65 9.45 8.1
4.72 3.69 9.06 7.75
4.74 3.12 9.96 8.08
4.8 3.65 9.28 7.93
4.69 3.17 9.77 7.94
4.87 3.35 9.46 7.81
4.8 3.55 9.15 7.7
4.72 3.13 9.49 7.62
4.76 3.35 9.65 8.0
4.85 3.58 9.04 7.62
4.77 3.43 9.39 7.82
4.81 3.45 9.42 7.87
4.76 3.61 9.56 8.17
4.74 3.08 10.33 8.41
4.77 3.55 9.72 8.27
4.79 3.35 9.58 7.93
4.75 3.43 8.99 7.42
4.73 3.23 10.14 8.37
4.79 3.46 9.08 7.54
4.81 3.69 9.05 7.74
4.77 3.8 8.89 7.69
4.79 3.76 9.42 8.18
4.73 3.18 10.1 8.28
4.74 3.74 9.58 8.32
4.77 3.35 9.72 8.07
4.74 3.45 9.45 7.9
4.82 3.7 9.62 8.32
4.75 3.64 9.27 7.91
4.7 3.31 9.51 7.82
4.77 3.45 9.38 7.83
4.75 3.5 9.22 7.72
4.77 3.48 9.79 8.27
4.71 3.34 9.57 7.91
4.76 3.19 10.44 8.63
4.78 3.18 9.56 7.74
4.67 3.51 9.88 8.39
4.7 3.53 9.65 8.18
4.7 3.31 9.6 7.91
4.85 3.7 9.13 7.83
4.7 3.44 9.88 8.32
4.81 3.73 8.81 7.54
4.83 3.47 9.39 7.86
4.71 3.07 9.96 8.03
4.7 3.14 9.67 7.81
4.71 3.1 9.78 7.88
4.82 3.7 9.28 7.98
4.68 3.25 9.63 7.88
4.77 2.99 10.2 8.19
4.79 3.2 10.23 8.43
4.64 2.91 9.87 7.78
4.72 3.5 9.51 8.01
4.73 3.15 9.52 7.67
4.84 3.86 9.1 7.96
4.74 3.27 9.45 7.72
4.72 3.05 9.9 7.95
4.87 3.11 9.53 7.64
4.68 3.32 9.75 8.07
4.83 3.69 8.84 7.53
4.85 3.69 9.48 8.17
4.8 3.52 9.21 7.73
4.81 3.67 9.48 8.15
4.74 3.7 9.38 8.08
4.76 3.67 9.54 8.21
4.78 3.46 9.27 7.73
4.62 3.14 9.88 8.02
4.71 3.78 9.28 8.06
4.74 3.49 9.45 7.94
4.76 3.68 9.47 8.15
4.77 3.18 9.89 8.07
4.71 3.49 9.39 7.88
4.81 3.46 9.72 8.18
4.63 3.14 9.68 7.82
4.7 3.15 10.2 8.35
4.69 3.1 9.83 7.93
4.7 3.24 9.68 7.92
4.7 3.49 9.33 7.82
4.69 3.35 10.05 8.4
4.7 3.47 9.43 7.9
4.75 3.36 9.63 7.99
4.77 3.68 9.49 8.17
4.73 2.98 10.53 8.51
4.82 3.82 9.26 8.08
4.74 3.35 9.13 7.48
4.78 4.05 9.18 8.23
4.82 3.57 9.35 7.92
4.72 3.4 9.49 7.89
4.7 3.28 9.93 8.21
4.67 3.45 9.76 8.21
4.72 3.06 9.96 8.02
4.7 3.38 9.41 7.79
4.8 3.79 9.05 7.84
4.77 4.06 8.39 7.45
4.77 3.29 9.7 7.99
4.71 3.33 9.96 8.29
4.77 3.5 9.56 8.06
4.5 3.47 9.82 8.29
4.79 3.43 9.22 7.65
4.86 3.42 9.27 7.69
4.75 3.43 9.81 8.24
4.78 3.92 9.11 8.03
4.8 3.55 9.48 8.03
4.76 3.61 9.57 8.18
4.77 3.22 9.8 8.02
4.8 3.83 9.08 7.91
4.78 3.09 9.46 7.55
4.69 3.12 10.01 8.13
4.61 2.96 10.0 7.96
4.74 3.62 9.41 8.03
4.75 3.82 9.33 8.15
4.76 3.17 9.57 7.74
4.75 2.97 10.43 8.4
4.84 3.93 9.25 8.18
4.74 3.17 9.57 7.74
4.7 3.26 9.77 8.03
4.76 3.18 9.87 8.05
4.77 3.11 9.94 8.05
4.71 3.63 9.24 7.87
4.74 3.65 9.27 7.92
4.69 2.94 10.72 8.66
4.77 3.71 9.34 8.05
4.76 3.69 9.32 8.01
4.75 3.46 9.46 7.92
4.76 3.68 9.6 8.28
4.83 3.73 9.44 8.17
4.69 3.49 9.28 7.77
4.75 3.15 9.5 7.65
4.71 3.56 9.64 8.2
4.76 3.66 9.26 7.92
4.75 3.51 9.75 8.26
4.69 3.93 9.27 8.2
4.85 3.79 8.96 7.75
4.72 3.33 9.76 8.09
4.67 3.28 9.83 8.11
4.75 3.47 9.83 8.3
4.82 3.28 9.67 7.95
4.7 3.34 9.74 8.08
4.81 3.37 9.57 7.94
4.81 3.05 9.63 7.68
4.7 3.29 9.31 7.6
4.7 3.7 9.36 8.06
4.75 3.25 9.68 7.93
4.8 3.64 9.38 8.02
4.72 3.8 9.01 7.81
4.69 3.36 9.8 8.16
4.74 3.4 9.64 8.04
4.76 3.7 8.98 7.68
4.72 3.08 10.01 8.09
4.78 3.52 9.46 7.98
4.66 3.51 9.66 8.17
4.71 3.52 9.49 8.01
4.84 3.83 8.93 7.76
4.71 3.5 9.67 8.17
4.75 3.37 9.68 8.05
4.73 3.75 9.04 7.79
4.77 3.14 9.8 7.94
4.74 3.67 9.51 8.18
4.72 3.53 9.39 7.92
4.68 3.43 9.24 7.67
4.73 3.24 9.66 7.9
4.63 3.39 9.97 8.36
4.67 3.4 9.78 8.18
4.82 3.44 9.61 8.05
4.8 3.05 9.53 7.58
4.76 3.43 9.65 8.08
4.63 2.99 10.36 8.35
4.82 3.23 9.73 7.96
4.75 3.28 10.09 8.37
4.76 3.49 9.51 8.0
4.72 3.62 9.84 8.46
4.74 3.87 8.96 7.83
4.8 3.53 9.58 8.11
4.76 3.7 9.03 7.73
4.71 3.27 9.8 8.07
4.82 3.97 9.37 8.34
4.64 3.39 9.49 7.88
4.71 3.31 9.86 8.17
4.7 3.41 9.81 8.22
4.62 3.21 10.14 8.35
4.74 3.16 9.44 7.6
4.71 3.56 9.14 7.7
4.72 3.53 9.55 8.08
4.73 3.12 9.82 7.94
4.82 3.85 9.11 7.96
4.68 3.08 9.77 7.85
4.84 3.58 9.33 7.91
4.8 3.82 9.36 8.18
4.8 3.24 9.55 7.79
4.7 3.19 9.8 7.99
4.76 3.5 9.82 8.32
4.69 2.75 10.65 8.4
4.77 3.21 10.02 8.23
4.71 3.09 9.95 8.04
4.86 4.01 9.1 8.11
4.66 3.09 9.9 7.99
4.74 3.58 9.52 8.1
4.66 3.82 8.99 7.81
4.77 3.48 9.66 8.14
4.8 3.48 10.23 8.71
4.76 3.89 9.27 8.16
4.67 3.39 9.68 8.07
4.69 3.24 9.65 7.89
4.74 2.97 9.68 7.65
4.76 3.28 10.08 8.36
4.87 3.78 9.09 7.87
4.77 3.96 8.84 7.8
4.71 3.33 9.4 7.73
4.74 3.55 9.28 7.83
4.78 3.46 9.91 8.37
4.76 3.39 9.25 7.64
4.75 3.62 9.99 8.61
4.78 3.74 9.38 8.12
4.81 4.19 9.21 8.4
4.77 3.06 9.81 7.87
4.78 3.48 8.98 7.46
4.73 3.53 9.71 8.24
4.75 3.66 9.55 8.21
4.77 3.9 8.7 7.6
4.68 3.28 9.57 7.85
4.69 3.52 9.33 7.85
4.8 3.76 9.6 8.36
4.74 3.37 10.09 8.46
4.72 3.5 9.53 8.03
4.8 3.77 8.82 7.59
4.78 3.74 8.75 7.49
4.81 3.39 9.59 7.98
4.68 3.13 9.77 7.9
4.71 2.99 9.93 7.92
4.79 3.37 9.78 8.15
4.75 3.26 9.99 8.25
4.77 3.44 9.39 7.83
4.64 3.23 9.98 8.21
4.74 3.48 9.3 7.78
4.82 3.58 9.15 7.73
4.78 3.14 10.14 8.28
4.84 3.64 9.97 8.61
4.76 3.81 9.33 8.14
4.69 3.62 9.3 7.92
4.77 3.12 9.49 7.61
4.83 3.54 9.15 7.69
4.75 3.62 8.98 7.6
4.72 3.17 9.75 7.92
4.76 3.89 8.88 7.77
4.67 2.87 10.21 8.08
4.81 3.42 9.74 8.16
4.74 3.34 9.79 8.13
4.79 3.27 9.43 7.7
4.77 3.45 9.57 8.02
4.75 3.58 9.52 8.1
4.8 3.2 10.13 8.33
4.72 3.21 9.74 7.95
4.78 3.15 10.07 8.22
4.78 3.34 9.35 7.69
4.77 3.59 9.54 8.13
4.73 3.34 10.28 8.62
4.72 3.48 9.77 8.25
4.79 3.55 9.23 7.78
4.78 3.69 9.9 8.59
4.72 3.31 9.9 8.21
4.75 3.56 9.17 7.73
4.71 3.55 9.47 8.02
4.78 3.79 8.86 7.65
4.63 3.41 9.96 8.37
4.73 3.49 9.95 8.44
4.8 3.66 9.22 7.88
4.77 3.4 9.72 8.12
4.79 3.72 9.01 7.73
4.76 3.3 9.56 7.86
4.73 3.29 9.64 7.93
4.65 2.94 9.71 7.65
4.79 3.52 9.32 7.84
4.73 3.68 9.56 8.24
4.72 3.6 9.3 7.9
4.76 3.24 9.21 7.45
4.75 3.19 9.76 7.95
4.85 3.59 9.23 7.82
4.77 3.55 9.12 7.67
4.64 3.07 9.93 8.0
4.78 4.11 8.9 8.01
4.78 3.66 9.04 7.7
4.74 3.45 9.71 8.16
4.72 3.33 9.83 8.16
4.71 3.83 9.34 8.17
4.71 3.78 9.21 7.99
4.77 3.49 9.88 8.37
4.84 4.29 8.72 8.01
4.84 3.68 9.15 7.83
4.79 3.02 10.06 8.08
4.69 3.37 9.72 8.09
4.71 3.38 9.83 8.21
4.84 3.8 8.73 7.53
4.71 3.2 10.05 8.25
4.68 3.06 9.86 7.92
4.8 3.5 9.25 7.75
4.64 3.19 10.0 8.19
4.7 3.46 9.59 8.05
4.7 3.4 10.26 8.66
4.71 3.48 9.34 7.82
4.75 3.27 9.72 7.99
4.74 3.2 9.62 7.82
4.72 3.11 9.94 8.05
4.68 3.63 9.26 7.89
4.75 3.79 9.1 7.89
4.7 3.05 9.86 7.91
4.7 2.96 9.99 7.95
4.75 3.65 9.3 7.95
4.72 3.24 10.33 8.57
4.66 3.09 9.86 7.95
4.76 3.34 10.08 8.42
4.72 3.1 9.81 7.91
4.81 3.74 8.92 7.66
4.77 3.73 9.52 8.25
4.77 3.61 9.28 7.89
4.83 3.16 10.01 8.17
4.72 3.54 9.69 8.23
4.72 3.45 9.55 8.0
4.72 3.33 9.5 7.83
4.76 3.5 10.05 8.55
4.87 3.66 9.46 8.12
4.77 3.7 9.77 8.47
4.82 4.01 9.1 8.11
4.77 3.35 9.89 8.24
4.81 3.35 9.67 8.02
4.7 3.56 9.45 8.01
4.76 3.34 9.27 7.61
4.78 3.27 9.53 7.8
4.75 3.45 9.71 8.16
4.68 3.58 9.71 8.29
4.7 3.71 9.83 8.54
4.76 3.71 8.8 7.51
4.75 3.52 8.87 7.39
4.77 3.64 9.44 8.08
4.74 3.14 9.82 7.96
4.77 3.49 9.52 8.01
4.73 3.17 9.73 7.9
4.71 3.51 9.16 7.67
4.77 3.11 9.7 7.81
4.81 3.31 9.08 7.39
4.81 3.73 9.34 8.07
4.7 3.67 9.45 8.12
4.76 3.7 9.11 7.81
4.62 3.63 9.38 8.01
4.76 3.51 9.31 7.82
4.86 3.64 9.53 8.17
4.69 3.64 9.14 7.78
4.74 3.65 9.5 8.15
4.73 2.67 10.22 7.89
4.7 3.11 9.54 7.65
4.79 3.39 9.71 8.1
4.71 3.24 9.5 7.74
4.79 3.2 9.69 7.89
4.77 3.43 9.97 8.4
4.79 3.58 9.5 8.08
4.72 3.05 10.1 8.15
4.78 3.66 9.31 7.97
4.81 3.39 9.8 8.19
4.7 3.24 9.95 8.19
4.73 3.41 9.79 8.2
4.74 3.79 9.68 8.47
4.74 3.36 9.67 8.03
4.79 3.86 9.59 8.45
4.75 4.01 8.86 7.87
4.82 3.37 9.47 7.84
4.78 3.53 9.48 8.01
4.75 3.33 9.56 7.89
4.73 3.25 10.01 8.26
4.66 3.83 9.27 8.1
4.8 3.43 9.84 8.27
4.77 3.98 9.69 8.67
4.75 3.22 9.91 8.13
4.81 3.28 9.47 7.75
4.79 3.59 9.41 8.0
4.76 3.57 9.5 8.07
4.7 3.41 9.8 8.21
4.82 3.69 9.03 7.72
4.73 3.33 9.91 8.24
4.68 3.15 9.91 8.06
4.75 3.23 9.21 7.44
4.81 3.6 9.48 8.08
4.79 3.75 9.59 8.34
4.75 3.42 9.43 7.85
4.69 3.16 9.91 8.07
4.78 3.43 9.44 7.87
4.77 3.34 9.49 7.83
4.81 3.2 9.31 7.51
4.75 3.26 9.39 7.65
4.75 3.61 9.54 8.15
4.78 3.45 8.95 7.4
4.79 3.21 9.59 7.8
4.6 3.23 10.26 8.49
4.64 3.33 9.84 8.17
4.77 3.63 9.74 8.37
4.87 3.61 9.21 7.82
4.63 3.17 9.79 7.96
4.78 3.45 9.35 7.8
4.74 3.85 9.22 8.07
4.8 3.56 9.75 8.31
4.79 3.3 9.98 8.28
4.82 3.42 9.87 8.29
4.71 3.2 9.88 8.08
4.77 3.59 9.84 8.43
4.73 3.27 9.95 8.22
4.72 3.21 9.89 8.1
4.74 3.6 9.17 7.77
4.74 3.31 9.75 8.06
4.67 2.97 10.43 8.4
4.72 3.3 9.54 7.84
4.77 3.8 9.17 7.97
4.73 3.19 9.65 7.84
4.83 3.47 9.12 7.59
4.73 3.33 9.53 7.86
4.73 3.21 9.87 8.08
4.7 3.53 9.97 8.5
4.66 3.42 9.31 7.73
4.8 3.4 9.47 7.87
4.64 3.57 9.65 8.22
4.78 3.32 9.85 8.17
4.7 3.43 9.74 8.17
4.68 3.4 9.58 7.98
4.78 3.32 9.7 8.02
4.7 3.03 10.03 8.06
4.74 3.38 9.46 7.84
4.76 3.2 9.63 7.83
4.9 3.72 9.04 7.76
4.77 4.01 9.44 8.45
4.79 3.19 9.93 8.12
4.78 3.48 9.5 7.98
4.72 3.29 9.55 7.84
4.78 3.96 8.58 7.54
4.74 3.47 9.47 7.94
4.71 3.46 9.55 8.01
4.7 3.24 9.85 8.09
4.76 3.46 9.65 8.11
4.81 3.71 9.09 7.8
4.63 3.28 10.26 8.54
4.57 3.28 10.24 8.52
4.59 3.48 9.76 8.24
4.71 3.34 9.98 8.32
4.81 3.12 10.24 8.36
4.73 3.21 9.93 8.14
4.8 4.01 8.66 7.67
4.73 3.56 9.54 8.1
4.7 3.09 10.09 8.18
4.69 3.47 9.9 8.37
4.76 3.23 9.68 7.91
4.7 3.54 9.81 8.35
4.79 3.87 8.81 7.68
4.81 3.86 9.19 8.05
4.75 3.79 9.19 7.98
4.7 3.31 9.84 8.15
4.74 3.47 9.62 8.09
4.83 3.38 9.89 8.27
4.72 3.42 9.29 7.71
4.74 3.32 9.6 7.92
4.74 3.77 9.39 8.16
4.73 3.26 10.01 8.27
4.83 3.57 9.05 7.62
4.78 3.27 9.28 7.55
4.82 3.54 9.19 7.73
4.77 3.56 8.82 7.38
4.8 3.96 9.17 8.13
4.78 3.64 9.21 7.85
4.72 3.73 9.24 7.97
4.71 3.65 9.73 8.38
4.83 3.26 9.6 7.86
4.78 3.67 8.93 7.6
4.83 3.08 9.63 7.71
4.69 3.3 9.77 8.07
4.76 3.83 8.83 7.66
4.83 3.6 9.14 7.74
4.72 3.52 9.38 7.9
4.75 2.96 9.27 7.23
4.77 3.72 9.18 7.9
4.73 3.41 10.33 8.74
4.72 3.42 9.95 8.37
4.75 3.25 9.91 8.16
4.77 3.44 9.63 8.07
4.72 3.35 9.66 8.01
4.79 3.56 8.88 7.44
4.74 3.25 9.56 7.81
4.67 3.38 9.3 7.68
4.79 3.36 9.71 8.07
4.76 3.92 8.92 7.84
4.75 3.34 9.65 7.99
4.78 3.27 9.96 8.23
4.77 3.28 10.07 8.35
4.67 2.91 10.02 7.93
4.72 3.09 9.77 7.86
4.64 3.08 10.44 8.52
4.77 3.65 9.51 8.16
4.73 3.14 9.76 7.9
4.74 3.6 9.06 7.66
4.74 3.43 9.58 8.01
4.79 3.11 9.57 7.68
4.72 3.56 9.48 8.04
4.81 3.75 9.19 7.94
4.84 3.85 8.91 7.76
4.77 3.59 9.55 8.14
4.73 3.3 9.72 8.02
4.74 3.43 9.6 8.03
4.72 3.37 9.78 8.15
4.79 3.34 9.54 7.88
4.75 3.85 9.47 8.32
4.82 3.23 9.74 7.97
4.72 2.87 10.31 8.18
4.79 3.63 9.12 7.75
4.72 3.26 9.79 8.05
4.74 3.11 10.34 8.45
4.84 3.3 9.4 7.7
4.8 3.6 9.58 8.18
4.69 3.44 10.11 8.55
4.78 3.91 8.65 7.56
4.67 3.58 9.92 8.5
4.82 3.66 9.19 7.85
4.68 3.43 9.88 8.31
4.71 3.33 9.58 7.91
4.82 3.5 9.7 8.2
4.69 3.15 9.68 7.83
4.75 3.19 9.6 7.79
4.67 3.62 9.76 8.38
4.77 3.51 9.87 8.38
4.85 3.99 8.58 7.57
4.83 3.48 8.62 7.1
4.79 3.59 9.45 8.04
4.8 3.6 9.43 8.03
4.8 3.71 9.2 7.91
4.82 3.51 9.31 7.82
4.75 3.64 9.25 7.89
4.76 3.52 9.84 8.36
4.75 3.03 9.76 7.79
4.7 2.99 10.03 8.02
4.77 3.45 9.16 7.61
4.8 3.77 9.38 8.15
4.67 3.16 9.98 8.14
4.73 3.28 10.1 8.38
4.73 3.28 9.51 7.79
4.68 3.71 9.49 8.2
4.76 3.35 9.71 8.06
4.81 3.52 9.46 7.98
4.77 3.06 10.51 8.57
4.8 3.74 9.04 7.78
4.82 3.68 9.95 8.63
4.77 3.28 9.97 8.25
4.78 3.69 9.63 8.32
4.72 3.66 8.74 7.4
4.65 3.11 10.26 8.37
4.73 2.92 9.96 7.88
4.76 3.65 9.41 8.06
4.71 3.14 10.19 8.33
4.63 3.34 9.43 7.77
4.7 2.81 10.08 7.89
4.79 3.61 9.26 7.87
4.78 3.35 9.15 7.5
4.76 3.43 9.29 7.72
4.8 3.66 9.35 8.01
4.74 3.61 9.24 7.85
4.69 3.42 9.93 8.35
4.75 3.21 9.34 7.55
4.71 3.26 10.17 8.43
4.8 3.91 9.44 8.35
4.8 3.71 9.09 7.8
4.76 3.36 9.51 7.87
4.72 3.47 10.21 8.68
4.74 3.11 9.39 7.5
4.76 3.65 9.6 8.25
4.64 3.88 9.28 8.16
4.76 3.29 9.21 7.5
4.68 3.04 9.3 7.34
4.78 3.49 9.47 7.96
4.81 3.71 8.9 7.61
4.75 3.49 9.4 7.89
4.84 3.53 9.62 8.15
4.75 3.15 10.34 8.49
4.66 3.29 9.67 7.96
4.78 3.52 8.95 7.47
4.78 3.37 9.83 8.2
4.67 3.53 9.8 8.33
4.85 3.69 8.87 7.56
4.73 3.43 9.34 7.77
4.82 4.37 8.63 8.0
4.79 3.49 9.41 7.9
4.76 3.71 9.3 8.01
4.78 3.46 9.56 8.02
4.69 3.31 9.98 8.29
4.63 3.74 9.82 8.56
4.79 3.34 10.01 8.35
4.76 3.61 9.38 7.99
4.82 3.73 9.43 8.16
4.7 3.54 9.06 7.6
4.72 3.38 9.39 7.77
4.75 3.1 9.9 8.0
4.84 3.44 9.32 7.76
4.77 3.33 9.74 8.07
4.75 3.65 9.05 7.7
4.82 3.98 8.97 7.95
4.84 3.68 9.44 8.12
4.74 3.4 9.62 8.02
4.73 3.19 9.51 7.7
4.68 3.38 9.78 8.16
4.79 3.07 9.72 7.79
4.63 3.45 10.04 8.49
4.81 3.35 9.67 8.02
4.88 3.51 9.49 8.0
4.71 3.29 9.6 7.89
4.75 3.62 9.9 8.52
4.88 3.64 9.15 7.79
4.63 3.49 9.83 8.32
4.8 3.56 9.47 8.03
4.77 3.42 9.71 8.13
4.79 3.25 9.7 7.95
4.75 3.12 10.01 8.13
4.77 3.36 9.61 7.97
4.74 3.69 9.57 8.26
4.8 3.31 9.48 7.79
4.69 3.23 9.82 8.05
4.72 3.31 9.22 7.53
4.73 3.02 10.13 8.15
4.7 3.25 9.83 8.08
4.71 3.6 9.54 8.14
4.68 2.89 10.14 8.03
4.77 3.37 9.69 8.06
4.78 3.31 9.44 7.75
4.82 3.52 9.22 7.74
4.74 3.31 9.78 8.09
4.78 3.58 9.51 8.09
4.78 3.53 9.68 8.21
4.67 3.29 10.07 8.36
4.77 3.25 9.66 7.91
4.76 3.69 9.49 8.18
4.75 3.38 9.53 7.91
4.71 3.56 9.54 8.1
4.71 3.14 10.23 8.37
4.77 3.71 9.36 8.07
4.72 3.83 9.3 8.13
4.78 3.83 9.3 8.13
4.68 3.24 9.64 7.88
4.7 3.12 10.24 8.36
4.79 3.53 9.5 8.03
4.64 3.72 9.72 8.44
4.82 3.71 9.06 7.77
4.77 3.14 9.81 7.95
4.81 3.33 9.51 7.84
4.79 3.57 9.46 8.03
4.81 3.42 9.68 8.1
4.76 3.06 9.96 8.02
4.75 3.7 9.46 8.16
4.67 3.46 9.27 7.73
4.78 4.01 8.71 7.72
4.74 3.4 9.63 8.03
4.7 3.36 10.06 8.42
4.75 3.29 9.49 7.78
4.71 3.8 9.2 8.0
4.77 3.46 9.04 7.5
4.76 3.77 9.82 8.59
4.71 3.53 9.8 8.33
4.81 3.56 9.45 8.01
4.86 3.66 9.94 8.6
4.69 3.18 9.75 7.93
4.72 3.41 9.26 7.67
4.74 3.66 9.03 7.69
4.64 3.11 10.12 8.23
4.74 3.2 9.8 8.0
4.69 3.48 9.02 7.5
4.83 3.97 8.91 7.88
4.72 3.53 9.25 7.78
4.67 3.3 10.12 8.42
4.71 3.12 10.11 8.23
4.68 3.34 9.77 8.11
4.79 3.4 9.38 7.78
4.77 3.2 9.96 8.16
4.74 3.79 8.92 7.71
4.72 3.3 9.57 7.87
4.82 3.67 9.28 7.95
4.86 3.69 9.23 7.92
4.72 3.23 9.61 7.84
4.85 3.67 9.07 7.74
4.77 3.74 9.21 7.95
4.8 3.52 9.88 8.4
4.82 3.33 9.6 7.93
4.71 3.71 9.32 8.03
4.71 3.47 9.66 8.13
4.76 3.04 10.02 8.06
4.74 3.16 9.89 8.05
4.7 3.55 9.75 8.3
4.89 3.85 9.02 7.87
4.77 3.29 9.8 8.09
4.76 3.34 9.73 8.07
4.71 3.51 9.49 8.0
4.78 3.6 9.38 7.98
4.8 3.51 9.79 8.3
4.78 3.19 9.64 7.83
4.74 3.17 9.54 7.71
4.82 3.64 8.89 7.53
4.75 3.48 9.0 7.48
4.7 3.86 9.78 8.64
4.81 3.27 9.84 8.11
4.71 3.52 9.84 8.36
4.74 3.5 9.72 8.22
4.8 3.65 8.79 7.44
4.73 3.12 10.14 8.26
4.83 3.9 9.42 8.32
4.71 3.12 10.34 8.46
4.8 3.67 9.17 7.84
4.78 3.66 9.26 7.92
4.73 3.29 9.51 7.8
4.72 3.69 9.01 7.7
4.72 3.13 10.15 8.28
4.72 3.61 9.3 7.91
4.86 3.92 8.84 7.76
4.8 3.62 9.4 8.02
4.66 3.32 9.85 8.17
4.72 3.57 9.08 7.65
4.72 3.54 9.53 8.07
4.69 3.27 9.83 8.1
4.85 3.95 8.71 7.66
4.7 3.55 9.45 8.0
4.76 3.36 9.18 7.54
4.74 2.93 9.97 7.9
4.72 3.49 9.74 8.23
4.73 3.49 9.93 8.42
4.79 3.79 9.26 8.05
4.72 3.43 10.07 8.5
4.78 3.32 9.47 7.79
4.83 3.4 9.66 8.06
4.7 3.42 9.33 7.75
4.72 3.56 9.19 7.75
4.76 3.34 9.74 8.08
4.79 3.74 9.23 7.97
4.66 3.25 9.45 7.7
4.74 3.33 9.98 8.31
4.76 3.69 9.6 8.29
4.76 3.03 9.56 7.59
4.74 3.67 9.54 8.21
4.69 2.95 10.61 8.56
4.76 3.21 9.53 7.74
4.69 3.24 9.36 7.6
4.74 3.81 8.68 7.49
4.82 3.09 9.85 7.94
4.73 2.83 10.3 8.13
4.76 3.58 8.87 7.45
4.74 3.43 9.19 7.62
4.76 3.65 9.3 7.95
4.7 3.12 9.79 7.91
4.78 3.65 8.91 7.56
4.73 3.6 9.31 7.91
4.7 3.46 9.81 8.27
4.81 3.94 8.96 7.9
4.78 3.92 9.22 8.14
4.76 3.45 9.58 8.03
4.73 3.22 9.69 7.91
4.65 3.19 9.6 7.79
4.82 3.52 9.58 8.1
4.7 3.37 9.98 8.35
4.77 3.67 9.44 8.11
4.77 3.65 9.31 7.96
4.84 3.76 8.65 7.41
4.77 3.62 8.97 7.59
4.8 3.4 9.83 8.23
4.81 3.94 8.65 7.59
4.8 3.66 9.1 7.76
4.81 3.71 8.96 7.67
4.82 3.45 9.57 8.02
4.78 3.65 9.08 7.73
4.8 3.67 9.09 7.76
4.62 3.2 9.93 8.13
4.78 3.47 9.39 7.86
4.72 3.28 9.82 8.1
4.66 2.95 10.27 8.22
4.74 3.17 9.79 7.96
4.76 3.68 9.72 8.4
4.72 3.14 9.93 8.07
4.77 3.26 9.37 7.63
4.69 3.2 10.08 8.28
4.75 3.08 9.69 7.77
4.69 3.29 9.77 8.06
4.81 3.65 9.63 8.28
4.79 3.69 9.59 8.28
4.77 3.85 9.41 8.26
4.82 3.26 9.62 7.88
4.8 3.14 9.29 7.43
4.72 3.28 9.97 8.25
4.67 3.4 9.58 7.98
4.63 3.13 10.03 8.16
4.83 3.54 8.9 7.44
4.8 3.68 9.17 7.85
4.78 3.34 9.85 8.19
4.76 3.55 9.29 7.84
4.75 3.54 9.5 8.04
4.59 2.86 10.55 8.41
4.8 3.62 9.34 7.96
4.73 3.37 9.28 7.65
4.7 3.15 10.11 8.26
4.78 3.62 9.17 7.79
4.83 3.53 9.02 7.55
4.78 3.81 9.44 8.25
4.75 3.23 9.57 7.8
4.73 4.04 8.91 7.95
4.74 3.68 9.83 8.51
4.62 3.45 9.67 8.12
4.73 3.62 9.04 7.66
4.79 3.61 9.37 7.98
4.75 3.3 9.32 7.62
4.66 3.24 9.64 7.88
4.84 3.44 8.78 7.22
4.79 3.86 9.48 8.34
4.76 3.56 9.71 8.27
4.75 3.24 9.58 7.82
4.78 3.33 9.47 7.8
4.67 3.13 9.66 7.79
4.81 3.53 8.88 7.41
4.82 3.74 8.69 7.43
4.74 4.15 8.55 7.7
4.75 3.3 9.54 7.84
4.66 3.27 10.12 8.39
4.72 3.18 9.88 8.06
4.63 3.09 10.16 8.25
4.75 3.03 10.07 8.1
4.69 3.21 9.95 8.16
4.76 3.34 9.63 7.97
4.86 3.49 9.43 7.92
4.72 3.26 9.45 7.71
4.76 3.65 9.33 7.98
4.67 3.61 9.55 8.16
4.68 3.47 9.4 7.87
4.72 2.97 9.82 7.79
4.64 3.61 9.35 7.96
4.73 3.61 9.64 8.25
4.81 3.49 9.92 8.41
4.8 4.2 9.01 8.21
4.81 3.57 9.06 7.63
4.75 3.22 9.81 8.03
4.69 3.42 9.59 8.01
4.68 3.28 9.69 7.97
4.75 3.43 9.77 8.2
4.78 3.96 9.21 8.17
4.74 2.82 10.12 7.94
4.69 2.95 9.72 7.67
4.81 3.51 9.3 7.81
4.72 3.54 9.27 7.81
4.74 3.28 9.38 7.66
4.78 3.45 10.11 8.56
4.69 2.86 10.4 8.26
4.75 3.46 9.51 7.97
4.73 3.79 9.12 7.91
4.68 3.46 9.63 8.09
4.7 3.23 9.63 7.86
4.74 3.29 9.88 8.17
4.75 3.25 9.8 8.05
4.77 3.7 9.04 7.74
4.76 3.44 9.46 7.9
4.72 3.77 8.99 7.76
4.77 3.43 9.76 8.19
4.73 3.24 9.94 8.18
4.78 3.32 9.57 7.89
4.75 3.34 9.81 8.15
4.79 3.58 9.61 8.19
4.8 3.75 9.49 8.24
4.71 3.66 9.03 7.69
4.79 3.23 9.75 7.98
4.76 3.34 9.69 8.03
4.75 3.23 9.96 8.19
4.7 3.27 9.73 8.0
4.77 3.27 9.69 7.96
4.76 3.32 9.99 8.31
4.77 3.61 9.13 7.74
4.76 3.52 9.34 7.86
4.7 3.64 9.52 8.16
4.77 3.09 9.6 7.69
4.77 3.51 9.02 7.53
4.7 2.88 10.12 8.0
4.64 3.17 10.16 8.33
4.78 3.36 9.53 7.89
4.71 3.25 9.36 7.61
4.82 3.74 9.69 8.43
4.73 3.09 9.97 8.06
4.78 3.22 9.64 7.86
4.73 3.21 10.08 8.29
4.75 3.88 9.69 8.57
4.75 3.51 9.73 8.24
4.68 3.68 9.34 8.02
4.58 2.92 10.09 8.01
4.78 3.46 9.64 8.1
4.75 3.25 10.13 8.38
4.66 3.39 9.91 8.3
4.75 3.1 9.38 7.48
4.69 3.79 9.02 7.81
4.67 3.39 9.38 7.77
4.78 4.05 9.03 8.08
4.69 3.57 10.03 8.6
4.7 3.19 9.5 7.69
4.73 3.86 9.64 8.5
4.77 3.59 8.91 7.5
4.75 3.5 9.58 8.08
4.68 4.09 9.25 8.34
4.77 3.68 9.32 8.0
4.81 3.46 9.29 7.75
4.8 3.31 9.43 7.74
4.78 3.25 9.72 7.97
4.76 3.66 8.66 7.32
4.67 3.02 9.93 7.95
4.68 3.05 9.85 7.9
4.72 3.35 10.08 8.43
4.7 2.85 10.27 8.12
4.72 3.37 9.89 8.26
4.76 3.65 8.96 7.61
4.74 3.4 9.99 8.39
4.69 3.4 9.34 7.74
4.68 3.32 9.25 7.57
4.74 3.97 8.91 7.88
4.77 3.26 9.47 7.73
4.75 3.46 9.62 8.08
4.79 3.39 9.63 8.02
4.74 3.29 10.21 8.5
4.66 2.75 10.27 8.02
4.75 3.24 9.98 8.22
4.79 3.43 9.28 7.71
4.78 4.07 8.87 7.94
4.63 3.31 9.68 7.99
4.8 4.49 8.57 8.06
4.71 3.39 9.42 7.81
4.74 3.5 9.71 8.21
4.85 3.47 9.02 7.49
4.76 4.09 9.33 8.42
4.77 3.42 9.31 7.73
4.79 3.23 8.96 7.19
4.67 2.98 10.07 8.05
4.74 3.05 9.67 7.72
4.82 3.45 9.25 7.7
4.82 3.45 9.73 8.18
4.78 3.4 9.29 7.69
4.68 3.43 9.83 8.26
4.67 3.14 9.27 7.41
4.84 3.71 9.18 7.89
4.83 3.67 9.38 8.05
4.69 3.43 9.96 8.39
4.79 3.57 9.45 8.02
4.71 2.78 10.22 8.0
4.79 3.44 9.6 8.04
4.82 3.31 9.5 7.81
4.78 3.43 10.16 8.59
4.76 2.97 9.83 7.8
4.82 3.41 9.22 7.63
4.75 3.95 9.4 8.35
4.78 3.51 9.03 7.54
4.81 3.36 9.35 7.71
4.75 3.27 9.66 7.93
4.76 3.21 9.98 8.19
4.78 3.54 9.49 8.03
4.7 3.56 9.77 8.33
4.62 3.04 9.55 7.59
4.77 3.77 9.48 8.25
4.81 4.08 9.02 8.1
4.8 3.3 9.68 7.98
4.77 3.77 8.76 7.53
4.73 3.52 8.64 7.16
4.75 3.22 9.81 8.03
4.72 3.8 9.1 7.9
4.82 4.1 8.73 7.83
4.73 3.2 9.84 8.04
4.76 3.0 10.3 8.3
4.8 3.48 9.33 7.81
4.76 3.56 9.24 7.8
4.74 3.11 9.83 7.94
4.77 3.32 9.69 8.01
4.7 3.12 10.18 8.3
4.75 3.33 9.43 7.76
4.76 3.33 9.61 7.94
4.76 3.26 9.27 7.53
4.72 3.24 9.33 7.57
4.84 3.33 9.32 7.65
4.7 2.92 9.99 7.91
4.81 3.04 9.98 8.02
4.77 3.57 9.26 7.83
4.77 4.12 8.83 7.95
4.72 3.18 10.24 8.42
4.79 3.93 9.19 8.12
4.74 3.03 9.99 8.02
4.83 3.68 9.41 8.09
4.71 3.13 9.72 7.85
4.8 3.52 9.14 7.66
4.71 3.33 9.89 8.22
4.81 3.8 9.31 8.11
4.81 3.33 9.21 7.54
4.91 3.71 8.8 7.51
4.77 3.54 9.5 8.04
4.74 3.37 9.61 7.98
4.75 3.76 9.07 7.83
4.78 3.62 9.47 8.09
4.71 3.23 9.79 8.02
4.75 3.05 9.86 7.91
4.78 3.34 9.4 7.74
4.74 3.44 9.5 7.94
4.78 4.03 8.57 7.6
4.71 3.36 9.67 8.03
4.73 3.52 9.78 8.3
4.74 3.47 9.61 8.08
4.8 3.4 9.92 8.32
4.73 2.79 10.46 8.25
4.8 3.32 9.67 7.99
4.71 3.51 9.74 8.25
4.78 3.31 9.56 7.87
4.81 3.63 9.19 7.82
4.71 3.05 10.19 8.24
4.68 3.87 8.93 7.8
4.89 4.07 9.27 8.34
4.74 3.19 9.52 7.71
4.79 3.5 9.27 7.77
4.79 3.19 9.77 7.96
4.74 3.49 9.19 7.68
4.74 3.35 9.67 8.02
4.78 3.49 9.56 8.05
4.73 3.49 9.55 8.04
4.72 3.17 9.94 8.11
4.85 3.57 9.06 7.63
4.75 3.69 9.38 8.07
4.81 3.58 9.16 7.74
4.75 3.41 9.45 7.86
4.71 3.38 9.45 7.83
4.77 3.33 9.34 7.67
4.8 3.77 8.9 7.67
4.75 3.14 9.92 8.06
4.83 3.77 8.9 7.67
4.76 3.43 9.57 8.0
4.74 3.41 9.26 7.67
4.75 3.23 9.45 7.68
4.7 3.47 9.31 7.78
4.69 3.13 10.02 8.15
4.81 3.84 9.01 7.85
4.72 3.51 9.58 8.09
4.81 3.4 9.43 7.83
4.73 3.99 9.12 8.11
4.78 3.47 9.68 8.15
4.83 4.13 8.63 7.76
4.8 3.44 8.72 7.16
4.66 2.88 10.29 8.17
4.72 3.37 9.31 7.68
4.81 3.51 10.12 8.63
4.74 3.71 9.49 8.2
4.81 3.51 9.02 7.53
4.77 3.37 9.59 7.96
4.8 3.68 9.62 8.3
4.75 3.36 9.64 8.0
4.79 4.01 8.72 7.73
4.71 3.19 9.61 7.8
4.83 3.67 9.14 7.81
4.7 3.48 9.75 8.23
4.82 3.96 8.79 7.75
4.77 3.53 9.66 8.19
4.77 3.17 9.26 7.43
4.71 3.54 9.31 7.85
4.82 4.16 9.11 8.27
4.74 3.48 9.26 7.74
4.83 3.73 9.22 7.95
4.75 3.27 9.47 7.74
4.73 3.64 9.04 7.68
4.72 3.44 9.97 8.41
4.78 3.6 9.29 7.89
4.71 3.24 9.49 7.73
4.75 2.79 10.72 8.51
4.72 3.13 9.33 7.46
4.73 3.19 10.33 8.52
4.79 3.73 9.36 8.09
4.84 3.78 9.19 7.97
4.74 3.75 9.46 8.21
4.76 3.42 9.7 8.12
4.7 3.14 9.54 7.68
4.77 3.6 9.59 8.19
4.75 3.36 10.01 8.37
4.81 4.0 9.15 8.15
4.73 3.07 9.56 7.63
4.7 3.22 9.48 7.7
4.79 3.07 9.67 7.74
4.64 3.71 9.89 8.6
4.76 3.41 9.31 7.72
4.7 3.81 9.48 8.29
4.82 3.53 10.33 8.86
4.81 4.18 9.08 8.26
4.78 4.17 8.74 7.91
4.66 3.1 10.12 8.22
4.79 3.54 9.42 7.96
4.68 3.58 9.39 7.97
4.86 3.7 9.03 7.73
4.61 3.17 9.9 8.07
4.87 3.43 9.27 7.7
4.75 3.38 9.51 7.89
4.8 4.0 8.95 7.95
4.71 3.22 9.68 7.9
4.75 3.72 8.64 7.36
4.75 3.92 9.57 8.49
4.77 3.69 9.68 8.37
4.76 3.13 10.19 8.32
4.82 3.49 9.68 8.17
4.79 3.59 9.6 8.19
4.77 3.33 9.99 8.32
4.77 3.38 9.46 7.84
4.84 3.54 9.44 7.98
4.71 3.32 9.74 8.06
4.82 3.77 8.91 7.68
4.71 3.06 10.27 8.33
4.72 3.31 9.8 8.11
4.76 3.61 9.16 7.77
4.82 3.61 9.51 8.12
4.86 3.6 8.73 7.33
4.77 3.34 9.53 7.87
4.68 3.47 9.45 7.92
4.68 3.69 9.29 7.98
4.74 2.88 9.89 7.77
4.71 3.41 9.38 7.79
4.76 3.31 9.87 8.18
4.7 3.36 9.21 7.57
4.77 3.2 9.95 8.15
4.78 3.3 9.65 7.95
4.79 3.5 9.43 7.93
4.73 3.6 9.44 8.04
4.71 3.41 9.56 7.97
4.72 3.78 9.4 8.18
4.72 3.43 9.99 8.42
4.74 3.27 9.9 8.17
4.79 3.75 9.03 7.78
4.85 3.89 8.98 7.87
4.75 3.41 9.8 8.21
4.82 3.59 9.03 7.62
4.73 3.51 9.5 8.01
4.78 3.49 9.58 8.07
4.72 3.5 9.31 7.81
4.75 4.05 9.23 8.28
4.73 3.64 9.07 7.71
4.79 3.89 9.21 8.1
4.77 3.59 9.41 8.0
4.73 3.96 9.5 8.46
4.7 3.61 9.17 7.78
4.78 3.61 9.23 7.84
4.76 3.36 9.23 7.59
4.68 3.12 9.72 7.84
4.6 2.82 10.36 8.18
4.66 3.32 9.74 8.06
4.8 2.94 10.06 8.0
4.81 3.51 9.19 7.7
4.7 3.72 9.38 8.1
4.72 3.29 9.89 8.18
4.72 3.18 9.92 8.1
4.76 3.37 9.19 7.56
4.6 3.06 10.07 8.13
4.79 3.3 9.04 7.34
4.79 3.61 9.67 8.28
4.76 3.52 9.12 7.64
4.76 3.17 9.49 7.66
4.72 3.89 9.01 7.9
4.69 3.03 9.81 7.84
4.78 3.82 9.2 8.02
4.75 3.11 10.15 8.26
4.79 3.66 9.39 8.05
4.64 2.95 10.08 8.03
4.68 3.52 9.86 8.38
4.73 3.7 9.16 7.86
4.75 3.73 9.18 7.91
4.8 3.32 8.96 7.28
4.88 3.58 9.13 7.71
4.74 3.22 9.69 7.91
4.83 3.91 9.13 8.04
4.79 3.37 10.09 8.46
4.77 3.6 9.17 7.77
4.84 3.14 9.92 8.06
4.8 3.19 10.04 8.23
4.72 3.62 9.21 7.83
4.65 3.06 10.31 8.37
4.77 3.52 9.44 7.96
4.78 3.31 9.47 7.78
4.8 3.2 9.88 8.08
4.73 3.45 9.36 7.81
4.7 3.25 9.29 7.54
4.83 3.46 9.25 7.71
4.8 3.44 9.33 7.77
4.74 3.72 9.27 7.99
4.79 3.68 9.51 8.19
4.8 3.49 8.75 7.24
4.71 3.08 10.3 8.38
4.82 3.75 9.12 7.87
4.69 3.1 10.2 8.3
4.84 3.96 8.53 7.49
4.67 3.09 9.98 8.07
4.74 3.66 9.79 8.45
4.83 3.47 9.51 7.98
4.85 3.76 9.3 8.06
4.73 3.37 9.54 7.91
4.81 3.59 9.22 7.81
4.77 3.66 8.96 7.62
4.77 3.43 9.47 7.9
4.84 2.99 10.33 8.32
4.89 3.78 8.92 7.7
4.75 3.38 9.61 7.99
4.88 3.74 9.41 8.15
4.75 3.32 9.2 7.52
4.81 3.75 9.21 7.96
4.68 3.32 10.12 8.44
4.78 3.47 9.51 7.98
4.67 2.97 10.27 8.24
4.75 3.76 8.92 7.68
4.8 4.11 8.8 7.91
4.84 3.64 9.29 7.93
4.77 3.51 9.3 7.81
4.73 3.27 10.02 8.29
4.71 3.92 8.86 7.78
4.83 3.56 9.55 8.11
4.74 3.67 9.11 7.78
4.74 3.41 9.44 7.85
4.7 3.16 10.42 8.58
4.69 3.65 9.02 7.67
4.64 3.2 9.85 8.05
4.7 3.72 9.35 8.07
4.73 2.79 9.97 7.76
4.79 3.56 9.57 8.13
4.71 3.06 9.97 8.03
4.77 3.17 9.82 7.99
4.83 3.17 9.25 7.42
4.67 3.26 9.7 7.96
4.78 3.58 9.35 7.93
4.77 3.46 9.16 7.62
4.67 3.43 9.66 8.09
4.81 3.23 9.58 7.81
4.63 3.27 9.64 7.91
4.74 3.39 9.88 8.27
4.82 3.46 9.66 8.12
4.79 3.26 9.49 7.75
4.78 3.68 9.7 8.38
4.62 3.01 10.12 8.13
4.68 3.35 9.57 7.92
4.73 3.18 10.03 8.21
4.62 3.11 9.94 8.05
4.76 3.29 9.33 7.62
4.71 3.38 9.51 7.89
4.75 3.4 9.23 7.63
4.67 3.13 9.93 8.06
4.8 3.29 9.69 7.98
4.7 3.71 9.2 7.91
4.78 3.62 9.39 8.01
4.8 3.79 9.07 7.86
4.56 3.16 10.3 8.46
4.77 3.36 9.24 7.6
4.76 3.09 10.08 8.17
4.76 3.39 9.87 8.26
4.74 3.55 9.28 7.83
4.79 3.35 9.2 7.55
4.7 3.27 9.78 8.05
4.73 3.45 9.7 8.15
4.72 3.64 9.56 8.2
4.7 2.89 9.56 7.45
4.64 2.97 10.13 8.1
4.76 3.36 9.7 8.06
4.82 3.52 9.28 7.8
4.71 3.29 9.43 7.72
4.73 4.03 9.34 8.37
4.72 3.69 9.1 7.79
4.76 3.42 9.08 7.5
4.78 3.67 8.97 7.64
4.79 3.81 9.18 7.99
4.78 3.63 9.35 7.98
4.65 2.94 9.81 7.75
4.77 3.7 9.42 8.12
4.74 3.1 10.04 8.14
4.83 3.78 9.0 7.78
4.75 3.59 9.14 7.73
4.75 3.96 9.57 8.53
4.84 3.96 8.7 7.66
4.69 3.52 9.44 7.96
4.72 3.74 8.62 7.36
4.73 3.32 9.39 7.71
4.8 3.14 10.05 8.19
4.79 3.92 8.99 7.91
4.78 3.2 9.9 8.1
4.7 3.3 9.3 7.6
4.76 3.49 9.14 7.63
4.78 3.92 9.09 8.01
4.77 3.62 9.26 7.88
4.8 3.4 9.95 8.35
4.84 3.25 9.73 7.98
4.76 3.89 8.73 7.62
4.73 3.25 9.47 7.72
4.81 3.32 9.5 7.82
4.75 3.62 9.63 8.25
4.79 3.54 9.43 7.97
4.79 3.63 9.64 8.27
4.78 3.67 9.17 7.84
4.78 3.22 9.86 8.08
4.75 3.69 9.18 7.87
4.75 3.41 10.02 8.43
4.71 3.34 9.76 8.1
4.82 3.64 9.25 7.89
4.82 3.65 9.56 8.21
4.78 3.71 9.34 8.05
4.73 3.63 9.61 8.24
4.7 3.16 10.23 8.39
4.65 3.32 9.8 8.12
4.81 3.41 9.53 7.94
4.72 3.28 9.42 7.7
4.78 3.72 9.63 8.35
4.83 3.49 9.31 7.8
4.77 3.71 9.39 8.1
4.75 3.77 9.44 8.21
4.78 3.56 9.38 7.94
4.7 3.61 9.5 8.11
4.71 3.16 9.92 8.08
4.78 3.79 9.42 8.21
4.75 3.37 9.76 8.13
4.78 3.88 9.11 7.99
4.77 3.47 9.35 7.82
4.7 3.21 10.1 8.31
4.8 3.1 10.1 8.2
4.65 3.09 10.1 8.19
4.73 3.31 9.37 7.68
4.71 3.11 9.83 7.94
4.69 3.36 10.02 8.38
4.68 2.91 10.03 7.94
4.86 3.41 10.22 8.63
4.79 3.91 8.72 7.63
4.69 3.48 9.44 7.92
4.75 3.86 9.03 7.89
4.71 3.65 9.55 8.2
4.64 3.57 10.0 8.57
4.8 3.12 9.59 7.71
4.82 3.76 9.32 8.08
4.71 3.33 9.82 8.15
4.74 3.39 9.27 7.66
4.69 3.16 9.73 7.89
4.82 4.02 8.69 7.71
4.76 3.51 9.55 8.06
4.77 3.63 9.38 8.01
4.74 3.27 9.32 7.59
4.7 3.27 9.77 8.04
4.76 3.48 9.88 8.36
4.74 3.76 9.34 8.1
4.82 3.43 9.66 8.09
4.67 3.38 9.39 7.77
4.69 3.44 10.38 8.82
4.65 3.51 9.67 8.18
4.69 3.41 10.22 8.63
4.82 3.38 9.03 7.41
4.79 3.37 9.54 7.91
4.77 3.25 9.97 8.22
4.9 3.97 8.46 7.43
4.73 3.14 9.65 7.79
4.8 3.39 9.79 8.18
4.73 2.96 10.18 8.14
4.67 2.91 10.22 8.13
4.7 3.2 9.6 7.8
4.84 3.8 9.17 7.97
4.8 3.37 9.51 7.88
4.76 3.34 9.78 8.12
4.81 3.06 9.78 7.84
4.86 4.28 8.89 8.17
4.58 2.88 10.61 8.49
4.83 3.75 9.0 7.75
4.82 3.76 9.76 8.52
4.71 2.98 10.0 7.98
4.72 3.15 10.26 8.41
4.69 3.15 9.67 7.82
4.73 3.58 9.1 7.68
4.77 3.6 9.67 8.27
4.75 3.9 9.21 8.11
4.65 2.98 9.88 7.86
4.78 3.08 10.26 8.34
4.73 3.28 9.8 8.08
4.78 3.41 9.4 7.81
4.8 3.94 9.17 8.11
4.63 3.15 9.65 7.8
4.7 3.29 9.56 7.85
4.71 3.07 9.84 7.91
4.67 3.38 9.68 8.06
4.8 3.21 9.85 8.06
4.73 3.33 9.46 7.79
4.74 3.12 9.83 7.95
4.6 2.88 10.45 8.33
4.66 3.65 9.89 8.54
4.84 3.93 8.76 7.69
4.83 3.38 9.94 8.32
4.72 3.17 9.46 7.63
4.73 3.17 8.96 7.13
4.72 3.37 9.66 8.03
4.73 3.69 9.37 8.06
4.79 3.73 9.18 7.91
4.74 3.74 9.57 8.31
4.68 3.12 10.13 8.25
4.66 3.15 10.09 8.24
4.81 3.75 9.0 7.75
4.68 3.64 9.29 7.93
4.63 3.7 9.32 8.02
4.69 3.58 9.49 8.07
4.78 3.46 9.29 7.75
4.67 3.23 9.85 8.08
4.7 3.37 9.79 8.16
4.74 3.87 9.21 8.08
4.86 3.32 9.68 8.0
4.82 3.55 9.78 8.33
4.78 3.29 9.38 7.67
4.73 3.67 9.7 8.37
4.75 2.82 10.27 8.09
4.74 3.27 9.98 8.25
4.79 3.35 9.92 8.27
4.63 3.14 9.9 8.04
4.69 3.52 9.53 8.05
4.82 3.58 9.07 7.65
4.63 3.15 9.94 8.09
4.79 3.57 9.4 7.97
4.73 3.34 9.29 7.63
4.82 4.29 8.83 8.12
4.83 3.06 9.91 7.97
4.77 3.08 9.68 7.76
4.69 3.25 10.05 8.3
4.73 3.67 9.42 8.09
4.79 3.64 9.1 7.74
4.79 3.28 9.54 7.82
4.83 3.53 9.19 7.72
4.73 3.04 9.59 7.63
4.79 3.41 9.18 7.59
4.83 4.18 8.88 8.06
4.79 3.32 9.64 7.96
4.83 3.51 9.53 8.04
4.78 3.52 9.2 7.72
4.65 2.83 10.15 7.98
4.81 3.29 9.4 7.69
4.75 3.51 9.53 8.04
4.78 4.03 9.09 8.12
4.8 3.24 10.02 8.26
4.69 3.21 9.79 8.0
4.82 3.28 9.06 7.34
4.83 3.49 9.79 8.28
4.75 3.3 9.53 7.83
4.74 3.15 9.76 7.91
4.82 3.23 9.75 7.98
4.81 3.32 9.63 7.95
4.76 3.28 9.71 7.99
4.72 2.66 10.84 8.5
4.8 3.59 9.38 7.97
4.74 3.29 9.58 7.87
4.77 3.71 8.72 7.43
4.76 3.5 9.59 8.09
4.78 3.49 9.23 7.72
4.68 3.07 9.8 7.87
4.78 3.4 9.79 8.19
4.73 3.31 9.81 8.12
4.79 4.04 8.57 7.61
4.65 2.93 9.81 7.74
4.87 4.08 8.78 7.86
4.73 3.39 9.41 7.8
4.68 3.24 9.85 8.09
4.78 3.7 9.32 8.02
4.84 3.25 10.0 8.25
4.84 4.03 8.88 7.91
4.78 3.32 9.4 7.72
4.84 3.8 9.11 7.91
4.76 3.62 9.32 7.94
4.75 3.82 9.21 8.03
4.82 3.72 9.22 7.94
4.68 3.14 9.95 8.09
4.79 3.66 9.13 7.79
4.72 3.63 9.4 8.03
4.78 3.28 9.88 8.16
4.83 3.6 9.53 8.13
4.72 2.87 10.1 7.97
4.83 3.95 9.0 7.95
4.7 4.02 8.78 7.8
4.77 3.38 9.91 8.29
4.76 3.57 9.42 7.99
4.69 3.26 10.14 8.4
4.83 3.96 9.22 8.18
4.68 3.34 9.51 7.85
4.78 3.28 9.89 8.17
4.65 3.26 9.94 8.2
4.68 3.36 9.46 7.82
4.71 3.11 9.87 7.98
4.67 3.35 9.49 7.84
4.76 3.38 9.19 7.57
4.82 3.89 8.83 7.72
4.7 2.89 10.51 8.4
4.86 3.66 9.27 7.93
4.85 3.51 9.58 8.09
4.8 3.62 9.4 8.02
4.76 3.68 8.77 7.45
4.75 3.09 10.07 8.16
4.76 3.46 9.49 7.95
4.79 3.36 9.2 7.56
4.78 3.64 9.12 7.76
4.74 3.37 9.45 7.82
4.74 3.71 9.26 7.97
4.68 3.37 9.51 7.88
4.78 3.39 9.35 7.74
4.77 4.14 8.75 7.89
4.79 3.55 9.08 7.63
4.64 2.99 10.2 8.19
4.7 3.0 10.15 8.15
4.75 3.53 9.55 8.08
4.76 3.89 8.76 7.65
4.77 3.88 9.16 8.04
4.73 3.62 9.32 7.94
4.75 3.25 9.44 7.69
4.71 3.27 9.57 7.84
4.69 3.31 9.46 7.77
4.81 3.49 9.39 7.88
4.78 3.77 9.43 8.2
4.86 3.79 8.89 7.68
4.85 3.99 8.73 7.72
4.72 3.33 9.94 8.27
4.71 3.17 10.23 8.4
4.71 3.42 9.49 7.91
4.82 3.86 9.3 8.16
4.76 3.6 9.19 7.79
4.73 3.83 8.97 7.8
4.75 3.13 9.82 7.95
4.84 3.62 9.24 7.86
4.73 3.28 10.04 8.32
4.85 3.89 9.3 8.19
4.73 3.66 9.22 7.88
4.74 3.21 9.7 7.91
4.68 2.82 10.37 8.19
4.7 3.55 9.24 7.79
4.85 3.71 9.15 7.86
4.74 3.4 9.27 7.67
4.72 3.39 9.76 8.15
4.74 3.74 9.18 7.92
4.75 3.05 10.14 8.19
4.82 3.7 9.2 7.9
4.86 4.32 8.46 7.78
4.7 3.66 9.47 8.13
4.82 3.54 9.15 7.69
4.86 3.59 8.85 7.44
4.78 3.65 9.25 7.9
4.74 3.27 9.68 7.95
4.72 3.25 9.45 7.7
4.74 3.37 9.83 8.2
4.74 3.41 9.45 7.86
4.64 3.43 9.37 7.8
4.74 3.34 9.84 8.18
4.84 4.03 9.04 8.07
4.74 3.04 9.83 7.87
4.78 3.44 9.36 7.8
4.73 3.54 9.75 8.29
4.77 3.65 9.36 8.01
4.74 3.49 9.89 8.38
4.72 3.38 9.87 8.25
4.7 3.31 10.21 8.52
4.74 3.44 9.68 8.12
4.67 3.24 9.69 7.93
4.63 3.65 9.72 8.37
4.84 3.39 9.09 7.48
4.77 3.57 9.43 8.0
4.66 3.59 9.32 7.91
4.75 3.17 9.59 7.76
4.64 2.85 9.63 7.48
4.76 3.62 9.27 7.89
4.64 3.13 10.02 8.15
4.82 3.8 8.97 7.77
4.74 3.11 9.19 7.3
4.7 3.39 9.49 7.88
4.82 3.35 9.61 7.96
4.76 3.46 9.47 7.93
4.81 3.62 9.61 8.23
4.75 3.57 9.39 7.96
4.78 3.43 9.46 7.89
4.76 3.59 9.43 8.02
4.8 3.31 9.65 7.96
4.6 3.04 10.5 8.54
4.71 3.37 9.86 8.23
4.76 3.0 9.81 7.81
4.73 3.64 9.4 8.04
4.7 3.48 9.5 7.98
4.65 3.43 9.67 8.1
4.68 3.34 9.85 8.19
4.64 3.43 9.69 8.12
4.8 3.42 9.31 7.73
4.76 3.29 9.83 8.12
4.8 3.9 9.23 8.13
4.75 3.73 9.45 8.18
4.72 3.45 9.57 8.02
4.79 3.9 8.9 7.8
4.85 4.05 9.31 8.36
4.77 3.34 9.27 7.61
4.78 3.4 9.58 7.98
4.82 4.25 8.59 7.84
4.79 3.15 9.48 7.63
4.75 3.52 9.46 7.98
4.73 3.61 9.71 8.32
4.79 4.04 8.79 7.83
4.74 4.11 8.57 7.68
4.64 3.24 9.64 7.88
4.88 3.58 9.39 7.97
4.74 3.42 9.96 8.38
4.72 3.23 9.78 8.01
4.81 3.68 9.54 8.22
4.77 3.57 9.17 7.74
4.75 3.8 9.45 8.25
4.82 3.81 9.1 7.91
4.78 3.4 9.86 8.26
4.87 3.66 9.22 7.88
4.78 3.63 9.47 8.1
4.73 3.87 8.76 7.63
4.79 3.4 9.48 7.88
4.71 3.3 9.01 7.31
4.76 3.47 8.97 7.44
4.82 3.91 9.03 7.94
4.76 3.01 9.71 7.72
4.76 3.33 9.53 7.86
4.76 3.74 9.53 8.27
4.81 3.68 9.61 8.29
4.75 3.48 9.5 7.98
4.71 3.28 9.99 8.27
4.8 3.75 8.68 7.43
4.73 3.23 10.01 8.24
4.73 3.55 9.51 8.06
4.77 4.23 8.68 7.91
4.75 3.58 9.59 8.17
4.74 3.25 9.49 7.74
4.77 3.33 8.97 7.3
4.73 3.35 9.53 7.88
4.69 3.62 9.72 8.34
4.76 3.45 9.43 7.88
4.79 3.34 9.75 8.09
4.63 3.67 9.43 8.1
4.71 3.56 9.6 8.16
4.72 3.82 9.36 8.18
4.76 3.51 9.46 7.97
4.67 3.0 10.09 8.09
4.77 3.62 9.45 8.07
4.83 3.27 9.58 7.85
4.58 3.22 9.92 8.14
4.77 3.59 8.96 7.55
4.83 3.71 8.92 7.63
4.76 3.41 9.73 8.14
4.69 3.11 10.19 8.3
4.75 3.27 9.8 8.07
4.78 4.01 8.95 7.96
4.74 3.16 9.92 8.08
4.69 3.51 9.43 7.94
4.73 3.5 9.42 7.92
4.65 3.27 10.64 8.91
4.83 3.7 9.37 8.07
4.78 3.47 9.35 7.82
4.87 3.8 9.04 7.84
4.87 3.58 8.9 7.48
4.75 3.73 9.61 8.34
4.76 3.19 9.82 8.01
4.73 3.4 9.7 8.1
4.78 3.47 9.37 7.84
4.7 3.25 9.97 8.22
4.79 3.41 9.22 7.63
4.7 3.26 9.72 7.98
4.7 2.97 9.8 7.77
4.76 3.35 9.77 8.12
4.71 3.58 9.61 8.19
4.77 3.82 9.12 7.94
4.67 3.22 9.79 8.01
4.66 3.27 10.09 8.36
4.69 3.12 9.48 7.6
4.81 3.56 9.64 8.2
4.72 3.54 9.53 8.07
4.75 3.61 9.18 7.79
4.74 3.35 9.59 7.94
4.8 3.6 8.72 7.32
4.82 3.19 9.87 8.06
4.76 3.65 9.42 8.07
4.77 3.77 9.42 8.19
4.81 3.23 10.03 8.26
4.67 3.71 9.02 7.73
4.75 3.57 10.0 8.57
4.76 3.37 9.39 7.76
4.7 3.44 9.59 8.03
4.67 3.68 9.28 7.96
4.8 3.56 9.82 8.38
4.68 3.19 10.03 8.22
4.74 3.79 9.71 8.5
4.73 3.25 9.55 7.8
4.71 3.45 9.36 7.81
4.7 3.33 9.87 8.2
4.87 3.42 9.6 8.02
4.71 3.65 9.16 7.81
4.71 3.32 9.8 8.12
4.83 3.52 9.2 7.72
4.89 3.75 9.14 7.89
4.7 3.44 9.17 7.61
4.8 3.24 9.48 7.72
4.72 3.14 10.06 8.2
4.82 3.52 9.66 8.18
4.66 3.04 9.9 7.94
4.77 3.68 9.12 7.8
4.74 3.47 9.84 8.31
4.77 3.49 9.6 8.09
4.77 3.58 9.38 7.96
4.77 3.46 9.81 8.27
4.83 3.81 8.86 7.67
4.79 3.42 9.39 7.81
4.72 3.23 9.63 7.86
4.71 3.51 9.8 8.31
4.75 3.38 9.75 8.13
4.8 3.37 9.83 8.2
4.72 3.42 9.54 7.96
4.82 3.45 9.18 7.63
4.8 3.58 8.7 7.28
4.77 3.35 9.32 7.67
4.74 3.85 9.2 8.05
4.8 3.32 9.97 8.29
4.7 3.4 9.81 8.21
4.73 3.99 9.46 8.45
4.77 3.65 9.13 7.78
4.76 3.39 9.74 8.13
4.8 3.4 9.19 7.59
4.77 3.63 9.22 7.85
4.74 2.86 10.17 8.03
4.7 3.23 10.2 8.43
4.74 3.35 9.9 8.25
4.8 3.35 9.58 7.93
4.76 3.78 9.12 7.9
4.79 3.37 9.06 7.43
4.67 3.25 9.85 8.1
4.76 3.04 10.21 8.25
4.6 3.31 9.33 7.64
4.78 3.54 9.53 8.07
4.76 3.37 9.5 7.87
4.68 2.93 10.0 7.93
4.74 3.81 9.02 7.83
4.72 3.5 9.84 8.34
4.78 3.5 9.06 7.56
4.65 3.09 9.78 7.87
4.75 3.15 10.14 8.29
4.8 3.48 9.97 8.45
4.8 3.52 9.56 8.08
4.76 3.48 8.9 7.38
4.72 3.38 9.5 7.88
4.82 3.28 9.56 7.84
4.79 3.35 9.66 8.01
4.75 3.0 10.16 8.16
4.77 3.29 9.8 8.09
4.65 3.27 10.3 8.57
4.82 3.83 8.8 7.63
4.76 3.49 9.17 7.66
4.82 3.82 9.28 8.1
4.77 3.41 9.63 8.04
4.8 3.55 9.57 8.12
4.74 3.25 9.73 7.98
4.75 3.6 9.65 8.25
4.59 3.22 9.84 8.06
4.69 3.53 9.75 8.28
4.74 3.43 9.71 8.14
4.78 3.59 9.15 7.74
4.78 3.78 9.19 7.97
4.86 4.02 8.69 7.71
4.79 3.73 8.81 7.54
4.79 3.16 9.81 7.97
4.73 3.31 9.22 7.53
4.82 3.54 9.71 8.25
4.83 3.72 9.13 7.85
4.77 3.03 9.95 7.98
4.66 2.87 10.0 7.87
4.74 3.33 9.51 7.84
4.8 3.42 9.77 8.19
4.81 3.63 9.28 7.91
4.74 3.8 9.06 7.86
4.73 3.56 9.48 8.04
4.74 3.25 9.56 7.81
4.74 3.6 9.32 7.92
4.7 3.56 9.49 8.05
4.76 3.06 9.58 7.64
4.81 3.36 9.53 7.89
4.76 3.56 9.42 7.98
4.76 3.68 9.24 7.92
4.75 3.37 9.97 8.34
4.76 3.51 9.24 7.75
4.7 3.35 9.95 8.3
4.81 3.34 9.5 7.84
4.72 3.42 9.75 8.17
4.7 3.2 9.95 8.15
4.73 3.73 9.3 8.03
4.73 3.15 10.03 8.18
4.73 3.04 10.05 8.09
4.69 3.81 9.29 8.1
4.72 3.65 9.51 8.16
4.71 3.18 9.64 7.82
4.74 3.25 9.38 7.63
4.83 3.27 9.56 7.83
4.76 3.82 9.04 7.86
4.7 3.37 9.6 7.97
4.73 3.05 10.47 8.52
4.76 3.49 9.45 7.94
4.75 3.41 9.89 8.3
4.76 3.63 9.56 8.19
4.75 3.4 9.65 8.05
4.78 3.45 8.77 7.22
4.68 3.2 9.77 7.97
4.69 3.37 9.38 7.75
4.81 3.32 9.66 7.98
4.73 3.5 9.45 7.95
4.82 3.62 9.23 7.85
4.85 3.86 9.53 8.39
4.7 3.3 9.47 7.77
4.7 3.74 9.46 8.2
4.69 3.2 9.9 8.1
4.73 3.47 9.27 7.74
4.79 3.43 9.95 8.38
4.79 3.41 9.47 7.88
4.78 3.34 9.39 7.73
4.66 3.37 9.33 7.7
4.61 3.04 9.94 7.98
4.82 3.8 9.03 7.83
4.81 3.84 9.46 8.3
4.78 3.35 9.31 7.66
4.78 3.36 9.97 8.33
4.74 4.33 8.35 7.68
4.66 3.71 8.85 7.56
4.76 3.76 9.49 8.25
4.83 3.37 9.44 7.81
4.79 3.7 9.6 8.3
4.79 3.41 9.09 7.5
4.72 3.9 8.75 7.65
4.87 3.49 9.98 8.47
4.71 3.11 9.6 7.71
4.76 3.01 9.99 8.0
4.77 3.63 9.43 8.06
4.78 3.63 9.93 8.56
4.78 3.22 9.57 7.79
4.8 3.29 10.05 8.34
4.68 3.37 9.69 8.06
4.77 3.43 9.61 8.04
4.78 3.37 9.47 7.84
4.67 3.87 9.28 8.15
4.73 3.46 8.99 7.45
4.76 3.28 9.8 8.08
4.71 3.56 9.75 8.31
4.72 3.49 9.63 8.12
4.71 3.31 9.55 7.86
4.64 3.19 9.32 7.51
4.78 3.42 9.21 7.63
4.77 3.31 9.17 7.48
4.66 2.87 10.45 8.32
4.75 3.73 9.05 7.78
4.76 3.37 9.5 7.87
4.78 3.36 8.94 7.3
4.81 3.14 9.73 7.87
4.73 3.92 9.74 8.66
4.81 3.7 9.73 8.43
4.71 3.58 9.44 8.02
4.72 3.31 9.49 7.8
4.78 3.59 8.91 7.5
4.8 3.61 9.46 8.07
4.75 3.62 9.45 8.07
4.86 3.8 9.33 8.13
4.82 3.27 9.68 7.95
4.77 3.51 9.4 7.91
4.77 3.61 9.2 7.81
4.71 3.21 9.74 7.95
4.75 3.64 9.39 8.03
4.79 3.73 8.93 7.66
4.66 3.35 10.06 8.41
4.86 3.83 8.95 7.78
4.8 3.59 9.31 7.9
4.88 3.52 9.05 7.57
4.78 3.23 9.62 7.85
4.7 3.61 9.38 7.99
4.83 3.98 9.35 8.33
4.75 3.63 9.09 7.72
4.79 3.4 9.39 7.79
4.68 2.89 10.28 8.17
4.76 3.16 9.33 7.49
4.64 3.07 9.9 7.97
4.8 3.32 9.06 7.38
4.72 3.69 9.3 7.99
4.81 3.55 9.21 7.76
4.59 3.13 9.94 8.07
4.81 4.04 8.86 7.9
4.77 3.4 9.14 7.54
4.82 3.75 9.35 8.1
4.65 3.33 9.87 8.2
4.71 3.8 9.41 8.21
4.76 3.17 9.87 8.04
4.76 3.08 9.26 7.34
4.67 3.4 9.33 7.73
4.81 3.49 9.33 7.82
4.62 3.31 9.76 8.07
4.72 4.05 8.8 7.85
4.73 3.73 9.65 8.38
4.74 3.11 10.06 8.17
4.72 3.26 9.43 7.69
4.72 3.5 9.18 7.68
4.81 3.19 9.81 8.0
4.8 3.93 9.15 8.08
4.8 3.97 9.24 8.21
4.67 3.1 10.55 8.65
4.81 3.27 9.79 8.06
4.79 3.22 9.52 7.74
4.71 3.42 10.18 8.6
4.81 3.43 9.17 7.6
4.75 3.63 9.28 7.91
4.74 3.61 9.63 8.24
4.72 3.34 9.51 7.85
4.69 3.16 9.78 7.94
4.86 3.64 9.49 8.13
4.68 3.16 9.98 8.14
4.79 3.61 8.88 7.49
4.71 3.65 9.33 7.98
4.77 3.22 9.47 7.69
4.79 3.38 9.53 7.91
4.78 3.52 9.38 7.9
4.85 3.83 9.27 8.1
4.63 2.99 10.26 8.25
4.75 3.33 9.82 8.15
4.7 3.14 9.33 7.47
4.66 3.33 9.69 8.02
4.7 3.19 10.09 8.28
4.75 3.75 9.5 8.25
4.69 3.39 9.37 7.76
4.86 3.73 9.56 8.29
4.77 3.81 8.95 7.76
4.63 3.58 9.4 7.98
4.76 3.33 9.87 8.2
4.76 3.2 10.01 8.21
4.8 3.28 9.99 8.27
4.8 3.62 9.24 7.86
4.82 3.76 8.71 7.47
4.75 3.24 9.47 7.71
4.85 3.48 9.12 7.6
4.8 3.9 8.88 7.78
4.78 3.28 9.68 7.96
4.7 3.68 9.36 8.04
4.76 3.85 9.64 8.49
4.73 3.36 9.42 7.78
4.69 3.22 10.02 8.24
4.72 3.48 9.6 8.08
4.81 3.83 9.03 7.86
4.79 3.37 9.59 7.96
4.7 3.37 9.7 8.07
4.78 3.26 9.63 7.89
4.72 3.49 9.73 8.22
4.76 3.23 9.67 7.9
4.74 3.53 9.44 7.97
4.74 3.46 9.86 8.32
4.76 3.44 9.69 8.13
4.77 3.4 9.43 7.83
4.78 3.54 9.08 7.62
4.77 4.05 9.17 8.22
4.79 3.49 9.24 7.73
4.65 3.51 9.57 8.08
4.72 3.16 9.66 7.82
4.83 3.69 9.19 7.88
4.86 3.73 9.14 7.87
4.68 3.35 9.53 7.88
4.85 3.97 9.38 8.35
4.73 3.36 9.86 8.22
4.77 3.52 9.8 8.32
4.73 3.5 9.57 8.07
4.69 3.51 9.24 7.75
4.73 3.55 9.2 7.75
4.86 3.55 9.42 7.97
4.79 3.65 8.94 7.59
4.85 3.61 9.38 7.99
4.63 3.1 10.03 8.13
4.66 3.13 9.7 7.83
4.65 3.22 9.58 7.8
4.78 3.44 9.58 8.02
4.69 3.18 9.88 8.06
4.76 3.08 9.93 8.01
4.65 3.34 9.63 7.97
4.63 2.93 9.83 7.76
4.62 3.21 10.07 8.28
4.85 3.68 9.36 8.04
4.8 3.67 8.8 7.47
4.81 3.59 9.53 8.12
4.83 3.29 9.51 7.8
4.68 3.4 9.35 7.75
4.72 3.09 9.66 7.75
4.71 3.08 10.14 8.22
4.74 3.49 9.51 8.0
4.67 3.04 10.27 8.31
4.69 3.17 9.86 8.03
4.84 3.25 9.56 7.81
4.77 3.5 9.14 7.64
4.74 3.49 9.31 7.8
4.75 3.07 9.99 8.06
4.76 3.5 9.4 7.9
4.8 3.57 9.02 7.59
4.87 3.54 9.08 7.62
4.85 3.85 8.83 7.68
4.67 3.18 9.51 7.69
4.72 3.55 9.21 7.76
4.79 3.24 9.7 7.94
4.77 3.64 9.73 8.37
4.75 3.59 9.11 7.7
4.76 3.62 9.31 7.93
4.71 3.31 9.96 8.27
4.84 3.31 9.36 7.67
4.66 3.26 9.3 7.56
4.8 3.59 9.25 7.84
4.81 3.43 9.4 7.83
4.72 3.0 9.84 7.84
4.73 3.43 9.53 7.96
4.78 3.74 9.18 7.92
4.71 3.29 10.09 8.38
4.76 3.08 9.85 7.93
4.78 3.89 9.19 8.08
4.7 3.23 10.12 8.35
4.8 3.58 9.46 8.04
4.72 3.07 9.9 7.97
4.73 3.22 9.63 7.85
4.73 3.47 9.42 7.89
4.74 3.19 9.62 7.81
4.72 3.88 9.08 7.96
4.72 3.32 9.34 7.66
4.75 3.31 9.58 7.89
4.69 3.58 9.97 8.55
4.74 3.1 9.74 7.84
4.79 3.12 9.66 7.78
4.74 3.6 9.28 7.88
4.8 3.43 9.63 8.06
4.69 3.3 9.59 7.89
4.77 3.43 10.09 8.52
4.74 2.99 9.92 7.91
4.76 3.1 9.67 7.77
4.78 3.4 9.61 8.01
4.73 3.26 9.45 7.71
4.7 3.65 9.21 7.86
4.7 3.14 10.28 8.42
4.72 3.14 9.42 7.56
4.79 3.81 8.5 7.31
4.78 3.59 8.74 7.33
4.81 3.97 9.4 8.37
4.87 3.87 9.01 7.88
4.73 2.99 9.93 7.92
4.77 3.42 9.17 7.59
4.71 3.17 9.62 7.79
4.82 3.77 9.18 7.95
4.71 3.52 9.84 8.36
4.75 3.29 9.81 8.1
4.77 3.51 9.32 7.83
4.8 3.57 9.35 7.92
4.65 3.1 10.13 8.23
4.74 3.2 9.55 7.75
4.81 3.54 9.39 7.93
4.88 3.82 9.16 7.98
4.65 3.42 9.76 8.18
4.6 2.97 9.8 7.77
4.77 3.91 9.35 8.26
4.81 4.02 8.88 7.9
4.67 3.56 9.58 8.14
4.77 3.21 9.39 7.6
4.75 3.28 10.28 8.56
4.75 3.33 9.56 7.89
4.8 3.5 9.84 8.34
4.69 3.26 10.12 8.38
4.77 3.05 9.97 8.02
4.66 3.22 9.69 7.91
4.81 3.38 9.74 8.12
4.75 3.74 9.21 7.95
4.77 3.81 9.01 7.82
4.76 3.7 9.4 8.1
4.79 3.19 9.7 7.89
4.74 3.53 10.02 8.55
4.65 3.06 10.06 8.12
4.7 3.5 9.36 7.86
4.82 3.74 9.1 7.84
4.72 3.15 10.24 8.39
4.86 3.98 8.84 7.82
4.81 3.29 9.44 7.73
4.7 3.39 9.63 8.02
4.77 3.04 9.84 7.88
4.74 3.62 9.73 8.35
4.73 3.54 8.99 7.53
4.8 3.62 9.05 7.67
4.81 3.4 9.16 7.56
4.82 3.88 9.28 8.16
4.73 3.44 9.14 7.58
4.84 3.79 8.87 7.66
4.74 3.53 9.42 7.95
4.65 3.53 9.53 8.06
4.68 3.66 9.4 8.06
4.69 3.71 9.69 8.4
4.78 3.52 9.45 7.97
4.72 3.14 10.05 8.19
4.84 3.59 9.36 7.95
4.74 3.41 9.55 7.96
4.8 3.48 9.67 8.15
4.78 3.39 9.37 7.76
4.77 3.46 9.79 8.25
4.75 3.38 9.34 7.72
4.74 3.56 9.82 8.38
4.72 3.31 9.4 7.71
4.68 3.42 9.96 8.38
4.65 3.47 9.73 8.2
4.8 3.48 9.24 7.72
4.77 3.68 9.26 7.94
4.77 3.25 9.92 8.17
4.77 3.62 9.16 7.78
4.68 2.96 9.82 7.78
4.76 3.34 9.48 7.82
4.75 3.34 9.74 8.08
4.66 3.4 9.3 7.7
4.8 3.65 9.16 7.81
4.72 3.23 9.61 7.84
4.71 3.62 9.84 8.46
4.74 3.66 9.52 8.18
4.77 3.24 9.75 7.99
4.76 3.3 9.42 7.72
4.66 2.9 10.3 8.2
4.73 3.13 9.82 7.95
4.78 3.47 8.83 7.3
4.72 3.16 10.19 8.35
4.66 3.52 9.41 7.93
4.83 3.64 9.16 7.8
4.85 3.88 9.27 8.15
4.76 3.46 9.09 7.55
4.75 3.2 9.87 8.07
4.82 4.05 9.03 8.08
4.7 3.13 9.64 7.77
4.76 3.48 9.3 7.78
4.69 3.37 9.77 8.14
4.74 3.23 9.46 7.69
4.67 3.76 9.59 8.35
4.86 4.15 8.74 7.89
4.74 3.33 9.52 7.85
4.78 3.47 9.65 8.12
4.71 3.24 9.76 8.0
4.66 3.2 9.7 7.9
4.74 3.07 10.21 8.28
4.81 3.91 9.16 8.07
4.78 3.36 9.22 7.58
4.63 3.24 9.83 8.07
4.77 3.64 9.15 7.79
4.69 3.29 9.76 8.05
4.75 3.15 10.29 8.44
4.79 3.91 8.89 7.8
4.79 3.37 9.5 7.87
4.72 3.01 9.84 7.85
4.84 3.83 9.35 8.18
4.79 3.34 9.38 7.72
4.74 3.23 9.58 7.81
4.73 3.47 9.4 7.87
4.77 3.49 9.13 7.62
4.76 3.56 9.53 8.09
4.8 3.6 9.31 7.91
4.82 3.61 9.44 8.05
4.71 3.21 9.83 8.04
4.69 3.76 9.21 7.97
4.74 3.38 10.08 8.46
4.72 3.87 8.85 7.72
4.85 3.54 8.7 7.24
4.72 3.6 9.05 7.65
4.8 4.27 8.86 8.13
4.71 3.47 9.42 7.89
4.76 3.05 9.93 7.98
4.76 3.55 9.62 8.17
4.76 3.42 9.72 8.14
4.66 3.3 9.79 8.09
4.78 3.33 9.53 7.86
4.74 3.78 9.44 8.22
4.81 3.93 8.8 7.73
4.77 3.54 9.49 8.03
4.7 3.06 9.88 7.94
4.7 3.09 10.34 8.43
4.77 3.59 9.51 8.1
4.84 3.26 9.36 7.62
4.73 3.21 9.92 8.13
4.88 3.88 8.93 7.81
4.85 3.64 8.96 7.6
4.85 3.55 9.56 8.11
4.76 3.63 8.77 7.4
4.74 3.65 9.47 8.12
4.63 3.34 9.53 7.87
4.73 3.45 9.34 7.79
4.81 3.59 9.34 7.93
4.77 3.48 9.72 8.2
4.71 3.12 9.6 7.72
4.8 3.38 9.53 7.91
4.78 3.33 10.09 8.42
4.8 3.76 9.12 7.88
4.66 3.38 9.46 7.84
4.71 3.03 9.96 7.99
4.76 3.47 9.95 8.42
4.75 3.5 9.41 7.91
4.76 3.2 9.21 7.41
4.64 3.14 9.8 7.94
4.8 3.04 9.81 7.85
4.69 3.17 9.94 8.11
4.77 3.49 9.39 7.88
4.78 3.97 9.05 8.02
4.8 3.8 9.1 7.9
4.87 3.6 9.07 7.67
4.7 3.2 10.08 8.28
4.76 3.68 9.11 7.79
4.73 3.42 9.45 7.87
4.77 3.49 9.77 8.26
4.75 3.34 9.87 8.21
4.74 3.2 10.13 8.33
4.7 3.04 9.86 7.9
4.85 3.35 9.21 7.56
4.7 3.39 9.85 8.24
4.71 3.12 10.15 8.27
4.79 3.53 9.27 7.8
4.86 3.52 9.67 8.19
4.77 3.28 9.87 8.15
4.74 3.61 9.43 8.04
4.81 3.63 9.3 7.93
4.78 3.16 9.5 7.66
4.79 3.7 9.0 7.7
4.77 3.32 9.25 7.57
4.75 3.18 9.89 8.07
4.7 3.6 9.48 8.08
4.72 3.48 9.52 8.0
4.68 3.31 10.13 8.44
4.66 3.32 9.76 8.08
4.71 3.33 9.52 7.85
4.7 3.31 9.86 8.17
4.68 3.27 10.11 8.38
4.71 3.58 9.38 7.96
4.8 3.36 9.89 8.25
4.79 3.32 9.67 7.99
4.8 3.56 9.88 8.44
4.62 3.27 9.96 8.23
4.78 3.68 8.99 7.67
4.67 3.29 9.81 8.1
4.87 3.48 9.58 8.06
4.75 3.23 9.93 8.16
4.85 4.0 8.78 7.78
4.82 3.63 9.32 7.95
4.8 3.23 9.84 8.07
4.82 3.21 9.84 8.05
4.73 3.47 9.36 7.83
4.76 3.64 9.47 8.11
4.75 3.65 9.16 7.81
4.68 3.08 9.53 7.61
4.78 3.51 9.3 7.81
4.74 3.69 9.34 8.03
4.85 4.2 8.9 8.1
4.76 3.39 9.42 7.81
4.7 3.54 9.72 8.26
4.72 3.09 9.84 7.93
4.75 3.19 9.61 7.8
4.91 3.82 9.06 7.88
4.75 3.28 9.41 7.69
4.76 3.42 9.31 7.73
4.74 2.93 9.95 7.88
4.82 3.48 8.91 7.39
4.76 3.34 9.8 8.14
4.73 3.55 9.53 8.08
4.78 3.29 9.93 8.22
4.82 3.57 9.37 7.94
4.84 3.39 9.51 7.9
4.76 3.73 9.0 7.73
4.78 3.7 9.41 8.11
4.74 3.47 9.83 8.3
4.68 3.02 9.63 7.65
4.85 3.79 8.92 7.71
4.7 3.42 9.86 8.28
4.76 3.33 9.41 7.74
4.81 3.31 9.3 7.61
4.75 3.23 10.02 8.25
4.8 3.59 9.44 8.03
4.8 3.85 8.73 7.58
4.81 3.17 9.64 7.81
4.71 3.1 9.81 7.91
4.77 3.05 9.8 7.85
4.58 3.29 9.92 8.21
4.75 2.97 9.94 7.91
4.69 3.44 9.88 8.32
4.77 3.28 9.76 8.04
4.74 3.59 9.2 7.79
4.6 3.3 9.98 8.28
4.82 3.8 9.19 7.99
4.82 3.65 9.4 8.05
4.88 3.79 9.14 7.93
4.75 3.69 9.13 7.82
4.82 3.42 9.31 7.73
4.63 3.56 9.28 7.84
4.74 3.1 10.33 8.43
4.77 3.48 9.4 7.88
4.84 3.77 8.94 7.71
4.78 3.63 9.18 7.81
4.77 3.55 9.3 7.85
4.75 3.53 9.28 7.81
4.78 3.27 9.57 7.84
4.86 3.9 9.23 8.13
4.79 3.76 9.8 8.56
4.8 3.79 9.44 8.23
4.71 3.45 9.42 7.87
4.75 3.53 9.35 7.88
4.84 3.95 8.76 7.71
4.85 3.35 9.8 8.15
4.71 3.46 9.1 7.56
4.68 3.38 9.39 7.77
4.88 3.34 9.4 7.74
4.8 3.49 9.69 8.18
4.72 3.36 9.33 7.69
4.82 3.46 9.89 8.35
4.74 3.17 9.84 8.01
4.69 2.93 9.94 7.87
4.8 3.64 9.31 7.95
4.82 3.34 9.18 7.52
4.74 3.32 8.81 7.13
4.73 3.29 9.68 7.97
4.72 3.25 10.04 8.29
4.8 3.5 9.39 7.89
4.82 4.08 9.3 8.38
4.79 3.55 9.7 8.25
4.77 3.52 9.37 7.89
4.8 3.72 9.76 8.48
4.75 3.22 9.79 8.01
4.76 3.32 9.86 8.18
4.74 3.43 9.36 7.79
4.82 3.72 8.87 7.59
4.78 3.26 9.61 7.87
4.81 3.97 8.99 7.96
4.74 3.29 9.77 8.06
4.68 3.61 9.62 8.23
4.8 3.29 9.81 8.1
4.76 3.42 10.03 8.45
4.67 3.11 10.35 8.46
4.76 3.83 8.89 7.72
4.77 2.9 9.97 7.87
4.7 3.19 9.9 8.09
4.75 3.52 9.43 7.95
4.72 3.77 8.9 7.67
4.84 3.63 9.23 7.86
4.75 3.27 9.65 7.92
4.65 3.35 9.4 7.75
4.86 3.4 9.65 8.05
4.81 3.72 9.04 7.76
4.8 3.59 9.2 7.79
4.74 3.31 9.53 7.84
4.78 3.32 9.68 8.0
4.87 3.62 8.74 7.36
4.75 3.51 9.57 8.08
4.77 3.14 9.6 7.74
4.71 3.59 9.66 8.25
4.79 3.59 9.4 7.99
4.78 3.43 9.53 7.96
4.76 3.53 9.52 8.05
4.75 3.51 9.8 8.31
4.74 3.63 9.74 8.37
4.77 3.78 9.05 7.83
4.78 3.69 9.58 8.27
4.75 3.61 8.92 7.53
4.77 4.01 9.08 8.09
4.8 3.42 9.82 8.24
4.81 3.42 9.11 7.53
4.73 3.4 9.58 7.98
4.73 3.0 9.93 7.93
4.77 3.38 9.49 7.87
4.71 3.41 9.93 8.34
4.8 3.55 9.49 8.04
4.72 3.28 9.58 7.86
4.79 3.27 9.62 7.89
4.8 3.36 9.92 8.28
4.74 3.2 9.62 7.82
4.77 3.81 9.31 8.12
4.68 3.37 9.91 8.28
4.74 3.33 9.35 7.68
4.68 3.17 9.83 8.0
4.74 3.14 9.86 8.0
4.81 3.52 9.29 7.81
4.82 3.48 9.47 7.95
4.74 3.0 9.79 7.79
4.74 3.53 9.78 8.31
4.83 3.64 9.35 7.99
4.67 3.47 9.69 8.16
4.7 3.77 9.24 8.01
4.69 3.54 9.46 8.0
4.82 3.61 9.26 7.87
4.85 3.62 9.1 7.72
4.66 3.35 9.87 8.22
4.71 3.14 9.98 8.12
4.71 2.89 9.8 7.69
4.85 3.47 9.31 7.78
4.81 3.76 9.2 7.96
4.78 4.4 8.52 7.92
4.75 3.66 8.95 7.61
4.76 3.58 9.21 7.79
4.79 3.14 9.9 8.04
4.77 3.57 9.09 7.66
4.76 3.38 9.48 7.86
4.79 3.33 9.78 8.11
4.62 3.36 9.92 8.28
4.71 3.2 9.46 7.66
4.77 3.41 9.82 8.23
4.72 3.59 9.56 8.15
4.84 3.79 9.01 7.8
4.67 3.7 9.73 8.43
4.66 3.3 10.46 8.76
4.8 3.97 8.7 7.67
4.81 3.5 9.49 7.99
4.64 3.21 9.6 7.81
4.76 3.23 9.86 8.09
4.75 3.45 9.39 7.84
4.77 3.97 8.87 7.84
4.73 3.51 9.25 7.76
4.76 3.32 9.23 7.55
4.81 3.2 9.72 7.92
4.75 3.42 9.18 7.6
4.73 3.57 9.35 7.92
4.81 3.32 9.11 7.43
4.79 3.63 8.94 7.57
4.73 3.04 10.04 8.08
4.67 3.23 9.75 7.98
4.69 3.57 9.7 8.27
4.74 3.66 9.13 7.79
4.85 3.69 9.06 7.75
4.74 3.75 8.98 7.73
4.72 3.27 9.4 7.67
4.72 3.25 10.34 8.59
4.82 3.41 9.39 7.8
4.75 3.66 9.85 8.51
4.73 3.64 9.41 8.05
4.74 3.57 9.41 7.98
4.74 3.63 9.57 8.2
4.75 3.39 9.44 7.83
4.78 3.76 9.21 7.97
4.81 3.27 9.73 8.0
4.75 3.39 9.66 8.05
4.84 3.42 9.11 7.53
4.73 3.25 9.85 8.1
4.82 3.58 9.18 7.76
4.74 3.43 9.25 7.68
4.75 4.24 8.5 7.74
4.72 3.62 9.23 7.85
4.68 3.07 10.43 8.5
4.69 3.55 9.84 8.39
4.8 3.57 9.65 8.22
4.7 3.55 9.99 8.54
4.72 3.2 9.53 7.73
4.82 3.47 9.0 7.47
4.61 3.17 10.13 8.3
4.73 3.8 9.11 7.91
4.74 3.51 9.67 8.18
4.68 3.45 9.67 8.12
4.74 3.15 10.11 8.26
4.81 3.54 9.28 7.82
4.78 2.9 10.11 8.01
4.81 3.42 9.08 7.5
4.73 3.37 9.61 7.98
4.71 3.35 9.18 7.53
4.67 3.31 9.92 8.23
4.74 3.44 9.42 7.86
4.79 3.47 9.39 7.86
4.77 3.4 9.37 7.77
4.77 3.17 9.94 8.11
4.66 3.58 9.06 7.64
4.75 3.86 9.45 8.31
4.75 3.2 9.75 7.95
4.81 3.99 9.23 8.22
4.68 3.3 9.67 7.97
4.73 3.49 9.37 7.86
4.69 3.37 9.71 8.08
4.74 3.28 9.83 8.11
4.84 3.42 9.11 7.53
4.67 2.94 10.08 8.02
4.71 3.64 9.4 8.04
4.71 3.1 9.8 7.9
4.8 3.36 9.39 7.75
4.84 3.7 9.15 7.85
4.75 2.89 10.21 8.1
4.76 3.43 9.31 7.74
4.78 3.63 9.34 7.97
4.75 3.72 9.23 7.95
4.74 3.5 9.81 8.31
4.73 3.3 9.13 7.43
4.76 3.85 9.46 8.31
4.8 3.84 8.85 7.69
4.78 3.79 9.44 8.23
4.67 3.37 9.88 8.25
4.81 3.32 9.7 8.02
4.78 3.28 9.39 7.67
4.77 4.01 9.28 8.29
4.7 3.37 10.08 8.45
4.68 3.4 9.59 7.99
4.7 3.24 10.27 8.51
4.8 3.52 9.43 7.95
4.71 3.32 9.8 8.12
4.78 3.46 9.66 8.12
4.8 3.81 9.08 7.89
4.69 3.28 9.72 8.0
4.73 3.14 10.06 8.2
4.7 3.56 9.67 8.23
4.77 3.07 9.87 7.94
4.72 3.19 9.89 8.08
4.74 3.7 9.15 7.85
4.77 3.14 9.4 7.54
4.78 3.64 9.14 7.78
4.68 3.03 10.25 8.28
4.8 3.39 9.71 8.1
4.83 4.05 9.32 8.37
4.71 3.16 9.95 8.11
4.73 3.51 9.43 7.94
4.64 3.02 10.14 8.16
4.76 3.53 9.58 8.11
4.74 4.11 9.55 8.66
4.77 3.83 8.82 7.65
4.84 3.6 9.3 7.9
4.68 3.13 9.9 8.03
4.69 3.16 9.9 8.06
4.78 3.57 9.27 7.84
4.73 3.78 9.22 8.0
4.82 3.67 9.56 8.23
4.78 3.27 9.68 7.95
4.72 3.44 9.72 8.16
4.68 3.46 9.13 7.59
4.76 3.56 9.11 7.67
4.8 3.58 9.02 7.6
4.76 3.3 10.0 8.3
4.75 3.44 10.26 8.7
4.75 3.19 9.68 7.87
4.75 3.51 9.51 8.02
4.78 3.82 8.42 7.24
4.64 3.8 9.39 8.19
4.71 2.98 10.25 8.23
4.74 3.07 10.17 8.24
4.74 3.82 8.88 7.7
4.66 3.47 9.56 8.03
4.73 3.77 9.49 8.26
4.84 3.79 9.21 8.0
4.73 3.68 9.71 8.39
4.72 3.65 9.38 8.03
4.83 3.58 9.16 7.74
4.74 3.41 9.49 7.9
4.81 3.5 9.59 8.09
4.84 3.32 9.64 7.96
4.7 3.05 9.7 7.75
4.78 3.34 9.16 7.5
4.81 3.98 9.19 8.17
4.76 3.44 9.17 7.61
4.82 3.73 9.72 8.45
4.76 3.48 9.23 7.71
4.72 3.56 9.75 8.31
4.73 3.18 9.49 7.67
4.69 3.85 8.8 7.65
4.65 3.34 9.75 8.09
4.67 2.95 10.01 7.96
4.76 3.06 9.69 7.75
4.64 3.31 10.18 8.49
4.78 3.62 9.31 7.93
4.78 3.74 8.98 7.72
4.77 3.09 9.75 7.84
4.79 3.6 9.26 7.86
4.78 3.49 9.6 8.09
4.7 3.06 9.66 7.72
4.76 3.47 9.67 8.14
4.76 2.92 10.49 8.41
4.83 3.45 9.42 7.87
4.86 3.34 9.02 7.36
4.82 3.75 9.05 7.8
4.74 3.58 9.67 8.25
4.75 3.42 9.78 8.2
4.74 3.26 9.59 7.85
4.73 3.58 9.57 8.15
4.67 3.6 9.39 7.99
4.71 3.38 9.7 8.08
4.72 3.47 9.4 7.87
4.69 3.42 10.0 8.42
4.74 3.43 9.73 8.16
4.81 4.01 8.89 7.9
4.8 3.61 8.92 7.53
4.76 3.35 10.07 8.42
4.78 3.79 8.67 7.46
4.65 3.43 9.5 7.93
4.75 3.71 9.41 8.12
4.81 3.52 9.51 8.03
4.73 3.19 9.64 7.83
4.74 3.34 10.01 8.35
4.74 3.41 9.38 7.79
4.75 3.5 9.9 8.4
4.72 3.42 9.52 7.94
4.71 3.24 9.25 7.49
4.75 3.19 9.46 7.65
4.74 3.33 9.55 7.88
4.81 3.37 9.77 8.14
4.82 3.74 8.99 7.73
4.66 3.55 9.56 8.11
4.76 3.19 9.83 8.02
4.83 4.17 9.02 8.19
4.86 3.54 9.58 8.12
4.76 3.68 9.46 8.14
4.82 3.39 9.4 7.79
4.79 3.7 9.67 8.37
4.77 3.23 9.62 7.85
4.79 3.17 9.65 7.82
4.84 4.02 9.02 8.04
4.8 3.68 9.69 8.37
4.7 3.4 9.6 8.0
4.78 3.64 9.57 8.21
4.77 3.34 9.58 7.92
4.69 3.54 8.96 7.5
4.8 3.35 10.0 8.35
4.65 3.45 9.19 7.64
4.71 2.94 10.17 8.11
4.69 3.1 10.01 8.11
4.67 2.96 10.14 8.1
4.81 3.64 8.85 7.49
4.73 3.55 9.68 8.23
4.7 3.24 10.1 8.34
4.75 3.64 9.6 8.24
4.72 3.1 9.92 8.02
4.62 3.01 10.17 8.18
4.77 3.42 9.55 7.97
4.71 3.33 10.11 8.44
4.73 3.5 9.64 8.14
4.8 3.55 9.4 7.95
4.72 3.17 9.65 7.82
4.82 3.45 9.73 8.18
4.73 3.32 9.91 8.23
4.73 3.19 9.82 8.01
4.69 3.43 9.86 8.29
4.8 3.3 9.71 8.01
4.75 3.34 10.07 8.41
4.74 3.28 9.56 7.84
4.75 3.33 9.61 7.94
4.73 3.41 9.48 7.89
4.75 3.67 9.47 8.14
4.74 3.38 9.05 7.43
4.73 3.31 9.47 7.78
4.62 3.95 9.33 8.28
4.73 3.42 9.52 7.94
4.75 3.25 9.6 7.85
4.71 3.34 9.85 8.19
4.71 3.41 9.43 7.84
4.61 3.23 9.97 8.2
4.76 3.13 10.24 8.37
4.77 3.13 9.83 7.96
4.72 3.54 9.67 8.21
4.77 3.55 9.05 7.6
4.79 3.3 9.63 7.93
4.71 3.5 9.68 8.18
4.78 3.67 8.89 7.56
4.79 3.46 9.5 7.96
4.74 3.42 9.9 8.32
4.74 3.56 9.25 7.81
4.77 3.13 9.59 7.72
4.78 3.79 9.14 7.93
4.8 3.76 9.46 8.22
4.81 3.57 9.33 7.9
4.71 3.06 10.62 8.68
4.65 3.56 9.55 8.11
4.7 2.83 9.84 7.67
4.72 3.36 9.8 8.16
4.76 3.26 9.89 8.15
4.73 3.46 9.66 8.12
4.76 3.75 8.88 7.63
4.79 3.56 9.51 8.07
4.76 3.37 9.79 8.16
4.74 3.7 9.32 8.02
4.79 3.81 8.91 7.72
4.84 3.74 9.05 7.79
4.8 3.86 9.11 7.97
4.82 3.17 9.56 7.73
4.75 3.5 10.05 8.55
4.66 3.23 10.0 8.23
4.7 3.3 9.72 8.02
4.77 3.87 9.06 7.93
4.84 3.74 9.51 8.25
4.74 3.24 9.78 8.02
4.77 2.97 9.62 7.59
4.73 3.64 9.73 8.37
4.66 3.49 9.48 7.97
4.81 3.59 9.8 8.39
4.7 3.94 9.38 8.32
4.77 3.21 9.62 7.83
4.65 3.51 9.58 8.09
4.77 3.77 9.38 8.15
4.77 3.4 9.57 7.97
4.66 3.63 9.95 8.58
4.73 3.56 9.26 7.82
4.8 3.49 9.5 7.99
4.67 3.7 9.35 8.05
4.78 3.42 9.51 7.93
4.77 3.94 8.8 7.74
4.78 3.35 9.24 7.59
4.76 3.62 9.2 7.82
4.83 3.74 9.55 8.29
4.78 3.04 10.07 8.11
4.67 2.67 10.46 8.13
4.75 3.22 9.85 8.07
4.77 3.7 9.36 8.06
4.79 3.36 9.48 7.84
4.8 3.16 9.93 8.09
4.78 3.42 9.63 8.05
4.68 3.57 9.51 8.08
4.77 3.5 9.41 7.91
4.71 3.48 9.43 7.91
4.79 3.54 9.48 8.02
4.72 3.0 10.11 8.11
4.82 3.51 9.3 7.81
4.71 3.55 9.26 7.81
4.82 3.73 9.28 8.01
4.77 3.49 9.66 8.15
4.76 3.28 9.45 7.73
4.74 3.28 9.54 7.82
4.8 3.78 9.45 8.23
4.75 3.19 10.05 8.24
4.79 3.36 9.69 8.05
4.65 3.67 9.91 8.58
4.67 3.72 9.43 8.15
4.71 3.39 9.81 8.2
4.69 3.44 9.49 7.93
4.73 3.44 9.92 8.36
4.67 3.25 9.96 8.21
4.68 3.37 9.27 7.64
4.77 3.31 9.97 8.28
4.8 3.56 9.97 8.53
4.69 3.37 9.57 7.94
4.78 3.59 9.5 8.09
4.7 3.68 9.45 8.13
4.83 3.56 9.71 8.27
4.66 3.62 9.17 7.79
4.76 3.64 8.99 7.63
4.75 3.28 10.2 8.48
4.76 4.09 9.05 8.14
4.78 2.92 9.77 7.69
4.72 3.87 9.47 8.34
4.72 3.76 9.35 8.11
4.74 3.04 9.94 7.98
4.78 3.17 9.67 7.84
4.67 3.18 9.69 7.87
4.76 3.07 9.38 7.45
4.8 3.57 8.95 7.52
4.76 4.03 8.45 7.48
4.81 3.18 9.84 8.02
4.84 3.51 9.58 8.09
4.81 3.5 9.39 7.89
4.74 3.33 10.38 8.71
4.79 3.71 9.18 7.89
4.76 3.45 9.35 7.8
4.7 3.48 10.01 8.49
4.79 3.28 10.02 8.3
4.86 3.68 8.82 7.5
4.78 3.24 9.54 7.78
4.77 3.61 9.33 7.94
4.75 3.21 10.12 8.33
4.78 3.35 9.36 7.71
4.78 3.76 9.23 7.99
4.8 3.5 9.19 7.69
4.79 3.38 9.63 8.01
4.76 2.96 9.47 7.43
4.78 3.71 8.99 7.7
4.76 3.51 9.26 7.77
4.73 3.39 9.58 7.97
4.77 3.85 8.88 7.73
4.75 3.83 9.6 8.43
4.79 3.62 9.44 8.06
4.79 4.04 8.7 7.74
4.75 3.28 9.52 7.8
4.88 3.94 8.81 7.75
4.73 3.68 9.56 8.24
4.83 4.03 8.36 7.39
4.86 3.91 8.95 7.86
4.84 3.45 8.91 7.36
4.73 3.04 9.84 7.88
4.72 3.65 9.47 8.12
4.72 3.56 9.16 7.72
4.61 3.67 9.41 8.08
4.74 3.38 9.36 7.74
4.79 3.63 9.21 7.84
4.69 3.47 9.68 8.15
4.73 3.17 10.23 8.4
4.7 3.56 9.44 8.0
4.8 4.16 8.91 8.07
4.71 3.21 9.89 8.1
4.74 3.16 9.7 7.86
4.72 3.61 9.85 8.46
4.68 3.06 10.09 8.15
4.84 3.79 9.44 8.23
4.74 3.49 9.59 8.08
4.76 3.59 9.26 7.85
4.79 3.3 9.61 7.91
4.76 3.14 9.81 7.95
4.72 3.22 9.97 8.19
4.76 3.51 9.35 7.86
4.83 3.43 9.09 7.52
4.71 3.19 9.37 7.56
4.71 3.04 10.04 8.08
4.72 3.38 9.21 7.59
4.79 3.39 9.75 8.14
4.79 3.35 10.01 8.36
4.76 3.48 9.22 7.7
4.86 3.4 9.53 7.93
4.65 3.61 9.45 8.06
4.76 3.33 9.58 7.91
4.69 3.25 10.05 8.3
4.7 3.53 9.57 8.1
4.83 3.9 8.89 7.79
4.72 3.45 10.1 8.55
4.79 3.9 8.86 7.76
4.75 3.81 9.31 8.12
4.8 3.54 9.44 7.98
4.75 3.27 9.21 7.48
4.73 3.58 9.7 8.28
4.8 3.68 9.46 8.14
4.77 3.66 9.22 7.88
4.71 3.62 8.43 7.05
4.75 3.43 9.77 8.2
4.62 3.02 10.21 8.23
4.76 3.34 9.76 8.1
4.67 2.95 9.9 7.85
4.79 3.39 9.7 8.09
4.73 3.39 9.99 8.38
4.72 3.57 9.25 7.82
4.72 3.52 9.1 7.62
4.77 3.36 9.32 7.68
4.74 3.18 9.69 7.87
4.6 3.11 9.86 7.97
4.7 3.4 9.94 8.34
4.87 3.48 9.87 8.35
4.63 3.18 9.98 8.16
4.71 3.9 9.34 8.24
4.91 3.74 9.33 8.07
4.73 3.66 9.26 7.92
4.76 3.55 9.34 7.89
4.72 3.5 9.94 8.44
4.82 3.55 9.57 8.12
4.73 3.29 9.71 8.0
4.72 3.19 9.81 8.0
4.8 3.23 9.79 8.02
4.74 3.66 9.47 8.13
4.73 3.02 9.86 7.88
4.82 3.35 9.75 8.1
4.78 3.29 9.53 7.82
4.82 3.4 9.57 7.97
4.69 3.69 9.22 7.91
4.75 3.97 9.21 8.18
4.8 4.07 9.09 8.16
4.6 3.23 9.94 8.17
4.8 3.32 9.78 8.1
4.84 3.55 9.47 8.02
4.8 3.38 9.85 8.23
4.84 3.63 9.24 7.87
4.79 3.61 8.94 7.55
4.8 3.36 10.22 8.58
4.78 3.53 9.11 7.64
4.73 2.97 9.71 7.68
4.74 3.64 9.78 8.42
4.68 3.41 9.51 7.92
4.67 3.28 9.89 8.17
4.85 3.67 9.23 7.9
4.74 3.36 10.1 8.46
4.76 3.02 10.07 8.09
4.7 3.04 9.69 7.73
4.76 3.39 9.22 7.61
4.75 3.57 9.33 7.9
4.7 3.22 10.06 8.28
4.73 3.39 9.54 7.93
4.82 3.2 9.93 8.13
4.77 3.41 9.45 7.86
4.78 3.53 9.3 7.83
4.83 3.33 9.88 8.21
4.69 3.19 9.86 8.05
4.83 4.03 9.07 8.1
4.81 3.49 9.44 7.93
4.73 3.34 9.74 8.08
4.84 3.08 9.88 7.96
4.71 3.25 9.78 8.03
4.7 3.17 9.82 7.99
4.75 3.55 9.39 7.94
4.72 3.15 9.85 8.0
4.75 3.22 9.5 7.72
4.74 3.19 9.97 8.16
4.75 3.3 9.56 7.86
4.74 3.52 9.39 7.91
4.78 3.48 9.21 7.69
4.76 3.42 9.39 7.81
4.74 2.98 9.74 7.72
4.8 3.72 8.69 7.41
4.75 3.07 9.54 7.61
4.78 3.09 9.89 7.98
4.82 3.67 9.38 8.05
4.72 3.52 9.56 8.08
4.73 3.0 9.78 7.78
4.68 3.47 9.49 7.96
4.73 3.45 9.47 7.92
4.76 3.46 9.56 8.02
4.8 3.39 9.71 8.1
4.79 3.47 9.78 8.25
4.74 3.6 9.61 8.21
4.73 3.1 10.04 8.14
4.75 3.43 9.64 8.07
4.76 3.52 9.74 8.26
4.75 3.37 9.61 7.98
4.74 3.32 9.77 8.09
4.75 3.15 9.81 7.96
4.71 3.59 9.02 7.61
4.76 3.59 8.97 7.56
4.74 3.6 9.28 7.88
4.79 4.05 9.64 8.69
4.77 3.25 9.97 8.22
4.79 3.6 9.34 7.94
4.7 3.31 9.67 7.98
4.67 3.45 9.57 8.02
4.68 3.14 10.05 8.19
4.82 3.83 8.97 7.8
4.75 3.43 9.65 8.08
4.71 3.26 9.92 8.18
4.7 3.25 9.49 7.74
4.78 3.08 10.37 8.45
4.75 3.81 9.32 8.13
4.84 3.52 9.37 7.89
4.75 3.21 10.15 8.36
4.73 3.26 9.9 8.16
4.84 3.55 9.27 7.82
4.77 3.94 9.3 8.24
4.66 3.38 9.76 8.14
4.73 3.23 9.58 7.81
4.78 3.47 9.81 8.28
4.85 3.17 9.89 8.06
4.72 2.7 9.72 7.42
4.65 3.47 9.71 8.18
4.8 3.59 9.21 7.8
4.8 3.78 9.02 7.8
4.71 3.0 10.19 8.19
4.74 3.9 9.26 8.16
4.86 3.67 8.94 7.61
4.84 3.72 9.04 7.76
4.76 3.44 9.29 7.73
4.69 3.4 9.99 8.39
4.77 3.23 9.28 7.51
4.66 2.98 10.06 8.04
4.8 3.65 9.58 8.23
4.74 3.47 9.41 7.88
4.82 3.6 9.15 7.75
4.73 3.41 9.52 7.93
4.72 3.47 9.31 7.78
4.78 3.81 9.27 8.08
4.72 3.88 8.89 7.77
4.65 3.02 10.2 8.22
4.76 3.62 9.6 8.22
4.81 3.47 9.76 8.23
4.68 3.63 8.95 7.58
4.74 3.18 9.92 8.1
4.78 3.66 9.53 8.19
4.71 2.86 9.64 7.5
4.65 3.08 9.82 7.9
4.83 4.05 8.52 7.57
4.75 3.54 9.41 7.95
4.82 3.17 9.82 7.99
4.77 3.33 10.08 8.41
4.82 3.88 9.08 7.96
4.82 3.64 9.32 7.96
4.81 3.46 9.3 7.76
4.8 3.65 9.21 7.86
4.74 3.37 9.45 7.82
4.78 4.21 8.4 7.61
4.72 3.46 9.25 7.71
4.71 3.94 9.3 8.24
4.82 3.9 9.27 8.17
4.83 3.32 9.2 7.52
4.71 3.29 9.82 8.11
4.84 3.59 9.59 8.18
4.67 3.51 9.65 8.16
4.78 3.64 9.45 8.09
4.81 3.88 8.67 7.55
4.74 3.45 9.43 7.88
4.73 3.56 9.32 7.88
4.72 3.53 9.64 8.17
4.77 3.3 9.5 7.8
4.7 3.36 9.88 8.24
4.73 3.77 9.35 8.12
4.76 3.99 8.99 7.98
4.83 3.44 9.11 7.55
4.85 3.26 9.68 7.94
4.72 3.04 9.79 7.83
4.8 3.63 9.54 8.17
4.75 3.24 9.55 7.79
4.75 3.84 9.02 7.86
4.77 3.23 9.93 8.16
4.69 3.64 9.71 8.35
4.75 3.46 9.57 8.03
4.7 3.32 9.96 8.28
4.79 3.35 9.33 7.68
4.74 3.13 9.64 7.77
4.83 3.33 9.48 7.81
4.83 3.64 8.72 7.36
4.83 3.86 9.47 8.33
4.8 3.67 9.75 8.42
4.8 3.47 9.64 8.11
4.85 3.57 9.35 7.92
4.77 3.42 9.31 7.73
4.8 4.06 8.97 8.03
4.79 3.34 9.6 7.94
4.63 3.24 9.64 7.88
4.66 3.69 9.51 8.2
4.75 3.71 9.19 7.9
4.75 3.38 9.7 8.08
4.8 3.79 9.68 8.47
4.61 3.04 9.86 7.9
4.77 3.74 8.98 7.72
4.68 3.46 9.39 7.85
4.83 3.6 9.72 8.32
4.69 3.83 9.48 8.31
4.8 2.74 9.78 7.52
4.78 3.77 9.18 7.95
4.75 3.35 9.79 8.14
4.63 3.1 9.81 7.91
4.78 3.65 9.23 7.88
4.76 3.39 9.89 8.28
4.82 3.44 9.74 8.18
4.68 3.05 10.25 8.3
4.71 3.18 9.24 7.42
4.71 3.34 9.42 7.76
4.72 3.13 10.04 8.17
4.77 3.42 9.72 8.14
4.8 3.22 9.19 7.41
4.85 4.17 8.51 7.68
4.74 3.67 9.64 8.31
4.75 3.49 9.55 8.04
4.79 3.65 8.95 7.6
4.76 3.46 10.05 8.51
4.75 3.43 9.67 8.1
4.7 3.48 9.71 8.19
4.8 3.7 9.19 7.89
4.73 3.21 9.65 7.86
4.69 3.53 9.25 7.78
4.73 2.96 10.11 8.07
4.74 3.5 9.5 8.0
4.71 3.63 9.3 7.93
4.75 3.23 9.61 7.84
4.72 3.51 9.7 8.21
4.77 3.91 9.37 8.28
4.73 3.16 9.79 7.95
4.76 3.55 9.2 7.75
4.81 3.31 9.54 7.85
4.71 3.23 9.3 7.53
4.74 3.52 9.42 7.94
4.78 3.33 10.06 8.39
4.72 3.47 9.74 8.21
4.7 3.16 9.84 8.0
4.74 3.47 9.41 7.88
4.8 3.48 9.68 8.16
4.8 3.34 9.6 7.94
4.73 3.25 9.61 7.86
4.7 3.23 9.42 7.65
4.71 3.33 9.5 7.83
4.65 2.83 10.82 8.65
4.78 3.3 9.27 7.57
4.74 3.43 9.69 8.12
4.73 3.14 9.74 7.88
4.71 3.32 9.86 8.18
4.7 3.5 9.63 8.13
4.73 3.54 10.0 8.54
4.77 4.06 8.84 7.9
4.81 3.28 9.89 8.17
4.76 3.97 9.25 8.22
4.81 3.72 9.36 8.08
4.76 4.04 8.93 7.97
4.73 3.68 9.55 8.23
4.74 3.64 9.56 8.2
4.73 3.02 10.06 8.08
4.73 3.28 9.95 8.23
4.71 3.57 9.37 7.94
4.74 3.22 9.54 7.76
4.73 3.6 9.61 8.21
4.79 3.22 9.81 8.03
4.79 3.22 9.22 7.44
4.75 3.63 9.59 8.22
4.65 2.98 10.03 8.01
4.75 3.28 9.76 8.04
4.7 3.35 9.51 7.86
4.82 3.26 9.72 7.98
4.84 4.18 8.83 8.01
4.78 3.4 9.64 8.04
4.74 3.36 9.5 7.86
4.73 3.58 9.94 8.52
4.73 3.57 9.51 8.08
4.74 3.57 9.58 8.15
4.71 3.31 9.93 8.24
4.7 3.28 9.85 8.13
4.81 3.4 9.32 7.72
4.63 3.06 10.33 8.39
4.78 4.07 8.67 7.74
4.85 3.77 9.35 8.12
4.77 3.28 10.0 8.28
4.78 3.64 9.54 8.18
4.76 3.37 10.12 8.49
4.77 3.38 9.48 7.86
4.77 3.47 9.48 7.95
4.82 3.99 9.2 8.19
4.71 3.21 9.99 8.2
4.77 3.89 8.84 7.73
4.73 3.38 10.13 8.51
4.78 3.7 8.93 7.63
4.76 3.58 9.62 8.2
4.7 3.37 9.43 7.8
4.71 3.34 9.66 8.0
4.79 3.69 9.54 8.23
4.65 3.37 9.45 7.82
4.71 3.72 9.28 8.0
4.74 3.28 9.91 8.19
4.68 3.24 9.34 7.58
4.77 3.4 9.25 7.65
4.76 3.4 9.64 8.04
4.71 3.72 9.57 8.29
4.69 3.76 9.12 7.88
4.66 3.24 10.07 8.31
4.78 3.6 9.38 7.98
4.76 3.29 9.82 8.11
4.7 3.29 9.98 8.27
4.82 3.22 9.69 7.91
4.77 3.62 9.74 8.36
4.74 3.58 9.51 8.09
4.72 3.48 9.8 8.28
4.67 3.01 9.48 7.49
4.81 3.59 9.82 8.41
4.68 3.56 9.68 8.24
4.61 2.6 10.52 8.12
4.74 3.43 9.82 8.25
4.68 3.09 9.63 7.72
4.72 2.94 9.92 7.86
4.79 3.31 9.52 7.83
4.7 3.71 9.27 7.98
4.76 3.59 9.36 7.95
4.7 3.15 9.85 8.0
4.78 3.81 9.0 7.81
4.81 3.29 9.81 8.1
4.71 3.26 9.58 7.84
4.8 3.45 9.13 7.58
4.72 3.74 9.21 7.95
4.75 3.12 9.91 8.03
4.77 3.43 9.45 7.88
4.75 3.48 9.93 8.41
4.68 3.3 9.84 8.14
4.8 3.23 9.53 7.76
4.74 3.74 9.84 8.58
4.74 3.66 9.0 7.66
4.79 3.27 9.66 7.93
4.75 3.39 9.29 7.68
4.65 3.23 9.91 8.14
4.72 3.85 9.06 7.91
4.73 3.15 10.05 8.2
4.8 4.12 8.64 7.76
4.63 3.15 9.43 7.58
4.8 3.21 9.52 7.73
4.79 4.02 8.35 7.37
4.66 3.4 10.0 8.4
4.8 3.56 9.31 7.87
4.77 3.86 9.22 8.08
4.88 3.93 8.69 7.62
4.74 3.56 9.19 7.75
4.82 3.48 9.49 7.97
4.75 3.21 9.89 8.1
4.74 3.35 9.31 7.66
4.77 3.13 9.99 8.12
4.78 3.81 8.98 7.79
4.83 3.9 9.14 8.04
4.8 3.72 9.0 7.72
4.76 3.65 9.14 7.79
4.62 3.06 10.16 8.22
4.87 3.27 9.38 7.65
4.76 3.06 10.4 8.46
4.8 3.17 9.69 7.86
4.78 3.97 8.72 7.69
4.75 3.68 8.89 7.57
4.74 3.53 9.71 8.24
4.82 3.3 9.42 7.72
4.73 3.88 8.7 7.58
4.67 3.03 10.18 8.21
4.69 3.65 9.2 7.85
4.79 3.13 9.8 7.93
4.79 3.71 9.64 8.35
4.81 3.72 9.4 8.12
4.76 3.54 9.39 7.93
4.72 3.49 9.48 7.97
4.66 3.07 10.29 8.36
4.8 3.8 9.44 8.24
4.69 3.29 9.96 8.25
4.77 3.43 9.45 7.88
4.71 3.81 9.28 8.09
4.82 3.71 9.32 8.03
4.81 3.61 9.75 8.36
4.61 2.74 10.18 7.92
4.69 3.51 9.8 8.31
4.75 3.49 9.34 7.83
4.77 3.65 9.2 7.85
4.72 3.42 9.74 8.16
4.77 3.49 9.24 7.73
4.72 3.23 9.14 7.37
4.81 3.43 9.94 8.37
4.69 3.33 9.97 8.3
4.61 2.97 10.11 8.08
4.63 3.39 9.6 7.99
4.65 3.71 9.33 8.04
4.76 3.33 9.29 7.62
4.81 3.32 10.1 8.42
4.7 3.05 10.32 8.37
4.69 3.54 9.1 7.64
4.77 3.42 9.48 7.9
4.88 3.71 9.32 8.03
4.71 2.89 10.01 7.9
4.74 3.51 9.67 8.18
4.84 3.53 9.46 7.99
4.8 3.55 9.31 7.86
4.77 3.22 9.67 7.89
4.73 3.0 9.75 7.75
4.67 2.76 10.28 8.04
4.83 3.95 8.96 7.91
4.74 3.05 9.81 7.86
4.83 3.61 8.78 7.39
4.73 3.48 9.68 8.16
4.8 3.68 10.32 9.0
4.65 3.11 10.19 8.3
4.76 3.41 9.56 7.97
4.7 3.15 9.84 7.99
4.63 3.16 10.0 8.16
4.79 3.68 9.29 7.97
4.62 3.28 9.68 7.96
4.75 3.38 9.97 8.35
4.65 3.3 9.66 7.96
4.72 3.4 9.27 7.67
4.75 3.31 9.65 7.96
4.61 3.5 10.14 8.64
4.73 3.25 9.89 8.14
4.8 3.62 9.48 8.1
4.81 3.35 9.39 7.74
4.74 3.57 9.16 7.73
4.75 3.69 9.54 8.23
4.68 3.55 9.3 7.85
4.78 3.41 9.39 7.8
4.8 3.81 8.65 7.46
4.61 3.67 9.37 8.04
4.8 3.58 9.05 7.63
4.76 3.43 9.87 8.3
4.88 3.99 8.33 7.32
4.78 3.47 9.79 8.26
4.62 3.14 9.88 8.02
4.68 3.29 9.95 8.24
4.75 3.51 8.83 7.34
4.85 3.74 9.13 7.87
4.84 3.57 9.38 7.95
4.86 3.67 9.2 7.87
4.75 3.76 9.31 8.07
4.8 3.31 9.98 8.29
4.85 3.44 9.13 7.57
4.82 3.47 9.44 7.91
4.85 3.6 9.59 8.19
4.83 3.67 9.46 8.13
4.76 3.51 10.12 8.63
4.79 3.26 9.51 7.77
4.79 3.95 9.35 8.3
4.76 3.65 9.49 8.14
4.75 3.44 9.48 7.92
4.76 3.44 9.18 7.62
4.77 3.59 9.5 8.09
4.7 3.18 9.67 7.85
4.78 3.42 9.2 7.62
4.79 3.85 8.86 7.71
4.72 3.66 9.62 8.28
4.76 3.52 9.72 8.24
4.7 3.29 9.96 8.25
4.73 3.74 9.42 8.16
4.81 3.73 9.0 7.73
4.76 3.65 9.41 8.06
4.7 3.35 9.26 7.61
4.74 4.02 9.41 8.43
4.72 3.67 9.01 7.68
4.74 3.41 9.88 8.29
4.8 3.17 9.89 8.06
4.69 3.72 9.78 8.5
4.83 3.63 9.18 7.81
4.78 3.4 9.66 8.06
4.8 3.22 9.55 7.77
4.75 3.85 8.94 7.79
4.76 3.29 10.27 8.56
4.79 3.69 8.97 7.66
4.81 3.89 8.67 7.56
4.74 3.69 9.26 7.95
4.79 3.36 9.4 7.76
4.77 3.28 9.73 8.01
4.77 3.09 9.5 7.59
4.82 3.58 9.72 8.3
4.82 3.68 9.39 8.07
4.79 3.66 9.47 8.13
4.78 3.54 9.67 8.21
4.75 3.38 9.7 8.08
4.79 3.81 8.95 7.76
4.72 3.06 9.59 7.65
4.77 3.46 9.63 8.09
4.71 3.33 10.04 8.37
4.84 3.78 8.94 7.72
4.77 3.51 9.36 7.87
4.77 3.0 9.85 7.85
4.86 3.51 9.23 7.74
4.73 3.33 10.07 8.4
4.79 3.75 8.83 7.58
4.65 3.21 9.65 7.86
4.76 3.34 9.25 7.59
4.77 3.18 9.46 7.64
4.73 3.38 9.73 8.11
4.73 3.48 9.65 8.13
4.7 3.38 9.49 7.87
4.71 3.12 10.2 8.32
4.76 3.52 9.42 7.94
4.75 3.41 9.71 8.12
4.69 3.42 9.78 8.2
4.59 3.54 9.89 8.43
4.82 3.66 9.12 7.78
4.67 3.47 9.51 7.98
4.7 3.13 10.11 8.24
4.78 3.13 9.56 7.69
4.7 3.52 9.68 8.2
4.79 3.86 9.05 7.91
4.65 3.29 9.76 8.05
4.73 3.62 9.52 8.14
4.75 3.43 9.51 7.94
4.75 3.41 9.62 8.03
4.75 3.19 9.63 7.82
4.68 3.05 9.64 7.69
4.79 3.74 9.17 7.91
4.76 3.76 9.0 7.76
4.73 3.65 9.73 8.38
4.77 3.58 9.11 7.69
4.75 3.38 9.97 8.35
4.79 3.53 9.27 7.8
4.74 3.03 9.92 7.95
4.69 3.07 9.92 7.99
4.82 3.11 10.21 8.32
4.7 3.18 9.89 8.07
4.72 3.06 9.66 7.72
4.84 3.71 9.4 8.11
4.7 2.99 9.87 7.86
4.75 3.52 9.54 8.06
4.66 3.23 10.0 8.23
4.79 3.61 9.22 7.83
4.79 3.62 9.22 7.84
4.77 3.67 9.35 8.02
4.78 3.54 9.71 8.25
4.8 3.53 9.17 7.7
4.76 3.43 9.51 7.94
4.66 3.7 9.61 8.31
4.74 3.46 9.41 7.87
4.75 3.75 8.91 7.66
4.77 3.48 9.16 7.64
4.78 3.34 8.98 7.32
4.74 3.68 9.65 8.33
4.68 3.62 9.26 7.88
4.7 3.04 10.01 8.05
4.71 3.35 9.7 8.05
4.77 3.4 9.72 8.12
4.63 2.99 10.29 8.28
4.86 3.5 9.0 7.5
4.8 3.69 9.32 8.01
4.79 3.62 9.37 7.99
4.79 3.92 9.32 8.24
4.77 3.19 9.56 7.75
4.7 3.38 9.36 7.74
4.83 3.6 8.53 7.13
4.76 3.7 9.75 8.45
4.77 3.26 10.1 8.36
4.77 3.58 9.25 7.83
4.82 3.39 9.6 7.99
4.68 3.14 9.85 7.99
4.74 3.58 9.37 7.95
4.8 3.83 9.22 8.05
4.8 3.71 9.09 7.8
4.69 3.24 9.92 8.16
4.75 3.83 9.2 8.03
4.72 3.24 9.62 7.86
4.66 3.34 9.19 7.53
4.72 3.76 8.92 7.68
4.75 3.28 9.62 7.9
4.67 3.31 9.3 7.61
4.78 3.37 9.18 7.55
4.71 3.64 9.74 8.38
4.79 3.57 9.26 7.83
4.76 3.34 9.31 7.65
4.75 3.41 9.24 7.65
4.76 3.77 9.04 7.81
4.73 3.7 9.17 7.87
4.73 3.35 9.67 8.02
4.77 2.94 10.05 7.99
4.7 3.76 9.02 7.78
4.82 3.74 9.22 7.96
4.77 3.54 9.02 7.56
4.79 3.47 8.94 7.41
4.78 3.55 9.28 7.83
4.77 3.58 9.17 7.75
4.69 3.59 9.7 8.29
4.78 3.71 9.52 8.23
4.76 3.5 9.89 8.39
4.72 3.12 9.55 7.67
4.81 4.11 8.87 7.98
4.74 3.03 9.82 7.85
4.8 4.06 8.35 7.41
4.64 2.68 10.56 8.24
4.76 3.22 9.73 7.95
4.67 2.91 10.23 8.14
4.76 3.52 9.34 7.86
4.75 3.22 10.0 8.22
4.7 3.49 9.76 8.25
4.75 3.44 9.81 8.25
4.66 3.42 9.97 8.39
4.75 3.48 9.68 8.16
4.63 2.87 10.0 7.87
4.75 3.23 10.28 8.51
4.73 3.46 9.64 8.1
4.74 3.49 8.81 7.3
4.81 3.51 9.02 7.53
4.79 3.4 9.7 8.1
4.71 3.27 9.76 8.03
4.65 3.2 9.83 8.03
4.65 3.0 10.24 8.24
4.75 3.7 9.49 8.19
4.71 3.39 9.85 8.24
4.75 3.64 9.5 8.14
4.77 3.93 8.74 7.67
4.83 3.37 9.33 7.7
4.83 3.54 9.09 7.63
4.77 3.44 9.41 7.85
4.77 3.5 10.24 8.74
4.71 2.84 10.39 8.23
4.79 3.45 10.18 8.63
4.77 3.89 8.96 7.85
4.82 3.67 9.16 7.83
4.79 3.28 9.82 8.1
4.81 3.6 9.21 7.81
4.76 2.89 10.32 8.21
4.73 3.34 9.76 8.1
4.84 3.58 9.38 7.96
4.82 3.73 9.14 7.87
4.77 4.1 9.11 8.21
4.78 3.6 9.53 8.13
4.73 3.44 9.61 8.05
4.79 3.37 9.42 7.79
4.77 3.75 8.68 7.43
4.81 3.89 9.56 8.45
4.7 3.33 9.6 7.93
4.79 3.13 10.21 8.34
4.76 3.49 9.61 8.1
4.77 3.63 9.26 7.89
4.81 3.66 8.96 7.62
4.73 3.33 10.01 8.34
4.84 3.5 9.27 7.77
4.78 3.58 9.2 7.78
4.67 3.48 9.64 8.12
4.75 3.42 9.46 7.88
4.78 3.37 9.54 7.91
4.68 3.52 9.42 7.94
4.81 3.61 9.2 7.81
4.81 3.41 9.68 8.09
4.76 3.72 9.25 7.97
4.74 3.73 9.1 7.83
4.71 3.25 9.9 8.15
4.74 2.98 9.82 7.8
4.7 3.38 9.58 7.96
4.79 3.38 9.46 7.84
4.71 3.85 9.41 8.26
4.76 3.15 9.86 8.01
4.67 3.37 9.66 8.03
4.84 3.64 9.21 7.85
4.77 3.62 8.56 7.18
4.73 3.58 9.63 8.21
4.79 3.35 9.59 7.94
4.73 3.38 9.73 8.11
4.78 3.37 9.28 7.65
4.82 3.48 9.41 7.89
4.83 3.69 9.17 7.86
4.87 4.07 8.38 7.45
4.69 3.29 9.88 8.17
4.73 3.33 9.4 7.73
4.68 3.62 9.39 8.01
4.83 3.45 9.81 8.26
4.82 3.59 9.16 7.75
4.73 3.18 9.89 8.07
4.67 2.91 10.05 7.96
4.74 3.74 9.68 8.42
4.77 3.79 9.29 8.08
4.72 4.02 9.7 8.72
4.76 3.2 9.67 7.87
4.78 3.24 9.22 7.46
4.68 3.08 10.02 8.1
4.85 3.76 8.87 7.63
4.78 3.16 9.75 7.91
4.81 3.89 8.75 7.64
4.8 3.76 9.56 8.32
4.69 3.14 9.78 7.92
4.81 4.03 8.48 7.51
4.69 3.3 9.83 8.13
4.75 3.27 9.76 8.03
4.73 3.91 9.08 7.99
4.67 3.24 10.03 8.27
4.79 3.59 9.25 7.84
4.71 3.24 9.96 8.2
4.85 3.13 9.52 7.65
4.73 3.16 10.08 8.24
4.8 3.77 9.23 8.0
4.73 3.76 9.52 8.28
4.83 3.56 9.56 8.12
4.69 2.96 10.13 8.09
4.75 3.5 9.5 8.0
4.81 3.32 9.41 7.73
4.78 3.26 9.64 7.9
4.87 3.63 9.54 8.17
4.79 3.65 9.42 8.07
4.66 2.97 9.76 7.73
4.72 3.18 9.58 7.76
4.77 3.33 9.55 7.88
4.78 3.76 8.77 7.53
4.87 4.01 9.53 8.54
4.69 3.36 9.79 8.15
4.73 3.5 9.32 7.82
4.73 3.25 9.48 7.73
4.79 3.51 9.38 7.89
4.65 3.42 9.58 8.0
4.69 3.0 10.16 8.16
4.76 3.8 9.42 8.22
4.78 3.7 8.9 7.6
4.81 3.25 10.07 8.32
4.73 3.15 9.52 7.67
4.74 3.53 9.06 7.59
4.54 3.62 9.71 8.33
4.79 3.81 9.42 8.23
4.78 3.27 10.31 8.58
4.72 3.77 9.72 8.49
4.68 3.3 9.76 8.06
4.7 3.34 9.83 8.17
4.79 3.67 9.52 8.19
4.75 3.41 9.65 8.06
4.76 3.47 9.2 7.67
4.77 3.39 9.34 7.73
4.65 2.96 10.53 8.49
4.78 3.43 9.94 8.37
4.78 3.34 9.42 7.76
4.82 3.95 9.29 8.24
4.73 3.23 9.77 8.0
4.7 3.49 9.09 7.58
4.81 4.06 8.8 7.86
4.78 3.61 9.22 7.83
4.76 3.44 9.2 7.64
4.72 3.4 9.33 7.73
4.73 3.34 9.25 7.59
4.74 3.24 9.48 7.72
4.76 3.44 9.71 8.15
4.8 3.39 9.74 8.13
4.73 3.8 9.31 8.11
4.79 3.7 9.33 8.03
4.69 3.61 9.38 7.99
4.73 3.25 9.31 7.56
4.74 3.39 9.77 8.16
4.79 3.43 9.35 7.78
4.77 3.81 9.03 7.84
4.62 3.13 10.14 8.27
4.69 3.02 10.22 8.24
4.65 3.29 9.4 7.69
4.79 3.33 9.21 7.54
4.63 3.03 9.74 7.77
4.78 3.61 8.97 7.58
4.78 3.4 9.62 8.02
4.72 3.19 9.46 7.65
4.72 3.54 9.54 8.08
4.65 3.1 10.06 8.16
4.75 3.45 9.44 7.89
4.78 3.83 9.03 7.86
4.8 3.46 9.41 7.87
4.74 3.36 9.55 7.91
4.87 3.59 9.24 7.83
4.77 3.18 9.46 7.64
4.72 3.3 10.01 8.31
4.83 3.4 9.47 7.87
4.85 3.56 9.9 8.46
4.85 3.56 8.99 7.55
4.74 3.54 9.8 8.34
4.73 3.84 9.64 8.48
4.68 3.36 9.48 7.84
4.82 3.79 8.71 7.5
4.71 3.54 9.2 7.74
4.75 3.59 9.2 7.79
4.75 3.3 9.97 8.27
4.79 3.67 9.26 7.93
4.81 3.76 9.01 7.77
4.85 3.19 10.11 8.3
4.81 3.64 9.25 7.89
4.83 3.52 8.95 7.47
4.69 3.42 9.78 8.2
4.71 3.13 10.06 8.19
4.67 3.46 9.31 7.77
4.71 3.51 9.24 7.75
4.73 3.66 9.53 8.19
4.84 3.66 9.24 7.9
4.84 3.88 9.23 8.11
4.8 3.45 9.49 7.94
4.81 3.53 9.52 8.05
4.73 3.19 9.84 8.03
4.72 3.35 9.7 8.05
4.83 3.64 9.49 8.13
4.72 3.87 9.03 7.9
4.79 3.95 9.02 7.97
4.73 3.58 9.71 8.29
4.81 3.82 9.03 7.85
4.7 3.54 10.11 8.65
4.78 3.28 9.64 7.92
4.74 3.43 9.52 7.95
4.66 3.09 9.93 8.02
4.66 3.3 9.69 7.99
4.78 3.39 9.65 8.04
4.77 3.24 10.01 8.25
4.77 3.27 9.77 8.04
4.76 3.81 9.17 7.98
4.74 3.43 9.68 8.11
4.79 3.33 9.04 7.37
4.74 3.54 9.53 8.07
4.73 3.39 9.54 7.93
4.72 3.51 9.03 7.54
4.79 3.58 9.82 8.4
4.61 3.38 9.43 7.81
4.75 3.59 9.07 7.66
4.67 2.96 10.23 8.19
4.75 3.71 9.33 8.04
4.83 3.57 9.71 8.28
4.8 3.14 9.8 7.94
4.75 3.2 9.88 8.08
4.76 3.31 10.1 8.41
4.77 3.21 9.79 8.0
4.7 3.39 9.56 7.95
4.7 3.43 9.72 8.15
4.56 2.81 9.95 7.76
4.64 2.88 9.77 7.65
4.78 3.48 9.44 7.92
4.79 3.32 9.89 8.21
4.84 3.76 9.03 7.79
4.79 3.52 9.2 7.72
4.82 3.37 9.47 7.84
4.72 3.37 10.04 8.41
4.81 3.81 9.11 7.92
4.78 3.47 9.71 8.18
4.69 3.12 9.9 8.02
4.84 3.93 9.19 8.12
4.71 3.33 9.73 8.06
4.73 3.59 9.46 8.05
4.71 3.2 10.02 8.22
4.81 3.53 9.64 8.17
4.81 3.45 9.66 8.11
4.81 3.36 9.8 8.16
4.66 3.4 9.79 8.19
4.8 3.35 9.07 7.42
4.73 3.37 10.16 8.53
4.79 3.75 9.39 8.14
4.78 3.55 9.08 7.63
4.78 3.43 9.42 7.85
4.76 3.18 9.3 7.48
4.74 3.33 9.49 7.82
4.77 3.21 9.71 7.92
4.75 3.58 9.35 7.93
4.72 3.63 9.32 7.95
4.81 3.69 9.45 8.14
4.72 3.11 9.95 8.06
4.79 3.69 9.43 8.12
4.76 3.54 9.62 8.16
4.83 3.5 9.3 7.8
4.73 3.77 9.19 7.96
4.76 3.02 10.21 8.23
4.78 3.21 9.24 7.45
4.69 3.53 9.19 7.72
4.64 3.53 9.64 8.17
4.76 3.13 10.02 8.15
4.71 3.22 9.65 7.87
4.7 3.75 8.92 7.67
4.88 4.02 9.1 8.12
4.69 3.35 10.13 8.48
4.83 3.64 9.58 8.22
4.78 3.52 9.38 7.9
4.71 3.08 9.89 7.97
4.73 3.28 9.71 7.99
4.75 3.45 9.37 7.82
4.68 3.18 10.38 8.56
4.74 3.39 9.18 7.57
4.78 3.26 9.9 8.16
4.68 3.56 9.61 8.17
4.84 3.83 8.78 7.61
4.84 3.99 9.01 8.0
4.7 3.84 8.29 7.13
4.81 4.17 8.72 7.89
4.74 3.28 9.72 8.0
4.72 3.45 9.58 8.03
4.71 3.49 9.54 8.03
4.72 3.17 9.34 7.51
4.72 3.55 9.58 8.13
4.79 3.62 9.52 8.14
4.64 3.32 9.33 7.65
4.75 3.51 9.02 7.53
4.73 3.53 9.52 8.05
4.71 3.01 10.28 8.29
4.9 3.76 8.61 7.37
4.62 2.73 10.51 8.24
4.69 3.32 9.9 8.22
4.67 3.78 9.59 8.37
4.73 3.25 10.16 8.41
4.73 3.27 9.69 7.96
4.83 3.43 9.55 7.98
4.72 3.3 9.72 8.02
4.78 3.45 9.18 7.63
4.89 3.58 9.39 7.97
4.74 3.51 9.45 7.96
4.78 3.45 9.87 8.32
4.85 3.62 9.32 7.94
4.72 3.39 9.56 7.95
4.85 3.25 9.68 7.93
4.78 3.51 9.65 8.16
4.74 3.36 9.96 8.32
4.79 3.8 9.5 8.3
4.7 3.31 9.45 7.76
4.74 4.14 9.61 8.75
4.86 3.33 9.72 8.05
4.78 3.63 9.04 7.67
4.88 3.5 9.2 7.7
4.63 3.23 9.85 8.08
4.68 3.45 9.35 7.8
4.83 3.44 9.59 8.03
4.69 3.34 10.17 8.51
4.81 3.8 9.5 8.3
4.67 3.44 9.91 8.35
4.82 3.5 9.1 7.6
4.71 3.32 9.6 7.92
4.72 2.98 10.36 8.34
4.76 3.61 9.45 8.06
4.77 3.18 9.88 8.06
4.68 3.26 9.83 8.09
4.71 3.26 9.72 7.98
4.85 3.64 8.81 7.45
4.79 3.74 8.95 7.69
4.78 4.16 8.67 7.83
4.76 3.62 9.29 7.91
4.7 3.43 9.82 8.25
4.79 3.68 9.23 7.91
4.75 3.64 9.58 8.22
4.77 3.37 9.86 8.23
4.79 3.46 9.36 7.82
4.81 3.6 8.69 7.29
4.69 3.38 9.77 8.15
4.69 3.6 9.98 8.58
4.71 3.59 9.23 7.82
4.79 3.16 9.83 7.99
4.78 3.66 9.23 7.89
4.8 3.6 9.24 7.84
4.74 3.58 9.06 7.64
4.81 3.64 9.31 7.95
4.75 3.74 9.42 8.16
4.78 3.75 9.31 8.06
4.82 3.73 8.92 7.65
4.69 3.43 9.85 8.28
4.78 3.81 9.14 7.95
4.82 3.92 9.09 8.01
4.68 3.66 9.84 8.5
4.7 3.3 9.93 8.23
4.76 3.78 9.32 8.1
4.8 3.81 9.59 8.4
4.79 3.49 10.1 8.59
4.81 3.78 9.22 8.0
4.7 3.49 9.29 7.78
4.78 3.87 9.23 8.1
4.75 3.28 9.55 7.83
4.76 3.58 9.4 7.98
4.64 3.07 9.33 7.4
4.75 3.75 9.51 8.26
4.7 3.63 9.4 8.03
4.7 3.5 9.74 8.24
4.77 3.12 9.74 7.86
4.75 3.62 9.38 8.0
4.64 3.19 9.61 7.8
4.74 3.16 9.23 7.39
4.69 3.28 9.63 7.91
4.65 3.25 9.56 7.81
4.75 4.01 8.96 7.97
4.74 3.5 9.33 7.83
4.72 3.12 9.46 7.58
4.79 3.35 8.91 7.26
4.66 3.28 9.28 7.56
4.76 3.47 9.92 8.39
4.82 3.36 9.34 7.7
4.74 3.37 9.73 8.1
4.78 3.4 9.47 7.87
4.87 3.68 9.26 7.94
4.85 3.65 8.87 7.52
4.73 3.74 8.96 7.7
4.8 3.85 9.5 8.35
4.75 3.57 9.14 7.71
4.84 3.48 9.26 7.74
4.71 3.79 9.28 8.07
4.76 3.41 9.92 8.33
4.71 3.36 9.65 8.01
4.79 3.32 9.65 7.97
4.77 3.55 9.08 7.63
4.69 3.46 9.5 7.96
4.67 2.84 10.46 8.3
4.75 3.73 9.05 7.78
4.78 3.5 9.25 7.75
4.77 3.35 10.21 8.56
4.71 3.17 9.83 8.0
4.79 3.85 8.96 7.81
4.78 3.49 9.38 7.87
4.73 3.73 9.42 8.15
4.76 3.9 8.84 7.74
4.75 3.46 9.2 7.66
4.7 3.2 9.8 8.0
4.75 3.67 9.14 7.81
4.78 3.35 9.73 8.08
4.74 3.05 9.66 7.71
4.8 3.68 9.27 7.95
4.68 3.22 9.71 7.93
4.8 3.26 9.45 7.71
4.84 3.69 9.37 8.06
4.79 3.81 8.27 7.08
4.78 3.4 9.22 7.62
4.81 3.45 9.94 8.39
4.8 3.59 9.29 7.88
4.76 3.69 9.43 8.12
4.67 3.17 9.61 7.78
4.68 3.51 9.63 8.14
4.74 3.74 9.79 8.53
4.71 3.14 9.61 7.75
4.69 3.21 10.04 8.25
4.66 3.46 9.8 8.26
4.83 3.76 9.4 8.16
4.84 3.47 9.2 7.67
4.73 3.77 9.04 7.81
4.75 3.54 9.29 7.83
4.7 3.27 9.68 7.95
4.72 3.32 9.53 7.85
4.68 3.28 10.19 8.47
4.64 3.28 9.99 8.27
4.73 3.24 10.1 8.34
4.86 3.54 9.14 7.68
4.82 3.77 9.19 7.96
4.78 3.44 9.52 7.96
4.73 2.91 9.65 7.56
4.74 3.59 9.28 7.87
4.81 3.48 9.1 7.58
4.75 3.59 9.31 7.9
4.77 3.74 8.8 7.54
4.74 3.52 9.5 8.02
4.79 3.99 9.49 8.48
4.77 3.76 9.13 7.89
4.78 3.43 9.67 8.1
4.76 3.44 9.3 7.74
4.8 3.78 9.0 7.78
4.79 4.22 8.37 7.59
4.72 3.39 9.36 7.75
4.82 3.34 9.93 8.27
4.69 3.29 9.33 7.62
4.79 3.62 9.46 8.08
4.73 3.47 9.61 8.08
4.82 3.78 8.54 7.32
4.82 3.92 9.25 8.17
4.7 3.15 9.45 7.6
4.7 3.37 10.0 8.37
4.82 3.63 9.27 7.9
4.8 3.52 9.22 7.74
4.83 4.01 8.89 7.9
4.75 3.23 10.23 8.46
4.75 4.06 9.07 8.13
4.8 3.39 9.61 8.0
4.69 3.38 9.11 7.49
4.7 3.2 9.87 8.07
4.72 3.84 9.13 7.97
4.79 3.37 9.6 7.97
4.81 3.56 9.57 8.13
4.71 3.39 9.52 7.91
4.75 3.62 9.78 8.4
4.76 4.05 9.12 8.17
4.83 3.59 9.1 7.69
4.78 3.35 9.4 7.75
4.78 3.51 9.11 7.62
4.63 3.32 9.53 7.85
4.79 3.14 9.7 7.84
4.77 3.29 9.39 7.68
4.81 3.22 9.35 7.57
4.73 3.87 9.6 8.47
4.74 3.25 10.12 8.37
4.7 3.27 9.77 8.04
4.78 3.6 9.36 7.96
4.82 3.64 9.42 8.06
4.8 3.8 9.41 8.21
4.73 3.18 9.49 7.67
4.81 3.53 9.35 7.88
4.78 3.5 9.33 7.83
4.81 4.21 9.19 8.4
4.74 3.38 9.11 7.49
4.64 3.2 10.0 8.2
4.66 3.1 10.03 8.13
4.74 3.03 10.2 8.23
4.67 2.89 10.13 8.02
4.69 3.5 9.53 8.03
4.82 3.37 9.44 7.81
4.83 3.62 8.85 7.47
4.72 3.64 9.64 8.28
4.75 3.57 9.5 8.07
4.73 3.34 9.72 8.06
4.74 2.94 10.35 8.29
4.82 3.96 9.06 8.02
4.73 2.88 10.07 7.95
4.76 3.37 9.8 8.17
4.74 3.31 9.45 7.76
4.71 3.33 9.69 8.02
4.72 3.78 9.34 8.12
4.77 3.85 9.07 7.92
4.81 3.0 9.95 7.95
4.77 3.19 9.86 8.05
4.68 3.49 10.04 8.53
4.75 3.57 9.85 8.42
4.68 3.5 9.53 8.03
4.77 3.56 9.58 8.14
4.66 3.43 9.7 8.13
4.82 3.59 9.24 7.83
4.8 3.06 10.12 8.18
4.79 3.37 9.82 8.19
4.76 3.31 9.66 7.97
4.61 3.16 9.56 7.72
4.66 3.11 9.28 7.39
4.74 3.42 9.94 8.36
4.71 3.26 9.62 7.88
4.75 3.23 10.01 8.24
4.65 3.13 9.69 7.82
4.74 3.17 9.77 7.94
4.82 3.4 9.11 7.51
4.82 3.59 9.55 8.14
4.75 3.3 9.24 7.54
4.68 3.45 9.71 8.16
4.79 4.01 8.89 7.9
4.7 3.2 9.45 7.65
4.82 3.79 8.94 7.73
4.67 3.77 9.19 7.96
4.79 3.59 9.25 7.84
4.7 2.94 10.12 8.06
4.8 3.18 9.61 7.79
4.71 3.62 9.53 8.15
4.72 3.59 9.49 8.08
4.78 3.14 10.23 8.37
4.74 3.2 9.87 8.07
4.7 3.31 9.85 8.16
4.77 3.67 9.35 8.02
4.68 3.75 9.3 8.05
4.79 3.0 9.85 7.85
4.76 3.32 9.77 8.09
4.71 3.32 9.7 8.02
4.65 3.61 9.89 8.5
4.84 3.23 9.38 7.61
4.83 3.47 9.56 8.03
4.8 3.4 9.39 7.79
4.69 3.23 9.73 7.96
4.81 4.05 9.16 8.21
4.78 3.68 8.97 7.65
4.78 3.64 9.19 7.83
4.75 2.96 9.22 7.18
4.77 3.28 9.22 7.5
4.75 3.33 9.42 7.75
4.74 3.34 9.54 7.88
4.83 3.62 9.24 7.86
4.79 3.92 8.78 7.7
4.79 3.67 9.44 8.11
4.77 3.25 9.61 7.86
4.64 3.85 9.95 8.8
4.78 3.59 9.36 7.95
4.78 3.38 9.76 8.14
4.71 2.92 10.07 7.99
4.77 3.37 9.97 8.34
4.66 3.43 9.53 7.96
4.71 3.37 9.64 8.01
4.63 3.25 9.3 7.55
4.68 3.39 9.53 7.92
4.7 3.1 9.82 7.92
4.81 3.32 9.97 8.29
4.74 3.9 9.26 8.16
4.73 3.38 9.57 7.95
4.71 3.03 10.19 8.22
4.74 3.5 9.59 8.09
4.79 3.47 9.43 7.9
4.8 3.5 9.61 8.11
4.72 3.13 10.07 8.2
4.63 3.2 9.96 8.16
4.76 3.04 9.78 7.82
4.8 3.64 9.22 7.86
4.78 3.36 9.41 7.77
4.82 3.71 8.93 7.64
4.74 3.3 10.02 8.32
4.73 3.82 9.35 8.17
4.74 3.51 9.58 8.09
4.82 3.89 9.54 8.43
4.73 3.48 9.5 7.98
4.72 3.41 9.7 8.11
4.84 3.52 9.92 8.44
4.74 3.39 9.54 7.93
4.79 3.83 8.63 7.46
4.68 3.27 9.5 7.77
4.84 3.74 9.27 8.01
4.78 3.57 9.74 8.31
4.69 3.01 9.78 7.79
4.78 3.52 9.03 7.55
4.74 3.54 9.35 7.89
4.64 2.93 9.77 7.7
4.85 3.77 9.12 7.89
4.72 3.2 9.88 8.08
4.78 3.79 9.37 8.16
4.8 3.19 9.84 8.03
4.79 3.48 9.81 8.29
4.77 3.17 9.75 7.92
4.79 3.59 9.31 7.9
4.78 3.3 9.96 8.26
4.69 3.28 9.52 7.8
4.73 3.89 9.11 8.0
4.8 4.08 8.77 7.85
4.86 3.76 9.61 8.37
4.77 3.18 9.78 7.96
4.67 3.36 9.99 8.35
4.75 3.57 9.44 8.01
4.84 3.1 9.76 7.86
4.69 3.17 10.01 8.18
4.66 3.57 9.43 8.0
4.73 3.41 9.1 7.51
4.73 3.7 9.52 8.22
4.72 3.34 9.65 7.99
4.71 3.18 9.31 7.49
4.8 3.84 9.42 8.26
4.76 3.36 9.52 7.88
4.67 3.16 10.02 8.18
4.78 3.59 9.72 8.31
4.75 3.6 9.2 7.8
4.78 3.57 9.29 7.86
4.65 3.72 9.27 7.99
4.65 3.29 9.43 7.72
4.8 3.59 9.34 7.93
4.73 3.37 9.63 8.0
4.85 3.24 9.96 8.2
4.78 3.01 9.79 7.8
4.79 3.15 9.83 7.98
4.66 3.75 9.4 8.15
4.8 3.58 9.51 8.09
4.75 3.73 9.5 8.23
4.73 3.25 9.57 7.82
4.78 3.31 9.96 8.27
4.66 3.06 9.78 7.84
4.83 3.7 9.58 8.28
4.81 3.36 9.85 8.21
4.73 3.68 9.64 8.32
4.65 3.09 10.3 8.39
4.75 3.99 8.96 7.95
4.77 3.77 9.24 8.01
4.72 3.03 10.06 8.09
4.77 3.54 9.47 8.01
4.69 3.61 9.83 8.44
4.77 3.36 9.32 7.68
4.84 3.51 9.55 8.06
4.81 3.53 8.59 7.12
4.76 3.24 9.55 7.79
4.66 3.35 10.08 8.43
4.66 2.98 9.72 7.7
4.81 3.24 9.61 7.85
4.69 3.18 10.0 8.18
4.77 3.8 8.89 7.69
4.74 3.82 8.99 7.81
4.83 3.45 9.35 7.8
4.72 3.25 9.55 7.8
4.66 3.34 9.99 8.33
4.74 3.75 9.28 8.03
4.73 3.46 9.75 8.21
4.83 4.32 8.53 7.85
4.7 3.12 10.18 8.3
4.86 3.96 8.97 7.93
4.73 3.6 9.3 7.9
4.77 3.47 9.82 8.29
4.72 3.39 9.92 8.31
4.76 3.58 9.31 7.89
4.83 3.34 9.31 7.65
4.66 3.44 9.68 8.12
4.71 3.56 9.34 7.9
4.68 2.93 9.86 7.79
4.73 3.46 9.64 8.1
4.72 3.93 9.42 8.35
4.74 3.49 9.53 8.02
4.78 3.64 9.17 7.81
4.8 4.01 9.11 8.12
4.77 3.58 9.52 8.1
4.69 3.52 10.07 8.59
4.71 3.24 9.7 7.94
4.76 3.72 9.15 7.87
4.79 3.44 9.77 8.21
4.76 3.58 9.38 7.96
4.84 4.02 9.15 8.17
4.83 3.75 8.61 7.36
4.76 3.55 9.34 7.89
4.76 3.37 9.64 8.01
4.79 3.89 8.96 7.85
4.78 3.36 9.23 7.59
4.78 3.25 9.96 8.21
4.81 3.39 9.32 7.71
4.74 3.15 9.66 7.81
4.7 3.23 9.81 8.04
4.68 3.78 9.47 8.25
4.82 3.48 8.94 7.42
4.78 3.42 9.37 7.79
4.7 3.58 9.16 7.74
4.76 3.42 9.57 7.99
4.67 3.25 9.53 7.78
4.6 3.21 9.89 8.1
4.79 3.78 9.23 8.01
4.79 3.64 9.53 8.17
4.6 3.01 10.28 8.29
4.7 3.11 10.11 8.22
4.77 3.22 9.51 7.73
4.71 3.05 9.66 7.71
4.79 3.51 9.33 7.84
4.8 3.37 9.42 7.79
4.77 3.31 9.73 8.04
4.76 2.94 9.89 7.83
4.77 3.27 9.32 7.59
4.8 3.08 9.92 8.0
4.71 3.33 9.74 8.07
4.79 3.7 9.44 8.14
4.69 3.49 9.2 7.69
4.76 3.72 9.28 8.0
4.81 3.41 9.2 7.61
4.83 3.51 9.51 8.02
4.76 3.99 9.33 8.32
4.83 3.69 9.2 7.89
4.8 3.7 9.0 7.7
4.83 3.51 9.64 8.15
4.7 3.58 9.35 7.93
4.83 3.58 9.26 7.84
4.61 3.72 9.4 8.12
4.75 3.07 10.02 8.09
4.78 3.64 9.83 8.47
4.71 3.49 9.36 7.85
4.72 3.62 9.47 8.09
4.82 3.86 9.09 7.95
4.71 3.39 9.81 8.2
4.75 3.26 9.8 8.06
4.73 3.25 9.95 8.2
4.77 2.88 10.34 8.22
4.83 3.64 8.81 7.45
4.76 3.07 9.87 7.94
4.79 3.2 9.35 7.55
4.83 3.95 8.91 7.86
4.72 3.36 9.9 8.26
4.81 3.4 9.17 7.57
4.79 3.8 9.4 8.2
4.76 3.48 9.54 8.02
4.78 3.68 9.63 8.31
4.82 3.64 9.23 7.87
4.76 3.39 9.48 7.87
4.7 3.42 9.82 8.24
4.76 3.86 9.19 8.05
4.85 3.88 9.04 7.92
4.84 3.57 9.73 8.3
4.74 3.02 9.94 7.96
4.78 3.3 9.37 7.67
4.72 3.2 9.35 7.55
4.67 3.44 9.68 8.12
4.66 3.11 9.64 7.75
4.78 3.58 8.82 7.4
4.66 3.26 10.29 8.55
4.71 3.37 9.51 7.88
4.76 3.23 9.58 7.81
4.8 3.54 9.32 7.86
4.62 3.43 9.66 8.09
4.71 3.56 9.61 8.17
4.83 3.68 9.13 7.81
4.76 3.23 9.6 7.83
4.67 3.27 9.02 7.29
4.75 3.52 9.03 7.55
4.76 3.62 9.06 7.68
4.75 3.05 9.9 7.95
4.66 3.31 9.66 7.97
4.7 3.48 9.89 8.37
4.83 3.24 9.61 7.85
4.74 3.2 9.99 8.19
4.78 3.56 9.34 7.9
4.74 3.85 9.23 8.08
4.77 3.6 9.62 8.22
4.74 3.47 9.45 7.92
4.81 3.32 9.26 7.58
4.75 3.47 9.54 8.01
4.58 3.11 9.78 7.89
4.751798 3.45484 9.524074 7.978914
