1.82 2.87 4.43 2.3
1.82 2.97 4.43 2.4
1.8 3.18 4.14 2.32
1.82 2.99 4.42 2.41
1.76 2.92 4.31 2.23
1.85 2.9 4.41 2.31
1.87 3.49 4.04 2.53
1.86 3.34 4.16 2.5
1.83 2.98 4.25 2.23
1.86 3.54 3.98 2.52
1.91 3.19 4.17 2.36
1.8 2.66 4.48 2.14
1.79 2.98 4.35 2.33
1.87 3.28 4.07 2.35
1.81 3.0 4.37 2.37
1.81 3.17 4.31 2.48
1.86 2.83 4.47 2.3
1.88 3.31 4.17 2.48
1.73 2.85 4.64 2.49
1.83 3.08 4.29 2.37
1.81 2.94 4.45 2.39
1.81 2.9 4.69 2.59
1.87 3.11 4.27 2.38
1.85 2.89 4.58 2.47
1.84 3.53 3.94 2.47
1.86 3.38 4.07 2.45
1.9 3.12 4.17 2.29
1.86 3.07 4.32 2.39
1.84 3.18 4.27 2.45
1.81 2.84 4.57 2.41
1.89 2.98 4.33 2.31
1.84 2.73 4.63 2.36
1.82 2.95 4.53 2.48
1.82 2.87 4.34 2.21
1.8 2.67 4.71 2.38
1.87 3.24 4.13 2.37
1.85 3.35 4.11 2.46
1.89 3.53 3.83 2.36
1.85 3.42 3.99 2.41
1.87 3.1 4.4 2.5
1.85 3.05 4.4 2.45
1.81 3.08 4.07 2.15
1.88 3.3 4.04 2.34
1.83 3.1 4.38 2.48
1.83 2.75 4.71 2.46
1.83 3.45 4.12 2.57
1.91 2.93 4.44 2.37
1.91 3.3 4.29 2.59
1.85 3.29 4.06 2.35
1.81 2.63 4.66 2.29
1.81 2.93 4.54 2.47
1.88 3.34 4.14 2.48
1.87 2.99 4.17 2.16
1.74 2.96 4.28 2.24
1.82 3.02 4.62 2.64
1.81 2.91 4.66 2.57
1.81 3.06 4.34 2.4
1.83 3.47 4.13 2.6
1.87 3.28 4.2 2.48
1.78 2.45 4.8 2.25
1.88 2.89 4.3 2.19
1.84 3.61 4.0 2.61
1.88 3.22 4.23 2.45
1.86 3.42 3.81 2.23
1.78 2.97 4.4 2.37
1.84 2.87 4.35 2.22
1.82 3.12 4.22 2.34
1.9 3.51 3.85 2.36
1.81 3.07 4.39 2.46
1.83 2.96 4.46 2.42
1.79 3.02 4.36 2.38
1.83 3.34 4.2 2.54
1.85 3.0 4.23 2.23
1.77 3.01 4.48 2.49
1.85 3.0 4.4 2.4
1.82 2.73 4.54 2.27
1.85 3.01 4.2 2.21
1.82 3.16 4.32 2.48
1.83 3.21 4.18 2.39
1.76 2.75 4.62 2.37
1.85 3.01 4.24 2.25
1.85 2.96 4.36 2.32
1.82 2.96 4.5 2.46
1.81 2.99 4.44 2.43
1.82 3.22 4.29 2.51
1.75 2.54 4.86 2.4
1.85 2.87 4.38 2.25
1.7 2.79 4.57 2.36
1.8 3.1 4.28 2.38
1.86 3.14 4.2 2.34
1.84 3.09 4.22 2.31
1.82 3.12 4.08 2.2
1.8 3.0 4.45 2.45
1.78 2.86 4.42 2.28
1.82 3.12 4.36 2.48
1.84 3.06 4.42 2.48
1.83 3.16 4.06 2.22
1.78 2.76 4.44 2.2
1.88 3.34 4.07 2.41
1.74 2.75 4.72 2.47
1.79 3.03 4.29 2.32
1.75 2.86 4.56 2.42
1.8 2.97 4.46 2.43
1.86 3.14 4.2 2.34
1.87 3.07 4.33 2.4
1.89 3.47 3.79 2.26
1.83 3.16 4.21 2.37
1.81 2.84 4.97 2.81
1.88 3.21 4.44 2.65
1.9 3.21 4.24 2.45
1.81 3.1 4.33 2.43
1.72 2.63 4.65 2.28
1.89 3.41 4.18 2.59
1.83 3.45 4.05 2.5
1.83 2.92 4.42 2.34
1.89 3.18 4.14 2.32
1.8 2.68 4.74 2.42
1.85 2.81 4.54 2.35
1.86 3.01 4.23 2.24
1.87 3.27 4.2 2.47
1.84 3.0 4.42 2.42
1.75 3.31 4.3 2.61
1.76 2.95 4.33 2.28
1.75 2.75 4.67 2.42
1.86 3.35 4.07 2.42
1.86 3.11 4.07 2.18
1.8 2.99 4.31 2.3
1.86 3.31 4.16 2.47
1.85 3.42 4.11 2.53
1.85 2.99 4.36 2.35
1.81 3.07 4.22 2.29
1.81 2.86 4.6 2.46
1.8 3.3 4.12 2.42
1.88 3.32 4.0 2.32
1.78 3.18 4.27 2.45
1.88 3.14 4.3 2.44
1.82 3.28 4.29 2.57
1.78 2.74 4.75 2.49
1.83 2.72 4.58 2.3
1.89 3.18 4.3 2.48
1.84 3.23 4.13 2.36
1.83 3.2 4.33 2.53
1.83 3.31 4.27 2.58
1.81 2.83 4.73 2.56
1.83 3.12 4.11 2.23
1.85 3.22 4.28 2.5
1.89 3.0 4.5 2.5
1.8 3.16 4.3 2.46
1.88 3.18 4.23 2.41
1.86 3.07 4.31 2.38
1.88 3.37 4.11 2.48
1.82 3.19 4.2 2.39
1.82 2.96 4.48 2.44
1.84 3.19 4.16 2.35
1.8 2.96 4.48 2.44
1.8 2.89 4.36 2.25
1.86 3.58 4.01 2.59
1.83 3.05 4.27 2.32
1.85 3.13 4.08 2.21
1.91 3.09 4.25 2.34
1.86 3.48 4.13 2.61
1.9 2.98 4.27 2.25
1.85 3.28 4.28 2.56
1.85 3.36 4.07 2.43
1.88 3.28 4.08 2.36
1.81 3.17 4.21 2.38
1.8 3.05 4.28 2.33
1.81 3.1 4.32 2.42
1.8 3.23 4.18 2.41
1.8 3.08 4.42 2.5
1.8 3.02 4.38 2.4
1.83 3.36 4.02 2.38
1.86 3.18 4.19 2.37
1.83 3.23 4.22 2.45
1.84 2.97 4.35 2.32
1.86 2.99 4.23 2.22
1.82 3.25 4.39 2.64
1.89 3.28 4.21 2.49
1.82 2.9 4.32 2.22
1.86 3.25 4.19 2.44
1.87 3.2 4.19 2.39
1.81 3.11 4.35 2.46
1.83 3.13 4.23 2.36
1.84 3.2 4.17 2.37
1.8 3.13 4.36 2.49
1.83 3.16 4.22 2.38
1.85 2.88 4.73 2.61
1.85 3.26 4.07 2.33
1.85 3.25 4.19 2.44
1.84 2.99 4.35 2.34
1.8 2.83 4.55 2.38
1.85 3.0 4.47 2.47
1.84 2.71 4.61 2.32
1.89 3.08 4.21 2.29
1.86 3.07 4.31 2.38
1.85 3.29 4.29 2.58
1.82 3.3 4.25 2.55
1.86 3.18 4.28 2.46
1.8 2.75 4.73 2.48
1.83 2.88 4.45 2.33
1.87 3.44 3.87 2.31
1.81 3.15 4.22 2.37
1.91 3.02 4.39 2.41
1.79 2.83 4.65 2.48
1.83 2.96 4.25 2.21
1.84 3.27 4.16 2.43
1.86 3.03 4.43 2.46
1.8 2.98 4.32 2.3
1.87 3.21 4.07 2.28
1.73 2.74 4.52 2.26
1.93 3.21 4.04 2.25
1.77 2.75 4.66 2.41
1.89 3.19 4.0 2.19
1.84 3.01 4.43 2.44
1.82 3.18 4.04 2.22
1.85 3.04 4.31 2.35
1.76 2.92 4.61 2.53
1.75 2.6 4.75 2.35
1.83 3.19 4.37 2.56
1.88 3.19 4.25 2.44
1.8 3.08 4.2 2.28
1.76 2.73 4.69 2.42
1.8 3.11 4.25 2.36
1.84 3.15 4.22 2.37
1.92 3.6 3.82 2.42
1.88 3.31 4.24 2.55
1.82 2.95 4.33 2.28
1.85 3.09 4.3 2.39
1.85 2.83 4.5 2.33
1.8 3.09 4.18 2.27
1.82 2.8 4.57 2.37
1.9 3.18 4.16 2.34
1.86 3.11 4.39 2.5
1.82 3.1 4.21 2.31
1.81 2.59 4.67 2.26
1.79 2.74 4.42 2.16
1.82 2.99 4.42 2.41
1.83 3.19 4.1 2.29
1.79 2.81 4.63 2.44
1.81 2.93 4.39 2.32
1.89 2.99 4.46 2.45
1.87 3.3 4.36 2.66
1.86 2.83 4.41 2.24
1.78 3.0 4.45 2.45
1.76 2.88 4.39 2.27
1.89 3.41 4.17 2.58
1.77 2.89 4.73 2.62
1.83 3.05 4.29 2.34
1.86 3.17 4.23 2.4
1.82 3.06 4.28 2.34
1.87 2.94 4.5 2.44
1.82 2.74 4.63 2.37
1.79 3.48 3.93 2.41
1.81 3.01 4.37 2.38
1.88 3.08 4.36 2.44
1.79 2.76 4.62 2.38
1.79 3.38 4.13 2.51
1.89 3.24 4.21 2.45
1.81 3.08 4.49 2.57
1.87 3.22 4.4 2.62
1.89 2.89 4.36 2.25
1.87 3.29 4.03 2.32
1.87 3.23 4.22 2.45
1.8 3.08 4.32 2.4
1.86 3.02 4.27 2.29
1.84 3.07 4.44 2.51
1.83 3.1 4.34 2.44
1.87 3.35 4.11 2.46
1.88 3.23 4.17 2.4
1.81 2.9 4.46 2.36
1.87 3.26 4.16 2.42
1.86 2.99 4.39 2.38
1.81 2.82 4.68 2.5
1.88 2.98 4.39 2.37
1.88 3.13 4.2 2.33
1.83 3.23 4.19 2.42
1.86 2.94 4.47 2.41
1.8 3.02 4.35 2.37
1.84 3.39 4.08 2.47
1.82 2.87 4.41 2.28
1.86 3.19 4.31 2.5
1.83 2.59 4.61 2.2
1.84 3.0 4.42 2.42
1.87 3.12 4.21 2.33
1.84 3.16 4.56 2.72
1.73 2.85 4.55 2.4
1.84 3.09 4.36 2.45
1.81 2.75 4.45 2.2
1.8 3.09 4.38 2.47
1.84 3.15 4.38 2.53
1.84 2.9 4.56 2.46
1.88 3.09 4.15 2.24
1.86 3.29 3.89 2.18
1.82 2.97 4.36 2.33
1.87 3.15 4.01 2.16
1.77 2.77 4.49 2.26
1.85 3.0 4.42 2.42
1.84 3.25 4.18 2.43
1.86 3.0 4.43 2.43
1.82 3.18 4.2 2.38
1.79 3.0 4.4 2.4
1.85 3.09 4.27 2.36
1.85 2.77 4.67 2.44
1.85 3.39 4.04 2.43
1.79 2.97 4.26 2.23
1.83 3.02 4.3 2.32
1.89 3.05 4.3 2.35
1.86 3.04 4.31 2.35
1.89 3.15 4.28 2.43
1.8 2.97 4.36 2.33
1.84 3.43 4.19 2.62
1.79 2.92 4.53 2.45
1.83 3.14 4.38 2.52
1.88 3.57 4.02 2.59
1.82 3.13 4.38 2.51
1.76 2.64 4.58 2.22
1.82 2.98 4.39 2.37
1.83 3.42 4.12 2.54
1.8 3.24 4.18 2.42
1.85 3.13 4.25 2.38
1.76 3.04 4.15 2.19
1.8 3.3 4.25 2.55
1.81 3.08 4.35 2.43
1.79 2.97 4.54 2.51
1.73 2.51 4.86 2.37
1.88 3.28 4.16 2.44
1.83 2.84 4.49 2.33
1.87 3.3 4.06 2.36
1.81 2.95 4.49 2.44
1.87 3.23 4.18 2.41
1.8 3.43 4.09 2.52
1.92 3.08 4.19 2.27
1.8 2.86 4.56 2.42
1.81 2.79 4.68 2.47
1.82 3.32 4.2 2.52
1.84 2.7 4.48 2.18
1.88 3.17 4.3 2.47
1.8 3.02 4.55 2.57
1.79 2.87 4.41 2.28
1.79 3.01 4.39 2.4
1.81 3.25 4.13 2.38
1.86 3.19 4.13 2.32
1.79 3.07 4.44 2.51
1.8 2.67 4.61 2.28
1.8 2.95 4.42 2.37
1.81 3.58 4.05 2.63
1.83 3.19 4.34 2.53
1.83 2.95 4.47 2.42
1.77 3.1 4.42 2.52
1.86 2.89 4.46 2.35
1.8 3.14 4.45 2.59
1.81 2.96 4.29 2.25
1.85 3.23 4.17 2.4
1.83 3.05 4.39 2.44
1.88 3.43 4.06 2.49
1.83 3.08 4.31 2.39
1.82 3.01 4.51 2.52
1.81 3.16 4.35 2.51
1.84 3.26 3.97 2.23
1.86 3.45 3.96 2.41
1.82 2.97 4.54 2.51
1.85 3.06 4.53 2.59
1.83 3.07 4.28 2.35
1.81 2.85 4.54 2.39
1.8 2.72 4.67 2.39
1.89 3.18 4.24 2.42
1.84 2.9 4.58 2.48
1.89 2.99 4.37 2.36
1.85 3.4 4.07 2.47
1.84 3.21 4.21 2.42
1.92 3.11 4.22 2.33
1.84 3.04 4.22 2.26
1.78 3.24 4.19 2.43
1.9 3.34 4.02 2.36
1.91 3.34 4.03 2.37
1.86 3.4 4.11 2.51
1.82 2.66 4.72 2.38
1.85 3.03 4.27 2.3
1.79 3.15 4.19 2.34
1.84 3.06 4.37 2.43
1.8 2.75 4.62 2.37
1.83 3.05 4.27 2.32
1.8 3.0 4.41 2.41
1.84 2.73 4.52 2.25
1.85 3.18 4.24 2.42
1.82 2.99 4.48 2.47
1.8 3.1 4.35 2.45
1.8 3.14 4.26 2.4
1.86 3.24 4.16 2.4
1.83 3.09 4.2 2.29
1.82 3.25 4.07 2.32
1.87 3.2 4.25 2.45
1.87 2.89 4.49 2.38
1.8 2.64 4.66 2.3
1.83 3.1 4.46 2.56
1.84 2.88 4.64 2.52
1.91 3.12 4.33 2.45
1.85 3.08 4.43 2.51
1.86 3.33 4.05 2.38
1.85 3.32 4.03 2.35
1.84 2.99 4.32 2.31
1.86 3.04 4.4 2.44
1.85 2.98 4.53 2.51
1.82 2.98 4.31 2.29
1.83 3.02 4.17 2.19
1.86 3.19 4.44 2.63
1.79 3.07 4.3 2.37
1.81 2.94 4.46 2.4
1.84 3.28 4.22 2.5
1.86 3.23 4.19 2.42
1.88 3.21 4.37 2.58
1.87 3.15 4.1 2.25
1.89 3.09 4.28 2.37
1.86 2.98 4.45 2.43
1.89 3.45 4.05 2.5
1.92 3.17 4.26 2.43
1.89 3.12 4.23 2.35
1.82 3.46 4.13 2.59
1.81 2.99 4.42 2.41
1.8 2.83 4.33 2.16
1.81 2.96 4.55 2.51
1.88 3.22 4.06 2.28
1.82 3.0 4.47 2.47
1.88 3.44 4.26 2.7
1.8 3.1 4.32 2.42
1.84 2.72 4.66 2.38
1.84 2.84 4.42 2.26
1.81 2.89 4.63 2.52
1.84 2.98 4.57 2.55
1.93 3.73 3.73 2.46
1.82 2.87 4.54 2.41
1.78 2.75 4.6 2.35
1.83 3.21 4.36 2.57
1.83 2.84 4.58 2.42
1.81 3.06 4.31 2.37
1.86 3.0 4.23 2.23
1.85 3.04 4.24 2.28
1.83 2.92 4.47 2.39
1.81 3.01 4.39 2.4
1.83 3.01 4.31 2.32
1.81 3.21 4.31 2.52
1.79 2.79 4.58 2.37
1.84 3.23 4.17 2.4
1.82 2.57 4.78 2.35
1.85 3.4 4.23 2.63
1.81 3.4 4.09 2.49
1.79 3.0 4.25 2.25
1.8 2.79 4.64 2.43
1.86 2.99 4.49 2.48
1.77 2.9 4.6 2.5
1.83 3.35 4.25 2.6
1.87 3.16 4.23 2.39
1.81 3.12 4.52 2.64
1.85 3.0 4.64 2.64
1.82 3.19 4.46 2.65
1.86 3.08 4.37 2.45
1.82 3.12 4.25 2.37
1.87 3.21 4.22 2.43
1.84 3.33 4.11 2.44
1.86 3.3 4.1 2.4
1.87 3.1 4.33 2.43
1.91 3.09 4.32 2.41
1.82 3.02 4.38 2.4
1.81 3.03 4.41 2.44
1.83 3.16 4.36 2.52
1.87 3.07 4.26 2.33
1.82 3.11 4.27 2.38
1.78 3.1 4.44 2.54
1.83 2.96 4.48 2.44
1.79 3.01 4.49 2.5
1.86 2.98 4.38 2.36
1.84 3.16 4.04 2.2
1.82 2.88 4.59 2.47
1.78 2.66 4.85 2.51
1.83 2.93 4.48 2.41
1.85 3.04 4.39 2.43
1.83 3.32 4.37 2.69
1.82 2.88 4.49 2.37
1.8 2.96 4.44 2.4
1.86 3.13 4.23 2.36
1.82 3.15 4.19 2.34
1.81 3.39 4.17 2.56
1.83 3.37 4.21 2.58
1.8 2.66 4.55 2.21
1.82 3.18 4.27 2.45
1.86 2.92 4.55 2.47
1.88 3.38 4.2 2.58
1.8 3.0 4.43 2.43
1.84 3.09 4.39 2.48
1.85 3.23 4.22 2.45
1.76 3.18 4.26 2.44
1.82 2.72 4.7 2.42
1.83 2.93 4.29 2.22
1.85 2.95 4.45 2.4
1.88 3.26 4.23 2.49
1.87 3.33 4.08 2.41
1.78 2.99 4.37 2.36
1.86 3.5 4.01 2.51
1.82 3.37 4.06 2.43
1.9 3.3 4.05 2.35
1.88 2.81 4.6 2.41
1.83 2.83 4.4 2.23
1.84 3.32 4.11 2.43
1.87 3.15 4.21 2.36
1.85 2.99 4.35 2.34
1.84 2.73 4.57 2.3
1.82 2.85 4.45 2.3
1.8 2.84 4.62 2.46
1.85 3.2 4.36 2.56
1.79 3.32 4.12 2.44
1.82 3.08 4.49 2.57
1.85 3.29 4.17 2.46
1.9 3.27 4.16 2.43
1.89 3.08 4.24 2.32
1.84 2.95 4.61 2.56
1.86 3.26 4.32 2.58
1.76 2.99 4.42 2.41
1.81 3.05 4.46 2.51
1.86 3.0 4.29 2.29
1.85 3.36 3.95 2.31
1.79 2.83 4.45 2.28
1.83 3.23 4.22 2.45
1.8 3.11 4.22 2.33
1.8 2.94 4.52 2.46
1.86 2.71 4.62 2.33
1.82 2.88 4.48 2.36
1.75 2.8 4.46 2.26
1.83 2.87 4.56 2.43
1.79 2.93 4.58 2.51
1.85 2.97 4.57 2.54
1.83 2.78 4.75 2.53
1.88 3.49 4.04 2.53
1.77 3.01 4.49 2.5
1.82 2.72 4.61 2.33
1.75 2.95 4.31 2.26
1.82 3.2 4.21 2.41
1.86 3.15 4.46 2.61
1.81 3.09 4.36 2.45
1.9 3.32 4.08 2.4
1.8 3.35 4.05 2.4
1.81 2.9 4.74 2.64
1.79 2.91 4.49 2.4
1.85 3.27 4.21 2.48
1.85 2.74 4.74 2.48
1.87 3.04 4.38 2.42
1.81 3.12 4.44 2.56
1.85 3.09 4.55 2.64
1.84 3.16 4.28 2.44
1.77 2.91 4.53 2.44
1.82 3.37 4.09 2.46
1.81 2.91 4.55 2.46
1.8 2.61 4.72 2.33
1.84 3.27 4.18 2.45
1.88 3.35 4.19 2.54
1.87 3.08 4.46 2.54
1.89 3.36 4.15 2.51
1.87 3.18 4.31 2.49
1.84 3.34 4.08 2.42
1.88 3.52 3.96 2.48
1.86 3.14 4.16 2.3
1.88 3.12 4.31 2.43
1.9 3.59 4.07 2.66
1.87 2.89 4.56 2.45
1.84 3.1 4.44 2.54
1.84 3.24 4.2 2.44
1.82 3.16 4.18 2.34
1.81 2.72 4.62 2.34
1.84 2.81 4.57 2.38
1.76 2.72 4.75 2.47
1.79 2.99 4.31 2.3
1.87 3.34 4.05 2.39
1.86 2.98 4.55 2.53
1.89 3.33 4.11 2.44
1.85 2.88 4.56 2.44
1.84 3.0 4.33 2.33
1.8 3.1 4.29 2.39
1.81 3.2 4.4 2.6
1.82 3.02 4.34 2.36
1.85 3.03 4.43 2.46
1.83 2.79 4.51 2.3
1.85 2.89 4.5 2.39
1.84 3.32 4.16 2.48
1.81 3.2 4.42 2.62
1.81 3.36 4.03 2.39
1.84 3.13 4.13 2.26
1.86 3.03 4.24 2.27
1.85 3.04 4.34 2.38
1.74 2.69 4.58 2.27
1.86 3.29 4.11 2.4
1.87 3.19 4.32 2.51
1.7 2.79 4.64 2.43
1.9 3.18 4.05 2.23
1.84 3.23 4.48 2.71
1.78 3.14 4.38 2.52
1.84 3.09 4.3 2.39
1.81 3.2 4.27 2.47
1.8 3.11 4.36 2.47
1.88 3.3 4.14 2.44
1.87 3.0 4.55 2.55
1.81 3.16 4.21 2.37
1.85 3.22 4.33 2.55
1.87 2.93 4.34 2.27
1.83 3.11 4.1 2.21
1.88 3.4 4.12 2.52
1.91 3.26 4.3 2.56
1.79 2.97 4.56 2.53
1.83 2.95 4.75 2.7
1.81 2.66 4.87 2.53
1.81 2.97 4.55 2.52
1.88 2.72 4.69 2.41
1.8 3.05 4.44 2.49
1.87 3.01 4.58 2.59
1.86 3.03 4.35 2.38
1.89 3.21 4.2 2.41
1.81 3.12 4.37 2.49
1.82 2.82 4.47 2.29
1.85 3.23 4.19 2.42
1.8 3.14 4.3 2.44
1.83 3.15 4.38 2.53
1.79 3.13 4.33 2.46
1.81 2.71 4.59 2.3
1.89 3.13 4.3 2.43
1.79 3.05 4.4 2.45
1.83 3.14 4.51 2.65
1.82 3.18 4.29 2.47
1.82 2.95 4.58 2.53
1.86 3.07 4.29 2.36
1.81 3.46 4.05 2.51
1.81 3.01 4.46 2.47
1.81 3.11 4.61 2.72
1.85 3.23 4.04 2.27
1.83 2.67 4.7 2.37
1.85 3.17 4.31 2.48
1.92 3.46 4.03 2.49
1.79 2.89 4.47 2.36
1.83 3.16 4.41 2.57
1.83 3.1 4.32 2.42
1.87 2.96 4.25 2.21
1.78 3.03 4.4 2.43
1.83 3.02 4.34 2.36
1.89 3.45 3.83 2.28
1.8 2.62 4.6 2.22
1.84 3.26 4.22 2.48
1.82 3.19 4.38 2.57
1.84 3.26 4.35 2.61
1.81 3.33 4.23 2.56
1.81 3.43 4.0 2.43
1.85 3.17 4.38 2.55
1.79 3.01 4.29 2.3
1.82 3.27 4.08 2.35
1.83 3.18 4.29 2.47
1.88 3.32 4.14 2.46
1.81 2.97 4.3 2.27
1.86 2.98 4.51 2.49
1.79 2.78 4.54 2.32
1.85 2.92 4.45 2.37
1.78 2.88 4.68 2.56
1.81 2.93 4.31 2.24
1.79 3.03 4.45 2.48
1.83 3.12 4.37 2.49
1.74 2.81 4.44 2.25
1.82 2.73 4.71 2.44
1.85 3.2 4.32 2.52
1.87 2.91 4.4 2.31
1.83 2.89 4.38 2.27
1.78 3.0 4.53 2.53
1.82 2.71 4.67 2.38
1.82 3.29 4.18 2.47
1.81 3.13 4.11 2.24
1.8 2.96 4.59 2.55
1.87 3.08 4.11 2.19
1.84 2.6 4.68 2.28
1.85 3.38 4.1 2.48
1.81 3.36 4.19 2.55
1.83 3.2 4.54 2.74
1.83 3.16 4.04 2.2
1.79 3.01 4.59 2.6
1.8 2.9 4.6 2.5
1.84 2.88 4.55 2.43
1.85 3.28 4.21 2.49
1.84 2.89 4.58 2.47
1.81 2.93 4.46 2.39
1.76 3.18 4.12 2.3
1.85 2.9 4.66 2.56
1.82 3.01 4.39 2.4
1.81 2.89 4.47 2.36
1.81 3.04 4.34 2.38
1.85 3.13 4.38 2.51
1.85 2.93 4.3 2.23
1.79 3.04 4.48 2.52
1.81 3.48 4.08 2.56
1.81 2.93 4.42 2.35
1.82 2.84 4.48 2.32
1.81 2.94 4.46 2.4
1.87 3.0 4.38 2.38
1.89 3.03 4.51 2.54
1.87 3.34 4.21 2.55
1.84 3.04 4.45 2.49
1.87 3.17 4.25 2.42
1.83 3.39 4.21 2.6
1.84 3.43 3.94 2.37
1.8 2.83 4.43 2.26
1.85 2.95 4.37 2.32
1.82 3.37 4.06 2.43
1.85 2.99 4.24 2.23
1.86 3.29 3.99 2.28
1.78 2.82 4.52 2.34
1.88 3.22 4.16 2.38
1.82 2.7 4.74 2.44
1.84 2.96 4.38 2.34
1.84 3.05 4.11 2.16
1.84 3.04 4.38 2.42
1.79 3.0 4.42 2.42
1.82 3.34 4.17 2.51
1.83 2.96 4.53 2.49
1.9 3.35 4.16 2.51
1.84 2.97 4.45 2.42
1.88 3.25 4.18 2.43
1.8 3.09 4.37 2.46
1.87 3.12 4.34 2.46
1.81 3.34 4.16 2.5
1.89 3.41 4.05 2.46
1.85 3.09 4.43 2.52
1.9 3.45 4.06 2.51
1.9 3.19 4.34 2.53
1.81 2.74 4.67 2.41
1.85 3.23 4.38 2.61
1.76 2.96 4.54 2.5
1.87 3.49 4.07 2.56
1.88 3.07 4.5 2.57
1.81 2.92 4.39 2.31
1.85 3.07 4.13 2.2
1.88 3.27 4.25 2.52
1.91 3.29 4.14 2.43
1.86 3.18 4.23 2.41
1.84 2.98 4.33 2.31
1.84 3.02 4.5 2.52
1.82 3.06 4.36 2.42
1.86 3.23 4.04 2.27
1.89 3.23 4.16 2.39
1.85 3.02 4.53 2.55
1.81 3.0 4.49 2.49
1.8 2.81 4.38 2.19
1.81 2.87 4.39 2.26
1.88 3.29 4.22 2.51
1.91 3.47 4.09 2.56
1.85 3.22 4.18 2.4
1.83 3.31 4.11 2.42
1.85 3.04 4.4 2.44
1.86 2.93 4.45 2.38
1.79 2.84 4.59 2.43
1.79 2.78 4.67 2.45
1.85 3.35 4.19 2.54
1.82 3.12 4.28 2.4
1.85 2.7 4.69 2.39
1.88 3.13 4.31 2.44
1.91 3.38 4.06 2.44
1.86 3.3 4.1 2.4
1.86 3.38 4.2 2.58
1.88 3.17 4.1 2.27
1.82 2.87 4.45 2.32
1.76 3.16 4.21 2.37
1.89 3.13 4.15 2.28
1.91 3.27 4.33 2.6
1.81 2.82 4.48 2.3
1.85 3.29 4.1 2.39
1.82 2.98 4.38 2.36
1.81 3.03 4.55 2.58
1.84 3.24 4.04 2.28
1.86 3.39 3.99 2.38
1.84 3.08 4.35 2.43
1.69 2.48 4.84 2.32
1.86 3.19 4.13 2.32
1.89 3.24 4.23 2.47
1.87 3.49 4.02 2.51
1.85 3.4 4.18 2.58
1.84 2.76 4.71 2.47
1.83 3.02 4.51 2.53
1.88 3.03 4.34 2.37
1.83 2.99 4.48 2.47
1.9 3.31 4.1 2.41
1.82 3.19 4.2 2.39
1.79 2.98 4.42 2.4
1.89 3.19 4.26 2.45
1.86 2.73 4.53 2.26
1.86 3.17 4.17 2.34
1.86 3.24 4.09 2.33
1.85 3.28 4.13 2.41
1.86 3.13 4.24 2.37
1.84 3.25 4.28 2.53
1.78 2.82 4.49 2.31
1.83 2.92 4.51 2.43
1.79 3.0 4.44 2.44
1.89 3.08 4.42 2.5
1.88 3.22 4.32 2.54
1.82 3.07 4.4 2.47
1.83 3.33 4.1 2.43
1.85 2.86 4.63 2.49
1.8 2.75 4.71 2.46
1.85 2.63 4.93 2.56
1.82 2.95 4.32 2.27
1.81 2.92 4.36 2.28
1.8 3.17 4.08 2.25
1.88 3.09 4.38 2.47
1.9 3.37 4.12 2.49
1.86 2.84 4.62 2.46
1.8 3.12 4.17 2.29
1.89 2.9 4.4 2.3
1.87 3.35 3.96 2.31
1.83 3.11 4.23 2.34
1.83 3.21 4.38 2.59
1.78 2.69 4.68 2.37
1.87 3.27 4.2 2.47
1.87 3.42 4.03 2.45
1.8 2.7 4.65 2.35
1.89 3.28 4.19 2.47
1.83 3.16 4.18 2.34
1.85 3.05 4.23 2.28
1.9 3.5 4.11 2.61
1.84 3.32 4.28 2.6
1.86 3.02 4.23 2.25
1.83 3.23 4.21 2.44
1.83 3.27 4.2 2.47
1.81 2.88 4.44 2.32
1.84 3.34 4.16 2.5
1.83 3.07 4.5 2.57
1.85 2.99 4.42 2.41
1.85 3.37 4.18 2.55
1.85 3.08 4.33 2.41
1.83 3.31 4.21 2.52
1.79 3.17 4.39 2.56
1.81 2.88 4.45 2.33
1.86 3.33 3.93 2.26
1.85 3.35 4.15 2.5
1.78 3.0 4.47 2.47
1.76 2.66 4.61 2.27
1.79 3.32 4.22 2.54
1.77 2.74 4.58 2.32
1.87 2.8 4.49 2.29
1.86 3.13 4.41 2.54
1.82 2.93 4.34 2.27
1.84 3.01 4.32 2.33
1.79 3.05 4.43 2.48
1.82 3.17 4.22 2.39
1.8 3.03 4.45 2.48
1.85 3.3 4.2 2.5
1.86 3.38 4.17 2.55
1.8 3.3 4.35 2.65
1.8 2.52 4.84 2.36
1.94 3.58 3.78 2.36
1.9 3.16 4.2 2.36
1.81 2.98 4.45 2.43
1.83 2.88 4.52 2.4
1.86 3.28 4.18 2.46
1.83 3.18 4.21 2.39
1.86 3.17 4.27 2.44
1.85 2.93 4.38 2.31
1.8 3.13 4.2 2.33
1.82 3.12 4.36 2.48
1.74 3.08 4.41 2.49
1.89 3.21 4.38 2.59
1.8 3.01 4.3 2.31
1.82 3.19 4.25 2.44
1.85 3.11 4.26 2.37
1.89 3.05 4.32 2.37
1.85 2.95 4.44 2.39
1.82 2.88 4.57 2.45
1.85 2.8 4.42 2.22
1.78 3.35 4.34 2.69
1.86 2.99 4.11 2.1
1.85 2.96 4.17 2.13
1.88 3.14 4.34 2.48
1.84 3.31 4.0 2.31
1.83 3.38 4.0 2.38
1.86 3.27 4.04 2.31
1.75 3.08 4.59 2.67
1.82 2.86 4.44 2.3
1.79 2.95 4.43 2.38
1.86 3.4 4.11 2.51
1.84 3.0 4.32 2.32
1.79 3.13 4.47 2.6
1.85 2.89 4.57 2.46
1.84 3.22 4.22 2.44
1.83 3.29 4.44 2.73
1.83 3.1 4.25 2.35
1.83 3.14 4.39 2.53
1.88 3.26 4.03 2.29
1.85 3.47 4.17 2.64
1.83 3.11 4.1 2.21
1.81 2.8 4.61 2.41
1.81 3.1 4.32 2.42
1.82 3.28 4.23 2.51
1.82 3.16 4.24 2.4
1.79 2.95 4.29 2.24
1.77 3.11 4.28 2.39
1.89 3.24 4.23 2.47
1.83 3.12 4.24 2.36
1.83 3.09 4.33 2.42
1.77 2.63 4.74 2.37
1.84 3.37 4.26 2.63
1.8 3.11 4.53 2.64
1.82 3.02 4.42 2.44
1.83 2.91 4.43 2.34
1.77 2.8 4.58 2.38
1.82 2.96 4.31 2.27
1.84 2.7 4.62 2.32
1.81 3.08 4.49 2.57
1.81 2.76 4.6 2.36
1.83 2.76 4.58 2.34
1.77 3.21 4.24 2.45
1.88 3.08 4.46 2.54
1.83 3.05 4.43 2.48
1.8 3.25 4.35 2.6
1.82 3.01 4.53 2.54
1.82 3.07 4.23 2.3
1.87 3.76 3.85 2.61
1.85 3.05 4.4 2.45
1.83 3.18 4.35 2.53
1.81 3.03 4.3 2.33
1.86 3.52 4.02 2.54
1.86 3.24 4.13 2.37
1.76 2.75 4.56 2.31
1.81 3.43 4.21 2.64
1.82 3.38 4.27 2.65
1.77 3.19 4.31 2.5
1.82 3.2 4.17 2.37
1.79 2.93 4.45 2.38
1.83 2.87 4.46 2.33
1.9 3.12 4.29 2.41
1.86 3.24 4.25 2.49
1.8 3.04 4.32 2.36
1.83 3.07 4.37 2.44
1.88 3.2 4.43 2.63
1.79 2.89 4.31 2.2
1.84 2.94 4.43 2.37
1.89 3.22 4.19 2.41
1.88 3.21 4.24 2.45
1.8 3.09 4.62 2.71
1.79 2.83 4.58 2.41
1.78 3.01 4.47 2.48
1.78 3.31 4.03 2.34
1.83 3.41 4.12 2.53
1.88 3.07 4.44 2.51
1.79 2.6 4.79 2.39
1.82 3.01 4.52 2.53
1.84 3.08 4.25 2.33
1.79 2.62 4.57 2.19
1.87 3.1 4.36 2.46
1.85 3.04 4.24 2.28
1.86 3.12 4.26 2.38
1.83 2.88 4.34 2.22
1.89 3.47 3.96 2.43
1.79 2.86 4.66 2.52
1.84 3.32 4.19 2.51
1.83 3.21 4.2 2.41
1.79 2.83 4.66 2.49
1.84 3.12 4.3 2.42
1.81 2.69 4.65 2.34
1.83 2.98 4.44 2.42
1.86 3.1 4.36 2.46
1.86 3.11 4.11 2.22
1.87 3.2 4.31 2.51
1.86 3.37 4.27 2.64
1.8 3.2 4.16 2.36
1.78 2.92 4.5 2.42
1.87 3.63 3.77 2.4
1.85 3.07 4.46 2.53
1.85 3.14 4.34 2.48
1.81 3.14 4.27 2.41
1.82 3.23 4.38 2.61
1.77 3.1 4.36 2.46
1.82 2.93 4.41 2.34
1.88 3.22 4.2 2.42
1.85 3.09 4.28 2.37
1.86 3.33 4.17 2.5
1.79 3.23 4.14 2.37
1.86 3.32 4.24 2.56
1.86 2.89 4.32 2.21
1.78 3.01 4.49 2.5
1.85 3.25 4.28 2.53
1.83 3.46 4.06 2.52
1.82 2.92 4.58 2.5
1.85 3.17 4.2 2.37
1.81 3.39 4.07 2.46
1.83 3.12 4.3 2.42
1.79 3.26 4.1 2.36
1.83 3.05 4.49 2.54
1.82 2.99 4.37 2.36
1.88 3.2 3.93 2.13
1.82 2.84 4.48 2.32
1.8 3.27 4.4 2.67
1.75 2.76 4.73 2.49
1.82 2.8 4.61 2.41
1.82 3.34 4.04 2.38
1.89 3.12 4.09 2.21
1.89 3.32 3.96 2.28
1.84 3.25 4.36 2.61
1.81 2.61 4.77 2.38
1.91 3.32 4.19 2.51
1.82 3.44 4.04 2.48
1.85 3.38 3.97 2.35
1.87 3.21 4.05 2.26
1.85 3.26 4.16 2.42
1.8 2.72 4.7 2.42
1.81 3.05 4.3 2.35
1.76 2.61 4.74 2.35
1.82 3.05 4.24 2.29
1.86 3.24 4.18 2.42
1.85 2.93 4.51 2.44
1.85 3.39 4.12 2.51
1.92 3.3 4.08 2.38
1.91 3.24 4.17 2.41
1.88 3.14 4.22 2.36
1.88 3.2 4.17 2.37
1.81 2.86 4.58 2.44
1.8 2.97 4.44 2.41
1.79 3.13 4.32 2.45
1.81 2.9 4.45 2.35
1.82 3.03 4.28 2.31
1.88 2.82 4.53 2.35
1.87 3.08 4.31 2.39
1.83 3.23 4.34 2.57
1.78 3.11 4.37 2.48
1.84 3.02 4.17 2.19
1.87 3.36 3.88 2.24
1.88 3.26 3.99 2.25
1.86 2.96 4.48 2.44
1.82 3.4 4.32 2.72
1.77 3.13 4.42 2.55
1.86 3.13 4.3 2.43
1.87 3.12 4.3 2.42
1.86 2.86 4.43 2.29
1.8 2.91 4.36 2.27
1.85 3.31 4.07 2.38
1.8 3.04 4.06 2.1
1.83 2.95 4.45 2.4
1.8 2.8 4.42 2.22
1.92 3.3 3.95 2.25
1.88 2.98 4.29 2.27
1.78 3.02 4.53 2.55
1.82 2.9 4.52 2.42
1.8 3.3 3.99 2.29
1.82 3.05 4.29 2.34
1.79 3.08 4.29 2.37
1.79 2.95 4.55 2.5
1.83 2.93 4.39 2.32
1.77 3.18 4.38 2.56
1.88 3.56 4.09 2.65
1.88 3.25 4.11 2.36
1.83 2.87 4.68 2.55
1.89 3.48 4.03 2.51
1.86 3.03 4.42 2.45
1.91 3.41 3.99 2.4
1.86 3.49 4.18 2.67
1.83 2.72 4.51 2.23
1.83 3.24 4.29 2.53
1.86 3.28 4.17 2.45
1.83 3.24 4.1 2.34
1.88 3.31 4.15 2.46
1.79 2.78 4.5 2.28
1.86 2.98 4.5 2.48
1.81 3.24 4.0 2.24
1.76 2.82 4.41 2.23
1.91 3.28 4.26 2.54
1.87 3.19 4.25 2.44
1.81 2.7 4.83 2.53
1.8 2.98 4.59 2.57
1.92 3.51 3.74 2.25
1.84 3.04 4.48 2.52
1.9 3.48 3.95 2.43
1.82 2.94 4.49 2.43
1.84 3.68 3.82 2.5
1.84 3.11 4.18 2.29
1.89 3.26 4.16 2.42
1.8 3.12 4.44 2.56
1.78 2.8 4.61 2.41
1.84 3.15 4.21 2.36
1.86 2.97 4.46 2.43
1.83 3.46 4.29 2.75
1.87 3.53 3.93 2.46
1.82 2.92 4.6 2.52
1.8 3.08 4.42 2.5
1.79 2.75 4.69 2.44
1.84 2.93 4.5 2.43
1.87 3.39 4.0 2.39
1.8 2.75 4.67 2.42
1.81 3.09 4.41 2.5
1.82 2.88 4.61 2.49
1.89 3.46 4.09 2.55
1.81 3.25 4.26 2.51
1.87 2.89 4.42 2.31
1.77 3.18 4.25 2.43
1.82 3.08 4.37 2.45
1.84 3.45 3.96 2.41
1.79 2.9 4.62 2.52
1.83 3.05 4.6 2.65
1.88 3.26 4.12 2.38
1.89 3.42 4.07 2.49
1.83 2.89 4.45 2.34
1.8 2.97 4.57 2.54
1.82 2.81 4.59 2.4
1.82 3.01 4.52 2.53
1.82 3.3 4.17 2.47
1.82 3.07 4.35 2.42
1.92 3.33 4.27 2.6
1.85 2.85 4.36 2.21
1.84 3.0 4.41 2.41
1.81 2.95 4.52 2.47
1.81 3.13 4.5 2.63
1.86 3.27 4.22 2.49
1.77 2.89 4.53 2.42
1.88 3.55 4.21 2.76
1.81 3.23 4.06 2.29
1.8 3.0 4.39 2.39
1.88 3.31 4.22 2.53
1.82 2.79 4.69 2.48
1.89 3.4 4.02 2.42
1.83 3.13 4.26 2.39
1.84 2.97 4.4 2.37
1.8 2.76 4.65 2.41
1.88 3.46 3.98 2.44
1.82 3.19 4.33 2.52
1.82 2.76 4.55 2.31
1.79 2.87 4.48 2.35
1.82 3.36 4.18 2.54
1.85 3.41 3.95 2.36
1.87 3.33 4.12 2.45
1.79 2.76 4.76 2.52
1.91 3.4 3.96 2.36
1.79 3.2 4.32 2.52
1.83 3.22 4.3 2.52
1.84 3.18 4.27 2.45
1.83 3.27 4.42 2.69
1.89 3.21 4.13 2.34
1.84 3.12 4.2 2.32
1.72 2.87 4.68 2.55
1.84 2.84 4.57 2.41
1.85 2.97 4.43 2.4
1.85 3.18 4.21 2.39
1.82 2.91 4.69 2.6
1.82 2.88 4.38 2.26
1.88 3.03 4.4 2.43
1.79 3.27 4.34 2.61
1.83 3.31 4.11 2.42
1.8 2.91 4.73 2.64
1.87 3.29 4.15 2.44
1.84 3.22 4.4 2.62
1.75 2.89 4.69 2.58
1.81 2.95 4.46 2.41
1.84 3.19 4.27 2.46
1.85 3.38 4.11 2.49
1.83 3.13 4.36 2.49
1.89 3.27 4.12 2.39
1.87 3.1 4.31 2.41
1.85 3.01 4.42 2.43
1.86 3.22 4.18 2.4
1.84 2.91 4.42 2.33
1.84 3.14 4.47 2.61
1.84 3.07 4.31 2.38
1.8 2.98 4.68 2.66
1.85 3.25 4.29 2.54
1.86 3.14 4.4 2.54
1.82 3.17 4.39 2.56
1.85 3.02 4.41 2.43
1.8 2.78 4.6 2.38
1.83 3.17 4.31 2.48
1.81 2.9 4.71 2.61
1.79 2.66 4.71 2.37
1.85 2.77 4.63 2.4
1.87 2.84 4.54 2.38
1.87 3.22 4.22 2.44
1.72 2.5 4.64 2.14
1.75 2.8 4.76 2.56
1.91 3.2 4.18 2.38
1.81 3.2 4.19 2.39
1.77 3.05 4.41 2.46
1.82 2.91 4.5 2.41
1.85 3.03 4.33 2.36
1.83 3.25 4.15 2.4
1.82 2.94 4.48 2.42
1.83 3.17 4.5 2.67
1.88 3.24 4.1 2.34
1.81 2.91 4.49 2.4
1.86 3.55 3.97 2.52
1.84 2.89 4.35 2.24
1.84 3.39 4.18 2.57
1.79 3.23 4.1 2.33
1.83 3.35 4.12 2.47
1.85 2.65 4.67 2.32
1.86 3.28 4.31 2.59
1.87 3.08 4.29 2.37
1.88 3.39 4.02 2.41
1.83 2.7 4.59 2.29
1.87 3.26 4.11 2.37
1.87 3.18 4.03 2.21
1.85 3.19 4.34 2.53
1.85 3.23 4.13 2.36
1.8 2.82 4.39 2.21
1.78 2.78 4.62 2.4
1.83 2.96 4.47 2.43
1.85 2.79 4.54 2.33
1.82 2.93 4.47 2.4
1.87 3.42 3.92 2.34
1.84 2.93 4.4 2.33
1.92 3.2 4.11 2.31
1.85 2.79 4.35 2.14
1.91 3.35 4.15 2.5
1.9 3.67 3.84 2.51
1.86 3.36 4.04 2.4
1.84 3.12 4.1 2.22
1.78 2.97 4.45 2.42
1.84 3.25 4.19 2.44
1.88 3.35 4.01 2.36
1.83 2.99 4.28 2.27
1.83 2.89 4.42 2.31
1.82 2.91 4.56 2.47
1.85 3.3 4.22 2.52
1.84 3.1 4.33 2.43
1.87 3.47 4.03 2.5
1.78 2.72 4.79 2.51
1.82 3.01 4.43 2.44
1.89 2.83 4.55 2.38
1.86 3.28 4.2 2.48
1.77 2.73 4.62 2.35
1.84 3.08 4.3 2.38
1.83 3.01 4.35 2.36
1.82 2.93 4.48 2.41
1.85 3.17 4.23 2.4
1.79 2.76 4.54 2.3
1.89 2.87 4.61 2.48
1.83 3.46 4.23 2.69
1.83 2.96 4.65 2.61
1.89 3.27 4.06 2.33
1.81 3.24 4.22 2.46
1.89 3.1 4.36 2.46
1.84 3.07 4.09 2.16
1.79 2.78 4.58 2.36
1.82 3.15 4.22 2.37
1.83 3.03 4.44 2.47
1.8 2.6 4.72 2.32
1.85 2.84 4.36 2.2
1.83 3.05 4.46 2.51
1.78 2.82 4.73 2.55
1.86 3.05 4.38 2.43
1.84 3.11 4.39 2.5
1.83 3.15 4.43 2.58
1.82 2.53 5.0 2.53
1.88 2.96 4.39 2.35
1.82 2.73 4.61 2.34
1.77 2.74 4.59 2.33
1.8 2.96 4.6 2.56
1.82 3.02 4.34 2.36
1.83 3.15 4.23 2.38
1.88 2.58 4.69 2.27
1.83 3.17 4.43 2.6
1.79 3.15 4.53 2.68
1.85 3.14 4.26 2.4
1.83 3.15 4.45 2.6
1.77 3.02 4.35 2.37
1.81 2.89 4.48 2.37
1.77 2.48 4.87 2.35
1.85 2.98 4.4 2.38
1.81 2.78 4.65 2.43
1.87 2.9 4.49 2.39
1.89 3.4 3.96 2.36
1.84 2.97 4.22 2.19
1.8 3.31 4.09 2.4
1.82 3.42 3.99 2.41
1.86 3.41 3.86 2.27
1.82 2.92 4.4 2.32
1.85 2.8 4.56 2.36
1.81 3.0 4.43 2.43
1.82 3.05 4.31 2.36
1.89 3.58 4.08 2.66
1.83 3.06 4.23 2.29
1.88 3.29 4.24 2.53
1.82 3.17 4.45 2.62
1.89 3.19 4.12 2.31
1.81 3.38 4.12 2.5
1.83 3.06 4.39 2.45
1.86 2.98 4.46 2.44
1.85 3.1 4.2 2.3
1.86 3.23 4.24 2.47
1.79 2.77 4.66 2.43
1.8 3.01 4.37 2.38
1.85 3.01 4.26 2.27
1.78 3.03 4.4 2.43
1.77 2.67 4.78 2.45
1.78 2.99 4.29 2.28
1.83 3.16 4.36 2.52
1.85 3.01 4.5 2.51
1.91 3.36 4.0 2.36
1.84 3.04 4.35 2.39
1.82 3.08 4.39 2.47
1.84 2.69 4.57 2.26
1.83 3.08 4.15 2.23
1.87 3.0 4.43 2.43
1.83 2.83 4.63 2.46
1.9 3.18 4.04 2.22
1.82 2.77 4.52 2.29
1.86 3.08 4.62 2.7
1.77 2.97 4.47 2.44
1.82 3.09 4.43 2.52
1.86 3.03 4.35 2.38
1.82 2.98 4.46 2.44
1.75 2.85 4.58 2.43
1.87 3.06 4.18 2.24
1.81 3.06 4.31 2.37
1.79 2.89 4.61 2.5
1.82 2.97 4.37 2.34
1.84 3.0 4.26 2.26
1.84 2.62 4.57 2.19
1.83 2.92 4.57 2.49
1.84 2.81 4.66 2.47
1.78 3.1 4.23 2.33
1.81 2.97 4.42 2.39
1.79 2.75 4.54 2.29
1.85 3.06 4.22 2.28
1.86 3.5 3.9 2.4
1.8 2.92 4.55 2.47
1.84 2.8 4.32 2.12
1.76 2.94 4.41 2.35
1.83 2.81 4.45 2.26
1.85 3.05 4.26 2.31
1.85 3.31 4.05 2.36
1.82 2.98 4.44 2.42
1.87 3.27 4.09 2.36
1.86 3.47 4.11 2.58
1.79 2.81 4.39 2.2
1.86 2.91 4.45 2.36
1.86 3.18 4.33 2.51
1.79 3.0 4.3 2.3
1.85 3.04 4.24 2.28
1.76 3.04 4.29 2.33
1.9 3.51 4.03 2.54
1.82 2.75 4.61 2.36
1.84 3.19 4.12 2.31
1.83 3.3 3.95 2.25
1.89 2.99 4.34 2.33
1.82 2.78 4.5 2.28
1.88 2.85 4.69 2.54
1.69 3.02 4.28 2.3
1.81 2.97 4.4 2.37
1.82 2.96 4.36 2.32
1.81 3.0 4.35 2.35
1.79 3.03 4.59 2.62
1.84 3.2 4.27 2.47
1.85 3.15 4.22 2.37
1.87 3.48 4.04 2.52
1.88 3.41 4.18 2.59
1.81 2.93 4.48 2.41
1.8 2.97 4.48 2.45
1.81 3.14 4.4 2.54
1.89 3.3 4.19 2.49
1.83 3.06 4.41 2.47
1.88 3.31 4.13 2.44
1.88 2.97 4.21 2.18
1.85 2.79 4.38 2.17
1.83 3.27 4.11 2.38
1.88 3.16 4.21 2.37
1.82 2.93 4.31 2.24
1.88 2.83 4.55 2.38
1.82 2.98 4.44 2.42
1.88 3.14 4.31 2.45
1.8 3.34 4.15 2.49
1.87 3.22 4.24 2.46
1.85 3.16 4.19 2.35
1.8 3.19 4.47 2.66
1.84 3.16 4.26 2.42
1.82 3.09 4.37 2.46
1.77 3.04 4.47 2.51
1.84 3.19 4.18 2.37
1.77 2.83 4.64 2.47
1.83 3.23 4.29 2.52
1.83 2.9 4.45 2.35
1.81 3.06 4.46 2.52
1.81 3.08 4.51 2.59
1.87 3.18 4.27 2.45
1.72 2.58 4.73 2.31
1.8 3.12 4.39 2.51
1.91 3.23 4.19 2.42
1.82 3.3 4.31 2.61
1.85 3.02 4.38 2.4
1.84 3.32 4.16 2.48
1.85 3.3 4.3 2.6
1.83 3.24 4.23 2.47
1.82 2.9 4.34 2.24
1.83 3.09 4.43 2.52
1.85 3.13 4.22 2.35
1.77 3.02 4.42 2.44
1.84 3.11 4.41 2.52
1.87 3.3 4.04 2.34
1.78 3.0 4.32 2.32
1.81 2.95 4.47 2.42
1.79 3.26 4.23 2.49
1.86 3.09 4.24 2.33
1.83 3.11 4.43 2.54
1.84 2.94 4.56 2.5
1.78 2.92 4.41 2.33
1.8 2.9 4.47 2.37
1.83 3.53 3.95 2.48
1.84 3.14 4.33 2.47
1.85 3.21 4.26 2.47
1.84 3.1 4.24 2.34
1.84 3.34 4.03 2.37
1.84 2.79 4.53 2.32
1.83 3.13 4.36 2.49
1.87 3.09 4.21 2.3
1.85 3.19 4.4 2.59
1.75 3.05 4.36 2.41
1.88 2.91 4.51 2.42
1.84 3.2 4.19 2.39
1.86 3.29 4.1 2.39
1.85 3.21 4.43 2.64
1.78 2.96 4.56 2.52
1.87 3.02 4.21 2.23
1.88 3.38 4.07 2.45
1.88 3.15 4.4 2.55
1.86 3.09 4.4 2.49
1.81 3.0 4.25 2.25
1.68 2.88 4.56 2.44
1.86 3.38 4.05 2.43
1.83 3.15 4.35 2.5
1.84 2.9 4.63 2.53
1.86 3.24 4.26 2.5
1.77 2.86 4.36 2.22
1.87 3.47 3.89 2.36
1.83 3.28 4.27 2.55
1.84 3.34 4.11 2.45
1.79 2.92 4.46 2.38
1.87 3.1 4.22 2.32
1.9 3.17 4.33 2.5
1.87 3.24 4.22 2.46
1.81 3.22 4.27 2.49
1.83 3.1 4.42 2.52
1.86 3.44 4.09 2.53
1.85 2.95 4.23 2.18
1.78 2.77 4.55 2.32
1.88 3.07 4.42 2.49
1.81 2.7 4.55 2.25
1.83 3.04 4.6 2.64
1.84 3.07 4.62 2.69
1.77 2.97 4.48 2.45
1.81 3.2 4.31 2.51
1.87 3.6 3.8 2.4
1.93 3.67 3.7 2.37
1.87 2.95 4.48 2.43
1.87 3.17 4.21 2.38
1.84 3.13 4.37 2.5
1.9 3.52 3.93 2.45
1.84 3.18 4.18 2.36
1.9 3.43 3.94 2.37
1.85 3.19 4.31 2.5
1.83 3.14 4.33 2.47
1.77 2.89 4.39 2.28
1.82 3.06 4.4 2.46
1.83 3.32 4.2 2.52
1.87 3.35 4.24 2.59
1.9 3.04 4.32 2.36
1.81 3.12 4.3 2.42
1.87 2.81 4.39 2.2
1.82 3.08 4.13 2.21
1.8 2.93 4.47 2.4
1.83 3.31 4.17 2.48
1.84 3.2 4.38 2.58
1.87 3.06 4.51 2.57
1.9 3.1 4.12 2.22
1.87 3.34 4.06 2.4
1.83 3.19 4.21 2.4
1.87 3.22 4.39 2.61
1.88 3.16 4.54 2.7
1.78 3.04 4.43 2.47
1.83 3.14 4.21 2.35
1.86 3.05 4.3 2.35
1.81 2.97 4.51 2.48
1.8 2.95 4.6 2.55
1.83 3.16 4.27 2.43
1.87 2.89 4.34 2.23
1.82 3.17 4.28 2.45
1.86 3.11 4.25 2.36
1.86 2.87 4.59 2.46
1.84 3.28 4.08 2.36
1.83 3.06 4.46 2.52
1.79 3.04 4.39 2.43
1.82 2.74 4.75 2.49
1.83 3.18 4.29 2.47
1.78 3.25 3.95 2.2
1.87 2.92 4.37 2.29
1.88 3.2 4.3 2.5
1.85 3.05 4.47 2.52
1.85 3.34 4.19 2.53
1.73 2.91 4.54 2.45
1.85 2.78 4.53 2.31
1.89 3.19 4.11 2.3
1.78 3.32 4.18 2.5
1.88 3.14 4.32 2.46
1.78 2.66 4.6 2.26
1.84 2.92 4.53 2.45
1.84 3.03 4.36 2.39
1.87 3.37 4.17 2.54
1.87 3.0 4.46 2.46
1.87 3.48 3.84 2.32
1.86 2.97 4.35 2.32
1.87 2.97 4.34 2.31
1.85 3.41 4.04 2.45
1.85 2.94 4.27 2.21
1.82 3.24 4.05 2.29
1.88 3.36 4.06 2.42
1.82 2.9 4.51 2.41
1.86 2.95 4.49 2.44
1.83 3.15 4.32 2.47
1.89 3.55 3.89 2.44
1.82 3.26 4.25 2.51
1.84 3.17 4.27 2.44
1.88 3.28 4.06 2.34
1.81 2.91 4.74 2.65
1.79 2.93 4.47 2.4
1.8 3.03 4.56 2.59
1.83 3.09 4.5 2.59
1.88 3.49 4.03 2.52
1.87 3.17 4.41 2.58
1.85 3.2 4.26 2.46
1.86 3.26 4.25 2.51
1.84 3.04 4.33 2.37
1.8 2.79 4.59 2.38
1.82 3.33 4.21 2.54
1.84 3.05 4.21 2.26
1.86 2.98 4.43 2.41
1.85 2.9 4.65 2.55
1.88 3.35 4.06 2.41
1.81 3.17 4.38 2.55
1.84 3.18 4.12 2.3
1.8 3.22 4.3 2.52
1.82 3.11 4.34 2.45
1.83 2.9 4.45 2.35
1.82 2.91 4.45 2.36
1.81 2.94 4.37 2.31
1.77 2.78 4.7 2.48
1.79 2.89 4.28 2.17
1.92 2.94 4.44 2.38
1.84 3.01 4.3 2.31
1.8 2.64 4.82 2.46
1.87 3.48 4.02 2.5
1.84 2.89 4.53 2.42
1.82 3.12 4.2 2.32
1.84 2.78 4.51 2.29
1.83 3.04 4.27 2.31
1.87 3.11 4.3 2.41
1.88 3.15 4.23 2.38
1.85 3.17 4.14 2.31
1.8 3.08 4.17 2.25
1.83 3.1 4.36 2.46
1.82 3.17 4.14 2.31
1.78 3.32 4.16 2.48
1.73 2.72 4.56 2.28
1.82 3.09 4.59 2.68
1.9 3.39 4.21 2.6
1.82 3.18 4.32 2.5
1.86 3.35 4.06 2.41
1.81 3.14 4.22 2.36
1.75 2.78 4.52 2.3
1.79 3.06 4.36 2.42
1.73 3.22 4.38 2.6
1.78 3.06 4.46 2.52
1.8 3.05 4.31 2.36
1.81 2.96 4.5 2.46
1.74 2.7 4.8 2.5
1.84 3.18 4.35 2.53
1.78 2.7 4.74 2.44
1.89 3.3 4.07 2.37
1.79 2.84 4.49 2.33
1.87 3.36 3.93 2.29
1.81 2.66 4.98 2.64
1.87 3.2 4.17 2.37
1.85 3.0 4.27 2.27
1.87 3.38 3.94 2.32
1.82 3.27 4.18 2.45
1.85 3.23 4.4 2.63
1.82 3.01 4.44 2.45
1.85 3.11 4.43 2.54
1.82 2.98 4.32 2.3
1.83 3.0 4.25 2.25
1.79 2.85 4.51 2.36
1.81 3.25 4.18 2.43
1.89 2.91 4.5 2.41
1.81 3.18 4.28 2.46
1.86 3.21 4.26 2.47
1.86 2.99 4.32 2.31
1.86 3.22 4.09 2.31
1.88 3.35 4.15 2.5
1.87 3.15 4.37 2.52
1.89 3.12 4.3 2.42
1.86 3.22 4.37 2.59
1.81 3.22 4.18 2.4
1.76 3.03 4.46 2.49
1.83 3.09 4.3 2.39
1.81 2.91 4.28 2.19
1.81 3.02 4.45 2.47
1.82 2.8 4.65 2.45
1.87 3.05 4.54 2.59
1.9 3.25 4.26 2.51
1.81 2.96 4.45 2.41
1.87 3.29 3.98 2.27
1.87 3.07 4.28 2.35
1.81 3.14 4.28 2.42
1.82 3.34 4.17 2.51
1.81 2.87 4.57 2.44
1.87 3.26 4.24 2.5
1.83 3.03 4.39 2.42
1.85 2.9 4.4 2.3
1.87 3.62 3.76 2.38
1.79 3.01 4.43 2.44
1.81 3.03 4.42 2.45
1.79 3.06 4.22 2.28
1.81 3.03 4.28 2.31
1.78 3.16 4.25 2.41
1.79 3.0 4.34 2.34
1.84 3.18 4.23 2.41
1.79 2.76 4.56 2.32
1.82 2.8 4.53 2.33
1.79 2.64 4.73 2.37
1.83 2.7 4.56 2.26
1.84 2.77 4.57 2.34
1.83 3.22 4.19 2.41
1.8 2.99 4.45 2.44
1.81 2.96 4.47 2.43
1.84 2.97 4.19 2.16
1.81 2.88 4.54 2.42
1.81 3.04 4.5 2.54
1.75 2.81 4.61 2.42
1.84 3.25 4.17 2.42
1.85 3.29 4.06 2.35
1.84 3.1 4.18 2.28
1.87 3.06 4.25 2.31
1.87 3.17 4.01 2.18
1.82 2.89 4.52 2.41
1.83 3.21 4.47 2.68
1.91 3.54 3.91 2.45
1.85 3.46 4.0 2.46
1.81 2.94 4.47 2.41
1.85 3.5 3.98 2.48
1.79 2.65 4.68 2.33
1.77 2.83 4.55 2.38
1.78 3.14 4.19 2.33
1.82 3.14 4.23 2.37
1.8 2.83 4.58 2.41
1.8 2.7 4.53 2.23
1.84 2.93 4.48 2.41
1.84 2.82 4.55 2.37
1.88 3.14 4.34 2.48
1.76 2.9 4.46 2.36
1.85 3.34 4.02 2.36
1.86 2.99 4.32 2.31
1.81 2.85 4.66 2.51
1.82 3.46 3.99 2.45
1.91 3.12 4.14 2.26
1.82 3.29 4.2 2.49
1.8 2.99 4.44 2.43
1.84 3.0 4.42 2.42
1.9 3.19 4.1 2.29
1.79 2.9 4.64 2.54
1.82 3.48 4.01 2.49
1.82 3.08 4.32 2.4
1.76 2.7 4.6 2.3
1.89 3.34 4.18 2.52
1.82 3.03 4.47 2.5
1.88 3.39 3.96 2.35
1.8 3.22 4.14 2.36
1.87 3.17 4.11 2.28
1.84 2.98 4.19 2.17
1.84 3.02 4.34 2.36
1.81 3.33 4.22 2.55
1.77 2.93 4.4 2.33
1.87 3.56 3.98 2.54
1.82 2.94 4.21 2.15
1.88 3.13 4.29 2.42
1.78 2.64 4.69 2.33
1.78 2.42 5.05 2.47
1.82 3.01 4.39 2.4
1.89 3.29 3.98 2.27
1.83 3.01 4.4 2.41
1.86 3.19 4.21 2.4
1.86 2.91 4.27 2.18
1.84 2.92 4.36 2.28
1.87 3.18 4.21 2.39
1.85 3.24 4.21 2.45
1.78 3.15 4.26 2.41
1.81 3.0 4.42 2.42
1.85 3.4 4.31 2.71
1.76 3.06 4.66 2.72
1.85 3.19 4.12 2.31
1.8 3.03 4.35 2.38
1.84 2.88 4.51 2.39
1.85 3.08 4.24 2.32
1.81 3.05 4.14 2.19
1.81 3.31 4.11 2.42
1.78 2.93 4.44 2.37
1.84 2.79 4.6 2.39
1.86 3.06 4.35 2.41
1.86 3.11 4.32 2.43
1.8 2.73 4.62 2.35
1.85 3.51 3.88 2.39
1.84 2.96 4.46 2.42
1.85 3.28 4.03 2.31
1.82 3.16 4.18 2.34
1.83 3.02 4.58 2.6
1.83 2.83 4.58 2.41
1.83 3.19 4.38 2.57
1.82 3.13 4.29 2.42
1.91 3.19 4.06 2.25
1.85 3.07 4.22 2.29
1.77 2.57 4.7 2.27
1.84 3.44 3.95 2.39
1.86 3.18 4.25 2.43
1.8 3.0 4.32 2.32
1.85 3.37 4.07 2.44
1.86 3.02 4.34 2.36
1.72 2.94 4.61 2.55
1.89 3.15 4.1 2.25
1.81 2.87 4.45 2.32
1.81 2.93 4.36 2.29
1.83 3.27 3.97 2.24
1.81 3.07 4.44 2.51
1.77 2.62 4.76 2.38
1.81 2.98 4.54 2.52
1.79 2.93 4.55 2.48
1.85 3.32 4.21 2.53
1.89 3.33 4.12 2.45
1.87 3.11 4.35 2.46
1.9 3.48 4.01 2.49
1.84 3.34 4.19 2.53
1.82 3.11 4.27 2.38
1.82 3.14 4.4 2.54
1.8 3.39 4.11 2.5
1.83 2.99 4.43 2.42
1.83 3.32 4.11 2.43
1.95 3.06 4.19 2.25
1.8 3.04 4.36 2.4
1.82 3.05 4.37 2.42
1.84 2.98 4.4 2.38
1.87 3.15 4.1 2.25
1.83 3.06 4.42 2.48
1.9 3.22 4.24 2.46
1.8 2.98 4.4 2.38
1.81 3.5 3.99 2.49
1.77 2.93 4.64 2.57
1.81 2.63 4.65 2.28
1.85 3.12 4.17 2.29
1.85 3.11 4.32 2.43
1.88 3.21 4.21 2.42
1.84 2.98 4.58 2.56
1.73 2.94 4.48 2.42
1.87 2.98 4.39 2.37
1.87 3.11 4.28 2.39
1.86 3.01 4.38 2.39
1.86 3.06 4.33 2.39
1.79 2.62 4.76 2.38
1.87 3.15 4.28 2.43
1.83 2.88 4.33 2.21
1.81 3.18 4.33 2.51
1.8 3.04 4.33 2.37
1.84 3.2 4.02 2.22
1.83 3.25 4.15 2.4
1.82 2.71 4.59 2.3
1.81 2.94 4.49 2.43
1.86 3.22 4.03 2.25
1.85 2.97 4.39 2.36
1.84 3.34 4.26 2.6
1.87 2.74 4.5 2.24
1.82 3.02 4.5 2.52
1.8 3.35 3.96 2.31
1.84 3.09 4.25 2.34
1.81 2.87 4.58 2.45
1.87 3.14 4.05 2.19
1.84 2.93 4.57 2.5
1.84 2.97 4.33 2.3
1.78 2.76 4.53 2.29
1.82 3.15 4.4 2.55
1.8 3.29 4.17 2.46
1.81 2.59 4.87 2.46
1.78 2.77 4.67 2.44
1.87 3.25 4.2 2.45
1.89 3.62 3.8 2.42
1.84 3.25 4.21 2.46
1.9 2.99 4.39 2.38
1.8 2.93 4.5 2.43
1.8 3.05 4.46 2.51
1.74 2.72 4.57 2.29
1.86 3.01 4.32 2.33
1.79 3.13 4.45 2.58
1.82 2.93 4.44 2.37
1.94 3.33 4.02 2.35
1.84 3.33 4.02 2.35
1.78 2.89 4.51 2.4
1.84 2.82 4.61 2.43
1.8 3.22 4.2 2.42
1.84 3.25 4.15 2.4
1.82 3.02 4.36 2.38
1.86 3.25 4.21 2.46
1.8 3.07 4.37 2.44
1.84 2.86 4.53 2.39
1.84 2.91 4.57 2.48
1.89 3.29 4.34 2.63
1.86 3.4 4.03 2.43
1.8 2.97 4.55 2.52
1.78 2.99 4.5 2.49
1.7 2.68 4.7 2.38
1.82 2.85 4.43 2.28
1.85 2.87 4.54 2.41
1.91 3.23 4.2 2.43
1.82 3.01 4.44 2.45
1.8 2.99 4.41 2.4
1.83 3.25 4.34 2.59
1.81 3.22 4.41 2.63
1.84 3.19 4.21 2.4
1.89 3.18 4.45 2.63
1.78 3.09 4.68 2.77
1.78 2.77 4.77 2.54
1.81 3.17 4.3 2.47
1.75 2.78 4.64 2.42
1.87 3.4 4.03 2.43
1.87 2.95 4.42 2.37
1.81 3.05 4.42 2.47
1.85 3.11 4.23 2.34
1.87 3.19 4.16 2.35
1.86 3.35 3.86 2.21
1.79 3.01 4.41 2.42
1.87 3.34 4.06 2.4
1.81 2.99 4.27 2.26
1.81 3.27 4.33 2.6
1.82 3.2 4.22 2.42
1.87 3.4 3.96 2.36
1.81 3.16 4.41 2.57
1.91 3.31 4.02 2.33
1.77 2.91 4.6 2.51
1.81 3.17 4.25 2.42
1.78 3.07 4.27 2.34
1.86 2.9 4.36 2.26
1.88 3.31 4.07 2.38
1.88 3.06 4.38 2.44
1.86 3.13 4.26 2.39
1.79 3.02 4.5 2.52
1.84 2.99 4.35 2.34
1.85 3.25 4.15 2.4
1.84 2.79 4.59 2.38
1.86 3.23 4.38 2.61
1.77 2.94 4.42 2.36
1.91 3.15 4.29 2.44
1.91 3.39 4.06 2.45
1.83 2.98 4.34 2.32
1.83 2.85 4.53 2.38
1.86 3.02 4.31 2.33
1.77 2.96 4.31 2.27
1.84 3.23 4.09 2.32
1.82 3.07 4.24 2.31
1.93 3.59 3.89 2.48
1.87 3.18 4.31 2.49
1.84 2.89 4.31 2.2
1.84 3.02 4.39 2.41
1.85 3.08 4.19 2.27
1.89 3.17 4.29 2.46
1.83 2.96 4.26 2.22
1.81 2.9 4.38 2.28
1.81 3.0 4.56 2.56
1.79 2.9 4.42 2.32
1.85 3.09 4.22 2.31
1.82 3.38 4.14 2.52
1.83 3.52 3.9 2.42
1.77 2.92 4.48 2.4
1.85 3.08 4.2 2.28
1.81 2.92 4.51 2.43
1.82 3.17 4.28 2.45
1.82 3.06 4.24 2.3
1.83 3.41 3.94 2.35
1.84 3.13 4.48 2.61
1.88 3.09 4.17 2.26
1.87 2.84 4.61 2.45
1.76 3.09 4.45 2.54
1.84 2.91 4.47 2.38
1.79 2.6 4.61 2.21
1.84 3.18 4.38 2.56
1.9 3.08 4.21 2.29
1.78 2.92 4.31 2.23
1.85 2.92 4.5 2.42
1.85 3.21 4.4 2.61
1.82 2.78 4.52 2.3
1.84 3.17 4.17 2.34
1.9 2.86 4.54 2.4
1.85 2.96 4.34 2.3
1.82 3.13 4.32 2.45
1.85 3.23 4.2 2.43
1.87 3.02 4.12 2.14
1.83 3.13 4.29 2.42
1.83 3.29 4.06 2.35
1.9 3.13 4.37 2.5
1.77 2.82 4.42 2.24
1.82 3.17 4.23 2.4
1.84 3.17 4.37 2.54
1.84 2.97 4.53 2.5
1.88 3.33 4.1 2.43
1.84 3.05 4.34 2.39
1.9 3.34 4.07 2.41
1.76 2.89 4.53 2.42
1.87 2.93 4.42 2.35
1.8 3.05 4.41 2.46
1.81 2.97 4.64 2.61
1.89 3.13 4.2 2.33
1.88 3.1 4.23 2.33
1.9 3.49 3.94 2.43
1.89 2.95 4.24 2.19
1.9 3.28 4.31 2.59
1.85 3.3 4.14 2.44
1.84 3.02 4.28 2.3
1.83 2.96 4.43 2.39
1.85 2.95 4.32 2.27
1.81 3.13 4.31 2.44
1.84 3.23 4.3 2.53
1.85 2.61 4.64 2.25
1.83 3.01 4.28 2.29
1.83 2.97 4.33 2.3
1.85 3.14 4.18 2.32
1.81 3.26 4.1 2.36
1.87 2.94 4.21 2.15
1.88 3.38 3.96 2.34
1.85 3.11 4.2 2.31
1.82 3.08 4.46 2.54
1.84 3.07 4.21 2.28
1.85 3.22 4.23 2.45
1.89 3.2 4.23 2.43
1.82 2.76 4.58 2.34
1.8 2.61 4.92 2.53
1.81 3.03 4.59 2.62
1.77 2.82 4.56 2.38
1.85 3.05 4.47 2.52
1.84 2.95 4.69 2.64
1.78 3.04 4.58 2.62
1.92 3.43 3.89 2.32
1.84 3.1 4.29 2.39
1.83 3.05 4.32 2.37
1.82 3.24 4.3 2.54
1.8 2.96 4.23 2.19
1.84 2.96 4.42 2.38
1.82 2.9 4.4 2.3
1.87 3.17 4.17 2.34
1.83 2.98 4.45 2.43
1.85 2.89 4.29 2.18
1.81 3.1 4.27 2.37
1.86 3.06 4.31 2.37
1.87 3.17 4.15 2.32
1.86 3.27 4.16 2.43
1.83 3.15 4.17 2.32
1.82 3.08 4.41 2.49
1.82 2.87 4.53 2.4
1.83 3.09 4.41 2.5
1.89 3.24 4.08 2.32
1.87 3.23 4.25 2.48
1.89 3.33 4.09 2.42
1.88 3.18 4.32 2.5
1.91 3.52 3.87 2.39
1.82 3.08 4.21 2.29
1.9 3.19 4.19 2.38
1.8 2.97 4.18 2.15
1.81 3.15 4.25 2.4
1.88 3.77 3.75 2.52
1.81 3.09 4.22 2.31
1.81 3.42 4.14 2.56
1.88 3.22 4.14 2.36
1.8 3.22 4.37 2.59
1.85 3.32 4.21 2.53
1.83 3.12 4.31 2.43
1.81 3.25 4.31 2.56
1.78 2.9 4.26 2.16
1.8 2.93 4.53 2.46
1.79 3.11 4.35 2.46
1.84 3.23 4.1 2.33
1.81 3.07 4.33 2.4
1.75 3.01 4.21 2.22
1.88 3.12 4.33 2.45
1.86 3.19 4.15 2.34
1.83 2.84 4.76 2.6
1.85 3.39 4.16 2.55
1.82 2.91 4.47 2.38
1.81 2.6 4.86 2.46
1.77 2.81 4.49 2.3
1.84 2.98 4.49 2.47
1.84 3.09 4.14 2.23
1.77 2.79 4.59 2.38
1.82 2.78 4.26 2.04
1.83 3.18 4.18 2.36
1.79 3.27 4.17 2.44
1.87 3.3 4.09 2.39
1.85 3.18 4.24 2.42
1.77 2.85 4.58 2.43
1.84 2.94 4.42 2.36
1.82 3.33 4.1 2.43
1.87 3.28 4.15 2.43
1.86 3.37 4.15 2.52
1.79 2.62 4.75 2.37
1.78 2.99 4.36 2.35
1.82 3.13 4.33 2.46
1.8 3.04 4.4 2.44
1.83 3.19 4.18 2.37
1.83 3.15 4.23 2.38
1.76 3.07 4.42 2.49
1.88 2.87 4.51 2.38
1.78 2.59 4.87 2.46
1.8 3.15 4.31 2.46
1.85 3.54 4.11 2.65
1.89 3.48 3.99 2.47
1.87 3.41 4.19 2.6
1.82 2.88 4.57 2.45
1.8 2.85 4.54 2.39
1.86 3.31 4.36 2.67
1.88 3.26 4.07 2.33
1.91 3.14 4.13 2.27
1.81 2.96 4.45 2.41
1.9 3.2 4.08 2.28
1.82 2.96 4.59 2.55
1.86 3.13 4.16 2.29
1.89 3.13 4.18 2.31
1.86 3.35 4.14 2.49
1.84 3.08 4.2 2.28
1.79 2.94 4.49 2.43
1.89 3.39 4.0 2.39
1.9 3.2 4.2 2.4
1.83 2.99 4.21 2.2
1.82 2.83 4.61 2.44
1.88 3.61 3.96 2.57
1.76 3.2 4.31 2.51
1.88 3.17 4.16 2.33
1.81 3.02 4.49 2.51
1.87 3.34 4.0 2.34
1.9 3.09 4.4 2.49
1.85 3.3 3.98 2.28
1.84 3.06 4.49 2.55
1.87 3.17 4.41 2.58
1.86 3.0 4.41 2.41
1.87 2.99 4.16 2.15
1.8 2.94 4.57 2.51
1.87 3.22 4.19 2.41
1.81 3.14 4.38 2.52
1.87 3.1 4.11 2.21
1.84 3.12 4.21 2.33
1.77 2.7 4.73 2.43
1.84 2.93 4.46 2.39
1.87 3.32 4.11 2.43
1.84 2.69 4.71 2.4
1.81 3.22 4.18 2.4
1.83 2.87 4.43 2.3
1.89 3.17 4.45 2.62
1.82 2.9 4.48 2.38
1.84 2.93 4.48 2.41
1.83 3.41 4.05 2.46
1.85 2.8 4.63 2.43
1.84 3.39 4.02 2.41
1.83 2.72 4.59 2.31
1.87 3.17 4.32 2.49
1.78 2.61 4.66 2.27
1.81 2.9 4.52 2.42
1.82 3.0 4.27 2.27
1.83 3.0 4.48 2.48
1.88 3.05 4.59 2.64
1.82 2.83 4.59 2.42
1.86 2.81 4.55 2.36
1.79 3.0 4.25 2.25
1.89 2.99 4.41 2.4
1.87 3.01 4.32 2.33
1.88 3.17 4.41 2.58
1.84 2.95 4.3 2.25
1.9 3.18 4.2 2.38
1.84 3.18 4.34 2.52
1.84 3.34 3.99 2.33
1.79 3.21 4.17 2.38
1.75 2.98 4.62 2.6
1.79 3.0 4.52 2.52
1.89 3.44 3.99 2.43
1.7 2.72 4.86 2.58
1.72 2.77 4.8 2.57
1.8 2.92 4.55 2.47
1.81 2.79 4.56 2.35
1.83 3.11 4.23 2.34
1.81 2.93 4.49 2.42
1.83 3.32 4.27 2.59
1.88 3.24 4.24 2.48
1.81 2.99 4.44 2.43
1.89 3.05 4.38 2.43
1.88 3.24 4.16 2.4
1.82 3.22 4.38 2.6
1.89 3.61 3.71 2.32
1.87 3.29 4.21 2.5
1.88 2.87 4.45 2.32
1.77 2.77 4.67 2.44
1.87 3.37 4.01 2.38
1.85 3.04 4.39 2.43
1.92 3.06 4.37 2.43
1.91 3.33 4.03 2.36
1.89 2.8 4.55 2.35
1.84 3.07 4.38 2.45
1.81 3.0 4.4 2.4
1.85 3.24 4.1 2.34
1.83 3.21 4.39 2.6
1.92 3.29 4.33 2.62
1.81 3.25 4.42 2.67
1.8 2.84 4.8 2.64
1.82 3.1 4.37 2.47
1.83 2.66 4.59 2.25
1.81 3.13 4.16 2.29
1.82 3.25 4.3 2.55
1.83 3.3 4.24 2.54
1.87 3.07 4.35 2.42
1.8 3.22 4.44 2.66
1.85 3.13 4.19 2.32
1.82 3.05 4.28 2.33
1.84 2.91 4.48 2.39
1.85 3.11 4.41 2.52
1.87 3.19 4.31 2.5
1.82 2.96 4.5 2.46
1.86 2.96 4.36 2.32
1.83 2.96 4.44 2.4
1.75 3.1 4.35 2.45
1.8 2.72 4.86 2.58
1.88 2.88 4.55 2.43
1.82 3.14 4.25 2.39
1.88 3.07 4.25 2.32
1.84 3.16 4.3 2.46
1.84 3.03 4.37 2.4
1.82 3.2 4.2 2.4
1.83 3.01 4.22 2.23
1.84 3.11 4.29 2.4
1.84 3.22 4.34 2.56
1.81 3.1 4.18 2.28
1.78 2.57 4.95 2.52
1.79 2.8 4.59 2.39
1.85 3.21 4.06 2.27
1.86 3.01 4.36 2.37
1.9 3.24 4.21 2.45
1.81 3.06 4.2 2.26
1.85 3.04 4.4 2.44
1.86 3.31 4.15 2.46
1.74 2.97 4.58 2.55
1.89 3.59 3.98 2.57
1.84 2.99 4.43 2.42
1.82 3.17 4.37 2.54
1.83 3.11 4.24 2.35
1.92 3.49 4.07 2.56
1.8 2.93 4.38 2.31
1.84 2.86 4.54 2.4
1.77 2.85 4.59 2.44
1.9 3.55 4.21 2.76
1.8 3.17 4.32 2.49
1.85 3.26 4.09 2.35
1.75 2.7 4.77 2.47
1.82 2.88 4.52 2.4
1.86 3.32 3.99 2.31
1.88 3.32 4.05 2.37
1.76 3.03 4.55 2.58
1.82 3.03 4.53 2.56
1.86 3.25 4.2 2.45
1.83 3.06 4.33 2.39
1.82 3.22 4.2 2.42
1.85 3.18 4.42 2.6
1.88 3.38 3.88 2.26
1.75 3.02 4.5 2.52
1.81 3.17 4.24 2.41
1.89 2.81 4.45 2.26
1.84 3.42 4.22 2.64
1.82 3.43 3.94 2.37
1.9 3.49 4.04 2.53
1.89 3.18 4.07 2.25
1.75 2.98 4.61 2.59
1.87 3.39 4.06 2.45
1.9 3.31 4.19 2.5
1.88 3.06 4.25 2.31
1.79 3.28 4.25 2.53
1.85 3.19 4.16 2.35
1.85 3.17 4.12 2.29
1.81 2.97 4.45 2.42
1.82 3.45 3.94 2.39
1.82 3.15 4.45 2.6
1.84 3.12 4.27 2.39
1.88 3.18 4.34 2.52
1.8 3.28 4.18 2.46
1.82 3.35 4.09 2.44
1.81 3.22 4.19 2.41
1.88 3.43 4.12 2.55
1.85 3.27 4.15 2.42
1.89 3.43 4.11 2.54
1.89 3.52 4.07 2.59
1.83 3.19 4.37 2.56
1.88 3.23 4.26 2.49
1.8 2.85 4.63 2.48
1.81 3.26 4.1 2.36
1.8 3.06 4.48 2.54
1.81 2.98 4.42 2.4
1.86 3.05 4.15 2.2
1.84 3.08 4.14 2.22
1.84 3.39 4.04 2.43
1.83 3.18 4.11 2.29
1.78 3.07 4.28 2.35
1.79 2.69 4.67 2.36
1.84 3.31 4.21 2.52
1.8 3.22 4.18 2.4
1.86 3.06 4.23 2.29
1.86 3.46 4.12 2.58
1.81 3.04 4.16 2.2
1.78 2.75 4.69 2.44
1.85 3.26 4.12 2.38
1.82 3.35 4.11 2.46
1.8 3.0 4.56 2.56
1.84 2.77 4.58 2.35
1.79 3.07 4.38 2.45
1.83 3.05 4.33 2.38
1.83 3.49 3.94 2.43
1.82 2.88 4.4 2.28
1.84 3.09 4.31 2.4
1.85 3.25 4.25 2.5
1.86 2.95 4.34 2.29
1.78 3.03 4.4 2.43
1.85 3.17 4.18 2.35
1.82 3.23 4.37 2.6
1.81 2.97 4.44 2.41
1.83 3.18 4.31 2.49
1.79 3.2 4.32 2.52
1.9 2.96 4.13 2.09
1.75 2.96 4.51 2.47
1.88 3.05 4.27 2.32
1.86 3.02 4.46 2.48
1.81 3.21 4.19 2.4
1.84 3.04 4.25 2.29
1.89 3.3 4.31 2.61
1.89 3.18 4.05 2.23
1.74 2.69 4.72 2.41
1.83 2.97 4.38 2.35
1.86 3.37 4.0 2.37
1.87 2.84 4.64 2.48
1.84 3.28 4.1 2.38
1.84 3.35 4.19 2.54
1.81 3.23 4.34 2.57
1.9 3.25 4.13 2.38
1.76 2.79 4.53 2.32
1.83 3.32 4.02 2.34
1.84 2.7 4.53 2.23
1.85 3.14 4.29 2.43
1.83 3.25 4.11 2.36
1.85 3.4 4.14 2.54
1.82 3.11 4.42 2.53
1.84 3.08 4.45 2.53
1.8 2.84 4.38 2.22
1.84 3.05 4.36 2.41
1.85 3.42 4.12 2.54
1.84 3.17 4.33 2.5
1.85 3.24 4.18 2.42
1.84 3.19 4.51 2.7
1.8 2.78 4.57 2.35
1.87 2.91 4.34 2.25
1.84 3.32 4.12 2.44
1.87 2.87 4.54 2.41
1.81 3.24 4.23 2.47
1.8 2.78 4.48 2.26
1.85 3.22 4.01 2.23
1.85 3.17 4.42 2.59
1.87 3.15 4.24 2.39
1.83 3.16 4.34 2.5
1.83 3.22 4.16 2.38
1.86 3.49 4.12 2.61
1.76 2.93 4.41 2.34
1.86 3.16 4.28 2.44
1.84 3.09 4.34 2.43
1.82 3.02 4.35 2.37
1.87 3.14 4.12 2.26
1.86 2.95 4.51 2.46
1.92 2.99 4.53 2.52
1.86 3.04 4.31 2.35
1.83 3.06 4.32 2.38
1.86 2.98 4.39 2.37
1.82 3.2 4.32 2.52
1.86 3.41 4.25 2.66
1.86 3.39 4.32 2.71
1.85 2.95 4.42 2.37
1.83 3.19 4.44 2.63
1.85 3.05 4.19 2.24
1.78 2.94 4.57 2.51
1.84 3.15 4.31 2.46
1.88 3.41 4.27 2.68
1.81 2.83 4.6 2.43
1.83 2.81 4.36 2.17
1.82 3.44 4.23 2.67
1.83 2.63 4.58 2.21
1.86 3.12 4.34 2.46
1.84 3.34 3.98 2.32
1.85 3.26 4.08 2.34
1.87 3.36 4.09 2.45
1.85 3.3 4.24 2.54
1.83 2.95 4.48 2.43
1.82 2.93 4.19 2.12
1.87 3.14 4.1 2.24
1.76 3.07 4.18 2.25
1.85 2.97 4.41 2.38
1.85 3.22 4.32 2.54
1.84 2.96 4.39 2.35
1.77 2.7 4.78 2.48
1.82 2.69 4.73 2.42
1.85 3.34 4.06 2.4
1.83 3.12 4.33 2.45
1.84 3.23 4.15 2.38
1.82 3.09 4.31 2.4
1.83 3.01 4.36 2.37
1.86 3.16 4.24 2.4
1.82 3.06 4.23 2.29
1.83 3.03 4.36 2.39
1.76 2.99 4.71 2.7
1.85 3.08 4.39 2.47
1.81 3.04 4.35 2.39
1.85 3.11 4.24 2.35
1.79 3.41 4.16 2.57
1.84 3.17 4.2 2.37
1.85 3.1 4.39 2.49
1.85 3.15 4.02 2.17
1.78 3.13 4.44 2.57
1.76 3.2 4.38 2.58
1.85 3.27 4.15 2.42
1.78 3.12 4.32 2.44
1.83 3.13 4.31 2.44
1.8 2.82 4.6 2.42
1.82 3.12 4.25 2.37
1.83 3.14 4.08 2.22
1.82 2.98 4.56 2.54
1.84 3.27 4.07 2.34
1.8 3.02 4.39 2.41
1.72 2.83 4.41 2.24
1.87 3.15 4.25 2.4
1.84 3.09 4.38 2.47
1.85 3.09 4.26 2.35
1.82 3.11 4.4 2.51
1.78 2.97 4.4 2.37
1.78 2.61 4.76 2.37
1.86 3.25 4.23 2.48
1.83 2.88 4.55 2.43
1.78 2.82 4.55 2.37
1.85 3.07 4.4 2.47
1.87 3.12 4.24 2.36
1.87 3.15 4.21 2.36
1.82 2.94 4.45 2.39
1.83 2.94 4.34 2.28
1.83 3.15 4.21 2.36
1.87 2.98 4.31 2.29
1.76 2.82 4.59 2.41
1.81 2.89 4.31 2.2
1.78 2.99 4.48 2.47
1.9 3.19 4.17 2.36
1.84 2.96 4.47 2.43
1.84 3.07 4.29 2.36
1.89 3.24 4.14 2.38
1.84 3.12 4.4 2.52
1.83 2.74 4.57 2.31
1.88 3.18 4.25 2.43
1.85 3.24 4.08 2.32
1.76 2.89 4.61 2.5
1.85 3.12 4.27 2.39
1.84 3.2 4.16 2.36
1.87 3.15 4.31 2.46
1.85 3.18 4.24 2.42
1.8 2.98 4.41 2.39
1.87 3.15 4.07 2.22
1.85 3.28 4.07 2.35
1.81 3.26 4.17 2.43
1.81 3.13 4.2 2.33
1.85 3.16 4.29 2.45
1.86 3.29 4.11 2.4
1.81 3.38 4.15 2.53
1.84 3.05 4.18 2.23
1.76 3.01 4.38 2.39
1.83 2.96 4.49 2.45
1.84 2.84 4.38 2.22
1.83 3.1 4.4 2.5
1.85 3.12 4.23 2.35
1.81 3.58 4.08 2.66
1.79 2.94 4.54 2.48
1.9 3.33 4.05 2.38
1.83 3.05 4.39 2.44
1.85 3.34 4.3 2.64
1.81 2.97 4.61 2.58
1.82 3.42 4.2 2.62
1.86 3.28 4.14 2.42
1.87 3.27 4.04 2.31
1.83 3.03 4.24 2.27
1.87 3.2 4.31 2.51
1.87 3.05 4.23 2.28
1.86 2.87 4.49 2.36
1.75 3.02 4.36 2.38
1.75 3.09 4.45 2.54
1.84 3.04 4.34 2.38
1.87 3.23 4.08 2.31
1.87 3.58 4.01 2.59
1.78 2.66 4.75 2.41
1.82 3.02 4.36 2.38
1.85 3.15 4.37 2.52
1.82 3.24 3.99 2.23
1.87 2.92 4.46 2.38
1.84 3.15 4.45 2.6
1.86 3.26 4.41 2.67
1.87 3.16 4.19 2.35
1.85 2.98 4.43 2.41
1.8 2.8 4.29 2.09
1.87 2.78 4.71 2.49
1.82 2.97 4.34 2.31
1.83 3.09 4.2 2.29
1.85 3.0 4.45 2.45
1.85 3.06 4.42 2.48
1.87 3.24 4.27 2.51
1.85 3.02 4.54 2.56
1.82 3.09 4.29 2.38
1.87 3.32 4.03 2.35
1.82 2.98 4.49 2.47
1.84 2.92 4.6 2.52
1.8 2.76 4.52 2.28
1.87 3.41 4.08 2.49
1.76 2.68 4.95 2.63
1.85 3.29 4.33 2.62
1.87 3.2 4.19 2.39
1.76 3.17 4.3 2.47
1.78 2.92 4.52 2.44
1.8 3.06 4.46 2.52
1.88 3.31 4.09 2.4
1.84 3.05 4.2 2.25
1.81 3.09 4.28 2.37
1.8 3.0 4.38 2.38
1.82 3.23 4.19 2.42
1.84 3.13 4.28 2.41
1.84 2.68 4.55 2.23
1.87 3.16 4.22 2.38
1.83 2.99 4.46 2.45
1.85 3.18 4.31 2.49
1.79 3.07 4.38 2.45
1.88 3.55 3.82 2.37
1.88 3.28 4.11 2.39
1.81 2.75 4.71 2.46
1.84 2.82 4.42 2.24
1.85 3.32 4.03 2.35
1.8 3.04 4.49 2.53
1.83 3.03 4.54 2.57
1.86 3.19 4.36 2.55
1.82 2.79 4.47 2.26
1.83 3.39 4.14 2.53
1.85 2.84 4.52 2.36
1.82 3.04 4.46 2.5
1.86 3.13 4.21 2.34
1.83 3.07 4.32 2.39
1.84 2.75 4.63 2.38
1.81 3.03 4.3 2.33
1.82 3.0 4.35 2.35
1.86 3.27 4.06 2.33
1.82 3.41 4.0 2.41
1.8 2.93 4.41 2.34
1.85 3.67 3.93 2.6
1.8 3.1 4.28 2.38
1.78 3.02 4.48 2.5
1.84 3.24 4.06 2.3
1.79 3.1 4.41 2.51
1.88 3.41 4.12 2.53
1.86 3.08 4.36 2.44
1.9 3.16 4.18 2.34
1.72 2.75 4.54 2.29
1.78 3.21 4.31 2.52
1.79 2.75 4.58 2.33
1.83 3.15 4.39 2.54
1.81 3.11 4.2 2.31
1.89 3.28 4.08 2.36
1.9 2.89 4.38 2.27
1.83 3.25 4.26 2.51
1.81 2.7 4.54 2.24
1.84 2.79 4.56 2.35
1.85 3.02 4.33 2.35
1.86 3.08 4.28 2.36
1.81 3.23 4.32 2.55
1.83 3.22 4.36 2.58
1.85 2.98 4.51 2.49
1.84 3.02 4.44 2.46
1.86 3.35 4.12 2.47
1.83 2.97 4.33 2.3
1.84 3.14 4.21 2.35
1.8 3.22 4.06 2.28
1.88 3.63 3.98 2.61
1.84 3.38 3.99 2.37
1.83 3.26 4.15 2.41
1.8 2.84 4.44 2.28
1.83 2.88 4.49 2.37
1.85 2.89 4.41 2.3
1.79 3.02 4.38 2.4
1.76 2.97 4.39 2.36
1.9 3.37 4.14 2.51
1.8 2.83 4.38 2.21
1.87 3.09 4.39 2.48
1.76 2.7 4.59 2.29
1.84 2.95 4.32 2.27
1.81 3.13 4.27 2.4
1.88 3.45 4.2 2.65
1.8 3.15 4.24 2.39
1.8 3.06 4.3 2.36
1.87 3.03 4.32 2.35
1.75 2.76 4.76 2.52
1.88 3.23 4.13 2.36
1.82 3.01 4.28 2.29
1.85 3.14 4.43 2.57
1.86 3.28 4.09 2.37
1.81 3.26 4.15 2.41
1.83 3.45 3.9 2.35
1.91 3.37 3.97 2.34
1.79 2.89 4.47 2.36
1.83 3.04 4.43 2.47
1.84 3.12 4.35 2.47
1.78 2.96 4.54 2.5
1.89 3.22 4.05 2.27
1.88 3.31 4.19 2.5
1.87 3.0 4.16 2.16
1.85 3.22 4.14 2.36
1.87 3.04 4.48 2.52
1.79 3.1 4.34 2.44
1.77 2.55 4.64 2.19
1.81 2.87 4.51 2.38
1.8 2.66 4.61 2.27
1.85 3.33 4.27 2.6
1.86 2.97 4.4 2.37
1.76 2.97 4.42 2.39
1.82 2.57 4.65 2.22
1.81 3.04 4.45 2.49
1.84 2.86 4.48 2.34
1.81 2.98 4.14 2.12
1.86 3.25 4.16 2.41
1.85 3.04 4.41 2.45
1.87 2.99 4.59 2.58
1.88 3.35 3.96 2.31
1.84 2.8 4.57 2.37
1.8 3.21 4.16 2.37
1.87 3.46 3.94 2.4
1.88 2.76 4.52 2.28
1.87 3.05 4.32 2.37
1.86 3.02 4.44 2.46
1.85 3.2 4.24 2.44
1.74 2.8 4.62 2.42
1.88 3.47 4.01 2.48
1.86 3.5 4.15 2.65
1.86 3.13 4.3 2.43
1.85 3.05 4.4 2.45
1.82 3.19 4.11 2.3
1.84 3.39 4.17 2.56
1.76 2.91 4.54 2.45
1.72 3.04 4.5 2.54
1.86 3.19 4.41 2.6
1.83 3.03 4.44 2.47
1.84 2.95 4.35 2.3
1.82 2.84 4.44 2.28
1.91 3.41 4.09 2.5
1.79 2.75 4.6 2.35
1.82 2.88 4.33 2.21
1.9 3.37 4.07 2.44
1.87 3.22 4.07 2.29
1.81 2.98 4.48 2.46
1.83 2.87 4.4 2.27
1.72 2.68 4.82 2.5
1.81 3.01 4.59 2.6
1.81 3.1 4.52 2.62
1.82 3.08 4.53 2.61
1.85 3.22 4.26 2.48
1.84 2.7 4.4 2.1
1.82 2.87 4.65 2.52
1.87 2.98 4.31 2.29
1.8 2.72 4.72 2.44
1.82 2.95 4.57 2.52
1.77 2.83 4.65 2.48
1.79 2.87 4.6 2.47
1.85 3.3 4.24 2.54
1.84 2.93 4.46 2.39
1.86 3.03 4.22 2.25
1.82 2.73 4.67 2.4
1.81 2.95 4.6 2.55
1.82 2.75 4.65 2.4
1.82 3.37 4.1 2.47
1.84 2.83 4.55 2.38
1.85 3.29 4.07 2.36
1.85 2.81 4.47 2.28
1.8 2.88 4.29 2.17
1.82 3.03 4.29 2.32
1.77 2.91 4.65 2.56
1.81 3.11 4.39 2.5
1.79 2.84 4.58 2.42
1.82 3.18 4.36 2.54
1.8 3.27 4.12 2.39
1.84 3.28 4.24 2.52
1.82 3.21 4.38 2.59
1.8 3.02 4.47 2.49
1.86 2.75 4.57 2.32
1.86 2.97 4.5 2.47
1.82 2.73 4.56 2.29
1.81 3.24 4.23 2.47
1.83 3.22 4.23 2.45
1.76 2.78 4.61 2.39
1.84 2.94 4.2 2.14
1.85 2.96 4.39 2.35
1.79 2.98 4.26 2.24
1.77 2.95 4.43 2.38
1.87 2.9 4.41 2.31
1.84 2.95 4.5 2.45
1.79 2.87 4.54 2.41
1.82 2.91 4.54 2.45
1.88 3.17 4.39 2.56
1.88 3.56 3.94 2.5
1.76 2.98 4.37 2.35
1.81 2.72 4.56 2.28
1.88 3.05 4.22 2.27
1.8 3.09 4.32 2.41
1.85 3.21 4.34 2.55
1.81 2.85 4.46 2.31
1.82 3.23 4.34 2.57
1.83 3.15 4.25 2.4
1.87 3.21 4.15 2.36
1.85 3.29 4.2 2.49
1.82 2.94 4.38 2.32
1.88 2.92 4.4 2.32
1.88 3.14 4.17 2.31
1.79 3.01 4.41 2.42
1.85 3.03 4.44 2.47
1.79 2.84 4.7 2.54
1.86 2.76 4.36 2.12
1.84 2.93 4.52 2.45
1.87 3.08 4.34 2.42
1.84 3.0 4.48 2.48
1.82 2.96 4.31 2.27
1.84 2.73 4.5 2.23
1.83 3.14 4.43 2.57
1.85 3.37 4.26 2.63
1.91 3.14 4.25 2.39
1.83 3.04 4.4 2.44
1.81 2.98 4.35 2.33
1.81 3.16 4.42 2.58
1.8 3.18 4.21 2.39
1.83 3.11 4.21 2.32
1.79 2.79 4.44 2.23
1.89 3.25 4.06 2.31
1.84 2.96 4.14 2.1
1.79 3.66 3.87 2.53
1.86 3.21 4.45 2.66
1.92 3.14 4.37 2.51
1.81 2.76 4.68 2.44
1.83 3.41 4.09 2.5
1.81 2.9 4.49 2.39
1.82 3.34 4.29 2.63
1.76 2.87 4.66 2.53
1.78 2.76 4.53 2.29
1.85 3.07 4.14 2.21
1.8 3.12 4.32 2.44
1.84 2.92 4.26 2.18
1.85 2.75 4.82 2.57
1.9 3.64 3.89 2.53
1.89 3.28 4.18 2.46
1.81 3.14 4.29 2.43
1.87 2.82 4.47 2.29
1.86 2.81 4.68 2.49
1.74 2.76 4.47 2.23
1.82 3.4 4.1 2.5
1.8 2.82 4.63 2.45
1.86 2.91 4.48 2.39
1.94 3.25 4.26 2.51
1.81 3.18 4.19 2.37
1.85 3.19 4.12 2.31
1.9 3.05 4.35 2.4
1.85 3.06 4.44 2.5
1.83 3.06 4.35 2.41
1.72 2.95 4.54 2.49
1.77 2.89 4.53 2.42
1.88 3.14 4.21 2.35
1.83 2.79 4.77 2.56
1.85 2.9 4.43 2.33
1.79 2.89 4.52 2.41
1.89 3.3 4.13 2.43
1.88 2.97 4.35 2.32
1.74 2.98 4.43 2.41
1.8 2.87 4.65 2.52
1.82 2.62 4.63 2.25
1.84 2.78 4.69 2.47
1.84 3.12 4.19 2.31
1.86 3.07 4.49 2.56
1.85 2.95 4.57 2.52
1.78 3.06 4.54 2.6
1.79 2.99 4.55 2.54
1.78 3.01 4.48 2.49
1.86 3.18 4.22 2.4
1.83 3.17 4.37 2.54
1.86 3.26 4.28 2.54
1.81 2.8 4.64 2.44
1.8 3.14 4.29 2.43
1.88 3.56 4.04 2.6
1.79 2.96 4.41 2.37
1.86 2.84 4.42 2.26
1.84 2.72 4.73 2.45
1.81 3.2 4.24 2.44
1.8 2.78 4.62 2.4
1.82 3.13 4.22 2.35
1.81 3.03 4.46 2.49
1.81 2.63 4.78 2.41
1.89 3.27 4.16 2.43
1.86 3.28 4.25 2.53
1.83 2.99 4.53 2.52
1.76 3.09 4.39 2.48
1.85 3.13 4.31 2.44
1.88 3.22 4.2 2.42
1.85 2.96 4.45 2.41
1.91 3.63 3.96 2.59
1.86 3.03 4.22 2.25
1.85 3.1 4.05 2.15
1.89 3.34 4.14 2.48
1.82 3.0 4.46 2.46
1.82 2.86 4.51 2.37
1.88 3.53 3.98 2.51
1.84 3.18 4.33 2.51
1.87 3.02 4.19 2.21
1.83 3.11 4.2 2.31
1.83 2.68 4.61 2.29
1.81 2.99 4.38 2.37
1.85 3.01 4.35 2.36
1.86 3.36 3.92 2.28
1.85 3.04 4.18 2.22
1.8 3.02 4.63 2.65
1.83 3.12 4.37 2.49
1.91 3.36 4.15 2.51
1.87 2.99 4.3 2.29
1.88 3.37 4.17 2.54
1.88 3.4 4.14 2.54
1.82 2.84 4.71 2.55
1.84 2.95 4.33 2.28
1.82 3.48 3.93 2.41
1.82 2.68 4.5 2.18
1.8 2.8 4.48 2.28
1.89 3.33 4.13 2.46
1.81 3.02 4.32 2.34
1.8 2.95 4.38 2.33
1.86 2.9 4.5 2.4
1.85 2.67 4.63 2.3
1.83 3.1 4.39 2.49
1.86 2.7 4.55 2.25
1.81 3.0 4.39 2.39
1.83 2.99 4.48 2.47
1.77 3.01 4.4 2.41
1.84 3.35 4.14 2.49
1.78 2.84 4.61 2.45
1.85 3.09 4.37 2.46
1.84 3.0 4.42 2.42
1.81 2.68 4.48 2.16
1.89 3.13 4.16 2.29
1.78 2.85 4.73 2.58
1.81 2.85 4.64 2.49
1.82 2.97 4.27 2.24
1.78 2.87 4.58 2.45
1.82 3.12 4.21 2.33
1.8 3.07 4.26 2.33
1.91 3.21 4.22 2.43
1.81 2.48 4.79 2.27
1.81 3.32 4.21 2.53
1.79 2.92 4.52 2.44
1.83 3.04 4.4 2.44
1.89 3.06 4.44 2.5
1.84 3.15 4.21 2.36
1.83 3.29 4.06 2.35
1.77 3.0 4.47 2.47
1.86 2.99 4.38 2.37
1.87 2.99 4.39 2.38
1.8 3.21 4.3 2.51
1.75 2.8 4.69 2.49
1.85 3.13 4.36 2.49
1.84 2.99 4.55 2.54
1.8 2.89 4.5 2.39
1.79 3.14 4.46 2.6
1.84 3.41 4.15 2.56
1.81 3.2 4.22 2.42
1.84 2.94 4.39 2.33
1.9 2.99 4.36 2.35
1.86 2.87 4.4 2.27
1.85 2.94 4.4 2.34
1.81 2.97 4.44 2.41
1.86 3.38 4.13 2.51
1.84 2.94 4.45 2.39
1.79 2.98 4.58 2.56
1.83 2.66 4.72 2.38
1.87 3.32 4.1 2.42
1.84 2.88 4.52 2.4
1.77 3.01 4.27 2.28
1.82 3.0 4.38 2.38
1.79 3.01 4.43 2.44
1.78 3.16 4.34 2.5
1.78 3.15 4.29 2.44
1.82 2.85 4.56 2.41
1.78 3.04 4.49 2.53
1.77 2.94 4.54 2.48
1.77 3.16 4.37 2.53
1.84 3.07 4.19 2.26
1.79 2.88 4.48 2.36
1.8 2.84 4.34 2.18
1.88 3.39 4.29 2.68
1.83 3.21 4.22 2.43
1.72 2.75 4.78 2.53
1.88 3.29 4.12 2.41
1.8 2.86 4.56 2.42
1.81 2.68 4.48 2.16
1.85 3.17 4.31 2.48
1.85 3.24 4.27 2.51
1.84 3.11 4.27 2.38
1.76 3.1 4.23 2.33
1.93 3.23 4.06 2.29
1.86 3.35 4.13 2.48
1.81 3.0 4.44 2.44
1.8 2.69 4.59 2.28
1.85 2.83 4.48 2.31
1.83 3.23 4.26 2.49
1.72 2.84 4.67 2.51
1.83 3.02 4.4 2.42
1.81 2.85 4.36 2.21
1.85 3.25 4.19 2.44
1.9 3.23 4.08 2.31
1.85 3.05 4.51 2.56
1.85 3.36 4.28 2.64
1.82 3.27 4.25 2.52
1.86 2.88 4.39 2.27
1.76 3.2 4.37 2.57
1.83 2.89 4.54 2.43
1.83 2.87 4.64 2.51
1.83 3.02 4.48 2.5
1.81 2.87 4.42 2.29
1.71 2.47 4.95 2.42
1.81 2.83 4.56 2.39
1.87 2.98 4.42 2.4
1.8 3.15 4.42 2.57
1.82 3.03 4.45 2.48
1.8 3.37 4.17 2.54
1.79 3.17 4.3 2.47
1.84 3.29 4.32 2.61
1.86 2.99 4.4 2.39
1.84 3.28 4.39 2.67
1.86 3.06 4.15 2.21
1.86 3.19 4.17 2.36
1.88 3.52 3.82 2.34
1.86 3.31 4.07 2.38
1.92 3.29 4.04 2.33
1.88 3.24 4.21 2.45
1.83 2.82 4.43 2.25
1.84 3.06 4.49 2.55
1.86 3.55 3.97 2.52
1.81 2.99 4.44 2.43
1.81 3.29 4.25 2.54
1.87 3.48 4.12 2.6
1.86 3.1 4.58 2.68
1.86 3.0 4.3 2.3
1.85 2.88 4.48 2.36
1.82 3.05 4.21 2.26
1.8 3.0 4.27 2.27
1.83 3.22 4.36 2.58
1.87 3.28 4.31 2.59
1.81 3.03 4.36 2.39
1.8 3.19 4.37 2.56
1.87 2.98 4.3 2.28
1.84 3.12 4.4 2.52
1.82 3.2 4.39 2.59
1.81 2.98 4.33 2.31
1.72 2.7 4.64 2.34
1.89 3.16 4.31 2.47
1.84 3.07 4.17 2.24
1.79 3.13 4.3 2.43
1.89 3.13 4.35 2.48
1.79 2.98 4.47 2.45
1.86 2.98 4.51 2.49
1.84 2.86 4.54 2.4
1.86 3.59 3.89 2.48
1.68 2.44 4.91 2.35
1.78 2.71 4.5 2.21
1.88 3.12 4.42 2.54
1.84 3.18 4.25 2.43
1.85 3.15 4.16 2.31
1.86 3.27 4.06 2.33
1.85 2.96 4.28 2.24
1.85 3.07 4.37 2.44
1.8 3.25 4.21 2.46
1.85 3.29 4.08 2.37
1.71 2.42 4.87 2.29
1.8 3.27 4.26 2.53
1.8 3.19 4.05 2.24
1.81 2.7 4.66 2.36
1.82 3.04 4.35 2.39
1.76 2.82 4.66 2.48
1.88 3.61 4.1 2.71
1.84 2.96 4.3 2.26
1.82 2.81 4.3 2.11
1.77 2.95 4.39 2.34
1.93 3.42 4.07 2.49
1.81 3.11 4.32 2.43
1.9 3.34 4.17 2.51
1.82 2.99 4.35 2.34
1.89 3.26 4.34 2.6
1.84 3.1 4.19 2.29
1.82 2.91 4.44 2.35
1.89 3.03 4.32 2.35
1.86 3.2 4.13 2.33
1.87 3.27 4.2 2.47
1.8 2.8 4.61 2.41
1.82 2.96 4.35 2.31
1.89 3.18 4.13 2.31
1.85 2.89 4.41 2.3
1.76 2.86 4.46 2.32
1.83 3.41 4.22 2.63
1.87 3.33 4.14 2.47
1.77 2.71 4.71 2.42
1.84 3.04 4.39 2.43
1.78 2.89 4.39 2.28
1.83 3.22 4.26 2.48
1.81 3.1 4.29 2.39
1.91 3.53 3.85 2.38
1.79 2.71 4.78 2.49
1.81 3.37 4.14 2.51
1.82 3.31 4.22 2.53
1.84 3.24 4.28 2.52
1.85 3.55 4.02 2.57
1.88 2.85 4.37 2.22
1.82 2.85 4.45 2.3
1.84 3.27 4.29 2.56
1.87 3.17 4.19 2.36
1.82 2.87 4.42 2.29
1.8 3.14 4.26 2.4
1.86 3.02 4.28 2.3
1.87 3.09 4.45 2.54
1.87 3.04 4.17 2.21
1.86 3.14 4.32 2.46
1.86 3.17 4.12 2.29
1.8 3.05 4.62 2.67
1.86 2.95 4.5 2.45
1.8 3.09 4.26 2.35
1.88 3.42 4.01 2.43
1.82 2.97 4.48 2.45
1.87 3.11 4.26 2.37
1.82 3.08 4.44 2.52
1.82 3.21 3.99 2.2
1.85 3.01 4.31 2.32
1.83 3.01 4.27 2.28
1.84 2.93 4.35 2.28
1.83 2.99 4.42 2.41
1.79 2.91 4.28 2.19
1.81 2.96 4.49 2.45
1.88 3.09 4.3 2.39
1.84 3.19 4.34 2.53
1.88 3.34 4.05 2.39
1.81 3.02 4.55 2.57
1.9 3.56 3.93 2.49
1.86 2.9 4.28 2.18
1.79 2.71 4.59 2.3
1.87 2.98 4.35 2.33
1.85 2.86 4.37 2.23
1.82 3.3 4.11 2.41
1.82 2.56 4.68 2.24
1.9 3.24 4.14 2.38
1.8 3.09 4.29 2.38
1.89 2.99 4.33 2.32
1.84 2.89 4.51 2.4
1.85 3.08 4.38 2.46
1.88 3.27 4.04 2.31
1.83 2.66 4.56 2.22
1.82 2.91 4.47 2.38
1.82 2.95 4.54 2.49
1.83 2.84 4.78 2.62
1.85 3.26 4.19 2.45
1.87 2.99 4.39 2.38
1.83 3.18 4.35 2.53
1.87 3.28 4.21 2.49
1.85 2.85 4.63 2.48
1.85 3.39 4.06 2.45
1.8 2.71 4.51 2.22
1.89 3.14 4.37 2.51
1.82 3.07 4.3 2.37
1.87 2.82 4.57 2.39
1.84 2.94 4.57 2.51
1.81 2.7 4.66 2.36
1.88 3.43 4.11 2.54
1.79 2.98 4.29 2.27
1.86 3.55 3.8 2.35
1.83 3.01 4.49 2.5
1.88 3.33 3.96 2.29
1.8 2.76 4.49 2.25
1.82 3.1 4.43 2.53
1.83 3.23 4.13 2.36
1.82 3.26 4.32 2.58
1.79 3.39 4.14 2.53
1.83 3.23 4.04 2.27
1.83 2.98 4.42 2.4
1.8 3.17 4.24 2.41
1.85 2.88 4.64 2.52
1.83 2.89 4.45 2.34
1.86 3.22 4.21 2.43
1.81 3.14 4.35 2.49
1.82 3.21 4.3 2.51
1.83 3.25 4.18 2.43
1.83 2.84 4.55 2.39
1.86 3.35 4.09 2.44
1.85 3.25 4.1 2.35
1.78 2.73 4.64 2.37
1.81 3.22 4.24 2.46
1.78 2.9 4.55 2.45
1.83 3.52 4.05 2.57
1.86 3.14 4.21 2.35
1.79 2.87 4.64 2.51
1.79 2.67 4.84 2.51
1.85 3.26 4.24 2.5
1.82 3.3 4.21 2.51
1.84 2.95 4.41 2.36
1.86 3.02 4.57 2.59
1.7 2.9 4.58 2.48
1.87 3.13 4.22 2.35
1.88 3.04 4.26 2.3
1.84 3.08 4.45 2.53
1.86 3.24 4.09 2.33
1.87 3.18 4.37 2.55
1.84 3.13 4.37 2.5
1.79 3.02 4.28 2.3
1.81 2.94 4.55 2.49
1.84 3.36 4.07 2.43
1.87 3.27 4.26 2.53
1.8 3.06 4.23 2.29
1.89 3.61 3.88 2.49
1.82 3.28 4.16 2.44
1.89 3.34 4.07 2.41
1.78 2.98 4.54 2.52
1.79 3.06 4.35 2.41
1.85 3.23 4.15 2.38
1.85 3.01 4.39 2.4
1.91 3.38 4.0 2.38
1.75 3.12 4.45 2.57
1.86 3.31 4.11 2.42
1.76 3.16 4.38 2.54
1.85 2.75 4.45 2.2
1.93 3.3 4.07 2.37
1.82 2.96 4.43 2.39
1.78 2.96 4.56 2.52
1.79 2.82 4.66 2.48
1.85 3.04 4.4 2.44
1.8 2.98 4.26 2.24
1.77 3.1 4.34 2.44
1.84 3.25 4.2 2.45
1.84 3.48 3.95 2.43
1.87 3.23 4.37 2.6
1.83 3.21 4.25 2.46
1.86 3.1 4.39 2.49
1.81 3.02 4.46 2.48
1.78 2.67 4.71 2.38
1.83 3.25 4.49 2.74
1.82 3.08 4.19 2.27
1.86 3.02 4.21 2.23
1.84 2.92 4.41 2.33
1.81 2.89 4.61 2.5
1.77 3.0 4.45 2.45
1.82 2.93 4.47 2.4
1.82 2.37 4.8 2.17
1.83 3.21 4.23 2.44
1.83 2.96 4.5 2.46
1.78 3.05 4.39 2.44
1.81 3.16 4.32 2.48
1.85 3.27 4.17 2.44
1.84 3.27 4.11 2.38
1.86 3.24 4.03 2.27
1.81 3.03 4.51 2.54
1.87 3.08 4.48 2.56
1.87 3.33 4.12 2.45
1.87 3.02 4.45 2.47
1.83 2.99 4.26 2.25
1.88 3.17 4.21 2.38
1.89 3.26 4.04 2.3
1.78 2.99 4.32 2.31
1.79 3.39 4.12 2.51
1.83 2.92 4.47 2.39
1.85 3.01 4.33 2.34
1.8 3.05 4.35 2.4
1.81 3.34 4.28 2.62
1.84 2.78 4.42 2.2
1.88 3.07 4.28 2.35
1.9 3.54 4.12 2.66
1.86 2.99 4.44 2.43
1.83 3.17 4.32 2.49
1.8 2.85 4.43 2.28
1.87 2.92 4.64 2.56
1.77 2.69 4.79 2.48
1.88 3.07 4.38 2.45
1.77 2.4 4.92 2.32
1.8 2.89 4.56 2.45
1.86 3.03 4.24 2.27
1.85 3.29 4.14 2.43
1.85 3.29 4.2 2.49
1.83 3.26 4.3 2.56
1.85 3.21 4.21 2.42
1.86 2.83 4.44 2.27
1.82 3.2 4.2 2.4
1.85 3.07 4.36 2.43
1.75 2.68 4.68 2.36
1.88 3.11 4.26 2.37
1.79 3.03 4.37 2.4
1.81 3.08 4.32 2.4
1.85 3.3 4.13 2.43
1.87 3.15 4.25 2.4
1.79 2.53 4.62 2.15
1.84 3.29 4.2 2.49
1.84 3.0 4.56 2.56
1.88 3.44 3.99 2.43
1.79 2.81 4.42 2.23
1.84 2.96 4.42 2.38
1.84 2.65 4.81 2.46
1.84 2.93 4.19 2.12
1.86 3.18 4.25 2.43
1.92 3.21 4.25 2.46
1.82 3.16 4.35 2.51
1.86 3.53 4.06 2.59
1.8 3.07 4.26 2.33
1.84 3.38 3.99 2.37
1.89 3.36 4.26 2.62
1.82 3.26 4.21 2.47
1.79 2.84 4.56 2.4
1.85 3.15 4.03 2.18
1.79 2.7 4.5 2.2
1.76 2.66 4.61 2.27
1.85 3.06 4.52 2.58
1.82 2.93 4.63 2.56
1.86 2.83 4.45 2.28
1.86 3.37 4.17 2.54
1.8 3.3 4.07 2.37
1.82 3.08 4.4 2.48
1.81 3.14 4.28 2.42
1.85 2.81 4.52 2.33
1.86 3.33 4.04 2.37
1.83 2.96 4.54 2.5
1.78 2.77 4.79 2.56
1.83 3.13 4.31 2.44
1.85 3.2 4.2 2.4
1.82 3.23 4.32 2.55
1.81 3.05 4.24 2.29
1.85 3.1 4.57 2.67
1.83 3.03 4.41 2.44
1.86 3.16 4.12 2.28
1.81 2.98 4.51 2.49
1.86 3.26 4.08 2.34
1.8 3.24 4.21 2.45
1.88 3.06 4.26 2.32
1.82 3.01 4.2 2.21
1.79 2.78 4.74 2.52
1.85 3.23 4.41 2.64
1.81 3.13 4.19 2.32
1.83 2.77 4.57 2.34
1.85 2.78 4.64 2.42
1.84 3.3 4.36 2.66
1.78 2.83 4.5 2.33
1.78 2.86 4.54 2.4
1.85 2.76 4.39 2.15
1.87 3.12 4.24 2.36
1.83 2.71 4.51 2.22
1.9 3.29 4.06 2.35
1.86 2.86 4.49 2.35
1.79 2.83 4.46 2.29
1.86 3.18 4.31 2.49
1.8 2.71 4.7 2.41
1.87 2.87 4.39 2.26
1.78 2.94 4.42 2.36
1.82 3.13 4.37 2.5
1.86 3.17 4.19 2.36
1.76 3.01 4.42 2.43
1.83 3.1 4.43 2.53
1.83 3.25 4.12 2.37
1.81 2.96 4.59 2.55
1.82 3.03 4.41 2.44
1.82 2.88 4.39 2.27
1.84 3.3 4.05 2.35
1.83 3.15 4.43 2.58
1.8 2.88 4.53 2.41
1.85 3.31 4.12 2.43
1.79 2.86 4.66 2.52
1.78 2.82 4.48 2.3
1.86 3.04 4.46 2.5
1.79 3.18 4.33 2.51
1.87 2.97 4.33 2.3
1.76 2.74 4.53 2.27
1.85 2.87 4.45 2.32
1.79 2.79 4.67 2.46
1.84 2.77 4.47 2.24
1.84 3.06 4.39 2.45
1.82 2.92 4.4 2.32
1.81 2.95 4.43 2.38
1.87 3.24 4.45 2.69
1.79 2.79 4.4 2.19
1.86 3.16 4.45 2.61
1.83 3.08 4.33 2.41
1.86 3.05 4.47 2.52
1.83 3.27 4.44 2.71
1.82 3.01 4.2 2.21
1.9 3.52 3.91 2.43
1.89 3.37 3.9 2.27
1.84 2.94 4.37 2.31
1.85 3.31 4.18 2.49
1.86 3.12 4.31 2.43
1.76 2.8 4.66 2.46
1.85 3.03 4.41 2.44
1.82 3.23 4.18 2.41
1.87 3.43 3.91 2.34
1.87 3.33 3.96 2.29
1.79 3.1 4.4 2.5
1.8 2.91 4.54 2.45
1.81 2.91 4.37 2.28
1.83 3.25 4.18 2.43
1.81 2.74 4.6 2.34
1.89 3.53 3.87 2.4
1.82 3.27 4.03 2.3
1.83 3.27 4.22 2.49
1.9 3.44 4.01 2.45
1.87 3.16 4.24 2.4
1.82 2.96 4.52 2.48
1.85 3.55 4.03 2.58
1.85 3.1 4.47 2.57
1.85 3.13 4.31 2.44
1.79 3.16 4.36 2.52
1.77 2.91 4.61 2.52
1.86 3.19 4.4 2.59
1.83 3.23 4.2 2.43
1.85 3.13 4.37 2.5
1.87 3.08 4.18 2.26
1.78 3.04 4.25 2.29
1.87 3.11 4.26 2.37
1.78 2.86 4.55 2.41
1.88 3.01 4.37 2.38
1.88 3.17 4.26 2.43
1.87 3.21 4.13 2.34
1.89 3.29 4.02 2.31
1.83 3.16 4.39 2.55
1.85 3.3 4.06 2.36
1.77 3.22 4.23 2.45
1.81 3.31 4.15 2.46
1.88 3.47 4.05 2.52
1.87 3.2 4.16 2.36
1.84 2.99 4.29 2.28
1.88 3.17 4.19 2.36
1.85 3.05 4.26 2.31
1.83 2.99 4.54 2.53
1.88 3.28 4.34 2.62
1.78 2.77 4.54 2.31
1.8 2.82 4.52 2.34
1.81 3.17 4.15 2.32
1.78 3.03 4.34 2.37
1.87 3.16 4.21 2.37
1.81 2.97 4.42 2.39
1.87 3.52 3.91 2.43
1.83 2.96 4.54 2.5
1.89 3.26 4.15 2.41
1.92 3.47 3.98 2.45
1.79 3.08 4.53 2.61
1.85 3.06 4.3 2.36
1.85 3.07 4.39 2.46
1.84 3.09 4.33 2.42
1.85 3.08 4.37 2.45
1.82 3.12 4.28 2.4
1.85 2.97 4.48 2.45
1.87 3.19 4.15 2.34
1.86 3.28 4.19 2.47
1.86 3.46 4.12 2.58
1.78 2.98 4.51 2.49
1.83 3.18 4.3 2.48
1.86 3.07 4.48 2.55
1.88 3.51 4.06 2.57
1.91 3.8 3.75 2.55
1.82 3.27 4.13 2.4
1.92 2.8 4.76 2.56
1.83 3.14 4.42 2.56
1.85 2.91 4.37 2.28
1.84 3.24 4.34 2.58
1.84 3.29 4.25 2.54
1.85 3.47 4.02 2.49
1.94 3.55 3.8 2.35
1.8 2.86 4.45 2.31
1.79 3.18 4.27 2.45
1.87 3.25 4.22 2.47
1.86 3.6 3.89 2.49
1.85 3.04 4.26 2.3
1.73 2.8 4.42 2.22
1.84 3.34 4.05 2.39
1.87 3.34 4.29 2.63
1.79 2.88 4.54 2.42
1.79 2.84 4.59 2.43
1.85 3.21 4.27 2.48
1.8 2.68 4.7 2.38
1.82 2.88 4.54 2.42
1.89 3.12 4.31 2.43
1.81 3.27 4.36 2.63
1.9 3.25 4.03 2.28
1.79 2.81 4.51 2.32
1.81 3.15 4.48 2.63
1.82 2.98 4.44 2.42
1.83 2.87 4.45 2.32
1.75 2.81 4.69 2.5
1.85 2.83 4.58 2.41
1.83 3.16 4.22 2.38
1.84 3.19 4.4 2.59
1.85 3.22 4.33 2.55
1.88 3.32 4.04 2.36
1.85 3.54 3.96 2.5
1.84 3.09 4.39 2.48
1.8 2.86 4.59 2.45
1.89 2.99 4.27 2.26
1.79 2.69 4.79 2.48
1.79 2.74 4.61 2.35
1.85 3.2 4.28 2.48
1.89 3.39 3.94 2.33
1.85 3.11 4.54 2.65
1.88 3.13 4.31 2.44
1.84 2.76 4.5 2.26
1.94 3.71 3.69 2.4
1.85 2.9 4.47 2.37
1.88 3.32 4.0 2.32
1.84 2.95 4.49 2.44
1.8 3.84 3.67 2.51
1.85 2.76 4.5 2.26
1.79 3.16 4.21 2.37
1.82 2.98 4.41 2.39
1.79 3.0 4.35 2.35
1.79 2.82 4.54 2.36
1.84 3.16 4.36 2.52
1.86 3.12 4.3 2.42
1.82 3.27 4.3 2.57
1.86 3.4 4.01 2.41
1.83 3.02 4.31 2.33
1.83 2.84 4.57 2.41
1.88 3.51 4.05 2.56
1.79 2.79 4.44 2.23
1.87 3.02 4.43 2.45
1.83 3.21 4.31 2.52
1.86 3.38 4.16 2.54
1.86 3.26 4.03 2.29
1.78 3.29 4.37 2.66
1.86 2.93 4.55 2.48
1.86 3.63 4.06 2.69
1.89 3.3 4.14 2.44
1.91 3.58 3.87 2.45
1.83 2.9 4.52 2.42
1.87 3.16 4.14 2.3
1.83 2.9 4.48 2.38
1.84 3.02 4.39 2.41
1.87 3.19 4.25 2.44
1.82 3.21 4.11 2.32
1.87 2.87 4.41 2.28
1.83 3.02 4.39 2.41
1.84 3.07 4.25 2.32
1.83 2.88 4.48 2.36
1.83 2.88 4.57 2.45
1.83 3.13 4.33 2.46
1.83 3.17 4.37 2.54
1.8 2.95 4.45 2.4
1.87 3.23 4.31 2.54
1.83 2.98 4.35 2.33
1.83 2.97 4.46 2.43
1.8 2.82 4.65 2.47
1.81 3.17 4.48 2.65
1.81 3.03 4.53 2.56
1.83 3.0 4.34 2.34
1.81 3.36 4.24 2.6
1.78 3.26 4.33 2.59
1.86 3.07 4.18 2.25
1.82 3.06 4.26 2.32
1.87 3.39 4.1 2.49
1.83 2.91 4.53 2.44
1.8 2.44 4.78 2.22
1.88 3.08 4.27 2.35
1.84 3.23 4.24 2.47
1.84 3.0 4.5 2.5
1.86 3.05 4.33 2.38
1.88 3.18 4.15 2.33
1.86 3.37 4.07 2.44
1.89 3.42 4.06 2.48
1.82 3.09 4.4 2.49
1.85 3.08 4.3 2.38
1.86 2.94 4.32 2.26
1.84 2.86 4.46 2.32
1.84 3.15 4.27 2.42
1.76 2.95 4.51 2.46
1.82 3.02 4.4 2.42
1.86 3.06 4.35 2.41
1.81 3.02 4.41 2.43
1.84 3.05 4.33 2.38
1.84 2.93 4.53 2.46
1.82 3.18 4.24 2.42
1.74 2.75 4.59 2.34
1.84 2.89 4.6 2.49
1.81 3.02 4.26 2.28
1.86 2.89 4.41 2.3
1.9 3.11 4.28 2.39
1.86 3.01 4.2 2.21
1.8 3.07 4.28 2.35
1.81 3.44 4.22 2.66
1.88 3.2 4.35 2.55
1.87 3.25 3.99 2.24
1.81 2.89 4.54 2.43
1.87 3.26 4.14 2.4
1.83 2.85 4.51 2.36
1.85 3.14 4.55 2.69
1.84 2.99 4.53 2.52
1.79 2.92 4.67 2.59
1.83 3.01 4.51 2.52
1.81 2.86 4.43 2.29
1.86 3.16 4.31 2.47
1.78 2.95 4.36 2.31
1.79 2.85 4.64 2.49
1.84 2.98 4.61 2.59
1.82 3.01 4.42 2.43
1.86 3.04 4.36 2.4
1.83 3.34 4.13 2.47
1.82 3.17 4.35 2.52
1.87 3.1 4.27 2.37
1.83 3.16 4.19 2.35
1.8 3.17 4.13 2.3
1.85 3.29 4.09 2.38
1.9 3.55 3.99 2.54
1.87 3.14 4.35 2.49
1.91 3.19 4.1 2.29
1.76 3.03 4.29 2.32
1.86 3.16 4.02 2.18
1.82 3.21 4.32 2.53
1.84 3.24 4.28 2.52
1.84 3.2 4.23 2.43
1.84 3.18 4.02 2.2
1.84 2.9 4.4 2.3
1.81 3.32 4.14 2.46
1.81 3.1 4.23 2.33
1.81 2.89 4.63 2.52
1.79 3.18 4.15 2.33
1.84 3.05 4.5 2.55
1.81 2.92 4.49 2.41
1.8 2.87 4.5 2.37
1.88 3.22 4.09 2.31
1.8 2.99 4.42 2.41
1.85 2.95 4.3 2.25
1.79 2.64 4.76 2.4
1.87 3.22 4.39 2.61
1.83 2.77 4.55 2.32
1.87 3.06 4.27 2.33
1.86 3.1 4.25 2.35
1.85 2.93 4.48 2.41
1.79 3.11 4.38 2.49
1.81 3.23 4.21 2.44
1.76 2.89 4.57 2.46
1.83 3.18 4.3 2.48
1.81 2.88 4.39 2.27
1.75 2.93 4.31 2.24
1.8 2.9 4.5 2.4
1.8 3.22 4.35 2.57
1.79 3.09 4.48 2.57
1.88 3.19 4.29 2.48
1.81 3.29 4.04 2.33
1.87 2.98 4.49 2.47
1.75 2.73 4.38 2.11
1.83 2.77 4.6 2.37
1.84 3.34 4.16 2.5
1.75 3.01 4.48 2.49
1.85 3.26 4.23 2.49
1.84 2.68 4.76 2.44
1.85 2.99 4.31 2.3
1.84 2.77 4.85 2.62
1.87 3.29 4.1 2.39
1.86 2.97 4.35 2.32
1.85 3.09 4.28 2.37
1.81 2.72 4.82 2.54
1.9 3.14 4.11 2.25
1.79 2.66 4.54 2.2
1.78 2.92 4.53 2.45
1.88 3.41 4.13 2.54
1.82 3.02 4.44 2.46
1.75 2.78 4.72 2.5
1.83 3.06 4.28 2.34
1.78 3.17 4.19 2.36
1.84 2.7 4.49 2.19
1.84 3.32 4.1 2.42
1.74 3.05 4.4 2.45
1.83 3.46 4.05 2.51
1.8 2.72 4.58 2.3
1.82 3.1 4.26 2.36
1.88 3.26 4.26 2.52
1.82 2.95 4.49 2.44
1.8 3.07 4.32 2.39
1.82 3.12 4.15 2.27
1.85 3.12 4.15 2.27
1.85 3.27 4.06 2.33
1.83 3.04 4.29 2.33
1.76 2.76 4.71 2.47
1.8 2.93 4.58 2.51
1.83 2.95 4.36 2.31
1.85 3.31 4.16 2.47
1.88 3.09 4.31 2.4
1.82 3.06 4.29 2.35
1.83 3.03 4.35 2.38
1.85 3.55 4.02 2.57
1.83 3.11 4.45 2.56
1.85 3.0 4.44 2.44
1.81 2.72 4.53 2.25
1.85 3.04 4.31 2.35
1.88 3.42 4.08 2.5
1.83 3.05 4.23 2.28
1.87 3.13 4.46 2.59
1.87 2.96 4.58 2.54
1.83 2.79 4.41 2.2
1.91 2.85 4.48 2.33
1.87 2.93 4.3 2.23
1.72 2.58 4.85 2.43
1.82 3.01 4.32 2.33
1.92 3.19 4.28 2.47
1.85 3.19 4.25 2.44
1.82 2.74 4.7 2.44
1.86 3.41 3.92 2.33
1.85 2.92 4.42 2.34
1.73 2.86 4.57 2.43
1.8 3.53 4.02 2.55
1.8 2.9 4.43 2.33
1.86 2.83 4.55 2.38
1.84 3.16 4.24 2.4
1.84 3.26 4.2 2.46
1.86 3.01 4.23 2.24
1.81 3.08 4.26 2.34
1.87 3.07 4.35 2.42
1.81 2.99 4.41 2.4
1.87 3.38 4.08 2.46
1.84 2.89 4.41 2.3
1.78 3.49 3.99 2.48
1.87 3.04 4.23 2.27
1.85 3.11 4.27 2.38
1.85 3.15 4.26 2.41
1.81 3.0 4.29 2.29
1.8 2.99 4.59 2.58
1.88 3.29 3.96 2.25
1.85 3.3 4.23 2.53
1.85 2.39 4.77 2.16
1.84 3.21 4.25 2.46
1.84 3.02 4.4 2.42
1.9 3.33 4.18 2.51
1.81 2.84 4.74 2.58
1.78 3.09 4.33 2.42
1.76 3.11 4.49 2.6
1.9 2.96 4.46 2.42
1.8 2.96 4.4 2.36
1.79 3.25 4.19 2.44
1.85 3.1 4.14 2.24
1.77 2.89 4.5 2.39
1.8 3.09 4.43 2.52
1.81 3.09 4.36 2.45
1.83 3.5 3.91 2.41
1.84 2.9 4.42 2.32
1.81 3.29 4.09 2.38
1.89 3.33 4.07 2.4
1.91 2.99 4.48 2.47
1.86 3.1 4.37 2.47
1.86 2.81 4.62 2.43
1.86 3.28 4.28 2.56
1.81 3.3 4.22 2.52
1.86 3.11 4.28 2.39
1.78 3.48 3.92 2.4
1.86 3.03 4.34 2.37
1.82 2.9 4.52 2.42
1.74 2.89 4.64 2.53
1.88 3.18 4.14 2.32
1.91 3.45 4.09 2.54
1.77 2.71 4.59 2.3
1.85 3.2 4.21 2.41
1.79 2.67 4.63 2.3
1.85 3.18 4.27 2.45
1.85 3.35 3.94 2.29
1.85 2.97 4.38 2.35
1.83 2.71 4.57 2.28
1.75 2.57 4.79 2.36
1.83 3.2 4.21 2.41
1.87 3.6 3.99 2.59
1.82 2.84 4.68 2.52
1.81 2.82 4.52 2.34
1.85 3.34 4.11 2.45
1.83 3.16 4.2 2.36
1.82 3.13 4.37 2.5
1.79 3.3 4.1 2.4
1.86 3.15 4.49 2.64
1.87 3.53 3.98 2.51
1.77 3.2 4.26 2.46
1.78 3.15 4.28 2.43
1.83 3.03 4.36 2.39
1.77 3.0 4.37 2.37
1.89 3.37 4.04 2.41
1.84 3.05 4.46 2.51
1.81 3.0 4.48 2.48
1.82 2.56 4.71 2.27
1.84 3.35 4.08 2.43
1.8 3.2 4.3 2.5
1.83 2.98 4.44 2.42
1.83 2.9 4.37 2.27
1.83 3.18 4.28 2.46
1.82 3.41 4.04 2.45
1.83 3.13 4.28 2.41
1.84 2.95 4.2 2.15
1.86 2.93 4.55 2.48
1.82 3.28 4.06 2.34
1.83 3.05 4.29 2.34
1.87 3.1 4.09 2.19
1.8 3.24 4.26 2.5
1.75 2.96 4.65 2.61
1.87 3.58 3.97 2.55
1.82 2.86 4.59 2.45
1.85 3.76 4.0 2.76
1.81 3.09 4.28 2.37
1.8 3.24 4.4 2.64
1.79 2.98 4.45 2.43
1.83 3.03 4.14 2.17
1.86 2.98 4.54 2.52
1.81 2.96 4.48 2.44
1.8 2.58 4.59 2.17
1.86 3.3 4.13 2.43
1.84 2.88 4.61 2.49
1.84 2.96 4.48 2.44
1.79 2.57 4.88 2.45
1.75 2.73 4.66 2.39
1.82 3.02 4.3 2.32
1.79 2.84 4.47 2.31
1.78 3.01 4.47 2.48
1.83 3.25 4.32 2.57
1.84 3.14 4.41 2.55
1.85 3.37 4.11 2.48
1.88 3.23 4.18 2.41
1.81 3.26 4.2 2.46
1.88 3.34 4.15 2.49
1.85 3.24 4.05 2.29
1.79 2.82 4.6 2.42
1.82 3.47 4.16 2.63
1.9 3.04 4.38 2.42
1.73 2.85 4.35 2.2
1.81 3.4 4.12 2.52
1.8 2.98 4.37 2.35
1.85 3.15 4.19 2.34
1.79 3.11 4.26 2.37
1.81 2.91 4.42 2.33
1.84 3.29 4.08 2.37
1.82 3.07 4.3 2.37
1.85 3.07 4.55 2.62
1.88 3.26 4.17 2.43
1.81 3.2 4.14 2.34
1.82 3.09 4.29 2.38
1.83 3.04 4.27 2.31
1.82 2.93 4.36 2.29
1.8 3.16 4.43 2.59
1.86 2.95 4.48 2.43
1.79 2.92 4.49 2.41
1.81 3.09 4.49 2.58
1.73 2.88 4.46 2.34
1.84 3.07 4.3 2.37
1.83 3.3 4.11 2.41
1.84 2.89 4.4 2.29
1.8 2.93 4.5 2.43
1.78 2.92 4.55 2.47
1.84 3.32 4.11 2.43
1.86 3.14 4.15 2.29
1.86 3.26 4.19 2.45
1.72 2.94 4.44 2.38
1.87 2.91 4.43 2.34
1.82 2.98 4.16 2.14
1.87 3.38 4.13 2.51
1.76 2.63 4.68 2.31
1.87 3.05 4.29 2.34
1.84 3.49 3.98 2.47
1.78 2.85 4.57 2.42
1.81 3.04 4.51 2.55
1.81 3.03 4.49 2.52
1.81 3.12 4.31 2.43
1.87 3.32 4.27 2.59
1.86 3.06 4.11 2.17
1.81 2.57 4.78 2.35
1.86 3.23 4.15 2.38
1.81 3.36 4.15 2.51
1.81 3.02 4.4 2.42
1.81 2.89 4.41 2.3
1.88 3.1 4.29 2.39
1.78 2.85 4.69 2.54
1.84 3.1 4.26 2.36
1.84 3.0 4.48 2.48
1.75 3.18 4.31 2.49
1.83 3.15 4.49 2.64
1.85 3.25 4.11 2.36
1.73 2.62 4.86 2.48
1.8 2.86 4.7 2.56
1.87 3.33 4.2 2.53
1.81 2.9 4.43 2.33
1.89 3.6 3.9 2.5
1.83 3.16 4.24 2.4
1.9 3.42 4.05 2.47
1.82 3.31 4.2 2.51
1.84 3.34 4.22 2.56
1.84 2.65 4.72 2.37
1.87 3.18 4.39 2.57
1.88 3.24 4.18 2.42
1.79 2.98 4.49 2.47
1.84 3.23 4.15 2.38
1.85 2.98 4.44 2.42
1.79 3.0 4.34 2.34
1.85 2.97 4.38 2.35
1.86 2.63 4.57 2.2
1.8 3.01 4.42 2.43
1.88 3.36 3.94 2.3
1.85 3.21 4.29 2.5
1.87 3.08 4.24 2.32
1.86 2.98 4.37 2.35
1.87 2.97 4.56 2.53
1.83 3.26 4.03 2.29
1.89 3.19 4.02 2.21
1.87 3.39 4.09 2.48
1.79 2.78 4.71 2.49
1.85 3.22 4.19 2.41
1.79 2.93 4.27 2.2
1.81 3.09 4.44 2.53
1.86 3.39 4.0 2.39
1.81 3.31 4.04 2.35
1.8 3.33 4.15 2.48
1.83 3.0 4.6 2.6
1.79 3.32 4.32 2.64
1.83 2.91 4.42 2.33
1.84 3.13 4.44 2.57
1.85 3.16 4.23 2.39
1.83 3.15 4.27 2.42
1.82 3.15 4.38 2.53
1.82 3.21 4.25 2.46
1.84 3.21 4.41 2.62
1.84 2.77 4.51 2.28
1.85 3.4 4.09 2.49
1.8 2.85 4.5 2.35
1.77 2.96 4.34 2.3
1.87 3.22 4.22 2.44
1.86 3.38 4.21 2.59
1.83 3.19 4.32 2.51
1.88 3.13 4.23 2.36
1.87 3.09 4.4 2.49
1.85 2.93 4.5 2.43
1.82 3.15 4.27 2.42
1.91 3.15 4.21 2.36
1.81 2.93 4.56 2.49
1.83 2.9 4.46 2.36
1.84 3.21 4.24 2.45
1.82 3.06 4.31 2.37
1.88 2.9 4.55 2.45
1.82 3.13 4.55 2.68
1.86 3.08 4.24 2.32
1.78 2.96 4.39 2.35
1.75 2.88 4.42 2.3
1.87 3.46 4.19 2.65
1.88 3.13 4.4 2.53
1.83 3.15 4.15 2.3
1.78 3.1 4.41 2.51
1.87 2.85 4.41 2.26
1.88 3.26 4.1 2.36
1.8 3.2 4.15 2.35
1.82 2.89 4.62 2.51
1.84 3.08 4.38 2.46
1.85 3.1 4.33 2.43
1.83 3.33 4.23 2.56
1.84 3.35 4.14 2.49
1.75 2.85 4.78 2.63
1.85 3.17 4.18 2.35
1.78 2.87 4.66 2.53
1.79 2.97 4.54 2.51
1.82 2.97 4.43 2.4
1.84 3.07 4.3 2.37
1.9 3.21 4.2 2.41
1.82 3.08 4.32 2.4
1.85 3.08 4.06 2.14
1.81 2.98 4.39 2.37
1.89 3.12 4.23 2.35
1.85 3.45 3.98 2.43
1.87 3.35 4.03 2.38
1.9 3.35 3.94 2.29
1.81 3.2 4.03 2.23
1.88 3.27 4.12 2.39
1.87 3.41 3.92 2.33
1.88 3.12 4.23 2.35
1.87 3.1 4.29 2.39
1.85 3.33 4.11 2.44
1.85 3.16 4.2 2.36
1.87 3.53 3.8 2.33
1.82 3.12 4.26 2.38
1.78 3.05 4.33 2.38
1.8 3.13 4.24 2.37
1.85 2.99 4.52 2.51
1.83 3.26 4.34 2.6
1.82 3.03 4.52 2.55
1.82 3.18 4.23 2.41
1.78 2.69 4.71 2.4
1.81 2.95 4.46 2.41
1.84 3.06 4.35 2.41
1.83 3.07 4.4 2.47
1.85 3.22 4.19 2.41
1.84 2.97 4.37 2.34
1.87 3.27 4.18 2.45
1.82 2.7 4.65 2.35
1.8 2.99 4.36 2.35
1.81 2.77 4.69 2.46
1.82 2.94 4.43 2.37
1.87 3.04 4.28 2.32
1.86 2.81 4.49 2.3
1.81 3.23 4.34 2.57
1.85 3.27 4.21 2.48
1.84 2.91 4.2 2.11
1.83 3.3 4.33 2.63
1.9 3.37 3.92 2.29
1.8 3.23 4.14 2.37
1.79 2.85 4.34 2.19
1.84 3.09 4.25 2.34
1.88 3.24 4.18 2.42
1.76 2.83 4.54 2.37
1.83 2.89 4.64 2.53
1.86 2.97 4.52 2.49
1.91 2.88 4.35 2.23
1.83 3.09 4.46 2.55
1.85 3.02 4.4 2.42
1.9 3.23 4.21 2.44
1.83 2.98 4.49 2.47
1.84 2.88 4.66 2.54
1.85 3.1 4.28 2.38
1.89 3.02 4.25 2.27
1.88 3.21 4.2 2.41
1.84 3.18 4.42 2.6
1.81 3.18 4.27 2.45
1.83 3.06 4.27 2.33
1.83 3.09 4.27 2.36
1.84 3.19 4.32 2.51
1.71 3.21 4.27 2.48
1.82 3.41 3.91 2.32
1.86 2.91 4.33 2.24
1.87 3.0 4.28 2.28
1.81 2.93 4.64 2.57
1.85 3.41 3.81 2.22
1.86 3.08 4.33 2.41
1.84 3.16 4.22 2.38
1.81 3.02 4.52 2.54
1.87 3.25 4.15 2.4
1.91 3.43 4.03 2.46
1.86 3.13 4.18 2.31
1.81 2.74 4.61 2.35
1.87 3.14 4.3 2.44
1.82 2.89 4.36 2.25
1.85 3.29 4.11 2.4
1.81 3.05 4.25 2.3
1.87 2.58 4.76 2.34
1.85 2.93 4.4 2.33
1.84 2.86 4.57 2.43
1.82 3.15 4.27 2.42
1.75 2.94 4.33 2.27
1.87 3.16 4.24 2.4
1.79 3.11 4.37 2.48
1.75 2.95 4.45 2.4
1.81 2.98 4.26 2.24
1.87 3.26 4.4 2.66
1.82 3.09 4.31 2.4
1.87 3.12 4.4 2.52
1.8 2.8 4.7 2.5
1.81 2.96 4.38 2.34
1.82 3.26 4.17 2.43
1.8 3.07 4.39 2.46
1.79 3.14 4.18 2.32
1.8 2.96 4.44 2.4
1.87 3.53 3.89 2.42
1.72 2.85 4.48 2.33
1.79 3.03 4.4 2.43
1.79 2.84 4.49 2.33
1.83 3.08 4.42 2.5
1.81 3.28 4.26 2.54
1.83 3.26 4.26 2.52
1.86 3.5 3.85 2.35
1.8 3.0 4.54 2.54
1.84 2.7 4.66 2.36
1.86 3.24 4.32 2.56
1.82 2.99 4.55 2.54
1.76 2.81 4.53 2.34
1.83 2.93 4.43 2.36
1.79 2.63 4.78 2.41
1.83 2.88 4.56 2.44
1.86 3.57 3.97 2.54
1.85 3.26 4.1 2.36
1.75 2.96 4.47 2.43
1.89 3.21 4.16 2.37
1.82 2.75 4.66 2.41
1.85 3.19 4.3 2.49
1.85 3.18 4.21 2.39
1.86 3.09 4.2 2.29
1.88 3.56 3.89 2.45
1.81 3.27 4.18 2.45
1.86 3.34 4.02 2.36
1.83 3.27 4.28 2.55
1.82 2.86 4.46 2.32
1.82 2.81 4.58 2.39
1.89 3.16 4.31 2.47
1.85 3.18 4.33 2.51
1.87 2.99 4.46 2.45
1.82 3.02 4.38 2.4
1.79 3.05 4.37 2.42
1.85 3.1 4.24 2.34
1.76 2.82 4.64 2.46
1.83 2.82 4.55 2.37
1.82 3.07 4.29 2.36
1.81 3.07 4.23 2.3
1.81 3.3 4.06 2.36
1.79 3.04 4.24 2.28
1.87 2.89 4.55 2.44
1.76 2.87 4.58 2.45
1.83 3.12 4.31 2.43
1.81 3.44 4.07 2.51
1.82 3.08 4.16 2.24
1.83 3.09 4.21 2.3
1.83 3.03 4.33 2.36
1.84 3.02 4.37 2.39
1.74 2.75 4.64 2.39
1.83 3.32 4.13 2.45
1.76 2.82 4.65 2.47
1.8 2.88 4.66 2.54
1.75 3.39 4.27 2.66
1.86 2.98 4.56 2.54
1.83 3.1 4.4 2.5
1.84 3.03 4.24 2.27
1.84 2.78 4.6 2.38
1.86 3.29 4.29 2.58
1.83 3.27 4.32 2.59
1.89 2.93 4.39 2.32
1.85 3.0 4.37 2.37
1.88 3.15 4.23 2.38
1.78 3.11 4.35 2.46
1.81 3.09 4.42 2.51
1.81 2.73 4.71 2.44
1.83 2.94 4.46 2.4
1.81 3.04 4.45 2.49
1.85 2.88 4.58 2.46
1.83 3.18 4.21 2.39
1.75 2.89 4.61 2.5
1.76 3.11 4.34 2.45
1.86 3.51 3.96 2.47
1.8 2.89 4.36 2.25
1.85 2.74 4.67 2.41
1.83 3.24 4.25 2.49
1.83 3.16 4.26 2.42
1.83 3.19 4.3 2.49
1.86 3.33 4.24 2.57
1.89 3.05 4.24 2.29
1.82 2.9 4.69 2.59
1.89 3.25 4.37 2.62
1.91 3.65 3.96 2.61
1.85 3.02 4.31 2.33
1.81 3.09 4.35 2.44
1.88 3.16 4.24 2.4
1.81 3.11 4.36 2.47
1.81 2.79 4.64 2.43
1.83 3.19 4.23 2.42
1.8 3.28 4.29 2.57
1.77 2.68 4.82 2.5
1.86 3.06 4.28 2.34
1.85 3.12 4.37 2.49
1.73 2.95 4.58 2.53
1.84 3.09 4.33 2.42
1.8 3.0 4.4 2.4
1.91 3.26 4.14 2.4
1.88 3.33 4.15 2.48
1.8 2.88 4.38 2.26
1.8 2.71 4.58 2.29
1.8 3.04 4.44 2.48
1.86 3.22 4.12 2.34
1.83 3.04 4.47 2.51
1.88 2.86 4.49 2.35
1.86 3.25 4.14 2.39
1.84 3.04 4.43 2.47
1.85 3.35 4.13 2.48
1.88 3.27 4.13 2.4
1.88 2.98 4.33 2.31
1.81 2.83 4.51 2.34
1.91 3.38 4.21 2.59
1.79 3.0 4.39 2.39
1.8 2.8 4.71 2.51
1.82 3.23 4.31 2.54
1.84 2.79 4.51 2.3
1.71 2.42 4.89 2.31
1.89 3.54 3.91 2.45
1.78 2.97 4.36 2.33
1.86 3.21 4.04 2.25
1.87 2.95 4.43 2.38
1.85 3.32 4.13 2.45
1.87 3.12 4.46 2.58
1.87 3.28 4.09 2.37
1.82 3.07 4.41 2.48
1.86 3.14 4.37 2.51
1.85 3.36 3.96 2.32
1.84 3.12 4.41 2.53
1.84 2.85 4.45 2.3
1.79 2.9 4.44 2.34
1.84 3.24 4.31 2.55
1.83 2.8 4.52 2.32
1.73 2.25 4.99 2.24
1.87 3.38 4.01 2.39
1.91 3.22 4.17 2.39
1.82 3.44 4.12 2.56
1.76 2.74 4.85 2.59
1.73 2.87 4.51 2.38
1.79 2.89 4.33 2.22
1.84 3.41 4.0 2.41
1.86 3.32 3.99 2.31
1.82 2.74 4.5 2.24
1.86 2.98 4.27 2.25
1.83 3.01 4.58 2.59
1.81 3.05 4.49 2.54
1.82 3.42 4.06 2.48
1.82 3.28 4.04 2.32
1.83 3.05 4.47 2.52
1.87 3.28 4.25 2.53
1.85 3.4 4.22 2.62
1.81 3.28 4.29 2.57
1.85 3.25 4.14 2.39
1.84 3.16 4.34 2.5
1.85 2.84 4.39 2.23
1.87 3.25 4.26 2.51
1.85 3.07 4.4 2.47
1.87 3.43 3.97 2.4
1.76 2.91 4.5 2.41
1.85 3.17 4.42 2.59
1.86 2.96 4.53 2.49
1.76 2.91 4.41 2.32
1.8 3.16 4.37 2.53
1.86 3.22 4.2 2.42
1.84 3.1 4.3 2.4
1.84 3.0 4.3 2.3
1.77 3.07 4.37 2.44
1.78 2.86 4.6 2.46
1.86 3.78 3.81 2.59
1.79 2.97 4.52 2.49
1.87 2.89 4.39 2.28
1.81 3.0 4.36 2.36
1.88 3.22 4.33 2.55
1.78 3.34 4.2 2.54
1.89 3.03 4.35 2.38
1.85 3.37 4.14 2.51
1.85 3.02 4.43 2.45
1.91 3.23 4.01 2.24
1.86 3.52 3.94 2.46
1.83 3.15 4.4 2.55
1.87 3.26 4.03 2.29
1.84 3.16 4.24 2.4
1.84 3.28 4.19 2.47
1.9 2.99 4.18 2.17
1.84 3.33 4.0 2.33
1.7 2.66 4.83 2.49
1.84 3.56 4.02 2.58
1.84 3.22 4.24 2.46
1.79 3.25 4.23 2.48
1.76 2.67 4.67 2.34
1.83 3.07 4.38 2.45
1.85 3.06 4.22 2.28
1.82 2.86 4.5 2.36
1.91 3.39 3.99 2.38
1.82 2.88 4.57 2.45
1.84 3.24 4.08 2.32
1.82 3.16 4.25 2.41
1.78 2.77 4.82 2.59
1.84 2.84 4.52 2.36
1.8 2.64 4.62 2.26
1.83 2.84 4.5 2.34
1.84 3.41 3.98 2.39
1.86 3.23 4.22 2.45
1.88 3.22 4.29 2.51
1.89 2.99 4.32 2.31
1.91 3.1 4.24 2.34
1.84 2.99 4.55 2.54
1.85 3.08 4.28 2.36
1.89 3.9 3.54 2.44
1.83 2.8 4.42 2.22
1.86 2.98 4.34 2.32
1.79 2.76 4.53 2.29
1.85 3.55 4.04 2.59
1.85 3.1 4.25 2.35
1.8 2.6 4.71 2.31
1.83 2.54 4.65 2.19
1.84 2.85 4.39 2.24
1.87 3.27 4.11 2.38
1.9 3.22 4.26 2.48
1.82 3.05 4.35 2.4
1.79 2.89 4.53 2.42
1.87 3.21 4.21 2.42
1.91 3.43 4.14 2.57
1.85 3.17 4.25 2.42
1.81 2.95 4.48 2.43
1.85 3.19 4.52 2.71
1.85 3.06 4.36 2.42
1.86 3.22 4.02 2.24
1.79 2.83 4.66 2.49
1.75 2.76 4.56 2.32
1.85 3.23 4.13 2.36
1.85 3.34 4.32 2.66
1.83 2.94 4.32 2.26
1.78 2.86 4.52 2.38
1.86 3.17 4.11 2.28
1.84 2.84 4.5 2.34
1.87 3.06 4.31 2.37
1.86 3.16 4.3 2.46
1.79 3.12 4.46 2.58
1.82 3.52 3.78 2.3
1.78 3.02 4.51 2.53
1.87 2.88 4.31 2.19
1.85 2.99 4.41 2.4
1.81 2.91 4.49 2.4
1.76 3.06 4.41 2.47
1.87 3.58 3.82 2.4
1.82 2.95 4.31 2.26
1.78 3.1 4.33 2.43
1.88 2.92 4.26 2.18
1.81 2.9 4.34 2.24
1.81 2.98 4.66 2.64
1.79 2.85 4.52 2.37
1.82 3.01 4.24 2.25
1.86 3.02 4.29 2.31
1.85 3.02 4.28 2.3
1.83 3.04 4.3 2.34
1.86 3.03 4.39 2.42
1.79 2.61 4.82 2.43
1.83 3.3 3.97 2.27
1.87 3.13 4.36 2.49
1.85 3.14 4.31 2.45
1.84 3.0 4.2 2.2
1.87 3.24 3.93 2.17
1.86 2.83 4.56 2.39
1.81 3.25 4.29 2.54
1.79 2.89 4.28 2.17
1.86 3.1 4.4 2.5
1.9 3.2 4.09 2.29
1.85 3.1 4.29 2.39
1.75 3.08 4.34 2.42
1.85 3.57 4.0 2.57
1.83 2.88 4.45 2.33
1.82 2.95 4.4 2.35
1.87 3.12 4.18 2.3
1.78 3.03 4.55 2.58
1.92 3.03 4.15 2.18
1.82 2.92 4.49 2.41
1.85 3.09 4.48 2.57
1.84 2.87 4.33 2.2
1.84 3.28 4.16 2.44
1.86 3.11 4.28 2.39
1.8 2.97 4.29 2.26
1.86 2.99 4.27 2.26
1.78 2.87 4.48 2.35
1.81 2.69 4.57 2.26
1.84 2.98 4.37 2.35
1.85 3.01 4.27 2.28
1.86 2.96 4.36 2.32
1.86 3.04 4.23 2.27
1.77 2.8 4.55 2.35
1.8 2.91 4.56 2.47
1.89 3.48 4.08 2.56
1.89 3.31 4.14 2.45
1.83 3.08 4.38 2.46
1.84 3.22 4.16 2.38
1.91 3.19 4.09 2.28
1.87 3.3 4.16 2.46
1.82 2.79 4.56 2.35
1.76 2.96 4.53 2.49
1.86 2.98 4.39 2.37
1.69 2.88 4.51 2.39
1.84 3.12 4.4 2.52
1.74 2.82 4.51 2.33
1.83 3.0 4.43 2.43
1.84 3.44 4.07 2.51
1.88 3.31 3.96 2.27
1.88 3.06 4.44 2.5
1.91 3.37 4.02 2.39
1.81 2.89 4.34 2.23
1.82 2.83 4.74 2.57
1.82 3.07 4.4 2.47
1.89 3.17 4.39 2.56
1.83 3.04 4.4 2.44
1.81 3.03 4.46 2.49
1.88 3.21 4.08 2.29
1.83 3.07 4.36 2.43
1.83 2.84 4.39 2.23
1.84 3.15 4.14 2.29
1.81 2.71 4.68 2.39
1.77 2.73 4.65 2.38
1.78 3.2 4.37 2.57
1.79 2.75 4.78 2.53
1.84 2.99 4.45 2.44
1.84 3.03 4.45 2.48
1.82 3.23 4.22 2.45
1.82 3.03 4.33 2.36
1.83 3.1 4.28 2.38
1.86 3.06 4.3 2.36
1.85 3.06 4.43 2.49
1.91 3.11 4.22 2.33
1.88 2.93 4.61 2.54
1.81 3.06 4.27 2.33
1.88 3.21 4.21 2.42
1.82 3.36 4.22 2.58
1.73 2.97 4.51 2.48
1.84 3.09 4.42 2.51
1.8 3.23 4.38 2.61
1.81 3.2 4.24 2.44
1.88 3.32 4.05 2.37
1.86 3.32 4.05 2.37
1.82 2.77 4.64 2.41
1.75 2.83 4.43 2.26
1.8 3.09 4.19 2.28
1.79 3.0 4.42 2.42
1.86 3.51 4.02 2.53
1.79 2.98 4.41 2.39
1.83 2.97 4.39 2.36
1.81 3.25 4.18 2.43
1.82 3.08 4.48 2.56
1.8 3.27 4.17 2.44
1.87 2.96 4.25 2.21
1.86 3.08 4.27 2.35
1.86 3.31 4.14 2.45
1.81 3.38 4.1 2.48
1.88 3.22 4.2 2.42
1.88 3.35 4.21 2.56
1.82 3.05 4.33 2.38
1.83 3.39 4.08 2.47
1.8 3.03 4.27 2.3
1.84 3.15 4.43 2.58
1.8 2.77 4.56 2.33
1.82 2.9 4.6 2.5
1.83 3.19 4.37 2.56
1.83 2.76 4.58 2.34
1.88 3.12 4.32 2.44
1.83 3.04 4.52 2.56
1.82 3.12 4.34 2.46
1.77 2.78 4.55 2.33
1.88 3.16 4.1 2.26
1.75 2.87 4.62 2.49
1.86 3.4 3.91 2.31
1.84 3.23 4.18 2.41
1.87 3.19 4.17 2.36
1.86 3.53 3.87 2.4
1.91 3.41 3.96 2.37
1.85 2.54 4.68 2.22
1.78 2.76 4.68 2.44
1.74 2.59 4.69 2.28
1.89 3.55 3.89 2.44
1.81 2.75 4.62 2.37
1.85 2.85 4.33 2.18
1.83 3.28 4.04 2.32
1.87 3.04 4.47 2.51
1.85 3.01 4.45 2.46
1.84 3.41 4.16 2.57
1.8 2.93 4.56 2.49
1.79 2.91 4.29 2.2
1.87 2.97 4.43 2.4
1.84 2.82 4.68 2.5
1.82 2.97 4.37 2.34
1.8 3.2 4.43 2.63
1.84 3.41 4.25 2.66
1.88 3.23 4.22 2.45
1.81 2.85 4.49 2.34
1.85 3.0 4.46 2.46
1.86 3.25 4.31 2.56
1.82 3.31 4.01 2.32
1.82 3.08 4.37 2.45
1.82 3.04 4.2 2.24
1.82 3.09 4.27 2.36
1.86 3.03 4.54 2.57
1.81 2.88 4.54 2.42
1.82 2.91 4.58 2.49
1.87 3.44 4.23 2.67
1.8 3.0 4.52 2.52
1.92 2.99 4.28 2.27
1.91 2.99 4.52 2.51
1.84 3.03 4.24 2.27
1.86 2.97 4.34 2.31
1.87 3.37 3.87 2.24
1.86 3.14 4.22 2.36
1.82 3.1 4.4 2.5
1.9 3.19 4.07 2.26
1.83 2.76 4.66 2.42
1.85 3.27 4.09 2.36
1.82 2.62 4.75 2.37
1.76 2.84 4.38 2.22
1.8 3.0 4.32 2.32
1.9 3.24 4.25 2.49
1.85 3.25 3.99 2.24
1.89 3.23 4.05 2.28
1.89 3.4 4.09 2.49
1.82 3.09 4.44 2.53
1.8 3.0 4.36 2.36
1.77 2.92 4.5 2.42
1.78 3.27 4.17 2.44
1.85 2.87 4.5 2.37
1.79 3.32 4.25 2.57
1.78 2.97 4.42 2.39
1.84 3.21 4.22 2.43
1.86 3.13 4.31 2.44
1.88 3.3 4.11 2.41
1.91 2.96 4.39 2.35
1.83 2.79 4.71 2.5
1.78 3.06 4.29 2.35
1.84 3.29 4.11 2.4
1.84 3.03 4.37 2.4
1.74 2.59 4.6 2.19
1.86 2.8 4.46 2.26
1.8 3.18 4.33 2.51
1.9 3.44 4.05 2.49
1.8 2.8 4.74 2.54
1.83 3.33 4.15 2.48
1.74 2.94 4.6 2.54
1.82 3.21 4.12 2.33
1.84 3.03 4.47 2.5
1.77 3.03 4.26 2.29
1.88 3.17 4.24 2.41
1.84 2.77 4.57 2.34
1.83 2.91 4.52 2.43
1.84 3.19 4.21 2.4
1.82 2.9 4.39 2.29
1.88 3.13 4.26 2.39
1.81 2.57 4.97 2.54
1.82 2.85 4.44 2.29
1.84 3.18 4.25 2.43
1.79 2.41 5.01 2.42
1.86 2.96 4.37 2.33
1.73 2.85 4.76 2.61
1.79 3.08 4.21 2.29
1.86 3.41 4.12 2.53
1.82 3.11 4.41 2.52
1.84 2.98 4.45 2.43
1.88 3.29 4.09 2.38
1.8 3.02 4.3 2.32
1.78 3.04 4.25 2.29
1.88 2.98 4.46 2.44
1.82 3.07 4.24 2.31
1.78 2.94 4.38 2.32
1.85 2.98 4.35 2.33
1.77 2.93 4.63 2.56
1.8 2.93 4.53 2.46
1.75 2.48 4.75 2.23
1.79 3.15 4.39 2.54
1.85 3.08 4.33 2.41
1.82 2.83 4.68 2.51
1.83 3.04 4.34 2.38
1.82 3.03 4.58 2.61
1.84 3.34 4.16 2.5
1.8 3.07 4.36 2.43
1.82 3.02 4.3 2.32
1.85 3.15 4.39 2.54
1.88 3.0 4.28 2.28
1.89 3.18 4.22 2.4
1.85 3.12 4.31 2.43
1.84 3.14 4.35 2.49
1.87 3.25 4.3 2.55
1.84 2.87 4.65 2.52
1.78 2.66 4.84 2.5
1.79 2.95 4.41 2.36
1.86 3.38 4.17 2.55
1.74 2.74 4.76 2.5
1.87 3.27 4.15 2.42
1.86 3.2 4.22 2.42
1.78 2.97 4.42 2.39
1.83 3.18 4.25 2.43
1.77 3.15 4.33 2.48
1.84 3.15 4.16 2.31
1.83 2.99 4.62 2.61
1.83 3.25 4.07 2.32
1.89 3.4 3.99 2.39
1.86 3.1 4.32 2.42
1.85 3.37 4.07 2.44
1.84 3.18 4.35 2.53
1.78 2.67 4.6 2.27
1.88 3.39 4.07 2.46
1.85 3.27 4.23 2.5
1.9 2.88 4.5 2.38
1.81 2.96 4.47 2.43
1.81 3.06 4.15 2.21
1.86 3.12 4.39 2.51
1.86 3.08 4.18 2.26
1.9 3.23 4.15 2.38
1.81 3.1 4.35 2.45
1.82 3.08 4.34 2.42
1.87 3.41 4.02 2.43
1.83 3.29 4.16 2.45
1.86 3.04 4.28 2.32
1.79 3.13 4.43 2.56
1.86 3.0 4.36 2.36
1.87 3.23 4.1 2.33
1.83 3.01 4.41 2.42
1.76 2.85 4.6 2.45
1.83 3.32 4.44 2.76
1.91 3.36 4.06 2.42
1.81 2.82 4.7 2.52
1.88 3.28 4.17 2.45
1.8 3.28 4.28 2.56
1.86 3.08 4.35 2.43
1.78 2.87 4.41 2.28
1.88 2.93 4.34 2.27
1.86 3.18 4.39 2.57
1.84 2.91 4.43 2.34
1.8 3.06 4.26 2.32
1.83 3.04 4.43 2.47
1.76 3.08 4.5 2.58
1.87 3.24 4.13 2.37
1.83 3.24 4.32 2.56
1.83 2.94 4.56 2.5
1.78 3.1 4.16 2.26
1.85 3.15 4.29 2.44
1.89 3.28 3.99 2.27
1.85 3.02 4.37 2.39
1.89 3.58 3.97 2.55
1.85 3.35 4.02 2.37
1.84 2.73 4.74 2.47
1.8 3.41 4.1 2.51
1.9 3.17 4.23 2.4
1.77 3.0 4.41 2.41
1.87 2.83 4.46 2.29
1.86 3.0 4.4 2.4
1.83 2.96 4.37 2.33
1.84 2.86 4.4 2.26
1.8 3.45 4.05 2.5
1.85 2.84 4.48 2.32
1.81 2.99 4.29 2.28
1.81 3.01 4.48 2.49
1.82 3.16 4.32 2.48
1.81 2.91 4.44 2.35
1.88 3.28 4.18 2.46
1.85 3.05 4.35 2.4
1.85 2.88 4.63 2.51
1.84 2.73 4.42 2.15
1.86 3.06 4.4 2.46
1.84 3.41 3.95 2.36
1.86 3.19 4.18 2.37
1.89 3.25 4.14 2.39
1.84 3.27 4.17 2.44
1.89 3.09 4.13 2.22
1.86 3.5 3.88 2.38
1.81 2.98 4.34 2.32
1.77 2.83 4.73 2.56
1.86 3.02 4.41 2.43
1.82 3.23 4.24 2.47
1.77 2.97 4.24 2.21
1.88 3.18 4.28 2.46
1.8 3.23 4.2 2.43
1.82 3.3 4.02 2.32
1.82 3.18 4.22 2.4
1.86 3.59 3.81 2.4
1.87 3.61 3.82 2.43
1.83 2.79 4.55 2.34
1.86 3.46 4.11 2.57
1.89 3.18 4.25 2.43
1.89 3.25 4.22 2.47
1.86 3.27 4.16 2.43
1.88 3.2 4.1 2.3
1.81 3.1 4.36 2.46
1.89 2.94 4.48 2.42
1.81 3.05 4.36 2.41
1.84 3.07 4.42 2.49
1.86 2.73 4.47 2.2
1.83 2.76 4.49 2.25
1.9 3.13 4.27 2.4
1.78 3.07 4.25 2.32
1.84 3.02 4.37 2.39
1.82 3.25 4.14 2.39
1.86 2.97 4.29 2.26
1.82 3.23 4.48 2.71
1.78 3.17 4.41 2.58
1.83 3.4 4.27 2.67
1.85 2.75 4.67 2.42
1.83 3.35 4.04 2.39
1.83 2.93 4.5 2.43
1.83 2.9 4.57 2.47
1.85 3.52 4.07 2.59
1.83 3.04 4.56 2.6
1.79 3.08 4.27 2.35
1.82 3.09 4.5 2.59
1.82 2.68 4.68 2.36
1.84 2.63 4.78 2.41
1.86 3.29 4.13 2.42
1.85 3.32 4.24 2.56
1.86 3.12 4.22 2.34
1.85 3.08 4.36 2.44
1.87 3.17 4.29 2.46
1.83 2.76 4.59 2.35
1.89 3.2 4.32 2.52
1.84 3.18 4.17 2.35
1.75 2.78 4.46 2.24
1.87 3.37 4.11 2.48
1.82 2.84 4.47 2.31
1.85 3.14 4.37 2.51
1.81 2.75 4.63 2.38
1.85 3.45 4.1 2.55
1.81 2.99 4.31 2.3
1.86 3.0 4.42 2.42
1.86 2.97 4.21 2.18
1.87 2.87 4.49 2.36
1.91 3.2 4.34 2.54
1.79 3.28 4.16 2.44
1.85 3.36 4.02 2.38
1.86 2.94 4.38 2.32
1.8 3.05 4.22 2.27
1.77 2.83 4.65 2.48
1.83 3.47 4.02 2.49
1.81 3.39 3.97 2.36
1.82 3.18 4.32 2.5
1.83 3.2 4.24 2.44
1.81 3.01 4.3 2.31
1.86 3.32 4.07 2.39
1.91 3.16 4.27 2.43
1.82 3.12 4.27 2.39
1.84 3.2 4.26 2.46
1.78 2.78 4.7 2.48
1.87 3.18 4.25 2.43
1.88 2.83 4.84 2.67
1.84 2.99 4.45 2.44
1.82 3.05 4.41 2.46
1.82 2.94 4.35 2.29
1.76 2.96 4.64 2.6
1.85 3.24 4.08 2.32
1.82 2.88 4.62 2.5
1.86 3.24 4.3 2.54
1.83 3.16 4.22 2.38
1.86 3.12 4.3 2.42
1.84 3.23 4.15 2.38
1.85 3.17 4.07 2.24
1.82 3.32 3.96 2.28
1.82 2.85 4.64 2.49
1.81 3.14 4.35 2.49
1.85 3.36 4.13 2.49
1.85 3.36 4.21 2.57
1.82 2.71 4.67 2.38
1.82 3.02 4.35 2.37
1.8 3.14 4.29 2.43
1.8 3.11 4.31 2.42
1.86 3.33 4.04 2.37
1.89 3.17 4.06 2.23
1.8 3.01 4.62 2.63
1.85 2.99 4.48 2.47
1.84 3.05 4.25 2.3
1.87 2.96 4.41 2.37
1.81 3.04 4.33 2.37
1.82 2.73 4.49 2.22
1.83 2.9 4.54 2.44
1.81 3.13 4.37 2.5
1.82 3.03 4.26 2.29
1.88 2.98 4.37 2.35
1.84 2.89 4.52 2.41
1.86 2.84 4.56 2.4
1.78 3.12 4.39 2.51
1.88 3.48 3.95 2.43
1.8 2.62 4.84 2.46
1.81 3.02 4.56 2.58
1.89 3.18 4.29 2.47
1.76 2.98 4.52 2.5
1.8 2.92 4.61 2.53
1.87 3.22 4.24 2.46
1.85 3.01 4.3 2.31
1.81 3.5 3.98 2.48
1.83 3.05 4.38 2.43
1.85 2.95 4.58 2.53
1.8 3.23 4.07 2.3
1.87 3.21 4.36 2.57
1.88 3.28 4.03 2.31
1.79 2.68 4.57 2.25
1.8 2.84 4.53 2.37
1.86 3.11 4.28 2.39
1.82 3.13 4.48 2.61
1.79 3.43 3.97 2.4
1.84 2.96 4.32 2.28
1.89 3.21 4.26 2.47
1.82 2.81 4.61 2.42
1.85 3.11 4.18 2.29
1.74 2.93 4.48 2.41
1.86 3.48 4.13 2.61
1.84 3.11 4.22 2.33
1.78 2.87 4.57 2.44
1.89 2.93 4.52 2.45
1.78 3.03 4.47 2.5
1.76 3.0 4.51 2.51
1.78 3.07 4.58 2.65
1.84 2.9 4.43 2.33
1.88 3.32 4.24 2.56
1.78 3.15 4.4 2.55
1.86 2.95 4.34 2.29
1.82 2.87 4.75 2.62
1.87 3.49 3.9 2.39
1.8 3.25 4.22 2.47
1.76 3.13 4.47 2.6
1.85 3.21 4.25 2.46
1.83 3.03 4.4 2.43
1.8 3.02 4.31 2.33
1.85 2.94 4.41 2.35
1.83 3.03 4.27 2.3
1.84 2.96 4.65 2.61
1.9 3.44 3.92 2.36
1.77 2.99 4.43 2.42
1.77 2.92 4.56 2.48
1.77 3.11 4.5 2.61
1.81 3.26 4.35 2.61
1.86 2.96 4.52 2.48
1.83 3.2 4.19 2.39
1.76 2.74 4.75 2.49
1.82 2.93 4.72 2.65
1.95 3.6 3.91 2.51
1.92 3.5 3.88 2.38
1.88 3.51 3.81 2.32
1.84 2.84 4.52 2.36
1.8 3.08 4.21 2.29
1.88 3.28 4.11 2.39
1.86 3.11 4.34 2.45
1.84 3.16 4.26 2.42
1.86 3.36 3.96 2.32
1.87 2.76 4.66 2.42
1.8 3.06 4.17 2.23
1.87 3.46 3.96 2.42
1.9 3.21 4.21 2.42
1.82 2.89 4.58 2.47
1.85 2.93 4.36 2.29
1.83 2.97 4.16 2.13
1.87 3.01 4.29 2.3
1.83 3.31 4.35 2.66
1.85 3.26 4.26 2.52
1.81 2.71 4.62 2.33
1.82 3.02 4.48 2.5
1.85 2.82 4.52 2.34
1.8 2.93 4.5 2.43
1.86 3.33 4.06 2.39
1.76 2.75 4.68 2.43
1.83 3.4 3.93 2.33
1.88 2.98 4.33 2.31
1.86 2.86 4.62 2.48
1.9 3.52 3.85 2.37
1.79 2.86 4.74 2.6
1.88 3.21 4.07 2.28
1.82 2.92 4.51 2.43
1.78 2.66 4.76 2.42
1.79 2.9 4.48 2.38
1.84 2.9 4.41 2.31
1.82 2.66 4.62 2.28
1.87 3.13 4.27 2.4
1.79 3.14 4.3 2.44
1.87 3.43 4.08 2.51
1.82 2.66 4.74 2.4
1.86 3.01 4.41 2.42
1.83 2.98 4.61 2.59
1.83 3.0 4.43 2.43
1.84 3.01 4.49 2.5
1.85 3.09 4.24 2.33
1.81 2.83 4.72 2.55
1.8 3.33 4.18 2.51
1.79 3.07 4.46 2.53
1.83 3.07 4.53 2.6
1.8 3.13 4.4 2.53
1.78 2.79 4.61 2.4
1.87 3.32 4.09 2.41
1.81 2.55 4.78 2.33
1.8 3.0 4.53 2.53
1.84 3.45 4.1 2.55
1.82 3.04 4.3 2.34
1.79 2.6 4.7 2.3
1.8 2.83 4.54 2.37
1.81 2.99 4.41 2.4
1.8 3.35 4.05 2.4
1.81 3.15 4.19 2.34
1.74 3.02 4.61 2.63
1.82 3.12 4.18 2.3
1.79 2.79 4.69 2.48
1.89 3.01 4.2 2.21
1.82 3.13 4.36 2.49
1.86 3.09 4.18 2.27
1.88 3.53 3.9 2.43
1.84 3.19 4.19 2.38
1.81 2.95 4.31 2.26
1.8 3.01 4.37 2.38
1.85 3.12 4.34 2.46
1.84 3.45 4.03 2.48
1.78 3.11 4.39 2.5
1.8 2.8 4.6 2.4
1.82 2.99 4.3 2.29
1.8 3.06 4.48 2.54
1.78 2.67 4.7 2.37
1.81 2.93 4.65 2.58
1.81 3.11 4.29 2.4
1.86 3.02 4.46 2.48
1.79 2.98 4.57 2.55
1.76 2.64 4.72 2.36
1.77 2.81 4.52 2.33
1.83 3.2 4.24 2.44
1.78 2.86 4.57 2.43
1.86 3.12 4.2 2.32
1.8 2.84 4.51 2.35
1.81 3.0 4.46 2.46
1.82 3.22 4.24 2.46
1.8 2.77 4.51 2.28
1.81 3.34 4.09 2.43
1.84 3.13 4.26 2.39
1.85 3.18 4.23 2.41
1.87 3.26 4.21 2.47
1.83 2.76 4.57 2.33
1.81 2.92 4.56 2.48
1.78 2.87 4.55 2.42
1.8 2.77 4.5 2.27
1.88 2.84 4.57 2.41
1.83 2.84 4.61 2.45
1.8 2.81 4.32 2.13
1.83 3.12 4.25 2.37
1.8 2.88 4.54 2.42
1.85 3.39 4.08 2.47
1.79 2.99 4.34 2.33
1.86 3.14 4.18 2.32
1.83 2.97 4.46 2.43
1.92 3.41 4.03 2.44
1.85 3.38 3.97 2.35
1.9 3.34 4.1 2.44
1.8 3.11 4.27 2.38
1.86 2.85 4.22 2.07
1.82 3.22 4.19 2.41
1.89 3.3 4.18 2.48
1.84 2.84 4.42 2.26
1.78 3.03 4.63 2.66
1.87 3.03 4.17 2.2
1.81 3.19 4.25 2.44
1.76 3.12 4.43 2.55
1.87 3.0 4.46 2.46
1.84 3.17 4.1 2.27
1.84 3.41 4.11 2.52
1.85 3.36 4.29 2.65
1.79 3.06 4.09 2.15
1.83 3.36 4.23 2.59
1.87 3.17 4.11 2.28
1.77 2.98 4.58 2.56
1.82 3.21 4.27 2.48
1.89 3.29 4.07 2.36
1.86 3.2 4.35 2.55
1.88 3.31 3.94 2.25
1.82 2.89 4.39 2.28
1.82 2.77 4.45 2.22
1.81 3.0 4.29 2.29
1.89 3.11 4.16 2.27
1.91 3.3 4.24 2.54
1.82 3.28 4.13 2.41
1.81 3.09 4.38 2.47
1.85 3.08 4.34 2.42
1.87 2.71 4.41 2.12
1.88 3.15 4.32 2.47
1.86 3.1 4.43 2.53
1.82 3.09 4.23 2.32
1.82 3.08 4.21 2.29
1.82 3.32 3.96 2.28
1.82 3.12 4.49 2.61
1.81 3.09 4.39 2.48
1.86 3.46 4.21 2.67
1.7 2.75 4.64 2.39
1.88 3.5 3.95 2.45
1.81 3.08 4.39 2.47
1.78 2.93 4.46 2.39
1.81 3.3 4.3 2.6
1.82 2.96 4.4 2.36
1.85 3.37 4.13 2.5
1.87 3.34 4.32 2.66
1.81 3.04 4.41 2.45
1.84 2.98 4.31 2.29
1.75 2.66 4.86 2.52
1.85 3.07 4.21 2.28
1.84 3.25 4.33 2.58
1.83 3.2 4.23 2.43
1.79 2.96 4.35 2.31
1.84 3.11 4.36 2.47
1.82 3.31 4.18 2.49
1.79 2.68 4.55 2.23
1.9 3.49 3.93 2.42
1.81 2.92 4.49 2.41
1.9 3.28 4.07 2.35
1.86 2.65 4.74 2.39
1.81 3.04 4.59 2.63
1.86 3.14 4.26 2.4
1.85 2.79 4.61 2.4
1.87 3.18 4.39 2.57
1.78 3.03 4.43 2.46
1.86 3.29 4.07 2.36
1.84 3.37 4.29 2.66
1.87 3.46 4.1 2.56
1.78 3.05 4.65 2.7
1.81 2.84 4.52 2.36
1.82 2.98 4.62 2.6
1.84 3.19 4.34 2.53
1.84 3.02 4.4 2.42
1.79 3.15 4.26 2.41
1.85 2.88 4.33 2.21
1.78 3.12 4.34 2.46
1.87 3.41 4.3 2.71
1.83 3.18 4.25 2.43
1.88 3.17 4.17 2.34
1.85 2.94 4.48 2.42
1.84 3.22 4.18 2.4
1.84 3.06 4.39 2.45
1.83 3.14 4.33 2.47
1.82 2.81 4.65 2.46
1.79 3.18 4.27 2.45
1.83 3.07 4.29 2.36
1.75 2.81 4.63 2.44
1.85 3.39 3.97 2.36
1.8 2.86 4.4 2.26
1.82 3.06 4.29 2.35
1.88 3.01 4.43 2.44
1.86 3.29 4.19 2.48
1.79 2.82 4.58 2.4
1.91 3.56 3.85 2.41
1.77 3.09 4.16 2.25
1.81 3.39 4.18 2.57
1.82 2.94 4.31 2.25
1.86 3.17 4.36 2.53
1.85 3.35 3.94 2.29
1.82 3.19 4.03 2.22
1.79 3.13 4.32 2.45
1.83 3.13 4.11 2.24
1.86 3.12 4.11 2.23
1.83 3.45 4.18 2.63
1.84 3.06 4.31 2.37
1.8 2.52 4.79 2.31
1.85 3.13 4.32 2.45
1.86 3.11 4.24 2.35
1.85 2.94 4.31 2.25
1.86 3.0 4.54 2.54
1.87 3.1 4.28 2.38
1.76 3.19 4.17 2.36
1.85 3.24 4.35 2.59
1.88 3.17 4.23 2.4
1.89 3.54 3.89 2.43
1.79 2.87 4.36 2.23
1.86 2.81 4.5 2.31
1.85 3.35 4.11 2.46
1.88 3.24 4.3 2.54
1.85 3.05 4.46 2.51
1.85 2.94 4.49 2.43
1.81 3.25 4.18 2.43
1.85 3.32 4.1 2.42
1.91 3.67 4.1 2.77
1.85 3.02 4.23 2.25
1.89 3.03 4.35 2.38
1.8 2.77 4.79 2.56
1.81 2.84 4.82 2.66
1.79 2.79 4.48 2.27
1.84 3.08 4.52 2.6
1.81 3.01 4.56 2.57
1.89 3.19 4.09 2.28
1.8 3.23 4.17 2.4
1.88 3.5 4.12 2.62
1.81 3.06 4.47 2.53
1.8 2.95 4.37 2.32
1.83 2.87 4.55 2.42
1.89 3.15 4.06 2.21
1.85 3.07 4.35 2.42
1.86 2.88 4.4 2.28
1.83 3.28 4.19 2.47
1.85 3.09 4.35 2.44
1.84 3.12 4.39 2.51
1.85 3.39 4.04 2.43
1.89 3.33 4.09 2.42
1.83 2.93 4.27 2.2
1.84 3.36 4.03 2.39
1.81 3.13 4.31 2.44
1.88 3.09 4.27 2.36
1.86 3.14 4.24 2.38
1.84 3.25 4.27 2.52
1.76 2.65 4.75 2.4
1.82 2.9 4.64 2.54
1.81 3.14 4.17 2.31
1.78 3.03 4.46 2.49
1.9 3.59 3.87 2.46
1.81 3.34 4.32 2.66
1.88 3.51 3.75 2.26
1.85 3.13 4.23 2.36
1.88 3.15 4.24 2.39
1.84 3.04 4.37 2.41
1.88 3.05 4.36 2.41
1.83 3.08 4.22 2.3
1.86 3.25 4.17 2.42
1.83 3.03 4.54 2.57
1.78 3.04 4.49 2.53
1.85 2.8 4.54 2.34
1.83 2.91 4.34 2.25
1.83 3.14 4.4 2.54
1.85 3.39 4.0 2.39
1.87 3.29 4.16 2.45
1.78 3.01 4.54 2.55
1.8 2.93 4.58 2.51
1.81 3.15 4.18 2.33
1.84 3.25 4.13 2.38
1.83 2.83 4.51 2.34
1.82 3.3 4.08 2.38
1.84 3.07 4.41 2.48
1.85 3.09 4.25 2.34
1.8 3.2 4.29 2.49
1.85 3.16 4.15 2.31
1.77 2.78 4.6 2.38
1.84 3.14 4.33 2.47
1.8 2.73 4.82 2.55
1.83 3.15 4.24 2.39
1.84 3.15 4.2 2.35
1.89 3.49 4.01 2.5
1.85 3.1 4.41 2.51
1.82 2.9 4.65 2.55
1.76 2.93 4.54 2.47
1.87 3.08 4.41 2.49
1.81 2.78 4.64 2.42
1.82 3.06 4.53 2.59
1.81 2.87 4.54 2.41
1.87 3.06 4.27 2.33
1.83 3.19 4.37 2.56
1.88 3.27 4.28 2.55
1.9 3.38 4.08 2.46
1.83 2.99 4.28 2.27
1.81 2.82 4.57 2.39
1.82 3.02 4.33 2.35
1.88 3.03 4.13 2.16
1.76 2.94 4.47 2.41
1.82 3.05 4.28 2.33
1.87 3.28 4.26 2.54
1.86 3.14 4.48 2.62
1.82 2.96 4.36 2.32
1.8 3.1 4.32 2.42
1.84 3.2 4.25 2.45
1.86 3.26 4.18 2.44
1.82 2.88 4.54 2.42
1.8 2.75 4.58 2.33
1.88 3.44 3.99 2.43
1.82 3.27 4.26 2.53
1.85 3.3 4.25 2.55
1.85 3.08 4.37 2.45
1.8 3.22 4.29 2.51
1.86 3.28 4.4 2.68
1.85 2.86 4.61 2.47
1.85 3.46 4.02 2.48
1.76 2.68 4.82 2.5
1.78 3.0 4.49 2.49
1.83 3.06 4.48 2.54
1.9 3.25 4.07 2.32
1.8 2.94 4.4 2.34
1.88 3.24 4.21 2.45
1.85 2.98 4.44 2.42
1.86 2.99 4.22 2.21
1.82 3.23 4.11 2.34
1.85 2.95 4.56 2.51
1.83 3.01 4.19 2.2
1.91 3.04 4.43 2.47
1.88 3.05 4.63 2.68
1.73 2.95 4.71 2.66
1.88 3.23 4.11 2.34
1.83 3.1 4.31 2.41
1.76 2.76 4.64 2.4
1.8 3.03 4.32 2.35
1.92 3.17 4.17 2.34
1.84 3.14 4.36 2.5
1.85 2.96 4.39 2.35
1.82 2.85 4.53 2.38
1.79 3.15 4.32 2.47
1.82 3.03 4.22 2.25
1.83 3.34 4.01 2.35
1.84 3.43 4.16 2.59
1.77 2.94 4.6 2.54
1.81 3.16 4.0 2.16
1.84 3.48 4.16 2.64
1.87 3.05 4.31 2.36
1.85 3.12 4.31 2.43
1.78 3.03 4.62 2.65
1.82 3.24 4.35 2.59
1.84 3.16 4.24 2.4
1.82 3.32 4.18 2.5
1.89 2.84 4.47 2.31
1.84 3.12 4.13 2.25
1.84 3.16 4.39 2.55
1.9 3.12 4.43 2.55
1.78 3.06 4.41 2.47
1.86 3.12 4.31 2.43
1.8 2.89 4.45 2.34
1.86 3.1 4.36 2.46
1.81 2.79 4.59 2.38
1.81 3.3 4.15 2.45
1.81 3.12 4.27 2.39
1.76 2.99 4.44 2.43
1.81 2.96 4.46 2.42
1.8 3.16 4.5 2.66
1.87 2.93 4.31 2.24
1.83 3.11 4.23 2.34
1.88 2.93 4.4 2.33
1.85 3.17 4.18 2.35
1.86 3.17 4.17 2.34
1.88 2.91 4.5 2.41
1.86 2.87 4.4 2.27
1.78 2.87 4.49 2.36
1.79 3.24 4.23 2.47
1.84 2.89 4.51 2.4
1.85 3.34 3.99 2.33
1.88 3.33 4.11 2.44
1.84 3.06 4.6 2.66
1.75 2.95 4.38 2.33
1.86 3.59 3.84 2.43
1.81 2.92 4.42 2.34
1.87 3.07 4.45 2.52
1.84 2.84 4.44 2.28
1.85 3.26 4.04 2.3
1.91 3.38 4.0 2.38
1.8 3.34 4.17 2.51
1.86 3.34 4.15 2.49
1.88 2.96 4.43 2.39
1.83 3.18 4.21 2.39
1.83321 3.081878 4.333686 2.415564
