1.86 3.12 4.22 2.34
1.8 3.12 4.38 2.5
1.84 3.08 4.4 2.48
1.86 3.26 4.24 2.5
1.88 3.6 3.76 2.36
1.88 3.24 4.26 2.5
1.84 3.1 4.58 2.68
1.78 3.14 4.18 2.32
1.76 2.86 4.62 2.48
1.86 3.48 4.18 2.66
1.82 2.5 4.94 2.44
1.78 2.72 4.48 2.2
1.88 2.9 4.18 2.08
1.78 3.14 4.3 2.44
1.86 3.04 4.3 2.34
1.82 3.3 4.16 2.46
1.88 3.5 4.04 2.54
1.9 2.74 4.62 2.36
1.82 2.54 4.68 2.22
1.84 2.84 4.58 2.42
1.8 3.36 4.22 2.58
1.82 2.82 4.72 2.54
1.78 2.94 4.58 2.52
1.82 2.84 4.48 2.32
1.76 3.08 4.3 2.38
1.78 3.04 4.3 2.34
1.7 2.5 5.1 2.6
1.84 2.72 4.56 2.28
1.84 3.16 4.0 2.16
1.84 3.18 4.48 2.66
1.86 3.14 4.32 2.46
1.8 2.9 4.58 2.48
1.92 3.4 4.04 2.44
1.78 3.26 4.26 2.52
1.82 2.74 4.64 2.38
1.88 3.1 4.28 2.38
1.84 3.1 4.12 2.22
1.88 3.0 4.4 2.4
1.82 3.38 4.08 2.46
1.78 2.96 4.66 2.62
1.78 2.98 4.62 2.6
1.88 3.36 4.2 2.56
1.86 3.36 4.02 2.38
1.88 3.08 4.34 2.42
1.8 2.86 4.78 2.64
1.76 2.9 4.58 2.48
1.86 3.38 4.18 2.56
1.82 2.84 4.76 2.6
1.88 3.14 4.3 2.44
1.74 3.16 4.44 2.6
1.82 2.9 4.42 2.32
1.88 3.2 4.12 2.32
1.82 3.0 4.6 2.6
1.74 2.76 4.84 2.6
1.82 3.38 4.04 2.42
1.68 2.48 4.88 2.36
1.78 3.18 4.28 2.46
1.78 3.2 4.58 2.78
1.8 2.92 4.58 2.5
1.86 3.22 4.06 2.28
1.74 2.96 4.82 2.78
1.76 3.1 4.34 2.44
1.84 3.58 4.12 2.7
1.78 2.38 5.44 2.82
1.84 3.18 4.22 2.4
1.78 3.0 4.3 2.3
1.92 3.74 3.7 2.44
1.86 3.18 4.26 2.44
1.84 3.16 4.32 2.48
1.9 3.2 3.84 2.04
1.7 3.1 4.28 2.38
1.88 3.42 4.06 2.48
1.9 3.2 4.1 2.3
1.94 3.64 3.58 2.22
1.74 2.56 4.58 2.14
1.76 2.94 4.7 2.64
1.78 3.02 4.38 2.4
1.78 3.28 3.98 2.26
1.82 2.92 4.56 2.48
1.86 3.2 4.4 2.6
1.84 3.42 4.06 2.48
1.9 3.02 4.3 2.32
1.88 3.06 4.18 2.24
1.86 3.34 3.92 2.26
1.82 3.2 4.02 2.22
1.74 2.6 4.84 2.44
1.82 3.04 4.36 2.4
1.72 2.74 4.62 2.36
1.86 2.68 4.7 2.38
1.86 2.92 4.54 2.46
1.86 2.98 4.48 2.46
1.9 3.26 4.06 2.32
1.78 2.78 4.7 2.48
1.86 2.98 4.32 2.3
1.86 3.38 4.3 2.68
1.9 3.62 3.86 2.48
1.74 3.06 4.4 2.46
1.82 3.28 4.26 2.54
1.78 3.1 4.24 2.34
1.7 2.36 4.94 2.3
1.86 3.04 4.22 2.26
1.86 3.36 3.94 2.3
1.88 2.68 4.84 2.52
1.9 3.66 3.86 2.52
1.78 2.48 4.74 2.22
1.84 3.08 4.36 2.44
1.84 2.92 4.5 2.42
1.88 3.3 4.28 2.58
1.8 2.88 4.56 2.44
1.82 2.8 4.68 2.48
1.86 3.22 4.06 2.28
1.92 3.94 3.66 2.6
1.82 2.78 4.64 2.42
1.76 2.78 4.8 2.58
1.82 3.14 4.18 2.32
1.8 3.12 4.24 2.36
1.82 2.98 4.4 2.38
1.86 2.86 4.58 2.44
1.84 3.34 4.0 2.34
1.8 3.38 4.22 2.6
1.82 3.06 4.42 2.48
1.88 2.8 4.48 2.28
1.86 3.12 4.16 2.28
1.7 2.74 4.64 2.38
1.8 2.7 4.58 2.28
1.8 2.88 4.52 2.4
1.78 2.74 4.6 2.34
1.88 3.14 4.22 2.36
1.82 2.98 4.48 2.46
1.78 3.14 4.22 2.36
1.78 2.88 4.38 2.26
1.78 2.64 4.84 2.48
1.84 2.96 4.7 2.66
1.84 3.16 4.46 2.62
1.86 3.44 4.02 2.46
1.78 3.5 4.48 2.98
1.82 3.02 4.2 2.22
1.86 3.14 4.38 2.52
1.84 3.3 4.06 2.36
1.76 2.7 4.46 2.16
1.88 3.24 4.14 2.38
1.82 3.38 4.18 2.56
1.74 2.68 4.46 2.14
1.82 3.18 4.1 2.28
1.82 2.92 4.42 2.34
1.94 3.22 4.24 2.46
1.8 2.96 4.3 2.26
1.88 3.24 4.38 2.62
1.88 3.2 4.3 2.5
1.88 3.3 4.18 2.48
1.8 3.06 4.2 2.26
1.84 3.28 4.16 2.44
1.84 3.08 4.54 2.62
1.86 3.3 4.22 2.52
1.8 3.06 4.58 2.64
1.8 2.88 4.6 2.48
1.88 3.02 4.36 2.38
1.88 3.26 4.38 2.64
1.88 3.54 4.12 2.66
1.86 3.34 3.88 2.22
1.84 2.88 4.42 2.3
1.82 2.7 4.6 2.3
1.86 3.66 3.86 2.52
1.76 3.3 4.02 2.32
1.92 3.58 3.98 2.56
1.9 2.9 4.44 2.34
1.88 3.02 4.22 2.24
1.9 3.46 3.84 2.3
1.9 2.82 4.24 2.06
1.86 2.38 4.92 2.3
1.84 2.88 4.62 2.5
1.84 3.3 4.36 2.66
1.8 2.9 4.48 2.38
1.86 3.22 4.08 2.3
1.9 3.64 4.04 2.68
1.76 2.98 4.14 2.12
1.84 2.8 4.56 2.36
1.9 3.0 4.14 2.14
1.9 3.5 4.2 2.7
1.84 2.78 4.68 2.46
1.82 2.84 4.58 2.42
1.88 3.38 4.34 2.72
1.9 3.16 4.2 2.36
1.72 2.76 4.7 2.46
1.68 2.8 4.56 2.36
1.92 3.0 4.32 2.32
1.86 2.86 4.62 2.48
1.78 2.6 4.84 2.44
1.62 2.2 5.0 2.2
1.76 3.36 4.22 2.58
1.82 3.0 4.76 2.76
1.86 3.36 3.98 2.34
1.78 2.8 4.52 2.32
1.8 3.12 4.24 2.36
1.84 3.06 4.4 2.46
1.68 2.6 5.12 2.72
1.88 4.32 3.58 2.9
1.84 3.0 4.34 2.34
1.78 2.82 4.18 2.0
1.78 2.56 4.64 2.2
1.8 3.14 4.38 2.52
1.82 2.8 4.64 2.44
1.8 2.86 4.42 2.28
1.8 3.06 4.72 2.78
1.8 3.0 4.6 2.6
1.84 3.62 3.88 2.5
1.82 2.68 4.48 2.16
1.84 3.12 4.46 2.58
1.9 3.08 4.4 2.48
1.92 3.06 4.36 2.42
1.78 3.02 4.42 2.44
1.82 2.52 4.78 2.3
1.84 2.56 4.76 2.32
1.88 3.14 4.44 2.58
1.84 3.22 4.14 2.36
1.86 2.78 4.62 2.4
1.78 2.6 4.82 2.42
1.78 3.3 4.2 2.5
1.86 3.48 3.88 2.36
1.84 2.72 4.4 2.12
1.76 2.34 4.78 2.12
1.9 3.38 4.02 2.4
1.86 3.54 4.0 2.54
1.84 3.6 4.18 2.78
1.86 3.06 4.2 2.26
1.84 2.98 4.28 2.26
1.8 2.84 4.44 2.28
1.86 2.96 4.08 2.04
1.92 3.22 4.02 2.24
1.82 3.36 3.92 2.28
1.8 3.24 4.26 2.5
1.88 3.4 4.08 2.48
1.8 2.58 4.56 2.14
1.8 2.76 4.76 2.52
1.9 3.12 4.36 2.48
1.78 3.1 4.26 2.36
1.8 3.2 4.44 2.64
1.84 3.5 4.06 2.56
1.9 3.34 4.32 2.66
1.78 3.1 4.62 2.72
1.86 3.12 4.18 2.3
1.86 2.86 4.5 2.36
1.86 3.0 4.3 2.3
1.86 3.12 4.16 2.28
1.86 3.7 3.9 2.6
1.84 3.04 4.52 2.56
1.74 2.94 4.32 2.26
1.84 3.04 4.26 2.3
1.8 2.98 4.44 2.42
1.84 2.9 4.46 2.36
1.8 3.46 4.18 2.64
1.82 2.84 4.42 2.26
1.8 3.26 4.28 2.54
1.74 3.06 4.42 2.48
1.9 3.32 4.22 2.54
1.78 2.94 4.4 2.34
1.78 2.98 4.6 2.58
1.84 3.32 4.3 2.62
1.88 3.8 3.84 2.64
1.78 2.9 4.66 2.56
1.82 3.04 4.5 2.54
1.8 3.04 4.38 2.42
1.9 3.16 4.04 2.2
1.84 3.16 4.06 2.22
1.84 3.36 4.32 2.68
1.82 3.2 4.3 2.5
1.86 3.2 4.3 2.5
1.92 3.24 4.32 2.56
1.82 3.2 4.12 2.32
1.82 2.58 4.74 2.32
1.76 2.98 4.32 2.3
1.78 3.08 4.42 2.5
1.78 2.38 4.64 2.02
1.86 3.44 4.16 2.6
1.86 3.7 3.92 2.62
1.88 3.08 3.94 2.02
1.76 2.88 4.62 2.5
1.86 3.14 4.2 2.34
1.88 3.42 4.04 2.46
1.84 3.04 4.66 2.7
1.7 2.66 4.9 2.56
1.86 3.38 4.06 2.44
1.9 2.96 4.52 2.48
1.86 3.22 4.04 2.26
1.8 2.9 4.64 2.54
1.84 2.86 4.3 2.16
1.82 3.08 4.26 2.34
1.78 2.94 4.66 2.6
1.86 2.64 4.92 2.56
1.76 2.92 4.82 2.74
1.9 2.9 4.46 2.36
1.86 3.12 4.32 2.44
1.88 3.38 3.98 2.36
1.86 2.92 4.6 2.52
1.84 2.92 4.46 2.38
1.8 2.88 4.56 2.44
1.82 3.1 4.02 2.12
1.84 3.42 4.0 2.42
1.88 2.9 4.42 2.32
1.88 2.66 4.58 2.24
1.84 2.62 4.58 2.2
1.9 3.4 4.12 2.52
1.86 3.1 4.08 2.18
1.84 3.08 4.52 2.6
1.84 2.86 4.7 2.56
1.9 3.06 4.3 2.36
1.78 2.7 4.3 2.0
1.9 2.92 4.46 2.38
1.92 3.12 4.08 2.2
1.82 2.86 4.42 2.28
1.7 2.66 4.9 2.56
1.84 3.3 4.06 2.36
1.8 2.92 4.52 2.44
1.72 2.54 4.96 2.5
1.78 2.94 4.42 2.36
1.86 2.96 4.34 2.3
1.8 2.96 4.38 2.34
1.72 2.8 4.72 2.52
1.9 3.96 3.9 2.86
1.86 3.14 4.34 2.48
1.92 3.4 4.12 2.52
1.82 3.02 4.26 2.28
1.76 2.62 4.82 2.44
1.84 3.32 4.36 2.68
1.88 3.2 4.18 2.38
1.84 2.86 4.42 2.28
1.82 3.04 4.24 2.28
1.84 3.18 4.26 2.44
1.88 3.08 4.22 2.3
1.84 3.26 4.18 2.44
1.86 3.76 3.9 2.66
1.82 2.62 4.92 2.54
1.78 2.8 4.5 2.3
1.86 2.98 4.48 2.46
1.78 2.76 4.68 2.44
1.76 2.76 4.54 2.3
1.84 3.56 4.04 2.6
1.84 3.12 4.34 2.46
1.8 2.94 4.78 2.72
1.84 3.1 4.02 2.12
1.8 3.02 4.4 2.42
1.82 3.32 4.04 2.36
1.84 3.26 4.08 2.34
1.84 3.12 4.24 2.36
1.88 3.2 4.32 2.52
1.8 3.08 4.28 2.36
1.84 3.06 4.3 2.36
1.94 3.32 4.0 2.32
1.94 3.32 4.12 2.44
1.78 2.44 4.8 2.24
1.88 3.22 4.0 2.22
1.8 3.46 4.22 2.68
1.88 2.96 4.24 2.2
1.86 3.0 4.32 2.32
1.82 3.0 4.28 2.28
1.8 3.1 4.3 2.4
1.9 3.3 4.02 2.32
1.8 2.78 4.62 2.4
1.76 2.9 4.34 2.24
1.86 2.82 4.56 2.38
1.84 3.64 3.98 2.62
1.9 2.92 4.5 2.42
1.86 2.9 4.5 2.4
1.7 2.28 5.06 2.34
1.84 3.02 4.3 2.32
1.88 3.0 4.5 2.5
1.82 3.84 3.9 2.74
1.82 3.38 4.28 2.66
1.88 2.94 4.28 2.22
1.82 3.14 4.32 2.46
1.78 2.92 4.26 2.18
1.76 2.98 4.44 2.42
1.86 3.06 4.32 2.38
1.88 3.04 4.2 2.24
1.76 2.84 4.52 2.36
1.86 2.98 4.54 2.52
1.82 3.02 4.32 2.34
1.8 2.52 4.78 2.3
1.9 2.84 4.6 2.44
1.76 2.88 4.46 2.34
1.82 3.1 4.46 2.56
1.8 2.8 4.48 2.28
1.82 3.36 4.24 2.6
1.78 2.62 4.76 2.38
1.76 3.24 4.38 2.62
1.86 3.54 3.88 2.42
1.78 2.74 4.54 2.28
1.84 3.2 4.36 2.56
1.8 3.02 4.34 2.36
1.84 2.86 4.64 2.5
1.82 3.2 4.2 2.4
1.72 3.02 4.2 2.22
1.82 3.04 4.24 2.28
1.9 3.24 4.04 2.28
1.8 3.0 4.28 2.28
1.82 2.94 4.62 2.56
1.82 3.12 4.22 2.34
1.8 3.18 4.12 2.3
1.84 2.78 4.52 2.3
1.92 3.02 4.26 2.28
1.82 3.0 4.52 2.52
1.88 2.98 4.1 2.08
1.8 2.86 4.6 2.46
1.82 2.8 4.68 2.48
1.88 2.84 4.48 2.32
1.9 3.24 3.98 2.22
1.72 2.78 4.76 2.54
1.72 3.02 4.62 2.64
1.84 3.52 3.92 2.44
1.88 2.58 4.7 2.28
1.82 2.92 4.56 2.48
1.88 3.28 3.94 2.22
1.84 2.98 4.32 2.3
1.84 3.28 4.18 2.46
1.76 3.34 4.12 2.46
1.86 3.34 4.3 2.64
1.82 3.44 4.0 2.44
1.88 3.18 4.24 2.42
1.9 3.12 4.18 2.3
1.74 2.84 4.66 2.5
1.88 3.2 4.36 2.56
1.84 3.54 4.14 2.68
1.78 2.6 4.6 2.2
1.82 2.88 4.58 2.46
1.84 3.5 3.78 2.28
1.82 3.48 4.1 2.58
1.88 3.2 3.92 2.12
1.76 2.72 4.74 2.46
1.9 3.0 4.32 2.32
1.92 3.72 3.88 2.6
1.8 2.82 4.76 2.58
1.8 2.98 4.74 2.72
1.84 2.68 4.52 2.2
1.76 3.22 4.34 2.56
1.88 3.3 4.36 2.66
1.9 3.28 4.06 2.34
1.78 2.86 4.64 2.5
1.68 2.54 4.64 2.18
1.86 3.1 4.16 2.26
1.88 3.1 4.66 2.76
1.96 3.06 4.24 2.3
1.84 3.08 4.64 2.72
1.9 3.7 3.68 2.38
1.84 2.78 4.8 2.58
1.82 2.72 4.6 2.32
1.86 2.58 4.72 2.3
1.88 2.86 4.8 2.66
1.84 3.62 3.86 2.48
1.9 3.56 3.86 2.42
1.88 3.28 4.02 2.3
1.92 3.54 3.9 2.44
1.82 2.94 4.54 2.48
1.88 3.08 4.3 2.38
1.76 3.16 4.1 2.26
1.68 2.54 4.92 2.46
1.8 2.82 4.52 2.34
1.9 3.4 4.16 2.56
1.8 3.02 4.2 2.22
1.82 2.98 4.52 2.5
1.84 3.24 4.24 2.48
1.86 2.9 4.54 2.44
1.72 2.88 4.54 2.42
1.9 3.7 3.74 2.44
1.84 2.94 4.42 2.36
1.84 2.7 4.52 2.22
1.86 3.7 3.68 2.38
1.82 2.96 4.36 2.32
1.84 2.86 4.62 2.48
1.84 3.48 4.02 2.5
1.9 3.86 3.62 2.48
1.88 3.58 4.02 2.6
1.78 3.44 4.16 2.6
1.84 3.58 4.16 2.74
1.8 3.46 4.28 2.74
1.92 3.34 4.3 2.64
1.74 2.98 4.28 2.26
1.8 3.16 4.18 2.34
1.88 2.84 4.5 2.34
1.8 3.1 4.44 2.54
1.86 3.34 3.92 2.26
1.86 3.04 4.14 2.18
1.84 2.74 4.62 2.36
1.88 3.24 4.36 2.6
1.84 3.0 4.12 2.12
1.82 3.12 4.24 2.36
1.74 2.96 4.78 2.74
1.78 3.12 4.2 2.32
1.88 3.02 4.18 2.2
1.8 3.02 4.3 2.32
1.86 2.9 4.34 2.24
1.88 3.1 4.2 2.3
1.82 3.52 4.04 2.56
1.9 3.44 4.12 2.56
1.94 3.24 4.1 2.34
1.88 3.42 4.08 2.5
1.88 3.4 3.92 2.32
1.8 3.08 4.24 2.32
1.84 3.58 4.1 2.68
1.8 2.92 4.36 2.28
1.78 3.54 3.98 2.52
1.7 2.86 4.74 2.6
1.8 2.8 4.26 2.06
1.84 2.38 5.14 2.52
1.88 3.08 4.46 2.54
1.88 2.8 4.46 2.26
1.8 2.94 4.4 2.34
1.8 2.74 4.52 2.26
1.72 2.9 4.36 2.26
1.88 3.36 4.18 2.54
1.76 2.38 4.9 2.28
1.82 2.78 4.64 2.42
1.9 3.4 4.16 2.56
1.78 2.6 4.68 2.28
1.86 3.3 4.08 2.38
1.84 3.14 4.32 2.46
1.9 3.12 4.14 2.26
1.78 2.38 5.0 2.38
1.74 2.44 4.76 2.2
1.88 2.66 4.62 2.28
1.86 3.16 4.24 2.4
1.9 3.38 4.14 2.52
1.88 3.54 3.82 2.36
1.76 2.84 4.44 2.28
1.78 3.12 4.42 2.54
1.72 2.7 4.66 2.36
1.8 3.04 4.18 2.22
1.82 3.26 4.38 2.64
1.88 3.06 4.26 2.32
1.92 3.26 4.22 2.48
1.8 2.78 4.44 2.22
1.88 3.0 4.4 2.4
1.82 2.9 4.36 2.26
1.88 2.78 4.22 2.0
1.78 3.02 4.28 2.3
1.82 2.94 4.48 2.42
1.82 3.08 4.34 2.42
1.84 3.8 3.86 2.66
1.92 3.38 4.14 2.52
1.88 2.84 4.42 2.26
1.84 2.98 4.24 2.22
1.76 2.28 4.86 2.14
1.76 3.18 4.16 2.34
1.84 2.92 4.42 2.34
1.8 3.0 4.38 2.38
1.78 3.1 4.46 2.56
1.74 2.66 4.8 2.46
1.9 3.32 4.06 2.38
1.86 3.34 4.18 2.52
1.82 2.9 4.4 2.3
1.82 2.56 4.54 2.1
1.82 2.96 4.26 2.22
1.82 3.16 4.38 2.54
1.9 3.76 3.68 2.44
1.88 3.26 4.0 2.26
1.84 3.26 4.02 2.28
1.86 3.36 4.1 2.46
1.9 2.8 4.58 2.38
1.8 2.74 4.48 2.22
1.84 3.46 4.2 2.66
1.68 2.8 4.7 2.5
1.84 3.06 4.44 2.5
1.82 3.12 4.3 2.42
1.86 3.48 3.74 2.22
1.82 3.28 4.3 2.58
1.86 3.22 4.18 2.4
1.88 3.18 4.06 2.24
1.88 3.6 3.9 2.5
1.8 2.84 4.46 2.3
1.88 2.48 4.9 2.38
1.78 3.42 4.34 2.76
1.84 2.8 4.32 2.12
1.8 3.38 4.14 2.52
1.72 2.54 4.98 2.52
1.84 3.08 4.18 2.26
1.74 2.78 4.7 2.48
1.74 2.78 4.5 2.28
1.82 3.04 4.44 2.48
1.8 2.78 4.72 2.5
1.86 2.98 4.42 2.4
1.86 3.52 3.8 2.32
1.84 2.84 4.6 2.44
1.84 3.1 4.44 2.54
1.86 3.3 4.12 2.42
1.8 2.38 4.94 2.32
1.86 3.5 3.74 2.24
1.88 2.8 4.7 2.5
1.9 3.6 3.88 2.48
1.84 2.72 4.78 2.5
1.76 2.28 5.18 2.46
1.84 2.78 4.72 2.5
1.84 3.38 3.98 2.36
1.9 3.64 3.84 2.48
1.86 3.24 4.2 2.44
1.76 2.96 4.26 2.22
1.88 3.04 4.62 2.66
1.76 2.72 4.78 2.5
1.84 2.9 4.44 2.34
1.88 3.34 4.24 2.58
1.84 3.38 4.1 2.48
1.74 2.4 4.82 2.22
1.86 3.26 4.28 2.54
1.88 3.72 3.82 2.54
1.8 3.3 4.2 2.5
1.8 2.9 4.58 2.48
1.8 3.04 4.52 2.56
1.88 3.6 3.58 2.18
1.88 3.5 4.1 2.6
1.88 2.96 4.68 2.64
1.9 3.48 3.94 2.42
1.8 3.12 4.18 2.3
1.74 2.82 4.64 2.46
1.76 2.66 4.78 2.44
1.88 3.46 3.88 2.34
1.84 3.22 4.06 2.28
1.8 3.06 4.38 2.44
1.86 3.42 4.22 2.64
1.9 3.5 4.0 2.5
1.8 2.8 4.3 2.1
1.9 3.7 3.86 2.56
1.82 2.62 4.52 2.14
1.88 3.52 3.94 2.46
1.86 2.84 4.38 2.22
1.8 3.16 4.42 2.58
1.76 3.02 4.66 2.68
1.76 2.78 4.4 2.18
1.78 2.86 4.28 2.14
1.86 3.3 3.96 2.26
1.88 3.4 4.02 2.42
1.84 3.46 4.2 2.66
1.9 3.72 3.92 2.64
1.86 2.82 4.5 2.32
1.88 3.18 4.28 2.46
1.76 2.88 4.7 2.58
1.9 2.9 4.42 2.32
1.88 3.12 4.4 2.52
1.84 2.64 4.32 1.96
1.82 2.8 4.7 2.5
1.88 3.5 4.02 2.52
1.82 3.4 4.24 2.64
1.8 3.12 4.4 2.52
1.78 3.12 4.34 2.46
1.9 3.2 4.12 2.32
1.8 3.04 4.56 2.6
1.82 2.68 4.72 2.4
1.8 3.44 3.96 2.4
1.78 2.68 4.98 2.66
1.82 3.14 4.24 2.38
1.88 2.84 4.34 2.18
1.86 2.78 4.22 2.0
1.78 2.86 4.56 2.42
1.86 3.26 4.24 2.5
1.92 3.26 4.24 2.5
1.96 3.66 3.94 2.6
1.7 2.4 5.36 2.76
1.84 3.08 4.12 2.2
1.88 3.22 4.22 2.44
1.84 3.04 4.2 2.24
1.88 3.72 3.94 2.66
1.86 2.96 4.36 2.32
1.76 2.96 4.46 2.42
1.9 2.94 4.12 2.06
1.84 2.58 4.92 2.5
1.94 3.98 3.36 2.34
1.78 2.86 4.72 2.58
1.72 3.12 4.32 2.44
1.84 3.7 4.0 2.7
1.86 3.88 3.74 2.62
1.86 3.04 4.46 2.5
1.72 2.9 4.6 2.5
1.88 3.84 3.8 2.64
1.82 2.86 4.34 2.2
1.84 3.48 3.96 2.44
1.88 3.56 4.06 2.62
1.92 3.3 4.24 2.54
1.76 2.42 4.96 2.38
1.82 2.66 4.42 2.08
1.84 2.94 4.36 2.3
1.86 3.9 3.56 2.46
1.76 3.04 4.34 2.38
1.84 2.82 4.6 2.42
1.86 3.18 4.32 2.5
1.8 3.04 4.44 2.48
1.88 2.88 4.46 2.34
1.88 3.2 3.98 2.18
1.84 3.2 4.2 2.4
1.76 2.98 4.34 2.32
1.88 2.84 4.76 2.6
1.78 3.26 4.38 2.64
1.78 3.08 4.16 2.24
1.84 3.1 4.3 2.4
1.8 3.14 4.22 2.36
1.86 2.98 4.34 2.32
1.84 3.16 4.32 2.48
1.84 3.06 4.34 2.4
1.88 3.46 3.92 2.38
1.88 3.18 4.16 2.34
1.88 2.72 4.48 2.2
1.9 3.1 4.52 2.62
1.9 3.1 4.12 2.22
1.7 2.62 4.86 2.48
1.86 3.12 3.88 2.0
1.86 3.12 4.34 2.46
1.84 2.8 4.52 2.32
1.84 2.74 4.52 2.26
1.82 3.2 4.2 2.4
1.84 2.92 4.18 2.1
1.78 3.34 4.32 2.66
1.84 3.16 4.16 2.32
1.7 2.92 4.6 2.52
1.82 3.12 4.04 2.16
1.86 3.32 4.28 2.6
1.86 2.94 4.34 2.28
1.96 2.82 4.56 2.38
1.86 3.32 4.26 2.58
1.88 3.56 3.94 2.5
1.76 3.2 4.2 2.4
1.88 3.16 4.32 2.48
1.84 2.82 4.74 2.56
1.86 2.9 4.44 2.34
1.76 3.1 4.36 2.46
1.84 3.36 4.14 2.5
1.76 3.22 4.2 2.42
1.84 3.32 4.1 2.42
1.82 2.82 4.76 2.58
1.76 2.74 4.78 2.52
1.82 3.18 4.16 2.34
1.82 2.72 4.7 2.42
1.86 2.98 4.44 2.42
1.88 2.84 4.48 2.32
1.88 3.0 4.36 2.36
1.82 3.22 4.34 2.56
1.8 3.38 4.1 2.48
1.88 2.88 4.5 2.38
1.9 3.36 4.04 2.4
1.88 3.08 4.28 2.36
1.84 3.22 4.06 2.28
1.78 2.46 5.06 2.52
1.82 2.56 4.7 2.26
1.88 3.16 4.1 2.26
1.78 3.18 4.36 2.54
1.9 3.24 4.3 2.54
1.8 2.58 4.7 2.28
1.88 3.5 3.96 2.46
1.86 3.18 4.08 2.26
1.9 3.66 3.8 2.46
1.86 3.52 4.06 2.58
1.86 3.38 3.96 2.34
1.82 2.88 4.32 2.2
1.76 2.88 4.78 2.66
1.86 2.74 4.54 2.28
1.84 2.92 4.44 2.36
1.94 2.94 4.34 2.28
1.8 2.42 4.98 2.4
1.86 3.38 4.12 2.5
1.88 3.34 4.26 2.6
1.7 2.36 4.94 2.3
1.8 3.28 4.08 2.36
1.82 2.86 4.4 2.26
1.82 3.28 3.92 2.2
1.82 3.44 4.06 2.5
1.84 2.88 4.6 2.48
1.78 2.58 4.72 2.3
1.86 3.18 4.0 2.18
1.92 3.34 4.16 2.5
1.86 3.16 4.26 2.42
1.84 3.74 3.9 2.64
1.78 2.86 4.52 2.38
1.86 3.18 4.24 2.42
1.82 3.38 4.02 2.4
1.86 3.22 4.1 2.32
1.76 2.74 4.64 2.38
1.88 3.32 4.14 2.46
1.8 2.86 4.34 2.2
1.92 2.56 4.84 2.4
1.78 2.92 4.32 2.24
1.92 2.98 4.34 2.32
1.84 3.38 4.06 2.44
1.86 3.3 4.12 2.42
1.88 3.24 4.08 2.32
1.94 3.62 3.98 2.6
1.82 2.82 4.68 2.5
1.76 2.52 4.86 2.38
1.94 3.62 3.9 2.52
1.84 3.0 4.3 2.3
1.78 3.52 3.9 2.42
1.86 3.2 4.42 2.62
1.76 2.7 5.06 2.76
1.94 3.32 3.98 2.3
1.82 3.22 4.14 2.36
1.84 3.22 4.14 2.36
1.88 3.14 4.26 2.4
1.84 3.02 4.48 2.5
1.82 2.88 4.42 2.3
1.86 3.36 4.02 2.38
1.8 2.6 4.7 2.3
1.76 3.04 4.56 2.6
1.84 3.76 3.68 2.44
1.88 3.46 4.12 2.58
1.82 2.7 4.6 2.3
1.88 3.2 4.2 2.4
1.74 2.88 4.44 2.32
1.84 2.86 4.44 2.3
1.9 2.9 4.24 2.14
1.86 3.02 4.38 2.4
1.86 2.94 4.32 2.26
1.8 3.38 4.26 2.64
1.84 3.3 4.16 2.46
1.82 3.16 4.22 2.38
1.82 2.5 4.6 2.1
1.86 3.26 4.16 2.42
1.86 2.94 4.48 2.42
1.78 2.74 4.66 2.4
1.8 2.6 4.76 2.36
1.82 3.18 4.38 2.56
1.66 3.16 4.66 2.82
1.82 2.86 4.46 2.32
1.76 2.36 5.16 2.52
1.8 2.74 4.58 2.32
1.74 2.8 4.84 2.64
1.86 2.92 4.38 2.3
1.84 3.28 4.12 2.4
1.88 3.1 4.16 2.26
1.88 3.72 3.98 2.7
1.78 3.02 4.72 2.74
1.8 2.72 4.48 2.2
1.82 3.16 4.2 2.36
1.88 3.26 4.12 2.38
1.82 3.44 3.98 2.42
1.78 3.26 4.6 2.86
1.82 3.02 4.3 2.32
1.86 3.12 4.28 2.4
1.8 2.92 4.44 2.36
1.78 3.5 3.92 2.42
1.88 3.2 4.28 2.48
1.82 2.94 4.52 2.46
1.84 3.28 4.2 2.48
1.84 2.8 5.2 3.0
1.76 2.9 4.44 2.34
1.8 3.04 4.46 2.5
1.86 2.84 4.7 2.54
1.8 3.04 4.42 2.46
1.92 3.22 4.38 2.6
1.88 2.76 4.32 2.08
1.86 2.98 4.52 2.5
1.76 2.56 4.82 2.38
1.9 3.6 3.96 2.56
1.82 3.12 4.22 2.34
1.86 2.48 4.7 2.18
1.82 2.92 4.34 2.26
1.84 3.22 4.12 2.34
1.86 3.14 4.12 2.26
1.76 2.9 4.68 2.58
1.76 2.86 4.4 2.26
1.82 3.42 4.0 2.42
1.86 3.14 4.14 2.28
1.82 2.68 4.58 2.26
1.8 2.98 4.42 2.4
1.9 3.06 4.24 2.3
1.86 2.98 4.4 2.38
1.86 3.14 4.32 2.46
1.82 3.18 4.34 2.52
1.8 2.74 4.48 2.22
1.76 3.04 4.06 2.1
1.9 3.38 4.1 2.48
1.72 3.06 4.36 2.42
1.84 3.6 3.76 2.36
1.8 2.82 4.48 2.3
1.88 2.72 4.7 2.42
1.88 3.24 4.28 2.52
1.84 2.94 4.46 2.4
1.84 3.26 4.2 2.46
1.8 3.26 4.24 2.5
1.92 3.3 4.02 2.32
1.88 2.9 4.3 2.2
1.92 3.16 4.42 2.58
1.7 2.96 4.44 2.4
1.8 3.2 4.18 2.38
1.78 3.12 4.48 2.6
1.84 3.3 4.26 2.56
1.86 3.16 4.32 2.48
1.86 3.4 4.14 2.54
1.78 3.1 4.42 2.52
1.84 3.6 3.9 2.5
1.76 3.0 4.32 2.32
1.9 3.3 4.22 2.52
1.8 3.02 4.56 2.58
1.78 3.2 4.24 2.44
1.74 3.18 4.0 2.18
1.88 2.96 4.6 2.56
1.84 3.38 4.18 2.56
1.84 3.38 3.88 2.26
1.84 2.44 4.9 2.34
1.86 3.32 4.34 2.66
1.84 2.76 4.64 2.4
1.74 3.06 4.32 2.38
1.82 2.94 4.18 2.12
1.76 2.76 4.42 2.18
1.8 3.6 3.78 2.38
1.78 2.54 4.9 2.44
1.84 3.14 4.2 2.34
1.82 2.9 4.48 2.38
1.82 3.2 4.16 2.36
1.86 3.12 4.44 2.56
1.8 2.96 4.3 2.26
1.78 2.8 4.6 2.4
1.9 3.18 3.96 2.14
1.84 3.02 4.52 2.54
1.82 2.66 4.76 2.42
1.84 3.22 4.46 2.68
1.84 3.32 3.98 2.3
1.94 3.26 4.1 2.36
1.82 3.2 4.22 2.42
1.76 2.74 4.62 2.36
1.8 3.3 4.26 2.56
1.84 3.18 4.26 2.44
1.76 2.54 4.56 2.1
1.8 2.94 4.44 2.38
1.84 2.96 4.42 2.38
1.76 2.82 4.38 2.2
1.82 2.64 4.7 2.34
1.88 2.86 4.18 2.04
1.9 3.28 4.28 2.56
1.88 3.6 4.02 2.62
1.78 3.02 4.22 2.24
1.78 3.08 4.38 2.46
1.74 2.6 4.7 2.3
1.74 2.98 4.22 2.2
1.86 2.68 4.82 2.5
1.92 3.32 4.12 2.44
1.82 2.88 4.72 2.6
1.82 2.98 4.56 2.54
1.84 3.02 4.3 2.32
1.88 2.96 4.42 2.38
1.86 2.62 4.58 2.2
1.84 3.3 4.06 2.36
1.82 2.9 4.6 2.5
1.84 2.96 4.38 2.34
1.88 2.78 4.34 2.12
1.78 2.5 4.78 2.28
1.74 2.86 4.48 2.34
1.82 3.3 4.34 2.64
1.92 3.4 4.12 2.52
1.82 3.18 4.36 2.54
1.84 3.14 4.34 2.48
1.78 2.76 4.68 2.44
1.9 3.38 3.98 2.36
1.92 3.44 4.08 2.52
1.84 3.5 4.14 2.64
1.78 2.66 4.62 2.28
1.9 3.0 4.12 2.12
1.88 3.24 4.2 2.44
1.8 2.88 4.48 2.36
1.84 2.68 4.62 2.3
1.82 3.22 4.28 2.5
1.74 2.24 5.06 2.3
1.84 3.18 4.1 2.28
1.84 3.2 4.22 2.42
1.84 3.22 4.14 2.36
1.84 2.66 4.7 2.36
1.88 2.98 4.62 2.6
1.82 3.18 4.24 2.42
1.7 2.74 4.96 2.7
1.8 3.46 4.18 2.64
1.86 3.52 4.06 2.58
1.82 3.12 4.3 2.42
1.88 3.06 4.14 2.2
1.8 3.52 4.18 2.7
1.86 2.96 4.28 2.24
1.64 2.44 4.72 2.16
1.88 3.04 4.34 2.38
1.82 3.14 4.18 2.32
1.9 2.62 4.82 2.44
1.84 3.4 3.96 2.36
1.78 2.92 4.66 2.58
1.92 3.04 4.32 2.36
1.78 3.46 4.34 2.8
1.82 3.28 4.16 2.44
1.76 3.3 4.36 2.66
1.86 3.06 4.16 2.22
1.74 2.94 4.32 2.26
1.92 3.08 4.02 2.1
1.86 3.4 3.92 2.32
1.86 3.26 4.22 2.48
1.8 3.34 4.3 2.64
1.78 3.0 4.58 2.58
1.84 2.9 4.4 2.3
1.8 2.84 4.52 2.36
1.78 2.96 4.48 2.44
1.82 3.3 4.1 2.4
1.74 2.38 4.82 2.2
1.84 3.24 4.32 2.56
1.84 3.46 4.16 2.62
1.86 3.3 4.08 2.38
1.88 3.44 3.94 2.38
1.84 2.98 4.44 2.42
1.78 2.94 4.28 2.22
1.84 2.62 4.74 2.36
1.74 3.2 4.28 2.48
1.84 3.46 4.12 2.58
1.8 3.16 4.06 2.22
1.86 3.02 4.36 2.38
1.82 3.32 3.94 2.26
1.92 3.48 4.0 2.48
1.84 3.24 4.36 2.6
1.9 3.18 4.08 2.26
1.84 2.86 4.86 2.72
1.82 2.72 4.48 2.2
1.9 3.36 4.1 2.46
1.96 3.74 3.84 2.58
1.88 3.1 4.16 2.26
1.76 2.62 4.84 2.46
1.8 3.22 3.92 2.14
1.84 3.42 4.24 2.66
1.84 3.16 4.28 2.44
1.8 3.04 4.54 2.58
1.8 2.64 4.56 2.2
1.82 2.84 4.38 2.22
1.92 2.94 4.08 2.02
1.86 3.98 3.76 2.74
1.9 3.04 4.3 2.34
1.84 2.92 4.34 2.26
1.82 2.44 4.84 2.28
1.8 3.1 4.22 2.32
1.84 2.94 4.32 2.26
1.88 3.36 4.0 2.36
1.78 2.56 4.72 2.28
1.88 3.26 4.2 2.46
1.9 2.96 4.52 2.48
1.86 2.86 4.42 2.28
1.78 2.88 4.44 2.32
1.82 2.68 4.78 2.46
1.74 2.94 4.68 2.62
1.8 2.9 4.48 2.38
1.8 2.74 4.7 2.44
1.78 3.18 4.46 2.64
1.82 3.32 4.2 2.52
1.88 3.6 3.92 2.52
1.9 2.86 4.44 2.3
1.86 2.82 4.74 2.56
1.78 3.16 4.18 2.34
1.88 3.06 4.36 2.42
1.8 2.84 4.5 2.34
1.84 3.16 4.36 2.52
1.9 2.96 4.24 2.2
1.86 2.9 4.44 2.34
1.72 2.8 4.54 2.34
1.84 3.12 4.12 2.24
1.78 2.86 4.6 2.46
1.82 2.94 4.66 2.6
1.8 2.86 4.44 2.3
1.74 2.68 4.68 2.36
1.86 3.4 4.04 2.44
1.78 2.96 4.48 2.44
1.74 2.68 4.88 2.56
1.84 3.04 4.5 2.54
1.92 2.72 4.34 2.06
1.86 2.56 4.94 2.5
1.86 3.44 4.1 2.54
1.76 2.96 4.4 2.36
1.8 2.84 4.6 2.44
1.76 3.16 4.12 2.28
1.84 3.2 4.24 2.44
1.84 2.72 4.78 2.5
1.82 3.02 4.3 2.32
1.86 3.3 4.24 2.54
1.88 3.12 4.42 2.54
1.88 2.8 4.5 2.3
1.9 3.16 4.2 2.36
1.8 3.26 4.4 2.66
1.94 3.12 4.2 2.32
1.86 3.32 4.14 2.46
1.84 3.18 4.2 2.38
1.86 3.16 4.4 2.56
1.92 3.68 3.88 2.56
1.86 2.94 4.44 2.38
1.78 2.5 4.7 2.2
1.82 3.22 4.42 2.64
1.84 3.22 4.2 2.42
1.92 3.16 4.24 2.4
1.76 2.64 4.74 2.38
1.88 3.46 3.68 2.14
1.9 3.66 3.86 2.52
1.88 2.96 4.26 2.22
1.84 3.06 4.74 2.8
1.82 2.64 4.96 2.6
1.88 3.12 4.08 2.2
1.8 2.92 4.44 2.36
1.8 3.24 4.28 2.52
1.84 3.24 4.22 2.46
1.84 3.24 4.04 2.28
1.76 2.66 4.68 2.34
1.88 3.26 4.08 2.34
1.82 2.96 4.44 2.4
1.76 2.66 5.04 2.7
1.92 2.96 4.1 2.06
1.86 3.06 4.3 2.36
1.84 3.2 4.14 2.34
1.8 3.26 4.46 2.72
1.78 3.4 3.92 2.32
1.86 4.08 3.34 2.42
1.84 3.06 4.38 2.44
1.86 2.8 4.34 2.14
1.86 3.84 3.62 2.46
1.84 3.84 3.64 2.48
1.82 3.16 4.06 2.22
1.8 3.14 4.3 2.44
1.84 3.34 4.0 2.34
1.76 3.06 4.8 2.86
1.86 3.34 4.08 2.42
1.84 3.1 4.08 2.18
1.82 2.9 4.54 2.44
1.76 2.76 4.44 2.2
1.88 3.56 4.06 2.62
1.86 3.26 4.28 2.54
1.92 3.28 4.26 2.54
1.68 2.34 5.02 2.36
1.84 3.34 4.02 2.36
1.9 2.64 4.86 2.5
1.86 3.22 4.46 2.68
1.86 3.3 4.34 2.64
1.9 3.4 3.98 2.38
1.78 2.52 5.1 2.62
1.9 3.24 4.1 2.34
1.92 3.44 4.02 2.46
1.86 3.24 4.0 2.24
1.88 3.42 4.12 2.54
1.8 2.66 4.52 2.18
1.88 2.9 4.5 2.4
1.86 2.86 4.78 2.64
1.86 3.44 3.7 2.14
1.8 3.24 4.16 2.4
1.8 3.06 4.32 2.38
1.8 3.12 4.5 2.62
1.86 3.1 4.42 2.52
1.88 3.24 4.12 2.36
1.82 3.32 4.16 2.48
1.84 2.96 4.46 2.42
1.84 3.04 4.32 2.36
1.86 2.72 4.52 2.24
1.84 3.46 4.2 2.66
1.84 3.16 4.58 2.74
1.9 3.32 4.1 2.42
1.8 2.98 4.22 2.2
1.86 3.38 4.02 2.4
1.9 3.38 3.9 2.28
1.82 2.9 4.58 2.48
1.8 2.76 4.74 2.5
1.82 3.14 4.26 2.4
1.82 3.0 4.48 2.48
1.84 3.44 4.1 2.54
1.8 2.78 4.74 2.52
1.84 3.64 4.14 2.78
1.82 3.58 3.88 2.46
1.84 3.0 4.22 2.22
1.8 2.96 4.32 2.28
1.84 3.16 4.46 2.62
1.86 3.52 4.04 2.56
1.82 3.2 4.28 2.48
1.84 3.2 4.38 2.58
1.88 3.14 3.98 2.12
1.8 3.26 4.24 2.5
1.84 4.02 3.8 2.82
1.82 2.94 4.44 2.38
1.8 2.84 4.62 2.46
1.76 2.88 4.46 2.34
1.76 2.98 4.32 2.3
1.92 3.2 4.18 2.38
1.78 2.78 4.6 2.38
1.94 2.98 4.34 2.32
1.8 2.6 4.72 2.32
1.76 2.62 4.86 2.48
1.8 3.12 4.34 2.46
1.82 3.0 4.46 2.46
1.8 3.3 4.26 2.56
1.92 3.48 4.04 2.52
1.82 3.08 4.38 2.46
1.86 3.2 4.3 2.5
1.84 3.36 4.12 2.48
1.78 2.9 4.36 2.26
1.82 3.1 4.2 2.3
1.88 3.22 4.22 2.44
1.82 3.28 4.18 2.46
1.88 3.22 4.28 2.5
1.84 3.1 4.32 2.42
1.88 3.26 3.96 2.22
1.86 2.8 4.52 2.32
1.86 3.28 4.08 2.36
1.82 3.04 4.34 2.38
1.86 3.14 4.38 2.52
1.9 3.7 4.04 2.74
1.86 3.34 4.18 2.52
1.82 2.98 4.38 2.36
1.84 3.14 4.0 2.14
1.94 3.66 3.96 2.62
1.86 2.74 4.6 2.34
1.88 3.28 4.08 2.36
1.82 3.08 4.16 2.24
1.84 3.24 4.32 2.56
1.82 3.28 4.12 2.4
1.9 3.52 4.1 2.62
1.84 3.28 4.06 2.34
1.86 2.98 4.1 2.08
1.8 3.34 4.06 2.4
1.9 3.1 4.18 2.28
1.88 3.32 4.22 2.54
1.88 2.86 4.3 2.16
1.84 3.36 3.98 2.34
1.78 3.12 4.1 2.22
1.9 3.36 4.08 2.44
1.86 2.94 4.32 2.26
1.9 3.3 4.02 2.32
1.72 2.68 4.6 2.28
1.82 3.54 3.8 2.34
1.78 2.8 4.6 2.4
1.84 3.08 4.58 2.66
1.92 3.04 4.3 2.34
1.86 3.46 4.2 2.66
1.76 3.0 4.46 2.46
1.84 3.22 4.14 2.36
1.78 3.16 4.54 2.7
1.82 3.02 4.58 2.6
1.74 2.98 4.56 2.54
1.78 2.72 4.4 2.12
1.82 3.08 4.28 2.36
1.9 2.88 4.3 2.18
1.82 2.84 4.3 2.14
1.94 3.5 3.82 2.32
1.84 3.12 4.26 2.38
1.8 3.44 3.72 2.16
1.8 3.0 4.32 2.32
1.82 3.3 4.16 2.46
1.84 3.3 4.22 2.52
1.68 2.86 4.78 2.64
1.92 3.0 4.22 2.22
1.78 3.34 4.38 2.72
1.8 3.06 4.42 2.48
1.78 2.82 4.4 2.22
1.82 3.3 3.94 2.24
1.82 2.92 4.38 2.3
1.82 3.3 4.16 2.46
1.88 3.6 3.8 2.4
1.88 3.18 4.38 2.56
1.8 3.32 4.16 2.48
1.8 3.1 4.32 2.42
1.78 2.62 4.72 2.34
1.9 3.38 4.18 2.56
1.82 3.18 4.34 2.52
1.88 3.14 4.36 2.5
1.7 2.88 4.32 2.2
1.86 2.96 4.3 2.26
1.74 2.8 4.88 2.68
1.8 3.12 4.52 2.64
1.8 3.52 4.12 2.64
1.84 2.98 4.44 2.42
1.82 3.18 4.16 2.34
1.86 2.88 4.74 2.62
1.72 2.58 4.88 2.46
1.82 3.16 4.5 2.66
1.86 2.62 4.7 2.32
1.84 3.06 4.18 2.24
1.92 3.14 4.22 2.36
1.9 3.92 3.56 2.48
1.86 2.9 4.4 2.3
1.78 2.6 4.66 2.26
1.8 2.78 4.72 2.5
1.82 2.92 4.46 2.38
1.8 3.34 4.1 2.44
1.86 3.36 4.26 2.62
1.8 2.82 4.36 2.18
1.86 2.8 4.5 2.3
1.84 2.54 4.74 2.28
1.72 3.22 4.28 2.5
1.82 2.94 4.56 2.5
1.74 2.66 4.74 2.4
1.82 3.02 4.4 2.42
1.78 3.14 4.42 2.56
1.76 2.62 4.72 2.34
1.84 2.96 4.36 2.32
1.92 2.88 4.6 2.48
1.9 3.32 4.2 2.52
1.78 2.9 4.64 2.54
1.82 3.06 4.34 2.4
1.78 2.94 4.68 2.62
1.8 3.0 4.12 2.12
1.9 3.54 3.96 2.5
1.84 2.52 4.68 2.2
1.84 3.66 3.98 2.64
1.86 3.18 4.18 2.36
1.84 3.52 4.18 2.7
1.84 3.08 4.22 2.3
1.88 3.0 4.28 2.28
1.88 3.46 3.84 2.3
1.8 2.84 4.54 2.38
1.9 3.1 4.1 2.2
1.82 2.72 4.74 2.46
1.84 3.56 3.96 2.52
1.88 3.34 4.24 2.58
1.88 3.56 3.92 2.48
1.76 3.38 4.2 2.58
1.78 3.14 4.36 2.5
1.76 3.36 4.3 2.66
1.82 3.3 4.08 2.38
1.86 3.02 4.34 2.36
1.84 3.0 4.52 2.52
1.82 3.28 4.2 2.48
1.86 2.98 4.38 2.36
1.78 2.98 4.54 2.52
1.86 3.24 4.04 2.28
1.8 2.88 4.48 2.36
1.86 2.78 4.64 2.42
1.8 2.76 4.66 2.42
1.84 3.26 3.92 2.18
1.82 2.84 4.56 2.4
1.88 3.46 4.3 2.76
1.8 3.22 4.42 2.64
1.86 3.18 4.4 2.58
1.86 3.12 4.12 2.24
1.8 3.38 4.26 2.64
1.84 2.9 4.62 2.52
1.84 3.46 3.88 2.34
1.88 3.06 4.44 2.5
1.82 3.4 3.9 2.3
1.78 2.52 4.96 2.48
1.94 3.34 4.26 2.6
1.88 3.16 4.22 2.38
1.8 3.14 4.3 2.44
1.76 2.68 4.82 2.5
1.86 3.46 3.86 2.32
1.84 2.76 4.56 2.32
1.78 2.82 4.84 2.66
1.86 3.14 4.58 2.72
1.8 3.6 4.04 2.64
1.92 2.86 4.52 2.38
1.86 2.96 4.4 2.36
1.88 2.92 4.1 2.02
1.78 2.74 4.62 2.36
1.78 2.8 4.6 2.4
1.88 3.24 4.18 2.42
1.72 2.94 4.6 2.54
1.86 3.58 3.94 2.52
1.88 3.16 4.52 2.68
1.84 3.12 4.28 2.4
1.82 3.28 4.2 2.48
1.9 3.5 4.12 2.62
1.8 2.84 4.68 2.52
1.84 3.34 4.28 2.62
1.82 3.08 4.32 2.4
1.78 2.86 4.52 2.38
1.78 3.14 4.16 2.3
1.86 2.92 4.4 2.32
1.8 2.94 4.56 2.5
1.9 2.94 4.54 2.48
1.72 2.76 4.68 2.44
1.7 2.7 4.66 2.36
1.8 2.92 4.5 2.42
1.8 2.74 4.46 2.2
1.78 2.68 4.86 2.54
1.82 3.02 4.32 2.34
1.84 2.82 4.64 2.46
1.78 2.9 4.44 2.34
1.84 3.36 4.18 2.54
1.8 2.52 4.68 2.2
1.9 3.12 4.04 2.16
1.92 3.4 4.0 2.4
1.84 2.88 4.4 2.28
1.86 3.22 4.28 2.5
1.9 3.26 4.4 2.66
1.82 3.16 4.06 2.22
1.92 3.38 4.24 2.62
1.7 2.66 4.82 2.48
1.88 3.36 4.06 2.42
1.88 3.08 4.04 2.12
1.8 3.28 4.24 2.52
1.82 2.94 4.54 2.48
1.76 2.62 4.46 2.08
1.92 3.38 4.24 2.62
1.84 3.12 4.26 2.38
1.88 3.24 4.38 2.62
1.82 2.68 4.74 2.42
1.88 3.16 4.24 2.4
1.84 2.94 4.28 2.22
1.88 3.26 4.24 2.5
1.9 2.98 4.54 2.52
1.84 3.52 3.86 2.38
1.84 3.72 3.74 2.46
1.88 2.68 4.38 2.06
1.8 3.14 4.38 2.52
1.74 2.7 4.78 2.48
1.8 2.68 4.74 2.42
1.84 3.14 3.98 2.12
1.8 2.58 4.82 2.4
1.88 3.2 4.22 2.42
1.9 2.5 4.58 2.08
1.78 3.08 4.24 2.32
1.84 3.04 4.54 2.58
1.9 3.12 4.12 2.24
1.84 3.24 4.08 2.32
1.86 3.46 4.06 2.52
1.8 3.64 3.88 2.52
1.8 2.48 4.9 2.38
1.78 3.04 4.48 2.52
1.92 3.2 3.86 2.06
1.88 3.04 4.36 2.4
1.84 3.02 4.38 2.4
1.8 2.62 4.78 2.4
1.84 2.92 4.46 2.38
1.76 3.02 4.36 2.38
1.82 2.84 4.7 2.54
1.84 3.64 3.84 2.48
1.66 2.22 5.3 2.52
1.82 2.76 4.46 2.22
1.86 3.0 4.48 2.48
1.86 2.64 4.66 2.3
1.88 3.26 4.0 2.26
1.88 3.0 4.56 2.56
1.82 2.92 4.12 2.04
1.88 3.34 4.0 2.34
1.88 2.94 4.48 2.42
1.9 3.06 4.16 2.22
1.86 2.94 4.44 2.38
1.86 3.5 3.88 2.38
1.8 3.22 4.38 2.6
1.7 2.5 4.92 2.42
1.86 3.28 4.26 2.54
1.88 2.74 4.62 2.36
1.86 3.16 4.16 2.32
1.84 3.56 3.92 2.48
1.82 3.54 4.04 2.58
1.76 2.86 4.32 2.18
1.88 3.16 4.26 2.42
1.86 3.22 4.1 2.32
1.84 2.92 4.3 2.22
1.82 3.04 4.36 2.4
1.94 3.62 4.18 2.8
1.9 3.6 4.0 2.6
1.88 3.5 3.8 2.3
1.82 2.82 4.64 2.46
1.82 3.2 4.16 2.36
1.8 3.28 4.16 2.44
1.9 3.66 3.9 2.56
1.86 3.28 4.18 2.46
1.86 2.96 4.2 2.16
1.86 2.82 4.26 2.08
1.82 2.82 4.48 2.3
1.78 2.58 4.96 2.54
1.78 2.64 4.56 2.2
1.9 3.4 4.0 2.4
1.88 3.26 4.18 2.44
1.86 2.74 4.72 2.46
1.92 2.92 4.38 2.3
1.9 3.36 4.24 2.6
1.82 2.92 4.36 2.28
1.88 3.08 4.32 2.4
1.88 2.94 4.3 2.24
1.88 3.24 4.2 2.44
1.86 3.68 3.92 2.6
1.82 2.92 4.44 2.36
1.86 3.34 4.2 2.54
1.82 3.14 4.34 2.48
1.84 2.8 4.36 2.16
1.88 3.12 4.34 2.46
1.86 2.7 4.78 2.48
1.74 3.04 4.56 2.6
1.86 2.98 4.34 2.32
1.94 3.62 3.78 2.4
1.86 3.68 3.76 2.44
1.8 3.22 4.34 2.56
1.84 3.1 4.1 2.2
1.84 3.08 4.6 2.68
1.78 3.08 4.52 2.6
1.76 3.22 4.3 2.52
1.86 2.98 4.24 2.22
1.8 2.98 4.6 2.58
1.8 2.92 4.38 2.3
1.78 3.04 4.4 2.44
1.88 2.78 4.48 2.26
1.88 3.02 4.36 2.38
1.92 4.02 3.76 2.78
1.9 3.52 3.8 2.32
1.76 2.82 4.68 2.5
1.88 3.36 4.02 2.38
1.82 2.82 4.38 2.2
1.76 3.08 4.5 2.58
1.8 2.82 4.56 2.38
1.76 2.9 4.68 2.58
1.9 3.74 3.64 2.38
1.94 3.48 4.04 2.52
1.86 3.68 3.74 2.42
1.82 3.14 4.44 2.58
1.82 3.16 4.2 2.36
1.78 3.08 4.5 2.58
1.9 3.68 3.82 2.5
1.78 2.98 4.48 2.46
1.76 2.64 4.68 2.32
1.72 2.76 4.54 2.3
1.8 2.8 4.56 2.36
1.84 2.82 4.42 2.24
1.84 3.24 4.16 2.4
1.82 2.94 4.3 2.24
1.92 3.22 4.18 2.4
1.86 3.64 3.7 2.34
1.86 3.36 4.1 2.46
1.8 2.86 4.34 2.2
1.84 3.28 3.94 2.22
1.84 2.9 4.42 2.32
1.74 3.06 4.4 2.46
1.8 3.28 4.38 2.66
1.88 3.34 4.16 2.5
1.9 3.16 4.06 2.22
1.96 3.62 4.0 2.62
1.78 2.98 4.4 2.38
1.82 3.0 4.52 2.52
1.92 3.56 4.06 2.62
1.94 3.14 4.24 2.38
1.8 3.2 4.34 2.54
1.84 3.12 4.32 2.44
1.84 2.48 4.74 2.22
1.82 2.8 4.68 2.48
1.88 3.74 3.82 2.56
1.88 2.74 4.52 2.26
1.82 3.1 4.46 2.56
1.84 3.42 4.04 2.46
1.82 2.88 4.5 2.38
1.84 3.22 4.1 2.32
1.82 2.74 4.74 2.48
1.88 2.98 4.42 2.4
1.84 3.2 4.42 2.62
1.82 3.08 4.1 2.18
1.92 2.94 4.5 2.44
1.82 2.74 4.52 2.26
1.76 2.88 4.84 2.72
1.84 3.06 4.3 2.36
1.9 2.56 4.84 2.4
1.88 3.62 3.88 2.5
1.78 2.92 4.52 2.44
1.86 3.3 4.4 2.7
1.88 3.34 3.9 2.24
1.84 3.78 3.64 2.42
1.8 2.64 4.84 2.48
1.76 2.86 4.6 2.46
1.82 3.22 4.18 2.4
1.92 3.36 4.26 2.62
1.82 3.18 4.2 2.38
1.8 2.68 4.66 2.34
1.88 3.3 4.2 2.5
1.86 3.44 3.98 2.42
1.84 3.04 4.34 2.38
1.84 3.46 3.78 2.24
1.84 2.92 4.7 2.62
1.84 3.5 4.24 2.74
1.72 3.18 4.22 2.4
1.82 2.78 4.46 2.24
1.8 2.84 4.46 2.3
1.78 2.98 4.58 2.56
1.9 3.36 3.78 2.14
1.86 3.06 4.42 2.48
1.78 2.92 4.6 2.52
1.86 3.06 4.3 2.36
1.84 3.14 3.94 2.08
1.88 3.36 4.34 2.7
1.82 2.9 4.72 2.62
1.78 2.74 4.5 2.24
1.84 2.98 4.3 2.28
1.74 2.98 4.44 2.42
1.84 3.46 4.08 2.54
1.74 2.84 4.56 2.4
1.74 3.04 4.46 2.5
1.8 3.46 4.08 2.54
1.88 3.4 3.94 2.34
1.8 2.92 4.46 2.38
1.82 2.84 4.64 2.48
1.78 2.78 4.72 2.5
1.92 2.56 4.62 2.18
1.9 2.88 4.62 2.5
1.96 3.6 3.72 2.32
1.82 2.82 4.64 2.46
1.86 3.0 4.22 2.22
1.82 2.58 4.56 2.14
1.88 3.16 4.42 2.58
1.86 3.36 4.24 2.6
1.88 3.6 3.88 2.48
1.76 3.1 4.34 2.44
1.8 2.96 4.46 2.42
1.84 3.18 4.02 2.2
1.78 2.5 4.92 2.42
1.88 3.36 4.06 2.42
1.84 3.24 4.26 2.5
1.86 2.98 4.32 2.3
1.74 2.5 4.64 2.14
1.82 2.76 4.78 2.54
1.86 3.38 3.94 2.32
1.82 2.94 4.38 2.32
1.88 3.36 4.22 2.58
1.8 2.78 4.62 2.4
1.76 3.14 4.36 2.5
1.82 3.3 4.14 2.44
1.84 3.12 4.26 2.38
1.8 3.32 4.36 2.68
1.8 3.42 3.98 2.4
1.82 2.98 4.64 2.62
1.8 2.8 4.52 2.32
1.72 2.54 4.94 2.48
1.8 2.78 4.64 2.42
1.84 3.2 4.1 2.3
1.82 3.3 4.16 2.46
1.76 2.72 4.64 2.36
1.76 2.7 4.8 2.5
1.8 2.6 4.72 2.32
1.84 3.02 4.42 2.44
1.84 3.4 4.02 2.42
1.76 2.72 4.72 2.44
1.92 3.46 4.2 2.66
1.78 3.06 4.38 2.44
1.86 3.1 4.32 2.42
1.88 3.12 4.4 2.52
1.78 3.26 4.46 2.72
1.76 2.92 4.32 2.24
1.88 2.74 4.56 2.3
1.76 2.82 4.62 2.44
1.9 3.58 4.08 2.66
1.86 3.4 3.98 2.38
1.8 2.7 4.7 2.4
1.8 2.94 4.52 2.46
1.9 3.46 4.04 2.5
1.82 2.94 4.4 2.34
1.78 3.1 4.46 2.56
1.88 3.5 3.98 2.48
1.74 2.96 4.4 2.36
1.74 2.74 4.7 2.44
1.86 3.36 3.94 2.3
1.84 3.24 4.46 2.7
1.86 2.94 4.34 2.28
1.7 2.66 4.84 2.5
1.86 3.32 4.0 2.32
1.76 3.28 4.4 2.68
1.84 2.84 4.54 2.38
1.84 2.94 4.46 2.4
1.92 3.58 3.92 2.5
1.8 2.9 4.4 2.3
1.86 3.02 4.24 2.26
1.86 3.48 4.08 2.56
1.8 2.7 4.4 2.1
1.82 2.66 4.76 2.42
1.88 2.88 4.22 2.1
1.86 3.18 4.12 2.3
1.84 3.24 4.06 2.3
1.86 3.02 4.4 2.42
1.82 3.1 4.38 2.48
1.82 3.26 4.12 2.38
1.74 2.72 4.66 2.38
1.8 2.76 4.5 2.26
1.84 3.26 4.38 2.64
1.76 2.78 4.8 2.58
1.82 3.0 4.46 2.46
1.82 3.22 4.26 2.48
1.88 3.56 3.94 2.5
1.86 2.86 4.52 2.38
1.8 2.94 4.24 2.18
1.84 3.5 4.14 2.64
1.88 3.06 4.32 2.38
1.82 3.16 4.42 2.58
1.9 3.08 4.26 2.34
1.78 2.74 4.72 2.46
1.8 2.96 4.4 2.36
1.74 3.14 4.24 2.38
1.8 3.22 4.38 2.6
1.82 3.18 4.2 2.38
1.9 3.0 4.22 2.22
1.84 2.72 4.6 2.32
1.88 2.9 4.62 2.52
1.96 3.42 3.96 2.38
1.82 2.74 4.48 2.22
1.78 2.8 4.74 2.54
1.9 3.3 4.04 2.34
1.7 2.68 4.66 2.34
1.94 3.12 4.16 2.28
1.84 3.3 4.12 2.42
1.84 3.3 4.1 2.4
1.88 2.84 4.54 2.38
1.78 2.98 4.26 2.24
1.78 3.3 4.2 2.5
1.78 3.08 4.48 2.56
1.86 3.46 4.14 2.6
1.84 3.0 4.28 2.28
1.9 3.44 3.9 2.34
1.84 3.22 4.44 2.66
1.82 2.74 4.7 2.44
1.8 2.62 4.84 2.46
1.88 3.26 4.1 2.36
1.9 3.14 4.16 2.3
1.78 3.1 4.24 2.34
1.86 3.22 4.02 2.24
1.8 2.84 4.66 2.5
1.82 3.62 4.04 2.66
1.84 3.26 4.08 2.34
1.9 3.52 3.88 2.4
1.84 3.6 3.86 2.46
1.82 3.44 4.2 2.64
1.8 3.06 4.18 2.24
1.86 3.24 4.1 2.34
1.8 3.14 4.18 2.32
1.9 2.94 4.44 2.38
1.88 3.34 4.14 2.48
1.72 2.76 4.76 2.52
1.8 3.08 4.22 2.3
1.82 2.52 4.52 2.04
1.86 3.0 4.3 2.3
1.82 3.36 4.1 2.46
1.82 3.16 4.32 2.48
1.84 2.64 4.68 2.32
1.86 3.64 3.92 2.56
1.78 2.94 4.6 2.54
1.76 3.08 4.52 2.6
1.88 3.36 3.8 2.16
1.86 3.38 4.02 2.4
1.84 3.42 4.1 2.52
1.8 3.3 4.08 2.38
1.82 2.76 4.56 2.32
1.74 2.48 4.98 2.46
1.82 2.38 4.96 2.34
1.76 2.54 4.96 2.5
1.8 2.92 4.14 2.06
1.88 3.42 4.1 2.52
1.84 3.76 3.72 2.48
1.9 3.62 3.7 2.32
1.9 3.24 4.22 2.46
1.8 2.94 4.58 2.52
1.86 3.38 4.04 2.42
1.88 3.06 4.28 2.34
1.92 2.62 4.84 2.46
1.84 3.22 4.34 2.56
1.78 3.34 4.46 2.8
1.82 3.06 4.24 2.3
1.86 3.2 4.22 2.42
1.82 3.1 4.34 2.44
1.82 2.9 4.22 2.12
1.8 3.4 4.22 2.62
1.86 3.0 4.28 2.28
1.86 2.94 4.46 2.4
1.82 3.26 3.94 2.2
1.86 2.96 4.2 2.16
1.82 3.28 4.6 2.88
1.86 3.18 4.2 2.38
1.82 3.72 3.86 2.58
1.88 3.26 4.38 2.64
1.94 3.92 3.62 2.54
1.74 2.6 4.94 2.54
1.86 3.18 4.36 2.54
1.88 2.84 4.84 2.68
1.76 2.56 4.54 2.1
1.8 2.84 4.36 2.2
1.86 2.6 4.68 2.28
1.78 2.78 4.42 2.2
1.82 3.0 4.16 2.16
1.76 2.96 4.42 2.38
1.86 2.88 4.5 2.38
1.86 3.06 4.3 2.36
1.84 2.86 4.66 2.52
1.92 3.26 4.3 2.56
1.9 3.22 4.06 2.28
1.84 3.48 3.76 2.24
1.82 2.88 4.14 2.02
1.72 3.06 4.18 2.24
1.88 3.08 4.34 2.42
1.88 3.08 4.3 2.38
1.84 3.12 4.18 2.3
1.9 3.42 3.98 2.4
1.8 3.12 4.2 2.32
1.8 3.24 4.18 2.42
1.84 3.3 3.98 2.28
1.74 2.72 4.8 2.52
1.8 3.22 4.42 2.64
1.86 2.84 4.48 2.32
1.86 3.58 4.04 2.62
1.84 3.14 4.3 2.44
1.8 2.46 4.8 2.26
1.86 3.3 4.24 2.54
1.8 3.6 3.98 2.58
1.86 2.96 4.3 2.26
1.74 2.92 4.46 2.38
1.88 3.1 4.52 2.62
1.74 2.82 4.74 2.56
1.82 2.92 4.42 2.34
1.78 3.24 4.2 2.44
1.8 3.18 4.28 2.46
1.86 2.78 4.42 2.2
1.78 2.76 4.66 2.42
1.84 3.18 4.26 2.44
1.84 3.04 4.24 2.28
1.8 2.44 5.0 2.44
1.8 3.1 4.68 2.78
1.78 3.4 4.16 2.56
1.72 2.98 4.58 2.56
1.84 3.06 4.28 2.34
1.76 2.4 4.84 2.24
1.88 3.34 4.2 2.54
1.86 2.88 4.7 2.58
1.86 2.92 4.6 2.52
1.8 2.92 4.64 2.56
1.84 3.06 4.44 2.5
1.82 2.7 4.6 2.3
1.86 3.08 4.04 2.12
1.9 2.88 4.6 2.48
1.86 3.22 4.22 2.44
1.86 3.28 4.28 2.56
1.76 2.94 4.38 2.32
1.82 3.02 4.42 2.44
1.88 3.38 4.18 2.56
1.78 3.08 4.46 2.54
1.76 2.9 4.68 2.58
1.82 2.96 4.7 2.66
1.8 3.08 4.26 2.34
1.82 2.88 4.2 2.08
1.84 3.14 4.56 2.7
1.82 3.14 4.2 2.34
1.78 3.58 3.78 2.36
1.82 2.94 4.4 2.34
1.84 3.24 4.44 2.68
1.86 3.1 4.3 2.4
1.86 3.22 4.4 2.62
1.82 2.8 4.78 2.58
1.94 3.48 3.82 2.3
1.78 3.1 4.46 2.56
1.84 3.38 4.26 2.64
1.84 3.1 4.42 2.52
1.9 2.96 4.58 2.54
1.9 3.04 4.34 2.38
1.8 2.56 4.86 2.42
1.82 2.54 4.76 2.3
1.78 3.28 4.14 2.42
1.88 3.26 4.26 2.52
1.84 2.22 4.88 2.1
1.88 3.38 4.08 2.46
1.76 2.74 4.62 2.36
1.84 2.94 4.4 2.34
1.84 2.76 4.48 2.24
1.88 3.34 4.12 2.46
1.8 3.28 4.34 2.62
1.8 2.92 4.62 2.54
1.74 2.92 4.48 2.4
1.82 3.04 4.3 2.34
1.84 2.88 4.5 2.38
1.78 3.16 4.42 2.58
1.84 3.12 4.24 2.36
1.74 3.26 4.24 2.5
1.74 2.78 4.72 2.5
1.78 3.24 4.02 2.26
1.88 2.78 4.4 2.18
1.86 2.76 4.48 2.24
1.84 2.82 4.28 2.1
1.78 2.88 4.52 2.4
1.84 3.16 4.1 2.26
1.86 2.92 4.46 2.38
1.92 3.6 3.8 2.4
1.82 2.76 4.6 2.36
1.84 3.28 4.06 2.34
1.86 3.1 4.28 2.38
1.8 3.34 4.24 2.58
1.86 3.12 4.32 2.44
1.86 3.38 3.9 2.28
1.84 2.58 4.76 2.34
1.86 2.94 4.36 2.3
1.78 2.52 4.72 2.24
1.86 3.46 3.92 2.38
1.78 3.28 4.3 2.58
1.88 2.92 4.78 2.7
1.88 2.9 4.34 2.24
1.84 3.34 4.2 2.54
1.86 3.4 4.14 2.54
1.8 3.48 3.98 2.46
1.86 3.38 4.04 2.42
1.88 3.28 4.1 2.38
1.88 2.86 4.38 2.24
1.88 3.26 3.98 2.24
1.82 2.82 4.54 2.36
1.84 2.9 4.32 2.22
1.84 3.02 4.4 2.42
1.86 2.78 4.44 2.22
1.8 3.22 4.48 2.7
1.8 3.1 4.16 2.26
1.8 3.08 4.5 2.58
1.7 2.9 4.82 2.72
1.92 3.48 4.16 2.64
1.76 2.68 4.74 2.42
1.86 3.26 4.42 2.68
1.82 3.2 4.2 2.4
1.88 3.1 4.38 2.48
1.68 2.96 4.2 2.16
1.88 3.32 4.04 2.36
1.82 3.08 4.32 2.4
1.78 3.1 4.26 2.36
1.84 3.3 4.22 2.52
1.8 2.9 4.48 2.38
1.8 3.14 4.44 2.58
1.9 3.44 4.26 2.7
1.84 2.88 4.2 2.08
1.76 2.88 4.82 2.7
1.86 3.38 3.88 2.26
1.8 3.08 4.18 2.26
1.84 3.24 4.16 2.4
1.78 2.88 4.66 2.54
1.84 2.88 4.48 2.36
1.92 3.3 4.12 2.42
1.84 3.4 4.0 2.4
1.8 3.36 4.14 2.5
1.84 3.32 4.14 2.46
1.88 3.16 4.28 2.44
1.82 3.42 4.42 2.84
1.84 3.12 4.16 2.28
1.86 3.26 4.18 2.44
1.94 3.2 4.16 2.36
1.84 2.96 4.4 2.36
1.86 3.26 4.08 2.34
1.92 3.14 4.18 2.32
1.84 3.34 4.42 2.76
1.82 3.24 4.34 2.58
1.8 3.04 4.42 2.46
1.8 3.28 4.22 2.5
1.78 2.8 4.5 2.3
1.78 2.72 4.84 2.56
1.84 3.08 4.38 2.46
1.88 2.88 3.92 1.8
1.8 3.0 4.48 2.48
1.84 2.8 4.66 2.46
1.94 2.98 4.46 2.44
1.78 3.16 4.38 2.54
1.8 3.02 4.48 2.5
1.84 3.2 4.18 2.38
1.68 2.88 4.68 2.56
1.86 3.2 4.42 2.62
1.88 3.2 4.06 2.26
1.86 3.06 4.38 2.44
1.84 3.1 4.22 2.32
1.94 2.96 4.58 2.54
1.88 3.66 3.5 2.16
1.84 3.28 4.24 2.52
1.86 3.22 4.18 2.4
1.78 3.32 4.2 2.52
1.72 2.46 5.0 2.46
1.8 2.84 4.68 2.52
1.84 3.14 4.3 2.44
1.9 3.2 4.02 2.22
1.78 2.86 4.42 2.28
1.84 2.74 4.36 2.1
1.72 2.48 4.98 2.46
1.8 2.8 4.24 2.04
1.78 2.72 4.72 2.44
1.86 3.12 4.26 2.38
1.78 2.92 4.14 2.06
1.86 2.76 4.76 2.52
1.88 3.3 4.3 2.6
1.84 3.32 4.3 2.62
1.86 2.8 4.44 2.24
1.94 3.62 3.88 2.5
1.72 2.42 4.92 2.34
1.84 3.2 4.28 2.48
1.9 3.42 3.94 2.36
1.8 2.98 4.56 2.54
1.86 3.04 4.22 2.26
1.9 3.7 4.1 2.8
1.78 3.02 4.5 2.52
1.74 2.64 4.86 2.5
1.72 2.9 4.62 2.52
1.84 2.72 4.48 2.2
1.82 3.1 4.58 2.68
1.74 2.66 4.52 2.18
1.88 2.62 4.76 2.38
1.92 3.66 3.88 2.54
1.82 3.24 4.3 2.54
1.84 2.68 4.62 2.3
1.78 2.9 4.46 2.36
1.84 2.8 4.58 2.38
1.72 2.66 4.76 2.42
1.86 3.16 4.26 2.42
1.78 2.98 4.72 2.7
1.88 2.96 4.44 2.4
1.8 3.12 4.36 2.48
1.74 3.02 4.3 2.32
1.8 2.82 4.36 2.18
1.82 3.38 4.28 2.66
1.82 2.66 4.64 2.3
1.88 3.14 4.4 2.54
1.88 3.2 4.08 2.28
1.9 3.12 4.1 2.22
1.94 3.3 4.1 2.4
1.84 2.94 4.4 2.34
1.8 2.52 4.92 2.44
1.76 3.08 4.24 2.32
1.84 2.76 4.64 2.4
1.86 3.02 4.32 2.34
1.86 2.98 4.26 2.24
1.86 3.48 4.04 2.52
1.88 3.14 4.16 2.3
1.82 3.02 4.64 2.66
1.78 3.26 4.22 2.48
1.82 2.34 4.74 2.08
1.88 3.36 4.28 2.64
1.84 3.1 4.16 2.26
1.9 3.5 4.08 2.58
1.9 2.94 4.5 2.44
1.86 3.24 4.06 2.3
1.84 3.18 4.3 2.48
1.8 2.68 4.74 2.42
1.86 3.32 4.2 2.52
1.8 2.86 4.6 2.46
1.82 2.74 4.74 2.48
1.78 3.12 4.02 2.14
1.84 3.4 4.02 2.42
1.86 3.1 4.36 2.46
1.78 3.06 4.28 2.34
1.86 3.4 4.22 2.62
1.74 2.94 4.38 2.32
1.86 3.7 3.92 2.62
1.84 3.36 4.22 2.58
1.8 3.08 4.7 2.78
1.86 3.2 4.14 2.34
1.74 2.6 4.86 2.46
1.72 2.58 4.66 2.24
1.82 2.5 4.92 2.42
1.76 2.56 4.96 2.52
1.72 2.78 4.66 2.44
1.74 3.34 4.1 2.44
1.84 3.06 4.26 2.32
1.76 2.84 4.42 2.26
1.74 2.42 4.92 2.34
1.88 3.12 4.3 2.42
1.76 2.86 4.42 2.28
1.88 2.98 4.44 2.42
1.9 3.24 4.1 2.34
1.84 3.24 4.12 2.36
1.88 3.22 4.14 2.36
1.8 3.0 4.52 2.52
1.9 2.94 4.44 2.38
1.9 3.04 4.14 2.18
1.82 2.98 4.08 2.06
1.88 3.7 3.7 2.4
1.84 2.92 4.62 2.54
1.84 2.78 4.4 2.18
1.88 3.2 4.28 2.48
1.94 4.0 3.72 2.72
1.8 3.34 4.06 2.4
1.8 2.88 4.32 2.2
1.8 2.76 4.6 2.36
1.84 2.96 4.64 2.6
1.8 2.68 4.76 2.44
1.8 3.5 4.26 2.76
1.88 3.42 3.72 2.14
1.82 3.2 4.08 2.28
1.8 2.98 4.4 2.38
1.86 3.18 4.38 2.56
1.74 3.16 4.46 2.62
1.78 2.88 4.7 2.58
1.86 3.26 4.2 2.46
1.84 3.28 4.14 2.42
1.76 2.9 4.44 2.34
1.82 2.7 4.56 2.26
1.82 3.66 3.96 2.62
1.9 3.76 3.66 2.42
1.88 2.94 4.62 2.56
1.84 2.92 4.46 2.38
1.9 3.2 4.2 2.4
1.86 3.54 4.02 2.56
1.62 2.72 4.54 2.26
1.86 2.98 4.54 2.52
1.88 3.12 4.26 2.38
1.8 3.28 4.02 2.3
1.74 3.04 4.42 2.46
1.86 3.1 4.26 2.36
1.72 2.84 4.76 2.6
1.9 3.82 3.58 2.4
1.88 3.1 3.96 2.06
1.9 3.14 4.16 2.3
1.84 2.96 4.42 2.38
1.94 3.14 4.3 2.44
1.88 3.06 4.42 2.48
1.82 3.06 4.24 2.3
1.78 2.9 4.46 2.36
1.86 2.98 4.36 2.34
1.8 3.0 4.56 2.56
1.7 2.26 5.14 2.4
1.82 2.78 4.7 2.48
1.8 3.18 4.28 2.46
1.8 3.1 4.56 2.66
1.92 3.12 4.16 2.28
1.8 3.16 4.1 2.26
1.82 2.86 4.54 2.4
1.88 3.72 3.76 2.48
1.78 2.68 4.68 2.36
1.88 3.2 4.36 2.56
1.8 2.98 4.28 2.26
1.8 2.62 4.8 2.42
1.84 3.26 4.06 2.32
1.84 3.54 4.0 2.54
1.82 3.14 4.3 2.44
1.86 3.04 4.82 2.86
1.82 2.76 4.66 2.42
1.86 2.8 4.4 2.2
1.9 3.16 4.34 2.5
1.86 3.04 4.44 2.48
1.76 3.06 4.44 2.5
1.9 3.1 4.24 2.34
1.82 2.7 5.02 2.72
1.9 3.12 4.2 2.32
1.72 2.82 4.9 2.72
1.9 3.3 4.06 2.36
1.78 3.04 4.6 2.64
1.84 2.72 4.66 2.38
1.84 3.1 4.56 2.66
1.86 3.02 4.58 2.6
1.86 3.46 3.94 2.4
1.94 3.58 3.86 2.44
1.86 3.4 3.86 2.26
1.78 3.12 4.34 2.46
1.86 2.92 4.62 2.54
1.82 2.94 4.46 2.4
1.78 3.02 4.18 2.2
1.84 3.22 4.0 2.22
1.74 2.82 4.6 2.42
1.84 3.04 4.46 2.5
1.78 2.46 4.76 2.22
1.8 3.14 4.52 2.66
1.8 3.26 4.26 2.52
1.82 2.76 4.78 2.54
1.96 3.7 3.78 2.48
1.86 3.2 4.08 2.28
1.8 2.88 4.84 2.72
1.76 3.36 4.12 2.48
1.8 3.16 4.18 2.34
1.78 2.84 4.46 2.3
1.84 3.46 4.22 2.68
1.9 3.4 4.14 2.54
1.82 2.98 4.3 2.28
1.88 3.5 3.74 2.24
1.88 3.1 4.26 2.36
1.8 3.0 4.24 2.24
1.86 3.0 4.1 2.1
1.82 2.72 4.64 2.36
1.8 2.86 4.12 1.98
1.86 2.84 4.68 2.52
1.8 3.68 4.02 2.7
1.88 2.78 4.4 2.18
1.86 3.42 4.0 2.42
1.82 2.86 4.36 2.22
1.9 3.18 4.26 2.44
1.86 3.2 4.4 2.6
1.88 2.76 4.24 2.0
1.76 3.06 4.4 2.46
1.84 3.0 4.46 2.46
1.9 3.32 4.16 2.48
1.76 2.8 4.92 2.72
1.78 2.82 4.62 2.44
1.78 2.8 4.76 2.56
1.86 3.36 3.98 2.34
1.84 3.18 4.28 2.46
1.88 3.16 4.14 2.3
1.92 3.48 4.18 2.66
1.78 2.9 4.52 2.42
1.84 3.06 4.14 2.2
1.88 3.16 4.2 2.36
1.84 3.18 4.48 2.66
1.8 2.96 4.46 2.42
1.86 3.2 4.02 2.22
1.96 3.14 4.04 2.18
1.82 3.48 4.2 2.68
1.8 3.16 4.26 2.42
1.86 2.94 4.54 2.48
1.86 3.04 4.38 2.42
1.88 2.8 4.8 2.6
1.8 3.32 4.22 2.54
1.86 3.36 3.96 2.32
1.8 2.88 4.34 2.22
1.78 3.24 4.1 2.34
1.82 3.24 4.22 2.46
1.86 3.4 3.92 2.32
1.86 2.68 4.38 2.06
1.8 2.72 4.46 2.18
1.82 2.86 4.5 2.36
1.86 3.08 4.32 2.4
1.86 2.8 4.5 2.3
1.76 2.74 4.86 2.6
1.86 3.38 4.06 2.44
1.82 2.84 4.68 2.52
1.84 2.84 4.26 2.1
1.78 3.18 4.38 2.56
1.88 3.12 4.42 2.54
1.8 2.7 4.9 2.6
1.86 3.46 4.04 2.5
1.94 3.58 3.86 2.44
1.9 3.14 4.3 2.44
1.68 2.46 5.08 2.54
1.84 3.06 4.28 2.34
1.8 3.18 4.2 2.38
1.82 3.0 4.48 2.48
1.84 2.74 4.8 2.54
1.8 2.9 4.3 2.2
1.84 3.22 4.28 2.5
1.78 3.06 4.34 2.4
1.82 2.92 4.3 2.22
1.76 3.28 4.32 2.6
1.9 3.54 3.94 2.48
1.86 3.26 4.18 2.44
1.78 3.48 4.18 2.66
1.92 2.92 4.22 2.14
1.78 2.92 4.72 2.64
1.86 2.96 4.76 2.72
1.84 2.92 4.46 2.38
1.84 3.3 4.28 2.58
1.78 2.54 4.84 2.38
1.78 3.04 4.3 2.34
1.86 3.08 4.3 2.38
1.86 3.36 4.12 2.48
1.76 2.8 4.4 2.2
1.86 3.24 4.02 2.26
1.78 3.16 4.44 2.6
1.8 3.06 4.38 2.44
1.84 2.92 4.72 2.64
1.88 4.02 3.64 2.66
1.94 3.04 4.1 2.14
1.82 3.32 4.34 2.66
1.8 3.34 4.26 2.6
1.88 3.12 4.3 2.42
1.78 3.3 4.12 2.42
1.86 3.18 4.4 2.58
1.86 3.06 4.44 2.5
1.88 3.32 4.18 2.5
1.8 3.1 4.16 2.26
1.84 3.3 4.08 2.38
1.8 2.68 4.5 2.18
1.8 3.38 4.06 2.44
1.78 2.92 4.62 2.54
1.72 3.04 4.34 2.38
1.94 3.68 3.7 2.38
1.8 3.16 4.34 2.5
1.94 3.58 4.14 2.72
1.8 2.9 4.46 2.36
1.82 2.96 4.44 2.4
1.84 3.24 4.3 2.54
1.84 3.18 4.08 2.26
1.78 3.06 4.44 2.5
1.9 3.22 4.08 2.3
1.82 2.84 4.42 2.26
1.8 3.12 4.4 2.52
1.86 2.84 4.64 2.48
1.8 2.64 4.92 2.56
1.8 3.18 4.34 2.52
1.86 2.58 4.78 2.36
1.84 3.52 4.1 2.62
1.86 3.32 4.22 2.54
1.7 3.06 4.38 2.44
1.84 3.1 4.26 2.36
1.84 3.7 3.96 2.66
1.84 3.12 4.14 2.26
1.78 3.2 4.16 2.36
1.92 3.3 4.36 2.66
1.82 3.16 4.28 2.44
1.86 3.76 4.02 2.78
1.86 3.68 3.84 2.52
1.84 2.6 4.62 2.22
1.82 2.8 4.72 2.52
1.88 3.38 4.1 2.48
1.8 3.22 4.24 2.46
1.84 2.96 4.3 2.26
1.82 3.08 4.2 2.28
1.8 2.78 4.64 2.42
1.88 3.26 4.2 2.46
1.88 3.5 3.84 2.34
1.86 3.14 4.2 2.34
1.76 2.62 4.5 2.12
1.72 2.42 4.7 2.12
1.88 3.2 3.96 2.16
1.74 2.48 4.7 2.18
1.76 2.72 4.64 2.36
1.76 3.52 4.1 2.62
1.84 3.54 3.94 2.48
1.86 2.84 4.66 2.5
1.88 2.96 4.38 2.34
1.8 2.92 4.54 2.46
1.84 2.88 3.92 1.8
1.86 3.22 4.24 2.46
1.9 3.28 3.98 2.26
1.74 2.72 4.78 2.5
1.92 3.06 4.54 2.6
1.88 3.0 4.16 2.16
1.82 3.28 4.1 2.38
1.8 3.2 4.5 2.7
1.88 3.38 3.98 2.36
1.86 3.46 4.06 2.52
1.82 3.0 4.2 2.2
1.74 2.92 4.3 2.22
1.84 3.02 4.12 2.14
1.84 2.84 4.62 2.46
1.82 2.9 4.56 2.46
1.9 2.7 4.48 2.18
1.82 2.76 4.44 2.2
1.78 2.8 4.48 2.28
1.8 3.28 4.42 2.7
1.86 3.02 4.34 2.36
1.8 3.44 4.26 2.7
1.84 2.64 4.8 2.44
1.84 3.0 4.26 2.26
1.76 2.56 4.68 2.24
1.8 3.24 4.24 2.48
1.88 3.42 4.16 2.58
1.86 3.5 4.2 2.7
1.82 3.58 4.0 2.58
1.92 3.82 3.58 2.4
1.82 3.28 4.06 2.34
1.84 3.56 4.04 2.6
1.88 3.22 4.22 2.44
1.92 3.5 3.96 2.46
1.78 2.8 4.52 2.32
1.8 3.04 4.36 2.4
1.8 3.02 4.06 2.08
1.84 3.42 3.9 2.32
1.8 3.0 4.24 2.24
1.86 3.22 4.16 2.38
1.86 2.6 4.64 2.24
1.9 3.3 4.26 2.56
1.8 3.1 4.2 2.3
1.82 2.6 4.58 2.18
1.78 2.8 4.6 2.4
1.82 2.78 4.44 2.22
1.8 2.82 4.72 2.54
1.78 2.9 4.4 2.3
1.86 2.78 4.6 2.38
1.86 3.38 4.06 2.44
1.86 2.64 4.48 2.12
1.9 2.96 4.38 2.34
1.84 3.66 4.0 2.66
1.88 3.88 3.78 2.66
1.82 3.22 4.34 2.56
1.88 3.36 4.16 2.52
1.82 2.98 4.58 2.56
1.84 2.72 4.58 2.3
1.82 3.46 4.1 2.56
1.78 2.96 4.46 2.42
1.76 2.94 4.52 2.46
1.86 3.22 4.28 2.5
1.8 3.1 3.94 2.04
1.92 3.44 3.98 2.42
1.84 3.48 3.98 2.46
1.72 2.44 5.16 2.6
1.9 3.2 4.12 2.32
1.82 2.7 4.46 2.16
1.82 2.86 4.78 2.64
1.78 3.1 4.3 2.4
1.86 3.3 4.08 2.38
1.86 2.72 4.46 2.18
1.76 3.18 4.12 2.3
1.72 2.76 4.74 2.5
1.9 3.36 4.06 2.42
1.9 3.12 4.32 2.44
1.76 2.98 4.2 2.18
1.84 2.82 4.28 2.1
1.86 3.36 3.92 2.28
1.86 3.52 4.06 2.58
1.78 2.88 4.76 2.64
1.8 2.88 4.7 2.58
1.84 2.84 4.52 2.36
1.72 3.28 4.3 2.58
1.8 2.82 4.56 2.38
1.8 2.96 4.56 2.52
1.8 3.02 4.5 2.52
1.9 2.92 4.32 2.24
1.86 3.12 4.32 2.44
1.82 3.46 4.02 2.48
1.82 3.1 4.34 2.44
1.78 3.0 4.34 2.34
1.76 2.7 4.48 2.18
1.86 3.22 4.36 2.58
1.86 2.72 4.68 2.4
1.84 3.18 4.12 2.3
1.88 3.1 4.48 2.58
1.9 2.96 4.4 2.36
1.88 3.42 4.08 2.5
1.8 2.8 4.58 2.38
1.76 3.36 4.14 2.5
1.84 2.92 4.28 2.2
1.9 3.1 4.24 2.34
1.82 3.92 3.74 2.66
1.84 3.16 4.3 2.46
1.86 2.6 4.66 2.26
1.84 3.06 4.14 2.2
1.78 3.2 4.42 2.62
1.86 2.78 4.44 2.22
1.74 2.96 4.58 2.54
1.84 3.42 4.14 2.56
1.8 2.58 4.98 2.56
1.84 2.78 4.6 2.38
1.9 3.5 3.92 2.42
1.76 3.1 4.28 2.38
1.9 3.14 4.24 2.38
1.82 2.84 4.4 2.24
1.82 2.98 4.26 2.24
1.78 3.22 4.18 2.4
1.84 2.94 4.4 2.34
1.78 2.68 4.68 2.36
1.86 3.24 4.06 2.3
1.84 3.06 4.5 2.56
1.84 3.12 4.36 2.48
1.82 3.44 4.12 2.56
1.84 3.56 3.96 2.52
1.82 3.04 4.46 2.5
1.72 2.54 4.72 2.26
1.78 2.64 4.56 2.2
1.82 3.48 4.06 2.54
1.78 3.56 3.76 2.32
1.8 3.04 4.28 2.32
1.86 3.1 4.5 2.6
1.88 3.32 3.96 2.28
1.88 3.4 4.36 2.76
1.78 3.5 4.02 2.52
1.82 3.14 4.56 2.7
1.9 2.94 4.5 2.44
1.9 3.76 3.76 2.52
1.82 3.42 4.12 2.54
1.8 2.68 4.56 2.24
1.78 2.34 4.98 2.32
1.8 2.78 4.76 2.54
1.9 3.12 4.42 2.54
1.88 2.86 4.36 2.22
1.82 2.64 4.76 2.4
1.9 3.22 4.26 2.48
1.78 2.88 4.46 2.34
1.82 3.1 4.28 2.38
1.84 3.48 4.1 2.58
1.84 3.28 4.2 2.48
1.9 3.92 3.62 2.54
1.76 3.34 4.2 2.54
1.82 2.88 4.34 2.22
1.68 2.88 4.58 2.46
1.76 2.76 4.72 2.48
1.78 3.06 4.34 2.4
1.84 3.3 4.14 2.44
1.8 2.76 4.58 2.34
1.8 2.74 4.48 2.22
1.82 2.94 4.46 2.4
1.86 3.4 4.2 2.6
1.78 3.02 4.58 2.6
1.86 3.28 4.14 2.42
1.82 3.1 4.48 2.58
1.82 3.06 4.38 2.44
1.66 2.64 5.0 2.64
1.88 3.12 4.3 2.42
1.86 3.3 4.34 2.64
1.86 2.64 4.72 2.36
1.9 3.02 4.46 2.48
1.8 2.68 4.78 2.46
1.76 2.86 4.5 2.36
1.8 3.04 4.1 2.14
1.84 3.7 3.82 2.52
1.76 2.54 4.92 2.46
1.84 2.64 4.9 2.54
1.78 2.7 4.78 2.48
1.9 3.32 4.1 2.42
1.8 2.82 4.32 2.14
1.78 2.86 4.84 2.7
1.88 3.54 4.06 2.6
1.86 3.18 4.24 2.42
1.82 3.44 4.04 2.48
1.88 3.14 4.14 2.28
1.8 3.06 4.34 2.4
1.76 3.18 4.38 2.56
1.84 3.46 3.86 2.32
1.96 3.14 4.2 2.34
1.8 2.64 4.82 2.46
1.84 3.58 3.98 2.56
1.8 3.34 4.44 2.78
1.86 3.9 3.82 2.72
1.78 3.0 4.6 2.6
1.88 3.24 4.1 2.34
1.8 3.28 4.18 2.46
1.82 3.38 4.26 2.64
1.88 3.0 4.44 2.44
1.86 3.22 4.1 2.32
1.8 3.32 4.02 2.34
1.8 3.12 4.5 2.62
1.74 3.16 4.12 2.28
1.82 3.04 4.5 2.54
1.72 2.58 5.0 2.58
1.9 3.26 4.26 2.52
1.8 2.8 4.44 2.24
1.88 3.56 3.92 2.48
1.78 3.08 4.3 2.38
1.86 2.98 4.44 2.42
1.88 2.84 4.42 2.26
1.94 3.62 3.94 2.56
1.78 3.26 4.36 2.62
1.78 2.6 4.58 2.18
1.8 3.44 4.14 2.58
1.74 2.6 4.58 2.18
1.78 2.74 4.28 2.02
1.94 3.32 4.26 2.58
1.82 2.8 4.54 2.34
1.78 3.24 4.22 2.46
1.94 3.58 3.96 2.54
1.88 3.32 4.18 2.5
1.9 3.22 4.26 2.48
1.82 2.86 4.34 2.2
1.9 2.92 4.4 2.32
1.78 2.94 4.36 2.3
1.82 3.08 4.14 2.22
1.88 3.18 4.08 2.26
1.82 2.86 4.22 2.08
1.8 3.1 4.36 2.46
1.84 2.9 4.62 2.52
1.8 3.16 4.38 2.54
1.84 3.12 4.4 2.52
1.84 3.06 4.42 2.48
1.8 3.2 4.44 2.64
1.82 3.2 4.2 2.4
1.84 2.96 4.54 2.5
1.78 3.12 4.32 2.44
1.76 3.02 4.5 2.52
1.86 3.24 4.4 2.64
1.74 2.78 4.5 2.28
1.82 2.92 4.42 2.34
1.82 3.0 4.44 2.44
1.9 3.08 4.26 2.34
1.76 3.12 4.46 2.58
1.84 3.86 3.8 2.66
1.82 3.76 3.86 2.62
1.88 2.94 4.46 2.4
1.78 3.16 4.4 2.56
1.78 2.72 4.54 2.26
1.82 2.84 4.36 2.2
1.7 2.54 4.88 2.42
1.82 3.04 4.14 2.18
1.82 3.48 3.92 2.4
1.8 2.92 4.44 2.36
1.9 2.88 4.54 2.42
1.8 2.84 4.42 2.26
1.74 3.1 4.5 2.6
1.84 3.1 4.36 2.46
1.74 2.82 4.52 2.34
1.84 3.04 4.52 2.56
1.86 2.92 4.26 2.18
1.86 3.72 4.14 2.86
1.76 2.68 4.74 2.42
1.82 3.62 4.18 2.8
1.84 2.86 4.48 2.34
1.84 3.04 4.52 2.56
1.8 2.78 4.48 2.26
1.76 3.0 4.34 2.34
1.84 3.0 4.22 2.22
1.84 3.1 4.5 2.6
1.9 3.48 4.04 2.52
1.84 3.26 4.1 2.36
1.88 2.86 4.4 2.26
1.86 2.6 4.56 2.16
1.88 3.12 4.2 2.32
1.94 2.8 4.38 2.18
1.88 3.22 4.42 2.64
1.86 3.18 4.24 2.42
1.76 2.82 4.38 2.2
1.88 3.22 4.26 2.48
1.88 3.32 4.0 2.32
1.74 2.62 4.7 2.32
1.86 3.38 4.16 2.54
1.88 3.14 4.54 2.68
1.82 3.16 4.48 2.64
1.86 2.86 4.4 2.26
1.74 3.02 4.32 2.34
1.84 2.72 4.46 2.18
1.86 2.82 4.56 2.38
1.88 3.32 4.32 2.64
1.82 3.08 4.1 2.18
1.76 3.16 4.4 2.56
1.88 2.98 4.58 2.56
1.84 2.78 4.42 2.2
1.78 3.06 4.24 2.3
1.78 3.12 4.52 2.64
1.72 3.18 4.16 2.34
1.9 3.3 3.96 2.26
1.82 3.44 3.8 2.24
1.8 3.18 4.24 2.42
1.88 3.52 3.84 2.36
1.9 3.22 4.16 2.38
1.88 3.3 4.24 2.54
1.76 2.78 4.6 2.38
1.84 3.02 4.36 2.38
1.8 2.94 4.52 2.46
1.8 2.6 4.78 2.38
1.86 2.84 4.44 2.28
1.82 3.24 4.26 2.5
1.8 3.12 4.32 2.44
1.8 2.82 4.52 2.34
1.82 3.42 4.42 2.84
1.74 3.1 4.32 2.42
1.84 2.88 4.78 2.66
1.88 3.14 4.26 2.4
1.8 3.02 4.38 2.4
1.76 2.58 4.68 2.26
1.9 3.5 4.06 2.56
1.9 3.4 4.04 2.44
1.82 2.9 4.9 2.8
1.9 3.4 4.04 2.44
1.72 2.7 4.6 2.3
1.82 3.14 4.26 2.4
1.8 3.04 4.26 2.3
1.8 2.7 4.74 2.44
1.82 2.94 4.18 2.12
1.82 3.08 4.46 2.54
1.84 2.9 4.54 2.44
1.82 3.34 4.14 2.48
1.8 3.06 4.5 2.56
1.86 3.26 4.1 2.36
1.84 2.46 4.72 2.18
1.82 3.2 4.28 2.48
1.88 3.94 3.48 2.42
1.86 3.56 3.76 2.32
1.86 3.16 4.32 2.48
1.9 3.4 4.08 2.48
1.78 3.14 4.54 2.68
1.94 4.24 3.5 2.74
1.92 3.58 3.88 2.46
1.84 3.56 4.02 2.58
1.88 3.22 4.14 2.36
1.82 2.82 4.68 2.5
1.68 2.46 5.04 2.5
1.86 3.02 4.28 2.3
1.8 2.9 4.52 2.42
1.86 2.84 4.64 2.48
1.84 3.52 4.12 2.64
1.8 2.94 4.4 2.34
1.94 4.04 3.4 2.44
1.92 3.18 3.98 2.16
1.9 3.42 4.18 2.6
1.74 2.52 4.78 2.3
1.92 2.94 4.36 2.3
1.8 3.14 4.42 2.56
1.88 3.06 4.16 2.22
1.88 3.48 3.96 2.44
1.88 3.18 4.52 2.7
1.88 3.3 4.04 2.34
1.9 3.2 4.32 2.52
1.86 2.98 4.5 2.48
1.84 3.12 4.5 2.62
1.94 3.26 4.04 2.3
1.84 3.08 4.46 2.54
1.86 3.3 4.06 2.36
1.76 3.3 4.36 2.66
1.84 2.92 4.46 2.38
1.86 2.7 4.78 2.48
1.8 3.18 4.32 2.5
1.78 3.3 4.38 2.68
1.86 3.68 3.74 2.42
1.82 2.9 4.36 2.26
1.82 3.18 4.36 2.54
1.88 3.52 3.86 2.38
1.9 3.24 4.28 2.52
1.82 3.02 4.24 2.26
1.92 3.1 4.26 2.36
1.82 3.3 3.98 2.28
1.74 2.98 4.36 2.34
1.8 3.1 4.28 2.38
1.86 3.22 4.2 2.42
1.76 3.04 4.48 2.52
1.84 3.14 4.14 2.28
1.82 2.4 4.96 2.36
1.76 3.3 4.34 2.64
1.78 2.84 4.54 2.38
1.82 2.68 4.52 2.2
1.92 3.3 4.28 2.58
1.84 2.88 4.66 2.54
1.82 3.06 4.6 2.66
1.8 3.14 4.4 2.54
1.88 3.68 3.6 2.28
1.84 3.16 4.22 2.38
1.8 3.42 4.16 2.58
1.78 2.88 4.42 2.3
1.88 3.1 4.22 2.32
1.82 3.56 3.86 2.42
1.8 3.04 4.46 2.5
1.86 3.14 4.36 2.5
1.9 3.32 4.04 2.36
1.86 2.78 4.44 2.22
1.76 2.8 4.52 2.32
1.92 3.34 4.12 2.46
1.8 3.4 4.02 2.42
1.86 2.96 4.2 2.16
1.84 2.98 4.34 2.32
1.88 2.96 4.5 2.46
1.82 3.26 4.22 2.48
1.94 3.34 4.0 2.34
1.9 2.84 4.5 2.34
1.8 3.1 4.32 2.42
1.84 3.16 4.1 2.26
1.86 3.18 4.06 2.24
1.86 3.4 4.16 2.56
1.9 3.52 4.18 2.7
1.78 3.24 4.14 2.38
1.86 2.88 4.68 2.56
1.9 3.32 3.84 2.16
1.84 3.16 4.36 2.52
1.74 2.5 4.96 2.46
1.84 2.78 4.86 2.64
1.86 2.98 4.5 2.48
1.82 3.26 4.4 2.66
1.74 2.96 4.44 2.4
1.86 2.78 4.82 2.6
1.74 2.76 4.52 2.28
1.8 3.1 4.2 2.3
1.7 2.48 4.9 2.38
1.88 3.44 3.92 2.36
1.8 2.9 4.32 2.22
1.86 2.72 4.52 2.24
1.78 3.04 4.52 2.56
1.88 3.8 3.7 2.5
1.86 3.44 4.1 2.54
1.9 2.86 4.3 2.16
1.86 2.88 4.34 2.22
1.9 3.46 4.12 2.58
1.86 2.76 4.56 2.32
1.78 2.82 4.66 2.48
1.82 3.16 4.3 2.46
1.82 3.1 4.24 2.34
1.82 3.3 4.04 2.34
1.78 2.84 4.52 2.36
1.9 2.7 4.76 2.46
1.8 2.76 4.78 2.54
1.78 3.7 4.08 2.78
1.9 2.7 4.52 2.22
1.76 2.72 4.7 2.42
1.84 2.84 4.56 2.4
1.86 3.8 3.94 2.74
1.82 3.64 4.02 2.66
1.84 3.04 4.34 2.38
1.86 3.16 4.26 2.42
1.78 3.36 4.08 2.44
1.82 3.2 4.08 2.28
1.92 3.26 4.06 2.32
1.76 2.72 4.72 2.44
1.82 2.96 4.32 2.28
1.84 3.0 4.24 2.24
1.82 2.74 4.62 2.36
1.86 3.38 3.88 2.26
1.76 2.68 4.5 2.18
1.86 3.38 4.08 2.46
1.76 3.2 4.22 2.42
1.86 2.84 4.42 2.26
1.84 3.14 4.36 2.5
1.86 3.12 4.24 2.36
1.86 3.16 3.96 2.12
1.76 3.3 4.26 2.56
1.86 3.3 4.18 2.48
1.78 3.18 4.26 2.44
1.88 3.24 4.2 2.44
1.84 3.28 4.18 2.46
1.7 2.86 4.88 2.74
1.9 3.4 4.04 2.44
1.86 2.6 4.52 2.12
1.84 3.44 4.08 2.52
1.84 3.3 4.12 2.42
1.78 2.46 4.82 2.28
1.86 2.82 4.32 2.14
1.82 3.24 4.38 2.62
1.84 3.36 4.12 2.48
1.8 2.72 4.52 2.24
1.8 3.12 4.48 2.6
1.82 3.06 4.48 2.54
1.8 2.86 4.5 2.36
1.72 2.82 4.8 2.62
1.74 2.94 4.66 2.6
1.86 3.52 4.0 2.52
1.8 2.98 4.54 2.52
1.84 3.38 4.04 2.42
1.9 3.46 4.14 2.6
1.86 3.42 3.86 2.28
1.84 3.36 4.06 2.42
1.86 3.38 3.9 2.28
1.8 3.38 4.2 2.58
1.86 3.04 4.66 2.7
1.86 2.88 4.5 2.38
1.78 2.9 4.66 2.56
1.78 2.88 4.36 2.24
1.9 3.2 4.22 2.42
1.8 3.18 4.0 2.18
1.88 3.32 4.32 2.64
1.84 3.22 4.16 2.38
1.82 3.08 4.1 2.18
1.9 3.18 4.14 2.32
1.86 3.66 3.76 2.42
1.9 3.18 4.0 2.18
1.82 3.42 3.8 2.22
1.76 3.22 4.68 2.9
1.88 2.9 4.54 2.44
1.86 3.14 4.5 2.64
1.8 2.9 4.66 2.56
1.94 3.26 3.94 2.2
1.76 2.48 4.8 2.28
1.86 3.18 4.16 2.34
1.82 2.88 4.28 2.16
1.88 3.4 3.92 2.32
1.78 3.04 4.32 2.36
1.82 3.44 4.0 2.44
1.82 3.12 4.26 2.38
1.82 2.72 4.7 2.42
1.82 2.82 4.66 2.48
1.86 3.16 4.1 2.26
1.84 3.4 4.0 2.4
1.78 3.08 4.34 2.42
1.9 3.42 4.22 2.64
1.74 3.02 4.52 2.54
1.84 2.74 4.22 1.96
1.86 2.76 4.38 2.14
1.82 2.88 4.46 2.34
1.78 3.14 4.14 2.28
1.8 3.08 4.28 2.36
1.76 2.7 4.66 2.36
1.88 3.42 4.3 2.72
1.8 3.06 4.46 2.52
1.8 2.88 4.36 2.24
1.86 3.22 4.34 2.56
1.76 2.16 4.92 2.08
1.82 3.38 4.3 2.68
1.74 2.5 4.8 2.3
1.8 3.22 4.36 2.58
1.92 3.1 4.04 2.14
1.8 2.8 4.5 2.3
1.78 2.62 4.64 2.26
1.88 3.1 4.14 2.24
1.82 3.08 4.46 2.54
1.76 2.82 4.7 2.52
1.84 3.02 4.56 2.58
1.74 2.64 4.74 2.38
1.82 3.08 4.06 2.14
1.94 3.66 3.76 2.42
1.82 3.24 4.3 2.54
1.8 3.3 4.22 2.52
1.9 3.12 4.44 2.56
1.88 3.3 4.22 2.52
1.82 3.14 4.28 2.42
1.86 3.18 4.2 2.38
1.9 2.98 4.32 2.3
1.86 2.74 4.6 2.34
1.92 3.68 3.8 2.48
1.78 2.92 4.52 2.44
1.86 3.12 4.42 2.54
1.78 3.22 4.32 2.54
1.86 3.38 4.22 2.6
1.76 3.1 4.72 2.82
1.8 3.06 4.62 2.68
1.92 3.0 4.14 2.14
1.86 2.88 4.54 2.42
1.76 3.18 4.42 2.6
1.84 3.24 4.24 2.48
1.88 3.12 4.06 2.18
1.88 3.34 4.3 2.64
1.86 3.24 4.42 2.66
1.82 2.56 4.78 2.34
1.8 3.0 4.28 2.28
1.8 2.66 4.8 2.46
1.82 2.68 4.54 2.22
1.9 3.26 3.98 2.24
1.88 3.66 3.86 2.52
1.92 3.18 4.28 2.46
1.84 2.86 4.44 2.3
1.88 3.4 4.06 2.46
1.82 2.72 4.5 2.22
1.82 3.08 4.3 2.38
1.74 2.52 4.76 2.28
1.9 2.88 4.72 2.6
1.84 2.74 4.46 2.2
1.88 2.96 4.2 2.16
1.76 2.72 4.52 2.24
1.84 2.88 4.46 2.34
1.84 3.28 4.4 2.68
1.86 3.28 4.24 2.52
1.84 3.28 4.34 2.62
1.82 3.2 4.42 2.62
1.84 3.56 4.06 2.62
1.82 2.98 4.58 2.56
1.84 3.26 3.92 2.18
1.84 2.92 4.56 2.48
1.96 3.76 3.9 2.66
1.84 3.22 4.4 2.62
1.82 2.8 4.48 2.28
1.82 3.36 4.28 2.64
1.82 3.28 4.24 2.52
1.84 3.12 4.56 2.68
1.76 3.24 4.32 2.56
1.82 3.36 3.82 2.18
1.86 3.2 4.48 2.68
1.76 3.32 4.16 2.48
1.8 3.4 4.16 2.56
1.76 2.68 4.72 2.4
1.88 3.18 4.42 2.6
1.9 3.38 3.78 2.16
1.86 2.92 4.28 2.2
1.88 3.34 4.34 2.68
1.86 3.02 4.28 2.3
1.86 3.18 4.08 2.26
1.8 3.08 4.36 2.44
1.84 3.04 4.4 2.44
1.78 3.38 4.16 2.54
1.84 2.84 4.4 2.24
1.88 2.84 4.48 2.32
1.88 3.24 3.94 2.18
1.78 2.72 4.68 2.4
1.84 2.82 4.54 2.36
1.88 3.4 4.04 2.44
1.86 3.44 4.06 2.5
1.78 2.66 4.98 2.64
1.8 2.62 5.0 2.62
1.78 2.62 4.74 2.36
1.86 2.68 4.6 2.28
1.82 3.42 4.2 2.62
1.8 3.3 4.12 2.42
1.82 2.7 4.52 2.22
1.84 3.28 4.3 2.58
1.78 2.98 4.3 2.28
1.84 3.3 4.36 2.66
1.92 3.24 4.2 2.44
1.86 3.44 3.88 2.32
1.82 2.96 4.74 2.7
1.88 3.86 3.76 2.62
1.82 3.02 4.62 2.64
1.86 3.36 4.12 2.48
1.88 3.44 3.94 2.38
1.86 3.42 4.0 2.42
1.9 3.3 4.12 2.42
1.82 2.5 4.7 2.2
1.82 2.56 4.52 2.08
1.8 3.0 4.28 2.28
1.78 3.12 4.18 2.3
1.86 3.38 4.08 2.46
1.86 3.32 4.02 2.34
1.78 3.22 4.22 2.44
1.78 2.56 4.52 2.08
1.82 2.7 4.74 2.44
1.8 3.32 4.04 2.36
1.78 3.26 4.28 2.54
1.82 3.28 4.3 2.58
1.82 2.94 4.38 2.32
1.8 3.04 4.28 2.32
1.76 2.7 4.74 2.44
1.8 2.76 4.44 2.2
1.74 3.14 4.34 2.48
1.84 3.22 4.14 2.36
1.82 2.9 4.48 2.38
1.84 2.88 4.6 2.48
1.82 3.32 4.2 2.52
1.84 2.98 4.38 2.36
1.88 2.8 4.66 2.46
1.78 2.56 4.66 2.22
1.68 2.34 4.76 2.1
1.84 3.28 4.38 2.66
1.9 3.12 4.2 2.32
1.9 3.02 4.28 2.3
1.88 3.94 3.7 2.64
1.86 3.28 4.16 2.44
1.8 2.62 5.0 2.62
1.76 2.86 4.5 2.36
1.76 3.18 4.52 2.7
1.9 3.54 3.78 2.32
1.9 3.28 4.14 2.42
1.86 3.14 4.08 2.22
1.78 3.4 4.04 2.44
1.76 3.16 4.36 2.52
1.78 2.94 4.54 2.48
1.92 3.36 4.12 2.48
1.86 2.78 4.34 2.12
1.84 2.8 4.44 2.24
1.94 3.16 4.16 2.32
1.9 3.14 4.06 2.2
1.84 3.36 3.96 2.32
1.72 2.82 4.64 2.46
1.84 2.86 4.72 2.58
1.9 3.36 4.12 2.48
1.82 3.04 4.38 2.42
1.86 3.22 4.54 2.76
1.86 2.96 4.22 2.18
1.76 2.7 4.5 2.2
1.82 3.12 4.46 2.58
1.9 3.34 3.94 2.28
1.84 3.08 4.26 2.34
1.86 3.6 3.92 2.52
1.86 3.32 4.06 2.38
1.86 3.28 4.26 2.54
1.78 3.02 4.44 2.46
1.8 2.9 4.48 2.38
1.66 2.94 4.56 2.5
1.84 3.04 4.3 2.34
1.84 2.82 4.5 2.32
1.82 3.34 4.08 2.42
1.86 3.32 4.38 2.7
1.88 2.74 4.68 2.42
1.84 3.04 4.36 2.4
1.86 3.42 4.08 2.5
1.82 2.86 4.22 2.08
1.8 2.96 4.26 2.22
1.92 3.12 4.08 2.2
1.82 3.1 4.32 2.42
1.86 3.16 4.12 2.28
1.86 2.94 4.24 2.18
1.88 2.92 4.56 2.48
1.82 2.82 4.62 2.44
1.96 4.02 3.5 2.52
1.82 3.12 4.2 2.32
1.88 3.44 3.98 2.42
1.92 3.32 4.24 2.56
1.9 3.44 3.9 2.34
1.86 3.36 4.0 2.36
1.9 3.2 3.96 2.16
1.92 4.06 3.6 2.66
1.84 2.82 4.48 2.3
1.78 2.68 4.62 2.3
1.9 2.98 4.34 2.32
1.88 3.34 4.16 2.5
1.82 3.14 4.18 2.32
1.9 3.34 4.14 2.48
1.78 3.04 4.26 2.3
1.84 2.96 4.44 2.4
1.96 3.6 3.82 2.42
1.74 3.1 4.54 2.64
1.86 3.46 3.94 2.4
1.88 3.18 4.1 2.28
1.84 3.5 3.92 2.42
1.9 3.52 3.88 2.4
1.8 3.32 4.26 2.58
1.88 3.16 4.42 2.58
1.88 3.4 3.98 2.38
1.86 2.94 4.32 2.26
1.84 3.34 4.26 2.6
1.86 3.48 3.94 2.42
1.94 3.24 4.04 2.28
1.78 2.64 5.06 2.7
1.74 3.1 4.58 2.68
1.8 2.94 4.54 2.48
1.7 2.38 4.92 2.3
1.8 3.46 4.22 2.68
1.74 2.6 4.68 2.28
1.8 2.9 4.5 2.4
1.86 3.2 4.3 2.5
1.82 2.72 4.44 2.16
1.84 3.46 4.06 2.52
1.8 2.7 4.34 2.04
1.76 2.56 4.94 2.5
1.84 3.0 4.22 2.22
1.96 3.66 3.94 2.6
1.9 2.82 4.36 2.18
1.84 3.38 4.16 2.54
1.82 2.94 4.56 2.5
1.84 2.94 4.54 2.48
1.76 2.9 4.72 2.62
1.76 2.92 4.1 2.02
1.86 3.34 4.04 2.38
1.92 2.72 4.34 2.06
1.86 2.84 4.48 2.32
1.9 2.7 4.68 2.38
1.86 3.34 4.36 2.7
1.72 2.42 5.02 2.44
1.86 2.9 4.66 2.56
1.92 3.48 4.02 2.5
1.86 3.02 4.36 2.38
1.78 2.88 4.58 2.46
1.84 3.02 4.58 2.6
1.88 3.72 3.7 2.42
1.74 2.84 4.3 2.14
1.86 3.4 3.92 2.32
1.84 3.16 3.82 1.98
1.82 2.98 4.24 2.22
1.86 2.66 4.72 2.38
1.86 3.24 4.32 2.56
1.86 3.18 4.38 2.56
1.84 3.36 3.88 2.24
1.88 3.3 3.9 2.2
1.9 3.7 3.82 2.52
1.84 3.06 4.5 2.56
1.88 2.96 4.78 2.74
1.86 2.98 4.4 2.38
1.82 3.22 4.4 2.62
1.86 2.86 4.38 2.24
1.86 3.46 4.06 2.52
1.84 3.2 4.38 2.58
1.82 3.32 4.06 2.38
1.88 3.24 4.42 2.66
1.9 3.34 4.02 2.36
1.8 2.76 4.48 2.24
1.84 3.6 3.94 2.54
1.84 2.84 4.52 2.36
1.86 2.96 4.34 2.3
1.86 2.86 4.46 2.32
1.92 3.58 3.86 2.44
1.9 2.94 4.34 2.28
1.86 3.12 4.1 2.22
1.92 3.5 3.94 2.44
1.84 3.08 4.36 2.44
1.82 2.86 4.4 2.26
1.78 3.16 4.32 2.48
1.78 2.88 4.4 2.28
1.82 3.16 4.38 2.54
1.86 2.54 4.64 2.18
1.8 3.22 4.08 2.3
1.88 3.2 4.2 2.4
1.94 3.06 4.1 2.16
1.82 2.88 4.54 2.42
1.86 2.76 4.42 2.18
1.88 2.94 4.4 2.34
1.88 3.28 4.18 2.46
1.92 3.92 3.58 2.5
1.78 3.38 4.3 2.68
1.82 3.22 4.52 2.74
1.86 3.28 3.94 2.22
1.8 2.64 4.7 2.34
1.86 3.56 4.04 2.6
1.82 2.88 4.48 2.36
1.88 3.4 4.06 2.46
1.88 3.08 4.3 2.38
1.8 3.08 4.36 2.44
1.78 2.84 4.38 2.22
1.82 3.02 4.18 2.2
1.9 3.04 4.58 2.62
1.84 2.42 4.88 2.3
1.9 2.84 4.76 2.6
1.82 3.24 4.26 2.5
1.8 2.6 4.72 2.32
1.9 2.84 4.38 2.22
1.82 2.84 4.52 2.36
1.84 3.86 3.86 2.72
1.9 3.5 4.04 2.54
1.82 3.18 4.2 2.38
1.84 3.32 4.18 2.5
1.84 3.3 4.1 2.4
1.8 3.36 4.06 2.42
1.84 3.02 4.52 2.54
1.88 3.28 4.3 2.58
1.78 3.02 4.08 2.1
1.84 3.02 4.26 2.28
1.76 3.0 4.44 2.44
1.86 2.92 4.56 2.48
1.82 3.18 4.2 2.38
1.88 3.04 4.52 2.56
1.8 2.92 4.44 2.36
1.8 3.0 4.36 2.36
1.86 3.1 4.32 2.42
1.76 2.66 4.96 2.62
1.92 3.26 3.98 2.24
1.88 3.3 4.26 2.56
1.8 3.12 4.26 2.38
1.9 3.04 4.12 2.16
1.86 2.68 4.6 2.28
1.86 2.82 4.64 2.46
1.84 2.98 4.66 2.64
1.78 3.08 4.24 2.32
1.84 3.24 4.04 2.28
1.86 3.02 4.38 2.4
1.88 3.54 3.74 2.28
1.84 2.34 5.12 2.46
1.82 3.38 4.38 2.76
1.9 3.28 4.22 2.5
1.78 2.92 4.58 2.5
1.9 3.12 4.4 2.52
1.84 3.3 4.14 2.44
1.88 3.42 3.86 2.28
1.76 3.14 4.56 2.7
1.92 3.58 3.72 2.3
1.86 2.98 4.48 2.46
1.8 2.88 4.38 2.26
1.9 2.88 4.44 2.32
1.86 3.44 4.2 2.64
1.86 3.28 4.08 2.36
1.8 2.66 4.5 2.16
1.88 3.3 4.48 2.78
1.9 2.88 4.56 2.44
1.8 3.32 4.16 2.48
1.78 3.26 4.26 2.52
1.82 2.86 4.32 2.18
1.88 3.0 4.22 2.22
1.86 3.3 4.16 2.46
1.7 2.68 4.8 2.48
1.92 3.28 4.06 2.34
1.86 2.98 4.54 2.52
1.84 3.26 4.22 2.48
1.78 2.82 4.5 2.32
1.88 3.4 4.2 2.6
1.9 2.92 4.2 2.12
1.84 3.0 4.22 2.22
1.84 3.12 4.08 2.2
1.86 2.98 4.4 2.38
1.84 2.94 4.2 2.14
1.9 2.82 4.44 2.26
1.8 2.74 4.72 2.46
1.82 3.36 4.12 2.48
1.78 3.0 4.42 2.42
1.82 2.86 4.32 2.18
1.82 3.36 4.22 2.58
1.84 2.86 4.52 2.38
1.78 3.02 4.52 2.54
1.88 2.84 4.6 2.44
1.84 3.22 4.32 2.54
1.96 3.36 4.04 2.4
1.8 2.94 4.72 2.66
1.76 2.72 4.58 2.3
1.92 2.9 4.58 2.48
1.84 3.12 4.08 2.2
1.92 3.46 4.1 2.56
1.7 3.02 4.48 2.5
1.92 3.5 4.0 2.5
1.86 3.24 4.06 2.3
1.92 3.08 4.4 2.48
1.82 3.32 4.4 2.72
1.86 3.04 4.42 2.46
1.8 3.42 4.34 2.76
1.7 3.0 4.74 2.74
1.78 3.14 4.16 2.3
1.88 3.22 4.46 2.68
1.84 3.16 4.54 2.7
1.86 3.1 4.32 2.42
1.82 3.12 4.1 2.22
1.82 3.36 4.32 2.68
1.9 3.18 4.1 2.28
1.84 3.18 4.2 2.38
1.88 3.22 4.34 2.56
1.86 2.72 4.32 2.04
1.88 3.5 3.88 2.38
1.86 3.14 4.38 2.52
1.82 3.34 4.12 2.46
1.76 3.1 4.5 2.6
1.9 3.6 3.7 2.3
1.78 2.98 4.24 2.22
1.88 3.54 3.96 2.5
1.86 2.96 4.62 2.58
1.82 3.22 4.42 2.64
1.8 2.96 4.46 2.42
1.86 3.24 4.12 2.36
1.82 3.54 3.92 2.46
1.92 3.14 4.08 2.22
1.9 3.72 3.72 2.44
1.8 3.38 4.06 2.44
1.84 3.02 4.34 2.36
1.82 2.96 4.56 2.52
1.92 3.28 4.02 2.3
1.86 3.12 4.02 2.14
1.8 2.7 4.42 2.12
1.86 3.44 4.16 2.6
1.92 3.1 4.24 2.34
1.84 3.16 4.16 2.32
1.84 3.64 3.86 2.5
1.82 3.08 4.32 2.4
1.8 2.9 4.36 2.26
1.88 3.52 3.96 2.48
1.76 2.94 4.6 2.54
1.78 3.1 4.32 2.42
1.82 2.78 4.78 2.56
1.86 2.7 4.78 2.48
1.74 3.0 4.42 2.42
1.86 3.4 3.88 2.28
1.9 3.16 4.3 2.46
1.78 3.2 4.44 2.64
1.8 3.14 4.34 2.48
1.72 3.34 4.18 2.52
1.94 3.66 3.96 2.62
1.8 3.26 3.98 2.24
1.84 3.16 4.26 2.42
1.84 3.66 4.1 2.76
1.84 2.98 4.56 2.54
1.92 3.36 4.26 2.62
1.84 3.02 4.42 2.44
1.76 3.16 4.38 2.54
1.92 3.3 4.1 2.4
1.86 3.1 4.2 2.3
1.9 3.0 4.4 2.4
1.84 2.8 4.64 2.44
1.82 2.82 4.5 2.32
1.86 2.58 4.62 2.2
1.88 3.46 4.28 2.74
1.8 3.28 4.52 2.8
1.8 3.2 4.42 2.62
1.88 3.2 3.96 2.16
1.8 2.96 4.7 2.66
1.84 3.02 4.24 2.26
1.86 3.0 4.36 2.36
1.82 2.96 4.22 2.18
1.78 2.82 4.94 2.76
1.92 2.68 4.52 2.2
1.92 3.34 3.98 2.32
1.76 3.32 4.1 2.42
1.86 3.16 4.06 2.22
1.82 2.86 4.6 2.46
1.78 2.82 4.62 2.44
1.8 2.74 4.6 2.34
1.78 2.68 4.78 2.46
1.82 3.42 4.04 2.46
1.84 3.6 4.14 2.74
1.88 2.78 4.7 2.48
1.76 2.6 4.92 2.52
1.9 3.14 4.16 2.3
1.86 3.14 4.42 2.56
1.86 2.76 4.78 2.54
1.86 3.38 3.98 2.36
1.76 2.42 4.96 2.38
1.92 2.72 4.9 2.62
1.84 3.0 4.38 2.38
1.92 3.92 3.8 2.72
1.84 3.18 4.28 2.46
1.82 3.06 4.12 2.18
1.9 2.9 4.26 2.16
1.8 2.94 4.62 2.56
1.76 2.94 4.38 2.32
1.76 2.64 4.76 2.4
1.78 2.82 4.42 2.24
1.74 2.7 4.52 2.22
1.92 3.2 3.96 2.16
1.92 2.94 4.52 2.46
1.86 2.64 4.72 2.36
1.92 3.3 4.1 2.4
1.88 3.14 4.18 2.32
1.7 2.6 4.88 2.48
1.86 3.04 4.44 2.48
1.82 2.96 4.44 2.4
1.9 3.5 3.94 2.44
1.74 2.52 4.9 2.42
1.84 2.98 4.56 2.54
1.82 2.74 4.52 2.26
1.82 2.86 4.54 2.4
1.8 3.3 4.2 2.5
1.82 3.12 4.16 2.28
1.92 3.58 3.9 2.48
1.94 3.58 4.12 2.7
1.76 2.82 4.68 2.5
1.84 3.1 4.48 2.58
1.88 3.38 4.0 2.38
1.92 3.18 4.1 2.28
1.84 3.2 4.32 2.52
1.78 3.0 4.38 2.38
1.84 2.98 4.5 2.48
1.84 3.12 4.4 2.52
1.86 3.66 3.8 2.46
1.82 3.34 4.32 2.66
1.74 2.82 4.38 2.2
1.82 3.18 4.16 2.34
1.86 2.54 4.76 2.3
1.9 3.36 3.76 2.12
1.88 3.7 3.84 2.54
1.84 2.8 4.74 2.54
1.82 3.08 4.08 2.16
1.72 3.28 4.16 2.44
1.84 3.34 4.18 2.52
1.8 2.82 4.66 2.48
1.8 3.34 4.32 2.66
1.9 2.76 4.58 2.34
1.8 2.9 4.38 2.28
1.74 3.14 4.22 2.36
1.82 3.16 4.4 2.56
1.82 3.42 4.0 2.42
1.8 2.8 4.58 2.38
1.84 3.42 4.16 2.58
1.8 3.0 4.38 2.38
1.8 3.02 4.3 2.32
1.84 3.48 4.1 2.58
1.9 2.92 4.7 2.62
1.8 2.7 4.72 2.42
1.76 2.94 4.72 2.66
1.82 3.2 4.3 2.5
1.82 3.06 4.3 2.36
1.86 2.72 4.44 2.16
1.8 3.1 4.46 2.56
1.68 2.66 4.54 2.2
1.86 2.78 4.62 2.4
1.88 3.16 4.28 2.44
1.84 2.94 4.48 2.42
1.82 2.56 4.56 2.12
1.88 3.18 4.28 2.46
1.94 3.18 4.0 2.18
1.8 2.82 4.58 2.4
1.76 2.94 4.44 2.38
1.88 3.12 4.34 2.46
1.92 3.06 4.16 2.22
1.74 3.12 4.3 2.42
1.8 2.56 4.84 2.4
1.9 3.18 4.3 2.48
1.88 3.32 4.26 2.58
1.92 3.3 3.94 2.24
1.88 3.16 4.46 2.62
1.84 3.18 4.38 2.56
1.8 2.64 4.68 2.32
1.8 3.26 4.24 2.5
1.8 2.82 4.8 2.62
1.82 3.06 4.12 2.18
1.88 3.74 3.58 2.32
1.84 2.72 4.48 2.2
1.88 3.4 4.08 2.48
1.82 3.4 4.12 2.52
1.9 3.18 4.14 2.32
1.74 3.0 4.84 2.84
1.94 3.06 4.32 2.38
1.82 3.44 3.96 2.4
1.86 2.98 4.3 2.28
1.78 2.86 4.38 2.24
1.78 3.0 4.64 2.64
1.72 2.9 4.5 2.4
1.8 2.82 4.7 2.52
1.92 3.04 4.16 2.2
1.8 2.72 4.7 2.42
1.78 3.14 4.28 2.42
1.82 2.86 4.72 2.58
1.86 3.04 4.36 2.4
1.9 3.44 4.0 2.44
1.82 3.08 4.5 2.58
1.86 3.12 4.22 2.34
1.78 2.54 5.06 2.6
1.84 3.18 4.16 2.34
1.82 2.88 4.4 2.28
1.78 2.64 4.44 2.08
1.9 2.66 4.7 2.36
1.84 3.4 4.1 2.5
1.86 3.36 4.0 2.36
1.84 3.44 4.1 2.54
1.76 3.0 4.26 2.26
1.94 2.98 4.4 2.38
1.88 3.6 4.0 2.6
1.78 2.94 4.52 2.46
1.82 3.5 3.84 2.34
1.8 3.2 4.22 2.42
1.86 2.82 4.46 2.28
1.88 3.2 4.18 2.38
1.78 3.04 4.54 2.58
1.9 3.0 4.28 2.28
1.9 3.06 4.18 2.24
1.84 3.46 4.28 2.74
1.84 3.2 4.46 2.66
1.82 2.76 4.62 2.38
1.82 2.96 4.34 2.3
1.96 3.52 3.76 2.28
1.84 2.78 4.62 2.4
1.84 2.92 4.58 2.5
1.88 3.22 4.12 2.34
1.88 3.06 4.34 2.4
1.86 3.38 4.06 2.44
1.82 3.04 4.32 2.36
1.88 3.54 3.88 2.42
1.84 2.78 4.56 2.34
1.84 2.9 4.38 2.28
1.82 2.22 4.84 2.06
1.86 3.04 4.24 2.28
1.8 3.08 4.3 2.38
1.78 3.06 4.32 2.38
1.8 3.04 4.32 2.36
1.86 2.94 4.34 2.28
1.82 3.22 4.3 2.52
1.82 2.9 4.34 2.24
1.8 3.1 4.2 2.3
1.82 3.36 4.42 2.78
1.82 3.02 4.24 2.26
1.82 3.16 4.3 2.46
1.82 3.26 4.18 2.44
1.84 3.24 4.12 2.36
1.8 2.7 4.82 2.52
1.84 3.76 3.9 2.66
1.88 3.72 3.72 2.44
1.82 3.62 3.92 2.54
1.76 2.46 4.98 2.44
1.86 3.02 4.32 2.34
1.8 2.82 4.72 2.54
1.86 3.58 3.94 2.52
1.86 2.82 4.42 2.24
1.7 2.84 4.4 2.24
1.84 3.16 4.36 2.52
1.84 2.9 4.54 2.44
1.86 2.94 4.6 2.54
1.86 3.38 3.74 2.12
1.76 3.54 4.08 2.62
1.86 3.42 4.08 2.5
1.8 3.3 4.2 2.5
1.88 3.42 3.88 2.3
1.82 2.7 4.6 2.3
1.88 3.08 4.5 2.58
1.76 2.78 4.72 2.5
1.88 3.0 4.32 2.32
1.8 2.9 4.32 2.22
1.84 2.86 4.5 2.36
1.86 2.98 4.26 2.24
1.84 2.7 4.46 2.16
1.9 3.0 4.28 2.28
1.88 2.82 4.44 2.26
1.78 2.58 4.76 2.34
1.82 3.02 4.46 2.48
1.78 2.9 4.42 2.32
1.86 3.04 4.14 2.18
1.78 3.32 4.1 2.42
1.74 2.94 4.52 2.46
1.88 3.14 4.08 2.22
1.82 3.16 4.34 2.5
1.84 3.3 3.9 2.2
1.94 3.38 4.18 2.56
1.88 3.14 4.36 2.5
1.9 3.52 3.96 2.48
1.86 3.1 4.4 2.5
1.86 3.2 4.26 2.46
1.88 3.44 4.24 2.68
1.74 3.04 4.42 2.46
1.82 3.04 4.34 2.38
1.82 3.18 4.2 2.38
1.84 2.98 4.14 2.12
1.86 3.6 4.04 2.64
1.9 3.56 3.88 2.44
1.84 3.38 4.1 2.48
1.9 2.72 4.72 2.44
1.84 3.5 4.3 2.8
1.8 3.06 4.44 2.5
1.82 2.98 4.46 2.44
1.94 3.32 3.88 2.2
1.74 2.4 5.0 2.4
1.8 3.24 4.06 2.3
1.82 2.9 4.66 2.56
1.8 2.68 4.84 2.52
1.8 2.86 4.74 2.6
1.74 2.8 4.56 2.36
1.88 3.22 4.44 2.66
1.82 2.74 4.56 2.3
1.84 3.54 4.08 2.62
1.84 2.88 4.34 2.22
1.86 2.9 4.5 2.4
1.9 3.48 3.86 2.34
1.72 2.98 4.14 2.12
1.88 3.1 4.16 2.26
1.9 2.86 4.48 2.34
1.82 2.96 4.26 2.22
1.78 2.58 4.76 2.34
1.86 2.96 4.52 2.48
1.78 3.02 4.12 2.14
1.92 2.84 4.48 2.32
1.76 3.08 4.4 2.48
1.86 2.64 4.86 2.5
1.76 3.34 4.14 2.48
1.96 3.52 3.98 2.5
1.8 3.18 4.22 2.4
1.84 2.58 4.66 2.24
1.86 2.8 4.64 2.44
1.82 3.04 4.24 2.28
1.8 2.86 4.34 2.2
1.78 2.88 4.6 2.48
1.9 3.7 3.96 2.66
1.78 2.86 4.5 2.36
1.8 2.34 4.98 2.32
1.84 3.2 4.28 2.48
1.88 3.44 4.04 2.48
1.84 3.5 3.76 2.26
1.88 3.02 4.2 2.22
1.82 2.7 4.56 2.26
1.84 2.94 4.58 2.52
1.78 2.98 4.32 2.3
1.96 3.38 3.9 2.28
1.76 3.2 4.14 2.34
1.92 3.92 3.66 2.58
1.82 2.92 4.38 2.3
1.82 3.2 4.44 2.64
1.82 2.92 4.56 2.48
1.8 2.92 4.44 2.36
1.82 2.94 4.6 2.54
1.76 3.1 4.44 2.54
1.86 3.0 4.26 2.26
1.88 3.66 3.72 2.38
1.86 3.06 4.26 2.32
1.84 3.38 4.12 2.5
1.88 3.14 4.4 2.54
1.82 3.02 4.38 2.4
1.86 3.04 4.08 2.12
1.86 2.98 4.58 2.56
1.8 2.46 5.08 2.54
1.94 3.46 3.98 2.44
1.88 3.36 4.28 2.64
1.82 2.94 4.54 2.48
1.78 2.86 4.46 2.32
1.9 3.2 3.94 2.14
1.92 3.58 4.18 2.76
1.76 2.74 4.58 2.32
1.8 2.88 4.58 2.46
1.92 3.28 4.06 2.34
1.82 3.12 4.26 2.38
1.88 3.02 4.46 2.48
1.82 3.16 4.44 2.6
1.78 2.94 4.56 2.5
1.8 2.84 4.5 2.34
1.82 3.08 4.38 2.46
1.86 2.88 4.36 2.24
1.82 3.52 4.06 2.58
1.8 3.16 4.36 2.52
1.86 3.34 4.0 2.34
1.84 3.1 4.28 2.38
1.68 2.6 4.54 2.14
1.88 2.96 4.26 2.22
1.72 2.98 4.5 2.48
1.82 2.8 4.42 2.22
1.72 2.48 4.56 2.04
1.78 2.72 4.48 2.2
1.8 2.82 4.32 2.14
1.94 3.46 4.04 2.5
1.86 3.52 3.84 2.36
1.84 3.1 4.4 2.5
1.84 3.16 4.12 2.28
1.86 3.16 3.94 2.1
1.8 2.8 4.76 2.56
1.88 3.34 4.36 2.7
1.7 3.3 4.24 2.54
1.82 3.42 4.28 2.7
1.9 3.26 4.08 2.34
1.9 3.2 4.12 2.32
1.8 3.5 4.18 2.68
1.94 3.52 4.04 2.56
1.82 3.26 4.06 2.32
1.86 3.5 4.02 2.52
1.82 3.24 4.38 2.62
1.9 3.16 4.28 2.44
1.76 2.82 4.62 2.44
1.84 3.58 4.1 2.68
1.84 3.38 4.14 2.52
1.88 2.8 4.58 2.38
1.84 2.68 4.66 2.34
1.98 3.62 3.94 2.56
1.88 3.14 4.14 2.28
1.7 2.78 4.62 2.4
1.84 3.2 4.2 2.4
1.9 3.62 3.92 2.54
1.7 3.26 4.26 2.52
1.88 3.8 3.64 2.44
1.8 3.02 4.52 2.54
1.88 3.54 3.84 2.38
1.8 2.9 4.44 2.34
1.84 2.88 4.42 2.3
1.8 2.96 4.5 2.46
1.86 3.28 4.12 2.4
1.78 2.92 4.5 2.42
1.74 3.26 4.02 2.28
1.76 2.76 4.9 2.66
1.86 2.84 4.78 2.62
1.94 3.2 4.28 2.48
1.84 2.68 4.6 2.28
1.8 2.84 4.82 2.66
1.86 3.06 4.16 2.22
1.84 3.38 4.24 2.62
1.76 3.24 4.34 2.58
1.88 3.02 4.34 2.36
1.82 2.62 4.68 2.3
1.78 3.1 4.38 2.48
1.8 3.32 4.12 2.44
1.78 2.58 4.64 2.22
1.72 3.24 4.3 2.54
1.78 2.88 4.8 2.68
1.84 3.08 4.32 2.4
1.92 3.08 4.2 2.28
1.78 2.82 4.4 2.22
1.9 3.2 4.24 2.44
1.8 3.2 4.34 2.54
1.86 3.58 3.78 2.36
1.9 2.54 4.86 2.4
1.86 2.88 4.68 2.56
1.82 3.06 4.68 2.74
1.82 3.02 4.4 2.42
1.8 2.84 4.38 2.22
1.88 3.4 4.24 2.64
1.88 2.8 4.4 2.2
1.8 3.06 4.46 2.52
1.78 2.88 4.72 2.6
1.8 3.12 4.32 2.44
1.88 2.56 4.62 2.18
1.76 2.7 4.68 2.38
1.82 3.16 4.06 2.22
1.86 2.68 4.48 2.16
1.74 3.34 4.36 2.7
1.84 3.46 3.94 2.4
1.7 2.86 4.44 2.3
1.84 3.38 4.14 2.52
1.84 3.14 4.14 2.28
1.8 2.98 4.24 2.22
1.86 3.16 4.1 2.26
1.8 2.94 4.58 2.52
1.84 3.3 4.12 2.42
1.82 3.32 4.06 2.38
1.88 3.24 4.3 2.54
1.84 3.28 4.24 2.52
1.8 3.02 4.24 2.26
1.76 3.14 4.46 2.6
1.78 3.26 4.22 2.48
1.78 3.24 4.26 2.5
1.78 2.68 4.7 2.38
1.78 2.6 5.04 2.64
1.84 2.82 4.34 2.16
1.82 2.76 4.64 2.4
1.86 2.8 4.2 2.0
1.82 2.9 4.56 2.46
1.88 3.2 4.34 2.54
1.84 3.48 4.3 2.78
1.84 3.42 4.04 2.46
1.86 2.92 4.46 2.38
1.88 3.36 4.0 2.36
1.88 3.1 4.28 2.38
1.8 2.66 4.68 2.34
1.86 3.46 3.92 2.38
1.92 3.1 4.12 2.22
1.88 3.68 4.12 2.8
1.82 3.12 4.32 2.44
1.94 3.16 4.18 2.34
1.8 3.36 4.08 2.44
1.88 3.24 4.02 2.26
1.9 2.74 4.38 2.12
1.8 2.78 4.2 1.98
1.72 2.72 4.68 2.4
1.86 3.1 4.14 2.24
1.78 3.02 4.32 2.34
1.84 3.74 3.82 2.56
1.84 2.88 4.5 2.38
1.82 3.28 4.1 2.38
1.8 3.52 4.26 2.78
1.86 3.16 4.16 2.32
1.88 2.98 4.42 2.4
1.9 3.16 4.44 2.6
1.84 3.24 4.22 2.46
1.78 2.7 4.88 2.58
1.8 2.74 4.44 2.18
1.78 3.06 4.26 2.32
1.86 2.94 4.52 2.46
1.8 2.8 4.56 2.36
1.84 3.04 4.36 2.4
1.88 2.88 4.5 2.38
1.78 3.0 4.42 2.42
1.88 3.18 4.08 2.26
1.76 2.64 4.8 2.44
1.8 2.94 4.38 2.32
1.88 2.86 4.24 2.1
1.84 3.04 4.5 2.54
1.86 3.6 3.88 2.48
1.86 3.0 4.54 2.54
1.84 2.76 4.58 2.34
1.92 3.32 4.02 2.34
1.78 3.2 4.32 2.52
1.9 3.2 4.14 2.34
1.86 3.32 4.12 2.44
1.86 3.38 3.92 2.3
1.78 2.54 4.94 2.48
1.8 3.08 4.46 2.54
1.7 2.4 4.96 2.36
1.9 3.36 3.98 2.34
1.88 3.28 4.06 2.34
1.84 2.56 4.62 2.18
1.84 3.62 4.12 2.74
1.8 3.3 4.2 2.5
1.88 3.3 4.06 2.36
1.86 2.92 4.56 2.48
1.78 2.8 4.52 2.32
1.86 3.58 3.92 2.5
1.78 2.56 4.96 2.52
1.8 2.94 4.52 2.46
1.8 3.08 4.18 2.26
1.84 3.24 4.18 2.42
1.76 3.36 4.38 2.74
1.84 2.9 4.46 2.36
1.84 2.88 4.56 2.44
1.82 3.04 4.38 2.42
1.88 3.7 3.58 2.28
1.82 3.32 4.34 2.66
1.88 3.22 4.14 2.36
1.84 3.12 4.34 2.46
1.84 3.48 4.16 2.64
1.84 3.2 4.52 2.72
1.88 3.02 4.22 2.24
1.86 3.24 4.22 2.46
1.88 2.48 4.66 2.14
1.82 2.88 4.7 2.58
1.88 3.14 4.08 2.22
1.8 3.04 4.46 2.5
1.76 2.82 4.32 2.14
1.82 2.92 4.44 2.36
1.96 3.72 3.8 2.52
1.9 3.32 4.0 2.32
1.94 2.76 4.6 2.36
1.82 2.82 4.62 2.44
1.82 3.32 4.18 2.5
1.8 2.92 4.78 2.7
1.86 3.88 3.82 2.7
1.88 2.74 4.48 2.22
1.76 3.16 4.3 2.46
1.86 2.98 4.38 2.36
1.8 2.78 4.48 2.26
1.78 2.7 4.64 2.34
1.9 3.28 4.1 2.38
1.8 3.2 4.18 2.38
1.88 3.86 3.76 2.62
1.84 3.16 4.3 2.46
1.88 3.1 4.58 2.68
1.76 2.82 4.36 2.18
1.84 2.82 4.5 2.32
1.8 3.06 4.4 2.46
1.88 3.52 3.7 2.22
1.72 3.54 4.12 2.66
1.84 2.9 4.64 2.54
1.88 3.24 4.18 2.42
1.88 3.54 3.94 2.48
1.82 3.14 4.38 2.52
1.8 3.1 4.32 2.42
1.86 3.5 4.2 2.7
1.84 3.14 4.42 2.56
1.78 3.22 4.06 2.28
1.8 2.6 4.66 2.26
1.84 3.22 4.2 2.42
1.82 2.98 4.3 2.28
1.8 3.4 4.08 2.48
1.82 3.24 4.1 2.34
1.84 3.5 4.02 2.52
1.86 3.04 4.3 2.34
1.9 3.12 4.32 2.44
1.82 2.82 4.62 2.44
1.84 3.06 4.36 2.42
1.84 3.26 4.32 2.58
1.9 3.4 4.06 2.46
1.84 2.6 4.74 2.34
1.9 3.22 4.34 2.56
1.78 2.98 4.22 2.2
1.8 2.96 4.28 2.24
1.8 3.7 4.02 2.72
1.78 2.54 4.84 2.38
1.88 3.3 4.04 2.34
1.82 2.66 4.66 2.32
1.78 2.98 4.36 2.34
1.88 3.36 3.98 2.34
1.92 3.52 4.06 2.58
1.66 2.68 4.56 2.24
1.86 3.14 4.52 2.66
1.68 2.78 4.62 2.4
1.84 3.18 4.14 2.32
1.82 3.22 4.28 2.5
1.88 3.06 4.06 2.12
1.8 3.26 4.32 2.58
1.78 2.84 4.7 2.54
1.84 3.72 3.82 2.54
1.82 2.92 4.36 2.28
1.84 3.42 4.28 2.7
1.84 3.08 4.5 2.58
1.84 3.28 4.44 2.72
1.78 2.94 4.34 2.28
1.9 3.48 4.24 2.72
1.82 2.82 4.66 2.48
1.72 2.54 4.96 2.5
1.82 2.6 4.56 2.16
1.88 4.04 3.76 2.8
1.9 3.28 4.4 2.68
1.84 3.34 4.16 2.5
1.86 3.06 4.36 2.42
1.86 3.14 4.04 2.18
1.82 2.78 4.44 2.22
1.8 2.9 4.38 2.28
1.82 2.76 4.38 2.14
1.82 3.16 4.4 2.56
1.8 2.78 4.52 2.3
1.88 3.14 4.3 2.44
1.78 2.24 5.0 2.24
1.84 2.74 4.5 2.24
1.76 3.14 4.34 2.48
1.84 3.14 4.24 2.38
1.8 3.5 3.98 2.48
1.78 2.92 4.36 2.28
1.88 3.8 3.88 2.68
1.88 3.06 4.52 2.58
1.88 3.3 4.08 2.38
1.82 3.12 4.46 2.58
1.78 2.92 4.48 2.4
1.8 3.52 4.1 2.62
1.92 3.22 4.24 2.46
1.84 2.94 4.44 2.38
1.78 3.04 4.48 2.52
1.86 3.32 4.08 2.4
1.84 3.0 4.32 2.32
1.78 3.38 4.12 2.5
1.86 2.8 4.6 2.4
1.8 3.32 4.08 2.4
1.88 3.8 3.98 2.78
1.88 2.86 4.42 2.28
1.86 3.78 3.68 2.46
1.84 3.26 4.32 2.58
1.86 3.16 4.1 2.26
1.94 3.42 3.9 2.32
1.84 3.38 4.1 2.48
1.84 3.08 4.52 2.6
1.92 3.48 3.9 2.38
1.88 3.18 4.28 2.46
1.8 2.98 4.52 2.5
1.74 2.92 4.46 2.38
1.82 2.82 4.62 2.44
1.9 3.02 4.14 2.16
1.82 2.98 4.22 2.2
1.74 2.74 4.84 2.58
1.78 2.48 5.0 2.48
1.76 3.04 4.5 2.54
1.84 3.46 3.82 2.28
1.82 2.66 4.86 2.52
1.76 3.04 4.16 2.2
1.84 3.28 4.22 2.5
1.8 3.32 4.02 2.34
1.84 3.32 4.02 2.34
1.8 2.64 4.54 2.18
1.86 3.06 4.36 2.42
1.92 3.46 3.92 2.38
1.84 3.52 4.16 2.68
1.82 3.3 4.16 2.46
1.82 3.46 4.0 2.46
1.78 3.04 4.18 2.22
1.86 2.88 4.5 2.38
1.92 3.78 3.7 2.48
1.78 3.06 4.38 2.44
1.86 3.06 4.42 2.48
1.7 2.94 4.74 2.68
1.92 3.08 4.4 2.48
1.84 3.48 4.02 2.5
1.88 2.82 4.48 2.3
1.84 2.82 4.52 2.34
1.84 3.08 4.32 2.4
1.86 3.2 3.94 2.14
1.82 3.14 4.2 2.34
1.82 2.64 4.36 2.0
1.82 2.74 4.78 2.52
1.84 2.68 4.56 2.24
1.84 3.24 4.3 2.54
1.82 3.34 3.9 2.24
1.84 2.78 4.64 2.42
1.8 3.26 4.3 2.56
1.8 2.92 4.32 2.24
1.86 3.1 4.34 2.44
1.82 3.22 4.08 2.3
1.92 3.3 3.96 2.26
1.84 3.44 4.2 2.64
1.8 2.76 4.52 2.28
1.92 3.2 4.28 2.48
1.78 3.0 4.38 2.38
1.92 3.84 3.7 2.54
1.72 2.54 4.88 2.42
1.86 3.18 4.36 2.54
1.82 3.48 4.12 2.6
1.78 3.76 4.06 2.82
1.7 2.72 4.8 2.52
1.92 3.48 4.0 2.48
1.72 2.74 4.82 2.56
1.8 2.7 4.74 2.44
1.8 3.1 4.22 2.32
1.86 3.3 4.3 2.6
1.8 2.66 4.56 2.22
1.74 3.06 4.26 2.32
1.82 3.34 4.26 2.6
1.84 3.54 4.02 2.56
1.9 3.3 3.8 2.1
1.9 3.38 4.06 2.44
1.86 2.96 4.28 2.24
1.8 3.14 3.96 2.1
1.76 2.84 4.28 2.12
1.92 3.44 4.1 2.54
1.9 3.9 3.62 2.52
1.82 2.9 4.34 2.24
1.92 2.86 4.72 2.58
1.86 2.54 4.7 2.24
1.86 2.48 4.98 2.46
1.78 3.0 4.24 2.24
1.92 3.1 4.26 2.36
1.72 2.6 5.02 2.62
1.92 3.06 4.44 2.5
1.9 3.6 3.74 2.34
1.9 3.54 3.98 2.52
1.86 3.14 4.04 2.18
1.82 2.72 4.46 2.18
1.86 3.64 4.0 2.64
1.84 3.14 4.2 2.34
1.76 2.44 4.96 2.4
1.74 2.82 4.52 2.34
1.88 3.4 4.28 2.68
1.84 2.68 4.56 2.24
1.88 2.86 4.74 2.6
1.88 2.94 4.42 2.36
1.86 2.82 4.24 2.06
1.92 3.4 4.08 2.48
1.82 3.3 4.26 2.56
1.78 3.06 4.2 2.26
1.88 3.66 3.9 2.56
1.86 2.92 4.42 2.34
1.9 3.36 4.12 2.48
1.86 3.46 3.92 2.38
1.8 2.46 4.58 2.04
1.8 2.88 4.66 2.54
1.72 2.5 4.88 2.38
1.76 3.0 4.34 2.34
1.86 2.72 4.44 2.16
1.82 3.24 4.32 2.56
1.74 2.62 4.68 2.3
1.78 2.48 4.62 2.1
1.84 2.84 4.5 2.34
1.86 3.46 4.04 2.5
1.78 2.88 4.4 2.28
1.86 2.82 4.6 2.42
1.84 3.34 4.32 2.66
1.92 3.16 4.22 2.38
1.8 3.12 4.3 2.42
1.82 3.02 4.44 2.46
1.84 3.12 4.36 2.48
1.92 3.76 3.72 2.48
1.88 3.24 3.98 2.22
1.88 3.38 4.08 2.46
1.8 3.22 4.4 2.62
1.78 2.8 4.52 2.32
1.84 3.24 4.42 2.66
1.84 3.0 4.66 2.66
1.82 3.1 4.28 2.38
1.8 2.66 4.64 2.3
1.82 3.44 4.38 2.82
1.92 3.68 3.98 2.66
1.8 3.6 4.06 2.66
1.76 2.88 4.44 2.32
1.82 3.06 4.46 2.52
1.9 3.6 3.96 2.56
1.78 2.94 4.64 2.58
1.8 2.42 5.0 2.42
1.88 2.94 4.38 2.32
1.8 2.84 4.5 2.34
1.88 2.86 4.3 2.16
1.84 2.98 4.6 2.58
1.76 2.88 4.36 2.24
1.8 2.76 4.36 2.12
1.76 2.74 4.66 2.4
1.82 3.18 4.2 2.38
1.84 3.1 4.58 2.68
1.88 3.32 4.44 2.76
1.84 3.36 4.12 2.48
1.8 2.68 4.8 2.48
1.8 3.0 4.44 2.44
1.84 3.24 4.1 2.34
1.72 2.76 4.4 2.16
1.92 3.16 4.52 2.68
1.78 2.72 4.56 2.28
1.8 2.92 4.5 2.42
1.86 3.34 4.0 2.34
1.88 3.02 4.36 2.38
1.72 2.7 4.82 2.52
1.76 3.0 4.54 2.54
1.78 3.22 4.36 2.58
1.78 3.2 4.18 2.38
1.84 2.88 4.4 2.28
1.76 2.92 4.56 2.48
1.68 2.44 5.02 2.46
1.94 3.44 3.94 2.38
1.84 3.04 4.34 2.38
1.8 3.04 4.36 2.4
1.9 3.02 4.26 2.28
1.76 3.08 4.48 2.56
1.78 2.82 4.78 2.6
1.84 3.6 3.84 2.44
1.86 3.2 4.22 2.42
1.84 3.38 3.98 2.36
1.9 3.48 3.98 2.46
1.82 3.4 3.92 2.32
1.82 3.22 4.26 2.48
1.9 2.62 4.68 2.3
1.82 3.16 4.14 2.3
1.82 2.96 4.3 2.26
1.86 3.28 4.22 2.5
1.86 2.96 4.44 2.4
1.86 3.2 4.16 2.36
1.82 3.16 4.34 2.5
1.86 2.88 4.48 2.36
1.84 2.94 4.42 2.36
1.76 2.86 4.52 2.38
1.88 3.42 3.96 2.38
1.76 2.96 4.26 2.22
1.78 3.08 4.56 2.64
1.88 3.18 4.48 2.66
1.86 2.7 4.66 2.36
1.76 3.0 4.36 2.36
1.86 2.92 4.56 2.48
1.8 3.22 4.28 2.5
1.78 2.96 4.62 2.58
1.86 3.14 4.16 2.3
1.96 3.38 4.0 2.38
1.9 3.22 4.1 2.32
1.78 2.96 4.5 2.46
1.9 2.92 4.44 2.36
1.84 3.72 4.08 2.8
1.82 3.22 4.26 2.48
1.92 3.86 3.66 2.52
1.88 3.34 3.82 2.16
1.92 3.56 3.56 2.12
1.8 2.84 4.54 2.38
1.82 2.96 4.4 2.36
1.84 3.18 4.4 2.58
1.84 2.96 4.24 2.2
1.8 3.6 4.1 2.7
1.94 3.36 3.98 2.34
1.76 2.96 4.44 2.4
1.92 4.02 3.54 2.56
1.82 3.16 4.14 2.3
1.74 2.6 4.6 2.2
1.74 3.06 4.38 2.44
1.8 2.98 4.32 2.3
1.78 2.8 4.66 2.46
1.82 3.5 3.92 2.42
1.82 2.92 4.18 2.1
1.82 2.42 4.84 2.26
1.8 2.72 4.6 2.32
1.82 3.34 4.14 2.48
1.86 3.46 3.9 2.36
1.88 2.74 4.54 2.28
1.92 3.42 3.88 2.3
1.9 3.8 3.66 2.46
1.86 3.5 4.14 2.64
1.78 2.88 4.4 2.28
1.86 3.32 3.9 2.22
1.82 3.1 4.52 2.62
1.82 3.54 3.94 2.48
1.84 2.78 4.6 2.38
1.92 3.52 3.94 2.46
1.82 2.82 4.4 2.22
1.88 3.54 3.6 2.14
1.86 3.26 4.34 2.6
1.78 2.98 4.28 2.26
1.88 3.56 4.0 2.56
1.76 2.78 4.58 2.36
1.86 3.1 4.82 2.92
1.84 2.56 4.76 2.32
1.96 3.42 4.12 2.54
1.9 3.32 4.1 2.42
1.82 2.94 4.66 2.6
1.78 2.96 4.6 2.56
1.86 3.36 3.86 2.22
1.92 3.78 3.84 2.62
1.78 2.48 5.06 2.54
1.78 3.28 4.24 2.52
1.8 2.68 4.86 2.54
1.82 2.84 4.44 2.28
1.82 2.66 4.52 2.18
1.76 2.88 4.4 2.28
1.82 2.8 4.56 2.36
1.82 3.06 4.42 2.48
1.8 2.46 4.82 2.28
1.78 2.94 4.48 2.42
1.78 3.12 4.32 2.44
1.76 2.66 4.54 2.2
1.72 2.88 4.36 2.24
1.92 2.98 4.36 2.34
1.84 3.08 4.2 2.28
1.72 2.54 4.78 2.32
1.8 2.8 4.6 2.4
1.76 3.06 4.6 2.66
1.86 3.44 4.06 2.5
1.92 2.78 4.58 2.36
1.84 3.24 4.08 2.32
1.88 3.14 4.22 2.36
1.82 2.92 4.36 2.28
1.82 3.02 4.44 2.46
1.84 2.86 4.52 2.38
1.86 3.12 4.22 2.34
1.86 3.3 4.06 2.36
1.86 3.26 4.36 2.62
1.88 3.2 4.26 2.46
1.8 2.96 4.66 2.62
1.84 2.88 4.34 2.22
1.88 3.7 3.98 2.68
1.9 3.04 4.24 2.28
1.84 3.04 4.5 2.54
1.78 2.84 4.42 2.26
1.78 3.12 4.24 2.36
1.78 2.64 4.92 2.56
1.86 3.12 4.26 2.38
1.88 2.6 4.46 2.06
1.82 3.18 4.22 2.4
1.88 3.18 4.1 2.28
1.96 3.4 3.92 2.32
1.9 3.38 3.96 2.34
1.94 2.76 4.58 2.34
1.84 3.58 3.96 2.54
1.84 2.98 4.4 2.38
1.82 3.34 4.2 2.54
1.82 2.76 4.66 2.42
1.84 2.8 4.68 2.48
1.8 2.94 4.18 2.12
1.88 3.48 3.92 2.4
1.78 3.0 4.58 2.58
1.9 3.24 4.2 2.44
1.74 2.86 4.76 2.62
1.78 3.12 4.42 2.54
1.82 3.0 4.2 2.2
1.94 3.3 3.92 2.22
1.86 3.12 4.34 2.46
1.82 2.98 4.24 2.22
1.8 2.98 4.7 2.68
1.8 2.84 4.42 2.26
1.8 3.28 4.14 2.42
1.84 3.6 3.94 2.54
1.82 3.54 3.9 2.44
1.84 2.68 4.22 1.9
1.88 3.3 4.14 2.44
1.88 3.68 3.88 2.56
1.8 2.54 4.6 2.14
1.86 2.98 4.48 2.46
1.8 3.16 4.56 2.72
1.84 3.02 4.58 2.6
1.8 3.24 4.36 2.6
1.82 3.22 4.3 2.52
1.88 3.24 4.3 2.54
1.84 2.96 4.48 2.44
1.8 2.88 4.5 2.38
1.86 3.22 4.42 2.64
1.86 3.02 4.26 2.28
1.76 2.66 5.02 2.68
1.8 3.78 4.0 2.78
1.92 2.98 4.28 2.26
1.74 3.04 4.7 2.74
1.92 2.88 4.42 2.3
1.84 3.08 4.56 2.64
1.8 2.98 4.36 2.34
1.82 2.68 4.8 2.48
1.8 2.82 4.8 2.62
1.84 3.34 4.28 2.62
1.78 3.38 4.44 2.82
1.8 3.18 4.18 2.36
1.82 3.34 4.3 2.64
1.82 3.08 4.42 2.5
1.76 2.84 4.38 2.22
1.84 3.06 4.56 2.62
1.76 2.5 4.64 2.14
1.92 3.86 3.64 2.5
1.72 2.84 4.68 2.52
1.82 3.14 4.28 2.42
1.78 3.48 3.98 2.46
1.84 2.98 4.5 2.48
1.92 3.2 4.12 2.32
1.76 2.78 4.78 2.56
1.88 3.26 3.98 2.24
1.82 2.48 4.92 2.4
1.78 2.74 4.74 2.48
1.78 2.88 4.6 2.48
1.82 3.28 3.98 2.26
1.88 3.36 4.18 2.54
1.8 3.34 4.32 2.66
1.76 2.88 4.54 2.42
1.82 3.04 4.3 2.34
1.7 2.56 4.72 2.28
1.76 2.46 4.88 2.34
1.94 3.28 4.14 2.42
1.86 3.22 3.96 2.18
1.84 2.84 4.38 2.22
1.78 2.62 4.86 2.48
1.78 2.48 4.86 2.34
1.82 2.84 4.48 2.32
1.78 2.78 4.5 2.28
1.82 3.56 3.94 2.5
1.86 3.52 4.0 2.52
1.82 3.26 3.94 2.2
1.78 3.2 4.22 2.42
1.92 2.8 4.54 2.34
1.78 2.92 4.6 2.52
1.88 3.58 4.0 2.58
1.78 3.0 4.5 2.5
1.78 2.88 4.48 2.36
1.8 2.78 4.86 2.64
1.82 3.28 4.24 2.52
1.82 3.0 4.5 2.5
1.86 3.24 4.18 2.42
1.84 3.28 4.22 2.5
1.84 3.18 4.42 2.6
1.8 2.94 4.28 2.22
1.82 2.82 4.6 2.42
1.84 3.16 4.42 2.58
1.9 3.26 4.22 2.48
1.82 2.9 4.32 2.22
1.9 3.7 3.8 2.5
1.9 3.06 4.26 2.32
1.78 2.6 4.86 2.46
1.84 3.2 4.2 2.4
1.68 2.96 4.68 2.64
1.78 3.0 4.56 2.56
1.8 2.98 4.7 2.68
1.82 2.8 4.58 2.38
1.9 3.02 4.46 2.48
1.86 3.26 4.18 2.44
1.82 3.06 4.48 2.54
1.84 3.58 4.08 2.66
1.84 2.64 4.68 2.32
1.78 3.16 4.14 2.3
1.9 3.12 4.28 2.4
1.94 3.4 4.3 2.7
1.88 3.56 3.96 2.52
1.74 3.14 4.62 2.76
1.82 2.64 4.64 2.28
1.78 2.74 4.62 2.36
1.76 2.7 4.52 2.22
1.82 3.44 4.24 2.68
1.76 2.9 4.42 2.32
1.74 2.74 4.6 2.34
1.92 3.36 4.08 2.44
1.88 3.18 4.06 2.24
1.82 3.12 4.18 2.3
1.78 3.58 4.06 2.64
1.92 3.18 4.24 2.42
1.86 3.02 4.56 2.58
1.86 3.32 3.92 2.24
1.8 3.2 3.94 2.14
1.8 3.0 4.56 2.56
1.88 3.06 4.24 2.3
1.76 2.88 4.6 2.48
1.82 2.82 4.48 2.3
1.74 2.88 4.26 2.14
1.9 3.02 4.24 2.26
1.8 3.1 4.46 2.56
1.78 2.8 4.74 2.54
1.82 3.14 4.3 2.44
1.84 3.2 4.36 2.56
1.82 3.02 4.4 2.42
1.88 2.9 4.3 2.2
1.9 3.1 4.28 2.38
1.9 3.1 4.34 2.44
1.86 3.32 3.98 2.3
1.88 2.8 4.48 2.28
1.8 2.96 4.38 2.34
1.84 3.0 4.5 2.5
1.88 3.12 4.22 2.34
1.88 3.3 4.12 2.42
1.82 3.0 4.36 2.36
1.84 3.0 4.52 2.52
1.76 3.02 4.48 2.5
1.9 3.58 3.86 2.44
1.84 3.2 4.04 2.24
1.82 2.86 4.2 2.06
1.82 3.12 4.34 2.46
1.88 3.58 4.08 2.66
1.86 3.02 4.32 2.34
1.8 3.0 4.6 2.6
1.78 2.66 4.42 2.08
1.86 2.6 4.62 2.22
1.86 3.0 4.86 2.86
1.8 2.9 4.28 2.18
1.82 3.04 4.58 2.62
1.84 2.98 4.36 2.34
1.82 3.28 4.24 2.52
1.86 3.22 4.26 2.48
1.82 3.04 4.52 2.56
1.9 3.56 3.76 2.32
1.88 3.12 4.22 2.34
1.94 3.58 3.82 2.4
1.84 3.32 3.98 2.3
1.8 2.8 4.6 2.4
1.88 2.8 4.58 2.38
1.84 2.98 4.42 2.4
1.8 3.24 4.28 2.52
1.84 3.06 4.38 2.44
1.82 2.94 4.24 2.18
1.82 3.08 4.24 2.32
1.86 3.06 4.42 2.48
1.84 2.86 4.56 2.42
1.86 3.4 4.2 2.6
1.92 2.94 4.02 1.96
1.86 3.22 4.5 2.72
1.78 2.72 4.54 2.26
1.8 2.86 4.46 2.32
1.8 2.94 4.22 2.16
1.88 3.3 4.08 2.38
1.9 3.18 4.22 2.4
1.78 3.04 4.36 2.4
1.84 3.12 4.16 2.28
1.76 3.1 4.3 2.4
1.84 3.18 4.56 2.74
1.82 2.98 4.56 2.54
1.8 3.26 4.2 2.46
1.92 3.2 4.3 2.5
1.86 3.56 3.96 2.52
1.84 2.82 4.8 2.62
1.82 3.24 4.38 2.62
1.84 3.16 4.16 2.32
1.86 3.82 3.88 2.7
1.88 2.82 4.1 1.92
1.82 3.32 4.08 2.4
1.88 3.34 4.16 2.5
1.92 3.64 4.0 2.64
1.84 2.96 4.48 2.44
1.84 2.78 4.6 2.38
1.94 2.98 4.26 2.24
1.86 2.6 4.86 2.46
1.86 3.1 4.26 2.36
1.9 3.02 4.52 2.54
1.88 2.86 4.18 2.04
1.76 2.72 4.42 2.14
1.88 2.96 4.06 2.02
1.8 3.26 4.28 2.54
1.74 2.84 4.46 2.3
1.82 3.2 4.34 2.54
1.9 3.3 4.02 2.32
1.86 3.16 4.54 2.7
1.86 2.8 4.66 2.46
1.84 3.08 4.2 2.28
1.86 2.82 4.48 2.3
1.8 3.24 4.26 2.5
1.66 2.72 4.56 2.28
1.76 3.06 4.68 2.74
1.72 2.5 4.78 2.28
1.74 3.16 4.36 2.52
1.88 3.06 4.6 2.66
1.8 3.5 3.76 2.26
1.94 3.1 4.0 2.1
1.88 3.56 3.94 2.5
1.8 3.04 4.3 2.34
1.82 2.94 4.22 2.16
1.8 3.04 4.1 2.14
1.78 2.92 4.3 2.22
1.8 2.98 4.24 2.22
1.8 2.88 4.32 2.2
1.86 3.24 4.22 2.46
1.82 2.96 4.54 2.5
1.78 3.02 4.38 2.4
1.82 2.7 4.56 2.26
1.84 3.46 4.18 2.64
1.8 2.46 4.62 2.08
1.88 3.4 3.9 2.3
1.82 2.94 4.26 2.2
1.9 3.4 3.98 2.38
1.76 2.68 4.84 2.52
1.88 3.22 4.3 2.52
1.86 2.98 4.38 2.36
1.82 2.96 4.48 2.44
1.92 3.14 4.24 2.38
1.78 2.92 4.72 2.64
1.84 3.22 4.14 2.36
1.76 2.6 4.72 2.32
1.8 2.98 4.42 2.4
1.74 2.86 4.44 2.3
1.94 3.42 3.84 2.26
1.84 3.58 4.0 2.58
1.84 3.04 4.72 2.76
1.9 3.46 3.78 2.24
1.78 3.14 4.48 2.62
1.86 3.0 4.24 2.24
1.88 2.96 4.44 2.4
1.88 2.98 4.54 2.52
1.86 3.08 4.24 2.32
1.86 2.94 4.48 2.42
1.9 3.42 4.04 2.46
1.7 2.4 4.92 2.32
1.84 3.28 3.9 2.18
1.82 3.58 4.04 2.62
1.8 2.76 4.52 2.28
1.82 3.28 4.14 2.42
1.78 2.44 4.78 2.22
1.92 3.5 4.06 2.56
1.86 3.08 4.12 2.2
1.86 2.8 4.52 2.32
1.82 3.02 4.66 2.68
1.84 3.04 4.3 2.34
1.8 2.9 4.36 2.26
1.9 3.22 4.24 2.46
1.78 2.72 4.88 2.6
1.86 2.92 4.28 2.2
1.86 3.3 4.4 2.7
1.78 3.42 4.18 2.6
1.84 3.1 4.26 2.36
1.84 3.06 4.18 2.24
1.84 2.84 4.46 2.3
1.86 3.56 4.18 2.74
1.9 3.42 3.88 2.3
1.76 3.16 4.22 2.38
1.82 2.8 4.36 2.16
1.92 3.7 3.56 2.26
1.84 3.28 3.9 2.18
1.72 2.78 4.66 2.44
1.74 2.84 4.66 2.5
1.76 2.78 4.56 2.34
1.9 2.94 4.16 2.1
1.84 3.46 4.04 2.5
1.8 2.94 4.1 2.04
1.86 2.62 4.62 2.24
1.86 3.18 4.12 2.3
1.84 2.76 4.6 2.36
1.9 3.9 3.42 2.32
1.78 2.64 4.68 2.32
1.84 3.02 4.38 2.4
1.8 2.78 4.48 2.26
1.9 2.88 4.42 2.3
1.84 2.74 4.66 2.4
1.84 3.38 3.9 2.28
1.88 3.26 4.26 2.52
1.84 3.3 4.42 2.72
1.9 3.38 4.18 2.56
1.74 2.86 4.52 2.38
1.86 3.7 3.84 2.54
1.9 3.38 3.88 2.26
1.86 3.2 4.08 2.28
1.88 3.24 4.22 2.46
1.82 3.42 4.14 2.56
1.76 3.1 4.54 2.64
1.84 3.2 4.14 2.34
1.84 3.46 4.2 2.66
1.86 3.48 3.82 2.3
1.84 3.04 4.6 2.64
1.9 3.64 4.24 2.88
1.92 3.1 4.42 2.52
1.88 2.92 4.64 2.56
1.82 2.64 4.74 2.38
1.74 2.34 5.06 2.4
1.9 3.7 4.06 2.76
1.86 3.4 3.98 2.38
1.68 2.82 4.46 2.28
1.9 3.78 3.78 2.56
1.86 3.38 3.92 2.3
1.94 3.5 4.12 2.62
1.74 3.54 3.92 2.46
1.82 3.02 4.58 2.6
1.74 3.0 4.04 2.04
1.86 3.56 4.14 2.7
1.84 3.18 4.26 2.44
1.88 3.06 4.16 2.22
1.78 2.74 4.58 2.32
1.84 2.88 4.58 2.46
1.86 3.74 3.84 2.58
1.84 3.52 3.72 2.24
1.8 2.46 4.84 2.3
1.84 3.06 4.22 2.28
1.84 2.68 4.88 2.56
1.82 3.1 4.38 2.48
1.86 3.62 3.92 2.54
1.78 3.14 4.38 2.52
1.84 3.12 4.1 2.22
1.86 3.16 4.12 2.28
1.84 3.0 4.42 2.42
1.76 3.34 4.32 2.66
1.84 3.06 4.36 2.42
1.74 2.66 4.58 2.24
1.84 2.9 4.64 2.54
1.82 3.04 4.2 2.24
1.86 3.16 4.4 2.56
1.74 3.14 4.42 2.56
1.88 3.9 3.78 2.68
1.84 2.8 4.48 2.28
1.72 3.08 4.36 2.44
1.8 2.56 4.82 2.38
1.84 3.02 4.28 2.3
1.86 3.1 4.2 2.3
1.9 3.1 4.3 2.4
1.94 3.5 3.82 2.32
1.88 2.9 4.48 2.38
1.74 3.0 4.34 2.34
1.8 3.12 4.76 2.88
1.78 3.26 4.4 2.66
1.84 3.14 4.04 2.18
1.76 2.8 4.76 2.56
1.88 3.5 4.08 2.58
1.9 2.8 4.38 2.18
1.9 2.78 4.42 2.2
1.92 3.2 4.16 2.36
1.86 3.38 4.02 2.4
1.78 2.36 5.02 2.38
1.72 2.54 4.82 2.36
1.84 2.78 4.54 2.32
1.78 2.7 4.88 2.58
1.84 3.1 4.3 2.4
1.86 2.76 4.6 2.36
1.78 2.54 4.78 2.32
1.86 3.64 4.0 2.64
1.78 2.88 4.54 2.42
1.8 3.18 4.18 2.36
1.8 3.46 3.9 2.36
1.9 3.16 4.14 2.3
1.82 3.38 4.32 2.7
1.76 2.82 4.42 2.24
1.7 2.98 4.66 2.64
1.82 3.1 4.28 2.38
1.78 2.86 4.66 2.52
1.94 3.28 4.04 2.32
1.88 2.72 4.48 2.2
1.86 3.14 4.04 2.18
1.74 3.18 4.38 2.56
1.74 2.66 4.78 2.44
1.86 2.9 4.42 2.32
1.8 3.12 4.42 2.54
1.86 3.18 4.22 2.4
1.86 2.62 4.56 2.18
1.74 2.98 4.52 2.5
1.8 3.02 4.28 2.3
1.84 3.3 4.18 2.48
1.9 3.24 4.04 2.28
1.86 2.9 4.44 2.34
1.82 3.32 4.06 2.38
1.86 2.74 4.7 2.44
1.9 2.78 4.44 2.22
1.86 3.12 4.32 2.44
1.86 3.12 4.28 2.4
1.78 3.0 4.48 2.48
1.84 2.92 4.42 2.34
1.92 2.66 4.46 2.12
1.84 3.0 4.54 2.54
1.78 2.66 4.8 2.46
1.74 2.96 4.34 2.3
1.78 3.14 4.28 2.42
1.8 3.34 4.12 2.46
1.82 3.08 4.38 2.46
1.84 2.82 4.26 2.08
1.76 3.36 4.0 2.36
1.88 3.86 3.56 2.42
1.84 3.5 4.0 2.5
1.94 3.78 3.74 2.52
1.86 3.64 3.96 2.6
1.86 3.28 4.54 2.82
1.82 2.8 4.44 2.24
1.76 3.14 4.46 2.6
1.88 3.3 3.92 2.22
1.92 3.42 3.82 2.24
1.84 2.74 4.78 2.52
1.9 3.26 3.84 2.1
1.8 3.02 4.56 2.58
1.94 3.4 3.96 2.36
1.78 2.7 4.72 2.42
1.86 3.36 4.32 2.68
1.84 2.8 4.86 2.66
1.8 3.3 4.1 2.4
1.88 3.34 3.9 2.24
1.84 3.04 4.44 2.48
1.78 2.9 4.22 2.12
1.9 2.9 4.52 2.42
1.7 2.74 4.52 2.26
1.82 2.98 4.38 2.36
1.8 2.9 4.36 2.26
1.86 3.42 4.02 2.44
1.82 2.7 4.76 2.46
1.86 3.12 4.34 2.46
1.84 3.16 4.1 2.26
1.84 3.46 4.1 2.56
1.76 2.8 4.66 2.46
1.84 3.66 3.86 2.52
1.86 2.76 4.68 2.44
1.82 2.7 4.72 2.42
1.86 2.84 4.36 2.2
1.82 2.72 4.76 2.48
1.78 2.86 4.54 2.4
1.78 2.78 4.72 2.5
1.82 3.06 4.24 2.3
1.82 2.96 4.48 2.44
1.86 3.48 4.06 2.54
1.8 3.12 4.18 2.3
1.82 3.28 4.32 2.6
1.92 3.16 4.28 2.44
1.9 3.48 3.84 2.32
1.78 2.86 4.54 2.4
1.76 2.64 4.96 2.6
1.68 2.88 4.78 2.66
1.76 2.9 4.4 2.3
1.84 3.26 4.28 2.54
1.8 3.02 4.46 2.48
1.84 3.0 4.42 2.42
1.82 3.1 4.28 2.38
1.92 3.54 3.66 2.2
1.92 3.26 4.08 2.34
1.84 2.74 4.72 2.46
1.78 2.76 4.46 2.22
1.9 2.74 4.66 2.4
1.86 3.42 3.84 2.26
1.82 3.36 4.14 2.5
1.88 3.4 4.06 2.46
1.84 3.36 3.94 2.3
1.76 3.08 4.24 2.32
1.88 2.96 4.7 2.66
1.8 3.14 4.56 2.7
1.82 2.86 4.32 2.18
1.82 2.84 4.5 2.34
1.92 3.16 4.5 2.66
1.82 3.1 4.28 2.38
1.78 3.06 4.3 2.36
1.86 3.22 4.24 2.46
1.76 3.44 4.32 2.76
1.82 3.1 4.24 2.34
1.8 3.18 4.26 2.44
1.76 2.72 4.7 2.42
1.82 3.42 4.12 2.54
1.7 2.64 4.34 1.98
1.8 3.08 4.4 2.48
1.72 2.4 5.02 2.42
1.88 3.14 4.16 2.3
1.9 3.4 3.92 2.32
1.84 3.1 4.26 2.36
1.92 3.58 4.22 2.8
1.9 3.02 4.26 2.28
1.82 2.68 4.5 2.18
1.8 3.04 4.6 2.64
1.9 3.26 3.84 2.1
1.88 3.5 3.98 2.48
1.82 2.96 4.48 2.44
1.86 3.42 3.98 2.4
1.8 3.14 4.18 2.32
1.92 3.58 3.82 2.4
1.86 2.96 4.62 2.58
1.84 3.48 3.84 2.32
1.8 2.86 4.54 2.4
1.92 3.0 4.32 2.32
1.9 3.58 4.08 2.66
1.82 3.32 4.2 2.52
1.86 2.86 4.22 2.08
1.92 3.68 3.8 2.48
1.76 2.9 4.44 2.34
1.86 2.72 4.66 2.38
1.84 3.4 4.04 2.44
1.84 3.26 4.24 2.5
1.82 3.14 4.28 2.42
1.86 3.24 4.12 2.36
1.8 3.36 4.14 2.5
1.72 2.76 4.58 2.34
1.82 3.3 4.14 2.44
1.86 3.32 4.22 2.54
1.86 3.4 4.0 2.4
1.8 3.14 4.12 2.26
1.76 3.12 4.5 2.62
1.94 3.4 3.98 2.38
1.86 3.14 4.4 2.54
1.92 2.96 4.16 2.12
1.82 2.94 4.66 2.6
1.88 3.6 3.98 2.58
1.86 3.66 3.64 2.3
1.78 2.88 4.34 2.22
1.86 3.36 3.84 2.2
1.88 3.18 4.24 2.42
1.86 3.06 4.4 2.46
1.8 3.08 4.22 2.3
1.8 2.74 4.64 2.38
1.88 3.18 4.42 2.6
1.84 3.02 4.38 2.4
1.94 3.58 3.96 2.54
1.88 2.88 4.34 2.22
1.76 3.04 4.34 2.38
1.86 3.6 3.88 2.48
1.82 2.7 4.5 2.2
1.86 2.96 4.54 2.5
1.9 2.64 4.66 2.3
1.84 3.02 4.18 2.2
1.86 3.12 4.28 2.4
1.8 2.9 4.32 2.22
1.84 2.66 4.82 2.48
1.8 3.08 4.4 2.48
1.84 2.44 5.02 2.46
1.88 3.8 3.62 2.42
1.9 3.36 4.26 2.62
1.94 3.14 4.46 2.6
1.92 3.3 4.4 2.7
1.82 3.28 4.3 2.58
1.82 2.66 4.34 2.0
1.74 2.88 4.72 2.6
1.88 2.84 4.58 2.42
1.9 2.94 4.28 2.22
1.8 3.6 4.24 2.84
1.74 3.06 4.28 2.34
1.92 3.12 4.06 2.18
1.92 3.32 4.34 2.66
1.8 2.82 4.54 2.36
1.84 2.96 4.36 2.32
1.8 3.4 4.0 2.4
1.88 2.9 4.46 2.36
1.88 3.64 3.88 2.52
1.9 3.22 4.34 2.56
1.86 3.22 4.18 2.4
1.74 2.78 4.42 2.2
1.78 2.92 4.5 2.42
1.86 3.52 3.88 2.4
1.84 3.24 4.44 2.68
1.94 3.72 3.92 2.64
1.92 3.56 3.96 2.52
1.88 3.3 4.1 2.4
1.78 2.62 4.66 2.28
1.9 2.92 4.38 2.3
1.84 3.42 4.04 2.46
1.76 2.92 4.6 2.52
1.8 3.36 4.04 2.4
1.84 2.92 4.22 2.14
1.76 2.72 4.86 2.58
1.88 3.3 4.08 2.38
1.76 2.9 4.56 2.46
1.78 2.94 4.4 2.34
1.88 2.98 4.42 2.4
1.94 3.5 4.06 2.56
1.9 3.4 3.76 2.16
1.86 3.02 4.24 2.26
1.88 3.14 4.54 2.68
1.7 2.36 4.78 2.14
1.84 2.82 4.6 2.42
1.9 3.06 4.5 2.56
1.86 2.76 4.58 2.34
1.82 3.1 4.14 2.24
1.88 3.34 4.1 2.44
1.78 3.12 4.54 2.66
1.86 3.04 4.48 2.52
1.82 2.9 4.64 2.54
1.88 2.62 4.3 1.92
1.84 3.6 4.0 2.6
1.82 3.0 4.48 2.48
1.86 3.0 4.36 2.36
1.72 2.84 4.84 2.68
1.84 3.08 4.46 2.54
1.76 3.32 4.28 2.6
1.84 2.94 4.32 2.26
1.86 3.04 4.52 2.56
1.82 3.14 4.16 2.3
1.78 2.62 4.66 2.28
1.72 2.64 4.74 2.38
1.84 3.36 4.2 2.56
1.84 2.98 4.46 2.44
1.76 3.28 4.52 2.8
1.88 3.3 4.32 2.62
1.82 2.86 4.64 2.5
1.84 3.3 4.52 2.82
1.9 2.74 4.56 2.3
1.84 3.1 4.4 2.5
1.82 3.0 4.12 2.12
1.82 3.38 4.26 2.64
1.86 3.2 4.14 2.34
1.84 3.44 3.96 2.4
1.86 3.1 4.26 2.36
1.82 2.76 4.66 2.42
1.9 3.24 4.26 2.5
1.68 2.64 4.54 2.18
1.82 2.9 4.38 2.28
1.82 2.68 4.66 2.34
1.76 3.38 4.2 2.58
1.86 3.24 4.1 2.34
1.82 3.28 4.14 2.42
1.92 3.58 4.02 2.6
1.86 3.32 4.1 2.42
1.86 3.44 4.12 2.56
1.86 3.12 4.24 2.36
1.86 3.44 4.14 2.58
1.86 3.06 4.12 2.18
1.84 3.08 4.48 2.56
1.78 2.88 4.62 2.5
1.8 3.18 4.04 2.22
1.72 3.02 4.22 2.24
1.82 3.06 4.24 2.3
1.82 3.28 4.28 2.56
1.74 2.42 5.1 2.52
1.94 3.24 4.38 2.62
1.8 2.76 4.62 2.38
1.82 3.52 4.2 2.72
1.82 3.0 4.14 2.14
1.72 2.48 5.04 2.52
1.74 3.24 4.5 2.74
1.78 2.82 4.52 2.34
1.82 3.18 4.42 2.6
1.8 3.5 3.94 2.44
1.86 3.32 3.96 2.28
1.94 3.24 4.02 2.26
1.92 2.42 4.98 2.4
1.92 3.04 4.22 2.26
1.8 3.28 4.08 2.36
1.86 3.08 4.28 2.36
1.84 3.1 4.4 2.5
1.88 3.02 4.12 2.14
1.84 3.36 3.86 2.22
1.84 3.32 4.2 2.52
1.88 3.3 4.12 2.42
1.8 2.82 4.58 2.4
1.8 2.86 4.84 2.7
1.86 3.02 4.62 2.64
1.82 3.2 4.2 2.4
1.88 2.84 4.64 2.48
1.88 2.82 4.36 2.18
1.88 3.34 4.14 2.48
1.78 2.92 4.4 2.32
1.8 3.36 4.24 2.6
1.9 3.4 4.02 2.42
1.92 3.44 3.84 2.28
1.78 2.62 4.8 2.42
1.92 3.62 3.88 2.5
1.86 2.96 4.46 2.42
1.88 3.16 4.26 2.42
1.92 3.38 3.92 2.3
1.76 2.86 4.4 2.26
1.84 3.08 4.48 2.56
1.78 3.42 4.1 2.52
1.88 3.48 4.06 2.54
1.86 3.6 3.9 2.5
1.78 2.96 4.7 2.66
1.86 3.12 4.14 2.26
1.9 2.98 4.22 2.2
1.86 3.24 4.22 2.46
1.9 3.32 4.1 2.42
1.82 3.36 4.24 2.6
1.82 3.36 4.18 2.54
1.82 3.0 4.52 2.52
1.8 3.32 4.24 2.56
1.78 3.16 4.04 2.2
1.82 3.2 4.04 2.24
1.8 2.82 4.68 2.5
1.92 3.2 4.28 2.48
1.84 3.34 4.26 2.6
1.92 3.64 3.68 2.32
1.86 3.06 4.36 2.42
1.76 3.16 4.48 2.64
1.9 2.96 4.3 2.26
1.9 3.4 3.96 2.36
1.8 3.12 4.24 2.36
1.84 2.96 4.12 2.08
1.82 2.5 4.74 2.24
1.76 2.92 4.44 2.36
1.88 3.52 3.82 2.34
1.8 2.64 4.68 2.32
1.88 2.96 4.6 2.56
1.82 2.86 4.34 2.2
1.92 3.62 3.92 2.54
1.9 3.18 4.44 2.62
1.88 3.2 4.34 2.54
1.86 3.54 3.7 2.24
1.84 3.48 4.1 2.58
1.92 3.22 4.1 2.32
1.78 2.76 4.32 2.08
1.82 2.82 4.6 2.42
1.88 3.26 4.04 2.3
1.84 2.9 4.54 2.44
1.82 3.04 4.44 2.48
1.84 3.14 4.34 2.48
1.8 2.94 4.72 2.66
1.8 2.84 4.58 2.42
1.8 2.82 4.48 2.3
1.74 2.74 4.68 2.42
1.88 3.16 4.5 2.66
1.76 2.98 4.78 2.76
1.8 2.32 4.78 2.1
1.78 3.08 4.38 2.46
1.82 3.52 4.04 2.56
1.88 3.28 4.18 2.46
1.8 3.12 4.08 2.2
1.88 3.02 4.42 2.44
1.74 2.34 4.88 2.22
1.74 2.7 4.78 2.48
1.82 2.96 4.4 2.36
1.86 2.8 4.28 2.08
1.88 2.8 4.34 2.14
1.88 3.34 4.34 2.68
1.8 2.98 4.44 2.42
1.88 3.3 4.14 2.44
1.9 2.98 4.52 2.5
1.88 3.44 3.98 2.42
1.82 3.46 3.88 2.34
1.76 3.2 4.32 2.52
1.86 3.28 4.06 2.34
1.84 3.0 4.44 2.44
1.82 3.0 4.36 2.36
1.88 3.18 4.1 2.28
1.8 3.02 4.44 2.46
1.82 3.02 4.42 2.44
1.84 3.14 4.24 2.38
1.82 3.06 4.1 2.16
1.84 2.92 4.48 2.4
1.82 3.12 4.44 2.56
1.86 3.68 4.14 2.82
1.72 2.7 4.52 2.22
1.88 3.34 4.14 2.48
1.76 2.94 4.42 2.36
1.9 2.76 4.72 2.48
1.76 3.0 4.52 2.52
1.86 3.36 4.12 2.48
1.74 2.9 4.52 2.42
1.82 2.8 4.54 2.34
1.8 3.32 3.9 2.22
1.68 2.96 4.44 2.4
1.78 3.28 4.06 2.34
1.82 3.14 4.52 2.66
1.94 3.34 3.92 2.26
1.84 2.66 4.6 2.26
1.84 3.16 4.38 2.54
1.76 3.04 4.26 2.3
1.78 3.02 4.68 2.7
1.84 3.66 4.14 2.8
1.8 2.72 4.76 2.48
1.86 3.18 4.18 2.36
1.78 2.94 4.58 2.52
1.86 3.38 4.18 2.56
1.84 2.78 4.68 2.46
1.76 2.96 4.46 2.42
1.84 2.86 4.48 2.34
1.82 2.76 4.48 2.24
1.86 2.96 4.32 2.28
1.84 2.84 4.48 2.32
1.88 3.14 4.18 2.32
1.78 3.46 4.14 2.6
1.78 3.22 4.26 2.48
1.86 3.26 4.22 2.48
1.82 2.76 4.5 2.26
1.78 2.64 4.72 2.36
1.78 2.7 4.88 2.58
1.78 2.98 4.36 2.34
1.78 2.98 4.48 2.46
1.88 3.62 3.88 2.5
1.84 2.96 4.14 2.1
1.9 2.86 4.66 2.52
1.86 3.04 4.54 2.58
1.86 3.1 4.28 2.38
1.8 2.68 4.96 2.64
1.9 2.76 4.6 2.36
1.88 3.36 4.2 2.56
1.88 2.72 4.52 2.24
1.86 3.22 4.06 2.28
1.86 3.28 4.24 2.52
1.84 3.0 4.24 2.24
1.8 2.84 4.66 2.5
1.88 3.12 4.16 2.28
1.68 2.86 4.86 2.72
1.84 2.76 4.6 2.36
1.84 2.88 4.32 2.2
1.84 3.04 4.44 2.48
1.74 2.96 4.12 2.08
1.88 3.36 4.08 2.44
1.82 2.6 4.74 2.34
1.86 3.48 4.04 2.52
1.86 3.66 3.82 2.48
1.832672 3.084904 4.331564 2.416468
