2.7 1.86 3.8 2.66
2.68 2.2 3.5 2.7
2.76 2.32 3.32 2.64
2.74 2.36 3.24 2.6
2.72 2.48 3.2 2.68
2.66 2.28 3.24 2.52
2.6 2.36 3.22 2.58
2.6 1.94 3.64 2.58
2.56 1.98 3.64 2.62
2.74 2.14 3.62 2.76
2.6 1.92 3.58 2.5
2.56 2.08 3.56 2.64
2.72 2.06 3.58 2.64
2.54 2.0 3.56 2.56
2.44 1.9 3.94 2.84
2.62 2.14 3.48 2.62
2.72 2.16 3.36 2.52
2.8 2.32 3.4 2.72
2.66 2.3 3.4 2.7
2.5 1.82 3.8 2.62
2.46 1.84 3.9 2.74
2.64 2.0 3.52 2.52
2.6 1.92 3.72 2.64
2.68 2.2 3.3 2.5
2.54 1.62 4.02 2.64
2.5 1.94 3.64 2.58
2.66 2.04 3.56 2.6
2.6 2.18 3.64 2.82
2.7 2.32 3.44 2.76
2.76 2.74 2.96 2.7
2.72 2.14 3.34 2.48
2.6 2.38 3.48 2.86
2.54 2.04 3.54 2.58
2.66 2.44 3.24 2.68
2.44 1.84 3.9 2.74
2.66 2.14 3.48 2.62
2.4 1.92 3.72 2.64
2.66 1.94 3.86 2.8
2.68 2.08 3.46 2.54
2.7 2.46 3.28 2.74
2.6 1.94 3.74 2.68
2.58 2.22 3.52 2.74
2.44 1.92 3.74 2.66
2.5 1.9 3.82 2.72
2.52 2.08 3.74 2.82
2.64 1.96 3.62 2.58
2.66 2.08 3.6 2.68
2.7 2.18 3.36 2.54
2.58 2.12 3.46 2.58
2.78 2.5 3.0 2.5
2.56 2.22 3.34 2.56
2.6 1.94 3.64 2.58
2.58 2.26 3.38 2.64
2.66 1.96 3.6 2.56
2.58 2.1 3.64 2.74
2.64 2.3 3.48 2.78
2.62 2.08 3.5 2.58
2.62 2.32 3.34 2.66
2.74 1.94 3.8 2.74
2.8 2.14 3.42 2.56
2.66 2.48 3.24 2.72
2.58 2.06 3.44 2.5
2.6 2.06 3.8 2.86
2.7 2.02 3.72 2.74
2.72 1.94 3.6 2.54
2.48 2.1 3.58 2.68
2.62 2.34 3.2 2.54
2.64 2.36 3.28 2.64
2.6 2.1 3.5 2.6
2.58 2.04 3.64 2.68
2.58 1.88 3.7 2.58
2.6 2.02 3.7 2.72
2.52 2.22 3.16 2.38
2.76 2.48 3.04 2.52
2.58 2.14 3.5 2.64
2.66 2.5 3.02 2.52
2.68 2.18 3.32 2.5
2.64 2.16 3.48 2.64
2.64 2.42 3.2 2.62
2.56 2.16 3.6 2.76
2.66 1.94 3.66 2.6
2.6 2.2 3.38 2.58
2.54 2.38 3.28 2.66
2.66 2.2 3.46 2.66
2.74 2.06 3.54 2.6
2.68 2.34 3.12 2.46
2.6 2.16 3.28 2.44
2.58 2.04 3.5 2.54
2.56 2.1 3.46 2.56
2.74 2.14 3.62 2.76
2.68 2.1 3.64 2.74
2.64 2.44 3.4 2.84
2.58 1.92 3.7 2.62
2.66 2.02 3.58 2.6
2.5 2.04 3.7 2.74
2.6 1.82 3.78 2.6
2.5 2.16 3.58 2.74
2.58 2.1 3.56 2.66
2.64 2.16 3.36 2.52
2.66 2.08 3.56 2.64
2.74 2.34 3.32 2.66
2.6 2.08 3.56 2.64
2.74 2.04 3.58 2.62
2.68 2.02 3.58 2.6
2.66 2.24 3.34 2.58
2.64 2.42 3.24 2.66
2.52 2.16 3.48 2.64
2.6 2.18 3.3 2.48
2.74 2.32 3.48 2.8
2.54 2.02 3.66 2.68
2.62 1.88 3.68 2.56
2.56 1.8 3.88 2.68
2.64 2.06 3.54 2.6
2.66 2.42 3.24 2.66
2.7 2.24 3.2 2.44
2.82 2.04 3.7 2.74
2.6 2.26 3.36 2.62
2.64 2.12 3.6 2.72
2.68 2.28 3.46 2.74
2.44 1.92 3.72 2.64
2.36 2.1 3.74 2.84
2.68 2.2 3.34 2.54
2.64 2.22 3.56 2.78
2.72 2.34 3.14 2.48
2.38 2.02 3.84 2.86
2.66 2.04 3.36 2.4
2.46 1.96 3.7 2.66
2.62 1.98 3.62 2.6
2.5 2.28 3.2 2.48
2.7 1.94 3.56 2.5
2.6 1.86 3.74 2.6
2.54 1.82 3.82 2.64
2.64 2.2 3.44 2.64
2.46 2.02 3.6 2.62
2.56 2.34 3.32 2.66
2.56 2.06 3.46 2.52
2.7 2.34 3.4 2.74
2.6 1.9 3.72 2.62
2.5 2.0 3.6 2.6
2.52 2.14 3.44 2.58
2.64 2.06 3.64 2.7
2.6 2.0 3.5 2.5
2.52 2.22 3.24 2.46
2.6 2.12 3.54 2.66
2.6 2.28 3.24 2.52
2.6 2.1 3.56 2.66
2.74 2.38 3.04 2.42
2.64 2.38 3.36 2.74
2.74 2.32 3.2 2.52
2.7 2.1 3.64 2.74
2.6 1.92 3.8 2.72
2.58 2.32 3.22 2.54
2.56 2.28 3.52 2.8
2.54 2.38 3.52 2.9
2.58 2.2 3.4 2.6
2.54 2.14 3.48 2.62
2.68 2.32 3.38 2.7
2.6 2.34 3.26 2.6
2.68 2.1 3.8 2.9
2.78 2.34 3.1 2.44
2.56 2.14 3.54 2.68
2.7 1.92 3.7 2.62
2.52 1.86 3.84 2.7
2.56 2.0 3.7 2.7
2.56 2.24 3.32 2.56
2.62 2.14 3.56 2.7
2.74 2.26 3.28 2.54
2.76 2.1 3.68 2.78
2.56 2.12 3.64 2.76
2.64 2.1 3.48 2.58
2.76 2.1 3.42 2.52
2.72 2.14 3.56 2.7
2.64 2.0 3.8 2.8
2.66 2.14 3.4 2.54
2.38 1.76 3.78 2.54
2.66 2.24 3.36 2.6
2.68 2.16 3.38 2.54
2.64 1.62 3.98 2.6
2.68 2.1 3.44 2.54
2.64 2.18 3.4 2.58
2.66 2.32 3.48 2.8
2.64 2.04 3.44 2.48
2.58 2.22 3.42 2.64
2.64 2.04 3.6 2.64
2.66 2.22 3.32 2.54
2.42 1.88 3.78 2.66
2.5 1.92 3.66 2.58
2.5 1.86 3.78 2.64
2.5 1.94 3.72 2.66
2.62 2.46 3.18 2.64
2.54 1.9 3.7 2.6
2.66 2.1 3.32 2.42
2.54 1.88 3.9 2.78
2.64 2.16 3.54 2.7
2.6 1.78 4.04 2.82
2.52 2.08 3.54 2.62
2.72 2.08 3.5 2.58
2.66 2.26 3.18 2.44
2.66 2.44 3.18 2.62
2.7 2.18 3.5 2.68
2.6 2.28 3.44 2.72
2.62 2.34 3.26 2.6
2.54 2.04 3.64 2.68
2.7 1.94 3.5 2.44
2.56 2.04 3.62 2.66
2.7 2.14 3.32 2.46
2.52 1.78 3.72 2.5
2.66 2.28 3.38 2.66
2.54 1.88 3.88 2.76
2.62 2.3 3.34 2.64
2.74 2.14 3.46 2.6
2.46 1.6 4.12 2.72
2.62 2.02 3.52 2.54
2.64 2.0 3.52 2.52
2.4 2.08 3.58 2.66
2.64 2.32 3.48 2.8
2.76 2.28 3.42 2.7
2.64 2.14 3.5 2.64
2.52 2.36 3.34 2.7
2.66 1.9 3.58 2.48
2.62 2.0 3.8 2.8
2.62 2.1 3.62 2.72
2.6 1.78 3.76 2.54
2.36 1.94 3.7 2.64
2.68 2.42 3.12 2.54
2.58 2.14 3.52 2.66
2.7 2.04 3.32 2.36
2.64 2.4 3.38 2.78
2.68 2.5 3.1 2.6
2.5 2.0 3.68 2.68
2.52 1.76 3.8 2.56
2.72 2.02 3.58 2.6
2.42 1.74 3.84 2.58
2.62 2.22 3.38 2.6
2.58 2.34 3.26 2.6
2.58 2.32 3.2 2.52
2.72 2.22 3.44 2.66
2.6 1.9 3.58 2.48
2.64 2.06 3.46 2.52
2.6 2.14 3.5 2.64
2.72 2.04 3.58 2.62
2.74 2.3 3.22 2.52
2.72 2.24 3.34 2.58
2.66 2.08 3.46 2.54
2.52 1.8 3.86 2.66
2.68 2.14 3.32 2.46
2.54 1.9 3.7 2.6
2.5 1.96 3.68 2.64
2.58 1.86 3.74 2.6
2.54 1.9 3.74 2.64
2.74 2.16 3.42 2.58
2.62 2.14 3.4 2.54
2.58 2.28 3.4 2.68
2.74 2.52 3.02 2.54
2.6 2.16 3.64 2.8
2.76 2.06 3.46 2.52
2.74 2.22 3.36 2.58
2.56 1.94 3.54 2.48
2.58 2.0 3.56 2.56
2.6 2.12 3.6 2.72
2.58 2.16 3.42 2.58
2.68 2.14 3.4 2.54
2.68 2.22 3.48 2.7
2.56 2.04 3.56 2.6
2.66 2.4 3.32 2.72
2.62 2.06 3.46 2.52
2.7 2.5 3.2 2.7
2.68 2.32 3.3 2.62
2.66 2.22 3.28 2.5
2.48 1.94 3.64 2.58
2.72 2.2 3.34 2.54
2.6 2.14 3.48 2.62
2.58 2.14 3.44 2.58
2.74 2.1 3.48 2.58
2.48 1.88 3.82 2.7
2.5 2.0 3.54 2.54
2.66 2.12 3.72 2.84
2.56 2.16 3.44 2.6
2.68 1.96 3.54 2.5
2.52 2.04 3.62 2.66
2.56 2.26 3.54 2.8
2.68 2.04 3.52 2.56
2.78 2.56 3.0 2.56
2.68 2.2 3.54 2.74
2.68 2.08 3.52 2.6
2.5 1.98 3.78 2.76
2.58 2.06 3.46 2.52
2.64 2.1 3.52 2.62
2.78 2.44 2.98 2.42
2.66 2.28 3.54 2.82
2.42 2.1 3.7 2.8
2.68 2.3 3.42 2.72
2.68 1.92 3.68 2.6
2.7 2.16 3.44 2.6
2.52 1.96 3.7 2.66
2.54 1.72 4.06 2.78
2.6 1.96 3.64 2.6
2.68 1.84 3.8 2.64
2.6 2.14 3.3 2.44
2.56 1.94 3.68 2.62
2.64 2.02 3.58 2.6
2.5 2.06 3.7 2.76
2.6 1.98 3.52 2.5
2.74 2.26 3.42 2.68
2.56 2.0 3.66 2.66
2.4 1.7 4.0 2.7
2.56 2.1 3.36 2.46
2.56 2.26 3.48 2.74
2.5 2.16 3.48 2.64
2.66 1.88 3.7 2.58
2.6 2.06 3.56 2.62
2.62 2.04 3.72 2.76
2.54 2.12 3.62 2.74
2.6 2.32 3.44 2.76
2.72 2.08 3.56 2.64
2.72 2.2 3.42 2.62
2.6 2.14 3.52 2.66
2.84 2.4 3.16 2.56
2.5 1.88 3.88 2.76
2.78 2.26 3.3 2.56
2.5 2.08 3.54 2.62
2.6 2.06 3.58 2.64
2.66 2.26 3.54 2.8
2.54 1.96 3.54 2.5
2.68 2.0 3.58 2.58
2.58 2.2 3.44 2.64
2.72 2.1 3.4 2.5
2.74 2.36 3.2 2.56
2.72 2.4 3.14 2.54
2.48 1.9 3.62 2.52
2.7 2.42 3.2 2.62
2.58 1.9 3.64 2.54
2.6 1.92 3.52 2.44
2.56 2.1 3.54 2.64
2.52 1.72 3.82 2.54
2.64 2.1 3.56 2.66
2.78 1.84 3.78 2.62
2.56 2.04 3.56 2.6
2.64 2.12 3.42 2.54
2.6 2.1 3.66 2.76
2.6 2.08 3.64 2.72
2.7 2.18 3.7 2.88
2.62 2.02 3.6 2.62
2.62 2.3 3.2 2.5
2.54 1.9 3.82 2.72
2.66 2.2 3.12 2.32
2.64 2.56 3.18 2.74
2.7 2.4 3.1 2.5
2.5 2.06 3.7 2.76
2.68 2.2 3.36 2.56
2.64 2.12 3.44 2.56
2.64 2.2 3.52 2.72
2.58 1.94 3.76 2.7
2.7 2.5 3.2 2.7
2.52 2.1 3.66 2.76
2.7 2.16 3.62 2.78
2.6 2.34 3.22 2.56
2.62 1.96 3.68 2.64
2.74 2.32 3.26 2.58
2.58 2.0 3.62 2.62
2.64 2.02 3.5 2.52
2.66 2.32 3.32 2.64
2.58 2.02 3.74 2.76
2.5 2.1 3.58 2.68
2.62 2.04 3.4 2.44
2.54 2.06 3.6 2.66
2.44 1.92 3.9 2.82
2.64 2.4 3.34 2.74
2.66 2.04 3.54 2.58
2.6 1.98 3.52 2.5
2.66 2.4 3.32 2.72
2.62 2.36 3.08 2.44
2.58 2.24 3.34 2.58
2.8 2.06 3.48 2.54
2.64 1.96 3.64 2.6
2.68 2.32 3.32 2.64
2.56 1.94 3.72 2.66
2.62 2.06 3.46 2.52
2.66 2.4 3.28 2.68
2.5 2.26 3.5 2.76
2.7 2.32 3.16 2.48
2.54 1.98 3.64 2.62
2.46 1.96 3.54 2.5
2.76 2.74 2.76 2.5
2.54 2.02 3.84 2.86
2.7 2.04 3.42 2.46
2.64 2.22 3.38 2.6
2.66 2.2 3.48 2.68
2.74 2.14 3.38 2.52
2.56 2.1 3.54 2.64
2.48 2.02 3.6 2.62
2.54 1.84 3.86 2.7
2.6 2.22 3.26 2.48
2.74 2.26 3.28 2.54
2.58 2.22 3.32 2.54
2.58 2.06 3.7 2.76
2.64 2.34 3.28 2.62
2.58 2.06 3.62 2.68
2.48 1.84 3.8 2.64
2.68 2.12 3.44 2.56
2.7 2.32 3.16 2.48
2.64 2.24 3.44 2.68
2.78 2.02 3.5 2.52
2.72 2.16 3.48 2.64
2.68 2.28 3.26 2.54
2.56 1.9 3.86 2.76
2.52 2.06 3.64 2.7
2.56 2.0 3.62 2.62
2.52 2.12 3.46 2.58
2.58 1.96 3.62 2.58
2.7 2.44 3.06 2.5
2.68 2.3 3.38 2.68
2.48 2.04 3.56 2.6
2.72 2.12 3.38 2.5
2.58 2.1 3.62 2.72
2.58 1.88 3.78 2.66
2.6 2.08 3.46 2.54
2.64 2.0 3.64 2.64
2.68 2.0 3.48 2.48
2.54 2.14 3.48 2.62
2.4 1.7 3.86 2.56
2.64 2.22 3.42 2.64
2.66 2.06 3.3 2.36
2.72 2.4 3.16 2.56
2.6 2.12 3.54 2.66
2.68 2.12 3.38 2.5
2.56 2.0 3.68 2.68
2.68 2.08 3.42 2.5
2.76 2.38 3.08 2.46
2.44 2.18 3.54 2.72
2.66 2.36 3.16 2.52
2.44 2.1 3.44 2.54
2.6 2.34 3.28 2.62
2.6 2.06 3.38 2.44
2.62 2.34 3.3 2.64
2.48 2.04 3.82 2.86
2.72 2.38 3.1 2.48
2.52 2.28 3.32 2.6
2.7 2.04 3.42 2.46
2.64 1.98 3.62 2.6
2.58 1.84 3.86 2.7
2.7 2.4 3.18 2.58
2.5 1.98 3.64 2.62
2.5 1.92 3.74 2.66
2.68 1.84 3.74 2.58
2.66 2.04 3.56 2.6
2.58 2.08 3.42 2.5
2.58 2.14 3.4 2.54
2.66 2.58 3.16 2.74
2.66 2.2 3.34 2.54
2.58 2.14 3.34 2.48
2.5 2.06 3.48 2.54
2.64 2.04 3.42 2.46
2.46 2.56 3.12 2.68
2.56 2.04 3.48 2.52
2.64 1.94 3.74 2.68
2.58 2.12 3.54 2.66
2.62 2.34 3.3 2.64
2.76 2.34 3.26 2.6
2.66 2.72 2.92 2.64
2.7 1.98 3.44 2.42
2.64 1.98 3.56 2.54
2.6 2.22 3.4 2.62
2.82 2.48 3.12 2.6
2.5 1.98 3.56 2.54
2.66 2.12 3.24 2.36
2.58 1.9 3.74 2.64
2.48 2.34 3.4 2.74
2.7 2.24 3.3 2.54
2.6 1.8 3.72 2.52
2.56 2.04 3.42 2.46
2.66 2.06 3.56 2.62
2.58 2.2 3.44 2.64
2.66 2.1 3.4 2.5
2.72 2.14 3.3 2.44
2.58 2.04 3.68 2.72
2.64 2.3 3.16 2.46
2.72 2.02 3.5 2.52
2.5 1.8 3.78 2.58
2.8 2.44 3.28 2.72
2.5 2.08 3.58 2.66
2.42 1.96 3.74 2.7
2.56 2.0 3.58 2.58
2.58 2.0 3.64 2.64
2.48 2.2 3.62 2.82
2.58 1.98 3.72 2.7
2.5 2.22 3.38 2.6
2.48 1.88 3.62 2.5
2.56 2.12 3.62 2.74
2.56 1.62 3.9 2.52
2.56 2.18 3.32 2.5
2.56 2.08 3.5 2.58
2.76 2.22 3.42 2.64
2.62 2.18 3.44 2.62
2.64 2.24 3.46 2.7
2.68 2.24 3.3 2.54
2.58 2.0 3.84 2.84
2.54 2.2 3.46 2.66
2.82 2.4 3.18 2.58
2.44 1.88 3.72 2.6
2.7 2.0 3.52 2.52
2.84 2.24 3.32 2.56
2.6 1.82 3.72 2.54
2.56 2.26 3.28 2.54
2.5 1.96 3.56 2.52
2.66 2.24 3.38 2.62
2.7 2.06 3.58 2.64
2.52 2.36 3.36 2.72
2.56 2.3 3.4 2.7
2.68 2.5 3.12 2.62
2.52 2.0 3.52 2.52
2.68 2.08 3.6 2.68
2.54 2.18 3.42 2.6
2.64 2.2 3.5 2.7
2.68 2.08 3.36 2.44
2.5 1.92 3.86 2.78
2.72 2.02 3.26 2.28
2.64 2.04 3.42 2.46
2.54 2.42 3.28 2.7
2.58 2.12 3.54 2.66
2.62 2.0 3.76 2.76
2.7 2.4 2.98 2.38
2.46 2.12 3.42 2.54
2.68 2.22 3.24 2.46
2.52 2.26 3.4 2.66
2.72 2.2 3.48 2.68
2.6 2.12 3.56 2.68
2.5 2.14 3.44 2.58
2.54 2.1 3.54 2.64
2.6 2.46 3.24 2.7
2.7 2.14 3.42 2.56
2.54 2.12 3.48 2.6
2.44 2.0 3.68 2.68
2.5 1.98 3.74 2.72
2.68 1.98 3.62 2.6
2.64 1.98 3.66 2.64
2.64 2.32 3.16 2.48
2.52 2.06 3.54 2.6
2.7 1.94 3.66 2.6
2.82 2.5 3.28 2.78
2.52 2.0 3.6 2.6
2.66 2.3 3.48 2.78
2.74 2.48 3.04 2.52
2.52 2.04 3.7 2.74
2.62 1.84 3.8 2.64
2.68 2.1 3.56 2.66
2.7 2.06 3.42 2.48
2.54 1.9 3.82 2.72
2.4 1.7 4.02 2.72
2.64 2.24 3.2 2.44
2.52 1.92 3.68 2.6
2.6 2.0 3.42 2.42
2.68 2.32 3.36 2.68
2.38 1.82 3.8 2.62
2.6 2.18 3.38 2.56
2.62 1.96 3.7 2.66
2.46 1.68 4.04 2.72
2.62 2.22 3.42 2.64
2.6 2.32 3.38 2.7
2.54 1.98 3.76 2.74
2.66 1.98 3.64 2.62
2.72 2.36 3.18 2.54
2.5 1.84 3.54 2.38
2.64 2.16 3.34 2.5
2.4 2.18 3.72 2.9
2.68 2.38 3.22 2.6
2.7 2.18 3.46 2.64
2.54 1.7 4.06 2.76
2.82 2.38 3.28 2.66
2.56 1.96 3.56 2.52
2.56 2.14 3.76 2.9
2.54 2.2 3.48 2.68
2.56 2.1 3.58 2.68
2.62 2.0 3.56 2.56
2.46 1.88 3.9 2.78
2.52 2.08 3.56 2.64
2.7 1.98 3.74 2.72
2.58 1.94 3.88 2.82
2.5 2.06 3.58 2.64
2.58 1.8 3.8 2.6
2.5 1.8 3.64 2.44
2.64 2.5 3.22 2.72
2.62 2.28 3.2 2.48
2.62 2.3 3.36 2.66
2.56 2.22 3.3 2.52
2.5 2.14 3.32 2.46
2.64 1.96 3.66 2.62
2.56 2.16 3.56 2.72
2.7 2.24 3.38 2.62
2.64 2.24 3.44 2.68
2.56 2.08 3.44 2.52
2.66 2.16 3.32 2.48
2.68 1.98 3.64 2.62
2.64 1.9 3.72 2.62
2.54 2.02 3.62 2.64
2.68 2.34 3.12 2.46
2.66 2.28 3.16 2.44
2.6 2.02 3.64 2.66
2.56 2.3 3.44 2.74
2.56 2.12 3.58 2.7
2.64 2.54 3.02 2.56
2.46 1.7 3.96 2.66
2.8 2.5 3.12 2.62
2.6 2.28 3.28 2.56
2.66 2.38 3.28 2.66
2.82 2.7 2.76 2.46
2.62 2.04 3.64 2.68
2.7 2.36 3.28 2.64
2.7 2.08 3.54 2.62
2.62 2.14 3.46 2.6
2.7 2.0 3.4 2.4
2.66 2.18 3.48 2.66
2.6 2.26 3.36 2.62
2.6 2.16 3.44 2.6
2.72 2.3 3.28 2.58
2.68 2.84 2.84 2.68
2.44 2.0 3.54 2.54
2.66 2.2 3.32 2.52
2.6 1.94 3.78 2.72
2.52 2.22 3.5 2.72
2.76 2.22 3.3 2.52
2.44 1.8 3.86 2.66
2.72 2.42 3.26 2.68
2.8 2.26 3.28 2.54
2.58 2.18 3.28 2.46
2.66 2.28 3.36 2.64
2.72 2.08 3.36 2.44
2.44 2.08 3.64 2.72
2.6 2.04 3.5 2.54
2.56 1.96 3.56 2.52
2.56 1.88 3.78 2.66
2.56 2.34 3.14 2.48
2.64 2.18 3.34 2.52
2.66 1.98 3.52 2.5
2.74 2.12 3.44 2.56
2.62 2.16 3.54 2.7
2.7 2.18 3.54 2.72
2.64 2.06 3.32 2.38
2.66 2.28 3.34 2.62
2.58 2.26 3.28 2.54
2.56 2.22 3.48 2.7
2.72 2.18 3.26 2.44
2.58 2.28 3.22 2.5
2.66 2.34 3.2 2.54
2.72 2.38 3.36 2.74
2.62 1.82 3.78 2.6
2.7 2.22 3.12 2.34
2.54 2.06 3.68 2.74
2.68 2.14 3.64 2.78
2.56 1.94 3.86 2.8
2.6 1.98 3.56 2.54
2.44 1.98 3.72 2.7
2.58 2.18 3.32 2.5
2.66 2.06 3.48 2.54
2.56 2.18 3.58 2.76
2.54 2.24 3.36 2.6
2.64 2.1 3.52 2.62
2.58 2.32 3.2 2.52
2.72 2.14 3.38 2.52
2.66 1.8 3.64 2.44
2.56 2.0 3.56 2.56
2.7 2.28 3.32 2.6
2.54 1.96 3.92 2.88
2.64 2.12 3.44 2.56
2.54 2.0 3.54 2.54
2.74 2.22 3.24 2.46
2.7 2.28 3.5 2.78
2.62 2.26 3.36 2.62
2.62 2.48 3.22 2.7
2.56 2.08 3.72 2.8
2.62 1.96 3.74 2.7
2.56 1.8 3.78 2.58
2.64 2.16 3.36 2.52
2.68 2.08 3.52 2.6
2.54 2.14 3.66 2.8
2.62 2.2 3.5 2.7
2.58 2.2 3.54 2.74
2.7 2.38 3.12 2.5
2.64 2.22 3.34 2.56
2.68 2.2 3.4 2.6
2.66 2.22 3.54 2.76
2.54 1.98 3.6 2.58
2.64 1.86 3.78 2.64
2.54 1.76 3.78 2.54
2.68 2.08 3.42 2.5
2.36 1.84 3.86 2.7
2.56 2.02 3.72 2.74
2.58 1.82 3.6 2.42
2.6 2.08 3.44 2.52
2.74 2.46 3.08 2.54
2.52 2.04 3.64 2.68
2.54 1.98 3.4 2.38
2.44 1.9 3.78 2.68
2.58 1.98 3.56 2.54
2.6 2.02 3.5 2.52
2.66 1.94 3.68 2.62
2.7 2.34 3.16 2.5
2.72 1.94 3.58 2.52
2.7 2.14 3.26 2.4
2.72 2.62 3.08 2.7
2.46 1.74 3.86 2.6
2.5 1.8 3.94 2.74
2.68 2.38 3.2 2.58
2.54 2.22 3.4 2.62
2.6 2.1 3.3 2.4
2.7 2.12 3.52 2.64
2.6 2.3 3.42 2.72
2.52 2.02 3.74 2.76
2.48 1.98 3.66 2.64
2.74 2.18 3.5 2.68
2.42 1.94 3.74 2.68
2.76 2.14 3.3 2.44
2.46 1.82 3.84 2.66
2.48 2.56 3.24 2.8
2.48 1.88 3.74 2.62
2.66 2.08 3.38 2.46
2.64 2.52 3.14 2.66
2.62 2.2 3.44 2.64
2.6 2.34 3.18 2.52
2.7 1.92 3.66 2.58
2.54 2.06 3.58 2.64
2.56 2.16 3.48 2.64
2.48 2.06 3.78 2.84
2.6 2.02 3.8 2.82
2.66 2.52 3.14 2.66
2.68 2.16 3.36 2.52
2.66 2.16 3.32 2.48
2.46 1.92 3.72 2.64
2.5 2.18 3.54 2.72
2.62 2.16 3.48 2.64
2.7 2.04 3.4 2.44
2.76 2.42 2.94 2.36
2.64 2.26 3.2 2.46
2.5 1.68 4.14 2.82
2.66 2.0 3.5 2.5
2.8 2.62 3.0 2.62
2.64 2.34 3.36 2.7
2.62 2.02 3.54 2.56
2.62 2.22 3.28 2.5
2.52 1.9 3.94 2.84
2.6 1.92 3.42 2.34
2.6 2.14 3.62 2.76
2.68 2.24 3.32 2.56
2.76 2.46 3.16 2.62
2.58 1.9 3.76 2.66
2.72 2.28 3.1 2.38
2.6 2.24 3.38 2.62
2.4 1.98 3.6 2.58
2.72 2.18 3.46 2.64
2.66 1.82 3.64 2.46
2.62 2.26 3.48 2.74
2.62 2.14 3.4 2.54
2.56 1.92 3.5 2.42
2.74 1.98 3.48 2.46
2.62 2.06 3.5 2.56
2.6 2.3 3.26 2.56
2.62 2.16 3.6 2.76
2.5 1.86 3.7 2.56
2.66 2.36 3.52 2.88
2.7 2.1 3.42 2.52
2.74 2.14 3.3 2.44
2.42 1.94 3.66 2.6
2.62 2.0 3.46 2.46
2.5 2.08 3.54 2.62
2.72 2.32 3.1 2.42
2.58 2.12 3.5 2.62
2.6 2.02 3.7 2.72
2.72 2.18 3.26 2.44
2.58 2.2 3.42 2.62
2.7 1.94 3.68 2.62
2.62 2.14 3.4 2.54
2.72 2.14 3.46 2.6
2.72 2.32 3.32 2.64
2.7 2.24 3.24 2.48
2.5 2.16 3.42 2.58
2.72 2.44 2.94 2.38
2.66 2.0 3.5 2.5
2.6 2.18 3.32 2.5
2.64 1.92 3.5 2.42
2.56 1.88 3.7 2.58
2.7 2.22 3.48 2.7
2.74 2.32 3.28 2.6
2.72 2.54 2.92 2.46
2.62 1.76 3.76 2.52
2.7 2.32 3.32 2.64
2.64 2.38 3.16 2.54
2.62 1.9 3.46 2.36
2.6 1.96 3.68 2.64
2.66 2.44 3.32 2.76
2.52 1.98 3.6 2.58
2.6 2.2 3.42 2.62
2.48 1.82 3.82 2.64
2.7 2.46 3.24 2.7
2.7 2.2 3.42 2.62
2.62 1.96 3.74 2.7
2.76 2.32 3.58 2.9
2.6 1.8 3.82 2.62
2.68 1.96 3.56 2.52
2.56 1.8 3.86 2.66
2.72 2.28 3.34 2.62
2.52 1.88 3.74 2.62
2.54 2.12 3.58 2.7
2.46 1.82 3.96 2.78
2.58 2.02 3.7 2.72
2.58 2.46 3.16 2.62
2.72 2.32 3.26 2.58
2.74 2.56 2.88 2.44
2.66 2.22 3.36 2.58
2.76 2.02 3.6 2.62
2.56 1.82 3.9 2.72
2.6 1.9 3.72 2.62
2.6 2.2 3.58 2.78
2.6 2.14 3.58 2.72
2.54 2.02 3.48 2.5
2.64 1.9 3.72 2.62
2.62 2.14 3.58 2.72
2.64 1.76 3.76 2.52
2.64 1.92 3.54 2.46
2.5 2.0 3.54 2.54
2.56 2.0 3.64 2.64
2.6 1.92 3.58 2.5
2.64 2.08 3.58 2.66
2.62 1.76 4.02 2.78
2.6 2.02 3.58 2.6
2.56 1.78 3.68 2.46
2.58 1.88 3.76 2.64
2.7 2.24 3.36 2.6
2.64 2.06 3.54 2.6
2.72 2.24 3.42 2.66
2.52 2.04 3.62 2.66
2.64 2.08 3.56 2.64
2.66 2.22 3.26 2.48
2.56 1.88 3.84 2.72
2.64 1.94 3.62 2.56
2.76 1.92 3.56 2.48
2.6 2.04 3.74 2.78
2.68 1.76 3.88 2.64
2.6 1.94 3.62 2.56
2.76 2.48 3.28 2.76
2.58 2.14 3.7 2.84
2.74 2.04 3.5 2.54
2.72 2.72 2.78 2.5
2.68 2.04 3.74 2.78
2.56 2.22 3.54 2.76
2.68 2.2 3.24 2.44
2.6 2.44 3.22 2.66
2.58 2.22 3.42 2.64
2.7 2.24 3.36 2.6
2.6 2.14 3.54 2.68
2.58 2.18 3.3 2.48
2.78 2.12 3.48 2.6
2.66 2.46 3.16 2.62
2.62 1.96 3.64 2.6
2.66 2.38 3.28 2.66
2.58 2.08 3.5 2.58
2.6 1.9 3.74 2.64
2.76 2.4 3.14 2.54
2.74 2.48 3.3 2.78
2.7 2.38 3.04 2.42
2.46 2.02 3.56 2.58
2.42 2.16 3.74 2.9
2.74 2.5 3.12 2.62
2.8 2.8 2.82 2.62
2.56 2.08 3.44 2.52
2.66 2.34 3.18 2.52
2.5 2.04 3.64 2.68
2.62 2.48 3.12 2.6
2.54 2.12 3.52 2.64
2.58 2.14 3.46 2.6
2.76 2.48 3.16 2.64
2.4 1.76 3.84 2.6
2.78 2.18 3.18 2.36
2.62 2.24 3.14 2.38
2.6 1.98 3.58 2.56
2.68 1.9 3.6 2.5
2.66 2.0 3.58 2.58
2.62 2.4 3.24 2.64
2.58 2.1 3.58 2.68
2.68 2.38 3.14 2.52
2.62 2.0 3.52 2.52
2.6 1.84 3.82 2.66
2.7 1.86 3.78 2.64
2.76 2.14 3.48 2.62
2.7 2.26 3.28 2.54
2.6 2.04 3.54 2.58
2.62 2.08 3.62 2.7
2.46 2.42 3.4 2.82
2.74 2.28 3.12 2.4
2.64 2.3 3.18 2.48
2.54 2.04 3.74 2.78
2.56 2.16 3.42 2.58
2.74 2.3 3.26 2.56
2.68 2.08 3.52 2.6
2.6 2.2 3.46 2.66
2.52 1.76 3.84 2.6
2.62 2.18 3.56 2.74
2.56 1.88 3.66 2.54
2.64 1.9 3.68 2.58
2.7 2.24 3.36 2.6
2.74 2.44 3.3 2.74
2.64 2.2 3.46 2.66
2.64 2.24 3.46 2.7
2.78 2.08 3.48 2.56
2.46 2.12 3.48 2.6
2.6 2.12 3.46 2.58
2.62 2.36 3.3 2.66
2.52 2.36 3.44 2.8
2.58 1.9 3.84 2.74
2.64 2.2 3.28 2.48
2.72 2.56 3.22 2.78
2.52 2.08 3.52 2.6
2.7 2.06 3.6 2.66
2.54 2.04 3.58 2.62
2.76 2.38 3.18 2.56
2.64 2.26 3.3 2.56
2.46 2.04 3.48 2.52
2.7 2.12 3.54 2.66
2.78 2.06 3.38 2.44
2.68 1.98 3.52 2.5
2.64 2.1 3.66 2.76
2.64 2.02 3.6 2.62
2.6 2.5 3.18 2.68
2.64 2.18 3.48 2.66
2.64 2.18 3.36 2.54
2.78 2.34 3.22 2.56
2.68 2.16 3.28 2.44
2.62 2.14 3.58 2.72
2.72 2.6 3.22 2.82
2.7 2.14 3.58 2.72
2.68 2.2 3.46 2.66
2.72 2.44 3.06 2.5
2.62 2.28 3.48 2.76
2.62 2.5 3.12 2.62
2.6 1.94 3.68 2.62
2.68 2.2 3.6 2.8
2.64 2.14 3.42 2.56
2.52 2.32 3.46 2.78
2.62 1.82 3.72 2.54
2.58 2.02 3.46 2.48
2.68 2.2 3.44 2.64
2.66 2.12 3.18 2.3
2.52 2.22 3.36 2.58
2.8 1.82 3.66 2.48
2.64 2.08 3.46 2.54
2.68 2.06 3.64 2.7
2.6 2.02 3.78 2.8
2.66 1.94 3.74 2.68
2.52 1.94 3.98 2.92
2.6 2.1 3.6 2.7
2.52 2.22 3.4 2.62
2.74 2.3 3.44 2.74
2.68 2.62 2.86 2.48
2.58 1.9 3.8 2.7
2.82 2.12 3.42 2.54
2.64 2.1 3.48 2.58
2.56 2.1 3.46 2.56
2.68 2.02 3.52 2.54
2.48 2.04 3.62 2.66
2.46 2.22 3.6 2.82
2.36 1.98 3.76 2.74
2.56 2.3 3.4 2.7
2.54 1.98 3.66 2.64
2.62 2.18 3.52 2.7
2.62 1.94 3.72 2.66
2.62 2.26 3.38 2.64
2.62 1.92 3.86 2.78
2.66 2.26 3.48 2.74
2.56 2.22 3.36 2.58
2.56 2.36 3.3 2.66
2.54 2.32 3.38 2.7
2.7 2.02 3.74 2.76
2.76 2.16 3.22 2.38
2.7 2.08 3.38 2.46
2.5 2.04 3.5 2.54
2.62 1.78 3.74 2.52
2.68 2.22 3.4 2.62
2.7 2.18 3.24 2.42
2.66 2.14 3.52 2.66
2.44 1.88 3.86 2.74
2.66 2.36 3.38 2.74
2.62 2.14 3.46 2.6
2.64 2.54 3.06 2.6
2.52 1.8 3.9 2.7
2.78 2.04 3.58 2.62
2.7 2.56 3.02 2.58
2.74 2.28 3.3 2.58
2.56 2.26 3.42 2.68
2.76 1.88 3.54 2.42
2.52 1.82 3.82 2.64
2.64 2.44 3.34 2.78
2.48 1.84 3.84 2.68
2.82 2.46 3.18 2.64
2.56 2.02 3.6 2.62
2.7 1.94 3.74 2.68
2.6 2.3 3.28 2.58
2.6 1.86 3.66 2.52
2.7 2.14 3.28 2.42
2.58 2.26 3.46 2.72
2.66 2.16 3.34 2.5
2.66 2.08 3.64 2.72
2.58 1.78 3.8 2.58
2.64 2.3 3.32 2.62
2.64 2.32 3.18 2.5
2.74 2.16 3.48 2.64
2.5 1.66 3.86 2.52
2.72 2.18 3.54 2.72
2.66 2.24 3.5 2.74
2.56 1.82 3.76 2.58
2.56 1.98 3.74 2.72
2.62 1.68 4.06 2.74
2.64 1.96 3.64 2.6
2.7 2.22 3.3 2.52
2.58 2.02 3.52 2.54
2.72 1.98 3.56 2.54
2.5 1.72 4.02 2.74
2.64 2.22 3.32 2.54
2.64 1.98 3.46 2.44
2.58 1.94 3.64 2.58
2.52 2.24 3.28 2.52
2.64 2.34 3.06 2.4
2.7 2.4 3.24 2.64
2.58 1.8 3.74 2.54
2.58 2.22 3.38 2.6
2.62 2.14 3.44 2.58
2.66 2.36 3.34 2.7
2.44 2.32 3.42 2.74
2.6 2.08 3.46 2.54
2.7 2.16 3.46 2.62
2.84 2.44 3.26 2.7
2.56 1.64 3.96 2.6
2.66 2.36 3.1 2.46
2.68 1.96 3.64 2.6
2.6 1.92 3.68 2.6
2.62 1.86 3.82 2.68
2.8 1.96 3.64 2.6
2.54 2.1 3.5 2.6
2.68 2.22 3.32 2.54
2.7 2.26 3.22 2.48
2.7 2.46 3.22 2.68
2.6 2.04 3.6 2.64
2.56 2.16 3.42 2.58
2.72 2.4 3.28 2.68
2.66 2.04 3.36 2.4
2.68 2.16 3.52 2.68
2.74 2.28 3.16 2.44
2.66 2.1 3.58 2.68
2.7 2.42 3.34 2.76
2.58 2.04 3.38 2.42
2.58 1.9 3.78 2.68
2.6 2.12 3.66 2.78
2.52 1.92 3.88 2.8
2.66 2.08 3.54 2.62
2.6 2.28 3.38 2.66
2.76 2.18 3.44 2.62
2.46 2.08 3.56 2.64
2.68 2.26 3.18 2.44
2.74 2.28 3.4 2.68
2.48 2.24 3.24 2.48
2.58 2.22 3.46 2.68
2.42 1.84 4.04 2.88
2.6 2.0 3.54 2.54
2.58 2.16 3.68 2.84
2.4 1.82 3.82 2.64
2.5 1.8 3.74 2.54
2.52 1.98 3.72 2.7
2.66 1.98 3.68 2.66
2.66 2.18 3.4 2.58
2.44 1.72 3.7 2.42
2.66 2.12 3.48 2.6
2.52 1.88 3.68 2.56
2.54 2.26 3.36 2.62
2.58 1.94 3.86 2.8
2.6 2.28 3.38 2.66
2.62 2.16 3.42 2.58
2.66 2.4 3.46 2.86
2.6 1.86 3.76 2.62
2.62 2.1 3.62 2.72
2.7 2.04 3.56 2.6
2.62 2.1 3.6 2.7
2.64 2.44 3.2 2.64
2.6 2.3 3.1 2.4
2.66 2.14 3.42 2.56
2.84 2.1 3.38 2.48
2.62 1.98 3.64 2.62
2.42 1.92 3.66 2.58
2.48 1.9 3.92 2.82
2.6 1.92 3.84 2.76
2.44 1.92 3.74 2.66
2.62 1.82 3.8 2.62
2.52 2.2 3.54 2.74
2.64 2.1 3.42 2.52
2.62 2.14 3.5 2.64
2.5 1.94 3.66 2.6
2.74 2.12 3.36 2.48
2.48 2.06 3.6 2.66
2.48 1.84 3.68 2.52
2.5 1.76 3.76 2.52
2.54 2.02 3.5 2.52
2.64 2.12 3.52 2.64
2.66 2.38 3.26 2.64
2.54 1.86 3.84 2.7
2.58 1.92 3.72 2.64
2.62 2.0 3.7 2.7
2.52 2.02 3.56 2.58
2.52 2.08 3.52 2.6
2.54 1.7 4.08 2.78
2.66 2.08 3.46 2.54
2.68 2.24 3.32 2.56
2.52 1.86 3.86 2.72
2.82 2.12 3.28 2.4
2.66 1.94 3.88 2.82
2.62 2.14 3.7 2.84
2.7 2.26 3.24 2.5
2.7 2.16 3.74 2.9
2.62 1.84 3.64 2.48
2.62 2.28 3.48 2.76
2.46 1.92 3.66 2.58
2.48 1.9 3.7 2.6
2.48 2.16 3.36 2.52
2.46 1.94 3.92 2.86
2.6 1.8 3.86 2.66
2.54 1.94 3.62 2.56
2.5 1.8 3.82 2.62
2.68 2.22 3.52 2.74
2.7 2.26 3.34 2.6
2.62 2.2 3.46 2.66
2.7 2.44 3.12 2.56
2.4 2.26 3.56 2.82
2.54 2.02 3.38 2.4
2.58 2.2 3.5 2.7
2.72 2.3 3.38 2.68
2.62 2.06 3.62 2.68
2.74 2.28 3.42 2.7
2.7 2.3 3.32 2.62
2.54 2.2 3.46 2.66
2.6 2.28 3.5 2.78
2.7 2.32 3.1 2.42
2.62 1.74 3.82 2.56
2.7 1.88 3.66 2.54
2.42 2.04 3.54 2.58
2.72 2.24 3.14 2.38
2.6 2.08 3.5 2.58
2.5 1.72 4.0 2.72
2.8 2.56 3.02 2.58
2.6 2.28 3.18 2.46
2.64 2.22 3.48 2.7
2.48 1.94 3.88 2.82
2.5 2.1 3.38 2.48
2.58 1.98 3.68 2.66
2.58 1.88 3.88 2.76
2.64 1.88 3.82 2.7
2.44 1.82 3.8 2.62
2.62 1.92 3.52 2.44
2.68 2.38 3.06 2.44
2.6 2.26 3.58 2.84
2.5 2.02 3.74 2.76
2.5 1.98 3.72 2.7
2.68 2.2 3.42 2.62
2.66 2.06 3.5 2.56
2.58 2.14 3.32 2.46
2.38 1.86 3.98 2.84
2.52 2.12 3.58 2.7
2.6 2.24 3.48 2.72
2.66 2.18 3.24 2.42
2.56 2.28 3.44 2.72
2.58 2.38 3.08 2.46
2.56 2.26 3.32 2.58
2.6 2.5 3.24 2.74
2.58 1.94 3.66 2.6
2.6 2.1 3.6 2.7
2.62 2.08 3.52 2.6
2.52 1.84 3.94 2.78
2.72 2.72 2.96 2.68
2.66 2.42 2.9 2.32
2.48 1.94 3.76 2.7
2.52 1.92 3.84 2.76
2.6 1.92 3.6 2.52
2.56 2.22 3.52 2.74
2.72 2.04 3.62 2.66
2.72 2.38 3.22 2.6
2.62 1.84 3.64 2.48
2.46 2.0 3.84 2.84
2.52 2.0 3.5 2.5
2.52 2.04 3.52 2.56
2.76 1.78 3.62 2.4
2.6 2.42 3.3 2.72
2.6 1.88 3.6 2.48
2.64 2.44 3.14 2.58
2.46 1.94 3.7 2.64
2.6 1.92 3.58 2.5
2.58 1.82 3.88 2.7
2.72 2.26 3.18 2.44
2.7 1.84 3.76 2.6
2.7 2.4 3.24 2.64
2.7 2.4 3.04 2.44
2.76 2.14 3.4 2.54
2.6 2.04 3.52 2.56
2.56 1.62 4.02 2.64
2.64 1.94 3.66 2.6
2.7 1.8 3.76 2.56
2.68 1.8 4.0 2.8
2.68 2.12 3.56 2.68
2.58 2.04 3.52 2.56
2.64 2.16 3.32 2.48
2.62 2.06 3.42 2.48
2.56 1.98 3.68 2.66
2.74 2.14 3.34 2.48
2.52 2.22 3.42 2.64
2.64 2.28 3.24 2.52
2.6 2.1 3.6 2.7
2.8 2.3 3.52 2.82
2.6 1.9 3.54 2.44
2.7 2.1 3.34 2.44
2.62 2.34 3.16 2.5
2.6 1.82 3.68 2.5
2.48 2.04 3.76 2.8
2.7 2.22 3.18 2.4
2.68 2.02 3.5 2.52
2.64 2.24 3.28 2.52
2.54 2.08 3.78 2.86
2.6 2.2 3.52 2.72
2.7 2.28 3.1 2.38
2.54 2.04 3.4 2.44
2.56 2.26 3.3 2.56
2.68 2.04 3.6 2.64
2.52 1.8 3.98 2.78
2.54 2.04 3.58 2.62
2.58 2.2 3.4 2.6
2.64 2.44 3.1 2.54
2.6 1.8 3.68 2.48
2.62 1.92 3.84 2.76
2.68 2.5 3.3 2.8
2.64 2.34 3.28 2.62
2.6 2.0 3.42 2.42
2.6 2.24 3.36 2.6
2.54 2.36 3.64 3.0
2.52 1.9 3.64 2.54
2.52 1.84 3.88 2.72
2.64 2.14 3.38 2.52
2.66 2.22 3.34 2.56
2.62 2.08 3.68 2.76
2.58 1.84 3.7 2.54
2.42 2.0 3.62 2.62
2.58 1.94 3.66 2.6
2.54 2.08 3.54 2.62
2.7 2.22 3.38 2.6
2.7 2.12 3.42 2.54
2.66 2.18 3.44 2.62
2.6 2.06 3.56 2.62
2.56 2.02 3.7 2.72
2.66 2.14 3.38 2.52
2.58 1.94 3.7 2.64
2.68 2.22 3.4 2.62
2.6 2.06 3.66 2.72
2.74 1.98 3.78 2.76
2.7 2.02 3.56 2.58
2.62 1.92 3.64 2.56
2.56 2.08 3.56 2.64
2.6 2.22 3.48 2.7
2.48 1.88 3.76 2.64
2.62 2.02 3.36 2.38
2.46 2.04 3.62 2.66
2.62 2.44 3.12 2.56
2.58 2.06 3.52 2.58
2.6 2.3 3.46 2.76
2.68 2.4 3.34 2.74
2.68 2.42 3.28 2.7
2.66 2.1 3.7 2.8
2.58 2.08 3.42 2.5
2.58 2.1 3.5 2.6
2.7 2.26 3.36 2.62
2.56 2.14 3.6 2.74
2.74 2.06 3.52 2.58
2.66 2.12 3.5 2.62
2.68 2.18 3.44 2.62
2.7 2.16 3.48 2.64
2.44 2.06 3.82 2.88
2.76 2.32 3.08 2.4
2.52 2.04 3.6 2.64
2.56 2.3 3.38 2.68
2.54 2.08 3.4 2.48
2.58 2.26 3.28 2.54
2.56 2.04 3.58 2.62
2.7 2.32 3.18 2.5
2.6 2.04 3.58 2.62
2.58 2.22 3.48 2.7
2.74 2.54 2.88 2.42
2.74 2.08 3.54 2.62
2.62 2.36 3.12 2.48
2.46 2.06 3.52 2.58
2.6 1.82 3.84 2.66
2.6 2.04 3.58 2.62
2.74 2.48 3.06 2.54
2.54 2.3 3.34 2.64
2.56 2.16 3.56 2.72
2.5 2.1 3.6 2.7
2.56 1.9 3.66 2.56
2.7 1.98 3.66 2.64
2.62 1.96 3.6 2.56
2.64 2.18 3.5 2.68
2.72 2.22 3.44 2.66
2.56 2.04 3.32 2.36
2.74 2.38 3.24 2.62
2.66 2.36 3.1 2.46
2.6 2.1 3.58 2.68
2.64 2.04 3.48 2.52
2.8 2.02 3.5 2.52
2.58 2.14 3.52 2.66
2.58 2.28 3.44 2.72
2.6 2.3 3.22 2.52
2.64 1.54 3.98 2.52
2.74 2.2 3.52 2.72
2.74 2.64 2.96 2.6
2.64 2.04 3.64 2.68
2.6 2.22 3.42 2.64
2.72 2.22 3.28 2.5
2.72 2.18 3.42 2.6
2.52 2.08 3.68 2.76
2.7 2.44 3.12 2.56
2.6 1.88 3.6 2.48
2.64 2.2 3.38 2.58
2.58 1.96 3.8 2.76
2.62 2.4 3.24 2.64
2.7 2.22 3.38 2.6
2.56 2.1 3.68 2.78
2.72 2.4 3.22 2.62
2.56 2.14 3.48 2.62
2.5 1.84 3.76 2.6
2.66 2.24 3.32 2.56
2.6 2.38 3.34 2.72
2.7 2.18 3.44 2.62
2.64 2.28 3.36 2.64
2.72 2.48 3.16 2.64
2.6 2.18 3.42 2.6
2.88 2.48 2.98 2.46
2.5 2.04 3.52 2.56
2.68 1.98 3.62 2.6
2.46 1.92 3.76 2.68
2.64 1.98 3.78 2.76
2.7 2.46 3.06 2.52
2.56 2.16 3.42 2.58
2.64 2.06 3.64 2.7
2.68 2.36 3.26 2.62
2.44 1.88 3.7 2.58
2.72 2.18 3.22 2.4
2.52 1.82 3.9 2.72
2.62 2.08 3.64 2.72
2.68 2.26 3.38 2.64
2.68 2.2 3.32 2.52
2.48 1.82 3.88 2.7
2.64 2.32 3.4 2.72
2.62 2.24 3.32 2.56
2.74 2.38 3.26 2.64
2.62 2.16 3.66 2.82
2.68 2.2 3.52 2.72
2.68 2.04 3.48 2.52
2.68 1.98 3.46 2.44
2.66 2.2 3.44 2.64
2.58 2.26 3.42 2.68
2.68 2.24 3.4 2.64
2.54 2.1 3.48 2.58
2.74 2.5 2.9 2.4
2.66 2.62 3.1 2.72
2.74 2.1 3.42 2.52
2.62 2.04 3.6 2.64
2.66 2.4 3.24 2.64
2.72 2.6 3.02 2.62
2.66 2.04 3.62 2.66
2.66 2.42 3.0 2.42
2.58 1.82 3.82 2.64
2.64 2.44 3.14 2.58
2.68 2.08 3.48 2.56
2.54 1.74 3.82 2.56
2.56 2.1 3.4 2.5
2.68 2.18 3.34 2.52
2.72 2.16 3.2 2.36
2.62 2.36 3.06 2.42
2.64 1.88 3.84 2.72
2.7 1.96 3.58 2.54
2.64 2.3 3.48 2.78
2.58 1.9 3.72 2.62
2.68 1.96 3.68 2.64
2.64 1.88 3.82 2.7
2.58 2.34 3.3 2.64
2.66 2.54 3.12 2.66
2.6 2.28 3.48 2.76
2.64 2.14 3.24 2.38
2.62 1.86 3.8 2.66
2.66 1.96 3.48 2.44
2.68 1.98 3.6 2.58
2.62 2.12 3.46 2.58
2.56 2.04 3.54 2.58
2.72 2.12 3.46 2.58
2.54 1.76 3.92 2.68
2.78 2.12 3.36 2.48
2.7 2.14 3.4 2.54
2.8 2.32 2.92 2.24
2.7 2.24 3.32 2.56
2.48 2.26 3.32 2.58
2.54 2.14 3.58 2.72
2.62 2.08 3.54 2.62
2.54 1.88 3.78 2.66
2.58 2.3 3.44 2.74
2.56 1.94 3.74 2.68
2.6 2.18 3.32 2.5
2.58 2.1 3.56 2.66
2.64 2.28 3.56 2.84
2.7 2.12 3.48 2.6
2.62 2.02 3.46 2.48
2.54 1.88 3.82 2.7
2.58 2.1 3.4 2.5
2.8 2.42 3.34 2.76
2.66 2.08 3.44 2.52
2.72 2.12 3.32 2.44
2.44 2.1 3.58 2.68
2.5 2.1 3.62 2.72
2.72 2.28 3.22 2.5
2.56 2.12 3.58 2.7
2.68 2.06 3.44 2.5
2.54 2.0 3.62 2.62
2.6 1.72 3.8 2.52
2.52 1.98 3.84 2.82
2.6 1.94 3.86 2.8
2.76 2.18 3.34 2.52
2.58 2.06 3.82 2.88
2.58 1.92 3.6 2.52
2.64 1.88 3.6 2.48
2.64 2.3 3.32 2.62
2.86 2.22 3.44 2.66
2.68 2.28 3.18 2.46
2.6 2.0 3.44 2.44
2.62 1.78 3.76 2.54
2.76 2.26 3.34 2.6
2.52 2.04 3.62 2.66
2.66 2.02 3.72 2.74
2.7 1.88 3.56 2.44
2.52 2.1 3.7 2.8
2.7 2.4 3.08 2.48
2.62 2.26 3.36 2.62
2.68 2.16 3.46 2.62
2.6 2.36 3.3 2.66
2.6 2.08 3.48 2.56
2.62 2.4 3.32 2.72
2.5 2.2 3.36 2.56
2.6 2.42 3.06 2.48
2.56 1.96 3.82 2.78
2.62 2.08 3.52 2.6
2.58 1.88 3.64 2.52
2.62 2.3 3.16 2.46
2.64 2.16 3.5 2.66
2.64 2.22 3.4 2.62
2.6 2.14 3.5 2.64
2.66 2.04 3.46 2.5
2.72 2.46 3.06 2.52
2.5 2.06 3.54 2.6
2.86 2.26 3.38 2.64
2.58 2.28 3.52 2.8
2.7 2.22 3.34 2.56
2.7 2.0 3.54 2.54
2.6 2.38 3.42 2.8
2.56 1.96 3.66 2.62
2.58 2.1 3.68 2.78
2.62 2.18 3.54 2.72
2.64 2.28 3.46 2.74
2.6 2.24 3.24 2.48
2.76 2.22 3.32 2.54
2.6 2.0 3.76 2.76
2.72 2.34 3.26 2.6
2.5 1.96 3.6 2.56
2.6 1.84 3.8 2.64
2.6 1.84 3.64 2.48
2.56 2.06 3.36 2.42
2.68 2.12 3.56 2.68
2.64 1.94 3.82 2.76
2.54 2.26 3.38 2.64
2.52 1.82 3.88 2.7
2.42 1.94 3.7 2.64
2.48 1.7 4.0 2.7
2.64 2.26 3.38 2.64
2.68 2.3 3.18 2.48
2.62 2.12 3.42 2.54
2.56 1.88 3.88 2.76
2.56 2.24 3.66 2.9
2.56 2.08 3.76 2.84
2.64 2.42 3.36 2.78
2.56 1.96 3.78 2.74
2.52 1.9 3.92 2.82
2.72 2.44 3.14 2.58
2.62 2.24 3.38 2.62
2.56 2.1 3.44 2.54
2.64 2.54 3.1 2.64
2.56 1.86 3.8 2.66
2.7 1.94 3.78 2.72
2.48 1.84 3.76 2.6
2.4 1.7 3.98 2.68
2.42 1.86 3.74 2.6
2.66 2.56 2.98 2.54
2.66 2.34 3.34 2.68
2.58 2.04 3.82 2.86
2.58 1.98 3.56 2.54
2.7 2.1 3.38 2.48
2.8 1.98 3.62 2.6
2.54 1.88 3.8 2.68
2.54 2.04 3.74 2.78
2.72 2.44 3.22 2.66
2.64 2.34 3.24 2.58
2.36 1.92 3.64 2.56
2.66 2.38 3.2 2.58
2.64 2.16 3.46 2.62
2.58 2.42 3.14 2.56
2.62 2.0 3.56 2.56
2.48 2.08 3.54 2.62
2.58 1.8 3.92 2.72
2.68 2.3 3.2 2.5
2.64 2.08 3.52 2.6
2.6 2.08 3.38 2.46
2.64 2.16 3.48 2.64
2.58 2.02 3.46 2.48
2.48 2.08 3.72 2.8
2.64 2.34 3.42 2.76
2.56 1.78 3.76 2.54
2.6 2.1 3.64 2.74
2.56 1.94 3.54 2.48
2.54 2.08 3.62 2.7
2.74 2.24 3.34 2.58
2.68 1.96 3.5 2.46
2.6 2.04 3.7 2.74
2.82 2.18 3.26 2.44
2.7 2.14 3.5 2.64
2.68 2.06 3.66 2.72
2.78 2.06 3.74 2.8
2.74 2.1 3.56 2.66
2.6 2.08 3.62 2.7
2.82 2.16 3.38 2.54
2.52 1.82 3.84 2.66
2.74 2.34 3.14 2.48
2.4 2.0 3.78 2.78
2.62 1.82 3.8 2.62
2.48 1.94 3.9 2.84
2.7 2.14 3.48 2.62
2.64 1.98 3.74 2.72
2.58 2.0 3.6 2.6
2.64 2.4 3.3 2.7
2.7 2.24 3.52 2.76
2.68 2.24 3.48 2.72
2.58 2.12 3.6 2.72
2.72 1.92 3.88 2.8
2.72 2.16 3.36 2.52
2.54 2.12 3.74 2.86
2.62 1.94 3.66 2.6
2.64 1.96 3.82 2.78
2.56 1.98 3.7 2.68
2.58 2.0 3.6 2.6
2.58 1.92 3.68 2.6
2.58 2.06 3.58 2.64
2.58 2.3 3.4 2.7
2.7 2.02 3.54 2.56
2.54 2.08 3.58 2.66
2.56 2.04 3.52 2.56
2.56 2.44 3.2 2.64
2.7 1.94 3.56 2.5
2.52 1.98 3.5 2.48
2.76 2.2 3.14 2.34
2.56 2.26 3.52 2.78
2.56 2.4 3.34 2.74
2.68 2.32 3.1 2.42
2.5 2.18 3.42 2.6
2.58 2.12 3.66 2.78
2.58 2.24 3.38 2.62
2.68 2.44 3.16 2.6
2.54 2.06 3.54 2.6
2.62 2.02 3.42 2.44
2.66 2.34 3.28 2.62
2.56 2.16 3.38 2.54
2.66 2.2 3.38 2.58
2.68 2.32 3.26 2.58
2.5 1.9 3.56 2.46
2.68 1.96 3.6 2.56
2.76 1.88 3.84 2.72
2.62 2.06 3.6 2.66
2.8 2.14 3.48 2.62
2.78 2.18 3.4 2.58
2.6 2.2 3.44 2.64
2.74 2.28 3.38 2.66
2.42 1.78 3.72 2.5
2.54 2.18 3.4 2.58
2.56 2.12 3.48 2.6
2.6 2.12 3.44 2.56
2.5 1.76 3.72 2.48
2.6 2.32 3.28 2.6
2.68 1.78 3.78 2.56
2.54 1.86 3.58 2.44
2.4 1.66 4.08 2.74
2.56 1.78 3.74 2.52
2.52 1.96 3.7 2.66
2.46 1.94 3.9 2.84
2.64 2.14 3.42 2.56
2.58 1.96 3.66 2.62
2.64 2.26 3.26 2.52
2.64 2.04 3.48 2.52
2.7 1.8 3.7 2.5
2.62 2.28 3.22 2.5
2.64 2.06 3.54 2.6
2.64 1.74 3.78 2.52
2.82 2.0 3.42 2.42
2.64 2.26 3.46 2.72
2.52 2.1 3.5 2.6
2.7 2.2 3.34 2.54
2.58 2.12 3.4 2.52
2.66 2.08 3.32 2.4
2.52 2.26 3.44 2.7
2.58 1.76 4.0 2.76
2.62 2.14 3.4 2.54
2.6 1.76 3.98 2.74
2.5 2.06 3.76 2.82
2.6 1.8 3.7 2.5
2.72 2.16 3.48 2.64
2.5 1.96 3.76 2.72
2.7 2.18 3.4 2.58
2.72 2.14 3.52 2.66
2.64 2.36 3.3 2.66
2.72 2.18 3.46 2.64
2.78 2.32 3.2 2.52
2.66 1.98 3.52 2.5
2.54 2.02 3.62 2.64
2.72 2.24 3.5 2.74
2.76 2.06 3.5 2.56
2.48 2.08 3.52 2.6
2.7 2.24 3.5 2.74
2.44 1.84 3.74 2.58
2.66 2.04 3.68 2.72
2.54 1.74 3.84 2.58
2.42 1.72 4.0 2.72
2.66 1.96 3.66 2.62
2.66 2.06 3.5 2.56
2.58 1.96 3.78 2.74
2.62 1.82 3.62 2.44
2.66 2.02 3.54 2.56
2.54 2.1 3.7 2.8
2.66 1.96 3.66 2.62
2.44 2.04 3.34 2.38
2.52 2.02 3.62 2.64
2.66 2.18 3.28 2.46
2.4 1.84 3.88 2.72
2.66 2.1 3.52 2.62
2.58 2.22 3.32 2.54
2.5 2.08 3.5 2.58
2.64 2.1 3.32 2.42
2.68 2.04 3.62 2.66
2.7 2.06 3.54 2.6
2.62 2.28 3.42 2.7
2.66 2.06 3.6 2.66
2.72 2.28 3.2 2.48
2.5 2.02 3.52 2.54
2.58 2.2 3.44 2.64
2.7 1.92 3.56 2.48
2.64 2.18 3.36 2.54
2.56 1.82 3.78 2.6
2.46 2.0 3.76 2.76
2.62 1.66 3.86 2.52
2.56 2.1 3.52 2.62
2.7 2.48 3.12 2.6
2.44 1.98 3.46 2.44
2.52 1.88 3.48 2.36
2.52 1.9 3.72 2.62
2.48 1.76 4.0 2.76
2.8 2.22 3.46 2.68
2.48 1.86 3.9 2.76
2.72 2.54 2.94 2.48
2.52 1.8 3.82 2.62
2.54 2.08 3.68 2.76
2.52 1.82 3.9 2.72
2.54 1.96 3.7 2.66
2.64 1.8 3.7 2.5
2.62 1.84 4.0 2.84
2.74 2.32 3.1 2.42
2.46 2.16 3.54 2.7
2.76 1.88 3.74 2.62
2.62 2.38 3.34 2.72
2.74 1.94 3.46 2.4
2.58 2.18 3.56 2.74
2.62 2.22 3.36 2.58
2.54 2.02 3.6 2.62
2.62 2.36 3.1 2.46
2.56 1.9 3.6 2.5
2.7 2.32 3.46 2.78
2.68 1.98 3.64 2.62
2.62 2.28 3.4 2.68
2.78 2.42 3.22 2.64
2.56 1.92 3.66 2.58
2.74 2.06 3.44 2.5
2.68 2.06 3.34 2.4
2.64 2.18 3.52 2.7
2.68 2.16 3.36 2.52
2.56 1.84 3.82 2.66
2.52 1.86 4.0 2.86
2.8 2.54 2.98 2.52
2.66 2.34 3.26 2.6
2.52 2.06 3.68 2.74
2.6 2.04 3.8 2.84
2.48 1.72 4.0 2.72
2.7 2.14 3.4 2.54
2.62 2.12 3.42 2.54
2.58 2.28 3.36 2.64
2.6 2.0 3.46 2.46
2.68 2.16 3.34 2.5
2.64 2.3 3.34 2.64
2.58 1.92 3.7 2.62
2.66 2.16 3.5 2.66
2.7 2.2 3.6 2.8
2.66 2.0 3.36 2.36
2.66 1.96 3.62 2.58
2.58 2.1 3.54 2.64
2.5 2.04 3.7 2.74
2.7 2.24 3.36 2.6
2.54 2.08 3.66 2.74
2.66 1.9 3.68 2.58
2.6 2.0 3.5 2.5
2.66 2.1 3.34 2.44
2.54 2.06 3.76 2.82
2.56 2.12 3.4 2.52
2.7 2.24 3.5 2.74
2.7 1.94 3.54 2.48
2.58 1.92 3.92 2.84
2.42 1.84 3.84 2.68
2.7 2.32 3.26 2.58
2.48 1.9 3.8 2.7
2.68 1.92 3.72 2.64
2.46 2.12 3.62 2.74
2.62 2.16 3.26 2.42
2.64 2.3 3.5 2.8
2.7 2.38 3.36 2.74
2.74 2.12 3.48 2.6
2.58 2.06 3.46 2.52
2.58 1.94 3.36 2.3
2.58 2.34 3.14 2.48
2.6 2.06 3.62 2.68
2.62 2.12 3.62 2.74
2.6 2.16 3.56 2.72
2.46 1.82 4.0 2.82
2.64 2.32 3.32 2.64
2.56 2.22 3.42 2.64
2.62 1.94 3.78 2.72
2.64 2.14 3.42 2.56
2.46 2.08 3.64 2.72
2.78 2.34 3.32 2.66
2.68 2.24 3.28 2.52
2.68 2.0 3.66 2.66
2.64 2.2 3.38 2.58
2.66 2.1 3.54 2.64
2.76 2.14 3.36 2.5
2.6 2.42 3.32 2.74
2.46 1.76 3.86 2.62
2.66 2.18 3.48 2.66
2.72 2.4 3.18 2.58
2.66 2.2 3.32 2.52
2.72 2.5 3.04 2.54
2.68 2.28 3.42 2.7
2.64 1.94 3.62 2.56
2.62 2.38 3.38 2.76
2.6 2.36 3.12 2.48
2.68 2.48 3.04 2.52
2.64 2.16 3.64 2.8
2.44 1.9 3.74 2.64
2.5 2.04 3.7 2.74
2.58 2.02 3.5 2.52
2.5 1.96 3.48 2.44
2.58 2.18 3.46 2.64
2.6 2.16 3.48 2.64
2.68 2.06 3.26 2.32
2.54 2.04 3.72 2.76
2.62 2.16 3.48 2.64
2.72 2.48 3.1 2.58
2.7 2.5 3.18 2.68
2.74 2.12 3.46 2.58
2.7 2.38 3.1 2.48
2.6 2.08 3.52 2.6
2.62 1.82 3.76 2.58
2.68 2.16 3.32 2.48
2.46 1.82 3.74 2.56
2.68 2.06 3.62 2.68
2.64 2.46 3.04 2.5
2.78 2.38 3.18 2.56
2.58 1.78 3.84 2.62
2.6 1.8 3.66 2.46
2.68 2.2 3.24 2.44
2.6 1.86 3.66 2.52
2.68 2.4 3.42 2.82
2.72 2.0 3.56 2.56
2.68 2.28 3.22 2.5
2.62 1.94 3.6 2.54
2.68 2.28 3.38 2.66
2.62 2.34 3.16 2.5
2.44 1.92 3.94 2.86
2.62 1.94 3.6 2.54
2.64 2.16 3.54 2.7
2.62 2.12 3.56 2.68
2.7 2.56 2.92 2.48
2.64 1.92 3.7 2.62
2.66 2.14 3.36 2.5
2.6 2.26 3.44 2.7
2.72 2.56 3.12 2.68
2.54 1.88 3.8 2.68
2.66 2.12 3.56 2.68
2.58 2.02 3.68 2.7
2.58 1.92 3.84 2.76
2.68 2.46 3.2 2.66
2.56 2.34 3.3 2.64
2.52 2.0 3.62 2.62
2.6 2.16 3.5 2.66
2.6 2.2 3.42 2.62
2.64 1.96 3.5 2.46
2.66 2.2 3.26 2.46
2.72 1.86 3.78 2.64
2.54 1.92 3.72 2.64
2.6 1.94 3.8 2.74
2.74 2.52 3.14 2.66
2.58 2.24 3.5 2.74
2.74 2.12 3.3 2.42
2.5 1.8 3.84 2.64
2.48 2.08 3.58 2.66
2.66 1.94 3.56 2.5
2.54 2.12 3.52 2.64
2.52 2.08 3.64 2.72
2.74 2.34 3.22 2.56
2.6 2.3 3.3 2.6
2.62 2.46 3.02 2.48
2.64 2.12 3.72 2.84
2.7 2.06 3.74 2.8
2.48 1.96 3.66 2.62
2.46 1.92 3.76 2.68
2.68 2.44 3.38 2.82
2.7 1.94 3.66 2.6
2.62 1.92 3.7 2.62
2.68 1.92 3.6 2.52
2.68 2.2 3.64 2.84
2.54 2.02 3.6 2.62
2.6 2.16 3.58 2.74
2.5 1.9 3.78 2.68
2.56 2.1 3.68 2.78
2.6 2.08 3.36 2.44
2.56 2.0 3.44 2.44
2.56 2.06 3.52 2.58
2.6 2.32 3.24 2.56
2.8 2.2 3.2 2.4
2.72 2.64 2.9 2.54
2.62 2.02 3.54 2.56
2.46 2.12 3.58 2.7
2.68 2.14 3.38 2.52
2.5 2.18 3.38 2.56
2.5 1.8 4.02 2.82
2.56 2.02 3.7 2.72
2.66 2.3 3.34 2.64
2.66 1.94 3.78 2.72
2.64 2.1 3.54 2.64
2.54 1.86 3.9 2.76
2.6 1.96 3.76 2.72
2.48 2.1 3.6 2.7
2.6 2.28 3.38 2.66
2.32 1.88 4.0 2.88
2.58 1.96 3.74 2.7
2.54 2.08 3.74 2.82
2.56 1.98 3.54 2.52
2.7 2.24 3.56 2.8
2.52 1.92 3.7 2.62
2.6 2.2 3.36 2.56
2.82 2.06 3.44 2.5
2.5 1.94 3.8 2.74
2.7 1.96 3.58 2.54
2.54 2.02 3.72 2.74
2.66 1.88 3.82 2.7
2.48 2.22 3.18 2.4
2.6 2.14 3.34 2.48
2.6 2.38 3.16 2.54
2.72 2.02 3.56 2.58
2.7 2.06 3.4 2.46
2.62 2.08 3.54 2.62
2.66 2.26 3.56 2.82
2.64 1.8 3.64 2.44
2.44 1.84 3.84 2.68
2.66 2.34 3.24 2.58
2.58 2.1 3.48 2.58
2.88 2.58 2.92 2.5
2.46 2.0 3.5 2.5
2.76 2.0 3.46 2.46
2.8 2.6 2.9 2.5
2.56 1.9 3.82 2.72
2.5 1.88 3.8 2.68
2.5 1.9 3.68 2.58
2.6 2.08 3.5 2.58
2.48 1.98 3.72 2.7
2.68 2.44 3.28 2.72
2.62 2.3 3.44 2.74
2.64 2.2 3.22 2.42
2.66 2.14 3.42 2.56
2.44 1.74 4.06 2.8
2.62 1.92 3.5 2.42
2.44 1.84 3.9 2.74
2.66 1.92 3.58 2.5
2.72 2.7 2.94 2.64
2.6 2.14 3.4 2.54
2.66 2.36 3.46 2.82
2.78 2.34 3.12 2.46
2.58 2.2 3.4 2.6
2.76 2.66 3.04 2.7
2.6 1.9 3.64 2.54
2.64 2.24 3.4 2.64
2.66 2.0 3.68 2.68
2.56 2.1 3.58 2.68
2.42 1.86 3.86 2.72
2.72 2.32 3.24 2.56
2.44 2.22 3.48 2.7
2.6 2.26 3.3 2.56
2.36 1.68 3.96 2.64
2.68 2.18 3.26 2.44
2.72 2.14 3.3 2.44
2.74 2.14 3.52 2.66
2.46 2.18 3.58 2.76
2.68 2.54 3.08 2.62
2.62 2.12 3.3 2.42
2.66 2.24 3.4 2.64
2.6 2.28 3.4 2.68
2.74 2.36 3.32 2.68
2.72 2.08 3.18 2.26
2.62 2.4 3.22 2.62
2.48 1.98 3.52 2.5
2.68 2.06 3.54 2.6
2.56 2.16 3.48 2.64
2.68 2.06 3.66 2.72
2.68 2.34 3.26 2.6
2.7 2.24 3.4 2.64
2.66 2.02 3.52 2.54
2.66 2.36 3.2 2.56
2.7 2.04 3.52 2.56
2.58 2.26 3.32 2.58
2.6 2.08 3.42 2.5
2.6 2.22 3.34 2.56
2.6 2.38 3.44 2.82
2.68 2.1 3.36 2.46
2.66 2.12 3.5 2.62
2.68 2.06 3.36 2.42
2.48 2.16 3.52 2.68
2.68 2.12 3.42 2.54
2.54 1.82 3.68 2.5
2.62 2.38 3.18 2.56
2.6 2.38 3.38 2.76
2.52 2.12 3.62 2.74
2.66 1.84 3.82 2.66
2.64 2.3 3.26 2.56
2.46 1.9 3.78 2.68
2.6 2.2 3.34 2.54
2.64 2.34 3.36 2.7
2.64 1.98 3.54 2.52
2.44 1.84 3.72 2.56
2.62 2.18 3.44 2.62
2.62 2.2 3.4 2.6
2.54 2.32 3.38 2.7
2.68 2.2 3.46 2.66
2.74 2.04 3.56 2.6
2.64 2.5 3.18 2.68
2.6 2.04 3.46 2.5
2.62 2.34 3.36 2.7
2.7 2.22 3.34 2.56
2.68 2.2 3.5 2.7
2.76 2.36 3.3 2.66
2.64 2.1 3.46 2.56
2.58 1.92 3.66 2.58
2.6 2.14 3.6 2.74
2.68 2.1 3.3 2.4
2.6 2.16 3.62 2.78
2.64 1.68 3.88 2.56
2.52 2.02 3.66 2.68
2.52 2.06 3.84 2.9
2.62 1.98 3.7 2.68
2.5 2.24 3.44 2.68
2.72 2.3 3.32 2.62
2.64 2.06 3.62 2.68
2.7 2.22 3.42 2.64
2.46 1.9 3.9 2.8
2.46 2.08 3.66 2.74
2.56 2.0 3.6 2.6
2.5 1.88 3.88 2.76
2.68 1.94 3.68 2.62
2.76 2.0 3.56 2.56
2.64 2.24 3.38 2.62
2.56 2.2 3.28 2.48
2.68 2.12 3.52 2.64
2.74 2.44 3.16 2.6
2.54 1.84 3.68 2.52
2.7 2.32 3.28 2.6
2.74 2.36 3.1 2.46
2.66 2.12 3.4 2.52
2.54 1.78 3.7 2.48
2.56 2.08 3.48 2.56
2.64 2.38 3.36 2.74
2.78 2.44 3.22 2.66
2.62 2.18 3.36 2.54
2.54 1.76 4.0 2.76
2.44 2.04 3.82 2.86
2.7 2.16 3.46 2.62
2.66 2.08 3.6 2.68
2.78 2.36 3.16 2.52
2.64 2.04 3.52 2.56
2.6 1.78 3.9 2.68
2.4 2.02 3.64 2.66
2.78 2.02 3.4 2.42
2.62 1.78 3.94 2.72
2.58 2.5 3.1 2.6
2.68 2.18 3.38 2.56
2.5 1.78 3.92 2.7
2.66 2.2 3.48 2.68
2.56 1.84 3.58 2.42
2.6 1.92 3.56 2.48
2.58 2.22 3.28 2.5
2.62 2.1 3.46 2.56
2.72 1.96 3.52 2.48
2.64 2.08 3.38 2.46
2.62 1.86 3.66 2.52
2.72 2.08 3.42 2.5
2.7 2.14 3.34 2.48
2.7 2.28 3.32 2.6
2.54 2.1 3.54 2.64
2.64 2.12 3.7 2.82
2.56 2.12 3.56 2.68
2.68 1.92 3.56 2.48
2.62 2.04 3.38 2.42
2.68 2.2 3.16 2.36
2.56 2.22 3.46 2.68
2.68 2.0 3.5 2.5
2.64 2.0 3.64 2.64
2.66 2.44 2.98 2.42
2.64 2.22 3.42 2.64
2.54 1.86 3.86 2.72
2.72 2.18 3.34 2.52
2.72 2.38 3.14 2.52
2.56 2.2 3.42 2.62
2.74 2.58 3.36 2.94
2.56 2.22 3.42 2.64
2.82 2.14 3.46 2.6
2.6 2.06 3.48 2.54
2.58 1.92 3.78 2.7
2.44 2.02 3.8 2.82
2.56 1.9 4.0 2.9
2.72 2.48 3.06 2.54
2.66 2.04 3.52 2.56
2.54 1.9 3.68 2.58
2.58 2.06 3.58 2.64
2.72 2.16 3.44 2.6
2.52 2.08 3.68 2.76
2.62 1.92 3.52 2.44
2.48 1.8 3.84 2.64
2.5 2.2 3.28 2.48
2.38 1.88 3.82 2.7
2.52 2.06 3.62 2.68
2.56 2.24 3.4 2.64
2.56 2.0 3.62 2.62
2.46 2.02 3.54 2.56
2.58 2.36 3.32 2.68
2.76 2.46 3.26 2.72
2.74 2.32 3.24 2.56
2.56 2.46 3.22 2.68
2.7 2.06 3.56 2.62
2.68 2.22 3.28 2.5
2.5 2.04 3.78 2.82
2.64 1.86 3.64 2.5
2.62 2.18 3.46 2.64
2.66 2.52 3.0 2.52
2.48 1.66 3.88 2.54
2.72 1.92 3.62 2.54
2.54 1.94 3.78 2.72
2.5 1.94 3.62 2.56
2.64 2.08 3.62 2.7
2.74 2.22 3.34 2.56
2.76 2.22 3.26 2.48
2.8 2.24 3.24 2.48
2.7 2.08 3.74 2.82
2.54 1.7 3.94 2.64
2.6 2.12 3.64 2.76
2.5 2.08 3.6 2.68
2.64 2.12 3.52 2.64
2.66 2.16 3.3 2.46
2.68 2.22 3.42 2.64
2.74 2.1 3.48 2.58
2.68 2.26 3.34 2.6
2.72 2.22 3.48 2.7
2.6 2.1 3.48 2.58
2.8 2.36 3.18 2.54
2.62 2.14 3.54 2.68
2.56 2.34 3.38 2.72
2.6 2.16 3.46 2.62
2.62 2.2 3.36 2.56
2.78 2.22 3.26 2.48
2.62 1.82 3.88 2.7
2.66 1.9 3.66 2.56
2.7 1.94 3.64 2.58
2.5 1.94 3.72 2.66
2.68 2.22 3.26 2.48
2.74 2.28 3.28 2.56
2.68 2.42 3.22 2.64
2.7 2.24 3.44 2.68
2.56 2.24 3.38 2.62
2.58 2.12 3.56 2.68
2.58 2.3 3.38 2.68
2.62 2.44 3.04 2.48
2.64 2.26 3.36 2.62
2.52 1.92 3.76 2.68
2.54 1.82 3.82 2.64
2.68 2.18 3.36 2.54
2.8 2.1 3.48 2.58
2.58 1.84 3.76 2.6
2.66 1.92 3.7 2.62
2.56 2.22 3.34 2.56
2.62 2.22 3.48 2.7
2.56 2.18 3.46 2.64
2.64 2.16 3.34 2.5
2.56 2.34 3.48 2.82
2.6 2.14 3.44 2.58
2.48 2.02 3.76 2.78
2.64 2.26 3.22 2.48
2.72 2.1 3.44 2.54
2.5 2.18 3.44 2.62
2.64 2.2 3.5 2.7
2.68 2.02 3.58 2.6
2.62 2.1 3.7 2.8
2.64 2.42 3.24 2.66
2.58 1.94 3.74 2.68
2.6 2.14 3.36 2.5
2.66 2.24 3.3 2.54
2.62 2.12 3.44 2.56
2.62 2.3 3.28 2.58
2.74 2.24 3.14 2.38
2.62 2.12 3.46 2.58
2.48 1.76 4.0 2.76
2.58 2.12 3.34 2.46
2.54 1.66 3.94 2.6
2.66 2.38 3.14 2.52
2.7 2.28 3.24 2.52
2.42 1.88 3.86 2.74
2.6 2.08 3.7 2.78
2.48 1.88 3.82 2.7
2.66 2.32 3.1 2.42
2.64 2.14 3.52 2.66
2.68 2.14 3.52 2.66
2.62 2.2 3.42 2.62
2.64 2.1 3.38 2.48
2.64 2.06 3.6 2.66
2.82 2.0 3.52 2.52
2.62 2.58 2.94 2.52
2.78 2.06 3.26 2.32
2.68 1.92 3.6 2.52
2.5 1.86 3.86 2.72
2.56 1.96 3.84 2.8
2.5 2.12 3.64 2.76
2.8 2.1 3.44 2.54
2.38 1.9 3.62 2.52
2.58 2.2 3.54 2.74
2.54 2.14 3.7 2.84
2.74 2.34 3.22 2.56
2.7 2.24 3.16 2.4
2.78 2.34 3.18 2.52
2.66 2.18 3.28 2.46
2.52 2.22 3.4 2.62
2.68 1.94 3.62 2.56
2.58 2.34 3.2 2.54
2.66 2.26 3.28 2.54
2.54 2.18 3.28 2.46
2.54 1.94 3.72 2.66
2.74 1.98 3.48 2.46
2.52 2.2 3.6 2.8
2.74 2.08 3.46 2.54
2.62 2.06 3.42 2.48
2.66 2.16 3.48 2.64
2.44 1.94 3.74 2.68
2.64 1.98 3.5 2.48
2.62 2.06 3.54 2.6
2.42 2.1 3.6 2.7
2.56 1.9 3.78 2.68
2.66 2.06 3.6 2.66
2.66 2.26 3.34 2.6
2.76 2.28 3.24 2.52
2.68 2.16 3.42 2.58
2.74 2.08 3.56 2.64
2.52 1.88 3.74 2.62
2.76 2.32 3.22 2.54
2.52 2.06 3.8 2.86
2.56 2.42 3.32 2.74
2.72 2.24 3.44 2.68
2.52 2.18 3.4 2.58
2.68 2.0 3.74 2.74
2.56 2.0 3.66 2.66
2.4 2.02 3.84 2.86
2.68 2.22 3.4 2.62
2.64 1.92 3.66 2.58
2.62 2.32 3.3 2.62
2.64 2.16 3.62 2.78
2.76 2.2 3.36 2.56
2.64 2.1 3.34 2.44
2.6 2.08 3.58 2.66
2.7 2.12 3.46 2.58
2.7 2.16 3.38 2.54
2.66 2.08 3.48 2.56
2.44 1.64 4.02 2.66
2.6 2.2 3.26 2.46
2.58 2.38 3.48 2.86
2.6 2.02 3.54 2.56
2.56 2.18 3.56 2.74
2.56 2.04 3.54 2.58
2.66 2.24 3.3 2.54
2.5 1.88 3.94 2.82
2.54 1.92 3.86 2.78
2.64 2.3 3.38 2.68
2.78 2.34 3.38 2.72
2.6 2.46 3.22 2.68
2.62 2.08 3.46 2.54
2.52 2.08 3.64 2.72
2.6 2.12 3.62 2.74
2.64 1.92 3.64 2.56
2.48 1.98 3.82 2.8
2.7 2.3 2.96 2.26
2.5 1.96 3.54 2.5
2.44 1.8 3.78 2.58
2.42 1.76 4.1 2.86
2.54 1.66 4.04 2.7
2.68 2.08 3.52 2.6
2.68 2.2 3.28 2.48
2.74 2.66 2.8 2.46
2.66 2.06 3.44 2.5
2.72 1.84 3.74 2.58
2.54 1.8 3.86 2.66
2.7 2.1 3.32 2.42
2.68 2.0 3.7 2.7
2.6 2.24 3.72 2.96
2.44 2.34 3.52 2.86
2.54 2.32 3.46 2.78
2.66 2.02 3.6 2.62
2.66 2.16 3.34 2.5
2.58 2.22 3.56 2.78
2.68 2.16 3.3 2.46
2.54 1.82 3.9 2.72
2.48 2.02 3.86 2.88
2.7 2.42 3.24 2.66
2.56 2.02 3.72 2.74
2.64 2.22 3.6 2.82
2.58 2.04 3.62 2.66
2.62 2.3 3.06 2.36
2.66 2.46 3.2 2.66
2.66 2.16 3.4 2.56
2.54 2.22 3.36 2.58
2.66 1.9 3.72 2.62
2.74 2.34 3.38 2.72
2.58 2.1 3.5 2.6
2.6 2.18 3.64 2.82
2.54 2.16 3.5 2.66
2.52 2.24 3.32 2.56
2.58 2.16 3.36 2.52
2.72 2.14 3.3 2.44
2.52 1.88 3.68 2.56
2.42 2.04 3.64 2.68
2.58 1.94 3.68 2.62
2.66 2.12 3.52 2.64
2.4 1.98 3.82 2.8
2.66 2.36 3.16 2.52
2.7 2.26 3.66 2.92
2.64 2.08 3.64 2.72
2.32 1.82 3.98 2.8
2.56 1.74 3.84 2.58
2.66 2.54 3.14 2.68
2.5 2.02 3.96 2.98
2.66 2.0 3.7 2.7
2.68 2.12 3.54 2.66
2.6 2.06 3.46 2.52
2.62 1.98 3.68 2.66
2.72 2.28 3.3 2.58
2.68 2.06 3.56 2.62
2.76 2.24 3.3 2.54
2.72 2.3 3.28 2.58
2.6 1.9 3.82 2.72
2.76 2.32 3.24 2.56
2.62 2.28 3.24 2.52
2.66 2.44 3.32 2.76
2.8 2.3 3.1 2.4
2.68 2.48 3.16 2.64
2.6 1.88 3.74 2.62
2.7 2.22 3.2 2.42
2.82 2.06 3.42 2.48
2.64 2.16 3.46 2.62
2.54 2.12 3.28 2.4
2.62 1.9 3.68 2.58
2.82 2.18 3.38 2.56
2.56 2.06 3.52 2.58
2.62 2.04 3.56 2.6
2.58 2.04 3.64 2.68
2.46 1.62 4.1 2.72
2.62 1.94 3.8 2.74
2.7 2.48 3.08 2.56
2.54 2.12 3.66 2.78
2.76 2.4 3.22 2.62
2.6 2.5 3.14 2.64
2.7 2.14 3.5 2.64
2.52 2.08 3.48 2.56
2.64 2.24 3.42 2.66
2.54 2.08 3.44 2.52
2.62 1.96 3.58 2.54
2.54 1.98 3.66 2.64
2.7 2.52 3.16 2.68
2.58 2.46 3.2 2.66
2.7 1.82 3.72 2.54
2.52 2.18 3.62 2.8
2.74 2.3 3.3 2.6
2.58 2.18 3.34 2.52
2.72 2.12 3.38 2.5
2.6 2.06 3.52 2.58
2.68 1.9 3.72 2.62
2.42 1.74 3.98 2.72
2.6 2.08 3.44 2.52
2.52 2.1 3.66 2.76
2.64 2.08 3.42 2.5
2.58 2.34 3.46 2.8
2.52 2.02 3.82 2.84
2.58 2.06 3.56 2.62
2.64 2.1 3.52 2.62
2.5 2.08 3.58 2.66
2.68 2.26 3.3 2.56
2.54 2.08 3.46 2.54
2.7 2.16 3.32 2.48
2.54 2.06 3.42 2.48
2.64 2.22 3.52 2.74
2.56 2.06 3.6 2.66
2.62 1.88 3.72 2.6
2.6 2.02 3.52 2.54
2.78 2.36 3.2 2.56
2.54 1.8 3.74 2.54
2.76 2.42 3.2 2.62
2.6 2.3 3.44 2.74
2.52 1.94 3.6 2.54
2.66 2.06 3.44 2.5
2.58 2.04 3.62 2.66
2.66 2.18 3.16 2.34
2.62 2.24 3.42 2.66
2.7 2.08 3.58 2.66
2.6 1.9 3.74 2.64
2.72 1.86 3.8 2.66
2.72 2.46 3.22 2.68
2.6 2.12 3.6 2.72
2.68 2.52 3.02 2.54
2.52 1.96 3.66 2.62
2.68 1.9 3.76 2.66
2.6 2.4 3.36 2.76
2.74 2.56 3.02 2.58
2.66 1.98 3.8 2.78
2.8 2.72 2.9 2.62
2.74 2.04 3.48 2.52
2.58 1.74 3.92 2.66
2.6 1.84 3.8 2.64
2.54 2.18 3.48 2.66
2.58 1.98 3.6 2.58
2.72 2.42 3.32 2.74
2.64 2.02 3.58 2.6
2.48 2.34 3.3 2.64
2.64 2.06 3.66 2.72
2.52 2.08 3.48 2.56
2.54 2.0 3.68 2.68
2.7 2.2 3.38 2.58
2.76 2.04 3.68 2.72
2.6 2.1 3.56 2.66
2.66 2.74 3.1 2.84
2.78 2.0 3.68 2.68
2.72 2.02 3.58 2.6
2.62 1.96 3.78 2.74
2.66 2.22 3.44 2.66
2.5 1.88 3.72 2.6
2.48 2.18 3.58 2.76
2.62 1.86 3.68 2.54
2.64 1.98 3.54 2.52
2.54 2.24 3.32 2.56
2.44 2.14 3.5 2.64
2.7 2.22 3.54 2.76
2.74 2.54 2.76 2.3
2.52 1.82 3.72 2.54
2.68 2.4 3.3 2.7
2.48 1.74 3.98 2.72
2.7 2.18 3.32 2.5
2.54 2.18 3.56 2.74
2.74 2.06 3.46 2.52
2.62 1.82 3.88 2.7
2.74 2.38 3.22 2.6
2.44 1.86 3.84 2.7
2.6 2.14 3.64 2.78
2.62 2.18 3.56 2.74
2.66 2.46 3.0 2.46
2.56 1.8 3.82 2.62
2.52 2.02 3.62 2.64
2.74 2.26 3.24 2.5
2.5 1.76 4.04 2.8
2.54 2.18 3.54 2.72
2.56 2.14 3.52 2.66
2.66 2.22 3.32 2.54
2.62 2.08 3.5 2.58
2.7 2.08 3.34 2.42
2.62 1.94 3.64 2.58
2.38 2.1 3.78 2.88
2.76 2.58 3.12 2.7
2.64 2.36 3.24 2.6
2.66 2.2 3.3 2.5
2.72 2.2 3.38 2.58
2.68 2.14 3.58 2.72
2.5 1.92 3.82 2.74
2.44 1.74 3.92 2.66
2.62 2.04 3.44 2.48
2.48 2.06 3.66 2.72
2.62 2.04 3.52 2.56
2.68 2.14 3.46 2.6
2.68 2.38 2.98 2.36
2.56 2.38 3.52 2.9
2.58 1.74 4.02 2.76
2.44 1.94 3.54 2.48
2.74 2.06 3.48 2.54
2.6 2.14 3.38 2.52
2.78 2.3 3.22 2.52
2.74 2.04 3.3 2.34
2.66 2.26 3.34 2.6
2.46 1.88 3.64 2.52
2.42 1.62 4.04 2.66
2.64 2.14 3.28 2.42
2.62 2.22 3.22 2.44
2.72 2.04 3.48 2.52
2.58 2.38 3.22 2.6
2.62 2.22 3.56 2.78
2.7 2.04 3.6 2.64
2.72 2.1 3.44 2.54
2.46 2.18 3.54 2.72
2.58 2.02 3.42 2.44
2.64 2.22 3.54 2.76
2.56 2.32 3.32 2.64
2.56 1.94 3.64 2.58
2.72 2.2 3.52 2.72
2.56 2.0 3.64 2.64
2.66 2.22 3.44 2.66
2.72 2.34 3.22 2.56
2.5 2.1 3.44 2.54
2.72 2.32 3.34 2.66
2.66 2.16 3.38 2.54
2.62 2.0 3.7 2.7
2.6 2.14 3.62 2.76
2.66 2.22 3.32 2.54
2.7 2.04 3.36 2.4
2.6 2.06 3.36 2.42
2.64 2.04 3.48 2.52
2.76 2.44 3.18 2.62
2.5 1.94 3.7 2.64
2.72 1.98 3.56 2.54
2.74 2.38 3.04 2.42
2.52 1.94 3.9 2.84
2.6 1.9 3.52 2.42
2.76 1.82 3.84 2.66
2.56 2.02 3.54 2.56
2.66 2.46 3.06 2.52
2.52 2.16 3.38 2.54
2.6 2.24 3.38 2.62
2.52 2.12 3.48 2.6
2.6 2.24 3.4 2.64
2.78 2.74 2.84 2.58
2.68 1.86 3.62 2.48
2.6 2.24 3.54 2.78
2.58 2.14 3.42 2.56
2.7 2.26 3.32 2.58
2.64 2.1 3.46 2.56
2.5 2.02 3.56 2.58
2.74 2.3 3.32 2.62
2.74 1.94 3.7 2.64
2.68 2.26 3.26 2.52
2.5 2.12 3.88 3.0
2.6 2.0 3.8 2.8
2.64 2.32 3.36 2.68
2.74 2.2 3.34 2.54
2.5 1.86 3.74 2.6
2.54 1.9 3.84 2.74
2.58 2.1 3.58 2.68
2.76 2.26 3.36 2.62
2.5 1.84 3.94 2.78
2.48 1.82 3.96 2.78
2.54 2.14 3.48 2.62
2.6 1.8 3.98 2.78
2.64 1.96 3.68 2.64
2.72 2.38 3.32 2.7
2.62 2.16 3.42 2.58
2.54 2.04 3.48 2.52
2.64 2.12 3.44 2.56
2.48 1.92 3.6 2.52
2.62 2.06 3.48 2.54
2.66 2.2 3.54 2.74
2.66 1.8 3.9 2.7
2.56 1.88 3.5 2.38
2.56 2.0 3.76 2.76
2.7 2.36 3.5 2.86
2.74 2.38 3.28 2.66
2.5 2.12 3.52 2.64
2.34 1.98 3.86 2.84
2.54 1.84 3.9 2.74
2.58 2.12 3.48 2.6
2.52 1.74 3.86 2.6
2.58 1.9 3.7 2.6
2.54 2.0 3.7 2.7
2.74 2.26 3.2 2.46
2.62 2.08 3.78 2.86
2.42 1.68 3.94 2.62
2.56 2.06 3.6 2.66
2.76 2.42 3.12 2.54
2.72 2.42 3.32 2.74
2.64 2.12 3.54 2.66
2.58 1.96 3.64 2.6
2.7 2.14 3.3 2.44
2.7 2.2 3.48 2.68
2.72 2.22 3.38 2.6
2.58 2.3 3.26 2.56
2.62 1.88 3.66 2.54
2.46 1.86 3.86 2.72
2.68 2.1 3.32 2.42
2.66 2.18 3.28 2.46
2.64 2.44 3.18 2.62
2.64 1.98 3.58 2.56
2.54 2.0 3.76 2.76
2.58 2.34 3.4 2.74
2.72 2.0 3.62 2.62
2.4 1.88 3.9 2.78
2.64 2.4 3.22 2.62
2.52 1.88 3.84 2.72
2.74 2.2 3.26 2.46
2.62 2.0 3.48 2.48
2.54 2.1 3.5 2.6
2.52 2.22 3.48 2.7
2.48 2.06 3.64 2.7
2.48 2.12 3.58 2.7
2.58 2.32 3.34 2.66
2.76 2.08 3.5 2.58
2.5 2.16 3.62 2.78
2.68 2.52 3.08 2.6
2.62 1.9 3.82 2.72
2.62 1.96 3.78 2.74
2.48 1.8 3.74 2.54
2.54 2.0 3.68 2.68
2.8 2.34 3.16 2.5
2.58 2.2 3.48 2.68
2.34 1.72 3.94 2.66
2.56 2.2 3.5 2.7
2.44 1.86 3.7 2.56
2.48 1.9 3.72 2.62
2.6 1.62 4.1 2.72
2.58 2.36 3.38 2.74
2.6 2.1 3.78 2.88
2.6 2.1 3.62 2.72
2.56 1.9 3.88 2.78
2.54 1.76 3.7 2.46
2.78 2.46 3.32 2.78
2.68 1.8 3.64 2.44
2.78 2.68 2.86 2.54
2.64 1.92 3.58 2.5
2.86 2.1 3.34 2.44
2.6 2.14 3.64 2.78
2.62 2.02 3.72 2.74
2.56 1.96 3.8 2.76
2.6 2.18 3.34 2.52
2.62 2.22 3.36 2.58
2.64 2.12 3.44 2.56
2.7 2.06 3.52 2.58
2.58 2.16 3.54 2.7
2.74 2.04 3.48 2.52
2.6 2.1 3.52 2.62
2.7 2.18 3.54 2.72
2.66 2.08 3.56 2.64
2.58 1.92 3.64 2.56
2.48 2.2 3.36 2.56
2.52 2.16 3.46 2.62
2.58 2.1 3.62 2.72
2.58 2.32 3.14 2.46
2.72 2.14 3.38 2.52
2.48 2.08 3.72 2.8
2.6 2.08 3.48 2.56
2.48 1.96 3.7 2.66
2.68 2.18 3.44 2.62
2.48 1.86 3.78 2.64
2.4 1.76 4.02 2.78
2.66 2.24 3.4 2.64
2.52 1.88 3.76 2.64
2.66 2.34 3.34 2.68
2.7 2.1 3.62 2.72
2.66 2.24 3.26 2.5
2.64 2.04 3.42 2.46
2.66 2.32 3.2 2.52
2.52 1.9 3.74 2.64
2.7 2.24 3.46 2.7
2.64 1.88 3.72 2.6
2.6 2.04 3.54 2.58
2.64 2.18 3.42 2.6
2.7 2.42 3.42 2.84
2.64 1.66 4.08 2.74
2.48 2.26 3.44 2.7
2.64 2.04 3.54 2.58
2.7 2.1 3.52 2.62
2.44 1.72 4.0 2.72
2.56 2.16 3.42 2.58
2.7 1.9 3.76 2.66
2.58 2.02 3.52 2.54
2.6 1.92 3.78 2.7
2.52 2.26 3.6 2.86
2.68 2.14 3.48 2.62
2.5 2.02 3.64 2.66
2.66 2.16 3.46 2.62
2.6 1.96 3.6 2.56
2.64 1.92 3.64 2.56
2.7 2.1 3.52 2.62
2.42 2.0 3.66 2.66
2.44 2.02 3.56 2.58
2.6 2.3 3.44 2.74
2.56 2.08 3.58 2.66
2.72 2.5 3.06 2.56
2.76 2.34 3.22 2.56
2.78 2.16 3.4 2.56
2.72 1.98 3.62 2.6
2.64 2.14 3.36 2.5
2.56 2.0 3.62 2.62
2.74 2.24 3.5 2.74
2.54 1.74 3.9 2.64
2.6 2.08 3.52 2.6
2.7 2.04 3.36 2.4
2.58 2.12 3.4 2.52
2.7 2.32 3.3 2.62
2.58 2.04 3.32 2.36
2.58 2.06 3.68 2.74
2.44 1.84 3.68 2.52
2.72 2.36 3.26 2.62
2.68 2.4 3.32 2.72
2.5 2.12 3.54 2.66
2.78 2.14 3.26 2.4
2.72 2.36 3.04 2.4
2.52 2.08 3.6 2.68
2.6 2.28 3.52 2.8
2.56 2.22 3.4 2.62
2.52 2.12 3.5 2.62
2.54 2.02 3.72 2.74
2.62 1.78 3.94 2.72
2.6 2.1 3.46 2.56
2.68 2.16 3.52 2.68
2.68 1.92 3.66 2.58
2.7 2.0 3.56 2.56
2.58 2.02 3.62 2.64
2.7 1.94 3.54 2.48
2.62 2.36 3.3 2.66
2.6 2.14 3.36 2.5
2.56 2.2 3.36 2.56
2.56 2.14 3.4 2.54
2.6 2.0 3.6 2.6
2.64 2.08 3.7 2.78
2.58 1.82 3.8 2.62
2.6 2.22 3.5 2.72
2.72 2.1 3.34 2.44
2.58 2.22 3.34 2.56
2.62 2.2 3.64 2.84
2.66 2.06 3.4 2.46
2.66 2.3 3.28 2.58
2.66 2.12 3.44 2.56
2.66 2.54 3.04 2.58
2.68 2.26 3.22 2.48
2.68 2.54 3.04 2.58
2.54 2.46 3.12 2.58
2.52 2.24 3.54 2.78
2.72 2.12 3.32 2.44
2.78 2.26 3.08 2.34
2.72 2.04 3.54 2.58
2.58 1.86 3.74 2.6
2.66 2.02 3.48 2.5
2.54 1.9 3.78 2.68
2.66 2.32 3.16 2.48
2.68 2.04 3.58 2.62
2.5 1.78 3.82 2.6
2.5 2.08 3.56 2.64
2.6 1.9 3.6 2.5
2.68 2.14 3.54 2.68
2.58 2.34 3.42 2.76
2.6 2.08 3.56 2.64
2.74 2.4 3.0 2.4
2.64 2.2 3.44 2.64
2.74 2.16 3.64 2.8
2.68 2.24 3.48 2.72
2.64 2.3 3.26 2.56
2.46 1.9 3.84 2.74
2.64 1.92 3.54 2.46
2.64 2.18 3.6 2.78
2.58 2.3 3.26 2.56
2.8 2.4 3.32 2.72
2.5 2.0 3.64 2.64
2.66 2.06 3.46 2.52
2.7 2.1 3.44 2.54
2.64 2.04 3.44 2.48
2.56 2.18 3.42 2.6
2.54 1.96 3.5 2.46
2.62 2.1 3.6 2.7
2.52 1.92 3.82 2.74
2.64 2.02 3.56 2.58
2.5 2.2 3.42 2.62
2.7 2.22 3.58 2.8
2.68 2.2 3.6 2.8
2.7 2.2 3.26 2.46
2.48 1.98 3.74 2.72
2.56 1.96 3.72 2.68
2.64 2.28 3.32 2.6
2.7 1.88 3.6 2.48
2.6 2.24 3.12 2.36
2.5 1.84 3.82 2.66
2.6 2.32 3.4 2.72
2.46 2.2 3.54 2.74
2.62 2.06 3.74 2.8
2.74 2.28 3.28 2.56
2.7 2.34 3.4 2.74
2.52 2.02 3.66 2.68
2.76 2.34 3.44 2.78
2.66 2.24 3.56 2.8
2.58 2.1 3.44 2.54
2.62 2.1 3.62 2.72
2.7 2.22 3.28 2.5
2.54 1.82 3.86 2.68
2.66 2.2 3.32 2.52
2.54 1.98 3.72 2.7
2.62 2.1 3.52 2.62
2.54 2.42 3.38 2.8
2.68 2.5 3.34 2.84
2.58 2.18 3.32 2.5
2.62 2.14 3.54 2.68
2.58 2.2 3.32 2.52
2.72 1.92 3.78 2.7
2.54 2.52 3.18 2.7
2.52 2.14 3.5 2.64
2.48 1.92 3.54 2.46
2.64 2.08 3.52 2.6
2.7 2.36 3.24 2.6
2.76 2.44 3.14 2.58
2.64 2.16 3.4 2.56
2.64 2.16 3.58 2.74
2.56 2.12 3.58 2.7
2.74 2.1 3.46 2.56
2.58 2.34 3.44 2.78
2.6 1.86 3.62 2.48
2.66 1.94 3.8 2.74
2.58 1.96 3.6 2.56
2.64 2.26 3.52 2.78
2.68 2.32 3.28 2.6
2.54 2.0 3.56 2.56
2.64 2.04 3.74 2.78
2.6 2.08 3.52 2.6
2.5 1.88 3.8 2.68
2.56 2.0 3.66 2.66
2.66 2.32 3.4 2.72
2.54 2.1 3.44 2.54
2.6 1.98 3.6 2.58
2.62 2.02 3.64 2.66
2.68 2.34 3.38 2.72
2.46 2.12 3.46 2.58
2.56 1.88 3.68 2.56
2.48 1.78 3.78 2.56
2.56 2.28 3.38 2.66
2.56 2.18 3.46 2.64
2.58 2.06 3.72 2.78
2.6 2.02 3.46 2.48
2.6 2.14 3.56 2.7
2.5 2.2 3.38 2.58
2.6 2.1 3.58 2.68
2.7 2.26 3.24 2.5
2.68 2.3 3.18 2.48
2.58 2.22 3.5 2.72
2.68 2.28 3.38 2.66
2.72 1.96 3.6 2.56
2.76 1.98 3.58 2.56
2.48 2.08 3.62 2.7
2.58 1.94 3.7 2.64
2.6 1.96 3.42 2.38
2.62 2.2 3.42 2.62
2.6 1.98 3.52 2.5
2.86 2.24 2.9 2.14
2.68 2.22 3.38 2.6
2.48 2.04 3.54 2.58
2.68 2.02 3.6 2.62
2.5 1.84 3.82 2.66
2.7 2.28 3.12 2.4
2.68 2.02 3.52 2.54
2.48 2.26 3.36 2.62
2.6 1.98 3.5 2.48
2.78 2.0 3.58 2.58
2.6 1.98 3.48 2.46
2.5 1.82 3.84 2.66
2.84 2.48 3.06 2.54
2.66 2.26 3.36 2.62
2.78 2.3 3.16 2.46
2.58 2.22 3.4 2.62
2.62 1.86 3.64 2.5
2.5 2.2 3.52 2.72
2.62 2.22 3.3 2.52
2.66 1.98 3.58 2.56
2.66 2.46 3.06 2.52
2.56 2.2 3.6 2.8
2.58 2.34 3.4 2.74
2.5 2.0 3.68 2.68
2.72 1.98 3.5 2.48
2.6 2.22 3.66 2.88
2.58 2.02 3.66 2.68
2.56 1.82 3.82 2.64
2.76 2.22 3.38 2.6
2.72 2.22 3.5 2.72
2.54 2.1 3.52 2.62
2.56 2.26 3.44 2.7
2.68 1.82 3.56 2.38
2.56 1.84 3.72 2.56
2.5 1.94 3.56 2.5
2.7 2.34 3.28 2.62
2.58 2.3 3.22 2.52
2.42 2.16 3.4 2.56
2.72 2.06 3.54 2.6
2.68 2.1 3.36 2.46
2.72 2.34 3.16 2.5
2.7 2.08 3.32 2.4
2.48 1.8 3.76 2.56
2.52 2.06 3.44 2.5
2.68 2.08 3.42 2.5
2.76 2.74 2.76 2.5
2.54 2.1 3.54 2.64
2.44 1.86 3.78 2.64
2.72 1.96 3.62 2.58
2.64 1.96 3.68 2.64
2.7 2.12 3.34 2.46
2.48 1.9 3.8 2.7
2.68 2.24 3.38 2.62
2.52 1.98 3.74 2.72
2.48 1.9 3.78 2.68
2.68 1.98 3.64 2.62
2.62 2.02 3.5 2.52
2.6 2.14 3.52 2.66
2.68 2.34 3.32 2.66
2.6 2.06 3.7 2.76
2.6 2.32 3.22 2.54
2.46 1.8 4.1 2.9
2.6 2.0 3.74 2.74
2.68 2.22 3.36 2.58
2.58 2.2 3.44 2.64
2.66 2.36 3.08 2.44
2.54 2.06 3.68 2.74
2.64 2.08 3.64 2.72
2.4 2.04 3.54 2.58
2.54 1.9 3.74 2.64
2.62 2.0 3.4 2.4
2.54 2.0 3.42 2.42
2.54 1.88 3.72 2.6
2.64 2.24 3.32 2.56
2.58 2.3 3.52 2.82
2.66 2.3 3.44 2.74
2.5 2.14 3.68 2.82
2.7 2.26 3.16 2.42
2.66 2.58 3.14 2.72
2.6 2.2 3.3 2.5
2.54 2.06 3.64 2.7
2.52 1.8 3.78 2.58
2.56 2.0 3.6 2.6
2.44 1.94 3.8 2.74
2.54 1.9 3.7 2.6
2.66 2.0 3.64 2.64
2.52 1.88 3.68 2.56
2.74 2.14 3.32 2.46
2.52 1.78 3.8 2.58
2.62 2.04 3.58 2.62
2.54 2.32 3.24 2.56
2.54 2.0 3.58 2.58
2.72 1.84 3.78 2.62
2.4 1.88 3.76 2.64
2.58 2.12 3.6 2.72
2.68 2.24 3.3 2.54
2.64 2.14 3.46 2.6
2.68 2.28 3.1 2.38
2.24 1.72 4.12 2.84
2.62 2.3 3.32 2.62
2.46 2.08 3.46 2.54
2.76 2.48 3.08 2.56
2.6 1.94 3.7 2.64
2.72 2.14 3.5 2.64
2.56 1.88 3.8 2.68
2.58 1.96 3.7 2.66
2.76 2.12 3.44 2.56
2.6 2.04 3.8 2.84
2.62 1.96 3.68 2.64
2.56 1.94 3.62 2.56
2.76 2.26 3.54 2.8
2.7 2.48 3.14 2.62
2.62 2.1 3.44 2.54
2.58 2.14 3.36 2.5
2.58 2.06 3.46 2.52
2.66 2.12 3.38 2.5
2.6 2.12 3.66 2.78
2.74 2.22 3.42 2.64
2.72 2.2 3.4 2.6
2.76 2.34 3.12 2.46
2.66 2.04 3.68 2.72
2.64 2.3 3.44 2.74
2.74 2.02 3.62 2.64
2.7 2.16 3.34 2.5
2.64 2.02 3.64 2.66
2.58 2.14 3.22 2.36
2.62 2.08 3.4 2.48
2.46 1.98 3.8 2.78
2.62 2.4 3.2 2.6
2.68 2.3 3.44 2.74
2.6 2.32 3.46 2.78
2.66 2.18 3.42 2.6
2.52 2.0 3.6 2.6
2.62 2.24 3.44 2.68
2.52 2.24 3.42 2.66
2.6 2.3 3.28 2.58
2.56 2.2 3.42 2.62
2.66 2.18 3.38 2.56
2.7 2.34 3.1 2.44
2.68 2.1 3.5 2.6
2.66 2.3 3.22 2.52
2.62 2.12 3.38 2.5
2.68 2.2 3.54 2.74
2.52 1.86 3.82 2.68
2.68 2.06 3.5 2.56
2.54 1.72 3.9 2.62
2.74 2.82 2.8 2.62
2.5 1.96 3.72 2.68
2.68 2.02 3.56 2.58
2.58 2.16 3.6 2.76
2.88 2.48 3.1 2.58
2.62 2.2 3.32 2.52
2.8 1.82 3.7 2.52
2.62 1.94 3.62 2.56
2.74 2.22 3.52 2.74
2.68 2.24 3.36 2.6
2.56 1.92 3.76 2.68
2.76 2.06 3.66 2.72
2.46 1.76 3.86 2.62
2.62 2.46 3.0 2.46
2.68 2.08 3.48 2.56
2.6 1.76 3.6 2.36
2.62 2.1 3.6 2.7
2.54 2.02 3.66 2.68
2.7 2.18 3.6 2.78
2.46 2.24 3.24 2.48
2.66 2.44 3.22 2.66
2.58 1.9 3.72 2.62
2.68 2.2 3.4 2.6
2.74 2.08 3.48 2.56
2.68 2.04 3.6 2.64
2.5 1.82 3.74 2.56
2.62 2.28 3.3 2.58
2.54 1.74 3.98 2.72
2.64 2.1 3.38 2.48
2.62 2.16 3.6 2.76
2.68 2.0 3.58 2.58
2.52 1.92 3.78 2.7
2.54 2.04 3.58 2.62
2.66 2.2 3.34 2.54
2.6 1.92 3.62 2.54
2.66 2.0 3.52 2.52
2.64 1.86 3.88 2.74
2.5 1.78 3.86 2.64
2.66 2.14 3.5 2.64
2.58 2.06 3.26 2.32
2.54 2.18 3.42 2.6
2.54 2.2 3.52 2.72
2.78 2.02 3.64 2.66
2.54 2.0 3.68 2.68
2.74 2.02 3.4 2.42
2.66 2.18 3.5 2.68
2.42 1.96 3.64 2.6
2.54 2.24 3.4 2.64
2.48 1.78 3.86 2.64
2.74 2.04 3.68 2.72
2.62 1.92 3.76 2.68
2.48 1.88 3.7 2.58
2.62 2.18 3.42 2.6
2.44 1.74 3.94 2.68
2.68 2.16 3.4 2.56
2.7 2.14 3.32 2.46
2.78 2.1 3.4 2.5
2.68 2.24 3.4 2.64
2.74 2.2 3.32 2.52
2.5 2.22 3.46 2.68
2.7 1.74 4.12 2.86
2.62 2.32 3.1 2.42
2.58 2.24 3.34 2.58
2.62 2.22 3.46 2.68
2.6 2.06 3.58 2.64
2.6 2.38 3.06 2.44
2.72 2.14 3.32 2.46
2.66 1.94 3.6 2.54
2.58 2.0 3.48 2.48
2.48 1.94 3.68 2.62
2.68 2.4 3.28 2.68
2.52 2.22 3.34 2.56
2.58 2.4 3.18 2.58
2.64 2.32 3.44 2.76
2.62 2.48 3.18 2.66
2.64 2.06 3.38 2.44
2.74 2.28 3.22 2.5
2.52 2.06 3.52 2.58
2.7 2.06 3.36 2.42
2.68 2.04 3.62 2.66
2.6 1.86 3.92 2.78
2.74 2.38 3.24 2.62
2.62 2.2 3.64 2.84
2.54 1.86 3.72 2.58
2.6 2.12 3.48 2.6
2.68 2.36 3.28 2.64
2.58 2.08 3.52 2.6
2.72 2.4 3.34 2.74
2.72 2.16 3.36 2.52
2.52 2.04 3.46 2.5
2.6 1.94 3.56 2.5
2.62 1.98 3.76 2.74
2.64 2.24 3.36 2.6
2.66 2.2 3.22 2.42
2.5 2.06 3.58 2.64
2.66 2.08 3.34 2.42
2.56 2.08 3.64 2.72
2.6 2.24 3.72 2.96
2.62 2.2 3.5 2.7
2.5 1.98 3.82 2.8
2.7 2.2 3.36 2.56
2.58 2.04 3.56 2.6
2.66 2.32 3.22 2.54
2.46 1.96 3.7 2.66
2.66 2.3 3.44 2.74
2.52 1.92 3.82 2.74
2.7 2.46 3.06 2.52
2.48 2.12 3.4 2.52
2.66 2.0 3.54 2.54
2.76 2.08 3.66 2.74
2.66 2.3 3.44 2.74
2.52 1.92 3.84 2.76
2.66 2.16 3.48 2.64
2.54 1.94 3.94 2.88
2.66 1.94 3.62 2.56
2.46 2.14 3.54 2.68
2.54 1.72 3.8 2.52
2.6 1.8 3.96 2.76
2.4 1.94 3.92 2.86
2.66 2.16 3.3 2.46
2.48 2.04 3.42 2.46
2.66 2.22 3.32 2.54
2.54 2.12 3.6 2.72
2.62 2.18 3.4 2.58
2.44 1.9 3.78 2.68
2.54 2.1 3.58 2.68
2.6 2.08 3.52 2.6
2.6 2.22 3.36 2.58
2.7 2.24 3.22 2.46
2.72 2.1 3.48 2.58
2.6 2.3 3.36 2.66
2.52 1.92 3.78 2.7
2.44 1.78 3.8 2.58
2.56 2.26 3.56 2.82
2.5 1.96 3.74 2.7
2.76 1.92 3.32 2.24
2.76 2.24 3.36 2.6
2.64 2.3 3.38 2.68
2.44 2.36 3.6 2.96
2.74 2.18 3.36 2.54
2.56 2.16 3.56 2.72
2.7 1.92 3.6 2.52
2.64 1.76 4.1 2.86
2.56 2.24 3.34 2.58
2.56 2.08 3.64 2.72
2.58 2.4 3.2 2.6
2.56 2.12 3.44 2.56
2.64 1.54 4.22 2.76
2.74 2.36 3.18 2.54
2.66 2.2 3.22 2.42
2.56 2.16 3.5 2.66
2.6 2.08 3.44 2.52
2.52 2.14 3.54 2.68
2.68 2.18 3.46 2.64
2.64 1.78 3.9 2.68
2.66 2.02 3.66 2.68
2.7 2.34 3.24 2.58
2.58 2.18 3.46 2.64
2.76 2.18 3.26 2.44
2.64 2.24 3.26 2.5
2.6 2.12 3.64 2.76
2.62 2.3 3.34 2.64
2.62 2.04 3.62 2.66
2.52 2.2 3.42 2.62
2.66 2.1 3.62 2.72
2.6 2.32 3.1 2.42
2.52 1.82 3.98 2.8
2.82 2.66 2.84 2.5
2.58 2.32 3.66 2.98
2.62 1.8 3.8 2.6
2.5 2.2 3.4 2.6
2.6 1.98 3.52 2.5
2.68 1.9 3.8 2.7
2.6 1.96 3.56 2.52
2.7 2.04 3.56 2.6
2.74 2.06 3.5 2.56
2.46 1.8 3.88 2.68
2.6 2.08 3.5 2.58
2.64 2.1 3.44 2.54
2.62 2.24 3.24 2.48
2.64 2.06 3.36 2.42
2.6 2.1 3.32 2.42
2.66 2.26 3.46 2.72
2.78 2.68 2.98 2.66
2.58 2.06 3.6 2.66
2.62 2.34 3.22 2.56
2.74 2.42 3.2 2.62
2.52 2.06 3.6 2.66
2.66 1.84 3.76 2.6
2.5 1.88 3.64 2.52
2.56 2.02 3.62 2.64
2.58 2.14 3.38 2.52
2.6 2.18 3.44 2.62
2.46 2.12 3.64 2.76
2.54 2.36 3.42 2.78
2.54 2.18 3.66 2.84
2.44 2.06 3.46 2.52
2.56 2.38 3.34 2.72
2.48 1.82 3.72 2.54
2.7 2.12 3.44 2.56
2.52 2.12 3.32 2.44
2.7 2.06 3.46 2.52
2.5 1.92 3.68 2.6
2.54 1.94 3.76 2.7
2.58 2.14 3.42 2.56
2.64 2.14 3.42 2.56
2.64 2.38 3.22 2.6
2.56 2.12 3.54 2.66
2.5 2.14 3.54 2.68
2.48 2.14 3.46 2.6
2.58 1.88 3.66 2.54
2.56 1.98 3.7 2.68
2.66 2.14 3.42 2.56
2.44 2.06 3.68 2.74
2.64 2.06 3.64 2.7
2.6 2.1 3.52 2.62
2.7 2.3 3.14 2.44
2.68 2.2 3.4 2.6
2.7 2.0 3.62 2.62
2.58 1.92 3.6 2.52
2.66 2.32 3.3 2.62
2.62 2.06 3.7 2.76
2.66 2.34 3.18 2.52
2.68 2.02 3.6 2.62
2.7 2.16 3.36 2.52
2.56 1.98 3.68 2.66
2.58 2.08 3.46 2.54
2.5 2.22 3.5 2.72
2.5 2.16 3.44 2.6
2.56 2.08 3.62 2.7
2.48 2.0 3.48 2.48
2.58 2.16 3.22 2.38
2.5 2.06 3.6 2.66
2.66 2.14 3.38 2.52
2.78 2.2 3.44 2.64
2.74 2.04 3.62 2.66
2.6 2.14 3.46 2.6
2.74 2.06 3.7 2.76
2.44 1.6 4.04 2.64
2.74 1.94 3.54 2.48
2.56 2.14 3.42 2.56
2.54 2.3 3.32 2.62
2.7 2.12 3.38 2.5
2.76 2.5 3.1 2.6
2.58 2.26 3.46 2.72
2.7 2.4 3.24 2.64
2.6 2.18 3.56 2.74
2.46 1.88 3.72 2.6
2.6 1.96 3.82 2.78
2.42 1.78 4.02 2.8
2.56 1.9 3.76 2.66
2.66 2.22 3.34 2.56
2.7 1.86 3.72 2.58
2.64 1.98 3.72 2.7
2.58 2.18 3.56 2.74
2.64 2.0 3.5 2.5
2.66 2.28 3.32 2.6
2.6 2.02 3.42 2.44
2.8 2.06 3.48 2.54
2.56 1.82 3.68 2.5
2.56 2.1 3.58 2.68
2.62 2.1 3.58 2.68
2.7 2.22 3.36 2.58
2.6 1.88 3.64 2.52
2.54 2.06 3.58 2.64
2.5 1.8 3.8 2.6
2.62 2.16 3.54 2.7
2.72 2.42 3.28 2.7
2.62 2.12 3.56 2.68
2.68 2.4 3.36 2.76
2.7 2.26 3.56 2.82
2.64 2.12 3.34 2.46
2.7 2.32 3.18 2.5
2.62 2.02 3.44 2.46
2.7 2.72 3.14 2.86
2.58 2.46 3.22 2.68
2.7 2.26 3.18 2.44
2.66 2.02 3.56 2.58
2.58 2.0 3.72 2.72
2.64 2.16 3.5 2.66
2.56 2.16 3.54 2.7
2.4 2.04 3.56 2.6
2.72 2.16 3.44 2.6
2.8 2.32 3.12 2.44
2.68 1.96 3.62 2.58
2.58 1.84 3.98 2.82
2.6 1.96 3.74 2.7
2.52 2.08 3.46 2.54
2.68 1.92 3.7 2.62
2.58 2.12 3.56 2.68
2.62 2.26 3.36 2.62
2.4 1.76 3.9 2.66
2.72 2.22 3.26 2.48
2.46 1.98 3.62 2.6
2.4 2.08 3.46 2.54
2.72 2.4 3.32 2.72
2.68 2.3 3.42 2.72
2.78 2.04 3.58 2.62
2.66 2.14 3.52 2.66
2.72 2.5 3.18 2.68
2.68 1.9 3.86 2.76
2.58 2.06 3.54 2.6
2.54 2.1 3.6 2.7
2.72 2.08 3.58 2.66
2.62 2.2 3.34 2.54
2.66 2.22 3.36 2.58
2.52 2.2 3.24 2.44
2.66 2.6 3.18 2.78
2.52 2.0 3.84 2.84
2.68 2.34 3.22 2.56
2.58 1.86 3.7 2.56
2.44 1.82 3.7 2.52
2.56 1.84 3.84 2.68
2.64 2.38 3.34 2.72
2.56 1.9 3.7 2.6
2.66 2.04 3.58 2.62
2.74 2.24 3.42 2.66
2.62 2.06 3.48 2.54
2.7 2.26 3.44 2.7
2.56 1.9 3.72 2.62
2.84 2.24 3.36 2.6
2.6 2.04 3.6 2.64
2.62 2.0 3.44 2.44
2.32 1.84 3.9 2.74
2.58 2.28 3.28 2.56
2.6 1.9 3.82 2.72
2.78 2.12 3.28 2.4
2.7 2.2 3.32 2.52
2.6 2.14 3.5 2.64
2.4 2.08 3.6 2.68
2.62 2.28 3.4 2.68
2.66 2.06 3.68 2.74
2.68 2.1 3.52 2.62
2.6 2.52 3.22 2.74
2.74 2.1 3.44 2.54
2.56 1.9 3.6 2.5
2.66 1.96 3.62 2.58
2.62 2.1 3.6 2.7
2.64 2.08 3.72 2.8
2.62 2.22 3.4 2.62
2.74 2.06 3.46 2.52
2.52 2.06 3.52 2.58
2.8 2.64 2.98 2.62
2.66 2.38 3.24 2.62
2.7 2.06 3.52 2.58
2.58 2.22 3.46 2.68
2.64 2.2 3.44 2.64
2.62 2.28 3.2 2.48
2.6 2.06 3.5 2.56
2.62 2.46 3.32 2.78
2.7 2.34 3.16 2.5
2.54 2.24 3.5 2.74
2.42 2.12 3.6 2.72
2.6 2.24 3.6 2.84
2.64 1.9 3.82 2.72
2.56 2.06 3.74 2.8
2.74 2.2 3.44 2.64
2.72 2.44 3.24 2.68
2.54 2.02 3.64 2.66
2.78 2.36 3.26 2.62
2.66 2.34 3.24 2.58
2.68 2.18 3.46 2.64
2.64 1.82 3.82 2.64
2.58 2.22 3.6 2.82
2.68 2.38 3.28 2.66
2.68 2.0 3.66 2.66
2.62 2.0 3.54 2.54
2.58 2.16 3.52 2.68
2.68 2.02 3.6 2.62
2.64 2.02 3.68 2.7
2.68 2.02 3.34 2.36
2.68 2.26 3.3 2.56
2.74 2.32 3.24 2.56
2.56 1.78 3.78 2.56
2.5 2.02 3.64 2.66
2.62 1.92 3.74 2.66
2.74 1.98 3.44 2.42
2.76 2.28 3.28 2.56
2.68 1.96 3.68 2.64
2.6 2.24 3.36 2.6
2.62 2.04 3.78 2.82
2.62 2.06 3.48 2.54
2.54 2.1 3.54 2.64
2.54 1.94 3.78 2.72
2.46 1.92 3.68 2.6
2.34 2.04 3.72 2.76
2.58 2.02 3.64 2.66
2.78 2.14 3.5 2.64
2.66 2.12 3.54 2.66
2.74 2.26 3.34 2.6
2.62 1.98 3.84 2.82
2.46 2.44 3.42 2.86
2.62 1.9 3.8 2.7
2.52 1.86 3.9 2.76
2.62 1.92 3.76 2.68
2.52 1.96 3.9 2.86
2.52 1.78 3.94 2.72
2.54 1.92 3.88 2.8
2.58 1.96 3.46 2.42
2.66 2.38 3.34 2.72
2.68 2.1 3.58 2.68
2.58 2.16 3.4 2.56
2.72 2.26 3.28 2.54
2.44 1.76 3.8 2.56
2.66 2.14 3.58 2.72
2.78 2.14 3.38 2.52
2.72 2.78 2.86 2.64
2.64 2.04 3.62 2.66
2.66 2.34 3.2 2.54
2.58 2.2 3.34 2.54
2.56 1.9 3.62 2.52
2.74 1.88 3.62 2.5
2.56 1.78 3.96 2.74
2.74 2.24 3.4 2.64
2.68 2.22 3.44 2.66
2.56 2.34 3.28 2.62
2.6 2.0 3.52 2.52
2.56 2.12 3.54 2.66
2.56 2.18 3.52 2.7
2.56 2.14 3.58 2.72
2.64 2.44 3.32 2.76
2.66 2.18 3.4 2.58
2.62 2.32 3.48 2.8
2.62 2.2 3.2 2.4
2.62 2.08 3.46 2.54
2.72 2.08 3.54 2.62
2.58 2.0 3.76 2.76
2.68 2.32 3.16 2.48
2.7 2.24 3.28 2.52
2.62 2.12 3.54 2.66
2.6 2.08 3.52 2.6
2.56 1.92 3.66 2.58
2.64 2.08 3.58 2.66
2.72 2.14 3.34 2.48
2.68 2.36 3.48 2.84
2.54 2.34 3.22 2.56
2.66 2.36 3.16 2.52
2.48 2.28 3.42 2.7
2.38 1.98 3.7 2.68
2.64 1.78 3.88 2.66
2.64 2.06 3.54 2.6
2.76 2.36 3.14 2.5
2.5 2.22 3.54 2.76
2.52 2.06 3.48 2.54
2.5 2.14 3.4 2.54
2.68 2.0 3.6 2.6
2.66 2.14 3.5 2.64
2.52 1.58 3.92 2.5
2.56 1.94 3.56 2.5
2.74 2.06 3.58 2.64
2.58 1.72 3.86 2.58
2.68 2.16 3.38 2.54
2.6 2.16 3.46 2.62
2.6 2.12 3.42 2.54
2.56 2.34 3.28 2.62
2.82 2.2 3.12 2.32
2.62 2.04 3.58 2.62
2.52 2.3 3.38 2.68
2.66 2.16 3.38 2.54
2.54 2.12 3.3 2.42
2.62 2.22 3.56 2.78
2.74 2.4 3.28 2.68
2.6 2.06 3.64 2.7
2.66 2.3 3.32 2.62
2.72 2.36 3.16 2.52
2.48 1.96 3.66 2.62
2.66 2.14 3.48 2.62
2.64 2.1 3.7 2.8
2.6 2.02 3.56 2.58
2.74 2.4 3.22 2.62
2.62 2.06 3.48 2.54
2.7 2.06 3.52 2.58
2.74 2.32 3.38 2.7
2.72 2.38 3.22 2.6
2.68 2.3 3.28 2.58
2.66 2.34 2.92 2.26
2.72 2.44 3.18 2.62
2.68 2.2 3.34 2.54
2.68 2.02 3.52 2.54
2.58 2.22 3.7 2.92
2.48 1.82 3.8 2.62
2.6 1.76 3.92 2.68
2.66 2.16 3.44 2.6
2.44 1.88 3.76 2.64
2.68 2.14 3.46 2.6
2.62 2.16 3.34 2.5
2.62 2.32 3.46 2.78
2.52 1.86 3.62 2.48
2.56 2.3 3.2 2.5
2.4 2.08 3.64 2.72
2.58 1.9 4.06 2.96
2.72 2.64 3.26 2.9
2.74 2.36 3.4 2.76
2.7 1.98 3.58 2.56
2.66 2.04 3.56 2.6
2.6 2.46 3.14 2.6
2.7 2.14 3.44 2.58
2.68 2.22 3.34 2.56
2.4 2.12 3.56 2.68
2.52 1.82 3.78 2.6
2.72 2.24 3.22 2.46
2.68 2.14 3.48 2.62
2.64 2.2 3.46 2.66
2.5 1.8 3.88 2.68
2.5 2.2 3.66 2.86
2.58 2.36 3.3 2.66
2.68 2.3 3.26 2.56
2.46 1.86 3.72 2.58
2.68 2.18 3.36 2.54
2.72 1.88 3.54 2.42
2.58 1.94 3.6 2.54
2.68 1.88 3.8 2.68
2.46 2.0 3.58 2.58
2.46 2.32 3.54 2.86
2.68 2.14 3.22 2.36
2.6 2.16 3.54 2.7
2.64 2.1 3.44 2.54
2.6 1.94 3.9 2.84
2.66 2.02 3.58 2.6
2.66 2.02 3.52 2.54
2.6 1.84 3.74 2.58
2.7 1.96 3.36 2.32
2.72 2.26 3.42 2.68
2.7 2.52 3.1 2.62
2.74 2.34 3.2 2.54
2.58 2.08 3.5 2.58
2.68 2.26 3.3 2.56
2.66 2.02 3.6 2.62
2.58 2.04 3.48 2.52
2.6 2.14 3.54 2.68
2.68 2.06 3.5 2.56
2.54 2.18 3.3 2.48
2.54 2.16 3.56 2.72
2.6 2.3 3.22 2.52
2.76 2.02 3.58 2.6
2.64 2.14 3.44 2.58
2.56 2.0 3.5 2.5
2.64 2.32 3.34 2.66
2.72 2.38 3.12 2.5
2.64 2.16 3.2 2.36
2.66 2.16 3.68 2.84
2.74 2.16 3.34 2.5
2.64 2.22 3.34 2.56
2.74 2.28 3.26 2.54
2.76 2.6 3.04 2.64
2.7 2.08 3.36 2.44
2.46 1.84 3.7 2.54
2.72 2.24 3.22 2.46
2.62 2.26 3.3 2.56
2.48 2.04 3.52 2.56
2.68 2.42 3.26 2.68
2.4 1.68 4.06 2.74
2.54 1.8 3.84 2.64
2.78 2.58 3.02 2.6
2.74 2.14 3.46 2.6
2.6 2.36 3.26 2.62
2.6 2.2 3.26 2.46
2.7 2.28 3.16 2.44
2.68 1.94 3.64 2.58
2.6 2.04 3.52 2.56
2.7 2.2 3.32 2.52
2.54 2.04 3.62 2.66
2.68 2.42 3.2 2.62
2.66 2.42 3.1 2.52
2.58 1.92 3.72 2.64
2.46 1.86 3.62 2.48
2.54 2.0 3.86 2.86
2.64 2.26 3.3 2.56
2.66 2.1 3.48 2.58
2.66 1.88 3.7 2.58
2.58 2.16 3.52 2.68
2.6 2.12 3.7 2.82
2.56 2.22 3.36 2.58
2.72 2.14 3.54 2.68
2.58 2.4 3.36 2.76
2.56 2.18 3.48 2.66
2.54 1.98 3.66 2.64
2.68 2.34 3.28 2.62
2.6 2.1 3.46 2.56
2.68 2.28 3.42 2.7
2.68 1.88 3.78 2.66
2.74 2.34 3.44 2.78
2.76 1.96 3.58 2.54
2.68 2.36 3.36 2.72
2.74 2.44 3.26 2.7
2.74 2.16 3.5 2.66
2.48 1.84 3.76 2.6
2.72 2.26 3.34 2.6
2.7 2.2 3.2 2.4
2.72 1.94 3.58 2.52
2.5 1.9 3.86 2.76
2.58 2.08 3.56 2.64
2.46 1.84 3.72 2.56
2.62 2.14 3.42 2.56
2.58 2.1 3.48 2.58
2.58 1.62 3.84 2.46
2.62 2.1 3.44 2.54
2.7 1.96 3.5 2.46
2.58 2.16 3.5 2.66
2.58 1.9 3.78 2.68
2.56 2.1 3.56 2.66
2.56 1.98 3.62 2.6
2.7 2.34 3.36 2.7
2.66 2.08 3.46 2.54
2.72 2.4 3.24 2.64
2.74 2.1 3.46 2.56
2.68 1.94 3.58 2.52
2.56 2.12 3.32 2.44
2.56 2.42 3.5 2.92
2.54 2.18 3.3 2.48
2.56 1.7 4.02 2.72
2.68 2.24 3.36 2.6
2.56 2.04 3.54 2.58
2.72 2.12 3.36 2.48
2.62 2.12 3.48 2.6
2.62 1.82 3.68 2.5
2.52 2.02 3.64 2.66
2.62 2.14 3.58 2.72
2.64 2.16 3.46 2.62
2.74 2.3 3.22 2.52
2.56 2.12 3.5 2.62
2.42 1.9 3.8 2.7
2.84 2.56 3.04 2.6
2.62 1.92 3.7 2.62
2.56 1.7 3.96 2.66
2.64 2.3 3.5 2.8
2.56 2.04 3.7 2.74
2.66 2.48 3.02 2.5
2.62 2.08 3.64 2.72
2.56 2.48 3.2 2.68
2.64 2.06 3.76 2.82
2.56 2.0 3.54 2.54
2.5 2.12 3.56 2.68
2.66 2.34 3.22 2.56
2.68 2.3 3.44 2.74
2.68 1.82 3.86 2.68
2.46 1.96 3.54 2.5
2.58 2.18 3.6 2.78
2.6 2.3 3.12 2.42
2.6 2.24 3.48 2.72
2.58 1.96 3.78 2.74
2.62 2.06 3.56 2.62
2.58 2.16 3.56 2.72
2.62 2.06 3.72 2.78
2.48 1.84 3.74 2.58
2.62 2.32 3.22 2.54
2.58 1.82 3.62 2.44
2.48 1.84 3.66 2.5
2.66 2.28 3.48 2.76
2.6 2.3 3.22 2.52
2.58 1.92 3.76 2.68
2.56 1.96 3.5 2.46
2.4 2.16 3.6 2.76
2.7 2.3 3.14 2.44
2.7 2.12 3.48 2.6
2.56 2.16 3.44 2.6
2.52 1.92 3.72 2.64
2.62 2.26 3.4 2.66
2.66 2.08 3.58 2.66
2.66 2.28 3.32 2.6
2.7 2.28 3.24 2.52
2.64 2.36 3.34 2.7
2.6 2.12 3.34 2.46
2.48 1.78 3.92 2.7
2.56 2.1 3.38 2.48
2.48 2.2 3.52 2.72
2.68 2.02 3.48 2.5
2.62 2.28 3.28 2.56
2.56 2.1 3.7 2.8
2.6 2.08 3.82 2.9
2.52 1.94 3.86 2.8
2.78 1.96 3.46 2.42
2.42 1.8 3.92 2.72
2.5 1.86 3.88 2.74
2.62 2.52 3.22 2.74
2.58 1.86 3.72 2.58
2.56 2.32 3.32 2.64
2.54 2.04 3.6 2.64
2.7 2.34 3.28 2.62
2.6 1.92 3.9 2.82
2.68 2.18 3.48 2.66
2.56 2.16 3.6 2.76
2.62 2.26 3.36 2.62
2.66 2.3 3.18 2.48
2.56 2.1 3.54 2.64
2.6 1.92 3.7 2.62
2.56 2.04 3.68 2.72
2.6 2.04 3.44 2.48
2.62 2.3 3.32 2.62
2.66 2.26 3.6 2.86
2.54 2.4 3.3 2.7
2.6 2.14 3.52 2.66
2.68 1.68 3.94 2.62
2.6 2.04 3.72 2.76
2.48 1.74 3.76 2.5
2.8 2.26 3.5 2.76
2.54 1.94 3.74 2.68
2.62 2.06 3.56 2.62
2.6 2.08 3.6 2.68
2.56 1.92 3.82 2.74
2.48 1.88 3.78 2.66
2.68 2.02 3.34 2.36
2.82 2.36 3.3 2.66
2.56 1.96 3.58 2.54
2.58 2.14 3.56 2.7
2.64 2.32 3.36 2.68
2.56 2.2 3.48 2.68
2.72 2.28 3.32 2.6
2.68 2.16 3.38 2.54
2.74 2.46 2.96 2.42
2.64 2.16 3.44 2.6
2.6 2.22 3.34 2.56
2.58 2.26 3.44 2.7
2.68 2.28 3.44 2.72
2.7 1.96 3.68 2.64
2.72 2.44 3.1 2.54
2.6 2.22 3.36 2.58
2.68 2.18 3.12 2.3
2.42 1.94 3.68 2.62
2.76 2.64 3.0 2.64
2.64 2.36 3.24 2.6
2.54 1.9 3.66 2.56
2.54 2.16 3.62 2.78
2.52 2.18 3.68 2.86
2.46 1.68 3.8 2.48
2.78 2.44 3.04 2.48
2.54 1.98 3.56 2.54
2.54 1.96 3.72 2.68
2.6 2.24 3.36 2.6
2.46 1.86 3.9 2.76
2.72 2.12 3.34 2.46
2.64 2.14 3.48 2.62
2.6 2.16 3.4 2.56
2.78 2.18 3.34 2.52
2.56 1.84 3.9 2.74
2.52 1.96 3.72 2.68
2.66 2.22 3.5 2.72
2.68 2.2 3.28 2.48
2.68 2.28 3.48 2.76
2.7 2.14 3.34 2.48
2.5 1.86 3.82 2.68
2.64 2.04 3.68 2.72
2.58 2.14 3.58 2.72
2.58 2.32 3.34 2.66
2.5 2.2 3.42 2.62
2.6 2.0 3.6 2.6
2.52 1.94 3.78 2.72
2.66 2.36 3.16 2.52
2.56 1.98 3.56 2.54
2.52 2.1 3.6 2.7
2.78 2.6 3.0 2.6
2.7 2.0 3.3 2.3
2.5 2.22 3.66 2.88
2.7 2.24 3.34 2.58
2.68 2.2 3.3 2.5
2.8 2.28 3.28 2.56
2.68 2.2 3.54 2.74
2.72 2.48 3.08 2.56
2.5 1.96 3.68 2.64
2.58 1.96 3.7 2.66
2.72 2.2 3.5 2.7
2.64 2.2 3.28 2.48
2.54 1.88 3.62 2.5
2.62 2.16 3.42 2.58
2.54 2.38 3.44 2.82
2.76 2.36 3.14 2.5
2.78 2.42 3.22 2.64
2.64 2.18 3.32 2.5
2.58 1.98 3.74 2.72
2.52 2.06 3.58 2.64
2.64 1.98 3.66 2.64
2.54 2.38 3.4 2.78
2.58 2.02 3.5 2.52
2.76 2.32 3.18 2.5
2.64 2.22 3.32 2.54
2.52 2.34 3.26 2.6
2.66 2.06 3.68 2.74
2.58 2.02 3.66 2.68
2.52 2.04 3.52 2.56
2.64 2.32 3.44 2.76
2.6 1.94 3.72 2.66
2.66 2.04 3.54 2.58
2.58 2.06 3.58 2.64
2.68 2.2 3.4 2.6
2.46 1.94 3.7 2.64
2.58 1.9 3.62 2.52
2.58 2.1 3.28 2.38
2.54 2.16 3.3 2.46
2.64 2.0 3.52 2.52
2.64 2.12 3.6 2.72
2.6 1.98 3.52 2.5
2.72 2.16 3.48 2.64
2.6 1.94 3.84 2.78
2.64 2.32 3.4 2.72
2.7 2.22 3.54 2.76
2.6 2.04 3.24 2.28
2.5 1.76 3.84 2.6
2.76 2.22 3.3 2.52
2.7 2.26 3.34 2.6
2.44 1.9 3.7 2.6
2.56 2.26 3.48 2.74
2.68 2.08 3.58 2.66
2.6 2.08 3.44 2.52
2.5 1.88 3.54 2.42
2.76 2.24 3.26 2.5
2.64 1.88 3.92 2.8
2.58 2.18 3.42 2.6
2.7 2.16 3.48 2.64
2.7 2.24 3.52 2.76
2.44 1.58 4.24 2.82
2.68 2.52 3.02 2.54
2.54 1.8 3.82 2.62
2.58 2.22 3.16 2.38
2.66 1.9 3.66 2.56
2.56 2.06 3.66 2.72
2.54 2.32 3.32 2.64
2.6 2.4 3.56 2.96
2.68 2.34 3.34 2.68
2.66 2.24 3.28 2.52
2.4 1.96 3.76 2.72
2.74 2.18 3.46 2.64
2.68 1.98 3.46 2.44
2.58 2.12 3.4 2.52
2.56 1.86 3.58 2.44
2.62 2.02 3.52 2.54
2.62 2.18 3.32 2.5
2.74 2.44 2.94 2.38
2.6 1.76 3.74 2.5
2.72 2.36 3.14 2.5
2.68 2.22 3.4 2.62
2.64 1.98 3.56 2.54
2.42 1.86 3.72 2.58
2.6 2.34 3.26 2.6
2.68 2.24 3.42 2.66
2.72 2.12 3.38 2.5
2.38 2.1 3.78 2.88
2.6 2.02 3.52 2.54
2.6 2.04 3.7 2.74
2.58 2.14 3.36 2.5
2.58 2.22 3.54 2.76
2.54 2.54 3.2 2.74
2.66 2.18 3.5 2.68
2.44 2.02 3.64 2.66
2.7 2.32 3.28 2.6
2.64 2.12 3.54 2.66
2.46 1.92 3.9 2.82
2.6 1.94 3.72 2.66
2.58 2.36 3.38 2.74
2.62 2.06 3.54 2.6
2.5 2.2 3.66 2.86
2.56 2.2 3.52 2.72
2.66 2.24 3.38 2.62
2.52 2.18 3.46 2.64
2.68 2.06 3.54 2.6
2.48 2.08 3.62 2.7
2.74 2.24 3.64 2.88
2.66 2.4 3.26 2.66
2.52 2.04 3.6 2.64
2.6 1.82 3.84 2.66
2.5 2.04 3.62 2.66
2.46 2.16 3.38 2.54
2.84 2.88 2.8 2.68
2.6 2.12 3.58 2.7
2.68 2.46 3.16 2.62
2.58 2.22 3.44 2.66
2.48 2.36 3.42 2.78
2.62 1.9 3.88 2.78
2.5 2.14 3.66 2.8
2.5 1.76 4.02 2.78
2.54 2.1 3.5 2.6
2.72 2.22 3.44 2.66
2.56 2.08 3.6 2.68
2.38 2.06 3.72 2.78
2.6 1.7 3.88 2.58
2.68 2.04 3.58 2.62
2.6 2.34 3.3 2.64
2.66 2.24 3.2 2.44
2.6 2.38 3.46 2.84
2.56 2.38 3.24 2.62
2.68 2.12 3.54 2.66
2.56 2.1 3.44 2.54
2.66 2.12 3.42 2.54
2.5 2.0 3.64 2.64
2.62 2.1 3.48 2.58
2.76 2.04 3.3 2.34
2.56 1.94 3.6 2.54
2.64 2.12 3.64 2.76
2.58 2.04 3.5 2.54
2.64 2.22 3.34 2.56
2.52 2.02 3.54 2.56
2.72 2.0 3.52 2.52
2.66 2.18 3.28 2.46
2.64 2.06 3.48 2.54
2.58 2.48 3.14 2.62
2.58 2.18 3.46 2.64
2.58 2.1 3.52 2.62
2.42 1.62 4.24 2.86
2.64 2.18 3.2 2.38
2.64 2.4 3.08 2.48
2.38 1.86 3.82 2.68
2.46 1.64 4.08 2.72
2.5 2.0 3.62 2.62
2.8 2.26 3.4 2.66
2.6 2.3 3.26 2.56
2.6 2.28 3.52 2.8
2.6 2.18 3.46 2.64
2.62 2.2 3.5 2.7
2.72 2.26 3.18 2.44
2.72 2.12 3.46 2.58
2.62 2.2 3.32 2.52
2.64 2.22 3.44 2.66
2.68 2.06 3.58 2.64
2.78 2.54 3.04 2.58
2.42 2.22 3.42 2.64
2.72 2.52 3.22 2.74
2.48 1.74 4.12 2.86
2.52 1.76 3.9 2.66
2.62 2.04 3.58 2.62
2.62 2.12 3.52 2.64
2.66 2.46 3.14 2.6
2.7 2.26 3.36 2.62
2.54 1.88 3.84 2.72
2.56 2.18 3.28 2.46
2.58 2.04 3.7 2.74
2.5 2.44 3.2 2.64
2.66 2.34 3.24 2.58
2.52 1.86 3.7 2.56
2.78 2.08 3.38 2.46
2.54 2.4 3.14 2.54
2.54 2.16 3.7 2.86
2.58 2.1 3.58 2.68
2.64 2.12 3.34 2.46
2.54 2.08 3.58 2.66
2.48 1.82 3.84 2.66
2.56 2.08 3.48 2.56
2.66 1.92 3.54 2.46
2.58 2.18 3.32 2.5
2.66 2.24 3.24 2.48
2.56 2.04 3.52 2.56
2.76 2.26 3.26 2.52
2.72 2.2 3.44 2.64
2.7 2.16 3.4 2.56
2.68 2.0 3.38 2.38
2.8 2.36 3.1 2.46
2.54 1.98 3.68 2.66
2.54 1.94 3.64 2.58
2.74 2.28 3.3 2.58
2.8 2.34 3.18 2.52
2.66 1.82 3.6 2.42
2.46 1.78 4.02 2.8
2.66 2.16 3.32 2.48
2.62 2.08 3.52 2.6
2.84 2.38 3.14 2.52
2.6 2.14 3.72 2.86
2.48 2.28 3.28 2.56
2.74 2.36 3.18 2.54
2.6 1.94 3.78 2.72
2.62 2.0 3.72 2.72
2.58 2.26 3.34 2.6
2.6 2.14 3.44 2.58
2.58 2.08 3.32 2.4
2.68 2.02 3.56 2.58
2.6 2.24 3.48 2.72
2.56 2.14 3.46 2.6
2.72 1.96 3.64 2.6
2.58 1.88 3.64 2.52
2.7 2.22 3.38 2.6
2.7 2.06 3.34 2.4
2.6 2.38 3.22 2.6
2.58 2.38 3.34 2.72
2.5 1.82 4.08 2.9
2.72 2.22 3.2 2.42
2.5 1.8 3.8 2.6
2.62 2.06 3.62 2.68
2.64 2.1 3.46 2.56
2.54 2.28 3.32 2.6
2.76 2.22 3.42 2.64
2.68 2.18 3.32 2.5
2.7 2.18 3.32 2.5
2.48 1.84 3.72 2.56
2.62 2.2 3.46 2.66
2.66 1.96 3.6 2.56
2.66 2.08 3.48 2.56
2.62 2.08 3.66 2.74
2.6 2.14 3.38 2.52
2.78 2.6 2.94 2.54
2.66 1.74 3.82 2.56
2.6 1.92 3.58 2.5
2.68 2.22 3.42 2.64
2.6 1.88 3.74 2.62
2.82 2.62 2.9 2.52
2.66 2.28 3.32 2.6
2.78 2.12 3.48 2.6
2.58 2.12 3.62 2.74
2.44 1.92 3.64 2.56
2.7 2.04 3.58 2.62
2.56 2.16 3.54 2.7
2.44 1.76 3.88 2.64
2.52 1.94 3.72 2.66
2.46 2.06 3.8 2.86
2.58 1.92 3.74 2.66
2.64 2.06 3.52 2.58
2.52 2.02 3.74 2.76
2.44 2.1 3.42 2.52
2.58 2.38 3.52 2.9
2.62 2.0 3.72 2.72
2.64 2.12 3.42 2.54
2.72 2.44 3.44 2.88
2.62 2.16 3.44 2.6
2.52 2.24 3.44 2.68
2.58 2.5 3.32 2.82
2.62 2.44 3.2 2.64
2.78 1.96 3.48 2.44
2.52 1.94 3.66 2.6
2.54 1.88 3.62 2.5
2.78 2.36 3.08 2.44
2.74 2.46 3.14 2.6
2.56 2.14 3.54 2.68
2.62 2.36 3.24 2.6
2.66 2.26 3.32 2.58
2.58 2.14 3.36 2.5
2.68 2.28 3.16 2.44
2.54 2.22 3.52 2.74
2.72 2.28 3.4 2.68
2.74 2.46 3.08 2.54
2.56 1.9 3.72 2.62
2.52 2.36 3.28 2.64
2.56 1.84 3.72 2.56
2.66 1.92 3.56 2.48
2.84 2.58 3.06 2.64
2.56 2.08 3.6 2.68
2.58 1.98 3.68 2.66
2.7 2.26 3.16 2.42
2.64 2.38 3.3 2.68
2.6 2.14 3.48 2.62
2.64 2.06 3.54 2.6
2.78 2.16 3.42 2.58
2.66 2.16 3.5 2.66
2.56 1.76 3.74 2.5
2.68 2.18 3.42 2.6
2.62 1.98 3.72 2.7
2.56 2.02 3.62 2.64
2.7 2.14 3.28 2.42
2.62 2.14 3.54 2.68
2.68 2.16 3.36 2.52
2.66 2.14 3.6 2.74
2.5 2.06 3.66 2.72
2.76 2.62 2.96 2.58
2.42 1.68 4.06 2.74
2.72 2.52 3.02 2.54
2.6 1.92 3.68 2.6
2.74 2.44 3.2 2.64
2.68 2.14 3.54 2.68
2.46 1.94 4.06 3.0
2.56 2.02 3.38 2.4
2.66 2.16 3.52 2.68
2.38 1.78 3.98 2.76
2.78 2.42 3.02 2.44
2.64 2.32 3.26 2.58
2.66 2.12 3.46 2.58
2.66 2.28 3.44 2.72
2.58 2.02 3.64 2.66
2.76 2.42 3.22 2.64
2.62 2.24 3.22 2.46
2.56 1.82 3.94 2.76
2.52 2.36 3.44 2.8
2.62 2.44 3.08 2.52
2.44 1.78 3.9 2.68
2.48 1.84 3.9 2.74
2.64 2.18 3.38 2.56
2.64 2.2 3.3 2.5
2.52 1.9 4.06 2.96
2.58 1.92 3.74 2.66
2.58 2.44 3.3 2.74
2.62 2.06 3.68 2.74
2.64 1.94 3.76 2.7
2.64 1.94 3.76 2.7
2.6 2.0 3.48 2.48
2.46 1.96 3.7 2.66
2.56 2.18 3.46 2.64
2.56 2.2 3.66 2.86
2.52 1.96 3.7 2.66
2.52 2.16 3.46 2.62
2.4 2.04 3.68 2.72
2.58 2.12 3.6 2.72
2.64 1.98 3.54 2.52
2.74 2.16 3.44 2.6
2.56 2.0 3.48 2.48
2.72 2.38 3.34 2.72
2.54 2.1 3.62 2.72
2.54 1.92 3.94 2.86
2.62 2.28 3.16 2.44
2.72 2.2 3.58 2.78
2.54 2.12 3.4 2.52
2.72 2.36 3.4 2.76
2.7 2.3 3.16 2.46
2.72 2.26 3.36 2.62
2.76 2.2 3.14 2.34
2.64 1.92 3.76 2.68
2.7 1.84 3.84 2.68
2.7 2.36 3.16 2.52
2.54 2.14 3.58 2.72
2.7 2.16 3.52 2.68
2.68 2.28 3.36 2.64
2.62 2.14 3.4 2.54
2.64 2.34 3.38 2.72
2.68 2.28 3.36 2.64
2.68 2.52 2.8 2.32
2.64 2.02 3.46 2.48
2.6 1.98 3.68 2.66
2.54 2.02 3.68 2.7
2.64 2.16 3.5 2.66
2.68 2.08 3.52 2.6
2.48 1.96 3.64 2.6
2.58 1.9 3.6 2.5
2.6 2.26 3.42 2.68
2.72 2.02 3.6 2.62
2.66 2.36 3.32 2.68
2.72 2.0 3.64 2.64
2.6 2.08 3.46 2.54
2.68 2.12 3.6 2.72
2.56 1.96 3.76 2.72
2.74 2.28 3.2 2.48
2.66 2.18 3.32 2.5
2.64 2.04 3.44 2.48
2.76 2.42 3.1 2.52
2.6 2.04 3.6 2.64
2.74 2.04 3.6 2.64
2.66 2.24 3.3 2.54
2.62 2.32 3.18 2.5
2.52 1.84 3.86 2.7
2.68 1.94 3.76 2.7
2.56 2.04 3.56 2.6
2.52 1.82 3.86 2.68
2.68 1.74 3.68 2.42
2.46 2.3 3.52 2.82
2.62 2.3 3.38 2.68
2.68 2.32 3.26 2.58
2.66 1.7 3.96 2.66
2.52 1.72 3.98 2.7
2.7 2.1 3.54 2.64
2.72 2.4 3.36 2.76
2.64 2.2 3.6 2.8
2.72 2.12 3.46 2.58
2.6 1.96 3.6 2.56
2.52 2.1 3.58 2.68
2.7 2.1 3.28 2.38
2.64 1.8 3.62 2.42
2.54 1.56 4.16 2.72
2.66 2.06 3.7 2.76
2.68 2.34 3.2 2.54
2.56 1.94 3.66 2.6
2.54 1.62 3.94 2.56
2.58 2.04 3.74 2.78
2.62 1.88 3.68 2.56
2.62 2.46 3.38 2.84
2.5 2.1 3.52 2.62
2.64 2.0 3.66 2.66
2.64 2.4 3.14 2.54
2.72 2.44 3.5 2.94
2.7 2.38 3.22 2.6
2.4 1.92 3.6 2.52
2.54 2.34 3.36 2.7
2.52 2.04 3.52 2.56
2.74 2.28 3.24 2.52
2.62 2.38 3.36 2.74
2.7 2.36 3.38 2.74
2.64 2.06 3.56 2.62
2.68 2.1 3.4 2.5
2.48 2.04 3.62 2.66
2.66 2.06 3.52 2.58
2.62 1.96 3.78 2.74
2.64 2.3 3.22 2.52
2.7 2.32 3.28 2.6
2.76 2.36 3.26 2.62
2.56 1.8 3.88 2.68
2.58 1.84 3.86 2.7
2.68 2.3 3.5 2.8
2.6 2.06 3.52 2.58
2.74 2.42 3.1 2.52
2.7 2.44 3.24 2.68
2.5 2.12 3.52 2.64
2.48 2.02 3.44 2.46
2.58 2.0 3.8 2.8
2.72 2.38 3.28 2.66
2.56 2.1 3.58 2.68
2.52 1.98 3.62 2.6
2.74 2.26 3.18 2.44
2.64 2.24 3.38 2.62
2.68 1.86 3.66 2.52
2.54 2.12 3.7 2.82
2.5 2.04 3.54 2.58
2.72 2.24 3.36 2.6
2.6 2.14 3.52 2.66
2.58 2.08 3.6 2.68
2.6 1.92 3.84 2.76
2.66 2.04 3.54 2.58
2.54 1.76 3.96 2.72
2.74 2.16 3.42 2.58
2.76 1.92 3.68 2.6
2.72 2.3 3.18 2.48
2.64 2.26 3.4 2.66
2.64 2.12 3.5 2.62
2.5 1.78 3.88 2.66
2.58 2.12 3.76 2.88
2.68 2.18 3.42 2.6
2.48 2.08 3.6 2.68
2.5 1.84 3.68 2.52
2.56 2.2 3.4 2.6
2.68 2.14 3.52 2.66
2.6 1.96 3.64 2.6
2.36 1.56 4.34 2.9
2.46 1.98 3.54 2.52
2.6 2.34 3.38 2.72
2.66 2.34 3.4 2.74
2.68 2.2 3.5 2.7
2.68 1.96 3.6 2.56
2.56 2.3 3.5 2.8
2.32 1.82 3.84 2.66
2.52 2.1 3.52 2.62
2.62 2.54 3.04 2.58
2.6 2.08 3.56 2.64
2.54 2.18 3.44 2.62
2.5 2.02 3.38 2.4
2.72 2.38 3.2 2.58
2.58 2.32 3.44 2.76
2.54 2.12 3.32 2.44
2.6 1.98 3.64 2.62
2.56 1.86 3.78 2.64
2.44 1.78 3.94 2.72
2.58 1.9 3.66 2.56
2.66 2.12 3.5 2.62
2.52 2.02 3.82 2.84
2.7 2.14 3.18 2.32
2.56 2.22 3.34 2.56
2.74 2.14 3.66 2.8
2.7 2.32 3.02 2.34
2.68 2.06 3.56 2.62
2.56 2.08 3.64 2.72
2.64 2.14 3.62 2.76
2.68 2.32 3.18 2.5
2.68 2.36 3.28 2.64
2.44 2.06 3.52 2.58
2.84 2.18 3.34 2.52
2.7 2.26 3.46 2.72
2.6 1.74 3.86 2.6
2.56 2.26 3.44 2.7
2.68 2.04 3.5 2.54
2.74 2.04 3.28 2.32
2.5 1.68 4.06 2.74
2.5 2.24 3.42 2.66
2.66 2.3 3.36 2.66
2.68 2.28 3.46 2.74
2.48 2.06 3.64 2.7
2.66 2.5 3.14 2.64
2.64 2.18 3.38 2.56
2.58 2.22 3.26 2.48
2.84 2.08 3.38 2.46
2.52 1.96 3.58 2.54
2.72 2.56 2.98 2.54
2.56 2.08 3.38 2.46
2.56 1.88 3.82 2.7
2.64 2.28 3.54 2.82
2.76 2.48 3.12 2.6
2.58 1.78 3.88 2.66
2.64 2.08 3.4 2.48
2.6 2.0 3.54 2.54
2.6 1.94 3.62 2.56
2.58 2.14 3.5 2.64
2.74 1.88 3.6 2.48
2.48 2.0 3.7 2.7
2.66 2.0 3.64 2.64
2.58 2.12 3.58 2.7
2.48 1.96 3.78 2.74
2.72 2.24 3.42 2.66
2.58 2.06 3.58 2.64
2.58 1.8 4.0 2.8
2.62 1.94 3.72 2.66
2.66 1.96 3.74 2.7
2.62 2.02 3.74 2.76
2.6 1.74 3.88 2.62
2.52 1.94 3.6 2.54
2.54 1.84 3.86 2.7
2.46 1.98 3.72 2.7
2.62 2.12 3.6 2.72
2.76 2.14 3.34 2.48
2.72 2.04 3.42 2.46
2.56 2.2 3.36 2.56
2.42 2.28 3.54 2.82
2.64 2.3 3.4 2.7
2.56 2.06 3.56 2.62
2.52 1.96 3.8 2.76
2.54 1.76 3.84 2.6
2.7 2.08 3.3 2.38
2.5 2.14 3.46 2.6
2.64 2.18 3.44 2.62
2.62 2.26 3.26 2.52
2.58 2.08 3.32 2.4
2.54 2.0 3.8 2.8
2.58 2.06 3.52 2.58
2.48 2.16 3.56 2.72
2.58 1.94 3.64 2.58
2.52 1.72 3.88 2.6
2.54 2.06 3.56 2.62
2.58 1.96 3.64 2.6
2.64 2.12 3.5 2.62
2.68 1.98 3.64 2.62
2.8 2.12 3.3 2.42
2.62 2.06 3.64 2.7
2.62 2.26 3.34 2.6
2.5 2.1 3.56 2.66
2.58 2.08 3.6 2.68
2.68 2.16 3.64 2.8
2.6 2.32 3.3 2.62
2.6 2.06 3.52 2.58
2.68 2.22 3.34 2.56
2.66 2.0 3.46 2.46
2.62 1.96 3.62 2.58
2.6 2.34 3.3 2.64
2.54 2.48 3.22 2.7
2.54 2.16 3.46 2.62
2.7 2.06 3.62 2.68
2.72 2.26 3.42 2.68
2.54 1.98 3.68 2.66
2.64 2.28 3.34 2.62
2.72 2.58 3.16 2.74
2.66 2.38 3.12 2.5
2.72 2.08 3.56 2.64
2.56 2.18 3.46 2.64
2.66 2.34 3.2 2.54
2.62 2.14 3.7 2.84
2.72 2.26 3.38 2.64
2.58 2.1 3.54 2.64
2.46 1.62 4.04 2.66
2.58 2.08 3.68 2.76
2.7 2.26 3.34 2.6
2.66 2.14 3.34 2.48
2.5 1.84 3.82 2.66
2.7 2.26 3.46 2.72
2.6 2.16 3.58 2.74
2.6 2.44 3.02 2.46
2.58 1.98 3.56 2.54
2.66 2.38 3.34 2.72
2.7 2.04 3.64 2.68
2.76 2.06 3.42 2.48
2.78 2.3 3.12 2.42
2.78 2.42 3.28 2.7
2.76 2.64 3.0 2.64
2.56 1.94 3.8 2.74
2.66 2.18 3.58 2.76
2.54 2.3 3.34 2.64
2.72 2.34 3.28 2.62
2.58 2.18 3.62 2.8
2.68 1.96 3.46 2.42
2.8 2.42 3.16 2.58
2.56 1.98 3.42 2.4
2.56 2.06 3.56 2.62
2.48 2.34 3.52 2.86
2.5 1.96 3.64 2.6
2.46 1.82 3.96 2.78
2.5 2.04 3.68 2.72
2.68 2.36 3.32 2.68
2.48 2.18 3.46 2.64
2.64 2.2 3.26 2.46
2.56 1.96 3.86 2.82
2.7 1.7 3.84 2.54
2.58 2.22 3.36 2.58
2.62 2.08 3.5 2.58
2.68 2.28 3.46 2.74
2.68 2.24 3.48 2.72
2.68 2.2 3.44 2.64
2.58 2.22 3.34 2.56
2.68 2.14 3.54 2.68
2.46 2.1 3.62 2.72
2.64 2.06 3.7 2.76
2.6 2.0 3.6 2.6
2.76 2.18 3.46 2.64
2.7 2.3 3.1 2.4
2.7 2.0 3.56 2.56
2.72 2.14 3.48 2.62
2.66 2.32 3.3 2.62
2.66 2.32 3.2 2.52
2.64 1.98 3.48 2.46
2.68 2.14 3.48 2.62
2.56 1.9 3.76 2.66
2.68 2.16 3.36 2.52
2.74 2.16 3.5 2.66
2.62 2.16 3.5 2.66
2.46 1.9 3.86 2.76
2.54 2.1 3.58 2.68
2.68 2.08 3.46 2.54
2.62 2.22 3.34 2.56
2.54 1.86 3.82 2.68
2.6 2.22 3.22 2.44
2.64 2.06 3.6 2.66
2.58 2.1 3.5 2.6
2.72 2.22 3.28 2.5
2.62 2.18 3.5 2.68
2.5 2.0 3.72 2.72
2.58 2.38 3.36 2.74
2.62 2.02 3.48 2.5
2.58 2.2 3.42 2.62
2.64 2.12 3.44 2.56
2.68 2.12 3.56 2.68
2.68 2.12 3.38 2.5
2.56 1.88 3.8 2.68
2.66 1.78 3.68 2.46
2.58 2.12 3.48 2.6
2.54 1.78 3.68 2.46
2.74 2.36 3.12 2.48
2.54 2.18 3.38 2.56
2.74 2.22 3.44 2.66
2.66 2.14 3.5 2.64
2.74 2.12 3.36 2.48
2.68 1.96 3.38 2.34
2.64 2.1 3.62 2.72
2.46 1.78 4.0 2.78
2.6 1.9 3.64 2.54
2.6 1.8 3.96 2.76
2.7 2.48 3.26 2.74
2.6 1.98 3.7 2.68
2.74 2.16 3.42 2.58
2.64 2.12 3.56 2.68
2.6 2.44 2.94 2.38
2.62 2.14 3.52 2.66
2.46 2.16 3.48 2.64
2.64 2.12 3.46 2.58
2.62 2.38 3.46 2.84
2.6 1.94 3.62 2.56
2.7 2.22 3.36 2.58
2.58 2.1 3.46 2.56
2.7 1.98 3.54 2.52
2.84 2.7 2.9 2.6
2.48 2.1 3.68 2.78
2.56 2.18 3.24 2.42
2.68 2.2 3.52 2.72
2.6 2.04 3.48 2.52
2.6 1.98 3.7 2.68
2.58 2.04 3.62 2.66
2.66 2.16 3.34 2.5
2.62 2.3 3.52 2.82
2.84 2.5 2.96 2.46
2.52 1.94 3.72 2.66
2.56 2.14 3.44 2.58
2.58 1.88 3.62 2.5
2.54 1.86 3.8 2.66
2.66 2.42 3.46 2.88
2.7 1.92 3.52 2.44
2.78 2.0 3.6 2.6
2.76 2.2 3.22 2.42
2.7 2.24 3.42 2.66
2.62 2.16 3.54 2.7
2.62 2.04 3.48 2.52
2.66 2.0 3.42 2.42
2.76 2.16 3.46 2.62
2.56 2.06 3.66 2.72
2.66 2.44 3.36 2.8
2.52 2.0 3.8 2.8
2.7 2.06 3.56 2.62
2.7 2.04 3.54 2.58
2.62 2.0 3.64 2.64
2.54 2.08 3.44 2.52
2.66 2.24 3.36 2.6
2.56 1.9 3.7 2.6
2.68 2.14 3.4 2.54
2.64 2.0 3.78 2.78
2.62 2.14 3.5 2.64
2.62 2.08 3.56 2.64
2.46 2.08 3.54 2.62
2.64 2.14 3.38 2.52
2.68 2.08 3.52 2.6
2.56 2.04 3.42 2.46
2.7 2.14 3.5 2.64
2.42 2.02 3.82 2.84
2.64 2.06 3.66 2.72
2.78 1.9 3.62 2.52
2.68 2.36 3.4 2.76
2.62 2.02 3.5 2.52
2.64 1.96 3.5 2.46
2.54 2.28 3.42 2.7
2.64 2.04 3.54 2.58
2.66 2.52 3.34 2.86
2.7 1.96 3.54 2.5
2.58 2.24 3.34 2.58
2.64 2.12 3.28 2.4
2.62 2.26 3.6 2.86
2.66 2.18 3.36 2.54
2.5 1.68 4.06 2.74
2.74 2.26 3.56 2.82
2.64 2.06 3.5 2.56
2.64 2.08 3.72 2.8
2.6 1.96 3.62 2.58
2.52 2.16 3.5 2.66
2.72 2.7 3.08 2.78
2.76 2.38 3.16 2.54
2.58 1.98 3.5 2.48
2.72 2.42 3.06 2.48
2.62 2.14 3.42 2.56
2.54 2.18 3.46 2.64
2.5 1.72 3.84 2.56
2.58 2.24 3.58 2.82
2.68 2.06 3.56 2.62
2.5 2.08 3.58 2.66
2.56 1.78 3.72 2.5
2.66 2.04 3.66 2.7
2.56 2.16 3.4 2.56
2.68 2.04 3.62 2.66
2.64 2.44 3.32 2.76
2.64 2.04 3.62 2.66
2.64 2.02 3.68 2.7
2.48 1.98 3.62 2.6
2.54 2.24 3.58 2.82
2.52 1.86 3.68 2.54
2.64 2.38 3.34 2.72
2.36 1.62 4.14 2.76
2.62 2.0 3.42 2.42
2.46 1.96 3.58 2.54
2.76 2.34 3.16 2.5
2.56 2.08 3.64 2.72
2.7 2.18 3.52 2.7
2.64 2.32 3.3 2.62
2.66 2.2 3.18 2.38
2.58 2.22 3.42 2.64
2.5 1.8 3.8 2.6
2.76 2.58 2.8 2.38
2.62 1.98 3.62 2.6
2.46 2.06 3.66 2.72
2.82 2.3 3.3 2.6
2.68 2.28 3.5 2.78
2.62 2.2 3.34 2.54
2.74 2.36 3.14 2.5
2.58 1.92 3.78 2.7
2.62 2.12 3.36 2.48
2.5 2.52 3.26 2.78
2.56 2.4 3.2 2.6
2.52 1.94 3.74 2.68
2.56 2.22 3.28 2.5
2.68 2.32 3.26 2.58
2.66 2.16 3.52 2.68
2.5 1.74 3.86 2.6
2.6 2.2 3.4 2.6
2.66 2.4 3.3 2.7
2.66 2.3 3.38 2.68
2.46 1.78 3.82 2.6
2.62 2.02 3.5 2.52
2.52 1.98 3.78 2.76
2.62 2.32 3.36 2.68
2.48 1.7 3.94 2.64
2.6 2.32 3.48 2.8
2.78 2.36 3.1 2.46
2.74 2.3 3.28 2.58
2.56 1.86 3.82 2.68
2.54 2.18 3.58 2.76
2.62 2.18 3.62 2.8
2.6 2.28 3.2 2.48
2.6 1.88 3.76 2.64
2.54 2.04 3.66 2.7
2.64 2.52 3.12 2.64
2.58 2.22 3.54 2.76
2.6 2.36 3.22 2.58
2.66 2.02 3.6 2.62
2.54 2.04 3.7 2.74
2.68 1.96 3.62 2.58
2.76 2.54 3.06 2.6
2.76 2.16 3.44 2.6
2.64 2.2 3.38 2.58
2.68 1.94 3.54 2.48
2.58 2.26 3.26 2.52
2.68 2.04 3.64 2.68
2.36 1.58 4.06 2.64
2.72 2.14 3.36 2.5
2.6 2.36 3.22 2.58
2.52 2.08 3.46 2.54
2.54 1.72 3.88 2.6
2.58 2.3 3.38 2.68
2.52 2.06 3.72 2.78
2.76 2.2 3.5 2.7
2.72 2.02 3.68 2.7
2.8 2.4 3.08 2.48
2.76 2.06 3.6 2.66
2.54 2.02 3.7 2.72
2.58 2.16 3.4 2.56
2.58 2.02 3.52 2.54
2.48 2.22 3.56 2.78
2.64 2.14 3.56 2.7
2.74 2.1 3.58 2.68
2.4 1.72 4.06 2.78
2.54 2.0 3.72 2.72
2.44 1.96 3.78 2.74
2.72 2.24 3.34 2.58
2.64 2.08 3.48 2.56
2.56 1.94 3.5 2.44
2.66 2.38 3.22 2.6
2.64 2.04 3.66 2.7
2.7 2.3 3.14 2.44
2.68 1.92 3.62 2.54
2.6 2.16 3.44 2.6
2.54 1.92 3.68 2.6
2.54 2.02 3.6 2.62
2.64 2.1 3.44 2.54
2.38 1.68 3.94 2.62
2.62 2.0 3.62 2.62
2.62 2.2 3.3 2.5
2.68 2.22 3.34 2.56
2.76 2.32 3.08 2.4
2.64 2.24 3.46 2.7
2.58 2.0 3.72 2.72
2.52 1.9 3.78 2.68
2.6 2.58 3.0 2.58
2.38 1.78 4.08 2.86
2.72 2.14 3.56 2.7
2.64 2.02 3.56 2.58
2.58 1.84 3.82 2.66
2.72 1.96 3.48 2.44
2.7 2.18 3.3 2.48
2.58 2.24 3.42 2.66
2.7 2.06 3.4 2.46
2.58 2.06 3.7 2.76
2.64 2.1 3.34 2.44
2.72 2.34 3.28 2.62
2.54 2.26 3.48 2.74
2.46 1.86 3.86 2.72
2.56 2.16 3.38 2.54
2.52 2.0 3.58 2.58
2.66 2.08 3.5 2.58
2.74 2.42 3.32 2.74
2.62 2.08 3.68 2.76
2.64 2.12 3.56 2.68
2.78 2.82 2.6 2.42
2.64 2.06 3.34 2.4
2.5 1.9 3.72 2.62
2.5 1.76 3.78 2.54
2.48 2.12 3.42 2.54
2.6 2.24 3.44 2.68
2.68 2.32 3.4 2.72
2.58 1.94 3.56 2.5
2.66 1.9 3.5 2.4
2.66 2.08 3.48 2.56
2.68 1.86 3.82 2.68
2.68 1.94 3.38 2.32
2.74 2.04 3.66 2.7
2.76 2.4 3.2 2.6
2.6 1.94 3.42 2.36
2.76 2.42 3.4 2.82
2.62 2.28 3.34 2.62
2.64 1.92 3.8 2.72
2.64 2.2 3.36 2.56
2.62 2.44 3.26 2.7
2.44 2.12 3.66 2.78
2.64 1.78 3.84 2.62
2.68 2.16 3.2 2.36
2.76 2.26 3.24 2.5
2.56 2.16 3.34 2.5
2.64 2.22 3.58 2.8
2.62 2.02 3.64 2.66
2.34 1.7 4.22 2.92
2.62 2.04 3.36 2.4
2.82 2.34 3.18 2.52
2.66 1.94 3.54 2.48
2.44 1.92 3.72 2.64
2.52 2.3 3.18 2.48
2.66 2.24 3.36 2.6
2.64 2.18 3.54 2.72
2.68 2.0 3.82 2.82
2.68 2.14 3.44 2.58
2.7 2.08 3.46 2.54
2.72 2.4 3.12 2.52
2.58 2.04 3.56 2.6
2.62 2.06 3.48 2.54
2.52 2.0 3.56 2.56
2.7 2.34 3.12 2.46
2.72 2.14 3.52 2.66
2.72 2.36 3.4 2.76
2.7 2.16 3.28 2.44
2.62 2.1 3.46 2.56
2.68 2.16 3.32 2.48
2.36 1.86 3.82 2.68
2.48 2.18 3.52 2.7
2.8 2.56 2.98 2.54
2.5 1.76 3.76 2.52
2.5 2.06 3.64 2.7
2.68 2.1 3.5 2.6
2.46 2.1 3.42 2.52
2.48 1.82 3.68 2.5
2.48 1.94 3.66 2.6
2.38 1.98 3.9 2.88
2.72 2.46 3.14 2.6
2.46 1.92 3.6 2.52
2.66 2.42 3.3 2.72
2.76 2.68 2.8 2.48
2.56 2.16 3.52 2.68
2.6 2.22 3.34 2.56
2.62 1.9 3.6 2.5
2.6 2.14 3.54 2.68
2.58 2.1 3.44 2.54
2.54 2.1 3.48 2.58
2.76 2.46 3.24 2.7
2.56 2.16 3.5 2.66
2.6 2.06 3.5 2.56
2.66 2.12 3.66 2.78
2.54 2.06 3.54 2.6
2.48 2.0 3.54 2.54
2.64 2.08 3.52 2.6
2.52 2.02 3.66 2.68
2.56 2.14 3.62 2.76
2.52 2.14 3.56 2.7
2.62 2.06 3.6 2.66
2.56 1.8 3.96 2.76
2.68 2.12 3.28 2.4
2.56 2.16 3.66 2.82
2.6 2.04 3.68 2.72
2.64 1.84 3.6 2.44
2.58 2.12 3.38 2.5
2.54 1.82 3.86 2.68
2.44 2.1 3.58 2.68
2.74 2.14 3.48 2.62
2.56 2.12 3.38 2.5
2.66 2.14 3.58 2.72
2.58 1.94 3.74 2.68
2.56 2.18 3.5 2.68
2.7 1.96 3.54 2.5
2.68 2.16 3.5 2.66
2.74 2.42 3.24 2.66
2.68 2.32 3.26 2.58
2.72 1.96 3.72 2.68
2.62 2.1 3.58 2.68
2.58 2.0 3.54 2.54
2.64 2.44 3.22 2.66
2.52 1.96 3.74 2.7
2.5 1.98 3.6 2.58
2.58 2.0 3.64 2.64
2.62 1.88 3.86 2.74
2.56 2.4 3.32 2.72
2.68 2.06 3.52 2.58
2.7 2.06 3.58 2.64
2.52 2.06 3.68 2.74
2.54 2.1 3.48 2.58
2.5 1.98 3.5 2.48
2.76 2.38 3.38 2.76
2.6 2.2 3.4 2.6
2.54 2.16 3.46 2.62
2.58 1.98 3.58 2.56
2.42 1.94 3.78 2.72
2.62 2.16 3.5 2.66
2.52 1.96 3.68 2.64
2.76 2.1 3.44 2.54
2.54 1.98 3.68 2.66
2.54 1.98 3.62 2.6
2.58 2.4 3.34 2.74
2.66 2.16 3.3 2.46
2.66 2.12 3.52 2.64
2.78 2.16 3.4 2.56
2.62 1.78 3.68 2.46
2.7 2.36 3.28 2.64
2.7 2.46 3.06 2.52
2.46 2.16 3.44 2.6
2.58 2.1 3.44 2.54
2.52 1.98 3.74 2.72
2.68 1.92 3.58 2.5
2.68 2.24 3.56 2.8
2.64 2.02 3.56 2.58
2.68 2.34 3.2 2.54
2.62 1.62 3.92 2.54
2.6 2.12 3.48 2.6
2.46 2.04 3.68 2.72
2.64 2.42 3.16 2.58
2.74 2.2 3.32 2.52
2.62 2.14 3.24 2.38
2.6 2.32 3.26 2.58
2.64 2.18 3.26 2.44
2.58 1.88 3.82 2.7
2.66 1.96 3.42 2.38
2.68 2.18 3.3 2.48
2.56 2.18 3.46 2.64
2.62 2.02 3.64 2.66
2.74 2.06 3.46 2.52
2.66 2.1 3.38 2.48
2.44 2.2 3.52 2.72
2.76 2.54 2.96 2.5
2.62 2.24 3.36 2.6
2.68 2.26 3.42 2.68
2.56 2.02 3.56 2.58
2.64 2.14 3.56 2.7
2.66 2.3 3.32 2.62
2.68 2.3 3.14 2.44
2.6 2.26 3.42 2.68
2.54 1.98 3.58 2.56
2.62 2.16 3.36 2.52
2.64 2.1 3.6 2.7
2.76 2.2 3.18 2.38
2.62 2.1 3.6 2.7
2.52 2.14 3.36 2.5
2.74 2.22 3.2 2.42
2.6 2.0 3.58 2.58
2.66 2.22 3.4 2.62
2.72 1.72 3.9 2.62
2.74 2.24 3.44 2.68
2.52 2.04 3.6 2.64
2.66 2.34 3.2 2.54
2.6 1.96 3.6 2.56
2.6 1.92 3.82 2.74
2.64 2.44 3.18 2.62
2.56 2.16 3.52 2.68
2.5 2.04 3.48 2.52
2.58 2.26 3.42 2.68
2.72 2.14 3.46 2.6
2.7 2.0 3.64 2.64
2.6 2.02 3.48 2.5
2.8 2.6 3.08 2.68
2.58 2.2 3.42 2.62
2.64 2.18 3.3 2.48
2.68 2.26 3.46 2.72
2.64 2.44 3.22 2.66
2.56 2.22 3.26 2.48
2.74 2.36 3.32 2.68
2.54 2.26 3.52 2.78
2.52 1.7 3.74 2.44
2.58 2.2 3.24 2.44
2.54 1.9 3.64 2.54
2.62 2.2 3.38 2.58
2.7 2.3 3.32 2.62
2.58 1.98 3.42 2.4
2.6 2.12 3.42 2.54
2.54 2.18 3.36 2.54
2.54 2.32 3.32 2.64
2.34 1.66 4.08 2.74
2.7 2.12 3.42 2.54
2.54 2.24 3.38 2.62
2.72 2.5 3.12 2.62
2.6 1.94 3.64 2.58
2.7 2.08 3.46 2.54
2.6 1.9 3.92 2.82
2.62 1.94 3.66 2.6
2.6 2.24 3.44 2.68
2.5 2.08 3.68 2.76
2.6 2.14 3.52 2.66
2.7 2.08 3.28 2.36
2.58 2.18 3.52 2.7
2.66 2.1 3.42 2.52
2.5 1.9 3.84 2.74
2.58 2.06 3.66 2.72
2.66 2.34 3.26 2.6
2.6 2.28 3.38 2.66
2.5 2.1 3.48 2.58
2.76 2.48 3.2 2.68
2.58 2.08 3.3 2.38
2.64 2.44 3.24 2.68
2.54 2.32 3.26 2.58
2.62 2.16 3.44 2.6
2.68 2.54 3.14 2.68
2.56 1.96 3.64 2.6
2.56 1.84 3.78 2.62
2.64 2.04 3.68 2.72
2.52 2.18 3.7 2.88
2.48 2.12 3.5 2.62
2.8 2.08 3.42 2.5
2.5 2.1 3.52 2.62
2.7 2.34 3.12 2.46
2.78 2.44 3.24 2.68
2.7 2.38 3.24 2.62
2.62 2.06 3.66 2.72
2.58 2.26 3.54 2.8
2.58 2.12 3.5 2.62
2.64 2.3 3.3 2.6
2.74 2.32 3.18 2.5
2.56 2.06 3.52 2.58
2.52 2.02 3.58 2.6
2.72 2.62 3.08 2.7
2.68 2.1 3.4 2.5
2.64 2.36 3.12 2.48
2.6 2.16 3.44 2.6
2.6 2.0 3.56 2.56
2.58 1.68 3.82 2.5
2.54 1.88 3.76 2.64
2.62 2.38 3.52 2.9
2.62 2.04 3.54 2.58
2.62 2.06 3.58 2.64
2.5 2.04 3.62 2.66
2.6 2.0 3.42 2.42
2.64 2.3 3.12 2.42
2.68 1.76 3.92 2.68
2.5 2.1 3.74 2.84
2.58 2.4 3.12 2.52
2.7 2.1 3.44 2.54
2.62 2.06 3.6 2.66
2.72 2.16 3.38 2.54
2.6 2.02 3.52 2.54
2.58 2.12 3.58 2.7
2.58 2.38 3.2 2.58
2.52 2.28 3.48 2.76
2.7 2.12 3.36 2.48
2.5 2.18 3.56 2.74
2.64 2.0 3.5 2.5
2.64 2.32 3.38 2.7
2.62 2.0 3.56 2.56
2.6 2.06 3.66 2.72
2.44 1.78 3.8 2.58
2.64 1.92 3.62 2.54
2.6 1.84 3.76 2.6
2.54 1.86 3.74 2.6
2.58 2.1 3.42 2.52
2.62 2.16 3.54 2.7
2.6 2.0 3.7 2.7
2.74 2.16 3.46 2.62
2.6 2.16 3.28 2.44
2.54 1.7 3.84 2.54
2.56 1.92 3.52 2.44
2.58 1.92 3.7 2.62
2.7 2.32 3.3 2.62
2.66 2.26 3.5 2.76
2.5 2.22 3.58 2.8
2.64 1.96 3.62 2.58
2.66 2.34 3.06 2.4
2.52 2.22 3.58 2.8
2.76 2.2 3.28 2.48
2.56 2.04 3.48 2.52
2.58 1.9 3.68 2.58
2.64 2.1 3.56 2.66
2.58 1.98 3.56 2.54
2.74 2.06 3.4 2.46
2.62 1.98 3.78 2.76
2.62 2.14 3.46 2.6
2.72 2.24 3.28 2.52
2.7 1.9 3.56 2.46
2.58 2.26 3.42 2.68
2.68 2.26 3.4 2.66
2.66 2.2 3.44 2.64
2.64 2.24 3.18 2.42
2.68 2.22 3.26 2.48
2.62 1.98 3.6 2.58
2.56 2.24 3.58 2.82
2.44 2.08 3.64 2.72
2.52 2.28 3.38 2.66
2.56 2.16 3.4 2.56
2.6 2.24 3.42 2.66
2.56 2.2 3.44 2.64
2.44 2.08 3.6 2.68
2.66 1.94 3.64 2.58
2.7 2.28 3.38 2.66
2.68 2.14 3.44 2.58
2.68 2.38 3.12 2.5
2.68 2.26 3.34 2.6
2.82 2.3 3.32 2.62
2.5 2.1 3.5 2.6
2.7 2.18 3.5 2.68
2.56 1.9 3.6 2.5
2.62 2.14 3.3 2.44
2.48 2.38 3.2 2.58
2.74 2.26 3.32 2.58
2.66 2.48 3.3 2.78
2.5 2.32 3.38 2.7
2.76 1.96 3.54 2.5
2.6 2.28 3.18 2.46
2.5 1.94 3.8 2.74
2.56 1.94 3.72 2.66
2.6 2.18 3.4 2.58
2.62 2.22 3.26 2.48
2.68 2.04 3.46 2.5
2.64 2.12 3.42 2.54
2.78 2.18 3.32 2.5
2.5 2.1 3.7 2.8
2.52 1.88 3.88 2.76
2.68 2.16 3.32 2.48
2.56 2.22 3.5 2.72
2.44 2.02 3.52 2.54
2.66 1.98 3.6 2.58
2.72 2.1 3.48 2.58
2.5 1.9 3.7 2.6
2.6 2.12 3.42 2.54
2.46 2.02 3.46 2.48
2.64 2.16 3.7 2.86
2.6 2.2 3.66 2.86
2.76 2.46 3.12 2.58
2.7 2.42 3.24 2.66
2.56 2.14 3.4 2.54
2.64 2.16 3.52 2.68
2.78 2.26 3.28 2.54
2.58 2.1 3.54 2.64
2.66 2.16 3.32 2.48
2.64 2.18 3.4 2.58
2.64 2.0 3.34 2.34
2.5 1.78 3.92 2.7
2.7 2.54 3.0 2.54
2.68 1.94 3.58 2.52
2.56 2.36 3.3 2.66
2.66 2.04 3.68 2.72
2.66 2.1 3.42 2.52
2.7 2.24 3.28 2.52
2.68 2.18 3.32 2.5
2.62 2.32 3.22 2.54
2.5 2.0 3.7 2.7
2.64 2.24 3.44 2.68
2.6 2.1 3.52 2.62
2.56 1.84 3.86 2.7
2.62 2.12 3.46 2.58
2.72 2.04 3.7 2.74
2.68 2.14 3.28 2.42
2.62 2.22 3.4 2.62
2.68 2.28 3.36 2.64
2.72 2.36 3.32 2.68
2.54 2.3 3.22 2.52
2.5 2.04 3.54 2.58
2.64 2.06 3.44 2.5
2.76 2.36 3.2 2.56
2.64 1.94 3.68 2.62
2.62 2.02 3.76 2.78
2.56 2.2 3.42 2.62
2.54 1.92 3.7 2.62
2.62 2.16 3.42 2.58
2.6 2.02 3.62 2.64
2.48 2.08 3.44 2.52
2.64 2.38 3.18 2.56
2.54 1.86 3.74 2.6
2.6 2.2 3.44 2.64
2.68 1.9 3.74 2.64
2.46 2.34 3.34 2.68
2.68 2.1 3.4 2.5
2.7 2.22 3.44 2.66
2.7 2.08 3.54 2.62
2.62 2.1 3.54 2.64
2.52 1.88 3.7 2.58
2.6 2.2 3.34 2.54
2.66 1.96 3.76 2.72
2.62 2.24 3.4 2.64
2.48 2.02 3.58 2.6
2.62 2.14 3.48 2.62
2.7 2.44 3.26 2.7
2.5 2.12 3.48 2.6
2.56 2.02 3.6 2.62
2.54 2.34 3.38 2.72
2.56 2.14 3.34 2.48
2.6 1.82 3.78 2.6
2.52 2.06 3.42 2.48
2.52 2.18 3.62 2.8
2.62 2.12 3.46 2.58
2.56 1.82 3.92 2.74
2.56 2.04 3.46 2.5
2.66 1.98 3.78 2.76
2.28 1.8 3.94 2.74
2.7 2.62 3.02 2.64
2.58 2.14 3.32 2.46
2.52 2.06 3.56 2.62
2.56 2.06 3.52 2.58
2.54 2.24 3.28 2.52
2.76 1.88 3.64 2.52
2.74 2.08 3.44 2.52
2.76 2.42 3.3 2.72
2.68 2.7 2.88 2.58
2.58 2.16 3.54 2.7
2.4 1.9 3.62 2.52
2.54 2.14 3.42 2.56
2.68 2.14 3.48 2.62
2.62 2.06 3.54 2.6
2.5 2.14 3.5 2.64
2.56 2.06 3.54 2.6
2.56 2.08 3.68 2.76
2.82 2.04 3.42 2.46
2.5 1.96 3.74 2.7
2.54 2.2 3.42 2.62
2.72 1.94 3.6 2.54
2.64 1.88 3.5 2.38
2.48 1.9 3.8 2.7
2.68 1.88 3.86 2.74
2.62 2.32 3.36 2.68
2.66 2.36 3.2 2.56
2.68 2.06 3.44 2.5
2.64 2.22 3.46 2.68
2.68 2.04 3.56 2.6
2.62 2.18 3.44 2.62
2.56 1.9 3.66 2.56
2.7 2.38 3.32 2.7
2.52 2.12 3.58 2.7
2.66 2.0 3.62 2.62
2.48 1.9 3.82 2.72
2.54 2.02 3.54 2.56
2.66 2.12 3.68 2.8
2.66 2.38 3.3 2.68
2.61584 2.117844 3.498692 2.616536
