2.51 1.99 3.58 2.57
2.71 2.37 3.35 2.72
2.58 2.23 3.36 2.59
2.55 1.82 3.84 2.66
2.68 2.01 3.53 2.54
2.57 1.9 3.75 2.65
2.62 2.18 3.42 2.6
2.59 2.39 3.1 2.49
2.52 1.98 3.71 2.69
2.6 2.18 3.57 2.75
2.62 2.18 3.49 2.67
2.59 2.14 3.41 2.55
2.68 2.16 3.49 2.65
2.66 2.2 3.4 2.6
2.64 2.05 3.52 2.57
2.63 2.38 3.31 2.69
2.68 2.32 3.36 2.68
2.51 1.94 3.64 2.58
2.62 2.05 3.66 2.71
2.64 2.02 3.5 2.52
2.6 2.08 3.53 2.61
2.62 2.07 3.58 2.65
2.63 2.06 3.53 2.59
2.51 1.93 3.65 2.58
2.6 2.07 3.62 2.69
2.52 2.12 3.49 2.61
2.67 2.04 3.59 2.63
2.62 2.16 3.44 2.6
2.71 2.17 3.34 2.51
2.59 2.16 3.47 2.63
2.57 1.94 3.84 2.78
2.55 2.01 3.58 2.59
2.6 2.23 3.35 2.58
2.63 1.99 3.55 2.54
2.56 1.92 3.72 2.64
2.54 2.04 3.6 2.64
2.52 1.81 3.82 2.63
2.61 1.98 3.66 2.64
2.62 2.01 3.5 2.51
2.62 1.98 3.73 2.71
2.61 2.32 3.29 2.61
2.55 2.14 3.58 2.72
2.59 2.12 3.55 2.67
2.69 2.07 3.6 2.67
2.69 2.35 3.25 2.6
2.63 2.02 3.61 2.63
2.69 2.34 3.21 2.55
2.58 2.16 3.43 2.59
2.64 1.91 3.73 2.64
2.57 2.19 3.42 2.61
2.81 2.36 3.2 2.56
2.67 2.33 3.37 2.7
2.47 2.06 3.64 2.7
2.61 2.01 3.62 2.63
2.6 2.05 3.55 2.6
2.65 2.19 3.42 2.61
2.67 2.2 3.4 2.6
2.62 2.12 3.71 2.83
2.68 2.33 3.32 2.65
2.7 2.18 3.49 2.67
2.59 2.01 3.58 2.59
2.57 1.96 3.73 2.69
2.72 2.05 3.53 2.58
2.63 2.13 3.35 2.48
2.63 2.09 3.57 2.66
2.66 2.11 3.46 2.57
2.57 1.97 3.55 2.52
2.73 2.35 3.27 2.62
2.6 1.95 3.67 2.62
2.57 2.04 3.51 2.55
2.64 2.09 3.5 2.59
2.7 2.47 3.09 2.56
2.57 2.02 3.58 2.6
2.49 1.95 3.89 2.84
2.64 2.24 3.34 2.58
2.66 2.17 3.36 2.53
2.56 2.17 3.47 2.64
2.62 2.29 3.42 2.71
2.74 2.09 3.52 2.61
2.6 2.14 3.48 2.62
2.58 2.03 3.58 2.61
2.75 2.18 3.38 2.56
2.64 2.06 3.61 2.67
2.68 2.37 3.22 2.59
2.71 2.18 3.39 2.57
2.64 2.22 3.25 2.47
2.6 2.22 3.34 2.56
2.66 2.32 3.34 2.66
2.62 2.26 3.49 2.75
2.55 1.94 3.69 2.63
2.65 2.12 3.71 2.83
2.64 2.03 3.59 2.62
2.49 1.95 3.67 2.62
2.61 2.22 3.54 2.76
2.67 2.1 3.45 2.55
2.65 2.14 3.38 2.52
2.58 1.92 3.78 2.7
2.61 2.23 3.37 2.6
2.67 2.27 3.48 2.75
2.54 1.94 3.86 2.8
2.66 1.89 3.68 2.57
2.67 2.14 3.29 2.43
2.66 2.06 3.47 2.53
2.63 2.28 3.5 2.78
2.62 2.02 3.66 2.68
2.55 2.38 3.17 2.55
2.54 2.05 3.7 2.75
2.62 2.1 3.5 2.6
2.62 2.19 3.39 2.58
2.61 2.13 3.55 2.68
2.62 1.88 3.79 2.67
2.56 1.86 3.76 2.62
2.52 2.12 3.65 2.77
2.57 2.11 3.57 2.68
2.57 2.07 3.6 2.67
2.71 2.19 3.38 2.57
2.73 2.1 3.41 2.51
2.62 2.03 3.55 2.58
2.59 2.08 3.59 2.67
2.64 2.17 3.41 2.58
2.71 2.22 3.39 2.61
2.51 2.01 3.63 2.64
2.58 2.02 3.62 2.64
2.65 2.27 3.35 2.62
2.66 2.07 3.43 2.5
2.68 2.24 3.25 2.49
2.65 2.15 3.46 2.61
2.61 2.1 3.53 2.63
2.48 1.88 3.78 2.66
2.72 2.29 3.4 2.69
2.66 2.23 3.37 2.6
2.53 2.29 3.38 2.67
2.58 2.07 3.53 2.6
2.59 2.02 3.7 2.72
2.56 2.07 3.58 2.65
2.62 2.12 3.49 2.61
2.61 2.06 3.36 2.42
2.6 2.24 3.31 2.55
2.59 1.9 3.71 2.61
2.57 2.14 3.47 2.61
2.67 2.16 3.31 2.47
2.59 2.03 3.53 2.56
2.65 2.1 3.37 2.47
2.62 1.93 3.71 2.64
2.55 2.05 3.45 2.5
2.67 2.28 3.29 2.57
2.67 2.07 3.45 2.52
2.59 2.03 3.53 2.56
2.64 2.22 3.3 2.52
2.6 2.18 3.49 2.67
2.57 2.14 3.37 2.51
2.63 2.27 3.27 2.54
2.62 2.05 3.64 2.69
2.6 1.99 3.58 2.57
2.51 2.2 3.45 2.65
2.55 1.95 3.56 2.51
2.56 1.93 3.72 2.65
2.65 2.0 3.5 2.5
2.58 2.18 3.48 2.66
2.6 2.1 3.38 2.48
2.53 2.11 3.59 2.7
2.62 2.28 3.27 2.55
2.64 2.01 3.49 2.5
2.7 2.22 3.38 2.6
2.67 2.21 3.3 2.51
2.58 1.99 3.6 2.59
2.64 2.25 3.44 2.69
2.67 2.35 3.25 2.6
2.52 1.91 3.69 2.6
2.6 2.12 3.49 2.61
2.62 1.97 3.73 2.7
2.56 1.94 3.72 2.66
2.68 2.34 3.17 2.51
2.62 2.27 3.4 2.67
2.67 2.06 3.51 2.57
2.6 2.1 3.45 2.55
2.44 1.87 3.84 2.71
2.58 1.99 3.43 2.42
2.66 2.21 3.29 2.5
2.65 2.15 3.53 2.68
2.63 2.1 3.58 2.68
2.64 2.17 3.49 2.66
2.65 2.14 3.46 2.6
2.58 2.09 3.63 2.72
2.64 2.11 3.51 2.62
2.62 2.27 3.29 2.56
2.63 2.21 3.3 2.51
2.56 2.0 3.66 2.66
2.65 2.2 3.57 2.77
2.67 2.21 3.42 2.63
2.63 2.1 3.47 2.57
2.59 2.03 3.53 2.56
2.65 2.09 3.63 2.72
2.63 2.45 3.33 2.78
2.66 2.19 3.4 2.59
2.64 1.96 3.67 2.63
2.61 2.12 3.45 2.57
2.54 2.16 3.63 2.79
2.66 2.22 3.35 2.57
2.58 2.22 3.31 2.53
2.44 2.04 3.54 2.58
2.57 2.03 3.61 2.64
2.69 2.14 3.51 2.65
2.53 1.98 3.56 2.54
2.59 1.91 3.63 2.54
2.58 2.11 3.46 2.57
2.6 2.14 3.51 2.65
2.72 2.25 3.23 2.48
2.55 1.96 3.5 2.46
2.54 2.07 3.6 2.67
2.63 2.16 3.55 2.71
2.7 2.08 3.53 2.61
2.63 2.36 3.29 2.65
2.61 2.03 3.67 2.7
2.63 2.16 3.47 2.63
2.59 2.05 3.47 2.52
2.64 2.16 3.38 2.54
2.6 2.23 3.26 2.49
2.57 2.08 3.39 2.47
2.58 2.12 3.66 2.78
2.54 2.1 3.56 2.66
2.54 2.0 3.53 2.53
2.59 1.99 3.79 2.78
2.58 2.03 3.55 2.58
2.59 2.07 3.49 2.56
2.6 2.3 3.6 2.9
2.65 2.1 3.5 2.6
2.61 2.14 3.57 2.71
2.62 2.29 3.2 2.49
2.59 1.95 3.48 2.43
2.57 1.94 3.6 2.54
2.67 2.09 3.53 2.62
2.72 1.98 3.57 2.55
2.61 2.24 3.37 2.61
2.62 1.89 3.72 2.61
2.64 2.11 3.49 2.6
2.69 2.4 3.12 2.52
2.51 2.03 3.62 2.65
2.66 2.13 3.44 2.57
2.78 2.29 3.33 2.62
2.7 2.12 3.4 2.52
2.55 2.23 3.42 2.65
2.72 2.38 3.25 2.63
2.65 2.31 3.18 2.49
2.56 1.82 3.81 2.63
2.63 2.03 3.53 2.56
2.68 2.09 3.37 2.46
2.65 2.35 3.38 2.73
2.55 2.02 3.71 2.73
2.57 2.26 3.32 2.58
2.61 1.94 3.61 2.55
2.62 2.24 3.36 2.6
2.63 2.3 3.33 2.63
2.52 2.07 3.47 2.54
2.6 1.91 3.76 2.67
2.62 2.17 3.42 2.59
2.71 2.4 3.25 2.65
2.54 1.9 3.62 2.52
2.51 2.11 3.64 2.75
2.69 2.09 3.5 2.59
2.69 2.22 3.34 2.56
2.64 2.09 3.6 2.69
2.71 2.31 3.33 2.64
2.7 2.2 3.37 2.57
2.68 2.13 3.45 2.58
2.63 2.02 3.7 2.72
2.52 2.01 3.66 2.67
2.62 2.27 3.46 2.73
2.55 1.9 3.63 2.53
2.66 2.04 3.46 2.5
2.6 2.08 3.54 2.62
2.61 2.26 3.29 2.55
2.62 1.96 3.7 2.66
2.53 1.99 3.56 2.55
2.54 2.11 3.61 2.72
2.62 2.11 3.48 2.59
2.63 2.16 3.38 2.54
2.59 1.88 3.63 2.51
2.54 1.99 3.77 2.76
2.63 2.12 3.5 2.62
2.6 2.37 3.35 2.72
2.59 2.0 3.63 2.63
2.53 2.02 3.6 2.62
2.58 2.09 3.33 2.42
2.54 2.2 3.46 2.66
2.68 2.26 3.27 2.53
2.55 2.01 3.71 2.72
2.65 2.22 3.36 2.58
2.7 2.41 3.23 2.64
2.75 2.11 3.47 2.58
2.66 2.07 3.54 2.61
2.68 2.24 3.39 2.63
2.59 2.01 3.63 2.64
2.4 2.08 3.63 2.71
2.59 2.09 3.56 2.65
2.72 2.2 3.25 2.45
2.5 1.79 3.87 2.66
2.67 2.09 3.6 2.69
2.69 2.22 3.4 2.62
2.63 2.15 3.4 2.55
2.61 2.22 3.47 2.69
2.54 2.13 3.48 2.61
2.69 2.18 3.42 2.6
2.67 2.08 3.38 2.46
2.62 2.21 3.45 2.66
2.66 2.23 3.47 2.7
2.58 2.16 3.47 2.63
2.59 2.24 3.44 2.68
2.66 2.11 3.49 2.6
2.55 2.25 3.45 2.7
2.63 2.25 3.33 2.58
2.67 2.14 3.47 2.61
2.65 2.19 3.38 2.57
2.49 1.96 3.76 2.72
2.69 2.28 3.36 2.64
2.55 2.07 3.63 2.7
2.64 2.1 3.32 2.42
2.48 1.9 3.7 2.6
2.67 1.92 3.6 2.52
2.72 2.21 3.52 2.73
2.71 2.15 3.52 2.67
2.61 1.95 3.71 2.66
2.65 2.06 3.42 2.48
2.59 2.17 3.53 2.7
2.69 2.1 3.51 2.61
2.7 2.28 3.23 2.51
2.75 2.41 3.13 2.54
2.61 2.26 3.38 2.64
2.57 1.95 3.67 2.62
2.71 2.22 3.36 2.58
2.61 2.11 3.43 2.54
2.64 2.08 3.45 2.53
2.69 2.11 3.56 2.67
2.63 2.19 3.52 2.71
2.64 2.19 3.49 2.68
2.65 2.17 3.49 2.66
2.58 2.09 3.65 2.74
2.62 2.22 3.4 2.62
2.58 2.11 3.71 2.82
2.54 1.94 3.77 2.71
2.63 2.33 3.21 2.54
2.62 2.28 3.37 2.65
2.52 2.05 3.5 2.55
2.61 2.09 3.5 2.59
2.55 2.22 3.25 2.47
2.65 2.15 3.44 2.59
2.75 2.24 3.55 2.79
2.61 1.96 3.54 2.5
2.56 2.2 3.34 2.54
2.64 2.04 3.65 2.69
2.66 2.22 3.48 2.7
2.69 2.36 3.3 2.66
2.56 1.91 3.68 2.59
2.62 1.75 3.78 2.53
2.52 1.96 3.61 2.57
2.74 2.32 3.34 2.66
2.65 2.1 3.32 2.42
2.6 2.08 3.56 2.64
2.57 1.84 3.71 2.55
2.62 2.26 3.37 2.63
2.6 1.97 3.54 2.51
2.66 2.25 3.43 2.68
2.62 2.0 3.8 2.8
2.54 1.97 3.63 2.6
2.57 2.17 3.42 2.59
2.59 2.18 3.48 2.66
2.66 2.15 3.38 2.53
2.71 2.42 3.13 2.55
2.67 2.11 3.56 2.67
2.66 2.45 3.16 2.61
2.65 2.22 3.41 2.63
2.69 2.18 3.35 2.53
2.56 2.21 3.53 2.74
2.67 2.27 3.37 2.64
2.62 1.95 3.61 2.56
2.68 2.09 3.58 2.67
2.74 2.17 3.49 2.66
2.57 2.18 3.52 2.7
2.59 1.94 3.79 2.73
2.55 2.08 3.62 2.7
2.62 2.11 3.36 2.47
2.56 1.86 3.73 2.59
2.63 2.08 3.52 2.6
2.62 1.92 3.76 2.68
2.61 2.19 3.41 2.6
2.74 2.08 3.38 2.46
2.63 2.03 3.41 2.44
2.67 2.21 3.42 2.63
2.68 2.19 3.39 2.58
2.53 2.14 3.59 2.73
2.59 1.97 3.67 2.64
2.58 2.3 3.39 2.69
2.69 2.17 3.42 2.59
2.54 2.17 3.28 2.45
2.69 2.05 3.53 2.58
2.53 2.12 3.42 2.54
2.57 2.01 3.67 2.68
2.59 1.97 3.64 2.61
2.65 2.0 3.6 2.6
2.59 2.01 3.46 2.47
2.62 1.99 3.53 2.52
2.53 2.06 3.73 2.79
2.59 2.1 3.5 2.6
2.62 2.05 3.49 2.54
2.52 1.99 3.71 2.7
2.57 2.29 3.36 2.65
2.6 2.09 3.68 2.77
2.69 2.19 3.37 2.56
2.64 2.12 3.46 2.58
2.66 2.09 3.55 2.64
2.51 1.79 3.89 2.68
2.67 2.17 3.45 2.62
2.6 2.0 3.4 2.4
2.68 2.25 3.39 2.64
2.52 1.8 3.92 2.72
2.67 2.01 3.5 2.51
2.57 2.08 3.41 2.49
2.5 2.05 3.59 2.64
2.72 2.14 3.48 2.62
2.59 2.32 3.37 2.69
2.65 2.19 3.53 2.72
2.54 2.17 3.49 2.66
2.56 1.96 3.54 2.5
2.61 2.16 3.35 2.51
2.54 2.02 3.64 2.66
2.5 2.09 3.64 2.73
2.71 2.1 3.33 2.43
2.64 2.28 3.31 2.59
2.66 2.28 3.4 2.68
2.72 2.3 3.15 2.45
2.6 1.97 3.8 2.77
2.54 1.97 3.59 2.56
2.6 2.25 3.36 2.61
2.65 2.04 3.66 2.7
2.71 2.32 3.3 2.62
2.56 2.36 3.34 2.7
2.82 2.27 3.32 2.59
2.62 2.14 3.46 2.6
2.64 2.11 3.42 2.53
2.67 2.18 3.41 2.59
2.56 1.9 3.72 2.62
2.67 2.26 3.38 2.64
2.6 2.04 3.59 2.63
2.69 2.27 3.56 2.83
2.62 2.1 3.6 2.7
2.67 2.27 3.32 2.59
2.66 2.27 3.35 2.62
2.64 2.19 3.59 2.78
2.57 2.12 3.37 2.49
2.53 2.08 3.54 2.62
2.54 2.03 3.62 2.65
2.66 2.11 3.49 2.6
2.51 2.09 3.54 2.63
2.58 1.94 3.67 2.61
2.65 2.08 3.46 2.54
2.69 2.09 3.5 2.59
2.7 2.03 3.59 2.62
2.59 2.27 3.38 2.65
2.69 2.32 3.3 2.62
2.66 2.32 3.38 2.7
2.52 2.16 3.51 2.67
2.6 2.15 3.45 2.6
2.51 2.16 3.42 2.58
2.59 2.05 3.56 2.61
2.63 2.02 3.58 2.6
2.56 2.12 3.42 2.54
2.63 2.03 3.51 2.54
2.63 2.27 3.36 2.63
2.61 2.17 3.41 2.58
2.6 2.0 3.6 2.6
2.57 1.94 3.62 2.56
2.69 2.13 3.47 2.6
2.63 2.53 3.13 2.66
2.57 2.08 3.62 2.7
2.67 2.08 3.41 2.49
2.63 2.19 3.47 2.66
2.73 2.18 3.48 2.66
2.75 2.37 3.29 2.66
2.71 2.21 3.21 2.42
2.52 2.07 3.66 2.73
2.6 2.04 3.61 2.65
2.61 2.26 3.27 2.53
2.68 2.22 3.33 2.55
2.65 2.16 3.38 2.54
2.57 2.09 3.61 2.7
2.49 1.81 3.88 2.69
2.53 2.18 3.6 2.78
2.66 2.21 3.4 2.61
2.6 1.89 3.73 2.62
2.65 2.12 3.45 2.57
2.63 2.33 3.22 2.55
2.57 2.13 3.36 2.49
2.67 2.17 3.44 2.61
2.68 2.32 3.25 2.57
2.67 2.12 3.45 2.57
2.65 2.11 3.59 2.7
2.67 2.25 3.44 2.69
2.59 2.17 3.32 2.49
2.67 2.01 3.53 2.54
2.69 2.3 3.38 2.68
2.55 1.91 3.78 2.69
2.6 1.75 3.69 2.44
2.65 2.2 3.41 2.61
2.64 2.08 3.61 2.69
2.52 2.11 3.57 2.68
2.66 2.29 3.35 2.64
2.51 2.03 3.65 2.68
2.66 2.12 3.49 2.61
2.63 2.48 3.28 2.76
2.59 2.18 3.47 2.65
2.66 2.07 3.47 2.54
2.56 1.97 3.78 2.75
2.47 1.92 3.76 2.68
2.57 2.11 3.57 2.68
2.66 2.21 3.41 2.62
2.6 1.92 3.6 2.52
2.58 2.07 3.55 2.62
2.62 2.08 3.54 2.62
2.58 2.03 3.52 2.55
2.54 1.86 3.84 2.7
2.63 2.07 3.62 2.69
2.61 2.24 3.3 2.54
2.49 2.06 3.52 2.58
2.66 2.06 3.62 2.68
2.57 2.01 3.63 2.64
2.69 2.1 3.41 2.51
2.62 2.19 3.31 2.5
2.72 2.33 3.2 2.53
2.62 2.12 3.46 2.58
2.64 2.07 3.54 2.61
2.64 2.15 3.48 2.63
2.62 2.12 3.45 2.57
2.6 2.1 3.66 2.76
2.71 1.96 3.55 2.51
2.61 2.21 3.41 2.62
2.59 2.04 3.49 2.53
2.62 2.1 3.46 2.56
2.55 1.81 3.86 2.67
2.61 1.93 3.75 2.68
2.57 1.89 3.78 2.67
2.54 1.97 3.65 2.62
2.45 1.83 3.88 2.71
2.57 2.28 3.34 2.62
2.64 1.94 3.79 2.73
2.6 1.97 3.62 2.59
2.66 2.02 3.55 2.57
2.67 2.35 3.32 2.67
2.55 2.05 3.71 2.76
2.66 2.35 3.25 2.6
2.56 1.97 3.71 2.68
2.59 1.87 3.82 2.69
2.54 1.94 3.74 2.68
2.63 2.12 3.36 2.48
2.64 2.18 3.28 2.46
2.56 2.16 3.4 2.56
2.52 2.08 3.64 2.72
2.62 2.04 3.62 2.66
2.66 2.29 3.37 2.66
2.63 2.05 3.44 2.49
2.6 2.13 3.48 2.61
2.63 1.95 3.5 2.45
2.62 2.02 3.55 2.57
2.66 2.37 3.26 2.63
2.57 2.04 3.51 2.55
2.58 2.23 3.5 2.73
2.53 2.08 3.53 2.61
2.69 2.13 3.45 2.58
2.54 2.09 3.66 2.75
2.66 2.28 3.32 2.6
2.65 2.08 3.51 2.59
2.55 1.97 3.58 2.55
2.69 2.3 3.31 2.61
2.59 2.21 3.44 2.65
2.57 2.13 3.47 2.6
2.61 2.11 3.54 2.65
2.55 2.05 3.59 2.64
2.65 2.06 3.62 2.68
2.53 1.98 3.6 2.58
2.56 1.98 3.7 2.68
2.7 2.12 3.44 2.56
2.6 2.3 3.31 2.61
2.52 2.16 3.55 2.71
2.65 2.18 3.36 2.54
2.76 2.26 3.39 2.65
2.67 2.09 3.63 2.72
2.52 1.92 3.82 2.74
2.68 2.01 3.51 2.52
2.64 2.09 3.59 2.68
2.66 2.3 3.37 2.67
2.58 2.01 3.56 2.57
2.62 2.21 3.45 2.66
2.6 2.12 3.55 2.67
2.55 1.95 3.77 2.72
2.58 2.1 3.57 2.67
2.62 2.12 3.42 2.54
2.57 1.97 3.68 2.65
2.67 2.36 3.21 2.57
2.58 1.97 3.64 2.61
2.6 2.16 3.47 2.63
2.51 2.04 3.58 2.62
2.58 2.01 3.62 2.63
2.52 2.24 3.51 2.75
2.56 1.93 3.91 2.84
2.51 1.9 3.77 2.67
2.75 2.31 3.28 2.59
2.6 2.08 3.47 2.55
2.64 1.99 3.61 2.6
2.65 2.06 3.49 2.55
2.6 2.11 3.45 2.56
2.68 2.38 3.43 2.81
2.64 2.2 3.36 2.56
2.59 1.99 3.6 2.59
2.58 2.1 3.5 2.6
2.61 2.07 3.5 2.57
2.61 2.16 3.36 2.52
2.58 1.96 3.59 2.55
2.64 1.93 3.65 2.58
2.64 2.24 3.34 2.58
2.65 2.18 3.45 2.63
2.62 1.97 3.5 2.47
2.66 2.32 3.26 2.58
2.5 2.17 3.42 2.59
2.54 2.05 3.63 2.68
2.61 2.26 3.33 2.59
2.63 2.07 3.46 2.53
2.61 2.34 3.33 2.67
2.69 2.27 3.33 2.6
2.56 2.11 3.53 2.64
2.66 2.23 3.38 2.61
2.57 2.26 3.36 2.62
2.64 2.18 3.59 2.77
2.61 2.09 3.65 2.74
2.57 2.24 3.3 2.54
2.65 2.4 3.22 2.62
2.61 2.11 3.57 2.68
2.66 2.09 3.62 2.71
2.66 2.02 3.56 2.58
2.65 2.24 3.33 2.57
2.57 2.2 3.47 2.67
2.59 2.15 3.56 2.71
2.58 2.0 3.48 2.48
2.59 2.11 3.49 2.6
2.56 1.96 3.74 2.7
2.52 1.85 3.9 2.75
2.6 2.02 3.5 2.52
2.59 2.32 3.32 2.64
2.63 2.27 3.46 2.73
2.67 2.14 3.38 2.52
2.71 2.36 3.14 2.5
2.58 1.91 3.57 2.48
2.71 2.18 3.51 2.69
2.71 2.19 3.31 2.5
2.6 2.25 3.36 2.61
2.59 2.09 3.45 2.54
2.66 2.29 3.17 2.46
2.59 1.81 3.83 2.64
2.61 2.09 3.49 2.58
2.62 2.21 3.46 2.67
2.56 2.0 3.57 2.57
2.6 2.03 3.5 2.53
2.71 2.08 3.55 2.63
2.61 2.04 3.74 2.78
2.63 1.9 3.75 2.65
2.46 1.98 3.67 2.65
2.53 2.02 3.56 2.58
2.66 2.28 3.35 2.63
2.65 2.44 3.07 2.51
2.67 2.3 3.5 2.8
2.59 2.32 3.35 2.67
2.59 2.13 3.42 2.55
2.67 2.23 3.34 2.57
2.57 2.06 3.63 2.69
2.55 2.12 3.59 2.71
2.65 2.23 3.41 2.64
2.55 1.8 3.89 2.69
2.64 2.21 3.43 2.64
2.47 1.95 3.66 2.61
2.61 2.12 3.55 2.67
2.61 1.95 3.61 2.56
2.58 1.92 3.71 2.63
2.66 1.94 3.69 2.63
2.57 1.94 3.7 2.64
2.57 2.04 3.66 2.7
2.57 2.29 3.33 2.62
2.66 2.36 3.2 2.56
2.52 1.97 3.71 2.68
2.59 2.08 3.51 2.59
2.58 2.06 3.49 2.55
2.75 2.21 3.32 2.53
2.59 1.94 3.78 2.72
2.7 2.2 3.48 2.68
2.75 2.16 3.32 2.48
2.58 2.03 3.65 2.68
2.55 2.05 3.61 2.66
2.65 2.0 3.5 2.5
2.63 2.13 3.38 2.51
2.51 1.99 3.72 2.71
2.52 1.97 3.74 2.71
2.73 2.09 3.44 2.53
2.5 1.91 3.65 2.56
2.6 2.05 3.47 2.52
2.62 2.27 3.37 2.64
2.61 2.11 3.43 2.54
2.61 2.15 3.56 2.71
2.51 2.06 3.61 2.67
2.67 2.12 3.48 2.6
2.75 2.26 3.33 2.59
2.58 1.93 3.61 2.54
2.57 2.11 3.47 2.58
2.49 1.95 3.83 2.78
2.57 2.0 3.86 2.86
2.53 2.1 3.65 2.75
2.64 2.17 3.42 2.59
2.61 2.0 3.67 2.67
2.72 2.36 3.42 2.78
2.7 2.27 3.31 2.58
2.67 2.25 3.36 2.61
2.58 2.18 3.29 2.47
2.6 2.18 3.46 2.64
2.58 2.21 3.44 2.65
2.66 1.98 3.67 2.65
2.47 1.77 3.92 2.69
2.66 2.01 3.58 2.59
2.67 2.3 3.26 2.56
2.62 2.25 3.34 2.59
2.64 2.1 3.54 2.64
2.61 1.9 3.56 2.46
2.53 2.0 3.67 2.67
2.59 2.04 3.66 2.7
2.66 2.37 3.27 2.64
2.62 2.06 3.74 2.8
2.61 2.04 3.56 2.6
2.68 2.18 3.53 2.71
2.6 2.07 3.65 2.72
2.57 2.22 3.37 2.59
2.66 2.32 3.35 2.67
2.71 2.31 3.33 2.64
2.62 2.07 3.53 2.6
2.6 2.1 3.51 2.61
2.5 2.19 3.41 2.6
2.69 2.17 3.4 2.57
2.6 2.21 3.49 2.7
2.64 1.99 3.57 2.56
2.53 2.1 3.53 2.63
2.5 2.02 3.58 2.6
2.59 2.06 3.56 2.62
2.56 2.04 3.61 2.65
2.59 2.11 3.5 2.61
2.5 2.01 3.59 2.6
2.58 2.17 3.44 2.61
2.62 1.87 3.83 2.7
2.56 2.0 3.65 2.65
2.59 2.12 3.57 2.69
2.52 1.84 3.8 2.64
2.64 2.44 3.27 2.71
2.64 2.06 3.63 2.69
2.68 2.17 3.35 2.52
2.65 2.14 3.43 2.57
2.58 2.18 3.36 2.54
2.69 2.17 3.48 2.65
2.74 2.12 3.31 2.43
2.63 2.11 3.45 2.56
2.65 2.1 3.59 2.69
2.56 2.19 3.46 2.65
2.54 2.2 3.44 2.64
2.55 2.08 3.59 2.67
2.6 1.91 3.65 2.56
2.59 2.01 3.69 2.7
2.62 2.23 3.47 2.7
2.68 2.35 3.2 2.55
2.54 2.06 3.54 2.6
2.71 2.0 3.57 2.57
2.68 2.14 3.5 2.64
2.63 2.13 3.58 2.71
2.58 2.25 3.49 2.74
2.62 2.27 3.37 2.64
2.64 2.11 3.49 2.6
2.62 2.06 3.56 2.62
2.65 2.09 3.6 2.69
2.66 2.32 3.19 2.51
2.65 2.23 3.32 2.55
2.47 2.05 3.67 2.72
2.52 2.0 3.57 2.57
2.6 2.18 3.46 2.64
2.58 2.34 3.32 2.66
2.59 1.98 3.6 2.58
2.55 1.83 3.73 2.56
2.61 2.17 3.47 2.64
2.59 1.99 3.45 2.44
2.63 1.96 3.56 2.52
2.71 2.32 3.19 2.51
2.54 2.18 3.43 2.61
2.54 2.0 3.56 2.56
2.61 1.87 3.59 2.46
2.72 2.29 3.31 2.6
2.64 2.11 3.33 2.44
2.55 2.01 3.68 2.69
2.61 2.17 3.45 2.62
2.54 1.93 3.78 2.71
2.54 2.0 3.65 2.65
2.57 2.19 3.52 2.71
2.62 2.08 3.49 2.57
2.54 2.09 3.47 2.56
2.59 2.29 3.3 2.59
2.76 2.5 3.09 2.59
2.62 2.08 3.58 2.66
2.65 2.17 3.41 2.58
2.61 2.14 3.44 2.58
2.61 2.1 3.55 2.65
2.59 2.05 3.58 2.63
2.76 1.97 3.79 2.76
2.63 2.01 3.63 2.64
2.63 2.21 3.37 2.58
2.53 1.84 3.79 2.63
2.7 2.19 3.4 2.59
2.57 1.94 3.61 2.55
2.68 2.21 3.38 2.59
2.55 1.87 3.76 2.63
2.65 2.15 3.24 2.39
2.58 2.06 3.52 2.58
2.54 1.99 3.77 2.76
2.51 2.07 3.55 2.62
2.59 2.07 3.54 2.61
2.62 2.13 3.48 2.61
2.72 2.11 3.4 2.51
2.71 2.37 3.15 2.52
2.63 2.06 3.69 2.75
2.76 2.23 3.35 2.58
2.63 2.35 3.26 2.61
2.61 2.18 3.73 2.91
2.68 2.41 3.15 2.56
2.64 2.12 3.52 2.64
2.6 2.04 3.69 2.73
2.55 2.06 3.59 2.65
2.68 1.99 3.47 2.46
2.62 2.3 3.33 2.63
2.7 2.29 3.15 2.44
2.53 2.16 3.46 2.62
2.62 1.98 3.62 2.6
2.54 2.02 3.65 2.67
2.49 1.68 3.92 2.6
2.59 1.79 3.82 2.61
2.54 2.1 3.61 2.71
2.61 2.25 3.4 2.65
2.68 2.28 3.21 2.49
2.66 2.3 3.27 2.57
2.63 2.18 3.38 2.56
2.69 2.18 3.39 2.57
2.62 2.02 3.46 2.48
2.59 2.21 3.49 2.7
2.74 2.2 3.28 2.48
2.51 2.14 3.5 2.64
2.55 2.18 3.51 2.69
2.63 2.25 3.51 2.76
2.58 2.07 3.54 2.61
2.66 2.15 3.5 2.65
2.6 2.1 3.48 2.58
2.56 2.09 3.51 2.6
2.63 2.18 3.53 2.71
2.64 2.19 3.43 2.62
2.62 2.07 3.67 2.74
2.7 2.12 3.33 2.45
2.59 2.01 3.55 2.56
2.6 2.12 3.53 2.65
2.63 2.1 3.63 2.73
2.69 2.35 3.21 2.56
2.55 2.19 3.39 2.58
2.56 2.14 3.45 2.59
2.72 2.17 3.53 2.7
2.65 2.22 3.3 2.52
2.56 2.09 3.53 2.62
2.62 2.08 3.45 2.53
2.52 2.13 3.47 2.6
2.63 2.21 3.26 2.47
2.68 2.11 3.49 2.6
2.63 2.02 3.41 2.43
2.5 2.17 3.57 2.74
2.67 2.1 3.58 2.68
2.56 1.91 3.64 2.55
2.61 2.14 3.64 2.78
2.75 2.4 3.13 2.53
2.47 2.06 3.67 2.73
2.62 2.05 3.62 2.67
2.53 1.99 3.6 2.59
2.64 2.41 3.15 2.56
2.75 2.25 3.37 2.62
2.55 2.11 3.51 2.62
2.7 2.13 3.44 2.57
2.61 2.19 3.3 2.49
2.59 2.31 3.41 2.72
2.51 1.88 3.79 2.67
2.59 2.16 3.41 2.57
2.67 2.24 3.42 2.66
2.63 2.13 3.38 2.51
2.59 2.02 3.76 2.78
2.6 2.01 3.56 2.57
2.63 2.3 3.24 2.54
2.65 2.26 3.5 2.76
2.59 2.04 3.52 2.56
2.6 1.98 3.61 2.59
2.73 2.28 3.33 2.61
2.63 2.28 3.26 2.54
2.54 2.09 3.51 2.6
2.72 2.38 3.13 2.51
2.58 2.14 3.4 2.54
2.62 2.13 3.46 2.59
2.65 2.34 3.24 2.58
2.67 2.02 3.47 2.49
2.56 1.98 3.59 2.57
2.69 2.11 3.42 2.53
2.64 2.26 3.35 2.61
2.63 2.36 3.28 2.64
2.56 1.96 3.68 2.64
2.64 2.23 3.49 2.72
2.62 2.46 3.09 2.55
2.58 2.05 3.62 2.67
2.62 2.22 3.54 2.76
2.65 2.23 3.43 2.66
2.6 2.2 3.3 2.5
2.63 2.09 3.48 2.57
2.58 2.21 3.38 2.59
2.58 2.06 3.67 2.73
2.74 2.19 3.41 2.6
2.58 2.04 3.65 2.69
2.6 2.06 3.56 2.62
2.64 1.97 3.48 2.45
2.61 2.1 3.53 2.63
2.59 2.11 3.51 2.62
2.56 2.14 3.49 2.63
2.58 2.22 3.54 2.76
2.66 2.32 3.22 2.54
2.62 2.03 3.55 2.58
2.6 2.07 3.55 2.62
2.51 2.02 3.55 2.57
2.65 2.24 3.35 2.59
2.69 2.33 3.35 2.68
2.51 2.26 3.38 2.64
2.62 2.11 3.62 2.73
2.52 2.0 3.74 2.74
2.65 2.23 3.49 2.72
2.69 2.08 3.48 2.56
2.65 2.0 3.59 2.59
2.62 2.02 3.64 2.66
2.58 2.04 3.77 2.81
2.72 2.49 3.07 2.56
2.71 2.26 3.4 2.66
2.74 2.05 3.46 2.51
2.58 2.28 3.36 2.64
2.63 2.1 3.51 2.61
2.65 2.04 3.51 2.55
2.54 1.97 3.71 2.68
2.59 1.85 3.86 2.71
2.54 1.88 3.64 2.52
2.58 1.97 3.6 2.57
2.73 2.35 3.25 2.6
2.65 2.09 3.5 2.59
2.63 2.17 3.43 2.6
2.65 2.12 3.52 2.64
2.68 2.33 3.26 2.59
2.58 1.97 3.76 2.73
2.58 1.9 3.75 2.65
2.61 2.17 3.38 2.55
2.59 2.07 3.62 2.69
2.66 2.0 3.74 2.74
2.64 2.14 3.49 2.63
2.58 1.98 3.59 2.57
2.62 2.18 3.32 2.5
2.65 1.85 3.83 2.68
2.66 2.36 3.31 2.67
2.62 2.0 3.58 2.58
2.62 2.0 3.65 2.65
2.59 2.21 3.48 2.69
2.69 2.16 3.42 2.58
2.56 2.09 3.59 2.68
2.67 2.13 3.49 2.62
2.55 2.11 3.55 2.66
2.55 1.96 3.77 2.73
2.62 2.16 3.45 2.61
2.61 2.06 3.59 2.65
2.64 2.25 3.43 2.68
2.58 2.24 3.5 2.74
2.6 2.19 3.31 2.5
2.66 2.29 3.28 2.57
2.67 2.32 3.29 2.61
2.57 2.18 3.41 2.59
2.68 2.36 3.31 2.67
2.72 2.4 3.25 2.65
2.59 1.89 3.62 2.51
2.68 2.36 3.16 2.52
2.59 2.03 3.59 2.62
2.59 1.95 3.54 2.49
2.58 1.84 3.97 2.81
2.57 2.2 3.55 2.75
2.61 2.11 3.48 2.59
2.71 2.25 3.36 2.61
2.68 2.33 3.24 2.57
2.65 2.1 3.51 2.61
2.61 2.13 3.5 2.63
2.64 2.03 3.63 2.66
2.6 2.26 3.19 2.45
2.58 2.04 3.6 2.64
2.57 2.13 3.47 2.6
2.63 2.06 3.49 2.55
2.62 2.16 3.58 2.74
2.68 2.28 3.44 2.72
2.63 2.15 3.42 2.57
2.6 2.23 3.42 2.65
2.73 2.21 3.38 2.59
2.59 2.15 3.46 2.61
2.56 1.98 3.61 2.59
2.52 2.13 3.46 2.59
2.58 2.18 3.27 2.45
2.63 2.29 3.39 2.68
2.63 2.22 3.47 2.69
2.7 2.25 3.28 2.53
2.66 2.04 3.42 2.46
2.69 2.15 3.43 2.58
2.52 2.23 3.4 2.63
2.72 2.19 3.37 2.56
2.65 2.09 3.5 2.59
2.73 2.35 3.27 2.62
2.61 1.92 3.67 2.59
2.64 2.21 3.31 2.52
2.57 2.0 3.69 2.69
2.61 2.06 3.51 2.57
2.54 2.16 3.62 2.78
2.54 2.11 3.49 2.6
2.65 2.05 3.62 2.67
2.64 2.2 3.38 2.58
2.62 2.21 3.42 2.63
2.63 2.03 3.62 2.65
2.7 2.3 3.23 2.53
2.66 2.11 3.44 2.55
2.58 2.12 3.52 2.64
2.62 2.03 3.63 2.66
2.6 2.29 3.42 2.71
2.61 2.15 3.55 2.7
2.59 2.11 3.55 2.66
2.53 2.1 3.59 2.69
2.56 2.05 3.65 2.7
2.62 2.18 3.44 2.62
2.61 2.15 3.51 2.66
2.62 2.2 3.41 2.61
2.56 1.99 3.52 2.51
2.5 2.0 3.46 2.46
2.71 2.29 3.29 2.58
2.64 2.24 3.33 2.57
2.65 2.25 3.35 2.6
2.54 2.01 3.72 2.73
2.62 2.19 3.38 2.57
2.59 2.12 3.47 2.59
2.53 2.2 3.43 2.63
2.55 1.9 3.74 2.64
2.62 1.94 3.46 2.4
2.63 2.23 3.36 2.59
2.67 2.16 3.46 2.62
2.68 2.18 3.35 2.53
2.67 2.37 3.25 2.62
2.62 2.13 3.47 2.6
2.6 2.13 3.64 2.77
2.52 2.02 3.56 2.58
2.53 1.95 3.86 2.81
2.57 1.93 3.75 2.68
2.69 2.32 3.27 2.59
2.58 2.23 3.37 2.6
2.69 2.17 3.41 2.58
2.56 1.99 3.55 2.54
2.68 2.14 3.38 2.52
2.71 2.3 3.33 2.63
2.7 2.37 3.27 2.64
2.62 2.32 3.33 2.65
2.51 2.04 3.49 2.53
2.62 2.11 3.44 2.55
2.63 2.17 3.49 2.66
2.53 2.07 3.54 2.61
2.63 2.29 3.3 2.59
2.64 2.1 3.48 2.58
2.61 2.14 3.62 2.76
2.68 2.32 3.29 2.61
2.61 2.25 3.36 2.61
2.58 2.03 3.76 2.79
2.57 1.89 3.85 2.74
2.58 1.95 3.69 2.64
2.67 2.09 3.51 2.6
2.56 2.06 3.46 2.52
2.65 2.22 3.29 2.51
2.61 2.08 3.45 2.53
2.55 1.89 3.76 2.65
2.61 2.13 3.4 2.53
2.58 2.2 3.38 2.58
2.65 2.01 3.51 2.52
2.6 2.17 3.35 2.52
2.6 2.01 3.64 2.65
2.65 2.26 3.25 2.51
2.64 2.37 3.42 2.79
2.62 2.14 3.44 2.58
2.52 1.94 3.72 2.66
2.64 2.31 3.36 2.67
2.45 2.0 3.6 2.6
2.55 1.97 3.76 2.73
2.57 2.16 3.54 2.7
2.71 2.06 3.49 2.55
2.63 2.33 3.18 2.51
2.57 2.07 3.52 2.59
2.53 1.9 3.79 2.69
2.59 2.05 3.57 2.62
2.6 2.27 3.38 2.65
2.42 1.95 3.84 2.79
2.62 2.11 3.53 2.64
2.6 2.16 3.57 2.73
2.58 1.99 3.67 2.66
2.55 2.26 3.4 2.66
2.64 2.04 3.61 2.65
2.59 2.02 3.6 2.62
2.68 2.1 3.44 2.54
2.55 1.87 3.89 2.76
2.7 1.98 3.55 2.53
2.64 2.19 3.45 2.64
2.55 2.17 3.41 2.58
2.53 2.05 3.62 2.67
2.51 2.06 3.49 2.55
2.73 2.38 3.35 2.73
2.69 2.26 3.35 2.61
2.69 2.2 3.46 2.66
2.53 1.88 3.84 2.72
2.6 2.23 3.3 2.53
2.73 2.34 3.24 2.58
2.55 2.07 3.51 2.58
2.7 2.47 3.27 2.74
2.54 2.09 3.5 2.59
2.64 2.05 3.64 2.69
2.62 1.92 3.7 2.62
2.51 1.85 3.73 2.58
2.56 2.05 3.59 2.64
2.62 1.95 3.55 2.5
2.59 2.0 3.75 2.75
2.68 2.27 3.34 2.61
2.6 2.2 3.49 2.69
2.64 2.08 3.42 2.5
2.6 1.92 3.77 2.69
2.63 2.15 3.49 2.64
2.49 2.1 3.63 2.73
2.58 2.23 3.38 2.61
2.73 2.39 3.17 2.56
2.64 2.09 3.55 2.64
2.66 1.85 3.84 2.69
2.61 2.08 3.65 2.73
2.65 2.08 3.49 2.57
2.67 2.16 3.38 2.54
2.51 1.74 3.85 2.59
2.72 2.3 3.23 2.53
2.68 2.34 3.32 2.66
2.66 2.08 3.49 2.57
2.6 1.96 3.62 2.58
2.56 2.08 3.47 2.55
2.67 2.19 3.37 2.56
2.58 2.05 3.6 2.65
2.65 2.19 3.49 2.68
2.59 2.09 3.56 2.65
2.58 2.03 3.6 2.63
2.62 2.07 3.63 2.7
2.66 2.4 3.25 2.65
2.64 2.08 3.38 2.46
2.57 2.02 3.63 2.65
2.68 2.15 3.38 2.53
2.56 2.47 3.12 2.59
2.62 2.23 3.28 2.51
2.67 2.11 3.5 2.61
2.63 2.15 3.31 2.46
2.59 1.96 3.61 2.57
2.63 2.11 3.43 2.54
2.61 1.95 3.58 2.53
2.57 2.0 3.52 2.52
2.66 2.42 3.25 2.67
2.62 2.25 3.45 2.7
2.52 1.94 3.69 2.63
2.52 1.89 3.85 2.74
2.51 2.16 3.52 2.68
2.73 2.32 3.1 2.42
2.64 2.13 3.47 2.6
2.61 2.08 3.49 2.57
2.63 2.09 3.45 2.54
2.67 2.0 3.55 2.55
2.64 2.19 3.45 2.64
2.64 1.94 3.66 2.6
2.58 2.24 3.39 2.63
2.63 2.23 3.27 2.5
2.58 2.08 3.6 2.68
2.63 2.0 3.56 2.56
2.71 2.27 3.36 2.63
2.61 2.07 3.6 2.67
2.65 2.04 3.5 2.54
2.62 2.41 3.19 2.6
2.61 2.05 3.6 2.65
2.73 2.17 3.29 2.46
2.53 1.96 3.75 2.71
2.49 2.1 3.57 2.67
2.54 2.04 3.6 2.64
2.66 2.23 3.36 2.59
2.6 2.18 3.41 2.59
2.6 1.91 3.82 2.73
2.66 2.04 3.57 2.61
2.53 1.91 3.71 2.62
2.58 2.1 3.5 2.6
2.56 2.29 3.43 2.72
2.62 2.14 3.43 2.57
2.67 2.23 3.25 2.48
2.56 2.14 3.45 2.59
2.61 2.02 3.53 2.55
2.63 2.27 3.46 2.73
2.63 2.01 3.61 2.62
2.65 1.99 3.66 2.65
2.59 1.95 3.69 2.64
2.57 1.86 3.88 2.74
2.56 1.96 3.66 2.62
2.69 1.92 3.64 2.56
2.66 2.02 3.58 2.6
2.47 2.07 3.53 2.6
2.56 2.14 3.49 2.63
2.62 2.13 3.55 2.68
2.53 2.19 3.66 2.85
2.6 2.2 3.45 2.65
2.65 2.34 3.27 2.61
2.71 2.34 3.34 2.68
2.49 2.12 3.41 2.53
2.58 2.13 3.5 2.63
2.69 2.28 3.31 2.59
2.6 2.17 3.32 2.49
2.56 2.22 3.37 2.59
2.6 2.17 3.4 2.57
2.59 2.21 3.37 2.58
2.55 1.84 3.75 2.59
2.64 2.13 3.44 2.57
2.63 1.92 3.74 2.66
2.63 2.13 3.38 2.51
2.71 2.31 3.31 2.62
2.64 2.13 3.51 2.64
2.54 1.98 3.66 2.64
2.63 2.27 3.42 2.69
2.63 2.02 3.54 2.56
2.6 2.22 3.37 2.59
2.52 2.16 3.5 2.66
2.68 2.08 3.46 2.54
2.73 2.32 3.15 2.47
2.55 2.0 3.76 2.76
2.61 2.1 3.45 2.55
2.64 2.15 3.45 2.6
2.62 1.7 3.91 2.61
2.7 2.24 3.38 2.62
2.56 1.85 3.71 2.56
2.66 2.06 3.58 2.64
2.63 2.04 3.64 2.68
2.64 2.41 3.21 2.62
2.63 2.29 3.28 2.57
2.67 2.15 3.55 2.7
2.63 2.04 3.53 2.57
2.66 1.95 3.56 2.51
2.54 2.29 3.37 2.66
2.65 2.17 3.49 2.66
2.68 2.21 3.48 2.69
2.6 2.18 3.41 2.59
2.59 2.02 3.69 2.71
2.5 1.93 3.74 2.67
2.55 2.22 3.54 2.76
2.69 2.07 3.43 2.5
2.56 2.13 3.55 2.68
2.67 1.93 3.77 2.7
2.5 2.01 3.78 2.79
2.5 1.94 3.7 2.64
2.74 2.17 3.35 2.52
2.47 2.02 3.55 2.57
2.67 2.37 3.36 2.73
2.64 2.29 3.34 2.63
2.56 2.01 3.58 2.59
2.64 2.23 3.45 2.68
2.64 2.09 3.45 2.54
2.76 2.46 3.01 2.47
2.69 2.02 3.6 2.62
2.69 2.4 3.12 2.52
2.66 2.04 3.54 2.58
2.59 2.04 3.61 2.65
2.56 2.02 3.59 2.61
2.61 2.25 3.41 2.66
2.55 2.05 3.48 2.53
2.6 2.0 3.58 2.58
2.61 2.1 3.46 2.56
2.6 2.03 3.69 2.72
2.65 2.26 3.53 2.79
2.59 2.03 3.62 2.65
2.53 1.9 3.78 2.68
2.47 1.88 3.79 2.67
2.62 2.08 3.59 2.67
2.62 2.27 3.35 2.62
2.68 2.17 3.39 2.56
2.6 2.25 3.43 2.68
2.7 2.29 3.3 2.59
2.67 2.34 3.3 2.64
2.59 1.91 3.73 2.64
2.48 1.84 3.71 2.55
2.57 1.96 3.59 2.55
2.75 2.31 3.21 2.52
2.65 2.2 3.32 2.52
2.58 2.14 3.53 2.67
2.78 2.12 3.44 2.56
2.62 1.99 3.7 2.69
2.54 2.17 3.5 2.67
2.63 2.09 3.63 2.72
2.69 1.95 3.66 2.61
2.6 2.13 3.6 2.73
2.66 2.05 3.64 2.69
2.61 1.97 3.58 2.55
2.6 1.98 3.66 2.64
2.6 2.07 3.57 2.64
2.67 2.19 3.36 2.55
2.67 2.04 3.35 2.39
2.62 2.04 3.59 2.63
2.67 1.99 3.61 2.6
2.57 2.17 3.54 2.71
2.61 1.96 3.65 2.61
2.59 1.93 3.71 2.64
2.62 2.04 3.54 2.58
2.57 1.94 3.77 2.71
2.5 2.18 3.71 2.89
2.64 2.18 3.49 2.67
2.47 2.17 3.5 2.67
2.63 1.98 3.67 2.65
2.66 2.04 3.53 2.57
2.54 2.05 3.53 2.58
2.6 2.22 3.36 2.58
2.73 2.14 3.46 2.6
2.53 2.2 3.53 2.73
2.71 2.18 3.53 2.71
2.61 1.8 3.93 2.73
2.62 2.25 3.25 2.5
2.59 1.97 3.6 2.57
2.56 2.07 3.53 2.6
2.6 2.16 3.43 2.59
2.53 2.15 3.39 2.54
2.56 2.04 3.63 2.67
2.71 2.15 3.41 2.56
2.63 2.19 3.47 2.66
2.6 2.14 3.51 2.65
2.63 2.12 3.55 2.67
2.64 2.09 3.66 2.75
2.53 1.99 3.59 2.58
2.61 1.97 3.66 2.63
2.67 2.18 3.38 2.56
2.59 2.02 3.66 2.68
2.58 2.01 3.57 2.58
2.63 1.9 3.68 2.58
2.57 1.95 3.74 2.69
2.72 2.11 3.67 2.78
2.54 1.94 3.61 2.55
2.59 2.09 3.54 2.63
2.65 2.14 3.53 2.67
2.6 2.14 3.6 2.74
2.67 2.33 3.22 2.55
2.69 2.15 3.44 2.59
2.6 2.08 3.46 2.54
2.65 2.25 3.4 2.65
2.61 1.93 3.78 2.71
2.58 1.94 3.68 2.62
2.47 2.05 3.62 2.67
2.55 2.11 3.59 2.7
2.71 1.8 3.76 2.56
2.62 2.15 3.55 2.7
2.57 2.08 3.72 2.8
2.74 2.35 3.25 2.6
2.66 2.19 3.35 2.54
2.52 1.99 3.66 2.65
2.62 2.28 3.37 2.65
2.59 2.07 3.49 2.56
2.58 2.0 3.55 2.55
2.65 1.92 3.76 2.68
2.65 2.14 3.47 2.61
2.6 1.98 3.58 2.56
2.63 1.93 3.68 2.61
2.52 1.9 3.74 2.64
2.74 2.39 3.22 2.61
2.64 1.95 3.63 2.58
2.6 2.05 3.57 2.62
2.62 2.19 3.55 2.74
2.59 2.06 3.58 2.64
2.53 1.94 3.65 2.59
2.67 2.17 3.41 2.58
2.69 2.26 3.29 2.55
2.61 2.34 3.42 2.76
2.64 2.15 3.58 2.73
2.62 2.15 3.42 2.57
2.69 2.16 3.44 2.6
2.64 2.32 3.35 2.67
2.62 2.21 3.41 2.62
2.54 2.13 3.52 2.65
2.66 2.14 3.52 2.66
2.66 1.96 3.62 2.58
2.54 1.91 3.65 2.56
2.59 2.05 3.64 2.69
2.57 2.0 3.61 2.61
2.62 2.2 3.34 2.54
2.61 2.07 3.6 2.67
2.56 2.21 3.34 2.55
2.66 2.22 3.4 2.62
2.66 2.19 3.43 2.62
2.67 2.14 3.43 2.57
2.53 2.16 3.41 2.57
2.6 1.95 3.67 2.62
2.72 2.21 3.34 2.55
2.64 2.05 3.65 2.7
2.61 2.21 3.23 2.44
2.72 2.34 3.27 2.61
2.63 2.11 3.39 2.5
2.63 1.98 3.7 2.68
2.67 2.09 3.46 2.55
2.62 2.31 3.27 2.58
2.6 2.23 3.42 2.65
2.69 2.03 3.61 2.64
2.64 2.4 3.23 2.63
2.73 2.25 3.27 2.52
2.59 1.97 3.67 2.64
2.66 1.94 3.65 2.59
2.48 2.05 3.44 2.49
2.6 1.92 3.72 2.64
2.57 2.04 3.61 2.65
2.6 2.06 3.44 2.5
2.6 2.38 3.32 2.7
2.61 2.15 3.38 2.53
2.63 2.33 3.36 2.69
2.64 1.97 3.49 2.46
2.65 2.18 3.43 2.61
2.57 2.22 3.48 2.7
2.48 1.92 3.71 2.63
2.54 2.09 3.57 2.66
2.76 2.29 3.26 2.55
2.66 2.25 3.28 2.53
2.67 2.22 3.25 2.47
2.63 2.25 3.48 2.73
2.69 2.22 3.35 2.57
2.63 2.18 3.43 2.61
2.49 1.93 3.75 2.68
2.64 2.27 3.22 2.49
2.71 2.25 3.27 2.52
2.53 2.16 3.45 2.61
2.6 2.14 3.53 2.67
2.53 1.77 3.83 2.6
2.63 2.31 3.28 2.59
2.56 2.04 3.75 2.79
2.7 2.12 3.31 2.43
2.55 2.24 3.53 2.77
2.68 2.16 3.43 2.59
2.61 2.01 3.65 2.66
2.58 2.22 3.58 2.8
2.55 2.13 3.52 2.65
2.64 2.01 3.44 2.45
2.61 2.36 3.36 2.72
2.59 2.06 3.53 2.59
2.62 2.11 3.66 2.77
2.62 2.21 3.39 2.6
2.67 2.17 3.44 2.61
2.62 2.0 3.56 2.56
2.57 2.0 3.68 2.68
2.62 2.08 3.56 2.64
2.69 2.05 3.49 2.54
2.66 2.12 3.53 2.65
2.68 2.14 3.31 2.45
2.55 2.13 3.44 2.57
2.62 2.08 3.6 2.68
2.62 2.3 3.36 2.66
2.57 2.2 3.46 2.66
2.62 1.92 3.65 2.57
2.56 2.1 3.54 2.64
2.67 2.2 3.51 2.71
2.65 2.18 3.41 2.59
2.72 2.29 3.36 2.65
2.61 2.33 3.21 2.54
2.73 2.36 3.12 2.48
2.61 2.14 3.48 2.62
2.54 1.98 3.72 2.7
2.67 2.27 3.4 2.67
2.64 2.04 3.61 2.65
2.61 2.23 3.31 2.54
2.6 2.17 3.41 2.58
2.52 2.07 3.5 2.57
2.66 2.13 3.49 2.62
2.62 2.11 3.54 2.65
2.7 2.22 3.43 2.65
2.64 2.15 3.36 2.51
2.63 2.29 3.45 2.74
2.71 2.16 3.43 2.59
2.66 2.01 3.61 2.62
2.65 2.22 3.41 2.63
2.65 2.1 3.51 2.61
2.66 1.97 3.58 2.55
2.72 2.24 3.32 2.56
2.5 1.84 3.81 2.65
2.69 2.26 3.34 2.6
2.65 2.29 3.4 2.69
2.63 2.18 3.46 2.64
2.68 1.98 3.63 2.61
2.63 2.15 3.45 2.6
2.59 2.25 3.31 2.56
2.66 1.99 3.61 2.6
2.56 2.2 3.54 2.74
2.76 2.33 3.22 2.55
2.61 2.08 3.52 2.6
2.55 1.9 3.73 2.63
2.58 1.96 3.72 2.68
2.6 2.02 3.64 2.66
2.7 2.25 3.38 2.63
2.5 2.04 3.67 2.71
2.55 1.88 3.77 2.65
2.63 2.13 3.56 2.69
2.61 2.08 3.51 2.59
2.68 2.53 3.11 2.64
2.61 2.01 3.63 2.64
2.59 2.45 3.22 2.67
2.65 2.07 3.56 2.63
2.62 1.85 3.77 2.62
2.64 2.19 3.48 2.67
2.64 2.04 3.52 2.56
2.51 1.94 3.74 2.68
2.54 2.42 3.29 2.71
2.57 2.19 3.44 2.63
2.75 2.44 3.19 2.63
2.61 2.05 3.59 2.64
2.54 1.94 3.58 2.52
2.67 2.2 3.58 2.78
2.68 2.4 3.1 2.5
2.55 2.33 3.26 2.59
2.7 2.33 3.32 2.65
2.66 2.07 3.48 2.55
2.49 1.93 3.64 2.57
2.62 1.99 3.62 2.61
2.69 2.01 3.6 2.61
2.64 2.19 3.38 2.57
2.53 1.83 3.73 2.56
2.64 2.15 3.41 2.56
2.55 2.26 3.4 2.66
2.64 2.25 3.3 2.55
2.7 2.24 3.29 2.53
2.59 2.09 3.42 2.51
2.66 2.03 3.74 2.77
2.56 1.85 3.93 2.78
2.6 2.09 3.66 2.75
2.73 2.2 3.23 2.43
2.53 2.02 3.56 2.58
2.48 1.92 3.67 2.59
2.54 1.92 3.72 2.64
2.62 2.09 3.44 2.53
2.71 2.12 3.54 2.66
2.61 1.82 3.97 2.79
2.48 1.84 3.72 2.56
2.68 2.26 3.4 2.66
2.69 2.01 3.69 2.7
2.49 2.1 3.62 2.72
2.64 1.98 3.56 2.54
2.47 1.89 3.7 2.59
2.6 2.14 3.42 2.56
2.63 2.32 3.22 2.54
2.56 1.84 3.84 2.68
2.52 2.09 3.48 2.57
2.6 2.1 3.43 2.53
2.65 2.16 3.41 2.57
2.64 2.02 3.56 2.58
2.6 2.0 3.62 2.62
2.71 2.12 3.5 2.62
2.65 2.04 3.55 2.59
2.6 2.11 3.48 2.59
2.63 2.13 3.49 2.62
2.54 2.17 3.49 2.66
2.63 2.27 3.51 2.78
2.59 2.03 3.65 2.68
2.66 2.04 3.65 2.69
2.57 1.94 3.77 2.71
2.56 2.11 3.56 2.67
2.66 2.21 3.37 2.58
2.65 1.95 3.56 2.51
2.59 2.12 3.64 2.76
2.61 2.17 3.5 2.67
2.64 2.04 3.42 2.46
2.6 2.14 3.56 2.7
2.58 2.22 3.27 2.49
2.64 1.92 3.68 2.6
2.67 2.18 3.4 2.58
2.59 2.09 3.44 2.53
2.68 2.06 3.49 2.55
2.61 1.76 3.88 2.64
2.74 2.19 3.42 2.61
2.65 2.12 3.54 2.66
2.57 2.07 3.6 2.67
2.61 2.21 3.43 2.64
2.69 2.07 3.57 2.64
2.61 1.98 3.63 2.61
2.68 2.31 3.32 2.63
2.64 2.05 3.66 2.71
2.6 2.12 3.56 2.68
2.73 2.03 3.55 2.58
2.68 2.08 3.56 2.64
2.65 2.15 3.36 2.51
2.61 2.07 3.61 2.68
2.73 2.02 3.38 2.4
2.55 2.03 3.64 2.67
2.66 2.1 3.5 2.6
2.59 2.12 3.53 2.65
2.65 2.02 3.57 2.59
2.5 1.87 3.71 2.58
2.69 2.21 3.47 2.68
2.7 1.96 3.6 2.56
2.5 1.84 3.84 2.68
2.61 1.98 3.51 2.49
2.6 2.06 3.64 2.7
2.62 2.23 3.38 2.61
2.65 2.06 3.49 2.55
2.61 2.06 3.59 2.65
2.55 1.92 3.69 2.61
2.69 2.16 3.36 2.52
2.54 1.93 3.76 2.69
2.62 2.08 3.49 2.57
2.6 2.18 3.4 2.58
2.63 2.14 3.49 2.63
2.66 2.1 3.45 2.55
2.62 1.93 3.68 2.61
2.66 2.13 3.39 2.52
2.68 2.03 3.62 2.65
2.59 1.91 3.66 2.57
2.65 2.19 3.46 2.65
2.67 2.28 3.38 2.66
2.6 1.86 3.71 2.57
2.76 2.15 3.39 2.54
2.66 2.1 3.53 2.63
2.61 2.04 3.57 2.61
2.57 2.07 3.62 2.69
2.52 2.2 3.46 2.66
2.47 2.04 3.73 2.77
2.71 2.21 3.34 2.55
2.61 2.08 3.53 2.61
2.57 1.98 3.67 2.65
2.54 2.25 3.46 2.71
2.69 2.11 3.33 2.44
2.62 1.94 3.59 2.53
2.71 2.0 3.52 2.52
2.55 2.15 3.54 2.69
2.6 1.91 3.59 2.5
2.61 2.23 3.44 2.67
2.56 2.03 3.58 2.61
2.57 1.98 3.75 2.73
2.68 2.26 3.31 2.57
2.63 2.21 3.51 2.72
2.55 2.2 3.49 2.69
2.49 1.98 3.69 2.67
2.62 2.37 3.3 2.67
2.66 2.21 3.43 2.64
2.57 2.11 3.53 2.64
2.61 2.12 3.52 2.64
2.65 2.32 3.08 2.4
2.64 2.22 3.37 2.59
2.58 1.93 3.59 2.52
2.59 2.24 3.4 2.64
2.67 2.06 3.53 2.59
2.66 2.22 3.44 2.66
2.62 2.15 3.48 2.63
2.67 2.17 3.5 2.67
2.61 1.92 3.68 2.6
2.53 1.95 3.67 2.62
2.57 1.8 3.71 2.51
2.64 2.03 3.53 2.56
2.71 1.99 3.71 2.7
2.64 2.18 3.52 2.7
2.7 2.16 3.38 2.54
2.65 2.11 3.43 2.54
2.55 1.98 3.58 2.56
2.6 2.15 3.47 2.62
2.68 2.33 3.33 2.66
2.65 2.01 3.54 2.55
2.57 2.29 3.44 2.73
2.62 2.26 3.29 2.55
2.67 2.37 3.41 2.78
2.71 2.27 3.31 2.58
2.62 2.23 3.4 2.63
2.57 2.05 3.52 2.57
2.5 1.94 3.66 2.6
2.74 2.26 3.27 2.53
2.55 2.04 3.67 2.71
2.54 2.04 3.55 2.59
2.5 1.98 3.67 2.65
2.6 1.84 3.71 2.55
2.75 2.26 3.19 2.45
2.6 2.06 3.6 2.66
2.56 2.07 3.53 2.6
2.7 2.14 3.48 2.62
2.65 2.18 3.45 2.63
2.65 2.32 3.27 2.59
2.6 1.88 3.8 2.68
2.74 2.18 3.39 2.57
2.6 2.17 3.5 2.67
2.69 2.3 3.46 2.76
2.59 2.09 3.51 2.6
2.6 2.17 3.43 2.6
2.61 1.94 3.69 2.63
2.61 2.26 3.45 2.71
2.69 2.12 3.64 2.76
2.72 2.27 3.18 2.45
2.64 2.35 3.18 2.53
2.52 2.2 3.39 2.59
2.6 2.01 3.7 2.71
2.63 2.2 3.42 2.62
2.67 2.15 3.47 2.62
2.63 1.9 3.58 2.48
2.57 1.98 3.66 2.64
2.62 2.14 3.53 2.67
2.64 2.23 3.36 2.59
2.53 2.12 3.52 2.64
2.65 2.03 3.57 2.6
2.67 2.22 3.34 2.56
2.51 1.92 3.82 2.74
2.56 1.96 3.76 2.72
2.63 2.19 3.42 2.61
2.72 2.11 3.49 2.6
2.68 2.28 3.45 2.73
2.62 2.14 3.46 2.6
2.55 2.18 3.59 2.77
2.6 2.18 3.39 2.57
2.64 2.37 3.23 2.6
2.62 2.14 3.36 2.5
2.61 1.97 3.62 2.59
2.66 2.1 3.59 2.69
2.66 2.22 3.48 2.7
2.47 2.05 3.58 2.63
2.72 2.3 3.3 2.6
2.66 2.17 3.39 2.56
2.6 2.0 3.65 2.65
2.67 2.2 3.35 2.55
2.63 2.2 3.53 2.73
2.65 2.03 3.48 2.51
2.65 2.22 3.46 2.68
2.6 1.9 3.8 2.7
2.74 2.29 3.34 2.63
2.75 2.26 3.22 2.48
2.54 1.77 3.87 2.64
2.58 1.99 3.59 2.58
2.65 2.43 3.19 2.62
2.62 2.01 3.63 2.64
2.57 1.76 3.98 2.74
2.55 2.05 3.58 2.63
2.64 2.24 3.26 2.5
2.53 2.13 3.38 2.51
2.6 2.0 3.47 2.47
2.72 2.19 3.44 2.63
2.69 2.11 3.37 2.48
2.59 2.14 3.32 2.46
2.63 2.07 3.55 2.62
2.66 2.34 3.34 2.68
2.58 1.81 3.81 2.62
2.58 2.24 3.42 2.66
2.58 1.98 3.59 2.57
2.66 2.07 3.54 2.61
2.55 2.06 3.71 2.77
2.62 1.95 3.58 2.53
2.66 2.29 3.28 2.57
2.65 2.06 3.58 2.64
2.68 2.4 3.2 2.6
2.5 2.02 3.73 2.75
2.48 1.87 3.9 2.77
2.49 2.14 3.42 2.56
2.66 2.06 3.53 2.59
2.72 2.27 3.34 2.61
2.61 2.05 3.63 2.68
2.52 2.0 3.78 2.78
2.67 2.31 3.24 2.55
2.59 2.07 3.45 2.52
2.61 2.31 3.21 2.52
2.67 2.07 3.46 2.53
2.59 1.95 3.54 2.49
2.51 1.9 3.73 2.63
2.49 1.97 3.66 2.63
2.59 2.06 3.52 2.58
2.63 2.08 3.48 2.56
2.67 2.3 3.24 2.54
2.54 2.06 3.56 2.62
2.63 2.02 3.63 2.65
2.64 2.19 3.22 2.41
2.68 2.3 3.25 2.55
2.61 2.14 3.46 2.6
2.61 2.21 3.42 2.63
2.56 1.89 3.85 2.74
2.53 2.01 3.65 2.66
2.63 2.22 3.55 2.77
2.56 1.93 3.73 2.66
2.66 2.14 3.51 2.65
2.61 1.91 3.71 2.62
2.63 2.17 3.49 2.66
2.67 2.23 3.33 2.56
2.6 2.15 3.45 2.6
2.74 2.21 3.31 2.52
2.75 2.14 3.4 2.54
2.6 2.01 3.58 2.59
2.62 2.3 3.42 2.72
2.63 2.17 3.51 2.68
2.6 2.04 3.57 2.61
2.63 1.97 3.73 2.7
2.69 2.01 3.56 2.57
2.59 2.27 3.31 2.58
2.69 2.27 3.32 2.59
2.67 2.2 3.53 2.73
2.67 2.31 3.25 2.56
2.61 2.12 3.55 2.67
2.61 1.86 3.78 2.64
2.58 1.93 3.76 2.69
2.59 2.09 3.57 2.66
2.69 2.09 3.51 2.6
2.65 2.03 3.6 2.63
2.63 2.31 3.44 2.75
2.68 2.0 3.63 2.63
2.47 1.91 3.71 2.62
2.5 1.93 3.82 2.75
2.56 1.77 3.78 2.55
2.64 2.14 3.37 2.51
2.7 2.12 3.39 2.51
2.59 2.12 3.5 2.62
2.57 2.15 3.51 2.66
2.62 2.03 3.44 2.47
2.58 1.98 3.68 2.66
2.58 2.07 3.46 2.53
2.61 2.14 3.42 2.56
2.64 2.08 3.48 2.56
2.61 2.01 3.54 2.55
2.58 2.26 3.34 2.6
2.7 2.05 3.63 2.68
2.57 2.07 3.75 2.82
2.59 2.07 3.49 2.56
2.65 2.31 3.35 2.66
2.66 2.27 3.32 2.59
2.67 2.28 3.38 2.66
2.53 2.05 3.63 2.68
2.71 2.08 3.45 2.53
2.7 2.31 3.41 2.72
2.52 1.9 3.73 2.63
2.62 2.22 3.34 2.56
2.52 1.84 3.7 2.54
2.7 2.27 3.3 2.57
2.63 2.01 3.63 2.64
2.55 2.1 3.56 2.66
2.55 2.17 3.52 2.69
2.66 2.12 3.63 2.75
2.62 2.37 3.36 2.73
2.51 2.08 3.62 2.7
2.5 1.95 3.57 2.52
2.57 1.9 3.73 2.63
2.6 2.07 3.48 2.55
2.57 1.88 3.67 2.55
2.66 2.18 3.37 2.55
2.74 2.3 3.24 2.54
2.67 2.27 3.33 2.6
2.51 2.21 3.44 2.65
2.6 2.23 3.48 2.71
2.67 2.04 3.63 2.67
2.65 2.08 3.47 2.55
2.63 2.19 3.44 2.63
2.57 1.99 3.65 2.64
2.54 1.96 3.71 2.67
2.7 2.11 3.42 2.53
2.64 2.03 3.49 2.52
2.62 2.06 3.53 2.59
2.58 1.97 3.61 2.58
2.63 2.15 3.37 2.52
2.5 1.82 3.86 2.68
2.51 2.13 3.48 2.61
2.65 2.28 3.39 2.67
2.69 2.25 3.23 2.48
2.57 2.15 3.56 2.71
2.59 2.04 3.61 2.65
2.56 2.04 3.62 2.66
2.7 2.2 3.29 2.49
2.73 2.14 3.24 2.38
2.61 2.01 3.62 2.63
2.73 2.08 3.35 2.43
2.63 2.2 3.63 2.83
2.61 2.06 3.44 2.5
2.73 2.3 3.35 2.65
2.62 2.43 3.26 2.69
2.62 2.1 3.52 2.62
2.56 2.12 3.54 2.66
2.56 2.22 3.42 2.64
2.54 1.93 3.81 2.74
2.6 2.0 3.71 2.71
2.68 2.06 3.55 2.61
2.59 2.18 3.35 2.53
2.63 2.35 3.38 2.73
2.54 1.96 3.79 2.75
2.64 2.22 3.37 2.59
2.57 1.95 3.74 2.69
2.69 2.12 3.48 2.6
2.62 2.34 3.35 2.69
2.8 2.28 3.25 2.53
2.59 2.12 3.45 2.57
2.68 2.25 3.35 2.6
2.59 1.94 3.7 2.64
2.58 1.99 3.6 2.59
2.71 2.15 3.36 2.51
2.64 2.14 3.55 2.69
2.6 2.16 3.38 2.54
2.62 2.22 3.45 2.67
2.59 2.02 3.61 2.63
2.55 1.85 3.78 2.63
2.59 2.09 3.43 2.52
2.67 2.08 3.46 2.54
2.53 2.15 3.47 2.62
2.66 2.22 3.41 2.63
2.64 2.15 3.58 2.73
2.51 2.33 3.33 2.66
2.64 2.25 3.37 2.62
2.55 2.29 3.46 2.75
2.71 2.27 3.33 2.6
2.52 2.15 3.49 2.64
2.75 2.24 3.34 2.58
2.59 2.06 3.59 2.65
2.7 2.03 3.53 2.56
2.55 1.98 3.55 2.53
2.63 2.27 3.27 2.54
2.69 2.07 3.49 2.56
2.64 2.14 3.48 2.62
2.55 1.93 3.69 2.62
2.66 2.19 3.39 2.58
2.67 2.29 3.36 2.65
2.61 1.87 3.6 2.47
2.55 2.19 3.35 2.54
2.66 2.33 3.22 2.55
2.57 2.05 3.62 2.67
2.69 2.57 3.11 2.68
2.57 2.1 3.6 2.7
2.46 1.98 3.8 2.78
2.58 2.23 3.34 2.57
2.62 2.14 3.53 2.67
2.64 2.09 3.5 2.59
2.6 2.14 3.48 2.62
2.61 2.13 3.5 2.63
2.64 2.15 3.51 2.66
2.62 2.31 3.44 2.75
2.6 2.15 3.41 2.56
2.67 2.46 3.18 2.64
2.6 2.21 3.55 2.76
2.55 2.22 3.39 2.61
2.54 2.06 3.6 2.66
2.57 2.04 3.62 2.66
2.61 1.82 3.69 2.51
2.6 2.0 3.5 2.5
2.55 2.18 3.47 2.65
2.66 2.26 3.35 2.61
2.62 2.15 3.55 2.7
2.66 1.98 3.56 2.54
2.6 2.18 3.34 2.52
2.63 2.22 3.41 2.63
2.63 2.29 3.37 2.66
2.63 2.23 3.4 2.63
2.68 2.31 3.43 2.74
2.61 2.17 3.48 2.65
2.51 1.89 3.75 2.64
2.64 2.1 3.71 2.81
2.54 2.08 3.47 2.55
2.58 1.96 3.74 2.7
2.67 2.12 3.48 2.6
2.61 2.03 3.57 2.6
2.53 1.97 3.64 2.61
2.76 2.57 3.04 2.61
2.58 2.3 3.41 2.71
2.69 2.11 3.51 2.62
2.6 2.04 3.59 2.63
2.61 2.02 3.53 2.55
2.62 2.2 3.61 2.81
2.7 2.26 3.39 2.65
2.57 2.07 3.53 2.6
2.64 2.24 3.34 2.58
2.71 2.44 3.12 2.56
2.71 2.04 3.54 2.58
2.6 2.05 3.62 2.67
2.51 2.19 3.56 2.75
2.67 2.13 3.55 2.68
2.6 2.21 3.46 2.67
2.65 2.02 3.43 2.45
2.62 1.94 3.7 2.64
2.54 2.08 3.52 2.6
2.66 2.1 3.49 2.59
2.51 2.09 3.54 2.63
2.61 2.16 3.55 2.71
2.61 2.02 3.45 2.47
2.73 2.16 3.17 2.33
2.59 1.92 3.6 2.52
2.67 2.17 3.41 2.58
2.78 2.34 3.22 2.56
2.61 2.13 3.33 2.46
2.55 1.9 3.54 2.44
2.58 2.01 3.43 2.44
2.63 2.16 3.44 2.6
2.6 2.04 3.41 2.45
2.45 1.97 3.63 2.6
2.57 1.9 3.78 2.68
2.64 2.26 3.35 2.61
2.54 2.24 3.29 2.53
2.57 2.14 3.4 2.54
2.66 2.03 3.64 2.67
2.66 2.15 3.39 2.54
2.63 2.07 3.42 2.49
2.58 2.06 3.58 2.64
2.53 2.03 3.56 2.59
2.6 2.09 3.36 2.45
2.69 2.08 3.55 2.63
2.63 2.18 3.4 2.58
2.65 2.18 3.41 2.59
2.6 2.22 3.44 2.66
2.62 2.01 3.51 2.52
2.57 2.05 3.58 2.63
2.51 1.95 3.82 2.77
2.54 1.99 3.67 2.66
2.59 2.02 3.58 2.6
2.67 2.36 3.27 2.63
2.52 1.88 3.8 2.68
2.58 2.21 3.47 2.68
2.49 1.88 3.77 2.65
2.66 2.15 3.47 2.62
2.61 2.38 3.26 2.64
2.6 2.32 3.35 2.67
2.58 2.23 3.54 2.77
2.69 2.22 3.43 2.65
2.54 1.89 3.71 2.6
2.6 2.04 3.53 2.57
2.7 2.12 3.48 2.6
2.59 2.02 3.68 2.7
2.61 2.0 3.74 2.74
2.66 2.02 3.67 2.69
2.53 1.87 3.73 2.6
2.64 2.19 3.37 2.56
2.67 2.05 3.65 2.7
2.66 2.25 3.41 2.66
2.57 2.0 3.58 2.58
2.58 1.98 3.55 2.53
2.64 2.09 3.39 2.48
2.66 2.21 3.41 2.62
2.65 1.98 3.64 2.62
2.75 2.29 3.21 2.5
2.68 1.93 3.7 2.63
2.64 2.08 3.59 2.67
2.65 2.34 3.38 2.72
2.59 2.14 3.54 2.68
2.58 2.09 3.58 2.67
2.64 2.04 3.6 2.64
2.55 1.9 3.68 2.58
2.72 2.0 3.47 2.47
2.61 2.27 3.41 2.68
2.71 2.41 3.18 2.59
2.63 2.03 3.57 2.6
2.6 2.3 3.3 2.6
2.57 2.17 3.53 2.7
2.64 1.92 3.63 2.55
2.65 2.18 3.49 2.67
2.68 2.16 3.38 2.54
2.65 2.02 3.57 2.59
2.63 2.26 3.53 2.79
2.6 2.08 3.49 2.57
2.57 2.06 3.58 2.64
2.61 1.96 3.74 2.7
2.64 2.27 3.39 2.66
2.67 2.32 3.41 2.73
2.6 2.02 3.64 2.66
2.54 2.0 3.67 2.67
2.61 1.94 3.67 2.61
2.68 2.15 3.28 2.43
2.58 2.03 3.58 2.61
2.67 2.32 3.26 2.58
2.68 2.24 3.29 2.53
2.67 2.32 3.27 2.59
2.74 2.26 3.2 2.46
2.64 2.17 3.46 2.63
2.71 2.25 3.46 2.71
2.55 2.23 3.49 2.72
2.62 2.22 3.56 2.78
2.55 1.82 3.86 2.68
2.6 2.08 3.58 2.66
2.7 2.17 3.41 2.58
2.63 1.94 3.68 2.62
2.58 2.22 3.35 2.57
2.64 1.99 3.61 2.6
2.65 2.2 3.35 2.55
2.63 2.14 3.46 2.6
2.62 1.91 3.59 2.5
2.66 2.29 3.36 2.65
2.63 2.18 3.44 2.62
2.64 2.15 3.3 2.45
2.53 2.02 3.66 2.68
2.59 2.09 3.6 2.69
2.66 2.19 3.37 2.56
2.54 2.08 3.43 2.51
2.62 2.15 3.52 2.67
2.67 2.22 3.38 2.6
2.6 2.03 3.6 2.63
2.46 1.88 3.77 2.65
2.66 2.21 3.35 2.56
2.53 2.02 3.64 2.66
2.57 2.13 3.55 2.68
2.67 2.13 3.49 2.62
2.61 2.02 3.54 2.56
2.54 2.06 3.44 2.5
2.69 2.28 3.25 2.53
2.6 2.29 3.31 2.6
2.74 2.2 3.25 2.45
2.49 2.06 3.52 2.58
2.78 2.42 3.21 2.63
2.64 2.23 3.46 2.69
2.63 1.96 3.72 2.68
2.64 2.17 3.47 2.64
2.61 2.04 3.5 2.54
2.68 2.18 3.36 2.54
2.57 2.16 3.46 2.62
2.5 1.83 3.84 2.67
2.77 2.4 3.27 2.67
2.8 2.4 3.1 2.5
2.55 1.96 3.71 2.67
2.66 2.02 3.5 2.52
2.69 2.05 3.44 2.49
2.53 1.83 3.89 2.72
2.61 2.22 3.34 2.56
2.63 2.06 3.46 2.52
2.65 2.12 3.42 2.54
2.6 2.2 3.31 2.51
2.63 1.99 3.66 2.65
2.63 1.96 3.64 2.6
2.52 1.73 3.97 2.7
2.76 2.0 3.54 2.54
2.76 2.43 3.19 2.62
2.62 2.08 3.66 2.74
2.5 2.02 3.74 2.76
2.56 2.03 3.72 2.75
2.54 2.13 3.56 2.69
2.71 2.34 3.12 2.46
2.67 2.05 3.47 2.52
2.66 1.96 3.6 2.56
2.75 2.3 3.12 2.42
2.61 2.13 3.49 2.62
2.65 2.01 3.44 2.45
2.62 2.16 3.37 2.53
2.63 2.15 3.38 2.53
2.63 2.17 3.41 2.58
2.56 1.97 3.72 2.69
2.65 2.19 3.29 2.48
2.67 2.12 3.32 2.44
2.53 2.23 3.43 2.66
2.56 1.94 3.76 2.7
2.69 2.16 3.42 2.58
2.68 2.14 3.5 2.64
2.56 2.26 3.44 2.7
2.62 2.26 3.37 2.63
2.61 2.03 3.61 2.64
2.62 2.21 3.5 2.71
2.75 2.23 3.17 2.4
2.67 2.12 3.5 2.62
2.65 2.06 3.48 2.54
2.61 1.93 3.8 2.73
2.62 2.27 3.26 2.53
2.54 2.1 3.6 2.7
2.55 1.91 3.79 2.7
2.71 2.09 3.44 2.53
2.59 2.26 3.33 2.59
2.59 2.02 3.64 2.66
2.59 2.07 3.53 2.6
2.63 2.23 3.42 2.65
2.69 2.09 3.45 2.54
2.57 2.06 3.66 2.72
2.74 2.39 3.31 2.7
2.56 2.21 3.42 2.63
2.57 2.23 3.36 2.59
2.72 2.29 3.38 2.67
2.57 1.64 4.05 2.69
2.6 2.12 3.42 2.54
2.57 1.98 3.61 2.59
2.69 2.39 3.3 2.69
2.86 2.38 3.24 2.62
2.61 2.16 3.54 2.7
2.6 2.19 3.29 2.48
2.63 2.19 3.55 2.74
2.43 1.88 3.86 2.74
2.63 2.24 3.36 2.6
2.58 2.19 3.42 2.61
2.68 2.08 3.43 2.51
2.55 2.06 3.53 2.59
2.64 2.18 3.46 2.64
2.57 1.97 3.63 2.6
2.56 2.17 3.47 2.64
2.56 2.1 3.74 2.84
2.56 2.01 3.55 2.56
2.62 2.18 3.43 2.61
2.62 2.14 3.47 2.61
2.62 2.22 3.63 2.85
2.71 2.09 3.63 2.72
2.59 2.03 3.65 2.68
2.67 2.17 3.36 2.53
2.59 2.16 3.43 2.59
2.57 2.34 3.32 2.66
2.65 2.11 3.63 2.74
2.64 2.15 3.5 2.65
2.58 2.13 3.56 2.69
2.71 2.1 3.54 2.64
2.58 1.94 3.62 2.56
2.78 2.24 3.42 2.66
2.63 2.11 3.61 2.72
2.57 1.79 3.9 2.69
2.66 2.05 3.68 2.73
2.7 2.28 3.21 2.49
2.51 1.62 4.0 2.62
2.62 2.4 3.24 2.64
2.64 2.16 3.46 2.62
2.62 2.12 3.5 2.62
2.59 1.94 3.62 2.56
2.55 2.2 3.4 2.6
2.66 2.23 3.39 2.62
2.61 2.25 3.46 2.71
2.67 2.21 3.47 2.68
2.7 2.37 3.34 2.71
2.64 2.02 3.65 2.67
2.72 2.21 3.4 2.61
2.7 2.17 3.3 2.47
2.66 2.08 3.48 2.56
2.65 2.23 3.34 2.57
2.64 2.02 3.64 2.66
2.69 2.08 3.53 2.61
2.57 2.15 3.45 2.6
2.6 2.09 3.56 2.65
2.6 2.07 3.48 2.55
2.57 2.02 3.49 2.51
2.59 2.36 3.28 2.64
2.56 2.11 3.58 2.69
2.55 2.1 3.55 2.65
2.56 1.94 3.7 2.64
2.54 2.21 3.48 2.69
2.6 2.24 3.42 2.66
2.64 2.21 3.46 2.67
2.61 2.19 3.35 2.54
2.55 2.12 3.55 2.67
2.57 2.06 3.52 2.58
2.68 2.07 3.57 2.64
2.64 2.2 3.47 2.67
2.63 2.27 3.24 2.51
2.66 2.14 3.42 2.56
2.68 2.22 3.39 2.61
2.63 2.27 3.25 2.52
2.56 1.97 3.71 2.68
2.64 2.13 3.5 2.63
2.65 1.94 3.6 2.54
2.61 1.89 3.75 2.64
2.64 1.93 3.68 2.61
2.63 2.11 3.4 2.51
2.51 1.88 3.79 2.67
2.62 1.95 3.61 2.56
2.65 2.28 3.3 2.58
2.64 1.94 3.66 2.6
2.64 1.84 3.71 2.55
2.65 2.19 3.36 2.55
2.62 2.11 3.5 2.61
2.64 2.07 3.64 2.71
2.68 2.27 3.52 2.79
2.59 2.06 3.61 2.67
2.57 2.14 3.58 2.72
2.5 1.87 3.78 2.65
2.66 2.17 3.35 2.52
2.69 2.24 3.3 2.54
2.77 1.93 3.61 2.54
2.61 2.08 3.53 2.61
2.54 2.02 3.59 2.61
2.67 1.91 3.73 2.64
2.64 1.92 3.65 2.57
2.6 2.07 3.54 2.61
2.72 2.2 3.26 2.46
2.62 2.19 3.47 2.66
2.72 2.15 3.36 2.51
2.6 2.22 3.43 2.65
2.54 2.08 3.58 2.66
2.54 1.99 3.59 2.58
2.6 2.31 3.3 2.61
2.6 1.99 3.57 2.56
2.65 2.01 3.61 2.62
2.63 2.1 3.55 2.65
2.61 1.8 3.91 2.71
2.65 2.54 3.05 2.59
2.7 2.05 3.71 2.76
2.61 1.85 3.64 2.49
2.71 2.29 3.23 2.52
2.61 2.14 3.34 2.48
2.56 1.85 3.79 2.64
2.68 2.29 3.28 2.57
2.76 2.22 3.38 2.6
2.57 2.24 3.51 2.75
2.62 2.29 3.38 2.67
2.58 2.16 3.38 2.54
2.59 2.08 3.62 2.7
2.63 2.07 3.55 2.62
2.57 2.08 3.52 2.6
2.64 2.07 3.71 2.78
2.62 2.15 3.56 2.71
2.67 2.25 3.28 2.53
2.52 2.02 3.76 2.78
2.55 2.03 3.64 2.67
2.7 2.21 3.32 2.53
2.62 2.19 3.47 2.66
2.66 2.23 3.23 2.46
2.64 2.23 3.48 2.71
2.64 2.29 3.38 2.67
2.66 2.15 3.46 2.61
2.63 2.12 3.44 2.56
2.71 2.26 3.22 2.48
2.66 2.07 3.47 2.54
2.58 2.14 3.55 2.69
2.51 1.99 3.61 2.6
2.71 2.36 3.27 2.63
2.58 2.16 3.48 2.64
2.64 2.25 3.36 2.61
2.65 2.32 3.33 2.65
2.67 2.09 3.49 2.58
2.52 2.1 3.56 2.66
2.61 2.26 3.34 2.6
2.7 2.12 3.37 2.49
2.62 2.19 3.56 2.75
2.53 2.04 3.57 2.61
2.62 2.1 3.55 2.65
2.71 2.35 3.28 2.63
2.59 2.15 3.49 2.64
2.65 2.17 3.59 2.76
2.62 2.01 3.7 2.71
2.58 1.99 3.54 2.53
2.63 1.94 3.64 2.58
2.59 2.11 3.47 2.58
2.54 2.14 3.6 2.74
2.63 2.33 3.36 2.69
2.59 2.07 3.57 2.64
2.64 2.22 3.41 2.63
2.57 2.13 3.51 2.64
2.65 2.33 3.3 2.63
2.6 1.98 3.6 2.58
2.65 2.09 3.55 2.64
2.56 1.98 3.59 2.57
2.57 2.22 3.48 2.7
2.61 2.21 3.41 2.62
2.68 2.26 3.35 2.61
2.5 2.01 3.57 2.58
2.71 1.98 3.62 2.6
2.66 2.34 3.25 2.59
2.68 2.32 3.36 2.68
2.64 2.21 3.53 2.74
2.59 2.18 3.37 2.55
2.64 2.27 3.24 2.51
2.59 2.08 3.47 2.55
2.7 2.04 3.5 2.54
2.61 1.93 3.58 2.51
2.68 2.32 3.28 2.6
2.63 2.03 3.61 2.64
2.77 2.33 3.26 2.59
2.53 2.09 3.58 2.67
2.64 2.07 3.55 2.62
2.59 2.18 3.48 2.66
2.66 2.22 3.4 2.62
2.61 2.33 3.39 2.72
2.67 2.3 3.36 2.66
2.62 2.28 3.38 2.66
2.57 1.89 3.7 2.59
2.78 2.17 3.37 2.54
2.6 2.06 3.52 2.58
2.59 1.97 3.43 2.4
2.63 2.13 3.35 2.48
2.45 1.98 3.69 2.67
2.67 1.83 3.72 2.55
2.69 1.99 3.54 2.53
2.62 2.08 3.63 2.71
2.62 2.16 3.29 2.45
2.62 2.08 3.58 2.66
2.63 2.09 3.51 2.6
2.7 2.17 3.22 2.39
2.6 1.97 3.62 2.59
2.73 2.18 3.46 2.64
2.53 2.1 3.55 2.65
2.56 2.04 3.65 2.69
2.67 2.26 3.33 2.59
2.56 2.1 3.59 2.69
2.7 2.3 3.4 2.7
2.63 2.16 3.49 2.65
2.57 1.95 3.65 2.6
2.56 1.93 3.88 2.81
2.57 2.06 3.53 2.59
2.57 2.09 3.53 2.62
2.69 2.01 3.5 2.51
2.66 2.32 3.27 2.59
2.65 1.98 3.68 2.66
2.53 2.06 3.47 2.53
2.64 1.88 3.72 2.6
2.59 2.16 3.42 2.58
2.58 1.9 3.81 2.71
2.43 1.84 3.83 2.67
2.63 2.2 3.61 2.81
2.62 2.32 3.27 2.59
2.61 2.18 3.34 2.52
2.63 2.16 3.35 2.51
2.59 2.18 3.47 2.65
2.7 2.24 3.39 2.63
2.63 2.05 3.53 2.58
2.63 2.32 3.35 2.67
2.52 1.96 3.6 2.56
2.52 2.19 3.37 2.56
2.61 2.24 3.43 2.67
2.62 2.19 3.36 2.55
2.69 2.13 3.51 2.64
2.62 2.21 3.37 2.58
2.65 2.09 3.65 2.74
2.59 2.06 3.46 2.52
2.71 2.14 3.47 2.61
2.65 2.07 3.57 2.64
2.62 2.29 3.27 2.56
2.57 2.12 3.49 2.61
2.58 2.2 3.4 2.6
2.67 1.98 3.52 2.5
2.65 2.09 3.42 2.51
2.53 2.03 3.56 2.59
2.62 1.88 3.79 2.67
2.56 1.85 3.74 2.59
2.73 1.98 3.7 2.68
2.65 2.26 3.36 2.62
2.61 1.97 3.69 2.66
2.66 2.11 3.52 2.63
2.69 2.15 3.42 2.57
2.59 1.93 3.63 2.56
2.58 2.17 3.43 2.6
2.65 2.3 3.32 2.62
2.68 2.17 3.49 2.66
2.54 2.09 3.65 2.74
2.67 1.96 3.64 2.6
2.64 2.26 3.39 2.65
2.58 1.9 3.75 2.65
2.54 2.0 3.66 2.66
2.66 2.24 3.37 2.61
2.61 2.22 3.24 2.46
2.63 2.45 3.17 2.62
2.58 2.07 3.58 2.65
2.75 2.45 3.26 2.71
2.62 2.11 3.61 2.72
2.57 2.21 3.5 2.71
2.62 2.03 3.55 2.58
2.55 2.02 3.57 2.59
2.73 2.43 3.12 2.55
2.56 2.11 3.53 2.64
2.57 1.91 3.69 2.6
2.67 2.14 3.47 2.61
2.74 2.26 3.39 2.65
2.62 1.99 3.61 2.6
2.66 2.02 3.63 2.65
2.55 2.3 3.4 2.7
2.59 1.94 3.67 2.61
2.51 2.04 3.78 2.82
2.65 1.93 3.63 2.56
2.65 2.05 3.48 2.53
2.72 2.1 3.46 2.56
2.55 1.95 3.7 2.65
2.56 2.14 3.59 2.73
2.68 2.2 3.43 2.63
2.65 1.83 3.65 2.48
2.63 2.01 3.6 2.61
2.63 2.15 3.5 2.65
2.73 2.23 3.4 2.63
2.53 1.94 3.65 2.59
2.55 2.03 3.54 2.57
2.49 1.84 3.82 2.66
2.59 2.1 3.6 2.7
2.63 1.98 3.55 2.53
2.7 2.31 3.32 2.63
2.67 2.13 3.41 2.54
2.68 2.23 3.33 2.56
2.53 1.92 3.69 2.61
2.59 2.02 3.52 2.54
2.62 1.98 3.8 2.78
2.6 2.01 3.6 2.61
2.57 1.97 3.74 2.71
2.67 2.04 3.57 2.61
2.58 2.01 3.55 2.56
2.49 2.07 3.62 2.69
2.65 2.14 3.39 2.53
2.49 1.88 3.75 2.63
2.62 2.12 3.48 2.6
2.5 1.98 3.71 2.69
2.69 2.31 3.27 2.58
2.67 2.33 3.14 2.47
2.72 2.32 3.2 2.52
2.55 2.14 3.4 2.54
2.62 2.06 3.64 2.7
2.5 2.15 3.57 2.72
2.56 2.15 3.52 2.67
2.49 2.12 3.59 2.71
2.62 2.04 3.67 2.71
2.55 2.02 3.59 2.61
2.66 2.23 3.47 2.7
2.64 2.19 3.48 2.67
2.63 2.1 3.52 2.62
2.76 2.09 3.56 2.65
2.56 2.21 3.49 2.7
2.53 1.99 3.74 2.73
2.66 2.15 3.37 2.52
2.58 2.05 3.5 2.55
2.61 2.25 3.4 2.65
2.66 2.16 3.39 2.55
2.68 2.24 3.33 2.57
2.6 2.03 3.6 2.63
2.66 2.12 3.52 2.64
2.62 2.19 3.37 2.56
2.57 2.1 3.44 2.54
2.63 2.26 3.42 2.68
2.58 2.16 3.5 2.66
2.7 2.37 3.19 2.56
2.7 2.39 3.2 2.59
2.49 2.04 3.62 2.66
2.76 2.28 3.25 2.53
2.57 2.1 3.66 2.76
2.49 1.9 3.75 2.65
2.6 2.09 3.55 2.64
2.58 1.96 3.61 2.57
2.77 2.47 3.05 2.52
2.64 2.34 3.36 2.7
2.52 2.18 3.47 2.65
2.56 2.06 3.45 2.51
2.59 2.26 3.44 2.7
2.51 2.09 3.57 2.66
2.64 1.93 3.67 2.6
2.67 2.25 3.37 2.62
2.62 2.05 3.52 2.57
2.52 1.95 3.7 2.65
2.54 1.95 3.57 2.52
2.7 2.18 3.46 2.64
2.65 2.12 3.4 2.52
2.63 2.19 3.37 2.56
2.56 2.11 3.46 2.57
2.66 2.09 3.37 2.46
2.62 1.84 3.8 2.64
2.62 2.08 3.55 2.63
2.51 2.07 3.6 2.67
2.7 2.21 3.32 2.53
2.61 1.81 3.75 2.56
2.59 2.29 3.35 2.64
2.56 2.02 3.68 2.7
2.62 1.93 3.65 2.58
2.66 2.17 3.45 2.62
2.56 2.12 3.53 2.65
2.61 2.08 3.6 2.68
2.59 1.99 3.64 2.63
2.68 2.2 3.26 2.46
2.67 2.39 3.29 2.68
2.72 2.06 3.56 2.62
2.62 2.15 3.52 2.67
2.56 1.88 3.78 2.66
2.62 2.24 3.26 2.5
2.68 2.19 3.46 2.65
2.64 2.06 3.5 2.56
2.61 2.03 3.72 2.75
2.71 2.34 3.23 2.57
2.5 1.92 3.73 2.65
2.67 2.19 3.41 2.6
2.58 2.09 3.46 2.55
2.48 2.12 3.52 2.64
2.66 2.14 3.46 2.6
2.67 2.07 3.45 2.52
2.58 1.86 3.67 2.53
2.56 1.97 3.67 2.64
2.63 2.14 3.35 2.49
2.57 1.96 3.57 2.53
2.53 2.03 3.53 2.56
2.56 2.03 3.51 2.54
2.61 2.1 3.53 2.63
2.52 1.79 3.8 2.59
2.66 2.41 3.17 2.58
2.65 1.81 3.79 2.6
2.66 2.05 3.52 2.57
2.6 2.05 3.46 2.51
2.49 1.82 3.9 2.72
2.74 2.37 3.22 2.59
2.64 1.98 3.53 2.51
2.62 2.15 3.44 2.59
2.59 2.22 3.39 2.61
2.51 1.8 3.9 2.7
2.69 2.12 3.43 2.55
2.53 2.09 3.48 2.57
2.73 2.34 3.27 2.61
2.69 2.35 3.18 2.53
2.75 2.21 3.3 2.51
2.55 1.9 3.66 2.56
2.6 1.79 3.93 2.72
2.68 1.97 3.61 2.58
2.57 1.98 3.73 2.71
2.66 2.15 3.44 2.59
2.6 2.26 3.34 2.6
2.64 2.16 3.39 2.55
2.51 1.87 3.77 2.64
2.72 2.22 3.36 2.58
2.59 2.08 3.6 2.68
2.6 2.04 3.58 2.62
2.68 2.21 3.3 2.51
2.69 2.08 3.55 2.63
2.6 2.0 3.6 2.6
2.57 2.16 3.42 2.58
2.57 2.11 3.52 2.63
2.62 2.31 3.29 2.6
2.64 1.94 3.49 2.43
2.54 1.95 3.79 2.74
2.66 2.02 3.61 2.63
2.61 2.07 3.43 2.5
2.61 2.24 3.38 2.62
2.65 2.16 3.52 2.68
2.61 1.97 3.67 2.64
2.65 1.95 3.67 2.62
2.51 2.02 3.64 2.66
2.53 2.07 3.7 2.77
2.68 2.23 3.29 2.52
2.59 2.1 3.61 2.71
2.6 2.05 3.6 2.65
2.66 2.09 3.64 2.73
2.51 2.24 3.42 2.66
2.67 1.96 3.68 2.64
2.51 2.17 3.48 2.65
2.66 2.26 3.39 2.65
2.55 2.02 3.55 2.57
2.7 2.18 3.39 2.57
2.62 2.13 3.38 2.51
2.55 1.86 3.73 2.59
2.61 2.23 3.34 2.57
2.55 1.9 3.84 2.74
2.54 2.02 3.53 2.55
2.7 2.15 3.43 2.58
2.62 2.22 3.36 2.58
2.68 2.17 3.4 2.57
2.62 1.89 3.72 2.61
2.6 1.95 3.69 2.64
2.69 2.19 3.44 2.63
2.61 1.93 3.7 2.63
2.53 2.02 3.52 2.54
2.64 2.41 3.22 2.63
2.58 2.06 3.61 2.67
2.67 2.13 3.44 2.57
2.6 1.93 3.62 2.55
2.57 2.07 3.57 2.64
2.53 2.14 3.51 2.65
2.69 2.35 3.22 2.57
2.59 2.07 3.46 2.53
2.61 1.94 3.63 2.57
2.58 2.34 3.29 2.63
2.57 2.05 3.5 2.55
2.51 1.92 3.68 2.6
2.56 2.04 3.59 2.63
2.56 2.01 3.61 2.62
2.66 2.08 3.61 2.69
2.71 2.41 3.19 2.6
2.71 2.07 3.48 2.55
2.68 2.34 3.26 2.6
2.57 2.3 3.24 2.54
2.6 2.03 3.6 2.63
2.62 2.09 3.49 2.58
2.62 1.95 3.8 2.75
2.64 2.15 3.45 2.6
2.49 2.1 3.64 2.74
2.63 2.02 3.61 2.63
2.62 2.03 3.56 2.59
2.57 2.34 3.3 2.64
2.58 2.22 3.57 2.79
2.68 2.07 3.48 2.55
2.55 2.32 3.31 2.63
2.62 2.17 3.49 2.66
2.65 2.01 3.54 2.55
2.66 2.17 3.36 2.53
2.56 2.0 3.68 2.68
2.56 2.14 3.43 2.57
2.61 2.26 3.38 2.64
2.54 2.0 3.57 2.57
2.66 2.15 3.37 2.52
2.62 2.14 3.68 2.82
2.64 2.09 3.51 2.6
2.63 2.38 3.17 2.55
2.59 1.96 3.73 2.69
2.68 2.32 3.3 2.62
2.7 2.1 3.39 2.49
2.71 2.16 3.44 2.6
2.62 2.07 3.55 2.62
2.6 2.18 3.45 2.63
2.73 2.0 3.45 2.45
2.68 2.34 3.32 2.66
2.47 1.93 3.74 2.67
2.54 2.05 3.66 2.71
2.67 2.21 3.45 2.66
2.64 2.19 3.48 2.67
2.69 2.17 3.32 2.49
2.69 2.39 3.19 2.58
2.65 2.19 3.41 2.6
2.7 2.11 3.46 2.57
2.54 1.91 3.65 2.56
2.51 2.09 3.58 2.67
2.63 2.01 3.5 2.51
2.71 1.86 3.72 2.58
2.59 2.27 3.4 2.67
2.63 2.24 3.37 2.61
2.61 2.09 3.4 2.49
2.54 2.12 3.4 2.52
2.67 2.19 3.43 2.62
2.6 2.16 3.55 2.71
2.61 2.13 3.37 2.5
2.6 1.98 3.68 2.66
2.62 1.91 3.52 2.43
2.62 1.97 3.66 2.63
2.53 2.1 3.59 2.69
2.6 2.26 3.4 2.66
2.69 2.28 3.33 2.61
2.64 2.24 3.22 2.46
2.65 2.12 3.49 2.61
2.7 2.15 3.39 2.54
2.66 2.36 3.36 2.72
2.62 2.06 3.51 2.57
2.64 1.92 3.72 2.64
2.62 2.11 3.5 2.61
2.65 2.25 3.45 2.7
2.58 2.01 3.62 2.63
2.63 2.09 3.69 2.78
2.63 2.32 3.25 2.57
2.59 1.81 3.83 2.64
2.56 2.09 3.64 2.73
2.58 1.91 3.72 2.63
2.73 2.18 3.26 2.44
2.63 2.02 3.49 2.51
2.76 2.37 3.11 2.48
2.69 2.27 3.43 2.7
2.65 2.08 3.53 2.61
2.58 1.84 3.74 2.58
2.69 2.07 3.52 2.59
2.64 2.28 3.3 2.58
2.79 2.49 3.17 2.66
2.59 2.24 3.37 2.61
2.58 2.09 3.49 2.58
2.54 1.95 3.71 2.66
2.62 2.12 3.51 2.63
2.57 2.15 3.59 2.74
2.58 1.93 3.62 2.55
2.56 2.06 3.54 2.6
2.58 1.9 3.72 2.62
2.69 2.4 3.25 2.65
2.74 2.23 3.23 2.46
2.55 2.14 3.53 2.67
2.64 2.3 3.35 2.65
2.45 1.89 3.66 2.55
2.71 2.23 3.45 2.68
2.56 1.99 3.6 2.59
2.63 2.0 3.57 2.57
2.64 2.35 3.32 2.67
2.61 2.21 3.35 2.56
2.57 2.04 3.54 2.58
2.54 2.01 3.58 2.59
2.61 2.04 3.57 2.61
2.64 2.17 3.46 2.63
2.6 2.14 3.45 2.59
2.61 2.27 3.4 2.67
2.56 1.96 3.61 2.57
2.51 2.03 3.63 2.66
2.66 2.04 3.44 2.48
2.5 1.82 3.86 2.68
2.64 2.01 3.52 2.53
2.58 2.19 3.49 2.68
2.55 1.89 3.82 2.71
2.67 2.02 3.46 2.48
2.61 2.16 3.43 2.59
2.61 2.48 3.27 2.75
2.65 2.15 3.47 2.62
2.7 2.19 3.36 2.55
2.61 2.05 3.57 2.62
2.52 2.13 3.54 2.67
2.57 2.08 3.49 2.57
2.6 2.0 3.6 2.6
2.55 2.09 3.34 2.43
2.67 2.24 3.25 2.49
2.57 1.98 3.63 2.61
2.67 2.45 3.18 2.63
2.51 2.14 3.42 2.56
2.64 1.95 3.87 2.82
2.51 1.85 3.88 2.73
2.67 2.23 3.42 2.65
2.64 2.12 3.43 2.55
2.56 2.23 3.38 2.61
2.63 2.01 3.62 2.63
2.68 2.07 3.45 2.52
2.6 1.93 3.59 2.52
2.58 2.06 3.62 2.68
2.71 2.25 3.33 2.58
2.68 2.14 3.42 2.56
2.6 2.43 3.32 2.75
2.62 2.06 3.61 2.67
2.57 1.91 3.66 2.57
2.53 1.99 3.71 2.7
2.62 1.89 3.83 2.72
2.59 1.95 3.63 2.58
2.66 2.05 3.64 2.69
2.58 2.09 3.54 2.63
2.61 1.92 3.8 2.72
2.57 2.18 3.43 2.61
2.53 2.0 3.67 2.67
2.65 2.23 3.48 2.71
2.66 2.21 3.37 2.58
2.67 2.19 3.3 2.49
2.59 2.11 3.64 2.75
2.59 1.98 3.62 2.6
2.56 1.97 3.81 2.78
2.68 2.25 3.25 2.5
2.57 2.0 3.55 2.55
2.53 2.12 3.55 2.67
2.62 2.13 3.4 2.53
2.58 2.17 3.34 2.51
2.65 1.96 3.72 2.68
2.55 2.22 3.43 2.65
2.57 1.79 3.74 2.53
2.55 2.19 3.49 2.68
2.6 2.08 3.56 2.64
2.53 2.14 3.42 2.56
2.53 2.21 3.42 2.63
2.55 2.02 3.61 2.63
2.58 2.18 3.49 2.67
2.59 2.15 3.58 2.73
2.55 1.94 3.67 2.61
2.55 2.11 3.49 2.6
2.7 2.3 3.36 2.66
2.64 2.06 3.62 2.68
2.53 2.29 3.44 2.73
2.49 1.91 3.75 2.66
2.69 2.02 3.46 2.48
2.62 2.06 3.5 2.56
2.57 2.07 3.56 2.63
2.54 2.03 3.54 2.57
2.6 2.25 3.4 2.65
2.54 2.19 3.61 2.8
2.62 2.21 3.5 2.71
2.59 2.19 3.56 2.75
2.51 1.97 3.64 2.61
2.62 2.03 3.58 2.61
2.61 2.05 3.58 2.63
2.67 2.23 3.45 2.68
2.61 2.09 3.37 2.46
2.69 2.32 3.33 2.65
2.52 1.95 3.62 2.57
2.64 2.27 3.4 2.67
2.67 2.25 3.42 2.67
2.54 2.05 3.55 2.6
2.63 2.01 3.62 2.63
2.54 1.87 3.84 2.71
2.47 1.97 3.68 2.65
2.53 1.98 3.69 2.67
2.63 2.1 3.47 2.57
2.71 2.43 3.14 2.57
2.68 2.22 3.41 2.63
2.66 2.12 3.48 2.6
2.58 2.1 3.5 2.6
2.66 2.15 3.38 2.53
2.48 2.05 3.64 2.69
2.53 1.98 3.54 2.52
2.6 2.16 3.4 2.56
2.48 1.97 3.65 2.62
2.73 1.98 3.57 2.55
2.58 1.95 3.65 2.6
2.68 2.09 3.52 2.61
2.73 2.59 3.01 2.6
2.69 2.26 3.27 2.53
2.65 2.25 3.32 2.57
2.7 2.12 3.44 2.56
2.61 2.12 3.48 2.6
2.51 2.01 3.64 2.65
2.64 2.19 3.51 2.7
2.56 1.84 3.73 2.57
2.73 2.49 3.23 2.72
2.61 2.25 3.54 2.79
2.62 1.95 3.58 2.53
2.66 2.22 3.53 2.75
2.56 1.91 3.66 2.57
2.54 2.25 3.48 2.73
2.64 2.08 3.51 2.59
2.47 1.81 3.91 2.72
2.59 2.28 3.44 2.72
2.47 1.86 3.79 2.65
2.68 2.05 3.57 2.62
2.55 1.95 3.65 2.6
2.63 2.02 3.57 2.59
2.64 2.34 3.35 2.69
2.51 2.12 3.66 2.78
2.62 2.19 3.45 2.64
2.59 2.09 3.57 2.66
2.59 2.04 3.57 2.61
2.6 2.2 3.35 2.55
2.65 2.26 3.29 2.55
2.7 2.28 3.43 2.71
2.6 2.08 3.6 2.68
2.59 1.99 3.68 2.67
2.46 1.97 3.64 2.61
2.55 2.08 3.55 2.63
2.73 2.29 3.4 2.69
2.59 2.14 3.56 2.7
2.58 1.94 3.64 2.58
2.59 2.18 3.4 2.58
2.6 2.24 3.35 2.59
2.57 1.74 3.94 2.68
2.61 2.28 3.43 2.71
2.62 2.03 3.58 2.61
2.68 2.17 3.54 2.71
2.71 2.26 3.23 2.49
2.59 2.01 3.69 2.7
2.63 2.23 3.41 2.64
2.58 2.26 3.49 2.75
2.64 1.89 3.68 2.57
2.51 2.03 3.43 2.46
2.58 2.23 3.39 2.62
2.72 2.43 3.14 2.57
2.55 1.88 3.78 2.66
2.53 2.1 3.61 2.71
2.62 2.27 3.52 2.79
2.59 2.22 3.46 2.68
2.58 2.17 3.47 2.64
2.52 2.15 3.4 2.55
2.46 1.86 3.59 2.45
2.68 2.06 3.44 2.5
2.56 1.9 3.72 2.62
2.68 2.32 3.26 2.58
2.68 2.05 3.6 2.65
2.61 2.24 3.48 2.72
2.71 2.12 3.39 2.51
2.64 1.95 3.57 2.52
2.59 1.98 3.79 2.77
2.71 2.14 3.6 2.74
2.53 2.06 3.63 2.69
2.64 2.15 3.41 2.56
2.55 2.09 3.58 2.67
2.58 2.05 3.64 2.69
2.55 2.17 3.59 2.76
2.68 2.14 3.38 2.52
2.66 2.06 3.47 2.53
2.71 2.0 3.58 2.58
2.59 2.19 3.41 2.6
2.61 2.28 3.38 2.66
2.53 2.14 3.58 2.72
2.61 2.06 3.57 2.63
2.62 1.87 3.75 2.62
2.6 2.03 3.53 2.56
2.67 2.26 3.34 2.6
2.65 2.11 3.33 2.44
2.59 2.08 3.52 2.6
2.63 2.44 3.27 2.71
2.66 2.19 3.49 2.68
2.57 2.03 3.44 2.47
2.71 2.31 3.14 2.45
2.54 2.03 3.69 2.72
2.61 2.08 3.46 2.54
2.74 2.28 3.37 2.65
2.57 2.16 3.39 2.55
2.66 2.28 3.31 2.59
2.65 2.11 3.65 2.76
2.59 2.13 3.43 2.56
2.62 2.15 3.51 2.66
2.61 2.24 3.51 2.75
2.59 1.9 3.73 2.63
2.53 1.97 3.57 2.54
2.64 2.26 3.42 2.68
2.6 2.02 3.66 2.68
2.72 2.36 3.15 2.51
2.74 2.18 3.37 2.55
2.68 2.24 3.31 2.55
2.51 1.9 3.71 2.61
2.6 1.99 3.4 2.39
2.55 2.03 3.65 2.68
2.63 2.0 3.47 2.47
2.59 1.76 3.95 2.71
2.62 2.05 3.51 2.56
2.57 2.09 3.49 2.58
2.74 2.21 3.35 2.56
2.53 2.12 3.56 2.68
2.62 2.16 3.31 2.47
2.6 2.12 3.65 2.77
2.52 2.1 3.54 2.64
2.62 2.2 3.4 2.6
2.54 1.73 3.85 2.58
2.67 2.21 3.31 2.52
2.69 2.02 3.65 2.67
2.63 2.05 3.52 2.57
2.65 2.35 3.24 2.59
2.66 2.16 3.32 2.48
2.64 2.23 3.31 2.54
2.74 2.39 3.08 2.47
2.65 2.26 3.38 2.64
2.66 1.92 3.58 2.5
2.65 2.16 3.51 2.67
2.73 2.28 3.28 2.56
2.61 2.07 3.57 2.64
2.63 2.2 3.5 2.7
2.59 2.04 3.56 2.6
2.54 1.95 3.6 2.55
2.61 2.3 3.3 2.6
2.61 2.32 3.36 2.68
2.64 2.26 3.14 2.4
2.59 2.14 3.65 2.79
2.68 1.91 3.57 2.48
2.58 1.9 3.75 2.65
2.64 2.25 3.34 2.59
2.65 2.06 3.67 2.73
2.52 1.74 3.92 2.66
2.61 2.19 3.31 2.5
2.62 2.1 3.34 2.44
2.61 2.26 3.46 2.72
2.63 2.19 3.4 2.59
2.6 2.13 3.42 2.55
2.47 2.11 3.56 2.67
2.51 2.02 3.62 2.64
2.5 2.07 3.76 2.83
2.58 2.07 3.66 2.73
2.67 2.09 3.39 2.48
2.66 2.05 3.41 2.46
2.68 2.1 3.58 2.68
2.74 2.21 3.27 2.48
2.73 2.17 3.51 2.68
2.56 2.01 3.58 2.59
2.56 2.1 3.55 2.65
2.7 2.34 3.2 2.54
2.45 1.87 3.78 2.65
2.55 1.95 3.72 2.67
2.64 2.19 3.52 2.71
2.7 2.23 3.43 2.66
2.5 2.15 3.44 2.59
2.59 2.01 3.65 2.66
2.66 2.17 3.43 2.6
2.59 2.0 3.6 2.6
2.55 2.0 3.69 2.69
2.64 2.15 3.6 2.75
2.61 2.29 3.3 2.59
2.65 2.06 3.36 2.42
2.7 2.13 3.27 2.4
2.63 2.05 3.63 2.68
2.57 1.93 3.67 2.6
2.64 2.13 3.52 2.65
2.57 2.21 3.4 2.61
2.58 2.19 3.33 2.52
2.63 2.11 3.39 2.5
2.65 2.21 3.45 2.66
2.72 2.26 3.27 2.53
2.56 2.11 3.57 2.68
2.52 2.0 3.67 2.67
2.7 2.21 3.4 2.61
2.72 2.1 3.49 2.59
2.54 2.08 3.67 2.75
2.6 1.98 3.74 2.72
2.62 1.99 3.72 2.71
2.63 2.01 3.62 2.63
2.61 2.0 3.68 2.68
2.63 2.01 3.54 2.55
2.61 1.92 3.72 2.64
2.68 2.11 3.43 2.54
2.62 2.13 3.27 2.4
2.6 2.06 3.41 2.47
2.64 2.3 3.34 2.64
2.65 2.2 3.42 2.62
2.61 2.01 3.57 2.58
2.56 1.93 3.7 2.63
2.68 2.06 3.52 2.58
2.63 2.09 3.44 2.53
2.68 2.29 3.25 2.54
2.54 1.99 3.59 2.58
2.71 2.39 3.24 2.63
2.62 2.19 3.48 2.67
2.58 2.1 3.63 2.73
2.76 2.38 3.16 2.54
2.5 2.15 3.48 2.63
2.6 2.19 3.26 2.45
2.64 2.17 3.37 2.54
2.55 1.92 3.71 2.63
2.6 2.25 3.37 2.62
2.64 2.18 3.38 2.56
2.69 2.35 3.3 2.65
2.56 2.16 3.45 2.61
2.63 2.17 3.41 2.58
2.69 2.19 3.29 2.48
2.69 2.19 3.34 2.53
2.55 2.02 3.66 2.68
2.66 2.21 3.34 2.55
2.67 2.11 3.47 2.58
2.56 1.95 3.58 2.53
2.7 2.15 3.49 2.64
2.54 1.74 3.95 2.69
2.58 2.02 3.54 2.56
2.67 2.25 3.29 2.54
2.6 2.17 3.51 2.68
2.53 2.13 3.57 2.7
2.61 2.18 3.31 2.49
2.57 1.91 3.74 2.65
2.67 2.16 3.58 2.74
2.63 2.02 3.48 2.5
2.6 2.08 3.53 2.61
2.69 2.24 3.35 2.59
2.55 2.44 3.22 2.66
2.59 2.21 3.48 2.69
2.7 2.16 3.5 2.66
2.72 2.19 3.36 2.55
2.53 1.97 3.68 2.65
2.61 2.18 3.32 2.5
2.6 2.04 3.53 2.57
2.61 2.04 3.57 2.61
2.62 2.06 3.63 2.69
2.67 2.04 3.42 2.46
2.6 2.27 3.41 2.68
2.62 2.1 3.47 2.57
2.68 2.08 3.4 2.48
2.55 2.31 3.38 2.69
2.61 1.95 3.69 2.64
2.56 2.0 3.56 2.56
2.66 2.01 3.78 2.79
2.56 2.08 3.5 2.58
2.63 2.12 3.54 2.66
2.64 1.94 3.57 2.51
2.58 2.0 3.63 2.63
2.65 2.01 3.56 2.57
2.67 2.1 3.4 2.5
2.55 2.06 3.58 2.64
2.68 2.07 3.51 2.58
2.62 1.93 3.63 2.56
2.57 2.16 3.55 2.71
2.66 2.05 3.59 2.64
2.58 2.19 3.31 2.5
2.62 2.1 3.54 2.64
2.61 2.16 3.34 2.5
2.54 1.91 3.77 2.68
2.53 2.04 3.73 2.77
2.54 1.99 3.68 2.67
2.68 2.08 3.6 2.68
2.68 1.99 3.51 2.5
2.59 1.96 3.6 2.56
2.64 2.11 3.39 2.5
2.66 2.1 3.48 2.58
2.66 2.12 3.46 2.58
2.7 2.06 3.5 2.56
2.65 2.2 3.46 2.66
2.69 2.13 3.47 2.6
2.76 2.49 3.22 2.71
2.67 2.17 3.38 2.55
2.62 2.26 3.39 2.65
2.56 2.12 3.51 2.63
2.66 2.26 3.37 2.63
2.59 1.96 3.66 2.62
2.67 2.19 3.34 2.53
2.57 2.16 3.49 2.65
2.6 2.06 3.48 2.54
2.57 2.06 3.44 2.5
2.58 2.13 3.48 2.61
2.65 2.19 3.48 2.67
2.51 1.88 3.74 2.62
2.63 2.29 3.4 2.69
2.65 2.02 3.59 2.61
2.61 2.15 3.46 2.61
2.62 2.09 3.56 2.65
2.61 2.12 3.45 2.57
2.63 2.16 3.46 2.62
2.66 2.14 3.47 2.61
2.54 1.89 3.66 2.55
2.62 1.98 3.74 2.72
2.52 1.97 3.81 2.78
2.55 1.88 3.67 2.55
2.59 1.92 3.71 2.63
2.54 2.01 3.52 2.53
2.63 2.18 3.47 2.65
2.55 2.08 3.52 2.6
2.66 2.08 3.58 2.66
2.64 2.18 3.48 2.66
2.65 1.94 3.69 2.63
2.73 2.08 3.41 2.49
2.56 2.23 3.52 2.75
2.53 1.92 3.7 2.62
2.57 2.24 3.4 2.64
2.66 2.01 3.68 2.69
2.66 2.12 3.42 2.54
2.65 1.87 3.7 2.57
2.6 2.12 3.56 2.68
2.7 2.36 3.33 2.69
2.62 1.99 3.57 2.56
2.73 2.11 3.47 2.58
2.65 2.06 3.58 2.64
2.68 2.24 3.43 2.67
2.56 2.01 3.74 2.75
2.64 1.95 3.48 2.43
2.58 2.07 3.55 2.62
2.55 2.14 3.5 2.64
2.69 2.04 3.49 2.53
2.71 2.21 3.4 2.61
2.61 1.85 3.79 2.64
2.67 2.17 3.43 2.6
2.55 2.14 3.41 2.55
2.6 1.97 3.51 2.48
2.67 1.97 3.55 2.52
2.6 2.18 3.51 2.69
2.57 2.08 3.61 2.69
2.55 1.89 3.85 2.74
2.6 2.05 3.68 2.73
2.56 1.89 3.79 2.68
2.62 2.27 3.38 2.65
2.65 2.08 3.64 2.72
2.64 2.22 3.36 2.58
2.53 2.1 3.48 2.58
2.57 2.2 3.36 2.56
2.63 2.05 3.58 2.63
2.6 1.9 3.61 2.51
2.7 2.05 3.49 2.54
2.68 2.06 3.7 2.76
2.76 2.33 3.4 2.73
2.53 2.18 3.54 2.72
2.49 2.12 3.63 2.75
2.66 2.13 3.29 2.42
2.69 2.12 3.3 2.42
2.6 1.96 3.64 2.6
2.56 1.91 3.71 2.62
2.55 2.0 3.72 2.72
2.57 2.08 3.51 2.59
2.59 1.88 3.76 2.64
2.65 1.99 3.58 2.57
2.53 2.02 3.64 2.66
2.6 2.13 3.54 2.67
2.66 2.17 3.39 2.56
2.6 2.33 3.37 2.7
2.56 2.15 3.38 2.53
2.64 2.38 3.32 2.7
2.58 1.89 3.69 2.58
2.5 2.09 3.69 2.78
2.69 2.43 3.2 2.63
2.68 2.16 3.48 2.64
2.61 2.04 3.63 2.67
2.5 1.86 3.81 2.67
2.54 2.13 3.59 2.72
2.57 2.08 3.62 2.7
2.59 2.22 3.48 2.7
2.56 2.15 3.46 2.61
2.59 2.09 3.46 2.55
2.49 1.97 3.59 2.56
2.51 2.1 3.57 2.67
2.71 2.44 3.1 2.54
2.68 2.01 3.66 2.67
2.56 2.06 3.59 2.65
2.64 2.02 3.54 2.56
2.61 2.34 3.29 2.63
2.46 2.07 3.55 2.62
2.53 2.07 3.62 2.69
2.45 2.08 3.71 2.79
2.56 2.05 3.61 2.66
2.68 2.16 3.4 2.56
2.58 2.27 3.46 2.73
2.69 2.28 3.3 2.58
2.65 2.09 3.43 2.52
2.5 1.86 3.87 2.73
2.59 2.16 3.43 2.59
2.62 2.19 3.42 2.61
2.7 2.23 3.27 2.5
2.73 2.22 3.31 2.53
2.6 2.29 3.42 2.71
2.59 2.02 3.66 2.68
2.51 2.23 3.4 2.63
2.52 2.2 3.43 2.63
2.64 2.3 3.32 2.62
2.64 2.28 3.39 2.67
2.68 2.12 3.56 2.68
2.64 2.0 3.57 2.57
2.7 2.16 3.41 2.57
2.52 2.09 3.41 2.5
2.73 2.22 3.37 2.59
2.57 2.33 3.3 2.63
2.71 2.17 3.55 2.72
2.55 2.14 3.44 2.58
2.61 1.98 3.7 2.68
2.65 2.04 3.53 2.57
2.82 2.34 3.21 2.55
2.63 2.14 3.57 2.71
2.66 1.98 3.54 2.52
2.66 2.1 3.47 2.57
2.64 2.11 3.62 2.73
2.69 2.49 3.16 2.65
2.8 2.41 3.09 2.5
2.51 1.94 3.66 2.6
2.66 2.19 3.43 2.62
2.65 2.07 3.59 2.66
2.61 2.04 3.53 2.57
2.66 2.06 3.49 2.55
2.65 1.93 3.59 2.52
2.6 2.07 3.69 2.76
2.56 1.76 3.84 2.6
2.59 2.17 3.51 2.68
2.67 2.29 3.38 2.67
2.5 1.86 3.84 2.7
2.63 2.01 3.62 2.63
2.63 1.97 3.54 2.51
2.55 2.13 3.5 2.63
2.59 2.17 3.33 2.5
2.6 2.29 3.26 2.55
2.62 2.01 3.46 2.47
2.63 2.14 3.48 2.62
2.65 2.29 3.33 2.62
2.62 2.14 3.51 2.65
2.65 2.02 3.67 2.69
2.54 2.11 3.65 2.76
2.73 2.23 3.34 2.57
2.64 2.38 3.28 2.66
2.58 1.81 3.92 2.73
2.6 2.16 3.42 2.58
2.62 2.14 3.5 2.64
2.64 2.33 3.24 2.57
2.67 2.17 3.43 2.6
2.72 1.99 3.64 2.63
2.57 2.19 3.48 2.67
2.56 2.1 3.64 2.74
2.65 2.18 3.34 2.52
2.62 1.93 3.63 2.56
2.59 1.9 3.55 2.45
2.6 2.13 3.41 2.54
2.59 2.14 3.59 2.73
2.67 2.2 3.29 2.49
2.51 1.97 3.71 2.68
2.72 2.27 3.26 2.53
2.66 2.19 3.42 2.61
2.63 1.83 3.79 2.62
2.69 2.16 3.36 2.52
2.68 2.13 3.42 2.55
2.66 2.07 3.46 2.53
2.59 2.17 3.59 2.76
2.47 2.04 3.59 2.63
2.61 2.2 3.4 2.6
2.63 2.09 3.65 2.74
2.7 2.14 3.42 2.56
2.53 2.27 3.44 2.71
2.64 2.09 3.51 2.6
2.65 2.18 3.48 2.66
2.56 2.14 3.48 2.62
2.67 2.09 3.58 2.67
2.56 1.99 3.61 2.6
2.48 1.88 3.79 2.67
2.57 2.22 3.36 2.58
2.68 2.11 3.44 2.55
2.65 2.15 3.57 2.72
2.55 2.02 3.63 2.65
2.65 2.35 3.36 2.71
2.73 2.24 3.27 2.51
2.51 1.94 3.75 2.69
2.68 2.38 3.3 2.68
2.67 2.04 3.5 2.54
2.68 2.13 3.48 2.61
2.59 2.28 3.3 2.58
2.61 2.2 3.39 2.59
2.62 2.29 3.33 2.62
2.6 2.1 3.57 2.67
2.57 2.22 3.43 2.65
2.6 2.38 3.24 2.62
2.64 2.16 3.41 2.57
2.54 1.94 3.64 2.58
2.51 2.06 3.62 2.68
2.62 2.1 3.35 2.45
2.65 1.9 3.6 2.5
2.67 2.19 3.31 2.5
2.67 2.19 3.52 2.71
2.63 2.21 3.48 2.69
2.69 2.42 3.22 2.64
2.59 2.07 3.59 2.66
2.6 2.01 3.64 2.65
2.6 2.11 3.47 2.58
2.69 2.39 3.15 2.54
2.64 2.13 3.42 2.55
2.68 2.16 3.45 2.61
2.58 2.08 3.55 2.63
2.72 2.2 3.44 2.64
2.62 2.25 3.43 2.68
2.65 2.29 3.37 2.66
2.55 2.02 3.58 2.6
2.57 1.88 3.65 2.53
2.66 2.18 3.51 2.69
2.52 1.88 3.68 2.56
2.56 2.12 3.5 2.62
2.7 2.1 3.4 2.5
2.57 1.91 3.69 2.6
2.61 1.91 3.57 2.48
2.57 2.0 3.71 2.71
2.69 2.27 3.25 2.52
2.64 1.93 3.58 2.51
2.59 1.94 3.67 2.61
2.61 1.9 3.72 2.62
2.58 2.14 3.53 2.67
2.67 2.24 3.39 2.63
2.67 2.3 3.16 2.46
2.48 1.98 3.64 2.62
2.53 1.87 3.62 2.49
2.47 2.21 3.48 2.69
2.64 2.02 3.41 2.43
2.64 2.29 3.44 2.73
2.69 1.95 3.68 2.63
2.56 1.89 3.84 2.73
2.63 2.19 3.52 2.71
2.62 2.18 3.46 2.64
2.61 2.09 3.54 2.63
2.68 2.25 3.39 2.64
2.66 1.99 3.63 2.62
2.58 1.87 3.67 2.54
2.55 2.04 3.68 2.72
2.54 1.89 3.82 2.71
2.6 2.19 3.37 2.56
2.65 2.15 3.47 2.62
2.7 2.15 3.47 2.62
2.57 1.96 3.57 2.53
2.59 2.07 3.44 2.51
2.65 2.09 3.51 2.6
2.68 2.17 3.31 2.48
2.59 2.02 3.76 2.78
2.61 2.27 3.34 2.61
2.66 2.32 3.25 2.57
2.55 2.17 3.38 2.55
2.65 2.11 3.54 2.65
2.6 2.06 3.59 2.65
2.59 2.07 3.53 2.6
2.64 2.07 3.64 2.71
2.69 2.23 3.44 2.67
2.63 2.09 3.51 2.6
2.69 2.3 3.29 2.59
2.71 2.35 3.28 2.63
2.64 2.27 3.21 2.48
2.73 2.53 3.12 2.65
2.52 2.11 3.57 2.68
2.57 2.16 3.49 2.65
2.55 2.04 3.58 2.62
2.5 1.98 3.62 2.6
2.67 2.01 3.51 2.52
2.63 2.08 3.63 2.71
2.61 2.05 3.44 2.49
2.71 2.24 3.28 2.52
2.64 2.21 3.33 2.54
2.57 2.02 3.48 2.5
2.67 2.28 3.45 2.73
2.69 2.41 3.2 2.61
2.66 1.88 3.58 2.46
2.64 2.03 3.57 2.6
2.61 1.99 3.58 2.57
2.54 2.19 3.54 2.73
2.66 1.94 3.53 2.47
2.69 2.16 3.45 2.61
2.66 2.13 3.41 2.54
2.53 2.18 3.46 2.64
2.59 2.2 3.48 2.68
2.52 2.02 3.56 2.58
2.54 1.76 3.87 2.63
2.51 1.94 3.89 2.83
2.53 2.19 3.42 2.61
2.59 1.99 3.64 2.63
2.6 2.07 3.5 2.57
2.56 1.99 3.57 2.56
2.5 2.24 3.4 2.64
2.67 2.07 3.67 2.74
2.58 1.98 3.67 2.65
2.6 2.08 3.56 2.64
2.65 2.18 3.41 2.59
2.6 2.22 3.41 2.63
2.59 2.21 3.48 2.69
2.67 2.15 3.38 2.53
2.59 2.28 3.49 2.77
2.73 2.17 3.42 2.59
2.6 2.03 3.72 2.75
2.57 2.06 3.48 2.54
2.68 2.15 3.31 2.46
2.62 1.96 3.65 2.61
2.64 1.97 3.61 2.58
2.64 2.06 3.63 2.69
2.6 2.15 3.57 2.72
2.64 2.18 3.46 2.64
2.49 2.2 3.52 2.72
2.58 2.09 3.51 2.6
2.53 1.85 3.88 2.73
2.77 2.21 3.3 2.51
2.66 2.27 3.37 2.64
2.67 1.97 3.59 2.56
2.47 2.08 3.59 2.67
2.56 2.04 3.65 2.69
2.57 1.92 3.69 2.61
2.7 2.21 3.4 2.61
2.66 2.05 3.58 2.63
2.67 1.84 3.72 2.56
2.57 2.09 3.59 2.68
2.57 2.22 3.36 2.58
2.53 1.87 3.72 2.59
2.54 2.03 3.52 2.55
2.54 1.86 3.89 2.75
2.53 1.98 3.6 2.58
2.6 2.46 3.21 2.67
2.59 2.1 3.57 2.67
2.69 2.09 3.53 2.62
2.62 2.07 3.39 2.46
2.65 2.24 3.33 2.57
2.63 2.15 3.52 2.67
2.5 2.1 3.52 2.62
2.64 2.39 3.21 2.6
2.66 2.08 3.47 2.55
2.63 2.11 3.58 2.69
2.53 1.83 3.78 2.61
2.73 2.1 3.42 2.52
2.64 2.12 3.53 2.65
2.5 1.81 3.84 2.65
2.53 1.9 3.66 2.56
2.64 1.95 3.76 2.71
2.71 2.35 3.14 2.49
2.64 2.15 3.5 2.65
2.58 2.3 3.33 2.63
2.72 2.24 3.39 2.63
2.54 2.02 3.8 2.82
2.64 2.2 3.4 2.6
2.64 2.2 3.47 2.67
2.63 2.15 3.42 2.57
2.66 2.3 3.32 2.62
2.6 2.11 3.49 2.6
2.59 2.05 3.67 2.72
2.63 2.26 3.22 2.48
2.53 2.02 3.76 2.78
2.61 2.07 3.56 2.63
2.62 2.0 3.57 2.57
2.64 2.32 3.36 2.68
2.6 2.3 3.23 2.53
2.64 2.0 3.59 2.59
2.7 2.2 3.2 2.4
2.53 1.95 3.9 2.85
2.64 2.13 3.54 2.67
2.71 2.26 3.36 2.62
2.62 2.21 3.52 2.73
2.61 2.06 3.65 2.71
2.6 2.17 3.6 2.77
2.5 1.88 3.76 2.64
2.66 2.13 3.46 2.59
2.61 2.0 3.63 2.63
2.68 2.27 3.37 2.64
2.63 2.12 3.54 2.66
2.58 2.17 3.43 2.6
2.67 2.33 3.41 2.74
2.63 2.07 3.53 2.6
2.62 2.15 3.5 2.65
2.56 2.26 3.35 2.61
2.61 2.16 3.46 2.62
2.55 1.95 3.54 2.49
2.65 2.14 3.58 2.72
2.7 2.16 3.35 2.51
2.55 2.05 3.38 2.43
2.64 2.1 3.39 2.49
2.58 2.08 3.55 2.63
2.69 2.12 3.48 2.6
2.66 2.32 3.19 2.51
2.62 2.01 3.62 2.63
2.56 1.95 3.73 2.68
2.57 2.04 3.45 2.49
2.56 2.18 3.58 2.76
2.59 2.09 3.38 2.47
2.57 2.03 3.55 2.58
2.63 2.21 3.29 2.5
2.56 2.0 3.65 2.65
2.59 2.07 3.57 2.64
2.67 2.09 3.54 2.63
2.66 2.13 3.41 2.54
2.75 2.38 3.15 2.53
2.7 2.08 3.6 2.68
2.54 2.01 3.64 2.65
2.51 1.99 3.59 2.58
2.6 2.13 3.58 2.71
2.59 2.1 3.51 2.61
2.58 1.98 3.45 2.43
2.51 1.96 3.83 2.79
2.62 1.94 3.66 2.6
2.67 2.23 3.27 2.5
2.48 2.04 3.55 2.59
2.5 1.97 3.75 2.72
2.59 2.09 3.48 2.57
2.64 1.98 3.49 2.47
2.57 2.01 3.6 2.61
2.61 2.05 3.48 2.53
2.67 2.29 3.22 2.51
2.57 2.11 3.56 2.67
2.57 2.06 3.65 2.71
2.62 2.05 3.56 2.61
2.76 2.21 3.39 2.6
2.63 2.35 3.3 2.65
2.68 2.1 3.39 2.49
2.51 1.86 3.77 2.63
2.54 2.06 3.74 2.8
2.57 2.08 3.6 2.68
2.58 2.07 3.44 2.51
2.61 2.16 3.54 2.7
2.65 2.16 3.35 2.51
2.66 2.18 3.44 2.62
2.7 2.14 3.5 2.64
2.72 2.1 3.39 2.49
2.7 1.98 3.62 2.6
2.67 2.18 3.44 2.62
2.64 2.22 3.44 2.66
2.61 2.1 3.43 2.53
2.66 2.18 3.28 2.46
2.53 1.99 3.67 2.66
2.65 2.08 3.43 2.51
2.63 2.16 3.45 2.61
2.58 2.26 3.38 2.64
2.55 1.9 3.78 2.68
2.72 2.06 3.59 2.65
2.58 2.04 3.67 2.71
2.64 1.91 3.63 2.54
2.57 2.07 3.5 2.57
2.73 2.17 3.23 2.4
2.62 2.23 3.3 2.53
2.62 2.23 3.45 2.68
2.63 1.93 3.59 2.52
2.69 2.23 3.29 2.52
2.6 2.17 3.41 2.58
2.59 1.84 3.81 2.65
2.61 2.14 3.48 2.62
2.67 2.12 3.46 2.58
2.56 1.93 3.7 2.63
2.7 2.41 3.16 2.57
2.68 2.21 3.47 2.68
2.64 2.05 3.45 2.5
2.59 2.12 3.36 2.48
2.53 2.17 3.44 2.61
2.64 2.04 3.62 2.66
2.53 2.23 3.37 2.6
2.54 2.12 3.47 2.59
2.57 2.06 3.59 2.65
2.51 1.92 3.74 2.66
2.6 2.1 3.63 2.73
2.71 2.2 3.36 2.56
2.59 2.15 3.38 2.53
2.65 2.22 3.24 2.46
2.57 2.06 3.59 2.65
2.55 2.27 3.38 2.65
2.57 2.11 3.5 2.61
2.57 2.06 3.6 2.66
2.64 2.4 3.28 2.68
2.6 2.15 3.56 2.71
2.52 2.19 3.48 2.67
2.71 2.27 3.33 2.6
2.67 2.47 3.14 2.61
2.66 1.92 3.62 2.54
2.69 2.13 3.39 2.52
2.66 2.03 3.54 2.57
2.57 1.9 3.63 2.53
2.62 1.95 3.7 2.65
2.57 2.25 3.43 2.68
2.62 2.1 3.54 2.64
2.52 2.12 3.57 2.69
2.64 2.14 3.44 2.58
2.59 2.29 3.31 2.6
2.63 2.23 3.43 2.66
2.6 2.15 3.49 2.64
2.58 2.1 3.48 2.58
2.67 2.17 3.43 2.6
2.57 1.97 3.62 2.59
2.72 2.31 3.24 2.55
2.66 2.09 3.47 2.56
2.55 2.09 3.47 2.56
2.56 2.09 3.65 2.74
2.65 2.22 3.46 2.68
2.66 2.21 3.31 2.52
2.52 2.03 3.66 2.69
2.61 1.89 3.75 2.64
2.61 2.1 3.53 2.63
2.57 2.03 3.74 2.77
2.66 2.21 3.22 2.43
2.64 2.24 3.35 2.59
2.71 2.16 3.35 2.51
2.55 1.97 3.49 2.46
2.52 1.94 3.83 2.77
2.61 1.97 3.67 2.64
2.57 2.06 3.55 2.61
2.57 1.89 3.72 2.61
2.59 2.03 3.58 2.61
2.68 2.33 3.33 2.66
2.66 2.14 3.33 2.47
2.66 2.12 3.57 2.69
2.69 2.31 3.28 2.59
2.51 1.87 3.89 2.76
2.63 2.12 3.52 2.64
2.63 2.28 3.46 2.74
2.61 2.28 3.31 2.59
2.48 1.94 3.8 2.74
2.54 2.04 3.57 2.61
2.61 2.15 3.49 2.64
2.68 2.06 3.54 2.6
2.56 1.93 3.74 2.67
2.5 1.99 3.68 2.67
2.66 2.1 3.59 2.69
2.7 2.18 3.41 2.59
2.7 2.22 3.36 2.58
2.61 1.83 3.75 2.58
2.63 2.15 3.5 2.65
2.61 1.96 3.63 2.59
2.63 2.38 3.29 2.67
2.58 2.08 3.54 2.62
2.58 2.1 3.52 2.62
2.58 1.93 3.58 2.51
2.52 1.93 3.72 2.65
2.7 2.12 3.47 2.59
2.64 2.34 3.24 2.58
2.68 2.17 3.34 2.51
2.65 2.22 3.35 2.57
2.58 2.02 3.64 2.66
2.6 2.02 3.67 2.69
2.72 2.31 3.22 2.53
2.47 1.92 3.82 2.74
2.64 2.13 3.5 2.63
2.58 2.17 3.49 2.66
2.53 1.93 3.73 2.66
2.69 2.16 3.34 2.5
2.62 2.08 3.59 2.67
2.47 1.97 3.77 2.74
2.65 1.99 3.69 2.68
2.66 2.06 3.47 2.53
2.54 2.24 3.42 2.66
2.65 2.27 3.36 2.63
2.66 2.07 3.46 2.53
2.78 2.3 3.32 2.62
2.66 2.2 3.45 2.65
2.51 2.12 3.6 2.72
2.56 1.98 3.69 2.67
2.64 1.97 3.6 2.57
2.59 2.19 3.4 2.59
2.67 2.3 3.26 2.56
2.6 1.99 3.76 2.75
2.58 2.28 3.31 2.59
2.67 2.21 3.36 2.57
2.58 2.04 3.54 2.58
2.72 2.39 3.32 2.71
2.68 2.26 3.43 2.69
2.66 2.16 3.34 2.5
2.55 2.17 3.47 2.64
2.75 2.3 3.21 2.51
2.68 2.33 3.26 2.59
2.54 1.95 3.78 2.73
2.55 1.85 3.82 2.67
2.65 2.0 3.53 2.53
2.67 2.06 3.59 2.65
2.64 2.13 3.57 2.7
2.69 2.27 3.28 2.55
2.68 2.27 3.49 2.76
2.59 2.28 3.39 2.67
2.69 2.14 3.56 2.7
2.76 2.34 3.24 2.58
2.7 2.25 3.15 2.4
2.64 2.31 3.34 2.65
2.56 1.87 3.89 2.76
2.59 1.91 3.82 2.73
2.7 2.28 3.39 2.67
2.67 2.15 3.47 2.62
2.7 2.2 3.37 2.57
2.57 2.19 3.55 2.74
2.62 2.18 3.54 2.72
2.58 2.2 3.3 2.5
2.71 2.28 3.2 2.48
2.58 2.04 3.53 2.57
2.66 2.08 3.46 2.54
2.7 2.34 3.17 2.51
2.67 2.26 3.37 2.63
2.62 1.98 3.6 2.58
2.66 2.17 3.37 2.54
2.58 2.12 3.42 2.54
2.69 2.18 3.38 2.56
2.67 2.36 3.2 2.56
2.56 1.84 3.9 2.74
2.55 2.34 3.44 2.78
2.59 2.09 3.6 2.69
2.54 1.83 3.87 2.7
2.67 2.18 3.35 2.53
2.64 1.87 3.7 2.57
2.61 1.96 3.72 2.68
2.66 2.07 3.56 2.63
2.51 2.04 3.57 2.61
2.55 2.26 3.45 2.71
2.58 2.13 3.5 2.63
2.54 2.06 3.61 2.67
2.56 2.07 3.62 2.69
2.61 2.13 3.57 2.7
2.64 2.07 3.45 2.52
2.53 2.27 3.43 2.7
2.58 1.98 3.5 2.48
2.67 2.01 3.52 2.53
2.54 1.94 3.65 2.59
2.56 2.15 3.58 2.73
2.62 2.28 3.44 2.72
2.67 1.85 3.62 2.47
2.6 2.15 3.48 2.63
2.61 2.03 3.58 2.61
2.49 2.15 3.58 2.73
2.57 2.07 3.63 2.7
2.65 2.14 3.49 2.63
2.56 2.03 3.72 2.75
2.69 2.12 3.57 2.69
2.57 1.93 3.73 2.66
2.73 2.27 3.33 2.6
2.55 2.26 3.51 2.77
2.65 2.19 3.5 2.69
2.58 2.02 3.53 2.55
2.68 2.17 3.44 2.61
2.68 2.32 3.24 2.56
2.69 2.38 3.14 2.52
2.65 2.09 3.67 2.76
2.6 1.98 3.61 2.59
2.59 2.14 3.38 2.52
2.62 2.21 3.3 2.51
2.56 2.1 3.66 2.76
2.51 2.06 3.6 2.66
2.62 1.95 3.54 2.49
2.56 2.19 3.49 2.68
2.59 2.07 3.53 2.6
2.43 1.9 3.69 2.59
2.53 1.89 3.8 2.69
2.65 2.19 3.33 2.52
2.55 2.23 3.39 2.62
2.68 2.11 3.51 2.62
2.54 2.09 3.56 2.65
2.72 2.08 3.5 2.58
2.49 1.97 3.69 2.66
2.67 2.18 3.42 2.6
2.67 2.3 3.42 2.72
2.63 2.14 3.36 2.5
2.57 2.22 3.49 2.71
2.48 2.04 3.48 2.52
2.65 2.38 3.23 2.61
2.57 1.89 3.66 2.55
2.51 1.86 3.77 2.63
2.47 2.1 3.64 2.74
2.69 2.26 3.35 2.61
2.64 2.18 3.42 2.6
2.67 2.15 3.41 2.56
2.6 1.99 3.71 2.7
2.56 2.25 3.34 2.59
2.55 2.19 3.38 2.57
2.44 2.01 3.74 2.75
2.54 2.14 3.52 2.66
2.66 2.19 3.37 2.56
2.49 1.92 3.72 2.64
2.66 2.13 3.45 2.58
2.61 2.17 3.4 2.57
2.61 1.97 3.8 2.77
2.7 2.28 3.29 2.57
2.62 2.13 3.48 2.61
2.64 2.21 3.39 2.6
2.68 2.07 3.49 2.56
2.65 2.27 3.29 2.56
2.66 2.28 3.39 2.67
2.63 2.23 3.35 2.58
2.67 1.95 3.59 2.54
2.68 2.25 3.44 2.69
2.69 2.09 3.64 2.73
2.5 2.01 3.78 2.79
2.53 2.11 3.45 2.56
2.6 2.14 3.4 2.54
2.72 2.33 3.33 2.66
2.69 2.23 3.29 2.52
2.5 1.95 3.65 2.6
2.52 2.09 3.64 2.73
2.63 2.14 3.33 2.47
2.58 1.89 3.67 2.56
2.55 2.13 3.65 2.78
2.7 2.16 3.36 2.52
2.63 2.2 3.46 2.66
2.63 2.25 3.43 2.68
2.64 2.38 3.26 2.64
2.64 2.2 3.37 2.57
2.51 2.1 3.45 2.55
2.62 2.25 3.45 2.7
2.53 1.91 3.59 2.5
2.66 1.98 3.7 2.68
2.57 2.23 3.27 2.5
2.6 2.04 3.59 2.63
2.48 1.83 3.76 2.59
2.54 2.12 3.48 2.6
2.68 2.0 3.53 2.53
2.55 1.92 3.67 2.59
2.7 2.19 3.57 2.76
2.51 1.97 3.58 2.55
2.63 2.19 3.59 2.78
2.58 1.8 3.62 2.42
2.6 2.22 3.4 2.62
2.66 2.0 3.46 2.46
2.5 2.3 3.44 2.74
2.58 2.13 3.48 2.61
2.6 2.16 3.51 2.67
2.77 2.33 3.34 2.67
2.74 2.23 3.32 2.55
2.55 1.82 3.76 2.58
2.6 1.97 3.57 2.54
2.62 1.92 3.66 2.58
2.47 1.74 4.02 2.76
2.7 2.4 3.13 2.53
2.59 1.96 3.77 2.73
2.59 2.09 3.4 2.49
2.63 2.23 3.31 2.54
2.72 2.18 3.33 2.51
2.65 2.15 3.42 2.57
2.62 1.99 3.59 2.58
2.65 2.24 3.38 2.62
2.73 2.38 3.16 2.54
2.64 2.31 3.4 2.71
2.67 2.23 3.38 2.61
2.63 2.14 3.53 2.67
2.62 2.19 3.44 2.63
2.63 2.22 3.58 2.8
2.61 2.01 3.7 2.71
2.58 2.04 3.6 2.64
2.59 1.93 3.72 2.65
2.74 1.93 3.57 2.5
2.61 2.03 3.54 2.57
2.48 2.04 3.58 2.62
2.64 2.19 3.37 2.56
2.68 2.02 3.73 2.75
2.59 2.06 3.39 2.45
2.64 1.99 3.62 2.61
2.66 2.17 3.34 2.51
2.55 2.31 3.28 2.59
2.58 2.02 3.66 2.68
2.52 2.04 3.66 2.7
2.66 2.24 3.47 2.71
2.66 2.08 3.46 2.54
2.55 2.08 3.56 2.64
2.58 2.08 3.55 2.63
2.64 2.06 3.49 2.55
2.66 2.09 3.53 2.62
2.6 1.79 3.81 2.6
2.59 2.14 3.61 2.75
2.57 2.14 3.44 2.58
2.63 1.93 3.62 2.55
2.55 1.86 3.77 2.63
2.72 2.1 3.39 2.49
2.65 2.45 3.25 2.7
2.57 2.11 3.51 2.62
2.57 2.07 3.44 2.51
2.53 2.03 3.62 2.65
2.54 2.18 3.39 2.57
2.68 2.19 3.36 2.55
2.55 2.02 3.57 2.59
2.58 2.24 3.39 2.63
2.66 2.14 3.55 2.69
2.52 2.01 3.49 2.5
2.76 2.2 3.28 2.48
2.52 1.94 3.66 2.6
2.65 2.14 3.51 2.65
2.62 2.11 3.53 2.64
2.63 2.02 3.69 2.71
2.7 2.33 3.26 2.59
2.68 2.04 3.64 2.68
2.51 2.01 3.64 2.65
2.55 1.88 3.73 2.61
2.63 2.17 3.38 2.55
2.67 2.0 3.53 2.53
2.63 2.23 3.29 2.52
2.53 1.91 3.88 2.79
2.57 2.26 3.29 2.55
2.62 2.15 3.57 2.72
2.66 2.22 3.44 2.66
2.56 2.15 3.47 2.62
2.71 2.14 3.5 2.64
2.48 1.9 3.72 2.62
2.58 2.23 3.44 2.67
2.56 2.25 3.23 2.48
2.6 2.0 3.65 2.65
2.53 1.75 3.88 2.63
2.57 1.99 3.69 2.68
2.63 2.14 3.54 2.68
2.67 2.23 3.51 2.74
2.49 1.92 3.74 2.66
2.65 2.04 3.68 2.72
2.51 2.07 3.55 2.62
2.64 2.33 3.36 2.69
2.67 2.12 3.35 2.47
2.66 2.2 3.52 2.72
2.59 2.29 3.33 2.62
2.7 2.07 3.58 2.65
2.64 2.02 3.46 2.48
2.64 2.04 3.49 2.53
2.62 2.21 3.6 2.81
2.57 2.09 3.61 2.7
2.53 1.99 3.75 2.74
2.78 2.1 3.35 2.45
2.49 2.11 3.57 2.68
2.67 2.12 3.54 2.66
2.69 2.07 3.53 2.6
2.6 2.1 3.58 2.68
2.62 2.05 3.61 2.66
2.53 1.97 3.74 2.71
2.59 2.02 3.57 2.59
2.51 1.95 3.71 2.66
2.63 2.1 3.47 2.57
2.61 1.83 3.83 2.66
2.55 2.06 3.53 2.59
2.47 2.16 3.53 2.69
2.69 2.19 3.53 2.72
2.54 1.97 3.65 2.62
2.7 2.1 3.45 2.55
2.64 2.27 3.28 2.55
2.59 2.24 3.37 2.61
2.51 1.91 3.73 2.64
2.59 1.93 3.63 2.56
2.64 2.18 3.51 2.69
2.6 2.23 3.33 2.56
2.65 2.14 3.4 2.54
2.57 1.97 3.74 2.71
2.73 2.08 3.43 2.51
2.67 2.21 3.31 2.52
2.6 2.08 3.54 2.62
2.68 2.43 3.23 2.66
2.6 2.11 3.52 2.63
2.66 2.13 3.44 2.57
2.6 2.06 3.54 2.6
2.61 2.25 3.27 2.52
2.53 2.07 3.51 2.58
2.64 2.12 3.51 2.63
2.6 1.79 3.83 2.62
2.61 1.92 3.79 2.71
2.61 2.12 3.43 2.55
2.47 2.08 3.67 2.75
2.55 2.18 3.39 2.57
2.53 1.92 3.62 2.54
2.63 2.0 3.55 2.55
2.61 2.29 3.28 2.57
2.66 2.02 3.65 2.67
2.62 2.24 3.41 2.65
2.59 1.87 3.72 2.59
2.62 1.98 3.57 2.55
2.61 2.0 3.49 2.49
2.42 1.87 3.73 2.6
2.57 2.11 3.41 2.52
2.67 2.24 3.35 2.59
2.68 2.11 3.53 2.64
2.66 2.26 3.36 2.62
2.67 2.17 3.42 2.59
2.57 2.31 3.28 2.59
2.67 2.01 3.64 2.65
2.64 2.17 3.39 2.56
2.63 2.33 3.34 2.67
2.61 2.17 3.33 2.5
2.51 2.12 3.54 2.66
2.64 2.06 3.62 2.68
2.59 2.24 3.42 2.66
2.64 2.11 3.53 2.64
2.61 2.23 3.42 2.65
2.55 1.92 3.66 2.58
2.59 2.06 3.52 2.58
2.66 2.05 3.5 2.55
2.69 2.16 3.38 2.54
2.63 2.15 3.59 2.74
2.55 2.18 3.59 2.77
2.76 2.21 3.3 2.51
2.51 1.87 3.8 2.67
2.65 2.18 3.4 2.58
2.69 2.03 3.57 2.6
2.56 2.2 3.48 2.68
2.71 2.19 3.43 2.62
2.65 2.1 3.54 2.64
2.62 2.39 3.25 2.64
2.53 2.07 3.66 2.73
2.45 2.05 3.5 2.55
2.66 2.15 3.57 2.72
2.64 2.15 3.5 2.65
2.62 1.94 3.7 2.64
2.6 2.03 3.52 2.55
2.76 2.31 3.27 2.58
2.66 1.97 3.58 2.55
2.64 2.19 3.49 2.68
2.67 2.22 3.44 2.66
2.66 2.11 3.47 2.58
2.55 1.99 3.77 2.76
2.58 2.25 3.53 2.78
2.46 1.95 3.8 2.75
2.58 2.09 3.53 2.62
2.63 2.3 3.25 2.55
2.55 2.2 3.37 2.57
2.61 2.06 3.61 2.67
2.62 1.96 3.59 2.55
2.52 1.99 3.64 2.63
2.6 1.97 3.63 2.6
2.54 1.91 3.82 2.73
2.67 2.08 3.65 2.73
2.53 2.15 3.48 2.63
2.61 1.99 3.62 2.61
2.71 2.07 3.58 2.65
2.62 1.91 3.67 2.58
2.66 2.11 3.47 2.58
2.54 1.85 3.74 2.59
2.55 2.11 3.51 2.62
2.58 1.99 3.51 2.5
2.63 2.25 3.4 2.65
2.58 2.06 3.56 2.62
2.64 2.2 3.43 2.63
2.61 2.21 3.41 2.62
2.58 2.07 3.6 2.67
2.53 2.02 3.68 2.7
2.74 2.27 3.33 2.6
2.62 2.13 3.43 2.56
2.61 2.02 3.57 2.59
2.64 2.03 3.5 2.53
2.53 2.11 3.56 2.67
2.66 2.19 3.34 2.53
2.68 2.11 3.42 2.53
2.69 1.93 3.59 2.52
2.67 2.18 3.37 2.55
2.67 2.08 3.31 2.39
2.7 2.18 3.37 2.55
2.64 2.11 3.45 2.56
2.55 2.07 3.54 2.61
2.64 2.12 3.42 2.54
2.63 1.88 3.73 2.61
2.65 2.48 3.16 2.64
2.69 2.19 3.49 2.68
2.67 2.08 3.45 2.53
2.6 2.17 3.46 2.63
2.65 2.1 3.57 2.67
2.63 2.28 3.54 2.82
2.57 2.06 3.64 2.7
2.64 2.01 3.67 2.68
2.7 2.1 3.54 2.64
2.63 2.22 3.38 2.6
2.5 1.99 3.69 2.68
2.6 2.04 3.41 2.45
2.65 2.23 3.36 2.59
2.63 2.27 3.25 2.52
2.72 2.11 3.33 2.44
2.59 2.18 3.51 2.69
2.69 2.17 3.41 2.58
2.59 2.36 3.18 2.54
2.57 1.89 3.68 2.57
2.64 2.1 3.36 2.46
2.66 2.26 3.36 2.62
2.58 1.98 3.59 2.57
2.55 2.13 3.46 2.59
2.63 2.14 3.5 2.64
2.59 2.15 3.5 2.65
2.56 2.09 3.6 2.69
2.51 2.1 3.59 2.69
2.65 2.13 3.58 2.71
2.79 2.27 3.29 2.56
2.53 2.06 3.67 2.73
2.63 2.1 3.49 2.59
2.57 2.14 3.42 2.56
2.55 1.95 3.69 2.64
2.59 2.1 3.64 2.74
2.69 2.26 3.42 2.68
2.48 2.08 3.76 2.84
2.61 2.16 3.42 2.58
2.64 1.99 3.64 2.63
2.56 1.91 3.74 2.65
2.57 2.12 3.61 2.73
2.66 2.4 3.15 2.55
2.56 2.14 3.7 2.84
2.6 2.29 3.24 2.53
2.61 1.82 3.9 2.72
2.63 2.03 3.51 2.54
2.67 2.14 3.48 2.62
2.68 2.16 3.41 2.57
2.63 1.92 3.61 2.53
2.58 2.16 3.51 2.67
2.61 2.09 3.52 2.61
2.59 2.07 3.62 2.69
2.66 2.19 3.39 2.58
2.64 1.93 3.67 2.6
2.5 1.89 3.68 2.57
2.71 2.25 3.44 2.69
2.59 2.21 3.45 2.66
2.64 2.11 3.6 2.71
2.43 1.9 3.79 2.69
2.65 2.04 3.63 2.67
2.67 2.28 3.31 2.59
2.66 2.14 3.43 2.57
2.53 2.06 3.73 2.79
2.55 2.06 3.54 2.6
2.65 2.17 3.3 2.47
2.64 2.45 3.34 2.79
2.6 2.14 3.44 2.58
2.69 2.33 3.27 2.6
2.69 2.07 3.39 2.46
2.53 2.22 3.58 2.8
2.75 2.37 3.17 2.54
2.69 2.1 3.37 2.47
2.57 1.87 3.71 2.58
2.67 2.06 3.66 2.72
2.71 2.31 3.33 2.64
2.59 2.17 3.31 2.48
2.62 2.11 3.64 2.75
2.62 2.27 3.37 2.64
2.64 1.92 3.78 2.7
2.58 2.01 3.64 2.65
2.57 2.21 3.51 2.72
2.53 2.21 3.43 2.64
2.58 2.17 3.44 2.61
2.74 2.23 3.35 2.58
2.61 2.11 3.67 2.78
2.73 2.25 3.38 2.63
2.7 2.03 3.64 2.67
2.6 2.21 3.35 2.56
2.61 1.86 3.73 2.59
2.75 2.2 3.36 2.56
2.64 1.87 3.78 2.65
2.6 2.09 3.54 2.63
2.63 2.04 3.54 2.58
2.61 2.12 3.56 2.68
2.62 2.14 3.48 2.62
2.62 2.13 3.6 2.73
2.62 2.09 3.57 2.66
2.49 2.17 3.48 2.65
2.56 2.08 3.46 2.54
2.62 2.19 3.47 2.66
2.61 2.03 3.42 2.45
2.67 2.01 3.59 2.6
2.48 1.97 3.71 2.68
2.63 2.17 3.36 2.53
2.62 2.16 3.45 2.61
2.63 2.01 3.59 2.6
2.58 2.04 3.62 2.66
2.67 2.26 3.23 2.49
2.56 2.05 3.55 2.6
2.61 1.95 3.84 2.79
2.66 1.97 3.67 2.64
2.59 1.92 3.72 2.64
2.78 2.41 3.14 2.55
2.55 1.99 3.69 2.68
2.64 2.21 3.32 2.53
2.67 2.19 3.53 2.72
2.66 2.04 3.57 2.61
2.56 1.95 3.62 2.57
2.58 2.26 3.21 2.47
2.6 2.27 3.43 2.7
2.64 2.06 3.55 2.61
2.62 2.13 3.41 2.54
2.57 2.09 3.63 2.72
2.65 1.65 3.97 2.62
2.62 2.15 3.55 2.7
2.54 2.19 3.54 2.73
2.61 2.05 3.39 2.44
2.64 2.28 3.26 2.54
2.73 2.38 3.16 2.54
2.57 2.1 3.43 2.53
2.65 2.12 3.46 2.58
2.55 1.95 3.73 2.68
2.66 2.11 3.53 2.64
2.62 2.05 3.62 2.67
2.61 2.09 3.6 2.69
2.62 1.83 3.79 2.62
2.63 2.23 3.37 2.6
2.58 1.96 3.71 2.67
2.62 2.19 3.49 2.68
2.59 2.12 3.63 2.75
2.56 2.02 3.7 2.72
2.56 2.02 3.63 2.65
2.66 2.28 3.27 2.55
2.56 1.8 3.99 2.79
2.65 2.13 3.5 2.63
2.51 1.89 3.7 2.59
2.57 1.87 3.71 2.58
2.73 2.55 2.93 2.48
2.58 2.07 3.6 2.67
2.7 1.89 3.61 2.5
2.66 1.95 3.56 2.51
2.71 2.19 3.37 2.56
2.63 2.31 3.38 2.69
2.6 2.14 3.45 2.59
2.54 1.76 3.88 2.64
2.63 2.28 3.34 2.62
2.78 2.28 3.19 2.47
2.52 1.94 3.83 2.77
2.62 1.91 3.57 2.48
2.6 2.08 3.43 2.51
2.54 2.17 3.6 2.77
2.58 2.0 3.57 2.57
2.51 1.91 3.76 2.67
2.64 2.0 3.75 2.75
2.57 2.13 3.61 2.74
2.59 2.05 3.57 2.62
2.57 1.88 3.91 2.79
2.65 2.44 3.15 2.59
2.49 1.95 3.83 2.78
2.61 2.16 3.53 2.69
2.66 2.12 3.4 2.52
2.6 2.08 3.49 2.57
2.7 2.1 3.37 2.47
2.66 2.29 3.26 2.55
2.66 2.31 3.37 2.68
2.6 2.05 3.43 2.48
2.55 1.94 3.59 2.53
2.55 2.11 3.5 2.61
2.77 2.4 3.09 2.49
2.64 2.12 3.26 2.38
2.63 2.07 3.46 2.53
2.66 2.26 3.32 2.58
2.66 2.18 3.5 2.68
2.61 2.08 3.39 2.47
2.68 2.4 3.2 2.6
2.64 2.13 3.47 2.6
2.69 2.08 3.5 2.58
2.62 2.19 3.47 2.66
2.58 2.05 3.39 2.44
2.64 1.97 3.75 2.72
2.53 2.02 3.55 2.57
2.55 2.0 3.58 2.58
2.53 2.16 3.57 2.73
2.6 2.02 3.59 2.61
2.78 2.21 3.42 2.63
2.6 2.13 3.63 2.76
2.57 2.14 3.53 2.67
2.71 2.3 3.28 2.58
2.61 2.1 3.59 2.69
2.6 2.11 3.39 2.5
2.65 2.09 3.58 2.67
2.68 2.24 3.34 2.58
2.45 1.9 3.71 2.61
2.58 2.26 3.52 2.78
2.71 2.24 3.41 2.65
2.58 1.94 3.67 2.61
2.59 1.9 3.78 2.68
2.56 2.21 3.51 2.72
2.63 2.34 3.37 2.71
2.69 2.19 3.52 2.71
2.64 2.17 3.54 2.71
2.54 2.03 3.54 2.57
2.67 2.18 3.43 2.61
2.56 2.05 3.55 2.6
2.66 2.37 3.37 2.74
2.59 2.2 3.34 2.54
2.55 2.05 3.55 2.6
2.69 2.29 3.46 2.75
2.58 1.97 3.59 2.56
2.71 2.18 3.48 2.66
2.66 2.21 3.52 2.73
2.51 1.96 3.85 2.81
2.73 2.17 3.28 2.45
2.58 1.75 3.81 2.56
2.72 2.23 3.29 2.52
2.65 2.22 3.28 2.5
2.67 2.11 3.55 2.66
2.68 2.19 3.45 2.64
2.61 1.95 3.61 2.56
2.67 2.24 3.29 2.53
2.71 2.39 3.25 2.64
2.69 2.18 3.44 2.62
2.65 2.3 3.35 2.65
2.73 2.31 3.22 2.53
2.66 2.09 3.52 2.61
2.52 1.96 3.67 2.63
2.69 2.32 3.32 2.64
2.75 2.23 3.28 2.51
2.58 2.05 3.55 2.6
2.52 2.01 3.52 2.53
2.6 2.17 3.46 2.63
2.58 2.23 3.42 2.65
2.58 2.22 3.42 2.64
2.66 2.18 3.3 2.48
2.55 2.07 3.69 2.76
2.65 2.34 3.25 2.59
2.64 2.05 3.5 2.55
2.54 1.98 3.78 2.76
2.63 2.41 3.29 2.7
2.65 2.17 3.51 2.68
2.68 2.16 3.51 2.67
2.64 2.2 3.5 2.7
2.54 2.28 3.52 2.8
2.62 2.07 3.57 2.64
2.58 1.95 3.58 2.53
2.71 2.39 3.25 2.64
2.69 2.1 3.49 2.59
2.7 2.22 3.48 2.7
2.65 2.05 3.53 2.58
2.63 1.88 3.87 2.75
2.57 2.19 3.52 2.71
2.56 2.18 3.47 2.65
2.52 1.93 3.55 2.48
2.6 2.03 3.63 2.66
2.48 1.89 3.73 2.62
2.6 2.27 3.3 2.57
2.69 2.21 3.46 2.67
2.67 2.26 3.25 2.51
2.52 1.99 3.81 2.8
2.61 2.03 3.61 2.64
2.53 1.86 3.65 2.51
2.66 2.04 3.55 2.59
2.52 1.79 3.93 2.72
2.71 2.25 3.33 2.58
2.58 2.12 3.5 2.62
2.61 1.97 3.74 2.71
2.56 2.09 3.54 2.63
2.56 2.06 3.65 2.71
2.6 1.92 3.7 2.62
2.6 1.94 3.55 2.49
2.64 2.14 3.51 2.65
2.71 2.19 3.4 2.59
2.64 2.3 3.42 2.72
2.49 2.01 3.69 2.7
2.67 2.26 3.26 2.52
2.71 2.1 3.4 2.5
2.64 2.23 3.33 2.56
2.64 1.86 3.69 2.55
2.61 2.24 3.35 2.59
2.62 2.05 3.57 2.62
2.52 1.74 3.77 2.51
2.63 2.27 3.31 2.58
2.66 2.28 3.42 2.7
2.59 2.09 3.6 2.69
2.48 2.05 3.48 2.53
2.66 2.04 3.63 2.67
2.68 2.04 3.64 2.68
2.67 2.13 3.52 2.65
2.7 2.2 3.31 2.51
2.7 2.12 3.51 2.63
2.67 1.84 3.82 2.66
2.56 1.98 3.62 2.6
2.63 2.05 3.63 2.68
2.59 2.17 3.32 2.49
2.65 2.22 3.37 2.59
2.6 1.97 3.53 2.5
2.68 2.04 3.61 2.65
2.75 2.53 3.2 2.73
2.57 2.14 3.5 2.64
2.6 1.99 3.68 2.67
2.6 1.96 3.68 2.64
2.62 2.21 3.51 2.72
2.63 2.12 3.34 2.46
2.61 1.86 3.76 2.62
2.61 2.0 3.62 2.62
2.68 2.24 3.33 2.57
2.6 2.2 3.45 2.65
2.63 2.3 3.43 2.73
2.56 2.28 3.29 2.57
2.64 2.16 3.54 2.7
2.66 2.26 3.4 2.66
2.72 2.14 3.42 2.56
2.62 2.11 3.59 2.7
2.62 1.94 3.71 2.65
2.65 2.15 3.44 2.59
2.62 2.21 3.46 2.67
2.57 2.25 3.32 2.57
2.57 2.2 3.42 2.62
2.64 2.08 3.62 2.7
2.61 2.25 3.17 2.42
2.57 2.13 3.53 2.66
2.57 2.25 3.46 2.71
2.55 1.98 3.62 2.6
2.62 2.12 3.47 2.59
2.48 2.02 3.6 2.62
2.56 1.97 3.58 2.55
2.67 2.23 3.35 2.58
2.67 2.2 3.25 2.45
2.62 2.22 3.47 2.69
2.56 2.02 3.7 2.72
2.61 1.96 3.66 2.62
2.58 1.96 3.54 2.5
2.61 2.17 3.4 2.57
2.55 2.07 3.56 2.63
2.5 1.8 3.83 2.63
2.66 2.23 3.37 2.6
2.58 1.91 3.77 2.68
2.62 1.94 3.74 2.68
2.63 2.06 3.56 2.62
2.55 2.08 3.59 2.67
2.66 2.05 3.54 2.59
2.59 2.07 3.51 2.58
2.7 2.22 3.36 2.58
2.63 1.99 3.62 2.61
2.61 1.93 3.63 2.56
2.55 2.25 3.39 2.64
2.69 2.14 3.4 2.54
2.56 2.09 3.49 2.58
2.63 1.85 3.69 2.54
2.61 2.32 3.42 2.74
2.71 2.0 3.65 2.65
2.53 1.89 3.65 2.54
2.62 2.06 3.61 2.67
2.66 2.48 3.26 2.74
2.55 2.15 3.4 2.55
2.62 2.25 3.32 2.57
2.55 2.03 3.52 2.55
2.66 2.32 3.25 2.57
2.6 2.18 3.56 2.74
2.78 2.47 3.19 2.66
2.63 2.15 3.38 2.53
2.46 1.81 3.89 2.7
2.6 2.31 3.26 2.57
2.65 1.96 3.57 2.53
2.5 2.03 3.62 2.65
2.69 2.34 3.19 2.53
2.6 2.13 3.54 2.67
2.46 2.0 3.67 2.67
2.57 2.0 3.53 2.53
2.61 2.1 3.51 2.61
2.61 2.22 3.49 2.71
2.58 2.25 3.36 2.61
2.59 2.22 3.3 2.52
2.58 2.16 3.46 2.62
2.58 2.11 3.5 2.61
2.56 2.12 3.46 2.58
2.61 2.09 3.54 2.63
2.68 2.36 3.21 2.57
2.62 2.12 3.52 2.64
2.61 2.18 3.5 2.68
2.57 2.17 3.58 2.75
2.79 2.19 3.4 2.59
2.53 1.9 3.76 2.66
2.74 2.55 3.0 2.55
2.48 1.74 3.85 2.59
2.63 2.0 3.63 2.63
2.65 2.26 3.33 2.59
2.6 1.83 3.72 2.55
2.68 2.15 3.41 2.56
2.59 2.12 3.62 2.74
2.72 2.19 3.48 2.67
2.58 2.11 3.58 2.69
2.58 1.99 3.73 2.72
2.61 2.19 3.38 2.57
2.58 2.16 3.46 2.62
2.7 2.15 3.35 2.5
2.6 2.2 3.39 2.59
2.54 2.24 3.56 2.8
2.5 2.15 3.46 2.61
2.67 2.16 3.45 2.61
2.65 2.05 3.54 2.59
2.65 2.03 3.62 2.65
2.6 2.14 3.45 2.59
2.67 2.04 3.53 2.57
2.74 2.52 3.19 2.71
2.55 2.03 3.54 2.57
2.66 2.19 3.45 2.64
2.55 1.89 3.79 2.68
2.64 2.01 3.55 2.56
2.55 1.96 3.55 2.51
2.58 2.02 3.47 2.49
2.58 2.16 3.55 2.71
2.63 2.08 3.49 2.57
2.62 1.91 3.83 2.74
2.67 2.22 3.3 2.52
2.58 2.2 3.51 2.71
2.55 2.03 3.56 2.59
2.64 2.02 3.64 2.66
2.73 2.43 3.04 2.47
2.61 2.32 3.34 2.66
2.48 2.02 3.63 2.65
2.69 2.29 3.48 2.77
2.69 2.08 3.6 2.68
2.58 2.25 3.44 2.69
2.72 2.23 3.34 2.57
2.62 2.14 3.52 2.66
2.57 2.12 3.53 2.65
2.61 2.01 3.46 2.47
2.66 2.18 3.32 2.5
2.65 2.22 3.3 2.52
2.71 2.17 3.26 2.43
2.54 1.99 3.57 2.56
2.61 1.87 3.62 2.49
2.58 2.08 3.56 2.64
2.78 2.11 3.43 2.54
2.64 2.06 3.52 2.58
2.66 2.3 3.29 2.59
2.64 2.1 3.55 2.65
2.65 2.1 3.49 2.59
2.45 2.03 3.7 2.73
2.67 2.3 3.29 2.59
2.65 2.33 3.23 2.56
2.57 2.03 3.56 2.59
2.56 1.98 3.69 2.67
2.69 2.15 3.3 2.45
2.7 2.13 3.52 2.65
2.58 2.24 3.35 2.59
2.71 2.15 3.37 2.52
2.53 2.05 3.52 2.57
2.5 1.97 3.77 2.74
2.6 2.2 3.51 2.71
2.67 2.06 3.45 2.51
2.59 2.06 3.56 2.62
2.59 2.18 3.48 2.66
2.55 1.97 3.61 2.58
2.61 2.02 3.67 2.69
2.65 2.12 3.48 2.6
2.61 2.08 3.55 2.63
2.65 2.14 3.49 2.63
2.59 2.15 3.61 2.76
2.58 2.07 3.43 2.5
2.55 1.89 3.71 2.6
2.64 2.18 3.51 2.69
2.62 2.21 3.51 2.72
2.67 2.28 3.4 2.68
2.56 1.96 3.69 2.65
2.54 2.06 3.59 2.65
2.69 2.4 3.37 2.77
2.53 2.02 3.53 2.55
2.69 2.12 3.49 2.61
2.64 1.96 3.57 2.53
2.6 2.05 3.52 2.57
2.55 1.93 3.63 2.56
2.66 2.11 3.62 2.73
2.68 2.4 3.38 2.78
2.63 2.3 3.37 2.67
2.65 2.27 3.34 2.61
2.62 2.09 3.6 2.69
2.66 2.34 3.27 2.61
2.61 2.05 3.42 2.47
2.63 2.21 3.48 2.69
2.58 2.17 3.44 2.61
2.49 1.97 3.71 2.68
2.56 2.21 3.38 2.59
2.58 2.2 3.44 2.64
2.68 2.07 3.55 2.62
2.62 2.21 3.4 2.61
2.73 2.03 3.56 2.59
2.55 2.02 3.7 2.72
2.66 2.13 3.45 2.58
2.7 2.36 3.42 2.78
2.51 2.08 3.73 2.81
2.61 2.17 3.44 2.61
2.66 2.11 3.52 2.63
2.66 2.45 3.29 2.74
2.53 2.11 3.52 2.63
2.63 2.06 3.71 2.77
2.62 2.09 3.5 2.59
2.66 2.23 3.37 2.6
2.64 2.14 3.51 2.65
2.46 1.98 3.62 2.6
2.73 2.32 3.3 2.62
2.59 1.99 3.65 2.64
2.64 2.23 3.54 2.77
2.61 2.1 3.5 2.6
2.63 1.86 3.68 2.54
2.62 1.97 3.65 2.62
2.71 2.34 3.19 2.53
2.67 1.96 3.76 2.72
2.64 2.09 3.32 2.41
2.64 2.08 3.58 2.66
2.61 2.2 3.27 2.47
2.58 2.15 3.43 2.58
2.53 1.97 3.64 2.61
2.52 2.07 3.48 2.55
2.59 2.0 3.48 2.48
2.66 2.26 3.39 2.65
2.56 1.88 3.73 2.61
2.59 2.05 3.47 2.52
2.72 2.58 3.15 2.73
2.67 2.32 3.28 2.6
2.64 2.31 3.29 2.6
2.67 2.0 3.45 2.45
2.66 2.27 3.45 2.72
2.68 2.14 3.36 2.5
2.68 2.32 3.41 2.73
2.64 2.33 3.36 2.69
2.69 2.2 3.33 2.53
2.4 1.78 4.05 2.83
2.69 2.29 3.2 2.49
2.67 2.02 3.51 2.53
2.58 2.25 3.56 2.81
2.59 2.18 3.55 2.73
2.68 2.3 3.2 2.5
2.58 2.05 3.6 2.65
2.62 2.11 3.46 2.57
2.6 2.42 3.24 2.66
2.7 2.16 3.62 2.78
2.63 2.24 3.13 2.37
2.61 2.16 3.49 2.65
2.69 2.39 3.24 2.63
2.61 1.98 3.57 2.55
2.63 2.18 3.37 2.55
2.58 2.02 3.61 2.63
2.51 2.14 3.56 2.7
2.64 2.13 3.37 2.5
2.68 2.08 3.61 2.69
2.4 1.97 3.77 2.74
2.63 2.23 3.55 2.78
2.64 2.12 3.48 2.6
2.65 2.19 3.41 2.6
2.62 2.1 3.38 2.48
2.66 2.08 3.44 2.52
2.64 2.21 3.43 2.64
2.67 2.2 3.4 2.6
2.59 1.91 3.68 2.59
2.65 2.16 3.56 2.72
2.56 1.98 3.65 2.63
2.69 2.2 3.42 2.62
2.67 1.96 3.67 2.63
2.6 2.1 3.51 2.61
2.66 2.31 3.34 2.65
2.62 2.11 3.49 2.6
2.76 2.29 3.2 2.49
2.66 2.29 3.27 2.56
2.62 2.07 3.57 2.64
2.6 1.87 3.63 2.5
2.7 2.13 3.57 2.7
2.48 2.12 3.68 2.8
2.48 1.89 3.85 2.74
2.52 1.74 3.91 2.65
2.68 1.96 3.57 2.53
2.73 2.25 3.21 2.46
2.65 2.09 3.55 2.64
2.66 2.18 3.43 2.61
2.5 2.18 3.46 2.64
2.61 2.19 3.34 2.53
2.68 2.11 3.49 2.6
2.68 2.18 3.33 2.51
2.69 2.29 3.36 2.65
2.63 2.15 3.36 2.51
2.61 2.01 3.61 2.62
2.73 2.18 3.37 2.55
2.66 2.03 3.49 2.52
2.71 2.05 3.5 2.55
2.65 2.11 3.41 2.52
2.62 2.16 3.5 2.66
2.6 2.37 3.38 2.75
2.65 2.04 3.45 2.49
2.49 2.11 3.51 2.62
2.62 2.21 3.38 2.59
2.75 2.13 3.5 2.63
2.65 2.34 3.32 2.66
2.57 1.97 3.66 2.63
2.66 2.29 3.22 2.51
2.63 2.14 3.45 2.59
2.56 2.13 3.63 2.76
2.63 2.16 3.45 2.61
2.56 2.03 3.51 2.54
2.72 2.37 3.2 2.57
2.7 2.17 3.42 2.59
2.67 1.98 3.75 2.73
2.62 1.98 3.7 2.68
2.63 2.17 3.54 2.71
2.6 2.05 3.59 2.64
2.67 2.25 3.35 2.6
2.56 2.03 3.67 2.7
2.61 2.07 3.69 2.76
2.76 2.42 3.03 2.45
2.75 2.29 3.33 2.62
2.68 2.54 3.21 2.75
2.64 2.41 3.19 2.6
2.64 1.97 3.67 2.64
2.58 2.13 3.35 2.48
2.62 2.17 3.41 2.58
2.65 2.1 3.56 2.66
2.67 2.17 3.38 2.55
2.64 2.12 3.46 2.58
2.72 2.26 3.3 2.56
2.53 2.17 3.49 2.66
2.63 2.18 3.42 2.6
2.73 2.37 3.26 2.63
2.53 1.94 3.61 2.55
2.63 2.19 3.37 2.56
2.66 2.31 3.25 2.56
2.7 2.41 3.22 2.63
2.61 2.1 3.58 2.68
2.63 1.98 3.49 2.47
2.57 2.17 3.47 2.64
2.52 2.13 3.47 2.6
2.73 2.35 3.25 2.6
2.63 1.94 3.69 2.63
2.76 2.35 3.15 2.5
2.59 2.37 3.19 2.56
2.65 2.1 3.47 2.57
2.57 2.07 3.6 2.67
2.54 2.05 3.5 2.55
2.64 2.05 3.51 2.56
2.64 1.99 3.66 2.65
2.59 2.3 3.23 2.53
2.65 1.99 3.6 2.59
2.68 2.38 3.38 2.76
2.62 2.23 3.46 2.69
2.66 2.03 3.43 2.46
2.6 1.98 3.7 2.68
2.6 2.11 3.49 2.6
2.64 2.14 3.46 2.6
2.67 2.21 3.5 2.71
2.61 2.14 3.46 2.6
2.61 2.14 3.47 2.61
2.57 1.89 3.77 2.66
2.65 2.06 3.53 2.59
2.57 2.17 3.34 2.51
2.56 2.1 3.48 2.58
2.68 2.26 3.4 2.66
2.6 2.17 3.44 2.61
2.57 2.16 3.46 2.62
2.67 2.23 3.31 2.54
2.61 2.06 3.64 2.7
2.5 1.88 3.84 2.72
2.72 2.2 3.38 2.58
2.68 2.15 3.5 2.65
2.68 2.13 3.45 2.58
2.6 2.12 3.56 2.68
2.56 2.12 3.51 2.63
2.58 2.11 3.56 2.67
2.65 2.22 3.4 2.62
2.51 1.93 3.71 2.64
2.53 2.12 3.38 2.5
2.59 2.06 3.5 2.56
2.56 1.91 3.7 2.61
2.6 1.83 3.85 2.68
2.51 1.95 3.7 2.65
2.65 2.28 3.4 2.68
2.55 1.81 3.83 2.64
2.66 2.21 3.44 2.65
2.62 2.16 3.53 2.69
2.72 2.33 3.35 2.68
2.58 2.25 3.37 2.62
2.64 2.03 3.62 2.65
2.57 2.11 3.46 2.57
2.72 2.07 3.53 2.6
2.53 2.3 3.32 2.62
2.65 1.97 3.55 2.52
2.69 2.1 3.42 2.52
2.62 2.04 3.52 2.56
2.57 1.99 3.56 2.55
2.67 2.07 3.46 2.53
2.55 2.05 3.49 2.54
2.67 2.22 3.27 2.49
2.63 2.1 3.37 2.47
2.64 2.21 3.49 2.7
2.62 1.92 3.66 2.58
2.54 2.1 3.51 2.61
2.67 2.13 3.37 2.5
2.56 2.13 3.54 2.67
2.59 1.99 3.73 2.72
2.57 2.01 3.64 2.65
2.61 2.08 3.51 2.59
2.61 2.1 3.56 2.66
2.63 2.29 3.37 2.66
2.6 2.06 3.56 2.62
2.59 2.03 3.55 2.58
2.56 1.98 3.65 2.63
2.65 2.07 3.57 2.64
2.49 1.77 3.92 2.69
2.56 1.93 3.64 2.57
2.68 2.22 3.51 2.73
2.7 2.08 3.68 2.76
2.7 2.33 3.39 2.72
2.53 2.08 3.54 2.62
2.66 2.07 3.48 2.55
2.66 2.26 3.24 2.5
2.64 2.15 3.56 2.71
2.63 2.23 3.25 2.48
2.57 2.01 3.66 2.67
2.62 2.34 3.2 2.54
2.72 2.17 3.37 2.54
2.72 2.38 3.0 2.38
2.62 2.09 3.54 2.63
2.65 2.33 3.2 2.53
2.53 1.93 3.71 2.64
2.67 1.99 3.59 2.58
2.69 2.1 3.49 2.59
2.58 1.95 3.84 2.79
2.67 2.26 3.42 2.68
2.64 2.34 3.19 2.53
2.74 2.36 3.22 2.58
2.7 2.16 3.43 2.59
2.61 1.93 3.65 2.58
2.69 2.21 3.36 2.57
2.59 2.0 3.55 2.55
2.64 2.08 3.44 2.52
2.55 1.76 3.81 2.57
2.65 2.27 3.32 2.59
2.68 2.26 3.29 2.55
2.58 1.98 3.61 2.59
2.65 2.15 3.47 2.62
2.6 2.17 3.44 2.61
2.65 2.3 3.16 2.46
2.55 1.8 3.81 2.61
2.5 1.95 3.74 2.69
2.55 2.22 3.36 2.58
2.6 2.15 3.49 2.64
2.58 2.08 3.52 2.6
2.5 2.07 3.48 2.55
2.68 2.11 3.39 2.5
2.65 2.04 3.58 2.62
2.6 2.11 3.52 2.63
2.69 2.13 3.36 2.49
2.66 2.17 3.39 2.56
2.65 2.04 3.55 2.59
2.62 2.1 3.54 2.64
2.48 2.07 3.65 2.72
2.63 2.0 3.51 2.51
2.7 1.96 3.6 2.56
2.56 2.09 3.48 2.57
2.52 1.97 3.7 2.67
2.61 1.95 3.65 2.6
2.65 2.12 3.57 2.69
2.51 1.99 3.56 2.55
2.67 2.37 3.22 2.59
2.55 2.18 3.47 2.65
2.69 2.23 3.19 2.42
2.6 2.16 3.43 2.59
2.54 2.07 3.65 2.72
2.56 1.94 3.71 2.65
2.6 1.97 3.57 2.54
2.64 1.97 3.47 2.44
2.59 2.3 3.42 2.72
2.61 2.15 3.46 2.61
2.65 2.19 3.37 2.56
2.56 2.16 3.45 2.61
2.61 2.18 3.39 2.57
2.56 2.14 3.48 2.62
2.62 2.09 3.52 2.61
2.65 2.27 3.4 2.67
2.57 2.12 3.41 2.53
2.63 2.12 3.56 2.68
2.6 2.01 3.6 2.61
2.57 1.96 3.79 2.75
2.59 2.08 3.42 2.5
2.59 1.88 3.77 2.65
2.59 2.07 3.51 2.58
2.67 2.07 3.5 2.57
2.64 2.18 3.28 2.46
2.56 2.12 3.54 2.66
2.64 1.99 3.53 2.52
2.56 2.01 3.69 2.7
2.53 2.28 3.29 2.57
2.69 2.39 3.11 2.5
2.68 2.41 3.18 2.59
2.57 1.87 3.69 2.56
2.66 2.2 3.34 2.54
2.65 2.25 3.42 2.67
2.59 2.28 3.5 2.78
2.65 2.06 3.45 2.51
2.64 2.19 3.52 2.71
2.6 2.23 3.6 2.83
2.49 1.94 3.88 2.82
2.64 2.14 3.53 2.67
2.58 2.11 3.61 2.72
2.68 2.27 3.29 2.56
2.58 1.93 3.67 2.6
2.55 2.0 3.68 2.68
2.59 2.1 3.42 2.52
2.66 2.18 3.43 2.61
2.59 1.96 3.74 2.7
2.66 1.92 3.6 2.52
2.59 2.06 3.52 2.58
2.65 1.91 3.62 2.53
2.59 1.96 3.58 2.54
2.68 2.22 3.33 2.55
2.71 2.17 3.48 2.65
2.53 2.02 3.65 2.67
2.64 2.14 3.47 2.61
2.6 2.04 3.57 2.61
2.72 2.17 3.38 2.55
2.52 1.85 3.68 2.53
2.66 2.12 3.45 2.57
2.53 1.86 3.97 2.83
2.62 2.34 3.22 2.56
2.54 2.11 3.45 2.56
2.55 2.07 3.48 2.55
2.64 2.05 3.41 2.46
2.74 2.08 3.55 2.63
2.6 2.26 3.35 2.61
2.69 2.1 3.44 2.54
2.68 1.99 3.48 2.47
2.7 2.26 3.17 2.43
2.65 2.19 3.35 2.54
2.75 2.33 3.15 2.48
2.74 2.36 3.22 2.58
2.57 1.92 3.63 2.55
2.68 2.12 3.48 2.6
2.61 2.29 3.4 2.69
2.51 2.0 3.61 2.61
2.68 2.4 3.28 2.68
2.58 2.04 3.59 2.63
2.71 2.21 3.48 2.69
2.56 2.05 3.58 2.63
2.64 2.08 3.63 2.71
2.68 2.08 3.49 2.57
2.63 2.17 3.53 2.7
2.63 2.12 3.61 2.73
2.57 2.16 3.49 2.65
2.59 2.19 3.4 2.59
2.67 2.15 3.47 2.62
2.64 2.17 3.43 2.6
2.62 2.22 3.44 2.66
2.61 1.92 3.59 2.51
2.66 2.05 3.62 2.67
2.51 1.99 3.54 2.53
2.57 1.82 3.87 2.69
2.57 2.01 3.57 2.58
2.61 2.25 3.39 2.64
2.61 2.24 3.41 2.65
2.64 2.05 3.44 2.49
2.59 2.2 3.49 2.69
2.48 2.09 3.67 2.76
2.63 2.26 3.45 2.71
2.65 1.95 3.62 2.57
2.76 2.36 3.13 2.49
2.65 2.09 3.55 2.64
2.72 2.03 3.51 2.54
2.54 2.12 3.45 2.57
2.59 2.14 3.5 2.64
2.6 2.16 3.29 2.45
2.72 2.2 3.39 2.59
2.67 1.94 3.75 2.69
2.6 2.11 3.54 2.65
2.57 1.94 3.59 2.53
2.71 2.4 3.23 2.63
2.71 2.3 3.24 2.54
2.63 2.19 3.44 2.63
2.65 2.26 3.34 2.6
2.64 1.91 3.87 2.78
2.63 2.33 3.36 2.69
2.6 1.89 3.7 2.59
2.59 2.29 3.23 2.52
2.59 2.08 3.58 2.66
2.56 1.98 3.62 2.6
2.65 2.06 3.6 2.66
2.66 2.24 3.4 2.64
2.6 2.04 3.35 2.39
2.51 2.2 3.43 2.63
2.6 1.92 3.8 2.72
2.63 2.2 3.33 2.53
2.53 1.85 3.82 2.67
2.66 2.16 3.41 2.57
2.615934 2.114108 3.50144 2.615548
