4.02 1.58 3.1 2.68
4.3 1.82 2.7 2.52
4.24 1.62 2.72 2.34
4.32 1.84 2.72 2.56
4.06 1.4 3.12 2.52
3.86 1.44 3.3 2.74
4.02 1.46 3.1 2.56
3.82 1.7 2.96 2.66
3.94 1.6 3.0 2.6
4.36 1.58 2.9 2.48
4.14 1.74 2.86 2.6
3.9 1.74 2.96 2.7
4.34 1.8 2.74 2.54
4.18 1.72 3.04 2.76
4.2 1.52 3.0 2.52
3.96 1.38 3.36 2.74
3.98 1.66 3.08 2.74
4.16 1.84 2.62 2.46
4.16 1.66 2.98 2.64
4.26 1.7 2.86 2.56
4.04 1.48 3.14 2.62
4.18 1.6 2.88 2.48
4.28 1.46 2.96 2.42
4.16 1.66 3.06 2.72
4.32 1.78 3.02 2.8
4.2 1.74 2.9 2.64
4.22 1.64 2.98 2.62
3.98 1.66 3.02 2.68
4.04 1.7 2.9 2.6
4.04 1.7 3.2 2.9
4.32 1.7 2.86 2.56
4.34 1.76 2.88 2.64
4.3 1.74 2.82 2.56
4.18 1.7 2.66 2.36
4.2 1.66 2.8 2.46
4.04 1.44 3.12 2.56
4.06 1.6 3.04 2.64
4.28 1.72 2.84 2.56
4.1 1.66 2.9 2.56
4.26 1.54 2.94 2.48
4.08 1.56 3.14 2.7
4.14 1.78 2.8 2.58
4.0 1.62 3.02 2.64
4.16 1.5 2.98 2.48
3.88 1.28 3.52 2.8
4.02 1.62 3.32 2.94
4.08 1.4 3.1 2.5
4.44 1.7 2.68 2.38
4.1 1.72 2.88 2.6
4.04 1.62 2.94 2.56
4.16 1.68 2.88 2.56
4.26 1.9 2.48 2.38
4.08 1.48 3.18 2.66
3.92 1.6 2.94 2.54
4.26 1.62 2.92 2.54
4.26 1.64 2.82 2.46
4.16 1.46 3.14 2.6
4.04 1.42 3.26 2.68
4.26 1.7 2.8 2.5
3.94 1.48 3.08 2.56
3.92 1.46 3.04 2.5
3.92 1.5 3.44 2.94
4.12 1.66 3.04 2.7
4.08 1.52 3.06 2.58
4.26 1.66 2.9 2.56
4.18 1.56 2.94 2.5
4.24 1.56 3.14 2.7
3.96 1.48 2.96 2.44
4.06 1.36 3.14 2.5
4.32 1.7 2.9 2.6
4.0 1.54 3.12 2.66
4.34 1.74 2.92 2.66
4.44 1.7 2.8 2.5
4.18 1.5 3.28 2.78
4.16 1.82 2.72 2.54
4.08 1.48 2.92 2.4
3.8 1.44 3.1 2.54
4.2 1.84 2.76 2.6
4.28 1.62 2.98 2.6
3.96 1.38 3.36 2.74
4.16 1.98 2.68 2.66
4.1 1.8 2.84 2.64
4.24 1.8 2.78 2.58
4.3 1.78 2.72 2.5
4.14 1.52 3.02 2.54
4.22 1.56 2.86 2.42
4.18 1.6 2.78 2.38
4.6 1.9 2.58 2.48
4.44 1.56 2.96 2.52
4.34 1.74 2.84 2.58
4.08 1.54 3.04 2.58
4.16 1.84 2.86 2.7
4.22 1.52 2.78 2.3
3.96 1.54 3.06 2.6
3.86 1.64 3.08 2.72
4.3 1.48 2.88 2.36
4.36 1.8 2.78 2.58
4.02 1.32 3.26 2.58
4.0 1.84 3.06 2.9
4.34 1.84 2.74 2.58
4.1 1.72 2.94 2.66
4.1 1.38 3.24 2.62
4.3 1.78 2.84 2.62
4.28 1.72 2.94 2.66
4.0 1.6 3.18 2.78
4.36 1.66 2.68 2.34
4.18 1.64 3.0 2.64
3.94 1.54 2.88 2.42
4.3 1.7 2.8 2.5
4.02 1.62 3.16 2.78
4.2 1.8 2.76 2.56
4.36 1.52 2.82 2.34
3.96 1.54 3.08 2.62
4.22 1.6 3.02 2.62
4.18 1.52 2.98 2.5
4.18 1.78 3.0 2.78
3.98 1.46 3.26 2.72
4.2 1.46 2.92 2.38
3.98 1.72 3.04 2.76
4.0 1.44 3.16 2.6
4.36 1.7 2.78 2.48
4.1 1.46 2.92 2.38
4.2 1.72 2.66 2.38
4.02 1.78 2.88 2.66
4.14 1.8 2.84 2.64
4.02 1.42 3.04 2.46
4.2 1.52 3.18 2.7
3.98 1.56 3.0 2.56
4.14 1.66 2.98 2.64
4.16 1.46 2.92 2.38
4.26 1.62 2.7 2.32
4.08 1.58 2.84 2.42
4.34 1.58 2.98 2.56
4.04 1.52 2.9 2.42
4.18 1.54 2.94 2.48
4.24 1.96 2.82 2.78
4.14 1.78 2.68 2.46
4.0 1.66 2.88 2.54
3.84 1.7 2.88 2.58
4.38 1.68 2.62 2.3
4.0 1.5 3.0 2.5
4.08 1.56 2.9 2.46
3.96 1.74 2.96 2.7
4.34 1.58 2.92 2.5
4.0 1.5 3.18 2.68
4.06 1.5 3.16 2.66
4.12 1.5 2.88 2.38
4.04 1.52 3.08 2.6
3.9 1.6 3.22 2.82
4.4 1.64 2.84 2.48
4.14 1.6 2.96 2.56
4.3 1.68 2.76 2.44
4.12 1.76 3.16 2.92
4.14 1.68 3.18 2.86
4.12 1.66 2.96 2.62
4.18 1.76 2.86 2.62
4.26 1.66 2.8 2.46
4.32 1.72 2.9 2.62
4.18 1.78 2.84 2.62
4.12 1.5 3.28 2.78
4.14 1.7 2.86 2.56
4.38 1.68 2.88 2.56
4.06 1.62 2.96 2.58
4.1 1.82 2.86 2.68
4.26 1.52 2.82 2.34
4.16 1.5 2.96 2.46
4.24 1.58 2.92 2.5
4.28 1.68 2.82 2.5
4.04 1.74 2.78 2.52
4.2 1.56 2.84 2.4
3.9 1.46 3.22 2.68
4.34 1.66 2.78 2.44
4.26 1.54 3.14 2.68
4.18 1.7 2.88 2.58
4.2 1.56 2.98 2.54
4.1 1.82 2.84 2.66
4.36 1.52 3.0 2.52
4.02 1.88 2.78 2.66
4.14 1.76 2.74 2.5
4.08 1.76 3.04 2.8
4.28 1.82 2.84 2.66
4.24 1.78 2.62 2.4
4.28 1.36 3.28 2.64
4.24 1.48 3.14 2.62
4.44 1.76 2.76 2.52
4.2 1.56 2.92 2.48
4.06 1.64 2.76 2.4
4.0 1.58 3.22 2.8
4.38 1.54 2.62 2.16
3.92 1.72 2.98 2.7
4.28 1.68 2.66 2.34
4.18 1.46 2.94 2.4
4.44 1.64 3.06 2.7
4.0 1.64 3.0 2.64
3.92 1.46 3.04 2.5
4.0 1.58 3.14 2.72
4.28 1.66 2.66 2.32
4.28 1.74 2.74 2.48
4.16 1.56 2.98 2.54
4.24 1.54 3.04 2.58
4.4 1.82 2.82 2.64
4.1 1.58 2.9 2.48
4.24 1.84 2.74 2.58
4.12 1.78 2.72 2.5
4.16 1.78 2.68 2.46
4.1 1.66 2.74 2.4
4.06 1.72 2.86 2.58
4.48 1.74 2.68 2.42
4.42 1.96 2.7 2.66
4.1 1.48 3.02 2.5
4.2 1.68 2.98 2.66
3.86 1.68 2.94 2.62
4.2 1.62 2.82 2.44
4.22 1.62 2.74 2.36
3.7 1.34 3.4 2.74
4.12 1.88 2.56 2.44
4.22 1.58 2.94 2.52
4.16 1.78 2.86 2.64
4.24 1.62 2.9 2.52
4.16 1.82 2.98 2.8
4.04 1.56 3.18 2.74
4.26 1.68 2.74 2.42
3.94 1.36 3.3 2.66
4.14 1.6 3.02 2.62
3.96 1.46 3.4 2.86
4.36 1.7 2.72 2.42
4.12 1.54 2.96 2.5
4.1 1.62 3.02 2.64
4.08 1.72 2.92 2.64
4.3 1.72 2.7 2.42
4.34 1.84 2.74 2.58
4.28 1.64 2.96 2.6
4.24 1.68 3.06 2.74
3.98 1.48 2.94 2.42
4.2 1.58 3.0 2.58
4.18 1.66 2.9 2.56
4.16 1.56 2.8 2.36
4.12 1.7 2.86 2.56
4.24 1.74 2.78 2.52
4.22 1.58 3.02 2.6
4.12 1.54 3.02 2.56
3.98 1.44 2.98 2.42
4.14 1.58 3.16 2.74
4.2 1.58 2.84 2.42
4.18 1.76 2.84 2.6
4.2 1.68 3.02 2.7
3.96 1.52 3.1 2.62
4.18 1.72 2.94 2.66
4.2 1.64 2.88 2.52
4.18 1.5 2.98 2.48
4.2 1.94 2.6 2.54
4.26 1.7 2.84 2.54
4.14 1.72 2.74 2.46
4.12 1.68 2.94 2.62
4.22 1.52 3.06 2.58
4.08 1.44 3.22 2.66
4.18 1.78 2.86 2.64
4.36 1.84 2.66 2.5
4.12 1.6 3.0 2.6
4.04 1.44 3.16 2.6
3.92 1.42 3.14 2.56
4.52 1.68 2.94 2.62
4.2 1.72 3.1 2.82
3.7 1.46 3.24 2.7
4.24 1.74 2.82 2.56
4.24 1.58 3.0 2.58
4.1 1.56 3.08 2.64
4.14 1.5 3.04 2.54
4.2 1.62 2.9 2.52
4.16 1.44 3.1 2.54
3.94 1.72 2.8 2.52
4.18 1.88 2.76 2.64
4.34 1.88 2.7 2.58
4.02 1.64 3.06 2.7
4.0 1.46 3.18 2.64
4.04 1.72 3.0 2.72
4.46 1.94 2.64 2.58
4.12 1.58 3.08 2.66
4.12 1.76 2.82 2.58
4.26 1.64 2.9 2.54
4.34 1.72 2.94 2.66
4.02 1.64 3.04 2.68
4.0 1.5 3.16 2.66
4.32 1.56 3.1 2.66
4.04 1.52 3.04 2.56
4.2 1.6 3.06 2.66
3.82 1.52 3.06 2.58
4.24 1.82 2.86 2.68
4.32 1.6 3.08 2.68
4.1 1.52 2.98 2.5
4.18 1.52 3.06 2.58
4.12 1.82 3.04 2.86
4.14 1.7 2.94 2.64
4.1 1.56 3.06 2.62
4.14 1.7 2.86 2.56
3.92 1.76 2.72 2.48
4.26 1.64 2.7 2.34
4.18 1.76 2.8 2.56
4.28 1.76 2.8 2.56
4.0 1.56 3.14 2.7
4.2 1.76 2.98 2.74
3.74 1.48 3.24 2.72
4.26 1.68 2.62 2.3
4.34 1.8 2.66 2.46
4.14 1.64 3.06 2.7
4.34 1.72 2.76 2.48
3.88 1.66 2.94 2.6
4.4 1.7 2.84 2.54
4.28 1.64 3.02 2.66
4.18 1.56 2.94 2.5
4.04 1.82 2.98 2.8
4.26 1.66 2.86 2.52
4.06 1.44 3.24 2.68
4.26 1.68 2.76 2.44
4.48 1.84 2.48 2.32
4.18 1.82 2.86 2.68
4.2 1.58 3.22 2.8
4.22 1.6 3.04 2.64
3.82 1.46 3.16 2.62
4.18 1.82 2.84 2.66
3.92 1.62 3.0 2.62
4.16 1.7 2.66 2.36
3.96 1.68 3.1 2.78
4.06 1.72 2.92 2.64
4.22 1.8 2.74 2.54
4.28 1.66 3.0 2.66
4.14 1.58 2.84 2.42
4.46 1.88 2.68 2.56
4.1 1.68 2.9 2.58
4.14 1.36 3.22 2.58
4.34 1.8 2.64 2.44
3.84 1.58 3.28 2.86
4.2 1.72 2.94 2.66
4.42 1.86 2.64 2.5
4.16 1.6 2.86 2.46
4.26 1.56 2.76 2.32
4.3 1.88 2.78 2.66
4.18 1.58 2.98 2.56
4.0 1.62 3.14 2.76
4.38 1.86 2.64 2.5
4.08 1.72 3.08 2.8
4.4 1.92 2.62 2.54
4.18 1.62 2.92 2.54
4.18 1.54 3.06 2.6
4.14 1.66 3.02 2.68
4.1 1.5 3.16 2.66
4.14 1.58 2.82 2.4
4.06 1.46 3.16 2.62
3.88 1.62 3.06 2.68
4.1 1.64 2.78 2.42
4.24 1.56 3.04 2.6
4.54 1.74 2.6 2.34
3.96 2.0 2.76 2.76
4.06 1.54 3.0 2.54
4.2 1.88 2.72 2.6
4.14 1.6 2.94 2.54
4.16 1.7 2.92 2.62
4.18 1.72 2.94 2.66
3.98 1.62 2.96 2.58
4.3 1.66 2.92 2.58
3.94 1.36 3.1 2.46
4.06 1.88 2.88 2.76
4.12 1.68 3.1 2.78
4.16 1.58 3.0 2.58
4.32 1.7 2.72 2.42
4.04 1.6 2.8 2.4
4.16 1.52 3.22 2.74
4.06 1.66 2.98 2.64
4.2 1.7 2.76 2.46
4.12 1.44 3.24 2.68
4.08 1.62 2.94 2.56
4.3 1.9 2.58 2.48
4.02 1.36 3.26 2.62
4.26 1.76 2.64 2.4
4.14 1.42 3.06 2.48
3.9 1.72 3.04 2.76
4.1 1.72 2.92 2.64
4.28 1.7 2.84 2.54
4.24 1.88 2.66 2.54
4.18 1.52 3.2 2.72
4.12 1.5 3.16 2.66
4.48 1.72 2.6 2.32
4.28 1.68 2.86 2.54
4.28 1.68 2.86 2.54
4.4 1.94 2.54 2.48
4.14 1.58 3.02 2.6
4.16 1.7 2.92 2.62
4.26 1.72 2.78 2.5
4.18 1.74 2.98 2.72
4.02 1.66 2.94 2.6
3.96 1.46 3.16 2.62
4.22 1.62 2.88 2.5
4.4 1.72 2.56 2.28
4.3 1.66 2.88 2.54
4.32 1.7 2.78 2.48
4.22 1.72 2.76 2.48
4.12 1.64 3.12 2.76
4.3 1.66 3.1 2.76
4.3 1.7 2.78 2.48
4.0 1.68 2.94 2.62
4.3 1.4 3.06 2.46
4.1 1.52 3.08 2.6
4.18 1.66 2.82 2.48
4.14 1.66 3.02 2.68
4.2 1.66 2.76 2.42
3.9 1.7 2.82 2.52
3.92 1.54 3.1 2.64
3.9 1.86 3.06 2.92
3.98 1.84 2.86 2.7
4.28 1.8 2.8 2.6
3.92 1.4 3.2 2.6
4.18 1.66 2.92 2.58
4.12 1.42 3.16 2.58
4.18 1.54 3.02 2.56
4.14 1.66 3.02 2.68
4.06 1.72 2.98 2.7
4.26 1.6 2.84 2.44
4.42 1.68 2.98 2.66
4.24 1.7 2.56 2.26
3.96 1.52 2.9 2.42
4.14 1.48 3.12 2.6
3.94 1.64 3.06 2.7
4.1 1.58 2.84 2.42
4.2 1.62 2.96 2.58
4.08 1.62 3.12 2.74
4.32 1.56 3.16 2.72
4.08 1.7 3.16 2.86
4.1 1.46 3.06 2.52
4.06 1.52 2.86 2.38
4.24 1.6 2.8 2.4
4.22 1.58 2.82 2.4
4.08 1.58 3.06 2.64
3.86 1.62 3.1 2.72
4.34 1.62 2.8 2.42
4.18 1.72 2.9 2.62
4.0 1.68 2.86 2.54
4.0 1.58 3.02 2.6
4.1 1.6 3.1 2.7
4.1 1.5 3.26 2.76
4.5 1.68 2.86 2.54
4.22 1.62 3.16 2.78
4.08 1.76 2.82 2.58
4.22 1.88 3.0 2.88
4.32 1.58 2.98 2.56
3.88 1.38 3.34 2.72
4.36 1.62 2.74 2.36
4.26 1.72 3.0 2.72
4.32 1.58 2.78 2.36
4.02 1.52 3.16 2.68
3.96 1.5 3.24 2.74
4.22 1.72 2.92 2.64
4.0 1.34 3.22 2.56
4.08 1.4 3.2 2.6
4.36 1.76 2.68 2.44
4.22 1.82 2.78 2.6
3.92 1.62 3.02 2.64
4.4 1.92 2.58 2.5
4.28 1.6 2.8 2.4
3.78 1.44 3.26 2.7
3.92 1.72 3.12 2.84
4.12 1.58 3.06 2.64
4.24 1.4 3.12 2.52
4.24 1.76 2.84 2.6
4.22 1.68 2.9 2.58
4.02 1.56 3.06 2.62
4.16 1.7 2.84 2.54
3.98 1.58 2.92 2.5
4.08 1.66 2.98 2.64
4.42 1.74 2.86 2.6
4.24 1.8 2.6 2.4
3.92 1.48 3.22 2.7
4.08 1.64 2.88 2.52
4.2 1.76 2.68 2.44
4.1 1.66 2.9 2.56
4.1 1.44 3.08 2.52
4.02 1.44 3.4 2.84
4.26 1.58 2.8 2.38
4.32 1.72 2.88 2.6
4.1 1.7 2.98 2.68
4.26 1.8 2.74 2.54
4.28 1.76 2.58 2.34
4.0 1.48 3.18 2.66
4.08 1.66 2.94 2.6
4.18 1.84 2.82 2.66
4.38 1.48 2.86 2.34
4.14 1.6 2.86 2.46
3.98 1.5 3.0 2.5
4.16 1.78 2.68 2.46
4.06 1.92 2.92 2.84
4.0 1.8 3.18 2.98
4.18 1.6 3.02 2.62
4.18 1.56 3.24 2.8
4.28 1.7 2.72 2.42
4.08 1.46 3.04 2.5
3.9 1.58 2.98 2.56
4.14 1.68 2.92 2.6
4.28 1.94 2.7 2.64
4.34 1.5 3.0 2.5
4.1 1.42 3.04 2.46
4.16 1.6 3.0 2.6
4.26 1.9 2.66 2.56
3.92 1.64 2.92 2.56
4.32 1.78 2.78 2.56
4.44 1.54 2.88 2.42
4.04 1.66 3.02 2.68
4.1 1.92 2.94 2.86
4.16 1.82 2.78 2.6
4.24 1.78 2.76 2.54
3.84 1.46 3.42 2.88
4.22 1.5 3.12 2.62
3.98 1.56 2.82 2.38
4.16 1.58 2.84 2.42
4.46 1.86 2.46 2.32
4.24 1.74 2.76 2.5
4.14 1.64 2.92 2.56
3.86 1.8 2.92 2.72
4.08 1.58 3.16 2.74
4.06 1.44 3.44 2.88
4.04 1.66 3.16 2.82
3.74 1.36 3.24 2.6
4.3 1.72 2.8 2.52
4.22 1.5 2.96 2.46
4.26 1.96 2.58 2.54
4.44 1.78 2.62 2.4
4.28 1.72 2.9 2.62
3.98 1.7 2.98 2.68
4.02 1.8 2.86 2.66
4.16 1.58 2.94 2.52
4.18 1.66 2.92 2.58
4.22 1.72 2.84 2.56
3.98 1.36 3.14 2.5
4.32 1.68 2.88 2.56
4.26 1.8 2.84 2.64
4.42 1.74 2.9 2.64
4.08 1.58 2.92 2.5
4.22 1.68 2.94 2.62
4.12 1.74 3.2 2.94
4.16 1.64 3.16 2.8
4.12 1.5 3.28 2.78
4.12 1.76 2.64 2.4
3.98 1.48 3.16 2.64
4.16 1.88 2.92 2.8
4.26 1.74 2.84 2.58
4.34 1.64 3.08 2.72
4.22 1.54 3.14 2.68
4.1 1.7 2.96 2.66
4.36 1.66 2.92 2.58
4.16 1.7 2.74 2.44
4.26 1.6 2.84 2.44
4.16 1.56 2.86 2.42
4.32 1.64 2.84 2.48
4.06 1.98 2.86 2.84
3.82 1.48 3.12 2.6
4.08 1.64 2.82 2.46
4.22 1.5 3.06 2.56
4.18 1.6 2.84 2.44
4.12 1.74 2.88 2.62
3.68 1.58 3.2 2.78
3.88 1.4 3.3 2.7
3.94 1.54 3.12 2.66
4.12 1.66 3.06 2.72
4.24 1.72 2.58 2.3
3.92 1.4 3.18 2.58
3.94 1.46 3.08 2.54
3.72 1.4 3.44 2.84
4.14 1.56 3.14 2.7
4.2 1.66 2.62 2.28
3.96 1.48 3.48 2.96
4.28 1.68 2.68 2.36
4.14 1.56 3.1 2.66
4.22 1.68 2.84 2.52
3.92 1.34 3.5 2.84
4.26 1.86 2.6 2.46
4.08 1.54 3.14 2.68
4.3 1.74 2.84 2.58
4.14 1.66 2.82 2.48
3.86 1.62 3.06 2.68
4.14 1.58 2.84 2.42
4.08 1.56 3.2 2.76
4.04 1.5 2.8 2.3
4.0 1.64 3.12 2.76
4.1 1.6 2.8 2.4
3.98 1.48 3.04 2.52
4.28 1.66 2.88 2.54
4.28 1.72 2.78 2.5
4.12 1.76 2.74 2.5
4.26 1.68 3.02 2.7
3.92 1.56 3.02 2.58
4.1 1.68 2.94 2.62
4.18 1.66 2.9 2.56
4.06 1.66 3.04 2.7
4.28 1.6 2.84 2.44
4.38 1.7 2.88 2.58
4.26 1.74 2.94 2.68
4.22 1.78 2.84 2.62
4.04 1.44 3.14 2.58
4.26 1.78 2.64 2.42
4.38 1.78 2.76 2.54
3.96 1.4 3.26 2.66
4.3 1.48 2.96 2.44
4.06 1.6 3.08 2.68
4.52 1.76 2.72 2.48
4.28 1.7 2.84 2.54
3.92 1.34 3.22 2.56
4.04 1.68 2.96 2.64
3.88 1.58 2.96 2.54
4.42 1.72 2.6 2.32
4.22 1.76 2.76 2.52
4.1 1.62 2.96 2.58
4.06 1.48 3.18 2.66
4.14 1.64 2.92 2.56
4.08 1.44 3.2 2.64
4.04 1.72 3.04 2.76
4.04 1.56 3.04 2.6
4.22 1.78 2.88 2.66
4.28 1.8 2.66 2.46
4.26 1.68 2.8 2.48
4.32 1.62 2.92 2.54
4.16 1.76 2.78 2.54
4.32 1.6 2.78 2.38
4.34 1.64 2.76 2.4
4.26 1.6 2.86 2.46
4.08 1.64 3.2 2.84
4.28 1.8 2.82 2.62
4.12 1.9 2.78 2.68
4.32 1.7 2.9 2.6
4.2 1.74 2.92 2.66
4.06 1.6 2.76 2.36
4.06 1.42 3.2 2.62
4.02 1.46 3.18 2.64
4.0 1.68 2.84 2.52
4.12 1.5 2.96 2.46
4.1 1.64 2.88 2.52
4.4 1.72 2.58 2.3
4.24 1.58 2.94 2.52
4.16 1.52 2.9 2.42
4.28 1.44 3.02 2.46
4.16 1.64 2.7 2.34
4.18 1.6 3.0 2.6
4.16 1.64 2.84 2.48
4.3 1.88 2.92 2.8
4.42 1.46 3.14 2.6
3.98 1.76 3.08 2.84
4.02 1.36 3.26 2.62
4.34 1.6 2.68 2.28
4.36 1.96 2.72 2.68
4.18 1.7 2.9 2.6
3.92 1.54 3.14 2.68
4.2 1.66 2.88 2.54
4.3 1.66 2.98 2.64
3.9 1.4 3.18 2.58
4.1 1.44 2.94 2.38
4.18 1.6 3.18 2.78
4.36 1.78 2.9 2.68
4.24 1.62 3.1 2.72
3.98 1.58 3.14 2.72
4.26 1.92 2.48 2.4
4.08 1.6 3.08 2.68
4.16 1.62 2.9 2.52
4.16 1.6 2.82 2.42
4.3 1.62 2.84 2.46
4.22 1.78 2.74 2.52
4.22 1.56 3.2 2.76
4.1 1.74 2.74 2.48
4.28 1.74 3.02 2.76
4.04 1.76 2.92 2.68
4.1 1.56 3.02 2.58
4.26 1.5 3.1 2.6
4.24 1.72 2.76 2.48
4.2 1.82 2.88 2.7
4.18 1.7 2.9 2.6
4.08 1.82 2.82 2.64
4.22 1.58 3.04 2.62
4.04 1.68 2.86 2.54
4.18 1.42 2.98 2.4
4.12 1.64 2.86 2.5
4.18 1.58 2.92 2.5
4.06 1.62 3.1 2.72
4.32 1.76 2.7 2.46
4.16 1.66 3.02 2.68
4.28 1.82 2.66 2.48
3.98 1.32 3.36 2.68
3.84 1.38 3.18 2.56
4.38 1.82 2.76 2.58
4.22 1.62 2.92 2.54
4.16 1.7 2.94 2.64
4.18 1.58 2.94 2.52
4.14 1.66 3.0 2.66
4.36 1.82 2.64 2.46
4.16 1.7 2.96 2.66
4.22 1.56 3.08 2.64
4.34 1.66 2.64 2.3
3.92 1.6 2.86 2.46
4.36 1.42 3.1 2.52
4.32 1.78 2.84 2.62
4.2 1.64 2.82 2.46
4.06 1.48 3.18 2.66
4.14 1.64 2.96 2.6
4.22 1.86 2.86 2.72
3.86 1.34 3.18 2.52
3.98 1.48 3.04 2.52
4.2 1.62 2.86 2.48
3.92 1.54 3.12 2.66
4.2 1.86 2.66 2.52
4.3 1.74 2.92 2.66
3.86 1.64 3.16 2.8
3.96 1.58 3.02 2.6
4.36 1.42 3.0 2.42
4.2 1.74 2.78 2.52
4.12 1.88 2.52 2.4
3.84 1.48 3.04 2.52
4.34 1.7 3.04 2.74
4.22 1.52 3.14 2.66
3.94 1.56 3.28 2.84
3.9 1.64 3.06 2.7
4.18 1.68 2.7 2.38
4.36 1.84 2.72 2.56
4.2 1.52 2.92 2.44
4.16 1.6 3.02 2.62
4.18 1.62 2.86 2.48
4.28 1.7 2.84 2.54
4.2 1.82 2.92 2.74
3.88 1.5 3.26 2.76
4.42 1.54 2.86 2.4
4.06 1.74 2.94 2.68
4.08 1.62 3.0 2.62
4.14 1.7 2.84 2.54
4.26 1.52 2.98 2.5
3.96 1.44 3.16 2.6
3.88 1.48 3.18 2.66
3.96 1.48 3.28 2.76
4.18 1.78 2.84 2.62
4.0 1.58 3.22 2.8
4.22 1.56 3.12 2.68
4.1 1.42 3.18 2.6
4.08 1.4 3.24 2.64
4.3 1.46 3.1 2.56
3.74 1.56 3.0 2.56
4.24 1.78 2.86 2.64
4.24 1.82 2.78 2.6
4.18 1.56 2.9 2.46
4.34 1.7 2.78 2.48
3.9 1.58 2.82 2.4
4.2 1.56 3.02 2.58
4.4 1.86 2.6 2.46
4.12 1.64 2.92 2.56
4.12 1.72 3.0 2.72
3.98 1.62 2.92 2.54
4.1 1.7 3.12 2.82
4.3 1.66 2.88 2.54
3.98 1.82 3.06 2.88
4.36 1.78 2.9 2.68
4.32 1.84 2.84 2.68
4.18 1.58 2.92 2.5
4.14 1.56 3.08 2.64
4.38 1.72 2.56 2.28
3.96 1.66 3.14 2.8
4.14 1.8 2.84 2.64
4.34 1.78 2.58 2.36
4.16 1.72 2.86 2.58
3.98 1.6 2.96 2.56
4.12 1.66 3.06 2.72
4.22 1.7 2.98 2.68
4.16 1.74 2.88 2.62
4.16 1.68 2.8 2.48
4.2 1.38 3.04 2.42
3.88 1.46 3.18 2.64
4.0 1.42 3.3 2.72
4.12 1.58 3.06 2.64
4.04 1.72 3.0 2.72
4.16 1.54 2.98 2.52
4.14 1.54 3.26 2.8
4.18 1.5 2.92 2.42
4.28 1.5 3.16 2.66
4.1 1.58 3.14 2.72
4.32 2.18 2.58 2.76
4.22 1.76 2.88 2.64
4.2 1.54 3.24 2.78
3.84 1.64 3.08 2.72
4.14 1.66 2.9 2.56
4.2 1.5 2.96 2.46
4.18 1.68 2.76 2.44
4.14 1.64 2.9 2.54
4.38 1.8 2.58 2.38
3.88 1.46 3.22 2.68
4.32 1.46 2.98 2.44
4.28 1.62 3.02 2.64
4.3 1.76 2.86 2.62
4.3 1.58 3.02 2.6
3.94 1.48 3.12 2.6
3.96 1.64 2.82 2.46
4.08 1.6 2.92 2.52
4.08 1.56 3.1 2.66
4.12 1.62 3.0 2.62
3.78 1.4 3.26 2.66
4.14 1.82 2.92 2.74
4.26 1.76 2.72 2.48
4.08 1.62 2.94 2.56
4.34 1.62 2.7 2.32
3.78 1.46 3.34 2.8
4.14 1.64 2.92 2.56
4.22 1.6 2.84 2.44
4.04 1.48 2.9 2.38
4.12 1.62 3.08 2.7
3.96 1.34 3.16 2.5
4.32 1.7 2.78 2.48
4.4 1.82 2.82 2.64
4.18 1.46 3.06 2.52
4.24 1.72 2.98 2.7
4.16 1.8 2.86 2.66
4.12 1.78 2.9 2.68
4.26 1.8 2.8 2.6
4.02 1.64 2.86 2.5
4.14 1.66 3.06 2.72
4.14 1.6 2.86 2.46
4.1 1.58 3.14 2.72
4.22 1.62 2.78 2.4
4.44 1.78 2.74 2.52
4.32 1.88 2.52 2.4
4.14 1.76 3.0 2.76
4.2 1.68 2.88 2.56
4.3 1.68 2.72 2.4
4.12 1.62 3.1 2.72
4.24 1.58 2.9 2.48
4.26 1.68 2.94 2.62
4.08 1.66 2.82 2.48
4.1 1.5 2.86 2.36
4.14 1.7 2.9 2.6
4.3 1.58 2.86 2.44
4.34 1.48 2.88 2.36
4.48 1.94 2.52 2.46
4.08 1.3 3.32 2.62
4.34 1.72 2.84 2.56
4.08 1.64 2.76 2.4
3.68 1.44 3.28 2.72
4.12 1.64 2.84 2.48
4.48 2.04 2.52 2.56
4.12 1.66 2.98 2.64
4.34 1.46 3.02 2.48
4.0 1.38 3.14 2.52
4.26 1.82 2.76 2.58
4.16 1.48 2.92 2.4
4.42 1.72 2.88 2.6
4.16 1.86 2.72 2.58
4.12 1.6 3.12 2.72
4.08 1.56 2.98 2.54
4.12 1.42 3.2 2.62
4.14 1.9 2.84 2.74
3.8 1.54 3.1 2.64
4.52 1.84 2.68 2.52
4.18 1.9 2.78 2.68
4.2 1.36 2.92 2.28
4.24 1.62 2.94 2.56
4.32 1.68 2.74 2.42
4.16 1.52 3.0 2.52
4.14 1.66 2.78 2.44
4.2 1.72 2.86 2.58
4.18 1.82 2.7 2.52
4.32 1.7 2.88 2.58
4.26 1.74 2.86 2.6
4.08 1.52 3.02 2.54
4.22 1.56 2.92 2.48
4.16 1.52 2.72 2.24
4.28 1.52 3.04 2.56
4.14 1.52 2.94 2.46
4.16 1.7 2.84 2.54
3.92 1.54 3.2 2.74
4.18 1.64 2.84 2.48
3.98 1.7 2.9 2.6
4.28 1.64 2.84 2.48
4.16 1.64 2.86 2.5
3.88 1.38 3.14 2.52
4.28 1.82 2.7 2.52
4.04 1.54 3.16 2.7
4.32 1.66 3.02 2.68
4.26 1.62 3.08 2.7
4.2 1.92 2.82 2.74
4.1 1.72 2.92 2.64
4.12 1.82 2.96 2.78
4.04 1.54 3.08 2.62
4.34 1.6 2.9 2.5
4.24 1.8 2.74 2.54
4.1 1.64 3.18 2.82
3.88 1.54 3.14 2.68
4.36 1.76 2.68 2.44
3.9 1.34 3.26 2.6
4.4 1.82 2.56 2.38
4.12 1.46 2.82 2.28
4.16 1.72 2.62 2.34
4.16 1.68 2.94 2.62
4.08 1.94 2.98 2.92
4.08 1.52 2.9 2.42
4.16 1.72 2.92 2.64
4.14 1.68 2.94 2.62
4.26 1.92 2.56 2.48
4.3 1.58 2.84 2.42
4.3 1.52 2.82 2.34
4.06 1.42 2.98 2.4
4.28 1.8 2.86 2.66
4.1 1.74 2.88 2.62
4.12 1.58 2.88 2.46
4.3 1.7 2.82 2.52
4.34 1.66 2.94 2.6
4.38 1.74 2.74 2.48
4.12 1.58 3.02 2.6
4.32 1.96 2.74 2.7
4.42 1.9 2.76 2.66
4.16 1.54 3.14 2.68
4.0 1.56 2.86 2.42
4.18 1.72 2.8 2.52
4.32 1.64 2.8 2.44
3.96 1.5 3.14 2.64
4.04 1.54 3.04 2.58
4.08 1.54 2.96 2.5
4.56 1.76 2.78 2.54
4.12 1.52 3.26 2.78
4.24 1.8 2.88 2.68
4.18 1.48 3.0 2.48
3.94 1.3 3.2 2.5
3.94 1.38 3.06 2.44
3.8 1.52 3.02 2.54
4.2 1.74 2.96 2.7
4.2 1.62 3.06 2.68
4.08 1.7 2.94 2.64
4.26 1.7 2.84 2.54
4.18 1.56 3.04 2.6
3.96 1.62 2.9 2.52
4.14 1.62 2.74 2.36
4.42 1.74 2.64 2.38
3.92 1.4 3.34 2.74
3.84 1.56 3.18 2.74
4.22 1.82 2.82 2.64
4.18 1.76 2.88 2.64
4.26 1.58 2.88 2.46
4.12 1.62 2.88 2.5
3.8 1.38 3.26 2.64
4.02 1.64 2.86 2.5
4.28 1.58 2.96 2.54
4.14 1.68 2.92 2.6
4.0 1.56 3.06 2.62
4.24 1.58 2.98 2.56
4.32 1.6 3.06 2.66
3.64 1.36 3.46 2.82
4.36 1.82 2.64 2.46
4.22 1.76 2.88 2.64
4.02 1.6 3.0 2.6
4.18 1.6 2.94 2.54
4.3 1.66 2.76 2.42
3.9 1.28 3.34 2.62
4.06 1.68 2.96 2.64
4.1 1.46 3.06 2.52
4.08 1.6 3.02 2.62
4.08 1.6 2.98 2.58
4.2 1.58 2.94 2.52
4.0 1.52 3.12 2.64
4.32 1.68 3.08 2.76
4.06 1.56 2.86 2.42
4.2 1.58 2.88 2.46
4.3 1.72 2.98 2.7
4.08 1.72 2.94 2.66
4.1 1.48 3.18 2.66
4.1 1.7 3.04 2.74
4.02 1.68 3.02 2.7
3.98 1.64 3.1 2.74
3.78 1.42 3.38 2.8
4.24 1.62 2.82 2.44
4.28 2.06 2.72 2.78
4.28 1.94 2.7 2.64
3.86 1.56 3.14 2.7
4.1 1.68 2.82 2.5
4.16 1.42 2.96 2.38
4.26 1.76 2.68 2.44
4.46 1.9 2.62 2.52
4.22 1.76 2.8 2.56
4.3 1.58 3.0 2.58
3.84 1.54 3.16 2.7
4.1 1.58 3.0 2.58
4.26 1.94 2.62 2.56
4.22 1.46 3.0 2.46
4.36 1.68 2.76 2.44
3.94 1.66 2.94 2.6
4.02 1.62 3.0 2.62
4.4 1.76 2.78 2.54
4.22 1.56 2.9 2.46
4.34 1.74 2.78 2.52
3.84 1.62 3.34 2.96
3.92 1.42 3.18 2.6
4.36 1.84 2.62 2.46
4.06 1.38 3.32 2.7
3.9 1.4 3.14 2.54
3.96 1.5 3.04 2.54
4.24 1.56 3.04 2.6
4.34 1.72 3.06 2.78
4.34 1.88 2.6 2.48
4.18 1.86 2.74 2.6
4.26 1.66 2.78 2.44
4.22 1.7 2.96 2.66
4.12 1.38 3.18 2.56
4.32 1.86 2.84 2.7
4.44 1.82 2.54 2.36
4.26 1.5 3.0 2.5
4.08 1.58 3.1 2.68
3.84 1.62 3.1 2.72
4.02 1.48 3.28 2.76
4.32 1.76 2.8 2.56
3.86 1.58 3.18 2.76
4.3 1.62 3.04 2.66
4.52 1.96 2.5 2.46
4.44 1.64 3.02 2.66
4.28 1.5 2.94 2.44
4.3 1.84 2.68 2.52
4.24 1.64 3.02 2.66
4.02 1.84 2.94 2.78
4.1 1.58 3.08 2.66
4.06 1.5 3.26 2.76
4.04 1.52 2.98 2.5
4.12 1.7 3.06 2.76
4.36 1.84 2.58 2.42
4.36 1.48 2.94 2.42
4.12 1.78 3.06 2.84
4.12 1.6 2.9 2.5
4.2 1.76 2.7 2.46
4.16 1.58 2.9 2.48
4.32 1.7 2.84 2.54
4.1 1.7 2.86 2.56
4.2 1.8 2.86 2.66
4.02 1.52 3.12 2.64
4.38 1.48 3.02 2.5
4.38 1.54 2.86 2.4
4.42 1.48 2.98 2.46
4.24 1.78 2.78 2.56
4.2 1.84 2.88 2.72
4.18 1.6 2.96 2.56
4.42 1.94 2.46 2.4
4.22 1.52 2.88 2.4
4.02 1.54 2.94 2.48
4.26 1.9 2.74 2.64
4.02 1.58 3.08 2.66
3.76 1.4 3.46 2.86
4.18 1.94 2.76 2.7
4.18 1.76 2.9 2.66
4.2 1.74 2.88 2.62
4.12 1.72 2.78 2.5
4.12 1.62 2.96 2.58
4.26 1.62 2.84 2.46
4.04 1.62 2.86 2.48
3.98 1.5 3.12 2.62
4.1 1.64 2.94 2.58
4.16 1.66 2.92 2.58
3.94 1.46 3.14 2.6
4.28 1.82 2.98 2.8
4.34 1.98 2.66 2.64
4.22 1.44 3.24 2.68
4.18 1.86 2.64 2.5
4.22 1.82 2.86 2.68
4.08 1.9 2.78 2.68
4.16 1.84 2.7 2.54
4.18 1.96 2.68 2.64
4.0 1.46 3.26 2.72
4.44 1.56 2.86 2.42
3.98 1.5 3.18 2.68
4.28 1.7 2.84 2.54
4.16 1.5 3.16 2.66
3.8 1.68 3.06 2.74
4.02 1.4 3.04 2.44
4.1 1.44 3.3 2.74
4.12 1.94 2.84 2.78
4.26 1.68 2.82 2.5
4.18 1.72 2.88 2.6
4.2 1.56 3.1 2.66
4.0 1.48 2.98 2.46
4.32 1.86 2.58 2.44
4.06 1.72 3.1 2.82
4.26 1.64 2.98 2.62
4.36 1.58 2.78 2.36
3.96 1.7 2.94 2.64
4.28 1.78 2.64 2.42
4.4 1.84 2.76 2.6
4.14 1.74 3.06 2.8
4.04 1.68 3.26 2.94
3.94 1.92 2.72 2.64
4.1 1.64 2.86 2.5
4.1 1.52 3.14 2.66
4.18 1.9 2.58 2.48
4.0 1.54 3.14 2.68
4.2 1.68 2.88 2.56
4.42 2.1 2.4 2.5
4.2 1.72 2.86 2.58
4.18 1.88 2.88 2.76
4.08 1.6 3.14 2.74
3.9 1.46 3.28 2.74
4.24 1.66 2.78 2.44
4.0 1.58 2.98 2.56
4.26 1.82 2.92 2.74
4.36 1.66 2.8 2.46
4.22 1.54 2.96 2.5
4.22 1.72 2.76 2.48
3.78 1.54 3.02 2.56
4.0 1.54 3.14 2.68
4.02 1.48 3.28 2.76
4.04 1.46 3.18 2.64
4.22 1.68 2.84 2.52
4.36 1.66 3.1 2.76
4.32 1.76 2.86 2.62
4.02 1.6 3.04 2.64
4.3 1.74 2.8 2.54
3.88 1.56 3.22 2.78
4.24 1.84 2.62 2.46
4.32 1.56 3.0 2.56
3.64 1.46 3.38 2.84
3.98 1.5 3.28 2.78
4.24 2.0 2.68 2.68
4.26 1.66 2.88 2.54
4.38 1.7 2.84 2.54
4.16 1.58 2.88 2.46
3.98 1.62 3.2 2.82
4.3 1.6 2.94 2.54
4.42 2.0 2.66 2.66
3.98 1.56 3.08 2.64
4.16 1.64 2.92 2.56
4.1 1.74 2.86 2.6
4.12 1.66 2.86 2.52
4.24 1.84 2.66 2.5
4.18 1.68 2.9 2.58
3.82 1.66 3.2 2.86
4.18 1.68 2.74 2.42
4.16 1.52 3.06 2.58
4.04 1.84 2.96 2.8
4.28 1.5 2.86 2.36
4.24 1.56 2.94 2.5
4.36 2.02 2.52 2.54
3.8 1.44 3.18 2.62
3.96 1.48 3.04 2.52
4.08 1.38 2.98 2.36
4.12 1.52 2.92 2.44
4.04 1.64 3.12 2.76
4.08 1.54 3.02 2.56
4.04 1.48 3.22 2.7
4.12 1.56 3.1 2.66
4.2 1.62 2.88 2.5
4.12 1.42 3.28 2.7
4.02 1.62 3.24 2.86
4.36 1.86 2.56 2.42
4.04 1.66 3.02 2.68
4.2 1.72 3.02 2.74
4.14 1.78 2.9 2.68
4.14 1.82 2.82 2.64
4.02 1.84 2.92 2.76
3.86 1.52 3.14 2.66
4.16 1.64 2.8 2.44
4.2 1.92 2.8 2.72
3.9 1.64 3.16 2.8
4.14 1.5 2.94 2.44
4.06 1.72 3.12 2.84
4.36 1.86 2.6 2.46
4.38 1.84 2.68 2.52
4.26 1.72 2.64 2.36
4.24 1.4 3.18 2.58
4.3 1.58 3.1 2.68
4.24 1.66 2.74 2.4
4.18 1.58 3.1 2.68
3.96 1.66 3.0 2.66
4.22 1.66 2.92 2.58
4.16 1.5 2.98 2.48
4.28 1.54 3.02 2.56
4.14 1.58 2.94 2.52
4.14 1.7 3.0 2.7
4.16 1.68 2.74 2.42
4.26 1.98 2.78 2.76
4.34 1.7 3.14 2.84
4.12 1.88 2.76 2.64
4.22 1.78 2.84 2.62
4.46 1.94 2.66 2.6
3.94 1.5 3.24 2.74
4.04 1.46 3.26 2.72
3.98 1.58 2.96 2.54
4.1 1.64 3.12 2.76
3.82 1.56 3.12 2.68
3.96 1.56 3.06 2.62
4.2 1.62 3.08 2.7
4.12 1.5 2.86 2.36
4.28 1.74 2.7 2.44
4.38 1.7 2.8 2.5
4.06 1.7 2.96 2.66
4.24 1.7 2.82 2.52
4.3 1.48 3.06 2.54
4.32 1.72 2.76 2.48
4.26 1.72 2.68 2.4
4.24 2.0 2.56 2.56
3.98 1.48 3.2 2.68
3.92 1.68 2.98 2.66
4.22 1.56 2.92 2.48
4.32 1.76 2.66 2.42
4.36 1.8 2.8 2.6
4.14 1.66 2.84 2.5
4.02 1.8 2.98 2.78
4.4 1.68 2.94 2.62
3.98 1.56 3.04 2.6
4.14 1.52 2.94 2.46
3.98 1.48 3.16 2.64
4.52 1.92 2.42 2.34
4.12 1.66 3.18 2.84
4.16 1.88 2.86 2.74
3.92 1.62 3.02 2.64
3.94 1.58 3.08 2.66
3.96 1.5 3.18 2.68
4.24 1.82 2.62 2.44
4.06 1.56 3.1 2.66
3.86 1.58 3.28 2.86
4.44 1.88 2.7 2.58
4.22 1.54 3.0 2.54
3.88 1.62 3.06 2.68
4.04 1.62 2.96 2.58
4.42 1.8 2.54 2.34
4.04 1.46 3.04 2.5
4.22 1.52 3.3 2.82
4.2 1.72 3.06 2.78
3.98 1.52 3.02 2.54
4.32 1.72 2.72 2.44
4.16 1.46 3.06 2.52
4.12 1.88 2.8 2.68
4.12 1.4 3.32 2.72
4.12 1.44 3.16 2.6
4.3 1.46 3.06 2.52
3.96 1.42 3.28 2.7
4.12 1.9 2.78 2.68
4.38 1.86 2.68 2.54
4.34 1.76 2.82 2.58
4.08 1.52 3.02 2.54
4.22 1.68 2.86 2.54
4.2 1.64 2.9 2.54
4.14 1.34 3.22 2.56
4.14 1.56 3.18 2.74
4.02 1.78 2.98 2.76
4.3 1.48 3.12 2.6
3.92 1.7 3.14 2.84
4.06 1.5 3.1 2.6
4.22 1.8 2.92 2.72
4.1 1.7 2.88 2.58
4.12 1.9 2.68 2.58
4.26 1.86 2.76 2.62
4.28 1.68 2.6 2.28
4.22 1.52 3.14 2.66
4.1 1.78 2.84 2.62
4.26 1.66 3.04 2.7
4.36 1.6 2.96 2.56
4.42 1.74 2.92 2.66
4.12 1.7 3.1 2.8
4.1 1.6 3.06 2.66
3.98 1.44 3.1 2.54
4.18 1.56 2.96 2.52
4.24 1.84 2.9 2.74
4.34 1.66 2.96 2.62
4.04 1.72 2.84 2.56
4.42 1.72 2.78 2.5
4.2 1.6 2.86 2.46
4.24 1.7 2.94 2.64
4.1 1.7 2.96 2.66
3.84 1.6 3.08 2.68
4.16 1.5 2.96 2.46
4.26 1.44 3.02 2.46
4.08 1.76 2.92 2.68
4.34 1.84 2.74 2.58
4.32 1.66 2.76 2.42
4.4 1.8 2.68 2.48
4.06 1.54 3.34 2.88
3.88 1.52 3.2 2.72
4.2 1.82 2.62 2.44
4.2 1.78 2.8 2.58
4.1 1.62 3.08 2.7
4.24 1.52 2.84 2.36
4.22 1.62 2.84 2.46
4.14 1.74 2.86 2.6
4.04 1.66 3.2 2.86
4.16 1.72 2.84 2.56
4.32 1.56 2.84 2.4
4.22 2.06 2.52 2.58
4.12 1.54 2.82 2.36
4.28 2.02 2.66 2.68
4.26 1.5 2.96 2.46
4.24 1.5 3.0 2.5
4.3 1.7 3.0 2.7
4.14 1.82 2.88 2.7
4.14 1.78 3.08 2.86
4.4 1.58 2.9 2.48
4.16 1.82 2.56 2.38
4.2 1.58 3.1 2.68
4.44 1.84 2.66 2.5
4.26 1.8 3.04 2.84
4.16 1.38 3.26 2.64
4.32 1.74 2.52 2.26
4.28 1.98 2.56 2.54
4.08 1.7 2.88 2.58
4.36 1.62 2.74 2.36
4.06 1.68 3.02 2.7
3.92 1.56 3.08 2.64
4.24 1.84 2.66 2.5
4.26 1.72 2.74 2.46
4.34 1.8 2.9 2.7
3.98 1.7 2.94 2.64
4.36 1.8 2.8 2.6
4.38 1.76 2.62 2.38
4.12 1.46 3.16 2.62
4.3 1.86 2.64 2.5
4.38 1.86 2.76 2.62
4.14 1.8 2.82 2.62
4.26 1.7 3.02 2.72
4.2 1.64 2.96 2.6
4.28 1.84 2.58 2.42
4.18 1.64 3.06 2.7
4.46 2.14 2.5 2.64
4.16 1.46 3.12 2.58
4.2 1.64 3.16 2.8
4.38 1.78 2.86 2.64
4.0 1.64 3.0 2.64
4.08 1.68 2.82 2.5
4.18 1.7 2.84 2.54
4.24 1.76 2.82 2.58
4.36 1.88 2.72 2.6
4.04 1.62 2.94 2.56
3.86 1.42 3.32 2.74
3.82 1.66 3.06 2.72
4.22 1.48 3.02 2.5
3.88 1.48 3.0 2.48
4.14 1.74 2.88 2.62
4.1 1.52 3.08 2.6
4.44 1.86 2.66 2.52
4.22 1.5 3.04 2.54
4.2 1.78 2.72 2.5
4.14 1.64 2.78 2.42
4.16 1.62 3.04 2.66
4.2 1.66 2.94 2.6
4.18 1.78 2.98 2.76
3.88 1.34 3.44 2.78
3.9 1.64 2.94 2.58
4.26 2.04 2.72 2.76
4.04 1.4 3.22 2.62
4.02 1.54 3.04 2.58
4.12 1.38 3.06 2.44
4.18 1.7 2.6 2.3
4.12 1.86 2.82 2.68
4.06 1.4 2.98 2.38
4.26 1.7 2.92 2.62
3.96 1.44 3.26 2.7
4.1 1.54 3.08 2.62
4.28 1.66 2.62 2.28
4.1 1.68 2.92 2.6
4.22 1.62 2.94 2.56
3.9 1.38 3.24 2.62
4.16 1.58 2.7 2.28
4.28 1.66 2.86 2.52
4.1 1.66 2.8 2.46
4.3 1.56 2.86 2.42
4.22 1.78 2.8 2.58
4.06 1.46 3.0 2.46
4.12 1.6 2.86 2.46
4.2 1.72 2.82 2.54
4.4 1.78 2.9 2.68
4.16 1.8 2.96 2.76
4.06 1.66 2.98 2.64
4.3 2.08 2.48 2.56
4.1 1.46 3.32 2.78
3.94 1.46 3.2 2.66
3.92 1.54 3.18 2.72
4.2 1.72 2.88 2.6
3.94 1.64 3.08 2.72
4.34 1.8 2.66 2.46
4.22 1.58 2.98 2.56
4.32 1.64 2.82 2.46
4.16 1.72 2.88 2.6
4.22 1.5 2.96 2.46
4.0 1.88 2.8 2.68
4.1 1.9 2.76 2.66
4.2 1.66 3.0 2.66
3.98 1.64 3.04 2.68
4.24 1.6 3.08 2.68
4.1 1.78 2.96 2.74
4.14 1.4 3.1 2.5
4.14 1.6 3.26 2.86
3.96 1.4 3.32 2.72
4.2 1.66 2.94 2.6
4.2 1.8 2.84 2.64
4.18 1.6 3.04 2.64
4.42 1.8 2.76 2.56
3.94 1.54 3.02 2.56
4.1 1.68 3.08 2.76
4.12 1.64 2.88 2.52
3.94 1.56 3.06 2.62
4.22 2.0 2.62 2.62
4.2 1.84 2.86 2.7
4.24 1.72 3.04 2.76
4.24 1.6 2.84 2.44
4.54 1.82 2.56 2.38
4.14 1.5 2.9 2.4
3.94 1.7 2.88 2.58
4.32 1.88 2.56 2.44
4.14 1.32 2.96 2.28
4.12 1.58 2.96 2.54
3.94 1.78 2.84 2.62
4.04 1.58 3.14 2.72
4.06 1.62 3.16 2.78
4.22 1.68 3.0 2.68
4.02 1.56 2.96 2.52
4.14 1.84 2.8 2.64
4.32 1.74 2.76 2.5
4.1 1.62 2.8 2.42
4.24 1.66 2.9 2.56
4.08 1.48 3.04 2.52
4.54 1.8 2.64 2.44
4.18 1.88 2.88 2.76
4.28 1.66 2.84 2.5
4.08 1.46 3.02 2.48
4.04 1.36 3.06 2.42
4.4 1.72 2.82 2.54
4.42 1.64 2.8 2.44
4.28 1.84 2.7 2.54
4.38 1.74 2.68 2.42
3.98 1.74 2.98 2.72
3.92 1.38 3.18 2.56
4.12 1.72 2.9 2.62
4.28 1.64 3.0 2.64
4.16 1.66 2.76 2.42
4.04 1.62 2.96 2.58
4.16 1.7 2.68 2.38
4.32 1.68 2.8 2.48
3.96 1.68 3.02 2.7
4.06 1.48 3.16 2.64
4.08 1.62 3.06 2.68
4.42 1.72 2.86 2.58
4.02 1.86 2.76 2.62
4.22 1.5 3.04 2.54
3.84 1.72 2.92 2.64
4.14 1.98 2.9 2.88
4.22 1.8 2.98 2.78
4.0 1.42 3.1 2.52
4.34 1.7 2.92 2.62
4.1 1.6 2.82 2.42
3.96 1.46 2.96 2.42
4.38 2.02 2.68 2.7
4.02 1.62 3.0 2.62
4.1 1.72 2.86 2.58
4.02 1.58 2.8 2.38
4.16 1.76 3.02 2.78
4.38 1.56 2.82 2.38
4.2 1.84 2.56 2.4
3.82 1.64 3.4 3.04
3.92 1.42 3.38 2.8
4.26 1.58 3.02 2.6
4.22 1.66 2.86 2.52
4.22 1.52 3.0 2.52
4.22 1.6 2.88 2.48
4.12 1.6 2.92 2.52
4.24 1.66 2.84 2.5
4.2 1.64 3.02 2.66
3.98 1.68 2.88 2.56
4.16 1.78 2.84 2.62
4.6 1.98 2.5 2.48
4.38 1.68 2.84 2.52
4.34 1.74 2.88 2.62
3.84 1.66 2.94 2.6
4.06 1.54 2.94 2.48
4.1 1.56 2.82 2.38
4.34 1.86 2.56 2.42
4.12 1.7 2.98 2.68
4.12 1.74 3.08 2.82
4.0 1.68 2.7 2.38
4.22 1.58 3.0 2.58
4.08 1.68 2.74 2.42
3.94 1.68 2.88 2.56
4.3 1.56 2.88 2.44
4.34 1.92 2.42 2.34
3.9 1.56 2.9 2.46
4.32 1.72 2.7 2.42
3.88 1.5 3.32 2.82
4.04 1.8 3.18 2.98
4.06 1.64 3.08 2.72
4.06 1.5 3.02 2.52
3.9 1.66 3.06 2.72
4.02 1.4 3.04 2.44
4.28 1.66 2.96 2.62
4.18 1.62 2.96 2.58
4.16 1.54 3.26 2.8
4.04 1.7 2.9 2.6
4.22 1.9 2.84 2.74
4.14 1.52 3.06 2.58
4.36 1.64 2.78 2.42
4.1 1.76 2.96 2.72
4.02 1.78 2.8 2.58
3.98 1.36 3.2 2.56
4.2 1.64 2.96 2.6
4.42 1.8 2.64 2.44
4.06 1.5 2.94 2.44
4.1 1.64 2.92 2.56
4.28 1.62 2.94 2.56
3.96 1.44 3.12 2.56
4.22 1.56 3.04 2.6
4.02 1.66 3.02 2.68
3.8 1.62 3.26 2.88
4.22 1.8 2.58 2.38
4.16 1.58 2.8 2.38
4.06 1.32 3.08 2.4
4.36 1.7 2.7 2.4
4.14 1.64 2.96 2.6
4.22 1.62 2.88 2.5
4.22 1.54 3.2 2.74
4.22 1.72 2.76 2.48
4.12 1.5 3.1 2.6
4.24 1.62 2.78 2.4
3.98 1.74 3.04 2.78
4.1 1.72 2.92 2.64
4.22 1.84 2.8 2.64
4.04 1.64 2.88 2.52
4.28 1.7 2.72 2.42
4.1 1.64 3.06 2.7
4.44 1.72 2.62 2.34
4.28 1.74 2.76 2.5
4.26 1.64 2.96 2.6
4.04 1.54 3.12 2.66
4.26 1.72 2.8 2.52
4.22 1.68 2.92 2.6
4.26 1.68 2.62 2.3
4.08 1.38 2.94 2.32
4.22 1.5 2.94 2.44
4.1 1.56 2.98 2.54
4.3 1.74 2.76 2.5
4.2 1.58 2.92 2.5
4.0 1.52 3.0 2.52
4.02 1.82 2.94 2.76
4.38 1.84 2.84 2.68
4.1 1.5 3.04 2.54
4.14 1.5 3.12 2.62
3.9 1.4 3.04 2.44
4.2 1.64 2.98 2.62
4.36 1.86 2.68 2.54
4.3 1.7 2.62 2.32
4.38 1.82 2.8 2.62
4.28 1.68 2.72 2.4
4.38 1.62 2.84 2.46
4.06 1.54 2.92 2.46
4.12 1.78 2.92 2.7
4.24 1.66 2.82 2.48
4.02 1.66 3.08 2.74
4.08 1.52 3.02 2.54
4.1 1.6 2.66 2.26
4.18 1.7 2.84 2.54
4.16 1.74 2.76 2.5
4.4 1.94 2.7 2.64
4.24 1.78 2.86 2.64
4.02 1.56 3.12 2.68
4.28 1.84 2.6 2.44
3.88 1.56 3.14 2.7
3.96 1.64 3.2 2.84
4.22 1.58 3.04 2.62
4.04 1.88 2.9 2.78
4.06 1.56 3.38 2.94
4.38 1.72 2.78 2.5
4.34 1.64 2.78 2.42
4.2 1.58 2.98 2.56
4.2 1.8 2.88 2.68
3.96 1.64 2.9 2.54
4.32 1.66 2.98 2.64
4.06 1.44 3.1 2.54
3.92 1.8 2.9 2.7
4.24 1.66 2.92 2.58
4.12 1.5 2.8 2.3
4.06 1.48 3.02 2.5
4.32 1.78 2.8 2.58
4.12 1.74 3.16 2.9
4.3 1.78 2.72 2.5
4.3 1.62 2.88 2.5
4.28 1.66 2.86 2.52
4.04 1.58 2.82 2.4
4.4 1.64 2.72 2.36
4.46 1.82 2.7 2.52
4.12 1.62 2.88 2.5
3.98 1.8 2.88 2.68
4.22 1.54 2.78 2.32
4.06 1.48 3.06 2.54
4.46 2.08 2.64 2.72
4.44 1.84 2.68 2.52
3.98 1.56 3.2 2.76
3.94 1.52 3.14 2.66
3.98 1.54 3.04 2.58
4.52 2.1 2.32 2.42
4.3 1.56 3.02 2.58
4.22 1.54 3.08 2.62
3.84 1.52 3.18 2.7
4.56 1.84 2.68 2.52
4.34 1.72 3.02 2.74
4.28 1.7 3.0 2.7
4.02 1.54 3.0 2.54
4.1 1.62 3.1 2.72
4.0 1.8 2.92 2.72
4.18 1.56 3.06 2.62
4.14 1.56 2.8 2.36
4.2 1.74 2.76 2.5
4.08 1.56 2.92 2.48
4.28 1.7 2.6 2.3
4.12 1.58 2.9 2.48
4.14 1.58 2.88 2.46
4.34 1.62 2.8 2.42
4.24 1.64 2.9 2.54
3.96 1.94 2.92 2.86
4.0 1.7 2.7 2.4
4.12 1.6 2.9 2.5
4.1 1.48 3.14 2.62
4.26 1.78 2.94 2.72
4.22 1.56 2.8 2.36
4.08 1.64 2.98 2.62
4.32 1.68 2.78 2.46
4.2 1.54 3.02 2.56
4.0 1.78 2.92 2.7
4.14 1.68 2.82 2.5
4.16 1.58 2.9 2.48
4.14 1.66 2.88 2.54
4.02 1.44 3.22 2.66
3.84 1.42 3.46 2.88
4.28 1.64 3.12 2.76
4.16 1.84 2.84 2.68
4.26 1.58 2.94 2.52
4.38 1.78 2.68 2.46
4.12 1.78 3.06 2.84
4.14 1.76 2.74 2.5
3.92 1.58 2.94 2.52
4.26 1.54 2.84 2.38
4.22 1.7 2.78 2.48
4.08 1.66 2.84 2.5
4.4 1.94 2.6 2.54
4.32 1.72 2.64 2.36
3.96 1.52 3.08 2.6
4.16 1.52 3.22 2.74
4.16 1.76 2.66 2.42
4.28 1.66 2.86 2.52
3.88 1.58 3.18 2.76
4.14 1.66 2.88 2.54
4.16 1.58 3.12 2.7
4.06 1.8 2.9 2.7
4.16 1.78 2.86 2.64
4.42 1.88 2.56 2.44
4.08 1.68 2.74 2.42
4.1 1.8 2.78 2.58
4.1 1.5 3.02 2.52
4.02 1.64 2.94 2.58
4.28 1.6 2.78 2.38
4.32 1.84 2.76 2.6
3.96 1.34 3.3 2.64
4.14 1.58 2.88 2.46
4.12 1.54 3.06 2.6
4.2 1.7 3.0 2.7
4.08 1.96 2.74 2.7
4.38 1.72 2.66 2.38
4.18 1.56 3.16 2.72
3.9 1.4 3.28 2.68
4.18 1.52 3.14 2.66
3.98 1.6 3.16 2.76
4.16 1.7 3.0 2.7
4.24 1.64 2.82 2.46
4.18 1.7 2.9 2.6
4.14 1.44 2.98 2.42
4.0 1.5 3.2 2.7
4.26 1.56 3.08 2.64
4.02 1.62 2.84 2.46
4.34 1.58 2.68 2.26
4.2 1.64 2.84 2.48
4.14 1.74 2.96 2.7
4.08 1.74 2.8 2.54
4.2 1.62 2.72 2.34
4.02 1.4 2.98 2.38
4.26 1.6 2.86 2.46
4.22 1.44 2.92 2.36
4.18 1.72 2.92 2.64
3.96 1.72 2.84 2.56
4.04 1.48 3.16 2.64
4.24 1.44 3.12 2.56
4.18 1.62 3.08 2.7
4.28 1.78 2.88 2.66
4.24 1.74 2.9 2.64
4.36 1.92 2.56 2.48
3.94 1.44 3.2 2.64
4.08 1.6 2.92 2.52
4.0 1.36 3.04 2.4
4.2 1.62 2.74 2.36
4.28 1.68 2.84 2.52
4.38 1.82 2.58 2.4
4.2 1.28 3.24 2.52
4.62 1.74 2.56 2.3
4.28 1.64 3.14 2.78
4.12 1.6 2.9 2.5
4.14 1.54 3.04 2.58
4.1 1.64 2.76 2.4
3.94 1.6 3.16 2.76
4.14 1.54 2.9 2.44
4.34 1.8 2.76 2.56
4.2 1.76 2.94 2.7
4.18 1.68 2.9 2.58
4.18 1.86 2.74 2.6
4.18 1.84 2.78 2.62
4.16 1.7 2.94 2.64
4.0 1.46 3.38 2.84
4.12 1.6 3.0 2.6
4.2 1.78 2.82 2.6
4.22 1.56 2.82 2.38
4.04 1.6 3.08 2.68
4.14 1.6 3.04 2.64
3.98 1.36 3.02 2.38
4.2 1.76 2.94 2.7
4.2 1.76 2.72 2.48
4.2 1.52 2.98 2.5
4.24 1.68 3.06 2.74
4.06 1.36 3.16 2.52
4.26 1.5 3.0 2.5
4.62 1.94 2.64 2.58
4.22 1.7 2.96 2.66
4.22 1.7 2.68 2.38
4.44 2.1 2.64 2.74
4.08 1.46 3.08 2.54
4.34 1.76 2.88 2.64
4.32 1.66 2.88 2.54
4.16 1.68 3.08 2.76
4.12 1.46 3.18 2.64
4.32 1.7 2.78 2.48
4.3 1.62 2.88 2.5
4.12 1.58 3.26 2.84
4.1 1.78 2.76 2.54
4.24 1.64 2.76 2.4
4.44 1.74 2.82 2.56
4.14 1.84 2.76 2.6
4.1 1.68 2.98 2.66
4.18 1.7 2.82 2.52
3.98 1.48 3.26 2.74
4.0 1.6 3.06 2.66
3.56 1.28 3.52 2.8
3.92 1.76 2.98 2.74
4.18 1.4 3.0 2.4
4.1 1.82 2.86 2.68
4.3 1.88 2.58 2.46
4.16 1.5 3.2 2.7
4.18 1.54 2.92 2.46
4.1 1.7 2.92 2.62
3.92 1.56 3.26 2.82
4.26 1.4 2.94 2.34
4.16 1.48 3.18 2.66
3.88 1.22 3.26 2.48
4.3 1.44 3.06 2.5
4.08 1.58 3.08 2.66
4.2 1.44 3.14 2.58
4.08 1.68 2.76 2.44
4.0 1.84 2.88 2.72
4.18 1.72 2.86 2.58
4.3 2.02 2.48 2.5
3.9 1.4 3.12 2.52
4.08 1.58 3.04 2.62
3.96 1.72 3.0 2.72
4.08 1.6 3.16 2.76
4.24 1.66 2.8 2.46
4.04 1.66 3.02 2.68
3.88 1.5 3.16 2.66
4.16 1.92 2.78 2.7
4.02 1.8 2.9 2.7
4.2 1.98 2.76 2.74
4.38 1.7 2.7 2.4
4.52 1.68 2.78 2.46
4.02 1.62 3.12 2.74
4.18 1.68 2.86 2.54
3.9 1.7 3.1 2.8
4.44 1.84 2.78 2.62
4.32 1.64 2.94 2.58
4.1 1.52 2.92 2.44
4.18 1.62 2.88 2.5
4.32 1.8 2.72 2.52
4.06 1.62 2.98 2.6
4.22 1.64 2.88 2.52
4.26 1.56 2.78 2.34
4.04 1.92 2.88 2.8
4.14 1.52 2.88 2.4
3.88 1.56 2.94 2.5
4.22 1.52 2.94 2.46
4.04 1.46 3.3 2.76
4.26 1.58 3.28 2.86
4.22 1.44 3.3 2.74
4.14 1.5 2.92 2.42
4.42 1.76 2.8 2.56
4.22 1.62 2.9 2.52
4.32 1.68 2.74 2.42
4.26 1.72 2.7 2.42
4.1 1.68 2.9 2.58
3.96 1.4 3.12 2.52
4.16 1.66 2.7 2.36
4.38 1.78 2.68 2.46
4.12 1.56 3.04 2.6
4.28 1.96 2.6 2.56
4.14 1.44 3.06 2.5
4.14 1.66 2.86 2.52
4.26 1.68 2.86 2.54
4.3 1.7 2.96 2.66
4.06 1.6 3.0 2.6
4.06 1.64 2.94 2.58
4.0 1.82 3.06 2.88
4.28 1.72 2.84 2.56
4.14 1.62 3.06 2.68
4.08 1.62 2.9 2.52
4.42 1.46 3.06 2.52
4.2 1.52 2.9 2.42
4.26 1.74 2.8 2.54
4.18 1.86 2.82 2.68
4.02 1.76 2.98 2.74
4.14 1.32 3.3 2.62
4.22 1.78 2.7 2.48
4.16 1.64 2.86 2.5
4.36 1.58 3.0 2.58
3.92 1.5 3.18 2.68
4.16 1.9 2.84 2.74
4.06 1.68 3.14 2.82
4.26 1.66 2.86 2.52
4.12 1.74 2.76 2.5
4.32 1.66 2.84 2.5
3.82 1.42 3.2 2.62
4.3 1.58 3.16 2.74
4.16 1.88 2.6 2.48
4.1 1.6 2.82 2.42
4.04 1.9 2.78 2.68
4.12 1.52 2.94 2.46
4.0 1.56 3.16 2.72
4.3 1.64 2.9 2.54
4.12 1.66 2.82 2.48
4.08 1.5 3.26 2.76
4.1 1.58 3.14 2.72
4.04 1.48 2.96 2.44
4.18 1.64 3.02 2.66
4.46 1.74 2.8 2.54
4.08 1.64 3.12 2.76
4.0 1.56 3.26 2.82
4.18 1.66 3.0 2.66
3.98 1.6 3.32 2.92
4.1 1.68 2.84 2.52
4.08 1.64 2.92 2.56
4.24 1.58 2.84 2.42
3.98 1.38 3.36 2.74
4.08 1.5 2.98 2.48
4.04 1.4 3.16 2.56
4.42 1.68 2.8 2.48
4.08 1.74 2.84 2.58
4.18 1.58 3.02 2.6
4.18 1.6 3.04 2.64
3.64 1.52 3.3 2.82
4.12 1.6 2.82 2.42
3.9 1.58 3.12 2.7
4.18 1.48 2.9 2.38
4.14 1.6 3.06 2.66
4.06 1.72 3.12 2.84
4.38 1.8 2.84 2.64
4.2 1.62 3.02 2.64
4.02 1.86 3.02 2.88
4.14 1.42 3.04 2.46
4.42 1.68 2.62 2.3
4.2 1.62 2.76 2.38
4.14 1.58 3.08 2.66
4.34 1.64 2.76 2.4
4.08 1.68 3.24 2.92
4.2 1.66 2.9 2.56
4.14 1.62 2.82 2.44
3.62 1.36 3.3 2.66
4.06 1.64 3.12 2.76
4.24 1.66 2.9 2.56
4.36 1.82 2.74 2.56
4.24 1.56 2.94 2.5
4.14 1.7 2.68 2.38
4.06 1.64 2.88 2.52
4.0 1.56 3.28 2.84
3.94 1.64 3.06 2.7
4.24 1.5 3.02 2.52
4.04 1.68 2.98 2.66
4.14 1.54 3.22 2.76
3.88 1.52 3.24 2.76
4.2 1.54 3.04 2.58
4.36 1.64 2.9 2.54
3.9 1.64 3.0 2.64
4.48 1.74 2.56 2.3
4.12 1.58 2.86 2.44
4.1 1.8 2.76 2.56
4.24 1.6 2.78 2.38
4.02 1.74 2.88 2.62
4.22 1.56 3.08 2.64
3.96 1.5 3.24 2.74
4.18 1.56 2.96 2.52
4.36 1.72 2.8 2.52
4.14 1.48 3.36 2.84
4.42 1.76 2.7 2.46
4.16 1.52 3.02 2.54
4.08 1.92 2.82 2.74
3.94 1.42 3.2 2.62
4.2 1.56 2.86 2.42
4.06 1.78 2.96 2.74
3.78 1.6 3.12 2.72
4.3 1.8 2.9 2.7
4.48 1.68 2.74 2.42
4.12 1.7 2.88 2.58
4.3 1.56 3.0 2.56
4.28 1.58 3.08 2.66
4.08 1.62 3.16 2.78
4.2 1.58 3.06 2.64
3.68 1.46 3.26 2.72
3.8 1.5 3.2 2.7
4.14 1.6 3.0 2.6
4.2 1.76 2.72 2.48
4.18 1.86 2.64 2.5
4.42 1.94 2.42 2.36
4.1 1.6 2.9 2.5
3.82 1.72 3.22 2.94
4.26 1.72 2.82 2.54
4.1 1.66 3.08 2.74
4.2 1.54 3.16 2.7
4.26 1.86 2.76 2.62
3.94 1.68 2.82 2.5
4.26 1.7 2.86 2.56
4.06 1.74 2.68 2.42
4.3 1.6 3.02 2.62
4.18 1.7 2.96 2.66
4.06 1.8 2.7 2.5
4.12 1.7 2.98 2.68
4.16 1.56 2.82 2.38
4.38 2.02 2.32 2.34
4.32 1.66 2.92 2.58
4.32 1.68 2.76 2.44
4.14 1.64 2.98 2.62
3.9 1.6 3.04 2.64
4.28 1.58 2.8 2.38
4.04 1.64 2.74 2.38
4.04 1.56 2.94 2.5
4.08 1.56 2.98 2.54
4.44 1.9 2.58 2.48
4.34 1.72 2.9 2.62
4.06 1.52 3.02 2.54
4.22 1.42 3.0 2.42
4.26 1.74 2.66 2.4
4.22 1.86 2.74 2.6
4.24 1.82 2.76 2.58
4.12 1.7 2.86 2.56
4.2 1.72 2.86 2.58
4.28 1.66 2.74 2.4
3.92 1.44 3.12 2.56
4.14 1.7 3.1 2.8
4.38 1.72 2.56 2.28
4.3 1.8 2.86 2.66
4.1 1.54 3.0 2.54
4.5 2.1 2.38 2.48
3.98 1.64 3.06 2.7
4.0 1.68 3.28 2.96
4.1 1.4 3.32 2.72
4.32 1.5 3.18 2.68
4.12 1.76 2.84 2.6
4.14 1.34 3.24 2.58
4.48 1.42 2.98 2.4
4.2 1.62 2.82 2.44
4.36 1.52 2.96 2.48
4.14 1.46 3.12 2.58
4.16 1.54 2.92 2.46
3.94 1.6 3.1 2.7
4.16 1.58 2.92 2.5
4.24 1.54 2.94 2.48
4.04 1.68 2.92 2.6
3.98 1.5 3.28 2.78
4.12 1.54 3.16 2.7
4.14 1.8 2.78 2.58
4.16 1.7 2.9 2.6
3.96 1.6 3.14 2.74
4.08 1.5 3.12 2.62
4.24 1.8 2.68 2.48
4.3 1.8 2.58 2.38
4.22 1.66 3.04 2.7
4.0 1.72 2.64 2.36
4.14 1.66 2.82 2.48
4.16 1.6 3.02 2.62
3.74 1.82 3.02 2.84
4.06 1.76 2.72 2.48
3.8 1.66 3.1 2.76
4.02 1.54 3.14 2.68
4.26 1.78 2.6 2.38
4.06 1.44 3.16 2.6
4.2 1.62 2.86 2.48
4.28 1.72 2.74 2.46
4.0 1.66 3.24 2.9
4.2 1.56 2.96 2.52
4.34 1.64 2.94 2.58
4.12 1.54 3.06 2.6
4.22 1.68 2.88 2.56
4.06 1.32 3.24 2.56
4.04 1.6 2.94 2.54
3.96 1.5 2.96 2.46
4.16 1.62 3.04 2.66
3.84 1.54 3.16 2.7
3.92 1.62 3.1 2.72
4.42 1.68 2.82 2.5
4.24 1.64 2.98 2.62
4.28 1.72 2.8 2.52
4.08 1.62 2.92 2.54
4.1 1.62 3.1 2.72
4.36 1.76 2.74 2.5
3.92 1.56 3.1 2.66
4.28 1.56 2.76 2.32
4.1 1.46 3.16 2.62
4.24 1.5 3.1 2.6
4.24 1.58 2.88 2.46
4.18 1.66 2.96 2.62
3.84 1.5 3.08 2.58
4.26 1.46 2.86 2.32
4.26 1.88 2.68 2.56
4.2 1.68 2.9 2.58
4.18 1.62 2.92 2.54
4.38 1.94 2.56 2.5
4.34 2.0 2.72 2.72
4.28 1.64 2.84 2.48
4.1 1.54 2.98 2.52
4.08 1.66 3.26 2.92
4.4 1.8 2.84 2.64
4.26 1.82 2.72 2.54
4.18 1.58 2.96 2.54
4.3 1.58 3.04 2.62
3.82 1.36 3.18 2.54
4.14 1.72 2.86 2.58
3.98 1.9 2.9 2.8
4.04 1.7 2.9 2.6
4.2 1.66 2.84 2.5
4.26 1.68 2.72 2.4
3.7 1.42 3.44 2.86
4.1 1.56 2.94 2.5
3.98 1.72 2.92 2.64
4.34 1.64 3.0 2.64
3.92 1.64 3.0 2.64
4.26 1.56 2.74 2.3
4.38 1.68 3.04 2.72
4.04 1.7 2.88 2.58
4.18 1.54 3.0 2.54
4.34 1.44 3.08 2.52
3.96 1.64 2.92 2.56
4.34 1.78 2.74 2.52
4.28 1.72 2.92 2.64
4.1 1.56 2.86 2.42
4.06 1.42 3.12 2.54
3.94 1.64 3.02 2.66
4.02 1.5 3.34 2.84
4.12 1.56 2.96 2.52
4.12 1.44 3.54 2.98
4.28 1.66 2.72 2.38
4.22 1.48 3.02 2.5
4.32 1.68 2.92 2.6
4.38 1.72 2.54 2.26
3.84 1.74 3.08 2.82
4.2 1.82 2.94 2.76
4.36 1.8 2.76 2.56
3.96 1.38 3.14 2.52
4.24 1.7 2.72 2.42
4.32 1.78 2.64 2.42
4.18 1.86 2.78 2.64
4.08 1.52 2.94 2.46
4.44 1.98 2.56 2.54
4.36 1.92 2.76 2.68
3.92 1.32 3.38 2.7
3.98 1.66 3.02 2.68
4.02 1.56 3.18 2.74
4.18 1.74 2.92 2.66
4.2 1.74 2.7 2.44
4.08 1.7 3.16 2.86
4.22 1.78 2.7 2.48
4.24 1.52 3.1 2.62
4.28 1.72 2.9 2.62
4.36 1.86 2.68 2.54
3.9 1.36 3.12 2.48
4.3 1.84 2.6 2.44
4.04 1.46 3.14 2.6
4.14 1.42 3.2 2.62
4.42 1.8 3.08 2.88
4.16 1.54 3.08 2.62
4.18 1.56 2.86 2.42
4.4 1.72 3.02 2.74
3.98 1.58 3.08 2.66
3.88 1.6 2.96 2.56
4.28 1.7 2.68 2.38
4.46 1.76 2.78 2.54
4.22 1.62 2.92 2.54
4.14 1.4 3.28 2.68
4.06 1.46 3.08 2.54
4.2 1.48 2.98 2.46
4.22 1.6 3.12 2.72
4.26 1.72 2.72 2.44
4.12 1.7 2.88 2.58
4.04 1.48 3.3 2.78
3.98 1.5 3.26 2.76
4.0 1.42 3.34 2.76
4.1 1.52 2.92 2.44
4.48 1.78 2.74 2.52
4.28 1.52 2.86 2.38
4.36 1.84 2.86 2.7
4.16 1.62 3.14 2.76
4.26 1.5 3.14 2.64
4.04 1.64 2.78 2.42
4.06 1.7 3.16 2.86
4.48 1.66 3.02 2.68
4.4 1.74 2.58 2.32
4.32 1.54 2.76 2.3
4.06 1.62 2.88 2.5
4.36 1.78 2.94 2.72
4.14 1.48 2.96 2.44
4.22 1.66 2.84 2.5
4.28 1.7 2.86 2.56
3.84 1.56 3.16 2.72
4.26 1.84 2.9 2.74
4.1 1.52 3.2 2.72
3.96 1.74 3.06 2.8
4.28 1.64 2.74 2.38
4.18 1.54 2.92 2.46
4.2 1.66 2.84 2.5
4.0 1.54 3.1 2.64
4.34 1.66 2.74 2.4
4.0 1.72 3.0 2.72
4.1 1.74 3.14 2.88
4.38 1.76 2.92 2.68
4.0 1.76 2.96 2.72
4.02 1.7 2.84 2.54
4.04 1.62 2.92 2.54
3.86 1.6 2.98 2.58
4.5 1.54 2.86 2.4
4.12 1.64 2.94 2.58
4.32 1.82 2.66 2.48
4.14 1.76 2.72 2.48
4.26 1.72 2.86 2.58
3.98 1.52 3.16 2.68
4.08 1.58 2.7 2.28
4.24 1.5 2.98 2.48
4.02 1.46 3.08 2.54
4.2 1.76 2.72 2.48
3.78 1.5 3.28 2.78
4.12 1.68 2.82 2.5
4.08 1.64 2.92 2.56
4.12 1.5 3.02 2.52
4.1 1.52 2.98 2.5
4.42 1.9 2.64 2.54
4.12 1.56 3.08 2.64
3.98 1.58 2.96 2.54
4.18 1.8 2.9 2.7
4.24 1.54 2.66 2.2
4.12 1.76 2.78 2.54
4.28 1.7 2.92 2.62
4.02 1.6 3.08 2.68
4.02 1.5 3.06 2.56
4.12 1.42 3.08 2.5
3.56 1.46 3.32 2.78
4.26 2.0 2.66 2.66
4.28 1.82 2.8 2.62
4.32 1.64 2.94 2.58
4.14 1.48 3.22 2.7
3.76 1.54 3.2 2.74
4.18 1.7 2.82 2.52
4.14 1.64 2.9 2.54
4.28 1.74 2.94 2.68
4.24 1.64 2.72 2.36
4.24 1.68 2.92 2.6
4.16 1.78 2.92 2.7
4.24 1.66 2.9 2.56
4.12 1.66 2.96 2.62
3.8 1.6 3.22 2.82
4.22 1.82 2.84 2.66
4.22 1.72 2.74 2.46
4.38 1.64 3.08 2.72
4.42 1.5 2.9 2.4
4.02 1.64 3.12 2.76
4.04 1.58 3.22 2.8
4.02 1.64 3.04 2.68
4.28 1.5 2.84 2.34
4.46 2.0 2.6 2.6
3.86 1.58 2.92 2.5
4.18 1.9 2.76 2.66
4.02 1.7 2.8 2.5
4.38 1.58 3.02 2.6
3.8 1.34 3.34 2.68
3.78 1.36 3.22 2.58
4.24 1.7 3.0 2.7
4.48 1.74 2.8 2.54
4.22 1.5 2.94 2.44
4.16 1.42 3.08 2.5
3.92 1.52 3.14 2.66
4.26 1.74 2.8 2.54
4.14 1.6 2.8 2.4
3.7 1.5 3.28 2.78
3.82 1.42 3.2 2.62
4.32 1.64 2.88 2.52
4.3 1.62 2.78 2.4
3.94 1.58 3.4 2.98
4.02 1.56 2.94 2.5
4.16 1.68 2.94 2.62
4.34 1.64 2.82 2.46
4.22 1.72 2.88 2.6
4.3 1.66 2.96 2.62
3.94 1.42 3.28 2.7
4.24 1.56 2.9 2.46
4.32 1.72 2.94 2.66
4.0 1.74 3.0 2.74
4.16 1.58 3.1 2.68
4.16 1.82 3.0 2.82
3.82 1.48 3.16 2.64
4.24 1.74 2.82 2.56
4.04 1.74 2.78 2.52
4.2 1.68 2.66 2.34
3.74 1.36 3.3 2.66
4.34 1.76 2.82 2.58
4.06 1.76 2.74 2.5
4.04 1.68 2.82 2.5
4.24 1.58 2.96 2.54
4.08 1.84 2.7 2.54
4.22 1.62 3.04 2.66
4.24 1.54 2.86 2.4
4.14 1.68 2.92 2.6
4.28 1.54 3.0 2.54
4.14 1.54 3.02 2.56
4.3 1.68 2.88 2.56
4.2 1.74 2.82 2.56
4.06 1.52 2.96 2.48
4.34 1.72 2.82 2.54
4.04 1.58 3.06 2.64
4.08 1.9 2.78 2.68
3.62 1.26 3.66 2.92
4.16 1.62 3.18 2.8
4.36 1.48 2.98 2.46
4.28 1.72 2.9 2.62
4.3 1.86 2.72 2.58
4.22 1.78 2.78 2.56
3.98 1.68 2.88 2.56
4.26 1.78 2.86 2.64
3.96 1.7 2.86 2.56
4.0 1.4 3.16 2.56
4.16 1.46 2.92 2.38
4.12 1.66 3.08 2.74
4.26 1.64 2.88 2.52
4.02 1.44 3.2 2.64
4.24 1.6 2.9 2.5
4.12 1.74 2.84 2.58
3.98 1.42 3.1 2.52
4.22 1.56 3.02 2.58
4.16 1.82 2.92 2.74
4.26 1.64 3.06 2.7
3.94 1.6 2.88 2.48
4.12 1.52 2.88 2.4
4.1 1.62 2.88 2.5
4.38 2.06 2.42 2.48
4.06 1.68 2.96 2.64
4.22 1.68 3.0 2.68
3.94 1.86 2.98 2.84
3.94 1.6 3.16 2.76
3.94 1.72 3.0 2.72
4.4 1.56 2.66 2.22
4.16 1.68 3.18 2.86
4.34 1.58 2.96 2.54
4.18 2.08 2.48 2.56
4.24 1.66 2.94 2.6
4.32 1.5 2.92 2.42
4.14 1.46 3.14 2.6
4.1 1.62 3.0 2.62
3.98 1.46 3.28 2.74
4.3 1.82 2.88 2.7
3.94 1.76 3.08 2.84
4.18 1.58 3.1 2.68
4.22 1.88 2.64 2.52
4.1 1.82 2.8 2.62
4.12 1.88 2.88 2.76
4.0 1.6 2.84 2.44
3.9 1.6 2.94 2.54
4.32 1.48 2.88 2.36
3.94 1.64 3.02 2.66
4.28 1.68 2.76 2.44
4.06 1.62 2.82 2.44
4.14 1.8 2.84 2.64
4.18 1.54 3.04 2.58
4.28 1.56 2.86 2.42
4.22 1.58 3.02 2.6
4.0 1.34 3.4 2.74
4.28 1.56 2.9 2.46
4.4 1.86 2.52 2.38
3.98 1.38 3.16 2.54
4.16 1.88 2.96 2.84
4.02 1.58 3.06 2.64
4.18 1.78 2.64 2.42
4.18 1.52 3.1 2.62
4.24 1.58 2.78 2.36
4.34 1.86 2.66 2.52
3.78 1.52 3.12 2.64
4.24 1.66 2.74 2.4
4.2 1.78 3.12 2.9
4.52 1.86 2.64 2.5
4.04 1.62 3.2 2.82
4.28 1.74 2.96 2.7
4.0 1.94 2.86 2.8
4.16 1.64 3.06 2.7
4.02 1.48 3.0 2.48
4.16 1.78 2.88 2.66
4.18 1.64 2.82 2.46
4.3 1.98 2.58 2.56
4.16 1.46 3.2 2.66
4.22 1.58 2.96 2.54
4.42 1.6 2.94 2.54
4.36 1.74 2.66 2.4
4.42 1.82 2.58 2.4
3.96 1.92 2.98 2.9
4.3 1.58 3.0 2.58
3.94 1.44 3.22 2.66
4.06 1.7 2.74 2.44
4.2 1.92 2.84 2.76
4.4 1.74 2.94 2.68
3.9 1.62 3.32 2.94
4.26 1.74 2.82 2.56
4.1 1.86 2.84 2.7
3.8 1.4 3.28 2.68
4.18 1.6 3.0 2.6
4.14 1.62 3.02 2.64
4.2 1.5 2.96 2.46
4.3 1.72 2.78 2.5
4.04 1.58 2.98 2.56
4.3 1.72 2.76 2.48
4.2 1.84 2.72 2.56
3.82 1.48 3.16 2.64
3.94 1.5 3.48 2.98
4.14 1.72 2.92 2.64
4.32 1.74 2.76 2.5
4.26 1.6 2.94 2.54
4.06 1.54 3.24 2.78
4.32 1.6 2.82 2.42
4.18 1.62 3.04 2.66
4.16 1.44 3.12 2.56
4.44 1.68 2.54 2.22
4.28 1.56 3.1 2.66
4.44 1.62 2.88 2.5
3.94 1.48 2.92 2.4
4.22 1.74 2.76 2.5
3.82 1.52 3.18 2.7
4.12 1.52 2.9 2.42
4.16 1.74 2.86 2.6
4.14 1.42 3.1 2.52
4.38 1.84 2.94 2.78
4.28 1.72 2.68 2.4
4.24 1.34 3.1 2.44
4.32 1.76 2.82 2.58
3.92 1.44 3.16 2.6
4.04 1.36 3.12 2.48
4.24 1.7 2.9 2.6
3.84 1.58 3.2 2.78
4.08 1.68 3.0 2.68
4.32 1.46 3.14 2.6
4.36 1.78 2.9 2.68
4.02 1.46 2.8 2.26
4.56 1.9 2.5 2.4
4.02 1.34 3.16 2.5
4.18 1.7 2.74 2.44
4.34 1.68 2.84 2.52
4.3 1.76 2.72 2.48
3.88 1.58 3.26 2.84
4.34 1.82 2.92 2.74
3.94 1.44 3.0 2.44
4.16 1.58 2.86 2.44
4.3 1.6 2.88 2.48
4.22 1.82 2.78 2.6
4.22 1.76 2.84 2.6
4.0 1.62 3.0 2.62
4.12 1.56 2.96 2.52
3.88 1.44 3.2 2.64
4.14 1.58 3.14 2.72
4.2 1.64 3.08 2.72
4.38 1.58 2.82 2.4
4.26 1.62 2.9 2.52
4.04 1.4 3.2 2.6
4.02 1.56 3.02 2.58
3.8 1.38 3.34 2.72
4.3 2.02 2.62 2.64
4.04 1.58 3.02 2.6
4.18 1.72 2.92 2.64
4.1 1.42 3.1 2.52
4.24 1.74 2.88 2.62
4.34 1.8 2.78 2.58
4.48 1.64 2.88 2.52
4.2 1.46 3.1 2.56
4.18 1.56 2.72 2.28
3.98 1.52 3.2 2.72
4.06 1.52 3.18 2.7
4.2 1.68 2.74 2.42
4.06 1.7 2.88 2.58
4.22 1.84 2.7 2.54
4.38 1.82 2.74 2.56
4.36 1.82 2.84 2.66
4.04 1.48 2.94 2.42
4.02 1.48 3.18 2.66
3.96 1.56 3.16 2.72
4.1 1.58 2.92 2.5
4.14 1.6 3.02 2.62
3.94 1.64 2.96 2.6
4.28 1.76 2.78 2.54
4.12 1.6 3.04 2.64
4.22 1.82 2.56 2.38
4.52 1.8 2.68 2.48
4.16 1.64 2.94 2.58
4.36 1.74 2.88 2.62
4.12 1.72 2.9 2.62
4.36 1.76 2.72 2.48
4.26 1.56 3.14 2.7
4.52 1.88 2.68 2.56
4.22 1.56 2.88 2.44
3.94 1.42 3.3 2.72
4.26 1.64 2.96 2.6
4.12 1.52 3.06 2.58
4.18 1.68 2.82 2.5
4.14 1.64 2.8 2.44
3.9 1.5 3.16 2.66
4.3 1.9 2.58 2.48
4.42 1.6 3.04 2.64
3.94 1.6 3.1 2.7
4.08 1.6 3.28 2.88
3.94 1.54 2.96 2.5
4.0 1.28 3.26 2.54
4.1 1.5 3.12 2.62
4.4 1.76 2.76 2.52
4.38 1.82 2.7 2.52
4.1 1.76 2.88 2.64
3.98 1.52 3.0 2.52
4.52 1.96 2.6 2.56
3.98 1.4 3.08 2.48
4.2 1.82 2.82 2.64
4.04 1.52 3.24 2.76
4.18 1.58 2.72 2.3
4.06 1.68 2.9 2.58
4.0 1.56 3.06 2.62
4.08 1.58 2.94 2.52
4.04 1.44 3.24 2.68
4.16 1.6 3.2 2.8
4.22 1.72 2.82 2.54
4.08 1.58 3.14 2.72
4.34 1.68 2.76 2.44
4.02 1.32 3.26 2.58
4.0 1.82 2.98 2.8
4.22 2.02 2.6 2.62
4.16 1.86 2.88 2.74
4.26 1.68 2.74 2.42
4.06 1.58 3.06 2.64
4.1 1.46 3.06 2.52
4.4 1.9 2.7 2.6
4.14 1.72 3.06 2.78
4.1 1.7 2.86 2.56
4.0 1.64 2.94 2.58
4.16 1.52 3.04 2.56
3.92 1.54 3.34 2.88
4.16 1.58 3.14 2.72
4.18 1.52 2.9 2.42
4.48 1.62 2.68 2.3
4.02 1.54 3.08 2.62
4.02 1.72 3.14 2.86
4.3 1.66 3.04 2.7
4.34 1.78 2.52 2.3
3.88 1.54 3.14 2.68
4.06 1.46 3.16 2.62
3.92 1.42 3.16 2.58
4.04 1.66 2.8 2.46
4.46 1.76 2.7 2.46
3.98 1.46 3.26 2.72
4.1 1.72 2.94 2.66
4.26 1.54 3.0 2.54
4.3 1.76 2.98 2.74
4.12 1.48 3.08 2.56
4.16 1.68 2.76 2.44
4.06 1.58 3.04 2.62
4.36 1.76 2.82 2.58
4.1 1.68 3.06 2.74
4.04 1.72 2.86 2.58
4.32 1.82 2.56 2.38
4.1 1.52 3.04 2.56
4.32 1.56 3.04 2.6
4.34 1.9 2.9 2.8
3.96 1.78 2.86 2.64
4.14 1.66 2.8 2.46
4.3 1.88 2.48 2.36
4.06 1.64 3.02 2.66
4.36 1.76 2.7 2.46
4.12 1.8 2.74 2.54
4.1 1.5 2.78 2.28
4.06 1.66 2.72 2.38
4.34 1.56 2.9 2.46
4.26 1.76 2.74 2.5
3.88 1.44 3.32 2.76
4.08 1.68 2.86 2.54
4.26 1.58 2.9 2.48
4.12 1.58 2.92 2.5
4.04 1.56 3.08 2.64
4.3 1.54 2.88 2.42
3.72 1.38 3.2 2.58
4.14 1.72 2.96 2.68
4.24 1.76 2.76 2.52
3.88 1.54 3.06 2.6
4.34 1.62 2.82 2.44
4.36 1.82 2.88 2.7
4.24 1.72 2.98 2.7
3.98 1.6 3.0 2.6
4.22 1.64 2.8 2.44
4.0 1.54 3.04 2.58
4.02 1.6 3.0 2.6
4.18 1.76 2.58 2.34
4.14 1.36 3.18 2.54
4.34 1.6 2.94 2.54
4.2 1.8 2.94 2.74
3.96 1.7 3.22 2.92
4.18 1.5 2.9 2.4
4.34 1.7 2.82 2.52
4.36 1.52 3.1 2.62
4.2 1.8 2.66 2.46
4.3 1.76 2.76 2.52
4.08 1.44 3.18 2.62
4.38 2.02 2.48 2.5
4.02 1.58 3.14 2.72
4.6 2.0 2.48 2.48
4.26 1.58 2.98 2.56
4.16 1.5 3.1 2.6
4.2 1.76 3.1 2.86
3.96 1.56 2.98 2.54
4.3 1.72 2.92 2.64
4.2 1.4 3.22 2.62
4.14 1.72 2.9 2.62
4.08 1.48 3.28 2.76
4.16 1.68 2.84 2.52
4.38 1.6 2.78 2.38
4.02 1.62 2.96 2.58
4.24 1.86 2.64 2.5
3.9 1.52 3.06 2.58
4.22 1.64 3.0 2.64
3.96 1.42 3.32 2.74
4.08 1.74 2.94 2.68
4.16 1.48 3.08 2.56
3.98 1.68 2.88 2.56
4.04 1.58 3.0 2.58
4.04 1.64 2.78 2.42
4.22 1.68 2.88 2.56
4.24 1.74 2.94 2.68
4.08 1.9 2.66 2.56
4.2 1.72 2.86 2.58
4.26 1.64 2.9 2.54
4.4 1.58 2.86 2.44
4.26 1.48 2.82 2.3
4.12 1.66 3.02 2.68
4.12 1.7 2.82 2.52
4.32 1.86 2.72 2.58
4.48 1.62 2.62 2.24
4.16 1.62 2.94 2.56
4.04 1.56 3.18 2.74
4.24 1.92 2.64 2.56
4.28 1.82 2.8 2.62
4.04 1.74 3.02 2.76
4.08 1.62 2.96 2.58
4.12 1.32 3.14 2.46
4.2 1.68 3.06 2.74
4.18 1.66 2.9 2.56
4.2 1.46 3.24 2.7
4.06 1.46 3.08 2.54
4.3 1.62 2.76 2.38
4.1 1.54 2.88 2.42
4.08 1.56 3.24 2.8
4.46 1.82 2.64 2.46
4.18 1.82 2.72 2.54
4.04 1.64 2.98 2.62
4.06 1.54 3.18 2.72
4.1 1.82 2.7 2.52
3.96 1.52 3.0 2.52
4.12 1.58 3.06 2.64
4.38 1.84 2.78 2.62
4.1 1.56 3.04 2.6
4.02 1.58 2.98 2.56
4.4 1.82 2.62 2.44
4.2 1.46 3.14 2.6
4.7 1.8 2.52 2.32
4.38 1.54 2.72 2.26
4.3 1.92 2.64 2.56
4.32 1.8 2.74 2.54
4.2 1.78 2.72 2.5
4.04 1.38 3.36 2.74
4.3 1.68 2.76 2.44
4.2 1.6 2.82 2.42
4.22 1.58 2.64 2.22
3.98 1.76 2.86 2.62
4.08 1.5 3.12 2.62
4.2 1.42 3.18 2.6
4.26 1.56 3.2 2.76
3.98 1.6 3.22 2.82
4.38 1.74 2.82 2.56
4.16 1.86 2.58 2.44
4.14 1.62 2.98 2.6
4.28 1.76 2.78 2.54
4.28 1.62 3.0 2.62
4.38 1.94 2.6 2.54
4.12 1.66 2.92 2.58
4.06 1.56 3.06 2.62
4.32 1.64 2.94 2.58
4.2 1.7 2.72 2.42
4.32 1.76 2.62 2.38
4.14 1.44 3.16 2.6
4.08 1.56 2.98 2.54
4.24 1.62 2.94 2.56
4.34 1.62 2.74 2.36
4.08 1.34 3.12 2.46
4.28 1.72 2.84 2.56
4.26 1.46 3.1 2.56
4.1 1.52 3.14 2.66
4.08 1.42 3.14 2.56
4.0 1.5 3.2 2.7
4.14 1.82 2.84 2.66
4.14 1.56 3.18 2.74
4.22 1.66 2.84 2.5
4.1 1.66 3.0 2.66
3.86 1.42 3.08 2.5
4.3 1.96 2.66 2.62
4.26 1.72 2.74 2.46
4.32 1.86 2.96 2.82
4.12 1.46 2.94 2.4
4.12 1.66 2.92 2.58
4.2 1.66 2.78 2.44
4.04 1.68 3.0 2.68
4.2 1.82 2.98 2.8
4.36 1.72 2.94 2.66
3.94 1.34 3.18 2.52
4.34 1.98 2.68 2.66
4.26 1.66 2.7 2.36
4.3 2.0 2.66 2.66
4.36 1.72 2.76 2.48
4.06 1.58 2.92 2.5
4.3 1.7 2.74 2.44
4.02 1.54 2.88 2.42
4.1 1.46 2.86 2.32
4.26 1.62 3.0 2.62
4.18 1.48 3.12 2.6
4.34 1.8 2.84 2.64
4.14 1.46 3.28 2.74
3.96 1.64 2.86 2.5
4.16 1.56 2.86 2.42
4.34 1.64 2.68 2.32
4.08 1.68 2.94 2.62
3.8 1.58 3.18 2.76
4.14 1.5 3.06 2.56
4.22 1.88 2.88 2.76
4.2 1.74 2.74 2.48
4.12 1.56 3.06 2.62
3.96 1.46 3.1 2.56
4.22 1.56 2.92 2.48
4.32 1.76 2.62 2.38
4.3 1.66 2.8 2.46
4.36 1.74 2.82 2.56
4.02 1.46 2.96 2.42
4.32 1.8 2.76 2.56
4.16 1.78 2.92 2.7
4.18 1.38 3.02 2.4
4.34 1.62 2.74 2.36
4.06 1.7 2.9 2.6
4.28 1.76 2.58 2.34
4.18 1.76 2.78 2.54
4.16 1.6 3.02 2.62
4.2 1.5 2.96 2.46
4.2 1.46 3.06 2.52
4.14 1.62 2.82 2.44
4.04 1.54 3.02 2.56
4.24 1.76 2.76 2.52
4.06 1.8 2.8 2.6
4.18 1.7 2.76 2.46
4.18 1.6 3.02 2.62
4.14 1.62 2.84 2.46
4.06 1.56 3.1 2.66
4.12 1.72 2.74 2.46
3.92 1.44 3.18 2.62
4.04 1.62 2.82 2.44
4.2 1.64 2.98 2.62
4.06 1.56 3.04 2.6
4.26 1.62 2.94 2.56
4.22 1.68 2.72 2.4
4.2 1.76 2.7 2.46
4.26 1.82 2.98 2.8
4.28 1.68 2.92 2.6
4.18 1.7 2.9 2.6
4.1 1.54 3.12 2.66
4.12 1.64 3.08 2.72
3.96 1.7 3.02 2.72
4.14 1.5 3.26 2.76
4.2 1.74 3.08 2.82
4.12 1.58 3.02 2.6
3.74 1.42 3.36 2.78
4.44 1.56 2.94 2.5
4.1 1.66 3.14 2.8
4.34 1.62 3.08 2.7
4.08 1.78 2.88 2.66
4.22 1.5 2.88 2.38
4.02 1.68 3.02 2.7
4.28 1.92 2.62 2.54
4.14 1.62 3.0 2.62
3.96 1.32 3.38 2.7
4.14 1.62 2.86 2.48
4.38 1.44 2.96 2.4
4.32 1.96 2.76 2.72
4.28 1.94 2.58 2.52
4.44 1.96 2.58 2.54
4.18 1.58 2.96 2.54
3.9 1.58 3.12 2.7
4.26 1.58 3.12 2.7
4.36 1.66 2.84 2.5
3.98 1.6 3.02 2.62
3.88 1.42 3.4 2.82
4.06 1.5 3.34 2.84
4.36 1.62 3.06 2.68
4.14 1.74 2.78 2.52
4.38 1.8 2.86 2.66
4.08 1.62 2.86 2.48
3.96 1.5 3.0 2.5
4.3 1.76 2.84 2.6
4.22 1.76 3.08 2.84
4.38 1.86 2.4 2.26
3.96 1.7 3.0 2.7
3.9 1.7 3.1 2.8
4.38 1.58 3.02 2.6
4.26 1.7 2.68 2.38
4.22 1.8 2.7 2.5
4.32 1.9 2.66 2.56
4.2 1.64 2.82 2.46
4.22 1.76 2.76 2.52
4.0 1.62 2.96 2.58
4.4 1.5 3.0 2.5
4.42 1.84 2.76 2.6
4.32 1.78 2.76 2.54
4.06 1.46 3.12 2.58
4.24 1.74 2.8 2.54
4.2 1.84 2.68 2.52
3.88 1.34 3.32 2.66
4.1 1.58 3.16 2.74
3.98 1.72 3.14 2.86
4.0 1.66 2.96 2.62
4.18 1.68 2.84 2.52
4.2 1.48 3.1 2.58
4.18 1.5 2.72 2.22
4.3 1.6 2.92 2.52
3.98 1.76 2.86 2.62
4.1 1.44 3.22 2.66
4.26 1.58 2.92 2.5
4.26 1.84 2.86 2.7
4.14 1.64 2.94 2.58
4.28 1.9 2.7 2.6
4.42 1.84 2.56 2.4
4.16 2.04 2.78 2.82
4.38 1.64 3.02 2.66
3.98 1.42 3.18 2.6
4.08 1.54 2.82 2.36
4.5 1.84 2.7 2.54
4.32 1.82 2.64 2.46
4.24 1.54 2.94 2.48
4.02 1.54 2.9 2.44
4.24 1.76 2.88 2.64
4.34 1.72 2.64 2.36
4.14 1.56 2.84 2.4
4.22 1.68 2.94 2.62
4.08 1.72 2.98 2.7
4.04 1.72 3.02 2.74
4.32 1.84 2.84 2.68
3.92 1.7 2.8 2.5
4.16 1.58 2.76 2.34
4.1 1.62 3.04 2.66
4.32 1.84 2.82 2.66
4.42 1.66 3.0 2.66
4.36 1.84 2.66 2.5
4.16 1.5 3.2 2.7
4.26 1.68 2.92 2.6
4.22 1.52 2.96 2.48
4.14 2.06 2.64 2.7
4.02 1.62 2.92 2.54
4.02 1.36 3.22 2.58
4.36 1.68 2.84 2.52
4.36 1.58 3.1 2.68
4.44 1.88 2.46 2.34
3.94 1.6 2.86 2.46
4.18 1.76 2.76 2.52
3.96 1.42 3.34 2.76
3.94 1.42 3.08 2.5
4.4 1.74 2.82 2.56
4.32 1.9 2.6 2.5
3.98 1.64 2.9 2.54
4.2 1.64 2.78 2.42
4.26 1.74 2.92 2.66
4.28 1.72 2.76 2.48
4.22 1.6 2.78 2.38
3.8 1.6 3.04 2.64
4.18 1.76 2.92 2.68
4.24 1.98 2.84 2.82
4.1 1.74 2.62 2.36
4.1 1.78 2.98 2.76
4.16 1.5 3.0 2.5
4.22 1.56 2.92 2.48
4.06 1.64 2.9 2.54
4.18 1.7 2.78 2.48
4.26 1.5 3.08 2.58
4.26 1.76 2.62 2.38
3.9 1.58 3.14 2.72
4.32 1.88 2.84 2.72
3.88 1.52 3.08 2.6
3.96 1.34 3.28 2.62
4.26 1.62 3.12 2.74
4.1 2.0 2.7 2.7
4.24 1.88 2.82 2.7
4.08 1.46 3.02 2.48
4.38 1.86 2.66 2.52
4.34 1.62 2.8 2.42
4.22 1.74 2.88 2.62
4.1 1.46 3.04 2.5
4.22 1.88 2.84 2.72
4.18 1.66 2.88 2.54
4.14 1.56 3.0 2.56
4.22 1.5 3.04 2.54
4.22 1.76 2.88 2.64
4.18 1.52 2.8 2.32
3.96 1.5 3.12 2.62
4.12 1.66 2.92 2.58
4.16 1.6 3.0 2.6
4.22 1.74 2.92 2.66
4.06 1.58 3.02 2.6
4.3 1.6 3.0 2.6
4.32 1.92 2.72 2.64
4.04 1.6 2.78 2.38
4.44 1.8 2.78 2.58
4.06 1.46 3.14 2.6
4.22 1.58 3.0 2.58
4.3 2.08 2.5 2.58
4.18 1.58 2.92 2.5
4.34 1.74 2.7 2.44
4.12 1.5 2.74 2.24
4.12 1.48 3.08 2.56
4.26 1.66 2.8 2.46
3.76 1.46 3.12 2.58
4.28 1.76 2.74 2.5
4.1 1.54 3.08 2.62
4.2 1.7 2.8 2.5
3.88 1.56 3.16 2.72
4.28 1.66 2.86 2.52
4.52 1.76 2.74 2.5
4.0 1.6 2.98 2.58
4.3 1.7 2.66 2.36
4.24 1.6 2.98 2.58
4.18 1.54 3.02 2.56
4.18 1.62 2.98 2.6
4.0 1.58 3.08 2.66
3.9 1.62 2.9 2.52
4.14 1.66 2.82 2.48
4.32 1.7 3.0 2.7
4.2 1.7 2.92 2.62
4.38 1.92 2.52 2.44
4.2 1.64 3.0 2.64
4.1 1.64 2.94 2.58
4.34 1.74 2.88 2.62
4.2 1.44 3.18 2.62
4.3 1.82 2.8 2.62
4.16 1.54 2.9 2.44
4.42 1.42 3.14 2.56
4.0 1.8 2.8 2.6
4.04 1.7 2.76 2.46
3.94 1.44 3.26 2.7
4.16 1.86 2.78 2.64
4.44 2.0 2.74 2.74
4.4 1.92 2.66 2.58
4.16 1.64 3.08 2.72
3.92 1.3 3.26 2.56
4.3 1.76 2.72 2.48
4.16 1.66 2.96 2.62
4.0 1.38 3.36 2.74
4.2 1.76 2.98 2.74
4.36 1.78 2.92 2.7
4.2 1.62 2.8 2.42
3.86 1.44 3.18 2.62
4.1 1.6 2.96 2.56
4.12 1.68 2.92 2.6
4.24 1.74 2.92 2.66
4.02 1.38 3.38 2.76
4.12 1.72 3.02 2.74
4.06 1.52 3.0 2.52
4.08 1.82 2.9 2.72
3.88 1.46 3.1 2.56
4.04 1.5 3.06 2.56
3.96 1.46 3.08 2.54
4.14 1.7 2.8 2.5
4.42 1.78 2.9 2.68
4.18 1.64 3.04 2.68
4.3 1.82 2.92 2.74
4.16 1.64 2.92 2.56
4.42 1.88 2.74 2.62
4.06 1.82 3.08 2.9
4.48 1.82 2.62 2.44
4.2 1.52 3.0 2.52
4.02 1.66 2.98 2.64
4.34 1.64 2.92 2.56
3.98 1.64 3.12 2.76
4.04 1.54 3.04 2.58
4.28 1.56 2.84 2.4
4.06 1.66 2.9 2.56
4.02 1.54 3.22 2.76
4.42 1.56 2.72 2.28
4.4 1.72 2.88 2.6
4.22 1.58 3.04 2.62
4.16 1.36 3.24 2.6
4.34 1.68 2.86 2.54
4.24 1.7 2.98 2.68
4.08 1.32 3.16 2.48
3.96 1.54 2.94 2.48
4.22 1.64 2.9 2.54
4.26 1.84 2.82 2.66
4.24 1.52 2.9 2.42
4.28 1.82 2.5 2.32
4.36 1.5 3.0 2.5
3.94 1.44 3.18 2.62
4.18 1.68 2.96 2.64
4.1 1.62 2.94 2.56
4.18 1.56 2.96 2.52
4.16 1.54 3.22 2.76
4.12 1.58 3.02 2.6
4.16 1.66 3.02 2.68
4.18 1.6 3.16 2.76
3.94 1.74 2.9 2.64
4.26 1.66 2.88 2.54
4.4 1.72 2.94 2.66
4.16 1.68 2.9 2.58
4.16 1.42 3.18 2.6
3.9 1.4 3.34 2.74
4.14 1.64 3.0 2.64
4.34 1.64 2.88 2.52
4.08 1.68 2.94 2.62
4.14 1.6 3.06 2.66
4.3 1.74 2.8 2.54
4.26 1.54 2.94 2.48
4.18 1.54 3.1 2.64
4.4 1.82 2.76 2.58
3.66 1.4 3.44 2.84
4.08 1.66 3.14 2.8
4.3 1.78 2.8 2.58
4.24 1.56 3.04 2.6
4.3 1.76 2.86 2.62
4.26 2.0 2.7 2.7
4.18 1.6 2.98 2.58
4.08 1.58 2.72 2.3
4.46 2.06 2.7 2.76
3.98 1.58 3.28 2.86
4.3 1.82 2.8 2.62
4.34 1.64 2.78 2.42
4.0 1.72 2.92 2.64
4.2 1.5 3.06 2.56
4.0 1.58 3.0 2.58
4.04 1.6 2.86 2.46
4.28 1.48 3.14 2.62
4.12 1.62 3.0 2.62
4.24 1.7 2.8 2.5
4.44 1.52 2.8 2.32
4.02 1.4 3.12 2.52
4.32 1.78 2.64 2.42
4.22 1.78 2.96 2.74
4.1 1.44 3.02 2.46
4.32 1.68 2.76 2.44
4.12 1.76 2.9 2.66
4.26 1.62 2.92 2.54
4.14 1.64 2.96 2.6
4.3 1.62 3.0 2.62
4.34 1.72 2.76 2.48
4.26 1.72 2.74 2.46
3.9 1.52 3.3 2.82
4.22 1.76 2.66 2.42
4.26 1.56 3.04 2.6
4.04 1.68 2.92 2.6
4.24 1.84 2.66 2.5
4.32 1.6 3.02 2.62
3.94 1.64 3.1 2.74
4.1 1.7 3.04 2.74
4.24 1.72 2.62 2.34
4.18 1.66 2.82 2.48
4.12 1.64 2.96 2.6
4.3 1.66 2.72 2.38
4.3 1.72 2.66 2.38
4.0 1.52 2.86 2.38
4.08 1.66 2.84 2.5
4.28 1.76 2.92 2.68
4.36 1.62 2.74 2.36
4.12 1.62 3.2 2.82
4.2 1.88 2.76 2.64
3.96 1.72 2.9 2.62
4.0 1.54 3.2 2.74
4.06 1.76 2.94 2.7
4.14 1.82 2.9 2.72
4.08 1.6 3.1 2.7
4.18 1.64 2.74 2.38
4.16 1.58 2.92 2.5
4.24 1.68 2.82 2.5
4.24 1.74 2.82 2.56
4.04 1.76 2.76 2.52
4.5 1.74 2.7 2.44
4.06 1.56 2.84 2.4
4.02 1.6 3.2 2.8
4.12 1.4 3.1 2.5
4.14 1.76 2.7 2.46
4.16 1.6 3.0 2.6
4.0 1.62 3.06 2.68
4.24 1.6 2.94 2.54
4.26 1.52 2.9 2.42
4.22 1.68 2.84 2.52
4.02 1.56 3.18 2.74
4.28 1.54 3.04 2.58
4.22 1.68 3.04 2.72
4.04 1.5 3.14 2.64
4.4 1.94 2.58 2.52
4.24 1.84 2.86 2.7
4.26 1.64 3.16 2.8
4.2 1.56 2.96 2.52
4.38 1.92 2.74 2.66
4.3 1.8 2.8 2.6
4.44 1.86 2.48 2.34
4.1 1.5 3.02 2.52
4.18 1.54 2.82 2.36
4.32 1.76 2.92 2.68
4.16 1.68 3.08 2.76
3.96 1.7 3.02 2.72
4.26 1.58 3.1 2.68
4.1 1.68 3.06 2.74
4.3 1.98 2.48 2.46
4.4 1.74 2.94 2.68
4.28 1.66 2.96 2.62
4.12 1.76 2.9 2.66
4.36 1.68 2.86 2.54
4.04 1.66 3.3 2.96
4.12 1.6 3.08 2.68
4.18 1.64 2.92 2.56
4.04 1.56 3.16 2.72
3.94 1.6 3.02 2.62
4.02 1.46 2.94 2.4
4.18 1.54 2.86 2.4
4.08 1.44 3.08 2.52
4.0 1.6 3.1 2.7
4.24 1.62 2.8 2.42
4.1 1.66 2.9 2.56
4.12 1.68 2.66 2.34
4.28 1.86 2.74 2.6
4.12 1.74 2.86 2.6
4.22 1.84 2.6 2.44
4.12 1.54 3.08 2.62
4.1 1.64 2.92 2.56
4.22 1.66 2.96 2.62
4.26 1.52 2.86 2.38
4.24 1.76 2.82 2.58
4.22 1.64 3.02 2.66
4.14 1.6 3.22 2.82
4.42 1.68 3.02 2.7
4.2 1.72 2.8 2.52
3.88 1.68 3.14 2.82
4.06 1.58 2.98 2.56
4.34 1.74 2.72 2.46
4.2 1.86 2.7 2.56
4.02 1.54 3.12 2.66
4.28 1.54 3.0 2.54
4.16 1.72 2.94 2.66
4.18 1.46 2.94 2.4
4.48 1.8 2.76 2.56
4.04 1.44 3.14 2.58
4.36 1.62 3.1 2.72
3.98 1.54 3.0 2.54
3.9 1.42 3.28 2.7
4.18 1.64 2.88 2.52
4.0 1.54 3.04 2.58
4.1 1.54 3.06 2.6
3.9 1.44 3.14 2.58
3.94 1.38 2.98 2.36
4.46 1.66 2.78 2.44
4.24 1.58 2.8 2.38
4.04 1.72 2.96 2.68
4.32 1.64 2.94 2.58
4.18 1.54 2.96 2.5
4.04 1.48 3.24 2.72
4.18 1.56 3.08 2.64
3.94 1.5 3.04 2.54
3.76 1.46 3.24 2.7
4.22 1.44 2.98 2.42
4.16 1.46 3.18 2.64
4.36 1.76 2.7 2.46
4.24 1.84 2.64 2.48
4.36 1.9 2.72 2.62
4.18 1.78 2.72 2.5
4.32 1.64 2.8 2.44
4.12 1.62 2.98 2.6
4.12 1.7 2.94 2.64
4.04 1.46 3.32 2.78
4.08 1.56 3.16 2.72
4.16 1.3 3.22 2.52
4.12 1.5 3.06 2.56
4.38 1.5 2.86 2.36
4.04 1.72 2.86 2.58
4.18 1.62 2.94 2.56
4.12 1.46 3.12 2.58
4.12 1.56 2.84 2.4
4.24 1.8 2.94 2.74
4.32 1.78 2.82 2.6
4.28 1.68 3.0 2.68
3.92 1.56 3.3 2.86
4.12 1.56 3.0 2.56
4.02 1.54 3.16 2.7
4.14 1.64 2.82 2.46
4.06 1.58 3.0 2.58
4.14 1.5 3.18 2.68
4.44 1.58 2.96 2.54
4.22 1.72 2.76 2.48
4.22 1.74 2.76 2.5
4.34 1.66 2.9 2.56
4.24 1.82 2.7 2.52
4.18 1.6 2.96 2.56
3.92 1.48 3.18 2.66
4.18 1.86 2.7 2.56
4.04 1.66 2.94 2.6
4.46 1.78 2.68 2.46
3.94 1.7 3.06 2.76
4.14 1.56 3.02 2.58
4.02 1.52 3.12 2.64
4.12 1.68 2.88 2.56
4.26 1.78 2.56 2.34
4.18 1.46 2.96 2.42
4.26 1.86 2.7 2.56
4.34 1.82 2.6 2.42
4.08 1.4 3.06 2.46
4.26 1.52 2.76 2.28
3.98 1.38 3.26 2.64
4.42 1.6 2.98 2.58
4.0 1.46 3.06 2.52
4.28 2.0 2.58 2.58
4.2 1.66 2.86 2.52
4.42 1.54 2.8 2.34
4.24 1.74 2.96 2.7
4.12 1.6 3.04 2.64
4.24 1.76 3.12 2.88
4.0 1.54 2.8 2.34
4.08 1.76 3.08 2.84
4.36 1.62 2.86 2.48
4.1 1.58 2.98 2.56
4.22 1.64 3.0 2.64
4.34 1.6 2.84 2.44
4.2 1.64 2.9 2.54
4.34 1.86 2.56 2.42
4.5 1.64 2.92 2.56
4.2 1.8 2.72 2.52
4.32 1.7 2.78 2.48
4.26 1.46 2.92 2.38
4.3 1.8 2.6 2.4
4.06 1.66 3.1 2.76
3.98 1.46 3.1 2.56
4.14 1.7 2.84 2.54
4.02 1.56 3.04 2.6
4.3 1.74 2.64 2.38
4.08 1.5 2.96 2.46
4.12 1.48 3.14 2.62
4.4 1.62 2.82 2.44
4.22 1.46 3.1 2.56
4.24 1.7 2.6 2.3
4.06 1.34 3.22 2.56
3.94 1.42 3.0 2.42
4.34 1.76 2.64 2.4
3.88 1.54 3.2 2.74
4.04 1.78 3.06 2.84
4.0 1.46 3.22 2.68
4.26 1.6 3.04 2.64
4.06 1.78 2.7 2.48
3.94 1.48 3.1 2.58
4.22 1.78 2.96 2.74
4.06 1.38 3.28 2.66
4.06 1.66 2.98 2.64
4.18 1.58 2.74 2.32
4.18 1.6 2.96 2.56
4.3 1.72 2.86 2.58
4.18 1.62 2.98 2.6
4.06 1.74 2.76 2.5
4.0 1.64 3.12 2.76
4.2 1.52 3.2 2.72
4.14 1.72 2.94 2.66
4.02 1.54 2.88 2.42
3.86 1.5 3.14 2.64
3.94 1.58 2.92 2.5
4.26 1.9 3.02 2.92
4.18 1.56 2.84 2.4
4.08 1.5 2.94 2.44
4.26 1.58 2.88 2.46
3.98 1.4 3.1 2.5
4.12 1.6 2.98 2.58
3.82 1.66 2.92 2.58
4.12 1.76 2.88 2.64
4.12 1.68 2.88 2.56
4.08 1.54 2.92 2.46
3.8 1.6 3.1 2.7
4.24 1.78 2.76 2.54
4.26 1.92 2.56 2.48
3.76 1.7 3.18 2.88
4.32 1.48 3.08 2.56
4.32 1.94 2.92 2.86
3.7 1.32 3.32 2.64
4.48 1.66 2.68 2.34
4.42 1.8 2.5 2.3
4.36 1.86 2.82 2.68
3.9 1.68 3.0 2.68
3.94 1.52 2.96 2.48
4.1 1.88 2.92 2.8
3.9 1.48 3.18 2.66
4.22 2.0 2.56 2.56
4.04 1.66 2.74 2.4
4.38 1.52 3.08 2.6
3.84 1.58 3.36 2.94
4.06 1.54 3.06 2.6
4.28 1.66 3.02 2.68
4.18 1.56 2.9 2.46
4.08 1.66 2.98 2.64
4.16 1.74 2.94 2.68
4.32 1.68 2.86 2.54
4.32 1.76 2.68 2.44
4.16 1.52 3.08 2.6
4.3 1.72 2.86 2.58
4.24 1.84 3.04 2.88
4.14 1.52 3.24 2.76
4.32 1.48 2.86 2.34
4.06 1.58 2.86 2.44
4.24 1.54 2.84 2.38
4.08 1.88 2.72 2.6
4.22 1.66 2.76 2.42
4.06 1.68 2.86 2.54
4.38 1.72 2.72 2.44
4.22 1.62 3.24 2.86
4.2 1.44 2.98 2.42
4.06 1.58 2.86 2.44
4.26 1.62 2.8 2.42
4.34 1.6 2.76 2.36
4.12 1.74 2.88 2.62
4.22 1.76 2.8 2.56
4.16 1.8 2.88 2.68
4.32 1.84 2.68 2.52
4.1 1.48 3.32 2.8
4.24 1.9 2.82 2.72
4.1 1.8 2.86 2.66
4.04 1.5 3.26 2.76
4.16 1.62 2.84 2.46
4.4 1.9 2.58 2.48
4.18 1.86 2.54 2.4
4.42 1.86 2.5 2.36
4.4 1.98 2.54 2.52
4.1 1.74 2.98 2.72
4.0 1.54 3.02 2.56
4.28 1.58 2.76 2.34
3.86 1.38 3.3 2.68
4.14 1.7 2.88 2.58
4.3 1.52 2.9 2.42
4.24 1.64 2.82 2.46
4.24 1.78 2.78 2.56
4.44 1.74 2.7 2.44
4.14 1.86 2.76 2.62
4.1 1.48 3.16 2.64
4.28 1.7 2.7 2.4
4.18 1.84 2.8 2.64
4.32 1.54 2.7 2.24
4.4 1.92 2.92 2.84
4.16 1.74 2.8 2.54
4.18 1.7 2.82 2.52
4.22 1.6 3.12 2.72
4.18 1.64 2.98 2.62
4.12 1.48 3.06 2.54
4.36 1.64 2.96 2.6
4.16 1.64 2.82 2.46
4.14 1.76 2.88 2.64
4.24 1.74 2.72 2.46
4.06 1.52 3.16 2.68
4.2 1.66 2.94 2.6
4.26 1.9 2.76 2.66
4.26 1.74 2.66 2.4
4.24 1.5 2.98 2.48
4.2 1.98 2.76 2.74
4.3 1.86 2.68 2.54
4.22 1.68 3.0 2.68
4.26 1.44 2.96 2.4
4.04 1.42 3.32 2.74
4.46 1.92 2.52 2.44
4.16 1.66 2.8 2.46
4.18 1.44 3.06 2.5
4.14 1.38 3.28 2.66
4.32 1.68 2.76 2.44
4.16 1.56 2.98 2.54
4.16 1.52 2.94 2.46
4.02 1.46 3.18 2.64
3.96 1.54 3.18 2.72
4.14 1.64 2.92 2.56
4.26 1.68 2.9 2.58
4.38 1.64 2.8 2.44
3.94 1.42 3.08 2.5
3.84 1.52 3.1 2.62
4.1 1.84 2.86 2.7
3.96 1.64 3.04 2.68
4.32 1.72 2.96 2.68
4.24 1.68 2.94 2.62
4.44 1.76 2.8 2.56
4.32 1.76 2.78 2.54
4.0 1.6 2.92 2.52
4.12 1.54 3.12 2.66
3.86 1.46 3.08 2.54
4.2 1.78 2.8 2.58
3.98 1.48 3.2 2.68
4.1 1.64 2.96 2.6
4.16 1.48 3.04 2.52
4.22 1.72 2.82 2.54
4.28 1.52 3.0 2.52
4.0 1.74 2.88 2.62
4.26 1.76 2.78 2.54
4.14 1.62 2.96 2.58
4.04 1.9 2.68 2.58
3.92 1.5 3.22 2.72
4.26 1.78 2.9 2.68
4.22 1.74 2.82 2.56
4.02 1.5 3.08 2.58
3.86 1.54 3.12 2.66
4.44 1.84 2.5 2.34
4.1 1.48 3.14 2.62
4.04 1.9 2.82 2.72
4.2 1.92 2.66 2.58
4.1 1.56 2.84 2.4
4.18 1.82 2.84 2.66
4.34 1.54 2.9 2.44
4.2 1.62 2.96 2.58
4.1 1.72 2.98 2.7
4.2 1.58 2.74 2.32
4.2 1.54 3.04 2.58
4.3 1.66 2.94 2.6
4.26 1.52 2.96 2.48
4.1 1.48 3.08 2.56
3.88 1.5 3.14 2.64
4.44 1.84 2.52 2.36
4.1 1.58 3.1 2.68
3.82 1.52 3.1 2.62
4.16 1.82 2.82 2.64
4.24 1.6 3.06 2.66
4.08 1.76 2.9 2.66
4.28 1.62 2.64 2.26
4.12 1.76 2.82 2.58
3.98 1.64 3.04 2.68
4.08 1.58 2.9 2.48
4.5 2.4 2.24 2.64
4.04 1.6 3.02 2.62
4.28 1.74 2.76 2.5
4.28 1.86 2.78 2.64
4.06 1.56 3.06 2.62
4.44 1.7 2.86 2.56
4.1 1.62 3.0 2.62
4.24 1.68 3.1 2.78
4.34 1.56 3.08 2.64
4.24 1.72 2.74 2.46
3.98 1.42 3.2 2.62
4.22 1.52 3.08 2.6
4.04 1.46 3.08 2.54
4.24 1.66 3.02 2.68
3.9 1.48 3.28 2.76
4.52 2.08 2.48 2.56
4.44 2.06 2.46 2.52
4.3 1.76 2.7 2.46
4.28 1.72 2.7 2.42
4.02 1.62 3.1 2.72
4.36 1.6 2.84 2.44
3.82 1.26 3.34 2.6
4.0 1.86 2.94 2.8
4.22 1.54 3.14 2.68
4.48 1.82 2.7 2.52
4.18 1.9 2.64 2.54
4.08 1.64 3.04 2.68
4.2 1.54 3.02 2.56
4.24 1.84 2.68 2.52
4.36 1.64 2.62 2.26
4.32 1.64 2.96 2.6
4.02 1.7 3.02 2.72
4.38 1.56 3.1 2.66
4.12 1.48 3.3 2.78
4.38 1.82 2.54 2.36
3.86 1.6 3.24 2.84
4.0 1.46 2.98 2.44
4.3 1.66 2.88 2.54
4.24 1.52 3.14 2.66
4.18 1.76 2.86 2.62
4.06 1.56 3.12 2.68
4.3 1.64 2.8 2.44
4.04 1.66 2.9 2.56
4.04 1.64 3.18 2.82
4.04 1.58 3.16 2.74
4.04 1.64 3.08 2.72
3.9 1.44 3.14 2.58
3.92 1.46 3.4 2.86
4.2 1.82 3.0 2.82
4.14 1.82 2.74 2.56
4.48 1.7 2.86 2.56
4.08 1.7 2.8 2.5
4.28 1.58 3.0 2.58
4.12 1.64 3.04 2.68
4.08 1.62 2.9 2.52
4.12 1.7 2.7 2.4
3.84 1.5 3.28 2.78
3.88 1.5 3.44 2.94
4.2 1.58 2.88 2.46
4.16 1.5 3.16 2.66
4.08 1.54 2.98 2.52
3.98 1.76 2.82 2.58
3.92 1.48 3.24 2.72
4.2 1.7 3.06 2.76
4.08 1.74 3.2 2.94
4.44 1.7 2.88 2.58
4.16 1.66 2.9 2.56
4.26 1.58 2.8 2.38
4.14 1.62 2.9 2.52
4.04 1.54 2.92 2.46
4.04 1.52 3.22 2.74
4.34 2.08 2.54 2.62
4.18 1.58 2.94 2.52
4.22 1.48 3.12 2.6
3.9 1.7 2.76 2.46
4.3 1.78 2.94 2.72
4.08 1.44 3.08 2.52
4.24 1.84 2.88 2.72
3.9 1.32 3.14 2.46
4.14 1.86 2.92 2.78
4.08 1.54 3.04 2.58
4.26 1.84 2.88 2.72
4.06 1.72 3.1 2.82
4.24 1.82 2.9 2.72
4.3 1.88 2.62 2.5
4.36 1.68 2.74 2.42
4.04 1.62 3.14 2.76
4.0 1.5 3.16 2.66
4.28 1.7 2.96 2.66
4.0 1.74 2.9 2.64
4.22 1.52 2.92 2.44
4.24 1.6 3.12 2.72
4.32 1.78 2.6 2.38
3.98 1.78 2.96 2.74
4.26 1.62 2.98 2.6
4.46 1.74 2.86 2.6
4.1 1.6 2.94 2.54
4.26 1.48 3.02 2.5
4.12 1.58 2.86 2.44
3.96 1.48 3.04 2.52
4.06 1.64 2.92 2.56
4.4 1.92 2.72 2.64
4.08 1.82 2.84 2.66
3.94 1.54 3.0 2.54
4.18 1.52 2.9 2.42
3.9 1.38 3.12 2.5
4.22 1.5 3.14 2.64
3.98 1.62 2.96 2.58
4.48 1.66 2.96 2.62
3.96 1.58 3.04 2.62
4.22 1.86 2.72 2.58
3.86 1.54 3.06 2.6
4.34 1.64 2.74 2.38
4.06 1.58 2.74 2.32
4.04 1.36 3.34 2.7
4.14 1.56 3.18 2.74
4.3 1.78 2.8 2.58
4.18 1.72 2.82 2.54
4.02 1.74 3.0 2.74
4.02 1.44 3.04 2.48
4.08 1.76 2.98 2.74
4.2 1.84 2.9 2.74
4.36 2.0 2.58 2.58
4.3 1.7 2.8 2.5
4.14 1.76 2.76 2.52
4.26 1.94 2.66 2.6
4.24 1.94 2.74 2.68
4.06 1.42 3.2 2.62
4.04 1.64 2.98 2.62
4.04 1.86 2.96 2.82
4.0 1.58 3.16 2.74
4.08 1.42 3.3 2.72
4.14 1.84 2.88 2.72
3.72 1.48 3.28 2.76
4.06 1.52 2.94 2.46
3.92 1.54 3.02 2.56
4.32 1.78 2.7 2.48
3.76 1.78 3.32 3.1
4.14 1.56 3.28 2.84
4.02 1.44 3.16 2.6
4.34 1.94 2.74 2.68
4.2 1.54 3.04 2.58
4.34 1.76 2.82 2.58
3.86 1.36 3.12 2.48
4.18 1.72 2.78 2.5
3.98 1.68 2.82 2.5
4.24 1.56 3.1 2.66
4.38 1.52 2.82 2.34
4.3 1.5 3.1 2.6
4.2 1.6 2.7 2.3
4.26 1.7 2.84 2.54
3.74 1.34 3.32 2.66
4.36 1.58 2.94 2.52
4.22 1.86 2.8 2.66
4.12 1.64 2.82 2.46
4.16 1.68 2.82 2.5
4.18 1.52 3.04 2.56
4.06 1.7 2.9 2.6
4.46 1.74 2.86 2.6
4.26 1.68 3.0 2.68
3.92 1.58 3.06 2.64
4.18 1.48 3.22 2.7
4.32 1.58 2.86 2.44
4.14 1.78 2.98 2.76
4.12 1.58 2.94 2.52
4.1 1.54 3.12 2.66
4.3 1.82 2.72 2.54
3.98 1.62 3.26 2.88
4.04 1.68 3.1 2.78
4.12 1.74 2.82 2.56
4.46 1.74 2.96 2.7
4.12 1.64 3.02 2.66
4.3 1.98 2.78 2.76
3.8 1.72 3.2 2.92
4.32 1.62 2.9 2.52
4.3 1.84 2.68 2.52
4.18 1.92 2.6 2.52
4.06 1.48 3.18 2.66
3.92 1.5 3.3 2.8
4.0 1.42 3.08 2.5
3.96 1.36 3.26 2.62
4.24 1.7 2.84 2.54
4.3 1.6 3.0 2.6
4.22 1.78 2.7 2.48
4.0 1.72 3.16 2.88
4.3 1.74 2.72 2.46
4.2 1.74 2.94 2.68
4.22 1.62 2.68 2.3
4.14 1.7 2.82 2.52
4.36 1.72 2.82 2.54
4.34 1.38 3.1 2.48
4.16 1.88 2.86 2.74
4.44 1.74 2.44 2.18
4.14 1.44 3.1 2.54
4.16 1.48 3.12 2.6
4.28 1.82 2.66 2.48
4.14 1.6 3.08 2.68
4.04 1.9 2.94 2.84
4.1 1.5 3.02 2.52
4.18 1.6 2.98 2.58
3.78 1.38 3.36 2.74
4.04 1.74 3.02 2.76
4.22 1.44 3.02 2.46
4.32 1.5 3.14 2.64
4.08 1.7 2.84 2.54
3.84 1.66 3.1 2.76
4.3 1.8 2.9 2.7
4.26 1.58 2.8 2.38
3.98 1.7 2.78 2.48
4.1 1.76 3.06 2.82
4.28 1.66 2.62 2.28
4.24 1.58 2.94 2.52
4.06 1.58 2.9 2.48
4.2 1.62 2.88 2.5
3.9 1.46 3.1 2.56
3.98 1.66 2.9 2.56
4.26 1.82 2.86 2.68
4.32 1.64 2.64 2.28
4.14 1.58 2.98 2.56
4.0 1.52 2.92 2.44
4.26 1.56 3.06 2.62
4.24 1.46 3.2 2.66
4.06 1.4 3.18 2.58
4.04 1.76 2.8 2.56
4.02 1.78 2.88 2.66
4.2 1.4 3.02 2.42
4.22 1.52 2.92 2.44
4.04 1.64 3.02 2.66
4.22 1.58 2.74 2.32
3.96 1.44 3.22 2.66
4.18 1.8 2.58 2.38
4.3 1.72 2.86 2.58
3.96 1.32 3.42 2.74
4.02 1.56 3.0 2.56
4.3 1.66 3.24 2.9
4.28 1.86 2.92 2.78
4.12 1.38 3.04 2.42
4.26 1.7 2.86 2.56
4.04 1.4 3.22 2.62
4.08 1.92 2.74 2.66
4.28 1.72 2.96 2.68
4.0 1.72 2.98 2.7
4.16 1.82 2.98 2.8
4.2 1.54 2.74 2.28
4.3 1.62 3.02 2.64
4.24 1.74 2.88 2.62
3.9 1.54 3.12 2.66
4.1 1.38 3.14 2.52
4.32 1.94 2.72 2.66
4.6 1.94 2.46 2.4
4.1 1.74 2.92 2.66
4.22 1.7 2.96 2.66
4.1 1.92 2.7 2.62
4.32 1.58 3.02 2.6
4.22 1.84 2.92 2.76
4.14 1.96 2.9 2.86
4.32 1.8 2.82 2.62
4.4 1.76 2.76 2.52
3.86 1.56 2.92 2.48
4.16 1.88 2.8 2.68
4.0 1.82 2.8 2.62
4.14 1.68 2.76 2.44
4.1 1.6 3.18 2.78
4.14 1.88 2.8 2.68
4.48 1.58 2.76 2.34
4.14 1.58 2.98 2.56
4.14 1.4 3.26 2.66
4.02 1.58 3.06 2.64
4.46 1.86 2.86 2.72
3.96 1.82 2.84 2.66
4.14 1.52 3.0 2.52
4.24 1.62 2.84 2.46
4.14 1.78 2.86 2.64
4.0 1.52 3.0 2.52
4.02 1.5 3.04 2.54
4.08 1.76 2.94 2.7
4.22 1.5 3.16 2.66
4.08 1.8 3.14 2.94
4.14 1.54 3.08 2.62
4.2 1.46 2.9 2.36
4.32 1.44 3.06 2.5
4.12 1.48 3.08 2.56
4.18 1.5 3.16 2.66
4.58 1.78 2.62 2.4
4.14 1.66 3.04 2.7
4.16 1.6 3.16 2.76
4.06 1.76 3.04 2.8
4.2 1.58 2.96 2.54
4.12 1.74 2.8 2.54
3.84 1.36 3.3 2.66
4.18 1.64 2.78 2.42
4.16 1.76 2.94 2.7
4.22 1.56 2.96 2.52
4.24 1.5 3.1 2.6
4.12 1.58 3.1 2.68
4.28 1.7 2.94 2.64
4.3 1.56 2.78 2.34
4.34 1.64 2.82 2.46
4.16 1.56 3.16 2.72
4.06 1.74 2.88 2.62
4.12 1.54 2.9 2.44
4.22 1.64 2.74 2.38
4.2 1.76 2.88 2.64
4.34 1.68 3.0 2.68
4.2 1.6 2.86 2.46
3.92 1.54 3.04 2.58
4.22 1.58 2.96 2.54
4.12 1.56 2.98 2.54
4.16 1.52 3.12 2.64
4.2 1.48 3.24 2.72
4.1 1.66 2.82 2.48
4.18 1.44 3.02 2.46
4.24 1.8 2.94 2.74
3.8 1.66 3.06 2.72
4.14 1.66 3.02 2.68
4.32 1.56 3.04 2.6
4.36 1.64 2.9 2.54
4.14 1.64 2.98 2.62
3.92 1.36 3.3 2.66
4.16 1.58 3.06 2.64
4.26 1.7 2.84 2.54
4.3 1.56 3.0 2.56
4.02 1.48 3.28 2.76
3.92 1.44 3.2 2.64
4.16 1.5 3.2 2.7
4.36 1.62 2.9 2.52
4.34 1.96 2.68 2.64
4.38 1.8 2.64 2.44
4.18 1.72 2.92 2.64
3.98 1.58 2.98 2.56
4.18 1.52 3.02 2.54
4.22 1.36 2.98 2.34
4.12 1.52 3.02 2.54
4.14 1.76 2.84 2.6
4.3 1.52 3.14 2.66
4.26 1.36 3.2 2.56
3.9 1.5 3.06 2.56
4.32 1.8 2.76 2.56
4.26 1.64 2.96 2.6
4.46 1.82 2.66 2.48
3.88 1.64 3.06 2.7
4.04 1.9 2.86 2.76
4.22 1.72 2.68 2.4
4.44 1.72 2.6 2.32
4.16 1.66 2.8 2.46
4.14 1.72 2.94 2.66
4.32 1.64 2.84 2.48
4.32 1.9 2.64 2.54
4.12 1.78 2.72 2.5
4.18 1.44 3.06 2.5
4.42 1.78 2.8 2.58
4.34 1.9 2.72 2.62
4.58 1.8 2.62 2.42
4.12 1.62 3.02 2.64
4.24 1.5 3.0 2.5
4.08 1.36 3.26 2.62
3.98 1.56 3.06 2.62
4.14 1.86 2.8 2.66
3.9 1.5 3.24 2.74
3.96 1.44 3.06 2.5
4.32 1.68 2.68 2.36
4.14 1.58 3.16 2.74
4.26 1.6 2.84 2.44
4.16 1.7 2.84 2.54
4.14 1.56 3.1 2.66
4.18 1.62 3.0 2.62
4.42 1.84 2.56 2.4
4.16 1.58 3.1 2.68
3.96 1.52 3.14 2.66
4.16 1.78 2.98 2.76
4.16 1.7 2.72 2.42
4.32 1.76 2.72 2.48
4.24 1.78 3.06 2.84
4.04 1.56 3.04 2.6
4.24 1.6 3.14 2.74
4.04 1.78 2.84 2.62
4.34 1.48 2.96 2.44
4.14 1.58 2.86 2.44
4.28 1.66 2.88 2.54
4.26 1.9 2.58 2.48
4.2 1.58 2.96 2.54
4.14 1.74 2.78 2.52
4.22 1.66 2.8 2.46
4.44 1.84 2.68 2.52
4.16 1.72 3.06 2.78
4.3 1.74 2.9 2.64
3.88 1.5 3.36 2.86
4.12 1.72 2.84 2.56
4.12 1.66 2.92 2.58
4.06 1.56 3.1 2.66
4.26 1.72 2.74 2.46
4.04 1.62 3.1 2.72
4.38 1.78 2.7 2.48
4.02 1.56 3.1 2.66
4.18 1.82 2.96 2.78
4.28 1.6 2.98 2.58
4.28 1.66 3.14 2.8
4.12 1.66 2.92 2.58
4.24 1.6 2.9 2.5
4.28 1.92 2.62 2.54
4.18 1.66 2.94 2.6
4.02 1.7 2.88 2.58
4.16 1.6 3.08 2.68
4.3 1.66 2.74 2.4
4.46 2.16 2.72 2.88
3.92 1.54 3.04 2.58
4.12 1.66 2.88 2.54
4.12 1.88 2.68 2.56
4.2 1.54 3.0 2.54
4.22 1.36 3.22 2.58
4.04 1.54 3.02 2.56
4.2 1.88 2.62 2.5
4.22 1.66 2.72 2.38
4.24 1.58 2.82 2.4
4.3 1.62 2.84 2.46
4.36 1.8 2.68 2.48
4.32 1.74 2.78 2.52
3.98 1.6 3.2 2.8
4.16 1.6 2.98 2.58
4.0 1.58 3.12 2.7
4.36 1.74 2.72 2.46
3.9 1.58 3.06 2.64
3.96 1.48 2.82 2.3
4.26 1.78 2.76 2.54
4.1 1.72 2.8 2.52
4.28 1.76 2.92 2.68
4.36 1.68 3.0 2.68
4.08 1.6 3.04 2.64
4.56 1.74 2.84 2.58
4.12 1.6 2.96 2.56
4.1 1.64 2.88 2.52
4.28 1.88 2.62 2.5
4.08 1.68 2.96 2.64
3.92 1.66 3.1 2.76
4.38 1.9 2.9 2.8
4.38 1.86 2.62 2.48
4.26 1.46 3.0 2.46
4.16 1.7 2.94 2.64
4.2 1.68 2.84 2.52
4.06 1.54 3.04 2.58
3.86 1.68 3.0 2.68
4.32 1.78 2.68 2.46
4.14 1.74 2.86 2.6
4.08 1.72 3.02 2.74
4.12 1.62 2.84 2.46
4.06 1.68 3.06 2.74
4.08 1.6 2.9 2.5
4.2 1.9 2.76 2.66
3.92 1.48 3.16 2.64
4.12 1.5 3.14 2.64
4.14 1.6 2.96 2.56
4.08 1.64 3.14 2.78
4.26 1.74 2.8 2.54
4.22 1.52 3.18 2.7
4.52 1.54 2.74 2.28
4.0 1.4 3.08 2.48
4.12 1.72 3.1 2.82
4.0 1.76 2.9 2.66
4.18 1.72 2.96 2.68
4.1 1.62 2.98 2.6
3.8 1.74 2.88 2.62
4.18 1.72 2.88 2.6
4.1 1.56 3.02 2.58
4.04 1.52 3.26 2.78
4.06 1.7 2.72 2.42
4.1 1.58 2.98 2.56
4.1 1.64 3.12 2.76
4.28 1.56 3.18 2.74
4.16 1.66 2.86 2.52
4.42 1.88 2.74 2.62
4.04 1.7 2.86 2.56
3.82 1.42 3.3 2.72
3.94 1.74 2.9 2.64
4.26 1.84 2.66 2.5
4.16 1.68 2.88 2.56
4.2 1.74 2.88 2.62
4.12 1.6 2.94 2.54
3.98 1.34 3.2 2.54
4.2 1.78 2.74 2.52
4.28 1.6 3.0 2.6
4.36 1.7 2.9 2.6
4.12 1.56 2.84 2.4
3.78 1.56 3.24 2.8
4.62 2.0 2.44 2.44
4.16 1.66 2.9 2.56
4.28 1.74 3.02 2.76
4.3 1.68 2.92 2.6
4.22 1.46 3.22 2.68
4.5 1.74 2.68 2.42
4.14 1.46 3.12 2.58
4.18 1.56 3.08 2.64
4.2 2.02 2.58 2.6
4.1 1.72 2.98 2.7
4.12 1.82 2.88 2.7
4.4 1.96 2.64 2.6
4.3 1.98 2.78 2.76
4.24 1.82 2.78 2.6
4.48 1.64 2.96 2.6
4.16 1.68 2.82 2.5
4.4 1.64 2.96 2.6
4.22 1.86 2.86 2.72
3.84 1.72 2.98 2.7
4.16 1.46 3.2 2.66
4.02 1.68 2.94 2.62
4.3 1.6 2.94 2.54
4.2 1.62 2.98 2.6
4.38 1.8 2.72 2.52
4.18 1.68 3.02 2.7
4.18 1.78 2.68 2.46
4.32 1.56 2.92 2.48
4.08 1.78 2.62 2.4
4.3 1.58 2.64 2.22
3.92 1.7 3.1 2.8
3.88 1.44 3.24 2.68
4.36 1.64 2.92 2.56
4.14 1.88 2.98 2.86
3.96 1.68 3.08 2.76
4.18 1.7 2.8 2.5
4.06 1.56 3.24 2.8
3.88 1.66 2.96 2.62
4.06 1.56 2.98 2.54
4.08 1.88 2.86 2.74
4.26 1.84 2.74 2.58
4.34 1.78 2.62 2.4
4.0 1.62 2.96 2.58
4.08 1.54 2.92 2.46
4.12 1.72 2.92 2.64
3.94 1.74 3.06 2.8
4.28 1.7 2.66 2.36
3.96 1.52 3.12 2.64
4.02 1.68 2.88 2.56
4.26 1.9 2.4 2.3
4.2 1.84 2.76 2.6
4.0 1.96 2.78 2.74
3.9 1.48 3.08 2.56
3.94 1.64 3.02 2.66
4.12 1.74 2.88 2.62
4.42 1.84 2.68 2.52
4.06 1.72 2.9 2.62
4.12 1.62 3.02 2.64
4.18 1.44 3.24 2.68
3.96 1.48 3.12 2.6
4.26 1.76 2.82 2.58
4.22 1.8 2.82 2.62
4.06 1.62 3.2 2.82
3.98 1.72 2.86 2.58
4.22 1.6 3.02 2.62
4.18 1.56 3.04 2.6
4.04 1.52 2.96 2.48
4.28 1.54 2.78 2.32
4.26 1.44 3.24 2.68
4.32 1.56 2.9 2.46
4.2 1.84 2.6 2.44
4.0 1.58 2.96 2.54
4.28 1.56 2.9 2.46
4.34 1.66 2.92 2.58
4.06 1.48 3.08 2.56
4.02 1.7 2.84 2.54
4.42 1.74 2.8 2.54
4.44 1.76 2.66 2.42
4.04 1.74 3.0 2.74
4.1 1.56 2.98 2.54
4.12 1.72 2.6 2.32
4.14 1.92 2.78 2.7
4.04 1.64 2.98 2.62
4.24 1.82 2.74 2.56
4.16 1.58 2.9 2.48
3.82 1.48 3.2 2.68
4.24 1.8 2.88 2.68
4.32 1.78 2.8 2.58
4.2 1.62 2.8 2.42
4.16 1.6 3.04 2.64
4.14 1.66 2.8 2.46
3.98 1.54 3.18 2.72
4.0 1.66 3.14 2.8
4.06 1.5 3.22 2.72
4.38 1.72 2.58 2.3
4.28 1.76 2.66 2.42
4.08 1.48 3.22 2.7
4.0 1.5 3.14 2.64
4.08 1.62 2.98 2.6
4.06 1.68 2.94 2.62
4.0 1.62 3.28 2.9
4.18 1.72 2.9 2.62
4.26 1.72 2.88 2.6
4.0 1.4 3.34 2.74
4.22 1.68 2.82 2.5
4.18 1.94 2.78 2.72
4.02 1.46 3.2 2.66
3.96 1.74 2.88 2.62
4.28 1.66 2.78 2.44
3.88 1.76 2.9 2.66
4.38 1.4 3.12 2.52
4.28 1.84 2.9 2.74
4.0 1.32 3.32 2.64
4.2 1.48 3.06 2.54
4.18 1.54 2.98 2.52
4.14 1.86 3.0 2.86
4.16 1.54 2.92 2.46
4.3 1.48 3.06 2.54
4.02 1.6 3.02 2.62
4.02 1.64 3.26 2.9
4.12 1.64 3.0 2.64
4.28 1.74 2.82 2.56
4.02 1.58 3.08 2.66
4.16 1.54 3.2 2.74
4.06 1.52 3.12 2.64
4.2 1.58 2.9 2.48
4.12 1.58 2.94 2.52
4.52 1.66 3.0 2.66
4.22 1.6 2.96 2.56
4.26 1.96 2.88 2.84
4.2 1.4 3.28 2.68
4.4 1.7 2.76 2.46
4.3 1.74 2.74 2.48
4.34 1.68 2.84 2.52
4.28 1.5 2.92 2.42
4.36 1.62 2.9 2.52
4.2 1.46 3.2 2.66
4.2 1.66 3.0 2.66
4.34 1.58 2.9 2.48
4.28 1.58 2.76 2.34
4.3 1.62 2.84 2.46
4.16 1.56 3.08 2.64
4.26 1.9 2.8 2.7
4.16 1.44 3.1 2.54
4.28 1.62 3.18 2.8
4.36 1.74 2.98 2.72
4.2 1.76 2.7 2.46
4.18 1.44 2.9 2.34
4.32 1.74 2.74 2.48
4.12 1.64 3.06 2.7
3.98 1.58 3.08 2.66
4.44 1.88 2.68 2.56
3.98 1.52 3.08 2.6
4.26 1.78 2.78 2.56
4.32 1.62 2.94 2.56
4.1 1.46 3.18 2.64
4.4 1.76 3.18 2.94
4.28 1.74 2.86 2.6
4.32 1.74 3.08 2.82
4.42 2.1 2.48 2.58
4.36 1.68 2.84 2.52
3.88 1.54 3.18 2.72
3.98 1.48 3.12 2.6
4.22 1.84 2.68 2.52
4.32 1.66 3.04 2.7
4.3 1.5 3.02 2.52
4.28 1.72 2.9 2.62
4.04 1.76 2.88 2.64
3.94 1.66 3.04 2.7
3.82 1.52 3.2 2.72
4.02 1.54 2.94 2.48
3.96 1.58 2.84 2.42
4.12 1.62 3.14 2.76
4.3 1.9 2.66 2.56
4.14 1.54 2.96 2.5
4.3 1.62 2.98 2.6
4.2 1.82 2.72 2.54
4.36 1.68 2.78 2.46
4.12 1.44 3.3 2.74
3.94 1.44 3.22 2.66
4.18 1.7 2.78 2.48
4.18 1.74 2.68 2.42
4.04 1.74 2.98 2.72
4.04 1.56 3.18 2.74
4.1 1.42 3.2 2.62
3.96 1.58 3.06 2.64
4.18 1.7 2.74 2.44
4.3 1.92 2.56 2.48
4.14 1.64 2.94 2.58
4.32 1.62 3.24 2.86
3.68 1.4 3.34 2.74
3.9 1.36 3.2 2.56
4.18 1.62 2.84 2.46
4.38 1.88 2.46 2.34
4.06 1.6 3.06 2.66
4.18 1.6 2.96 2.56
4.18 1.62 2.96 2.58
3.92 1.5 3.22 2.72
4.06 1.68 3.14 2.82
3.98 1.84 2.98 2.82
4.48 1.66 2.98 2.64
4.14 1.5 3.0 2.5
4.5 1.9 2.66 2.56
4.3 1.9 2.68 2.58
4.18 1.82 2.74 2.56
4.2 1.86 2.86 2.72
3.82 1.3 3.32 2.62
4.22 1.48 3.12 2.6
3.92 1.6 3.16 2.76
4.24 1.72 2.8 2.52
4.14 1.64 2.94 2.58
3.88 1.56 3.02 2.58
4.34 1.6 2.82 2.42
4.0 1.5 3.06 2.56
4.1 1.56 2.86 2.42
4.24 1.62 2.84 2.46
3.82 1.56 3.08 2.64
4.26 1.68 3.1 2.78
4.1 1.54 3.24 2.78
4.1 1.6 3.16 2.76
3.9 1.46 2.94 2.4
4.2 1.7 2.96 2.66
4.18 1.66 2.82 2.48
4.18 1.5 2.84 2.34
4.08 1.38 3.14 2.52
4.34 1.74 2.56 2.3
4.06 1.64 2.86 2.5
4.36 1.84 2.88 2.72
4.2 1.78 2.82 2.6
4.12 1.54 3.02 2.56
4.4 1.62 2.94 2.56
4.1 1.64 3.04 2.68
4.18 1.48 3.14 2.62
4.04 1.5 3.1 2.6
4.12 1.56 3.1 2.66
4.14 1.54 2.92 2.46
4.02 1.6 3.2 2.8
4.06 1.56 3.0 2.56
4.04 1.5 3.1 2.6
4.3 1.72 2.8 2.52
4.3 1.5 2.72 2.22
4.12 1.58 3.18 2.76
3.94 1.34 3.16 2.5
4.1 1.44 3.26 2.7
4.24 1.68 2.9 2.58
4.32 1.62 2.88 2.5
4.3 1.7 2.9 2.6
4.08 1.5 3.2 2.7
4.32 1.94 2.72 2.66
3.86 1.42 3.3 2.72
4.04 1.72 2.96 2.68
4.38 2.14 2.48 2.62
4.1 1.86 2.76 2.62
4.12 1.8 2.76 2.56
4.16 1.54 2.92 2.46
4.12 1.54 2.76 2.3
4.2 1.56 3.06 2.62
4.1 1.58 2.8 2.38
4.34 1.76 2.7 2.46
4.04 1.6 3.04 2.64
4.38 1.78 2.74 2.52
3.96 1.46 3.1 2.56
4.0 1.44 3.14 2.58
4.2 1.84 2.74 2.58
4.38 1.76 2.72 2.48
4.22 1.8 2.72 2.52
4.12 1.48 3.2 2.68
4.24 1.66 3.04 2.7
4.24 1.78 2.76 2.54
4.16 1.54 2.88 2.42
4.12 1.32 3.36 2.68
4.22 1.66 2.66 2.32
4.2 1.6 2.86 2.46
4.02 1.64 2.96 2.6
4.28 1.96 2.88 2.84
4.38 1.72 2.92 2.64
4.42 1.7 2.8 2.5
4.02 1.44 3.2 2.64
4.2 1.6 2.9 2.5
4.1 1.72 2.76 2.48
4.06 1.72 2.94 2.66
4.3 1.82 2.82 2.64
4.46 1.94 2.46 2.4
4.12 1.66 2.8 2.46
4.24 1.6 2.8 2.4
3.84 1.44 3.2 2.64
3.98 1.44 3.04 2.48
3.96 1.6 3.12 2.72
3.78 1.54 3.24 2.78
4.14 1.54 3.2 2.74
3.94 1.5 3.08 2.58
4.28 1.9 2.74 2.64
4.18 1.4 3.08 2.48
4.1 1.52 3.1 2.62
3.96 1.74 2.92 2.66
4.26 1.52 3.06 2.58
4.1 1.6 2.66 2.26
4.22 1.72 2.76 2.48
4.14 1.48 3.14 2.62
4.08 1.82 2.76 2.58
4.34 1.48 2.92 2.4
4.36 1.82 2.56 2.38
4.22 1.54 2.88 2.42
4.28 1.58 2.86 2.44
4.42 1.92 2.68 2.6
4.04 1.62 2.96 2.58
3.92 1.5 3.2 2.7
4.3 1.86 2.64 2.5
4.16 1.58 2.98 2.56
4.34 1.8 2.72 2.52
3.86 1.4 3.18 2.58
4.32 1.88 2.9 2.78
4.24 1.6 3.08 2.68
4.14 1.74 2.82 2.56
4.24 2.0 2.62 2.62
4.28 1.66 2.92 2.58
3.98 1.58 2.92 2.5
3.88 1.56 2.94 2.5
3.9 1.44 3.12 2.56
4.12 1.5 3.02 2.52
4.38 1.74 2.76 2.5
4.1 1.72 2.92 2.64
4.02 1.66 2.74 2.4
4.08 1.44 3.08 2.52
4.34 1.68 2.62 2.3
4.28 1.72 2.72 2.44
4.28 1.68 2.82 2.5
4.26 1.68 2.82 2.5
4.32 1.72 2.92 2.64
4.1 1.66 2.92 2.58
4.14 1.58 2.9 2.48
4.12 1.42 3.14 2.56
4.2 1.64 2.82 2.46
4.24 1.78 2.86 2.64
4.12 1.52 3.0 2.52
4.38 1.84 2.58 2.42
4.34 1.56 2.7 2.26
4.14 1.64 2.96 2.6
4.28 1.88 2.62 2.5
4.36 1.56 2.88 2.44
4.0 1.48 3.0 2.48
4.26 1.66 2.8 2.46
4.16 1.7 2.78 2.48
4.18 1.74 2.8 2.54
4.3 1.8 2.46 2.26
4.02 1.64 2.9 2.54
4.4 1.92 2.64 2.56
4.34 1.62 2.8 2.42
4.0 1.42 3.18 2.6
4.04 1.7 3.06 2.76
4.32 1.62 2.78 2.4
4.28 1.54 2.9 2.44
4.04 1.62 3.12 2.74
4.14 1.66 2.92 2.58
4.34 1.72 2.86 2.58
4.52 1.8 2.58 2.38
4.2 1.72 3.04 2.76
4.3 1.72 2.76 2.48
4.2 1.74 2.68 2.42
4.02 1.52 2.96 2.48
4.08 1.84 2.9 2.74
4.16 1.72 2.96 2.68
4.02 1.64 3.14 2.78
4.22 1.78 2.86 2.64
4.46 1.5 2.88 2.38
4.18 1.6 2.88 2.48
3.92 1.6 2.98 2.58
3.94 1.56 2.92 2.48
4.16 1.58 3.02 2.6
4.34 1.62 2.86 2.48
4.08 1.52 3.18 2.7
4.36 1.56 2.68 2.24
4.18 1.8 2.92 2.72
4.16 1.62 3.14 2.76
4.2 1.72 2.98 2.7
4.08 1.66 2.98 2.64
4.12 1.62 2.66 2.28
3.88 1.56 3.02 2.58
4.2 1.58 3.0 2.58
4.12 1.56 2.88 2.44
4.28 1.72 2.78 2.5
4.04 1.68 2.92 2.6
4.38 1.84 2.7 2.54
4.1 1.62 2.8 2.42
4.28 2.02 2.72 2.74
3.94 1.38 3.18 2.56
4.24 1.76 2.88 2.64
4.16 1.76 2.84 2.6
4.18 1.74 2.72 2.46
4.08 1.4 3.16 2.56
3.9 1.62 3.18 2.8
4.3 1.6 3.04 2.64
4.3 1.5 3.06 2.56
4.1 1.56 3.2 2.76
4.06 1.6 3.12 2.72
4.22 1.64 2.94 2.58
4.06 1.64 2.96 2.6
4.2 1.58 2.86 2.44
4.02 1.66 2.96 2.62
4.12 1.5 3.22 2.72
4.16 1.68 2.94 2.62
4.38 1.76 2.84 2.6
4.3 1.66 2.78 2.44
4.16 1.54 2.98 2.52
4.04 1.7 3.0 2.7
4.14 1.62 3.08 2.7
3.98 1.54 2.9 2.44
4.28 1.6 2.94 2.54
4.28 1.76 2.84 2.6
4.38 1.76 2.8 2.56
4.04 1.6 2.94 2.54
4.22 1.56 2.8 2.36
4.26 1.6 2.8 2.4
4.0 1.46 3.28 2.74
4.22 1.76 2.72 2.48
4.02 1.66 3.12 2.78
4.24 1.48 3.1 2.58
3.98 1.68 3.04 2.72
4.22 1.64 2.78 2.42
4.18 1.82 2.74 2.56
4.12 1.52 2.84 2.36
4.48 1.88 2.58 2.46
4.24 1.7 2.78 2.48
4.18 1.76 3.06 2.82
4.22 1.46 3.22 2.68
4.3 1.62 2.92 2.54
4.02 1.54 2.74 2.28
4.2 1.86 2.84 2.7
4.32 1.64 2.82 2.46
3.92 1.42 3.28 2.7
4.4 1.74 2.72 2.46
3.88 1.74 3.02 2.76
4.16 1.64 2.94 2.58
4.06 1.6 3.04 2.64
4.54 1.8 2.82 2.62
4.18 1.62 2.74 2.36
4.26 1.62 2.94 2.56
4.08 1.56 2.92 2.48
4.12 1.68 2.9 2.58
4.22 1.56 2.82 2.38
4.24 1.62 2.96 2.58
4.26 1.86 2.74 2.6
4.14 1.62 3.02 2.64
3.96 1.64 2.8 2.44
4.48 1.74 2.7 2.44
4.06 1.4 3.4 2.8
4.32 1.68 2.72 2.4
4.12 1.64 2.9 2.54
4.44 1.76 2.84 2.6
4.14 1.62 3.04 2.66
4.2 1.66 3.06 2.72
4.36 1.58 3.04 2.62
4.18 1.88 2.62 2.5
4.06 1.7 2.92 2.62
4.16 1.5 3.2 2.7
4.1 1.86 2.7 2.56
4.0 1.54 3.1 2.64
4.1 1.82 2.8 2.62
4.24 1.68 2.84 2.52
4.22 1.68 2.86 2.54
3.92 1.64 2.8 2.44
4.0 1.72 2.96 2.68
4.16 1.62 3.08 2.7
4.1 1.84 2.68 2.52
4.2 1.62 3.08 2.7
4.02 1.56 2.98 2.54
4.28 1.78 2.8 2.58
4.1 1.54 3.42 2.96
4.08 1.48 3.1 2.58
3.96 1.3 3.24 2.54
4.06 1.86 2.96 2.82
4.28 1.76 2.88 2.64
4.08 1.64 2.84 2.48
4.24 1.5 3.1 2.6
4.34 1.74 2.76 2.5
4.04 1.56 2.96 2.52
4.42 1.76 2.84 2.6
4.02 1.72 2.72 2.44
3.92 1.48 3.16 2.64
4.16 1.62 2.94 2.56
4.5 1.8 2.68 2.48
4.22 1.68 2.68 2.36
4.1 1.5 2.9 2.4
3.92 1.44 3.12 2.56
4.42 2.14 2.56 2.7
4.2 1.48 2.92 2.4
4.14 1.72 2.82 2.54
4.34 1.84 2.78 2.62
3.86 1.34 3.22 2.56
4.08 1.66 3.06 2.72
4.2 1.58 2.98 2.56
4.34 1.86 2.6 2.46
4.04 1.46 3.26 2.72
4.04 1.78 2.94 2.72
3.88 1.58 3.1 2.68
4.3 1.68 2.76 2.44
4.42 1.58 3.16 2.74
4.32 1.56 2.94 2.5
4.14 1.84 2.62 2.46
4.18 1.66 2.96 2.62
4.3 1.72 2.74 2.46
4.14 1.46 3.04 2.5
4.32 1.54 3.04 2.58
4.28 1.4 3.26 2.66
4.22 1.96 2.68 2.64
3.9 1.6 3.0 2.6
4.42 1.98 2.44 2.42
4.12 1.44 3.36 2.8
4.4 1.8 2.8 2.6
4.2 1.8 2.82 2.62
4.3 1.76 2.68 2.44
4.28 1.6 3.06 2.66
4.44 1.92 2.48 2.4
4.24 1.66 2.84 2.5
4.18 1.44 3.16 2.6
4.06 1.46 3.1 2.56
4.26 1.78 2.64 2.42
4.1 1.4 3.28 2.68
4.04 1.46 3.04 2.5
3.76 1.46 2.98 2.44
4.1 1.7 2.96 2.66
4.22 1.54 3.1 2.64
3.92 1.42 3.12 2.54
4.26 1.46 2.78 2.24
3.84 1.36 3.24 2.6
4.28 1.88 2.68 2.56
4.16 1.54 3.16 2.7
4.16 1.54 2.84 2.38
3.96 1.56 3.0 2.56
4.1 1.68 2.92 2.6
4.14 1.52 3.02 2.54
4.12 1.86 2.86 2.72
4.08 1.64 2.96 2.6
4.22 1.52 2.86 2.38
4.18 1.84 2.8 2.64
4.18 1.98 2.62 2.6
4.28 1.9 2.64 2.54
4.26 1.88 2.58 2.46
4.16 1.54 3.14 2.68
4.18 1.64 3.1 2.74
4.5 2.02 2.62 2.64
4.24 1.64 3.02 2.66
4.18 1.58 3.04 2.62
4.34 2.04 2.64 2.68
4.34 1.64 2.98 2.62
4.12 1.6 3.1 2.7
4.36 1.86 2.52 2.38
4.34 1.76 2.78 2.54
4.02 1.78 3.0 2.78
4.24 1.82 2.74 2.56
3.92 1.56 2.98 2.54
4.26 1.82 2.86 2.68
4.04 1.38 3.12 2.5
3.92 1.52 3.2 2.72
4.04 1.56 3.06 2.62
4.12 1.5 3.12 2.62
4.34 1.58 2.9 2.48
4.42 1.78 2.7 2.48
4.0 1.46 3.14 2.6
4.38 1.66 2.64 2.3
3.94 1.74 3.12 2.86
4.3 1.82 2.84 2.66
4.46 1.7 2.82 2.52
4.18 1.82 2.82 2.64
4.28 1.88 2.74 2.62
4.08 1.6 2.86 2.46
4.26 1.76 2.86 2.62
4.32 1.66 2.8 2.46
4.44 1.68 2.96 2.64
4.22 1.6 3.02 2.62
4.18 1.58 2.94 2.52
4.26 1.56 3.28 2.84
4.26 1.96 2.72 2.68
4.08 1.6 2.66 2.26
4.36 1.76 2.84 2.6
3.88 1.74 3.1 2.84
4.0 1.46 3.4 2.86
4.08 1.74 2.88 2.62
4.16 1.64 2.92 2.56
4.22 1.9 2.5 2.4
4.06 1.78 2.96 2.74
4.12 1.68 2.74 2.42
4.24 1.78 2.84 2.62
4.02 1.68 3.08 2.76
4.2 1.68 2.76 2.44
4.2 1.76 2.84 2.6
4.04 1.5 3.02 2.52
4.06 1.52 3.24 2.76
4.26 1.5 3.14 2.64
3.96 1.54 3.12 2.66
4.08 1.58 3.04 2.62
4.3 1.56 3.18 2.74
3.86 1.46 3.26 2.72
4.2 1.68 2.78 2.46
4.32 1.62 2.76 2.38
3.88 1.62 3.14 2.76
4.24 1.5 3.16 2.66
4.0 1.46 3.24 2.7
4.2 1.48 2.98 2.46
4.04 1.56 3.04 2.6
4.36 1.86 2.48 2.34
4.28 1.72 2.72 2.44
4.16 1.62 2.74 2.36
4.16 1.68 2.86 2.54
4.1 1.68 2.9 2.58
4.3 1.72 2.9 2.62
3.9 1.62 2.94 2.56
4.12 1.66 3.02 2.68
4.32 1.84 2.86 2.7
4.52 1.7 2.72 2.42
4.14 1.72 2.7 2.42
4.28 1.6 3.06 2.66
3.98 1.46 3.14 2.6
4.14 1.52 3.24 2.76
4.04 1.82 2.9 2.72
4.3 1.76 2.78 2.54
4.32 1.7 2.96 2.66
4.1 1.66 3.06 2.72
4.22 1.7 2.98 2.68
4.34 1.84 2.74 2.58
4.02 1.76 2.88 2.64
4.4 1.96 2.72 2.68
3.84 1.64 2.88 2.52
4.14 1.56 2.68 2.24
4.0 1.26 3.32 2.58
4.24 1.6 3.0 2.6
4.3 1.54 3.1 2.64
4.06 1.64 3.0 2.64
4.08 1.66 2.92 2.58
4.3 1.72 3.02 2.74
4.2 1.62 2.8 2.42
4.3 1.76 2.78 2.54
4.58 1.64 2.8 2.44
4.34 1.66 3.02 2.68
4.02 1.54 3.18 2.72
3.98 1.36 3.0 2.36
3.98 1.76 2.9 2.66
4.1 1.76 2.7 2.46
4.14 1.7 2.92 2.62
3.96 1.78 2.94 2.72
4.34 1.6 2.7 2.3
4.08 1.52 2.96 2.48
3.96 1.44 3.18 2.62
4.16 1.68 2.84 2.52
4.04 1.6 3.06 2.66
4.28 1.64 2.84 2.48
4.28 1.66 2.74 2.4
4.38 1.84 2.9 2.74
4.06 1.52 2.94 2.46
4.28 1.66 2.74 2.4
4.0 1.5 2.98 2.48
4.06 1.8 2.86 2.66
4.04 1.5 3.04 2.54
4.02 1.64 3.0 2.64
4.14 1.72 2.84 2.56
3.92 1.5 3.22 2.72
3.78 1.62 3.06 2.68
4.02 1.62 2.82 2.44
4.38 1.72 2.74 2.46
4.26 1.6 2.78 2.38
4.12 1.66 3.0 2.66
4.18 1.76 2.84 2.6
4.22 1.54 2.92 2.46
4.06 1.56 3.14 2.7
4.18 1.78 2.88 2.66
4.28 1.5 3.0 2.5
4.0 1.48 3.26 2.74
4.06 1.74 2.96 2.7
4.26 1.5 3.04 2.54
4.3 1.68 3.02 2.7
4.2 1.52 3.12 2.64
3.98 1.54 3.12 2.66
4.02 1.4 3.22 2.62
4.06 1.84 2.66 2.5
4.26 1.92 2.9 2.82
4.02 1.66 3.04 2.7
4.2 1.46 2.96 2.42
4.24 1.58 2.98 2.56
4.12 1.68 2.96 2.64
4.02 1.52 3.3 2.82
4.14 1.58 3.14 2.72
4.06 1.28 3.2 2.48
4.3 1.9 2.78 2.68
4.1 1.54 3.0 2.54
4.36 1.66 2.78 2.44
4.06 1.72 2.78 2.5
3.98 1.62 3.08 2.7
4.18 1.44 3.1 2.54
4.32 1.68 2.66 2.34
4.32 1.6 2.74 2.34
4.04 1.44 3.16 2.6
3.76 1.58 3.08 2.66
3.92 1.76 3.06 2.82
4.18 1.84 2.8 2.64
4.3 1.82 2.62 2.44
4.3 1.82 2.58 2.4
3.76 1.64 3.16 2.8
4.08 1.72 2.88 2.6
4.06 1.6 3.26 2.86
4.26 1.72 2.74 2.46
4.22 1.5 3.04 2.54
4.06 1.98 2.7 2.68
4.1 1.58 2.92 2.5
4.06 1.64 3.06 2.7
4.12 1.62 3.02 2.64
4.24 1.48 2.86 2.34
4.14 1.52 3.06 2.58
4.0 1.6 3.08 2.68
4.14 1.5 3.02 2.52
4.08 1.36 3.2 2.56
4.0 1.44 3.12 2.56
4.22 1.8 3.0 2.8
4.04 1.8 2.84 2.64
4.18 1.66 3.14 2.8
4.28 1.78 2.88 2.66
4.16 1.54 2.94 2.48
4.34 1.98 2.58 2.56
4.02 1.46 3.24 2.7
4.04 1.76 3.02 2.78
4.14 1.52 2.84 2.36
4.04 1.6 2.8 2.4
4.1 1.56 2.76 2.32
4.08 1.48 3.02 2.5
4.18 1.54 2.94 2.48
4.3 1.78 2.8 2.58
3.96 1.58 3.08 2.66
4.02 1.72 3.08 2.8
4.26 1.78 2.8 2.58
4.28 1.62 2.72 2.34
4.1 1.4 3.18 2.58
3.94 1.6 3.1 2.7
4.12 1.72 2.8 2.52
4.1 1.6 2.88 2.48
4.24 1.38 3.08 2.46
4.2 1.66 3.06 2.72
3.98 1.5 3.06 2.56
4.1 1.48 3.1 2.58
4.18 1.6 2.9 2.5
4.08 1.54 2.98 2.52
4.34 1.62 3.02 2.64
4.32 1.54 3.04 2.58
4.44 1.76 2.7 2.46
4.3 1.72 2.72 2.44
4.18 1.66 2.86 2.52
3.9 1.44 3.2 2.64
3.94 1.48 3.24 2.72
4.06 1.7 2.9 2.6
3.98 1.46 3.14 2.6
4.02 1.58 2.96 2.54
4.38 1.72 2.86 2.58
4.2 1.76 2.62 2.38
4.18 1.82 2.82 2.64
4.08 1.52 3.18 2.7
4.14 1.64 3.0 2.64
4.14 1.76 2.94 2.7
4.24 1.58 3.0 2.58
3.86 1.48 3.3 2.78
4.14 1.52 3.24 2.76
4.32 1.62 2.84 2.46
4.34 1.76 2.66 2.42
4.28 1.88 2.56 2.44
3.98 1.3 3.4 2.7
3.92 1.5 3.02 2.52
4.16 1.7 2.78 2.48
4.22 1.66 2.88 2.54
4.08 1.64 2.88 2.52
4.22 1.4 3.2 2.6
4.14 1.84 2.76 2.6
4.06 1.8 3.0 2.8
3.88 1.5 3.0 2.5
4.14 1.62 2.88 2.5
3.94 1.68 3.06 2.74
4.0 1.58 2.92 2.5
4.26 1.56 2.94 2.5
3.96 1.6 2.86 2.46
4.44 1.66 2.78 2.44
4.1 1.6 3.12 2.72
4.28 1.72 2.9 2.62
4.32 1.56 3.14 2.7
4.18 1.74 2.8 2.54
3.96 1.54 3.06 2.6
4.22 1.52 3.2 2.72
4.14 1.54 3.1 2.64
4.18 1.72 2.72 2.44
4.32 1.6 2.94 2.54
4.28 1.62 2.96 2.58
4.38 1.68 2.62 2.3
4.1 1.52 3.0 2.52
4.24 1.58 3.0 2.58
4.52 1.9 2.5 2.4
3.82 1.46 3.12 2.58
4.06 1.62 3.24 2.86
4.04 1.64 2.8 2.44
3.96 1.38 3.12 2.5
4.16 1.54 3.0 2.54
4.28 1.54 2.84 2.38
4.28 1.4 3.04 2.44
4.08 1.58 3.02 2.6
4.18 1.72 2.88 2.6
4.16 1.72 2.86 2.58
4.2 1.76 2.84 2.6
4.32 1.7 2.66 2.36
4.36 1.64 2.72 2.36
3.82 1.26 3.42 2.68
4.16 1.7 3.16 2.86
4.18 1.66 2.96 2.62
4.08 1.68 3.04 2.72
4.52 1.6 2.92 2.52
4.22 1.62 2.84 2.46
4.26 1.74 2.86 2.6
4.14 1.58 3.14 2.72
4.06 1.6 2.96 2.56
4.12 1.76 2.88 2.64
4.34 1.58 2.88 2.46
4.2 1.66 2.8 2.46
4.04 1.54 3.18 2.72
3.98 1.64 3.1 2.74
4.12 1.8 2.82 2.62
4.04 1.52 3.02 2.54
4.04 1.68 3.1 2.78
4.16 1.4 3.18 2.58
4.42 1.82 2.66 2.48
3.94 1.58 3.06 2.64
4.12 1.54 3.06 2.6
4.18 1.72 2.9 2.62
4.14 1.66 3.08 2.74
4.02 1.62 3.22 2.84
3.9 1.66 3.0 2.66
4.0 1.7 3.08 2.78
3.82 1.5 3.22 2.72
4.32 1.84 2.54 2.38
4.32 1.88 2.72 2.6
4.36 1.62 2.64 2.26
4.16 1.72 2.88 2.6
4.22 1.48 2.88 2.36
4.14 1.62 2.92 2.54
4.2 1.8 2.94 2.74
4.26 1.74 2.78 2.52
4.2 1.8 2.96 2.76
3.96 1.82 3.0 2.82
4.1 1.74 2.8 2.54
4.04 1.82 2.82 2.64
4.2 1.82 2.9 2.72
4.2 1.52 3.1 2.62
4.1 1.5 3.14 2.64
4.08 1.64 2.98 2.62
4.34 1.84 2.62 2.46
4.46 1.8 2.58 2.38
3.92 1.64 3.1 2.74
4.34 1.7 2.98 2.68
4.18 1.74 2.9 2.64
4.18 1.66 2.88 2.54
4.12 1.56 2.94 2.5
4.14 1.76 2.8 2.56
4.18 1.62 3.14 2.76
4.34 1.58 2.8 2.38
4.4 1.66 3.1 2.76
4.1 1.6 3.02 2.62
4.1 1.78 3.0 2.78
4.22 1.8 2.82 2.62
4.2 1.84 2.72 2.56
4.36 1.8 2.78 2.58
4.32 1.74 2.94 2.68
4.3 1.56 2.88 2.44
4.06 1.86 2.68 2.54
4.32 1.72 2.66 2.38
4.04 1.68 2.98 2.66
3.96 1.52 2.9 2.42
4.22 1.86 2.68 2.54
4.2 1.48 3.06 2.54
4.2 1.84 2.76 2.6
4.08 1.74 2.92 2.66
4.18 1.6 3.04 2.64
3.88 1.52 3.08 2.6
4.06 1.66 2.8 2.46
4.34 1.68 3.1 2.78
4.22 1.64 2.8 2.44
4.26 1.7 2.78 2.48
4.18 1.7 2.8 2.5
4.06 1.42 3.18 2.6
4.08 1.56 2.92 2.48
4.2 1.66 3.02 2.68
4.06 1.58 2.92 2.5
3.92 1.36 3.44 2.8
4.22 1.42 3.12 2.54
3.94 1.68 2.82 2.5
4.2 1.64 2.94 2.58
4.32 1.7 2.74 2.44
4.16 1.42 3.1 2.52
4.32 1.96 2.52 2.48
4.06 1.58 2.92 2.5
4.22 1.58 3.22 2.8
4.28 1.66 3.02 2.68
4.22 1.58 3.18 2.76
4.02 1.66 3.02 2.68
4.38 1.62 2.82 2.44
4.28 1.74 2.74 2.48
4.48 1.86 2.66 2.52
4.1 1.52 3.22 2.74
4.34 1.86 2.82 2.68
4.22 1.64 2.84 2.48
4.58 1.78 2.72 2.5
4.22 1.82 2.64 2.46
4.32 1.62 2.98 2.6
4.18 1.56 2.9 2.46
4.1 1.6 2.96 2.56
4.08 1.58 3.02 2.6
4.12 1.78 2.86 2.64
4.36 1.66 2.68 2.34
4.02 1.44 3.14 2.58
4.0 1.68 2.94 2.62
4.54 2.0 2.44 2.44
4.08 1.78 2.82 2.6
4.0 1.36 3.08 2.44
4.24 1.78 3.12 2.9
4.08 1.66 2.94 2.6
4.24 1.66 2.74 2.4
4.12 1.5 2.98 2.48
4.24 1.48 3.04 2.52
4.14 1.64 2.82 2.46
4.26 1.8 2.84 2.64
4.08 1.46 2.96 2.42
4.18 1.78 2.9 2.68
4.16 1.82 2.66 2.48
4.12 1.56 3.06 2.62
4.22 1.98 2.62 2.6
4.18 1.5 3.1 2.6
4.2 1.46 3.22 2.68
3.96 1.8 3.04 2.84
4.2 1.72 2.82 2.54
3.98 1.78 3.06 2.84
4.04 1.66 2.96 2.62
4.42 1.64 2.92 2.56
4.26 1.8 2.78 2.58
4.1 1.7 3.04 2.74
4.42 1.56 2.74 2.3
4.22 1.54 3.06 2.6
4.1 1.5 3.02 2.52
4.26 1.58 2.84 2.42
3.8 1.48 2.96 2.44
4.28 1.62 3.26 2.88
3.88 1.5 3.26 2.76
4.04 1.62 3.04 2.66
4.0 1.52 3.04 2.56
4.2 1.64 2.8 2.44
4.26 1.78 2.9 2.68
4.24 1.46 3.1 2.56
4.16 1.6 3.04 2.64
4.26 1.86 2.64 2.5
4.58 1.88 2.66 2.54
4.22 1.78 2.8 2.58
4.38 1.58 2.78 2.36
4.4 2.02 2.64 2.66
4.2 1.7 2.9 2.6
4.44 2.0 2.44 2.44
4.22 1.68 2.86 2.54
4.14 1.58 2.96 2.54
4.24 1.56 2.96 2.52
4.26 1.6 2.88 2.48
4.2 1.62 3.0 2.62
4.02 1.54 3.02 2.56
4.24 1.42 3.04 2.46
4.34 1.78 2.7 2.48
4.12 1.82 2.94 2.76
4.12 1.58 3.02 2.6
4.36 1.6 3.02 2.62
4.16 1.52 3.04 2.56
4.18 1.6 2.94 2.54
4.3 2.0 2.68 2.68
4.16 1.64 3.04 2.68
3.96 1.62 2.88 2.5
4.14 1.7 2.76 2.46
4.26 1.56 2.86 2.42
4.32 1.7 2.62 2.32
4.26 1.68 2.96 2.64
4.12 1.62 2.86 2.48
4.18 1.54 3.04 2.58
4.1 1.62 2.88 2.5
4.28 1.68 3.04 2.72
4.02 1.68 2.96 2.64
4.2 1.54 2.84 2.38
4.12 1.58 3.12 2.7
4.22 1.78 2.66 2.44
4.12 1.52 2.96 2.48
4.14 1.5 3.12 2.62
4.22 1.54 3.04 2.58
4.18 1.68 2.8 2.48
4.02 1.66 3.06 2.72
4.26 1.62 2.92 2.54
4.14 1.64 2.96 2.6
4.28 1.44 3.1 2.54
3.88 1.44 3.28 2.72
3.84 1.42 3.26 2.68
4.1 1.68 3.02 2.7
4.28 1.86 2.48 2.34
4.4 1.82 2.88 2.7
4.28 1.56 2.88 2.44
4.12 1.62 3.02 2.64
4.06 1.66 3.04 2.7
4.22 1.64 2.86 2.5
4.3 1.78 3.12 2.9
4.0 1.52 2.94 2.46
3.94 1.62 2.92 2.54
4.04 1.44 2.84 2.28
3.98 1.64 3.12 2.76
4.14 1.66 2.98 2.64
4.04 1.56 2.9 2.46
3.96 1.78 2.8 2.58
4.32 1.62 3.06 2.68
4.0 1.64 2.92 2.56
4.22 1.84 2.76 2.6
3.9 1.4 3.42 2.82
4.14 1.52 3.12 2.64
4.16 1.66 2.92 2.58
3.94 1.46 3.22 2.68
4.34 1.96 2.6 2.56
4.1 1.62 2.94 2.56
4.26 1.8 2.76 2.56
4.16 1.78 2.9 2.68
3.94 1.62 2.98 2.6
4.32 1.8 2.58 2.38
4.32 1.7 2.82 2.52
4.14 1.84 2.88 2.72
4.3 1.56 2.92 2.48
3.9 1.56 3.26 2.82
4.18 1.84 2.82 2.66
4.1 1.56 2.94 2.5
4.22 1.56 2.92 2.48
4.02 1.78 2.8 2.58
3.72 1.5 3.18 2.68
4.26 1.82 2.74 2.56
3.94 1.56 2.96 2.52
4.38 1.72 2.86 2.58
4.2 1.62 2.92 2.54
4.06 1.5 3.1 2.6
4.06 1.7 2.8 2.5
4.26 1.94 2.84 2.78
3.86 1.64 2.92 2.56
4.14 1.76 3.1 2.86
4.2 1.62 2.78 2.4
4.2 1.6 3.0 2.6
3.82 1.56 3.24 2.8
4.12 1.72 3.08 2.8
4.18 1.5 3.12 2.62
4.3 1.8 2.72 2.52
4.38 1.76 2.64 2.4
4.24 1.7 2.68 2.38
4.38 1.7 2.74 2.44
4.28 1.8 2.58 2.38
4.4 1.86 2.48 2.34
4.1 1.42 3.06 2.48
4.3 1.88 2.74 2.62
4.32 1.7 2.78 2.48
3.98 1.84 3.02 2.86
4.08 1.68 2.86 2.54
3.9 1.6 3.16 2.76
4.06 1.72 3.02 2.74
4.18 1.78 2.98 2.76
4.02 1.64 2.86 2.5
4.1 1.82 2.82 2.64
4.1 1.74 2.92 2.66
3.96 1.46 3.0 2.46
4.3 1.88 2.78 2.66
4.2 1.6 3.0 2.6
3.98 1.62 2.86 2.48
4.08 1.42 3.02 2.44
4.2 1.76 2.68 2.44
4.08 1.68 3.08 2.76
4.24 1.54 2.96 2.5
3.66 1.72 3.1 2.82
4.26 1.8 2.72 2.52
4.06 1.6 2.94 2.54
3.88 1.44 3.22 2.66
4.44 1.76 2.74 2.5
4.3 1.78 2.54 2.32
4.24 1.44 2.86 2.3
4.46 1.7 2.82 2.52
4.1 1.7 2.66 2.36
4.06 1.56 3.16 2.72
4.16 1.52 2.9 2.42
4.28 1.88 2.46 2.34
4.52 1.76 2.82 2.58
4.06 1.66 2.84 2.5
4.36 1.62 2.7 2.32
4.06 1.48 3.34 2.82
4.12 1.92 2.76 2.68
3.96 1.5 3.22 2.72
4.18 1.7 2.8 2.5
4.06 1.78 3.06 2.84
4.24 1.88 2.92 2.8
4.18 1.44 3.34 2.78
4.3 1.8 2.9 2.7
4.12 1.66 2.98 2.64
4.34 1.86 2.64 2.5
4.26 1.8 2.62 2.42
4.0 1.72 2.94 2.66
4.36 1.78 2.72 2.5
3.98 1.34 3.3 2.64
3.84 1.72 2.88 2.6
4.08 1.64 3.0 2.64
4.1 1.68 3.08 2.76
4.32 1.68 2.78 2.46
4.26 1.62 2.86 2.48
4.12 1.82 2.94 2.76
4.2 1.64 2.84 2.48
4.1 1.68 2.9 2.58
4.58 1.76 2.94 2.7
4.48 1.66 2.82 2.48
4.32 1.74 3.0 2.74
4.18 1.48 3.0 2.48
4.02 1.64 2.98 2.62
4.2 1.66 3.0 2.66
4.06 1.6 2.96 2.56
4.12 1.64 2.72 2.36
3.94 1.52 3.22 2.74
4.06 1.5 3.2 2.7
4.12 1.76 3.0 2.76
4.16 1.58 2.98 2.56
4.14 1.62 2.84 2.46
4.22 1.76 2.82 2.58
4.02 1.56 2.78 2.34
4.22 1.68 2.98 2.66
4.24 1.68 2.84 2.52
4.3 1.58 2.98 2.56
4.1 1.58 3.14 2.72
4.26 1.76 2.72 2.48
4.12 1.7 2.9 2.6
4.3 1.64 2.9 2.54
4.22 1.54 3.14 2.68
4.0 1.54 2.98 2.52
4.12 1.58 2.96 2.54
4.38 1.72 2.92 2.64
4.2 1.58 2.88 2.46
4.3 1.76 2.86 2.62
4.14 1.64 3.04 2.68
4.08 1.66 2.96 2.62
4.06 1.54 3.18 2.72
3.98 1.66 3.1 2.76
4.02 1.68 3.08 2.76
4.26 1.9 2.68 2.58
4.3 1.56 2.84 2.4
4.26 1.62 2.88 2.5
4.08 1.46 3.04 2.5
4.22 1.68 2.92 2.6
4.12 1.56 3.18 2.74
4.22 1.6 2.96 2.56
3.88 1.6 2.86 2.46
4.1 1.48 3.1 2.58
4.46 1.62 2.78 2.4
4.34 1.88 2.72 2.6
4.18 1.5 2.94 2.44
4.2 1.58 2.88 2.46
4.12 1.64 3.02 2.66
4.36 1.92 2.7 2.62
4.18 1.8 3.08 2.88
4.06 1.78 2.82 2.6
4.34 1.68 2.94 2.62
4.38 1.64 3.1 2.74
4.28 1.78 2.72 2.5
4.28 1.42 2.98 2.4
4.12 1.58 3.06 2.64
4.16 1.48 3.02 2.5
4.42 1.8 2.74 2.54
4.26 1.68 2.82 2.5
3.88 1.56 3.16 2.72
4.08 1.84 2.82 2.66
4.28 1.8 3.12 2.92
4.06 1.68 2.94 2.62
4.06 1.66 2.94 2.6
4.08 1.76 2.7 2.46
3.94 1.48 3.12 2.6
4.06 1.72 2.9 2.62
4.06 1.68 3.04 2.72
4.14 1.6 2.7 2.3
4.32 1.64 2.72 2.36
4.16 1.78 2.92 2.7
4.04 1.74 2.94 2.68
4.16 1.62 2.78 2.4
4.22 1.68 2.76 2.44
4.26 1.6 3.14 2.74
4.16 1.68 2.86 2.54
4.16004 1.645904 2.934688 2.580592
