4.09 1.73 2.86 2.59
4.29 1.7 2.76 2.46
4.14 1.7 2.81 2.51
4.06 1.51 2.9 2.41
4.01 1.66 2.94 2.6
4.24 1.65 3.0 2.65
3.96 1.45 3.18 2.63
4.18 1.56 2.97 2.53
4.03 1.63 3.08 2.71
3.94 1.71 2.84 2.55
4.12 1.66 3.0 2.66
4.15 1.51 3.04 2.55
4.09 1.55 3.11 2.66
4.27 1.8 2.88 2.68
4.16 1.5 2.92 2.42
4.03 1.62 3.12 2.74
4.05 1.55 3.06 2.61
4.06 1.68 2.87 2.55
4.15 1.66 2.75 2.41
4.1 1.66 2.89 2.55
4.1 1.75 2.89 2.64
4.09 1.55 3.05 2.6
4.23 1.6 2.97 2.57
4.28 1.65 2.89 2.54
3.97 1.67 3.04 2.71
4.0 1.42 3.11 2.53
4.02 1.48 3.14 2.62
4.01 1.59 2.9 2.49
4.18 1.69 2.85 2.54
4.14 1.64 2.94 2.58
4.39 1.69 2.82 2.51
4.12 1.63 2.91 2.54
4.1 1.66 2.98 2.64
4.07 1.66 2.93 2.59
4.06 1.55 3.05 2.6
4.22 1.61 2.91 2.52
4.24 1.72 2.71 2.43
4.17 1.87 2.8 2.67
4.21 1.68 3.09 2.77
4.29 1.52 2.98 2.5
4.23 1.66 2.86 2.52
4.01 1.73 2.94 2.67
4.1 1.79 2.92 2.71
4.21 1.77 2.86 2.63
4.28 1.7 2.96 2.66
4.34 1.72 2.73 2.45
4.3 1.73 2.71 2.44
3.92 1.5 3.3 2.8
4.19 1.63 2.86 2.49
4.23 1.59 2.86 2.45
4.04 1.79 2.86 2.65
4.08 1.58 3.11 2.69
4.26 1.89 2.73 2.62
4.35 1.78 2.85 2.63
4.13 1.71 2.79 2.5
4.27 1.54 2.99 2.53
4.01 1.51 2.9 2.41
3.91 1.64 3.16 2.8
4.3 1.6 3.04 2.64
4.33 1.66 2.95 2.61
4.14 1.64 2.84 2.48
4.02 1.55 2.96 2.51
4.35 1.64 2.87 2.51
4.18 1.77 2.85 2.62
4.01 1.45 3.1 2.55
4.15 1.87 2.84 2.71
4.13 1.79 2.91 2.7
4.23 1.61 2.93 2.54
4.2 1.71 2.95 2.66
4.21 1.66 2.91 2.57
4.01 1.64 3.02 2.66
4.14 1.81 3.02 2.83
4.18 1.67 2.94 2.61
4.16 1.54 2.87 2.41
4.24 1.51 3.26 2.77
4.18 1.75 2.78 2.53
4.3 1.78 2.84 2.62
4.26 1.69 2.81 2.5
4.19 1.51 2.94 2.45
4.21 1.67 2.96 2.63
4.13 1.43 3.08 2.51
4.23 1.72 2.79 2.51
4.08 1.62 3.08 2.7
4.13 1.5 2.98 2.48
4.01 1.48 3.28 2.76
4.19 1.69 2.84 2.53
4.04 1.7 2.99 2.69
4.23 1.75 2.68 2.43
4.16 1.67 2.91 2.58
4.25 1.81 2.69 2.5
4.04 1.59 2.93 2.52
4.19 1.6 2.89 2.49
3.97 1.66 3.04 2.7
3.99 1.56 3.05 2.61
4.07 1.57 3.1 2.67
4.28 1.69 2.87 2.56
4.17 1.66 2.94 2.6
4.21 1.85 2.91 2.76
4.2 1.58 2.87 2.45
4.19 1.44 3.04 2.48
4.1 1.8 2.82 2.62
4.18 1.57 2.99 2.56
4.23 1.75 2.78 2.53
4.04 1.62 3.05 2.67
3.88 1.43 3.33 2.76
4.21 1.61 2.92 2.53
4.18 1.64 3.04 2.68
4.18 1.45 3.06 2.51
4.08 1.84 2.91 2.75
4.18 1.65 2.93 2.58
4.28 1.76 2.89 2.65
4.26 1.74 2.75 2.49
4.19 1.65 2.95 2.6
4.25 1.57 2.95 2.52
4.16 1.71 2.99 2.7
4.33 1.77 2.63 2.4
3.95 1.6 3.14 2.74
4.23 1.72 2.88 2.6
4.17 1.62 3.02 2.64
4.13 1.75 2.86 2.61
4.23 1.59 3.01 2.6
4.05 1.45 3.19 2.64
4.22 1.72 2.94 2.66
4.29 1.74 2.88 2.62
4.18 1.66 2.92 2.58
4.19 1.68 2.88 2.56
4.17 1.7 2.83 2.53
4.21 1.54 2.96 2.5
4.44 1.74 2.79 2.53
4.13 1.72 2.92 2.64
4.11 1.58 3.0 2.58
4.08 1.74 2.83 2.57
4.03 1.57 3.01 2.58
4.24 1.74 2.77 2.51
4.16 1.64 2.79 2.43
4.0 1.45 3.1 2.55
4.28 1.72 2.86 2.58
4.21 1.82 2.78 2.6
4.19 1.65 2.94 2.59
4.11 1.67 2.95 2.62
4.18 1.62 2.99 2.61
4.21 1.65 2.79 2.44
3.99 1.55 3.0 2.55
4.22 1.71 2.79 2.5
4.21 1.61 2.83 2.44
4.16 1.73 2.78 2.51
4.16 1.6 3.05 2.65
4.19 1.61 2.97 2.58
4.08 1.5 3.02 2.52
4.21 1.58 2.93 2.51
4.01 1.63 2.97 2.6
4.31 1.8 2.77 2.57
3.91 1.62 3.16 2.78
4.1 1.81 2.83 2.64
4.02 1.48 3.12 2.6
4.08 1.74 2.79 2.53
4.19 1.61 2.97 2.58
4.32 1.79 2.79 2.58
4.05 1.54 2.88 2.42
4.12 1.53 3.07 2.6
4.35 1.66 2.92 2.58
4.25 1.59 2.87 2.46
4.09 1.69 3.01 2.7
3.99 1.65 2.94 2.59
4.11 1.57 3.0 2.57
4.25 1.64 2.87 2.51
4.25 1.69 2.84 2.53
4.24 1.65 2.68 2.33
4.02 1.56 2.96 2.52
4.24 1.65 2.76 2.41
4.19 1.78 2.75 2.53
4.17 1.63 2.94 2.57
4.1 1.65 2.85 2.5
4.25 1.76 2.75 2.51
4.09 1.63 2.97 2.6
4.15 1.68 2.95 2.63
4.17 1.82 2.73 2.55
4.3 1.71 2.94 2.65
4.05 1.59 3.09 2.68
4.13 1.64 3.02 2.66
4.05 1.67 2.88 2.55
4.35 1.59 2.95 2.54
4.25 1.67 3.0 2.67
4.23 1.61 2.81 2.42
4.15 1.6 3.02 2.62
4.24 1.63 3.0 2.63
4.22 1.55 3.02 2.57
4.1 1.75 2.8 2.55
4.3 1.73 2.78 2.51
4.21 1.72 2.8 2.52
4.25 1.7 2.83 2.53
4.33 1.89 2.66 2.55
4.35 1.66 2.97 2.63
4.19 1.7 2.75 2.45
4.04 1.55 3.06 2.61
4.23 1.53 2.88 2.41
4.07 1.51 3.25 2.76
4.19 1.71 2.81 2.52
4.19 1.66 3.02 2.68
4.08 1.49 3.03 2.52
4.34 1.69 2.97 2.66
4.27 1.64 2.89 2.53
3.97 1.57 3.0 2.57
4.03 1.6 3.02 2.62
3.98 1.7 3.0 2.7
4.11 1.64 2.72 2.36
4.21 1.78 2.84 2.62
3.99 1.46 3.15 2.61
4.2 1.66 2.97 2.63
4.21 1.66 2.99 2.65
4.13 1.75 2.89 2.64
4.09 1.57 3.0 2.57
4.18 1.7 3.08 2.78
4.16 1.54 3.07 2.61
4.18 1.58 3.07 2.65
4.09 1.58 3.12 2.7
4.11 1.72 2.83 2.55
4.22 1.87 2.78 2.65
3.98 1.74 2.91 2.65
4.29 1.81 2.65 2.46
4.27 1.73 2.76 2.49
4.17 1.7 2.94 2.64
3.98 1.63 3.05 2.68
4.39 1.73 2.73 2.46
4.23 1.61 2.94 2.55
4.25 1.65 2.82 2.47
4.04 1.62 3.1 2.72
4.18 1.55 3.15 2.7
4.38 1.72 2.86 2.58
4.33 1.77 2.78 2.55
4.08 1.59 2.88 2.47
4.08 1.6 2.93 2.53
3.99 1.56 3.03 2.59
4.14 1.61 2.97 2.58
4.16 1.61 2.98 2.59
4.13 1.68 2.87 2.55
4.25 1.72 2.82 2.54
4.03 1.59 3.09 2.68
4.52 1.59 2.87 2.46
4.02 1.56 3.13 2.69
4.07 1.75 3.01 2.76
4.1 1.63 3.05 2.68
4.31 1.69 2.77 2.46
4.33 1.63 2.92 2.55
4.02 1.61 2.92 2.53
4.16 1.57 3.03 2.6
4.13 1.62 2.96 2.58
4.45 1.67 2.87 2.54
4.05 1.74 3.02 2.76
3.97 1.49 3.07 2.56
4.09 1.62 3.08 2.7
4.34 1.6 2.93 2.53
4.19 1.75 2.84 2.59
4.33 1.59 2.86 2.45
3.92 1.45 3.36 2.81
4.3 1.86 2.69 2.55
4.01 1.53 3.12 2.65
4.15 1.76 2.88 2.64
4.08 1.71 2.86 2.57
4.34 1.8 2.82 2.62
4.16 1.59 3.07 2.66
3.92 1.56 3.22 2.78
4.01 1.39 3.14 2.53
3.95 1.5 3.22 2.72
4.39 1.8 2.77 2.57
4.28 1.73 2.99 2.72
4.15 1.74 2.91 2.65
4.24 1.74 2.92 2.66
3.85 1.51 3.23 2.74
4.07 1.58 3.2 2.78
4.26 1.69 2.95 2.64
4.39 1.72 2.85 2.57
4.11 1.54 3.05 2.59
4.15 1.71 2.87 2.58
4.17 1.49 2.98 2.47
4.11 1.59 2.97 2.56
4.11 1.74 2.82 2.56
4.3 1.68 2.75 2.43
4.17 1.62 2.91 2.53
4.0 1.58 3.01 2.59
4.13 1.58 3.06 2.64
4.02 1.59 3.0 2.59
4.06 1.71 2.86 2.57
4.36 1.78 2.77 2.55
4.01 1.78 2.89 2.67
4.21 1.68 3.05 2.73
4.15 1.83 2.73 2.56
3.98 1.74 3.02 2.76
3.95 1.44 3.16 2.6
4.1 1.61 2.85 2.46
4.16 1.77 2.85 2.62
4.02 1.59 2.96 2.55
3.99 1.67 3.11 2.78
4.23 1.63 2.91 2.54
4.04 1.57 3.03 2.6
4.08 1.62 3.09 2.71
4.08 1.55 3.05 2.6
4.3 1.54 2.93 2.47
4.24 1.59 2.98 2.57
4.22 1.59 2.82 2.41
4.07 1.61 3.03 2.64
4.18 1.56 2.94 2.5
4.07 1.49 3.1 2.59
4.07 1.75 3.0 2.75
4.11 1.69 2.95 2.64
4.34 1.76 2.7 2.46
4.05 1.62 2.96 2.58
3.94 1.37 3.23 2.6
4.13 1.44 3.09 2.53
3.98 1.47 3.1 2.57
4.26 1.74 2.79 2.53
4.18 1.8 2.86 2.66
4.34 1.73 2.83 2.56
4.08 1.53 3.05 2.58
4.1 1.7 2.9 2.6
4.17 1.57 2.94 2.51
4.02 1.57 3.07 2.64
3.94 1.52 3.05 2.57
4.1 1.68 2.92 2.6
3.96 1.55 3.09 2.64
4.02 1.58 3.09 2.67
4.07 1.56 3.01 2.57
4.21 1.78 2.75 2.53
4.13 1.75 2.95 2.7
4.05 1.37 3.21 2.58
4.27 1.55 2.86 2.41
4.14 1.77 2.89 2.66
4.16 1.57 2.9 2.47
4.04 1.48 3.19 2.67
3.81 1.49 3.09 2.58
4.31 1.94 2.78 2.72
4.0 1.53 3.12 2.65
4.03 1.49 3.21 2.7
4.13 1.61 3.04 2.65
4.13 1.73 2.88 2.61
4.34 1.74 2.73 2.47
4.14 1.57 3.01 2.58
4.2 1.6 2.96 2.56
4.19 1.75 2.88 2.63
4.12 1.63 2.85 2.48
4.12 1.72 2.86 2.58
4.3 1.74 2.77 2.51
4.12 1.62 2.86 2.48
4.15 1.58 3.06 2.64
4.02 1.57 3.02 2.59
4.15 1.58 2.85 2.43
4.3 1.48 2.96 2.44
4.32 1.72 2.88 2.6
4.23 1.7 2.88 2.58
4.24 1.69 2.87 2.56
3.98 1.63 3.04 2.67
4.3 1.64 2.96 2.6
4.11 1.56 3.09 2.65
4.32 1.7 2.78 2.48
4.18 1.64 2.91 2.55
3.95 1.62 3.09 2.71
4.06 1.58 3.0 2.58
3.92 1.53 3.14 2.67
4.16 1.61 2.8 2.41
3.91 1.59 3.0 2.59
3.89 1.52 3.19 2.71
4.03 1.44 3.22 2.66
4.07 1.63 2.83 2.46
4.06 1.72 2.95 2.67
4.21 1.78 2.8 2.58
4.16 1.62 2.85 2.47
4.19 1.78 2.89 2.67
4.28 1.81 2.75 2.56
4.16 1.65 2.89 2.54
4.23 1.76 2.84 2.6
4.07 1.69 2.91 2.6
4.19 1.76 2.84 2.6
4.21 1.68 2.98 2.66
4.21 1.58 3.01 2.59
4.27 1.78 2.77 2.55
4.17 1.61 3.08 2.69
4.1 1.7 2.89 2.59
4.14 1.62 2.87 2.49
3.97 1.68 3.14 2.82
4.25 1.64 2.96 2.6
4.05 1.45 3.12 2.57
4.21 1.53 3.04 2.57
4.21 1.8 2.92 2.72
4.24 1.6 2.98 2.58
4.14 1.57 2.96 2.53
4.14 1.55 2.89 2.44
4.13 1.55 3.08 2.63
4.23 1.54 2.92 2.46
4.23 1.58 2.99 2.57
4.0 1.5 3.19 2.69
4.19 1.7 2.89 2.59
4.26 1.6 3.04 2.64
4.15 1.63 2.95 2.58
4.11 1.7 2.92 2.62
4.17 1.61 3.04 2.65
4.28 1.53 2.97 2.5
4.27 1.67 2.86 2.53
4.2 1.61 2.96 2.57
4.34 1.65 3.03 2.68
4.25 1.64 2.89 2.53
4.24 1.62 2.97 2.59
3.99 1.45 3.05 2.5
4.24 1.83 2.8 2.63
4.19 1.67 3.04 2.71
4.34 1.63 2.99 2.62
4.22 1.66 3.13 2.79
4.1 1.88 2.85 2.73
4.21 1.54 3.09 2.63
4.21 1.55 3.13 2.68
4.11 1.5 2.88 2.38
4.26 1.71 2.92 2.63
4.28 1.76 2.76 2.52
4.28 1.67 2.9 2.57
3.91 1.58 3.11 2.69
4.08 1.4 3.15 2.55
4.09 1.49 2.99 2.48
4.18 1.58 2.97 2.55
4.27 1.74 2.78 2.52
4.12 1.6 2.92 2.52
4.07 1.58 3.23 2.81
4.21 1.78 2.73 2.51
4.02 1.57 3.0 2.57
3.89 1.63 2.97 2.6
4.28 1.71 2.65 2.36
4.11 1.67 2.89 2.56
4.2 1.76 2.74 2.5
4.25 1.75 2.93 2.68
4.14 1.59 2.92 2.51
4.0 1.68 3.14 2.82
4.38 1.84 2.77 2.61
4.34 1.61 2.91 2.52
4.3 1.77 2.8 2.57
4.27 1.64 2.92 2.56
4.19 1.57 3.03 2.6
4.18 1.53 2.94 2.47
4.27 1.56 2.95 2.51
4.33 1.8 2.78 2.58
4.16 1.72 2.89 2.61
4.24 1.61 2.98 2.59
4.12 1.68 2.92 2.6
4.12 1.76 2.77 2.53
4.12 1.54 3.08 2.62
4.29 1.6 2.9 2.5
4.18 1.63 2.77 2.4
4.06 1.68 3.08 2.76
4.12 1.55 3.12 2.67
4.24 1.58 3.01 2.59
4.15 1.67 2.86 2.53
4.0 1.69 2.94 2.63
4.2 1.59 2.93 2.52
3.88 1.47 3.21 2.68
4.11 1.6 3.01 2.61
4.3 1.62 2.89 2.51
4.26 1.64 2.83 2.47
3.99 1.66 2.9 2.56
4.16 1.53 3.17 2.7
4.31 1.7 2.77 2.47
4.2 1.66 2.92 2.58
4.15 1.79 2.85 2.64
4.35 1.66 2.68 2.34
4.14 1.61 3.03 2.64
4.27 1.91 2.8 2.71
4.28 1.86 2.67 2.53
4.22 1.64 2.9 2.54
4.17 1.51 3.0 2.51
4.25 1.6 2.96 2.56
4.12 1.73 2.91 2.64
4.2 1.85 2.88 2.73
4.09 1.63 3.0 2.63
3.97 1.66 3.02 2.68
4.03 1.49 3.08 2.57
4.2 1.6 2.96 2.56
4.24 1.59 2.75 2.34
4.03 1.52 3.13 2.65
4.11 1.7 3.02 2.72
4.37 1.67 2.8 2.47
4.22 1.64 2.89 2.53
4.22 1.67 2.93 2.6
4.26 1.7 2.82 2.52
4.24 1.83 2.77 2.6
4.18 1.62 2.91 2.53
4.27 1.65 3.0 2.65
4.21 1.72 2.99 2.71
4.24 1.78 2.77 2.55
4.09 1.69 2.96 2.65
4.24 1.64 2.95 2.59
4.28 1.75 2.93 2.68
4.0 1.54 3.04 2.58
4.22 1.84 2.82 2.66
3.97 1.52 3.06 2.58
4.05 1.6 3.07 2.67
4.16 1.66 2.73 2.39
4.26 1.65 2.84 2.49
4.09 1.72 2.96 2.68
4.1 1.7 3.03 2.73
4.32 1.64 2.92 2.56
4.17 1.69 2.99 2.68
4.12 1.69 2.9 2.59
4.13 1.76 2.8 2.56
4.3 1.71 2.87 2.58
4.26 1.68 2.83 2.51
4.04 1.54 3.19 2.73
4.04 1.54 2.97 2.51
4.22 1.53 3.0 2.53
4.03 1.48 2.95 2.43
3.93 1.45 3.1 2.55
3.95 1.65 3.0 2.65
4.07 1.55 3.05 2.6
3.99 1.71 2.97 2.68
4.19 1.64 2.88 2.52
4.05 1.58 2.9 2.48
3.94 1.72 2.98 2.7
4.17 1.6 2.9 2.5
4.22 1.63 2.92 2.55
4.09 1.58 3.0 2.58
4.18 1.57 3.01 2.58
4.16 1.69 3.15 2.84
4.21 1.64 3.09 2.73
4.21 1.67 2.81 2.48
4.1 1.8 2.79 2.59
4.17 1.66 2.8 2.46
4.19 1.7 2.97 2.67
4.31 1.79 2.68 2.47
4.28 1.62 2.97 2.59
4.25 1.74 2.81 2.55
4.13 1.57 3.01 2.58
4.05 1.72 2.85 2.57
4.23 1.71 2.83 2.54
4.09 1.69 2.8 2.49
4.08 1.54 3.05 2.59
4.22 1.68 2.96 2.64
4.3 1.78 2.83 2.61
4.11 1.46 3.16 2.62
4.11 1.51 3.32 2.83
4.14 1.45 3.01 2.46
4.18 1.65 2.88 2.53
3.93 1.61 3.23 2.84
4.06 1.47 3.15 2.62
4.17 1.58 3.0 2.58
4.22 1.72 2.85 2.57
4.3 1.77 2.82 2.59
4.19 1.61 2.87 2.48
4.23 1.81 2.74 2.55
4.14 1.58 2.96 2.54
4.32 1.61 2.86 2.47
4.22 1.54 3.06 2.6
4.25 1.77 2.81 2.58
4.22 1.63 2.94 2.57
4.24 1.69 2.89 2.58
4.28 1.75 2.92 2.67
4.24 1.68 2.84 2.52
4.28 1.78 2.76 2.54
4.26 1.62 2.99 2.61
4.2 1.64 2.98 2.62
4.1 1.67 2.93 2.6
4.28 1.69 2.88 2.57
4.08 1.57 3.01 2.58
4.11 1.71 2.98 2.69
3.97 1.54 3.22 2.76
4.19 1.59 2.91 2.5
4.04 1.77 2.85 2.62
4.02 1.62 3.03 2.65
4.23 1.58 2.99 2.57
4.23 1.63 3.02 2.65
4.19 1.77 2.87 2.64
4.14 1.38 3.18 2.56
4.07 1.54 3.07 2.61
4.16 1.53 3.1 2.63
3.95 1.51 3.08 2.59
4.28 1.8 2.74 2.54
4.16 1.57 3.0 2.57
4.22 1.74 2.97 2.71
4.09 1.5 3.08 2.58
4.4 1.67 2.78 2.45
4.17 1.76 3.03 2.79
3.97 1.41 3.16 2.57
4.23 1.65 2.8 2.45
4.26 1.62 2.86 2.48
4.28 1.77 2.95 2.72
4.26 1.73 2.93 2.66
4.22 1.55 3.02 2.57
4.15 1.65 3.02 2.67
4.31 1.79 2.78 2.57
3.9 1.45 3.11 2.56
4.07 1.51 3.05 2.56
4.26 1.68 2.75 2.43
4.12 1.59 2.93 2.52
3.9 1.61 3.11 2.72
4.24 1.75 2.55 2.3
4.26 1.76 2.96 2.72
4.15 1.52 2.87 2.39
4.16 1.48 3.04 2.52
4.33 1.8 2.84 2.64
4.25 1.76 2.74 2.5
4.05 1.53 3.11 2.64
4.26 1.7 2.85 2.55
4.06 1.56 3.02 2.58
4.16 1.68 2.91 2.59
4.19 1.7 2.88 2.58
4.23 1.64 2.85 2.49
4.04 1.63 2.92 2.55
4.34 1.74 2.74 2.48
4.07 1.6 2.93 2.53
4.2 1.92 2.74 2.66
4.18 1.69 2.95 2.64
4.02 1.57 3.2 2.77
4.38 1.77 2.75 2.52
4.14 1.59 3.03 2.62
4.23 1.64 2.94 2.58
4.05 1.53 3.07 2.6
4.06 1.49 3.19 2.68
4.27 1.84 2.76 2.6
4.28 1.81 2.91 2.72
4.23 1.7 2.97 2.67
3.82 1.48 3.06 2.54
4.16 1.73 2.93 2.66
4.2 1.65 2.9 2.55
4.31 1.58 2.95 2.53
4.33 1.65 2.88 2.53
4.41 1.79 2.71 2.5
4.1 1.58 3.08 2.66
3.94 1.51 3.1 2.61
4.3 1.75 3.07 2.82
4.17 1.61 2.95 2.56
4.36 1.77 2.66 2.43
4.16 1.54 3.05 2.59
4.23 1.67 2.88 2.55
4.16 1.64 3.16 2.8
4.29 1.88 2.64 2.52
4.17 1.64 2.98 2.62
4.09 1.54 3.04 2.58
4.14 1.51 3.07 2.58
4.22 1.7 2.79 2.49
4.25 1.59 2.85 2.44
4.31 1.61 2.98 2.59
4.09 1.6 3.14 2.74
4.22 1.72 2.91 2.63
4.08 1.71 2.94 2.65
4.27 1.75 2.94 2.69
4.19 1.78 2.69 2.47
4.01 1.59 3.07 2.66
4.22 1.51 3.14 2.65
4.15 1.73 3.01 2.74
4.22 1.45 2.97 2.42
4.08 1.58 2.85 2.43
4.33 1.66 2.78 2.44
4.19 1.7 2.8 2.5
4.16 1.61 2.92 2.53
4.0 1.57 3.06 2.63
4.34 1.77 2.8 2.57
4.23 1.67 2.94 2.61
4.24 1.62 2.89 2.51
4.28 1.69 2.71 2.4
4.15 1.83 2.96 2.79
4.29 1.55 2.97 2.52
4.31 1.49 3.07 2.56
4.3 1.64 2.8 2.44
4.22 1.67 2.77 2.44
4.27 1.83 2.6 2.43
4.21 1.81 2.67 2.48
4.17 1.55 3.05 2.6
4.2 1.67 2.98 2.65
4.12 1.53 3.0 2.53
4.24 1.68 2.88 2.56
4.21 1.68 3.03 2.71
4.12 1.77 2.92 2.69
4.14 1.51 3.02 2.53
4.22 1.52 3.05 2.57
4.17 1.6 3.12 2.72
4.14 1.65 2.94 2.59
4.24 1.64 2.89 2.53
4.23 1.55 2.83 2.38
4.22 1.81 2.81 2.62
4.26 1.82 2.83 2.65
4.18 1.77 2.78 2.55
4.19 1.69 2.9 2.59
4.23 1.78 2.76 2.54
4.26 1.93 2.65 2.58
4.25 1.65 2.81 2.46
4.18 1.64 2.96 2.6
4.25 1.58 2.81 2.39
4.09 1.69 2.92 2.61
4.18 1.57 2.96 2.53
4.13 1.81 2.83 2.64
4.07 1.51 3.03 2.54
4.01 1.58 2.95 2.53
4.26 1.65 2.9 2.55
4.25 1.64 2.89 2.53
4.09 1.51 2.99 2.5
4.29 1.78 2.76 2.54
4.18 1.57 3.14 2.71
4.12 1.58 3.08 2.66
4.19 1.61 2.97 2.58
3.97 1.56 3.1 2.66
4.13 1.83 2.77 2.6
4.37 1.77 2.76 2.53
4.02 1.59 3.09 2.68
4.16 1.56 2.86 2.42
4.09 1.65 3.0 2.65
4.1 1.5 2.98 2.48
4.3 1.64 2.86 2.5
4.14 1.47 2.95 2.42
4.27 1.77 2.83 2.6
4.01 1.45 3.16 2.61
4.22 1.53 3.08 2.61
4.19 1.71 2.92 2.63
4.22 1.54 2.84 2.38
4.27 1.65 2.85 2.5
4.07 1.56 2.88 2.44
4.14 1.64 2.98 2.62
3.96 1.54 3.11 2.65
4.16 1.72 3.01 2.73
4.18 1.64 2.85 2.49
4.13 1.55 2.92 2.47
4.01 1.64 3.09 2.73
4.03 1.6 3.02 2.62
4.14 1.67 2.77 2.44
4.21 1.74 2.74 2.48
4.29 1.61 2.97 2.58
4.08 1.64 2.95 2.59
4.01 1.5 3.04 2.54
4.24 1.87 2.77 2.64
4.1 1.52 3.1 2.62
3.98 1.37 3.29 2.66
4.14 1.68 2.9 2.58
4.03 1.59 2.98 2.57
4.2 1.63 2.88 2.51
4.32 1.77 2.76 2.53
4.1 1.52 3.06 2.58
4.22 1.68 2.97 2.65
4.17 1.56 2.95 2.51
3.99 1.53 3.05 2.58
4.18 1.69 2.85 2.54
4.22 1.77 2.72 2.49
4.26 1.5 2.98 2.48
4.12 1.49 2.98 2.47
4.23 1.77 2.95 2.72
4.21 1.66 2.92 2.58
4.36 1.79 2.82 2.61
4.11 1.6 3.04 2.64
4.16 1.66 3.01 2.67
4.33 1.79 2.79 2.58
4.2 1.57 2.93 2.5
4.15 1.57 3.04 2.61
3.78 1.42 3.24 2.66
4.1 1.65 2.9 2.55
4.16 1.53 3.01 2.54
4.4 1.78 2.81 2.59
4.21 1.77 2.76 2.53
4.21 1.85 2.84 2.69
4.3 1.59 2.88 2.47
4.14 1.73 2.83 2.56
4.15 1.58 2.95 2.53
4.23 1.66 2.8 2.46
4.27 1.72 2.94 2.66
4.25 1.71 2.83 2.54
4.23 1.57 3.15 2.72
4.17 1.56 3.01 2.57
4.14 1.54 3.03 2.57
4.31 1.77 2.72 2.49
4.13 1.53 3.01 2.54
4.25 1.73 2.68 2.41
4.24 1.69 2.86 2.55
4.2 1.57 2.85 2.42
4.18 1.56 2.91 2.47
4.18 1.6 3.02 2.62
4.12 1.66 3.02 2.68
4.09 1.52 3.11 2.63
4.15 1.58 2.89 2.47
3.89 1.58 3.02 2.6
4.09 1.75 2.78 2.53
4.29 1.69 2.9 2.59
4.2 1.66 2.92 2.58
4.34 1.79 2.78 2.57
4.41 1.83 2.68 2.51
4.35 1.75 2.71 2.46
4.22 1.64 3.05 2.69
4.17 1.56 3.04 2.6
4.23 1.68 2.98 2.66
4.12 1.64 2.97 2.61
4.02 1.7 2.95 2.65
4.25 1.65 2.85 2.5
4.14 1.66 2.92 2.58
4.27 1.89 2.68 2.57
4.04 1.65 2.87 2.52
3.99 1.6 3.13 2.73
4.04 1.69 2.93 2.62
4.25 1.8 2.99 2.79
4.26 1.64 2.81 2.45
4.29 1.54 2.99 2.53
4.28 1.84 2.88 2.72
4.08 1.57 3.08 2.65
4.2 1.68 2.98 2.66
4.3 1.75 2.83 2.58
4.31 1.64 3.03 2.67
4.23 1.79 2.74 2.53
4.11 1.62 3.02 2.64
4.26 1.54 2.99 2.53
4.15 1.65 2.88 2.53
3.89 1.52 3.17 2.69
4.23 1.67 2.87 2.54
4.09 1.69 3.01 2.7
4.09 1.72 2.81 2.53
4.05 1.5 3.04 2.54
4.37 1.82 2.88 2.7
4.04 1.71 3.03 2.74
4.21 1.68 2.99 2.67
3.83 1.49 3.17 2.66
4.16 1.55 3.0 2.55
4.29 1.73 2.7 2.43
4.09 1.52 3.05 2.57
4.07 1.62 2.84 2.46
4.19 1.74 2.85 2.59
4.03 1.53 2.9 2.43
4.0 1.53 3.2 2.73
4.15 1.6 2.98 2.58
4.09 1.71 2.96 2.67
4.09 1.59 3.02 2.61
4.09 1.52 3.01 2.53
4.24 1.68 2.85 2.53
4.02 1.57 3.09 2.66
3.93 1.59 3.06 2.65
3.89 1.68 3.05 2.73
4.42 1.67 2.74 2.41
4.25 1.66 2.95 2.61
4.09 1.66 3.06 2.72
4.12 1.52 3.16 2.68
4.16 1.84 2.88 2.72
3.94 1.53 3.12 2.65
4.31 1.73 2.85 2.58
4.2 1.7 2.76 2.46
4.24 1.63 2.86 2.49
4.07 1.62 3.08 2.7
4.2 1.65 2.88 2.53
4.34 1.73 2.77 2.5
4.27 1.68 2.77 2.45
4.3 1.7 2.73 2.43
4.21 1.64 2.9 2.54
4.22 1.65 2.83 2.48
4.07 1.6 2.94 2.54
3.96 1.76 2.85 2.61
4.17 1.58 3.06 2.64
4.12 1.64 3.01 2.65
4.13 1.57 3.12 2.69
4.34 1.58 2.84 2.42
4.16 1.78 2.81 2.59
4.29 1.53 3.06 2.59
4.1 1.83 2.87 2.7
4.23 1.79 2.77 2.56
4.07 1.7 2.85 2.55
3.93 1.46 3.23 2.69
3.95 1.51 3.15 2.66
4.04 1.59 3.11 2.7
4.19 1.63 3.04 2.67
4.17 1.66 3.01 2.67
4.16 1.7 2.83 2.53
4.12 1.54 2.97 2.51
4.15 1.65 2.95 2.6
4.01 1.39 3.13 2.52
4.27 1.71 2.82 2.53
4.22 1.69 2.84 2.53
4.01 1.57 3.19 2.76
4.22 1.71 2.98 2.69
4.23 1.59 2.87 2.46
4.11 1.47 3.05 2.52
4.29 1.72 2.89 2.61
4.24 1.59 2.99 2.58
4.29 1.73 2.95 2.68
4.12 1.54 3.04 2.58
4.11 1.54 2.87 2.41
4.48 1.93 2.75 2.68
4.19 1.6 2.88 2.48
4.08 1.57 3.09 2.66
4.15 1.75 2.92 2.67
4.44 1.63 2.86 2.49
4.16 1.75 2.85 2.6
4.19 1.63 2.95 2.58
4.17 1.66 3.04 2.7
4.14 1.55 2.95 2.5
4.17 1.83 2.89 2.72
4.14 1.58 2.98 2.56
4.3 1.9 2.57 2.47
4.33 1.78 2.84 2.62
4.23 1.74 2.9 2.64
4.17 1.61 2.98 2.59
3.82 1.5 3.16 2.66
4.18 1.7 2.77 2.47
4.11 1.65 3.03 2.68
4.25 1.76 2.89 2.65
4.31 1.7 2.81 2.51
4.17 1.72 2.86 2.58
3.99 1.62 2.95 2.57
4.18 1.79 2.58 2.37
4.03 1.42 3.17 2.59
4.37 1.77 2.67 2.44
4.04 1.63 3.12 2.75
4.09 1.78 2.89 2.67
4.15 1.52 3.08 2.6
4.26 1.65 3.01 2.66
4.33 1.8 2.73 2.53
4.19 1.71 2.72 2.43
4.28 1.82 2.69 2.51
4.12 1.59 2.94 2.53
4.21 1.58 2.88 2.46
4.06 1.8 2.71 2.51
4.31 1.84 2.63 2.47
4.25 1.67 2.95 2.62
4.21 1.65 3.05 2.7
4.2 1.59 3.14 2.73
4.23 1.6 2.94 2.54
4.22 1.79 2.97 2.76
4.1 1.67 2.99 2.66
4.39 1.69 2.95 2.64
4.33 1.78 2.78 2.56
4.03 1.63 2.97 2.6
4.08 1.52 2.95 2.47
4.07 1.58 3.01 2.59
3.98 1.59 3.03 2.62
4.14 1.83 2.77 2.6
4.34 1.71 2.88 2.59
4.37 1.78 2.76 2.54
4.06 1.77 2.92 2.69
4.18 1.51 3.06 2.57
4.12 1.65 2.78 2.43
4.16 1.68 2.92 2.6
4.14 1.56 2.96 2.52
4.31 1.77 2.77 2.54
4.22 1.55 2.99 2.54
4.23 1.77 2.74 2.51
4.31 1.7 2.87 2.57
4.19 1.61 2.91 2.52
3.98 1.48 2.97 2.45
4.2 1.54 3.03 2.57
4.01 1.67 3.06 2.73
4.02 1.51 3.12 2.63
4.16 1.7 2.82 2.52
4.39 1.74 2.8 2.54
4.27 1.58 3.07 2.65
4.26 1.65 2.85 2.5
4.14 1.62 2.96 2.58
4.22 1.62 2.83 2.45
4.27 1.73 2.91 2.64
4.18 1.59 3.01 2.6
3.98 1.46 3.2 2.66
4.05 1.65 2.97 2.62
4.32 1.6 2.97 2.57
4.13 1.67 2.9 2.57
4.1 1.65 2.72 2.37
4.21 1.58 3.1 2.68
3.97 1.6 3.07 2.67
3.97 1.59 3.0 2.59
4.25 1.69 2.86 2.55
4.22 1.54 2.95 2.49
4.23 1.67 2.89 2.56
4.38 1.77 2.92 2.69
4.28 1.73 2.7 2.43
4.3 1.73 2.84 2.57
4.28 1.66 2.98 2.64
4.13 1.86 2.86 2.72
4.11 1.59 2.84 2.43
4.37 1.7 2.81 2.51
4.16 1.44 3.05 2.49
4.19 1.65 2.97 2.62
4.04 1.63 3.01 2.64
4.01 1.61 3.01 2.62
4.25 1.89 2.73 2.62
4.15 1.58 3.08 2.66
4.28 1.64 2.81 2.45
4.28 1.71 2.78 2.49
4.28 1.52 2.96 2.48
4.19 1.49 2.92 2.41
4.23 1.72 2.94 2.66
4.02 1.75 2.9 2.65
4.19 1.59 2.86 2.45
4.0 1.56 2.97 2.53
4.08 1.53 3.0 2.53
4.38 1.82 2.66 2.48
4.13 1.73 2.81 2.54
4.02 1.64 2.96 2.6
4.18 1.68 2.78 2.46
3.99 1.61 3.02 2.63
4.26 1.69 2.86 2.55
4.25 1.65 2.87 2.52
4.17 1.59 3.1 2.69
4.11 1.53 2.97 2.5
4.23 1.87 3.0 2.87
4.13 1.67 2.87 2.54
4.23 1.62 2.96 2.58
4.11 1.51 3.06 2.57
4.11 1.67 3.02 2.69
4.15 1.51 3.0 2.51
3.97 1.4 3.19 2.59
4.13 1.73 2.9 2.63
4.12 1.77 2.94 2.71
4.09 1.48 3.07 2.55
4.16 1.65 2.89 2.54
4.05 1.63 3.04 2.67
4.2 1.63 2.85 2.48
4.24 1.76 2.87 2.63
3.94 1.53 3.19 2.72
4.19 1.68 2.87 2.55
4.04 1.69 2.99 2.68
4.1 1.45 3.01 2.46
4.23 1.72 2.93 2.65
4.21 1.7 2.87 2.57
4.07 1.81 2.9 2.71
4.04 1.49 3.04 2.53
4.05 1.51 3.02 2.53
4.03 1.55 3.04 2.59
4.06 1.55 3.08 2.63
4.22 1.58 2.87 2.45
4.12 1.73 2.9 2.63
4.08 1.61 3.01 2.62
4.1 1.6 2.99 2.59
4.34 1.66 2.81 2.47
4.19 1.67 3.02 2.69
4.15 1.59 2.97 2.56
4.33 1.62 2.92 2.54
4.32 1.84 2.8 2.64
4.18 1.59 2.97 2.56
4.27 1.7 2.99 2.69
4.16 1.72 2.92 2.64
4.23 1.68 2.98 2.66
3.99 1.67 2.93 2.6
3.97 1.76 3.02 2.78
4.11 1.64 3.09 2.73
4.06 1.62 3.01 2.63
4.19 1.64 2.91 2.55
4.22 1.72 2.73 2.45
4.2 1.75 2.98 2.73
4.06 1.59 3.05 2.64
4.13 1.56 3.06 2.62
4.15 1.59 2.89 2.48
4.24 1.56 2.96 2.52
4.08 1.67 2.94 2.61
4.19 1.61 2.89 2.5
4.33 1.65 2.86 2.51
4.18 1.68 2.92 2.6
4.14 1.76 2.86 2.62
4.17 1.58 3.02 2.6
4.12 1.62 2.95 2.57
4.14 1.59 2.86 2.45
4.13 1.62 2.86 2.48
4.29 1.71 2.76 2.47
4.2 1.56 2.99 2.55
4.17 1.87 2.94 2.81
4.29 1.85 2.72 2.57
4.28 1.77 2.84 2.61
4.06 1.68 2.89 2.57
4.38 1.74 2.77 2.51
4.21 1.58 2.94 2.52
4.16 1.69 2.9 2.59
4.14 1.65 2.93 2.58
4.03 1.51 3.15 2.66
4.22 1.76 2.68 2.44
4.28 1.72 2.92 2.64
4.11 1.58 2.99 2.57
4.24 1.9 2.74 2.64
4.21 1.53 3.03 2.56
4.1 1.68 2.88 2.56
3.97 1.48 3.05 2.53
4.26 1.84 2.92 2.76
4.1 1.58 2.98 2.56
4.2 1.76 2.87 2.63
4.13 1.67 2.95 2.62
4.22 1.54 2.93 2.47
4.23 1.64 2.92 2.56
4.31 1.6 3.02 2.62
4.22 1.63 2.88 2.51
4.02 1.45 3.32 2.77
3.95 1.72 2.97 2.69
4.2 1.41 3.09 2.5
4.11 1.57 2.89 2.46
4.2 1.6 2.98 2.58
4.14 1.54 3.0 2.54
4.16 1.59 3.08 2.67
4.07 1.59 2.93 2.52
4.31 1.82 2.7 2.52
4.08 1.5 3.16 2.66
3.98 1.5 3.11 2.61
4.14 1.66 2.95 2.61
4.06 1.51 3.09 2.6
4.3 1.79 2.72 2.51
4.31 1.73 2.81 2.54
4.26 1.6 2.89 2.49
4.24 1.77 2.71 2.48
4.41 1.68 2.85 2.53
4.12 1.76 2.71 2.47
4.08 1.64 2.91 2.55
4.21 1.4 3.28 2.68
4.18 1.59 2.85 2.44
4.35 1.75 2.83 2.58
4.09 1.56 3.04 2.6
4.17 1.65 2.99 2.64
4.04 1.46 3.11 2.57
4.01 1.53 3.08 2.61
4.24 1.7 2.97 2.67
4.13 1.69 2.91 2.6
4.09 1.7 2.98 2.68
4.19 1.83 2.61 2.44
3.96 1.75 2.95 2.7
4.32 1.8 2.88 2.68
4.14 1.65 2.86 2.51
4.17 1.6 2.92 2.52
3.95 1.5 3.18 2.68
4.15 1.8 2.79 2.59
4.18 1.45 3.12 2.57
4.23 1.7 2.75 2.45
4.39 1.81 2.79 2.6
4.33 1.76 2.74 2.5
4.31 1.59 2.89 2.48
4.07 1.63 3.08 2.71
4.17 1.75 2.86 2.61
4.29 1.53 2.91 2.44
4.06 1.53 3.17 2.7
4.19 1.59 3.1 2.69
4.32 1.77 2.67 2.44
4.15 1.49 3.03 2.52
4.21 1.64 3.1 2.74
4.18 1.69 2.83 2.52
4.23 1.64 2.86 2.5
4.32 1.64 2.91 2.55
4.03 1.54 3.16 2.7
4.14 1.65 2.92 2.57
4.1 1.63 3.06 2.69
4.28 1.72 2.9 2.62
4.25 1.62 2.81 2.43
4.46 1.63 2.71 2.34
4.09 1.44 3.2 2.64
4.05 1.67 3.1 2.77
4.12 1.65 2.86 2.51
3.98 1.49 3.15 2.64
4.12 1.6 2.92 2.52
4.18 1.63 2.99 2.62
4.13 1.57 3.02 2.59
4.07 1.55 2.92 2.47
4.2 1.71 2.85 2.56
4.29 1.51 2.97 2.48
4.29 1.64 2.9 2.54
4.21 1.63 3.0 2.63
4.22 1.59 3.01 2.6
4.34 1.84 2.77 2.61
4.23 1.75 2.91 2.66
4.16 1.57 2.86 2.43
4.04 1.52 3.11 2.63
4.24 1.74 2.79 2.53
4.26 1.7 2.84 2.54
4.18 1.6 2.83 2.43
4.04 1.6 2.94 2.54
4.15 1.61 2.9 2.51
4.19 1.51 3.13 2.64
4.09 1.5 3.1 2.6
4.14 1.61 2.95 2.56
4.19 1.59 3.08 2.67
4.15 1.51 3.04 2.55
4.31 1.67 2.87 2.54
4.13 1.57 2.99 2.56
4.02 1.57 3.12 2.69
4.21 1.69 2.84 2.53
4.23 1.64 2.98 2.62
4.3 1.74 2.93 2.67
4.28 1.78 2.7 2.48
4.21 1.69 2.96 2.65
4.1 1.54 3.0 2.54
4.15 1.61 3.01 2.62
4.11 1.57 2.9 2.47
4.27 1.62 2.85 2.47
4.09 1.52 3.1 2.62
4.06 1.71 2.77 2.48
3.99 1.62 2.9 2.52
4.2 1.7 2.87 2.57
4.06 1.49 3.23 2.72
4.29 1.68 2.95 2.63
4.23 1.73 2.76 2.49
4.01 1.66 2.88 2.54
4.17 1.63 2.93 2.56
4.15 1.69 3.0 2.69
4.22 1.65 2.79 2.44
3.88 1.43 3.11 2.54
4.23 1.52 2.93 2.45
4.37 1.62 3.01 2.63
4.07 1.68 2.92 2.6
4.06 1.52 3.02 2.54
4.19 1.67 2.84 2.51
4.08 1.4 3.22 2.62
4.1 1.54 3.12 2.66
4.2 1.6 2.91 2.51
4.1 1.64 2.97 2.61
4.17 1.7 2.76 2.46
4.17 1.72 2.84 2.56
4.12 1.57 2.97 2.54
4.26 1.72 2.72 2.44
4.27 1.73 2.79 2.52
3.96 1.63 3.02 2.65
4.16 1.61 3.09 2.7
3.92 1.65 2.95 2.6
4.22 1.76 2.83 2.59
4.16 1.75 2.87 2.62
4.02 1.48 3.19 2.67
4.08 1.58 2.99 2.57
3.87 1.46 3.3 2.76
4.23 1.81 2.7 2.51
4.19 1.57 2.92 2.49
4.21 1.64 2.84 2.48
4.18 1.55 3.01 2.56
4.25 1.66 3.06 2.72
4.2 1.71 2.74 2.45
3.95 1.42 3.2 2.62
4.16 1.54 2.96 2.5
4.1 1.73 2.99 2.72
4.13 1.6 3.0 2.6
4.22 1.93 2.66 2.59
4.34 1.81 2.83 2.64
4.18 1.61 2.99 2.6
3.89 1.55 3.1 2.65
4.29 1.74 2.87 2.61
4.08 1.53 3.1 2.63
4.01 1.6 2.97 2.57
4.33 1.89 2.83 2.72
4.41 1.8 2.85 2.65
4.14 1.52 3.04 2.56
4.23 1.61 3.02 2.63
4.01 1.53 3.06 2.59
4.33 1.63 2.86 2.49
4.24 1.67 2.87 2.54
4.21 1.78 2.81 2.59
4.11 1.59 2.96 2.55
4.04 1.56 3.06 2.62
4.03 1.61 2.98 2.59
4.2 1.51 3.15 2.66
4.26 1.91 2.92 2.83
4.26 1.71 2.67 2.38
4.11 1.56 2.98 2.54
4.09 1.59 3.04 2.63
4.12 1.64 2.83 2.47
4.12 1.62 2.83 2.45
4.2 1.81 2.93 2.74
3.85 1.31 3.39 2.7
4.36 1.55 3.0 2.55
4.24 1.73 2.81 2.54
4.31 1.76 2.74 2.5
4.14 1.77 2.94 2.71
4.21 1.66 2.76 2.42
4.04 1.65 2.97 2.62
4.33 1.8 2.86 2.66
4.28 1.52 3.05 2.57
4.15 1.69 2.87 2.56
4.25 1.87 2.72 2.59
3.89 1.43 3.07 2.5
3.79 1.55 3.09 2.64
4.17 1.77 2.84 2.61
4.2 1.64 2.96 2.6
4.16 1.63 2.9 2.53
4.27 1.72 2.71 2.43
4.09 1.59 2.99 2.58
4.23 1.59 2.97 2.56
4.0 1.54 3.11 2.65
3.99 1.44 3.0 2.44
4.24 1.66 2.8 2.46
4.08 1.67 2.88 2.55
4.13 1.76 2.83 2.59
4.24 1.72 2.89 2.61
4.1 1.64 3.08 2.72
4.01 1.67 2.81 2.48
4.37 1.63 3.07 2.7
3.96 1.43 3.31 2.74
4.16 1.66 2.95 2.61
3.96 1.66 2.89 2.55
4.09 1.63 3.0 2.63
4.11 1.55 2.86 2.41
4.31 1.73 2.86 2.59
4.14 1.57 3.0 2.57
4.11 1.78 2.93 2.71
4.14 1.55 2.97 2.52
3.94 1.56 3.06 2.62
4.21 1.77 2.78 2.55
4.05 1.5 3.0 2.5
4.04 1.62 2.85 2.47
4.07 1.52 3.1 2.62
4.31 1.89 2.75 2.64
4.31 1.7 2.79 2.49
4.09 1.62 3.04 2.66
4.15 1.54 2.93 2.47
4.17 1.63 2.94 2.57
4.0 1.66 3.01 2.67
4.23 1.68 2.83 2.51
4.25 1.72 2.73 2.45
4.32 1.83 2.76 2.59
4.19 1.67 2.88 2.55
4.16 1.81 2.86 2.67
4.28 1.79 2.66 2.45
4.19 1.66 2.78 2.44
4.26 1.63 2.91 2.54
4.28 1.8 2.74 2.54
4.28 1.86 2.81 2.67
4.29 1.6 2.82 2.42
4.27 1.62 2.85 2.47
4.19 1.79 2.9 2.69
4.14 1.75 2.75 2.5
4.08 1.56 2.94 2.5
4.3 1.64 2.98 2.62
4.05 1.51 3.11 2.62
4.24 1.65 2.97 2.62
4.23 1.66 2.92 2.58
4.21 1.65 3.02 2.67
3.89 1.57 3.2 2.77
4.06 1.62 2.99 2.61
4.29 1.76 2.73 2.49
4.04 1.55 2.9 2.45
4.22 1.68 2.91 2.59
4.14 1.59 3.04 2.63
4.17 1.63 3.05 2.68
4.2 1.6 3.02 2.62
4.31 1.81 2.58 2.39
4.16 1.62 2.91 2.53
3.99 1.66 2.79 2.45
4.32 1.77 2.74 2.51
4.16 1.62 3.01 2.63
4.34 1.83 2.66 2.49
4.22 1.8 2.79 2.59
4.23 1.79 2.91 2.7
4.16 1.69 2.71 2.4
4.11 1.6 3.05 2.65
4.06 1.58 2.98 2.56
4.23 1.63 2.97 2.6
4.08 1.61 3.05 2.66
4.35 1.74 2.8 2.54
4.16 1.83 2.78 2.61
4.25 1.61 2.9 2.51
4.23 1.51 3.05 2.56
4.09 1.61 2.91 2.52
4.14 1.65 3.04 2.69
4.33 1.62 2.9 2.52
4.16 1.68 2.79 2.47
4.31 1.53 2.99 2.52
4.23 1.82 2.67 2.49
4.23 1.55 3.02 2.57
4.22 1.64 2.9 2.54
4.03 1.62 3.15 2.77
4.14 1.65 2.91 2.56
4.16 1.58 3.06 2.64
4.14 1.71 2.89 2.6
4.29 1.8 2.86 2.66
4.3 1.84 2.79 2.63
4.05 1.74 2.97 2.71
4.18 1.58 3.02 2.6
4.04 1.52 3.2 2.72
4.21 1.63 2.81 2.44
4.2 1.68 2.96 2.64
4.18 1.69 2.84 2.53
4.01 1.62 3.14 2.76
4.23 1.57 2.92 2.49
4.09 1.58 3.0 2.58
4.14 1.69 2.83 2.52
4.05 1.57 3.09 2.66
4.26 1.73 2.84 2.57
4.07 1.56 2.94 2.5
4.19 1.72 2.76 2.48
4.08 1.57 3.04 2.61
4.26 1.79 2.62 2.41
4.02 1.59 3.08 2.67
4.37 1.78 2.73 2.51
4.33 1.76 2.81 2.57
4.05 1.65 3.11 2.76
4.02 1.4 3.32 2.72
4.29 1.77 2.76 2.53
4.05 1.68 2.94 2.62
3.98 1.53 3.11 2.64
4.15 1.53 3.09 2.62
4.37 1.69 2.81 2.5
4.14 1.69 2.94 2.63
4.13 1.68 2.94 2.62
4.2 1.65 2.82 2.47
4.3 1.71 2.8 2.51
4.24 1.62 3.1 2.72
4.22 1.61 2.79 2.4
4.16 1.72 2.91 2.63
4.24 1.75 2.85 2.6
4.21 1.73 2.91 2.64
3.98 1.47 3.23 2.7
3.96 1.46 3.18 2.64
4.07 1.63 2.8 2.43
4.13 1.41 3.21 2.62
4.09 1.45 2.96 2.41
4.13 1.59 3.07 2.66
4.11 1.69 2.81 2.5
4.24 1.69 2.87 2.56
4.28 1.72 2.85 2.57
4.16 1.56 2.95 2.51
3.96 1.6 3.12 2.72
3.86 1.54 3.08 2.62
4.29 1.6 3.08 2.68
4.07 1.72 2.87 2.59
4.15 1.72 2.88 2.6
4.08 1.57 3.15 2.72
4.2 1.85 2.72 2.57
4.24 1.61 3.0 2.61
4.26 1.47 2.99 2.46
4.38 1.58 2.77 2.35
4.17 1.88 2.81 2.69
4.01 1.53 3.14 2.67
4.29 1.7 2.78 2.48
4.21 1.72 3.08 2.8
4.16 1.56 3.04 2.6
4.27 1.75 2.85 2.6
4.23 1.66 2.86 2.52
4.3 1.69 2.9 2.59
4.16 1.55 3.0 2.55
4.22 1.75 2.92 2.67
3.98 1.7 2.99 2.69
4.14 1.51 3.02 2.53
4.09 1.68 2.91 2.59
4.0 1.6 2.95 2.55
4.15 1.65 2.94 2.59
4.12 1.66 2.9 2.56
4.19 1.61 2.9 2.51
4.16 1.53 2.96 2.49
4.15 1.73 2.98 2.71
4.31 1.58 3.08 2.66
4.01 1.69 3.05 2.74
4.44 1.73 2.75 2.48
4.26 1.72 2.86 2.58
4.11 1.62 3.02 2.64
4.07 1.56 3.08 2.64
4.22 1.65 3.02 2.67
4.13 1.71 2.77 2.48
3.77 1.5 3.18 2.68
4.28 1.62 2.81 2.43
4.31 1.67 2.91 2.58
4.13 1.56 3.1 2.66
4.22 1.61 2.86 2.47
4.15 1.59 3.07 2.66
4.31 1.63 2.93 2.56
4.15 1.59 2.91 2.5
4.17 1.69 2.87 2.56
4.04 1.84 2.94 2.78
4.06 1.64 2.91 2.55
4.14 1.64 2.93 2.57
4.13 1.69 3.06 2.75
4.19 1.72 2.89 2.61
4.16 1.77 2.92 2.69
4.17 1.57 3.1 2.67
4.12 1.69 2.88 2.57
4.03 1.64 3.02 2.66
3.88 1.64 3.15 2.79
3.89 1.46 3.19 2.65
4.11 1.69 2.92 2.61
4.07 1.62 3.1 2.72
4.09 1.39 3.14 2.53
4.13 1.55 3.02 2.57
4.19 1.76 2.91 2.67
3.92 1.58 2.94 2.52
4.2 1.57 2.91 2.48
4.19 1.57 2.99 2.56
4.03 1.59 3.04 2.63
4.28 1.91 2.57 2.48
4.33 1.74 2.88 2.62
4.25 1.58 3.01 2.59
4.05 1.56 3.05 2.61
4.07 1.56 3.03 2.59
4.11 1.65 3.03 2.68
4.25 1.54 2.88 2.42
4.11 1.49 3.05 2.54
4.15 1.6 3.01 2.61
4.1 1.56 2.99 2.55
4.11 1.76 2.81 2.57
4.1 1.58 2.91 2.49
4.19 1.66 2.94 2.6
4.05 1.6 3.01 2.61
4.09 1.65 2.93 2.58
4.17 1.72 2.84 2.56
4.3 1.7 2.84 2.54
4.35 1.71 2.93 2.64
4.27 1.53 3.06 2.59
4.06 1.63 2.99 2.62
4.19 1.7 2.81 2.51
4.03 1.73 2.82 2.55
4.22 1.44 3.03 2.47
4.18 1.82 2.88 2.7
4.1 1.46 3.03 2.49
4.05 1.67 2.93 2.6
3.84 1.45 3.18 2.63
4.28 1.82 2.73 2.55
4.35 1.72 2.88 2.6
4.21 1.65 2.87 2.52
3.99 1.81 3.01 2.82
4.25 1.68 2.78 2.46
4.2 1.68 2.9 2.58
4.18 1.57 2.96 2.53
4.22 1.65 2.96 2.61
4.14 1.82 2.71 2.53
3.9 1.45 3.16 2.61
4.15 1.64 2.99 2.63
4.27 1.67 2.78 2.45
4.26 1.72 2.8 2.52
4.13 1.64 3.01 2.65
4.05 1.65 2.95 2.6
4.1 1.59 3.14 2.73
4.29 1.71 2.94 2.65
4.04 1.58 3.0 2.58
4.23 1.5 3.1 2.6
4.24 1.69 2.94 2.63
4.27 1.81 2.97 2.78
4.2 1.71 2.96 2.67
4.21 1.74 2.93 2.67
4.2 1.73 2.98 2.71
4.06 1.45 3.18 2.63
4.09 1.45 3.18 2.63
4.17 1.71 2.9 2.61
4.24 1.55 2.93 2.48
4.19 1.66 2.74 2.4
4.17 1.54 3.12 2.66
4.19 1.75 2.9 2.65
4.19 1.67 2.97 2.64
4.23 1.48 3.0 2.48
4.02 1.52 2.92 2.44
3.93 1.66 3.1 2.76
4.02 1.51 3.13 2.64
4.1 1.6 3.02 2.62
4.1 1.71 2.9 2.61
4.26 1.67 2.81 2.48
3.94 1.55 3.12 2.67
4.21 1.42 3.08 2.5
4.09 1.68 2.89 2.57
4.09 1.78 2.86 2.64
4.25 1.77 2.72 2.49
4.35 1.62 2.87 2.49
4.28 1.49 3.05 2.54
4.14 1.58 3.1 2.68
4.11 1.63 2.95 2.58
4.34 1.65 2.9 2.55
4.27 1.62 2.89 2.51
4.01 1.67 2.98 2.65
4.19 1.71 2.82 2.53
4.21 1.62 2.92 2.54
4.24 1.58 2.87 2.45
4.21 1.64 2.87 2.51
4.2 1.8 2.86 2.66
4.23 1.68 2.84 2.52
4.03 1.42 3.35 2.77
4.04 1.6 3.14 2.74
4.08 1.57 3.02 2.59
4.13 1.55 2.96 2.51
4.19 1.53 3.0 2.53
4.17 1.7 3.0 2.7
4.12 1.69 2.92 2.61
4.09 1.54 2.99 2.53
4.38 1.72 2.65 2.37
4.2 1.54 2.96 2.5
4.12 1.57 3.16 2.73
4.15 1.64 3.03 2.67
4.14 1.45 3.04 2.49
4.13 1.74 2.83 2.57
4.14 1.58 3.15 2.73
4.08 1.47 3.13 2.6
4.05 1.54 2.96 2.5
3.99 1.51 3.06 2.57
4.4 1.78 2.71 2.49
4.28 1.94 2.68 2.62
4.08 1.68 2.97 2.65
4.03 1.66 3.08 2.74
4.07 1.61 2.99 2.6
4.28 1.61 2.95 2.56
4.16 1.56 3.0 2.56
4.17 1.44 3.1 2.54
4.24 1.68 2.79 2.47
4.08 1.66 2.97 2.63
4.3 1.69 2.86 2.55
4.03 1.62 2.96 2.58
4.08 1.65 2.93 2.58
4.19 1.82 2.78 2.6
3.99 1.48 2.98 2.46
4.11 1.68 2.95 2.63
4.13 1.74 2.78 2.52
4.08 1.78 2.68 2.46
4.22 1.78 2.9 2.68
4.17 1.74 2.87 2.61
4.17 1.73 2.77 2.5
4.16 1.81 2.84 2.65
4.03 1.54 3.17 2.71
4.01 1.53 3.15 2.68
4.15 1.57 3.03 2.6
4.14 1.62 2.97 2.59
4.04 1.41 3.26 2.67
4.2 1.71 2.9 2.61
4.15 1.61 3.01 2.62
4.06 1.6 3.0 2.6
4.32 1.93 2.68 2.61
4.14 1.6 2.95 2.55
4.2 1.6 2.86 2.46
4.12 1.72 2.89 2.61
4.17 1.62 2.89 2.51
4.04 1.6 3.02 2.62
4.06 1.53 3.11 2.64
4.3 1.74 2.84 2.58
4.18 1.69 2.94 2.63
4.09 1.75 2.89 2.64
4.09 1.63 2.93 2.56
4.14 1.65 2.97 2.62
4.15 1.74 2.83 2.57
4.13 1.63 2.89 2.52
4.17 1.7 2.87 2.57
4.09 1.55 3.15 2.7
4.13 1.6 2.94 2.54
4.31 1.71 2.89 2.6
4.07 1.71 2.99 2.7
4.37 1.52 2.75 2.27
3.97 1.67 2.93 2.6
3.93 1.54 3.11 2.65
4.19 1.64 3.0 2.64
4.18 1.59 2.9 2.49
3.97 1.53 3.06 2.59
4.14 1.66 2.92 2.58
4.06 1.57 3.09 2.66
4.18 1.55 2.93 2.48
4.19 1.56 2.95 2.51
4.27 1.71 2.96 2.67
4.05 1.57 2.98 2.55
4.18 1.69 2.92 2.61
4.34 1.85 2.69 2.54
4.17 1.67 2.81 2.48
4.31 1.84 2.74 2.58
4.24 1.66 2.76 2.42
4.24 1.53 3.04 2.57
4.17 1.7 2.9 2.6
4.28 1.86 2.83 2.69
4.19 1.63 2.86 2.49
4.15 1.56 2.98 2.54
3.96 1.63 3.0 2.63
4.29 1.73 2.79 2.52
4.04 1.73 2.92 2.65
4.18 1.57 2.87 2.44
4.26 1.72 2.85 2.57
4.2 1.52 2.94 2.46
4.08 1.76 2.77 2.53
4.29 1.58 2.99 2.57
4.17 1.82 2.72 2.54
4.2 1.75 2.95 2.7
3.99 1.62 3.19 2.81
4.16 1.73 2.96 2.69
4.07 1.54 3.1 2.64
4.23 1.58 3.09 2.67
4.18 1.53 3.06 2.59
3.98 1.64 3.03 2.67
4.3 1.68 2.93 2.61
4.07 1.53 3.02 2.55
4.15 1.66 2.94 2.6
4.18 1.64 2.89 2.53
4.11 1.79 2.74 2.53
4.33 1.67 2.83 2.5
4.31 1.71 2.79 2.5
4.06 1.63 3.12 2.75
4.07 1.52 3.03 2.55
4.23 1.49 2.92 2.41
4.15 1.7 2.85 2.55
4.18 1.54 3.01 2.55
4.23 1.73 2.82 2.55
4.16 1.59 2.85 2.44
4.13 1.72 2.96 2.68
4.12 1.82 2.81 2.63
4.0 1.49 3.14 2.63
4.06 1.64 3.0 2.64
4.09 1.55 3.05 2.6
4.32 1.73 2.69 2.42
4.2 1.47 2.99 2.46
4.24 1.83 2.77 2.6
4.26 1.69 2.91 2.6
4.2 1.62 3.13 2.75
4.26 1.71 2.82 2.53
4.25 1.72 2.92 2.64
4.26 1.67 2.88 2.55
4.32 1.69 2.74 2.43
4.22 1.5 3.09 2.59
4.15 1.61 2.96 2.57
4.09 1.52 3.22 2.74
4.1 1.64 2.94 2.58
4.0 1.61 2.97 2.58
4.16 1.65 3.03 2.68
4.35 1.75 2.81 2.56
4.41 1.74 2.79 2.53
4.14 1.54 2.98 2.52
4.33 1.76 2.64 2.4
4.15 1.57 3.03 2.6
4.27 1.62 2.96 2.58
4.3 1.93 2.51 2.44
4.13 1.67 2.93 2.6
4.02 1.64 2.94 2.58
4.11 1.64 3.02 2.66
4.16 1.79 2.87 2.66
4.01 1.61 2.93 2.54
4.09 1.7 2.93 2.63
4.07 1.5 3.11 2.61
4.2 1.56 2.93 2.49
4.07 1.54 3.0 2.54
4.18 1.63 2.92 2.55
4.05 1.67 2.86 2.53
4.32 1.69 2.94 2.63
4.18 1.61 2.9 2.51
4.15 1.58 2.96 2.54
4.11 1.56 2.95 2.51
4.2 1.64 2.9 2.54
4.02 1.54 3.01 2.55
4.16 1.54 2.91 2.45
4.2 1.66 2.78 2.44
4.23 1.67 2.94 2.61
4.11 1.48 3.11 2.59
4.25 1.7 2.72 2.42
4.11 1.69 2.88 2.57
4.1 1.74 2.85 2.59
4.26 1.58 2.9 2.48
4.3 1.75 2.78 2.53
4.38 1.67 2.85 2.52
4.15 1.51 3.1 2.61
4.21 1.7 2.86 2.56
4.13 1.67 3.04 2.71
4.22 1.78 2.87 2.65
4.28 1.73 2.7 2.43
4.18 1.6 3.06 2.66
4.25 1.64 2.73 2.37
4.2 1.62 2.98 2.6
4.19 1.63 2.94 2.57
4.15 1.73 2.82 2.55
4.0 1.51 2.94 2.45
4.22 1.8 2.81 2.61
4.27 1.81 2.77 2.58
4.13 1.54 3.02 2.56
4.03 1.76 2.97 2.73
4.15 1.6 2.85 2.45
4.08 1.57 3.07 2.64
4.07 1.61 3.17 2.78
4.17 1.6 3.04 2.64
3.98 1.63 3.02 2.65
4.05 1.47 3.01 2.48
4.03 1.55 3.09 2.64
4.05 1.7 2.96 2.66
3.88 1.81 2.92 2.73
4.3 1.65 2.83 2.48
4.38 1.6 2.84 2.44
4.02 1.56 3.05 2.61
3.98 1.59 2.92 2.51
4.32 1.73 2.75 2.48
4.22 1.66 2.86 2.52
4.22 1.74 2.78 2.52
4.23 1.79 2.74 2.53
4.09 1.63 2.8 2.43
4.09 1.61 3.06 2.67
4.18 1.56 2.81 2.37
4.27 1.66 2.82 2.48
4.19 1.77 2.91 2.68
3.95 1.64 2.95 2.59
4.19 1.71 2.84 2.55
4.13 1.67 2.91 2.58
4.16 1.57 3.02 2.59
4.26 1.77 2.84 2.61
4.28 1.64 2.81 2.45
4.06 1.57 3.0 2.57
4.04 1.59 3.1 2.69
4.12 1.66 3.16 2.82
4.24 1.83 2.81 2.64
4.25 1.62 2.92 2.54
4.14 1.71 2.74 2.45
4.21 1.52 3.05 2.57
4.25 1.73 2.84 2.57
4.14 1.66 2.92 2.58
4.21 1.65 2.98 2.63
4.23 1.68 2.9 2.58
4.11 1.63 3.0 2.63
4.3 1.71 2.83 2.54
4.14 1.62 2.8 2.42
4.29 1.74 2.92 2.66
4.24 1.7 2.96 2.66
4.24 1.44 3.07 2.51
4.17 1.61 2.8 2.41
4.21 1.86 2.8 2.66
4.09 1.61 3.0 2.61
4.12 1.57 3.13 2.7
4.19 1.82 2.75 2.57
4.19 1.5 2.97 2.47
4.22 1.78 2.9 2.68
4.17 1.51 2.95 2.46
4.23 1.7 2.89 2.59
3.95 1.57 3.08 2.65
4.16 1.57 2.96 2.53
4.13 1.77 2.83 2.6
4.26 1.73 2.82 2.55
4.29 1.62 2.85 2.47
4.0 1.76 2.96 2.72
4.01 1.68 2.83 2.51
4.22 1.72 2.84 2.56
3.97 1.56 3.06 2.62
4.27 1.58 2.99 2.57
4.14 1.59 3.05 2.64
4.02 1.58 3.03 2.61
3.95 1.54 3.12 2.66
4.14 1.5 2.99 2.49
4.31 1.87 2.7 2.57
4.11 1.54 3.04 2.58
4.17 1.79 2.87 2.66
4.22 1.53 3.11 2.64
4.14 1.76 2.78 2.54
4.23 1.64 2.9 2.54
4.16 1.58 2.85 2.43
4.1 1.69 3.07 2.76
3.91 1.63 3.03 2.66
4.22 1.83 2.85 2.68
4.37 1.75 2.88 2.63
4.29 1.55 2.96 2.51
4.14 1.66 2.81 2.47
4.23 1.8 2.86 2.66
3.92 1.47 3.1 2.57
4.08 1.57 3.03 2.6
4.12 1.63 2.93 2.56
4.24 1.48 2.96 2.44
4.26 1.76 2.86 2.62
4.23 1.87 2.73 2.6
4.19 1.49 2.94 2.43
4.18 1.63 2.94 2.57
4.35 1.8 2.72 2.52
4.11 1.58 2.92 2.5
4.09 1.55 2.98 2.53
4.12 1.65 2.93 2.58
4.09 1.72 2.9 2.62
4.16 1.66 2.97 2.63
4.18 1.52 2.94 2.46
4.27 1.63 3.07 2.7
4.2 1.61 2.93 2.54
4.26 1.63 3.05 2.68
4.21 1.7 2.87 2.57
4.18 1.57 3.03 2.6
4.13 1.57 2.89 2.46
4.17 1.47 2.97 2.44
4.26 1.73 2.76 2.49
4.15 1.89 2.8 2.69
4.27 1.74 2.84 2.58
4.01 1.54 3.06 2.6
4.0 1.64 3.0 2.64
4.14 1.62 2.96 2.58
4.37 1.59 2.93 2.52
4.11 1.65 2.96 2.61
3.98 1.54 2.98 2.52
4.22 1.66 2.93 2.59
4.25 1.79 2.79 2.58
4.25 1.75 2.8 2.55
4.0 1.54 3.17 2.71
4.15 1.79 2.71 2.5
4.19 1.59 2.98 2.57
4.14 1.81 2.83 2.64
3.96 1.52 3.05 2.57
4.12 1.56 3.11 2.67
4.2 1.71 2.82 2.53
4.21 1.7 3.08 2.78
4.12 1.48 2.99 2.47
4.04 1.67 2.97 2.64
4.17 1.69 2.91 2.6
4.11 1.72 2.96 2.68
3.97 1.51 3.1 2.61
4.31 1.72 2.87 2.59
4.16 1.76 2.81 2.57
4.07 1.89 2.82 2.71
4.24 1.75 2.94 2.69
4.21 1.76 2.85 2.61
4.09 1.68 2.85 2.53
4.28 1.83 2.66 2.49
4.17 1.57 3.01 2.58
4.16 1.71 2.94 2.65
3.92 1.55 3.21 2.76
4.11 1.48 3.03 2.51
4.17 1.79 2.95 2.74
4.04 1.66 2.87 2.53
4.14 1.53 2.86 2.39
4.06 1.58 3.13 2.71
4.11 1.64 3.05 2.69
3.99 1.49 3.0 2.49
4.29 1.95 2.7 2.65
4.0 1.53 3.16 2.69
4.21 1.73 3.03 2.76
4.21 1.75 2.86 2.61
4.24 1.67 2.93 2.6
4.1 1.6 3.21 2.81
4.05 1.59 2.86 2.45
4.09 1.58 2.98 2.56
4.1 1.67 2.9 2.57
4.32 1.84 2.81 2.65
4.04 1.6 3.06 2.66
4.32 1.86 2.73 2.59
4.15 1.65 2.89 2.54
3.97 1.63 3.02 2.65
4.13 1.65 2.93 2.58
4.37 1.74 2.88 2.62
4.3 1.73 2.72 2.45
4.15 1.42 3.13 2.55
4.18 1.62 3.08 2.7
4.11 1.55 3.05 2.6
4.25 1.91 2.67 2.58
4.2 1.68 2.9 2.58
4.33 1.76 2.8 2.56
4.14 1.79 2.93 2.72
4.15 1.66 2.94 2.6
3.94 1.53 3.12 2.65
4.2 1.7 2.88 2.58
4.15 1.6 2.9 2.5
3.94 1.43 3.05 2.48
4.27 1.72 2.84 2.56
4.05 1.54 3.02 2.56
4.21 1.61 2.87 2.48
4.17 1.72 2.66 2.38
4.26 1.7 2.78 2.48
4.11 1.68 3.03 2.71
4.13 1.63 2.83 2.46
4.32 1.73 2.77 2.5
4.13 1.68 2.8 2.48
4.23 1.71 2.86 2.57
4.05 1.62 3.01 2.63
4.25 1.82 2.7 2.52
4.13 1.67 2.92 2.59
4.1 1.68 2.84 2.52
4.15 1.62 2.99 2.61
4.1 1.59 2.89 2.48
4.17 1.67 2.99 2.66
4.21 1.67 2.86 2.53
4.13 1.5 2.98 2.48
4.01 1.52 3.01 2.53
4.18 1.68 2.81 2.49
4.16 1.61 3.03 2.64
4.09 1.56 3.04 2.6
4.31 1.88 2.82 2.7
4.0 1.68 3.0 2.68
4.19 1.7 2.83 2.53
4.05 1.57 3.03 2.6
4.14 1.59 2.87 2.46
4.09 1.69 2.86 2.55
4.13 1.63 2.95 2.58
4.15 1.68 2.94 2.62
4.29 1.7 2.81 2.51
4.14 1.55 2.99 2.54
4.1 1.62 2.88 2.5
4.19 1.66 2.73 2.39
4.02 1.48 3.31 2.79
4.31 1.49 3.06 2.55
4.13 1.68 2.91 2.59
4.02 1.59 2.99 2.58
4.1 1.6 2.95 2.55
4.15 1.46 3.15 2.61
4.31 1.73 2.79 2.52
4.02 1.63 2.92 2.55
4.03 1.73 2.9 2.63
3.85 1.74 3.19 2.93
4.39 1.69 2.74 2.43
4.26 1.66 2.98 2.64
4.06 1.51 3.06 2.57
3.99 1.64 2.88 2.52
4.21 1.74 2.77 2.51
4.09 1.77 2.84 2.61
3.97 1.47 3.18 2.65
4.1 1.65 2.95 2.6
4.0 1.45 3.22 2.67
4.11 1.68 3.05 2.73
4.22 1.63 2.91 2.54
4.21 1.63 2.96 2.59
4.01 1.61 2.91 2.52
4.25 1.49 2.91 2.4
4.12 1.68 2.83 2.51
4.17 1.72 2.77 2.49
4.17 1.64 2.84 2.48
4.2 1.48 3.07 2.55
4.15 1.49 3.02 2.51
3.98 1.46 3.16 2.62
4.32 1.81 2.64 2.45
4.15 1.62 2.91 2.53
4.09 1.59 3.04 2.63
4.2 1.82 2.71 2.53
4.34 1.82 2.74 2.56
4.18 1.68 2.89 2.57
4.12 1.54 3.02 2.56
4.28 1.62 3.06 2.68
3.94 1.52 3.01 2.53
4.06 1.69 2.96 2.65
4.18 1.67 3.02 2.69
4.32 1.75 2.73 2.48
4.04 1.61 2.99 2.6
3.95 1.67 3.07 2.74
4.12 1.54 3.0 2.54
4.09 1.79 3.05 2.84
4.16 1.72 2.86 2.58
4.02 1.58 3.08 2.66
4.14 1.78 2.81 2.59
4.17 1.67 2.86 2.53
4.26 1.74 2.83 2.57
3.98 1.3 3.19 2.49
4.17 1.7 3.02 2.72
4.23 1.64 2.72 2.36
4.29 1.57 3.02 2.59
4.04 1.68 2.88 2.56
4.14 1.58 2.93 2.51
4.14 1.62 2.91 2.53
4.3 1.67 2.79 2.46
4.15 1.68 3.0 2.68
4.07 1.73 3.05 2.78
4.33 1.8 2.73 2.53
4.05 1.64 2.95 2.59
4.16 1.79 2.79 2.58
4.14 1.65 2.91 2.56
4.18 1.59 2.94 2.53
4.2 1.69 2.8 2.49
4.22 1.68 2.87 2.55
4.15 1.64 2.87 2.51
4.19 1.8 2.85 2.65
4.22 1.64 2.99 2.63
4.13 1.7 2.88 2.58
3.91 1.59 2.97 2.56
4.21 1.59 2.99 2.58
4.19 1.67 2.9 2.57
4.38 1.68 2.83 2.51
3.95 1.53 3.16 2.69
4.31 1.67 2.78 2.45
4.17 1.43 3.13 2.56
4.04 1.44 3.1 2.54
4.12 1.51 2.96 2.47
4.0 1.58 3.04 2.62
4.08 1.51 2.99 2.5
4.26 1.54 2.96 2.5
4.23 1.49 3.1 2.59
4.05 1.73 3.0 2.73
4.04 1.65 3.09 2.74
4.0 1.71 3.14 2.85
4.32 1.7 2.72 2.42
4.29 1.61 2.94 2.55
4.17 1.7 2.88 2.58
3.85 1.55 3.26 2.81
4.2 1.7 2.94 2.64
4.38 1.87 2.6 2.47
3.97 1.6 3.09 2.69
4.04 1.58 2.95 2.53
4.13 1.54 3.0 2.54
4.19 1.76 2.73 2.49
4.04 1.57 2.96 2.53
4.13 1.72 2.78 2.5
4.17 1.65 2.79 2.44
4.16 1.64 2.8 2.44
4.18 1.56 3.05 2.61
4.03 1.61 3.06 2.67
4.16 1.68 2.82 2.5
3.98 1.41 3.14 2.55
4.02 1.66 2.9 2.56
4.05 1.73 2.86 2.59
4.02 1.48 3.08 2.56
4.08 1.72 2.81 2.53
4.11 1.68 2.97 2.65
4.24 1.66 2.86 2.52
4.13 1.52 2.9 2.42
4.35 1.7 2.86 2.56
4.17 1.67 2.84 2.51
4.31 1.63 2.78 2.41
4.18 1.45 3.18 2.63
4.16 1.55 3.11 2.66
4.12 1.59 2.91 2.5
4.2 1.68 2.96 2.64
4.15 1.61 3.03 2.64
4.07 1.72 3.01 2.73
4.17 1.61 2.79 2.4
4.12 1.59 2.96 2.55
4.08 1.71 2.9 2.61
4.24 1.76 2.86 2.62
4.23 1.64 2.93 2.57
4.2 1.57 3.02 2.59
3.96 1.61 3.12 2.73
4.24 1.52 2.93 2.45
3.95 1.45 3.23 2.68
4.31 1.88 2.6 2.48
4.28 1.63 2.97 2.6
4.17 1.49 3.1 2.59
4.03 1.64 2.93 2.57
4.06 1.73 2.96 2.69
4.1 1.68 2.94 2.62
4.26 1.57 3.05 2.62
4.1 1.58 2.95 2.53
4.22 1.51 3.26 2.77
4.21 1.59 3.02 2.61
3.94 1.68 3.07 2.75
4.14 1.7 3.07 2.77
4.2 1.65 2.92 2.57
4.38 1.69 2.83 2.52
4.07 1.49 3.13 2.62
4.09 1.61 3.01 2.62
4.12 1.7 2.92 2.62
4.27 1.7 2.87 2.57
4.18 1.67 2.92 2.59
4.27 1.65 2.79 2.44
4.13 1.54 2.9 2.44
4.11 1.62 2.89 2.51
4.22 1.68 2.96 2.64
4.2 1.81 2.88 2.69
4.12 1.65 3.15 2.8
4.15 1.62 2.96 2.58
4.22 1.59 2.97 2.56
4.19 1.65 3.0 2.65
4.3 1.59 2.96 2.55
4.23 1.72 2.9 2.62
4.23 1.6 2.99 2.59
4.18 1.7 2.72 2.42
4.05 1.55 2.99 2.54
3.97 1.41 3.09 2.5
4.13 1.54 2.86 2.4
4.34 1.73 2.75 2.48
4.19 1.73 3.02 2.75
4.11 1.6 3.07 2.67
4.15 1.66 2.99 2.65
4.29 1.6 2.87 2.47
3.99 1.66 2.87 2.53
4.15 1.6 2.84 2.44
4.2 1.55 3.09 2.64
4.0 1.61 3.02 2.63
4.15 1.7 2.89 2.59
4.15 1.59 2.98 2.57
4.18 1.56 3.01 2.57
4.09 1.64 2.91 2.55
4.18 1.54 3.07 2.61
4.12 1.65 2.88 2.53
3.95 1.6 3.13 2.73
4.14 1.74 2.88 2.62
4.31 1.71 2.83 2.54
4.13 1.58 2.97 2.55
4.29 1.64 2.95 2.59
4.14 1.63 3.0 2.63
4.12 1.57 2.96 2.53
3.98 1.56 3.12 2.68
4.1 1.67 2.92 2.59
4.13 1.67 2.94 2.61
4.1 1.59 3.05 2.64
4.2 1.63 2.91 2.54
4.15 1.51 2.98 2.49
4.13 1.54 3.15 2.69
3.98 1.38 3.23 2.61
4.16 1.51 2.99 2.5
3.98 1.71 2.95 2.66
4.34 1.79 2.72 2.51
4.2 1.74 2.82 2.56
4.06 1.66 3.09 2.75
4.26 1.58 2.88 2.46
4.28 1.66 2.95 2.61
3.94 1.68 3.06 2.74
4.36 1.66 2.85 2.51
4.12 1.56 2.96 2.52
4.29 1.73 2.78 2.51
4.35 1.78 2.85 2.63
4.35 1.75 2.91 2.66
4.09 1.82 2.91 2.73
4.18 1.6 3.15 2.75
4.04 1.43 3.16 2.59
4.08 1.49 3.12 2.61
4.12 1.64 2.87 2.51
4.33 1.78 2.7 2.48
4.01 1.67 2.97 2.64
4.18 1.67 2.83 2.5
3.92 1.49 3.13 2.62
4.22 1.63 2.86 2.49
4.09 1.68 2.96 2.64
4.2 1.59 2.83 2.42
4.08 1.6 3.03 2.63
4.11 1.46 3.3 2.76
4.17 1.62 2.95 2.57
4.33 1.52 2.9 2.42
4.17 1.76 2.79 2.55
4.09 1.54 3.05 2.59
4.11 1.78 2.72 2.5
4.11 1.62 2.93 2.55
4.14 1.63 2.89 2.52
4.09 1.55 3.05 2.6
4.15 1.65 2.94 2.59
4.28 1.66 2.91 2.57
4.12 1.7 2.95 2.65
4.0 1.74 2.96 2.7
3.94 1.69 3.1 2.79
4.13 1.66 2.96 2.62
4.16 1.58 2.91 2.49
4.06 1.72 2.94 2.66
4.07 1.48 3.01 2.49
4.24 1.73 2.73 2.46
4.12 1.67 2.95 2.62
4.12 1.54 3.08 2.62
4.05 1.75 2.84 2.59
3.96 1.63 2.96 2.59
4.24 1.7 2.81 2.51
4.08 1.54 3.06 2.6
4.13 1.52 2.96 2.48
4.3 1.69 2.89 2.58
4.31 1.64 2.75 2.39
4.23 1.82 2.62 2.44
4.2 1.71 2.84 2.55
4.13 1.68 2.91 2.59
4.07 1.58 2.99 2.57
4.32 1.89 2.78 2.67
4.11 1.53 3.06 2.59
4.14 1.64 2.9 2.54
4.04 1.58 3.01 2.59
4.19 1.57 2.86 2.43
4.14 1.6 2.89 2.49
4.28 1.8 2.85 2.65
4.07 1.45 3.09 2.54
4.04 1.5 2.94 2.44
3.86 1.66 2.91 2.57
4.21 1.6 2.91 2.51
4.18 1.74 2.84 2.58
4.16 1.55 3.04 2.59
4.23 1.72 2.92 2.64
4.19 1.62 3.02 2.64
4.07 1.69 3.07 2.76
4.26 1.63 2.96 2.59
4.21 1.75 2.77 2.52
4.17 1.68 2.95 2.63
4.3 1.89 2.72 2.61
4.11 1.58 2.93 2.51
4.22 1.61 2.87 2.48
4.02 1.74 2.99 2.73
4.05 1.58 2.97 2.55
3.96 1.58 3.06 2.64
4.31 1.68 2.88 2.56
4.01 1.57 2.88 2.45
4.35 1.75 2.9 2.65
4.2 1.68 2.94 2.62
4.07 1.59 3.07 2.66
4.11 1.45 3.07 2.52
4.28 1.69 2.99 2.68
4.12 1.38 3.03 2.41
4.16 1.64 2.92 2.56
4.33 1.72 2.92 2.64
4.09 1.64 2.98 2.62
4.02 1.57 3.16 2.73
4.23 1.56 2.89 2.45
4.25 1.77 2.85 2.62
4.29 1.72 2.77 2.49
4.31 1.52 2.95 2.47
4.24 1.71 3.0 2.71
4.28 1.77 2.77 2.54
4.25 1.89 2.74 2.63
4.03 1.56 3.13 2.69
4.07 1.61 3.05 2.66
4.19 1.75 2.89 2.64
3.97 1.72 3.03 2.75
3.97 1.46 3.09 2.55
4.28 1.66 2.99 2.65
4.15 1.71 2.92 2.63
4.21 1.73 2.81 2.54
4.33 1.89 2.7 2.59
4.19 1.55 3.19 2.74
4.1 1.58 2.89 2.47
4.25 1.66 2.98 2.64
4.43 1.68 2.76 2.44
3.98 1.43 3.01 2.44
4.1 1.56 3.03 2.59
4.09 1.54 3.04 2.58
4.23 1.81 2.75 2.56
4.04 1.49 3.12 2.61
4.09 1.69 2.98 2.67
4.05 1.71 2.95 2.66
4.06 1.76 2.8 2.56
4.35 1.77 2.82 2.59
4.27 1.75 2.78 2.53
4.17 1.5 3.06 2.56
4.19 1.67 3.04 2.71
4.14 1.57 3.07 2.64
4.15 1.71 2.89 2.6
4.28 1.59 2.96 2.55
3.93 1.47 3.3 2.77
4.24 1.6 2.85 2.45
4.13 1.58 3.05 2.63
4.1 1.54 2.96 2.5
4.1 1.62 2.96 2.58
4.15 1.51 3.03 2.54
4.04 1.62 2.99 2.61
4.3 1.75 2.89 2.64
4.13 1.59 3.18 2.77
4.23 1.79 2.74 2.53
4.2 1.69 3.0 2.69
4.19 1.64 2.89 2.53
4.09 1.56 3.03 2.59
4.12 1.69 2.71 2.4
3.97 1.45 3.17 2.62
4.02 1.49 3.0 2.49
4.1 1.61 3.01 2.62
4.19 1.76 2.92 2.68
4.13 1.59 2.9 2.49
4.3 1.73 2.8 2.53
4.08 1.74 2.86 2.6
3.93 1.57 3.03 2.6
4.11 1.64 2.84 2.48
4.27 1.81 2.59 2.4
4.2 1.72 2.97 2.69
4.2 1.79 2.75 2.54
4.07 1.58 2.97 2.55
4.33 1.62 2.93 2.55
4.23 1.75 2.91 2.66
4.13 1.6 2.87 2.47
4.22 1.6 2.86 2.46
4.03 1.59 3.0 2.59
4.23 1.61 2.97 2.58
4.19 1.82 2.69 2.51
4.26 1.56 2.98 2.54
4.1 1.61 2.97 2.58
3.99 1.5 3.14 2.64
4.09 1.72 2.83 2.55
4.28 1.76 2.74 2.5
4.37 1.9 2.73 2.63
4.12 1.61 2.94 2.55
4.09 1.45 3.25 2.7
4.18 1.64 2.81 2.45
4.08 1.71 2.98 2.69
4.23 1.65 2.91 2.56
4.13 1.57 2.92 2.49
4.09 1.67 2.99 2.66
4.05 1.7 3.04 2.74
4.21 1.58 3.04 2.62
4.06 1.64 2.99 2.63
3.98 1.6 3.04 2.64
4.2 1.54 2.97 2.51
4.16 1.68 2.95 2.63
4.32 1.79 2.73 2.52
4.13 1.72 2.83 2.55
4.21 1.62 2.97 2.59
4.25 1.51 2.77 2.28
4.13 1.6 2.92 2.52
4.34 1.78 2.75 2.53
3.9 1.72 2.95 2.67
4.18 1.71 2.76 2.47
4.07 1.64 3.03 2.67
4.15 1.61 2.98 2.59
4.27 1.64 2.89 2.53
4.04 1.51 3.05 2.56
4.25 1.65 2.86 2.51
4.3 1.83 2.85 2.68
4.43 1.88 2.72 2.6
4.06 1.6 3.09 2.69
3.93 1.54 3.04 2.58
4.2 1.56 2.97 2.53
4.21 1.79 2.73 2.52
3.96 1.57 3.21 2.78
4.19 1.64 2.91 2.55
4.29 1.78 2.75 2.53
4.08 1.56 3.04 2.6
4.22 1.73 2.93 2.66
4.23 1.82 2.7 2.52
4.26 1.69 2.79 2.48
4.22 1.83 2.77 2.6
4.29 1.71 2.79 2.5
4.28 1.56 2.85 2.41
4.34 1.75 2.64 2.39
4.02 1.61 3.22 2.83
4.25 1.69 2.7 2.39
4.22 1.65 2.95 2.6
4.29 1.84 2.68 2.52
4.18 1.78 3.03 2.81
4.18 1.84 2.77 2.61
4.34 1.67 2.72 2.39
4.21 1.55 2.83 2.38
4.21 1.72 2.95 2.67
4.19 1.67 3.05 2.72
4.06 1.54 3.03 2.57
4.11 1.65 2.94 2.59
4.13 1.68 3.0 2.68
3.95 1.56 3.18 2.74
4.2 1.63 2.91 2.54
4.06 1.61 3.0 2.61
4.11 1.66 2.85 2.51
4.17 1.5 2.99 2.49
4.26 1.7 2.9 2.6
4.26 1.6 2.93 2.53
4.21 1.55 3.04 2.59
4.13 1.55 3.17 2.72
4.01 1.61 3.04 2.65
4.13 1.59 3.05 2.64
4.3 1.72 2.97 2.69
4.06 1.63 2.94 2.57
4.09 1.64 3.07 2.71
4.28 1.59 2.96 2.55
4.08 1.62 2.85 2.47
4.21 1.74 2.76 2.5
4.15 1.64 2.85 2.49
4.18 1.78 2.87 2.65
4.17 1.62 2.85 2.47
4.19 1.8 2.72 2.52
4.13 1.68 2.98 2.66
4.18 1.78 3.01 2.79
4.32 1.6 2.83 2.43
4.34 1.65 3.0 2.65
4.13 1.5 2.96 2.46
4.08 1.62 2.96 2.58
4.37 1.77 2.74 2.51
4.08 1.64 3.05 2.69
4.25 1.63 2.94 2.57
4.25 1.7 2.96 2.66
4.21 1.76 2.72 2.48
4.26 1.67 2.94 2.61
4.23 1.69 2.76 2.45
4.2 1.56 2.87 2.43
4.02 1.62 2.99 2.61
4.16 1.66 2.87 2.53
4.19 1.59 2.96 2.55
4.39 1.57 3.03 2.6
4.26 1.69 2.81 2.5
4.03 1.49 3.31 2.8
4.21 1.65 2.86 2.51
4.43 1.62 2.85 2.47
4.23 1.68 2.88 2.56
3.98 1.57 3.14 2.71
4.1 1.69 3.02 2.71
4.12 1.69 2.9 2.59
4.24 1.63 3.07 2.7
4.19 1.63 2.99 2.62
4.05 1.52 3.06 2.58
4.18 1.61 2.98 2.59
4.38 1.73 2.84 2.57
4.25 1.71 2.84 2.55
4.13 1.78 2.86 2.64
4.14 1.58 2.91 2.49
4.22 1.5 3.0 2.5
4.17 1.61 3.05 2.66
4.28 1.81 2.64 2.45
4.16 1.62 2.94 2.56
4.26 1.63 3.02 2.65
4.13 1.57 2.8 2.37
4.03 1.57 3.02 2.59
4.1 1.63 3.0 2.63
4.03 1.45 3.03 2.48
4.0 1.62 2.88 2.5
4.33 1.78 2.74 2.52
4.16 1.71 2.95 2.66
4.16 1.57 3.03 2.6
3.97 1.53 3.07 2.6
4.13 1.66 2.89 2.55
4.23 1.64 2.79 2.43
4.15 1.74 2.92 2.66
4.35 1.66 2.73 2.39
4.22 1.69 2.79 2.48
4.32 1.67 2.72 2.39
4.14 1.7 2.91 2.61
4.13 1.59 3.01 2.6
4.1 1.49 3.1 2.59
4.24 1.64 2.74 2.38
4.04 1.66 3.12 2.78
4.23 1.54 3.07 2.61
4.17 1.58 2.95 2.53
4.14 1.73 2.96 2.69
4.18 1.57 2.9 2.47
4.19 1.67 2.96 2.63
4.06 1.59 3.03 2.62
4.33 1.81 2.57 2.38
4.12 1.71 2.84 2.55
4.33 1.69 2.76 2.45
4.32 1.52 2.99 2.51
3.98 1.54 2.97 2.51
4.1 1.74 2.94 2.68
4.17 1.72 2.85 2.57
4.23 1.67 2.81 2.48
4.02 1.6 2.97 2.57
4.18 1.62 3.01 2.63
4.26 1.7 2.85 2.55
4.13 1.56 2.91 2.47
4.26 1.51 3.07 2.58
4.15 1.71 2.89 2.6
4.24 1.66 2.86 2.52
4.31 1.67 2.85 2.52
4.05 1.62 3.0 2.62
4.04 1.6 3.05 2.65
4.19 1.75 2.79 2.54
4.19 1.64 2.84 2.48
4.11 1.69 2.92 2.61
4.25 1.54 3.01 2.55
4.1 1.63 3.01 2.64
4.3 1.88 2.64 2.52
4.27 1.74 2.79 2.53
4.26 1.59 2.9 2.49
4.19 1.69 2.96 2.65
4.15 1.7 2.86 2.56
3.91 1.38 3.23 2.61
4.31 1.82 2.73 2.55
4.18 1.7 2.97 2.67
4.13 1.6 3.02 2.62
4.17 1.65 2.95 2.6
4.23 1.68 2.79 2.47
4.06 1.63 2.96 2.59
4.14 1.62 2.85 2.47
4.28 1.81 2.58 2.39
4.07 1.56 3.01 2.57
4.18 1.64 2.83 2.47
4.09 1.74 2.93 2.67
4.15 1.73 2.91 2.64
4.32 1.79 2.69 2.48
4.18 1.62 2.88 2.5
4.1 1.65 2.94 2.59
4.35 1.72 2.83 2.55
4.13 1.63 2.99 2.62
4.26 1.85 2.64 2.49
4.24 1.54 2.96 2.5
4.28 1.53 2.99 2.52
4.24 1.7 2.96 2.66
4.11 1.43 3.2 2.63
4.03 1.64 2.94 2.58
4.22 1.66 2.89 2.55
4.06 1.61 2.95 2.56
4.08 1.59 3.14 2.73
4.26 1.8 2.86 2.66
4.16 1.83 2.72 2.55
4.12 1.62 2.92 2.54
4.26 1.63 2.93 2.56
4.19 1.87 2.68 2.55
4.07 1.82 2.79 2.61
4.23 1.7 2.94 2.64
4.16 1.7 2.74 2.44
4.18 1.79 2.76 2.55
4.19 1.57 2.88 2.45
4.32 1.75 2.81 2.56
4.15 1.6 2.94 2.54
4.31 1.7 2.83 2.53
4.14 1.52 3.09 2.61
4.11 1.63 2.82 2.45
4.17 1.61 3.04 2.65
4.09 1.67 2.97 2.64
4.05 1.54 2.98 2.52
4.19 1.68 2.9 2.58
4.18 1.62 3.03 2.65
4.03 1.6 2.99 2.59
3.93 1.53 3.23 2.76
4.25 1.64 2.95 2.59
4.33 1.68 2.8 2.48
4.25 1.7 2.92 2.62
4.21 1.7 2.83 2.53
4.23 1.73 2.79 2.52
4.17 1.7 2.92 2.62
4.12 1.54 3.15 2.69
4.14 1.58 2.94 2.52
4.16 1.68 3.09 2.77
4.08 1.66 3.16 2.82
4.31 1.64 2.97 2.61
4.31 1.68 2.9 2.58
4.24 1.69 2.87 2.56
4.07 1.55 3.17 2.72
4.19 1.75 2.92 2.67
4.21 1.59 2.97 2.56
4.19 1.72 2.76 2.48
4.22 1.58 2.95 2.53
4.14 1.49 3.22 2.71
4.09 1.57 2.9 2.47
4.01 1.48 3.21 2.69
4.04 1.65 3.04 2.69
3.88 1.55 3.12 2.67
3.97 1.58 3.1 2.68
4.13 1.67 3.08 2.75
4.22 1.92 2.81 2.73
4.22 1.62 3.04 2.66
3.97 1.6 3.18 2.78
3.81 1.62 3.2 2.82
4.33 1.75 2.99 2.74
3.97 1.6 2.93 2.53
4.19 1.71 2.93 2.64
4.19 1.56 3.04 2.6
4.2 1.57 2.99 2.56
4.21 1.63 2.91 2.54
4.21 1.88 2.91 2.79
4.21 1.67 2.86 2.53
4.18 1.71 2.86 2.57
4.21 1.78 2.84 2.62
4.26 1.7 2.83 2.53
4.17 1.53 3.01 2.54
4.05 1.54 3.16 2.7
4.24 1.59 3.0 2.59
4.21 1.6 2.87 2.47
4.19 1.61 2.85 2.46
4.05 1.72 2.85 2.57
4.11 1.69 2.98 2.67
4.16 1.89 2.76 2.65
4.09 1.66 3.02 2.68
4.27 1.71 2.65 2.36
4.14 1.52 2.95 2.47
4.21 1.81 2.78 2.59
4.04 1.45 3.13 2.58
4.28 1.78 2.65 2.43
4.07 1.51 3.13 2.64
4.22 1.67 2.94 2.61
4.24 1.53 3.07 2.6
4.15 1.49 2.97 2.46
4.06 1.61 2.93 2.54
4.25 1.79 2.81 2.6
4.05 1.49 2.96 2.45
3.87 1.5 3.28 2.78
4.06 1.46 3.14 2.6
4.22 1.81 2.84 2.65
4.15 1.64 3.01 2.65
4.29 1.65 2.92 2.57
4.26 1.6 2.91 2.51
4.07 1.65 2.99 2.64
4.19 1.8 2.76 2.56
4.29 1.79 2.8 2.59
4.06 1.66 3.09 2.75
4.2 1.68 2.83 2.51
4.05 1.65 3.11 2.76
4.35 1.69 3.06 2.75
4.27 1.61 3.03 2.64
4.22 1.54 3.1 2.64
4.21 1.54 3.12 2.66
4.22 1.61 2.9 2.51
4.18 1.53 2.84 2.37
4.01 1.53 3.13 2.66
4.12 1.32 3.19 2.51
4.19 1.69 2.88 2.57
4.13 1.55 3.13 2.68
4.14 1.64 2.93 2.57
4.02 1.59 3.03 2.62
4.1 1.68 2.96 2.64
4.21 1.66 2.89 2.55
4.13 1.5 3.08 2.58
4.3 1.77 2.84 2.61
4.17 1.65 2.86 2.51
4.14 1.61 2.89 2.5
4.31 1.64 2.9 2.54
4.15 1.54 3.07 2.61
4.19 1.5 2.88 2.38
4.26 1.62 2.89 2.51
4.04 1.66 3.03 2.69
4.03 1.59 3.13 2.72
4.21 1.71 2.86 2.57
4.01 1.46 3.12 2.58
4.09 1.56 3.07 2.63
3.93 1.49 3.09 2.58
4.15 1.66 2.87 2.53
4.17 1.62 2.93 2.55
4.31 1.64 2.88 2.52
4.2 1.69 2.89 2.58
4.13 1.75 2.91 2.66
4.15 1.53 2.91 2.44
4.23 1.67 3.04 2.71
4.04 1.51 3.22 2.73
4.2 1.77 2.77 2.54
4.2 1.78 2.72 2.5
4.28 1.67 2.96 2.63
4.23 1.5 2.9 2.4
4.14 1.67 2.93 2.6
4.33 1.65 2.75 2.4
4.07 1.5 3.14 2.64
4.24 1.81 2.73 2.54
4.13 1.64 3.08 2.72
4.4 1.71 2.75 2.46
4.16 1.7 2.77 2.47
4.33 1.79 2.73 2.52
4.02 1.56 3.0 2.56
4.21 1.77 2.84 2.61
4.22 1.7 3.0 2.7
4.28 1.67 2.69 2.36
4.23 1.76 2.83 2.59
4.06 1.73 2.96 2.69
4.01 1.59 3.0 2.59
4.16 1.64 2.92 2.56
4.06 1.46 3.03 2.49
4.19 1.69 2.9 2.59
4.17 1.76 2.94 2.7
3.97 1.72 2.98 2.7
4.17 1.67 2.8 2.47
4.19 1.73 2.76 2.49
4.19 1.6 2.94 2.54
3.99 1.46 3.17 2.63
4.08 1.62 2.99 2.61
4.22 1.68 2.89 2.57
4.23 1.67 2.93 2.6
3.97 1.66 2.87 2.53
4.04 1.66 2.98 2.64
4.17 1.67 2.93 2.6
4.26 1.67 2.77 2.44
4.02 1.8 3.04 2.84
4.22 1.77 2.87 2.64
4.14 1.57 3.0 2.57
4.21 1.73 2.72 2.45
4.17 1.61 3.15 2.76
4.3 1.79 2.72 2.51
4.26 1.64 2.89 2.53
3.97 1.63 2.99 2.62
4.08 1.55 3.15 2.7
4.02 1.62 2.94 2.56
4.08 1.58 2.99 2.57
4.13 1.62 3.04 2.66
4.08 1.6 3.05 2.65
4.12 1.68 2.96 2.64
4.12 1.52 3.03 2.55
4.25 1.69 2.82 2.51
4.09 1.6 2.98 2.58
4.1 1.66 2.86 2.52
4.19 1.86 2.93 2.79
4.14 1.72 2.75 2.47
4.07 1.65 2.95 2.6
4.18 1.81 2.77 2.58
4.03 1.76 2.85 2.61
4.17 1.57 2.94 2.51
4.13 1.62 2.89 2.51
4.29 1.62 2.81 2.43
3.97 1.68 2.99 2.67
4.34 1.99 2.65 2.64
4.19 1.71 2.75 2.46
3.93 1.45 3.2 2.65
4.21 1.86 2.83 2.69
4.1 1.54 3.1 2.64
4.26 1.71 2.64 2.35
4.08 1.74 2.99 2.73
4.08 1.73 2.93 2.66
4.19 1.63 3.05 2.68
4.43 1.87 2.74 2.61
4.16 1.68 2.9 2.58
4.23 1.84 2.92 2.76
4.33 1.7 2.85 2.55
4.22 1.83 2.86 2.69
4.15 1.68 2.81 2.49
3.88 1.7 2.96 2.66
4.11 1.58 3.14 2.72
4.33 1.71 2.84 2.55
3.98 1.62 3.05 2.67
4.09 1.68 2.88 2.56
4.24 1.41 2.95 2.36
4.14 1.69 2.85 2.54
4.0 1.66 3.04 2.7
4.04 1.46 3.05 2.51
4.29 1.85 2.86 2.71
3.99 1.48 3.13 2.61
4.17 1.65 2.92 2.57
4.26 1.63 2.94 2.57
4.18 1.74 2.78 2.52
4.21 1.69 2.99 2.68
4.16 1.64 2.99 2.63
4.27 1.71 2.85 2.56
4.01 1.57 3.04 2.61
4.45 1.66 2.75 2.41
4.01 1.75 2.98 2.73
4.12 1.51 3.13 2.64
4.25 1.58 2.97 2.55
4.16 1.71 2.93 2.64
4.09 1.66 2.97 2.63
4.18 1.71 2.96 2.67
4.09 1.66 2.84 2.5
3.99 1.67 3.01 2.68
4.08 1.61 2.75 2.36
4.14 1.63 3.0 2.63
4.26 1.53 2.92 2.45
4.35 1.81 2.71 2.52
4.26 1.68 2.89 2.57
4.15 1.62 2.99 2.61
4.11 1.67 2.84 2.51
4.32 1.71 2.82 2.53
4.27 1.78 2.8 2.58
4.25 1.58 3.06 2.64
3.92 1.55 3.16 2.71
4.08 1.71 2.86 2.57
4.15 1.63 2.89 2.52
4.24 1.79 2.68 2.47
3.96 1.48 3.1 2.58
4.27 1.8 2.8 2.6
4.29 1.79 2.73 2.52
4.13 1.53 2.95 2.48
4.19 1.7 2.85 2.55
4.09 1.62 2.95 2.57
4.17 1.67 2.96 2.63
4.11 1.65 2.96 2.61
4.3 1.6 2.99 2.59
4.16 1.52 2.96 2.48
4.11 1.55 2.96 2.51
4.2 1.72 2.85 2.57
4.22 1.7 2.87 2.57
4.13 1.79 2.83 2.62
4.05 1.67 2.86 2.53
4.08 1.64 2.92 2.56
4.2 1.61 2.96 2.57
3.86 1.53 3.21 2.74
3.88 1.59 3.08 2.67
4.17 1.65 2.96 2.61
4.15 1.73 2.93 2.66
4.13 1.63 2.89 2.52
4.27 1.77 2.66 2.43
4.29 1.73 2.89 2.62
4.32 1.69 2.88 2.57
4.13 1.56 3.04 2.6
4.33 1.62 2.81 2.43
4.19 1.66 3.02 2.68
4.18 1.7 2.9 2.6
4.1 1.56 3.17 2.73
4.01 1.69 2.98 2.67
4.25 1.63 2.85 2.48
4.16 1.47 3.23 2.7
4.16 1.69 2.9 2.59
4.14 1.6 3.07 2.67
4.2 1.71 2.94 2.65
4.13 1.55 3.06 2.61
4.19 1.71 2.8 2.51
4.02 1.52 3.03 2.55
4.16 1.52 3.03 2.55
4.17 1.66 2.92 2.58
3.97 1.58 3.08 2.66
4.24 1.69 2.84 2.53
4.16 1.61 3.02 2.63
4.06 1.57 3.0 2.57
3.97 1.55 3.02 2.57
4.29 1.75 2.87 2.62
4.0 1.5 3.05 2.55
4.16 1.66 2.86 2.52
3.98 1.52 3.11 2.63
4.26 1.64 2.86 2.5
4.25 1.69 2.73 2.42
4.2 1.66 2.86 2.52
4.32 1.6 2.93 2.53
4.16 1.65 2.96 2.61
4.07 1.65 3.0 2.65
4.16 1.58 2.9 2.48
3.98 1.64 3.25 2.89
4.14 1.7 2.81 2.51
4.3 1.77 2.85 2.62
4.1 1.49 3.04 2.53
4.16 1.69 2.9 2.59
4.07 1.61 2.97 2.58
4.21 1.7 2.76 2.46
4.18 1.59 2.75 2.34
4.18 1.6 2.95 2.55
4.21 1.58 2.85 2.43
4.11 1.62 2.96 2.58
4.26 1.8 2.82 2.62
4.19 1.69 2.96 2.65
4.17 1.53 2.97 2.5
4.14 1.55 3.17 2.72
4.19 1.57 3.15 2.72
4.4 1.62 2.89 2.51
4.3 1.7 2.85 2.55
4.16 1.5 3.09 2.59
4.19 1.57 2.92 2.49
4.27 1.69 2.9 2.59
3.85 1.63 3.0 2.63
4.11 1.73 2.92 2.65
4.25 1.73 2.84 2.57
4.17 1.79 2.8 2.59
4.26 1.63 2.94 2.57
4.08 1.67 2.93 2.6
4.05 1.69 2.89 2.58
4.12 1.53 3.07 2.6
4.24 1.74 2.83 2.57
4.16 1.7 2.84 2.54
4.07 1.5 3.15 2.65
4.09 1.52 3.04 2.56
4.23 1.63 2.74 2.37
4.07 1.49 3.15 2.64
4.23 1.71 2.95 2.66
4.21 1.65 2.79 2.44
4.25 1.69 2.9 2.59
4.18 1.62 3.08 2.7
4.02 1.61 2.99 2.6
4.16 1.68 2.88 2.56
4.36 1.79 2.7 2.49
4.31 1.77 2.76 2.53
4.09 1.56 2.97 2.53
4.14 1.58 2.98 2.56
4.06 1.51 3.09 2.6
4.16 1.73 2.86 2.59
3.93 1.65 3.09 2.74
4.29 1.62 2.86 2.48
4.03 1.47 3.23 2.7
4.16 1.56 2.89 2.45
4.14 1.72 2.92 2.64
4.15 1.69 2.76 2.45
4.33 1.76 2.94 2.7
4.36 1.67 2.9 2.57
4.17 1.6 3.03 2.63
4.06 1.59 3.01 2.6
3.98 1.63 2.95 2.58
4.31 1.58 2.93 2.51
4.14 1.65 3.11 2.76
4.08 1.65 3.03 2.68
3.98 1.7 3.0 2.7
3.98 1.56 2.98 2.54
4.16 1.75 2.84 2.59
4.26 1.6 2.89 2.49
4.23 1.79 2.78 2.57
4.27 1.77 2.94 2.71
4.16 1.68 2.74 2.42
3.92 1.47 3.17 2.64
4.3 1.66 2.83 2.49
4.22 1.59 3.07 2.66
4.3 1.77 2.77 2.54
4.0 1.72 2.98 2.7
4.07 1.5 3.09 2.59
4.04 1.58 3.12 2.7
4.09 1.64 2.92 2.56
4.17 1.68 2.91 2.59
4.24 1.77 2.81 2.58
4.11 1.73 2.9 2.63
4.14 1.62 2.99 2.61
4.1 1.49 3.15 2.64
4.36 1.79 2.92 2.71
4.21 1.77 2.86 2.63
4.24 1.63 2.76 2.39
4.01 1.63 3.03 2.66
4.16 1.59 2.94 2.53
4.29 1.69 2.82 2.51
4.25 1.8 2.72 2.52
4.09 1.69 2.95 2.64
4.14 1.7 2.87 2.57
3.91 1.54 3.17 2.71
4.1 1.61 2.92 2.53
4.15 1.56 3.03 2.59
4.16 1.55 2.9 2.45
4.1 1.57 3.15 2.72
4.15 1.7 3.06 2.76
4.26 1.87 2.71 2.58
4.29 1.72 2.75 2.47
4.17 1.62 2.9 2.52
4.12 1.69 2.88 2.57
4.12 1.56 3.14 2.7
4.23 1.68 2.93 2.61
4.11 1.55 2.9 2.45
4.11 1.5 3.03 2.53
3.88 1.58 2.99 2.57
4.14 1.54 3.11 2.65
4.31 1.64 2.76 2.4
4.33 1.66 2.74 2.4
4.17 1.56 2.88 2.44
4.11 1.66 2.94 2.6
4.18 1.6 2.94 2.54
4.09 1.69 2.94 2.63
4.19 1.54 2.88 2.42
4.13 1.55 3.05 2.6
4.32 1.81 2.65 2.46
4.22 1.58 2.95 2.53
4.17 1.76 2.82 2.58
4.34 1.91 2.77 2.68
4.21 1.77 2.78 2.55
4.1 1.62 2.97 2.59
4.25 1.63 2.84 2.47
4.09 1.54 3.11 2.65
4.2 1.68 2.96 2.64
4.17 1.55 3.05 2.6
4.31 1.6 2.89 2.49
4.05 1.64 2.96 2.6
4.12 1.68 2.91 2.59
4.23 1.68 2.82 2.5
4.19 1.57 2.95 2.52
4.08 1.6 2.96 2.56
4.14 1.59 2.86 2.45
4.01 1.68 2.96 2.64
4.1 1.52 3.23 2.75
4.22 1.64 2.94 2.58
4.12 1.53 3.09 2.62
4.16 1.64 2.92 2.56
4.22 1.5 2.92 2.42
4.27 1.72 2.76 2.48
4.12 1.64 3.09 2.73
4.18 1.71 2.89 2.6
4.14 1.64 2.98 2.62
4.32 1.83 2.76 2.59
4.24 1.85 2.77 2.62
4.33 1.68 2.76 2.44
4.38 1.82 2.8 2.62
4.12 1.67 2.84 2.51
4.02 1.45 3.1 2.55
4.19 1.63 2.95 2.58
3.99 1.52 3.16 2.68
4.11 1.62 3.12 2.74
4.31 1.69 2.89 2.58
4.21 1.63 2.97 2.6
4.33 1.44 3.02 2.46
4.04 1.6 2.92 2.52
4.13 1.62 3.25 2.87
4.17 1.56 3.19 2.75
4.15 1.59 3.08 2.67
3.88 1.53 3.08 2.61
4.06 1.64 3.14 2.78
4.26 1.64 2.98 2.62
4.31 1.66 2.77 2.43
4.16 1.75 2.74 2.49
4.2 1.73 2.93 2.66
4.12 1.48 3.22 2.7
4.14 1.68 2.9 2.58
4.25 1.71 2.8 2.51
4.35 1.77 2.9 2.67
4.14 1.48 3.21 2.69
4.17 1.59 2.99 2.58
4.29 1.6 2.95 2.55
4.1 1.56 3.24 2.8
4.21 1.68 2.8 2.48
4.33 1.7 2.84 2.54
4.16 1.62 2.97 2.59
4.16 1.74 2.97 2.71
4.32 1.76 2.6 2.36
4.25 1.61 3.07 2.68
4.22 1.66 2.94 2.6
4.04 1.57 3.0 2.57
4.13 1.76 2.89 2.65
4.07 1.73 2.91 2.64
4.21 1.79 2.84 2.63
4.11 1.69 2.98 2.67
4.13 1.69 2.91 2.6
4.25 1.74 2.97 2.71
4.24 1.67 2.84 2.51
4.0 1.66 3.01 2.67
4.03 1.68 2.9 2.58
4.04 1.58 3.13 2.71
4.38 1.76 2.62 2.38
3.97 1.59 3.01 2.6
4.22 1.67 2.86 2.53
4.17 1.59 2.94 2.53
4.21 1.68 2.77 2.45
4.1 1.68 3.06 2.74
4.1 1.64 2.96 2.6
4.13 1.56 3.01 2.57
4.15 1.63 3.03 2.66
4.09 1.63 2.97 2.6
4.33 1.67 2.93 2.6
4.19 1.66 2.85 2.51
4.24 1.6 2.93 2.53
4.37 1.75 2.63 2.38
4.31 1.69 2.95 2.64
4.21 1.75 2.81 2.56
4.14 1.54 3.0 2.54
4.04 1.54 3.07 2.61
4.35 1.79 2.74 2.53
4.24 1.67 2.9 2.57
4.15 1.6 2.88 2.48
4.13 1.49 3.11 2.6
4.15 1.67 2.88 2.55
4.3 1.6 2.74 2.34
4.24 1.84 2.73 2.57
4.07 1.58 2.82 2.4
4.22 1.68 2.79 2.47
4.24 1.59 2.79 2.38
4.35 1.78 2.74 2.52
4.09 1.72 3.0 2.72
4.15 1.6 3.01 2.61
4.22 1.8 2.79 2.59
4.22 1.67 3.11 2.78
4.18 1.59 3.05 2.64
4.14 1.78 2.78 2.56
4.27 1.57 2.98 2.55
4.11 1.55 3.03 2.58
4.57 2.04 2.44 2.48
4.32 1.84 2.66 2.5
4.18 1.77 2.9 2.67
4.09 1.7 3.01 2.71
4.32 1.59 2.8 2.39
4.16 1.52 2.95 2.47
4.17 1.68 2.93 2.61
4.36 1.72 2.78 2.5
4.03 1.48 3.11 2.59
4.31 1.8 2.85 2.65
4.1 1.78 2.88 2.66
4.25 1.72 2.89 2.61
4.01 1.73 2.96 2.69
4.03 1.78 3.0 2.78
4.14 1.69 2.9 2.59
4.09 1.7 3.06 2.76
4.09 1.5 3.1 2.6
4.1 1.6 2.84 2.44
4.17 1.52 2.9 2.42
4.16 1.55 2.97 2.52
4.18 1.56 2.88 2.44
3.95 1.53 3.13 2.66
4.13 1.64 2.97 2.61
4.26 1.65 3.0 2.65
4.22 1.68 2.84 2.52
4.16 1.54 3.09 2.63
4.2 1.65 2.97 2.62
4.0 1.61 3.05 2.66
4.26 1.69 2.68 2.37
4.14 1.49 3.09 2.58
4.18 1.9 2.79 2.69
4.11 1.63 3.15 2.78
4.34 1.87 2.69 2.56
4.1 1.79 2.89 2.68
4.17 1.45 3.06 2.51
4.11 1.63 3.02 2.65
4.18 1.47 3.13 2.6
4.1 1.5 3.08 2.58
4.27 1.77 2.94 2.71
4.2 1.58 2.8 2.38
4.27 1.75 2.75 2.5
3.92 1.37 3.26 2.63
4.17 1.55 3.01 2.56
4.15 1.63 2.82 2.45
4.29 1.66 2.9 2.56
4.22 1.61 2.92 2.53
4.13 1.5 3.01 2.51
3.99 1.68 2.96 2.64
4.16 1.89 2.78 2.67
4.17 1.58 2.99 2.57
4.16 1.61 3.11 2.72
4.14 1.71 2.86 2.57
3.96 1.63 2.95 2.58
4.41 1.75 2.84 2.59
4.21 1.74 2.82 2.56
4.29 1.64 2.91 2.55
4.23 1.86 2.75 2.61
4.24 1.66 2.99 2.65
4.15 1.6 3.08 2.68
4.33 1.71 2.84 2.55
4.07 1.67 3.03 2.7
4.2 1.75 2.76 2.51
4.13 1.58 3.03 2.61
3.99 1.5 3.1 2.6
4.14 1.65 2.86 2.51
4.15 1.58 3.03 2.61
4.17 1.61 2.88 2.49
4.26 1.57 3.06 2.63
4.44 1.75 2.77 2.52
4.14 1.6 3.01 2.61
4.14 1.62 2.93 2.55
4.3 1.88 2.63 2.51
4.16 1.55 3.07 2.62
3.99 1.6 3.06 2.66
3.94 1.63 2.98 2.61
4.08 1.59 2.93 2.52
4.17 1.74 2.8 2.54
4.22 1.69 2.89 2.58
4.1 1.53 3.06 2.59
4.38 1.61 2.95 2.56
4.29 1.83 2.69 2.52
3.87 1.51 3.14 2.65
4.07 1.91 2.74 2.65
4.42 1.95 2.54 2.49
4.13 1.82 2.82 2.64
4.09 1.59 2.88 2.47
4.31 1.73 2.7 2.43
4.24 1.49 3.01 2.5
4.15 1.59 3.02 2.61
4.05 1.42 3.06 2.48
4.18 1.51 3.03 2.54
4.1 1.69 2.91 2.6
4.11 1.7 2.83 2.53
4.18 1.61 2.88 2.49
4.2 1.59 3.06 2.65
4.0 1.51 3.08 2.59
3.96 1.58 3.08 2.66
4.12 1.54 3.07 2.61
4.09 1.63 3.08 2.71
4.17 1.55 2.88 2.43
4.01 1.51 3.2 2.71
4.24 1.72 2.84 2.56
4.1 1.65 2.97 2.62
3.95 1.46 3.22 2.68
4.17 1.6 2.89 2.49
4.12 1.65 2.98 2.63
4.26 1.85 2.77 2.62
4.23 1.75 2.92 2.67
4.15 1.63 2.97 2.6
4.25 1.37 3.06 2.43
4.11 1.69 2.86 2.55
3.96 1.58 3.23 2.81
4.24 1.7 2.73 2.43
4.27 1.63 3.0 2.63
4.04 1.5 2.99 2.49
4.02 1.78 2.99 2.77
4.2 1.63 3.02 2.65
4.26 1.78 2.78 2.56
4.18 1.65 2.84 2.49
4.04 1.69 2.92 2.61
4.3 1.63 2.77 2.4
4.17 1.67 2.85 2.52
4.1 1.82 2.81 2.63
4.11 1.57 3.19 2.76
4.17 1.62 2.86 2.48
4.09 1.56 3.1 2.66
3.99 1.52 3.07 2.59
3.91 1.67 3.1 2.77
4.03 1.76 2.89 2.65
4.24 1.66 2.9 2.56
3.86 1.5 3.18 2.68
4.09 1.65 2.87 2.52
4.12 1.68 2.92 2.6
4.22 1.52 3.05 2.57
4.21 1.66 2.94 2.6
4.0 1.6 3.13 2.73
4.07 1.54 2.91 2.45
4.07 1.41 3.22 2.63
4.05 1.43 3.14 2.57
4.06 1.71 2.99 2.7
4.17 1.71 2.98 2.69
4.08 1.56 2.98 2.54
4.34 1.84 2.88 2.72
4.23 1.72 2.81 2.53
3.99 1.53 2.95 2.48
4.12 1.69 2.93 2.62
4.1 1.66 2.89 2.55
4.12 1.49 3.14 2.63
4.08 1.55 3.02 2.57
4.04 1.67 2.93 2.6
4.16 1.51 3.24 2.75
4.22 1.64 2.85 2.49
4.3 1.7 2.85 2.55
4.2 1.66 2.93 2.59
4.17 1.7 2.92 2.62
4.07 1.69 2.91 2.6
4.23 1.62 2.9 2.52
3.99 1.63 3.11 2.74
3.89 1.42 3.11 2.53
4.04 1.65 2.99 2.64
4.2 1.61 2.96 2.57
4.15 1.61 2.94 2.55
4.01 1.69 2.9 2.59
4.26 1.66 2.78 2.44
4.35 1.81 2.67 2.48
4.22 1.54 3.03 2.57
4.04 1.67 3.01 2.68
4.22 1.64 2.78 2.42
4.05 1.48 3.01 2.49
4.19 1.74 2.92 2.66
4.12 1.54 2.91 2.45
4.16 1.61 2.97 2.58
4.24 1.56 2.98 2.54
4.28 1.85 2.82 2.67
4.1 1.66 2.88 2.54
4.22 1.69 2.88 2.57
4.04 1.59 3.12 2.71
3.82 1.58 3.25 2.83
3.92 1.61 3.08 2.69
4.28 1.61 2.88 2.49
4.27 1.77 2.74 2.51
4.14 1.72 2.82 2.54
4.13 1.65 2.97 2.62
4.35 1.83 2.69 2.52
4.17 1.71 2.75 2.46
4.07 1.67 2.97 2.64
4.06 1.62 3.15 2.77
4.28 1.54 3.16 2.7
4.17 1.66 3.0 2.66
3.96 1.65 3.15 2.8
4.2 1.63 2.97 2.6
4.15 1.73 2.89 2.62
4.29 1.74 2.85 2.59
4.13 1.77 2.93 2.7
4.11 1.56 2.89 2.45
4.36 1.72 2.68 2.4
4.22 1.65 2.92 2.57
4.38 1.69 2.84 2.53
4.0 1.5 3.14 2.64
4.12 1.65 3.04 2.69
4.17 1.6 3.01 2.61
4.05 1.51 3.23 2.74
4.21 1.68 3.03 2.71
4.3 1.69 2.91 2.6
4.36 1.69 2.95 2.64
4.17 1.68 2.81 2.49
4.14 1.59 3.01 2.6
4.28 1.72 2.72 2.44
4.2 1.78 2.88 2.66
4.14 1.59 2.89 2.48
4.2 1.67 2.97 2.64
4.19 1.82 2.62 2.44
4.14 1.51 3.16 2.67
4.33 1.64 2.79 2.43
4.31 1.79 2.84 2.63
4.05 1.59 3.03 2.62
4.09 1.49 3.05 2.54
4.26 1.66 2.79 2.45
4.12 1.78 2.77 2.55
4.2 1.73 2.95 2.68
3.95 1.42 3.14 2.56
3.89 1.45 3.27 2.72
4.06 1.59 3.14 2.73
4.13 1.61 2.94 2.55
4.09 1.61 3.14 2.75
4.15 1.61 2.94 2.55
4.04 1.58 2.94 2.52
4.32 1.64 2.72 2.36
4.24 1.68 3.03 2.71
4.1 1.62 3.12 2.74
4.21 1.6 3.02 2.62
4.11 1.46 3.07 2.53
4.17 1.48 3.04 2.52
4.21 1.62 2.85 2.47
4.13 1.71 2.92 2.63
4.11 1.61 2.91 2.52
4.08 1.63 3.05 2.68
4.13 1.53 3.11 2.64
4.23 1.54 2.97 2.51
4.04 1.68 2.82 2.5
4.22 1.61 2.99 2.6
4.18 1.78 2.98 2.76
4.26 1.79 2.79 2.58
4.25 1.59 2.73 2.32
4.02 1.64 3.01 2.65
4.3 1.69 2.77 2.46
4.17 1.58 2.99 2.57
4.29 1.83 2.84 2.67
4.24 1.61 2.97 2.58
4.15 1.79 2.89 2.68
4.23 1.62 2.96 2.58
4.17 1.79 2.73 2.52
4.03 1.59 3.04 2.63
4.14 1.54 3.12 2.66
4.24 1.63 2.92 2.55
4.23 1.79 2.66 2.45
4.08 1.63 3.01 2.64
4.21 1.74 2.94 2.68
4.19 1.69 2.83 2.52
4.24 1.61 3.07 2.68
4.22 1.6 2.9 2.5
4.31 1.77 2.68 2.45
4.3 1.68 2.79 2.47
4.3 1.71 2.89 2.6
4.27 1.7 2.87 2.57
4.08 1.59 2.98 2.57
4.15 1.58 3.0 2.58
4.33 1.67 2.86 2.53
4.12 1.74 2.9 2.64
4.18 1.61 3.0 2.61
4.11 1.65 3.03 2.68
4.0 1.63 3.05 2.68
4.05 1.64 2.97 2.61
4.05 1.48 3.09 2.57
4.0 1.59 2.94 2.53
4.15 1.73 2.85 2.58
4.2 1.64 2.99 2.63
4.22 1.44 3.1 2.54
4.04 1.52 2.94 2.46
3.97 1.5 3.13 2.63
4.11 1.7 2.93 2.63
4.35 1.69 2.87 2.56
4.08 1.57 3.06 2.63
4.04 1.6 2.98 2.58
4.09 1.53 3.09 2.62
4.04 1.68 3.03 2.71
4.1 1.55 3.19 2.74
4.08 1.73 2.95 2.68
4.04 1.7 2.99 2.69
4.15 1.73 2.9 2.63
4.11 1.72 2.82 2.54
4.08 1.69 2.87 2.56
3.98 1.56 3.24 2.8
4.04 1.57 3.03 2.6
3.9 1.67 3.08 2.75
4.11 1.66 2.95 2.61
4.16 1.64 2.94 2.58
4.03 1.43 2.97 2.4
4.18 1.79 2.82 2.61
4.14 1.61 2.88 2.49
4.07 1.65 2.79 2.44
4.27 1.75 2.9 2.65
4.19 1.53 2.97 2.5
4.23 1.74 2.9 2.64
4.19 1.66 2.9 2.56
4.14 1.58 3.04 2.62
4.04 1.5 3.07 2.57
4.07 1.53 3.14 2.67
4.14 1.47 3.16 2.63
4.37 1.75 2.75 2.5
4.15 1.62 3.04 2.66
4.17 1.65 2.8 2.45
4.11 1.59 2.95 2.54
4.36 1.67 2.97 2.64
4.26 1.62 2.92 2.54
4.34 1.62 2.93 2.55
4.25 1.55 2.87 2.42
4.11 1.78 2.95 2.73
3.94 1.58 3.13 2.71
3.94 1.45 3.17 2.62
4.23 1.86 2.88 2.74
4.17 1.7 2.84 2.54
4.07 1.76 2.78 2.54
4.13 1.67 2.86 2.53
4.2 1.65 2.92 2.57
4.0 1.51 3.16 2.67
4.39 1.7 2.78 2.48
4.17 1.6 2.91 2.51
4.2 1.67 2.82 2.49
4.32 1.76 2.89 2.65
4.05 1.59 2.98 2.57
4.25 1.55 3.03 2.58
3.95 1.51 3.16 2.67
4.11 1.64 2.98 2.62
4.11 1.75 2.93 2.68
4.27 1.71 3.0 2.71
4.08 1.75 3.0 2.75
4.18 1.62 2.84 2.46
3.97 1.49 3.24 2.73
4.24 1.71 2.93 2.64
4.17 1.59 2.78 2.37
4.01 1.67 3.05 2.72
4.26 1.71 2.86 2.57
3.99 1.64 2.91 2.55
4.1 1.67 2.98 2.65
4.02 1.61 3.03 2.64
4.11 1.75 2.76 2.51
4.16 1.59 3.06 2.65
4.1 1.47 3.25 2.72
4.18 1.49 3.03 2.52
4.25 1.68 2.74 2.42
4.22 1.59 2.8 2.39
4.21 1.68 2.91 2.59
4.12 1.6 2.93 2.53
4.31 1.65 2.86 2.51
4.14 1.57 3.07 2.64
4.15 1.65 2.96 2.61
4.23 1.84 2.73 2.57
4.12 1.53 3.11 2.64
4.16 1.51 3.03 2.54
4.12 1.58 2.81 2.39
4.03 1.54 3.04 2.58
4.15 1.68 2.89 2.57
4.09 1.74 2.97 2.71
4.17 1.51 3.11 2.62
4.28 1.73 2.9 2.63
4.01 1.58 3.01 2.59
4.1 1.65 3.04 2.69
4.25 1.59 2.84 2.43
4.35 1.74 2.91 2.65
4.1 1.58 3.12 2.7
4.23 1.58 3.06 2.64
4.21 1.63 2.96 2.59
4.35 1.68 2.83 2.51
3.97 1.58 3.13 2.71
3.97 1.62 2.91 2.53
4.28 1.85 2.8 2.65
4.09 1.59 2.98 2.57
4.2 1.64 2.9 2.54
4.33 1.83 2.72 2.55
3.96 1.55 3.16 2.71
4.25 1.64 2.86 2.5
4.07 1.57 2.96 2.53
4.12 1.64 2.97 2.61
4.11 1.56 3.11 2.67
4.13 1.59 2.93 2.52
4.2 1.47 2.94 2.41
4.12 1.49 2.92 2.41
4.04 1.61 3.2 2.81
4.14 1.87 2.81 2.68
4.14 1.57 2.87 2.44
4.26 1.75 2.67 2.42
4.3 1.58 2.91 2.49
4.23 1.75 2.84 2.59
4.07 1.55 3.26 2.81
4.18 1.6 2.99 2.59
4.29 1.81 2.75 2.56
4.13 1.5 3.19 2.69
4.02 1.58 3.02 2.6
4.17 1.51 3.1 2.61
4.31 1.91 2.72 2.63
4.3 1.75 2.92 2.67
4.32 1.56 2.95 2.51
4.27 1.6 2.93 2.53
4.23 1.73 3.02 2.75
4.25 1.61 2.86 2.47
4.1 1.56 3.06 2.62
4.03 1.52 3.18 2.7
4.1 1.63 2.95 2.58
4.07 1.64 3.08 2.72
4.23 1.73 2.94 2.67
4.14 1.73 2.9 2.63
4.28 1.67 2.8 2.47
4.16 1.5 2.88 2.38
4.1 1.66 3.04 2.7
4.17 1.49 3.06 2.55
4.05 1.45 3.03 2.48
4.17 1.63 3.01 2.64
4.18 1.69 3.03 2.72
4.25 1.58 2.97 2.55
4.27 1.75 2.84 2.59
4.02 1.64 3.06 2.7
4.29 1.62 2.94 2.56
4.12 1.76 2.9 2.66
4.17 1.63 2.91 2.54
4.1 1.7 3.08 2.78
4.26 1.74 2.8 2.54
4.23 1.83 2.73 2.56
4.22 1.86 2.75 2.61
4.16 1.47 3.06 2.53
4.05 1.61 3.0 2.61
4.03 1.69 3.05 2.74
4.1 1.56 3.09 2.65
3.94 1.48 3.08 2.56
4.09 1.73 2.81 2.54
4.32 1.86 2.75 2.61
4.18 1.6 2.86 2.46
4.24 1.59 3.04 2.63
4.15 1.73 2.84 2.57
4.25 1.79 2.75 2.54
4.12 1.75 2.81 2.56
4.27 1.62 2.92 2.54
4.31 1.74 2.89 2.63
4.09 1.69 2.96 2.65
4.32 1.6 2.98 2.58
4.13 1.65 2.86 2.51
4.13 1.62 2.97 2.59
4.1 1.59 2.96 2.55
4.33 1.69 2.77 2.46
4.27 1.69 2.91 2.6
4.05 1.55 3.03 2.58
4.12 1.74 3.01 2.75
4.17 1.66 2.82 2.48
4.23 1.63 2.93 2.56
4.24 1.7 2.88 2.58
4.14 1.64 2.99 2.63
4.17 1.72 2.82 2.54
4.23 1.62 2.92 2.54
4.32 1.79 2.85 2.64
4.13 1.74 2.89 2.63
3.95 1.54 2.85 2.39
4.19 1.57 2.93 2.5
4.05 1.62 3.12 2.74
3.96 1.58 2.92 2.5
4.25 1.63 3.01 2.64
4.1 1.56 2.97 2.53
4.09 1.57 3.05 2.62
4.15 1.94 2.71 2.65
4.23 1.69 2.81 2.5
4.1 1.6 2.95 2.55
4.27 1.61 3.04 2.65
4.21 1.72 2.84 2.56
4.26 1.82 2.74 2.56
4.29 1.78 2.63 2.41
4.25 1.92 2.68 2.6
4.21 1.6 3.06 2.66
4.39 1.68 2.73 2.41
4.01 1.66 2.97 2.63
4.17 1.65 2.91 2.56
4.0 1.66 3.1 2.76
4.34 1.93 2.6 2.53
4.14 1.6 3.06 2.66
4.23 1.58 3.0 2.58
4.25 1.45 3.13 2.58
4.22 1.62 2.81 2.43
4.19 1.52 2.85 2.37
4.09 1.6 3.0 2.6
4.22 1.59 2.98 2.57
4.08 1.65 3.03 2.68
4.21 1.73 2.8 2.53
3.98 1.45 3.35 2.8
4.09 1.65 2.94 2.59
4.35 1.66 2.88 2.54
4.14 1.49 3.02 2.51
4.22 1.52 3.05 2.57
4.22 1.73 2.8 2.53
4.03 1.62 3.08 2.7
4.12 1.58 3.09 2.67
4.26 1.68 2.96 2.64
4.26 1.72 2.81 2.53
4.35 1.73 2.8 2.53
4.04 1.56 3.02 2.58
4.41 1.64 2.92 2.56
4.11 1.65 2.87 2.52
4.16 1.74 2.86 2.6
3.94 1.55 3.07 2.62
4.02 1.58 3.01 2.59
4.08 1.56 3.08 2.64
4.14 1.64 3.26 2.9
3.91 1.54 3.31 2.85
4.36 1.73 2.79 2.52
4.3 1.73 2.77 2.5
4.32 1.64 2.91 2.55
4.13 1.63 2.89 2.52
4.12 1.56 2.95 2.51
4.11 1.58 2.97 2.55
4.26 1.76 2.78 2.54
4.12 1.59 2.89 2.48
4.01 1.71 3.03 2.74
4.28 1.53 3.03 2.56
4.07 1.61 3.0 2.61
4.15 1.7 2.9 2.6
4.14 1.63 2.93 2.56
4.34 1.7 2.79 2.49
4.29 1.54 3.04 2.58
4.2 1.72 2.95 2.67
3.88 1.54 3.14 2.68
4.11 1.68 3.07 2.75
4.26 1.63 2.84 2.47
4.18 1.5 2.94 2.44
4.05 1.61 2.98 2.59
4.2 1.74 2.72 2.46
4.22 1.57 3.12 2.69
4.19 1.8 2.83 2.63
4.17 1.69 2.89 2.58
4.04 1.69 3.07 2.76
4.34 1.76 2.83 2.59
4.18 1.68 2.92 2.6
4.31 1.62 3.0 2.62
4.23 1.6 3.04 2.64
4.3 1.75 2.85 2.6
4.03 1.65 3.18 2.83
4.2 1.67 2.88 2.55
4.24 1.52 2.86 2.38
4.28 1.55 2.95 2.5
4.23 1.67 2.86 2.53
4.15 1.66 3.01 2.67
4.25 1.64 3.01 2.65
4.35 1.65 2.96 2.61
4.08 1.53 3.0 2.53
3.99 1.8 2.86 2.66
4.23 1.72 2.76 2.48
4.09 1.53 2.9 2.43
4.17 1.69 2.83 2.52
4.3 1.65 2.77 2.42
4.04 1.64 2.93 2.57
4.2 1.55 2.98 2.53
4.0 1.52 3.09 2.61
4.17 1.81 2.78 2.59
4.26 1.72 2.86 2.58
4.18 1.69 2.92 2.61
4.2 1.55 2.95 2.5
4.28 1.62 2.86 2.48
4.28 1.68 2.9 2.58
4.23 1.7 2.86 2.56
4.2 1.57 2.85 2.42
4.14 1.58 2.91 2.49
4.04 1.53 3.07 2.6
4.1 1.62 2.96 2.58
4.21 1.81 2.88 2.69
4.22 1.72 2.94 2.66
4.27 1.62 2.77 2.39
4.29 1.59 3.11 2.7
4.08 1.59 3.01 2.6
4.26 1.58 2.91 2.49
4.16 1.57 3.07 2.64
4.08 1.57 3.04 2.61
4.2 1.86 2.81 2.67
4.08 1.65 2.99 2.64
4.24 1.74 2.93 2.67
3.83 1.47 3.14 2.61
4.18 1.77 2.76 2.53
4.05 1.59 3.06 2.65
4.07 1.58 3.0 2.58
3.99 1.59 3.04 2.63
4.26 1.72 2.85 2.57
4.18 1.56 2.97 2.53
4.27 1.53 3.13 2.66
4.1 1.74 2.82 2.56
4.38 1.64 2.8 2.44
4.11 1.44 3.14 2.58
4.19 1.66 3.0 2.66
4.06 1.49 3.19 2.68
4.11 1.66 2.94 2.6
3.94 1.43 3.36 2.79
4.21 1.62 2.98 2.6
4.14 1.6 2.99 2.59
4.28 1.67 2.96 2.63
4.23 1.73 2.83 2.56
4.29 1.51 3.0 2.51
4.12 1.6 2.99 2.59
4.15 1.58 2.96 2.54
4.19 1.67 2.98 2.65
4.07 1.7 2.89 2.59
4.18 1.65 2.89 2.54
3.98 1.71 3.07 2.78
4.17 1.7 2.78 2.48
4.09 1.53 3.08 2.61
4.29 1.75 2.75 2.5
4.08 1.66 2.98 2.64
4.23 1.68 2.94 2.62
4.1 1.7 2.82 2.52
4.13 1.62 3.01 2.63
4.23 1.56 3.02 2.58
4.12 1.8 2.81 2.61
4.21 1.53 2.99 2.52
4.07 1.67 2.8 2.47
4.3 1.79 2.71 2.5
4.05 1.53 2.99 2.52
4.09 1.71 2.84 2.55
4.2 1.74 2.87 2.61
4.25 1.69 2.89 2.58
4.17 1.56 2.98 2.54
4.17 1.41 3.11 2.52
4.22 1.85 2.61 2.46
4.2 1.66 2.87 2.53
4.24 1.59 2.98 2.57
4.14 1.57 3.05 2.62
4.2 1.84 2.87 2.71
4.25 1.69 2.74 2.43
4.17 1.7 2.83 2.53
4.04 1.57 2.91 2.48
4.08 1.63 2.95 2.58
4.05 1.65 3.0 2.65
3.91 1.45 3.08 2.53
4.11 1.6 3.03 2.63
4.09 1.69 3.01 2.7
4.03 1.65 2.99 2.64
4.23 1.66 2.82 2.48
4.19 1.67 2.87 2.54
4.34 1.63 2.84 2.47
4.44 1.66 2.89 2.55
4.33 1.7 2.85 2.55
4.11 1.64 2.91 2.55
4.15 1.64 2.87 2.51
4.27 1.67 2.75 2.42
4.09 1.72 2.88 2.6
4.33 1.87 2.56 2.43
4.23 1.6 2.91 2.51
4.15 1.59 3.03 2.62
4.22 1.67 2.89 2.56
4.32 1.73 2.77 2.5
4.03 1.59 3.08 2.67
4.1 1.64 3.04 2.68
4.2 1.66 2.9 2.56
3.98 1.63 3.15 2.78
4.09 1.68 3.03 2.71
4.31 1.67 2.76 2.43
4.35 1.62 2.69 2.31
4.26 1.72 2.77 2.49
4.32 2.15 2.6 2.75
4.21 1.68 2.94 2.62
4.19 1.59 3.01 2.6
4.16 1.55 2.91 2.46
4.03 1.61 2.97 2.58
4.15 1.75 2.91 2.66
4.22 1.72 2.68 2.4
4.11 1.53 2.89 2.42
4.16 1.57 3.03 2.6
4.0 1.49 3.22 2.71
4.15 1.6 2.81 2.41
4.05 1.61 2.86 2.47
4.24 1.62 2.81 2.43
4.14 1.66 2.92 2.58
4.17 1.53 2.99 2.52
3.95 1.45 3.19 2.64
4.19 1.63 2.83 2.46
4.04 1.6 3.02 2.62
4.16 1.71 2.9 2.61
4.31 1.83 2.66 2.49
4.11 1.66 2.78 2.44
4.09 1.62 2.94 2.56
3.91 1.55 3.25 2.8
4.26 1.62 2.99 2.61
4.18 1.5 3.22 2.72
4.12 1.51 3.01 2.52
4.15 1.61 2.81 2.42
4.15 1.54 2.97 2.51
4.21 1.6 2.97 2.57
4.24 1.75 2.79 2.54
4.13 1.63 2.98 2.61
4.26 1.85 2.63 2.48
4.12 1.59 3.09 2.68
4.23 1.52 3.08 2.6
4.24 1.79 2.82 2.61
4.0 1.4 3.26 2.66
4.16 1.6 3.13 2.73
4.02 1.63 3.12 2.75
4.23 1.65 2.77 2.42
4.21 1.74 2.96 2.7
4.16 1.6 2.96 2.56
4.23 1.87 2.85 2.72
4.24 1.8 2.79 2.59
4.35 1.71 2.73 2.44
4.15 1.65 2.9 2.55
4.31 1.57 2.96 2.53
4.3 1.68 2.91 2.59
4.21 1.86 2.88 2.74
3.99 1.66 2.82 2.48
4.22 1.48 3.05 2.53
4.31 1.62 2.93 2.55
4.0 1.54 3.11 2.65
3.95 1.69 3.0 2.69
4.26 1.69 2.81 2.5
4.25 1.61 2.83 2.44
4.12 1.4 3.24 2.64
4.2 1.69 2.93 2.62
4.07 1.61 3.03 2.64
4.01 1.67 2.89 2.56
3.99 1.44 3.06 2.5
4.04 1.62 3.06 2.68
4.19 1.71 2.74 2.45
4.24 1.64 2.93 2.57
4.33 1.79 2.87 2.66
4.16 1.55 2.96 2.51
4.16 1.61 2.97 2.58
4.41 1.75 2.92 2.67
4.1 1.58 2.93 2.51
4.16 1.74 2.8 2.54
4.22 1.64 2.93 2.57
4.01 1.65 3.09 2.74
4.02 1.77 2.96 2.73
4.18 1.68 2.8 2.48
4.01 1.55 3.04 2.59
4.07 1.65 3.03 2.68
4.23 1.61 3.03 2.64
4.28 1.76 2.82 2.58
4.2 1.6 3.17 2.77
4.11 1.72 2.99 2.71
4.14 1.58 2.9 2.48
4.24 1.86 2.79 2.65
4.06 1.61 3.0 2.61
4.11 1.57 3.11 2.68
4.12 1.6 2.93 2.53
4.24 1.73 2.79 2.52
4.13 1.64 3.11 2.75
4.03 1.69 2.88 2.57
4.24 1.68 3.01 2.69
4.17 1.73 2.88 2.61
4.29 1.64 2.8 2.44
4.25 1.57 2.86 2.43
4.1 1.53 3.15 2.68
4.09 1.63 2.96 2.59
4.14 1.65 3.09 2.74
4.17 1.63 2.85 2.48
4.09 1.61 3.13 2.74
3.84 1.53 3.25 2.78
4.27 1.73 2.68 2.41
4.21 1.73 2.88 2.61
3.95 1.52 3.16 2.68
4.11 1.74 2.94 2.68
4.11 1.75 2.79 2.54
4.15 1.47 3.18 2.65
4.05 1.53 2.97 2.5
3.89 1.64 3.04 2.68
3.97 1.72 3.03 2.75
4.17 1.71 2.83 2.54
4.12 1.65 2.98 2.63
3.96 1.48 3.17 2.65
4.16 1.51 3.04 2.55
3.99 1.56 3.08 2.64
4.12 1.61 3.03 2.64
4.11 1.57 3.05 2.62
4.05 1.7 2.98 2.68
4.2 1.87 2.92 2.79
4.23 1.59 2.96 2.55
4.22 1.55 2.85 2.4
4.11 1.53 3.15 2.68
4.04 1.49 2.98 2.47
4.18 1.65 2.97 2.62
4.0 1.54 3.15 2.69
3.94 1.66 2.93 2.59
4.05 1.62 2.94 2.56
4.25 1.69 3.04 2.73
4.09 1.6 2.98 2.58
4.22 1.61 2.73 2.34
4.19 1.64 2.89 2.53
4.08 1.71 2.92 2.63
4.28 1.9 2.69 2.59
4.3 1.8 2.73 2.53
4.09 1.55 2.99 2.54
4.28 1.59 2.82 2.41
4.22 1.44 3.2 2.64
4.18 1.59 2.99 2.58
4.05 1.63 3.09 2.72
4.0 1.5 3.11 2.61
3.97 1.52 3.19 2.71
4.04 1.56 2.9 2.46
4.15 1.76 2.86 2.62
4.22 1.48 3.08 2.56
4.07 1.58 2.96 2.54
4.02 1.52 2.96 2.48
4.25 1.64 2.85 2.49
4.13 1.62 2.93 2.55
4.17 1.74 2.88 2.62
4.42 1.8 2.76 2.56
4.2 1.82 2.73 2.55
4.02 1.57 3.08 2.65
4.1 1.5 3.03 2.53
4.35 1.66 2.87 2.53
4.19 1.76 2.9 2.66
4.19 1.66 2.95 2.61
4.17 1.67 2.9 2.57
4.11 1.75 2.97 2.72
4.31 1.64 2.92 2.56
4.09 1.69 2.96 2.65
4.14 1.54 3.0 2.54
4.33 1.71 2.77 2.48
4.21 1.82 2.77 2.59
4.24 1.48 3.04 2.52
4.12 1.55 3.05 2.6
4.21 1.78 2.89 2.67
4.23 1.74 2.83 2.57
4.24 1.65 2.86 2.51
4.21 1.71 2.94 2.65
4.37 1.69 2.72 2.41
4.27 1.81 2.78 2.59
4.2 1.69 2.83 2.52
4.21 1.58 2.95 2.53
4.1 1.67 2.95 2.62
4.1 1.81 2.92 2.73
4.19 1.56 3.1 2.66
4.15 1.75 2.91 2.66
4.19 1.53 3.07 2.6
3.98 1.55 3.11 2.66
4.23 1.73 2.86 2.59
4.31 1.63 2.93 2.56
4.05 1.73 2.9 2.63
4.38 1.63 2.84 2.47
4.31 1.76 2.78 2.54
4.28 1.72 2.69 2.41
3.99 1.68 3.01 2.69
4.15 1.71 2.89 2.6
4.1 1.49 2.95 2.44
4.11 1.41 3.19 2.6
4.22 1.71 2.83 2.54
4.08 1.54 2.99 2.53
4.33 1.77 2.75 2.52
4.23 1.7 2.82 2.52
4.09 1.63 2.92 2.55
4.24 1.7 2.8 2.5
3.97 1.53 2.81 2.34
4.11 1.55 3.06 2.61
4.03 1.54 3.03 2.57
4.32 1.84 2.67 2.51
4.16 1.6 2.9 2.5
3.91 1.59 3.09 2.68
4.07 1.68 2.87 2.55
4.12 1.51 3.08 2.59
4.28 1.76 2.84 2.6
4.45 1.59 2.77 2.36
4.18 1.68 2.83 2.51
4.32 1.72 2.89 2.61
4.23 1.67 2.87 2.54
4.11 1.53 3.04 2.57
4.1 1.61 3.03 2.64
4.14 1.55 3.07 2.62
4.21 1.57 2.91 2.48
4.07 1.6 3.09 2.69
4.14 1.56 2.9 2.46
4.11 1.54 3.03 2.57
4.28 1.76 2.7 2.46
4.24 1.69 2.83 2.52
4.08 1.6 3.0 2.6
3.99 1.47 3.15 2.62
4.33 1.75 2.83 2.58
4.17 1.72 3.01 2.73
4.25 1.78 2.86 2.64
3.99 1.66 2.94 2.6
4.17 1.81 2.86 2.67
4.15 1.67 2.96 2.63
4.08 1.55 3.01 2.56
4.24 1.65 2.86 2.51
4.15 1.6 2.9 2.5
4.24 1.71 2.88 2.59
4.27 1.63 3.11 2.74
4.1 1.65 2.82 2.47
4.39 1.64 3.07 2.71
4.1 1.54 3.03 2.57
4.13 1.58 2.99 2.57
4.08 1.61 2.98 2.59
4.13 1.65 2.95 2.6
4.32 1.71 2.77 2.48
4.3 1.85 2.71 2.56
4.22 1.73 3.02 2.75
4.23 1.6 2.9 2.5
3.96 1.45 3.18 2.63
4.23 1.59 2.99 2.58
4.38 1.48 2.99 2.47
4.27 1.67 2.75 2.42
4.22 1.63 2.88 2.51
4.17 1.64 2.92 2.56
4.1 1.48 3.0 2.48
4.31 1.61 2.89 2.5
4.38 1.71 2.94 2.65
4.0 1.65 3.01 2.66
4.17 1.71 2.96 2.67
3.89 1.61 2.99 2.6
4.18 1.51 2.79 2.3
4.15 1.62 2.97 2.59
4.32 1.67 2.93 2.6
4.42 1.7 2.85 2.55
4.24 1.74 2.86 2.6
4.22 1.54 3.0 2.54
4.17 1.82 2.75 2.57
4.42 1.73 2.78 2.51
4.1 1.51 3.0 2.51
4.09 1.52 3.13 2.65
4.07 1.49 3.12 2.61
4.22 1.68 2.91 2.59
4.07 1.64 3.04 2.68
4.21 1.7 2.84 2.54
4.25 2.12 2.51 2.63
4.19 1.42 3.07 2.49
4.0 1.37 3.1 2.47
4.01 1.68 2.8 2.48
4.14 1.65 2.93 2.58
4.28 1.62 2.96 2.58
4.01 1.54 3.22 2.76
4.23 1.72 2.75 2.47
4.29 1.72 2.78 2.5
4.31 1.91 2.67 2.58
4.31 1.74 2.73 2.47
4.16 1.53 3.07 2.6
4.23 1.64 2.74 2.38
3.99 1.59 3.1 2.69
4.1 1.59 2.84 2.43
4.13 1.54 3.08 2.62
4.28 1.67 2.85 2.52
4.29 1.71 2.77 2.48
4.16 1.64 2.88 2.52
4.29 1.71 3.01 2.72
4.08 1.44 3.23 2.67
4.06 1.58 3.02 2.6
4.13 1.55 3.1 2.65
4.08 1.63 3.03 2.66
4.13 1.64 2.99 2.63
4.23 1.77 2.71 2.48
4.19 1.51 2.97 2.48
4.3 1.63 2.93 2.56
4.07 1.75 2.88 2.63
3.97 1.44 3.3 2.74
4.11 1.56 2.93 2.49
4.08 1.63 3.03 2.66
4.21 1.85 2.75 2.6
4.23 1.81 2.94 2.75
4.23 1.61 3.07 2.68
4.15 1.59 3.09 2.68
4.21 1.4 3.28 2.68
4.08 1.66 2.77 2.43
4.37 1.84 2.73 2.57
3.99 1.56 3.03 2.59
4.25 1.67 2.75 2.42
4.16 1.6 2.97 2.57
3.9 1.52 3.16 2.68
3.85 1.54 3.09 2.63
4.1 1.64 2.96 2.6
3.97 1.68 3.03 2.71
4.36 1.83 2.65 2.48
4.13 1.57 2.99 2.56
4.07 1.69 2.85 2.54
3.94 1.59 3.03 2.62
4.24 1.71 2.92 2.63
4.16 1.57 2.86 2.43
4.02 1.62 2.9 2.52
4.27 1.59 3.03 2.62
3.76 1.37 3.11 2.48
4.15 1.54 3.0 2.54
4.26 1.66 2.97 2.63
4.19 1.71 2.95 2.66
4.12 1.71 3.07 2.78
4.07 1.76 2.91 2.67
4.19 1.54 3.01 2.55
4.11 1.7 3.03 2.73
4.12 1.51 3.13 2.64
4.25 1.7 2.86 2.56
4.16 1.63 2.95 2.58
4.17 1.58 2.97 2.55
4.34 1.88 2.8 2.68
4.19 1.58 2.99 2.57
4.3 1.77 2.82 2.59
4.21 1.7 2.99 2.69
4.28 1.95 2.82 2.77
4.17 1.6 3.01 2.61
4.19 1.77 2.8 2.57
4.15 1.77 2.87 2.64
4.01 1.62 2.91 2.53
4.1 1.54 3.03 2.57
4.26 1.81 2.81 2.62
4.21 1.74 2.72 2.46
4.22 1.57 3.04 2.61
4.32 1.62 2.84 2.46
4.11 1.61 3.02 2.63
4.26 1.51 2.94 2.45
4.04 1.81 2.8 2.61
4.19 1.53 3.04 2.57
4.09 1.51 3.01 2.52
3.98 1.57 3.07 2.64
4.17 1.84 2.84 2.68
4.12 1.59 2.86 2.45
4.13 1.64 2.94 2.58
4.19 1.71 2.83 2.54
4.16 1.79 2.9 2.69
4.3 1.87 2.81 2.68
4.05 1.72 3.02 2.74
4.2 1.59 2.96 2.55
3.97 1.61 2.97 2.58
4.12 1.51 3.01 2.52
4.2 1.69 2.96 2.65
4.26 1.64 2.81 2.45
3.92 1.49 3.37 2.86
4.25 1.78 2.84 2.62
4.1 1.63 2.92 2.55
4.22 1.8 2.8 2.6
4.15 1.84 2.83 2.67
4.14 1.67 2.94 2.61
4.13 1.63 3.03 2.66
4.32 1.67 2.71 2.38
4.15 1.67 2.87 2.54
4.21 1.62 2.84 2.46
4.14 1.5 3.04 2.54
4.12 1.71 2.94 2.65
4.04 1.56 3.06 2.62
4.34 1.75 2.76 2.51
4.18 1.78 2.78 2.56
4.05 1.58 3.09 2.67
4.35 1.77 2.67 2.44
3.94 1.42 3.23 2.65
4.18 1.71 2.72 2.43
4.22 1.54 3.0 2.54
4.29 1.84 2.72 2.56
4.11 1.59 2.87 2.46
4.11 1.65 3.07 2.72
4.24 1.62 2.96 2.58
3.99 1.41 3.16 2.57
4.28 1.58 3.08 2.66
4.09 1.62 3.06 2.68
4.19 1.66 2.99 2.65
4.03 1.59 3.04 2.63
4.03 1.7 3.08 2.78
3.87 1.42 3.16 2.58
4.15 1.53 3.05 2.58
4.18 1.55 2.88 2.43
4.17 1.63 2.93 2.56
4.02 1.58 3.07 2.65
4.11 1.75 3.04 2.79
4.21 1.62 2.99 2.61
4.28 1.72 2.83 2.55
4.1 1.52 3.01 2.53
4.14 1.78 2.89 2.67
4.07 1.64 3.0 2.64
4.05 1.71 2.95 2.66
4.03 1.79 2.89 2.68
4.31 1.57 2.99 2.56
4.22 1.65 3.04 2.69
4.16 1.64 3.02 2.66
4.04 1.63 3.07 2.7
4.01 1.56 3.12 2.68
4.12 1.74 2.92 2.66
4.03 1.46 3.02 2.48
3.96 1.61 3.02 2.63
4.25 1.74 2.72 2.46
4.17 1.72 2.81 2.53
4.08 1.48 3.14 2.62
4.23 1.61 2.94 2.55
4.37 1.53 3.0 2.53
4.1 1.59 2.84 2.43
4.33 1.75 2.82 2.57
3.98 1.5 3.16 2.66
4.13 1.54 3.03 2.57
4.16 1.76 2.81 2.57
4.11 1.61 3.01 2.62
3.96 1.64 2.97 2.61
4.17 1.52 3.11 2.63
4.03 1.66 2.86 2.52
4.18 1.69 2.76 2.45
4.07 1.67 2.83 2.5
4.15 1.7 2.82 2.52
4.2 1.85 2.72 2.57
4.1 1.71 2.99 2.7
4.23 1.77 2.88 2.65
4.43 1.64 2.8 2.44
4.17 1.65 3.02 2.67
4.01 1.74 3.05 2.79
4.1 1.52 3.0 2.52
4.33 1.52 2.95 2.47
4.36 1.73 2.68 2.41
4.04 1.49 3.08 2.57
4.14 1.56 2.98 2.54
4.04 1.47 3.05 2.52
4.06 1.56 3.11 2.67
4.18 1.59 3.09 2.68
4.25 1.57 3.02 2.59
4.41 1.6 2.98 2.58
4.4 1.88 2.62 2.5
4.12 1.69 2.95 2.64
4.3 1.54 2.99 2.53
4.19 1.69 2.76 2.45
4.1 1.72 2.8 2.52
4.15 1.55 2.98 2.53
4.08 1.68 2.82 2.5
4.14 1.6 3.1 2.7
4.02 1.52 3.14 2.66
4.04 1.69 2.94 2.63
4.38 1.74 2.72 2.46
4.19 1.69 2.69 2.38
4.14 1.63 2.99 2.62
4.36 1.82 2.73 2.55
4.15 1.65 3.01 2.66
4.1 1.54 3.01 2.55
4.11 1.54 3.04 2.58
4.27 1.64 2.92 2.56
4.12 1.62 3.05 2.67
4.17 1.61 3.07 2.68
4.32 1.46 2.96 2.42
4.18 1.73 2.89 2.62
4.13 1.56 3.1 2.66
4.17 1.75 2.74 2.49
4.28 1.56 3.06 2.62
4.12 1.63 2.9 2.53
4.22 1.63 2.84 2.47
4.26 1.7 2.81 2.51
4.3 1.59 2.93 2.52
4.11 1.66 2.85 2.51
4.03 1.59 3.07 2.66
4.02 1.74 2.91 2.65
4.25 1.75 2.86 2.61
3.97 1.47 3.16 2.63
4.16 1.65 2.78 2.43
4.12 1.68 2.92 2.6
4.34 1.6 2.99 2.59
3.89 1.52 3.16 2.68
4.24 1.59 2.96 2.55
4.11 1.67 2.9 2.57
4.24 1.85 2.74 2.59
4.23 1.7 2.87 2.57
4.07 1.56 2.96 2.52
3.97 1.5 3.1 2.6
4.19 1.88 2.82 2.7
4.22 1.61 3.0 2.61
4.29 1.73 2.85 2.58
4.34 1.68 2.77 2.45
4.28 1.9 2.77 2.67
4.12 1.45 3.1 2.55
4.27 1.77 2.87 2.64
4.06 1.67 2.88 2.55
4.15 1.67 2.84 2.51
4.18 1.62 2.84 2.46
4.31 1.77 2.85 2.62
4.13 1.62 3.01 2.63
4.32 1.55 2.87 2.42
4.28 1.69 2.89 2.58
4.07 1.45 3.26 2.71
3.99 1.64 3.06 2.7
4.22 1.65 2.9 2.55
4.4 1.84 2.67 2.51
4.12 1.6 3.0 2.6
4.22 1.73 2.87 2.6
4.08 1.7 2.96 2.66
4.17 1.7 2.77 2.47
4.25 1.85 2.72 2.57
4.01 1.59 2.91 2.5
4.24 1.85 2.81 2.66
4.0 1.52 3.2 2.72
4.02 1.64 3.01 2.65
4.03 1.61 3.04 2.65
4.11 1.6 2.9 2.5
4.17 1.52 3.16 2.68
4.26 1.68 2.82 2.5
4.16 1.57 2.95 2.52
4.16 1.48 3.11 2.59
4.2 1.59 2.9 2.49
3.99 1.78 3.1 2.88
4.23 1.65 2.89 2.54
4.15 1.56 2.95 2.51
4.04 1.5 3.02 2.52
4.28 1.76 2.92 2.68
4.09 1.69 2.85 2.54
4.15 1.73 2.8 2.53
4.0 1.51 3.24 2.75
4.4 1.62 2.82 2.44
4.23 1.44 3.18 2.62
4.26 1.6 3.03 2.63
4.21 1.68 2.76 2.44
4.19 1.53 3.02 2.55
4.29 1.55 3.05 2.6
4.09 1.6 2.89 2.49
4.23 1.75 2.79 2.54
4.34 1.68 2.93 2.61
4.19 1.72 2.92 2.64
4.22 1.67 3.02 2.69
4.07 1.62 3.2 2.82
4.2 1.62 2.81 2.43
4.12 1.66 2.94 2.6
4.22 1.59 2.93 2.52
4.19 1.48 3.18 2.66
4.22 1.69 2.85 2.54
4.27 1.64 2.9 2.54
4.16 1.48 3.06 2.54
4.16 1.53 3.12 2.65
4.38 1.76 2.79 2.55
4.11 1.56 2.88 2.44
4.19 1.69 2.88 2.57
4.03 1.56 3.07 2.63
4.23 1.81 2.77 2.58
4.26 1.78 2.73 2.51
4.13 1.6 2.92 2.52
4.13 1.54 3.01 2.55
4.12 1.67 3.07 2.74
4.09 1.53 3.03 2.56
4.21 1.73 2.77 2.5
4.19 1.6 2.92 2.52
4.31 1.7 2.83 2.53
4.1 1.51 3.02 2.53
3.98 1.61 3.05 2.66
4.31 1.66 2.9 2.56
4.19 1.61 2.85 2.46
4.13 1.74 2.79 2.53
4.25 1.73 2.92 2.65
4.37 1.58 2.9 2.48
4.18 1.63 2.94 2.57
4.03 1.63 3.12 2.75
4.24 1.62 3.01 2.63
4.29 1.74 2.75 2.49
4.08 1.54 3.12 2.66
4.18 1.74 2.81 2.55
4.1 1.55 3.06 2.61
4.17 1.64 2.98 2.62
4.08 1.53 3.07 2.6
4.09 1.68 2.96 2.64
4.02 1.68 2.96 2.64
4.13 1.81 3.04 2.85
4.15 1.77 2.81 2.58
4.24 1.65 2.96 2.61
4.09 1.66 2.87 2.53
4.01 1.55 3.1 2.65
4.02 1.71 2.99 2.7
4.13 1.68 2.93 2.61
4.18 1.72 2.85 2.57
4.31 1.61 2.98 2.59
4.14 1.63 2.86 2.49
4.23 1.64 2.89 2.53
4.12 1.64 2.89 2.53
4.2 1.58 3.06 2.64
4.08 1.52 3.01 2.53
4.32 1.52 3.08 2.6
4.23 1.69 3.02 2.71
4.28 1.8 2.82 2.62
3.97 1.54 3.28 2.82
4.2 1.63 2.88 2.51
4.14 1.54 3.22 2.76
4.14 1.49 3.0 2.49
4.27 1.63 2.96 2.59
4.01 1.68 2.9 2.58
4.1 1.63 2.95 2.58
4.37 1.75 2.89 2.64
4.11 1.62 3.05 2.67
4.19 1.56 3.07 2.63
3.99 1.62 3.08 2.7
4.03 1.55 2.92 2.47
4.15 1.69 2.89 2.58
4.27 1.73 2.75 2.48
3.88 1.69 3.24 2.93
4.17 1.6 2.91 2.51
4.1 1.58 3.1 2.68
4.19 1.6 3.1 2.7
4.26 1.69 2.79 2.48
4.34 1.67 2.96 2.63
4.34 1.8 2.61 2.41
4.26 1.77 2.72 2.49
4.17 1.58 3.03 2.61
4.2 1.74 2.82 2.56
4.25 1.74 2.78 2.52
4.09 1.61 3.02 2.63
4.22 1.62 3.0 2.62
4.14 1.57 3.01 2.58
4.18 1.73 2.83 2.56
4.27 1.84 2.73 2.57
4.0 1.61 2.94 2.55
4.1 1.62 3.03 2.65
4.13 1.63 2.8 2.43
4.19 1.65 2.85 2.5
4.11 1.68 2.89 2.57
4.11 1.66 3.03 2.69
4.23 1.68 2.99 2.67
4.23 1.45 3.12 2.57
4.14 1.65 2.98 2.63
4.14 1.65 2.99 2.64
4.18 1.76 2.8 2.56
4.07 1.58 3.1 2.68
4.0 1.6 3.03 2.63
3.98 1.63 3.11 2.74
4.11 1.58 3.04 2.62
4.11 1.55 3.07 2.62
4.18 1.5 3.16 2.66
4.2 1.71 2.91 2.62
3.99 1.59 3.01 2.6
4.17 1.55 3.0 2.55
4.17 1.55 3.02 2.57
4.28 1.7 2.88 2.58
4.16 1.68 2.86 2.54
4.27 1.64 2.92 2.56
4.13 1.69 2.88 2.57
4.02 1.58 3.12 2.7
4.23 1.73 2.78 2.51
4.14 1.53 2.96 2.49
4.19 1.76 2.76 2.52
4.13 1.71 2.92 2.63
4.18 1.57 2.88 2.45
4.03 1.56 3.04 2.6
4.12 1.74 2.9 2.64
3.99 1.6 3.19 2.79
4.18 1.75 2.81 2.56
4.07 1.58 3.06 2.64
3.95 1.57 3.04 2.61
4.12 1.73 2.86 2.59
4.37 1.73 2.73 2.46
4.05 1.52 3.07 2.59
4.15 1.67 3.03 2.7
4.02 1.57 2.99 2.56
3.99 1.62 2.98 2.6
4.08 1.73 2.76 2.49
4.29 1.71 2.73 2.44
3.97 1.54 3.09 2.63
4.33 1.73 2.77 2.5
4.11 1.55 3.07 2.62
3.94 1.53 3.12 2.65
4.26 1.73 2.79 2.52
4.15 1.66 2.96 2.62
4.05 1.6 3.05 2.65
4.1 1.59 2.86 2.45
4.04 1.64 2.97 2.61
4.15 1.48 3.02 2.5
4.17 1.63 2.87 2.5
4.01 1.49 3.04 2.53
4.12 1.58 3.06 2.64
4.09 1.52 3.11 2.63
4.15 1.57 2.99 2.56
3.87 1.49 3.21 2.7
3.99 1.59 3.12 2.71
4.09 1.59 2.94 2.53
4.22 1.86 2.82 2.68
4.16 1.47 3.18 2.65
4.28 1.66 2.78 2.44
4.18 1.56 3.05 2.61
4.19 1.69 3.0 2.69
4.15 1.54 2.93 2.47
4.06 1.62 3.01 2.63
4.32 1.76 2.93 2.69
4.33 1.63 2.92 2.55
4.37 1.74 2.94 2.68
4.16 1.56 3.1 2.66
4.11 1.69 2.79 2.48
4.15 1.61 3.07 2.68
4.26 1.87 2.74 2.61
4.15 1.59 2.91 2.5
4.18 1.55 3.15 2.7
4.19 1.62 2.91 2.53
4.13 1.72 2.94 2.66
4.2 1.67 2.89 2.56
4.35 1.72 2.75 2.47
4.3 1.74 2.89 2.63
4.25 1.64 2.95 2.59
4.13 1.7 2.96 2.66
4.14 1.67 3.01 2.68
4.18 1.68 2.94 2.62
4.24 1.9 2.58 2.48
4.14 1.49 3.0 2.49
4.17 1.65 2.88 2.53
4.22 1.7 2.8 2.5
4.24 1.81 2.92 2.73
4.12 1.65 3.05 2.7
4.12 1.56 3.08 2.64
4.06 1.67 3.0 2.67
4.33 1.71 2.89 2.6
4.26 1.72 2.78 2.5
4.05 1.65 2.97 2.62
4.27 1.55 3.04 2.59
4.21 1.79 2.81 2.6
4.23 1.73 2.79 2.52
4.1 1.56 3.01 2.57
4.12 1.61 3.08 2.69
4.09 1.68 3.08 2.76
4.17 1.63 2.92 2.55
4.06 1.59 3.01 2.6
4.06 1.62 2.93 2.55
3.96 1.43 3.13 2.56
4.0 1.51 3.07 2.58
4.03 1.51 3.02 2.53
4.18 1.78 3.01 2.79
4.26 1.66 2.86 2.52
4.2 1.79 2.84 2.63
4.46 1.76 2.72 2.48
4.09 1.72 2.88 2.6
3.98 1.61 3.16 2.77
4.12 1.7 2.89 2.59
4.27 1.68 2.73 2.41
4.0 1.57 3.02 2.59
4.23 1.6 2.9 2.5
4.13 1.61 2.93 2.54
3.98 1.46 3.26 2.72
4.09 1.67 2.93 2.6
4.19 1.73 2.86 2.59
4.25 1.67 2.83 2.5
4.16 1.51 3.12 2.63
4.3 1.71 3.02 2.73
4.03 1.55 2.92 2.47
4.28 1.75 2.75 2.5
4.05 1.56 3.04 2.6
4.2 1.77 2.96 2.73
4.23 1.76 2.83 2.59
4.24 1.73 2.78 2.51
3.99 1.61 2.9 2.51
4.29 1.8 2.92 2.72
4.18 1.67 2.9 2.57
4.15 1.67 2.74 2.41
4.12 1.64 2.97 2.61
3.97 1.62 3.14 2.76
4.27 1.84 2.77 2.61
4.14 1.68 2.95 2.63
4.18 1.68 2.83 2.51
4.04 1.84 3.09 2.93
3.96 1.6 2.99 2.59
4.16 1.59 2.94 2.53
4.03 1.48 3.05 2.53
4.36 1.63 2.88 2.51
4.05 1.56 3.0 2.56
4.15 1.65 2.84 2.49
4.11 1.63 2.85 2.48
4.16 1.59 2.99 2.58
4.19 1.65 2.83 2.48
4.16 1.63 3.07 2.7
4.3 1.81 2.88 2.69
4.23 1.63 3.02 2.65
3.97 1.71 2.94 2.65
4.24 1.66 3.0 2.66
4.22 1.56 2.97 2.53
4.21 1.75 2.99 2.74
4.08 1.45 3.08 2.53
4.38 1.77 2.62 2.39
4.22 1.57 2.99 2.56
4.27 1.59 2.85 2.44
4.27 1.68 2.95 2.63
4.01 1.53 3.23 2.76
4.22 1.72 2.84 2.56
4.22 1.69 2.99 2.68
4.22 1.63 2.84 2.47
4.32 1.7 3.0 2.7
4.1 1.55 3.05 2.6
4.21 1.75 2.79 2.54
4.2 1.71 2.82 2.53
4.03 1.6 3.0 2.6
4.1 1.61 3.01 2.62
4.33 1.65 2.85 2.5
4.13 1.55 3.04 2.59
4.31 1.64 2.75 2.39
4.07 1.69 2.96 2.65
4.22 1.66 2.76 2.42
4.18 1.58 2.97 2.55
4.25 1.83 2.72 2.55
4.37 1.76 2.72 2.48
4.18 1.67 2.87 2.54
4.16 1.55 3.0 2.55
4.19 1.61 2.98 2.59
4.09 1.64 2.91 2.55
4.15 1.61 2.96 2.57
4.27 1.72 2.88 2.6
4.08 1.53 3.11 2.64
4.15 1.61 3.06 2.67
4.15 1.59 3.03 2.62
4.28 1.65 2.82 2.47
4.26 1.66 2.95 2.61
4.1 1.76 2.94 2.7
4.15 1.56 3.06 2.62
4.3 1.6 2.89 2.49
4.03 1.66 2.95 2.61
4.13 1.53 3.01 2.54
4.11 1.46 3.04 2.5
3.99 1.56 3.11 2.67
4.21 1.96 2.65 2.61
4.06 1.46 3.07 2.53
3.94 1.5 3.18 2.68
4.08 1.58 3.03 2.61
4.24 1.62 2.89 2.51
4.17 1.54 3.04 2.58
4.11 1.64 3.0 2.64
4.19 1.55 3.05 2.6
4.01 1.53 3.06 2.59
4.06 1.62 2.98 2.6
3.95 1.5 3.04 2.54
3.81 1.48 3.25 2.73
4.19 1.79 2.79 2.58
4.29 1.61 2.86 2.47
4.22 1.65 2.9 2.55
4.1 1.63 2.85 2.48
4.14 1.77 2.87 2.64
4.26 1.72 2.8 2.52
4.22 1.67 2.75 2.42
4.18 1.65 2.8 2.45
3.95 1.53 3.09 2.62
4.32 1.7 2.8 2.5
4.2 1.74 2.8 2.54
4.35 1.82 2.83 2.65
4.25 1.72 2.84 2.56
4.07 1.65 2.98 2.63
4.1 1.56 3.12 2.68
4.27 1.53 2.92 2.45
4.08 1.56 3.02 2.58
4.18 1.85 2.68 2.53
4.26 1.72 2.96 2.68
4.18 1.53 2.93 2.46
4.07 1.69 2.93 2.62
4.06 1.64 3.05 2.69
4.19 1.57 3.01 2.58
4.21 1.79 2.8 2.59
4.08 1.72 2.98 2.7
4.14 1.63 2.98 2.61
4.32 1.74 2.71 2.45
3.99 1.61 3.01 2.62
4.23 1.71 2.8 2.51
4.21 1.77 2.96 2.73
3.99 1.5 3.07 2.57
4.13 1.62 2.89 2.51
4.33 1.73 2.78 2.51
4.15 1.65 2.82 2.47
4.23 1.61 2.93 2.54
4.06 1.67 2.91 2.58
4.05 1.51 3.0 2.51
4.35 1.58 2.93 2.51
4.14 1.65 3.02 2.67
4.16 1.58 3.06 2.64
4.13 1.65 2.83 2.48
3.92 1.43 3.29 2.72
4.19 1.57 2.85 2.42
4.1 1.66 3.11 2.77
4.06 1.58 3.08 2.66
4.01 1.53 3.0 2.53
4.19 1.62 2.95 2.57
4.0 1.49 3.08 2.57
4.38 1.55 2.87 2.42
4.04 1.46 3.07 2.53
4.07 1.57 2.92 2.49
4.25 1.51 3.06 2.57
4.13 1.64 2.99 2.63
4.11 1.54 2.87 2.41
3.98 1.69 3.04 2.73
4.02 1.59 3.12 2.71
4.08 1.68 2.91 2.59
4.28 1.72 2.87 2.59
4.21 1.7 2.73 2.43
4.02 1.75 2.8 2.55
4.31 1.57 2.97 2.54
4.26 1.61 2.9 2.51
4.3 1.82 2.72 2.54
4.07 1.63 2.95 2.58
4.19 1.57 2.96 2.53
4.13 1.63 3.05 2.68
4.22 1.62 2.93 2.55
4.17 1.6 2.98 2.58
4.39 1.82 2.86 2.68
4.41 1.55 2.97 2.52
4.22 1.57 2.81 2.38
4.13 1.67 2.94 2.61
4.4 1.65 2.83 2.48
4.33 1.64 2.9 2.54
4.22 1.54 2.82 2.36
4.29 1.78 2.72 2.5
4.21 1.68 2.89 2.57
4.23 1.7 2.94 2.64
4.02 1.51 3.1 2.61
4.36 1.71 2.84 2.55
4.13 1.68 2.92 2.6
4.14 1.64 2.95 2.59
4.15 1.39 3.18 2.57
4.17 1.69 2.83 2.52
4.19 1.57 2.91 2.48
4.12 1.6 2.93 2.53
4.26 1.72 2.9 2.62
4.14 1.59 2.89 2.48
4.16 1.75 2.94 2.69
4.26 1.74 2.78 2.52
4.17 1.75 2.81 2.56
4.1 1.74 2.89 2.63
4.23 1.65 3.08 2.73
4.24 1.73 2.86 2.59
4.02 1.58 3.12 2.7
4.22 1.74 2.72 2.46
4.0 1.51 3.11 2.62
3.94 1.58 3.17 2.75
4.25 1.66 2.88 2.54
4.24 1.71 2.91 2.62
4.07 1.54 3.05 2.59
4.05 1.41 3.04 2.45
4.23 1.77 2.9 2.67
4.08 1.8 3.02 2.82
4.26 1.68 2.92 2.6
3.97 1.5 2.99 2.49
4.07 1.58 2.92 2.5
4.09 1.47 3.14 2.61
4.29 1.64 2.99 2.63
4.25 1.62 2.92 2.54
4.09 1.52 3.06 2.58
4.2 1.68 2.98 2.66
4.31 1.84 2.62 2.46
4.13 1.81 2.72 2.53
4.05 1.56 2.92 2.48
4.3 1.75 2.84 2.59
4.32 1.79 2.69 2.48
4.13 1.58 2.89 2.47
4.08 1.72 2.93 2.65
4.04 1.61 2.92 2.53
4.25 1.69 2.83 2.52
3.97 1.46 3.21 2.67
4.28 1.58 3.07 2.65
4.19 1.63 2.92 2.55
4.13 1.63 2.98 2.61
4.11 1.65 2.93 2.58
4.07 1.84 2.94 2.78
4.23 1.67 2.82 2.49
4.34 1.83 2.69 2.52
4.3 1.71 2.81 2.52
4.14 1.54 3.01 2.55
4.05 1.63 3.1 2.73
4.14 1.62 2.9 2.52
4.16 1.55 3.23 2.78
4.22 1.54 2.87 2.41
4.21 1.77 2.95 2.72
4.16 1.68 2.79 2.47
4.31 1.76 2.69 2.45
4.26 1.72 2.72 2.44
4.14 1.66 2.88 2.54
4.07 1.75 2.91 2.66
4.25 1.76 2.93 2.69
4.2 1.74 2.79 2.53
4.07 1.72 2.87 2.59
4.11 1.74 2.78 2.52
4.21 1.62 2.89 2.51
4.2 1.59 3.02 2.61
4.15 1.62 2.85 2.47
4.16 1.71 2.91 2.62
4.12 1.68 2.77 2.45
4.22 1.75 2.85 2.6
4.23 1.68 2.92 2.6
4.42 1.85 2.65 2.5
4.27 1.71 2.69 2.4
4.39 1.83 2.59 2.42
4.23 1.67 2.8 2.47
4.21 1.6 2.91 2.51
4.08 1.62 2.9 2.52
4.21 1.61 2.82 2.43
4.3 1.75 2.77 2.52
4.29 1.65 2.95 2.6
4.07 1.62 2.96 2.58
4.27 1.62 2.96 2.58
4.38 1.74 2.82 2.56
4.22 1.68 2.86 2.54
4.15 1.66 2.88 2.54
4.1 1.59 2.98 2.57
4.16 1.64 3.05 2.69
4.2 1.56 2.88 2.44
4.16 1.76 2.84 2.6
4.02 1.5 2.99 2.49
4.06 1.55 2.96 2.51
4.2 1.57 3.02 2.59
4.15 1.65 2.97 2.62
4.26 1.7 2.95 2.65
4.3 1.59 2.82 2.41
4.15 1.57 2.94 2.51
3.96 1.56 3.0 2.56
4.38 1.82 2.64 2.46
4.16 1.66 2.88 2.54
4.1 1.56 3.12 2.68
4.14 1.58 2.97 2.55
4.15 1.57 2.93 2.5
4.12 1.53 3.13 2.66
4.19 1.63 2.9 2.53
4.28 1.79 2.61 2.4
4.08 1.51 3.05 2.56
4.05 1.67 3.04 2.71
4.07 1.53 3.1 2.63
3.93 1.62 3.04 2.66
3.95 1.54 3.1 2.64
4.26 1.9 2.83 2.73
4.14 1.56 2.99 2.55
4.17 1.7 2.79 2.49
4.09 1.66 3.0 2.66
4.33 1.79 2.66 2.45
4.11 1.62 3.01 2.63
4.25 1.66 2.97 2.63
4.17 1.73 2.86 2.59
4.06 1.61 3.06 2.67
4.09 1.49 3.06 2.55
4.4 1.76 2.83 2.59
4.26 1.68 2.73 2.41
4.19 1.66 2.86 2.52
4.07 1.7 2.75 2.45
4.19 1.59 2.98 2.57
4.14 1.69 3.01 2.7
4.08 1.62 2.9 2.52
4.2 1.54 2.89 2.43
4.24 1.71 2.9 2.61
4.2 1.58 3.03 2.61
4.4 1.83 2.74 2.57
4.2 1.71 2.84 2.55
4.17 1.52 3.0 2.52
4.27 1.75 2.7 2.45
4.15 1.86 2.78 2.64
4.29 1.62 2.97 2.59
4.09 1.51 3.11 2.62
4.26 1.62 2.96 2.58
4.28 1.93 2.72 2.65
4.07 1.58 2.99 2.57
4.09 1.78 2.92 2.7
4.17 1.74 2.82 2.56
4.18 1.56 2.89 2.45
4.26 1.8 2.66 2.46
4.26 1.62 2.92 2.54
4.22 1.74 2.77 2.51
4.21 1.72 2.88 2.6
4.22 1.68 2.88 2.56
4.1 1.78 2.92 2.7
4.18 1.49 2.94 2.43
4.15 1.58 2.9 2.48
4.24 1.7 2.86 2.56
4.2 1.64 2.89 2.53
4.35 1.75 2.9 2.65
4.18 1.71 3.06 2.77
4.09 1.52 2.98 2.5
3.98 1.61 3.03 2.64
4.25 1.56 2.88 2.44
4.35 1.73 2.71 2.44
4.04 1.51 3.1 2.61
4.41 1.7 2.81 2.51
4.32 1.88 2.73 2.61
3.99 1.5 3.11 2.61
4.25 1.63 2.79 2.42
4.19 1.7 2.91 2.61
4.3 1.67 2.78 2.45
4.07 1.59 3.02 2.61
4.17 1.58 3.0 2.58
4.16 1.57 2.97 2.54
4.23 1.7 2.85 2.55
3.97 1.45 3.03 2.48
4.19 1.61 2.71 2.32
4.13 1.8 2.82 2.62
4.25 1.64 2.75 2.39
4.12 1.57 2.92 2.49
4.2 1.69 2.93 2.62
4.15 1.6 3.01 2.61
4.06 1.7 3.04 2.74
4.21 1.7 2.95 2.65
4.07 1.65 2.98 2.63
4.23 1.77 2.86 2.63
4.19 1.72 2.92 2.64
4.35 1.83 2.65 2.48
4.14 1.48 3.02 2.5
4.21 1.77 2.84 2.61
4.16 1.71 2.9 2.61
3.93 1.56 3.0 2.56
4.28 1.69 2.93 2.62
4.09 1.67 3.01 2.68
4.47 1.66 2.76 2.42
4.31 1.72 3.11 2.83
4.22 1.58 2.99 2.57
4.32 1.84 2.77 2.61
4.0 1.64 2.96 2.6
4.16 1.8 2.86 2.66
4.07 1.63 3.13 2.76
4.18 1.72 2.89 2.61
4.14 1.56 2.89 2.45
4.41 1.54 2.82 2.36
4.33 1.61 2.92 2.53
4.13 1.63 2.83 2.46
3.93 1.45 3.16 2.61
4.19 1.52 3.2 2.72
4.22 1.65 2.94 2.59
4.11 1.69 2.82 2.51
4.14 1.68 2.88 2.56
4.16 1.6 3.0 2.6
4.09 1.61 3.06 2.67
4.26 1.75 2.99 2.74
4.24 1.67 2.88 2.55
4.21 1.65 2.92 2.57
4.37 1.67 2.79 2.46
4.14 1.56 3.03 2.59
4.3 1.75 2.87 2.62
4.11 1.66 2.93 2.59
4.08 1.68 3.01 2.69
4.19 1.65 2.96 2.61
4.0 1.55 3.08 2.63
4.27 1.59 2.87 2.46
4.04 1.59 3.02 2.61
4.09 1.58 3.2 2.78
4.22 1.8 2.88 2.68
4.18 1.64 2.93 2.57
4.28 1.6 3.08 2.68
4.33 1.7 2.78 2.48
4.17 1.63 2.92 2.55
3.87 1.53 3.08 2.61
4.03 1.64 2.96 2.6
4.13 1.69 2.96 2.65
4.09 1.52 3.07 2.59
4.1 1.42 3.14 2.56
4.25 1.7 2.91 2.61
4.11 1.64 2.99 2.63
4.1 1.6 2.91 2.51
4.13 1.75 2.86 2.61
4.25 1.75 2.71 2.46
4.15 1.68 2.95 2.63
4.18 1.55 3.11 2.66
4.25 1.5 3.14 2.64
4.06 1.69 2.92 2.61
4.16 1.55 3.02 2.57
4.45 1.82 2.75 2.57
3.97 1.66 3.12 2.78
4.27 1.66 2.82 2.48
4.17 1.77 2.78 2.55
4.11 1.59 3.1 2.69
4.31 1.79 2.78 2.57
4.07 1.73 2.98 2.71
4.28 1.73 2.75 2.48
4.14 1.51 3.07 2.58
4.05 1.5 3.11 2.61
4.23 1.64 2.86 2.5
4.14 1.55 2.97 2.52
4.29 1.54 3.08 2.62
4.26 1.66 2.92 2.58
4.23 1.62 2.94 2.56
4.11 1.52 3.03 2.55
4.28 1.6 2.83 2.43
4.0 1.59 3.12 2.71
4.01 1.61 3.11 2.72
4.32 1.6 2.91 2.51
4.14 1.58 2.87 2.45
4.07 1.59 2.95 2.54
4.2 1.64 2.99 2.63
4.22 1.69 3.05 2.74
4.31 1.63 3.05 2.68
3.98 1.54 2.97 2.51
4.08 1.54 3.25 2.79
4.29 1.77 2.79 2.56
4.14 1.58 2.93 2.51
4.13 1.58 3.14 2.72
4.33 1.75 2.67 2.42
4.15 1.67 2.86 2.53
4.18 1.63 2.89 2.52
4.08 1.55 3.13 2.68
4.05 1.71 3.13 2.84
4.26 1.77 2.85 2.62
4.06 1.69 2.96 2.65
4.2 1.8 2.88 2.68
4.18 1.75 2.85 2.6
4.27 1.66 2.88 2.54
3.94 1.52 3.15 2.67
4.27 1.77 2.77 2.54
4.25 1.79 2.78 2.57
4.26 1.59 2.98 2.57
4.3 1.8 2.72 2.52
4.2 1.73 2.82 2.55
4.2 1.56 3.13 2.69
4.24 1.79 2.91 2.7
4.25 1.73 3.1 2.83
4.18 1.62 2.96 2.58
4.23 1.7 3.05 2.75
3.95 1.71 3.26 2.97
4.05 1.6 3.05 2.65
4.02 1.61 2.94 2.55
4.28 1.8 2.85 2.65
4.35 1.68 2.81 2.49
4.23 1.59 2.89 2.48
4.32 1.67 2.95 2.62
4.28 1.72 2.93 2.65
4.11 1.5 3.12 2.62
4.12 1.55 2.96 2.51
4.18 1.58 2.95 2.53
4.02 1.6 3.09 2.69
4.22 1.63 3.03 2.66
4.11 1.66 2.97 2.63
4.29 1.58 2.87 2.45
4.32 1.63 2.95 2.58
4.05 1.71 2.96 2.67
4.32 1.83 2.81 2.64
4.12 1.61 2.97 2.58
4.18 1.66 2.92 2.58
4.04 1.38 3.21 2.59
4.18 1.66 2.84 2.5
4.17 1.6 3.12 2.72
4.08 1.55 3.07 2.62
4.17 1.66 2.94 2.6
4.12 1.65 2.9 2.55
4.15 1.78 2.78 2.56
4.34 1.86 2.66 2.52
4.06 1.45 2.97 2.42
4.19 1.76 2.79 2.55
4.2 1.57 3.04 2.61
4.2 1.67 3.02 2.69
4.23 1.72 2.7 2.42
4.3 1.64 2.88 2.52
4.15 1.64 2.87 2.51
4.31 1.67 2.93 2.6
4.17 1.6 2.91 2.51
3.94 1.6 3.07 2.67
4.15 1.7 2.87 2.57
4.09 1.63 2.84 2.47
4.08 1.66 3.02 2.68
3.94 1.58 3.23 2.81
4.1 1.45 3.26 2.71
4.2 1.83 2.82 2.65
4.2 1.58 2.98 2.56
4.15 1.77 2.75 2.52
4.15 1.6 2.96 2.56
4.14 1.63 2.92 2.55
4.12 1.66 3.02 2.68
3.99 1.56 2.93 2.49
4.19 1.79 2.89 2.68
4.18 1.73 2.78 2.51
4.05 1.54 3.12 2.66
4.08 1.7 2.96 2.66
4.28 1.62 2.9 2.52
4.02 1.52 3.05 2.57
4.15 1.59 2.99 2.58
4.24 1.69 2.96 2.65
4.24 1.63 2.98 2.61
4.24 1.64 2.9 2.54
4.03 1.48 3.17 2.65
4.28 1.81 2.85 2.66
3.96 1.58 2.99 2.57
4.39 1.87 2.7 2.57
4.25 1.56 2.93 2.49
4.17 1.68 2.7 2.38
4.15 1.62 2.95 2.57
4.17 1.55 3.1 2.65
4.32 1.77 2.92 2.69
4.24 1.69 2.87 2.56
4.28 1.64 2.91 2.55
4.22 1.75 2.76 2.51
4.24 1.69 2.82 2.51
4.27 1.85 2.71 2.56
4.14 1.76 2.91 2.67
4.02 1.65 2.95 2.6
4.11 1.68 2.92 2.6
3.98 1.57 2.87 2.44
4.23 1.85 2.58 2.43
4.31 1.8 2.6 2.4
4.27 1.69 2.71 2.4
4.13 1.53 3.04 2.57
4.39 1.69 2.83 2.52
4.24 1.62 2.85 2.47
4.1 1.57 2.95 2.52
4.19 1.7 2.73 2.43
4.2 1.73 3.0 2.73
4.12 1.6 2.93 2.53
4.17 1.79 2.77 2.56
4.05 1.51 3.04 2.55
4.1 1.67 2.95 2.62
4.21 1.56 2.94 2.5
4.32 1.73 2.74 2.47
4.17 1.89 2.66 2.55
4.161014 1.644198 2.937414 2.581612
