1.9 4.18 5.27 3.45
1.87 3.92 5.1 3.02
1.78 3.34 5.79 3.13
1.84 3.8 5.79 3.59
1.88 4.25 5.01 3.26
1.85 3.26 5.96 3.22
1.87 3.7 5.14 2.84
1.88 3.25 5.58 2.83
1.84 3.58 5.91 3.49
1.77 3.45 5.86 3.31
1.83 4.07 5.26 3.33
1.83 3.83 5.42 3.25
1.86 3.88 5.4 3.28
1.87 3.66 5.22 2.88
1.9 4.15 4.88 3.03
1.85 3.96 5.42 3.38
1.9 3.72 5.39 3.11
1.88 3.52 5.89 3.41
1.87 3.81 5.13 2.94
1.91 3.67 5.67 3.34
1.86 3.84 5.47 3.31
1.84 3.56 5.75 3.31
1.87 4.0 5.38 3.38
1.89 3.93 5.2 3.13
1.86 3.79 5.74 3.53
1.88 4.15 5.35 3.5
1.84 3.63 5.57 3.2
1.82 3.8 5.73 3.53
1.81 4.11 5.04 3.15
1.88 3.49 5.65 3.14
1.85 4.2 5.08 3.28
1.83 3.91 5.46 3.37
1.85 4.05 5.36 3.41
1.86 3.81 5.26 3.07
1.92 4.04 5.26 3.3
1.9 4.08 5.33 3.41
1.86 3.95 5.23 3.18
1.88 4.41 4.9 3.31
1.85 3.68 5.35 3.03
1.91 4.02 5.24 3.26
1.87 4.27 5.18 3.45
1.81 3.95 5.3 3.25
1.81 3.73 5.58 3.31
1.82 3.65 5.62 3.27
1.87 3.74 5.25 2.99
1.87 4.22 5.29 3.51
1.84 3.68 5.75 3.43
1.84 4.18 5.06 3.24
1.86 4.22 5.38 3.6
1.86 4.08 4.92 3.0
1.82 3.48 5.5 2.98
1.88 4.05 5.08 3.13
1.85 4.17 4.97 3.14
1.87 4.13 5.15 3.28
1.86 4.37 5.02 3.39
1.89 4.37 5.1 3.47
1.86 3.94 5.22 3.16
1.9 4.25 5.34 3.59
1.87 3.82 5.3 3.12
1.9 3.97 4.98 2.95
1.86 3.47 5.41 2.88
1.92 4.1 5.2 3.3
1.84 3.97 5.32 3.29
1.89 4.01 5.18 3.19
1.87 3.63 5.66 3.29
1.81 3.52 5.79 3.31
1.77 3.59 5.68 3.27
1.79 3.83 5.45 3.28
1.89 4.09 5.33 3.42
1.86 4.25 5.17 3.42
1.85 4.03 5.42 3.45
1.82 3.56 5.6 3.16
1.9 3.74 5.56 3.3
1.86 3.71 5.32 3.03
1.9 4.15 5.22 3.37
1.88 4.16 5.33 3.49
1.88 3.93 5.31 3.24
1.83 3.7 5.68 3.38
1.87 3.86 5.52 3.38
1.86 3.68 5.38 3.06
1.82 3.58 5.87 3.45
1.88 4.17 5.01 3.18
1.85 4.21 5.05 3.26
1.8 3.71 5.57 3.28
1.86 4.06 5.28 3.34
1.92 4.34 4.88 3.22
1.93 4.41 4.82 3.23
1.79 3.54 5.42 2.96
1.84 3.86 5.06 2.92
1.87 3.56 5.42 2.98
1.82 4.11 5.22 3.33
1.87 4.44 4.74 3.18
1.8 3.77 5.23 3.0
1.88 3.79 5.42 3.21
1.86 4.16 5.05 3.21
1.82 3.68 5.41 3.09
1.87 3.65 5.7 3.35
1.76 3.59 5.73 3.32
1.88 3.92 5.38 3.3
1.85 4.09 5.09 3.18
1.88 4.0 5.41 3.41
1.8 3.59 5.75 3.34
1.84 3.8 5.59 3.39
1.87 3.86 5.58 3.44
1.83 3.55 5.65 3.2
1.83 3.9 5.32 3.22
1.92 3.68 5.58 3.26
1.87 3.96 5.41 3.37
1.86 4.17 5.03 3.2
1.79 4.19 5.28 3.47
1.83 3.63 5.62 3.25
1.8 3.31 5.72 3.03
1.94 4.27 5.1 3.37
1.87 3.87 5.42 3.29
1.79 3.48 5.77 3.25
1.87 3.86 5.5 3.36
1.81 3.49 5.84 3.33
1.89 3.32 5.5 2.82
1.86 3.66 5.59 3.25
1.82 4.02 5.45 3.47
1.88 3.84 5.44 3.28
1.87 3.82 5.48 3.3
1.94 4.4 4.85 3.25
1.74 3.3 5.8 3.1
1.92 4.01 5.55 3.56
1.89 4.44 5.12 3.56
1.86 3.75 5.58 3.33
1.91 3.96 5.29 3.25
1.84 4.26 5.09 3.35
1.83 3.24 5.97 3.21
1.87 4.37 4.95 3.32
1.84 3.79 5.46 3.25
1.79 3.52 5.64 3.16
1.79 3.5 5.59 3.09
1.84 3.87 5.52 3.39
1.78 3.86 5.55 3.41
1.9 3.59 5.28 2.87
1.88 3.63 5.74 3.37
1.89 3.71 5.47 3.18
1.84 3.86 5.35 3.21
1.88 3.79 5.19 2.98
1.89 3.72 5.34 3.06
1.79 3.71 5.68 3.39
1.86 3.87 5.48 3.35
1.87 3.18 5.9 3.08
1.88 3.99 5.3 3.29
1.88 3.55 5.77 3.32
1.84 3.85 5.33 3.18
1.87 4.47 4.88 3.35
1.87 3.85 5.21 3.06
1.9 3.88 5.46 3.34
1.85 3.88 5.3 3.18
1.85 4.08 5.16 3.24
1.85 3.7 5.49 3.19
1.83 4.61 4.84 3.45
1.87 3.73 5.37 3.1
1.87 3.85 5.43 3.28
1.89 3.65 5.59 3.24
1.86 4.08 5.06 3.14
1.87 3.56 5.53 3.09
1.81 4.06 5.38 3.44
1.82 3.67 5.8 3.47
1.88 3.62 5.63 3.25
1.81 3.84 5.36 3.2
1.87 3.88 5.28 3.16
1.87 3.89 5.45 3.34
1.85 3.76 5.7 3.46
1.88 3.91 5.34 3.25
1.86 4.03 5.45 3.48
1.86 3.86 5.64 3.5
1.85 4.12 5.24 3.36
1.82 3.98 5.44 3.42
1.88 4.38 5.06 3.44
1.86 3.89 5.5 3.39
1.81 3.82 5.25 3.07
1.88 4.11 5.26 3.37
1.83 3.63 5.48 3.11
1.81 3.22 5.96 3.18
1.84 3.54 5.77 3.31
1.9 3.99 5.22 3.21
1.82 3.86 5.42 3.28
1.87 3.83 5.33 3.16
1.9 4.22 5.1 3.32
1.9 4.3 5.36 3.66
1.87 3.58 5.55 3.13
1.91 4.09 5.07 3.16
1.83 3.73 5.55 3.28
1.85 3.58 5.53 3.11
1.79 3.87 5.33 3.2
1.82 3.68 5.33 3.01
1.88 3.8 5.37 3.17
1.85 3.7 5.44 3.14
1.83 4.15 5.31 3.46
1.85 3.86 5.21 3.07
1.83 3.74 5.5 3.24
1.83 3.89 5.47 3.36
1.88 4.12 5.23 3.35
1.89 4.2 4.92 3.12
1.8 3.3 5.64 2.94
1.88 4.33 4.94 3.27
1.89 4.09 5.3 3.39
1.92 4.63 4.79 3.42
1.81 4.13 5.2 3.33
1.87 3.9 5.36 3.26
1.86 3.88 5.71 3.59
1.85 3.48 5.66 3.14
1.87 3.87 5.25 3.12
1.83 3.74 5.8 3.54
1.84 4.05 5.13 3.18
1.81 3.93 5.36 3.29
1.84 3.72 5.3 3.02
1.85 4.46 4.9 3.36
1.86 3.76 5.57 3.33
1.85 3.93 5.3 3.23
1.85 3.58 5.4 2.98
1.8 3.98 5.51 3.49
1.92 3.93 5.4 3.33
1.88 3.79 5.11 2.9
1.89 4.04 5.45 3.49
1.81 3.69 5.53 3.22
1.83 3.73 5.51 3.24
1.86 4.15 5.11 3.26
1.81 3.97 5.17 3.14
1.86 3.96 5.35 3.31
1.88 3.6 5.81 3.41
1.89 3.83 5.22 3.05
1.81 3.88 5.37 3.25
1.87 3.75 5.43 3.18
1.84 4.18 5.25 3.43
1.83 4.14 5.38 3.52
1.9 4.22 5.23 3.45
1.9 4.33 4.96 3.29
1.89 4.29 5.13 3.42
1.84 3.92 5.4 3.32
1.89 3.78 5.29 3.07
1.84 4.03 5.21 3.24
1.84 3.44 5.66 3.1
1.85 3.47 5.62 3.09
1.87 4.09 5.39 3.48
1.88 3.86 5.12 2.98
1.84 3.92 5.33 3.25
1.91 3.71 5.4 3.11
1.87 3.98 5.29 3.27
1.93 3.6 5.44 3.04
1.86 3.66 5.67 3.33
1.82 4.09 5.1 3.19
1.89 3.96 5.05 3.01
1.91 4.17 5.29 3.46
1.85 3.99 5.3 3.29
1.89 3.88 5.44 3.32
1.81 3.54 5.76 3.3
1.92 4.32 5.13 3.45
1.93 3.97 5.19 3.16
1.84 3.8 5.41 3.21
1.8 3.77 5.37 3.14
1.85 3.59 5.47 3.06
1.83 3.49 5.64 3.13
1.82 3.21 5.67 2.88
1.86 3.69 5.78 3.47
1.87 3.49 5.8 3.29
1.82 3.74 5.34 3.08
1.83 3.31 5.64 2.95
1.85 4.47 5.18 3.65
1.89 4.27 5.12 3.39
1.89 3.9 5.38 3.28
1.84 3.81 5.45 3.26
1.84 3.78 5.57 3.35
1.81 3.82 5.33 3.15
1.85 3.8 5.54 3.34
1.8 4.08 5.4 3.48
1.84 3.59 5.93 3.52
1.81 3.68 5.83 3.51
1.89 3.88 5.33 3.21
1.89 4.04 5.26 3.3
1.86 3.3 5.79 3.09
1.87 3.93 5.56 3.49
1.86 3.88 5.35 3.23
1.87 4.23 5.21 3.44
1.83 3.81 5.38 3.19
1.89 3.76 5.22 2.98
1.84 3.8 5.53 3.33
1.86 3.52 5.58 3.1
1.88 4.09 5.21 3.3
1.86 3.42 5.42 2.84
1.83 3.68 5.62 3.3
1.9 3.94 5.09 3.03
1.9 4.4 5.01 3.41
1.8 3.93 5.23 3.16
1.9 3.59 5.53 3.12
1.88 4.14 5.25 3.39
1.83 3.52 5.64 3.16
1.9 3.92 5.58 3.5
1.86 3.92 5.36 3.28
1.79 4.04 5.33 3.37
1.89 3.43 5.49 2.92
1.89 4.12 5.24 3.36
1.87 3.86 5.52 3.38
1.89 3.89 5.39 3.28
1.85 3.6 5.36 2.96
1.82 3.36 5.67 3.03
1.91 3.91 5.46 3.37
1.89 3.76 5.4 3.16
1.91 3.97 5.26 3.23
1.88 3.79 5.31 3.1
1.82 3.13 6.0 3.13
1.89 4.01 5.25 3.26
1.86 3.6 5.73 3.33
1.82 3.36 5.84 3.2
1.88 3.69 5.68 3.37
1.88 3.73 5.68 3.41
1.82 3.9 5.36 3.26
1.84 3.46 5.79 3.25
1.82 3.85 5.4 3.25
1.85 3.7 5.74 3.44
1.86 3.69 5.42 3.11
1.88 4.52 5.02 3.54
1.84 3.92 5.51 3.43
1.89 3.76 5.6 3.36
1.9 3.91 5.34 3.25
1.84 3.95 5.47 3.42
1.87 4.05 5.06 3.11
1.83 3.59 5.56 3.15
1.9 3.91 5.32 3.23
1.9 4.2 5.28 3.48
1.82 3.96 5.22 3.18
1.87 3.84 5.33 3.17
1.89 3.57 5.78 3.35
1.86 3.86 5.49 3.35
1.84 3.97 5.25 3.22
1.85 3.71 5.57 3.28
1.83 3.71 5.22 2.93
1.81 3.94 5.41 3.35
1.86 3.66 5.77 3.43
1.88 4.02 5.26 3.28
1.86 4.04 5.21 3.25
1.87 3.82 5.4 3.22
1.84 3.93 5.56 3.49
1.82 3.78 4.91 2.69
1.87 3.64 5.48 3.12
1.88 3.94 5.19 3.13
1.87 3.35 5.72 3.07
1.88 3.72 5.63 3.35
1.91 3.74 5.44 3.18
1.86 3.8 5.5 3.3
1.92 3.86 5.45 3.31
1.83 3.42 5.67 3.09
1.87 3.83 5.41 3.24
1.84 4.1 5.23 3.33
1.97 4.23 5.05 3.28
1.79 3.36 6.06 3.42
1.78 3.73 5.9 3.63
1.82 3.79 5.56 3.35
1.86 3.54 5.71 3.25
1.82 3.52 5.7 3.22
1.81 3.75 5.63 3.38
1.82 3.43 5.49 2.92
1.85 3.9 5.35 3.25
1.89 4.34 4.79 3.13
1.83 3.85 5.31 3.16
1.87 3.88 5.38 3.26
1.85 3.74 5.68 3.42
1.86 3.93 5.14 3.07
1.85 4.08 5.3 3.38
1.88 4.09 5.22 3.31
1.87 3.97 5.43 3.4
1.86 4.26 5.17 3.43
1.87 4.48 5.15 3.63
1.84 3.43 5.82 3.25
1.86 4.38 5.01 3.39
1.88 4.35 5.17 3.52
1.86 3.86 5.14 3.0
1.78 3.67 5.66 3.33
1.88 3.79 5.36 3.15
1.94 4.32 5.1 3.42
1.87 3.6 5.44 3.04
1.88 3.31 5.69 3.0
1.87 3.62 5.51 3.13
1.86 3.79 5.5 3.29
1.87 3.67 5.76 3.43
1.88 3.9 5.08 2.98
1.88 3.94 5.37 3.31
1.87 3.74 5.33 3.07
1.92 4.46 5.03 3.49
1.81 3.92 5.3 3.22
1.88 3.71 5.53 3.24
1.92 4.15 4.92 3.07
1.88 3.72 5.4 3.12
1.9 4.37 5.01 3.38
1.87 3.96 5.27 3.23
1.85 3.75 5.3 3.05
1.86 3.69 5.71 3.4
1.9 4.1 5.33 3.43
1.82 3.63 5.62 3.25
1.81 3.58 5.44 3.02
1.77 3.67 5.54 3.21
1.86 3.59 5.73 3.32
1.89 4.28 4.92 3.2
1.84 3.55 5.82 3.37
1.86 3.83 5.42 3.25
1.86 4.01 5.31 3.32
1.83 3.9 5.51 3.41
1.93 4.32 5.14 3.46
1.87 3.52 5.5 3.02
1.9 4.46 4.99 3.45
1.87 4.24 4.99 3.23
1.86 4.05 5.24 3.29
1.89 3.86 5.39 3.25
1.88 3.89 5.58 3.47
1.81 3.36 5.79 3.15
1.84 3.41 6.01 3.42
1.9 4.28 5.17 3.45
1.89 4.15 5.05 3.2
1.85 3.67 5.56 3.23
1.86 3.96 5.34 3.3
1.81 4.11 5.45 3.56
1.85 3.88 5.43 3.31
1.83 3.81 5.28 3.09
1.82 4.09 5.39 3.48
1.81 3.99 5.31 3.3
1.86 3.72 5.51 3.23
1.89 4.31 4.75 3.06
1.84 3.98 5.33 3.31
1.89 3.98 5.16 3.14
1.83 3.91 5.37 3.28
1.85 3.42 5.75 3.17
1.84 3.96 5.42 3.38
1.86 3.63 5.61 3.24
1.84 3.8 5.25 3.05
1.94 4.31 4.74 3.05
1.88 4.42 5.28 3.7
1.86 3.54 5.61 3.15
1.81 3.67 5.62 3.29
1.89 3.99 5.29 3.28
1.89 3.96 5.27 3.23
1.85 3.63 5.57 3.2
1.88 3.57 5.82 3.39
1.86 4.02 5.34 3.36
1.84 3.77 5.4 3.17
1.82 3.82 5.37 3.19
1.9 4.02 5.23 3.25
1.84 4.38 5.19 3.57
1.89 4.08 5.29 3.37
1.86 3.81 5.57 3.38
1.87 4.04 5.08 3.12
1.83 4.27 4.88 3.15
1.9 4.41 4.81 3.22
1.85 3.97 5.49 3.46
1.89 3.81 5.45 3.26
1.91 3.93 5.23 3.16
1.86 3.6 5.71 3.31
1.84 3.65 5.57 3.22
1.82 3.89 5.5 3.39
1.86 3.86 5.36 3.22
1.86 3.57 5.72 3.29
1.85 4.26 5.16 3.42
1.84 3.29 5.95 3.24
1.87 3.75 5.4 3.15
1.8 3.92 5.46 3.38
1.82 3.45 5.61 3.06
1.85 3.28 5.86 3.14
1.83 3.41 5.61 3.02
1.85 3.85 5.47 3.32
1.83 3.61 5.76 3.37
1.83 3.4 5.71 3.11
1.86 3.71 5.52 3.23
1.81 3.82 5.58 3.4
1.83 3.88 5.31 3.19
1.83 3.68 5.43 3.11
1.86 3.86 5.39 3.25
1.87 3.61 5.56 3.17
1.91 3.99 5.4 3.39
1.84 3.85 5.44 3.29
1.82 3.45 5.94 3.39
1.89 4.34 5.08 3.42
1.85 3.61 5.49 3.1
1.79 3.76 5.42 3.18
1.87 3.98 5.42 3.4
1.85 3.92 5.16 3.08
1.88 4.52 4.85 3.37
1.9 3.9 5.35 3.25
1.88 4.06 5.18 3.24
1.89 4.3 5.37 3.67
1.86 3.97 5.34 3.31
1.91 4.32 5.02 3.34
1.82 3.84 5.24 3.08
1.84 3.75 5.61 3.36
1.81 3.58 5.52 3.1
1.88 3.84 5.41 3.25
1.9 3.8 5.6 3.4
1.92 3.85 5.29 3.14
1.84 3.46 5.73 3.19
1.83 3.69 5.6 3.29
1.83 3.79 5.28 3.07
1.89 4.21 5.22 3.43
1.85 4.12 5.12 3.24
1.88 4.04 5.63 3.67
1.84 3.75 5.56 3.31
1.85 3.96 5.43 3.39
1.88 4.17 5.0 3.17
1.84 3.82 5.43 3.25
1.91 3.92 5.46 3.38
1.87 4.28 4.98 3.26
1.74 3.58 5.56 3.14
1.81 3.58 5.82 3.4
1.84 3.54 5.67 3.21
1.84 3.7 5.33 3.03
1.84 3.14 6.01 3.15
1.87 3.63 5.65 3.28
1.85 4.34 4.86 3.2
1.91 3.41 5.6 3.01
1.89 3.28 5.67 2.95
1.86 3.94 5.2 3.14
1.81 3.41 5.88 3.29
1.88 3.84 5.48 3.32
1.89 3.96 5.13 3.09
1.84 3.68 5.56 3.24
1.85 3.96 5.39 3.35
1.83 3.92 5.44 3.36
1.87 3.68 5.39 3.07
1.83 3.88 5.18 3.06
1.83 3.59 5.65 3.24
1.87 3.96 5.42 3.38
1.79 3.71 5.59 3.3
1.84 3.93 5.26 3.19
1.89 3.85 5.44 3.29
1.9 3.87 5.64 3.51
1.84 3.86 5.41 3.27
1.8 3.78 5.51 3.29
1.84 4.14 5.04 3.18
1.86 3.67 5.42 3.09
1.8 4.11 5.48 3.59
1.89 3.98 5.12 3.1
1.89 4.2 5.27 3.47
1.84 4.18 5.03 3.21
1.89 4.11 5.35 3.46
1.86 4.14 4.85 2.99
1.87 3.31 6.0 3.31
1.85 3.91 5.61 3.52
1.9 4.07 5.07 3.14
1.88 4.01 5.31 3.32
1.84 3.81 5.33 3.14
1.88 3.24 5.63 2.87
1.85 3.92 5.25 3.17
1.85 3.64 5.82 3.46
1.89 4.01 5.25 3.26
1.83 3.63 5.64 3.27
1.81 3.45 5.79 3.24
1.87 3.61 5.56 3.17
1.9 4.35 4.8 3.15
1.9 4.23 5.0 3.23
1.83 3.89 5.32 3.21
1.9 3.83 5.28 3.11
1.79 3.75 5.78 3.53
1.85 3.5 5.62 3.12
1.88 3.84 5.4 3.24
1.88 4.09 5.32 3.41
1.86 3.97 5.44 3.41
1.85 3.91 5.16 3.07
1.82 4.3 5.25 3.55
1.86 3.49 5.65 3.14
1.85 3.26 5.72 2.98
1.84 4.12 5.27 3.39
1.82 3.58 5.31 2.89
1.9 4.07 5.13 3.2
1.9 3.69 5.3 2.99
1.85 3.64 5.76 3.4
1.82 3.87 5.64 3.51
1.91 3.66 5.49 3.15
1.84 3.41 5.65 3.06
1.83 3.86 5.28 3.14
1.85 3.97 5.53 3.5
1.94 4.13 4.72 2.85
1.86 3.86 5.35 3.21
1.84 3.83 5.34 3.17
1.9 3.65 5.41 3.06
1.92 3.76 5.64 3.4
1.84 3.94 5.48 3.42
1.86 4.18 5.38 3.56
1.89 3.95 5.28 3.23
1.85 3.52 5.75 3.27
1.88 3.87 5.39 3.26
1.84 3.83 5.32 3.15
1.83 4.07 5.08 3.15
1.87 3.75 5.32 3.07
1.85 3.73 5.25 2.98
1.88 3.68 5.94 3.62
1.88 3.73 5.6 3.33
1.84 4.14 5.08 3.22
1.9 4.46 4.94 3.4
1.89 4.06 5.26 3.32
1.79 3.88 5.49 3.37
1.8 3.69 5.49 3.18
1.84 3.77 5.73 3.5
1.86 3.65 5.5 3.15
1.82 3.77 5.56 3.33
1.86 3.76 5.63 3.39
1.84 3.66 5.42 3.08
1.88 3.81 5.33 3.14
1.91 3.92 5.67 3.59
1.86 3.4 5.75 3.15
1.88 3.6 5.39 2.99
1.87 4.23 5.24 3.47
1.87 3.81 5.24 3.05
1.83 3.67 5.71 3.38
1.83 4.05 5.32 3.37
1.85 3.89 5.25 3.14
1.86 3.68 5.58 3.26
1.84 3.48 5.96 3.44
1.8 3.47 5.87 3.34
1.9 3.97 5.2 3.17
1.86 4.0 5.36 3.36
1.86 3.78 5.28 3.06
1.86 4.2 5.04 3.24
1.85 3.75 5.33 3.08
1.86 4.18 5.04 3.22
1.91 4.23 4.97 3.2
1.85 4.02 5.36 3.38
1.83 3.87 5.22 3.09
1.92 3.91 5.28 3.19
1.9 3.95 5.37 3.32
1.85 3.68 5.46 3.14
1.87 3.62 5.49 3.11
1.87 3.89 5.52 3.41
1.88 3.63 5.59 3.22
1.85 4.21 5.22 3.43
1.82 3.91 5.35 3.26
1.91 4.06 5.27 3.33
1.85 4.35 4.87 3.22
1.83 3.58 5.55 3.13
1.79 3.76 5.21 2.97
1.83 3.48 5.59 3.07
1.78 3.66 5.43 3.09
1.88 4.02 5.27 3.29
1.88 4.28 5.04 3.32
1.8 3.63 5.73 3.36
1.89 3.5 5.52 3.02
1.88 4.01 5.43 3.44
1.88 4.09 5.04 3.13
1.85 3.8 5.57 3.37
1.87 3.67 5.73 3.4
1.83 3.85 5.58 3.43
1.89 3.91 5.52 3.43
1.83 3.23 5.89 3.12
1.85 3.89 5.57 3.46
1.85 3.76 5.42 3.18
1.86 3.92 5.57 3.49
1.77 3.23 6.04 3.27
1.87 3.77 5.46 3.23
1.85 3.68 5.5 3.18
1.83 4.2 5.16 3.36
1.85 4.14 5.18 3.32
1.85 3.75 5.5 3.25
1.86 3.32 5.86 3.18
1.91 3.88 5.56 3.44
1.88 4.01 5.36 3.37
1.86 4.05 5.2 3.25
1.85 3.91 5.33 3.24
1.84 3.83 5.62 3.45
1.82 3.57 5.65 3.22
1.83 3.31 5.77 3.08
1.84 3.57 5.5 3.07
1.84 3.92 5.42 3.34
1.83 3.35 5.72 3.07
1.87 3.82 5.32 3.14
1.84 3.73 5.49 3.22
1.85 3.75 5.42 3.17
1.92 3.98 5.12 3.1
1.88 3.92 5.39 3.31
1.84 4.22 4.97 3.19
1.83 3.65 5.55 3.2
1.86 4.09 5.02 3.11
1.86 3.55 5.6 3.15
1.89 4.19 4.96 3.15
1.86 3.54 5.76 3.3
1.87 4.25 5.23 3.48
1.88 3.85 5.25 3.1
1.83 3.8 5.3 3.1
1.85 3.74 5.59 3.33
1.89 4.52 4.74 3.26
1.78 3.5 5.84 3.34
1.82 3.96 5.28 3.24
1.82 3.99 5.19 3.18
1.84 3.8 5.33 3.13
1.82 3.57 5.8 3.37
1.86 4.04 5.26 3.3
1.88 3.97 5.37 3.34
1.82 4.08 5.09 3.17
1.88 4.04 5.17 3.21
1.89 4.3 4.9 3.2
1.9 3.81 5.32 3.13
1.83 3.81 5.6 3.41
1.87 3.6 5.7 3.3
1.79 3.82 5.52 3.34
1.92 4.14 5.13 3.27
1.78 3.86 5.42 3.28
1.88 3.99 5.38 3.37
1.86 3.82 5.53 3.35
1.89 3.68 5.49 3.17
1.84 3.61 5.77 3.38
1.86 3.81 5.47 3.28
1.83 3.66 5.62 3.28
1.92 4.54 5.08 3.62
1.83 4.34 5.13 3.47
1.85 4.45 4.81 3.26
1.84 3.51 5.68 3.19
1.88 4.24 4.74 2.98
1.89 3.87 5.58 3.45
1.83 4.09 5.3 3.39
1.9 3.59 5.53 3.12
1.86 3.7 5.59 3.29
1.9 4.39 4.88 3.27
1.83 3.21 5.68 2.89
1.77 3.34 5.83 3.17
1.87 3.9 5.45 3.35
1.88 3.9 5.41 3.31
1.86 3.93 5.33 3.26
1.95 4.2 5.05 3.25
1.88 3.79 5.5 3.29
1.94 4.14 4.89 3.03
1.88 4.05 5.28 3.33
1.86 4.16 4.92 3.08
1.84 3.57 5.77 3.34
1.81 3.85 5.43 3.28
1.83 3.57 5.62 3.19
1.85 3.71 5.66 3.37
1.89 3.8 5.45 3.25
1.86 3.58 5.67 3.25
1.86 3.62 5.55 3.17
1.82 4.03 5.42 3.45
1.85 3.78 5.62 3.4
1.8 3.62 5.67 3.29
1.86 3.81 5.6 3.41
1.86 3.75 5.48 3.23
1.92 4.03 5.18 3.21
1.86 4.12 5.16 3.28
1.92 4.3 5.12 3.42
1.89 3.85 5.36 3.21
1.83 3.78 5.14 2.92
1.84 3.91 5.45 3.36
1.89 4.09 5.43 3.52
1.85 3.86 5.53 3.39
1.83 3.78 5.36 3.14
1.89 3.91 5.07 2.98
1.87 3.41 5.44 2.85
1.88 3.82 5.23 3.05
1.88 4.11 5.39 3.5
1.81 3.8 5.65 3.45
1.86 3.85 5.47 3.32
1.87 4.01 5.08 3.09
1.83 3.96 5.37 3.33
1.89 3.94 5.31 3.25
1.93 3.91 5.3 3.21
1.85 4.06 5.03 3.09
1.84 4.34 5.03 3.37
1.85 3.93 5.54 3.47
1.85 4.28 5.02 3.3
1.86 3.92 5.32 3.24
1.81 3.56 5.45 3.01
1.87 3.8 5.23 3.03
1.91 4.15 5.38 3.53
1.8 4.18 4.86 3.04
1.86 3.91 5.39 3.3
1.88 4.3 5.15 3.45
1.83 3.58 6.04 3.62
1.91 3.94 5.23 3.17
1.82 3.84 5.54 3.38
1.85 4.25 5.09 3.34
1.87 3.76 5.4 3.16
1.82 3.42 5.56 2.98
1.89 3.52 5.61 3.13
1.85 3.63 5.54 3.17
1.85 3.57 5.61 3.18
1.85 3.91 5.56 3.47
1.82 3.81 5.5 3.31
1.82 3.65 5.57 3.22
1.93 4.55 5.05 3.6
1.81 3.7 5.42 3.12
1.87 4.07 5.11 3.18
1.87 3.93 5.12 3.05
1.81 3.47 5.82 3.29
1.86 3.91 5.49 3.4
1.92 3.54 5.43 2.97
1.79 4.0 5.2 3.2
1.88 3.97 5.39 3.36
1.91 3.65 5.56 3.21
1.84 3.89 5.55 3.44
1.87 3.8 5.34 3.14
1.89 3.41 5.79 3.2
1.88 4.05 5.31 3.36
1.82 3.99 5.35 3.34
1.88 4.15 5.2 3.35
1.88 3.94 5.38 3.32
1.86 3.6 5.46 3.06
1.83 4.11 5.38 3.49
1.86 3.88 5.5 3.38
1.85 3.78 5.52 3.3
1.84 3.82 5.57 3.39
1.86 3.62 5.52 3.14
1.83 3.41 5.7 3.11
1.9 4.28 5.22 3.5
1.79 3.84 5.36 3.2
1.9 3.96 5.28 3.24
1.86 3.75 5.37 3.12
1.82 3.59 5.43 3.02
1.88 4.21 5.18 3.39
1.92 4.18 5.19 3.37
1.89 4.04 4.97 3.01
1.86 3.61 5.67 3.28
1.81 3.82 5.36 3.18
1.87 3.77 5.45 3.22
1.85 3.68 5.64 3.32
1.89 3.92 5.16 3.08
1.85 3.58 5.35 2.93
1.88 3.52 5.48 3.0
1.86 4.28 5.16 3.44
1.85 4.03 5.44 3.47
1.86 4.04 5.15 3.19
1.83 3.73 5.36 3.09
1.88 3.97 5.35 3.32
1.83 3.88 5.33 3.21
1.84 3.99 5.47 3.46
1.89 4.19 5.03 3.22
1.83 3.25 6.08 3.33
1.83 3.68 5.56 3.24
1.85 3.96 5.55 3.51
1.86 4.11 4.94 3.05
1.93 4.2 4.99 3.19
1.81 3.39 5.76 3.15
1.87 4.02 5.35 3.37
1.79 3.65 5.6 3.25
1.89 3.66 5.61 3.27
1.83 3.52 5.49 3.01
1.88 3.77 5.5 3.27
1.85 3.82 5.42 3.24
1.87 3.58 5.56 3.14
1.87 4.02 5.12 3.14
1.88 4.17 5.09 3.26
1.84 3.46 5.69 3.15
1.85 3.88 5.58 3.46
1.88 4.1 5.11 3.21
1.83 3.86 5.55 3.41
1.88 4.0 5.52 3.52
1.87 4.0 5.28 3.28
1.8 3.5 5.79 3.29
1.8 3.25 6.3 3.55
1.82 3.88 5.44 3.32
1.87 3.94 5.4 3.34
1.89 3.98 5.29 3.27
1.89 3.56 5.54 3.1
1.85 3.99 5.45 3.44
1.82 3.77 5.42 3.19
1.84 4.0 5.17 3.17
1.84 4.39 4.97 3.36
1.88 3.93 5.2 3.13
1.89 4.27 5.12 3.39
1.84 3.68 5.6 3.28
1.87 4.38 4.95 3.33
1.86 4.41 4.89 3.3
1.81 3.74 5.46 3.2
1.81 3.69 5.59 3.28
1.84 3.52 5.65 3.17
1.85 3.69 5.52 3.21
1.93 3.92 5.27 3.19
1.87 4.05 5.36 3.41
1.85 3.75 5.55 3.3
1.85 3.97 5.58 3.55
1.83 4.41 4.83 3.24
1.88 4.1 5.0 3.1
1.81 4.05 5.38 3.43
1.86 3.7 5.53 3.23
1.85 3.86 5.6 3.46
1.86 3.92 5.52 3.44
1.82 4.02 5.31 3.33
1.84 3.86 5.44 3.3
1.88 3.86 5.41 3.27
1.85 3.89 5.3 3.19
1.85 4.03 5.42 3.45
1.91 4.08 5.35 3.43
1.87 4.11 5.16 3.27
1.82 3.69 5.39 3.08
1.82 3.79 5.36 3.15
1.89 3.93 5.3 3.23
1.83 4.16 5.0 3.16
1.85 3.56 5.55 3.11
1.8 3.44 5.65 3.09
1.85 3.88 5.58 3.46
1.88 4.02 5.11 3.13
1.91 3.74 5.27 3.01
1.87 3.78 5.39 3.17
1.81 3.35 5.66 3.01
1.84 3.79 5.54 3.33
1.83 3.72 5.52 3.24
1.82 3.43 5.54 2.97
1.8 3.93 4.99 2.92
1.83 3.63 5.57 3.2
1.85 4.04 5.4 3.44
1.88 3.81 5.23 3.04
1.86 3.61 5.32 2.93
1.78 3.79 5.38 3.17
1.93 4.23 5.12 3.35
1.91 4.05 5.11 3.16
1.86 3.53 5.69 3.22
1.85 3.57 5.43 3.0
1.85 3.79 5.69 3.48
1.79 3.13 5.83 2.96
1.88 3.94 5.34 3.28
1.82 3.65 5.52 3.17
1.86 3.95 5.35 3.3
1.89 3.8 5.47 3.27
1.82 3.82 5.28 3.1
1.83 3.51 5.64 3.15
1.84 3.69 5.62 3.31
1.92 4.14 5.21 3.35
1.85 3.5 5.68 3.18
1.82 4.12 5.19 3.31
1.88 3.7 5.39 3.09
1.89 4.18 5.2 3.38
1.83 3.39 5.69 3.08
1.86 3.4 5.6 3.0
1.85 3.58 5.72 3.3
1.88 3.79 5.27 3.06
1.87 3.93 5.44 3.37
1.84 3.84 5.72 3.56
1.89 4.26 5.14 3.4
1.86 4.02 5.31 3.33
1.76 3.84 5.58 3.42
1.92 4.28 4.99 3.27
1.87 3.5 5.69 3.19
1.9 4.05 5.25 3.3
1.83 3.68 5.47 3.15
1.88 4.19 5.21 3.4
1.89 4.39 5.01 3.4
1.88 4.3 5.15 3.45
1.89 3.88 5.39 3.27
1.88 4.16 5.25 3.41
1.83 3.91 5.41 3.32
1.89 3.85 5.27 3.12
1.87 3.93 5.39 3.32
1.88 3.72 5.51 3.23
1.82 4.05 5.1 3.15
1.87 3.34 5.89 3.23
1.85 3.66 5.61 3.27
1.88 4.09 5.33 3.42
1.88 4.53 5.05 3.58
1.89 4.32 5.11 3.43
1.83 3.95 5.42 3.37
1.85 3.38 5.54 2.92
1.9 4.14 5.0 3.14
1.78 3.87 5.32 3.19
1.82 3.41 5.9 3.31
1.89 3.61 5.59 3.2
1.88 3.68 5.4 3.08
1.76 3.56 5.39 2.95
1.89 3.75 5.44 3.19
1.84 3.61 5.69 3.3
1.88 4.0 5.2 3.2
1.84 3.54 5.51 3.05
1.87 4.39 5.15 3.54
1.83 3.53 5.87 3.4
1.86 4.25 5.01 3.26
1.89 4.01 5.14 3.15
1.86 3.98 5.31 3.29
1.86 3.76 5.38 3.14
1.86 3.71 5.29 3.0
1.82 3.38 5.49 2.87
1.85 3.73 5.46 3.19
1.79 3.81 5.36 3.17
1.89 4.02 4.98 3.0
1.85 3.64 5.68 3.32
1.85 4.11 5.15 3.26
1.81 3.51 5.52 3.03
1.82 3.6 5.75 3.35
1.89 3.84 5.17 3.01
1.84 3.79 5.41 3.2
1.89 3.8 5.43 3.23
1.88 3.24 5.75 2.99
1.83 4.01 5.25 3.26
1.88 4.01 5.31 3.32
1.85 3.62 5.38 3.0
1.9 4.01 5.31 3.32
1.83 4.22 5.19 3.41
1.8 3.23 5.9 3.13
1.85 3.66 5.38 3.04
1.84 4.28 5.1 3.38
1.86 3.72 5.57 3.29
1.81 3.64 5.91 3.55
1.91 4.38 5.03 3.41
1.86 3.8 5.51 3.31
1.88 4.14 5.43 3.57
1.93 4.02 5.48 3.5
1.84 3.67 5.25 2.92
1.89 4.06 5.51 3.57
1.83 3.7 5.63 3.33
1.79 3.63 5.6 3.23
1.87 3.88 5.25 3.13
1.84 4.2 5.18 3.38
1.88 4.32 4.95 3.27
1.85 3.59 5.42 3.01
1.87 3.56 5.71 3.27
1.84 3.65 5.86 3.51
1.89 4.16 5.19 3.35
1.85 3.66 5.25 2.91
1.78 3.75 5.45 3.2
1.84 3.58 5.66 3.24
1.88 4.05 5.3 3.35
1.84 3.46 5.46 2.92
1.87 3.86 5.31 3.17
1.76 3.4 5.95 3.35
1.87 4.03 5.18 3.21
1.86 3.8 5.55 3.35
1.91 3.82 5.63 3.45
1.84 3.69 5.58 3.27
1.81 3.35 5.6 2.95
1.88 3.97 5.23 3.2
1.89 3.98 5.38 3.36
1.85 3.99 5.33 3.32
1.84 3.63 5.49 3.12
1.87 3.8 5.31 3.11
1.89 4.38 5.23 3.61
1.83 3.52 5.49 3.01
1.87 3.99 5.25 3.24
1.88 3.48 5.84 3.32
1.89 3.82 5.37 3.19
1.83 3.39 5.81 3.2
1.87 3.61 5.43 3.04
1.83 3.64 5.52 3.16
1.81 3.95 5.55 3.5
1.79 3.88 5.47 3.35
1.86 4.34 5.14 3.48
1.87 3.89 5.22 3.11
1.82 3.42 5.92 3.34
1.9 4.66 4.98 3.64
1.92 3.73 5.2 2.93
1.85 4.4 4.82 3.22
1.88 3.78 5.44 3.22
1.83 3.4 5.7 3.1
1.77 3.5 5.84 3.34
1.91 4.18 5.2 3.38
1.85 3.78 5.4 3.18
1.91 4.1 5.24 3.34
1.9 3.77 5.5 3.27
1.91 4.11 5.19 3.3
1.89 4.37 5.0 3.37
1.8 3.36 5.62 2.98
1.86 3.71 5.7 3.41
1.81 3.73 5.49 3.22
1.88 3.89 5.21 3.1
1.89 3.95 5.31 3.26
1.86 3.94 5.46 3.4
1.81 3.81 5.27 3.08
1.88 3.5 5.78 3.28
1.83 3.75 5.55 3.3
1.86 3.84 5.4 3.24
1.92 3.81 5.46 3.27
1.8 3.38 5.61 2.99
1.92 3.84 5.34 3.18
1.88 3.74 5.33 3.07
1.89 3.64 5.73 3.37
1.82 3.44 5.59 3.03
1.89 3.34 5.7 3.04
1.84 3.75 5.32 3.07
1.84 3.89 5.35 3.24
1.79 3.6 5.48 3.08
1.87 3.72 5.44 3.16
1.86 3.47 5.42 2.89
1.89 3.77 5.38 3.15
1.84 3.9 5.42 3.32
1.88 4.07 5.17 3.24
1.82 3.24 5.74 2.98
1.82 3.74 5.4 3.14
1.88 3.72 5.58 3.3
1.8 3.65 5.9 3.55
1.87 3.88 5.5 3.38
1.86 4.12 5.14 3.26
1.87 3.91 5.26 3.17
1.8 3.9 5.38 3.28
1.81 3.85 5.53 3.38
1.82 3.81 5.32 3.13
1.89 4.18 5.01 3.19
1.93 4.55 4.68 3.23
1.84 3.55 5.69 3.24
1.83 3.86 5.48 3.34
1.86 3.99 5.3 3.29
1.9 4.09 5.06 3.15
1.81 3.38 5.7 3.08
1.89 3.93 5.44 3.37
1.89 4.06 5.15 3.21
1.87 3.59 5.4 2.99
1.8 4.04 5.26 3.3
1.83 3.95 5.46 3.41
1.86 3.97 5.47 3.44
1.84 3.85 5.42 3.27
1.82 3.9 5.38 3.28
1.87 3.55 5.65 3.2
1.84 3.59 5.67 3.26
1.87 3.95 5.33 3.28
1.84 3.97 5.29 3.26
1.81 3.78 5.6 3.38
1.82 4.04 5.26 3.3
1.89 4.01 4.99 3.0
1.9 3.85 5.58 3.43
1.85 3.67 5.7 3.37
1.92 4.6 4.74 3.34
1.87 3.65 5.43 3.08
1.87 4.04 5.26 3.3
1.84 3.46 5.68 3.14
1.87 3.69 5.38 3.07
1.82 3.43 6.11 3.54
1.81 3.6 5.86 3.46
1.89 3.79 5.56 3.35
1.82 3.79 5.45 3.24
1.84 3.69 5.64 3.33
1.86 4.31 5.22 3.53
1.9 4.04 5.39 3.43
1.87 3.92 5.37 3.29
1.91 4.2 5.03 3.23
1.91 4.13 5.24 3.37
1.87 4.17 5.05 3.22
1.88 3.5 5.49 2.99
1.82 3.97 5.26 3.23
1.88 3.59 5.7 3.29
1.85 3.85 5.51 3.36
1.86 4.01 5.08 3.09
1.81 3.75 5.4 3.15
1.8 3.81 5.36 3.17
1.88 4.42 5.06 3.48
1.9 3.73 5.44 3.17
1.88 4.21 5.0 3.21
1.8 3.52 5.86 3.38
1.88 4.43 4.85 3.28
1.82 3.94 5.31 3.25
1.91 4.14 5.47 3.61
1.82 3.84 5.62 3.46
1.84 3.85 5.18 3.03
1.84 3.86 5.25 3.11
1.86 3.46 5.84 3.3
1.8 3.53 5.74 3.27
1.85 4.2 4.87 3.07
1.89 3.43 5.71 3.14
1.87 3.88 5.33 3.21
1.86 4.08 5.16 3.24
1.85 4.02 5.19 3.21
1.84 3.5 5.75 3.25
1.8 3.81 5.29 3.1
1.84 3.73 5.47 3.2
1.85 4.01 5.25 3.26
1.9 3.97 5.22 3.19
1.81 3.82 5.33 3.15
1.88 4.09 5.29 3.38
1.87 4.19 5.15 3.34
1.82 3.63 5.56 3.19
1.89 3.68 5.3 2.98
1.93 4.08 5.07 3.15
1.83 3.74 5.42 3.16
1.88 4.05 5.19 3.24
1.81 3.99 5.54 3.53
1.85 4.01 5.22 3.23
1.9 3.93 5.25 3.18
1.81 3.74 5.73 3.47
1.83 4.28 5.26 3.54
1.77 3.67 5.54 3.21
1.88 4.0 5.38 3.38
1.83 4.03 5.26 3.29
1.87 3.63 5.6 3.23
1.85 3.8 5.58 3.38
1.89 4.37 4.74 3.11
1.87 4.33 4.83 3.16
1.78 3.74 5.55 3.29
1.86 4.07 5.23 3.3
1.82 3.77 5.4 3.17
1.83 3.67 5.49 3.16
1.79 3.43 5.77 3.2
1.81 3.98 5.04 3.02
1.82 3.63 5.36 2.99
1.9 4.03 5.45 3.48
1.85 4.19 5.3 3.49
1.86 4.0 5.32 3.32
1.9 4.07 5.48 3.55
1.88 3.82 5.19 3.01
1.87 3.47 5.67 3.14
1.83 3.7 5.63 3.33
1.88 3.63 5.4 3.03
1.87 4.17 5.12 3.29
1.86 3.66 5.48 3.14
1.89 3.64 5.62 3.26
1.9 3.91 5.28 3.19
1.86 3.79 5.57 3.36
1.79 3.79 5.59 3.38
1.92 4.14 5.34 3.48
1.84 3.93 5.33 3.26
1.83 3.55 5.78 3.33
1.85 4.01 5.31 3.32
1.85 3.54 5.51 3.05
1.81 3.81 5.36 3.17
1.84 3.91 5.41 3.32
1.87 4.12 5.06 3.18
1.84 4.0 5.29 3.29
1.91 3.61 5.37 2.98
1.82 3.55 5.64 3.19
1.83 3.69 5.69 3.38
1.86 3.73 5.44 3.17
1.85 3.76 5.52 3.28
1.85 3.42 5.73 3.15
1.84 3.93 5.59 3.52
1.87 3.59 5.04 2.63
1.94 4.07 5.26 3.33
1.81 3.33 5.79 3.12
1.88 4.17 5.27 3.44
1.85 4.65 4.86 3.51
1.88 3.65 5.64 3.29
1.92 3.7 5.34 3.04
1.85 3.94 5.45 3.39
1.87 4.18 4.91 3.09
1.88 3.8 5.51 3.31
1.91 3.78 5.5 3.28
1.81 3.55 5.65 3.2
1.81 3.28 5.72 3.0
1.86 3.97 5.19 3.16
1.85 3.72 5.5 3.22
1.83 3.95 5.16 3.11
1.9 4.22 5.27 3.49
1.8 3.82 5.55 3.37
1.87 4.58 4.95 3.53
1.83 3.66 5.46 3.12
1.84 3.93 5.47 3.4
1.89 4.13 5.02 3.15
1.87 3.96 5.39 3.35
1.89 4.2 4.91 3.11
1.85 3.73 5.25 2.98
1.92 4.22 5.02 3.24
1.93 4.17 5.31 3.48
1.79 3.18 6.21 3.39
1.84 3.95 5.44 3.39
1.82 3.62 5.51 3.13
1.88 4.28 5.14 3.42
1.86 3.98 5.27 3.25
1.83 4.01 5.48 3.49
1.86 4.03 5.19 3.22
1.91 4.16 5.12 3.28
1.9 4.11 5.01 3.12
1.88 3.92 5.3 3.22
1.86 3.83 5.44 3.27
1.78 3.5 5.65 3.15
1.82 3.69 5.58 3.27
1.88 3.58 5.81 3.39
1.88 3.79 5.63 3.42
1.86 3.88 5.56 3.44
1.81 4.01 5.34 3.35
1.89 4.0 5.37 3.37
1.87 3.91 5.31 3.22
1.84 3.98 5.42 3.4
1.87 4.31 5.06 3.37
1.82 3.67 5.36 3.03
1.84 3.66 5.58 3.24
1.85 3.35 5.8 3.15
1.85 3.91 5.42 3.33
1.87 3.7 5.48 3.18
1.89 4.22 5.06 3.28
1.81 3.58 5.7 3.28
1.84 4.43 4.99 3.42
1.89 4.0 5.3 3.3
1.91 3.77 5.4 3.17
1.91 4.33 5.19 3.52
1.8 3.6 5.6 3.2
1.9 4.19 5.19 3.38
1.83 3.78 5.18 2.96
1.88 4.09 5.29 3.38
1.91 3.97 5.32 3.29
1.8 3.85 5.66 3.51
1.86 4.35 5.1 3.45
1.9 4.18 5.34 3.52
1.84 3.6 5.71 3.31
1.88 3.61 5.6 3.21
1.85 3.29 5.81 3.1
1.83 3.4 5.58 2.98
1.88 3.62 5.53 3.15
1.81 3.64 5.52 3.16
1.86 3.89 5.2 3.09
1.84 3.66 5.58 3.24
1.84 4.15 5.23 3.38
1.87 3.6 5.61 3.21
1.81 3.94 5.39 3.33
1.88 4.21 5.41 3.62
1.78 3.35 5.86 3.21
1.88 4.02 5.2 3.22
1.9 4.41 5.12 3.53
1.86 3.79 5.27 3.06
1.9 3.88 5.35 3.23
1.89 4.17 4.96 3.13
1.88 3.71 5.78 3.49
1.84 4.18 5.04 3.22
1.82 3.88 5.5 3.38
1.85 3.81 5.38 3.19
1.84 4.0 5.23 3.23
1.87 4.69 4.79 3.48
1.89 4.02 5.16 3.18
1.79 3.79 5.56 3.35
1.8 3.48 5.81 3.29
1.77 3.59 5.51 3.1
1.83 3.54 5.44 2.98
1.83 3.56 5.54 3.1
1.87 4.21 5.05 3.26
1.83 4.23 5.12 3.35
1.82 3.47 5.62 3.09
1.84 3.76 5.29 3.05
1.82 3.34 6.03 3.37
1.87 3.63 5.51 3.14
1.8 3.47 5.57 3.04
1.84 3.91 5.29 3.2
1.88 3.58 5.52 3.1
1.87 4.19 5.27 3.46
1.79 3.66 5.57 3.23
1.83 3.6 5.5 3.1
1.9 4.17 5.25 3.42
1.86 3.62 5.49 3.11
1.84 3.78 5.46 3.24
1.89 3.51 5.74 3.25
1.88 3.9 5.2 3.1
1.88 3.52 5.54 3.06
1.81 3.28 5.87 3.15
1.89 3.53 5.54 3.07
1.79 3.84 5.32 3.16
1.89 3.52 5.65 3.17
1.85 3.9 5.26 3.16
1.88 3.78 5.46 3.24
1.89 4.04 5.3 3.34
1.88 3.95 5.02 2.97
1.88 3.75 5.56 3.31
1.9 4.25 4.91 3.16
1.85 4.09 5.44 3.53
1.88 3.65 5.55 3.2
1.89 3.69 5.62 3.31
1.87 3.94 5.51 3.45
1.82 4.21 5.12 3.33
1.84 3.81 5.55 3.36
1.88 3.97 5.34 3.31
1.88 4.13 5.14 3.27
1.82 3.84 5.46 3.3
1.86 3.88 5.28 3.16
1.85 4.1 5.12 3.22
1.83 3.39 5.88 3.27
1.89 3.69 5.69 3.38
1.81 3.4 5.72 3.12
1.89 4.32 5.09 3.41
1.88 3.84 5.47 3.31
1.83 3.91 5.29 3.2
1.82 3.9 5.46 3.36
1.84 3.89 5.46 3.35
1.85 3.67 5.59 3.26
1.82 3.7 5.69 3.39
1.87 3.44 5.67 3.11
1.89 3.58 5.59 3.17
1.87 3.88 5.21 3.09
1.85 3.57 5.77 3.34
1.88 3.82 5.45 3.27
1.86 4.03 5.03 3.06
1.79 3.68 5.59 3.27
1.89 3.78 5.43 3.21
1.87 3.93 5.29 3.22
1.84 3.64 5.5 3.14
1.91 3.87 5.49 3.36
1.89 3.99 5.29 3.28
1.87 3.84 5.13 2.97
1.89 3.61 5.84 3.45
1.85 4.03 5.12 3.15
1.89 3.65 5.49 3.14
1.85 3.9 5.3 3.2
1.85 4.16 5.28 3.44
1.84 4.26 5.24 3.5
1.91 4.1 5.38 3.48
1.89 4.12 5.48 3.6
1.9 3.82 5.22 3.04
1.87 4.55 4.93 3.48
1.85 3.72 5.39 3.11
1.85 3.93 5.12 3.05
1.85 3.92 5.57 3.49
1.89 4.02 5.26 3.28
1.85 3.87 5.37 3.24
1.86 4.08 5.39 3.47
1.89 4.23 5.15 3.38
1.87 3.92 5.47 3.39
1.78 3.57 5.83 3.4
1.84 4.23 5.13 3.36
1.88 3.9 5.5 3.4
1.9 3.86 5.36 3.22
1.87 3.65 5.48 3.13
1.77 3.59 5.49 3.08
1.91 3.53 5.52 3.05
1.88 4.03 5.28 3.31
1.84 3.81 5.69 3.5
1.88 3.51 5.65 3.16
1.88 4.16 5.18 3.34
1.83 4.07 5.46 3.53
1.87 3.7 5.42 3.12
1.92 4.12 5.18 3.3
1.86 3.8 5.5 3.3
1.85 4.02 5.08 3.1
1.87 4.15 5.06 3.21
1.86 3.91 5.12 3.03
1.82 4.36 5.07 3.43
1.85 4.17 5.16 3.33
1.88 3.72 5.63 3.35
1.84 3.51 5.58 3.09
1.81 4.0 5.46 3.46
1.85 3.69 5.59 3.28
1.91 3.91 5.27 3.18
1.86 4.01 5.26 3.27
1.81 4.04 5.43 3.47
1.84 4.17 5.42 3.59
1.83 4.03 5.35 3.38
1.9 4.11 4.85 2.96
1.84 3.86 5.43 3.29
1.85 3.53 5.41 2.94
1.8 3.44 5.52 2.96
1.87 3.67 5.37 3.04
1.88 3.72 5.57 3.29
1.86 3.61 5.59 3.2
1.91 3.96 5.39 3.35
1.83 4.04 5.17 3.21
1.88 4.22 5.04 3.26
1.87 3.42 5.48 2.9
1.78 3.42 6.01 3.43
1.9 4.19 5.12 3.31
1.84 3.7 5.38 3.08
1.89 4.06 5.3 3.36
1.84 3.69 5.61 3.3
1.86 3.67 5.36 3.03
1.85 3.61 5.72 3.33
1.82 4.09 5.42 3.51
1.85 3.93 5.46 3.39
1.82 3.8 5.6 3.4
1.82 3.97 5.2 3.17
1.83 3.52 5.7 3.22
1.85 4.09 5.15 3.24
1.94 4.44 4.9 3.34
1.85 3.59 5.67 3.26
1.87 3.62 5.53 3.15
1.9 3.98 5.39 3.37
1.82 3.6 5.55 3.15
1.9 3.79 5.34 3.13
1.84 3.68 5.46 3.14
1.81 3.41 5.74 3.15
1.85 4.05 5.34 3.39
1.83 3.62 5.64 3.26
1.79 3.68 5.65 3.33
1.83 3.56 5.78 3.34
1.86 4.03 5.24 3.27
1.85 4.11 5.11 3.22
1.85 3.7 5.4 3.1
1.87 3.63 5.66 3.29
1.84 3.55 5.96 3.51
1.82 3.56 5.64 3.2
1.85 4.21 4.96 3.17
1.85 3.57 5.55 3.12
1.89 3.99 5.12 3.11
1.84 3.79 5.34 3.13
1.88 4.39 5.15 3.54
1.91 3.98 5.26 3.24
1.85 3.47 5.91 3.38
1.82 3.29 5.75 3.04
1.86 3.82 5.48 3.3
1.89 3.72 5.39 3.11
1.87 3.91 5.44 3.35
1.83 4.16 5.16 3.32
1.88 3.85 5.34 3.19
1.86 3.89 5.39 3.28
1.87 3.96 5.26 3.22
1.84 3.54 5.59 3.13
1.81 3.49 5.73 3.22
1.9 3.87 5.41 3.28
1.87 3.81 5.51 3.32
1.88 4.19 4.97 3.16
1.9 4.11 5.19 3.3
1.8 4.0 5.55 3.55
1.82 3.46 5.64 3.1
1.87 3.52 5.68 3.2
1.86 3.83 5.28 3.11
1.87 4.04 5.23 3.27
1.87 4.18 5.33 3.51
1.85 3.71 5.49 3.2
1.86 3.85 5.48 3.33
1.82 3.29 5.73 3.02
1.85 4.08 5.32 3.4
1.85 3.69 5.41 3.1
1.86 3.96 5.39 3.35
1.87 3.96 5.34 3.3
1.87 4.07 5.5 3.57
1.82 3.59 5.62 3.21
1.86 3.46 5.8 3.26
1.86 4.4 4.99 3.39
1.83 4.17 5.18 3.35
1.89 4.03 5.45 3.48
1.78 3.17 6.15 3.32
1.84 3.24 5.92 3.16
1.84 3.89 5.55 3.44
1.82 3.35 5.7 3.05
1.77 3.23 6.06 3.29
1.88 3.98 5.28 3.26
1.88 4.33 5.04 3.37
1.86 3.48 5.91 3.39
1.88 3.53 5.51 3.04
1.82 3.27 5.73 3.0
1.89 3.96 5.28 3.24
1.83 4.01 5.24 3.25
1.82 3.82 5.4 3.22
1.83 3.62 5.85 3.47
1.77 3.74 5.52 3.26
1.89 4.2 5.08 3.28
1.81 3.67 5.9 3.57
1.85 3.64 5.59 3.23
1.87 3.71 5.56 3.27
1.83 3.41 5.83 3.24
1.82 3.8 5.22 3.02
1.86 3.7 5.51 3.21
1.86 4.17 5.37 3.54
1.8 3.88 5.31 3.19
1.82 3.65 5.5 3.15
1.82 3.82 5.62 3.44
1.88 3.85 5.44 3.29
1.84 3.79 5.74 3.53
1.79 3.71 5.33 3.04
1.85 3.72 5.56 3.28
1.84 3.85 5.29 3.14
1.8 3.3 6.07 3.37
1.83 3.8 5.4 3.2
1.84 3.72 5.29 3.01
1.84 3.45 5.64 3.09
1.91 4.25 4.98 3.23
1.84 3.63 5.77 3.4
1.85 3.97 5.05 3.02
1.86 3.8 5.48 3.28
1.85 4.06 5.15 3.21
1.91 4.23 4.94 3.17
1.85 3.76 5.63 3.39
1.87 3.31 5.51 2.82
1.81 3.85 5.41 3.26
1.89 4.26 4.83 3.09
1.87 3.88 5.53 3.41
1.85 3.95 5.3 3.25
1.9 4.19 5.28 3.47
1.86 3.89 5.43 3.32
1.83 3.82 5.36 3.18
1.91 4.06 5.09 3.15
1.78 4.03 5.33 3.36
1.88 4.1 5.23 3.33
1.85 4.2 5.15 3.35
1.79 3.53 5.73 3.26
1.85 3.88 5.6 3.48
1.84 3.68 5.7 3.38
1.82 3.84 5.35 3.19
1.81 3.94 5.41 3.35
1.87 3.76 5.27 3.03
1.82 3.92 5.33 3.25
1.92 4.44 4.97 3.41
1.85 3.96 5.25 3.21
1.87 3.63 5.5 3.13
1.88 4.52 5.01 3.53
1.83 3.84 5.51 3.35
1.84 3.79 5.23 3.02
1.83 3.43 5.77 3.2
1.92 3.59 5.61 3.2
1.8 4.14 5.43 3.57
1.87 4.14 5.07 3.21
1.86 3.97 5.42 3.39
1.79 3.82 5.53 3.35
1.89 3.55 5.83 3.38
1.89 3.44 5.57 3.01
1.83 3.66 5.58 3.24
1.87 3.79 5.57 3.36
1.91 4.08 5.28 3.36
1.88 4.06 5.09 3.15
1.83 3.79 5.75 3.54
1.89 4.33 5.09 3.42
1.85 3.56 5.71 3.27
1.81 3.41 5.74 3.15
1.86 3.83 5.66 3.49
1.85 3.67 5.64 3.31
1.87 3.65 5.45 3.1
1.84 3.93 5.27 3.2
1.88 4.23 5.03 3.26
1.72 3.81 5.66 3.47
1.74 3.41 5.81 3.22
1.91 4.28 5.09 3.37
1.8 3.52 5.84 3.36
1.85 3.8 5.22 3.02
1.91 4.02 5.19 3.21
1.81 3.64 5.58 3.22
1.9 4.06 5.15 3.21
1.83 3.33 6.11 3.44
1.8 3.41 5.84 3.25
1.88 3.87 5.27 3.14
1.86 3.43 5.56 2.99
1.87 3.98 5.62 3.6
1.82 3.63 5.58 3.21
1.91 3.99 5.33 3.32
1.84 3.91 5.56 3.47
1.83 3.94 5.49 3.43
1.87 3.77 5.42 3.19
1.76 3.7 5.45 3.15
1.88 4.08 5.46 3.54
1.84 4.01 5.51 3.52
1.84 3.7 5.42 3.12
1.82 3.87 5.43 3.3
1.85 3.6 5.68 3.28
1.86 3.88 5.13 3.01
1.85 4.06 4.99 3.05
1.85 4.04 5.22 3.26
1.84 3.72 5.6 3.32
1.85 3.91 5.19 3.1
1.81 3.51 5.58 3.09
1.9 4.06 5.45 3.51
1.84 3.81 5.3 3.11
1.89 4.24 5.08 3.32
1.87 4.0 5.08 3.08
1.84 4.1 5.13 3.23
1.84 4.01 5.2 3.21
1.81 3.53 5.77 3.3
1.88 4.27 5.03 3.3
1.92 4.13 5.09 3.22
1.78 4.05 5.46 3.51
1.8 3.89 5.48 3.37
1.86 3.69 5.31 3.0
1.88 3.66 5.62 3.28
1.92 4.05 5.03 3.08
1.81 3.77 5.57 3.34
1.83 3.78 5.63 3.41
1.78 3.63 5.76 3.39
1.85 3.84 5.5 3.34
1.87 3.68 5.43 3.11
1.89 3.94 5.22 3.16
1.86 4.24 5.0 3.24
1.88 3.94 5.3 3.24
1.84 3.86 5.4 3.26
1.8 4.24 5.03 3.27
1.93 4.34 5.13 3.47
1.89 3.91 5.2 3.11
1.8 3.79 5.58 3.37
1.77 3.26 5.79 3.05
1.9 4.13 5.03 3.16
1.86 4.19 4.99 3.18
1.89 3.99 5.27 3.26
1.82 3.91 5.41 3.32
1.82 3.91 5.52 3.43
1.78 3.52 5.46 2.98
1.76 3.66 5.46 3.12
1.86 4.15 5.04 3.19
1.82 3.69 5.16 2.85
1.84 3.74 5.34 3.08
1.88 3.77 5.35 3.12
1.9 4.39 4.87 3.26
1.83 4.13 5.24 3.37
1.85 3.61 5.56 3.17
1.79 3.03 6.12 3.15
1.86 3.93 5.01 2.94
1.89 3.81 5.33 3.14
1.75 3.54 5.74 3.28
1.91 4.09 5.09 3.18
1.89 3.91 5.3 3.21
1.83 3.98 5.27 3.25
1.84 3.51 5.66 3.17
1.85 3.82 5.67 3.49
1.85 3.82 5.42 3.24
1.84 3.61 5.34 2.95
1.89 3.72 5.48 3.2
1.87 3.78 5.72 3.5
1.87 3.68 5.49 3.17
1.88 4.14 5.26 3.4
1.82 3.8 5.32 3.12
1.9 4.23 5.09 3.32
1.85 3.47 5.76 3.23
1.93 3.73 5.29 3.02
1.88 4.15 5.02 3.17
1.85 4.02 5.47 3.49
1.86 3.72 5.56 3.28
1.87 4.43 4.93 3.36
1.92 3.8 5.51 3.31
1.8 3.68 5.62 3.3
1.82 3.62 5.6 3.22
1.85 3.85 5.75 3.6
1.79 3.5 5.71 3.21
1.9 4.2 5.14 3.34
1.95 4.31 4.8 3.11
1.87 4.0 5.13 3.13
1.86 4.13 5.46 3.59
1.8 3.39 5.66 3.05
1.83 3.89 5.59 3.48
1.85 4.01 5.39 3.4
1.89 4.35 5.02 3.37
1.84 3.91 5.43 3.34
1.91 3.8 5.22 3.02
1.84 4.45 4.88 3.33
1.88 4.01 5.33 3.34
1.86 4.0 4.99 2.99
1.86 3.37 5.63 3.0
1.86 3.93 5.33 3.26
1.82 3.64 5.39 3.03
1.83 3.79 5.47 3.26
1.87 4.34 5.06 3.4
1.88 4.22 5.24 3.46
1.88 3.67 5.59 3.26
1.87 3.6 5.5 3.1
1.86 4.04 5.47 3.51
1.83 4.07 5.22 3.29
1.89 4.1 5.39 3.49
1.85 4.04 5.28 3.32
1.89 3.89 5.35 3.24
1.85 4.14 5.06 3.2
1.85 3.88 5.14 3.02
1.86 4.35 5.32 3.67
1.82 3.8 5.47 3.27
1.84 3.97 5.34 3.31
1.93 4.14 5.29 3.43
1.91 3.86 5.28 3.14
1.89 3.92 5.45 3.37
1.84 4.17 5.46 3.63
1.86 3.8 5.36 3.16
1.87 3.67 5.58 3.25
1.84 3.87 5.57 3.44
1.88 4.05 5.17 3.22
1.87 4.17 5.22 3.39
1.9 3.88 5.45 3.33
1.87 4.12 5.26 3.38
1.85 3.68 5.62 3.3
1.86 3.83 5.63 3.46
1.83 4.25 4.97 3.22
1.84 3.67 5.63 3.3
1.9 3.96 5.27 3.23
1.87 3.64 5.35 2.99
1.85 3.98 5.39 3.37
1.86 3.36 5.81 3.17
1.8 3.2 5.9 3.1
1.85 4.1 5.05 3.15
1.92 4.09 5.06 3.15
1.87 3.76 5.4 3.16
1.81 3.97 5.3 3.27
1.83 3.56 5.65 3.21
1.87 4.21 5.19 3.4
1.87 3.79 5.26 3.05
1.85 3.65 5.61 3.26
1.81 3.92 5.25 3.17
1.88 3.52 5.73 3.25
1.85 3.77 5.62 3.39
1.83 3.6 5.54 3.14
1.85 3.48 5.92 3.4
1.89 4.17 5.33 3.5
1.83 4.21 5.06 3.27
1.85 3.75 5.34 3.09
1.85 4.15 5.04 3.19
1.9 4.48 5.1 3.58
1.84 4.04 5.44 3.48
1.85 3.89 5.51 3.4
1.82 4.05 5.24 3.29
1.82 3.94 5.34 3.28
1.86 3.82 5.43 3.25
1.83 3.96 5.56 3.52
1.86 3.8 5.4 3.2
1.83 3.91 5.41 3.32
1.86 4.07 5.5 3.57
1.88 3.43 5.61 3.04
1.88 4.16 5.06 3.22
1.84 3.59 5.79 3.38
1.88 3.82 5.47 3.29
1.86 3.43 5.78 3.21
1.85 3.65 5.55 3.2
1.88 4.02 4.94 2.96
1.9 3.98 5.36 3.34
1.9 4.07 5.25 3.32
1.87 3.83 5.5 3.33
1.85 3.78 5.41 3.19
1.92 3.11 5.82 2.93
1.86 3.51 5.73 3.24
1.84 3.82 5.53 3.35
1.87 4.23 5.38 3.61
1.91 4.12 5.12 3.24
1.82 3.83 5.74 3.57
1.85 3.99 5.21 3.2
1.92 4.24 5.27 3.51
1.77 3.48 6.03 3.51
1.87 3.82 5.22 3.04
1.87 3.82 5.36 3.18
1.81 3.65 5.38 3.03
1.84 3.67 5.47 3.14
1.84 3.8 5.44 3.24
1.78 3.73 5.49 3.22
1.74 3.33 6.33 3.66
1.89 3.8 5.4 3.2
1.89 3.95 5.66 3.61
1.85 3.67 5.68 3.35
1.86 4.45 5.14 3.59
1.83 3.74 5.39 3.13
1.89 3.91 5.25 3.16
1.89 3.85 5.61 3.46
1.9 4.28 5.22 3.5
1.87 4.07 5.08 3.15
1.87 3.76 5.71 3.47
1.86 3.68 5.45 3.13
1.87 4.45 5.17 3.62
1.79 3.65 5.58 3.23
1.86 4.08 5.28 3.36
1.84 4.06 5.17 3.23
1.82 4.08 4.98 3.06
1.84 4.05 5.46 3.51
1.81 3.65 5.49 3.14
1.82 3.6 5.67 3.27
1.84 3.53 5.64 3.17
1.82 3.93 5.47 3.4
1.86 3.8 5.62 3.42
1.87 4.0 5.2 3.2
1.89 4.35 4.9 3.25
1.89 4.01 5.38 3.39
1.82 3.97 5.32 3.29
1.9 3.59 5.6 3.19
1.87 3.9 5.53 3.43
1.8 3.97 5.7 3.67
1.85 3.89 5.37 3.26
1.89 3.96 5.21 3.17
1.86 3.96 5.28 3.24
1.82 3.13 5.94 3.07
1.85 3.98 5.41 3.39
1.89 4.4 4.88 3.28
1.84 4.16 5.19 3.35
1.84 3.34 5.85 3.19
1.87 3.74 5.38 3.12
1.88 3.87 5.45 3.32
1.83 3.67 5.13 2.8
1.84 4.09 5.41 3.5
1.83 3.85 5.3 3.15
1.89 4.01 5.19 3.2
1.89 4.19 4.93 3.12
1.84 3.76 5.52 3.28
1.9 3.71 5.52 3.23
1.88 3.89 5.56 3.45
1.83 3.9 5.14 3.04
1.85 3.73 5.72 3.45
1.88 4.03 5.13 3.16
1.91 3.84 5.52 3.36
1.8 3.1 6.04 3.14
1.86 3.76 5.62 3.38
1.84 3.27 5.65 2.92
1.82 3.76 5.79 3.55
1.88 4.26 5.2 3.46
1.86 3.41 5.73 3.14
1.84 3.62 5.48 3.1
1.83 4.43 4.95 3.38
1.87 4.08 5.32 3.4
1.89 4.0 5.19 3.19
1.85 3.74 5.48 3.22
1.91 3.95 5.17 3.12
1.84 4.1 5.14 3.24
1.87 3.43 5.66 3.09
1.87 3.55 5.73 3.28
1.84 3.74 5.52 3.26
1.83 3.79 5.79 3.58
1.8 3.73 5.45 3.18
1.85 3.63 5.71 3.34
1.85 4.27 4.93 3.2
1.88 3.78 5.46 3.24
1.85 4.01 5.16 3.17
1.85 3.73 5.59 3.32
1.92 3.91 4.96 2.87
1.9 3.92 5.34 3.26
1.81 3.33 5.89 3.22
1.87 3.92 5.26 3.18
1.9 3.57 5.52 3.09
1.84 3.89 5.28 3.17
1.9 3.71 5.41 3.12
1.86 3.93 5.47 3.4
1.85 3.98 5.09 3.07
1.86 3.84 5.56 3.4
1.81 3.95 5.35 3.3
1.83 3.73 5.46 3.19
1.81 4.05 5.22 3.27
1.89 3.6 5.47 3.07
1.83 3.8 5.52 3.32
1.79 3.61 5.55 3.16
1.92 4.22 5.2 3.42
1.85 3.47 5.79 3.26
1.88 3.92 5.25 3.17
1.87 3.89 5.29 3.18
1.86 3.75 5.48 3.23
1.88 4.27 5.3 3.57
1.81 3.79 5.44 3.23
1.88 3.94 5.27 3.21
1.85 3.94 5.42 3.36
1.83 3.73 5.61 3.34
1.83 3.92 5.51 3.43
1.85 3.66 5.67 3.33
1.84 3.61 5.56 3.17
1.9 4.05 5.01 3.06
1.87 3.97 5.19 3.16
1.87 3.8 5.39 3.19
1.86 3.95 5.08 3.03
1.8 3.4 5.72 3.12
1.83 3.38 5.95 3.33
1.9 3.95 5.54 3.49
1.76 3.52 5.53 3.05
1.87 3.74 5.59 3.33
1.89 3.51 5.37 2.88
1.86 3.92 5.25 3.17
1.89 4.29 4.97 3.26
1.89 4.48 5.03 3.51
1.9 3.94 5.19 3.13
1.86 4.04 5.48 3.52
1.84 3.58 5.75 3.33
1.91 4.24 5.08 3.32
1.79 3.89 5.4 3.29
1.85 3.64 5.36 3.0
1.83 3.74 5.45 3.19
1.86 3.73 5.51 3.24
1.84 3.82 5.65 3.47
1.83 3.92 5.36 3.28
1.87 3.96 5.39 3.35
1.85 3.66 5.75 3.41
1.86 4.1 4.93 3.03
1.9 4.08 5.16 3.24
1.86 4.39 5.06 3.45
1.79 3.74 5.46 3.2
1.84 3.96 5.34 3.3
1.81 3.54 5.61 3.15
1.87 4.03 5.46 3.49
1.85 4.02 5.24 3.26
1.87 3.89 5.27 3.16
1.82 3.77 5.53 3.3
1.92 4.58 4.77 3.35
1.85 4.2 5.12 3.32
1.83 3.76 5.45 3.21
1.86 3.66 5.75 3.41
1.86 3.4 5.41 2.81
1.8 3.57 5.69 3.26
1.89 4.04 5.47 3.51
1.81 3.57 5.66 3.23
1.79 3.55 5.46 3.01
1.87 3.74 5.61 3.35
1.8 3.33 5.79 3.12
1.84 3.83 5.47 3.3
1.82 3.6 5.73 3.33
1.84 3.85 5.48 3.33
1.9 4.71 4.94 3.65
1.89 3.93 5.0 2.93
1.93 4.03 5.04 3.07
1.84 3.51 5.71 3.22
1.83 4.02 5.2 3.22
1.84 3.53 5.77 3.3
1.88 4.28 4.9 3.18
1.83 3.97 5.09 3.06
1.88 3.68 5.52 3.2
1.86 3.53 5.44 2.97
1.89 4.3 5.11 3.41
1.91 3.83 5.37 3.2
1.83 3.71 5.43 3.14
1.85 3.8 5.39 3.19
1.82 3.71 5.61 3.32
1.89 3.73 5.5 3.23
1.8 3.91 5.4 3.31
1.84 4.16 5.27 3.43
1.85 3.75 5.22 2.97
1.88 3.93 5.26 3.19
1.9 3.97 5.42 3.39
1.89 4.36 4.92 3.28
1.88 3.75 5.49 3.24
1.81 3.69 5.44 3.13
1.87 3.77 5.53 3.3
1.88 3.8 5.59 3.39
1.89 4.09 5.28 3.37
1.84 3.62 5.69 3.31
1.85 3.93 5.23 3.16
1.86 4.16 5.06 3.22
1.82 3.99 5.31 3.3
1.85 4.04 5.27 3.31
1.92 3.99 5.49 3.48
1.81 3.42 5.65 3.07
1.81 3.86 5.4 3.26
1.82 3.79 5.57 3.36
1.83 3.69 5.58 3.27
1.85 3.96 5.42 3.38
1.88 4.16 5.27 3.43
1.83 3.47 5.63 3.1
1.89 4.09 5.3 3.39
1.86 4.07 5.24 3.31
1.88 3.58 5.43 3.01
1.87 4.61 4.8 3.41
1.83 3.55 5.57 3.12
1.85 3.85 5.25 3.1
1.81 3.78 5.52 3.3
1.87 3.72 5.45 3.17
1.86 4.1 5.2 3.3
1.82 3.86 5.46 3.32
1.87 4.17 5.27 3.44
1.83 3.72 5.46 3.18
1.8 3.67 5.7 3.37
1.83 3.71 5.42 3.13
1.78 3.22 5.9 3.12
1.89 4.23 5.15 3.38
1.85 3.64 5.66 3.3
1.85 4.01 5.56 3.57
1.84 4.21 5.1 3.31
1.84 4.03 5.16 3.19
1.84 3.58 5.45 3.03
1.86 3.96 5.31 3.27
1.88 4.33 4.98 3.31
1.91 3.84 5.33 3.17
1.85 3.53 5.89 3.42
1.87 3.72 5.61 3.33
1.82 3.74 5.53 3.27
1.85 3.81 5.43 3.24
1.81 3.14 5.72 2.86
1.84 3.67 5.49 3.16
1.85 4.02 5.46 3.48
1.88 3.6 5.66 3.26
1.81 3.69 5.47 3.16
1.83 3.43 5.53 2.96
1.87 4.49 5.16 3.65
1.9 4.05 5.3 3.35
1.89 4.4 4.73 3.13
1.88 3.96 5.48 3.44
1.88 3.66 5.64 3.3
1.88 4.45 4.76 3.21
1.87 3.89 5.25 3.14
1.85 4.22 5.09 3.31
1.89 3.87 5.52 3.39
1.85 3.5 5.4 2.9
1.89 3.56 5.43 2.99
1.85 3.94 5.33 3.27
1.85 4.42 4.81 3.23
1.86 3.84 5.79 3.63
1.91 4.2 5.03 3.23
1.84 3.9 5.46 3.36
1.88 3.37 5.7 3.07
1.78 3.78 5.39 3.17
1.84 4.04 5.43 3.47
1.85 4.11 5.25 3.36
1.86 3.65 5.71 3.36
1.81 3.53 5.66 3.19
1.86 3.6 5.47 3.07
1.85 3.42 5.98 3.4
1.91 3.93 5.52 3.45
1.85 3.91 5.27 3.18
1.88 4.48 4.89 3.37
1.79 3.71 5.74 3.45
1.82 3.4 5.68 3.08
1.87 3.54 5.63 3.17
1.87 3.95 5.19 3.14
1.82 3.66 5.54 3.2
1.85 4.02 5.51 3.53
1.89 3.27 5.54 2.81
1.88 4.0 5.48 3.48
1.8 3.7 5.52 3.22
1.83 3.86 5.3 3.16
1.88 3.9 5.12 3.02
1.86 3.76 5.42 3.18
1.81 3.6 5.71 3.31
1.75 3.49 5.82 3.31
1.85 3.89 5.55 3.44
1.87 3.83 5.28 3.11
1.84 3.76 5.4 3.16
1.87 3.46 5.8 3.26
1.89 3.98 5.53 3.51
1.9 3.99 5.36 3.35
1.86 4.03 5.16 3.19
1.85 3.87 5.52 3.39
1.9 3.97 5.31 3.28
1.81 3.64 5.6 3.24
1.85 3.99 5.44 3.43
1.87 3.84 5.2 3.04
1.84 4.05 5.23 3.28
1.87 4.32 5.13 3.45
1.8 3.29 5.89 3.18
1.87 3.66 5.56 3.22
1.83 3.65 5.47 3.12
1.88 3.86 5.42 3.28
1.86 3.66 5.44 3.1
1.89 4.22 5.29 3.51
1.83 3.8 5.32 3.12
1.82 3.81 5.55 3.36
1.79 3.55 5.58 3.13
1.87 3.89 5.59 3.48
1.82 3.88 5.42 3.3
1.87 3.93 5.29 3.22
1.85 3.78 5.51 3.29
1.85 4.02 5.48 3.5
1.9 3.71 5.38 3.09
1.84 3.76 5.53 3.29
1.87 4.03 5.46 3.49
1.83 3.69 5.49 3.18
1.83 3.71 5.42 3.13
1.9 4.35 5.1 3.45
1.95 4.52 4.84 3.36
1.86 3.41 5.79 3.2
1.79 4.07 5.18 3.25
1.9 4.45 4.98 3.43
1.87 3.98 5.19 3.17
1.92 3.96 5.15 3.11
1.89 3.51 5.59 3.1
1.84 3.96 5.38 3.34
1.83 3.76 5.37 3.13
1.86 3.28 5.98 3.26
1.87 3.98 5.28 3.26
1.83 3.47 5.91 3.38
1.83 3.85 5.52 3.37
1.86 3.95 5.4 3.35
1.92 4.13 5.14 3.27
1.91 4.01 5.17 3.18
1.83 3.8 5.47 3.27
1.86 3.09 5.87 2.96
1.85 4.05 5.19 3.24
1.91 3.58 5.52 3.1
1.88 3.54 5.5 3.04
1.87 4.03 5.26 3.29
1.85 4.11 5.01 3.12
1.91 4.16 5.08 3.24
1.91 3.85 5.27 3.12
1.86 4.12 5.4 3.52
1.85 4.65 4.61 3.26
1.88 3.83 5.28 3.11
1.84 4.09 5.35 3.44
1.9 3.99 5.46 3.45
1.83 3.8 5.37 3.17
1.84 4.02 5.31 3.33
1.87 4.14 5.26 3.4
1.91 4.52 4.85 3.37
1.88 4.14 5.39 3.53
1.88 3.57 5.41 2.98
1.87 3.49 5.7 3.19
1.88 3.66 5.63 3.29
1.89 4.17 5.06 3.23
1.88 3.86 5.47 3.33
1.91 3.87 5.5 3.37
1.85 4.01 5.31 3.32
1.85 3.88 5.52 3.4
1.9 3.63 5.34 2.97
1.89 4.49 4.85 3.34
1.81 3.62 5.46 3.08
1.88 3.72 5.38 3.1
1.85 3.53 5.59 3.12
1.79 3.54 5.31 2.85
1.87 4.01 5.49 3.5
1.87 4.0 5.32 3.32
1.83 3.58 5.81 3.39
1.83 3.94 5.34 3.28
1.88 3.9 5.37 3.27
1.84 3.72 5.51 3.23
1.85 3.9 5.27 3.17
1.83 4.05 5.38 3.43
1.89 4.07 5.28 3.35
1.81 3.77 5.33 3.1
1.87 3.78 5.43 3.21
1.93 4.49 4.84 3.33
1.85 4.41 5.13 3.54
1.91 3.68 5.65 3.33
1.85 3.87 5.38 3.25
1.81 3.74 5.29 3.03
1.85 3.83 5.52 3.35
1.87 4.48 5.21 3.69
1.85 3.74 5.44 3.18
1.83 3.65 5.58 3.23
1.85 3.57 5.43 3.0
1.82 3.48 5.5 2.98
1.9 3.83 5.66 3.49
1.86 3.84 5.41 3.25
1.89 3.77 5.66 3.43
1.86 4.13 5.07 3.2
1.8 3.86 5.5 3.36
1.83 4.03 5.32 3.35
1.87 3.75 5.32 3.07
1.86 3.57 5.7 3.27
1.9 3.93 5.23 3.16
1.86 3.52 5.69 3.21
1.9 3.82 5.46 3.28
1.86 3.93 5.22 3.15
1.89 3.78 5.76 3.54
1.87 3.61 5.42 3.03
1.82 3.63 5.71 3.34
1.89 3.55 5.82 3.37
1.85 3.99 5.11 3.1
1.86 3.57 5.59 3.16
1.86 3.97 5.49 3.46
1.87 3.77 5.53 3.3
1.87 3.62 5.41 3.03
1.88 3.99 5.21 3.2
1.84 3.7 5.31 3.01
1.91 4.14 5.46 3.6
1.83 4.1 5.2 3.3
1.83 3.78 5.37 3.15
1.88 3.52 5.59 3.11
1.91 3.9 5.42 3.32
1.87 3.75 5.87 3.62
1.87 3.94 5.56 3.5
1.89 3.78 5.55 3.33
1.82 4.11 5.3 3.41
1.81 3.6 5.49 3.09
1.87 4.01 5.23 3.24
1.91 3.64 5.56 3.2
1.88 4.6 4.99 3.59
1.89 3.83 5.48 3.31
1.82 3.96 5.28 3.24
1.91 3.83 5.24 3.07
1.88 3.71 5.57 3.28
1.81 3.76 5.68 3.44
1.81 3.84 5.59 3.43
1.84 3.79 5.54 3.33
1.86 4.13 5.34 3.47
1.83 3.65 5.54 3.19
1.79 3.31 5.78 3.09
1.88 3.91 5.26 3.17
1.84 4.12 5.24 3.36
1.87 4.22 5.29 3.51
1.86 4.0 5.28 3.28
1.81 4.39 5.31 3.7
1.9 4.03 5.19 3.22
1.89 4.14 5.31 3.45
1.88 3.63 5.61 3.24
1.85 3.88 5.68 3.56
1.87 3.57 5.65 3.22
1.78 4.04 5.22 3.26
1.84 3.85 5.11 2.96
1.84 3.52 5.85 3.37
1.82 3.66 5.49 3.15
1.86 4.01 5.33 3.34
1.86 3.93 5.6 3.53
1.89 3.7 5.55 3.25
1.85 4.54 4.93 3.47
1.87 4.23 4.98 3.21
1.86 3.37 5.7 3.07
1.82 3.34 5.8 3.14
1.88 3.86 5.41 3.27
1.84 3.74 5.93 3.67
1.85 3.72 5.53 3.25
1.92 4.26 5.27 3.53
1.82 3.98 5.2 3.18
1.94 4.29 4.92 3.21
1.8 3.63 5.52 3.15
1.87 3.7 5.4 3.1
1.89 4.33 4.89 3.22
1.85 3.31 5.71 3.02
1.9 4.4 4.82 3.22
1.82 3.78 5.21 2.99
1.86 3.69 5.41 3.1
1.89 3.99 5.27 3.26
1.9 4.44 5.22 3.66
1.89 3.63 5.46 3.09
1.86 3.87 5.43 3.3
1.85 4.15 5.21 3.36
1.85 3.93 5.38 3.31
1.87 3.94 5.19 3.13
1.81 3.84 5.58 3.42
1.87 4.1 5.25 3.35
1.86 3.38 5.44 2.82
1.9 4.04 5.54 3.58
1.86 3.93 5.36 3.29
1.9 4.06 5.33 3.39
1.94 4.18 4.92 3.1
1.82 3.68 5.42 3.1
1.87 3.97 5.12 3.09
1.86 3.38 5.62 3.0
1.84 4.36 5.15 3.51
1.82 3.55 5.47 3.02
1.84 3.87 5.72 3.59
1.88 4.04 5.53 3.57
1.9 4.2 5.36 3.56
1.87 3.58 5.47 3.05
1.85 3.74 5.25 2.99
1.85 3.76 5.63 3.39
1.83 3.8 5.46 3.26
1.78 3.79 5.35 3.14
1.86 3.88 5.29 3.17
1.81 3.9 5.3 3.2
1.84 3.68 5.4 3.08
1.86 3.73 5.34 3.07
1.83 3.35 6.01 3.36
1.87 4.22 5.24 3.46
1.84 3.35 5.65 3.0
1.86 4.14 5.56 3.7
1.89 3.44 5.83 3.27
1.83 3.95 5.4 3.35
1.83 3.69 5.57 3.26
1.84 3.59 5.81 3.4
1.87 3.45 5.55 3.0
1.87 3.75 5.46 3.21
1.78 3.38 5.51 2.89
1.84 4.0 5.26 3.26
1.79 3.27 5.88 3.15
1.86 3.85 5.51 3.36
1.88 3.9 5.46 3.36
1.84 3.99 5.27 3.26
1.84 4.07 5.45 3.52
1.83 3.28 5.89 3.17
1.91 4.57 4.81 3.38
1.86 3.48 5.6 3.08
1.84 3.53 5.54 3.07
1.87 4.12 5.17 3.29
1.85 3.69 5.21 2.9
1.87 3.81 5.6 3.41
1.76 3.39 5.75 3.14
1.79 3.89 5.34 3.23
1.84 3.59 5.82 3.41
1.84 3.86 5.53 3.39
1.87 3.82 5.71 3.53
1.81 3.73 5.39 3.12
1.89 3.71 5.53 3.24
1.87 3.77 5.45 3.22
1.85 4.04 5.2 3.24
1.81 3.66 5.64 3.3
1.83 3.92 5.25 3.17
1.88 4.07 5.32 3.39
1.88 3.77 5.25 3.02
1.82 3.33 5.86 3.19
1.81 3.72 5.29 3.01
1.91 4.35 4.77 3.12
1.83 3.76 5.56 3.32
1.82 3.95 5.35 3.3
1.84 3.42 5.91 3.33
1.87 3.77 5.4 3.17
1.85 3.79 5.36 3.15
1.86 3.78 5.33 3.11
1.9 3.97 5.48 3.45
1.88 4.05 5.3 3.35
1.85 3.79 5.38 3.17
1.87 3.92 5.53 3.45
1.85 3.67 5.49 3.16
1.87 3.83 5.33 3.16
1.82 3.7 5.54 3.24
1.82 3.4 5.64 3.04
1.88 3.88 5.45 3.33
1.88 3.8 5.28 3.08
1.86 3.63 5.48 3.11
1.83 4.06 5.43 3.49
1.87 3.94 5.28 3.22
1.84 3.65 5.68 3.33
1.86 4.36 5.12 3.48
1.87 3.84 5.29 3.13
1.87 4.04 5.22 3.26
1.85 3.32 5.82 3.14
1.87 4.41 5.02 3.43
1.89 3.43 5.61 3.04
1.88 3.98 5.36 3.34
1.85 3.9 5.41 3.31
1.82 3.71 5.67 3.38
1.91 4.31 4.99 3.3
1.86 3.72 5.4 3.12
1.89 3.86 5.46 3.32
1.85 3.84 5.35 3.19
1.91 4.15 5.37 3.52
1.86 3.89 5.4 3.29
1.83 3.85 5.44 3.29
1.86 3.82 5.48 3.3
1.85 3.92 5.22 3.14
1.79 3.8 5.63 3.43
1.79 3.99 5.45 3.44
1.86 3.58 5.84 3.42
1.83 3.96 5.4 3.36
1.92 4.28 5.13 3.41
1.87 4.04 5.24 3.28
1.84 3.92 5.45 3.37
1.8 3.71 5.58 3.29
1.83 3.83 5.2 3.03
1.89 4.1 5.04 3.14
1.88 4.36 5.07 3.43
1.87 4.19 5.29 3.48
1.86 3.59 5.65 3.24
1.77 3.43 5.68 3.11
1.84 4.0 5.22 3.22
1.78 3.57 5.54 3.11
1.88 3.95 5.07 3.02
1.89 3.71 5.34 3.05
1.89 3.8 5.41 3.21
1.86 3.56 5.72 3.28
1.84 3.7 5.45 3.15
1.93 4.2 4.93 3.13
1.89 3.93 5.34 3.27
1.8 3.72 5.35 3.07
1.91 4.4 4.98 3.38
1.9 4.03 5.45 3.48
1.85 3.99 5.17 3.16
1.89 4.52 4.68 3.2
1.91 3.41 5.76 3.17
1.88 3.42 5.81 3.23
1.82 3.98 5.56 3.54
1.87 3.91 5.42 3.33
1.81 3.76 5.65 3.41
1.84 4.24 5.12 3.36
1.83 3.54 5.55 3.09
1.8 3.79 5.66 3.45
1.88 4.14 5.32 3.46
1.82 4.34 5.0 3.34
1.81 3.57 5.72 3.29
1.82 3.9 5.46 3.36
1.86 3.95 5.2 3.15
1.89 4.44 5.07 3.51
1.8 3.3 6.03 3.33
1.88 4.22 5.16 3.38
1.81 3.33 5.88 3.21
1.85 4.03 5.37 3.4
1.8 4.07 5.59 3.66
1.89 4.11 5.12 3.23
1.86 3.81 5.43 3.24
1.83 3.98 5.5 3.48
1.86 4.03 5.29 3.32
1.87 3.94 5.29 3.23
1.86 3.63 5.75 3.38
1.88 3.88 5.44 3.32
1.83 4.44 4.84 3.28
1.89 3.66 5.46 3.12
1.83 3.96 5.48 3.44
1.77 3.73 5.24 2.97
1.83 3.77 5.75 3.52
1.87 3.71 5.64 3.35
1.82 3.95 5.36 3.31
1.87 4.06 5.41 3.47
1.83 3.84 5.45 3.29
1.86 3.76 5.5 3.26
1.86 4.08 5.33 3.41
1.86 3.98 5.44 3.42
1.83 3.61 5.71 3.32
1.84 3.82 5.36 3.18
1.84 3.27 5.83 3.1
1.81 3.35 6.07 3.42
1.93 4.34 5.14 3.48
1.91 3.91 5.13 3.04
1.84 3.94 5.47 3.41
1.89 4.01 5.21 3.22
1.9 3.53 5.6 3.13
1.79 3.61 5.7 3.31
1.85 3.78 5.55 3.33
1.86 4.21 5.34 3.55
1.79 3.48 5.93 3.41
1.82 3.35 5.57 2.92
1.84 3.78 5.31 3.09
1.87 4.01 5.33 3.34
1.76 3.56 5.7 3.26
1.89 4.36 5.07 3.43
1.9 4.14 5.0 3.14
1.85 4.25 5.12 3.37
1.82 4.07 5.17 3.24
1.88 3.71 5.38 3.09
1.86 3.79 5.4 3.19
1.84 3.86 5.39 3.25
1.87 3.72 5.32 3.04
1.86 4.08 5.27 3.35
1.83 3.75 5.71 3.46
1.83 4.28 5.03 3.31
1.87 4.02 5.45 3.47
1.78 3.73 5.25 2.98
1.84 3.95 5.12 3.07
1.87 4.07 5.4 3.47
1.84 3.71 5.66 3.37
1.94 4.34 4.97 3.31
1.84 3.94 5.43 3.37
1.83 3.52 5.65 3.17
1.84 3.68 5.71 3.39
1.9 3.84 5.52 3.36
1.88 4.17 5.25 3.42
1.89 3.94 5.36 3.3
1.88 3.97 5.44 3.41
1.9 4.43 4.69 3.12
1.82 3.84 5.25 3.09
1.81 3.73 5.44 3.17
1.83 4.06 5.41 3.47
1.84 3.68 5.65 3.33
1.85 3.65 5.56 3.21
1.88 3.73 5.6 3.33
1.81 3.53 5.75 3.28
1.81 3.72 5.6 3.32
1.84 4.52 5.12 3.64
1.8 3.91 5.6 3.51
1.93 3.94 5.22 3.16
1.86 4.13 5.36 3.49
1.85 3.61 5.53 3.14
1.9 3.76 5.35 3.11
1.85 4.0 5.27 3.27
1.88 3.65 5.64 3.29
1.87 3.71 5.17 2.88
1.85 3.82 5.35 3.17
1.86 3.87 5.48 3.35
1.86 3.53 5.72 3.25
1.85 3.55 5.57 3.12
1.83 3.95 5.49 3.44
1.86 3.54 5.77 3.31
1.84 3.82 5.37 3.19
1.87 4.09 5.39 3.48
1.91 4.0 5.36 3.36
1.85 3.9 5.14 3.04
1.85 3.96 5.17 3.13
1.87 4.1 5.22 3.32
1.88 4.21 5.08 3.29
1.83 3.65 5.36 3.01
1.86 3.66 5.54 3.2
1.84 3.98 5.57 3.55
1.84 4.43 4.68 3.11
1.9 3.81 5.54 3.35
1.9 4.52 4.92 3.44
1.85 3.52 5.61 3.13
1.93 4.69 4.71 3.4
1.88 3.77 5.55 3.32
1.82 3.51 5.53 3.04
1.91 3.71 5.3 3.01
1.87 3.77 5.4 3.17
1.82 3.63 5.49 3.12
1.92 4.4 4.97 3.37
1.9 4.05 5.15 3.2
1.87 3.92 5.18 3.1
1.87 4.18 5.28 3.46
1.86 3.87 5.46 3.33
1.86 4.0 5.3 3.3
1.84 3.66 5.68 3.34
1.85 3.81 5.49 3.3
1.84 3.64 5.71 3.35
1.89 4.39 5.02 3.41
1.89 4.02 5.09 3.11
1.77 3.5 5.37 2.87
1.87 3.87 5.39 3.26
1.78 3.56 5.68 3.24
1.92 4.53 4.92 3.45
1.88 3.82 5.32 3.14
1.86 4.06 5.21 3.27
1.81 3.38 5.64 3.02
1.85 4.21 4.94 3.15
1.88 4.02 5.53 3.55
1.85 3.89 5.35 3.24
1.83 3.93 5.21 3.14
1.86 4.0 5.33 3.33
1.82 3.7 5.32 3.02
1.92 4.18 5.09 3.27
1.87 4.0 5.11 3.11
1.84 3.75 5.5 3.25
1.87 3.65 5.37 3.02
1.84 3.72 5.48 3.2
1.93 3.92 5.16 3.08
1.82 3.86 5.74 3.6
1.87 3.96 5.28 3.24
1.9 4.02 5.45 3.47
1.92 3.8 5.56 3.36
1.89 3.73 5.5 3.23
1.81 3.83 5.4 3.23
1.88 4.17 5.21 3.38
1.85 4.13 5.06 3.19
1.82 3.86 5.4 3.26
1.82 3.73 5.51 3.24
1.84 4.14 4.93 3.07
1.89 3.62 5.47 3.09
1.86 4.32 5.0 3.32
1.85 4.3 5.09 3.39
1.86 4.27 5.14 3.41
1.85 3.62 5.58 3.2
1.89 3.71 5.55 3.26
1.87 3.74 5.8 3.54
1.88 4.12 5.18 3.3
1.78 3.58 5.61 3.19
1.89 4.14 5.2 3.34
1.84 3.68 5.5 3.18
1.82 3.56 5.61 3.17
1.87 3.84 5.28 3.12
1.89 4.3 4.85 3.15
1.86 4.1 5.42 3.52
1.81 3.94 5.38 3.32
1.82 4.06 5.23 3.29
1.87 3.83 5.48 3.31
1.83 3.75 5.29 3.04
1.87 3.46 5.79 3.25
1.84 3.75 5.75 3.5
1.87 3.61 5.68 3.29
1.82 3.62 5.69 3.31
1.84 3.86 5.34 3.2
1.89 4.15 4.96 3.11
1.79 3.31 5.76 3.07
1.89 4.1 5.25 3.35
1.85 3.94 5.22 3.16
1.89 3.83 5.44 3.27
1.86 3.77 5.22 2.99
1.85 4.06 4.99 3.05
1.82 3.82 5.54 3.36
1.85 3.69 5.6 3.29
1.83 3.87 5.41 3.28
1.87 3.9 5.29 3.19
1.84 3.8 5.34 3.14
1.88 3.93 5.3 3.23
1.84 3.63 5.51 3.14
1.82 3.86 5.28 3.14
1.91 4.14 5.09 3.23
1.87 4.19 5.41 3.6
1.88 3.89 5.3 3.19
1.88 4.11 5.16 3.27
1.91 4.43 4.93 3.36
1.83 4.14 5.08 3.22
1.78 3.34 5.65 2.99
1.85 3.79 5.55 3.34
1.91 3.64 5.32 2.96
1.8 3.75 5.54 3.29
1.9 3.95 5.34 3.29
1.89 4.24 5.26 3.5
1.85 3.71 5.36 3.07
1.89 4.18 5.12 3.3
1.89 4.06 5.29 3.35
1.88 3.87 5.65 3.52
1.88 3.97 5.29 3.26
1.86 3.84 5.53 3.37
1.87 4.16 5.15 3.31
1.83 3.76 5.42 3.18
1.88 4.37 5.16 3.53
1.79 4.03 5.39 3.42
1.87 4.11 5.03 3.14
1.87 3.84 5.35 3.19
1.85 4.02 5.19 3.21
1.87 3.7 5.58 3.28
1.87 3.98 5.38 3.36
1.85 3.87 5.51 3.38
1.87 3.88 5.19 3.07
1.82 3.64 5.43 3.07
1.88 4.01 5.26 3.27
1.84 3.66 5.43 3.09
1.89 4.35 5.14 3.49
1.88 3.78 5.55 3.33
1.87 3.78 5.27 3.05
1.85 3.96 5.19 3.15
1.83 3.78 5.43 3.21
1.89 4.35 5.0 3.35
1.88 3.47 5.63 3.1
1.82 3.58 5.59 3.17
1.85 3.78 5.67 3.45
1.76 3.57 5.78 3.35
1.91 3.98 5.05 3.03
1.86 3.37 5.61 2.98
1.85 3.57 5.72 3.29
1.86 3.84 5.41 3.25
1.83 3.5 5.82 3.32
1.9 4.14 5.39 3.53
1.82 3.65 5.5 3.15
1.91 3.98 5.11 3.09
1.84 3.95 5.19 3.14
1.86 4.09 5.35 3.44
1.88 3.85 5.32 3.17
1.85 4.07 5.28 3.35
1.9 4.65 4.79 3.44
1.87 3.7 5.54 3.24
1.84 3.32 5.59 2.91
1.92 3.6 5.67 3.27
1.87 3.76 5.58 3.34
1.91 4.19 5.41 3.6
1.83 3.71 5.47 3.18
1.81 3.43 5.74 3.17
1.87 3.67 5.55 3.22
1.88 4.17 5.09 3.26
1.86 3.85 5.41 3.26
1.91 4.34 5.04 3.38
1.86 4.45 4.79 3.24
1.88 3.61 5.36 2.97
1.85 4.25 5.21 3.46
1.86 4.07 5.2 3.27
1.85 3.61 5.62 3.23
1.93 4.09 4.94 3.03
1.83 3.52 5.69 3.21
1.84 3.57 5.77 3.34
1.9 4.37 5.26 3.63
1.92 3.99 5.17 3.16
1.81 4.26 5.29 3.55
1.88 3.58 5.31 2.89
1.93 4.55 4.91 3.46
1.89 3.83 5.26 3.09
1.89 3.54 5.65 3.19
1.89 3.72 5.32 3.04
1.81 3.57 5.79 3.36
1.85 3.51 5.55 3.06
1.83 4.01 5.31 3.32
1.85 3.47 5.45 2.92
1.82 4.25 5.02 3.27
1.82 3.65 5.44 3.09
1.84 3.84 5.47 3.31
1.79 3.67 5.45 3.12
1.87 3.46 5.83 3.29
1.78 3.78 5.56 3.34
1.89 3.95 5.45 3.4
1.84 3.68 5.44 3.12
1.91 4.12 5.41 3.53
1.89 4.25 5.09 3.34
1.83 3.71 5.63 3.34
1.9 4.06 5.43 3.49
1.87 3.45 5.56 3.01
1.9 3.93 5.7 3.63
1.81 3.47 5.97 3.44
1.81 3.69 5.37 3.06
1.85 3.8 5.33 3.13
1.85 3.74 5.45 3.19
1.81 3.53 5.53 3.06
1.95 4.08 4.99 3.07
1.9 3.85 5.61 3.46
1.84 3.92 5.54 3.46
1.8 3.12 6.05 3.17
1.89 4.11 5.36 3.47
1.88 3.91 5.27 3.18
1.85 4.08 5.04 3.12
1.87 3.53 5.73 3.26
1.9 3.88 5.43 3.31
1.86 3.98 5.24 3.22
1.87 3.83 5.3 3.13
1.82 3.87 5.47 3.34
1.86 3.94 5.31 3.25
1.88 3.89 5.29 3.18
1.78 3.59 5.41 3.0
1.79 3.77 5.61 3.38
1.85 3.64 5.61 3.25
1.89 3.74 5.51 3.25
1.84 4.08 5.13 3.21
1.88 3.95 5.29 3.24
1.85 3.65 5.65 3.3
1.87 4.02 5.28 3.3
1.85 4.01 5.46 3.47
1.8 3.43 5.59 3.02
1.88 3.81 5.62 3.43
1.87 3.46 5.5 2.96
1.86 4.0 5.17 3.17
1.91 3.94 5.22 3.16
1.89 4.14 5.36 3.5
1.87 3.96 5.26 3.22
1.82 3.73 5.7 3.43
1.84 3.51 5.66 3.17
1.87 3.8 5.54 3.34
1.83 3.78 5.29 3.07
1.86 3.78 5.5 3.28
1.88 4.08 5.12 3.2
1.8 3.73 5.36 3.09
1.86 3.47 5.7 3.17
1.81 3.74 5.53 3.27
1.83 3.5 5.69 3.19
1.88 4.04 5.03 3.07
1.81 3.44 5.86 3.3
1.84 3.56 5.57 3.13
1.87 3.76 5.23 2.99
1.89 3.57 5.72 3.29
1.91 4.17 5.04 3.21
1.81 3.59 5.59 3.18
1.89 4.13 5.06 3.19
1.88 4.59 4.79 3.38
1.87 3.65 5.47 3.12
1.85 3.29 5.78 3.07
1.89 3.83 5.57 3.4
1.89 3.91 5.33 3.24
1.87 3.83 5.52 3.35
1.9 4.04 5.09 3.13
1.85 4.02 5.21 3.23
1.9 4.2 5.15 3.35
1.94 4.24 4.88 3.12
1.92 4.09 5.13 3.22
1.87 3.54 5.88 3.42
1.82 3.98 5.2 3.18
1.9 3.92 5.22 3.14
1.81 3.58 5.81 3.39
1.86 4.18 5.12 3.3
1.91 4.04 5.22 3.26
1.75 3.59 5.49 3.08
1.85 3.75 5.65 3.4
1.89 3.97 5.33 3.3
1.87 4.13 5.4 3.53
1.81 3.83 5.57 3.4
1.82 4.05 5.34 3.39
1.87 4.26 5.1 3.36
1.86 4.44 5.18 3.62
1.9 3.98 5.15 3.13
1.81 3.19 5.81 3.0
1.81 3.95 5.21 3.16
1.85 4.1 5.25 3.35
1.86 4.21 5.03 3.24
1.9 3.79 5.67 3.46
1.89 4.25 5.27 3.52
1.84 3.51 5.77 3.28
1.83 3.65 5.55 3.2
1.8 3.6 5.6 3.2
1.88 3.78 5.3 3.08
1.85 3.74 5.53 3.27
1.81 4.39 5.27 3.66
1.82 3.82 5.63 3.45
1.89 4.21 5.1 3.31
1.83 4.04 5.14 3.18
1.86 3.88 5.4 3.28
1.88 3.56 5.69 3.25
1.84 3.47 5.77 3.24
1.9 3.93 5.24 3.17
1.83 3.74 5.4 3.14
1.83 3.85 5.24 3.09
1.9 3.77 5.57 3.34
1.86 4.16 5.19 3.35
1.85 3.9 5.26 3.16
1.78 3.59 5.41 3.0
1.83 3.63 5.51 3.14
1.8 3.77 5.49 3.26
1.87 3.97 5.12 3.09
1.85 3.63 5.49 3.12
1.85 3.83 5.48 3.31
1.86 3.96 5.37 3.33
1.84 3.65 5.5 3.15
1.87 4.37 5.13 3.5
1.87 4.16 4.84 3.0
1.83 3.91 5.33 3.24
1.89 3.91 5.18 3.09
1.85 3.38 5.74 3.12
1.81 3.11 6.05 3.16
1.86 4.21 4.98 3.19
1.83 4.15 5.38 3.53
1.93 4.32 5.0 3.32
1.87 3.87 5.56 3.43
1.85 4.4 5.17 3.57
1.82 3.58 5.41 2.99
1.88 4.49 5.18 3.67
1.81 3.45 5.73 3.18
1.89 3.95 5.31 3.26
1.83 3.72 5.54 3.26
1.81 4.24 4.9 3.14
1.85 3.7 5.73 3.43
1.84 3.7 5.49 3.19
1.82 3.85 5.39 3.24
1.82 3.6 5.88 3.48
1.91 4.0 5.24 3.24
1.89 4.1 5.06 3.16
1.85 3.7 5.67 3.37
1.84 3.51 5.6 3.11
1.88 3.69 5.53 3.22
1.81 3.54 5.83 3.37
1.88 3.91 5.3 3.21
1.8 3.36 5.98 3.34
1.81 3.27 5.69 2.96
1.86 4.25 5.02 3.27
1.92 3.92 5.21 3.13
1.85 3.71 5.79 3.5
1.87 4.09 5.16 3.25
1.89 4.07 5.18 3.25
1.78 3.79 5.45 3.24
1.87 3.39 5.55 2.94
1.85 3.59 5.68 3.27
1.83 3.59 5.74 3.33
1.86 3.41 5.53 2.94
1.87 4.37 5.04 3.41
1.89 4.01 5.24 3.25
1.82 3.61 5.36 2.97
1.93 4.67 4.54 3.21
1.9 4.06 5.27 3.33
1.84 3.91 5.54 3.45
1.89 4.39 4.92 3.31
1.86 3.71 5.5 3.21
1.85 3.87 5.43 3.3
1.89 4.14 5.1 3.24
1.85 3.53 5.73 3.26
1.86 4.02 5.32 3.34
1.88 3.75 5.46 3.21
1.89 3.85 5.28 3.13
1.9 4.03 5.37 3.4
1.9 4.37 4.87 3.24
1.81 3.95 5.37 3.32
1.86 4.4 4.83 3.23
1.94 3.62 5.5 3.12
1.86 3.7 5.46 3.16
1.91 4.53 4.74 3.27
1.75 3.4 5.71 3.11
1.91 3.77 5.42 3.19
1.87 3.81 5.55 3.36
1.85 3.79 5.36 3.15
1.88 4.01 5.32 3.33
1.83 4.26 4.92 3.18
1.86 3.78 5.21 2.99
1.89 3.74 5.3 3.04
1.82 3.42 5.45 2.87
1.9 3.96 5.23 3.19
1.82 3.83 5.33 3.16
1.88 3.83 5.55 3.38
1.87 4.25 5.12 3.37
1.88 3.89 5.18 3.07
1.9 3.71 5.57 3.28
1.84 3.76 5.57 3.33
1.84 3.39 5.6 2.99
1.85 3.92 5.35 3.27
1.81 3.46 5.71 3.17
1.88 4.07 5.32 3.39
1.83 3.73 5.73 3.46
1.85 3.53 5.44 2.97
1.81 3.82 5.48 3.3
1.85 3.64 5.59 3.23
1.85 3.9 5.4 3.3
1.84 3.63 5.83 3.46
1.87 3.91 5.54 3.45
1.9 4.13 5.14 3.27
1.84 4.17 5.11 3.28
1.91 4.15 5.22 3.37
1.85 3.55 5.73 3.28
1.84 3.77 5.54 3.31
1.89 4.66 4.88 3.54
1.87 4.39 5.23 3.62
1.84 3.55 5.54 3.09
1.85 4.03 5.2 3.23
1.87 3.85 5.38 3.23
1.86 3.89 5.3 3.19
1.83 3.15 5.99 3.14
1.85 3.69 5.44 3.13
1.83 3.92 5.6 3.52
1.93 4.38 5.04 3.42
1.9 4.52 5.21 3.73
1.91 3.76 5.59 3.35
1.85 3.74 5.34 3.08
1.88 3.49 5.42 2.91
1.84 4.13 5.2 3.33
1.86 4.04 5.05 3.09
1.82 3.3 6.1 3.4
1.82 3.61 5.55 3.16
1.87 4.18 5.06 3.24
1.86 3.97 5.37 3.34
1.84 3.46 5.71 3.17
1.81 3.89 5.6 3.49
1.86 3.67 5.54 3.21
1.89 4.0 5.02 3.02
1.87 4.27 5.01 3.28
1.86 4.34 5.0 3.34
1.94 4.44 4.75 3.19
1.92 4.12 5.22 3.34
1.85 3.63 5.62 3.25
1.88 4.29 5.02 3.31
1.85 3.8 5.45 3.25
1.83 3.72 5.39 3.11
1.85 3.94 5.63 3.57
1.86 3.91 5.68 3.59
1.86 3.76 5.61 3.37
1.85 3.89 5.39 3.28
1.87 4.09 5.32 3.41
1.88 4.2 5.1 3.3
1.87 3.78 5.57 3.35
1.88 4.03 5.31 3.34
1.86 3.55 5.64 3.19
1.91 4.01 5.32 3.33
1.84 3.57 5.37 2.94
1.82 4.02 5.48 3.5
1.86 3.91 5.61 3.52
1.87 3.95 5.29 3.24
1.85 3.94 5.55 3.49
1.89 3.98 5.24 3.22
1.84 4.3 4.99 3.29
1.86 4.42 5.17 3.59
1.82 3.66 5.54 3.2
1.85 3.98 5.27 3.25
1.82 3.43 5.78 3.21
1.85 4.0 5.38 3.38
1.84 3.73 5.45 3.18
1.87 3.77 5.47 3.24
1.91 4.23 5.18 3.41
1.78 3.59 5.57 3.16
1.84 4.15 5.2 3.35
1.84 3.82 5.32 3.14
1.91 3.9 5.26 3.16
1.89 3.92 5.13 3.05
1.93 3.86 5.58 3.44
1.89 4.6 4.68 3.28
1.91 3.79 5.41 3.2
1.87 3.94 5.65 3.59
1.85 4.03 4.96 2.99
1.85 3.87 5.5 3.37
1.89 3.74 5.52 3.26
1.89 3.91 5.59 3.5
1.84 3.85 5.6 3.45
1.88 3.67 5.38 3.05
1.86 3.63 5.6 3.23
1.89 4.31 4.92 3.23
1.89 4.09 5.4 3.49
1.84 3.67 5.35 3.02
1.9 3.68 5.59 3.27
1.81 3.76 5.44 3.2
1.82 3.46 5.58 3.04
1.9 4.03 5.43 3.46
1.9 3.94 5.18 3.12
1.85 3.32 5.9 3.22
1.83 3.65 5.65 3.3
1.81 3.94 5.69 3.63
1.86 3.88 5.25 3.13
1.82 3.79 5.4 3.19
1.83 3.9 5.32 3.22
1.88 3.92 5.06 2.98
1.87 3.56 5.7 3.26
1.87 3.77 5.47 3.24
1.92 4.15 5.19 3.34
1.89 4.14 4.91 3.05
1.83 4.08 5.2 3.28
1.9 3.7 5.29 2.99
1.94 4.09 5.28 3.37
1.88 3.81 5.28 3.09
1.86 3.73 5.58 3.31
1.85 4.01 5.27 3.28
1.85 3.81 5.21 3.02
1.8 3.47 5.8 3.27
1.86 3.75 5.37 3.12
1.88 3.89 5.25 3.14
1.84 3.66 5.58 3.24
1.84 4.12 5.08 3.2
1.92 3.91 5.3 3.21
1.87 4.12 5.13 3.25
1.8 3.9 5.36 3.26
1.84 3.6 5.43 3.03
1.86 4.09 5.23 3.32
1.83 3.42 5.51 2.93
1.83 3.52 5.93 3.45
1.85 4.51 4.84 3.35
1.83 3.94 5.18 3.12
1.79 4.01 5.5 3.51
1.85 3.66 5.62 3.28
1.9 3.88 5.64 3.52
1.86 3.53 5.66 3.19
1.89 4.04 5.12 3.16
1.86 3.96 5.6 3.56
1.86 3.72 5.42 3.14
1.88 4.28 4.85 3.13
1.89 4.33 5.1 3.43
1.92 3.99 5.36 3.35
1.83 3.41 5.72 3.13
1.91 4.07 5.2 3.27
1.83 3.62 5.57 3.19
1.92 3.88 5.13 3.01
1.87 3.72 5.43 3.15
1.81 3.86 5.4 3.26
1.85 3.86 5.45 3.31
1.86 3.8 5.6 3.4
1.84 3.88 5.25 3.13
1.9 4.48 4.76 3.24
1.82 3.52 5.79 3.31
1.84 4.0 5.12 3.12
1.86 3.91 5.37 3.28
1.9 4.42 5.04 3.46
1.83 3.29 5.61 2.9
1.86 4.23 5.18 3.41
1.83 3.59 5.6 3.19
1.83 3.93 5.35 3.28
1.83 3.73 5.5 3.23
1.88 3.71 5.39 3.1
1.82 3.86 5.3 3.16
1.87 4.02 5.08 3.1
1.88 3.99 5.36 3.35
1.84 3.89 5.29 3.18
1.85 3.54 5.49 3.03
1.82 3.46 5.53 2.99
1.92 4.22 5.11 3.33
1.87 3.87 5.11 2.98
1.88 4.05 5.14 3.19
1.84 4.28 5.1 3.38
1.87 3.86 5.37 3.23
1.86 3.49 5.5 2.99
1.83 3.99 5.36 3.35
1.89 4.04 5.02 3.06
1.81 3.61 5.6 3.21
1.82 3.42 5.6 3.02
1.88 4.2 5.02 3.22
1.84 3.72 5.73 3.45
1.88 3.85 5.57 3.42
1.87 3.71 5.4 3.11
1.8 3.37 5.95 3.32
1.83 3.78 5.63 3.41
1.88 3.92 5.38 3.3
1.82 3.73 5.63 3.36
1.8 3.45 5.6 3.05
1.84 3.52 5.54 3.06
1.88 3.68 5.51 3.19
1.86 3.45 5.53 2.98
1.88 4.16 5.26 3.42
1.79 3.55 5.62 3.17
1.89 4.01 5.48 3.49
1.86 3.69 5.35 3.04
1.87 3.65 5.54 3.19
1.86 4.12 5.24 3.36
1.82 4.0 5.21 3.21
1.83 3.87 5.44 3.31
1.86 3.34 5.72 3.06
1.87 4.16 5.3 3.46
1.84 4.04 5.36 3.4
1.86 4.05 5.21 3.26
1.88 4.38 5.01 3.39
1.85 3.43 5.83 3.26
1.85 3.8 4.99 2.79
1.82 3.5 5.5 3.0
1.86 3.95 5.41 3.36
1.88 3.78 5.57 3.35
1.84 4.09 5.25 3.34
1.88 3.44 5.62 3.06
1.89 4.15 5.09 3.24
1.91 4.01 5.4 3.41
1.87 3.31 5.74 3.05
1.89 3.78 5.5 3.28
1.87 4.09 5.12 3.21
1.9 3.99 5.22 3.21
1.85 4.42 5.07 3.49
1.85 4.01 5.32 3.33
1.79 3.45 5.71 3.16
1.89 3.79 5.53 3.32
1.88 3.86 5.55 3.41
1.81 3.77 5.54 3.31
1.85 3.96 5.24 3.2
1.91 3.95 5.25 3.2
1.84 3.54 5.7 3.24
1.86 3.77 5.64 3.41
1.89 4.21 5.0 3.21
1.87 3.84 5.28 3.12
1.86 3.9 5.32 3.22
1.89 3.82 5.53 3.35
1.85 4.38 4.97 3.35
1.82 3.71 5.59 3.3
1.88 4.51 5.03 3.54
1.9 4.03 5.49 3.52
1.87 4.02 5.14 3.16
1.81 3.12 6.03 3.15
1.82 3.86 5.38 3.24
1.84 4.05 5.31 3.36
1.87 3.92 5.15 3.07
1.92 3.75 5.39 3.14
1.82 3.73 5.64 3.37
1.82 3.28 5.85 3.13
1.87 3.95 5.19 3.14
1.84 3.93 5.28 3.21
1.92 3.81 5.13 2.94
1.84 3.76 5.8 3.56
1.8 3.73 5.71 3.44
1.85 4.23 5.14 3.37
1.87 4.14 5.26 3.4
1.85 3.95 5.15 3.1
1.89 4.14 5.11 3.25
1.87 3.86 5.36 3.22
1.9 3.99 5.2 3.19
1.84 3.69 5.34 3.03
1.89 4.23 5.35 3.58
1.84 4.1 5.24 3.34
1.84 3.82 5.4 3.22
1.85 3.85 5.32 3.17
1.88 3.8 5.48 3.28
1.9 4.01 5.3 3.31
1.89 4.35 5.19 3.54
1.81 3.74 5.75 3.49
1.84 3.49 5.45 2.94
1.88 4.31 5.17 3.48
1.87 3.87 5.12 2.99
1.88 3.9 5.08 2.98
1.84 3.87 5.44 3.31
1.86 4.16 5.06 3.22
1.93 3.78 5.49 3.27
1.87 4.3 5.22 3.52
1.91 3.75 5.39 3.14
1.87 4.23 5.26 3.49
1.87 3.9 5.36 3.26
1.91 3.67 5.43 3.1
1.87 3.55 5.55 3.1
1.92 4.27 5.1 3.37
1.86 3.78 5.42 3.2
1.88 3.79 5.56 3.35
1.89 4.33 5.15 3.48
1.84 3.5 5.82 3.32
1.88 3.92 5.21 3.13
1.78 3.48 5.61 3.09
1.89 3.6 5.54 3.14
1.89 4.04 5.17 3.21
1.91 3.98 5.22 3.2
1.88 3.94 5.2 3.14
1.89 3.86 5.45 3.31
1.89 4.1 5.15 3.25
1.78 3.84 5.5 3.34
1.81 3.26 5.59 2.85
1.82 3.99 5.11 3.1
1.89 3.85 5.61 3.46
1.84 3.72 5.43 3.15
1.88 3.93 5.09 3.02
1.86 3.95 5.35 3.3
1.87 3.93 5.37 3.3
1.81 4.02 5.08 3.1
1.86 3.85 5.21 3.06
1.87 3.77 5.27 3.04
1.85 3.74 5.89 3.63
1.9 3.86 5.24 3.1
1.86 3.86 5.1 2.96
1.85 4.14 5.02 3.16
1.84 3.6 5.44 3.04
1.88 3.9 5.07 2.97
1.83 3.94 5.36 3.3
1.8 3.46 5.69 3.15
1.94 4.27 5.01 3.28
1.88 3.86 5.35 3.21
1.9 4.14 5.17 3.31
1.84 3.37 5.72 3.09
1.87 4.02 5.1 3.12
1.86 4.09 5.23 3.32
1.88 3.85 5.54 3.39
1.82 3.4 5.77 3.17
1.84 3.66 5.58 3.24
1.79 3.9 5.49 3.39
1.86 3.96 5.38 3.34
1.92 3.82 5.07 2.89
1.87 3.62 5.75 3.37
1.84 3.6 5.67 3.27
1.82 3.32 5.76 3.08
1.83 4.05 5.32 3.37
1.87 3.95 5.45 3.4
1.88 3.78 5.41 3.19
1.9 4.05 5.07 3.12
1.92 4.24 5.18 3.42
1.9 4.35 5.05 3.4
1.85 3.84 5.37 3.21
1.81 3.36 6.06 3.42
1.84 4.26 5.14 3.4
1.86 3.91 5.68 3.59
1.89 3.67 5.43 3.1
1.87 3.7 5.57 3.27
1.83 3.85 5.59 3.44
1.81 3.91 5.65 3.56
1.85 3.69 5.45 3.14
1.88 3.96 5.49 3.45
1.84 3.89 5.3 3.19
1.9 4.03 5.24 3.27
1.81 3.21 5.95 3.16
1.86 3.7 5.56 3.26
1.9 4.05 5.39 3.44
1.82 3.39 5.81 3.2
1.86 3.87 5.49 3.36
1.87 3.94 5.05 2.99
1.92 4.17 5.06 3.23
1.84 4.09 5.25 3.34
1.9 3.72 5.52 3.24
1.84 3.5 5.59 3.09
1.88 3.66 5.46 3.12
1.88 3.78 5.42 3.2
1.88 3.69 5.41 3.1
1.83 3.74 5.55 3.29
1.86 3.27 5.8 3.07
1.82 3.9 5.38 3.28
1.85 3.59 5.72 3.31
1.92 3.58 5.66 3.24
1.87 3.54 5.67 3.21
1.83 4.23 5.33 3.56
1.86 3.81 5.51 3.32
1.87 3.99 5.16 3.15
1.83 3.67 5.76 3.43
1.87 3.78 5.54 3.32
1.87 3.99 5.27 3.26
1.82 3.53 5.54 3.07
1.85 3.64 5.6 3.24
1.89 3.95 5.33 3.28
1.78 3.5 5.78 3.28
1.83 3.58 5.75 3.33
1.86 3.78 5.71 3.49
1.86 3.96 5.4 3.36
1.85 3.97 5.29 3.26
1.87 3.94 5.39 3.33
1.85 3.93 5.53 3.46
1.85 3.75 5.38 3.13
1.81 4.03 5.3 3.33
1.87 4.26 5.19 3.45
1.84 4.03 5.39 3.42
1.87 3.85 5.51 3.36
1.87 4.19 5.25 3.44
1.81 3.25 5.87 3.12
1.8 3.7 5.85 3.55
1.85 4.09 5.45 3.54
1.85 3.74 5.53 3.27
1.9 3.97 5.2 3.17
1.88 3.99 5.12 3.11
1.87 3.79 5.5 3.29
1.88 4.2 4.85 3.05
1.88 3.44 5.78 3.22
1.83 4.08 4.85 2.93
1.88 3.79 5.53 3.32
1.86 3.53 5.76 3.29
1.85 3.67 5.69 3.36
1.84 3.78 5.68 3.46
1.86 3.83 5.5 3.33
1.85 4.39 4.65 3.04
1.85 3.9 5.31 3.21
1.9 3.56 5.52 3.08
1.84 4.08 5.27 3.35
1.85 4.2 5.3 3.5
1.83 3.73 5.64 3.37
1.91 3.97 5.03 3.0
1.87 3.61 5.32 2.93
1.86 3.96 5.41 3.37
1.91 3.84 5.39 3.23
1.82 3.72 5.41 3.13
1.85 3.7 5.47 3.17
1.85 3.96 5.44 3.4
1.85 3.96 5.37 3.33
1.93 4.2 5.34 3.54
1.86 3.66 5.58 3.24
1.87 3.8 5.39 3.19
1.77 3.86 5.23 3.09
1.86 3.68 5.47 3.15
1.82 3.71 5.48 3.19
1.89 3.59 5.43 3.02
1.84 3.92 5.54 3.46
1.85 3.59 5.78 3.37
1.77 3.71 5.76 3.47
1.92 3.94 5.24 3.18
1.86 3.71 5.73 3.44
1.85 3.64 5.82 3.46
1.87 4.33 5.21 3.54
1.91 3.79 5.63 3.42
1.84 3.67 5.73 3.4
1.83 3.34 5.79 3.13
1.87 3.7 5.54 3.24
1.88 3.55 5.55 3.1
1.91 4.2 5.05 3.25
1.82 3.59 5.65 3.24
1.89 3.75 5.3 3.05
1.84 3.8 5.35 3.15
1.9 4.02 5.35 3.37
1.86 4.34 4.93 3.27
1.8 3.96 5.26 3.22
1.79 3.69 5.57 3.26
1.86 3.78 5.42 3.2
1.84 3.6 5.59 3.19
1.85 4.0 5.48 3.48
1.84 3.67 5.74 3.41
1.8 3.66 5.59 3.25
1.86 4.15 5.16 3.31
1.87 4.19 5.25 3.44
1.88 3.91 5.19 3.1
1.8 3.42 5.8 3.22
1.89 3.97 5.5 3.47
1.84 3.95 5.42 3.37
1.84 3.86 5.51 3.37
1.81 3.52 5.48 3.0
1.89 3.55 5.58 3.13
1.8 4.34 4.94 3.28
1.88 4.06 5.39 3.45
1.89 3.82 5.44 3.26
1.86 3.52 5.7 3.22
1.88 3.85 5.37 3.22
1.82 3.32 5.89 3.21
1.86 4.04 5.41 3.45
1.83 4.05 5.64 3.69
1.86 4.0 5.27 3.27
1.92 4.41 4.99 3.4
1.86 3.92 5.31 3.23
1.88 4.0 5.31 3.31
1.84 3.24 5.92 3.16
1.87 3.51 5.71 3.22
1.81 3.68 5.64 3.32
1.84 4.15 5.24 3.39
1.83 3.8 5.59 3.39
1.77 4.1 5.06 3.16
1.79 4.13 5.31 3.44
1.89 4.31 4.94 3.25
1.83 4.04 5.45 3.49
1.85 3.23 5.59 2.82
1.87 3.61 5.58 3.19
1.81 4.06 5.27 3.33
1.86 3.81 5.34 3.15
1.88 3.77 5.39 3.16
1.82 3.82 5.64 3.46
1.83 3.56 5.79 3.35
1.85 3.95 5.31 3.26
1.8 3.37 5.7 3.07
1.86 3.79 5.43 3.22
1.85 3.48 5.64 3.12
1.84 3.7 5.44 3.14
1.85 4.33 4.92 3.25
1.89 4.02 5.39 3.41
1.83 3.41 5.65 3.06
1.85 3.9 5.13 3.03
1.89 3.81 5.58 3.39
1.93 3.55 5.62 3.17
1.89 3.81 5.44 3.25
1.87 4.33 5.02 3.35
1.82 3.65 5.66 3.31
1.86 3.5 5.59 3.09
1.88 3.66 5.51 3.17
1.83 4.04 5.46 3.5
1.85 3.37 5.6 2.97
1.82 3.74 5.4 3.14
1.86 3.75 5.59 3.34
1.83 3.77 5.51 3.28
1.86 4.45 4.83 3.28
1.85 3.68 5.79 3.47
1.86 4.17 4.99 3.16
1.85 3.87 5.45 3.32
1.9 3.84 5.56 3.4
1.9 4.44 4.92 3.36
1.86 3.95 5.2 3.15
1.87 3.99 5.17 3.16
1.89 3.96 5.21 3.17
1.91 4.21 5.4 3.61
1.88 3.58 5.7 3.28
1.86 3.79 5.44 3.23
1.84 3.75 5.32 3.07
1.89 3.67 5.52 3.19
1.82 3.54 5.99 3.53
1.9 4.24 5.17 3.41
1.9 3.5 5.84 3.34
1.86 4.0 5.11 3.11
1.78 3.45 5.59 3.04
1.86 3.36 5.71 3.07
1.78 3.28 5.97 3.25
1.82 3.57 5.41 2.98
1.89 4.18 5.14 3.32
1.88 4.08 5.28 3.36
1.87 4.06 5.06 3.12
1.89 4.25 5.15 3.4
1.88 3.72 5.31 3.03
1.92 4.14 4.77 2.91
1.84 3.77 5.41 3.18
1.84 4.03 5.31 3.34
1.89 4.23 5.07 3.3
1.88 4.13 5.2 3.33
1.89 3.47 5.39 2.86
1.89 3.98 5.24 3.22
1.87 3.75 5.45 3.2
1.87 4.4 4.75 3.15
1.83 3.43 5.67 3.1
1.84 3.79 5.29 3.08
1.88 4.15 5.09 3.24
1.84 3.92 5.54 3.46
1.84 3.68 5.56 3.24
1.86 3.79 5.68 3.47
1.93 4.08 5.02 3.1
1.84 4.27 5.0 3.27
1.9 3.9 5.29 3.19
1.89 4.33 4.78 3.11
1.85 3.54 5.71 3.25
1.81 3.87 5.29 3.16
1.82 3.67 5.9 3.57
1.8 3.77 5.48 3.25
1.86 3.6 5.4 3.0
1.85 4.09 4.96 3.05
1.84 3.88 5.32 3.2
1.88 3.4 5.66 3.06
1.8 3.42 5.81 3.23
1.91 4.29 4.97 3.26
1.8 3.16 6.0 3.16
1.88 3.45 5.92 3.37
1.91 4.39 5.12 3.51
1.82 4.07 5.32 3.39
1.88 3.98 5.11 3.09
1.88 3.54 5.71 3.25
1.89 3.59 5.68 3.27
1.86 3.84 5.45 3.29
1.81 3.54 5.66 3.2
1.89 3.73 5.45 3.18
1.85 4.2 5.19 3.39
1.89 3.9 5.35 3.25
1.81 3.72 5.64 3.36
1.84 3.64 5.63 3.27
1.91 3.91 5.48 3.39
1.86 4.37 5.06 3.43
1.78 3.66 5.56 3.22
1.86 4.04 5.29 3.33
1.84 3.87 5.42 3.29
1.92 3.97 5.19 3.16
1.87 3.96 5.33 3.29
1.84 3.62 5.5 3.12
1.84 3.62 5.77 3.39
1.82 3.94 5.33 3.27
1.87 3.96 5.33 3.29
1.85 3.97 5.26 3.23
1.84 3.63 5.43 3.06
1.85 3.33 5.77 3.1
1.79 3.37 5.71 3.08
1.86 3.91 5.15 3.06
1.82 3.83 5.45 3.28
1.88 4.24 5.11 3.35
1.95 4.22 5.29 3.51
1.85 3.53 5.77 3.3
1.8 3.47 5.51 2.98
1.88 3.7 5.49 3.19
1.8 4.04 5.13 3.17
1.89 4.13 5.15 3.28
1.85 4.03 5.16 3.19
1.91 4.29 5.18 3.47
1.86 4.08 5.42 3.5
1.85 3.72 5.63 3.35
1.86 3.91 5.32 3.23
1.86 4.17 5.03 3.2
1.87 3.85 5.04 2.89
1.8 3.95 5.42 3.37
1.9 4.03 5.37 3.4
1.88 3.52 5.54 3.06
1.83 3.6 5.54 3.14
1.86 4.04 5.28 3.32
1.8 4.07 5.34 3.41
1.86 3.56 5.55 3.11
1.9 4.07 4.85 2.92
1.86 3.65 5.72 3.37
1.83 3.51 5.81 3.32
1.83 3.53 5.47 3.0
1.88 4.74 4.57 3.31
1.88 4.37 5.04 3.41
1.83 4.18 5.37 3.55
1.85 3.71 5.23 2.94
1.86 4.37 5.26 3.63
1.91 4.29 5.0 3.29
1.91 3.79 5.22 3.01
1.83 4.14 5.49 3.63
1.8 3.64 5.6 3.24
1.87 3.81 5.41 3.22
1.82 3.8 5.33 3.13
1.87 3.68 5.43 3.11
1.76 3.7 5.94 3.64
1.81 3.74 5.48 3.22
1.88 4.0 5.21 3.21
1.82 3.87 5.27 3.14
1.82 3.96 5.3 3.26
1.85 3.94 5.44 3.38
1.87 3.75 5.22 2.97
1.86 3.88 5.47 3.35
1.9 3.85 5.61 3.46
1.9 3.54 5.4 2.94
1.88 4.31 5.25 3.56
1.82 3.75 5.69 3.44
1.87 3.7 5.62 3.32
1.77 3.66 5.67 3.33
1.86 4.08 4.97 3.05
1.84 4.07 5.41 3.48
1.89 3.74 5.54 3.28
1.88 4.01 5.03 3.04
1.85 4.46 4.86 3.32
1.84 3.8 5.38 3.18
1.88 3.98 5.19 3.17
1.89 3.73 5.47 3.2
1.81 3.72 5.63 3.35
1.89 3.85 5.67 3.52
1.79 3.63 5.6 3.23
1.86 3.91 5.48 3.39
1.83 4.15 5.26 3.41
1.92 4.31 4.93 3.24
1.78 3.11 5.95 3.06
1.87 3.56 5.69 3.25
1.84 3.83 5.33 3.16
1.86 3.77 5.49 3.26
1.88 3.59 5.85 3.44
1.79 3.66 5.58 3.24
1.87 4.03 5.25 3.28
1.89 3.95 5.45 3.4
1.84 3.96 5.39 3.35
1.91 3.96 5.18 3.14
1.84 3.78 5.35 3.13
1.83 3.73 5.73 3.46
1.87 4.39 5.18 3.57
1.88 3.68 5.71 3.39
1.85 3.7 5.58 3.28
1.81 3.91 5.51 3.42
1.9 3.86 5.31 3.17
1.84 3.68 5.56 3.24
1.85 4.06 5.17 3.23
1.92 3.5 5.82 3.32
1.89 4.04 5.21 3.25
1.83 3.65 5.7 3.35
1.9 3.69 5.33 3.02
1.86 3.86 5.08 2.94
1.84 3.57 5.73 3.3
1.82 4.02 5.28 3.3
1.84 3.83 5.53 3.36
1.85 3.52 5.83 3.35
1.87 4.09 5.2 3.29
1.92 4.42 4.88 3.3
1.83 3.66 5.61 3.27
1.81 3.58 5.61 3.19
1.79 3.44 5.41 2.85
1.88 4.09 5.14 3.23
1.83 3.84 5.45 3.29
1.84 3.84 5.29 3.13
1.87 4.48 5.14 3.62
1.85 3.79 5.44 3.23
1.89 3.88 5.44 3.32
1.87 3.88 5.37 3.25
1.83 3.68 5.54 3.22
1.92 3.4 5.65 3.05
1.88 4.0 5.22 3.22
1.85 4.14 5.26 3.4
1.85 3.83 5.46 3.29
1.9 3.93 5.35 3.28
1.78 3.52 5.68 3.2
1.83 3.72 5.53 3.25
1.83 3.93 5.23 3.16
1.87 3.77 5.51 3.28
1.83 3.95 5.07 3.02
1.88 3.76 5.54 3.3
1.85 3.9 5.38 3.28
1.82 3.76 5.21 2.97
1.85 3.83 5.48 3.31
1.83 4.15 5.19 3.34
1.79 3.65 5.6 3.25
1.88 3.96 5.45 3.41
1.87 3.91 5.41 3.32
1.85 3.65 5.63 3.28
1.85 3.67 5.53 3.2
1.87 4.06 5.05 3.11
1.87 3.82 5.38 3.2
1.87 3.58 5.43 3.01
1.86 3.79 5.36 3.15
1.83 3.48 5.7 3.18
1.87 3.77 5.51 3.28
1.87 4.11 5.13 3.24
1.86 4.07 5.24 3.31
1.86 4.06 5.2 3.26
1.83 3.79 5.4 3.19
1.87 3.93 5.31 3.24
1.83 3.81 5.4 3.21
1.86 3.72 5.5 3.22
1.85 3.77 5.63 3.4
1.8 3.44 6.01 3.45
1.88 4.31 5.23 3.54
1.87 3.98 5.44 3.42
1.84 3.55 5.84 3.39
1.91 3.54 5.63 3.17
1.89 3.96 5.3 3.26
1.89 4.35 5.22 3.57
1.88 4.36 5.11 3.47
1.81 3.82 5.51 3.33
1.85 3.74 5.62 3.36
1.9 4.18 5.25 3.43
1.84 4.05 5.17 3.22
1.88 3.85 5.32 3.17
1.87 4.15 5.03 3.18
1.84 4.09 5.16 3.25
1.88 3.74 5.68 3.42
1.91 3.74 5.14 2.88
1.89 3.56 5.47 3.03
1.85 3.6 5.42 3.02
1.87 3.81 5.41 3.22
1.86 3.41 5.93 3.34
1.84 3.85 5.23 3.08
1.83 3.48 5.56 3.04
1.84 3.57 5.66 3.23
1.87 3.88 5.32 3.2
1.88 3.88 5.43 3.31
1.89 3.79 5.6 3.39
1.87 3.73 5.38 3.11
1.81 3.49 5.46 2.95
1.87 4.0 5.28 3.28
1.83 4.13 5.23 3.36
1.84 4.46 5.04 3.5
1.86 3.4 5.71 3.11
1.88 4.06 5.42 3.48
1.89 4.4 5.06 3.46
1.83 3.85 5.42 3.27
1.84 3.35 5.82 3.17
1.91 4.14 5.34 3.48
1.86 3.49 5.81 3.3
1.88 3.92 5.52 3.44
1.89 3.98 5.18 3.16
1.91 3.46 5.71 3.17
1.85 3.73 5.52 3.25
1.81 4.05 5.19 3.24
1.88 3.53 5.69 3.22
1.86 3.63 5.66 3.29
1.83 3.68 5.67 3.35
1.88 4.06 5.19 3.25
1.84 4.35 5.08 3.43
1.86 4.11 5.41 3.52
1.91 3.81 5.29 3.1
1.89 4.02 5.36 3.38
1.86 3.97 5.5 3.47
1.84 3.58 5.4 2.98
1.88 3.8 5.49 3.29
1.86 4.19 4.97 3.16
1.89 3.93 5.15 3.08
1.78 4.1 5.11 3.21
1.86 3.64 5.42 3.06
1.85 3.63 5.53 3.16
1.87 3.75 5.5 3.25
1.84 3.42 5.58 3.0
1.87 4.2 5.37 3.57
1.86 4.07 5.17 3.24
1.92 4.14 5.07 3.21
1.83 3.85 5.51 3.36
1.89 3.31 5.7 3.01
1.89 3.83 5.61 3.44
1.91 3.7 5.36 3.06
1.84 3.94 5.38 3.32
1.85 3.77 5.38 3.15
1.85 3.57 5.48 3.05
1.85 3.33 5.72 3.05
1.87 3.99 5.29 3.28
1.86 4.09 5.41 3.5
1.8 3.41 5.55 2.96
1.82 4.18 5.07 3.25
1.88 4.3 5.1 3.4
1.88 4.14 5.19 3.33
1.89 3.93 5.38 3.31
1.83 4.06 5.27 3.33
1.89 3.79 5.29 3.08
1.83 3.66 5.58 3.24
1.82 3.61 5.72 3.33
1.9 4.32 5.16 3.48
1.87 3.81 5.41 3.22
1.87 4.05 5.21 3.26
1.84 3.26 6.15 3.41
1.75 3.69 5.78 3.47
1.89 3.64 5.35 2.99
1.88 4.46 4.91 3.37
1.88 4.22 5.05 3.27
1.79 4.11 5.31 3.42
1.87 3.85 5.32 3.17
1.89 3.98 5.27 3.25
1.89 3.97 5.36 3.33
1.9 4.34 5.07 3.41
1.89 4.19 5.1 3.29
1.85 4.32 4.88 3.2
1.85 3.48 5.77 3.25
1.91 4.11 4.89 3.0
1.8 3.54 5.67 3.21
1.84 3.91 5.38 3.29
1.88 3.74 5.47 3.21
1.85 3.83 5.51 3.34
1.86 3.88 5.36 3.24
1.85 3.97 5.29 3.26
1.83 3.75 5.47 3.22
1.86 3.64 5.62 3.26
1.84 4.16 5.18 3.34
1.85 4.24 5.17 3.41
1.91 3.77 5.3 3.07
1.8 3.56 5.55 3.11
1.86 3.97 5.24 3.21
1.89 4.28 5.09 3.37
1.9 3.67 5.56 3.23
1.89 3.59 5.46 3.05
1.9 4.37 5.11 3.48
1.85 3.88 5.33 3.21
1.88 3.8 5.28 3.08
1.87 3.81 5.47 3.28
1.85 3.99 5.28 3.27
1.89 4.06 5.51 3.57
1.84 3.86 5.37 3.23
1.87 4.08 5.27 3.35
1.84 3.88 5.34 3.22
1.76 3.41 5.72 3.13
1.82 3.88 5.4 3.28
1.85 3.89 5.44 3.33
1.86 3.8 5.67 3.47
1.81 3.89 5.24 3.13
1.83 3.71 5.34 3.05
1.91 4.11 5.08 3.19
1.88 3.68 5.65 3.33
1.83 4.31 4.96 3.27
1.86 4.0 5.28 3.28
1.88 4.19 5.16 3.35
1.87 3.74 5.19 2.93
1.89 3.96 5.16 3.12
1.87 3.75 5.49 3.24
1.89 4.37 5.15 3.52
1.84 3.56 5.83 3.39
1.91 4.11 5.11 3.22
1.88 3.82 5.37 3.19
1.91 4.2 5.22 3.42
1.84 4.03 5.18 3.21
1.87 4.01 5.37 3.38
1.86 3.95 5.22 3.17
1.9 4.0 5.24 3.24
1.91 3.66 5.44 3.1
1.86 4.05 5.12 3.17
1.86 4.03 5.31 3.34
1.91 3.89 5.51 3.4
1.81 3.87 5.62 3.49
1.84 3.78 5.39 3.17
1.86 3.58 5.61 3.19
1.87 4.0 5.13 3.13
1.83 3.5 5.47 2.97
1.86 3.92 5.3 3.22
1.85 3.89 5.25 3.14
1.91 4.03 5.26 3.29
1.88 3.8 5.31 3.11
1.87 3.5 5.41 2.91
1.86 3.91 5.38 3.29
1.74 3.5 5.94 3.44
1.81 3.56 5.61 3.17
1.83 3.96 5.31 3.27
1.89 4.09 5.09 3.18
1.84 3.43 5.35 2.78
1.85 3.8 5.25 3.05
1.82 3.87 5.31 3.18
1.91 4.12 5.38 3.5
1.89 4.16 5.24 3.4
1.85 4.04 5.29 3.33
1.85 3.57 5.6 3.17
1.81 4.09 5.04 3.13
1.86 3.83 5.3 3.13
1.85 4.1 5.21 3.31
1.88 4.03 5.36 3.39
1.9 3.88 5.38 3.26
1.87 4.02 5.32 3.34
1.89 3.7 5.56 3.26
1.8 3.23 5.96 3.19
1.83 3.64 5.54 3.18
1.92 3.76 5.48 3.24
1.85 3.82 5.51 3.33
1.86 4.17 5.31 3.48
1.88 3.98 5.44 3.42
1.89 4.13 5.12 3.25
1.83 4.1 5.28 3.38
1.89 3.93 5.34 3.27
1.82 3.69 5.56 3.25
1.79 3.79 5.35 3.14
1.84 3.98 5.17 3.15
1.82 3.89 5.38 3.27
1.9 4.03 5.27 3.3
1.88 3.76 5.3 3.06
1.87 4.3 4.98 3.28
1.93 4.13 5.03 3.16
1.92 4.25 4.9 3.15
1.87 4.12 5.26 3.38
1.86 4.01 5.37 3.38
1.9 3.93 5.41 3.34
1.83 3.99 5.52 3.51
1.84 4.17 5.26 3.43
1.93 4.24 4.88 3.12
1.86 4.19 5.27 3.46
1.83 3.96 5.09 3.05
1.86 3.78 5.36 3.14
1.89 3.94 5.33 3.27
1.91 3.99 5.19 3.18
1.91 4.13 5.16 3.29
1.87 4.1 5.07 3.17
1.83 3.98 5.52 3.5
1.89 3.89 5.12 3.01
1.89 4.4 5.08 3.48
1.86 4.53 5.03 3.56
1.83 3.8 5.29 3.09
1.83 4.09 5.29 3.38
1.89 3.63 5.86 3.49
1.89 4.02 5.15 3.17
1.87 4.09 5.02 3.11
1.84 3.86 5.39 3.25
1.85 3.79 5.33 3.12
1.83 3.92 5.27 3.19
1.84 4.08 5.3 3.38
1.93 4.24 5.12 3.36
1.83 3.79 5.59 3.38
1.92 4.41 4.87 3.28
1.84 4.29 5.29 3.58
1.94 4.08 5.33 3.41
1.85 3.95 5.26 3.21
1.82 3.88 5.08 2.96
1.9 3.78 5.32 3.1
1.91 3.78 5.59 3.37
1.9 3.72 5.6 3.32
1.87 3.85 5.42 3.27
1.86 4.31 5.14 3.45
1.86 3.77 5.46 3.23
1.86 3.82 5.47 3.29
1.81 3.18 6.0 3.18
1.8 3.76 5.53 3.29
1.86 4.1 5.27 3.37
1.83 3.93 5.45 3.38
1.84 3.76 5.51 3.27
1.85 3.65 5.58 3.23
1.91 4.23 5.18 3.41
1.84 3.67 5.46 3.13
1.9 3.94 5.34 3.28
1.89 4.14 5.12 3.26
1.87 4.03 5.45 3.48
1.87 3.86 5.49 3.35
1.89 3.85 5.09 2.94
1.82 3.63 5.66 3.29
1.87 3.85 5.68 3.53
1.79 3.65 5.81 3.46
1.83 3.77 5.55 3.32
1.86 3.91 5.33 3.24
1.84 4.0 5.14 3.14
1.85 3.84 5.44 3.28
1.9 4.09 5.13 3.22
1.9 4.08 5.46 3.54
1.87 3.56 5.99 3.55
1.84 3.71 5.68 3.39
1.86 3.74 5.46 3.2
1.89 4.45 4.82 3.27
1.81 3.96 5.26 3.22
1.89 3.53 5.6 3.13
1.88 3.76 5.47 3.23
1.78 3.41 5.84 3.25
1.87 4.02 5.45 3.47
1.92 4.16 4.94 3.1
1.87 3.69 5.38 3.07
1.88 4.15 5.25 3.4
1.87 3.87 5.47 3.34
1.94 4.26 5.03 3.29
1.9 4.05 5.18 3.23
1.87 3.95 5.44 3.39
1.88 3.92 5.38 3.3
1.83 4.12 5.25 3.37
1.86 4.46 4.95 3.41
1.83 3.83 5.41 3.24
1.93 3.89 5.27 3.16
1.92 4.11 5.44 3.55
1.82 3.77 5.45 3.22
1.88 3.95 5.29 3.24
1.89 4.12 5.19 3.31
1.9 4.14 5.21 3.35
1.89 4.45 4.98 3.43
1.83 3.61 5.78 3.39
1.86 3.98 5.51 3.49
1.87 3.93 5.45 3.38
1.92 3.86 5.25 3.11
1.88 3.61 5.3 2.91
1.81 3.86 5.35 3.21
1.87 3.92 5.37 3.29
1.79 3.76 5.48 3.24
1.84 3.73 5.38 3.11
1.9 3.76 5.46 3.22
1.88 4.3 4.97 3.27
1.87 3.58 5.51 3.09
1.8 3.85 5.38 3.23
1.83 3.53 5.67 3.2
1.85 3.56 5.5 3.06
1.9 3.97 5.01 2.98
1.89 3.75 5.59 3.34
1.89 3.4 5.68 3.08
1.89 4.05 5.33 3.38
1.82 3.5 5.85 3.35
1.79 3.75 5.47 3.22
1.91 4.08 5.16 3.24
1.81 3.73 5.56 3.29
1.8 3.25 5.91 3.16
1.76 3.12 6.1 3.22
1.91 3.96 5.4 3.36
1.79 3.79 5.44 3.23
1.87 4.34 5.23 3.57
1.84 4.08 5.42 3.5
1.89 3.44 5.67 3.11
1.81 3.86 5.48 3.34
1.91 3.82 5.65 3.47
1.86 3.54 5.51 3.05
1.87 4.18 5.45 3.63
1.87 3.87 5.39 3.26
1.85 3.56 5.72 3.28
1.89 3.85 5.16 3.01
1.86 3.89 5.19 3.08
1.87 3.41 5.77 3.18
1.86 3.49 5.63 3.12
1.85 4.31 5.15 3.46
1.9 3.59 5.34 2.93
1.91 3.97 5.54 3.51
1.85 4.08 5.17 3.25
1.89 3.69 6.01 3.7
1.8 3.32 5.81 3.13
1.88 4.07 5.14 3.21
1.84 4.14 5.4 3.54
1.88 4.15 5.17 3.32
1.88 3.58 5.64 3.22
1.83 3.59 5.65 3.24
1.85 4.06 5.46 3.52
1.9 4.01 5.47 3.48
1.88 3.69 5.56 3.25
1.85 3.58 5.42 3.0
1.87 4.14 5.05 3.19
1.89 3.55 5.59 3.14
1.81 3.28 5.81 3.09
1.88 3.83 5.44 3.27
1.91 3.9 5.28 3.18
1.88 4.06 5.28 3.34
1.84 3.9 5.22 3.12
1.79 3.6 5.7 3.3
1.82 3.75 5.31 3.06
1.81 3.69 5.38 3.07
1.85 3.77 5.68 3.45
1.88 4.13 5.18 3.31
1.83 3.75 5.56 3.31
1.88 3.89 5.41 3.3
1.87 3.95 5.27 3.22
1.86 3.5 5.79 3.29
1.85 4.03 5.14 3.17
1.92 3.77 5.06 2.83
1.83 3.55 5.53 3.08
1.89 3.71 5.62 3.33
1.9 4.11 5.38 3.49
1.86 3.84 5.72 3.56
1.85 3.79 5.54 3.33
1.87 3.93 5.32 3.25
1.83 3.79 5.38 3.17
1.74 3.4 5.57 2.97
1.84 4.21 5.26 3.47
1.88 4.29 4.97 3.26
1.83 3.46 5.63 3.09
1.8 3.25 5.58 2.83
1.81 3.57 5.58 3.15
1.81 3.52 5.75 3.27
1.91 3.67 5.51 3.18
1.85 3.87 5.43 3.3
1.85 4.05 5.16 3.21
1.87 3.98 5.18 3.16
1.87 4.14 4.91 3.05
1.84 3.13 6.04 3.17
1.8 3.72 5.17 2.89
1.78 3.53 5.62 3.15
1.91 3.96 5.3 3.26
1.89 3.55 5.88 3.43
1.85 3.96 5.17 3.13
1.88 4.01 5.26 3.27
1.89 4.04 5.14 3.18
1.85 3.51 5.73 3.24
1.89 4.21 5.28 3.49
1.85 3.66 5.63 3.29
1.84 3.52 5.9 3.42
1.87 3.74 5.57 3.31
1.88 4.17 5.38 3.55
1.89 3.77 5.61 3.38
1.82 4.01 5.24 3.25
1.85 4.0 5.46 3.46
1.89 4.09 5.38 3.47
1.89 4.31 5.15 3.46
1.85 3.68 5.61 3.29
1.84 3.98 5.15 3.13
1.85 3.57 5.61 3.18
1.83 3.67 5.28 2.95
1.85 3.94 5.25 3.19
1.83 3.88 5.54 3.42
1.81 3.73 5.58 3.31
1.84 3.45 5.71 3.16
1.88 3.89 5.65 3.54
1.78 3.98 5.38 3.36
1.82 3.91 5.48 3.39
1.81 3.87 5.4 3.27
1.88 4.26 4.94 3.2
1.85 3.73 5.51 3.24
1.87 3.92 5.39 3.31
1.88 4.13 5.2 3.33
1.83 3.65 5.62 3.27
1.82 3.87 5.69 3.56
1.88 3.88 5.42 3.3
1.84 3.62 5.49 3.11
1.86 3.82 5.56 3.38
1.82 3.84 5.59 3.43
1.87 3.65 5.43 3.08
1.87 4.06 5.47 3.53
1.87 3.61 5.64 3.25
1.86 3.92 5.3 3.22
1.88 4.51 5.02 3.53
1.85 4.33 4.96 3.29
1.86 3.96 5.12 3.08
1.87 3.84 5.42 3.26
1.93 4.21 5.14 3.35
1.83 3.47 5.87 3.34
1.89 3.93 5.35 3.28
1.81 4.09 5.26 3.35
1.8 3.99 4.98 2.97
1.88 3.67 5.28 2.95
1.82 3.77 5.53 3.3
1.86 3.8 5.56 3.36
1.86 3.72 5.49 3.21
1.84 4.03 5.24 3.27
1.87 4.63 4.71 3.34
1.86 3.5 5.54 3.04
1.78 3.56 5.77 3.33
1.87 4.03 5.33 3.36
1.87 4.23 5.34 3.57
1.86 4.29 5.07 3.36
1.87 4.13 5.15 3.28
1.9 3.97 5.24 3.21
1.87 3.75 5.43 3.18
1.82 3.58 5.55 3.13
1.91 3.39 5.66 3.05
1.84 3.93 5.25 3.18
1.87 4.11 5.28 3.39
1.88 4.06 5.4 3.46
1.8 3.41 5.87 3.28
1.93 4.67 4.79 3.46
1.89 3.85 5.31 3.16
1.88 3.99 5.3 3.29
1.86 3.78 5.41 3.19
1.81 3.29 5.89 3.18
1.85 4.07 5.43 3.5
1.85 4.14 5.31 3.45
1.89 3.94 5.27 3.21
1.88 3.11 5.96 3.07
1.83 3.76 5.16 2.92
1.83 3.68 5.4 3.08
1.82 3.8 5.42 3.22
1.91 3.98 5.32 3.3
1.88 3.92 5.3 3.22
1.83 4.02 5.37 3.39
1.82 3.84 5.38 3.22
1.82 3.67 5.81 3.48
1.84 4.17 5.13 3.3
1.86 3.84 5.55 3.39
1.88 3.88 5.27 3.15
1.88 4.48 4.94 3.42
1.94 4.36 5.03 3.39
1.81 3.53 5.76 3.29
1.85 4.1 5.49 3.59
1.86 3.73 5.45 3.18
1.85 4.33 4.81 3.14
1.84 3.73 5.69 3.42
1.81 3.81 5.47 3.28
1.84 4.01 5.24 3.25
1.84 3.56 5.74 3.3
1.81 3.4 5.88 3.28
1.86 4.08 5.14 3.22
1.88 4.0 5.54 3.54
1.92 4.17 4.97 3.14
1.88 4.25 5.15 3.4
1.81 3.88 5.23 3.11
1.78 3.6 5.55 3.15
1.86 3.83 5.4 3.23
1.84 3.72 5.65 3.37
1.85 3.85 5.59 3.44
1.82 4.09 5.23 3.32
1.83 3.74 5.59 3.33
1.82 3.44 5.9 3.34
1.87 3.73 5.56 3.29
1.91 4.35 5.06 3.41
1.87 3.75 5.52 3.27
1.87 3.69 5.53 3.22
1.86 4.01 5.25 3.26
1.89 4.08 5.26 3.34
1.9 4.36 5.08 3.44
1.87 4.3 5.0 3.3
1.82 3.5 5.64 3.14
1.81 4.05 5.21 3.26
1.9 4.09 5.45 3.54
1.83 3.57 5.74 3.31
1.9 3.76 5.46 3.22
1.82 4.11 5.25 3.36
1.85 4.03 5.43 3.46
1.82 3.62 5.45 3.07
1.88 4.2 4.89 3.09
1.88 4.25 5.11 3.36
1.86 4.23 5.23 3.46
1.89 3.87 5.39 3.26
1.87 4.02 5.33 3.35
1.83 3.27 5.75 3.02
1.88 3.75 5.66 3.41
1.83 3.63 5.55 3.18
1.91 4.19 5.25 3.44
1.88 3.94 5.25 3.19
1.85 3.97 5.4 3.37
1.91 3.75 5.51 3.26
1.85 3.69 5.4 3.09
1.8 3.69 5.52 3.21
1.81 3.67 5.4 3.07
1.85 3.58 5.48 3.06
1.86 3.6 5.6 3.2
1.88 4.15 5.24 3.39
1.85 3.87 5.58 3.45
1.84 3.76 5.68 3.44
1.88 3.81 5.56 3.37
1.87 3.74 5.52 3.26
1.85 3.81 5.72 3.53
1.85 3.81 5.39 3.2
1.82 3.65 5.58 3.23
1.87 4.11 5.33 3.44
1.86 3.64 5.78 3.42
1.82 3.65 5.75 3.4
1.87 4.36 4.94 3.3
1.83 3.53 5.88 3.41
1.84 3.82 5.44 3.26
1.85 3.71 5.36 3.07
1.88 3.71 5.57 3.28
1.88 3.6 5.72 3.32
1.87 3.92 5.19 3.11
1.79 3.77 5.87 3.64
1.9 4.48 4.98 3.46
1.89 3.38 5.71 3.09
1.83 3.81 5.11 2.92
1.89 4.25 5.04 3.29
1.9 3.85 5.42 3.27
1.87 4.19 5.1 3.29
1.88 3.86 5.61 3.47
1.84 4.0 5.72 3.72
1.8 3.88 5.05 2.93
1.83 3.84 5.48 3.32
1.87 3.6 5.67 3.27
1.83 4.04 5.17 3.21
1.89 3.72 5.66 3.38
1.84 3.86 5.16 3.02
1.84 4.0 5.23 3.23
1.85 4.25 5.04 3.29
1.81 3.66 5.64 3.3
1.86 3.94 5.21 3.15
1.78 3.74 5.33 3.07
1.92 4.16 4.94 3.1
1.84 4.34 5.2 3.54
1.85 3.9 5.54 3.44
1.85 3.78 5.56 3.34
1.86 4.21 5.21 3.42
1.87 3.67 5.65 3.32
1.82 3.57 5.44 3.01
1.86 4.21 5.23 3.44
1.89 4.1 5.18 3.28
1.84 3.85 5.31 3.16
1.84 4.25 5.21 3.46
1.84 4.09 5.04 3.13
1.85 4.06 5.38 3.44
1.8 3.72 5.52 3.24
1.87 4.25 5.09 3.34
1.86 3.89 5.19 3.08
1.84 3.64 5.7 3.34
1.89 4.15 5.08 3.23
1.85 4.06 5.48 3.54
1.88 4.16 4.88 3.04
1.82 3.6 5.41 3.01
1.88 3.79 5.77 3.56
1.81 3.57 5.65 3.22
1.89 4.2 5.1 3.3
1.86 3.72 5.57 3.29
1.9 4.41 5.06 3.47
1.87 3.86 5.38 3.24
1.87 3.76 5.3 3.06
1.87 3.86 5.43 3.29
1.89 3.92 5.13 3.05
1.91 4.42 4.94 3.36
1.88 4.02 5.39 3.41
1.87 3.91 4.99 2.9
1.81 3.5 5.61 3.11
1.86 3.9 5.37 3.27
1.84 3.98 5.49 3.47
1.84 3.6 5.52 3.12
1.85 3.77 5.47 3.24
1.86 3.32 5.83 3.15
1.91 4.28 4.87 3.15
1.85 3.81 5.81 3.62
1.77 3.43 5.51 2.94
1.82 3.79 5.61 3.4
1.84 3.93 5.2 3.13
1.81 4.18 5.38 3.56
1.82 3.71 5.64 3.35
1.82 3.4 5.67 3.07
1.77 3.58 5.5 3.08
1.86 3.83 5.48 3.31
1.88 3.92 5.41 3.33
1.89 4.26 5.07 3.33
1.92 4.43 4.92 3.35
1.81 4.13 5.16 3.29
1.81 4.33 5.05 3.38
1.91 3.66 5.5 3.16
1.88 3.83 5.5 3.33
1.72 3.26 5.9 3.16
1.86 3.37 5.7 3.07
1.84 4.3 5.14 3.44
1.82 3.63 5.83 3.46
1.85 3.94 5.39 3.33
1.88 3.48 5.62 3.1
1.91 3.82 5.5 3.32
1.82 3.97 5.36 3.33
1.85 4.21 5.2 3.41
1.87 3.85 5.42 3.27
1.93 3.85 5.18 3.03
1.9 3.81 5.38 3.19
1.82 3.46 5.75 3.21
1.8 3.24 5.92 3.16
1.89 3.81 5.3 3.11
1.86 3.58 5.53 3.11
1.9 3.6 5.47 3.07
1.89 3.83 5.45 3.28
1.87 3.8 5.26 3.06
1.87 3.9 5.34 3.24
1.84 3.99 5.36 3.35
1.85 3.95 5.46 3.41
1.89 4.0 5.18 3.18
1.83 3.92 5.29 3.21
1.81 3.39 5.83 3.22
1.9 3.92 5.16 3.08
1.83 4.01 5.32 3.33
1.86 4.49 4.79 3.28
1.89 3.82 5.67 3.49
1.86 3.49 6.02 3.51
1.8 3.77 5.57 3.34
1.87 4.23 5.06 3.29
1.79 3.86 5.34 3.2
1.84 3.65 5.52 3.17
1.8 3.61 5.31 2.92
1.87 3.52 5.76 3.28
1.88 3.97 5.43 3.4
1.85 3.67 5.46 3.13
1.87 4.11 5.21 3.32
1.85 3.92 5.26 3.18
1.87 3.89 5.45 3.34
1.9 3.54 5.67 3.21
1.87 3.79 5.53 3.32
1.83 3.88 5.4 3.28
1.88 4.03 5.34 3.37
1.9 3.61 5.66 3.27
1.87 4.23 5.14 3.37
1.91 4.16 5.2 3.36
1.85 3.44 5.73 3.17
1.81 4.06 5.63 3.69
1.9 4.18 5.0 3.18
1.87 4.12 5.42 3.54
1.92 3.92 5.28 3.2
1.85 3.77 5.5 3.27
1.88 3.82 5.49 3.31
1.86 3.89 5.65 3.54
1.83 3.71 5.64 3.35
1.89 4.1 5.26 3.36
1.84 3.84 5.2 3.04
1.9 4.16 5.14 3.3
1.88 3.88 5.3 3.18
1.83 3.64 5.32 2.96
1.87 3.85 5.26 3.11
1.87 4.0 5.27 3.27
1.84 3.57 5.48 3.05
1.9 4.06 5.2 3.26
1.85 3.96 5.32 3.28
1.86 4.0 5.27 3.27
1.84 3.59 5.73 3.32
1.81 4.13 5.17 3.3
1.8 3.55 5.54 3.09
1.81 3.68 5.49 3.17
1.88 4.23 5.3 3.53
1.83 3.82 5.53 3.35
1.84 3.78 5.66 3.44
1.85 4.21 4.86 3.07
1.8 3.54 5.7 3.24
1.9 3.88 5.25 3.13
1.85 3.83 5.42 3.25
1.87 4.15 5.18 3.33
1.91 4.12 5.06 3.18
1.86 3.58 5.45 3.03
1.84 3.83 5.27 3.1
1.87 3.64 5.45 3.09
1.86 3.96 5.28 3.24
1.89 4.52 4.94 3.46
1.86 3.9 5.21 3.11
1.89 3.96 5.26 3.22
1.85 3.6 5.6 3.2
1.88 3.83 5.28 3.11
1.89 4.12 5.16 3.28
1.86 3.93 5.32 3.25
1.82 3.75 5.49 3.24
1.86 3.88 5.31 3.19
1.94 4.23 5.19 3.42
1.88 4.09 5.43 3.52
1.83 3.47 5.62 3.09
1.86 3.8 5.44 3.24
1.86 3.72 5.44 3.16
1.85 3.52 5.57 3.09
1.91 3.57 5.73 3.3
1.87 3.57 5.4 2.97
1.76 3.89 5.4 3.29
1.89 3.79 5.23 3.02
1.83 4.01 5.14 3.15
1.89 3.98 5.3 3.28
1.88 4.1 5.25 3.35
1.89 4.64 4.89 3.53
1.87 3.82 5.23 3.05
1.88 4.05 5.24 3.29
1.87 3.96 5.42 3.38
1.92 3.93 5.34 3.27
1.86 4.06 5.35 3.41
1.82 3.66 5.11 2.77
1.88 3.52 5.64 3.16
1.9 4.02 5.33 3.35
1.82 3.81 5.25 3.06
1.86 3.67 5.54 3.21
1.84 3.69 5.4 3.09
1.83 3.81 5.24 3.05
1.89 3.92 5.25 3.17
1.82 3.87 5.27 3.14
1.76 3.53 5.55 3.08
1.89 3.84 5.57 3.41
1.87 4.04 5.13 3.17
1.87 4.09 5.09 3.18
1.85 3.89 5.62 3.51
1.87 3.9 5.33 3.23
1.87 4.22 5.08 3.3
1.85 3.84 5.31 3.15
1.88 3.78 5.36 3.14
1.85 4.09 5.3 3.39
1.84 4.18 5.22 3.4
1.85 4.25 4.93 3.18
1.88 4.51 4.88 3.39
1.85 3.58 5.7 3.28
1.84 3.67 5.61 3.28
1.81 3.7 5.75 3.45
1.89 3.73 5.55 3.28
1.8 3.78 5.62 3.4
1.83 3.85 5.45 3.3
1.92 4.06 5.0 3.06
1.83 3.59 5.43 3.02
1.84 3.64 5.61 3.25
1.83 3.64 5.64 3.28
1.87 3.76 5.47 3.23
1.82 3.77 5.49 3.26
1.82 3.48 5.74 3.22
1.88 4.19 5.13 3.32
1.87 3.53 5.64 3.17
1.83 3.77 5.53 3.3
1.9 3.9 5.12 3.02
1.82 3.85 5.36 3.21
1.87 3.8 5.4 3.2
1.81 3.8 5.4 3.2
1.83 3.06 5.96 3.02
1.86 3.84 5.55 3.39
1.84 3.81 5.8 3.61
1.88 4.31 4.95 3.26
1.85 3.95 5.5 3.45
1.86 3.68 5.48 3.16
1.84 3.44 5.67 3.11
1.85 4.07 5.43 3.5
1.87 3.81 5.52 3.33
1.84 4.07 5.22 3.29
1.88 3.73 5.38 3.11
1.87 3.55 5.46 3.01
1.82 3.59 5.6 3.19
1.87 4.09 4.95 3.04
1.85 3.84 5.28 3.12
1.88 3.88 5.29 3.17
1.85 3.81 5.82 3.63
1.82 4.39 5.22 3.61
1.87 3.66 5.31 2.97
1.86 3.9 5.19 3.09
1.84 3.52 5.64 3.16
1.86 4.1 5.2 3.3
1.84 3.52 5.48 3.0
1.87 4.15 5.19 3.34
1.84 3.7 5.36 3.06
1.82 3.52 5.65 3.17
1.9 4.03 5.45 3.48
1.86 3.94 5.36 3.3
1.84 3.67 5.5 3.17
1.9 4.07 5.23 3.3
1.84 4.03 5.42 3.45
1.88 4.28 5.09 3.37
1.85 3.89 5.3 3.19
1.82 3.76 5.61 3.37
1.86 3.65 5.67 3.32
1.88 3.49 5.34 2.83
1.87 3.71 5.42 3.13
1.85 3.69 5.53 3.22
1.85 3.52 5.65 3.17
1.86 4.18 5.14 3.32
1.82 3.69 5.57 3.26
1.85 3.86 5.48 3.34
1.81 3.4 5.71 3.11
1.85 3.78 5.24 3.02
1.9 3.95 5.41 3.36
1.88 4.29 5.0 3.29
1.89 3.81 5.74 3.55
1.85 3.48 5.6 3.08
1.88 4.07 5.39 3.46
1.8 4.08 5.58 3.66
1.89 3.91 5.29 3.2
1.82 3.52 5.66 3.18
1.85 3.42 5.81 3.23
1.84 4.02 5.34 3.36
1.81 4.02 5.16 3.18
1.83 3.89 5.37 3.26
1.83 3.71 5.3 3.01
1.86 3.9 5.39 3.29
1.88 3.74 5.47 3.21
1.93 3.77 5.29 3.06
1.84 3.71 5.45 3.16
1.82 3.97 5.31 3.28
1.84 3.88 5.38 3.26
1.87 4.24 5.25 3.49
1.87 3.59 5.64 3.23
1.88 3.85 5.44 3.29
1.87 3.97 5.36 3.33
1.85 3.64 5.74 3.38
1.87 4.36 5.13 3.49
1.87 3.93 5.48 3.41
1.83 3.93 5.36 3.29
1.79 3.56 5.88 3.44
1.9 4.47 4.92 3.39
1.86 3.54 5.74 3.28
1.88 4.23 5.1 3.33
1.85 3.97 5.41 3.38
1.82 3.39 5.75 3.14
1.84 4.07 5.36 3.43
1.88 3.88 5.22 3.1
1.81 3.29 5.85 3.14
1.91 3.43 5.74 3.17
1.84 3.59 5.52 3.11
1.87 4.47 4.92 3.39
1.87 3.85 5.28 3.13
1.86 3.63 5.28 2.91
1.84 3.84 5.52 3.36
1.87 4.26 4.96 3.22
1.85 4.62 4.72 3.34
1.83 4.28 5.23 3.51
1.81 3.86 5.27 3.13
1.82 3.68 5.44 3.12
1.87 3.64 5.39 3.03
1.87 3.62 5.6 3.22
1.87 3.64 5.64 3.28
1.9 3.84 5.33 3.17
1.91 3.52 5.56 3.08
1.8 3.5 5.67 3.17
1.9 3.8 5.42 3.22
1.85 4.19 5.17 3.36
1.92 4.01 5.45 3.46
1.88 4.04 5.6 3.64
1.88 3.56 5.79 3.35
1.89 3.94 5.23 3.17
1.84 3.91 5.35 3.26
1.83 3.82 5.44 3.26
1.92 4.01 5.19 3.2
1.86 4.07 5.25 3.32
1.83 3.86 5.38 3.24
1.89 4.23 4.89 3.12
1.86 3.98 5.2 3.18
1.84 4.2 4.97 3.17
1.81 3.72 5.52 3.24
1.85 3.61 5.52 3.13
1.88 4.02 5.26 3.28
1.89 3.87 5.6 3.47
1.8 3.46 5.78 3.24
1.84 3.3 5.72 3.02
1.82 3.69 5.32 3.01
1.88 3.99 5.03 3.02
1.84 3.59 5.5 3.09
1.94 3.88 5.25 3.13
1.91 3.52 5.76 3.28
1.86 4.35 4.94 3.29
1.81 3.52 5.53 3.05
1.88 3.56 5.74 3.3
1.84 3.43 5.93 3.36
1.86 4.19 4.93 3.12
1.82 3.74 5.66 3.4
1.88 3.98 5.31 3.29
1.8 3.73 5.68 3.41
1.88 3.93 5.29 3.22
1.9 4.03 5.07 3.1
1.85 3.48 5.71 3.19
1.87 3.91 5.23 3.14
1.77 3.63 5.53 3.16
1.87 3.86 5.33 3.19
1.87 3.83 5.6 3.43
1.83 4.02 5.1 3.12
1.87 3.94 5.08 3.02
1.83 3.58 5.59 3.17
1.89 4.18 5.05 3.23
1.91 4.61 4.79 3.4
1.91 4.06 5.1 3.16
1.8 3.92 5.42 3.34
1.88 3.72 5.34 3.06
1.87 3.77 5.32 3.09
1.9 3.87 5.52 3.39
1.87 3.89 5.19 3.08
1.93 4.05 5.29 3.34
1.81 3.85 5.4 3.25
1.86 3.93 5.56 3.49
1.89 4.14 5.14 3.28
1.85 3.98 5.48 3.46
1.83 3.97 5.27 3.24
1.84 3.89 5.38 3.27
1.83 3.62 5.51 3.13
1.89 3.87 5.35 3.22
1.9 4.01 5.29 3.3
1.79 3.18 5.97 3.15
1.85 3.81 5.4 3.21
1.93 3.52 5.58 3.1
1.83 4.01 5.29 3.3
1.83 3.77 5.44 3.21
1.87 3.5 5.55 3.05
1.84 4.3 4.96 3.26
1.85 4.03 5.38 3.41
1.79 3.76 5.66 3.42
1.93 4.16 5.15 3.31
1.84 3.63 5.61 3.24
1.89 4.09 4.92 3.01
1.84 3.6 5.58 3.18
1.89 4.26 5.0 3.26
1.86 3.71 5.59 3.3
1.84 3.89 5.32 3.21
1.85 3.95 5.29 3.24
1.87 4.1 5.25 3.35
1.82 4.0 5.48 3.48
1.82 3.67 5.53 3.2
1.84 3.81 5.28 3.09
1.87 4.34 4.94 3.28
1.8 3.66 5.35 3.01
1.85 3.54 5.74 3.28
1.85 4.38 5.01 3.39
1.88 3.85 5.37 3.22
1.87 3.53 5.57 3.1
1.83 3.72 5.43 3.15
1.9 3.84 5.51 3.35
1.88 3.56 5.57 3.13
1.84 3.9 5.55 3.45
1.9 3.88 5.28 3.16
1.89 3.7 5.56 3.26
1.82 3.89 5.43 3.32
1.81 3.28 6.04 3.32
1.81 3.33 5.54 2.87
1.89 3.92 4.98 2.9
1.88 3.6 5.71 3.31
1.86 3.75 5.65 3.4
1.83 3.49 5.58 3.07
1.94 4.09 4.82 2.91
1.87 3.45 5.83 3.28
1.86 3.51 5.52 3.03
1.88 3.77 5.41 3.18
1.93 4.26 5.12 3.38
1.87 3.89 5.55 3.44
1.81 3.48 5.71 3.19
1.86 4.22 5.2 3.42
1.86 3.98 5.44 3.42
1.8 3.76 5.26 3.02
1.91 4.08 5.25 3.33
1.85 3.9 5.36 3.26
1.9 4.14 5.0 3.14
1.83 4.09 5.12 3.21
1.83 3.48 5.71 3.19
1.86 3.66 5.54 3.2
1.85 3.68 5.63 3.31
1.87 4.12 5.17 3.29
1.9 4.31 4.97 3.28
1.84 3.84 5.29 3.13
1.86 3.92 5.26 3.18
1.86 3.7 5.56 3.26
1.83 3.71 5.57 3.28
1.84 3.58 5.74 3.32
1.83 3.7 5.3 3.0
1.88 4.11 5.3 3.41
1.86 3.72 5.32 3.04
1.79 3.25 6.29 3.54
1.86 3.74 5.76 3.5
1.78 3.92 5.47 3.39
1.83 3.91 5.55 3.46
1.85 3.66 5.38 3.04
1.81 3.43 5.57 3.0
1.91 4.08 5.12 3.2
1.89 4.63 4.88 3.51
1.86 3.7 5.5 3.2
1.83 4.19 5.01 3.2
1.84 4.26 5.34 3.6
1.93 3.81 5.37 3.18
1.81 3.77 5.48 3.25
1.89 3.7 5.45 3.15
1.82 3.56 5.84 3.4
1.95 4.27 4.81 3.08
1.78 3.72 5.5 3.22
1.89 4.06 5.19 3.25
1.93 4.11 5.23 3.34
1.86 3.41 5.61 3.02
1.83 3.39 5.88 3.27
1.86 4.05 5.52 3.57
1.89 3.92 5.36 3.28
1.91 4.26 5.05 3.31
1.81 3.38 5.61 2.99
1.75 3.07 5.94 3.01
1.91 3.99 5.35 3.34
1.89 4.05 5.18 3.23
1.87 3.82 5.62 3.44
1.87 3.76 5.48 3.24
1.91 4.01 5.36 3.37
1.9 4.14 5.34 3.48
1.86 3.81 5.28 3.09
1.83 3.76 5.63 3.39
1.83 3.56 5.48 3.04
1.83 3.44 5.65 3.09
1.82 4.27 5.11 3.38
1.9 4.09 5.23 3.32
1.85 4.58 5.0 3.58
1.86 3.68 5.81 3.49
1.86 4.01 5.39 3.4
1.88 4.05 5.39 3.44
1.87 4.23 5.05 3.28
1.88 3.97 5.34 3.31
1.88 3.81 5.41 3.22
1.91 4.09 5.42 3.51
1.89 3.73 5.72 3.45
1.83 3.58 5.6 3.18
1.89 4.04 5.46 3.5
1.88 3.97 5.32 3.29
1.89 4.41 5.0 3.41
1.9 3.69 5.18 2.87
1.87 3.99 5.46 3.45
1.78 3.54 5.82 3.36
1.86 4.23 4.98 3.21
1.9 4.12 4.9 3.02
1.84 4.25 5.0 3.25
1.83 3.85 5.26 3.11
1.87 3.93 5.36 3.29
1.87 4.54 4.69 3.23
1.92 3.76 5.36 3.12
1.83 3.8 5.55 3.35
1.84 3.54 5.67 3.21
1.85 3.62 5.51 3.13
1.8 3.99 5.29 3.28
1.86 3.46 5.42 2.88
1.86 3.7 5.39 3.09
1.83 3.43 5.81 3.24
1.88 3.91 5.69 3.6
1.81 3.59 5.74 3.33
1.83 3.75 5.34 3.09
1.82 3.95 5.32 3.27
1.93 4.09 5.2 3.29
1.86 4.11 5.24 3.35
1.87 4.07 5.24 3.31
1.91 4.21 5.03 3.24
1.86 3.61 5.63 3.24
1.87 3.51 5.92 3.43
1.82 4.06 5.28 3.34
1.88 4.28 4.88 3.16
1.88 3.78 5.66 3.44
1.89 3.92 5.15 3.07
1.92 4.31 5.14 3.45
1.85 3.59 5.54 3.13
1.87 4.05 5.3 3.35
1.8 3.68 5.7 3.38
1.84 3.75 5.45 3.2
1.88 4.04 5.25 3.29
1.86 3.73 5.56 3.29
1.84 3.51 5.72 3.23
1.9 4.11 4.91 3.02
1.83 4.18 4.69 2.87
1.82 3.96 4.98 2.94
1.88 3.66 5.33 2.99
1.83 3.87 5.55 3.42
1.81 3.77 5.67 3.44
1.84 3.49 5.9 3.39
1.87 4.09 5.33 3.42
1.83 3.47 5.86 3.33
1.87 3.95 5.57 3.52
1.91 4.37 4.83 3.2
1.85 3.72 5.55 3.27
1.9 4.59 4.79 3.38
1.84 3.9 5.2 3.1
1.82 3.32 5.68 3.0
1.86 4.01 5.64 3.65
1.87 4.03 5.41 3.44
1.91 3.68 5.3 2.98
1.87 3.62 5.5 3.12
1.87 4.02 5.23 3.25
1.85 3.65 5.29 2.94
1.84 3.6 5.51 3.11
1.81 3.65 5.45 3.1
1.84 4.01 5.22 3.23
1.87 4.26 5.24 3.5
1.89 4.07 5.31 3.38
1.81 3.64 5.61 3.25
1.87 4.04 5.28 3.32
1.91 4.22 5.16 3.38
1.88 4.04 5.42 3.46
1.87 4.01 5.08 3.09
1.86 4.12 4.96 3.08
1.88 3.95 5.3 3.25
1.9 3.7 5.52 3.22
1.87 3.63 5.36 2.99
1.84 3.77 5.55 3.32
1.86 3.83 5.42 3.25
1.93 3.98 5.25 3.23
1.89 3.78 5.41 3.19
1.86 3.95 5.33 3.28
1.88 4.26 5.33 3.59
1.85 3.66 5.75 3.41
1.91 3.96 5.28 3.24
1.82 3.29 5.7 2.99
1.82 3.72 5.5 3.22
1.89 4.05 5.32 3.37
1.86 3.59 5.69 3.28
1.85 3.92 5.43 3.35
1.92 3.96 5.44 3.4
1.86 3.52 5.55 3.07
1.91 4.09 5.02 3.11
1.88 3.57 5.67 3.24
1.79 3.31 5.79 3.1
1.89 3.8 5.34 3.14
1.81 3.82 5.53 3.35
1.93 4.0 5.26 3.26
1.85 4.07 5.19 3.26
1.87 3.98 5.32 3.3
1.84 3.78 5.15 2.93
1.87 3.79 5.47 3.26
1.84 3.76 5.45 3.21
1.88 3.78 5.41 3.19
1.9 4.34 5.11 3.45
1.84 3.63 5.79 3.42
1.85 3.7 5.61 3.31
1.92 3.55 5.84 3.39
1.88 4.07 5.33 3.4
1.94 4.42 4.98 3.4
1.83 3.86 5.39 3.25
1.82 3.68 5.68 3.36
1.91 3.96 5.35 3.31
1.84 4.01 5.44 3.45
1.83 4.33 5.11 3.44
1.84 4.17 5.0 3.17
1.9 3.97 5.23 3.2
1.89 3.83 5.32 3.15
1.86 3.87 5.24 3.11
1.86 4.05 4.99 3.04
1.86 3.73 5.22 2.95
1.84 3.73 5.43 3.16
1.87 3.68 5.69 3.37
1.85 4.05 5.07 3.12
1.9 4.01 5.43 3.44
1.85 4.16 5.26 3.42
1.9 4.31 4.86 3.17
1.85 3.67 5.45 3.12
1.87 4.23 5.16 3.39
1.82 3.76 5.48 3.24
1.8 3.68 5.45 3.13
1.89 3.85 5.1 2.95
1.87 3.7 5.53 3.23
1.79 3.38 6.16 3.54
1.92 3.96 5.22 3.18
1.93 4.1 5.12 3.22
1.88 4.07 5.18 3.25
1.86 3.84 5.17 3.01
1.82 3.81 5.63 3.44
1.86 3.95 5.36 3.31
1.89 4.14 5.37 3.51
1.87 3.54 5.53 3.07
1.85 3.94 5.51 3.45
1.85 4.04 5.33 3.37
1.78 3.3 5.91 3.21
1.89 4.1 4.75 2.85
1.86 3.52 5.29 2.81
1.87 4.0 5.31 3.31
1.84 3.54 5.44 2.98
1.87 3.7 5.46 3.16
1.87 3.75 5.71 3.46
1.85 3.96 5.47 3.43
1.92 3.82 5.45 3.27
1.82 3.39 5.86 3.25
1.89 4.1 5.28 3.38
1.84 3.63 5.6 3.23
1.88 4.2 4.95 3.15
1.86 3.94 5.29 3.23
1.86 3.72 5.48 3.2
1.81 3.42 5.66 3.08
1.81 3.75 5.54 3.29
1.84 4.23 5.13 3.36
1.89 3.81 5.59 3.4
1.87 4.08 5.38 3.46
1.87 4.03 5.49 3.52
1.83 3.47 5.48 2.95
1.82 4.08 5.19 3.27
1.86 3.98 5.42 3.4
1.85 4.04 5.24 3.28
1.83 3.83 5.3 3.13
1.86 3.97 5.25 3.22
1.88 3.68 5.41 3.09
1.9 4.27 5.13 3.4
1.88 3.92 5.64 3.56
1.84 4.16 5.2 3.36
1.83 3.74 5.35 3.09
1.9 4.13 5.35 3.48
1.85 3.54 5.8 3.34
1.86 4.33 5.06 3.39
1.88 4.32 5.06 3.38
1.83 3.77 5.52 3.29
1.84 3.73 5.46 3.19
1.87 3.6 5.5 3.1
1.89 4.1 5.12 3.22
1.86 3.68 5.43 3.11
1.87 3.9 5.6 3.5
1.8 4.26 5.09 3.35
1.9 4.67 4.69 3.36
1.83 3.7 5.3 3.0
1.89 4.03 5.18 3.21
1.88 3.94 5.17 3.11
1.82 3.47 5.52 2.99
1.84 3.52 5.68 3.2
1.88 3.79 5.59 3.38
1.86 3.92 5.27 3.19
1.93 4.14 5.14 3.28
1.87 3.76 5.16 2.92
1.87 4.13 5.15 3.28
1.82 3.9 5.44 3.34
1.82 3.84 5.62 3.46
1.91 4.09 5.34 3.43
1.88 3.71 5.52 3.23
1.87 4.21 5.57 3.78
1.86 3.81 5.21 3.02
1.91 3.74 5.56 3.3
1.87 3.93 5.36 3.29
1.88 4.08 5.26 3.34
1.84 3.99 5.28 3.27
1.85 4.18 5.26 3.44
1.89 4.3 4.82 3.12
1.81 3.94 5.23 3.17
1.89 3.77 5.43 3.2
1.79 3.78 5.43 3.21
1.77 3.7 5.73 3.43
1.83 3.65 5.57 3.22
1.86 3.91 5.45 3.36
1.8 3.67 5.56 3.23
1.84 3.58 5.49 3.07
1.88 3.37 5.78 3.15
1.9 3.87 5.37 3.24
1.84 3.93 5.11 3.04
1.87 4.28 5.01 3.29
1.86 3.58 5.64 3.22
1.83 3.99 5.48 3.47
1.84 4.21 5.28 3.49
1.87 3.68 5.46 3.14
1.86 4.1 5.02 3.12
1.86 4.05 5.26 3.31
1.87 4.21 5.04 3.25
1.83 3.89 5.25 3.14
1.86 3.84 5.49 3.33
1.86 3.96 5.28 3.24
1.88 3.87 5.2 3.07
1.81 3.68 5.69 3.37
1.87 3.55 5.66 3.21
1.74 3.02 5.96 2.98
1.85 4.21 5.07 3.28
1.87 4.0 5.19 3.19
1.84 4.28 5.08 3.36
1.89 4.03 5.28 3.31
1.8 3.51 5.77 3.28
1.84 3.93 5.33 3.26
1.89 3.83 5.73 3.56
1.82 3.79 5.48 3.27
1.87 3.72 5.41 3.13
1.82 3.72 5.71 3.43
1.88 4.23 4.88 3.11
1.82 3.82 5.52 3.34
1.9 3.71 5.55 3.26
1.87 4.28 4.89 3.17
1.86 3.94 5.39 3.33
1.85 3.63 5.53 3.16
1.93 4.28 4.96 3.24
1.82 3.54 5.83 3.37
1.9 4.21 5.25 3.46
1.79 3.61 5.61 3.22
1.88 4.0 5.11 3.11
1.88 4.04 5.26 3.3
1.86 4.3 4.95 3.25
1.85 3.45 5.77 3.22
1.87 3.75 5.45 3.2
1.85 3.54 5.73 3.27
1.84 3.86 5.23 3.09
1.81 3.62 5.72 3.34
1.83 4.01 5.43 3.44
1.86 4.01 5.26 3.27
1.9 3.89 5.28 3.17
1.9 4.06 5.34 3.4
1.82 3.53 5.85 3.38
1.85 3.5 5.54 3.04
1.89 3.44 5.61 3.05
1.88 3.89 5.33 3.22
1.84 3.65 5.46 3.11
1.88 3.59 5.43 3.02
1.83 3.61 5.7 3.31
1.89 4.08 5.25 3.33
1.94 4.32 4.91 3.23
1.85 4.02 5.46 3.48
1.88 3.88 5.41 3.29
1.85 4.16 5.02 3.18
1.78 3.79 5.56 3.35
1.86 3.85 5.52 3.37
1.88 4.03 5.36 3.39
1.79 3.51 5.74 3.25
1.9 3.46 5.64 3.1
1.89 4.5 4.74 3.24
1.83 3.67 5.45 3.12
1.9 3.76 5.72 3.48
1.85 4.15 5.23 3.38
1.79 3.47 5.76 3.23
1.86 4.2 5.01 3.21
1.86 4.12 5.05 3.17
1.88 3.47 5.81 3.28
1.91 3.98 5.38 3.36
1.88 4.27 5.33 3.6
1.84 3.82 5.4 3.22
1.84 3.84 5.33 3.17
1.84 4.25 5.4 3.65
1.84 3.52 5.63 3.15
1.91 4.4 4.97 3.37
1.86 3.48 5.57 3.05
1.84 3.9 5.1 3.0
1.83 3.6 5.75 3.35
1.86 3.73 5.48 3.21
1.9 3.58 5.65 3.23
1.92 3.95 5.25 3.2
1.88 4.16 5.19 3.35
1.87 4.33 5.27 3.6
1.85 3.61 5.59 3.2
1.85 3.66 5.72 3.38
1.88 3.71 5.83 3.54
1.82 3.68 5.55 3.23
1.87 3.87 5.26 3.13
1.82 4.01 5.27 3.28
1.86 4.08 5.24 3.32
1.86 3.53 5.59 3.12
1.85 3.67 5.55 3.22
1.93 4.37 5.06 3.43
1.85 3.86 5.31 3.17
1.82 3.29 5.69 2.98
1.87 4.0 5.51 3.51
1.86 4.33 4.88 3.21
1.89 4.21 5.21 3.42
1.87 4.42 5.04 3.46
1.87 3.4 5.81 3.21
1.92 3.77 5.26 3.03
1.82 3.47 5.68 3.15
1.85 3.39 5.79 3.18
1.81 3.54 5.73 3.27
1.86 3.94 5.21 3.15
1.92 3.74 5.43 3.17
1.87 4.09 5.17 3.26
1.82 3.91 5.43 3.34
1.85 3.95 5.31 3.26
1.86 3.7 5.57 3.27
1.85 3.53 5.67 3.2
1.95 4.1 5.11 3.21
1.8 3.99 5.25 3.24
1.91 3.82 5.44 3.26
1.86 3.43 5.79 3.22
1.88 3.64 5.6 3.24
1.89 3.98 5.15 3.13
1.82 3.96 5.41 3.37
1.87 4.28 5.35 3.63
1.86 3.94 5.42 3.36
1.86 3.83 5.31 3.14
1.87 3.96 5.29 3.25
1.86 4.06 5.15 3.21
1.88 3.87 5.29 3.16
1.86 4.01 5.0 3.01
1.91 3.89 5.44 3.33
1.8 3.38 5.84 3.22
1.91 4.1 5.14 3.24
1.93 4.09 5.29 3.38
1.84 3.93 5.39 3.32
1.86 3.88 5.33 3.21
1.88 3.93 5.22 3.15
1.89 3.47 5.55 3.02
1.857166 3.860684 5.3964 3.257084
