1.88 3.88 5.46 3.34
1.92 4.66 4.66 3.32
1.8 4.02 5.3 3.32
1.88 3.24 5.78 3.02
1.86 4.12 5.32 3.44
1.8 3.12 5.78 2.9
1.86 4.44 4.88 3.32
1.9 4.64 5.06 3.7
1.82 4.38 5.2 3.58
1.88 4.2 5.3 3.5
1.84 4.02 5.48 3.5
1.86 4.36 4.94 3.3
1.8 3.26 6.34 3.6
1.84 3.54 5.58 3.12
1.76 2.98 6.14 3.12
1.92 3.44 6.18 3.62
1.72 2.78 5.86 2.64
1.88 3.96 5.86 3.82
1.8 3.54 5.4 2.94
1.84 3.88 5.5 3.38
1.9 4.04 4.98 3.02
1.88 3.86 5.24 3.1
1.86 4.16 5.24 3.4
1.8 3.78 5.28 3.06
1.86 3.48 5.66 3.14
1.92 4.24 4.86 3.1
1.78 3.58 6.14 3.72
1.88 3.84 5.8 3.64
1.86 3.28 5.78 3.06
1.8 3.9 5.44 3.34
1.84 3.34 5.88 3.22
1.92 4.26 5.28 3.54
1.86 3.46 5.5 2.96
1.9 3.92 5.64 3.56
1.86 3.8 5.72 3.52
1.8 3.66 5.64 3.3
1.84 3.38 5.48 2.86
1.8 3.78 5.42 3.2
1.88 3.54 5.6 3.14
1.78 3.02 6.22 3.24
1.92 3.52 5.64 3.16
1.94 4.86 4.54 3.4
1.9 3.68 5.44 3.12
1.86 4.04 5.12 3.16
1.78 2.84 6.2 3.04
1.86 3.64 5.42 3.06
1.84 3.98 5.56 3.54
1.92 4.4 4.92 3.32
1.88 3.94 5.3 3.24
1.9 3.82 5.6 3.42
1.8 3.3 6.12 3.42
1.9 4.14 4.92 3.06
1.84 3.82 5.22 3.04
1.98 4.48 4.92 3.4
1.86 4.02 5.08 3.1
1.86 4.1 5.14 3.24
1.84 3.58 5.42 3.0
1.84 3.66 5.46 3.12
1.84 3.6 5.38 2.98
1.86 3.46 5.5 2.96
1.84 3.96 5.44 3.4
1.88 3.84 5.42 3.26
1.84 3.78 5.48 3.26
1.92 4.48 5.34 3.82
1.86 3.14 5.86 3.0
1.82 4.06 5.48 3.54
1.7 3.26 5.82 3.08
1.92 3.74 5.4 3.14
1.78 3.42 5.96 3.38
1.88 4.16 5.24 3.4
1.84 3.7 5.38 3.08
1.86 3.86 5.72 3.58
1.9 4.24 5.04 3.28
1.84 3.44 5.86 3.3
1.94 3.98 4.92 2.9
1.84 4.06 5.14 3.2
1.88 4.58 4.76 3.34
1.84 3.52 5.48 3.0
1.98 4.5 4.86 3.36
1.82 3.62 5.56 3.18
1.78 3.38 5.96 3.34
1.88 3.66 5.2 2.86
1.9 3.98 5.78 3.76
1.82 4.46 5.18 3.64
1.96 3.98 5.22 3.2
1.88 3.38 5.74 3.12
1.9 3.7 5.58 3.28
1.86 3.62 5.34 2.96
1.82 3.84 5.26 3.1
1.88 3.94 5.58 3.52
1.9 4.02 5.68 3.7
1.9 4.18 5.12 3.3
1.88 4.26 5.04 3.3
1.88 3.8 5.7 3.5
1.92 3.62 5.12 2.74
1.8 3.28 6.12 3.4
1.88 3.98 5.06 3.04
1.92 3.76 5.24 3.0
1.9 4.2 5.1 3.3
1.84 4.24 5.18 3.42
1.8 3.6 5.5 3.1
1.9 3.54 5.56 3.1
1.96 3.88 5.32 3.2
1.92 4.12 5.1 3.22
1.86 3.98 5.6 3.58
1.9 3.32 6.04 3.36
1.96 4.6 4.74 3.34
1.86 4.14 5.08 3.22
1.84 3.3 5.36 2.66
1.86 3.96 4.92 2.88
1.82 3.14 5.8 2.94
1.86 3.84 5.38 3.22
1.94 3.68 5.4 3.08
1.86 3.5 5.72 3.22
1.92 4.02 4.88 2.9
1.88 3.62 5.52 3.14
1.8 4.14 5.02 3.16
1.76 3.6 5.92 3.52
1.88 4.42 5.14 3.56
1.96 3.94 5.02 2.96
1.88 4.02 5.14 3.16
1.8 3.08 5.88 2.96
1.86 3.72 5.58 3.3
1.9 3.88 5.3 3.18
1.88 4.3 4.84 3.14
1.84 3.62 5.54 3.16
1.82 3.94 5.34 3.28
1.82 4.22 5.32 3.54
1.86 3.88 4.92 2.8
1.9 4.24 5.44 3.68
1.9 3.62 5.34 2.96
1.84 3.76 5.34 3.1
1.88 3.76 4.96 2.72
1.88 4.18 5.62 3.8
1.82 3.6 5.74 3.34
1.84 3.86 5.6 3.46
1.84 3.82 5.3 3.12
1.9 4.36 4.58 2.94
1.82 3.42 6.0 3.42
1.84 4.12 5.46 3.58
1.86 4.66 4.76 3.42
1.88 4.12 5.06 3.18
1.88 3.62 5.7 3.32
1.84 4.0 5.3 3.3
1.88 3.2 5.76 2.96
1.9 4.1 5.18 3.28
1.9 3.56 5.5 3.06
1.88 4.24 5.08 3.32
1.88 4.1 4.92 3.02
1.82 3.12 6.12 3.24
1.88 4.78 4.76 3.54
1.8 3.1 5.7 2.8
1.84 3.98 5.62 3.6
1.84 3.46 5.56 3.02
1.84 3.58 5.74 3.32
1.92 3.72 5.66 3.38
1.82 3.46 5.6 3.06
1.86 4.2 5.26 3.46
1.88 3.48 5.88 3.36
1.88 4.12 5.28 3.4
1.86 3.82 5.48 3.3
1.82 3.32 5.94 3.26
1.86 3.32 5.5 2.82
1.9 3.56 5.74 3.3
1.84 3.68 5.48 3.16
1.9 3.86 5.48 3.34
1.84 3.9 5.42 3.32
1.82 4.0 5.38 3.38
1.92 3.36 5.44 2.8
1.78 3.46 5.58 3.04
1.9 4.18 5.22 3.4
1.8 2.96 6.26 3.22
1.88 3.58 5.86 3.44
1.9 3.98 5.46 3.44
1.82 3.5 5.48 2.98
1.9 4.32 5.44 3.76
1.84 3.52 5.74 3.26
1.8 4.32 4.88 3.2
1.92 4.78 4.88 3.66
1.84 4.44 4.8 3.24
1.84 3.74 5.84 3.58
1.9 4.34 4.96 3.3
1.84 3.16 6.08 3.24
1.9 4.5 5.1 3.6
1.82 3.58 5.44 3.02
1.88 4.46 5.0 3.46
1.74 3.86 5.2 3.06
1.88 3.92 5.3 3.22
1.92 3.66 5.28 2.94
1.84 3.94 5.1 3.04
1.86 3.44 5.68 3.12
1.82 3.8 5.52 3.32
1.94 4.1 5.14 3.24
1.82 3.38 5.5 2.88
1.78 3.24 5.9 3.14
1.84 3.78 5.16 2.94
1.86 4.06 5.3 3.36
1.88 3.5 5.66 3.16
1.84 3.84 4.94 2.78
1.84 3.72 5.38 3.1
1.96 4.72 5.16 3.88
1.86 4.6 4.92 3.52
1.86 3.62 5.64 3.26
1.84 3.68 5.42 3.1
1.82 3.68 5.64 3.32
1.92 3.34 5.6 2.94
1.96 4.3 5.6 3.9
1.9 4.88 4.26 3.14
1.76 3.62 5.48 3.1
1.84 3.94 5.52 3.46
1.92 3.94 5.26 3.2
1.88 3.88 5.7 3.58
1.84 4.24 5.18 3.42
1.78 3.38 5.74 3.12
1.82 3.72 5.3 3.02
1.94 4.18 4.94 3.12
1.84 3.94 5.32 3.26
1.88 3.94 5.48 3.42
1.88 4.02 5.74 3.76
1.94 4.84 4.78 3.62
1.86 4.26 4.86 3.12
1.9 4.38 5.18 3.56
1.88 3.5 5.76 3.26
1.88 3.6 5.42 3.02
1.88 4.8 4.56 3.36
1.96 4.48 4.88 3.36
1.88 4.36 5.38 3.74
1.88 3.46 5.42 2.88
1.78 3.36 5.9 3.26
1.86 4.08 5.3 3.38
1.84 3.2 5.56 2.76
1.86 4.48 4.72 3.2
1.8 3.48 5.7 3.18
1.9 3.6 5.94 3.54
1.74 3.5 5.16 2.66
1.86 4.06 5.22 3.28
1.88 4.38 5.24 3.62
1.86 3.64 5.7 3.34
1.8 3.34 5.68 3.02
1.78 3.7 5.48 3.18
1.86 4.22 5.12 3.34
1.78 3.42 5.92 3.34
1.94 4.2 4.88 3.08
1.82 4.12 5.08 3.2
1.86 3.72 5.28 3.0
1.9 3.8 5.36 3.16
1.9 3.52 5.56 3.08
1.9 4.26 5.1 3.36
1.82 4.0 5.54 3.54
1.88 3.2 6.06 3.26
1.86 3.4 5.88 3.28
1.92 4.1 5.24 3.34
1.9 4.42 4.78 3.2
1.84 3.78 5.72 3.5
1.9 4.4 4.88 3.28
1.84 2.62 6.18 2.8
1.88 3.16 6.02 3.18
1.8 4.04 5.0 3.04
1.88 3.38 5.78 3.16
1.86 3.88 5.62 3.5
1.8 3.96 5.14 3.1
1.92 4.16 5.18 3.34
1.82 3.34 5.44 2.78
1.8 4.36 4.98 3.34
1.84 3.78 5.56 3.34
1.84 4.68 4.74 3.42
1.88 3.84 5.58 3.42
1.84 3.66 5.5 3.16
1.82 3.64 5.7 3.34
1.94 3.58 5.58 3.16
1.9 4.14 5.22 3.36
1.9 3.82 5.84 3.66
1.82 3.74 5.72 3.46
1.76 3.56 5.28 2.84
1.76 3.22 5.86 3.08
1.86 3.88 4.88 2.76
1.94 4.04 5.32 3.36
1.82 3.68 5.84 3.52
1.88 3.9 5.7 3.6
1.7 2.96 6.28 3.24
1.94 4.26 4.76 3.02
1.84 3.62 5.7 3.32
1.9 4.3 5.24 3.54
1.8 4.0 5.3 3.3
1.84 3.84 5.56 3.4
1.92 4.24 5.16 3.4
1.94 4.48 4.62 3.1
1.94 4.18 4.84 3.02
1.86 3.52 5.4 2.92
1.82 3.56 5.78 3.34
1.86 3.58 5.7 3.28
1.88 3.7 5.34 3.04
1.82 4.3 5.22 3.52
1.86 3.2 6.14 3.34
1.78 2.9 5.92 2.82
1.86 4.0 5.42 3.42
1.8 4.1 5.52 3.62
1.92 3.5 5.52 3.02
1.82 4.04 5.24 3.28
1.84 4.04 5.46 3.5
1.84 4.2 4.8 3.0
1.88 4.1 5.68 3.78
1.84 3.22 5.98 3.2
1.86 4.14 5.24 3.38
1.8 3.86 5.42 3.28
1.76 3.36 5.74 3.1
1.86 3.78 5.12 2.9
1.84 4.08 5.46 3.54
1.88 3.64 5.5 3.14
1.9 3.9 5.46 3.36
1.84 3.36 5.62 2.98
1.88 3.46 6.04 3.5
1.8 2.98 6.56 3.54
1.96 4.46 4.62 3.08
1.82 3.44 5.52 2.96
1.88 3.72 5.34 3.06
1.88 4.4 4.88 3.28
1.9 3.92 5.4 3.32
1.84 3.98 5.32 3.3
1.82 3.96 5.58 3.54
1.94 4.5 4.98 3.48
1.78 3.66 5.36 3.02
1.82 3.56 5.8 3.36
1.88 4.18 5.5 3.68
1.84 4.58 5.0 3.58
1.88 4.36 5.16 3.52
1.86 3.14 5.82 2.96
1.8 3.78 5.78 3.56
1.8 3.94 5.22 3.16
1.82 3.42 5.78 3.2
1.88 3.74 5.26 3.0
1.78 3.46 5.68 3.14
1.86 3.32 5.76 3.08
1.92 3.18 5.66 2.84
1.9 4.08 4.96 3.04
1.86 4.0 5.16 3.16
1.88 3.62 5.42 3.04
1.86 3.88 5.14 3.02
1.92 4.0 5.34 3.34
1.86 3.6 5.54 3.14
1.84 3.5 5.94 3.44
1.92 3.74 5.6 3.34
1.86 3.56 5.44 3.0
1.84 3.16 5.88 3.04
1.84 3.96 5.24 3.2
1.9 3.9 5.48 3.38
1.86 4.12 5.28 3.4
1.88 4.1 5.34 3.44
1.78 4.18 5.44 3.62
1.82 4.02 5.02 3.04
1.92 4.12 5.38 3.5
1.8 3.54 5.46 3.0
1.92 3.3 5.56 2.86
1.9 4.06 5.2 3.26
1.82 3.52 5.76 3.28
1.82 3.76 5.8 3.56
1.82 3.46 5.78 3.24
1.86 3.8 5.52 3.32
1.88 4.04 5.06 3.1
1.78 3.4 5.7 3.1
1.86 3.76 5.72 3.48
1.88 3.94 4.66 2.6
1.84 3.74 5.48 3.22
1.82 3.9 5.42 3.32
1.88 3.52 5.6 3.12
1.84 3.9 5.48 3.38
1.9 3.38 5.98 3.36
1.9 3.96 5.64 3.6
1.82 3.36 5.54 2.9
1.9 4.42 5.02 3.44
1.8 3.1 5.88 2.98
1.8 4.04 5.3 3.34
1.86 3.9 5.26 3.16
1.98 3.52 5.46 2.98
1.82 4.06 5.3 3.36
1.88 3.98 5.42 3.4
1.74 3.76 5.2 2.96
1.84 3.84 5.46 3.3
1.82 3.92 5.4 3.32
1.8 3.28 5.88 3.16
1.78 3.02 5.98 3.0
1.88 3.78 5.68 3.46
1.84 3.98 5.72 3.7
1.82 3.78 5.8 3.58
1.86 3.64 5.44 3.08
1.84 3.1 5.96 3.06
1.88 4.28 5.42 3.7
1.84 3.82 5.16 2.98
1.82 3.9 5.34 3.24
1.86 4.52 4.8 3.32
1.92 4.16 5.16 3.32
1.92 4.2 5.0 3.2
1.92 4.26 5.02 3.28
1.82 3.14 5.96 3.1
1.92 3.42 5.68 3.1
1.84 4.46 5.3 3.76
1.78 3.16 6.28 3.44
1.88 3.36 5.44 2.8
1.84 3.24 5.9 3.14
1.84 3.36 6.0 3.36
1.8 3.54 5.74 3.28
1.84 3.62 5.48 3.1
1.92 3.98 5.4 3.38
1.86 3.38 5.62 3.0
1.84 3.74 5.66 3.4
1.86 3.62 5.64 3.26
1.86 4.54 5.04 3.58
1.78 4.24 5.06 3.3
1.82 3.24 6.26 3.5
1.82 3.46 5.34 2.8
1.78 3.34 5.5 2.84
1.84 4.1 5.24 3.34
1.92 4.14 5.4 3.54
1.9 4.24 5.34 3.58
1.84 2.98 6.0 2.98
1.88 3.72 5.42 3.14
1.94 4.26 5.04 3.3
1.92 3.94 5.3 3.24
1.88 3.94 5.54 3.48
1.94 3.96 5.34 3.3
1.92 4.04 5.34 3.38
1.86 3.64 5.58 3.22
1.94 3.68 5.4 3.08
1.8 3.98 5.32 3.3
1.78 3.88 5.62 3.5
1.9 3.3 6.02 3.32
1.78 3.38 5.8 3.18
1.8 3.82 5.3 3.12
1.88 4.18 5.04 3.22
1.8 3.82 5.3 3.12
1.76 3.46 5.96 3.42
1.88 3.9 4.88 2.78
1.82 3.56 5.86 3.42
1.8 3.58 5.48 3.06
1.86 3.96 5.02 2.98
1.92 4.34 5.2 3.54
1.86 3.26 5.78 3.04
1.88 3.82 5.34 3.16
1.84 3.6 5.5 3.1
1.78 3.46 5.62 3.08
1.94 4.54 5.24 3.78
1.9 3.64 5.52 3.16
1.9 4.24 4.84 3.08
1.84 3.76 5.08 2.84
1.9 4.6 4.78 3.38
1.82 3.26 5.84 3.1
1.84 4.34 5.3 3.64
1.78 3.56 5.72 3.28
1.9 5.0 4.52 3.52
1.86 3.4 5.84 3.24
1.84 4.62 4.86 3.48
1.9 4.06 5.56 3.62
1.86 4.16 5.26 3.42
1.82 4.02 5.06 3.08
1.86 3.7 5.62 3.32
1.88 4.06 5.14 3.2
1.86 3.8 5.24 3.04
1.86 4.04 5.22 3.26
1.82 3.68 5.82 3.5
1.86 3.84 5.4 3.24
1.86 3.96 5.32 3.28
1.84 3.24 5.8 3.04
1.88 3.48 5.44 2.92
1.84 4.18 5.4 3.58
1.92 3.88 4.92 2.8
1.9 4.1 5.24 3.34
1.86 4.4 5.48 3.88
1.92 3.92 5.26 3.18
1.88 3.84 5.36 3.2
1.76 3.44 5.68 3.12
1.86 4.0 5.4 3.4
1.88 4.16 5.46 3.62
1.84 3.44 5.7 3.14
1.88 3.6 5.84 3.44
1.9 3.66 5.32 2.98
1.84 3.66 5.78 3.44
1.92 3.94 5.26 3.2
1.84 3.44 5.36 2.8
1.84 3.46 5.62 3.08
1.84 3.56 5.54 3.1
1.72 2.94 6.22 3.16
1.86 3.4 5.66 3.06
1.86 3.8 5.82 3.62
1.86 3.98 5.28 3.26
1.82 4.16 5.3 3.46
1.84 3.32 5.94 3.26
1.92 4.26 5.06 3.32
1.88 3.98 5.26 3.24
1.84 3.76 5.54 3.3
1.9 3.84 5.52 3.36
1.92 4.04 5.14 3.18
1.86 4.32 5.4 3.72
1.94 3.86 5.2 3.06
1.88 4.04 5.22 3.26
1.86 3.3 5.26 2.56
1.86 3.2 5.7 2.9
1.88 3.78 5.76 3.54
1.84 4.16 5.56 3.72
1.92 4.4 4.8 3.2
1.82 3.9 5.52 3.42
1.94 3.88 5.44 3.32
1.92 3.88 5.28 3.16
1.92 3.82 5.58 3.4
1.88 3.62 5.68 3.3
1.9 4.2 5.0 3.2
1.88 4.34 4.92 3.26
1.84 3.98 5.12 3.1
1.96 4.54 4.86 3.4
1.82 4.54 4.74 3.28
1.84 4.2 5.6 3.8
1.8 3.58 5.4 2.98
1.82 3.74 5.48 3.22
1.86 3.64 5.82 3.46
1.9 3.76 5.54 3.3
1.9 3.84 5.24 3.08
1.82 3.78 5.4 3.18
1.86 3.76 5.32 3.08
1.9 4.14 5.34 3.48
1.88 3.72 5.52 3.24
1.84 3.54 5.72 3.26
1.78 3.78 5.62 3.4
1.88 4.52 4.94 3.46
1.88 4.38 4.88 3.26
1.9 4.66 4.38 3.04
1.78 3.92 5.3 3.22
1.84 3.58 5.54 3.12
1.96 4.44 4.6 3.04
1.94 4.02 5.46 3.48
1.82 3.7 5.56 3.26
1.94 3.92 5.18 3.1
1.86 4.3 5.56 3.86
1.84 3.7 5.58 3.28
1.88 3.34 5.8 3.14
1.82 3.44 5.76 3.2
1.82 3.38 5.86 3.24
1.8 3.54 5.62 3.16
1.88 4.02 5.4 3.42
1.8 3.74 5.86 3.6
1.78 3.64 5.58 3.22
1.86 4.2 5.34 3.54
1.9 3.88 5.18 3.06
1.82 3.3 6.02 3.32
1.86 3.26 5.96 3.22
1.88 3.42 5.48 2.9
1.9 4.22 5.12 3.34
1.9 4.22 5.16 3.38
1.76 3.68 5.64 3.32
1.84 3.66 5.88 3.54
1.82 3.56 5.72 3.28
1.84 3.2 5.76 2.96
1.82 3.66 5.32 2.98
1.78 3.48 5.56 3.04
1.86 3.86 5.54 3.4
1.88 4.48 4.94 3.42
1.88 3.3 5.76 3.06
1.82 4.22 5.26 3.48
1.86 3.92 5.5 3.42
1.82 4.1 5.58 3.68
1.88 4.12 5.24 3.36
1.86 2.94 6.1 3.04
1.84 3.48 5.52 3.0
1.94 4.3 5.26 3.56
1.94 4.4 4.96 3.36
1.86 3.46 5.44 2.9
1.88 3.04 5.88 2.92
1.92 3.84 5.66 3.5
1.84 3.76 5.28 3.04
1.92 3.86 5.12 2.98
1.84 4.34 4.94 3.28
1.84 4.26 4.88 3.14
1.84 4.08 5.38 3.46
1.86 3.9 5.34 3.24
1.84 3.38 5.88 3.26
1.82 3.94 5.46 3.4
1.84 3.52 5.42 2.94
1.96 3.96 5.3 3.26
1.9 4.0 5.42 3.42
1.86 3.54 5.68 3.22
1.86 4.48 5.16 3.64
1.84 3.54 5.76 3.3
1.78 3.18 5.9 3.08
1.9 4.26 4.96 3.22
1.9 4.36 5.24 3.6
1.86 4.12 5.5 3.62
1.92 4.06 5.22 3.28
1.8 3.68 5.58 3.26
1.84 3.5 6.44 3.94
1.82 3.8 5.66 3.46
1.94 4.26 4.9 3.16
1.9 4.22 5.14 3.36
1.88 3.32 5.8 3.12
1.82 3.98 5.56 3.54
1.82 3.44 5.6 3.04
1.94 4.04 5.06 3.1
1.78 3.1 6.18 3.28
1.9 3.68 5.44 3.12
1.76 3.18 6.04 3.22
1.92 4.58 4.74 3.32
1.8 4.2 5.22 3.42
2.0 4.58 4.64 3.22
1.94 4.0 5.54 3.54
1.88 3.06 5.96 3.02
1.8 3.46 5.8 3.26
1.84 3.78 5.36 3.14
1.88 3.38 6.0 3.38
1.9 3.64 5.42 3.06
1.78 3.8 5.36 3.16
1.92 4.12 5.26 3.38
1.9 3.58 5.58 3.16
1.82 3.78 5.44 3.22
1.86 3.82 5.56 3.38
1.9 4.06 5.28 3.34
1.86 3.48 5.88 3.36
1.88 4.5 5.24 3.74
1.86 3.26 6.3 3.56
1.88 3.6 5.6 3.2
1.84 3.48 5.66 3.14
1.82 3.54 5.5 3.04
1.9 3.68 5.4 3.08
1.84 3.12 5.76 2.88
1.8 3.28 6.08 3.36
1.74 3.48 5.72 3.2
1.78 3.2 5.9 3.1
1.92 3.88 5.88 3.76
1.88 3.48 5.68 3.16
1.86 3.64 5.76 3.4
1.8 3.28 5.76 3.04
1.86 4.02 5.3 3.32
1.9 4.14 5.5 3.64
1.88 3.5 5.8 3.3
1.88 3.7 5.06 2.76
1.86 3.24 5.92 3.16
1.84 2.74 6.42 3.16
1.9 3.88 5.3 3.18
1.9 4.36 5.26 3.62
1.88 4.16 5.38 3.54
1.8 3.28 5.84 3.12
1.92 3.84 5.14 2.98
1.86 3.34 5.62 2.96
1.92 4.32 4.96 3.28
1.86 3.94 5.46 3.4
1.8 3.36 5.9 3.26
1.94 4.34 5.26 3.6
1.84 3.46 6.08 3.54
1.88 3.34 5.36 2.7
1.92 4.1 5.2 3.3
1.84 3.46 5.32 2.78
1.82 3.82 5.54 3.36
1.86 3.52 5.62 3.14
1.82 3.3 6.02 3.32
1.94 3.32 5.96 3.28
1.82 3.72 5.74 3.46
1.88 4.64 4.74 3.38
1.86 3.88 5.4 3.28
1.8 3.62 5.76 3.38
1.84 3.62 5.58 3.2
1.82 4.28 5.1 3.38
1.86 3.5 5.42 2.92
1.82 3.72 5.36 3.08
1.84 4.12 5.52 3.64
1.86 3.78 5.4 3.18
1.82 3.76 5.58 3.34
1.88 3.26 6.04 3.3
1.82 3.74 5.66 3.4
1.84 3.98 5.16 3.14
1.92 3.8 5.34 3.14
1.84 3.62 5.92 3.54
1.8 3.74 5.58 3.32
1.76 3.9 5.48 3.38
1.86 3.48 5.28 2.76
1.94 3.28 5.5 2.78
1.92 3.86 5.16 3.02
1.88 3.78 5.92 3.7
1.9 3.62 5.34 2.96
1.88 3.56 5.7 3.26
1.9 3.94 5.4 3.34
1.9 4.32 5.48 3.8
1.98 4.44 4.58 3.02
1.9 3.82 5.52 3.34
1.76 2.68 6.3 2.98
1.86 3.4 6.04 3.44
1.82 3.56 5.52 3.08
1.88 3.9 5.44 3.34
1.9 3.96 5.3 3.26
1.82 4.38 4.96 3.34
1.88 3.5 5.46 2.96
1.86 3.2 5.84 3.04
1.92 4.24 5.06 3.3
1.9 4.08 5.26 3.34
1.84 3.3 5.94 3.24
1.84 3.66 5.5 3.16
1.86 3.66 5.56 3.22
1.94 4.22 5.12 3.34
1.72 3.48 5.56 3.04
1.86 3.7 5.5 3.2
1.82 3.64 5.44 3.08
1.9 3.56 5.84 3.4
1.86 3.6 5.48 3.08
1.86 3.72 5.68 3.4
1.84 3.32 6.08 3.4
1.84 3.8 5.52 3.32
1.8 4.08 5.24 3.32
1.88 4.14 5.34 3.48
1.86 4.46 5.14 3.6
1.82 3.9 5.68 3.58
1.78 3.74 5.84 3.58
1.9 3.82 5.3 3.12
1.88 3.58 5.6 3.18
1.86 3.9 5.12 3.02
1.86 3.7 5.22 2.92
1.88 3.62 5.72 3.34
1.8 3.14 5.98 3.12
1.92 4.72 4.98 3.7
1.82 4.12 5.12 3.24
1.9 3.34 5.98 3.32
1.8 3.7 5.68 3.38
1.86 3.66 5.52 3.18
1.84 3.74 5.48 3.22
1.92 4.02 5.72 3.74
1.86 3.52 5.94 3.46
1.9 4.16 5.2 3.36
1.72 3.3 6.06 3.36
1.8 3.74 5.78 3.52
1.82 3.48 5.98 3.46
1.88 4.02 5.08 3.1
1.76 3.7 5.56 3.26
1.96 3.8 5.28 3.08
1.86 4.28 4.82 3.1
1.8 4.54 4.98 3.52
1.84 4.02 5.22 3.24
1.88 4.08 5.3 3.38
1.84 4.02 5.12 3.14
1.86 4.48 4.78 3.26
1.92 4.32 5.32 3.64
1.88 3.22 5.98 3.2
1.76 4.06 5.36 3.42
1.9 4.1 5.38 3.48
1.92 3.76 5.52 3.28
1.86 3.64 5.66 3.3
1.84 3.32 5.64 2.96
1.9 3.32 5.8 3.12
1.84 4.5 4.9 3.4
1.9 4.34 5.02 3.36
1.8 3.38 5.78 3.16
1.86 3.94 5.46 3.4
1.86 3.52 5.96 3.48
1.88 4.34 5.42 3.76
1.92 3.86 5.26 3.12
1.88 4.0 4.9 2.9
1.86 4.36 4.92 3.28
1.9 4.64 5.08 3.72
1.78 3.68 5.48 3.16
1.92 4.38 4.9 3.28
1.86 3.9 5.14 3.04
1.86 3.86 5.52 3.38
1.84 4.34 4.84 3.18
1.84 3.84 5.56 3.4
1.9 3.4 5.82 3.22
1.96 3.86 5.32 3.18
1.8 3.68 5.3 2.98
1.92 4.18 5.32 3.5
1.92 4.42 4.92 3.34
1.84 3.92 5.54 3.46
1.9 4.14 5.22 3.36
1.86 3.42 5.62 3.04
1.84 4.14 4.96 3.1
1.94 3.76 5.22 2.98
1.78 3.8 5.88 3.68
1.86 4.08 5.3 3.38
1.86 4.76 4.72 3.48
1.9 3.76 5.54 3.3
1.92 3.3 5.96 3.26
1.84 3.28 5.98 3.26
1.94 4.4 5.1 3.5
1.82 3.46 5.66 3.12
1.78 3.32 5.8 3.12
1.76 3.74 5.36 3.1
1.88 3.42 6.08 3.5
1.8 3.5 5.78 3.28
1.88 3.58 5.32 2.9
1.86 3.8 5.52 3.32
1.9 4.08 5.5 3.58
1.86 3.52 5.62 3.14
1.82 4.06 5.04 3.1
1.9 3.74 5.3 3.04
1.8 3.98 5.56 3.54
1.86 3.72 5.3 3.02
1.84 4.08 5.1 3.18
1.9 4.1 5.28 3.38
1.94 3.86 5.04 2.9
1.76 3.54 5.44 2.98
1.78 3.76 5.46 3.22
1.86 4.0 5.52 3.52
1.84 3.58 5.52 3.1
1.8 3.28 5.36 2.64
1.82 3.66 5.4 3.06
1.86 4.42 4.76 3.18
1.88 3.54 5.54 3.08
1.86 3.5 5.46 2.96
1.96 4.0 5.32 3.32
1.7 3.58 5.76 3.34
1.9 4.34 5.1 3.44
1.88 4.08 5.46 3.54
1.84 4.1 5.06 3.16
1.96 3.6 5.22 2.82
1.92 3.94 5.18 3.12
1.88 4.48 4.94 3.42
1.86 3.6 5.54 3.14
1.82 4.52 4.86 3.38
1.86 3.82 5.04 2.86
1.8 3.24 6.02 3.26
1.94 3.8 5.54 3.34
1.84 4.08 5.06 3.14
1.82 3.24 6.0 3.24
1.92 4.08 5.4 3.48
1.74 3.72 5.6 3.32
1.82 3.22 5.82 3.04
1.86 4.04 5.06 3.1
1.82 3.12 6.42 3.54
1.92 3.58 5.66 3.24
1.88 3.92 5.38 3.3
1.9 4.06 5.28 3.34
1.9 4.02 5.54 3.56
1.9 4.02 5.26 3.28
1.82 4.1 4.96 3.06
1.82 3.66 5.54 3.2
1.86 3.44 5.48 2.92
1.86 4.16 5.16 3.32
1.9 3.76 5.68 3.44
1.9 4.44 5.22 3.66
1.82 4.04 5.26 3.3
1.7 2.9 6.12 3.02
1.94 4.6 4.8 3.4
1.82 3.78 5.46 3.24
1.86 3.86 5.64 3.5
1.9 4.14 5.44 3.58
1.86 4.28 5.04 3.32
1.8 3.32 5.68 3.0
1.84 3.76 5.46 3.22
1.94 4.24 4.66 2.9
1.84 4.34 4.86 3.2
1.92 3.8 5.14 2.94
1.86 4.0 5.44 3.44
1.82 4.18 5.2 3.38
1.82 3.98 5.46 3.44
1.8 4.14 5.32 3.46
1.88 3.5 5.78 3.28
1.84 3.46 5.58 3.04
1.74 3.44 5.9 3.34
1.88 4.14 5.06 3.2
1.9 4.44 4.54 2.98
1.88 3.88 5.4 3.28
1.92 3.92 4.92 2.84
1.88 3.48 5.74 3.22
1.9 4.82 4.68 3.5
1.84 3.62 5.62 3.24
1.88 3.9 5.34 3.24
1.84 3.66 5.48 3.14
1.88 3.94 5.24 3.18
1.9 4.26 5.14 3.4
1.84 4.22 4.96 3.18
1.88 3.88 5.22 3.1
1.88 3.84 5.18 3.02
1.86 3.24 5.82 3.06
1.8 3.78 5.24 3.02
1.9 3.4 5.38 2.78
1.84 3.7 5.74 3.44
1.76 3.58 5.58 3.16
1.9 4.44 5.06 3.5
1.84 4.42 5.1 3.52
1.88 3.96 5.28 3.24
1.86 3.7 5.42 3.12
1.84 3.78 5.36 3.14
1.88 3.12 5.88 3.0
1.92 3.98 5.24 3.22
1.92 3.92 5.36 3.28
1.96 4.22 4.72 2.94
1.9 3.82 5.4 3.22
1.92 3.8 5.66 3.46
1.88 3.88 5.16 3.04
1.78 3.56 5.6 3.16
1.9 3.72 5.68 3.4
1.88 3.6 5.64 3.24
1.86 4.18 5.38 3.56
1.92 3.64 5.72 3.36
1.88 3.32 5.78 3.1
1.9 3.76 5.6 3.36
1.86 3.9 5.54 3.44
1.9 4.36 5.0 3.36
1.78 3.34 6.24 3.58
1.8 4.12 5.42 3.54
1.88 4.24 5.4 3.64
1.84 3.42 5.92 3.34
1.84 4.2 4.9 3.1
1.96 4.02 5.08 3.1
1.86 4.54 4.92 3.46
1.9 3.56 5.86 3.42
1.76 3.58 5.62 3.2
1.84 3.6 5.62 3.22
1.82 3.18 5.96 3.14
1.96 4.04 4.98 3.02
1.8 3.76 5.86 3.62
1.84 4.2 5.18 3.38
1.9 4.42 5.2 3.62
1.74 3.88 5.6 3.48
1.9 4.66 4.92 3.58
1.82 3.26 6.14 3.4
1.86 3.9 5.18 3.08
1.86 3.9 5.98 3.88
1.9 3.1 6.04 3.14
1.78 3.78 5.36 3.14
1.86 3.68 5.8 3.48
1.88 4.72 4.62 3.34
1.78 3.14 5.8 2.94
1.8 4.06 5.52 3.58
1.78 3.66 5.56 3.22
1.88 4.32 5.38 3.7
1.76 3.22 6.1 3.32
1.8 4.3 5.04 3.34
1.92 4.4 4.96 3.36
1.78 3.2 5.7 2.9
1.78 3.96 5.66 3.62
1.88 4.1 4.88 2.98
1.88 4.06 5.08 3.14
1.88 3.32 5.78 3.1
1.86 3.28 5.7 2.98
1.84 3.56 5.66 3.22
1.82 3.82 5.28 3.1
1.86 3.88 5.66 3.54
1.92 4.06 5.16 3.22
1.86 3.78 5.56 3.34
1.88 4.02 5.32 3.34
1.88 3.84 5.24 3.08
1.92 3.96 5.2 3.16
1.72 3.52 5.7 3.22
1.92 4.0 5.22 3.22
1.9 4.02 5.4 3.42
1.92 3.54 5.36 2.9
1.86 4.12 5.22 3.34
1.92 4.46 4.94 3.4
1.86 3.6 5.66 3.26
1.84 4.94 4.54 3.48
1.84 3.46 5.38 2.84
1.84 3.66 5.5 3.16
1.9 4.0 5.18 3.18
1.8 3.78 5.34 3.12
1.82 3.66 5.24 2.9
1.88 3.86 5.24 3.1
1.92 4.82 4.36 3.18
1.94 4.34 4.9 3.24
1.9 4.02 5.16 3.18
1.7 3.56 5.7 3.26
1.88 3.72 5.44 3.16
1.84 4.0 5.6 3.6
1.86 3.94 5.2 3.14
1.84 3.44 5.92 3.36
1.84 3.82 5.56 3.38
1.86 3.92 5.44 3.36
1.9 4.4 5.18 3.58
1.88 3.58 5.54 3.12
1.88 4.14 4.94 3.08
1.88 4.26 4.98 3.24
1.86 3.84 5.24 3.08
1.82 3.96 5.9 3.86
1.86 3.58 5.68 3.26
1.9 3.48 5.24 2.72
1.8 3.3 5.62 2.92
1.9 3.76 5.32 3.08
1.88 3.84 5.32 3.16
1.86 3.64 5.62 3.26
1.88 3.78 5.38 3.16
1.88 3.56 5.66 3.22
1.88 4.56 4.76 3.32
1.78 3.74 5.3 3.04
1.72 3.62 5.36 2.98
1.86 4.22 5.18 3.4
1.92 4.54 4.9 3.44
1.94 4.08 5.2 3.28
1.86 4.0 5.14 3.14
1.82 3.04 5.8 2.84
1.86 4.04 5.34 3.38
1.86 3.34 6.26 3.6
1.78 3.68 5.72 3.4
1.88 4.72 4.58 3.3
1.82 3.58 5.48 3.06
1.84 3.62 5.6 3.22
1.84 3.7 5.56 3.26
1.8 4.2 5.3 3.5
1.86 4.44 5.06 3.5
1.9 4.12 5.2 3.32
1.82 3.48 6.14 3.62
1.88 3.8 5.36 3.16
1.82 4.08 4.96 3.04
1.82 4.36 4.94 3.3
1.86 4.1 5.46 3.56
1.94 4.26 4.84 3.1
1.78 4.62 4.94 3.56
1.84 3.62 5.82 3.44
1.96 4.18 4.98 3.16
1.92 3.94 5.12 3.06
1.86 3.76 5.56 3.32
1.88 3.38 5.42 2.8
1.8 3.48 5.54 3.02
1.88 3.78 4.92 2.7
1.86 3.58 5.62 3.2
1.84 3.7 5.76 3.46
1.88 3.64 5.2 2.84
1.78 3.1 5.78 2.88
1.86 3.2 5.88 3.08
1.84 3.22 6.08 3.3
1.9 4.0 5.22 3.22
1.92 4.16 5.0 3.16
1.86 4.3 5.12 3.42
1.88 4.02 5.36 3.38
1.88 3.86 5.56 3.42
1.88 3.76 5.34 3.1
1.82 3.46 5.88 3.34
1.78 3.24 6.02 3.26
1.86 3.76 5.64 3.4
1.88 4.34 5.04 3.38
1.9 3.9 5.22 3.12
1.86 3.9 5.6 3.5
1.8 3.5 5.8 3.3
1.88 4.4 4.96 3.36
1.82 3.48 5.56 3.04
1.82 3.56 5.66 3.22
1.82 3.6 5.64 3.24
1.9 4.5 4.9 3.4
1.84 3.52 5.54 3.06
1.78 3.48 5.6 3.08
1.92 4.12 5.32 3.44
1.76 4.4 5.08 3.48
1.82 3.54 5.28 2.82
1.78 2.9 6.26 3.16
1.82 3.62 5.82 3.44
1.88 3.52 5.46 2.98
1.92 4.0 5.12 3.12
1.94 4.06 4.94 3.0
1.9 4.24 5.22 3.46
1.78 4.04 5.14 3.18
1.84 3.88 5.26 3.14
1.92 4.54 4.86 3.4
1.8 3.88 5.34 3.22
1.84 3.16 6.08 3.24
1.84 4.14 5.38 3.52
1.78 3.48 5.78 3.26
1.96 3.44 5.42 2.86
1.84 4.3 4.92 3.22
1.8 3.56 5.8 3.36
1.9 3.64 5.26 2.9
1.84 3.92 5.34 3.26
1.86 4.34 5.02 3.36
1.92 4.08 5.32 3.4
1.86 3.78 5.5 3.28
1.9 3.64 5.58 3.22
1.86 4.3 5.18 3.48
1.86 3.9 5.1 3.0
1.9 3.92 5.04 2.96
1.78 3.84 5.34 3.18
1.92 3.46 5.9 3.36
1.84 4.24 5.1 3.34
1.88 4.18 5.14 3.32
1.9 4.1 5.24 3.34
1.8 3.68 5.6 3.28
1.8 3.18 6.04 3.22
1.84 3.7 5.88 3.58
1.82 3.46 5.7 3.16
1.92 4.32 4.82 3.14
1.76 3.8 5.56 3.36
1.86 3.48 5.72 3.2
1.9 3.7 5.38 3.08
1.9 3.92 5.38 3.3
1.92 4.16 5.08 3.24
1.8 3.92 5.52 3.44
1.84 4.66 4.92 3.58
1.82 3.88 5.08 2.96
1.84 3.92 5.32 3.24
1.9 4.04 5.42 3.46
1.92 3.62 5.6 3.22
1.9 3.82 5.36 3.18
1.9 3.92 5.58 3.5
1.92 3.48 5.04 2.52
1.92 4.64 4.9 3.54
1.84 3.62 5.74 3.36
1.76 3.08 6.04 3.12
1.84 4.02 5.18 3.2
1.9 3.82 5.18 3.0
1.86 3.72 5.18 2.9
1.84 4.12 5.06 3.18
1.88 3.9 5.4 3.3
1.86 3.8 5.14 2.94
1.78 2.64 6.54 3.18
1.78 3.66 5.42 3.08
1.92 4.18 5.04 3.22
1.92 3.9 5.62 3.52
1.86 3.52 5.58 3.1
1.86 4.3 4.92 3.22
1.82 3.4 5.3 2.7
1.9 3.68 5.68 3.36
1.84 4.02 5.24 3.26
1.86 3.94 5.76 3.7
1.86 4.06 5.22 3.28
1.82 3.66 5.54 3.2
1.88 3.7 5.52 3.22
1.8 3.38 6.0 3.38
1.82 3.96 5.3 3.26
1.82 3.74 5.58 3.32
1.84 3.36 5.96 3.32
1.88 3.02 5.86 2.88
1.9 3.8 5.32 3.12
1.92 4.0 5.32 3.32
1.86 3.98 5.06 3.04
1.7 3.14 5.72 2.86
1.82 3.16 5.78 2.94
1.84 3.78 5.58 3.36
1.84 3.36 5.86 3.22
1.86 3.22 5.9 3.12
1.82 3.26 5.64 2.9
1.88 3.12 5.68 2.8
1.9 4.52 5.16 3.68
1.88 3.72 5.76 3.48
1.82 3.64 5.5 3.14
1.82 3.82 5.86 3.68
1.88 3.78 5.58 3.36
1.78 3.5 5.96 3.46
1.8 3.38 5.88 3.26
1.8 3.62 5.84 3.46
1.9 4.64 4.8 3.44
1.84 4.34 5.54 3.88
1.82 3.58 5.86 3.44
1.86 4.22 5.3 3.52
1.8 4.32 5.18 3.5
1.92 4.82 4.64 3.46
1.84 4.38 5.02 3.4
1.86 3.42 5.64 3.06
1.82 3.38 6.06 3.44
1.84 4.5 5.04 3.54
1.92 4.1 5.18 3.28
1.88 4.62 4.98 3.6
1.76 2.96 6.08 3.04
1.88 3.66 5.72 3.38
1.86 3.92 5.16 3.08
1.86 3.96 5.42 3.38
1.78 3.9 5.44 3.34
1.9 3.6 5.42 3.02
1.74 3.5 5.54 3.04
1.9 4.2 5.04 3.24
1.88 4.12 5.38 3.5
1.88 4.58 4.68 3.26
1.92 4.5 4.96 3.46
1.9 4.46 4.62 3.08
1.78 3.76 5.48 3.24
1.88 4.0 5.14 3.14
1.88 2.52 5.96 2.48
1.94 4.82 4.7 3.52
1.86 4.14 4.84 2.98
1.86 4.2 5.2 3.4
1.78 3.52 5.72 3.24
1.86 3.7 5.48 3.18
1.84 4.04 5.62 3.66
1.88 3.72 5.36 3.08
1.92 3.9 5.16 3.06
1.82 3.46 5.82 3.28
1.88 3.62 5.7 3.32
1.9 3.68 5.3 2.98
1.94 4.16 5.02 3.18
1.94 3.78 5.26 3.04
1.82 3.66 5.82 3.48
1.9 3.66 5.96 3.62
1.88 3.44 5.9 3.34
1.88 2.92 6.2 3.12
1.86 4.0 5.28 3.28
1.94 4.34 5.04 3.38
1.76 3.62 5.86 3.48
1.82 3.62 5.78 3.4
1.88 3.62 5.4 3.02
1.8 4.14 5.5 3.64
1.8 3.2 5.64 2.84
1.84 4.22 5.14 3.36
1.88 4.12 4.94 3.06
1.88 3.76 5.62 3.38
1.78 3.98 5.18 3.16
1.96 4.46 4.92 3.38
1.9 3.72 5.54 3.26
1.84 4.04 5.1 3.14
1.78 3.96 5.38 3.34
1.9 3.28 5.88 3.16
1.84 4.08 5.26 3.34
1.88 4.24 5.0 3.24
1.78 4.3 5.5 3.8
1.82 4.42 5.1 3.52
1.86 3.26 5.68 2.94
1.96 4.1 5.02 3.12
1.8 3.66 5.62 3.28
1.84 3.32 5.82 3.14
1.94 4.06 5.04 3.1
1.82 3.48 5.28 2.76
1.8 4.2 5.44 3.64
1.86 4.2 5.02 3.22
1.78 3.3 6.02 3.32
1.9 4.12 5.36 3.48
1.88 3.44 5.86 3.3
1.84 3.56 5.5 3.06
1.8 3.64 5.56 3.2
1.82 3.06 6.24 3.3
1.8 3.48 5.96 3.44
1.94 3.9 5.32 3.22
1.9 4.22 5.22 3.44
1.86 3.98 5.52 3.5
1.94 4.24 5.08 3.32
1.86 3.82 5.06 2.88
1.76 3.76 5.64 3.4
1.82 4.04 5.46 3.5
1.88 3.54 5.64 3.18
1.84 3.94 5.52 3.46
1.86 4.18 5.06 3.24
1.82 3.68 5.46 3.14
1.8 3.36 5.8 3.16
1.76 2.92 6.26 3.18
1.78 3.5 5.66 3.16
1.84 3.54 5.96 3.5
1.82 3.48 5.86 3.34
1.92 4.6 5.0 3.6
1.88 4.0 5.4 3.4
1.94 4.8 4.44 3.24
1.9 3.9 5.46 3.36
1.84 3.94 5.36 3.3
1.84 3.74 5.6 3.34
1.88 3.9 5.24 3.14
1.84 4.16 4.92 3.08
1.82 3.28 5.58 2.86
1.86 3.86 5.42 3.28
1.86 3.68 5.22 2.9
1.92 3.36 5.54 2.9
1.86 3.74 5.22 2.96
1.94 4.1 5.42 3.52
1.84 4.04 5.46 3.5
1.8 3.92 5.26 3.18
1.88 4.0 5.3 3.3
1.94 3.9 4.96 2.86
1.86 3.9 5.4 3.3
1.86 3.5 4.96 2.46
1.86 3.6 5.72 3.32
1.9 3.68 5.26 2.94
1.86 3.6 5.68 3.28
1.88 3.92 5.18 3.1
1.94 3.36 5.56 2.92
1.78 3.94 5.42 3.36
1.92 3.4 5.34 2.74
1.84 3.5 5.64 3.14
1.88 3.66 5.66 3.32
1.88 4.14 4.86 3.0
1.84 4.06 5.34 3.4
1.8 4.0 5.34 3.34
1.9 3.96 5.3 3.26
1.82 4.14 5.18 3.32
1.84 4.08 5.16 3.24
1.82 4.06 5.36 3.42
1.96 4.64 4.78 3.42
1.9 3.76 5.54 3.3
1.8 3.46 5.3 2.76
1.9 3.72 5.84 3.56
1.74 3.1 6.34 3.44
1.92 3.98 5.2 3.18
1.88 3.54 5.62 3.16
1.92 4.24 5.04 3.28
1.88 4.44 4.76 3.2
1.84 4.08 5.26 3.34
1.92 4.12 4.82 2.94
1.82 3.76 5.02 2.78
1.88 4.0 5.1 3.1
1.88 4.32 4.74 3.06
1.72 2.92 6.08 3.0
1.88 4.64 4.8 3.44
1.78 3.72 5.58 3.3
1.84 3.66 5.54 3.2
1.84 3.56 5.56 3.12
1.96 4.18 5.22 3.4
1.82 3.46 5.48 2.94
1.9 4.28 4.9 3.18
1.86 3.86 5.36 3.22
1.76 3.44 5.82 3.26
1.84 3.54 5.58 3.12
1.86 3.72 5.66 3.38
1.88 4.02 5.3 3.32
1.98 4.46 4.52 2.98
1.92 3.94 5.56 3.5
1.9 4.1 5.52 3.62
1.86 4.26 4.84 3.1
1.8 3.42 6.12 3.54
1.8 3.34 5.52 2.86
1.88 4.18 4.96 3.14
1.86 4.04 5.58 3.62
1.84 3.72 5.8 3.52
1.8 3.58 6.04 3.62
1.86 3.8 5.6 3.4
1.84 3.96 5.46 3.42
1.8 3.36 5.42 2.78
1.92 3.32 5.56 2.88
1.86 3.66 5.5 3.16
1.9 4.0 5.26 3.26
1.78 3.96 5.34 3.3
1.84 3.36 5.72 3.08
1.9 4.38 4.98 3.36
1.88 3.66 5.32 2.98
1.96 4.76 4.6 3.36
1.94 3.98 5.26 3.24
1.88 4.04 5.24 3.28
1.78 3.44 6.06 3.5
1.88 4.16 5.22 3.38
1.86 3.64 5.9 3.54
1.84 3.84 5.08 2.92
1.86 4.72 4.62 3.34
1.82 3.92 5.3 3.22
1.88 4.24 5.26 3.5
1.84 3.78 5.44 3.22
1.92 3.52 5.02 2.54
1.88 4.34 5.12 3.46
1.86 4.1 5.22 3.32
1.9 4.6 4.84 3.44
1.9 3.8 5.68 3.48
1.86 3.84 5.32 3.16
1.8 3.22 6.26 3.48
1.84 3.78 5.32 3.1
1.92 4.32 4.96 3.28
1.92 4.2 5.08 3.28
1.72 3.6 5.76 3.36
1.74 3.02 5.84 2.86
1.84 4.38 4.94 3.32
1.9 3.44 5.48 2.92
1.98 4.7 4.88 3.58
1.88 4.0 5.3 3.3
1.76 2.72 6.18 2.9
1.86 3.12 5.9 3.02
1.84 3.98 5.06 3.04
1.84 3.64 5.54 3.18
1.84 3.7 5.34 3.04
1.88 3.62 5.68 3.3
1.92 3.94 5.34 3.28
1.86 4.18 5.22 3.4
1.78 4.14 5.22 3.36
1.9 4.84 4.78 3.62
1.84 4.34 5.06 3.4
1.78 3.78 5.8 3.58
1.86 3.18 5.48 2.66
1.9 3.9 5.64 3.54
1.86 3.78 5.38 3.16
1.88 4.36 4.92 3.28
1.92 4.02 5.16 3.18
1.82 3.76 5.66 3.42
1.9 4.3 4.94 3.24
1.94 4.3 5.38 3.68
1.9 3.48 5.5 2.98
1.86 4.04 5.32 3.36
1.96 3.62 5.7 3.32
1.82 3.62 5.48 3.1
1.88 3.64 5.46 3.1
1.8 3.52 6.3 3.82
1.88 4.0 5.16 3.16
1.78 3.74 5.54 3.28
1.8 3.62 5.66 3.28
1.84 3.28 6.18 3.46
1.88 4.56 4.92 3.48
1.92 4.32 5.14 3.46
1.88 3.52 6.04 3.56
1.92 4.3 4.88 3.18
1.76 3.18 6.22 3.4
1.84 4.08 5.08 3.16
1.76 3.9 5.4 3.3
1.82 4.08 5.3 3.38
1.76 3.78 5.74 3.52
1.86 4.16 5.36 3.52
1.82 4.28 5.28 3.56
1.8 3.46 5.74 3.2
1.94 4.04 5.32 3.36
1.9 4.02 5.5 3.52
1.92 3.6 5.78 3.38
1.88 4.32 5.16 3.48
1.88 3.86 5.64 3.5
1.9 4.06 5.34 3.4
1.9 3.98 5.18 3.16
1.88 3.92 5.1 3.02
1.86 3.8 5.34 3.14
1.94 4.4 4.46 2.86
1.92 4.32 5.12 3.44
1.88 3.98 5.28 3.26
1.94 3.92 5.46 3.38
1.84 3.9 5.34 3.24
1.92 3.74 5.4 3.14
1.88 4.02 5.24 3.26
1.86 3.76 5.56 3.32
1.78 3.24 5.78 3.02
1.86 3.98 5.42 3.4
1.8 3.52 5.64 3.16
1.88 3.72 5.24 2.96
1.86 3.58 5.76 3.34
1.94 3.88 5.5 3.38
1.9 3.92 4.92 2.84
1.94 3.56 5.5 3.06
1.94 3.58 5.24 2.82
1.9 3.96 5.08 3.04
1.84 3.82 5.32 3.14
1.88 4.34 4.96 3.3
1.88 3.98 5.1 3.08
1.78 3.62 5.78 3.4
1.92 4.14 5.38 3.52
1.88 3.46 5.84 3.3
1.78 3.24 5.78 3.02
1.86 3.26 5.9 3.16
1.88 4.08 5.46 3.54
1.82 4.12 5.06 3.18
1.78 3.64 5.68 3.32
1.88 4.32 5.36 3.68
1.8 3.8 5.68 3.48
1.84 3.82 5.28 3.1
1.88 4.38 4.82 3.2
1.86 4.12 4.98 3.1
1.92 4.24 4.98 3.22
1.86 3.62 5.26 2.88
1.94 4.4 4.96 3.36
1.86 3.74 5.06 2.8
1.92 4.4 5.3 3.7
1.86 3.52 5.5 3.02
1.86 3.02 6.22 3.24
1.9 4.36 4.86 3.22
1.78 3.74 6.02 3.76
1.82 3.16 6.02 3.18
1.92 4.32 4.76 3.08
1.94 4.22 5.32 3.54
1.88 3.68 5.46 3.14
1.86 3.42 5.88 3.3
1.84 3.42 5.66 3.08
1.96 3.92 5.06 2.98
1.84 4.0 5.34 3.34
1.82 3.46 5.66 3.12
1.84 2.84 5.76 2.6
1.84 3.86 5.54 3.4
1.86 3.84 5.7 3.54
1.76 3.22 5.72 2.94
1.8 3.64 5.6 3.24
1.94 4.3 4.9 3.2
1.86 3.82 5.46 3.28
1.76 3.56 5.58 3.14
1.86 3.56 5.9 3.46
1.8 3.8 5.4 3.2
1.88 3.68 5.42 3.1
1.92 4.24 5.1 3.34
1.86 3.84 5.34 3.18
1.82 3.62 5.88 3.5
1.82 3.64 5.76 3.4
1.8 4.08 5.38 3.46
1.86 4.14 5.3 3.44
1.88 4.14 5.0 3.14
1.94 4.7 4.96 3.66
1.92 4.1 5.1 3.2
1.82 3.36 6.1 3.46
1.86 4.14 5.06 3.2
1.82 3.48 5.74 3.22
1.84 3.68 5.54 3.22
1.94 4.38 4.86 3.24
1.94 4.26 4.94 3.2
1.86 3.64 5.58 3.22
1.88 4.1 5.46 3.56
1.8 3.3 5.68 2.98
1.92 3.52 5.3 2.82
1.76 3.96 5.66 3.62
1.86 4.26 5.1 3.36
1.9 3.7 5.58 3.28
1.86 3.38 5.8 3.18
1.8 4.04 5.54 3.58
1.9 4.58 4.68 3.26
1.82 3.86 5.58 3.44
1.9 4.08 5.3 3.38
1.78 3.7 5.38 3.08
1.8 3.6 5.5 3.1
1.82 3.66 6.1 3.76
1.9 3.72 5.62 3.34
1.88 3.92 5.28 3.2
1.88 4.32 4.92 3.24
1.76 3.24 6.12 3.36
1.94 4.26 4.68 2.94
1.88 3.72 5.12 2.84
1.86 3.9 5.5 3.4
1.82 3.9 5.2 3.1
1.86 3.66 5.48 3.14
1.78 3.66 5.82 3.48
1.82 3.98 5.56 3.54
1.86 3.26 5.68 2.94
1.94 3.7 5.44 3.14
1.84 3.62 5.64 3.26
1.92 4.28 5.18 3.46
1.78 3.42 5.6 3.02
1.82 4.02 5.06 3.08
1.88 3.28 5.88 3.16
1.82 3.72 5.44 3.16
1.78 3.2 5.88 3.08
1.88 4.12 5.16 3.28
1.92 3.74 5.5 3.24
1.86 3.5 5.8 3.3
1.9 4.26 5.28 3.54
1.84 3.44 5.4 2.84
1.84 3.56 5.7 3.26
1.84 4.3 5.0 3.3
1.82 3.66 5.42 3.08
1.82 4.06 5.32 3.38
1.88 3.9 5.32 3.22
1.94 4.1 5.3 3.4
1.84 3.58 5.66 3.24
1.78 3.64 5.36 3.0
1.92 3.98 5.52 3.5
1.84 4.58 5.34 3.92
1.84 3.7 5.66 3.36
1.9 3.94 5.48 3.42
1.82 3.8 5.66 3.46
1.7 3.66 5.5 3.16
1.8 3.94 5.52 3.46
1.9 4.18 5.18 3.36
1.82 3.54 5.74 3.28
1.86 4.64 4.82 3.46
1.86 3.28 5.52 2.8
1.9 4.32 4.94 3.26
1.92 4.0 4.96 2.96
1.92 4.56 4.9 3.46
1.84 4.14 5.3 3.44
1.88 3.96 5.38 3.34
1.92 3.66 5.26 2.92
1.82 4.0 5.44 3.44
1.8 3.9 5.3 3.2
1.84 3.46 5.88 3.34
1.88 4.06 4.7 2.76
1.76 3.64 5.7 3.34
1.82 3.34 5.66 3.0
1.9 3.88 5.46 3.34
1.78 3.48 5.74 3.22
1.82 3.8 5.62 3.42
1.82 3.86 5.58 3.44
1.8 3.18 5.54 2.72
1.84 3.52 5.66 3.18
1.8 4.06 5.34 3.4
1.88 3.58 5.78 3.36
1.82 3.48 5.66 3.14
1.86 3.88 5.12 3.0
1.86 3.96 5.24 3.2
1.92 4.48 4.88 3.36
1.84 4.46 5.22 3.68
1.86 4.28 5.2 3.48
1.8 3.72 5.6 3.32
1.82 3.58 5.46 3.04
1.88 3.36 6.04 3.4
1.82 4.5 4.7 3.2
1.82 3.76 5.42 3.18
1.84 3.52 5.72 3.24
1.82 3.56 5.68 3.24
1.86 2.98 6.32 3.3
1.82 3.6 5.08 2.68
1.92 3.4 6.12 3.52
1.86 4.14 5.04 3.18
1.82 4.02 5.44 3.46
1.86 3.94 5.3 3.24
1.82 4.02 5.46 3.48
1.88 3.66 5.48 3.14
1.86 4.16 5.04 3.2
1.76 2.98 6.22 3.2
1.8 3.78 5.44 3.22
1.88 3.82 5.1 2.92
1.88 3.48 5.34 2.82
1.94 3.9 5.34 3.24
1.9 4.62 4.6 3.22
1.9 3.84 5.32 3.16
1.82 3.46 5.96 3.42
1.88 3.54 5.68 3.22
1.9 3.26 5.96 3.22
1.88 3.46 5.66 3.12
1.84 4.2 4.82 3.02
1.92 4.14 5.16 3.3
1.86 3.9 5.66 3.56
1.94 3.7 5.18 2.88
1.78 3.38 6.18 3.56
1.74 3.26 6.2 3.46
1.86 3.88 5.48 3.36
1.88 4.2 5.16 3.36
1.88 3.62 5.68 3.3
1.8 3.9 5.28 3.18
1.82 3.6 5.62 3.22
1.78 3.44 5.82 3.26
1.88 4.1 5.22 3.32
1.88 4.52 5.18 3.7
1.9 4.04 5.2 3.24
1.8 2.94 6.32 3.26
1.86 4.08 5.44 3.52
1.88 3.98 5.16 3.14
1.82 4.1 5.16 3.26
1.94 4.48 4.86 3.34
1.9 4.52 4.9 3.42
1.88 4.14 4.88 3.02
1.84 3.56 5.94 3.5
1.9 4.28 5.54 3.82
1.8 3.26 5.64 2.9
1.9 3.58 5.8 3.38
1.92 4.2 4.98 3.18
1.88 4.38 5.18 3.56
1.94 4.68 4.7 3.38
1.9 4.28 4.98 3.26
1.86 3.82 5.22 3.04
1.82 4.2 5.32 3.52
1.92 4.02 5.02 3.04
1.9 4.04 5.1 3.14
1.8 3.48 5.74 3.22
1.82 3.7 5.7 3.4
1.84 3.72 5.64 3.36
1.88 3.9 5.32 3.22
1.88 3.68 5.2 2.88
1.9 3.92 5.3 3.22
1.84 3.84 5.48 3.32
1.88 3.62 5.72 3.34
1.82 4.56 4.9 3.46
1.92 4.46 5.02 3.48
1.92 4.52 4.82 3.34
1.78 3.58 5.56 3.14
1.88 4.04 5.3 3.34
1.82 3.96 5.34 3.3
1.86 4.16 5.32 3.48
1.8 3.06 5.96 3.02
1.84 3.86 5.12 2.98
1.9 3.7 5.56 3.26
1.8 3.0 5.78 2.78
1.86 3.9 5.4 3.3
1.8 3.46 5.66 3.12
1.86 3.32 6.08 3.4
1.88 3.78 5.32 3.1
1.92 4.3 5.06 3.36
1.84 3.84 5.66 3.5
1.84 3.74 5.24 2.98
1.76 4.04 5.5 3.54
1.88 3.98 5.0 2.98
1.76 3.5 5.82 3.32
1.84 3.54 5.66 3.2
1.88 3.7 5.5 3.2
1.86 4.3 5.16 3.46
1.92 4.7 4.88 3.58
1.9 4.18 5.26 3.44
1.92 4.34 4.8 3.14
1.8 3.48 5.82 3.3
1.9 3.4 5.44 2.84
1.86 3.12 6.1 3.22
1.94 4.18 5.2 3.38
1.86 3.86 5.26 3.12
1.94 4.48 4.86 3.34
1.88 4.34 4.9 3.24
1.82 3.18 6.0 3.18
1.78 3.44 5.92 3.36
1.9 3.96 5.0 2.96
1.9 3.94 5.16 3.1
1.86 4.2 5.42 3.62
1.82 3.1 5.94 3.04
1.9 3.1 5.64 2.74
1.82 3.82 5.58 3.4
1.9 3.16 5.7 2.86
1.88 3.76 5.78 3.54
1.86 3.98 5.26 3.24
1.9 4.06 5.18 3.24
1.8 3.62 5.48 3.1
1.8 3.58 5.72 3.3
1.84 4.02 4.72 2.74
1.96 4.68 4.94 3.62
1.84 3.88 5.32 3.2
1.86 4.0 5.12 3.12
1.9 3.76 5.44 3.2
1.72 3.86 5.52 3.38
1.92 4.18 4.86 3.04
1.86 4.44 4.7 3.14
1.86 3.76 5.1 2.86
1.86 4.22 5.26 3.48
1.76 3.84 5.4 3.24
1.88 3.78 5.7 3.48
1.88 3.92 5.58 3.5
1.9 4.04 5.12 3.16
1.82 3.54 5.56 3.1
1.9 3.38 6.04 3.42
1.9 4.2 5.1 3.3
1.84 3.94 5.32 3.26
1.84 3.7 5.44 3.14
1.9 3.76 5.46 3.22
1.8 3.94 5.28 3.22
1.84 3.86 5.32 3.18
1.88 3.94 5.26 3.2
1.88 4.04 5.3 3.34
1.88 4.1 5.24 3.34
1.94 4.08 4.92 3.0
1.86 3.06 5.94 3.0
1.76 3.36 5.86 3.22
1.92 3.92 5.02 2.94
1.78 3.92 5.4 3.32
1.82 3.66 5.46 3.12
1.88 3.84 5.16 3.0
1.86 4.54 5.08 3.62
1.86 3.86 5.32 3.18
1.94 4.54 5.32 3.86
1.94 3.74 5.34 3.08
1.94 4.7 4.72 3.42
1.96 4.16 5.14 3.3
1.94 3.36 5.72 3.08
1.94 4.9 4.46 3.36
1.84 3.92 5.24 3.16
1.82 2.98 5.84 2.82
1.8 3.32 5.86 3.18
1.88 3.76 5.32 3.08
1.82 3.48 5.46 2.94
1.96 4.28 4.8 3.08
1.88 4.24 4.78 3.02
1.84 3.84 5.2 3.04
1.9 3.94 5.2 3.14
1.88 4.18 5.32 3.5
1.86 4.34 5.1 3.44
1.86 3.54 5.42 2.96
1.82 3.8 5.48 3.28
1.9 4.14 5.36 3.5
1.86 3.16 6.14 3.3
1.86 3.7 5.62 3.32
1.88 4.0 5.52 3.52
1.92 4.16 5.54 3.7
1.86 4.1 5.5 3.6
1.9 3.38 5.86 3.24
1.82 3.5 5.94 3.44
1.86 3.56 5.76 3.32
1.94 3.82 5.22 3.04
1.9 3.94 5.2 3.14
1.88 4.66 4.88 3.54
1.86 3.32 5.54 2.86
1.76 3.28 6.0 3.28
1.84 3.96 5.24 3.2
1.8 3.76 5.42 3.18
1.84 4.1 5.32 3.42
1.94 4.32 5.12 3.44
1.86 4.02 4.84 2.86
1.92 4.14 4.9 3.04
1.84 3.46 5.5 2.96
1.9 4.22 4.94 3.16
1.86 3.54 6.22 3.76
1.82 3.58 5.76 3.34
1.86 4.78 5.04 3.82
1.88 4.34 5.16 3.5
1.8 3.64 5.48 3.12
1.86 3.66 6.12 3.78
1.88 4.04 5.32 3.36
1.94 4.2 5.16 3.36
1.88 4.1 4.82 2.92
1.64 3.1 5.72 2.82
1.82 4.04 5.0 3.04
1.88 4.62 4.84 3.46
1.78 3.24 6.2 3.44
1.9 3.8 5.28 3.08
1.92 4.32 4.92 3.24
1.84 3.76 5.22 2.98
1.82 3.82 5.58 3.4
1.94 4.56 5.42 3.98
1.82 4.14 5.7 3.84
1.88 3.84 5.32 3.16
1.8 3.66 5.7 3.36
1.88 3.64 5.64 3.28
1.88 4.3 5.06 3.36
1.9 4.16 5.44 3.6
1.92 4.06 5.48 3.54
1.94 3.74 5.52 3.26
1.84 3.84 5.84 3.68
1.76 2.98 5.7 2.68
1.82 3.98 5.24 3.22
1.9 3.66 5.6 3.26
1.82 4.22 4.78 3.0
1.98 3.66 5.3 2.96
1.88 4.3 5.28 3.58
1.8 3.02 5.86 2.88
1.76 3.28 6.08 3.36
1.9 4.06 5.02 3.08
1.92 4.2 4.88 3.08
1.82 3.9 5.34 3.24
1.86 3.8 5.82 3.62
1.86 3.64 5.2 2.84
1.8 3.06 6.08 3.14
1.82 4.04 5.38 3.42
1.84 3.9 5.02 2.92
1.8 3.92 5.18 3.1
1.8 3.62 5.72 3.34
1.84 3.98 5.36 3.34
1.84 3.92 5.4 3.32
1.96 4.64 5.0 3.64
1.92 3.94 5.32 3.26
1.82 3.88 5.58 3.46
1.86 4.58 4.94 3.52
1.84 3.9 5.3 3.2
1.88 4.16 5.0 3.16
1.9 3.72 5.46 3.18
1.88 3.7 5.38 3.08
1.88 4.12 5.18 3.3
1.88 3.84 5.04 2.88
1.92 4.2 5.02 3.22
1.78 3.54 6.04 3.58
1.74 3.32 5.62 2.94
1.84 3.78 5.5 3.28
1.92 3.68 5.44 3.12
1.9 3.98 5.32 3.3
1.88 4.02 4.96 2.98
1.86 3.48 5.94 3.42
1.84 3.28 5.88 3.16
1.9 3.78 5.62 3.4
1.84 3.92 5.1 3.02
1.9 4.2 5.4 3.6
1.92 3.62 5.28 2.9
1.84 3.24 5.9 3.14
1.84 3.94 5.36 3.3
1.9 3.84 5.56 3.4
1.8 4.16 5.08 3.24
1.88 3.64 5.44 3.08
1.88 4.08 5.5 3.58
1.8 4.54 5.1 3.64
1.86 3.26 6.1 3.36
1.9 3.42 5.82 3.24
1.94 4.28 5.04 3.32
1.88 3.68 5.3 2.98
1.84 3.86 5.8 3.66
1.84 4.36 5.0 3.36
1.84 4.42 4.86 3.28
1.9 3.8 5.62 3.42
1.92 4.12 5.16 3.28
1.96 3.8 5.12 2.92
1.92 4.54 5.24 3.78
1.9 4.4 5.34 3.74
1.86 3.72 5.38 3.1
1.88 3.86 5.36 3.22
1.98 4.04 5.14 3.18
1.9 3.9 5.4 3.3
1.94 4.04 5.34 3.38
1.9 3.7 5.7 3.4
1.82 3.78 5.24 3.02
1.9 3.34 5.94 3.28
1.82 3.64 5.18 2.82
1.8 3.76 5.48 3.24
1.82 3.52 5.5 3.02
1.84 4.0 5.46 3.46
1.84 3.92 5.26 3.18
1.86 3.78 5.5 3.28
1.94 3.78 5.38 3.16
1.84 3.52 5.62 3.14
1.94 3.06 5.92 2.98
1.86 4.26 5.3 3.56
1.7 3.28 5.8 3.08
1.86 3.6 5.48 3.08
1.92 4.06 5.08 3.14
1.76 3.94 5.38 3.32
1.92 3.62 5.04 2.66
1.86 3.7 5.4 3.1
1.88 4.22 5.26 3.48
1.86 4.58 5.02 3.6
1.84 4.08 5.42 3.5
1.86 3.68 5.72 3.4
1.82 4.3 4.92 3.22
1.9 4.28 5.52 3.8
1.82 4.12 5.3 3.42
1.84 4.12 5.22 3.34
1.84 3.74 5.6 3.34
1.94 3.86 5.26 3.12
1.86 4.36 4.82 3.18
1.86 3.72 5.3 3.02
1.86 3.4 5.84 3.24
1.76 3.64 5.76 3.4
1.92 4.66 4.82 3.48
1.86 3.88 5.3 3.18
1.78 3.6 6.04 3.64
1.86 3.84 5.34 3.18
1.74 3.4 5.84 3.24
1.9 4.08 5.16 3.24
1.9 3.5 5.78 3.28
1.86 3.54 5.56 3.1
1.84 4.44 4.86 3.3
1.9 3.92 5.28 3.2
1.92 4.14 5.18 3.32
1.84 3.54 5.52 3.06
1.92 3.7 5.46 3.16
1.88 3.74 5.22 2.96
1.9 3.96 5.28 3.24
1.88 3.72 5.64 3.36
1.92 3.42 5.72 3.14
1.8 3.66 5.36 3.02
1.86 3.8 5.36 3.16
1.92 3.36 5.54 2.9
1.82 3.82 5.42 3.24
1.88 4.16 5.5 3.66
1.82 4.32 4.86 3.18
1.92 4.14 5.08 3.22
1.86 4.04 5.48 3.52
1.92 3.46 5.46 2.92
1.88 3.86 5.42 3.28
1.9 4.5 5.08 3.58
1.88 3.62 5.6 3.22
1.88 4.28 5.06 3.34
1.84 4.0 5.28 3.28
1.8 3.02 5.82 2.84
1.84 4.3 4.92 3.22
1.86 4.04 5.22 3.26
1.88 4.16 5.02 3.18
1.86 4.14 5.2 3.34
1.82 3.9 5.14 3.04
1.76 3.6 5.58 3.18
1.86 4.16 5.1 3.26
1.88 4.26 4.92 3.18
1.92 4.46 4.76 3.22
1.84 3.86 5.92 3.78
1.84 3.78 5.64 3.42
1.94 4.12 4.8 2.92
1.82 3.54 5.34 2.88
1.9 3.94 5.16 3.1
1.82 4.28 5.24 3.52
1.84 3.86 5.48 3.34
1.92 3.7 5.3 3.0
1.94 4.32 4.76 3.08
1.78 3.36 5.54 2.9
1.88 4.0 5.14 3.14
1.88 4.74 5.16 3.9
1.88 3.96 5.34 3.3
1.92 4.2 5.24 3.44
1.82 3.58 5.62 3.2
1.84 3.38 5.64 3.02
1.88 4.24 5.14 3.38
1.86 4.52 4.96 3.48
1.92 4.18 5.12 3.3
1.82 3.22 5.46 2.68
1.82 3.62 5.32 2.94
1.9 4.1 5.18 3.28
1.96 4.32 5.26 3.58
1.82 3.48 5.86 3.34
1.8 3.0 5.96 2.96
1.92 3.72 5.44 3.16
1.88 4.04 5.16 3.2
1.8 2.76 6.36 3.12
1.84 4.04 5.6 3.64
1.8 4.02 5.44 3.46
1.84 3.5 5.58 3.08
1.86 3.82 5.58 3.4
1.76 3.42 5.68 3.1
1.74 3.44 5.56 3.0
1.84 4.48 4.96 3.44
1.84 3.42 5.82 3.24
1.86 4.14 5.58 3.72
1.94 3.96 5.26 3.22
1.86 3.6 5.84 3.44
1.84 3.98 5.2 3.18
1.86 3.62 5.62 3.24
1.86 3.78 5.64 3.42
1.84 3.56 5.5 3.06
1.88 4.86 4.58 3.44
1.88 3.84 5.64 3.48
1.8 3.56 5.68 3.24
1.82 3.52 5.98 3.5
1.84 3.4 5.86 3.26
1.86 3.22 5.66 2.88
1.8 3.28 5.8 3.08
1.86 3.68 5.7 3.38
1.8 3.84 5.74 3.58
1.8 3.58 5.78 3.36
1.9 3.4 5.56 2.96
1.9 4.0 5.16 3.16
1.82 3.8 5.42 3.22
1.82 3.88 5.24 3.12
1.82 3.46 5.94 3.4
1.88 4.12 5.18 3.3
1.9 3.62 5.52 3.14
1.9 4.44 5.18 3.62
1.86 4.06 5.1 3.16
1.8 3.42 5.84 3.26
1.82 4.0 5.02 3.02
1.84 3.68 5.76 3.44
1.92 4.06 5.2 3.26
1.8 4.26 5.22 3.48
1.8 3.56 6.12 3.68
1.88 3.8 5.5 3.3
1.82 4.16 5.24 3.4
1.92 3.5 5.86 3.36
1.84 3.44 5.54 2.98
1.78 4.22 5.4 3.62
1.9 3.86 5.44 3.3
1.94 3.94 5.5 3.44
1.86 4.1 4.92 3.02
1.84 3.56 5.88 3.44
1.88 3.76 4.92 2.68
1.82 3.48 5.7 3.18
1.88 4.28 5.34 3.62
1.92 4.0 5.34 3.34
1.9 3.76 5.62 3.38
1.88 4.06 5.02 3.08
1.72 3.26 5.96 3.22
1.9 3.72 5.46 3.18
1.92 4.32 5.12 3.44
1.86 4.12 5.38 3.5
1.86 3.8 5.22 3.02
1.86 3.76 5.84 3.6
1.88 3.6 5.74 3.34
1.82 3.68 5.64 3.32
1.88 4.1 5.22 3.32
1.88 3.84 5.42 3.26
1.92 4.18 5.08 3.26
1.86 3.58 5.54 3.12
1.92 4.6 4.58 3.18
1.88 3.58 5.82 3.4
1.9 3.98 5.22 3.2
1.86 4.36 5.06 3.42
1.82 3.96 5.2 3.16
1.92 5.16 4.46 3.62
1.82 2.74 5.94 2.68
1.84 3.0 5.9 2.9
1.9 4.86 4.96 3.82
1.68 3.06 6.24 3.3
1.82 4.5 5.04 3.54
1.86 3.52 5.48 3.0
1.86 4.54 4.44 2.98
1.9 4.06 5.36 3.42
1.92 4.02 5.24 3.26
1.92 3.5 5.12 2.62
1.82 3.4 5.9 3.3
1.78 3.72 5.42 3.14
1.88 3.7 5.78 3.48
1.82 4.04 5.32 3.36
1.88 3.78 5.16 2.94
1.88 4.16 5.5 3.66
1.9 4.04 5.04 3.08
1.9 4.2 5.24 3.44
1.86 4.0 5.12 3.12
1.94 3.78 5.82 3.6
1.92 3.94 5.0 2.94
1.9 4.56 4.84 3.4
1.9 4.28 5.12 3.4
1.84 3.58 5.64 3.22
1.9 3.48 5.9 3.38
1.92 3.98 5.52 3.5
1.82 3.54 5.62 3.16
1.88 4.24 4.84 3.08
1.9 4.42 5.08 3.5
1.86 3.6 5.26 2.86
1.9 4.92 4.48 3.4
1.82 3.82 5.56 3.38
1.86 3.94 5.34 3.28
1.84 3.72 5.52 3.24
1.86 3.94 5.22 3.16
1.92 4.22 5.2 3.42
1.84 4.4 5.08 3.48
1.88 4.48 5.04 3.52
1.82 3.86 5.4 3.26
1.86 3.78 5.4 3.18
1.86 3.94 5.22 3.16
1.9 3.92 5.2 3.12
1.9 4.22 4.74 2.96
1.94 4.14 5.58 3.72
1.82 3.56 5.58 3.14
1.8 4.08 5.04 3.12
1.84 4.66 4.88 3.54
1.78 3.7 5.34 3.04
1.84 4.32 4.52 2.84
1.9 3.98 5.16 3.14
1.86 3.62 5.5 3.12
1.86 3.52 5.92 3.44
1.9 3.82 5.34 3.16
1.9 4.34 4.88 3.22
1.8 4.22 5.14 3.36
1.8 4.12 5.36 3.48
1.92 4.72 4.86 3.58
1.86 3.9 5.22 3.12
1.9 4.18 4.66 2.84
1.84 3.78 5.46 3.24
1.84 3.8 5.62 3.42
1.84 3.48 5.28 2.76
1.96 4.42 4.72 3.14
1.84 3.66 5.82 3.48
1.84 3.94 5.32 3.26
1.84 3.64 5.6 3.24
1.86 3.88 5.56 3.44
1.8 4.38 5.08 3.46
1.9 3.8 5.4 3.2
1.82 3.9 5.52 3.42
1.8 3.74 5.36 3.1
1.88 4.62 4.82 3.44
1.84 3.54 5.94 3.48
1.86 3.52 5.72 3.24
1.86 3.78 5.22 3.0
1.82 3.78 5.18 2.96
1.8 3.12 5.9 3.02
1.8 3.86 5.08 2.94
1.84 4.22 5.24 3.46
1.84 3.84 5.38 3.22
1.9 4.16 5.36 3.52
1.84 4.12 4.9 3.02
1.84 3.56 5.42 2.98
1.94 4.48 4.92 3.4
1.84 4.36 5.18 3.54
1.8 3.96 5.52 3.48
1.84 3.98 5.42 3.4
1.92 4.04 4.88 2.92
1.88 3.98 5.48 3.46
1.88 3.84 5.32 3.16
1.86 3.66 5.72 3.38
1.94 4.54 5.04 3.58
1.88 4.04 5.12 3.16
1.86 4.16 5.38 3.54
1.9 3.88 5.04 2.92
1.86 4.24 5.1 3.34
1.9 3.96 4.96 2.92
1.9 3.08 5.6 2.68
1.78 3.64 5.46 3.1
1.84 3.74 5.32 3.06
1.9 4.72 4.68 3.4
1.88 3.78 5.76 3.54
1.8 3.68 5.58 3.26
1.74 3.34 5.44 2.78
1.86 3.82 5.3 3.12
1.84 3.5 5.56 3.06
1.82 3.66 5.86 3.52
1.88 3.78 5.48 3.26
1.94 4.44 4.72 3.16
1.92 4.38 4.96 3.34
1.88 4.08 4.9 2.98
1.78 3.6 6.04 3.64
1.84 3.96 5.08 3.04
1.86 3.08 6.18 3.26
1.88 4.56 4.62 3.18
1.82 3.52 5.5 3.02
1.9 4.08 5.08 3.16
1.92 4.3 4.9 3.2
1.9 3.72 5.54 3.26
1.9 4.54 4.88 3.42
1.86 3.88 5.0 2.88
1.74 3.82 5.42 3.24
1.84 4.26 5.5 3.76
1.84 3.84 5.48 3.32
1.82 3.34 5.5 2.84
1.96 4.04 4.9 2.94
1.78 3.7 5.62 3.32
1.86 4.14 5.04 3.18
1.86 4.0 5.28 3.28
1.88 3.4 6.04 3.44
1.88 4.12 5.18 3.3
1.82 3.66 5.36 3.02
1.86 3.6 5.66 3.26
1.86 4.2 4.94 3.14
1.76 3.54 5.48 3.02
1.82 3.9 5.88 3.78
1.78 3.56 5.68 3.24
1.84 3.98 5.4 3.38
1.9 3.64 5.46 3.1
1.86 3.92 5.32 3.24
1.86 4.12 5.38 3.5
1.84 3.16 5.88 3.04
1.88 4.04 5.48 3.52
1.84 3.74 5.44 3.18
1.9 3.94 5.12 3.06
1.94 3.54 5.8 3.34
1.86 3.6 5.5 3.1
1.8 3.4 5.58 2.98
1.82 4.0 4.98 2.98
1.88 4.16 5.32 3.48
1.84 4.18 4.9 3.08
1.84 3.76 5.7 3.46
1.82 3.46 5.48 2.94
1.82 3.38 6.04 3.42
1.84 3.84 5.68 3.52
1.84 4.36 4.86 3.22
1.84 3.56 5.6 3.16
1.9 4.02 5.3 3.32
1.8 3.32 5.84 3.16
1.78 3.44 5.6 3.04
1.86 3.98 5.5 3.48
1.74 3.22 6.06 3.28
1.94 4.38 5.12 3.5
1.84 3.4 5.86 3.26
1.84 3.04 5.94 2.98
1.82 3.04 5.84 2.88
1.84 3.68 5.44 3.12
1.74 3.38 6.2 3.58
1.86 3.58 5.34 2.92
1.9 4.4 5.0 3.4
1.88 4.36 4.88 3.24
1.78 3.34 5.7 3.04
1.88 3.78 5.34 3.12
1.92 4.28 5.0 3.28
1.78 3.56 5.64 3.2
1.86 4.14 5.16 3.3
1.82 3.54 5.68 3.22
1.86 4.02 5.38 3.4
1.82 3.12 6.22 3.34
1.74 3.74 5.44 3.18
1.92 3.9 5.12 3.02
1.92 3.64 5.82 3.46
1.84 4.42 5.38 3.8
1.82 3.16 6.06 3.22
1.9 4.5 4.86 3.36
1.94 4.34 5.08 3.42
1.86 3.7 5.56 3.26
1.88 3.78 5.62 3.4
1.9 4.46 4.86 3.32
1.78 3.8 5.24 3.04
1.82 3.72 5.4 3.12
1.8 3.66 5.4 3.06
1.82 3.36 6.0 3.36
1.82 3.26 5.98 3.24
1.86 4.1 5.1 3.2
1.72 3.4 5.88 3.28
1.8 3.72 5.68 3.4
1.86 3.5 5.66 3.16
1.8 3.72 5.54 3.26
1.92 4.22 5.12 3.34
1.92 4.46 4.8 3.26
1.82 3.84 5.26 3.1
1.92 3.9 5.62 3.52
1.88 4.38 5.02 3.4
1.82 3.52 5.62 3.14
1.86 3.86 5.56 3.42
1.9 3.88 5.62 3.5
1.82 3.18 5.68 2.86
1.74 3.42 5.86 3.28
1.94 4.52 5.2 3.72
1.76 3.54 5.5 3.04
1.82 3.58 5.54 3.12
1.88 4.5 4.92 3.42
1.8 3.62 6.04 3.66
1.84 3.76 5.66 3.42
1.86 3.56 5.74 3.3
1.86 3.76 5.36 3.12
1.86 4.08 5.32 3.4
1.88 4.02 5.02 3.04
1.94 4.4 4.82 3.22
1.9 3.94 5.24 3.18
1.92 4.24 5.04 3.28
1.96 4.26 5.26 3.52
1.9 4.34 4.7 3.04
1.88 3.5 5.82 3.32
1.88 3.9 5.62 3.52
1.8 3.84 5.36 3.2
1.9 3.96 5.1 3.06
1.9 4.5 5.02 3.52
1.82 3.46 6.14 3.6
1.88 3.98 5.08 3.06
1.9 4.24 5.2 3.44
1.82 3.7 6.02 3.72
1.8 3.64 5.34 2.98
1.92 3.68 5.68 3.36
1.84 4.6 4.94 3.54
1.76 3.58 5.48 3.06
1.78 2.86 5.98 2.84
1.88 3.94 5.54 3.48
1.86 3.24 5.6 2.84
1.84 4.12 5.14 3.26
1.86 3.86 5.26 3.12
1.92 3.68 5.1 2.78
1.88 4.26 4.98 3.24
1.9 3.98 5.38 3.36
1.84 3.44 5.56 3.0
1.86 3.78 5.42 3.2
1.82 3.34 5.64 2.98
1.82 4.44 5.06 3.5
1.86 3.46 5.44 2.9
1.84 3.46 5.74 3.2
1.86 3.24 5.7 2.94
1.9 4.22 5.28 3.5
1.84 3.98 5.44 3.42
1.82 4.54 4.88 3.42
1.82 3.86 5.44 3.3
1.88 3.54 5.7 3.24
1.82 3.88 5.66 3.54
1.88 4.34 5.14 3.48
1.76 3.6 5.78 3.38
1.88 3.96 5.26 3.22
1.9 3.82 5.4 3.22
1.94 4.34 5.42 3.76
1.8 3.5 5.56 3.06
1.92 3.8 5.8 3.6
1.88 3.72 5.42 3.14
1.92 4.06 5.46 3.52
1.82 3.74 5.84 3.58
1.9 3.58 5.58 3.16
1.84 3.84 4.96 2.8
1.9 4.04 5.18 3.22
1.86 4.12 4.86 2.98
1.84 3.96 5.36 3.32
1.92 3.94 5.36 3.3
1.86 4.2 5.12 3.32
1.88 4.22 5.0 3.22
1.96 4.54 4.74 3.28
1.9 4.1 4.84 2.94
1.86 3.62 5.88 3.5
1.8 3.86 5.2 3.06
1.86 3.88 5.9 3.78
1.9 3.88 5.1 2.98
1.9 3.84 5.66 3.5
1.86 4.3 5.38 3.68
1.82 3.34 5.9 3.24
1.92 3.4 6.1 3.5
1.76 3.24 5.96 3.2
1.92 3.98 5.12 3.1
1.84 4.32 5.08 3.4
1.88 3.78 5.42 3.2
1.88 3.78 5.18 2.96
1.86 3.42 5.66 3.08
1.86 3.32 5.8 3.12
1.88 4.38 5.06 3.44
1.8 3.34 5.62 2.96
1.9 3.86 5.52 3.38
1.9 3.74 5.32 3.06
1.82 3.72 5.26 2.98
1.8 3.6 5.82 3.42
1.84 3.2 6.08 3.28
1.84 4.08 5.1 3.18
1.78 3.54 5.54 3.08
1.78 3.32 5.74 3.06
1.88 4.16 4.96 3.12
1.92 4.84 4.54 3.38
1.74 3.8 5.48 3.28
1.92 3.92 4.94 2.86
1.86 3.3 5.7 3.0
1.86 3.64 5.36 3.0
1.76 3.78 5.6 3.38
1.92 4.3 4.86 3.16
1.82 4.18 5.38 3.56
1.9 3.6 5.42 3.02
1.92 4.16 5.68 3.84
1.86 3.58 6.12 3.7
1.88 3.92 5.38 3.3
1.86 3.06 5.88 2.94
1.86 4.84 4.72 3.56
1.86 3.88 5.52 3.4
1.92 4.56 4.76 3.32
1.82 3.54 5.3 2.84
1.86 3.98 5.28 3.26
1.88 3.46 5.66 3.12
1.9 3.84 5.28 3.12
1.94 4.86 4.7 3.56
1.94 4.46 4.84 3.3
1.88 4.1 5.44 3.54
1.8 3.46 5.72 3.18
1.9 4.02 5.16 3.18
1.82 4.18 5.32 3.5
1.82 3.44 5.88 3.32
1.84 3.76 5.58 3.34
1.9 4.04 5.12 3.16
1.94 4.32 5.26 3.58
1.86 4.16 4.9 3.06
1.82 3.16 5.5 2.66
1.86 4.08 5.42 3.5
1.86 3.42 5.58 3.0
1.84 4.4 4.94 3.34
1.7 3.7 5.56 3.26
1.9 4.2 4.78 2.98
1.9 3.88 5.12 3.0
1.86 4.46 5.02 3.48
1.88 3.86 5.46 3.32
1.88 4.1 5.14 3.24
1.9 3.76 5.02 2.78
1.86 3.28 5.8 3.08
1.84 4.46 5.12 3.58
1.82 3.88 5.5 3.38
1.9 3.7 5.46 3.16
1.82 3.68 5.64 3.32
1.86 2.82 5.96 2.78
1.9 4.22 5.14 3.36
1.78 3.06 6.04 3.1
1.86 3.64 5.5 3.14
1.8 4.0 5.6 3.6
1.84 3.58 5.52 3.1
1.82 3.92 5.34 3.26
1.88 4.68 4.72 3.4
1.86 4.2 5.48 3.68
1.84 2.7 6.46 3.16
1.86 3.68 5.84 3.52
1.84 3.58 5.58 3.16
1.88 4.1 4.76 2.86
1.88 4.08 5.32 3.4
1.84 4.8 5.02 3.82
1.84 4.02 5.4 3.42
1.86 3.68 5.58 3.26
1.82 3.38 5.5 2.88
1.86 3.7 5.26 2.96
1.9 3.74 5.58 3.32
1.84 4.12 4.96 3.08
1.92 3.72 5.56 3.28
1.84 3.66 5.7 3.36
1.96 3.72 5.3 3.02
1.82 4.02 5.16 3.18
1.88 4.06 5.42 3.48
1.88 3.88 5.66 3.54
1.84 3.62 5.1 2.72
1.88 4.32 5.34 3.66
1.94 4.04 5.36 3.4
1.86 4.04 5.02 3.06
1.84 4.02 5.4 3.42
1.86 3.68 5.68 3.36
1.82 4.16 5.02 3.18
1.84 3.9 5.44 3.34
1.86 3.96 5.52 3.48
1.82 4.18 4.9 3.08
1.92 3.92 5.54 3.46
1.88 3.42 5.92 3.34
1.84 3.52 5.66 3.18
1.86 3.12 6.4 3.52
1.84 4.22 5.04 3.26
1.86 3.86 5.44 3.3
1.92 4.22 5.08 3.3
1.94 4.58 5.08 3.66
1.88 4.0 5.36 3.36
1.88 4.2 5.18 3.38
1.92 4.08 5.2 3.28
1.88 3.7 5.36 3.06
1.9 4.0 5.22 3.22
1.78 3.98 5.44 3.42
1.86 3.66 5.42 3.08
1.9 4.18 4.86 3.04
1.8 3.64 5.5 3.14
1.82 3.56 5.84 3.4
1.9 3.72 5.46 3.18
1.8 3.56 5.52 3.08
1.84 3.46 5.54 3.0
1.78 3.0 5.9 2.9
1.76 3.28 5.78 3.06
1.96 4.16 5.14 3.3
1.8 4.1 5.44 3.54
1.88 3.28 6.12 3.4
1.92 3.84 5.4 3.24
1.84 3.78 5.54 3.32
1.86 3.84 5.26 3.1
1.88 3.92 5.08 3.0
1.86 4.02 5.4 3.42
1.84 3.5 5.56 3.06
1.88 3.72 5.42 3.14
1.88 4.18 5.12 3.3
1.82 3.84 5.74 3.58
1.84 3.78 5.74 3.52
1.88 3.36 5.96 3.32
1.88 3.7 5.68 3.38
1.92 4.0 5.12 3.12
1.84 3.26 5.72 2.98
1.82 3.48 5.5 2.98
1.86 3.72 5.52 3.24
1.84 3.78 5.64 3.42
1.78 3.48 5.48 2.96
1.84 3.12 5.86 2.98
1.82 3.04 5.76 2.8
1.84 2.98 5.98 2.96
1.86 3.82 5.38 3.2
1.9 4.44 5.08 3.52
1.88 4.58 4.66 3.24
1.76 3.66 5.44 3.1
1.84 3.8 5.32 3.12
1.88 4.28 5.08 3.36
1.72 3.64 5.38 3.02
1.84 3.82 5.36 3.18
1.9 3.74 5.52 3.26
1.86 3.84 5.2 3.04
1.82 3.88 5.36 3.24
1.74 3.24 6.14 3.38
1.9 4.36 4.6 2.96
1.86 3.98 5.24 3.22
1.82 3.32 5.88 3.2
1.82 3.44 5.68 3.12
1.8 3.98 5.34 3.32
1.86 4.5 4.84 3.34
1.9 3.26 5.76 3.02
1.92 3.6 5.42 3.02
1.86 3.98 5.48 3.46
1.8 3.78 5.58 3.36
1.88 3.66 5.4 3.06
1.88 3.64 5.24 2.88
1.92 3.52 5.64 3.16
1.84 3.58 5.74 3.32
1.8 3.68 5.98 3.66
1.9 3.44 5.24 2.68
1.8 4.28 5.12 3.4
1.78 3.26 5.98 3.24
1.82 3.68 5.76 3.44
1.78 3.78 5.24 3.02
1.84 4.48 4.94 3.42
1.9 4.44 4.86 3.3
1.88 3.52 5.7 3.22
1.82 4.34 4.86 3.2
1.9 4.78 4.68 3.46
1.88 4.54 4.74 3.28
1.86 4.66 4.52 3.18
1.88 3.96 5.1 3.06
1.86 3.76 5.72 3.48
1.9 4.42 4.62 3.04
1.88 4.06 5.32 3.38
1.9 4.2 4.98 3.18
1.94 4.24 4.8 3.04
1.78 3.36 5.86 3.22
1.88 3.7 5.64 3.34
1.88 4.12 5.04 3.16
1.9 4.16 4.98 3.14
1.88 3.82 5.46 3.28
1.8 3.76 5.68 3.44
1.84 3.34 6.0 3.34
1.86 3.88 5.6 3.48
1.82 4.2 4.72 2.92
1.8 3.28 5.88 3.16
1.8 3.76 5.4 3.16
1.84 3.08 5.82 2.9
1.86 3.62 5.06 2.68
1.9 3.8 5.34 3.14
1.88 4.0 5.04 3.04
1.9 3.7 5.64 3.34
1.76 3.38 6.08 3.46
1.86 3.92 5.24 3.16
1.78 4.58 4.9 3.48
1.86 3.74 4.86 2.6
1.9 4.08 5.3 3.38
1.9 3.28 5.98 3.26
1.78 3.9 5.32 3.22
1.84 3.92 5.72 3.64
1.8 3.72 5.34 3.06
1.92 4.02 5.26 3.28
1.8 3.3 5.32 2.62
1.94 4.2 5.36 3.56
1.78 4.24 5.26 3.5
1.94 3.62 5.08 2.7
1.82 4.4 5.06 3.46
1.88 3.4 5.76 3.16
1.9 3.72 5.48 3.2
1.86 4.78 4.76 3.54
1.88 3.22 6.0 3.22
1.84 3.38 5.66 3.04
1.74 3.26 5.88 3.14
1.86 3.56 5.72 3.28
1.9 4.16 4.76 2.92
1.94 4.0 5.14 3.14
1.9 3.68 4.94 2.62
1.86 3.78 5.48 3.26
1.88 4.26 5.24 3.5
1.86 4.2 5.42 3.62
1.88 4.08 5.5 3.58
1.96 4.2 5.3 3.5
1.82 3.48 5.62 3.1
1.84 3.9 5.48 3.38
1.84 3.82 5.68 3.5
1.82 4.0 5.08 3.08
1.86 3.7 5.46 3.16
1.94 4.26 5.2 3.46
1.86 4.24 4.58 2.82
1.8 4.18 5.6 3.78
1.84 4.36 5.06 3.42
1.86 3.64 5.36 3.0
1.88 4.18 5.38 3.56
1.82 3.78 5.58 3.36
1.92 3.92 4.98 2.9
1.9 4.68 5.02 3.7
1.98 3.96 5.08 3.04
1.88 3.82 5.36 3.18
1.88 4.3 4.92 3.22
1.86 3.78 5.88 3.66
1.9 3.84 5.22 3.06
1.96 4.78 4.66 3.44
1.72 3.04 5.76 2.8
1.88 3.92 5.46 3.38
1.86 3.72 5.68 3.4
1.9 4.56 4.64 3.2
1.9 4.16 5.08 3.24
1.84 3.48 5.32 2.8
1.78 3.46 5.66 3.12
1.78 3.6 5.26 2.86
1.76 3.54 5.38 2.92
1.92 3.74 5.28 3.02
1.86 3.34 5.84 3.18
1.94 3.82 5.54 3.36
1.78 4.0 5.36 3.36
1.92 3.66 5.54 3.2
1.86 4.46 4.88 3.34
1.86 3.58 5.6 3.18
1.88 4.3 5.26 3.56
1.84 4.1 5.34 3.44
1.84 3.58 5.68 3.26
1.94 4.22 5.02 3.24
1.8 4.04 5.58 3.62
1.88 3.26 5.84 3.1
1.88 3.76 5.12 2.88
1.8 3.44 5.88 3.32
1.88 4.12 5.16 3.28
1.9 4.22 4.74 2.96
1.8 3.42 6.08 3.5
1.9 4.4 5.04 3.44
1.78 3.98 5.3 3.28
1.8 4.22 5.3 3.52
1.84 3.22 6.0 3.22
1.8 4.14 5.54 3.68
1.96 3.94 5.36 3.3
1.9 4.24 5.24 3.48
1.92 4.08 5.32 3.4
1.86 4.1 5.28 3.38
1.8 3.84 5.52 3.36
1.88 4.38 5.08 3.46
1.86 3.12 5.72 2.84
1.8 3.74 5.46 3.2
1.78 3.64 5.88 3.52
1.92 4.96 4.7 3.66
1.92 4.16 5.28 3.44
1.92 4.56 4.52 3.08
1.92 3.9 5.22 3.12
1.8 4.0 5.22 3.22
1.9 3.42 5.7 3.12
1.8 4.34 5.28 3.62
1.88 3.46 5.3 2.76
1.92 3.94 5.38 3.32
1.86 3.3 5.74 3.04
1.8 3.72 5.78 3.5
1.8 3.32 5.68 3.0
1.78 3.18 5.98 3.16
1.86 3.88 5.58 3.46
1.82 3.66 5.56 3.22
1.84 4.08 5.3 3.38
1.8 3.22 5.7 2.92
1.92 4.28 4.96 3.24
1.8 3.36 5.82 3.18
1.84 4.32 5.04 3.36
1.82 3.84 5.46 3.3
1.86 3.86 5.32 3.18
1.94 4.6 4.64 3.24
1.86 3.96 5.58 3.54
1.9 3.08 5.94 3.02
1.82 3.6 5.52 3.12
1.82 3.72 5.8 3.52
1.84 3.58 5.38 2.96
1.88 3.86 5.16 3.02
1.8 4.52 5.38 3.9
1.9 4.38 5.16 3.54
1.84 4.18 5.26 3.44
1.86 3.72 5.54 3.26
1.76 3.52 5.22 2.74
1.88 3.92 5.08 3.0
1.98 4.22 5.1 3.32
1.82 4.04 5.14 3.18
1.9 3.62 5.66 3.28
1.84 3.64 5.64 3.28
1.92 4.14 5.3 3.44
1.96 3.9 5.12 3.02
1.92 3.64 5.6 3.24
1.84 3.46 5.3 2.76
1.86 3.42 5.86 3.28
1.8 3.68 5.56 3.24
1.86 4.48 4.58 3.06
1.76 4.14 5.02 3.16
1.88 3.34 5.94 3.28
1.86 3.82 5.52 3.34
1.78 3.64 5.7 3.34
1.84 3.66 5.56 3.22
1.9 3.76 4.9 2.66
1.68 3.28 6.02 3.3
1.82 3.18 5.98 3.16
1.88 3.84 5.16 3.0
1.9 3.92 5.4 3.32
1.84 3.96 5.4 3.36
1.86 3.94 5.22 3.16
1.74 3.12 5.6 2.72
1.9 3.64 5.66 3.3
1.86 3.82 5.44 3.26
1.86 4.0 5.72 3.72
1.86 3.44 6.12 3.56
1.9 4.6 4.86 3.46
1.86 4.16 5.1 3.26
1.8 3.48 5.64 3.12
1.88 3.96 5.14 3.1
1.84 3.46 5.44 2.9
1.88 3.56 5.5 3.06
1.86 3.9 4.86 2.76
1.88 4.04 5.4 3.44
1.86 3.94 5.48 3.42
1.8 3.34 6.04 3.38
1.92 4.04 5.42 3.46
1.9 4.16 5.2 3.36
1.86 4.2 5.3 3.5
1.92 3.88 5.46 3.34
1.86 3.52 5.76 3.28
1.88 3.44 5.8 3.24
1.88 4.52 4.96 3.48
1.8 3.7 5.22 2.92
1.92 3.96 5.3 3.26
1.88 4.4 5.38 3.78
1.86 3.4 5.76 3.16
1.86 3.4 5.68 3.08
1.86 4.58 4.82 3.4
1.82 4.18 5.3 3.48
1.86 4.38 4.82 3.2
1.86 4.52 4.64 3.16
1.96 3.9 5.28 3.18
1.84 3.8 5.64 3.44
1.78 3.92 5.44 3.36
1.92 4.02 4.96 2.98
1.84 3.74 5.74 3.48
1.88 3.68 5.36 3.04
1.82 3.64 5.44 3.08
1.78 3.6 5.68 3.28
1.78 4.12 5.26 3.38
1.86 4.12 5.26 3.38
1.86 3.2 5.7 2.9
1.82 4.32 4.84 3.16
1.86 4.86 4.52 3.38
1.92 4.44 4.92 3.36
1.76 2.92 5.82 2.74
1.8 4.24 4.98 3.22
1.82 3.6 5.72 3.32
1.86 3.74 5.62 3.36
1.92 3.38 5.84 3.22
1.9 3.96 5.66 3.62
1.86 3.5 5.52 3.02
1.9 3.68 5.72 3.4
1.82 3.84 5.44 3.28
1.92 4.42 4.9 3.32
1.92 3.94 5.2 3.14
1.9 3.88 5.4 3.28
1.84 3.76 5.44 3.2
1.82 3.64 5.6 3.24
1.78 3.2 5.98 3.18
1.76 3.24 5.62 2.86
1.88 4.3 4.7 3.0
1.82 3.72 5.62 3.34
1.9 4.16 5.04 3.2
1.84 3.06 5.62 2.68
1.9 4.06 5.0 3.06
1.86 3.44 5.8 3.24
1.86 3.84 5.06 2.9
1.84 4.0 5.32 3.32
1.94 4.72 4.88 3.6
1.86 3.76 5.46 3.22
1.88 3.88 5.44 3.32
1.86 3.52 5.68 3.2
1.78 3.84 5.36 3.2
1.88 3.54 5.34 2.88
1.88 4.66 4.82 3.48
1.82 4.04 5.54 3.58
1.8 3.7 5.84 3.54
1.78 3.6 5.9 3.5
1.82 3.66 5.46 3.12
1.86 4.66 4.94 3.6
1.9 3.7 5.98 3.68
1.84 4.22 5.12 3.34
1.88 3.66 5.46 3.12
1.84 4.24 5.36 3.6
1.82 4.04 5.02 3.06
1.92 3.58 5.48 3.06
1.86 3.46 5.46 2.92
1.88 4.54 4.7 3.24
1.88 3.54 5.5 3.04
1.84 3.94 5.5 3.44
1.82 4.56 4.86 3.42
1.86 3.74 5.54 3.28
1.8 3.6 5.7 3.3
1.78 3.84 5.64 3.48
1.86 3.46 5.72 3.18
1.9 4.26 5.38 3.64
1.84 3.82 5.72 3.54
1.9 3.76 5.58 3.34
1.82 4.44 5.3 3.74
1.86 3.62 5.22 2.84
1.86 3.84 5.44 3.28
1.86 4.16 5.22 3.38
1.94 4.82 4.8 3.62
1.94 3.72 5.34 3.06
1.86 3.82 5.58 3.4
1.9 3.84 5.24 3.08
1.92 3.4 5.96 3.36
1.86 4.5 4.66 3.16
1.88 4.44 4.72 3.16
1.88 4.58 4.8 3.38
1.88 3.08 5.36 2.44
1.9 4.06 4.82 2.88
1.88 3.58 5.34 2.92
1.98 4.44 5.24 3.68
1.8 3.32 5.82 3.14
1.88 4.14 5.3 3.44
1.86 3.56 5.6 3.16
1.88 3.88 5.24 3.12
1.9 4.12 5.26 3.38
1.84 3.18 5.86 3.04
1.86 3.56 5.66 3.22
1.82 4.2 5.38 3.58
2.0 4.56 4.9 3.46
1.88 3.8 5.3 3.1
1.9 3.92 5.74 3.66
1.9 4.54 4.7 3.24
1.78 3.48 5.54 3.02
1.92 3.84 5.2 3.04
1.78 3.34 6.06 3.4
1.82 3.6 5.76 3.36
1.86 3.74 5.36 3.1
1.8 3.68 5.48 3.16
1.8 3.58 5.32 2.9
1.88 3.96 5.28 3.24
1.78 4.18 5.4 3.58
1.9 3.82 5.14 2.96
1.78 3.74 5.64 3.38
1.86 3.56 5.74 3.3
1.86 3.88 5.5 3.38
1.86 4.14 5.48 3.62
1.9 3.82 5.56 3.38
1.78 3.32 5.64 2.96
1.9 4.08 5.04 3.12
1.98 4.08 5.08 3.16
1.82 4.1 5.58 3.68
1.88 4.34 5.16 3.5
1.88 4.4 4.9 3.3
1.78 3.7 5.6 3.3
1.8 2.96 5.82 2.78
1.86 4.02 5.36 3.38
1.88 3.74 5.54 3.28
1.9 4.38 4.82 3.2
1.78 3.42 6.14 3.56
1.92 3.76 5.3 3.06
1.96 4.66 4.48 3.14
1.82 3.66 5.56 3.22
1.82 4.44 5.16 3.6
1.9 3.64 5.76 3.4
1.88 3.56 5.58 3.14
1.88 4.04 5.28 3.32
1.9 4.44 4.92 3.36
1.86 3.62 5.56 3.18
1.94 3.66 5.4 3.06
1.9 4.12 5.0 3.12
1.76 3.52 5.8 3.32
1.82 4.34 5.14 3.48
1.88 3.84 5.54 3.38
1.82 3.48 5.5 2.98
1.94 4.04 5.36 3.4
1.8 4.0 5.4 3.4
1.9 4.1 5.3 3.4
1.76 3.66 5.96 3.62
1.82 4.0 5.54 3.54
1.86 4.08 5.5 3.58
1.94 4.46 5.12 3.58
1.86 3.48 6.14 3.62
1.88 4.18 5.04 3.22
1.94 4.1 5.0 3.1
1.86 4.64 4.72 3.36
1.9 4.44 5.06 3.5
1.96 4.24 5.08 3.32
1.92 3.58 5.62 3.2
1.88 3.34 5.76 3.1
1.84 3.7 5.16 2.86
1.82 4.42 5.08 3.5
1.76 3.92 5.24 3.16
1.86 3.84 5.16 3.0
1.9 3.84 5.76 3.6
1.76 3.92 5.66 3.58
1.86 4.12 5.26 3.38
1.9 4.02 5.34 3.36
1.9 3.42 5.8 3.22
1.88 3.92 5.08 3.0
1.8 4.08 5.42 3.5
1.88 4.24 5.1 3.34
1.86 3.94 4.94 2.88
1.76 3.68 5.6 3.28
1.82 3.66 5.6 3.26
1.82 3.68 5.28 2.96
1.74 3.76 5.54 3.3
1.84 4.2 5.1 3.3
1.82 3.68 5.46 3.14
1.78 3.32 6.44 3.76
1.88 3.16 5.68 2.84
1.86 4.78 4.76 3.54
1.8 3.58 5.74 3.32
1.92 4.16 5.22 3.38
1.9 3.62 5.6 3.22
1.88 3.9 5.26 3.16
1.9 4.14 5.42 3.56
1.96 4.34 4.82 3.16
1.96 4.16 5.0 3.16
1.84 3.88 5.56 3.44
1.8 3.3 5.84 3.14
1.86 3.58 5.48 3.06
1.8 3.74 5.66 3.4
1.9 4.14 5.06 3.2
1.82 3.62 5.62 3.24
1.86 3.42 5.68 3.1
1.9 3.98 5.76 3.74
1.88 4.0 5.28 3.28
1.9 3.9 5.12 3.02
1.8 4.1 5.24 3.34
1.84 4.18 5.54 3.72
1.86 3.98 4.98 2.96
1.94 4.7 4.86 3.56
1.88 3.5 5.76 3.26
1.76 3.46 5.64 3.1
1.82 2.86 5.92 2.78
1.9 4.56 4.72 3.28
1.86 4.04 5.38 3.42
1.86 3.94 5.2 3.14
1.88 4.12 5.08 3.2
1.94 4.4 5.0 3.4
1.88 3.64 5.18 2.82
1.82 3.42 5.68 3.1
1.8 3.64 5.84 3.48
1.84 3.9 5.26 3.16
1.82 3.6 5.84 3.44
1.96 4.22 5.26 3.48
1.8 3.84 5.8 3.64
1.9 4.34 5.26 3.6
1.92 5.08 4.76 3.84
1.86 3.98 5.12 3.1
1.8 3.56 5.68 3.24
1.96 4.18 4.68 2.86
1.78 2.8 6.2 3.0
1.78 2.68 6.18 2.86
1.8 3.36 5.7 3.06
1.78 3.96 5.36 3.32
1.82 3.36 5.92 3.28
1.88 4.08 5.24 3.32
1.88 4.44 4.78 3.22
1.96 4.5 4.54 3.04
1.84 3.38 5.84 3.22
1.82 4.24 5.24 3.48
1.76 3.38 5.46 2.84
1.9 3.68 5.5 3.18
1.86 3.14 6.1 3.24
1.9 4.26 5.14 3.4
1.86 4.18 5.26 3.44
1.86 3.66 5.36 3.02
1.92 4.28 5.0 3.28
1.9 4.2 5.34 3.54
1.86 4.32 5.2 3.52
1.88 4.04 5.0 3.04
1.94 3.68 5.26 2.94
1.9 3.92 5.04 2.96
1.84 3.6 5.84 3.44
1.9 3.3 5.62 2.92
1.86 3.9 5.02 2.92
1.9 3.56 5.62 3.18
1.92 4.16 5.0 3.16
1.92 3.74 5.72 3.46
1.88 4.66 4.84 3.5
1.9 4.14 5.5 3.64
1.88 3.42 5.72 3.14
1.84 3.74 5.4 3.14
1.84 3.68 5.7 3.38
1.8 3.88 5.5 3.38
1.84 4.08 5.04 3.12
1.84 2.94 6.34 3.28
1.88 4.72 4.46 3.18
1.92 3.24 6.02 3.26
1.84 4.32 5.14 3.46
1.78 3.76 5.9 3.66
1.84 3.74 5.28 3.02
1.88 3.72 5.48 3.2
1.9 4.48 5.18 3.66
1.86 3.38 5.94 3.32
1.86 4.1 5.46 3.56
1.8 3.5 5.82 3.32
1.86 3.76 5.5 3.26
1.9 4.3 5.1 3.4
1.88 3.74 5.82 3.56
1.84 3.96 5.66 3.62
1.86 4.48 4.9 3.38
1.84 3.76 5.8 3.56
1.84 3.58 6.0 3.58
1.86 4.24 5.2 3.44
1.84 3.28 5.48 2.76
1.86 3.86 5.36 3.22
1.92 4.2 5.2 3.4
1.78 3.16 5.94 3.1
1.9 4.3 4.86 3.16
1.8 3.62 5.44 3.06
1.9 4.38 5.26 3.64
1.9 4.02 5.34 3.36
1.84 4.42 5.0 3.42
1.76 3.6 6.04 3.64
1.88 4.08 5.22 3.3
1.82 3.18 6.16 3.34
1.86 2.92 6.06 2.98
1.78 3.86 5.06 2.92
1.86 4.18 5.5 3.68
1.88 3.6 6.02 3.62
1.8 3.24 5.78 3.02
1.82 3.98 5.34 3.32
1.86 3.58 5.48 3.06
1.88 4.04 5.24 3.28
1.92 4.1 4.92 3.02
1.98 4.1 5.1 3.2
1.94 4.34 4.96 3.3
1.86 3.36 5.94 3.3
1.88 4.32 5.2 3.52
1.84 3.42 6.06 3.48
1.88 3.52 5.5 3.02
1.88 3.7 5.36 3.06
1.9 3.76 5.62 3.38
1.94 4.54 4.82 3.36
1.84 3.82 5.42 3.24
1.88 3.74 5.36 3.1
1.76 3.34 5.68 3.02
1.86 3.72 5.6 3.32
1.92 4.1 4.8 2.9
1.82 3.78 5.82 3.6
1.78 4.04 5.1 3.14
1.92 4.4 5.18 3.58
1.8 4.0 5.06 3.06
1.86 4.18 5.12 3.3
1.88 4.2 5.1 3.3
1.86 3.68 5.7 3.38
1.86 3.34 5.16 2.5
1.82 4.64 4.72 3.36
1.92 4.14 5.04 3.18
1.76 3.6 5.46 3.06
1.84 3.74 5.54 3.28
1.8 3.68 5.66 3.34
1.84 3.44 5.64 3.08
1.9 4.12 5.14 3.26
1.86 3.68 5.66 3.34
1.84 3.18 5.9 3.08
1.84 4.0 5.32 3.32
1.78 3.42 5.84 3.26
1.82 3.38 5.52 2.9
1.88 3.96 5.02 2.98
1.92 3.92 5.32 3.24
1.88 3.94 5.38 3.32
1.86 3.62 5.68 3.3
1.88 3.98 5.24 3.22
1.86 4.06 5.14 3.2
1.88 3.96 5.7 3.66
1.84 3.64 5.88 3.52
1.8 4.06 5.34 3.4
1.88 3.66 5.2 2.86
1.8 3.3 5.96 3.26
1.94 3.92 5.18 3.1
1.84 4.14 5.28 3.42
1.88 3.42 5.9 3.32
1.88 3.36 5.7 3.06
1.9 4.26 5.14 3.4
1.92 4.4 5.02 3.42
1.86 4.3 5.34 3.64
1.92 3.48 5.4 2.88
1.84 4.04 5.54 3.58
1.84 4.24 5.46 3.7
1.84 3.88 5.5 3.38
1.8 4.16 4.94 3.1
1.84 3.78 5.62 3.4
1.86 3.6 5.48 3.08
1.92 3.62 5.88 3.5
1.86 3.7 5.32 3.02
1.8 3.3 5.92 3.22
1.78 3.58 5.58 3.16
1.74 3.6 5.78 3.38
1.82 3.5 5.4 2.9
1.9 3.66 5.58 3.24
1.86 3.9 4.88 2.78
1.84 4.0 5.38 3.38
1.76 3.1 6.16 3.26
1.86 3.54 5.56 3.1
1.86 3.74 5.38 3.12
1.84 4.04 5.44 3.48
1.9 4.38 5.18 3.56
1.88 4.06 5.38 3.44
1.88 4.08 5.16 3.24
1.82 3.56 5.52 3.08
1.72 2.84 6.06 2.9
1.96 4.36 5.02 3.38
1.82 3.72 5.78 3.5
1.86 4.34 5.22 3.56
1.82 3.74 5.76 3.5
1.94 4.74 4.88 3.62
1.84 3.64 5.9 3.54
1.88 4.22 5.24 3.46
1.86 3.48 5.44 2.92
1.94 4.46 4.92 3.38
1.86 4.28 5.14 3.42
1.84 3.8 5.58 3.38
1.82 3.42 5.9 3.32
1.82 4.0 4.98 2.98
1.84 3.7 5.6 3.3
1.86 3.82 5.54 3.36
1.86 3.94 5.38 3.32
1.82 3.48 5.76 3.24
1.72 3.14 6.38 3.52
1.8 3.76 5.76 3.52
1.82 3.6 5.24 2.84
1.92 4.64 4.74 3.38
1.82 3.72 5.88 3.6
1.82 3.78 5.2 2.98
1.82 3.58 5.34 2.92
1.9 3.98 5.34 3.32
1.72 3.22 5.92 3.14
1.8 3.66 5.56 3.22
1.9 3.56 5.7 3.26
1.9 4.26 4.92 3.18
1.8 3.72 5.66 3.38
1.9 4.08 5.22 3.3
1.86 4.2 5.28 3.48
1.92 4.5 4.72 3.22
1.92 4.42 4.72 3.14
1.88 3.7 5.98 3.68
1.76 3.62 5.84 3.46
1.9 3.86 5.34 3.2
1.94 3.98 5.32 3.3
1.8 3.4 5.6 3.0
1.84 4.04 5.66 3.7
1.88 4.48 4.92 3.4
1.88 3.94 5.32 3.26
1.86 3.9 5.28 3.18
1.92 4.08 5.34 3.42
1.84 4.58 5.04 3.62
1.82 4.12 5.14 3.26
1.86 3.64 5.8 3.44
1.82 3.48 5.68 3.16
1.84 3.54 5.3 2.84
1.88 4.02 5.32 3.34
1.86 4.02 5.0 3.02
1.84 3.7 5.42 3.12
1.88 4.54 4.5 3.04
1.92 4.76 4.6 3.36
1.94 4.48 5.32 3.8
1.78 3.82 5.32 3.14
1.78 3.74 5.36 3.1
1.88 3.7 5.94 3.64
1.86 3.9 5.52 3.42
1.78 3.38 5.6 2.98
1.82 3.28 5.96 3.24
1.82 4.44 5.28 3.72
1.92 4.18 5.24 3.42
1.88 3.86 5.54 3.4
1.9 4.32 4.96 3.28
1.84 3.44 5.9 3.34
1.88 4.02 4.92 2.94
1.8 3.62 5.26 2.88
1.9 4.38 4.66 3.04
1.78 3.04 5.92 2.96
1.84 3.34 5.86 3.2
1.82 3.98 5.3 3.28
1.84 3.08 5.98 3.06
1.88 4.44 5.22 3.66
1.9 3.68 5.68 3.36
1.82 3.96 5.48 3.44
1.88 3.34 5.62 2.96
1.92 4.38 4.92 3.3
1.9 3.54 5.5 3.04
1.86 3.3 5.42 2.72
1.9 3.88 5.12 3.0
1.9 4.24 5.34 3.58
1.84 3.74 5.34 3.08
1.76 3.58 5.9 3.48
1.9 4.52 4.44 2.96
1.9 4.4 5.12 3.52
1.86 3.34 5.8 3.14
1.84 4.22 5.28 3.5
1.8 3.32 6.12 3.44
1.86 3.78 5.6 3.38
1.92 3.96 5.18 3.14
1.92 3.8 5.36 3.16
1.94 4.2 4.78 2.98
1.86 4.24 4.9 3.14
1.84 3.92 4.88 2.8
1.78 3.88 5.5 3.38
1.82 3.78 5.76 3.54
1.84 4.0 5.14 3.14
1.84 4.16 5.16 3.32
1.84 3.72 5.44 3.16
1.86 4.46 4.82 3.28
1.9 3.88 5.5 3.38
1.88 4.26 4.8 3.06
1.9 4.1 5.0 3.1
1.76 3.92 5.52 3.44
1.78 3.54 5.48 3.02
1.8 3.96 5.32 3.28
1.84 3.1 6.0 3.1
1.88 3.44 5.28 2.72
1.96 3.46 5.76 3.22
1.8 3.52 5.74 3.26
1.9 4.08 5.42 3.5
1.82 3.54 5.74 3.28
1.92 4.04 5.58 3.62
1.92 3.86 5.4 3.26
1.76 2.78 6.04 2.82
1.76 3.74 5.52 3.26
1.88 3.94 5.3 3.24
1.86 3.78 5.48 3.26
1.96 3.68 5.78 3.46
1.92 4.22 5.22 3.44
1.9 3.6 5.62 3.22
1.76 3.22 6.0 3.22
1.88 3.28 5.62 2.9
1.88 4.28 5.14 3.42
1.88 3.88 5.54 3.42
1.82 3.78 5.52 3.3
1.86 3.74 5.46 3.2
1.88 4.26 4.84 3.1
1.84 3.74 5.5 3.24
1.86 3.9 5.04 2.94
1.84 3.5 5.84 3.34
1.84 4.1 4.98 3.08
1.84 3.88 5.48 3.36
1.82 4.06 5.22 3.28
1.82 3.52 5.44 2.96
1.8 4.0 5.54 3.54
1.84 3.68 5.76 3.44
1.84 3.48 5.66 3.14
1.88 3.68 5.44 3.12
1.88 3.68 5.48 3.16
1.78 3.04 6.0 3.04
1.88 3.34 5.86 3.2
1.96 4.98 4.62 3.6
1.86 4.66 5.12 3.78
1.7 3.3 6.06 3.36
1.84 3.66 5.32 2.98
1.9 3.06 6.16 3.22
1.82 3.76 5.64 3.4
1.84 3.68 5.78 3.46
1.8 4.1 5.06 3.16
1.88 4.86 4.44 3.3
1.86 4.36 4.78 3.14
1.96 3.9 5.42 3.32
1.8 4.02 5.34 3.36
1.86 3.44 5.74 3.18
1.82 3.86 5.26 3.12
1.76 3.6 6.0 3.6
1.9 3.9 5.28 3.18
1.86 3.92 5.64 3.56
1.88 3.64 5.32 2.96
1.86 4.3 5.26 3.56
1.94 3.86 5.24 3.1
1.88 4.18 5.14 3.32
1.82 4.26 4.94 3.2
1.88 4.38 5.04 3.42
1.86 3.52 5.68 3.2
1.84 4.0 5.06 3.06
1.84 3.66 5.68 3.34
1.86 3.86 5.06 2.92
1.78 3.76 5.88 3.64
1.9 4.18 5.2 3.38
1.86 3.94 5.18 3.12
1.84 4.1 5.38 3.48
1.86 3.42 5.76 3.18
1.9 3.82 4.94 2.76
1.86 4.08 5.2 3.28
1.82 3.48 5.74 3.22
1.92 3.68 5.36 3.04
1.86 4.02 5.24 3.26
1.92 3.96 5.6 3.56
1.84 3.28 5.9 3.18
1.88 4.22 5.5 3.72
1.94 4.12 4.76 2.88
1.92 3.88 5.52 3.4
1.82 3.56 5.76 3.32
1.9 3.72 5.32 3.04
1.82 4.08 5.14 3.22
1.82 4.24 5.56 3.8
1.78 3.82 5.54 3.36
1.9 4.08 5.34 3.42
1.86 3.88 5.64 3.52
1.82 3.54 5.74 3.28
1.82 3.8 5.4 3.2
1.88 4.14 5.36 3.5
1.82 3.6 5.46 3.06
1.72 3.86 5.24 3.1
1.88 3.92 5.22 3.14
1.88 3.66 5.6 3.26
1.84 4.04 5.5 3.54
1.86 4.48 4.66 3.14
1.9 3.96 5.34 3.3
1.78 3.94 5.28 3.22
1.86 4.52 5.2 3.72
1.84 4.08 5.6 3.68
1.88 4.54 4.9 3.44
1.82 3.6 5.82 3.42
1.82 3.84 5.6 3.44
1.82 3.9 5.6 3.5
1.86 3.88 5.56 3.44
1.84 4.14 5.34 3.48
1.92 4.3 5.18 3.48
1.72 3.96 5.5 3.46
1.92 3.64 5.52 3.16
1.9 4.04 5.26 3.3
1.86 4.2 5.04 3.24
1.84 3.32 5.5 2.82
1.86 4.02 5.58 3.6
1.8 3.28 5.5 2.78
1.84 4.02 5.1 3.12
1.86 4.22 5.12 3.34
1.88 4.5 4.84 3.34
1.88 4.3 4.98 3.28
1.9 4.16 5.06 3.22
1.82 4.4 4.88 3.28
1.82 4.02 5.44 3.46
1.8 3.52 5.52 3.04
1.82 3.38 5.74 3.12
1.82 3.46 5.52 2.98
1.8 3.86 5.64 3.5
1.86 3.8 5.8 3.6
1.94 3.74 5.2 2.94
1.86 3.76 5.6 3.36
1.84 4.6 4.9 3.5
1.92 3.96 5.36 3.32
1.9 3.64 5.58 3.22
1.94 4.14 5.22 3.36
1.84 3.8 5.56 3.36
1.88 3.5 5.94 3.44
1.8 3.4 5.76 3.16
1.92 3.98 5.2 3.18
1.92 3.24 5.68 2.92
1.9 3.74 5.54 3.28
1.82 3.34 5.76 3.1
1.88 4.22 5.42 3.64
1.94 5.38 4.42 3.8
1.78 3.94 5.3 3.24
1.88 4.28 5.16 3.44
1.8 4.02 5.3 3.32
1.8 3.8 5.64 3.44
1.9 4.02 5.0 3.02
1.9 4.44 5.0 3.44
1.8 3.46 5.72 3.18
1.82 3.64 5.88 3.52
1.82 4.1 5.74 3.84
1.82 3.92 5.5 3.42
1.82 3.7 5.6 3.3
1.74 3.92 5.62 3.54
1.92 4.62 4.54 3.16
1.88 4.16 5.3 3.46
1.9 3.86 5.48 3.34
1.94 4.68 5.16 3.84
1.88 3.9 5.38 3.28
1.88 4.28 4.98 3.26
1.88 3.64 5.56 3.2
1.94 4.18 5.18 3.36
1.84 4.26 5.1 3.36
1.84 3.86 5.18 3.04
1.9 4.3 4.8 3.1
1.9 5.1 4.54 3.64
1.82 4.08 5.44 3.52
1.84 3.48 5.54 3.02
1.84 3.9 5.5 3.4
1.78 3.88 5.28 3.16
1.84 3.38 5.72 3.1
1.88 3.92 5.4 3.32
1.9 4.0 5.44 3.44
1.86 3.7 5.94 3.64
1.9 3.88 5.28 3.16
1.82 3.94 5.22 3.16
1.82 3.82 5.64 3.46
1.88 4.14 5.22 3.36
1.9 4.48 5.24 3.72
1.9 3.64 5.62 3.26
1.9 3.28 5.88 3.16
1.84 3.32 5.78 3.1
1.76 3.44 5.9 3.34
1.92 3.92 5.16 3.08
1.94 4.38 4.86 3.24
1.86 3.44 5.7 3.14
1.74 3.46 5.82 3.28
1.84 3.78 5.56 3.34
1.88 3.22 5.98 3.2
1.9 4.62 4.42 3.04
1.76 3.32 5.9 3.22
1.82 3.3 5.2 2.5
1.88 4.08 5.04 3.12
1.92 4.3 5.36 3.66
1.9 4.08 5.2 3.28
1.92 3.92 5.4 3.32
1.86 3.74 5.16 2.9
1.88 4.34 5.44 3.78
1.92 4.2 5.3 3.5
1.88 4.46 5.2 3.66
1.92 3.98 5.4 3.38
1.92 3.68 5.32 3.0
1.84 2.76 6.44 3.2
1.86 4.14 5.36 3.5
1.84 3.5 5.8 3.3
1.9 4.16 5.22 3.38
1.84 3.32 5.92 3.24
1.78 4.08 5.16 3.24
1.82 4.32 4.84 3.16
1.86 3.9 5.62 3.52
1.86 3.98 5.0 2.98
1.94 3.3 5.78 3.08
1.92 3.96 4.92 2.88
1.9 4.16 5.02 3.18
1.84 3.76 5.68 3.44
1.82 3.86 5.68 3.54
1.88 3.68 5.74 3.42
1.86 4.02 5.0 3.02
1.82 3.78 5.2 2.98
1.74 3.08 6.3 3.38
1.92 4.44 4.96 3.4
1.92 4.5 4.78 3.28
1.88 3.58 5.32 2.9
1.86 3.78 5.66 3.44
1.82 4.2 5.08 3.28
1.92 3.92 4.88 2.8
1.8 3.86 5.56 3.42
1.86 3.94 4.9 2.84
1.9 4.58 5.06 3.64
1.86 4.34 4.66 3.0
1.8 3.74 5.56 3.3
1.82 3.1 5.78 2.88
1.9 3.36 5.12 2.48
1.84 3.72 5.28 3.0
1.92 4.58 5.0 3.58
1.94 4.56 4.86 3.42
1.88 4.74 4.58 3.32
1.94 4.1 5.32 3.42
1.94 4.08 5.28 3.36
1.86 3.66 5.8 3.46
1.8 3.24 5.86 3.1
1.78 3.32 5.84 3.16
1.82 3.9 5.36 3.26
1.94 4.5 4.72 3.22
1.84 4.0 5.52 3.52
1.84 4.1 5.04 3.14
1.82 3.66 5.88 3.54
1.8 3.68 5.38 3.06
1.92 4.02 5.4 3.42
1.84 4.06 4.9 2.96
1.84 3.4 5.7 3.1
1.9 4.0 5.24 3.24
1.9 3.86 5.2 3.06
1.84 3.44 5.72 3.16
1.96 4.32 5.38 3.7
1.9 3.46 5.48 2.94
1.88 3.82 5.54 3.36
1.92 3.62 5.18 2.8
1.82 3.26 5.8 3.06
1.86 3.64 5.44 3.08
1.88 3.86 5.6 3.46
1.84 3.08 6.02 3.1
1.82 4.1 4.98 3.08
1.84 4.26 5.2 3.46
1.88 3.68 5.6 3.28
1.88 3.86 5.56 3.42
1.92 4.56 5.1 3.66
1.88 4.74 4.94 3.68
1.9 5.12 4.34 3.46
1.78 3.58 5.84 3.42
1.78 3.08 5.88 2.96
1.74 3.58 5.3 2.88
1.8 4.24 5.3 3.54
1.88 3.38 5.9 3.28
1.88 3.8 5.64 3.44
1.9 3.74 5.34 3.08
1.86 4.02 5.24 3.26
1.86 3.94 4.88 2.82
1.92 4.44 5.14 3.58
1.9 4.54 5.06 3.6
1.88 4.46 5.0 3.46
1.78 3.26 5.94 3.2
1.92 4.08 5.22 3.3
1.9 4.34 4.62 2.96
1.88 3.88 5.18 3.06
1.84 3.62 5.98 3.6
1.84 3.74 5.48 3.22
1.8 3.8 5.68 3.48
1.86 3.6 5.8 3.4
1.84 4.42 5.2 3.62
1.88 4.64 4.96 3.6
1.86 3.96 5.28 3.24
1.8 3.48 5.84 3.32
1.82 4.12 5.44 3.56
1.86 3.56 5.26 2.82
1.9 4.24 5.06 3.3
1.86 3.64 5.58 3.22
1.82 4.24 4.96 3.2
1.8 3.8 5.44 3.24
1.82 3.48 5.52 3.0
1.82 3.84 5.26 3.1
1.8 4.08 5.14 3.22
1.94 4.52 4.98 3.5
1.86 4.16 5.22 3.38
1.86 3.68 5.42 3.1
1.96 4.02 5.16 3.18
1.84 4.04 4.88 2.92
1.82 3.14 5.88 3.02
1.84 4.16 5.04 3.2
1.8 3.54 5.62 3.16
1.84 3.72 5.48 3.2
1.86 3.94 4.96 2.9
1.82 3.5 5.74 3.24
1.78 3.56 5.76 3.32
1.88 4.02 5.34 3.36
1.82 3.8 5.28 3.08
1.86 3.98 5.56 3.54
1.86 3.62 5.8 3.42
1.9 4.12 4.92 3.04
1.88 4.66 4.8 3.46
1.82 3.06 6.02 3.08
1.92 4.8 4.64 3.44
1.88 3.62 5.6 3.22
1.86 3.82 5.52 3.34
1.86 3.98 5.2 3.18
1.88 3.82 5.66 3.48
1.92 4.72 4.96 3.68
1.84 4.02 5.1 3.12
1.82 3.48 5.48 2.96
1.84 4.42 5.1 3.52
1.9 3.92 5.32 3.24
1.86 3.76 5.4 3.16
1.88 4.5 5.06 3.56
1.88 3.92 5.38 3.3
1.8 4.24 5.06 3.3
1.88 4.4 5.28 3.68
1.92 3.76 5.06 2.82
1.74 3.12 5.86 2.98
1.92 4.5 4.96 3.46
1.84 3.54 5.52 3.06
1.94 4.2 4.84 3.04
1.84 3.64 5.62 3.26
1.78 3.32 5.8 3.12
1.86 3.68 5.5 3.18
1.86 4.12 4.94 3.06
1.9 3.86 5.58 3.44
1.8 3.7 5.7 3.4
1.86 4.22 5.16 3.38
1.86 3.86 5.54 3.4
1.76 3.52 5.96 3.48
1.92 3.82 5.22 3.04
1.78 3.12 6.04 3.16
1.86 3.48 5.72 3.2
1.84 4.42 5.1 3.52
1.94 4.32 4.88 3.2
1.82 3.16 5.76 2.92
1.9 4.34 5.12 3.46
1.78 3.46 5.86 3.32
1.9 3.58 5.56 3.14
1.88 3.42 5.56 2.98
1.88 4.44 5.02 3.46
1.86 3.62 5.44 3.06
1.82 3.98 5.5 3.48
1.82 3.78 5.4 3.18
1.88 4.42 4.8 3.22
1.9 3.98 5.12 3.1
1.84 3.96 5.28 3.24
1.84 3.64 5.68 3.32
1.8 3.68 5.64 3.32
1.86 3.56 5.48 3.04
1.86 3.48 5.54 3.02
1.86 4.32 4.88 3.2
1.84 3.84 5.32 3.16
1.88 4.18 5.02 3.2
1.8 3.56 5.8 3.36
1.84 3.66 5.48 3.14
1.94 4.16 4.88 3.04
1.86 3.72 5.18 2.9
1.84 3.58 5.64 3.22
1.82 3.84 5.66 3.5
1.92 4.02 5.04 3.06
1.9 4.28 5.14 3.42
1.84 3.26 5.44 2.7
1.76 2.96 6.26 3.22
1.88 4.16 5.22 3.38
1.92 4.34 5.4 3.74
1.84 3.38 6.22 3.6
1.8 3.08 5.84 2.92
1.84 3.24 5.8 3.04
1.82 3.88 5.58 3.46
1.88 4.38 4.92 3.3
1.74 3.18 5.92 3.1
1.84 3.38 5.44 2.82
1.76 3.48 6.02 3.5
1.92 4.34 4.62 2.96
1.88 4.36 4.98 3.34
1.8 2.98 5.96 2.94
1.94 4.4 4.98 3.38
1.84 3.92 5.3 3.22
1.86 4.08 5.38 3.46
1.86 3.56 5.78 3.34
1.8 3.26 5.68 2.94
1.82 3.88 5.44 3.32
1.84 3.42 5.72 3.14
1.92 4.46 5.1 3.56
1.78 3.78 5.84 3.62
1.9 3.94 5.32 3.26
1.86 3.1 5.8 2.9
1.78 3.58 5.74 3.32
1.96 4.56 4.92 3.48
1.88 4.26 4.84 3.1
1.88 3.94 5.38 3.32
1.88 3.76 5.56 3.32
1.82 3.14 6.24 3.38
1.84 3.86 5.18 3.04
1.78 3.32 6.12 3.44
1.82 3.8 5.26 3.06
1.86 3.94 5.58 3.52
1.82 3.8 5.48 3.28
1.82 3.32 5.32 2.64
1.82 4.02 5.02 3.04
1.84 3.4 5.68 3.08
1.9 3.58 5.16 2.74
1.88 3.8 5.46 3.26
1.9 3.84 5.58 3.42
1.78 4.04 5.54 3.58
1.8 3.06 5.64 2.7
1.86 4.22 4.82 3.04
1.94 4.04 5.36 3.4
1.88 4.08 5.38 3.46
1.88 4.04 4.94 2.98
1.92 4.34 5.16 3.5
1.94 4.1 5.16 3.26
1.9 3.86 5.2 3.06
1.86 3.8 5.24 3.04
1.8 3.92 5.36 3.28
1.84 4.66 4.88 3.54
1.76 4.12 5.34 3.46
1.9 3.98 5.26 3.24
1.86 4.3 5.16 3.46
1.86 4.12 5.04 3.16
1.86 3.64 5.68 3.32
1.86 4.38 5.14 3.52
1.9 4.08 5.28 3.36
1.88 3.56 5.5 3.06
1.86 3.92 5.38 3.3
1.76 3.44 5.7 3.14
1.86 4.02 5.18 3.2
1.92 4.12 5.42 3.54
1.82 3.92 5.66 3.58
1.86 3.62 5.08 2.7
1.82 3.88 5.34 3.22
1.88 4.0 5.36 3.36
1.8 3.92 5.2 3.12
1.72 3.34 5.84 3.18
1.88 4.1 5.56 3.66
1.94 4.42 4.76 3.18
1.96 4.32 4.88 3.2
1.86 3.76 5.32 3.08
1.94 4.14 5.18 3.32
1.9 3.94 5.0 2.94
1.82 3.6 5.54 3.14
1.9 3.8 4.98 2.78
1.88 3.8 5.16 2.96
1.82 3.54 5.54 3.08
1.9 3.58 5.78 3.36
1.9 3.76 5.36 3.12
1.88 4.18 5.04 3.22
1.88 3.98 5.14 3.12
1.94 3.82 5.56 3.38
1.88 3.24 5.88 3.12
1.88 3.88 5.48 3.36
1.86 3.82 5.84 3.66
1.88 4.14 5.18 3.32
1.9 4.08 5.38 3.46
1.82 3.88 5.64 3.52
1.86 3.86 5.04 2.9
1.84 3.54 5.7 3.24
1.92 4.04 5.48 3.52
1.84 3.12 6.08 3.2
1.86 3.8 5.58 3.38
1.84 3.66 5.68 3.34
1.8 3.96 5.1 3.06
1.86 3.8 5.46 3.26
1.86 3.08 5.92 3.0
1.82 4.12 4.88 3.0
1.94 4.64 4.68 3.32
1.74 3.32 5.92 3.24
1.86 3.5 5.62 3.12
1.88 4.0 5.38 3.38
1.94 4.42 4.88 3.3
1.92 3.72 5.42 3.14
1.8 3.96 5.6 3.56
1.86 2.92 5.76 2.68
1.78 3.7 5.42 3.12
1.86 3.8 5.28 3.08
1.78 4.14 5.38 3.52
1.9 4.16 5.38 3.54
1.94 3.78 5.66 3.44
1.86 3.92 5.68 3.6
1.94 4.18 5.22 3.4
1.86 3.42 5.66 3.08
1.86 3.8 5.38 3.18
1.82 3.64 5.68 3.32
1.88 4.32 5.3 3.62
1.84 4.44 5.1 3.54
1.96 4.22 5.04 3.26
1.86 4.36 5.18 3.54
1.86 3.14 5.72 2.86
1.84 4.0 5.2 3.2
1.84 3.02 6.04 3.06
1.78 3.92 5.76 3.68
1.82 3.86 5.48 3.34
1.88 3.72 5.5 3.22
1.86 4.28 5.16 3.44
1.92 3.62 5.2 2.82
1.86 3.4 5.58 2.98
1.8 3.6 5.8 3.4
1.82 3.22 5.84 3.06
1.84 4.5 4.9 3.4
1.88 3.66 5.5 3.16
1.84 4.32 5.16 3.48
1.86 4.04 5.36 3.4
1.9 3.7 5.82 3.52
1.88 3.58 5.34 2.92
1.9 4.48 4.76 3.24
1.84 4.06 4.8 2.86
1.8 3.78 5.04 2.82
1.82 3.9 5.42 3.32
1.8 3.86 5.56 3.42
1.82 4.22 5.2 3.42
1.9 4.56 4.64 3.2
1.84 4.54 4.6 3.14
1.8 3.72 5.76 3.48
1.92 4.08 5.24 3.32
1.88 3.54 6.02 3.56
1.7 3.42 5.76 3.18
1.82 3.7 5.52 3.22
1.82 3.72 5.28 3.0
1.88 4.26 4.98 3.24
1.84 2.98 5.78 2.76
1.88 3.82 5.54 3.36
1.8 3.28 5.84 3.12
1.8 3.12 5.96 3.08
1.94 4.76 4.8 3.56
1.92 3.26 5.72 2.98
1.84 4.12 5.32 3.44
1.9 3.64 5.64 3.28
1.86 3.72 5.34 3.06
1.86 3.28 5.48 2.76
1.86 3.68 5.36 3.04
1.9 4.32 4.96 3.28
1.84 3.66 5.46 3.12
1.88 3.98 5.58 3.56
1.96 3.68 5.84 3.52
1.84 4.22 4.68 2.9
1.88 4.2 5.34 3.54
1.94 3.66 5.68 3.34
1.9 4.38 5.18 3.56
1.96 3.6 5.82 3.42
1.8 3.86 5.52 3.38
1.88 3.78 5.3 3.08
1.88 4.12 5.08 3.2
1.74 3.36 5.74 3.1
1.92 4.24 5.2 3.44
1.84 4.08 5.4 3.48
1.78 3.44 5.66 3.1
1.74 3.1 6.3 3.4
1.84 3.72 5.6 3.32
1.86 4.16 5.16 3.32
1.76 3.78 5.48 3.26
1.84 3.32 5.58 2.9
1.88 4.24 5.22 3.46
1.9 4.24 4.9 3.14
1.86 4.16 5.54 3.7
1.86 3.52 5.9 3.42
1.9 4.52 4.84 3.36
1.82 3.7 5.72 3.42
1.82 3.82 5.5 3.32
1.9 4.08 5.3 3.38
1.8 3.86 4.96 2.82
1.88 4.42 4.98 3.4
1.9 4.58 5.18 3.76
1.92 3.46 6.12 3.58
1.86 4.74 4.74 3.48
1.82 3.9 5.42 3.32
1.8 3.62 5.46 3.08
1.74 2.96 6.34 3.3
1.82 3.32 5.8 3.12
1.78 2.7 5.74 2.44
1.9 3.78 5.34 3.12
1.84 4.04 5.36 3.4
1.8 3.64 5.76 3.4
1.9 4.78 4.66 3.44
1.9 4.24 5.4 3.64
1.9 4.12 5.24 3.36
1.9 4.2 5.06 3.26
1.86 4.6 5.3 3.9
1.74 3.86 5.62 3.48
1.92 3.88 5.56 3.44
1.82 3.38 5.74 3.12
1.76 3.86 5.46 3.32
1.82 3.66 5.58 3.24
1.84 3.42 5.98 3.4
1.9 4.16 5.06 3.22
1.86 4.02 5.14 3.16
1.8 3.54 5.42 2.96
1.88 4.14 5.14 3.28
1.92 4.02 5.0 3.02
1.74 3.64 5.56 3.2
1.9 3.44 5.5 2.94
1.86 3.72 5.54 3.26
1.84 3.28 5.78 3.06
1.92 3.94 5.28 3.22
1.94 3.96 4.96 2.92
1.74 3.44 5.7 3.14
1.8 3.92 5.38 3.3
1.86 4.16 5.08 3.24
1.92 3.64 5.6 3.24
1.88 3.66 5.88 3.54
1.94 3.54 5.76 3.3
1.76 4.04 5.32 3.36
1.84 3.42 5.26 2.68
1.84 3.92 5.24 3.16
1.82 3.24 5.76 3.0
1.82 3.6 5.54 3.14
1.9 4.62 5.2 3.82
1.86 3.94 5.28 3.22
1.94 4.52 4.96 3.48
1.86 4.22 5.02 3.24
1.94 4.58 4.74 3.32
1.84 3.66 5.82 3.48
1.84 3.76 5.52 3.28
1.92 4.08 5.28 3.36
1.96 4.04 5.24 3.28
1.82 3.24 5.96 3.2
1.86 3.68 5.4 3.08
1.82 3.7 5.26 2.96
1.86 4.46 5.18 3.64
1.88 3.88 5.2 3.08
1.82 3.36 5.32 2.68
1.86 3.56 5.52 3.08
1.82 3.76 5.32 3.08
1.86 4.04 5.3 3.34
1.86 3.9 5.34 3.24
1.9 4.32 5.2 3.52
1.88 3.5 5.22 2.72
1.82 3.66 5.8 3.46
1.8 3.62 5.42 3.04
1.82 4.26 5.1 3.36
1.86 4.36 4.64 3.0
1.9 3.56 5.84 3.4
1.88 4.1 5.08 3.18
1.84 3.58 5.62 3.2
1.8 3.76 5.74 3.5
1.82 3.16 6.02 3.18
1.84 4.12 5.48 3.6
1.92 4.26 5.38 3.64
1.82 3.62 5.3 2.92
1.8 4.22 5.22 3.44
1.9 4.26 5.34 3.6
1.84 3.84 5.28 3.12
1.9 4.34 5.16 3.5
1.78 3.94 5.3 3.24
1.84 4.0 5.36 3.36
1.82 3.14 5.6 2.74
1.9 3.5 5.44 2.94
1.8 3.26 6.08 3.34
1.9 3.4 5.5 2.9
1.9 4.16 5.24 3.4
1.88 3.98 5.26 3.24
1.86 3.48 6.0 3.48
1.86 4.1 5.26 3.36
1.9 3.8 5.38 3.18
1.72 3.48 6.0 3.48
1.84 3.94 5.62 3.56
1.86 3.42 5.64 3.06
1.86 3.8 5.52 3.32
1.94 3.66 5.62 3.28
1.9 4.06 5.26 3.32
1.86 3.8 5.42 3.22
1.84 4.56 4.76 3.32
1.72 3.22 5.9 3.12
1.94 3.7 5.5 3.2
1.92 3.62 5.6 3.22
1.88 4.12 5.4 3.52
1.84 3.3 5.88 3.18
1.8 3.76 5.76 3.52
1.9 4.12 5.34 3.46
1.92 4.1 5.0 3.1
1.82 4.34 4.74 3.08
1.9 4.1 5.46 3.56
1.88 4.08 4.86 2.94
1.88 3.84 5.38 3.22
1.8 3.44 5.9 3.34
1.88 3.38 5.58 2.96
1.9 3.98 5.02 3.0
1.8 2.92 6.36 3.28
1.88 4.22 5.26 3.48
1.88 4.08 4.82 2.9
1.86 3.54 5.68 3.22
1.82 3.98 5.46 3.44
1.84 4.54 5.02 3.56
1.86 3.5 5.32 2.82
1.9 3.7 5.62 3.32
1.82 3.36 5.98 3.34
1.86 3.8 5.3 3.1
1.82 3.82 5.32 3.14
1.86 3.7 5.72 3.42
1.9 3.78 5.58 3.36
1.78 3.6 5.5 3.1
1.86 3.28 5.78 3.06
1.92 3.68 5.58 3.26
1.88 4.02 4.96 2.98
1.76 3.86 5.66 3.52
1.84 3.32 5.98 3.3
1.88 3.54 5.14 2.68
1.9 4.68 4.88 3.56
1.98 4.12 4.86 2.98
1.82 4.04 5.3 3.34
1.76 3.72 5.86 3.58
1.88 4.2 5.12 3.32
1.92 4.42 4.94 3.36
1.86 4.1 5.04 3.14
1.9 4.14 4.86 3.0
1.84 4.1 5.56 3.66
1.82 3.58 5.56 3.14
1.94 4.26 5.3 3.56
1.88 3.64 5.68 3.32
1.86 4.2 5.32 3.52
1.86 3.88 5.4 3.28
1.88 4.02 5.42 3.44
1.84 3.92 5.22 3.14
1.86 3.14 5.86 3.0
1.94 5.22 4.4 3.62
1.88 3.9 5.62 3.52
1.82 3.8 5.48 3.28
1.88 4.5 5.04 3.54
1.86 3.94 5.24 3.18
1.82 3.62 5.52 3.14
1.88 4.02 5.44 3.46
1.84 3.32 5.72 3.04
1.86 3.84 5.7 3.54
1.84 3.76 5.3 3.06
1.94 4.46 5.1 3.56
1.88 3.7 5.68 3.38
1.86 3.94 5.12 3.06
1.92 3.92 5.24 3.16
1.88 4.12 5.0 3.12
1.88 3.48 5.44 2.92
1.88 3.96 5.34 3.3
1.82 3.34 5.68 3.02
1.92 3.92 5.38 3.3
1.9 4.76 4.68 3.44
1.8 4.02 5.08 3.1
1.88 3.9 5.26 3.16
1.88 4.42 4.88 3.3
1.86 4.16 4.88 3.04
1.82 3.7 5.5 3.2
1.9 3.7 5.2 2.9
1.92 4.48 4.9 3.38
1.78 3.9 5.46 3.36
1.8 3.16 6.02 3.18
1.84 3.72 5.5 3.22
1.92 4.16 4.92 3.08
1.9 4.28 4.9 3.18
1.8 3.58 5.64 3.22
1.8 4.16 5.48 3.64
1.86 3.72 5.24 2.96
1.86 4.56 4.78 3.34
1.84 3.26 5.6 2.86
1.84 3.92 5.36 3.28
1.84 2.88 5.9 2.78
1.84 3.56 5.68 3.24
1.86 3.64 5.88 3.52
1.86 4.2 5.0 3.2
1.78 4.2 4.94 3.14
1.9 4.24 4.76 3.0
1.86 3.9 5.36 3.26
1.78 2.84 5.98 2.82
1.86 3.94 5.26 3.2
1.84 3.16 5.98 3.14
1.92 4.04 5.04 3.08
1.86 4.26 5.18 3.44
1.82 3.3 6.06 3.36
1.86 3.76 5.54 3.3
1.76 2.88 6.3 3.18
1.86 4.26 4.96 3.22
1.84 3.88 5.56 3.44
1.94 4.26 5.1 3.36
1.82 4.3 4.98 3.28
1.84 3.78 5.5 3.28
1.9 3.58 5.66 3.24
1.94 4.14 5.0 3.14
1.9 3.58 5.38 2.96
1.94 3.64 5.62 3.26
1.82 3.44 5.84 3.28
1.8 3.76 5.6 3.36
1.86 3.66 5.48 3.14
1.86 3.62 5.56 3.18
1.86 4.26 5.0 3.26
1.86 3.78 5.14 2.92
1.92 3.96 5.14 3.1
1.74 3.46 5.7 3.16
1.88 4.38 5.12 3.5
1.88 4.38 4.94 3.32
1.92 3.3 5.74 3.04
1.88 4.56 4.84 3.4
1.9 4.28 5.48 3.76
1.84 4.12 5.26 3.38
1.86 3.42 6.02 3.44
1.86 4.2 5.32 3.52
1.88 3.46 5.5 2.96
1.8 4.22 4.82 3.04
1.82 3.86 5.66 3.52
1.82 3.88 5.24 3.12
1.84 3.64 5.78 3.42
1.78 3.7 5.44 3.14
1.94 3.8 5.44 3.24
1.82 4.12 5.16 3.28
1.92 4.1 5.2 3.3
1.84 3.32 5.76 3.08
1.78 3.76 5.92 3.68
1.8 3.8 5.22 3.02
1.78 3.7 5.42 3.12
1.84 4.42 4.9 3.32
1.92 4.24 5.04 3.28
1.72 4.52 4.86 3.38
1.8 4.06 5.54 3.6
1.84 4.26 5.1 3.36
1.86 4.04 5.36 3.4
1.82 3.56 5.62 3.18
1.8 4.16 5.1 3.26
1.94 4.1 5.28 3.38
1.88 3.64 5.4 3.04
1.88 4.06 5.32 3.38
1.84 3.28 6.1 3.38
1.86 3.4 5.94 3.34
1.8 3.26 5.42 2.68
1.82 3.58 5.72 3.3
1.86 3.48 5.74 3.22
1.9 3.66 5.48 3.14
1.82 4.4 5.12 3.52
1.86 3.58 5.9 3.48
1.82 3.28 6.08 3.36
1.94 4.5 4.88 3.38
1.9 3.5 5.38 2.88
1.84 3.86 5.56 3.42
1.84 3.28 5.96 3.24
1.84 3.56 5.62 3.18
1.94 4.2 5.04 3.24
1.8 3.42 5.62 3.04
1.92 4.18 5.0 3.18
1.86 4.22 4.98 3.2
1.84 3.64 6.04 3.68
1.8 3.92 5.14 3.06
1.92 4.74 4.62 3.36
1.86 4.02 5.46 3.48
1.82 3.76 5.7 3.46
1.92 3.7 5.18 2.88
1.88 3.88 5.46 3.34
1.82 3.56 5.66 3.22
1.78 3.46 5.9 3.36
1.84 3.58 6.02 3.6
1.78 3.64 5.52 3.16
1.92 3.58 5.52 3.1
1.86 3.86 5.52 3.38
1.8 3.56 5.82 3.38
1.84 3.86 5.18 3.04
1.84 4.42 5.12 3.54
1.74 4.02 5.6 3.62
1.88 4.4 4.72 3.12
1.7 3.54 5.72 3.26
1.92 4.22 4.76 2.98
1.88 4.0 5.22 3.22
1.88 3.8 5.34 3.14
1.82 3.36 5.72 3.08
1.9 4.04 5.28 3.32
1.86 3.64 5.42 3.06
1.74 3.84 5.88 3.72
1.86 3.78 5.46 3.24
1.9 4.42 5.06 3.48
1.94 3.9 5.42 3.32
1.84 4.42 4.82 3.24
1.94 4.62 5.0 3.62
1.84 3.3 6.26 3.56
1.84 3.72 5.4 3.12
1.86 3.52 5.46 2.98
1.82 3.74 5.62 3.36
1.78 3.36 5.58 2.94
1.8 3.28 5.7 2.98
1.82 4.12 5.44 3.56
1.9 4.12 5.22 3.34
1.98 4.14 5.04 3.18
1.88 3.88 5.62 3.5
1.8 3.4 5.76 3.16
1.94 4.06 5.2 3.26
1.92 4.42 5.06 3.48
1.84 3.9 5.16 3.06
1.9 4.66 4.7 3.36
1.92 4.42 4.94 3.36
1.8 4.2 4.9 3.1
1.92 4.38 5.04 3.42
1.96 4.14 5.08 3.22
1.88 4.0 5.24 3.24
1.72 3.18 6.22 3.4
1.84 3.9 5.32 3.22
1.9 4.18 5.16 3.34
1.88 3.64 5.38 3.02
1.84 4.12 5.32 3.44
1.76 2.96 6.46 3.42
1.92 4.16 5.42 3.58
1.84 4.0 5.1 3.1
1.86 4.06 5.56 3.62
1.88 4.22 5.02 3.24
1.92 4.48 5.02 3.5
1.92 4.02 5.48 3.5
1.92 3.56 5.56 3.12
1.88 3.32 6.04 3.36
1.88 3.38 5.74 3.12
1.94 4.0 5.42 3.42
1.88 3.78 5.48 3.26
1.96 4.4 5.1 3.5
1.88 4.16 5.08 3.24
1.94 4.64 4.48 3.12
1.94 3.86 5.46 3.32
1.88 4.06 5.08 3.14
1.86 3.92 5.0 2.92
1.84 4.22 5.08 3.3
1.92 4.28 5.12 3.4
1.88 4.08 5.26 3.34
1.84 3.64 5.84 3.48
1.86 3.76 5.62 3.38
1.86 3.68 5.48 3.16
1.84 3.98 5.7 3.68
1.88 3.38 5.68 3.06
1.9 4.16 5.1 3.26
1.86 3.92 4.94 2.86
1.88 3.98 5.22 3.2
1.9 4.04 5.3 3.34
1.8 3.58 5.72 3.3
1.86 3.32 5.82 3.14
1.84 3.96 4.94 2.9
1.82 3.06 6.04 3.1
1.84 3.82 5.68 3.5
1.8 3.06 6.44 3.5
1.86 4.08 5.4 3.48
1.98 4.34 5.12 3.46
1.84 4.16 5.28 3.44
1.88 3.54 5.86 3.4
1.9 3.94 5.4 3.34
1.84 4.3 5.1 3.4
1.88 3.98 5.22 3.2
1.8 3.56 5.84 3.4
1.88 4.16 5.26 3.42
1.92 4.14 5.1 3.24
1.8 3.68 5.82 3.5
1.9 3.84 5.16 3.0
1.82 3.54 5.44 2.98
1.86 4.3 5.04 3.34
1.92 4.48 4.76 3.24
1.84 3.6 5.44 3.04
1.86 3.74 5.78 3.52
1.86 4.14 5.16 3.3
1.9 4.08 5.22 3.3
1.8 3.88 5.5 3.38
1.86 4.06 5.06 3.12
1.88 3.66 5.7 3.36
1.9 3.94 5.1 3.04
1.92 4.18 5.08 3.26
1.82 3.5 5.88 3.38
1.86 3.56 5.62 3.18
1.86 3.76 5.56 3.32
1.84 4.5 4.94 3.44
1.86 3.9 5.4 3.3
1.84 3.72 5.6 3.32
1.84 3.22 5.78 3.0
1.78 3.1 5.88 2.98
1.9 3.74 5.18 2.92
1.84 3.92 5.48 3.4
1.92 4.6 4.54 3.14
1.74 3.86 5.3 3.16
1.8 3.58 5.78 3.36
1.86 3.84 5.46 3.3
1.8 3.18 5.74 2.92
1.9 3.88 5.0 2.88
1.88 4.42 4.7 3.12
1.82 3.88 5.46 3.34
1.84 3.56 5.64 3.2
1.82 4.02 4.98 3.0
1.84 3.74 5.26 3.0
1.88 4.24 4.96 3.2
1.92 3.74 5.74 3.48
1.86 3.24 5.76 3.0
1.92 3.84 4.98 2.82
1.9 4.08 4.76 2.84
1.8 3.76 5.1 2.86
1.8 4.02 5.2 3.22
1.86 4.4 4.76 3.16
1.86 3.78 5.42 3.2
1.92 4.2 5.3 3.5
1.94 4.48 5.14 3.62
1.82 3.84 5.56 3.4
1.84 3.82 5.3 3.12
1.84 3.88 5.26 3.14
1.8 3.66 5.76 3.42
1.86 3.12 6.28 3.4
1.94 3.92 5.86 3.78
1.9 3.86 5.44 3.3
1.92 4.3 5.1 3.4
1.82 3.92 5.28 3.2
1.82 4.18 5.02 3.2
1.9 4.22 5.44 3.66
1.9 3.78 5.4 3.18
1.84 3.88 5.4 3.28
1.86 3.46 6.28 3.74
1.92 3.66 5.56 3.22
1.8 3.38 6.06 3.44
1.82 3.02 6.12 3.14
1.84 4.4 5.28 3.68
1.84 3.7 5.32 3.02
1.88 4.1 5.28 3.38
1.84 3.56 5.5 3.06
1.74 3.54 5.96 3.5
1.9 3.5 5.52 3.02
1.68 3.68 5.38 3.06
1.84 4.24 4.98 3.22
1.76 3.48 6.12 3.6
1.78 3.36 5.72 3.08
1.96 4.64 4.56 3.2
1.9 4.02 5.14 3.16
1.82 3.68 5.06 2.74
1.8 3.92 5.3 3.22
1.82 3.32 5.66 2.98
1.86 4.16 5.26 3.42
1.88 3.56 5.34 2.9
1.92 4.38 4.84 3.22
1.82 3.36 5.68 3.04
1.88 4.04 5.34 3.38
1.86 3.92 5.26 3.18
1.92 4.26 4.98 3.24
1.84 3.52 5.42 2.94
1.8 3.16 5.6 2.76
1.9 3.96 5.42 3.38
1.9 4.1 5.46 3.56
1.9 3.76 5.64 3.4
1.86 3.58 5.52 3.1
1.82 3.18 5.74 2.92
1.88 4.18 5.2 3.38
1.84 4.24 5.1 3.34
1.86 3.4 5.66 3.06
1.82 4.54 5.28 3.82
1.9 3.72 5.66 3.38
1.88 3.94 5.52 3.46
1.88 3.48 5.76 3.24
1.88 4.16 5.34 3.5
1.82 3.88 5.72 3.6
1.88 4.16 4.96 3.12
1.76 3.42 5.9 3.32
1.76 3.84 5.42 3.26
1.84 4.34 5.08 3.42
1.9 4.5 5.04 3.54
1.86 3.38 5.58 2.96
1.82 4.32 4.58 2.9
1.84 4.32 5.2 3.52
1.8 3.56 5.46 3.02
1.96 4.5 5.18 3.68
1.86 3.12 6.26 3.38
1.84 3.78 5.04 2.82
1.92 3.56 5.6 3.16
1.84 3.56 5.36 2.92
1.94 4.32 5.02 3.34
1.9 3.92 5.5 3.42
1.88 3.72 5.42 3.14
1.86 4.64 4.94 3.58
1.86 3.76 5.88 3.64
1.82 3.4 5.86 3.26
1.8 4.12 5.4 3.52
1.86 4.26 5.28 3.54
1.82 3.58 5.92 3.5
1.88 3.78 5.56 3.34
1.84 4.66 4.5 3.16
1.82 4.06 5.18 3.24
1.9 4.54 4.94 3.48
1.8 4.08 5.32 3.4
1.86 3.52 5.86 3.38
1.92 4.28 4.88 3.16
1.86 3.82 5.46 3.28
1.82 3.54 5.9 3.44
1.8 3.96 5.14 3.1
1.86 4.18 5.2 3.38
1.82 3.84 5.92 3.76
1.88 3.4 5.5 2.9
1.88 3.66 5.36 3.02
1.82 3.14 5.78 2.92
1.9 3.82 5.0 2.82
1.86 4.24 5.32 3.56
1.8 3.6 5.7 3.3
1.88 3.58 5.38 2.96
1.84 3.9 5.4 3.3
1.94 4.04 5.34 3.38
1.88 3.78 5.52 3.3
1.82 4.04 5.02 3.06
1.88 4.16 5.08 3.24
1.88 4.28 4.96 3.24
1.8 4.12 5.32 3.44
1.88 3.68 5.16 2.84
1.96 4.3 5.2 3.5
1.84 3.8 5.5 3.3
1.94 3.94 5.4 3.34
1.92 3.86 5.34 3.2
1.7 3.74 5.56 3.3
1.94 4.3 4.94 3.24
1.86 4.32 5.38 3.7
1.96 3.9 5.2 3.1
1.8 3.8 5.34 3.14
1.88 4.46 4.82 3.28
1.76 3.68 5.42 3.1
1.86 4.34 5.3 3.64
1.88 4.0 5.1 3.1
1.94 4.18 5.42 3.6
1.82 4.2 5.12 3.32
1.8 3.72 5.28 3.0
1.84 3.7 5.5 3.2
1.82 3.98 5.66 3.64
1.84 3.38 5.94 3.32
1.84 3.44 5.74 3.18
1.82 3.54 5.56 3.1
1.86 4.42 4.9 3.32
1.9 3.98 5.14 3.12
1.88 4.34 5.44 3.78
1.8 3.98 5.3 3.28
1.88 3.74 5.5 3.24
1.8 3.8 5.2 3.0
1.88 4.06 5.24 3.3
1.92 3.48 5.34 2.82
1.88 3.58 5.6 3.18
1.82 3.84 5.42 3.26
1.9 3.5 5.62 3.12
1.82 3.72 5.66 3.38
1.86 3.82 5.62 3.44
1.88 3.94 5.34 3.28
1.84 3.86 5.28 3.14
1.86 4.0 5.7 3.7
1.94 4.34 4.64 2.98
1.92 4.36 5.04 3.4
1.84 4.12 5.7 3.82
1.82 3.44 5.46 2.9
1.9 3.7 5.44 3.14
1.8 3.96 5.58 3.54
1.88 3.88 5.06 2.94
1.86 3.32 6.12 3.44
1.96 4.32 4.94 3.26
1.9 3.88 5.02 2.9
1.8 3.76 5.42 3.18
1.84 4.08 5.3 3.38
1.82 4.06 5.32 3.38
1.88 4.78 4.78 3.56
1.8 3.34 5.54 2.88
1.8 3.44 5.78 3.22
1.86 3.06 6.48 3.54
1.94 3.74 5.44 3.18
1.82 3.62 5.46 3.08
1.88 4.3 4.82 3.12
1.82 4.48 5.2 3.68
1.76 4.0 5.36 3.36
1.98 4.14 5.02 3.16
1.84 3.28 6.08 3.36
1.92 4.7 5.0 3.7
1.84 3.4 5.54 2.94
1.88 4.74 4.4 3.14
1.88 3.7 5.26 2.96
1.92 4.58 5.16 3.74
1.8 3.7 5.26 2.96
1.78 3.42 5.62 3.04
1.88 3.76 5.28 3.04
1.8 3.7 5.56 3.26
1.84 4.0 5.38 3.38
1.86 4.1 5.24 3.34
1.74 3.4 5.7 3.1
1.8 3.42 5.78 3.2
1.76 3.3 6.1 3.4
1.92 4.5 4.84 3.34
1.9 3.64 6.04 3.68
1.92 4.06 5.4 3.46
1.96 3.86 5.16 3.02
1.78 3.4 5.72 3.12
1.96 4.32 5.2 3.52
1.82 4.3 5.08 3.38
1.86 3.56 5.54 3.1
1.82 3.88 5.38 3.26
1.9 3.46 5.84 3.3
1.92 4.6 4.86 3.46
1.9 3.82 5.6 3.42
1.8 3.66 5.4 3.06
1.9 4.02 5.62 3.64
1.72 3.48 5.86 3.34
1.8 3.44 5.84 3.28
1.86 3.76 5.88 3.64
1.86 3.66 5.72 3.38
1.84 3.88 5.54 3.42
1.88 3.82 5.68 3.5
1.88 3.16 5.88 3.04
1.82 3.66 5.5 3.16
1.84 3.88 5.72 3.6
1.88 4.26 5.14 3.4
1.9 3.94 5.4 3.34
1.9 4.24 5.12 3.36
1.7 2.94 6.0 2.94
1.8 3.82 5.62 3.44
1.8 3.4 5.48 2.88
1.82 4.04 5.42 3.46
1.94 4.34 4.82 3.16
1.82 3.54 5.3 2.84
1.86 3.74 5.2 2.94
1.9 4.22 5.1 3.32
1.88 3.88 5.46 3.34
1.88 3.8 5.54 3.34
1.88 4.42 4.6 3.02
1.86 3.82 5.76 3.58
1.8 3.3 5.48 2.78
1.88 4.04 5.56 3.6
1.88 4.0 5.0 3.0
1.84 3.42 5.86 3.28
1.8 3.02 6.12 3.14
1.86 3.26 5.58 2.84
1.9 4.26 4.86 3.12
1.84 3.68 5.54 3.22
1.84 4.0 5.6 3.6
1.92 3.58 5.44 3.02
1.92 4.1 5.34 3.44
1.76 3.52 5.54 3.06
1.92 4.14 5.26 3.4
1.86 3.44 5.22 2.66
1.88 3.62 5.66 3.28
1.84 4.3 5.32 3.62
1.76 3.44 5.72 3.16
1.92 4.08 5.48 3.56
1.9 3.98 5.32 3.3
1.86 3.88 5.36 3.24
1.84 4.08 4.98 3.06
1.92 4.52 4.98 3.5
1.8 4.38 5.3 3.68
1.92 3.86 5.44 3.3
1.94 4.3 5.14 3.44
1.92 4.38 5.14 3.52
1.84 3.74 5.52 3.26
1.8 3.52 5.66 3.18
1.88 3.96 5.24 3.2
1.8 3.24 5.6 2.84
1.76 3.54 5.56 3.1
1.78 3.62 5.72 3.34
1.92 4.06 5.28 3.34
1.9 3.72 5.22 2.94
1.92 3.74 5.24 2.98
1.84 3.56 5.34 2.9
1.86 4.1 5.36 3.46
1.88 3.9 5.44 3.34
1.9 4.24 4.98 3.22
1.8 3.52 5.46 2.98
1.82 3.98 5.64 3.62
1.84 3.3 6.04 3.34
1.88 4.24 4.96 3.2
1.82 3.96 5.12 3.08
1.84 3.78 5.38 3.16
1.8 3.54 5.56 3.1
1.82 3.58 5.6 3.18
1.86 4.08 5.0 3.08
1.88 3.34 5.68 3.02
1.8 2.84 6.6 3.44
1.9 4.0 5.48 3.48
1.86 4.34 4.9 3.24
1.86 4.14 5.22 3.36
1.88 4.06 4.84 2.9
1.86 3.52 5.26 2.78
1.9 3.7 5.32 3.02
1.8 3.3 6.32 3.62
1.8 3.84 5.32 3.16
1.84 4.14 5.34 3.48
1.88 4.38 5.0 3.38
1.7 3.2 6.0 3.2
1.78 3.1 5.7 2.8
1.88 4.04 5.3 3.34
1.8 3.26 6.0 3.26
1.78 2.94 6.02 2.96
1.9 4.24 5.1 3.34
1.72 3.68 5.7 3.38
1.9 3.98 5.14 3.12
1.9 3.94 5.14 3.08
1.88 3.72 5.38 3.1
1.86 4.3 4.96 3.26
1.78 3.26 5.98 3.24
1.86 3.32 5.6 2.92
1.86 4.06 4.84 2.9
1.88 4.4 4.92 3.32
1.82 3.24 5.62 2.86
1.8 4.04 5.52 3.56
1.86 4.26 5.08 3.34
1.92 4.02 5.4 3.42
1.84 3.94 5.42 3.36
1.8 3.26 5.98 3.24
1.96 3.98 5.12 3.1
1.98 3.68 5.7 3.38
1.76 3.14 6.02 3.16
1.92 4.26 5.16 3.42
1.9 4.94 4.56 3.5
1.9 3.84 5.1 2.94
1.9 4.12 5.18 3.3
1.86 3.7 5.54 3.24
1.88 4.06 5.22 3.28
1.84 3.88 5.36 3.24
1.92 4.04 5.4 3.44
1.9 4.06 5.24 3.3
1.84 3.8 5.72 3.52
1.72 3.68 5.82 3.5
1.8 3.68 5.32 3.0
1.88 3.68 5.42 3.1
1.9 4.3 5.24 3.54
1.86 4.16 5.04 3.2
1.86 3.88 5.18 3.06
1.82 3.82 5.68 3.5
1.9 4.06 5.28 3.34
1.9 4.08 5.28 3.36
1.82 3.42 5.72 3.14
1.86 3.4 5.5 2.9
1.82 3.24 5.82 3.06
1.9 4.84 4.62 3.46
1.96 4.3 5.24 3.54
1.94 4.54 5.08 3.62
1.82 3.64 5.56 3.2
1.82 3.26 5.8 3.06
1.82 3.76 5.42 3.18
1.9 4.06 5.6 3.66
1.86 4.38 4.92 3.3
1.84 3.38 5.48 2.86
1.86 4.9 4.84 3.74
1.9 3.94 5.32 3.26
1.86 3.98 5.4 3.38
1.96 4.46 5.0 3.46
1.82 3.84 5.14 2.98
1.82 2.76 6.12 2.88
1.78 2.66 6.34 3.0
1.76 3.4 5.52 2.92
1.86 3.38 5.92 3.3
1.68 3.84 5.7 3.54
1.86 4.7 4.8 3.5
1.9 3.94 5.26 3.2
1.9 3.82 5.3 3.12
1.78 3.08 6.14 3.22
1.84 4.1 5.56 3.66
1.88 3.6 6.06 3.66
1.86 4.22 5.22 3.44
1.86 4.54 5.3 3.84
1.8 4.18 5.3 3.48
1.86 3.96 5.32 3.28
1.86 4.16 5.32 3.48
1.92 3.48 5.6 3.08
1.86 3.94 5.34 3.28
1.74 4.02 5.44 3.46
1.8 4.3 5.38 3.68
1.86 3.66 5.66 3.32
1.88 3.34 5.64 2.98
1.94 4.24 5.1 3.34
1.88 4.08 4.96 3.04
1.86 3.98 5.44 3.42
1.84 3.52 5.92 3.44
1.92 4.64 4.68 3.32
1.82 3.76 5.62 3.38
1.94 3.82 5.02 2.84
1.86 4.0 5.5 3.5
1.86 4.14 5.24 3.38
1.8 3.8 5.26 3.06
1.8 3.1 6.26 3.36
1.9 5.06 4.7 3.76
1.72 2.72 6.32 3.04
1.9 4.08 5.04 3.12
1.92 3.64 5.42 3.06
1.9 3.72 5.64 3.36
1.92 4.0 5.12 3.12
1.84 4.14 5.38 3.52
1.86 4.24 5.02 3.26
1.92 4.16 5.44 3.6
1.82 3.96 5.58 3.54
1.88 3.42 5.48 2.9
1.82 3.64 5.56 3.2
1.88 4.14 5.14 3.28
1.8 4.08 5.26 3.34
1.88 3.58 5.64 3.22
1.8 3.42 5.58 3.0
1.94 3.66 5.26 2.92
1.88 3.94 4.72 2.66
1.7 3.1 5.76 2.86
1.8 3.34 5.82 3.16
1.92 3.86 5.02 2.88
1.9 4.1 5.36 3.46
1.86 4.48 4.86 3.34
1.82 4.7 5.0 3.7
1.8 4.22 5.32 3.54
1.84 3.4 5.54 2.94
1.8 3.38 5.8 3.18
1.92 4.34 5.16 3.5
1.88 4.04 5.2 3.24
1.92 3.66 5.7 3.36
1.78 3.36 5.56 2.92
1.84 3.96 4.94 2.9
1.9 4.1 5.66 3.76
1.78 3.84 5.08 2.92
1.86 4.2 4.98 3.18
1.8 3.8 5.64 3.44
1.86 3.68 5.38 3.06
1.9 3.86 5.36 3.22
1.92 4.1 5.14 3.24
1.88 4.4 4.9 3.3
1.82 3.88 5.46 3.34
1.86 4.28 4.96 3.24
1.74 3.62 5.48 3.1
1.94 3.96 5.0 2.96
1.9 3.96 5.46 3.42
1.86 3.38 5.98 3.36
1.9 3.72 5.36 3.08
1.8 3.46 5.82 3.28
1.88 3.34 5.48 2.82
1.82 3.84 5.52 3.36
1.92 3.48 5.4 2.88
1.86 4.34 4.6 2.94
1.9 3.92 5.16 3.08
1.84 3.8 5.6 3.4
1.88 4.56 4.82 3.38
1.82 3.64 5.32 2.96
1.84 3.32 5.58 2.9
1.78 3.86 5.92 3.78
1.84 3.54 5.66 3.2
1.88 4.16 4.96 3.12
1.8 4.04 5.66 3.7
1.94 4.14 5.24 3.38
1.86 3.14 6.12 3.26
1.84 3.76 5.36 3.12
1.84 3.76 5.54 3.3
1.82 3.48 5.4 2.88
1.92 4.2 5.28 3.48
1.86 3.66 5.28 2.94
1.96 4.48 4.96 3.44
1.88 4.16 5.04 3.2
1.84 3.84 5.46 3.3
1.8 3.36 5.82 3.18
1.86 4.12 5.26 3.38
1.9 3.82 5.3 3.12
1.9 4.38 4.94 3.32
1.94 4.26 4.84 3.1
1.92 3.78 5.28 3.06
1.72 3.42 5.68 3.1
1.84 3.7 5.46 3.16
1.9 4.78 4.6 3.38
1.84 3.6 5.34 2.94
1.82 3.36 5.88 3.24
1.88 3.56 5.56 3.12
1.84 4.04 5.12 3.16
1.86 3.98 5.06 3.04
1.88 4.24 5.34 3.58
1.88 4.08 5.3 3.38
1.88 4.5 4.88 3.38
1.76 3.92 5.78 3.7
1.86 3.38 5.74 3.12
1.8 4.04 5.18 3.22
1.92 4.14 4.82 2.96
1.96 3.7 5.36 3.06
1.82 4.4 5.04 3.44
1.82 3.32 5.66 2.98
1.86 3.7 5.2 2.9
1.88 4.04 5.34 3.38
1.86 3.52 5.76 3.28
1.96 4.48 4.8 3.28
1.84 4.0 5.24 3.24
1.86 3.7 5.64 3.34
1.9 4.42 4.98 3.4
1.94 4.86 4.54 3.4
1.82 3.56 5.8 3.36
1.76 3.8 5.82 3.62
1.86 3.9 5.18 3.08
1.7 3.48 5.32 2.8
1.84 3.86 5.04 2.9
1.88 4.0 5.46 3.46
1.9 3.96 5.28 3.24
1.96 4.18 4.88 3.06
1.78 3.92 5.22 3.14
1.84 4.42 5.02 3.44
1.84 4.42 5.08 3.5
1.86 4.2 5.22 3.42
1.8 4.18 5.3 3.48
1.86 3.96 5.24 3.2
1.9 4.42 4.92 3.34
1.92 4.58 4.68 3.26
1.8 3.24 6.08 3.32
1.8 3.84 5.46 3.3
1.88 3.78 5.28 3.06
1.84 3.36 5.36 2.72
1.98 4.02 5.46 3.48
1.8 4.34 5.14 3.48
1.82 2.92 5.86 2.78
1.82 3.5 5.46 2.96
1.78 3.86 5.6 3.46
1.84 3.72 5.52 3.24
1.84 4.24 5.28 3.52
1.78 3.58 5.64 3.22
1.86 3.46 6.1 3.56
1.86 4.24 5.14 3.38
1.94 4.46 4.66 3.12
1.84 3.34 5.88 3.22
1.84 4.52 5.04 3.56
1.8 3.64 5.56 3.2
1.78 3.52 5.98 3.5
1.8 3.42 6.0 3.42
1.94 3.72 5.64 3.36
1.86 3.86 5.44 3.3
1.86 4.0 5.34 3.34
1.84 4.5 4.88 3.38
1.9 4.04 5.16 3.2
1.86 3.68 5.62 3.3
1.9 3.66 5.5 3.16
1.76 3.7 5.36 3.06
1.9 3.86 5.4 3.26
1.9 3.68 5.56 3.24
1.88 3.88 5.4 3.28
1.86 4.02 4.94 2.96
1.78 3.8 5.82 3.62
1.86 3.94 5.32 3.26
1.94 3.44 5.96 3.4
1.92 4.08 5.3 3.38
1.84 4.2 5.16 3.36
1.94 4.56 4.96 3.52
1.82 4.12 5.3 3.42
1.88 3.98 5.16 3.14
1.84 3.9 5.64 3.54
1.92 3.94 5.32 3.26
1.88 3.54 5.72 3.26
1.92 4.14 5.3 3.44
1.86 3.68 5.68 3.36
1.82 4.68 4.72 3.4
1.86 3.52 5.72 3.24
1.88 3.6 5.3 2.9
1.8 3.52 5.72 3.24
1.86 3.84 5.5 3.34
1.94 4.52 4.56 3.08
1.88 3.6 5.6 3.2
1.84 4.4 4.9 3.3
1.96 4.12 5.34 3.46
1.82 3.84 5.28 3.12
1.74 3.46 5.32 2.78
1.92 4.44 5.0 3.44
1.78 3.7 5.52 3.22
1.82 3.54 5.54 3.08
1.92 4.2 4.98 3.18
1.9 4.16 5.22 3.38
1.84 4.08 5.4 3.48
1.8 3.32 5.76 3.08
1.8 3.64 5.58 3.22
1.78 3.96 5.46 3.42
1.88 3.84 5.12 2.96
1.92 4.82 4.5 3.32
1.88 3.92 5.08 3.0
1.88 3.98 4.56 2.54
1.8 3.76 5.82 3.58
1.84 3.52 5.74 3.26
1.72 2.88 5.96 2.84
1.82 3.8 5.44 3.24
1.94 3.9 5.72 3.62
1.9 4.24 5.0 3.24
1.78 3.38 5.62 3.0
1.84 4.2 5.3 3.5
1.92 4.32 4.92 3.24
1.86 3.5 5.52 3.02
1.9 3.8 5.54 3.34
1.9 4.22 4.92 3.14
1.9 4.1 5.24 3.34
1.9 3.7 5.2 2.9
1.88 4.0 5.34 3.34
1.8 4.0 5.36 3.36
1.9 3.36 5.28 2.64
1.92 3.6 5.38 2.98
1.86 3.96 5.44 3.4
1.9 3.4 5.72 3.12
1.88 3.78 5.6 3.38
1.84 3.58 5.62 3.2
1.82 3.82 5.42 3.24
1.9 4.34 5.06 3.4
1.84 3.2 6.16 3.36
1.86 3.92 5.06 2.98
1.86 4.34 4.74 3.08
1.92 4.06 4.94 3.0
1.84 3.54 5.58 3.12
1.92 3.62 5.48 3.1
1.92 3.9 5.24 3.14
1.9 4.44 4.84 3.28
1.76 3.76 5.42 3.18
1.82 2.96 5.86 2.82
1.86 3.74 5.38 3.12
1.9 4.26 5.2 3.46
1.9 3.68 5.22 2.9
1.86 3.44 5.46 2.9
1.88 4.44 5.04 3.48
1.82 3.4 5.62 3.02
1.9 3.88 5.28 3.16
1.82 4.0 5.4 3.4
1.9 4.26 5.12 3.38
1.86 4.06 5.3 3.36
1.88 4.42 4.9 3.32
1.94 4.02 5.54 3.56
1.88 3.5 5.52 3.02
1.8 3.96 5.38 3.34
1.9 4.52 5.12 3.64
1.9 3.54 5.8 3.34
1.8 3.56 5.44 3.0
1.82 4.16 5.34 3.5
1.86 4.0 5.1 3.1
1.88 4.28 4.98 3.26
1.92 3.7 5.54 3.24
1.86 3.92 5.58 3.5
1.84 4.06 5.24 3.3
1.82 4.1 5.26 3.36
1.92 3.92 5.4 3.32
1.84 3.82 5.12 2.94
1.86 3.86 5.38 3.24
1.82 3.58 6.0 3.58
1.88 4.32 4.78 3.1
1.9 4.06 5.3 3.36
1.8 3.3 6.06 3.36
1.8 2.96 6.72 3.68
1.82 4.22 5.32 3.54
1.84 3.98 5.34 3.32
1.86 3.34 5.52 2.86
1.8 2.86 6.2 3.06
1.78 3.74 5.62 3.36
1.8 3.94 5.48 3.42
1.82 3.48 5.78 3.26
1.92 4.6 4.98 3.58
1.92 3.44 5.44 2.88
1.9 4.82 4.48 3.3
1.86 3.82 5.44 3.26
1.9 4.54 4.84 3.38
1.82 4.38 5.06 3.44
1.78 4.48 4.64 3.12
1.8 3.26 5.64 2.9
1.82 3.9 5.26 3.16
1.88 3.5 5.52 3.02
1.76 3.8 5.44 3.24
1.72 3.1 5.94 3.04
1.88 4.38 4.92 3.3
1.78 3.22 5.76 2.98
1.82 4.2 5.38 3.58
1.86 3.82 5.46 3.28
1.84 4.28 5.18 3.46
1.96 3.74 4.96 2.7
1.88 3.88 5.38 3.26
1.82 3.54 5.52 3.06
1.82 3.62 5.76 3.38
1.96 3.94 5.12 3.06
1.78 4.2 5.14 3.34
1.86 3.34 6.06 3.4
1.9 4.64 4.9 3.54
1.76 3.2 5.7 2.9
1.9 4.38 5.08 3.46
1.9 3.76 6.06 3.82
1.8 3.6 5.92 3.52
1.84 3.86 5.56 3.42
1.9 3.72 5.16 2.88
1.86 4.22 5.18 3.4
1.88 4.1 5.14 3.24
1.84 4.0 5.16 3.16
1.82 3.8 5.46 3.26
1.88 3.58 5.34 2.92
1.8 3.32 5.78 3.1
1.88 4.2 5.02 3.22
1.8 3.78 5.54 3.32
1.8 3.44 5.78 3.22
1.84 3.36 5.8 3.16
1.94 4.48 5.06 3.54
1.96 3.74 5.2 2.94
1.92 4.24 4.72 2.96
1.82 2.96 6.02 2.98
1.88 4.18 4.6 2.78
1.9 3.54 6.1 3.64
1.88 3.84 5.72 3.56
1.78 3.38 6.06 3.44
1.74 3.18 5.86 3.04
1.88 3.86 5.48 3.34
1.88 4.28 5.3 3.58
1.84 4.22 5.08 3.3
1.88 3.54 6.0 3.54
1.86 3.98 5.08 3.06
1.8 3.04 6.1 3.14
1.9 3.64 5.38 3.02
1.74 3.3 5.74 3.04
1.72 3.42 5.84 3.26
1.84 3.28 5.9 3.18
1.88 3.14 5.82 2.96
1.8 3.82 5.82 3.64
1.82 4.04 5.32 3.36
1.86 3.98 5.34 3.32
1.88 4.34 4.8 3.14
1.82 3.48 5.78 3.26
1.98 3.72 5.2 2.92
1.88 3.44 5.86 3.3
1.9 3.86 5.32 3.18
1.8 3.82 5.54 3.36
1.84 3.6 5.8 3.4
1.96 4.2 5.26 3.46
1.92 4.34 5.18 3.52
1.86 3.82 5.28 3.1
1.78 3.18 6.0 3.18
1.82 3.82 5.12 2.94
1.9 4.14 5.06 3.2
1.94 3.56 5.66 3.22
1.86 4.24 5.48 3.72
1.92 3.9 5.34 3.24
1.82 3.56 5.38 2.94
1.88 3.26 5.68 2.94
1.88 3.74 5.44 3.18
1.82 3.82 5.16 2.98
1.86 3.94 5.64 3.58
1.9 3.58 5.16 2.74
1.92 4.12 5.44 3.56
1.86 3.98 5.22 3.2
1.78 3.72 5.4 3.12
1.88 3.78 4.9 2.68
1.9 3.8 5.38 3.18
1.94 4.94 4.48 3.42
1.86 3.98 4.96 2.94
1.92 3.86 5.1 2.96
1.82 3.02 5.84 2.86
1.9 3.94 5.14 3.08
1.8 3.28 5.64 2.92
1.86 3.76 5.64 3.4
1.84 4.28 5.52 3.8
1.9 4.18 5.3 3.48
1.86 3.74 5.28 3.02
1.82 3.96 5.4 3.36
1.86 3.98 5.34 3.32
1.86 3.62 5.64 3.26
1.82 3.28 5.14 2.42
1.82 3.12 5.92 3.04
1.82 3.68 5.54 3.22
1.92 3.82 5.58 3.4
1.78 3.38 6.16 3.54
1.88 3.02 6.12 3.14
1.84 3.68 5.28 2.96
1.86 3.42 5.88 3.3
1.86 3.86 5.48 3.34
1.9 4.3 5.18 3.48
1.86 4.08 5.34 3.42
1.88 4.68 5.14 3.82
1.94 4.5 4.76 3.26
1.84 4.0 5.22 3.22
1.84 3.42 5.74 3.16
1.76 3.08 5.76 2.84
1.9 4.32 4.84 3.16
1.78 3.56 5.72 3.28
1.88 4.02 5.42 3.44
1.84 2.72 6.32 3.04
1.92 4.36 4.92 3.28
1.8 4.54 5.06 3.6
1.86 3.84 5.64 3.48
1.8 3.58 5.5 3.08
1.92 4.14 5.34 3.48
1.78 3.16 5.74 2.9
1.82 3.26 5.76 3.02
1.84 3.76 5.36 3.12
1.86 3.54 5.38 2.92
1.86 3.8 5.26 3.06
1.88 3.74 5.8 3.54
1.84 4.04 5.18 3.22
1.88 3.76 5.54 3.3
1.92 3.78 5.44 3.22
1.9 4.24 5.26 3.5
1.92 4.04 5.3 3.34
1.94 4.16 5.28 3.44
1.82 3.16 6.06 3.22
1.76 3.46 5.6 3.06
1.9 3.58 5.34 2.92
1.84 3.96 5.3 3.26
1.82 3.82 5.3 3.12
1.88 3.62 5.44 3.06
1.78 3.94 5.38 3.32
1.88 3.3 5.9 3.2
1.94 4.22 4.92 3.14
1.86 4.1 5.46 3.56
1.84 3.44 5.72 3.16
1.88 3.76 5.52 3.28
1.86 3.58 5.56 3.14
1.9 3.98 5.22 3.2
1.84 4.24 5.16 3.4
1.88 4.48 4.78 3.26
1.84 3.82 5.26 3.08
1.92 4.12 5.12 3.24
1.84 4.28 4.98 3.26
1.82 3.56 5.54 3.1
1.8 3.94 5.16 3.1
1.92 3.66 5.46 3.12
1.88 4.26 5.02 3.28
1.9 3.98 5.52 3.5
1.88 4.18 5.04 3.22
1.92 4.36 4.98 3.34
1.9 4.62 4.98 3.6
1.88 4.08 5.12 3.2
1.88 3.54 5.8 3.34
1.94 4.62 4.9 3.52
1.9 3.9 5.18 3.08
1.8 3.48 6.04 3.52
1.86 3.44 5.28 2.72
1.88 4.4 5.0 3.4
1.9 3.7 5.48 3.18
1.84 3.32 5.84 3.16
1.8 4.04 5.04 3.08
1.84 3.72 5.48 3.2
1.88 4.12 5.42 3.54
1.88 4.1 5.06 3.16
1.88 4.06 5.68 3.74
1.88 4.42 4.78 3.2
1.84 4.48 5.06 3.54
1.86 4.42 4.94 3.36
1.88 3.86 5.46 3.32
1.92 4.36 4.98 3.34
1.84 3.96 5.7 3.66
1.78 3.32 5.5 2.82
1.84 3.64 5.58 3.22
1.84 3.78 5.26 3.04
1.8 2.96 6.3 3.26
1.9 3.42 5.76 3.18
1.9 4.04 5.4 3.44
1.86 4.12 5.06 3.18
1.94 4.56 5.02 3.58
1.9 3.98 4.96 2.94
1.82 3.34 5.78 3.12
1.84 3.54 5.66 3.2
1.78 3.3 5.86 3.16
1.86 3.7 5.76 3.46
1.88 4.1 5.26 3.36
1.94 3.6 5.72 3.32
1.88 4.22 5.14 3.36
1.9 5.18 4.18 3.36
1.86 4.1 5.16 3.26
1.84 3.76 5.26 3.02
1.86 3.74 5.66 3.4
1.92 4.34 4.94 3.28
1.94 4.54 4.56 3.1
1.82 3.54 5.7 3.24
1.858156 3.85564 5.399456 3.255096
