2.86 4.4 9.28 6.68
2.84 5.06 7.94 6.0
2.94 4.6 8.46 6.06
2.88 4.54 7.72 5.26
2.92 4.76 8.36 6.12
2.88 4.72 8.26 5.98
2.84 3.9 8.9 5.8
2.82 5.06 7.72 5.78
2.86 5.52 7.38 5.9
2.78 4.2 8.96 6.16
2.84 4.72 8.62 6.34
2.88 4.94 8.08 6.02
2.76 3.94 8.8 5.74
2.88 4.56 8.82 6.38
2.8 4.4 8.86 6.26
2.86 4.08 9.44 6.52
2.88 4.86 8.36 6.22
2.94 5.36 7.5 5.86
2.88 4.4 9.1 6.5
2.82 4.54 9.16 6.7
2.76 4.04 9.64 6.68
2.94 5.34 8.9 7.24
2.8 4.9 8.1 6.0
2.76 3.6 10.1 6.7
2.76 4.4 9.12 6.52
2.86 4.92 7.88 5.8
2.84 4.54 8.84 6.38
2.88 4.68 9.72 7.4
2.88 4.52 9.36 6.88
2.86 4.22 8.66 5.88
2.78 4.8 8.56 6.36
2.92 3.98 9.22 6.2
2.84 4.72 8.14 5.86
2.84 4.38 8.84 6.22
2.88 4.76 9.0 6.76
2.76 4.82 9.08 6.9
2.78 4.52 8.68 6.2
2.9 4.84 7.9 5.74
2.8 3.66 9.88 6.54
2.88 4.84 8.42 6.26
2.88 3.72 9.32 6.04
2.88 4.3 9.58 6.88
2.86 4.12 9.48 6.6
2.86 4.9 8.22 6.12
2.74 4.6 9.34 6.94
2.82 3.78 9.04 5.82
2.92 5.18 7.74 5.92
2.9 4.36 9.06 6.42
2.82 4.12 9.3 6.42
2.82 5.04 8.84 6.88
2.82 4.3 9.52 6.82
2.84 4.36 8.36 5.72
2.8 3.94 9.38 6.32
2.82 3.7 10.12 6.82
2.76 4.46 8.68 6.14
2.86 4.62 8.84 6.46
2.86 4.58 8.58 6.16
2.88 4.82 8.26 6.08
2.8 4.48 8.52 6.0
2.74 4.68 9.38 7.06
2.86 3.82 9.18 6.0
2.88 4.08 8.92 6.0
2.8 4.06 9.56 6.62
2.74 2.88 10.42 6.3
2.8 4.54 8.26 5.8
2.84 4.64 8.32 5.96
2.86 4.32 9.18 6.5
2.86 4.7 8.66 6.36
2.84 4.24 8.76 6.0
2.8 4.42 9.4 6.82
2.86 4.44 8.44 5.88
2.9 4.34 9.2 6.54
2.84 4.18 9.42 6.6
2.86 5.3 8.28 6.58
2.9 4.54 8.62 6.16
2.86 4.26 8.64 5.9
2.9 5.14 7.8 5.94
2.88 5.26 7.84 6.1
2.84 4.3 8.4 5.7
2.9 4.76 8.7 6.46
2.84 4.7 8.54 6.24
2.72 3.82 9.8 6.62
2.92 4.64 8.54 6.18
2.96 4.34 8.58 5.92
2.72 3.94 9.62 6.56
2.76 4.68 8.3 5.98
2.8 4.36 9.06 6.42
2.86 4.56 8.32 5.88
2.8 4.06 9.46 6.52
2.84 3.78 9.58 6.36
2.86 4.6 8.26 5.86
2.82 4.06 8.94 6.0
2.82 4.06 9.14 6.2
2.9 4.82 8.5 6.32
2.86 4.34 8.88 6.22
2.88 4.78 8.28 6.06
2.9 4.44 8.56 6.0
2.88 4.7 8.4 6.1
2.88 4.86 8.26 6.12
2.9 4.06 9.38 6.44
2.9 4.24 9.1 6.34
2.84 3.94 9.42 6.36
2.86 4.68 8.32 6.0
2.84 4.94 8.42 6.36
2.84 4.92 7.96 5.88
2.9 4.24 9.0 6.24
2.78 4.8 8.7 6.5
2.9 3.96 9.14 6.1
2.84 3.6 9.56 6.16
2.8 4.7 9.18 6.88
2.76 4.7 8.3 6.0
2.9 3.64 9.12 5.76
2.8 4.22 9.4 6.62
2.84 4.34 9.08 6.42
2.66 3.34 10.32 6.66
2.64 3.82 9.7 6.52
2.94 4.9 8.48 6.38
2.86 4.48 9.14 6.62
2.78 4.14 8.28 5.42
2.8 4.4 8.88 6.28
2.84 4.64 9.4 7.04
2.94 4.98 9.04 7.02
2.9 4.76 8.64 6.4
2.8 5.06 8.22 6.28
2.96 4.74 9.06 6.8
2.8 3.8 9.48 6.28
2.98 4.76 9.0 6.76
2.8 4.16 9.44 6.6
2.9 4.94 7.74 5.68
2.76 4.84 8.48 6.32
2.92 4.44 8.94 6.38
2.82 4.8 8.42 6.22
2.8 4.74 9.02 6.76
2.88 5.02 8.78 6.8
2.9 4.86 7.94 5.8
2.8 3.96 9.48 6.44
2.8 4.06 9.32 6.38
2.82 4.8 7.88 5.68
2.9 4.5 8.46 5.96
2.88 4.42 8.94 6.36
2.72 4.04 9.08 6.12
2.84 4.52 8.64 6.16
2.9 4.48 8.72 6.2
2.8 4.38 9.18 6.56
2.74 4.18 9.4 6.58
2.76 3.4 10.24 6.64
2.78 3.82 9.38 6.2
2.9 4.7 8.48 6.18
2.86 3.62 9.52 6.14
2.94 4.98 9.14 7.12
2.94 5.04 8.7 6.74
2.86 4.06 9.14 6.2
2.92 4.2 9.3 6.5
2.84 5.24 8.24 6.48
2.84 4.68 8.52 6.2
2.8 4.02 9.52 6.54
2.86 4.02 9.2 6.22
2.8 4.22 9.2 6.42
2.82 4.06 9.34 6.4
2.8 4.12 9.34 6.46
2.76 4.88 8.44 6.32
2.82 4.22 9.7 6.92
2.84 4.58 8.86 6.44
2.88 5.08 8.16 6.24
2.84 4.8 9.04 6.84
2.88 4.16 8.84 6.0
2.74 3.9 9.28 6.18
2.86 3.7 9.42 6.12
2.84 4.78 8.48 6.26
2.84 4.54 8.6 6.14
2.78 4.0 9.32 6.32
2.82 4.62 8.2 5.82
2.86 4.04 9.62 6.66
2.8 3.82 10.02 6.84
2.86 4.7 8.86 6.56
2.88 4.72 8.78 6.5
2.8 4.4 9.8 7.2
2.78 4.12 9.04 6.16
2.8 4.1 8.64 5.74
2.9 5.08 8.68 6.76
2.82 3.82 9.66 6.48
2.84 4.62 9.32 6.94
2.78 3.84 9.68 6.52
2.94 4.88 8.92 6.8
2.9 4.48 8.76 6.24
2.86 3.68 9.3 5.98
2.96 5.54 8.12 6.66
2.68 4.66 9.08 6.74
2.86 4.56 8.58 6.14
2.82 4.9 8.14 6.04
2.8 3.84 9.32 6.16
2.78 3.3 9.9 6.2
2.94 4.76 8.56 6.32
2.76 3.72 9.82 6.54
2.82 4.22 8.68 5.9
2.9 4.4 8.78 6.18
2.76 4.86 8.72 6.58
2.9 4.74 8.66 6.4
2.86 3.98 9.1 6.08
2.82 4.5 9.16 6.66
2.88 4.42 8.3 5.72
2.9 4.82 7.52 5.34
2.86 4.66 8.78 6.44
2.88 4.62 8.72 6.34
2.8 3.36 9.96 6.32
2.88 4.28 8.54 5.82
2.88 4.4 8.48 5.88
2.82 4.76 8.72 6.48
2.82 4.72 8.88 6.6
2.8 4.2 9.22 6.42
2.72 3.64 9.32 5.96
2.92 4.38 9.44 6.82
2.8 4.4 9.68 7.08
2.92 4.54 8.52 6.06
2.76 3.38 10.26 6.64
2.8 4.34 8.58 5.92
2.92 4.54 8.76 6.3
2.84 4.58 8.6 6.18
2.86 4.22 8.8 6.02
2.82 3.94 9.12 6.06
2.84 4.62 8.84 6.46
2.86 4.7 8.92 6.62
2.78 3.2 10.12 6.32
2.94 4.48 8.66 6.14
2.86 4.34 8.26 5.6
2.76 4.56 8.84 6.4
2.9 5.42 8.16 6.58
2.84 5.0 8.38 6.38
2.86 5.12 8.46 6.58
2.88 4.1 9.4 6.5
2.84 4.52 9.02 6.54
2.88 4.42 8.02 5.44
2.78 5.06 7.9 5.96
2.78 3.82 9.76 6.58
2.78 4.04 9.54 6.58
2.78 4.88 7.7 5.58
2.9 4.42 9.22 6.64
2.78 5.16 8.2 6.36
2.94 4.76 8.92 6.68
2.9 4.94 8.76 6.7
2.8 4.58 8.52 6.1
2.82 4.62 9.52 7.14
2.9 4.88 8.34 6.22
2.84 4.24 9.34 6.58
2.96 4.5 8.42 5.92
2.9 4.18 8.96 6.14
2.84 3.54 9.48 6.02
2.8 5.12 8.34 6.46
2.86 4.36 8.72 6.08
2.9 4.62 8.88 6.5
2.84 4.8 8.56 6.36
2.8 3.92 8.92 5.84
2.88 4.9 8.84 6.74
2.86 4.4 9.26 6.66
2.84 4.58 8.66 6.24
2.82 4.84 8.66 6.5
2.8 3.82 9.56 6.38
2.92 5.7 7.34 6.04
2.84 4.42 8.26 5.68
2.86 4.54 8.98 6.52
2.84 4.94 7.98 5.92
2.86 4.52 8.76 6.28
2.92 4.68 8.72 6.4
2.82 4.18 8.62 5.8
2.86 5.0 8.14 6.14
2.94 4.12 9.64 6.76
2.92 4.06 10.02 7.08
2.84 4.6 8.3 5.9
2.76 4.34 9.48 6.82
2.86 4.04 8.6 5.64
2.9 4.7 8.38 6.08
2.84 4.72 8.6 6.32
2.8 4.54 8.86 6.4
2.86 5.56 8.64 7.2
2.76 4.26 9.22 6.48
2.78 4.74 8.58 6.32
2.86 4.72 8.28 6.0
2.98 5.38 7.92 6.3
2.82 3.58 9.92 6.5
2.86 4.22 8.66 5.88
2.92 5.0 8.2 6.2
2.88 5.1 8.26 6.36
2.82 3.8 9.9 6.7
2.82 4.28 9.1 6.38
2.92 4.5 8.58 6.08
2.8 3.88 8.92 5.8
2.82 4.4 8.82 6.22
2.88 4.5 8.82 6.32
2.86 4.9 8.58 6.48
2.84 4.96 8.1 6.06
2.78 4.64 8.42 6.06
2.68 3.96 9.78 6.74
2.96 5.2 8.72 6.92
2.96 5.22 8.1 6.32
2.88 4.34 8.96 6.3
2.9 4.34 8.98 6.32
2.9 4.7 9.04 6.74
2.86 4.76 8.6 6.36
2.76 3.76 9.94 6.7
2.8 4.52 9.04 6.56
2.9 4.64 8.42 6.06
2.82 4.68 8.34 6.02
2.76 4.26 8.94 6.2
2.82 4.66 8.34 6.0
2.72 3.38 10.44 6.82
2.86 4.52 8.94 6.46
2.86 4.5 8.4 5.9
2.9 4.4 9.14 6.54
2.82 4.1 9.18 6.28
2.8 4.92 9.3 7.22
2.8 4.22 8.64 5.86
2.82 4.08 9.34 6.42
2.72 3.94 9.54 6.48
2.84 4.88 8.76 6.64
2.88 4.24 8.7 5.94
2.94 5.5 7.18 5.68
2.78 4.48 9.36 6.84
2.8 4.7 8.26 5.96
2.82 4.4 9.64 7.04
2.84 4.54 8.74 6.28
2.88 4.84 8.54 6.38
2.86 4.58 9.48 7.06
2.88 4.04 9.04 6.08
2.84 4.88 8.0 5.88
2.82 4.2 9.72 6.92
2.92 4.7 9.36 7.06
2.72 4.5 8.62 6.12
2.84 4.92 7.86 5.78
2.76 4.3 8.54 5.84
2.88 4.12 8.7 5.82
2.86 4.3 9.68 6.98
2.8 4.24 9.2 6.44
2.8 4.54 9.06 6.6
2.78 4.32 8.94 6.26
2.78 3.72 10.32 7.04
2.92 5.18 8.12 6.3
2.78 4.94 9.14 7.08
2.88 4.6 9.12 6.72
2.9 4.76 8.76 6.52
2.86 5.02 9.48 7.5
2.76 4.0 9.6 6.6
2.9 4.86 8.34 6.2
2.88 3.88 8.86 5.74
2.82 4.02 9.32 6.34
2.92 4.88 8.34 6.22
2.9 5.08 7.96 6.04
2.86 4.48 9.24 6.72
2.8 4.98 8.18 6.16
2.84 4.94 8.32 6.26
2.88 5.16 7.98 6.14
2.88 4.22 8.64 5.86
2.82 5.36 8.22 6.58
2.82 4.3 9.16 6.46
2.88 5.6 7.52 6.12
2.8 3.88 9.12 6.0
2.84 4.9 8.58 6.48
2.82 4.26 9.16 6.42
2.84 4.68 8.62 6.3
2.92 4.4 8.44 5.84
2.82 4.54 8.9 6.44
2.86 4.18 8.58 5.76
2.82 4.28 8.66 5.94
2.78 4.6 8.86 6.46
2.84 4.3 9.04 6.34
2.88 4.1 9.14 6.24
2.7 5.08 8.44 6.52
2.88 4.5 8.24 5.74
2.94 4.28 9.34 6.62
2.88 3.56 9.78 6.34
2.82 4.44 8.5 5.94
2.92 4.84 8.28 6.12
2.86 5.34 8.02 6.36
2.94 4.6 8.9 6.5
2.82 4.36 8.6 5.96
2.9 4.84 9.2 7.04
2.86 4.78 8.36 6.14
2.76 3.94 9.92 6.86
2.78 4.06 9.46 6.52
2.86 4.22 9.34 6.56
2.94 4.64 8.44 6.08
2.84 4.04 9.6 6.64
2.9 4.74 8.98 6.72
2.92 4.22 9.34 6.56
2.76 4.54 8.42 5.96
2.88 5.08 8.84 6.92
2.94 4.52 8.66 6.18
2.84 4.6 8.88 6.48
2.74 4.88 8.72 6.6
2.8 4.94 8.7 6.64
2.92 4.26 9.48 6.74
2.8 3.64 9.76 6.4
2.84 4.58 8.46 6.04
2.92 4.9 8.68 6.58
2.84 4.64 8.68 6.32
2.9 4.76 8.82 6.58
2.8 4.86 8.94 6.8
2.9 5.0 8.84 6.84
2.92 3.88 8.62 5.5
2.82 4.14 9.08 6.22
2.86 4.22 9.2 6.42
2.88 4.32 8.96 6.28
2.82 4.56 8.26 5.82
2.8 4.64 8.42 6.06
2.86 4.56 8.94 6.5
2.9 3.9 9.6 6.5
2.82 4.68 8.18 5.86
2.84 4.68 9.02 6.7
2.86 5.04 8.28 6.32
2.82 4.74 8.4 6.14
2.82 4.56 8.02 5.58
2.92 4.46 8.52 5.98
2.86 4.4 8.58 5.98
2.78 4.16 9.72 6.88
2.88 4.14 9.86 7.0
2.78 3.66 9.14 5.8
2.78 4.2 9.2 6.4
2.9 5.26 7.8 6.06
2.82 4.04 8.66 5.7
2.88 4.12 8.96 6.08
2.88 4.84 8.56 6.4
2.86 4.84 8.22 6.06
2.88 4.5 8.68 6.18
2.86 4.54 9.24 6.78
2.78 3.86 10.62 7.48
2.9 4.06 9.16 6.22
2.98 4.88 8.1 5.98
2.8 4.54 9.14 6.68
2.84 5.04 8.32 6.36
2.7 3.9 8.78 5.68
2.82 3.5 10.12 6.62
2.86 4.12 9.56 6.68
2.82 3.9 9.48 6.38
2.8 4.32 9.48 6.8
2.9 5.0 7.44 5.44
2.9 4.1 9.12 6.22
2.88 5.12 7.78 5.9
2.86 5.5 8.0 6.5
2.72 3.92 9.86 6.78
2.84 4.9 8.44 6.34
2.82 4.38 9.18 6.56
2.86 4.98 7.96 5.94
2.68 4.04 9.34 6.38
2.92 4.86 8.1 5.96
2.88 4.32 8.92 6.24
2.94 5.58 8.12 6.7
2.8 4.56 8.26 5.82
2.82 4.48 8.38 5.86
2.84 4.72 8.52 6.24
2.92 4.86 8.66 6.52
2.74 4.2 9.08 6.28
2.92 5.5 6.84 5.34
2.84 4.4 9.24 6.64
2.94 5.02 8.26 6.28
2.9 4.88 8.7 6.58
2.76 4.76 8.44 6.2
2.96 4.66 8.38 6.04
2.74 4.4 9.12 6.52
2.86 4.12 8.62 5.74
2.78 4.5 9.36 6.86
2.76 3.9 9.78 6.68
2.9 5.44 7.6 6.04
2.84 4.84 8.96 6.8
2.9 3.66 10.3 6.96
2.88 4.44 9.02 6.46
2.84 4.44 8.8 6.24
2.74 4.14 9.06 6.2
2.8 4.08 9.22 6.3
2.8 3.84 9.7 6.54
2.9 4.9 8.6 6.5
2.78 4.1 9.22 6.32
2.82 4.1 8.86 5.96
2.8 3.86 9.46 6.32
2.7 3.8 9.48 6.28
2.8 4.58 9.12 6.7
2.88 3.46 9.44 5.9
2.84 4.26 9.18 6.44
2.84 4.88 8.12 6.0
2.84 4.06 8.82 5.88
2.88 4.36 8.64 6.0
2.94 5.02 8.3 6.32
2.88 4.12 8.6 5.72
2.68 4.14 9.0 6.14
2.9 4.76 8.88 6.64
2.94 4.48 8.34 5.82
2.9 4.34 9.02 6.36
2.76 4.1 8.8 5.9
2.88 4.86 8.56 6.42
2.88 4.4 9.66 7.06
2.82 4.38 9.42 6.8
2.88 3.92 9.28 6.2
2.86 4.26 8.98 6.24
2.84 4.0 9.06 6.06
2.86 4.6 8.8 6.4
2.9 3.72 8.96 5.68
2.8 4.82 8.3 6.12
2.92 4.62 8.32 5.94
2.88 4.4 8.9 6.3
2.88 3.84 9.42 6.26
2.76 4.22 9.02 6.24
2.88 4.86 8.6 6.46
2.84 4.44 8.7 6.14
2.88 4.38 8.42 5.8
2.88 4.66 8.58 6.24
2.88 4.44 8.68 6.12
2.82 4.12 9.12 6.24
2.8 3.64 9.46 6.1
2.92 5.44 8.16 6.6
2.84 4.42 8.6 6.02
2.78 4.62 8.42 6.04
2.94 3.92 9.0 5.92
2.86 4.18 9.5 6.68
2.86 4.14 8.54 5.68
2.78 4.3 8.9 6.2
2.84 4.4 8.96 6.36
2.88 5.06 8.08 6.14
2.84 4.74 8.3 6.04
2.82 5.14 8.3 6.44
2.9 4.64 8.42 6.06
2.8 4.48 8.92 6.4
2.86 4.04 9.72 6.76
2.86 4.68 8.78 6.46
2.9 5.16 8.74 6.9
2.86 4.72 8.2 5.92
2.84 3.88 9.16 6.04
2.9 4.78 8.84 6.62
2.84 4.72 8.62 6.34
2.84 5.26 8.34 6.6
2.88 4.84 8.56 6.4
2.76 3.74 9.62 6.36
2.9 4.92 7.98 5.9
2.7 3.8 9.9 6.7
2.86 3.9 9.84 6.74
2.92 4.7 8.4 6.1
2.9 4.56 8.34 5.9
2.7 4.32 9.22 6.54
2.88 5.3 8.24 6.54
2.84 4.66 8.24 5.9
2.84 4.54 8.84 6.38
2.88 5.34 8.02 6.36
2.72 3.7 10.06 6.76
2.8 5.26 8.3 6.56
2.84 4.32 8.96 6.28
2.82 4.24 9.24 6.48
2.86 4.78 8.48 6.26
2.9 4.64 8.54 6.18
2.86 3.96 9.62 6.58
2.76 3.72 9.4 6.12
2.92 4.86 8.42 6.28
2.88 6.16 8.0 7.16
2.9 4.82 7.7 5.52
2.9 4.66 8.5 6.16
2.86 4.3 8.76 6.06
2.84 4.18 8.58 5.76
2.86 4.96 8.26 6.22
2.84 4.4 8.86 6.26
2.88 4.54 9.2 6.74
2.76 3.64 9.88 6.52
2.9 4.52 8.08 5.6
2.92 4.62 8.9 6.52
2.88 4.54 8.96 6.5
2.88 5.28 7.34 5.62
2.86 4.4 8.7 6.1
2.82 4.84 8.2 6.04
2.78 4.26 8.44 5.7
2.7 3.52 9.84 6.36
2.74 4.32 9.02 6.34
2.82 3.98 8.98 5.96
2.94 5.38 7.74 6.12
2.86 4.04 9.38 6.42
2.88 3.98 10.14 7.12
2.78 4.04 8.86 5.9
2.94 4.98 8.38 6.36
2.72 4.0 9.42 6.42
2.88 4.86 8.74 6.6
2.9 4.64 8.9 6.54
2.76 4.12 9.1 6.22
2.8 4.0 9.3 6.3
2.8 4.4 9.14 6.54
2.9 4.66 9.14 6.8
2.88 4.56 8.72 6.28
2.88 4.2 9.74 6.94
2.94 5.02 8.28 6.3
2.86 4.78 8.54 6.32
2.86 5.08 7.78 5.86
2.84 4.06 9.1 6.16
2.88 4.12 8.88 6.0
2.8 4.46 8.96 6.42
2.78 4.24 9.06 6.3
2.84 4.48 8.52 6.0
2.86 4.16 9.54 6.7
2.82 4.9 8.44 6.34
2.88 5.26 8.24 6.5
2.7 3.9 9.38 6.28
2.88 4.04 9.4 6.44
2.86 4.54 9.12 6.66
2.84 4.66 8.7 6.36
2.76 4.34 8.82 6.16
2.72 4.78 8.96 6.74
2.84 4.84 8.98 6.82
2.86 4.52 8.7 6.22
2.82 4.86 8.1 5.96
2.9 4.52 8.74 6.26
2.76 4.06 9.38 6.44
2.8 4.34 8.68 6.02
2.88 4.76 8.04 5.8
2.8 3.72 9.86 6.58
2.8 3.96 9.28 6.24
2.94 4.5 8.08 5.58
2.94 5.04 8.38 6.42
2.76 4.5 9.2 6.7
2.92 5.46 8.18 6.64
2.82 4.4 9.04 6.44
2.82 4.58 8.98 6.56
2.88 5.16 8.6 6.76
2.86 3.96 8.76 5.72
2.9 4.02 9.42 6.44
2.94 4.34 8.56 5.9
2.82 4.78 8.9 6.68
2.86 4.6 8.58 6.18
2.92 4.68 8.98 6.66
2.74 4.04 9.76 6.8
2.86 4.64 8.56 6.2
2.84 5.08 8.62 6.7
2.9 4.56 8.8 6.36
2.86 4.66 7.96 5.62
2.82 4.48 9.08 6.56
2.78 4.16 9.34 6.5
2.86 4.8 8.0 5.8
2.82 3.78 9.36 6.14
2.8 4.02 8.9 5.92
2.82 4.5 8.86 6.36
2.88 4.2 9.46 6.66
2.9 3.96 9.16 6.12
2.82 4.18 9.2 6.38
2.78 4.4 9.08 6.48
2.88 4.28 8.7 5.98
2.86 4.34 9.0 6.34
2.82 4.38 9.28 6.66
2.9 4.62 8.24 5.86
2.92 4.84 8.5 6.34
2.88 4.3 8.98 6.28
2.88 4.42 9.3 6.72
2.82 4.44 8.52 5.96
2.92 4.76 8.56 6.32
2.88 5.12 8.16 6.28
2.92 4.12 9.28 6.4
2.92 3.98 8.68 5.66
2.8 4.72 9.0 6.72
2.86 4.24 8.8 6.04
2.88 4.76 8.08 5.84
2.9 4.44 8.88 6.32
2.86 4.86 8.44 6.3
2.88 5.08 7.66 5.74
2.78 3.98 8.98 5.96
2.82 4.06 9.42 6.48
2.84 3.88 9.44 6.32
2.84 4.26 9.86 7.12
2.84 4.26 8.18 5.44
2.8 4.46 8.06 5.52
2.86 4.18 8.42 5.6
2.82 4.42 8.68 6.1
2.86 4.22 9.14 6.36
2.82 3.88 9.56 6.44
2.88 5.04 7.94 5.98
2.82 4.62 9.04 6.66
2.88 4.22 8.88 6.1
2.78 3.96 9.6 6.56
2.8 5.06 8.52 6.58
2.9 4.4 8.8 6.2
2.9 4.48 9.26 6.74
2.8 4.6 9.2 6.8
2.86 4.38 8.52 5.9
2.86 4.52 8.36 5.88
2.86 4.12 8.96 6.08
2.88 4.82 8.82 6.64
2.86 4.46 9.18 6.64
2.84 4.34 8.58 5.92
2.88 4.48 8.48 5.96
2.78 3.88 9.4 6.28
2.92 5.14 8.48 6.62
2.82 4.82 8.18 6.0
2.84 4.94 8.24 6.18
2.8 4.36 8.58 5.94
2.82 4.58 8.84 6.42
2.84 4.7 8.56 6.26
2.86 4.16 9.38 6.54
2.74 4.58 9.6 7.18
2.88 5.08 8.32 6.4
2.82 3.8 9.12 5.92
2.88 5.48 7.52 6.0
2.86 4.38 8.62 6.0
2.84 4.68 9.0 6.68
2.8 4.9 8.46 6.36
2.78 3.88 8.88 5.76
2.88 4.48 9.24 6.72
2.82 4.4 9.3 6.7
2.9 4.98 8.54 6.52
2.8 4.94 8.66 6.6
2.88 4.32 9.42 6.74
2.88 4.28 9.1 6.38
2.88 4.5 8.68 6.18
2.84 5.36 7.78 6.14
2.74 4.18 9.12 6.3
2.92 4.68 8.5 6.18
2.86 4.94 8.56 6.5
2.96 5.26 7.9 6.16
2.8 5.3 7.68 5.98
2.88 5.08 8.16 6.24
2.8 3.9 9.36 6.26
2.88 4.58 9.34 6.92
2.88 4.28 8.8 6.08
2.84 4.3 8.68 5.98
2.78 4.62 8.84 6.46
2.8 4.16 9.28 6.44
2.82 5.16 7.94 6.1
2.86 3.9 9.96 6.86
2.86 4.52 8.2 5.72
2.74 4.32 9.16 6.48
2.86 4.12 8.96 6.08
2.78 4.74 9.12 6.86
2.88 3.7 9.84 6.54
2.86 3.88 9.0 5.88
2.8 4.82 9.52 7.34
2.9 4.92 8.26 6.18
2.82 3.7 9.98 6.68
2.9 3.86 9.2 6.06
2.78 4.5 8.98 6.48
2.84 5.06 7.78 5.84
2.86 5.26 8.12 6.38
2.84 5.14 8.58 6.72
2.86 4.24 9.16 6.4
2.88 4.84 7.84 5.68
2.88 4.18 8.54 5.72
2.72 3.48 9.74 6.22
2.9 4.82 8.46 6.28
2.86 4.64 8.28 5.92
2.86 5.18 8.68 6.86
2.86 4.64 8.26 5.9
2.88 4.84 8.28 6.12
2.78 4.44 9.26 6.7
2.8 4.34 8.6 5.94
2.84 3.74 9.94 6.68
2.84 4.26 8.78 6.04
2.88 4.2 9.02 6.22
2.8 4.66 8.76 6.42
2.9 5.64 7.46 6.1
2.84 4.12 9.38 6.5
2.82 4.72 9.02 6.74
2.78 4.04 9.4 6.44
2.8 4.06 9.66 6.72
2.78 4.58 8.68 6.26
2.82 5.0 7.78 5.78
2.8 3.6 10.14 6.74
2.74 4.28 9.44 6.72
2.8 4.16 10.08 7.24
2.82 4.22 9.08 6.3
2.88 5.0 8.02 6.02
2.86 4.36 8.42 5.78
2.84 3.66 9.84 6.5
2.82 3.98 9.18 6.16
2.86 4.4 8.3 5.7
2.76 3.36 9.48 5.84
2.86 4.96 8.02 5.98
2.68 3.66 9.86 6.52
2.9 4.5 7.88 5.38
2.86 4.1 9.4 6.5
2.88 5.48 7.74 6.22
2.92 3.62 9.66 6.28
2.8 4.64 8.56 6.2
2.86 4.08 9.04 6.12
2.76 4.24 10.22 7.46
2.86 4.22 9.4 6.62
2.86 3.92 9.7 6.62
2.9 4.6 8.82 6.42
2.78 4.88 8.06 5.94
2.82 5.26 8.0 6.26
2.84 4.08 9.1 6.18
2.78 4.0 9.74 6.74
2.94 4.38 8.66 6.04
2.84 4.84 8.34 6.18
2.8 4.5 8.08 5.58
2.86 4.48 8.86 6.34
2.84 4.7 8.82 6.52
2.9 4.78 8.6 6.38
2.76 4.64 8.26 5.9
2.72 4.48 9.36 6.84
2.72 4.7 8.8 6.5
2.72 4.76 8.94 6.7
2.8 3.94 9.82 6.76
2.82 4.24 9.58 6.82
2.84 4.58 9.66 7.24
2.84 4.68 9.26 6.94
2.86 4.28 9.42 6.7
2.86 3.72 9.06 5.78
2.8 4.24 8.56 5.8
2.86 3.7 9.4 6.1
2.78 4.48 9.68 7.16
2.84 5.14 8.54 6.68
2.76 4.22 9.34 6.56
2.8 4.46 8.92 6.38
2.86 3.68 10.02 6.7
2.76 3.52 9.58 6.1
2.94 4.18 8.8 5.98
2.78 4.44 8.66 6.1
2.7 3.52 10.02 6.54
2.8 4.38 9.02 6.4
2.8 4.54 9.1 6.64
2.82 4.48 8.3 5.78
2.78 4.56 8.64 6.2
2.86 4.08 9.16 6.24
2.76 4.74 8.62 6.36
2.76 3.98 9.7 6.68
2.8 3.84 9.3 6.14
2.8 3.7 9.76 6.46
2.78 3.48 9.7 6.18
2.82 4.0 9.36 6.36
2.8 3.62 10.44 7.06
2.9 4.66 8.68 6.34
2.8 4.44 8.8 6.24
2.86 3.9 9.08 5.98
2.64 3.96 9.58 6.54
2.82 3.9 9.44 6.34
2.76 4.14 9.24 6.38
2.88 4.6 8.22 5.82
2.8 4.42 9.54 6.96
2.9 4.88 8.88 6.76
2.78 4.88 8.5 6.38
2.76 4.4 8.7 6.1
2.86 4.68 8.7 6.38
2.78 3.94 10.1 7.04
2.88 3.76 9.8 6.56
2.74 4.48 8.72 6.2
2.96 4.58 8.7 6.28
2.9 5.26 7.76 6.02
2.7 3.82 9.26 6.08
2.86 4.56 7.88 5.44
2.8 3.88 9.38 6.26
2.86 4.94 8.42 6.36
2.8 4.88 8.5 6.38
2.96 5.32 7.7 6.02
2.78 4.56 8.28 5.84
2.86 5.0 8.66 6.66
2.84 4.26 8.94 6.2
2.78 4.06 9.48 6.54
2.94 4.72 8.12 5.84
2.88 4.14 9.18 6.32
2.94 5.88 6.52 5.4
2.78 3.7 9.42 6.12
2.84 4.62 8.64 6.26
2.82 4.62 8.3 5.92
2.84 4.02 9.62 6.64
2.86 4.46 8.28 5.74
2.78 4.42 9.74 7.16
2.82 4.18 8.98 6.16
2.84 5.3 7.86 6.16
2.86 3.88 9.56 6.44
2.76 4.48 9.24 6.72
2.8 3.98 9.3 6.28
2.86 3.76 9.48 6.24
2.86 4.68 8.2 5.88
2.82 4.08 9.96 7.04
2.84 4.14 9.32 6.46
2.88 4.58 9.36 6.94
2.88 3.98 9.56 6.54
3.0 5.32 8.0 6.32
2.84 5.12 8.1 6.22
2.9 4.36 8.96 6.32
2.8 3.92 9.0 5.92
2.82 4.64 8.6 6.24
2.74 4.44 9.4 6.84
2.78 3.6 10.1 6.7
2.84 4.32 9.18 6.5
2.78 3.32 10.4 6.72
2.82 5.34 8.16 6.5
2.78 3.68 9.94 6.62
2.84 3.78 9.68 6.46
2.94 4.78 8.32 6.1
2.76 4.1 9.7 6.8
2.76 4.92 8.5 6.42
2.86 4.32 8.74 6.06
2.8 4.14 10.0 7.14
2.94 5.52 8.34 6.86
2.86 4.08 9.16 6.24
2.74 5.2 8.18 6.38
2.96 5.28 7.08 5.36
2.84 5.04 8.66 6.7
2.84 3.66 9.62 6.28
2.8 4.02 9.62 6.64
2.84 5.48 8.68 7.16
2.9 4.56 8.44 6.0
2.84 4.02 8.96 5.98
2.8 4.16 8.82 5.98
2.72 4.24 9.06 6.3
2.96 5.22 7.74 5.96
2.8 4.46 9.22 6.68
2.92 4.82 8.5 6.32
2.8 4.84 8.5 6.34
2.82 3.86 9.14 6.0
2.8 4.36 8.36 5.72
2.88 4.54 9.0 6.54
2.84 4.42 8.54 5.96
2.78 4.5 8.62 6.12
2.82 4.32 9.7 7.02
2.86 4.98 7.72 5.7
2.86 5.12 8.7 6.82
2.76 4.42 8.74 6.16
2.78 4.78 9.08 6.86
2.74 4.88 8.38 6.26
2.76 4.46 9.32 6.78
2.9 4.8 9.0 6.8
2.84 4.44 9.36 6.8
2.84 4.72 8.26 5.98
2.9 5.14 7.64 5.78
2.9 4.62 9.04 6.66
2.92 4.64 7.98 5.62
2.86 4.4 8.94 6.34
2.9 3.98 9.62 6.6
2.92 4.62 8.56 6.18
2.88 5.08 8.96 7.04
2.68 3.84 9.4 6.24
2.82 5.18 7.92 6.1
2.86 5.26 7.98 6.24
2.92 4.66 8.72 6.38
2.8 4.36 9.04 6.4
2.88 3.48 9.6 6.08
2.84 4.88 8.96 6.84
2.7 4.5 8.26 5.76
2.72 4.9 9.2 7.1
2.92 5.14 8.24 6.38
2.88 4.14 9.58 6.72
2.8 3.92 9.88 6.8
2.84 5.46 7.72 6.18
2.86 5.1 8.36 6.46
2.84 4.64 8.76 6.4
2.82 5.02 7.92 5.94
2.92 4.74 8.56 6.3
2.92 5.2 8.12 6.32
2.8 4.24 9.38 6.62
2.86 5.2 8.12 6.32
2.82 4.78 8.42 6.2
2.82 4.78 8.34 6.12
2.8 4.9 8.8 6.7
2.82 4.16 9.24 6.4
2.94 5.4 7.7 6.1
2.8 3.98 9.22 6.2
2.78 4.5 8.88 6.38
2.9 4.76 7.76 5.52
2.82 4.28 9.18 6.46
2.92 4.78 8.46 6.24
2.8 4.34 9.42 6.76
2.82 4.34 8.8 6.14
2.88 4.46 9.38 6.84
2.78 4.8 8.66 6.46
2.84 4.02 9.8 6.82
2.88 4.66 8.6 6.26
2.9 4.92 7.8 5.72
2.86 4.96 8.98 6.94
2.9 4.58 7.9 5.48
2.92 5.58 8.26 6.84
2.88 4.36 9.08 6.44
2.92 5.34 7.8 6.14
2.94 4.72 8.32 6.04
2.88 4.72 8.42 6.14
2.9 5.18 7.8 5.98
2.82 4.36 8.9 6.26
2.88 3.72 9.68 6.4
2.82 4.22 10.02 7.24
2.82 4.28 8.78 6.06
2.86 4.36 9.16 6.52
2.92 5.0 7.9 5.9
2.78 4.18 8.66 5.84
2.8 4.5 8.12 5.62
2.76 4.62 8.92 6.54
2.8 4.62 9.16 6.78
2.92 5.3 8.48 6.78
2.86 4.18 9.2 6.38
2.68 3.8 9.52 6.32
2.86 5.3 8.64 6.94
2.78 4.58 8.44 6.02
2.72 4.08 9.48 6.56
2.88 5.12 7.96 6.08
2.8 4.74 9.0 6.74
2.88 4.5 9.26 6.76
2.86 4.08 8.78 5.86
2.7 4.04 9.46 6.5
2.84 4.14 9.26 6.4
2.8 4.34 9.08 6.42
2.78 3.66 9.66 6.32
2.82 4.42 8.38 5.8
2.86 4.5 8.48 5.98
2.8 3.78 9.36 6.14
2.8 5.18 7.62 5.8
2.9 4.02 9.58 6.6
2.84 4.64 9.32 6.96
2.84 4.78 8.76 6.54
2.86 4.14 9.24 6.38
2.86 4.68 9.38 7.06
2.9 4.14 9.02 6.16
2.9 4.88 8.84 6.72
2.78 4.48 8.68 6.16
2.82 4.6 8.9 6.5
2.8 3.82 9.46 6.28
2.88 5.84 7.98 6.82
2.8 4.46 8.88 6.34
2.8 4.36 9.6 6.96
2.7 3.94 9.8 6.74
2.78 4.58 8.8 6.38
2.82 4.54 8.78 6.32
2.88 5.7 8.94 7.64
2.9 5.0 7.98 5.98
2.78 4.92 8.74 6.66
2.82 4.42 9.04 6.46
2.82 4.96 8.46 6.42
2.94 4.9 8.14 6.04
2.74 4.18 9.78 6.96
2.78 3.9 8.78 5.68
2.76 5.38 8.46 6.84
2.9 4.7 8.34 6.04
2.74 4.34 9.64 6.98
2.8 4.84 8.4 6.24
2.78 3.9 9.76 6.66
2.9 4.16 8.76 5.92
2.86 4.0 9.12 6.12
2.88 4.68 8.28 5.96
2.9 4.64 8.68 6.32
2.8 4.52 8.24 5.76
2.84 4.62 8.4 6.02
2.86 4.32 9.94 7.26
2.92 5.42 8.2 6.62
2.8 4.12 9.12 6.24
2.72 4.4 9.38 6.78
2.9 4.96 8.84 6.8
2.88 4.62 8.42 6.04
2.84 4.64 8.8 6.44
2.82 4.54 9.24 6.78
2.84 4.38 8.9 6.28
2.92 4.68 8.7 6.38
2.78 3.92 9.18 6.1
2.94 4.04 10.0 7.04
2.78 4.48 8.86 6.34
2.9 4.78 8.52 6.3
2.76 4.88 8.38 6.26
2.82 4.92 7.86 5.78
2.8 3.92 9.6 6.52
2.86 3.74 9.52 6.26
2.94 5.12 8.06 6.18
2.74 4.12 8.92 6.04
2.82 4.8 9.38 7.18
2.92 4.6 8.6 6.2
2.82 4.66 9.22 6.88
2.74 3.62 9.56 6.18
2.9 4.78 8.3 6.08
2.84 4.42 9.28 6.7
2.78 3.86 9.5 6.36
2.9 4.98 7.42 5.4
2.8 4.18 8.86 6.04
2.86 4.42 8.24 5.66
2.92 4.18 9.26 6.44
2.88 4.62 8.44 6.06
2.78 4.36 8.76 6.12
2.9 3.6 10.3 6.9
2.9 4.3 9.4 6.7
2.96 5.12 7.88 6.0
2.82 4.24 9.04 6.28
2.84 4.42 8.62 6.04
2.94 3.8 9.58 6.38
2.9 5.28 8.06 6.34
2.82 4.24 9.42 6.66
2.86 4.56 8.54 6.1
2.84 4.32 8.96 6.28
2.88 4.4 9.14 6.54
2.84 4.78 7.78 5.56
2.86 4.24 8.8 6.04
2.84 4.34 9.04 6.38
2.84 4.14 9.6 6.74
2.82 4.26 9.38 6.64
2.84 4.48 8.34 5.82
2.92 4.94 8.22 6.16
2.88 4.64 8.7 6.34
2.82 4.2 9.44 6.64
2.72 4.18 9.5 6.68
2.86 3.9 9.48 6.38
2.78 4.0 9.14 6.14
2.88 4.06 8.84 5.9
2.92 4.9 8.12 6.02
2.88 4.44 8.86 6.3
2.84 4.72 8.64 6.36
2.76 3.56 10.72 7.28
2.88 5.12 8.42 6.54
2.86 4.96 8.64 6.6
2.94 5.14 8.28 6.42
2.92 4.66 7.94 5.6
2.84 3.32 9.7 6.02
2.84 4.18 8.48 5.66
2.88 4.6 8.64 6.24
2.86 4.96 8.14 6.1
2.76 4.82 8.58 6.4
2.8 4.16 9.16 6.32
2.92 4.54 8.72 6.26
2.88 4.98 8.52 6.5
2.84 4.62 8.54 6.16
2.88 4.24 8.94 6.18
2.68 3.82 10.38 7.2
2.82 4.7 9.34 7.04
2.86 5.02 8.2 6.22
2.8 4.12 8.7 5.82
2.84 4.32 8.82 6.14
2.84 4.9 8.76 6.66
2.9 4.6 8.52 6.12
2.88 4.98 8.04 6.02
2.84 4.4 8.68 6.08
2.82 4.38 8.22 5.6
2.88 4.62 8.7 6.32
2.82 4.34 9.22 6.56
2.82 4.4 8.82 6.22
2.82 4.42 9.4 6.82
2.82 4.14 8.8 5.94
2.76 4.82 9.36 7.18
2.82 4.5 8.82 6.32
2.9 4.66 9.1 6.76
2.84 4.12 8.8 5.92
2.86 4.5 8.62 6.12
2.84 5.14 8.14 6.28
2.84 4.18 9.2 6.38
2.82 4.4 9.04 6.44
2.8 4.16 9.74 6.9
2.88 4.68 8.2 5.88
2.82 3.82 9.38 6.2
2.74 4.0 9.02 6.02
2.82 4.16 9.46 6.62
2.82 5.3 7.64 5.94
2.82 4.08 9.96 7.04
2.82 4.96 8.42 6.38
2.8 4.02 8.94 5.96
2.94 4.88 8.9 6.78
2.78 4.54 9.0 6.54
2.86 4.96 8.56 6.52
2.82 4.76 9.02 6.78
2.9 4.9 8.68 6.58
2.8 4.32 9.6 6.92
2.88 4.2 9.04 6.24
2.94 4.46 8.56 6.02
2.9 4.88 7.92 5.8
2.86 4.54 9.4 6.94
2.86 4.72 8.96 6.68
2.86 4.06 8.74 5.8
2.74 4.52 9.5 7.02
2.88 4.8 8.18 5.98
2.82 5.02 8.12 6.14
2.7 3.64 9.8 6.44
2.8 4.64 8.24 5.88
2.92 4.92 8.44 6.36
2.78 3.74 9.92 6.66
2.84 4.92 7.9 5.82
2.86 4.3 9.1 6.4
2.76 4.28 9.14 6.42
2.7 4.3 9.24 6.54
2.86 4.34 9.52 6.86
2.96 4.78 8.9 6.68
2.86 4.42 8.98 6.4
2.84 4.98 8.02 6.0
2.92 4.72 7.96 5.68
2.74 4.16 8.98 6.14
2.82 4.4 8.92 6.32
2.9 4.56 9.2 6.76
2.78 3.58 10.34 6.92
2.84 4.18 9.42 6.6
2.92 4.44 8.62 6.06
2.96 5.58 7.26 5.84
2.9 4.82 8.32 6.14
2.88 4.4 8.76 6.16
2.76 4.36 9.16 6.52
2.86 4.66 8.32 5.98
2.86 4.9 8.68 6.58
2.86 4.84 8.44 6.28
2.96 4.48 8.74 6.22
2.78 4.46 8.96 6.42
2.82 4.34 8.38 5.72
2.88 4.36 9.56 6.92
2.88 4.5 8.8 6.3
2.78 4.6 8.14 5.74
2.76 4.18 9.28 6.46
2.88 4.12 8.76 5.88
2.82 4.08 9.04 6.12
2.84 4.76 8.94 6.7
2.86 3.96 9.26 6.22
2.68 4.58 9.18 6.76
2.96 5.44 8.1 6.54
2.76 4.36 8.56 5.92
2.92 4.68 8.2 5.88
2.7 4.08 9.62 6.7
2.8 4.14 8.8 5.94
2.82 4.16 9.26 6.42
2.86 4.66 8.7 6.36
2.82 4.96 8.86 6.82
2.82 5.56 7.72 6.28
2.82 4.78 8.48 6.26
2.88 5.2 8.18 6.38
2.82 3.94 9.4 6.34
2.82 5.1 7.76 5.86
2.9 5.16 7.9 6.06
2.94 5.58 7.72 6.3
2.8 4.16 9.34 6.5
2.84 5.18 8.46 6.64
2.82 4.42 9.16 6.58
2.96 4.76 8.74 6.5
2.9 4.82 8.3 6.12
2.84 3.98 9.42 6.4
2.8 3.78 9.26 6.04
2.9 4.48 8.54 6.02
2.76 3.7 9.94 6.64
2.86 3.9 9.54 6.44
2.92 4.78 8.32 6.1
2.8 3.92 9.36 6.28
2.82 4.66 8.5 6.16
2.76 3.88 9.4 6.28
2.92 5.22 8.22 6.44
2.76 3.72 9.48 6.2
2.78 3.72 9.28 6.0
2.88 4.8 8.54 6.34
2.82 4.62 8.86 6.48
2.84 4.14 8.94 6.08
2.9 5.16 7.9 6.06
2.92 5.06 8.7 6.76
2.88 5.12 7.86 5.98
2.8 4.28 8.6 5.88
2.9 4.48 8.4 5.88
2.88 3.9 8.94 5.84
2.76 3.94 9.82 6.76
2.92 5.0 8.7 6.7
2.82 4.8 8.58 6.38
2.88 3.9 9.24 6.14
2.82 5.1 7.74 5.84
2.82 4.2 9.3 6.5
2.88 4.94 8.12 6.06
2.7 3.82 9.54 6.36
2.86 5.0 8.16 6.16
2.88 5.12 8.0 6.12
2.86 4.64 7.94 5.58
2.9 4.98 8.34 6.32
2.92 4.24 8.76 6.0
2.8 5.1 8.42 6.52
2.9 4.94 8.24 6.18
2.82 4.14 8.68 5.82
2.86 3.2 9.94 6.14
2.84 4.26 8.1 5.36
2.92 4.24 9.2 6.44
2.84 4.42 9.26 6.68
2.88 4.92 8.78 6.7
2.72 4.34 8.9 6.24
2.86 4.9 8.48 6.38
2.76 4.24 9.1 6.34
2.92 4.66 8.72 6.38
2.82 5.16 8.84 7.0
2.86 4.62 9.26 6.88
2.92 4.9 8.54 6.44
2.86 4.98 7.78 5.76
2.82 3.88 8.9 5.78
2.84 4.02 9.5 6.52
2.84 4.82 8.5 6.32
2.96 5.32 8.26 6.58
2.82 4.76 8.72 6.48
2.84 3.9 9.06 5.96
2.86 4.1 9.28 6.38
2.82 5.24 8.34 6.58
2.62 3.82 9.98 6.8
2.96 4.66 8.78 6.44
2.92 4.46 8.22 5.68
2.68 3.86 9.56 6.42
2.82 4.86 8.3 6.16
2.82 4.3 9.02 6.32
2.86 4.38 8.68 6.06
2.84 4.58 9.1 6.68
2.74 4.78 8.4 6.18
2.86 5.32 8.08 6.4
2.84 4.32 8.42 5.74
2.8 3.88 9.26 6.14
2.8 4.16 9.0 6.16
2.8 4.7 8.68 6.38
2.88 3.6 9.86 6.46
2.86 4.56 8.88 6.44
2.86 4.22 8.88 6.1
2.88 4.34 8.72 6.06
2.82 4.62 8.62 6.24
2.88 4.34 8.32 5.66
2.84 4.16 9.22 6.38
2.92 4.6 8.64 6.24
2.82 4.66 8.86 6.52
2.86 5.08 7.76 5.84
2.8 3.9 9.46 6.36
2.76 4.02 9.24 6.26
2.76 4.2 9.36 6.56
2.84 4.6 8.5 6.1
2.84 4.22 9.5 6.72
2.82 4.5 8.84 6.34
2.92 5.24 7.92 6.16
2.92 4.52 8.26 5.78
2.98 5.0 7.98 5.98
2.86 5.3 7.6 5.9
2.94 3.92 8.96 5.88
2.82 5.06 9.26 7.32
2.7 3.6 9.7 6.3
2.84 4.46 8.38 5.84
2.92 5.2 8.76 6.96
2.7 4.2 9.18 6.38
2.78 4.48 8.76 6.24
2.9 4.56 8.42 5.98
2.82 3.74 9.02 5.76
2.86 5.42 8.24 6.66
2.9 5.34 8.3 6.64
2.8 5.06 7.98 6.04
2.82 5.06 8.02 6.08
2.64 3.44 10.08 6.52
2.96 4.54 8.04 5.58
2.84 4.7 8.86 6.56
2.8 3.6 9.96 6.56
2.9 4.7 8.5 6.2
2.88 5.28 7.88 6.16
2.86 4.52 9.46 6.98
2.94 4.72 8.88 6.6
2.84 4.26 9.22 6.48
2.86 5.4 8.42 6.82
2.84 4.1 9.46 6.56
2.96 4.74 8.36 6.1
2.94 4.86 7.54 5.4
2.76 4.52 8.76 6.28
2.84 4.48 8.72 6.2
2.92 4.86 8.18 6.04
2.88 5.1 8.18 6.28
2.84 4.46 9.52 6.98
2.88 4.62 8.62 6.24
2.82 5.02 8.34 6.36
2.8 4.34 8.14 5.48
2.88 5.2 7.8 6.0
2.88 5.08 8.04 6.12
2.94 5.54 7.96 6.5
2.86 5.0 8.96 6.96
2.82 4.74 9.02 6.76
2.88 4.64 8.28 5.92
2.86 4.38 8.54 5.92
2.86 4.9 8.72 6.62
2.8 4.64 9.26 6.9
2.86 4.26 9.22 6.48
2.82 4.3 9.24 6.54
2.92 4.44 9.32 6.76
2.84 4.64 8.58 6.22
2.88 4.56 8.82 6.38
2.82 4.0 9.52 6.52
2.88 4.56 8.22 5.78
2.9 4.62 9.04 6.66
2.84 4.26 9.28 6.54
2.82 5.04 8.4 6.44
2.82 4.68 8.7 6.38
2.82 3.94 9.06 6.0
2.84 4.56 8.52 6.08
2.72 3.88 9.64 6.52
2.92 5.04 7.78 5.82
2.8 4.22 9.16 6.38
2.8 3.98 10.08 7.06
2.84 4.68 9.0 6.68
2.88 4.34 9.22 6.56
2.8 3.68 9.4 6.08
2.8 4.82 8.84 6.66
2.68 3.88 9.58 6.46
2.84 4.3 8.88 6.18
2.76 3.68 9.94 6.62
2.82 3.82 9.66 6.48
2.88 4.66 9.04 6.7
2.86 4.26 9.06 6.32
2.82 4.1 9.16 6.26
2.84 5.5 8.28 6.78
2.92 4.58 8.34 5.92
2.9 5.14 8.0 6.14
2.84 4.02 9.18 6.2
2.84 4.78 8.22 6.0
2.8 4.6 8.62 6.22
2.78 5.44 7.74 6.18
2.82 3.46 9.82 6.28
2.86 4.72 8.58 6.3
2.88 4.62 8.94 6.56
2.8 4.3 8.66 5.96
2.82 4.68 8.5 6.18
2.78 3.84 9.26 6.1
2.94 4.46 8.46 5.92
2.84 4.78 7.52 5.3
2.94 4.98 8.52 6.5
2.86 4.7 9.58 7.28
2.88 5.62 8.22 6.84
2.96 3.92 9.46 6.38
2.8 4.42 9.1 6.52
2.92 4.94 8.28 6.22
2.9 4.72 8.76 6.48
2.88 4.66 8.62 6.28
2.88 4.72 8.52 6.24
2.8 4.4 8.92 6.32
2.84 5.14 8.44 6.58
2.82 5.24 7.78 6.02
2.88 4.62 8.0 5.62
2.84 4.06 8.88 5.94
2.8 4.3 9.32 6.62
2.88 4.02 8.84 5.86
2.88 5.18 8.48 6.66
2.88 4.42 8.58 6.0
2.88 4.5 8.72 6.22
2.86 3.92 10.1 7.02
2.92 4.78 9.1 6.88
2.84 4.5 8.7 6.2
2.88 4.54 8.38 5.92
2.82 4.18 8.9 6.08
2.9 4.48 8.06 5.54
2.96 4.44 9.26 6.7
2.88 4.48 8.66 6.14
2.86 5.04 8.54 6.58
2.76 4.76 8.76 6.52
2.86 4.1 9.18 6.28
2.76 3.94 9.14 6.08
2.88 4.92 8.02 5.94
2.86 3.96 9.44 6.4
2.76 4.38 9.12 6.5
2.7 4.14 8.82 5.96
2.86 3.84 9.36 6.2
2.78 4.5 8.88 6.38
2.86 4.52 9.18 6.7
2.82 5.08 7.6 5.68
2.84 3.34 10.2 6.54
2.78 4.88 9.48 7.36
2.82 5.76 7.44 6.2
2.74 5.04 9.08 7.12
2.84 4.08 9.54 6.62
2.76 4.16 9.12 6.28
2.88 4.74 8.36 6.1
2.8 4.62 8.48 6.1
2.8 4.14 9.04 6.18
2.88 4.94 7.94 5.88
2.9 4.3 8.62 5.92
2.86 4.76 9.16 6.92
2.88 4.28 9.44 6.72
2.88 4.1 9.62 6.72
2.8 4.5 9.26 6.76
2.84 4.84 8.22 6.06
2.72 4.12 9.74 6.86
2.88 4.32 8.88 6.2
2.78 4.1 9.32 6.42
2.84 4.22 9.54 6.76
2.94 4.6 9.0 6.6
2.9 4.96 8.62 6.58
2.84 4.1 8.74 5.84
2.82 5.12 9.28 7.4
2.92 4.94 8.06 6.0
2.82 4.3 9.34 6.64
2.88 4.5 8.66 6.16
2.88 4.46 9.36 6.82
2.88 4.6 9.2 6.8
2.8 4.56 8.3 5.86
2.8 4.22 9.44 6.66
2.86 5.04 8.26 6.3
2.94 5.22 7.76 5.98
2.8 4.14 8.88 6.02
2.94 5.5 7.46 5.96
2.78 3.96 9.62 6.58
2.88 4.56 8.62 6.18
2.84 4.02 9.2 6.22
2.86 4.86 8.92 6.78
2.88 3.92 9.34 6.26
2.86 4.08 9.12 6.2
2.86 5.0 8.64 6.64
2.9 4.76 8.7 6.46
2.86 5.18 8.72 6.9
2.88 5.08 7.42 5.5
2.92 4.82 8.46 6.28
2.88 4.52 8.6 6.12
2.84 4.32 9.0 6.32
2.9 3.78 9.34 6.12
2.78 4.04 9.06 6.1
2.88 3.84 9.4 6.24
2.9 4.38 9.4 6.78
2.8 4.98 8.32 6.3
2.86 4.16 8.98 6.14
2.84 4.34 8.74 6.08
2.84 4.26 9.68 6.94
2.78 3.96 9.54 6.5
2.86 4.98 8.04 6.02
2.8 4.78 9.0 6.78
2.86 4.8 8.96 6.76
2.92 4.68 8.6 6.28
2.78 4.0 9.52 6.52
2.8 4.74 8.84 6.58
2.84 4.72 8.86 6.58
2.9 4.68 8.72 6.4
2.92 5.46 7.62 6.08
2.84 5.12 7.68 5.8
2.84 4.5 8.06 5.56
2.92 4.84 8.16 6.0
2.9 4.76 8.3 6.06
2.88 4.42 8.8 6.22
2.86 5.02 7.52 5.54
2.82 4.1 9.32 6.42
2.88 4.92 7.8 5.72
2.76 4.64 8.62 6.26
2.82 4.26 9.42 6.68
2.78 4.14 9.4 6.54
2.82 5.64 7.94 6.58
2.8 4.74 8.88 6.62
2.94 4.78 8.48 6.26
2.8 4.42 8.98 6.4
2.88 4.7 7.96 5.66
2.78 3.86 9.72 6.58
2.84 4.26 8.76 6.02
2.84 5.18 8.3 6.48
2.86 4.5 9.06 6.56
2.96 5.54 7.64 6.18
2.86 4.08 9.38 6.46
2.88 4.92 8.2 6.12
2.92 4.78 7.88 5.66
2.7 3.48 9.46 5.94
2.78 4.22 9.7 6.92
2.9 4.36 9.22 6.58
2.86 5.38 7.14 5.52
2.86 4.66 8.6 6.26
2.92 4.74 8.1 5.84
2.7 3.92 9.86 6.78
2.8 4.34 8.66 6.0
2.84 3.7 9.92 6.62
2.84 4.1 8.52 5.62
2.84 4.58 8.2 5.78
2.94 4.88 8.36 6.24
2.88 4.08 8.9 5.98
2.8 4.26 9.08 6.34
2.94 4.72 8.68 6.4
2.9 4.92 8.24 6.16
2.92 4.54 8.92 6.46
2.72 3.96 9.02 5.98
2.76 4.64 9.26 6.9
2.76 4.68 8.24 5.92
2.86 5.4 8.72 7.12
2.82 4.04 9.68 6.72
2.86 4.1 9.08 6.18
2.78 4.6 8.82 6.42
2.92 5.24 8.54 6.78
2.9 4.84 8.1 5.94
2.92 4.44 9.2 6.64
2.94 5.04 8.22 6.26
2.72 4.74 8.98 6.72
2.94 4.86 8.18 6.04
2.88 5.04 8.54 6.58
2.92 4.88 7.82 5.7
2.76 4.12 9.92 7.04
2.9 3.9 9.3 6.2
2.7 4.72 8.72 6.44
2.86 5.0 8.48 6.48
2.84 4.04 8.66 5.7
2.82 4.16 9.38 6.54
2.88 4.26 9.4 6.66
2.84 4.6 8.94 6.54
2.82 4.36 8.82 6.18
2.9 4.96 8.12 6.08
2.9 5.38 7.66 6.04
2.78 3.56 9.9 6.46
2.96 4.9 7.8 5.7
2.9 4.78 8.62 6.4
2.94 4.44 8.56 6.0
2.9 5.34 7.76 6.1
2.86 3.9 9.78 6.68
2.92 4.62 8.36 5.98
2.82 3.56 9.38 5.94
2.86 4.46 9.1 6.56
2.86 5.38 7.78 6.16
2.88 4.76 8.52 6.28
2.9 5.54 7.6 6.14
2.92 5.08 8.08 6.16
2.82 4.16 10.04 7.2
2.9 4.56 9.14 6.7
2.94 4.82 8.28 6.1
2.9 3.68 9.64 6.32
2.84 5.24 8.04 6.28
2.86 4.82 8.5 6.32
2.78 4.68 8.7 6.38
2.86 5.38 8.2 6.58
2.84 4.58 9.0 6.58
2.82 4.26 8.96 6.22
2.8 5.36 7.7 6.06
2.84 4.48 9.28 6.76
2.84 4.24 8.6 5.84
2.78 4.26 9.44 6.7
2.82 4.54 8.42 5.96
2.86 4.04 8.94 5.98
2.82 4.6 9.26 6.86
2.88 4.32 9.48 6.8
2.8 4.08 9.24 6.32
2.8 3.66 9.92 6.58
2.86 4.98 8.46 6.44
2.9 4.64 8.36 6.0
2.84 3.88 9.48 6.36
2.78 4.1 9.58 6.68
2.9 4.04 9.62 6.66
2.82 4.54 9.08 6.62
2.8 3.82 8.98 5.8
2.8 4.12 8.82 5.94
2.9 3.9 9.58 6.48
2.74 4.14 9.2 6.34
2.86 4.64 8.7 6.34
2.94 4.62 7.78 5.4
2.88 3.54 9.4 5.94
2.92 5.54 7.06 5.6
2.9 4.62 8.58 6.2
2.86 4.68 8.48 6.16
2.82 4.72 8.84 6.56
2.78 4.58 8.44 6.02
2.9 6.0 7.82 6.82
2.86 4.74 8.18 5.92
2.7 4.46 8.94 6.4
2.8 4.18 9.02 6.2
2.84 4.46 8.78 6.24
2.8 5.02 7.86 5.88
2.82 5.62 7.76 6.38
2.92 4.7 8.06 5.76
2.84 4.34 8.78 6.12
2.9 5.3 8.14 6.44
2.74 4.74 8.6 6.34
2.9 4.52 8.86 6.38
2.88 4.82 8.26 6.08
2.8 4.3 9.14 6.44
2.88 3.9 9.48 6.38
2.84 4.48 9.12 6.6
2.8 4.14 9.06 6.2
2.84 4.36 8.6 5.96
2.82 4.38 8.5 5.88
2.78 4.16 8.64 5.8
2.82 3.92 9.66 6.58
2.88 4.2 8.88 6.08
2.92 5.8 7.86 6.66
2.88 4.52 9.32 6.84
2.84 4.76 8.12 5.88
2.9 4.48 9.02 6.5
2.94 4.7 8.12 5.82
2.84 4.18 9.24 6.42
2.88 4.64 8.26 5.9
2.86 3.92 9.4 6.32
2.9 4.42 8.72 6.14
2.82 4.88 8.36 6.24
2.82 3.68 9.72 6.4
2.88 4.62 8.7 6.32
2.74 4.02 9.98 7.0
2.82 5.16 8.2 6.36
2.84 4.3 8.82 6.12
2.9 5.58 7.98 6.56
2.84 4.96 8.5 6.46
2.86 5.02 8.8 6.82
2.86 4.6 8.52 6.12
2.86 4.62 8.62 6.24
2.84 4.06 9.52 6.58
2.86 4.1 9.66 6.76
2.76 3.68 10.28 6.96
2.84 5.02 8.46 6.48
2.9 5.18 7.84 6.02
2.78 4.22 8.98 6.2
2.86 5.08 8.18 6.26
2.96 5.1 8.18 6.28
2.84 5.3 8.1 6.4
2.84 4.96 7.74 5.7
2.88 4.24 9.08 6.32
2.82 4.02 8.38 5.4
2.82 4.48 8.32 5.8
2.88 3.8 9.36 6.16
2.78 3.82 9.74 6.56
2.92 5.22 8.02 6.24
2.9 3.94 9.44 6.38
2.86 3.94 9.96 6.9
2.78 3.96 9.36 6.32
2.76 4.54 8.86 6.4
2.82 4.34 9.14 6.48
2.88 4.36 8.7 6.06
2.9 4.34 8.9 6.24
2.88 4.86 7.84 5.7
2.86 4.04 9.46 6.5
2.9 5.24 7.8 6.04
2.9 5.04 8.16 6.2
2.84 4.96 8.48 6.44
2.84 4.2 8.98 6.18
2.8 4.6 8.4 6.0
2.8 3.72 9.46 6.18
2.9 4.94 8.5 6.44
2.88 4.26 8.52 5.78
2.74 4.3 8.92 6.22
2.7 4.14 9.64 6.78
2.88 4.5 8.56 6.06
2.92 4.68 8.7 6.38
2.88 4.48 8.3 5.78
2.82 5.34 8.6 6.94
2.84 3.6 10.02 6.62
2.78 4.26 9.22 6.48
2.8 4.44 9.06 6.5
2.8 3.22 10.12 6.34
2.86 4.42 8.82 6.24
2.84 5.96 8.02 6.98
2.82 4.1 9.04 6.14
2.92 4.36 8.08 5.44
2.86 5.22 8.08 6.3
2.9 4.72 8.6 6.32
2.82 4.0 8.88 5.88
2.7 4.08 9.22 6.3
2.74 3.98 9.34 6.32
2.9 4.98 7.78 5.76
2.9 4.2 8.84 6.04
2.82 4.38 8.98 6.36
2.8 3.92 9.4 6.32
2.94 5.04 8.06 6.1
2.84 4.82 8.48 6.3
2.86 5.26 7.36 5.62
2.8 5.28 8.04 6.32
2.88 5.34 8.2 6.54
2.98 4.72 8.16 5.88
2.8 4.3 8.92 6.22
2.78 4.08 9.56 6.64
2.86 4.9 8.56 6.46
2.9 4.72 8.18 5.9
2.82 4.36 9.16 6.52
2.82 4.86 8.44 6.3
2.82 4.7 8.56 6.26
2.86 4.16 9.24 6.4
2.8 6.08 7.78 6.86
2.76 4.12 9.24 6.36
2.98 4.04 9.14 6.18
2.9 4.58 8.46 6.04
2.8 3.72 9.68 6.4
2.84 4.6 8.78 6.38
2.86 5.74 7.84 6.58
2.82 5.18 8.16 6.34
2.92 5.1 8.22 6.32
2.82 4.52 8.7 6.22
2.86 4.18 9.2 6.38
2.88 4.54 8.58 6.12
2.82 4.94 8.68 6.62
2.94 4.84 8.62 6.46
2.78 4.66 8.5 6.16
2.88 4.16 8.78 5.94
2.9 4.26 8.18 5.44
2.82 4.42 8.7 6.12
2.84 4.8 8.08 5.88
2.86 4.86 8.22 6.08
2.92 4.9 8.94 6.84
2.84 4.56 8.34 5.9
2.74 4.7 9.24 6.94
2.8 3.78 9.88 6.66
2.86 3.92 9.4 6.32
2.9 4.2 8.54 5.74
2.9 4.76 8.92 6.68
2.84 3.66 9.68 6.34
2.74 4.04 9.34 6.38
2.9 5.0 8.7 6.7
2.82 4.7 8.64 6.34
2.74 3.82 9.36 6.18
2.88 4.74 8.6 6.34
2.78 5.36 7.96 6.32
2.9 4.72 8.38 6.1
2.84 3.96 8.78 5.74
2.94 4.7 8.22 5.92
2.88 4.18 8.62 5.8
2.78 5.02 8.52 6.54
2.78 5.04 8.28 6.32
2.84 4.02 9.76 6.78
2.84 4.7 9.0 6.7
2.82 4.72 8.44 6.16
2.92 4.46 8.96 6.42
2.84 4.64 8.62 6.26
2.88 4.44 8.5 5.94
2.92 4.08 8.68 5.76
2.94 5.22 8.02 6.24
2.8 4.94 8.72 6.66
2.84 4.48 8.58 6.06
2.82 4.48 8.18 5.66
2.84 3.6 9.38 5.98
2.9 4.68 8.32 6.0
2.86 3.58 10.42 7.0
2.9 4.26 8.24 5.5
2.94 5.9 6.84 5.74
2.84 4.62 8.78 6.4
2.82 3.8 9.32 6.12
2.76 3.44 9.92 6.36
2.78 4.5 9.28 6.78
2.86 5.36 7.72 6.08
2.76 3.78 10.22 7.0
2.88 4.64 8.94 6.58
2.82 5.62 8.4 7.02
2.88 3.96 9.44 6.4
2.78 3.84 9.04 5.88
2.78 3.58 10.44 7.02
2.84 4.48 8.66 6.14
2.78 4.22 8.9 6.12
2.82 3.58 10.4 6.98
2.86 4.9 8.58 6.48
2.8 4.16 8.22 5.38
2.86 4.3 8.92 6.22
2.82 4.5 8.92 6.42
2.8 4.12 8.78 5.9
2.84 3.72 9.5 6.22
2.84 4.38 8.8 6.18
2.88 4.02 9.32 6.34
2.9 4.88 8.82 6.7
2.9 5.1 7.88 5.98
2.72 5.08 8.68 6.76
2.84 4.32 9.08 6.4
2.74 4.62 8.64 6.26
2.9 4.6 9.08 6.68
2.82 4.9 8.48 6.38
2.9 5.38 8.36 6.74
2.8 4.36 8.6 5.96
2.86 4.24 9.04 6.28
2.78 4.94 8.42 6.36
2.84 4.3 8.74 6.04
2.84 4.0 9.66 6.66
2.86 4.68 8.28 5.96
2.86 5.02 8.7 6.72
2.86 5.08 8.22 6.3
2.76 4.58 8.92 6.5
2.88 5.18 8.3 6.48
2.8 4.76 8.4 6.16
2.98 5.44 7.4 5.84
2.86 5.42 8.08 6.5
2.78 3.1 10.1 6.2
2.96 5.44 7.9 6.34
2.72 4.64 8.3 5.94
2.86 4.52 9.2 6.72
2.96 4.84 8.28 6.12
2.78 4.56 8.86 6.42
2.9 5.18 8.44 6.62
2.78 4.4 8.62 6.02
2.9 3.84 9.06 5.9
2.86 4.12 9.42 6.54
2.82 5.22 7.96 6.18
2.86 4.6 8.7 6.3
2.9 5.58 7.5 6.08
2.82 4.12 9.3 6.42
2.82 4.48 9.84 7.32
2.86 4.4 8.7 6.1
2.84 4.66 8.52 6.18
2.84 4.2 9.58 6.78
2.84 4.74 8.24 5.98
2.74 3.82 9.46 6.28
2.8 4.8 8.1 5.9
2.86 4.42 8.94 6.36
2.88 3.96 9.32 6.28
2.9 4.86 8.46 6.32
2.84 5.08 8.52 6.6
2.92 5.14 8.1 6.24
2.84 4.14 8.88 6.02
2.86 4.9 8.22 6.12
2.92 4.6 9.02 6.62
2.8 4.42 8.92 6.34
2.76 4.36 9.06 6.42
2.82 4.3 8.94 6.24
2.84 4.18 9.3 6.48
2.84 4.7 8.86 6.56
2.78 4.5 9.22 6.72
2.8 3.86 9.38 6.24
2.76 5.0 8.4 6.4
2.86 4.0 10.0 7.0
2.9 4.44 8.86 6.3
2.82 3.26 9.98 6.24
2.9 4.92 8.44 6.36
2.84 4.38 8.32 5.7
2.82 4.58 8.92 6.5
2.84 4.28 9.18 6.46
2.9 3.84 9.44 6.28
2.86 4.34 9.06 6.4
2.76 4.78 8.78 6.56
2.76 4.2 9.52 6.72
2.92 5.06 8.02 6.08
2.86 3.98 8.5 5.48
2.92 3.94 9.26 6.2
2.86 5.02 8.78 6.8
2.82 4.56 8.8 6.36
2.98 5.42 7.86 6.28
2.8 3.82 10.42 7.24
2.9 5.16 8.9 7.06
2.88 4.04 8.24 5.28
2.86 4.58 8.48 6.06
2.94 5.24 8.36 6.6
2.84 4.46 8.5 5.96
2.92 5.08 7.62 5.7
2.84 4.4 8.9 6.3
2.82 3.96 9.16 6.12
2.92 4.4 9.6 7.0
2.82 4.68 8.48 6.16
2.7 4.14 9.66 6.8
2.86 4.66 8.26 5.92
2.74 4.42 8.28 5.7
2.88 4.1 8.72 5.82
2.76 3.94 9.74 6.68
2.86 4.66 8.16 5.82
2.84 3.86 10.04 6.9
2.9 5.68 7.04 5.72
2.82 4.1 8.94 6.04
2.92 3.84 9.38 6.22
2.78 4.78 9.32 7.1
2.82 4.5 8.76 6.26
2.82 5.2 8.3 6.5
2.92 4.94 7.62 5.56
2.78 3.82 9.3 6.12
2.92 4.9 8.26 6.16
2.88 4.42 8.62 6.04
2.82 4.0 9.22 6.22
2.96 4.68 8.54 6.22
2.92 5.46 7.98 6.44
2.86 4.92 8.66 6.58
2.88 4.24 9.3 6.54
2.98 5.04 9.26 7.3
2.84 4.82 8.54 6.36
2.82 4.02 9.34 6.36
2.76 3.92 9.78 6.7
2.78 4.6 8.96 6.56
2.84 4.46 9.06 6.52
2.9 4.8 9.1 6.9
2.9 4.04 9.88 6.92
2.76 4.08 9.06 6.14
2.78 3.52 10.12 6.64
2.88 4.46 8.14 5.6
2.76 3.86 9.42 6.28
2.86 4.62 8.88 6.5
2.84 4.68 8.18 5.86
2.8 4.3 9.46 6.76
2.86 4.64 8.54 6.18
2.92 4.84 8.42 6.26
2.9 5.06 8.46 6.52
2.8 4.76 8.54 6.3
2.8 4.26 9.3 6.56
2.8 4.18 9.38 6.56
2.84 3.64 9.66 6.3
2.9 4.44 9.06 6.5
2.92 4.66 8.54 6.2
2.82 4.86 8.52 6.38
2.88 5.1 8.7 6.8
2.84 4.88 7.92 5.8
2.86 4.12 9.42 6.54
2.78 4.24 9.72 6.96
2.82 5.1 8.32 6.42
2.88 4.6 8.7 6.3
2.94 4.64 9.02 6.66
2.86 4.3 9.14 6.44
2.72 4.62 8.96 6.58
2.86 4.68 8.44 6.12
2.8 4.22 8.76 5.98
2.82 4.02 9.14 6.16
2.78 4.16 8.76 5.92
2.88 3.96 9.72 6.68
2.9 5.18 8.4 6.58
2.76 4.4 8.76 6.16
3.0 4.34 8.9 6.24
2.78 4.58 9.2 6.78
2.8 4.62 8.98 6.6
2.88 3.84 8.82 5.66
2.84 4.24 9.0 6.24
2.84 3.6 9.8 6.4
2.86 4.64 9.0 6.64
2.86 4.92 8.1 6.02
2.76 4.44 8.88 6.32
2.82 4.42 8.76 6.18
2.88 4.34 8.78 6.12
2.8 3.38 9.54 5.92
2.86 3.9 8.98 5.88
2.82 3.98 9.02 6.0
2.8 4.7 8.1 5.8
2.88 4.14 9.7 6.84
2.78 4.3 9.44 6.74
2.86 4.5 8.96 6.46
2.88 5.24 8.2 6.44
2.82 4.72 8.04 5.76
2.88 4.46 8.5 5.96
2.8 5.22 8.2 6.42
2.94 5.44 8.0 6.44
2.92 4.16 8.92 6.08
2.82 4.16 9.2 6.36
2.84 4.44 8.3 5.74
2.88 5.02 8.46 6.48
2.84 3.58 9.86 6.44
2.8 4.22 8.76 5.98
2.7 3.22 10.7 6.92
2.9 4.5 8.02 5.52
2.84 4.38 9.1 6.48
2.84 4.48 9.16 6.64
2.88 5.18 7.62 5.8
2.76 5.0 8.54 6.54
2.88 4.88 8.56 6.44
2.72 4.6 8.66 6.26
2.88 4.52 8.54 6.06
2.82 4.48 8.9 6.38
2.8 3.7 9.6 6.3
2.82 4.3 9.36 6.66
2.98 5.44 7.98 6.42
2.86 4.12 9.38 6.5
2.78 4.02 9.08 6.1
2.82 3.8 9.1 5.9
2.76 4.12 9.4 6.52
2.8 5.28 8.62 6.9
2.76 3.88 9.26 6.14
2.8 3.98 9.74 6.72
2.88 5.18 7.54 5.72
2.84 4.52 8.84 6.36
2.88 4.38 9.22 6.6
2.82 4.46 8.96 6.42
2.9 4.32 9.32 6.64
2.82 3.86 9.1 5.96
2.8 3.94 9.78 6.72
2.86 4.7 7.82 5.52
2.88 4.28 8.68 5.96
2.88 5.8 7.6 6.4
2.84 4.82 9.44 7.26
2.82 4.3 9.14 6.44
2.76 4.16 9.52 6.68
2.86 3.96 9.22 6.18
2.9 5.5 8.26 6.76
2.76 4.44 9.04 6.48
2.86 4.14 9.36 6.5
2.84 4.36 9.06 6.42
2.9 4.58 9.3 6.88
2.82 4.2 8.74 5.94
2.86 4.94 8.54 6.48
2.86 4.78 8.04 5.82
2.86 4.38 8.86 6.24
2.84 5.08 7.52 5.6
2.84 4.7 8.94 6.64
2.76 4.48 9.3 6.78
2.92 4.32 9.2 6.52
2.88 5.22 8.5 6.72
2.82 5.34 7.88 6.22
2.84 4.14 9.7 6.84
2.8 4.02 9.32 6.34
2.84 3.72 8.9 5.62
2.92 5.02 8.66 6.68
2.88 4.86 8.46 6.32
2.84 4.22 8.96 6.18
2.86 4.58 8.4 5.98
2.78 4.7 8.88 6.58
2.82 5.68 7.82 6.5
2.8 4.46 8.74 6.2
2.84 4.44 8.14 5.58
2.84 4.44 8.28 5.72
2.8 4.6 8.66 6.26
2.86 4.26 8.74 6.0
2.9 5.06 7.76 5.82
2.9 5.4 7.86 6.26
2.74 4.3 9.08 6.38
2.92 5.24 8.16 6.4
2.96 4.42 8.66 6.08
2.86 5.22 7.6 5.82
2.8 4.14 9.1 6.24
2.82 5.14 7.98 6.12
2.72 4.1 8.94 6.04
2.86 4.42 9.64 7.06
2.82 4.4 8.94 6.34
2.8 4.02 8.92 5.94
2.88 4.74 8.14 5.88
2.8 4.92 9.18 7.1
2.72 4.2 9.14 6.34
2.72 3.56 9.68 6.24
2.82 4.86 8.32 6.18
2.76 4.42 9.0 6.42
2.7 4.76 8.88 6.64
2.76 4.24 9.16 6.4
2.86 4.66 9.3 6.96
2.84 4.56 9.62 7.18
2.82 4.28 8.72 6.0
2.82 4.5 8.54 6.04
2.76 4.18 9.4 6.58
2.82 4.34 9.08 6.42
2.86 5.08 8.5 6.58
2.92 5.28 8.32 6.6
2.86 4.64 8.14 5.78
2.74 4.14 9.3 6.44
2.82 4.58 8.26 5.84
2.78 4.76 8.94 6.7
2.9 4.86 7.86 5.72
2.84 4.54 8.5 6.04
2.88 5.08 7.92 6.0
2.84 4.8 8.6 6.4
2.88 3.78 9.14 5.92
2.82 4.6 8.54 6.14
2.92 4.44 9.04 6.48
2.9 4.72 8.42 6.14
2.88 4.1 9.64 6.74
2.84 4.66 8.78 6.44
2.88 4.34 9.34 6.68
2.92 4.84 7.74 5.58
2.92 5.3 7.64 5.94
2.9 4.58 8.14 5.72
2.9 4.92 8.48 6.4
2.92 5.74 7.24 5.98
2.92 5.16 7.54 5.7
2.68 4.54 8.98 6.52
2.8 4.4 8.9 6.3
2.9 4.66 8.72 6.38
2.84 4.14 9.22 6.36
2.82 4.12 9.42 6.54
2.84 4.1 9.06 6.16
2.96 4.14 8.96 6.1
2.8 4.32 8.08 5.4
2.82 4.34 9.08 6.42
2.76 3.88 9.62 6.5
2.8 4.3 9.36 6.66
2.92 4.92 8.14 6.06
2.8 4.12 9.62 6.74
2.84 4.46 9.08 6.54
2.9 4.62 8.34 5.96
2.9 4.14 8.92 6.06
2.88 4.54 8.72 6.26
2.98 5.66 7.0 5.66
2.86 4.78 8.28 6.06
2.9 3.98 8.7 5.68
2.78 5.22 8.12 6.34
2.88 4.18 9.3 6.48
2.88 4.36 8.38 5.74
2.86 4.76 8.72 6.48
2.84 4.18 9.68 6.86
2.78 4.36 8.6 5.96
2.76 3.72 10.02 6.74
2.84 4.1 8.74 5.84
2.9 4.6 9.38 6.98
2.9 4.8 8.8 6.6
2.88 4.5 8.58 6.08
2.92 4.64 8.88 6.52
2.82 4.3 9.14 6.44
2.86 4.6 9.54 7.14
2.84 4.28 9.08 6.36
2.88 4.86 8.06 5.92
2.84 4.28 8.94 6.22
2.92 4.88 8.24 6.12
2.92 5.34 8.38 6.72
2.86 4.18 8.92 6.1
2.84 3.76 9.9 6.66
2.9 4.32 9.04 6.36
2.9 4.26 9.48 6.74
2.78 4.54 8.92 6.46
2.8 4.32 8.44 5.76
2.94 4.78 7.78 5.56
2.88 4.74 8.8 6.54
2.84 4.78 9.0 6.78
2.7 3.8 9.8 6.6
2.88 5.12 7.98 6.1
2.88 3.8 9.24 6.04
2.84 4.72 8.38 6.1
2.78 4.68 8.36 6.04
2.88 5.3 7.8 6.1
2.86 4.88 9.02 6.9
2.9 4.38 8.26 5.64
2.8 3.74 9.9 6.64
2.78 4.34 9.7 7.04
2.86 4.22 9.24 6.46
2.88 4.48 8.8 6.28
2.82 3.82 10.16 6.98
2.9 4.2 8.8 6.0
2.84 4.46 8.36 5.82
2.96 4.96 8.26 6.22
2.8 3.84 9.98 6.82
2.76 3.78 9.1 5.88
2.94 4.54 8.3 5.84
2.72 4.22 9.3 6.52
2.9 4.46 9.18 6.64
2.84 4.58 8.68 6.26
2.76 4.26 9.16 6.42
2.86 3.94 9.36 6.3
2.84 4.2 9.48 6.68
2.82 3.8 9.34 6.14
2.94 4.52 9.26 6.78
2.82 3.96 10.02 6.98
2.8 3.8 9.14 5.94
2.84 4.94 8.34 6.28
2.92 5.8 7.88 6.68
2.84 4.84 8.7 6.54
2.88 4.54 8.68 6.22
2.9 4.32 8.34 5.66
2.8 5.08 9.08 7.16
2.9 5.08 8.42 6.5
2.82 4.22 8.76 5.98
2.92 4.08 9.24 6.32
2.92 4.84 8.22 6.06
2.78 4.64 8.32 5.96
2.9 4.58 8.16 5.74
2.84 4.6 9.5 7.1
2.82 4.32 9.04 6.36
2.88 5.04 7.64 5.68
2.86 4.3 8.58 5.88
2.92 5.18 8.22 6.4
2.94 4.66 8.76 6.42
2.74 4.76 8.92 6.68
2.82 5.22 7.42 5.64
2.84 4.2 9.42 6.62
2.92 5.06 8.16 6.22
2.92 4.84 8.92 6.76
2.74 4.6 9.5 7.1
2.9 4.12 9.16 6.28
2.8 4.78 8.16 5.94
2.84 4.08 9.2 6.28
2.8 4.24 9.1 6.34
2.86 4.32 9.04 6.36
2.9 4.7 8.76 6.46
2.88 4.26 9.38 6.64
2.86 3.96 8.96 5.92
2.84 4.46 8.68 6.14
2.88 3.92 9.06 5.98
2.84 4.58 8.76 6.34
2.78 4.18 9.32 6.5
2.86 4.68 8.68 6.36
2.86 3.84 9.76 6.6
2.86 5.52 8.2 6.72
2.92 4.84 8.74 6.58
2.78 3.78 9.44 6.22
2.84 3.96 8.74 5.7
2.8 3.98 9.2 6.18
2.76 4.42 8.5 5.92
2.9 4.84 8.9 6.74
2.9 4.84 8.5 6.34
2.9 4.48 8.88 6.36
2.88 4.1 8.86 5.96
2.86 4.66 8.74 6.4
2.84 4.68 8.68 6.36
2.88 4.5 9.08 6.58
2.8 4.4 8.8 6.2
2.78 4.68 8.98 6.66
2.88 4.9 8.42 6.32
2.86 4.64 9.54 7.18
2.78 3.98 8.88 5.86
2.94 3.98 9.08 6.06
2.92 5.12 7.98 6.1
2.82 4.72 8.04 5.76
2.9 4.18 8.92 6.1
2.86 4.64 8.82 6.46
2.8 4.18 9.12 6.3
2.78 3.78 9.3 6.08
2.84 4.42 9.06 6.48
2.92 4.8 8.26 6.06
2.86 3.94 9.6 6.54
2.9 5.18 8.18 6.36
2.9 5.16 8.18 6.34
2.78 4.54 9.1 6.64
2.8 4.38 9.12 6.5
2.92 4.66 9.24 6.9
2.94 4.62 8.7 6.32
2.76 3.76 9.82 6.58
2.82 4.34 9.5 6.84
2.8 4.58 9.0 6.58
2.84 4.12 10.16 7.28
2.82 4.34 9.04 6.38
2.8 4.18 9.22 6.4
2.76 4.28 9.42 6.7
2.94 4.78 8.14 5.92
2.84 4.16 9.5 6.66
2.76 4.22 9.26 6.48
2.92 5.08 8.76 6.84
2.78 4.48 9.22 6.7
2.92 4.46 9.04 6.5
2.82 5.22 7.72 5.94
2.82 3.84 9.3 6.14
2.88 4.74 8.3 6.04
2.86 5.22 8.7 6.92
2.8 4.5 9.12 6.62
2.8 4.92 8.32 6.24
2.84 4.68 8.8 6.48
2.88 4.64 8.68 6.32
2.74 3.82 8.98 5.8
2.84 4.48 9.1 6.58
2.82 4.72 9.24 6.96
2.92 5.18 7.7 5.88
2.88 4.4 8.8 6.2
2.9 4.28 8.44 5.72
2.88 3.88 8.9 5.78
2.86 4.44 9.02 6.46
2.88 3.96 8.84 5.8
2.84 4.32 9.3 6.62
2.86 4.6 8.78 6.38
2.84 5.38 8.46 6.84
2.82 4.48 9.26 6.74
2.8 3.76 9.48 6.24
2.76 4.6 8.24 5.84
2.74 4.26 9.28 6.54
2.88 4.56 8.8 6.36
2.84 4.72 8.58 6.3
2.9 4.68 8.06 5.74
2.92 4.76 8.56 6.32
2.76 4.16 8.26 5.42
2.94 4.2 9.36 6.56
2.9 4.5 8.92 6.42
2.78 5.04 8.12 6.16
2.9 5.26 7.7 5.96
2.82 4.2 9.26 6.46
2.88 4.98 7.86 5.84
2.84 4.2 8.96 6.16
2.84 4.24 9.74 6.98
2.8 4.66 8.76 6.42
2.9 4.84 7.88 5.72
2.86 4.3 8.42 5.72
2.86 4.7 8.6 6.3
2.84 3.88 9.48 6.36
2.96 5.42 7.84 6.26
2.8 4.04 9.24 6.28
2.82 4.5 8.26 5.76
2.76 5.26 8.5 6.76
2.82 4.4 9.22 6.62
2.78 4.58 8.6 6.18
2.74 4.56 9.08 6.64
2.82 4.5 8.48 5.98
2.88 4.58 8.18 5.76
2.86 4.88 8.44 6.32
2.98 4.22 8.88 6.1
2.72 4.0 8.94 5.94
2.86 3.74 10.14 6.88
2.82 4.06 9.46 6.52
2.88 4.72 8.22 5.94
2.86 5.12 8.34 6.46
2.8 4.58 8.54 6.12
2.92 5.34 7.4 5.74
2.74 3.82 9.54 6.36
2.68 4.48 9.06 6.54
2.84 3.78 9.16 5.94
2.8 5.84 8.04 6.88
2.94 5.06 7.92 5.98
2.88 4.12 9.26 6.38
2.94 5.0 8.48 6.48
2.82 4.1 9.28 6.38
2.78 4.5 8.98 6.48
2.88 4.22 8.86 6.08
2.8 4.32 9.16 6.48
2.8 4.76 7.9 5.66
2.9 4.56 8.84 6.4
2.86 4.7 8.6 6.3
2.88 4.5 8.28 5.78
2.86 4.92 8.52 6.44
2.92 4.66 8.66 6.32
2.86 4.26 8.48 5.74
2.88 4.94 8.56 6.5
2.82 4.32 8.92 6.24
2.9 4.34 8.52 5.86
2.84 4.44 9.18 6.62
2.82 3.9 9.12 6.02
2.82 3.38 9.7 6.08
2.84 4.56 8.82 6.38
2.84 4.52 8.86 6.38
2.82 4.9 8.3 6.2
2.94 5.02 8.22 6.24
2.86 4.56 8.58 6.14
2.9 5.18 7.64 5.82
2.8 3.72 9.68 6.4
2.9 4.78 8.58 6.36
2.88 5.66 7.96 6.62
2.9 4.02 9.04 6.06
2.8 4.76 7.98 5.74
2.98 5.02 7.86 5.88
2.8 5.06 8.38 6.44
2.92 5.32 7.72 6.04
2.86 4.6 8.4 6.0
2.84 4.44 8.4 5.84
2.88 4.64 9.44 7.08
2.8 4.22 9.12 6.34
2.78 3.2 9.6 5.8
2.76 4.58 9.08 6.66
2.76 4.58 9.26 6.84
2.78 4.56 8.6 6.16
2.84 4.08 9.6 6.68
2.86 4.32 9.18 6.5
2.84 4.2 8.64 5.84
2.82 4.34 9.0 6.34
2.8 4.74 8.54 6.28
2.9 4.9 8.46 6.36
2.88 4.68 8.48 6.16
2.82 3.46 9.68 6.14
2.9 4.6 9.28 6.88
2.88 4.66 8.72 6.38
2.92 4.56 8.18 5.74
2.8 5.36 8.16 6.52
2.94 5.72 8.12 6.84
2.88 3.88 9.68 6.56
2.76 5.0 8.24 6.24
2.88 4.08 9.16 6.24
2.72 4.22 9.22 6.44
2.76 4.1 9.14 6.24
2.8 4.46 8.56 6.02
2.84 4.66 8.7 6.36
2.86 4.92 7.54 5.46
2.86 4.7 9.06 6.76
2.8 3.38 9.92 6.3
2.88 4.42 8.56 5.98
2.9 4.74 8.88 6.62
2.84 5.34 7.88 6.22
2.82 4.76 8.56 6.32
2.76 4.32 9.56 6.88
2.82 4.92 8.34 6.26
2.86 4.78 8.24 6.02
2.88 4.64 8.62 6.26
2.76 3.96 9.0 5.96
2.86 4.16 9.32 6.48
2.76 4.44 9.24 6.68
2.72 4.78 8.7 6.48
2.88 4.34 8.88 6.22
2.9 4.14 9.56 6.7
2.78 3.8 9.38 6.18
2.84 4.04 9.1 6.14
2.82 4.2 9.06 6.26
2.82 4.04 9.24 6.28
2.86 4.38 9.16 6.54
2.86 4.64 8.46 6.1
2.82 5.1 8.56 6.66
2.8 4.16 9.26 6.42
2.84 5.42 7.66 6.08
2.92 4.94 8.96 6.9
2.86 4.46 9.24 6.7
2.8 4.58 8.88 6.46
2.78 4.02 9.42 6.44
2.84 5.18 8.26 6.44
2.76 4.2 8.78 5.98
2.88 4.78 8.7 6.48
2.76 4.54 8.72 6.26
2.88 3.82 9.58 6.4
2.86 5.26 7.68 5.94
2.86 4.32 9.48 6.8
2.88 4.4 8.18 5.58
2.78 4.56 8.54 6.1
2.86 4.18 8.9 6.08
2.86 4.98 8.36 6.34
2.8 4.42 8.5 5.92
2.86 4.84 8.1 5.94
2.86 4.92 8.34 6.26
2.82 4.06 9.28 6.34
2.92 4.78 8.2 5.98
2.86 4.52 8.2 5.72
2.88 5.0 8.04 6.04
2.82 4.56 8.64 6.2
2.8 4.14 8.76 5.9
2.86 4.34 8.9 6.24
2.96 5.06 7.98 6.04
2.9 4.54 8.72 6.26
2.78 4.8 8.9 6.7
2.9 4.32 9.2 6.52
2.88 4.74 8.58 6.32
2.9 4.36 8.42 5.78
2.84 4.08 9.16 6.24
2.84 4.52 8.46 5.98
2.86 5.32 7.58 5.9
2.84 3.84 9.28 6.12
2.7 3.24 10.34 6.58
2.86 4.18 8.72 5.9
2.94 4.72 8.66 6.38
2.86 4.64 8.3 5.94
2.8 4.22 8.96 6.18
2.92 4.84 8.52 6.36
2.88 4.66 8.94 6.6
2.88 4.82 8.4 6.22
2.78 3.72 10.0 6.72
2.92 4.8 8.38 6.18
2.78 4.44 8.88 6.32
2.84 5.0 8.72 6.72
2.84 4.84 8.28 6.12
2.88 4.26 9.0 6.26
2.86 4.82 8.14 5.96
2.9 4.84 8.84 6.68
2.92 5.16 7.96 6.12
2.84 3.84 8.88 5.72
2.88 5.0 7.8 5.8
2.92 5.22 8.62 6.84
2.7 3.64 9.58 6.22
2.84 5.08 8.06 6.14
2.92 4.56 8.5 6.06
2.92 5.0 8.56 6.56
2.84 4.72 8.16 5.88
2.7 4.04 9.42 6.46
2.88 5.0 8.34 6.34
2.84 4.0 9.58 6.58
2.84 4.46 8.96 6.42
2.92 4.7 8.5 6.2
2.78 3.8 9.28 6.08
2.84 4.2 9.7 6.9
2.86 4.2 8.9 6.1
2.82 4.14 8.94 6.08
2.78 4.32 9.0 6.32
2.92 4.38 8.42 5.8
2.84 5.12 8.68 6.8
2.88 4.22 8.88 6.1
2.82 4.08 9.26 6.34
2.8 4.3 9.32 6.62
2.92 4.98 8.56 6.54
2.94 4.5 9.26 6.76
2.72 3.66 8.9 5.56
2.9 5.24 8.02 6.26
2.88 4.86 8.06 5.92
2.72 4.1 9.16 6.26
2.88 4.04 8.34 5.38
2.84 5.02 8.6 6.62
2.9 4.98 8.52 6.5
2.86 5.12 8.34 6.46
2.68 4.3 9.4 6.7
2.92 4.1 8.88 5.98
2.78 5.3 7.76 6.06
2.78 3.96 9.78 6.74
2.72 3.9 9.78 6.68
2.96 4.76 7.4 5.16
2.88 4.04 9.06 6.1
2.86 4.28 8.5 5.78
2.84 4.72 8.04 5.76
2.82 4.26 9.04 6.3
2.7 4.08 9.32 6.4
2.84 4.06 9.16 6.22
2.9 4.64 8.06 5.7
2.7 3.96 9.82 6.78
2.9 4.98 8.14 6.12
2.84 4.3 8.78 6.08
2.84 3.76 9.96 6.72
2.78 4.26 9.32 6.58
2.86 4.14 9.38 6.52
2.82 4.5 9.16 6.66
2.82 4.36 9.4 6.76
2.86 4.72 8.68 6.4
2.82 4.66 8.7 6.36
2.78 3.96 9.6 6.56
2.92 5.08 8.52 6.6
2.9 5.04 7.96 6.0
2.84 4.6 8.56 6.16
2.74 5.18 8.64 6.82
2.82 4.64 8.56 6.2
2.82 4.94 8.18 6.12
2.78 4.36 9.0 6.36
2.9 4.56 8.74 6.3
2.82 3.42 9.24 5.66
2.8 3.88 9.02 5.9
2.86 4.2 8.8 6.0
2.84 4.74 9.08 6.82
2.82 4.3 9.2 6.5
2.78 5.04 8.98 7.02
2.9 4.62 8.46 6.08
2.86 4.38 9.06 6.44
2.86 4.1 9.34 6.44
2.86 4.86 8.6 6.46
2.92 4.62 8.36 5.98
2.78 4.4 8.76 6.16
2.82 4.92 8.22 6.14
2.86 4.48 9.2 6.68
2.94 4.9 8.24 6.14
2.88 5.02 9.2 7.22
2.82 4.22 9.66 6.88
2.92 4.54 8.34 5.88
2.82 4.3 8.7 6.0
2.88 4.54 8.22 5.76
2.84 4.8 8.44 6.24
2.92 4.28 8.96 6.24
2.86 4.72 8.38 6.1
2.9 4.04 9.34 6.38
2.82 4.42 9.2 6.62
2.92 4.88 8.44 6.32
2.9 3.76 9.6 6.36
2.86 4.46 8.28 5.74
2.84 3.92 9.12 6.04
2.88 5.46 8.2 6.66
2.88 4.88 8.3 6.18
2.72 4.68 8.58 6.26
2.84 3.74 9.4 6.14
2.84 5.04 8.42 6.46
2.82 4.3 8.58 5.88
2.84 5.06 8.78 6.84
2.72 3.58 9.66 6.24
2.74 4.1 9.22 6.32
2.9 4.12 9.56 6.68
2.8 4.82 7.92 5.74
2.9 4.52 8.62 6.14
2.84 4.08 9.08 6.16
2.74 5.24 8.9 7.14
2.96 5.16 8.12 6.28
2.9 5.02 8.56 6.58
2.92 4.52 8.34 5.86
2.8 5.06 8.96 7.02
2.8 4.52 8.62 6.14
2.7 3.62 10.48 7.1
2.82 4.42 9.04 6.46
2.78 3.72 9.7 6.42
2.76 3.88 9.5 6.38
2.74 4.38 9.24 6.62
2.84 4.26 8.6 5.86
2.88 4.02 9.68 6.7
2.82 4.5 9.12 6.62
2.9 4.68 8.44 6.12
2.92 5.78 8.3 7.08
2.86 5.2 8.06 6.26
2.82 4.6 8.74 6.34
2.88 4.84 8.6 6.44
2.86 4.48 9.34 6.82
2.94 4.64 8.46 6.1
2.86 4.7 8.8 6.5
2.76 4.14 9.36 6.5
2.74 3.44 10.84 7.28
2.78 3.54 9.68 6.22
2.84 4.48 8.64 6.12
2.84 3.7 9.66 6.36
2.9 5.06 8.32 6.38
2.84 4.8 8.78 6.58
2.92 5.18 7.56 5.74
2.7 4.22 9.2 6.42
2.78 4.42 9.42 6.84
2.86 3.8 8.94 5.74
2.84 4.76 8.46 6.22
2.84 4.8 8.22 6.02
2.78 4.58 9.52 7.1
2.86 5.16 8.74 6.9
2.92 5.12 7.86 5.98
2.82 4.3 8.5 5.8
2.82 4.76 8.32 6.08
2.76 4.42 9.12 6.54
2.76 3.72 9.96 6.68
2.8 4.66 9.3 6.96
2.86 4.64 8.44 6.08
2.9 4.5 8.28 5.78
2.72 3.8 9.7 6.5
2.84 4.94 8.76 6.7
2.78 5.02 8.48 6.5
2.78 4.16 9.5 6.66
2.76 5.1 8.2 6.3
2.74 4.64 8.64 6.28
2.86 4.5 9.14 6.64
2.94 4.32 8.66 5.98
2.82 4.44 8.68 6.12
2.84 4.1 9.56 6.66
2.82 4.92 8.34 6.26
2.68 4.22 9.78 7.0
2.8 3.62 9.74 6.36
2.86 4.48 9.5 6.98
2.88 5.22 8.28 6.5
2.96 4.94 8.52 6.46
2.82 4.58 8.46 6.04
2.84 4.66 8.9 6.56
2.92 4.92 8.28 6.2
2.72 4.02 9.74 6.76
2.82 3.64 9.32 5.96
2.94 4.84 8.1 5.94
2.88 4.8 7.9 5.7
2.86 4.32 8.7 6.02
2.86 3.84 10.0 6.84
2.88 4.28 9.22 6.5
2.74 4.16 9.34 6.5
2.86 4.52 9.22 6.74
2.84 4.26 9.44 6.7
2.76 4.4 9.08 6.48
2.94 5.64 7.94 6.58
2.96 4.54 8.28 5.82
2.86 4.52 8.66 6.18
2.82 4.14 9.38 6.52
2.92 4.86 9.08 6.94
2.88 4.76 9.08 6.84
2.88 4.2 8.48 5.68
2.78 4.58 9.08 6.66
2.86 4.94 8.08 6.02
2.84 4.0 9.1 6.1
2.9 5.08 7.76 5.84
2.86 4.34 9.1 6.44
2.82 4.38 9.08 6.46
2.84 4.06 9.1 6.16
2.9 3.9 9.58 6.48
2.8 4.36 9.1 6.46
2.88 4.78 8.04 5.82
2.86 4.26 9.4 6.66
2.9 4.68 8.76 6.44
2.74 4.46 8.98 6.44
2.72 4.16 9.24 6.4
2.9 5.08 8.2 6.28
2.78 3.84 9.62 6.46
2.76 4.16 9.14 6.3
2.82 4.36 8.78 6.14
2.82 5.02 8.28 6.3
2.84 4.06 9.7 6.76
2.82 4.12 9.22 6.34
2.78 4.34 8.9 6.24
2.86 4.62 8.28 5.9
2.9 4.66 8.52 6.18
2.84 4.18 9.1 6.28
2.7 3.88 9.68 6.56
2.92 4.8 8.42 6.22
2.82 5.48 7.74 6.22
2.82 4.18 9.34 6.52
2.66 4.56 9.06 6.62
2.88 4.46 8.72 6.18
2.86 4.88 8.52 6.4
2.84 4.56 8.84 6.4
2.88 3.76 9.0 5.76
2.78 4.78 8.84 6.62
2.88 4.34 9.24 6.58
2.82 3.9 9.32 6.22
2.78 4.54 9.14 6.68
2.78 4.72 9.14 6.86
2.9 4.66 8.92 6.58
2.86 4.98 8.64 6.62
2.86 3.8 9.12 5.92
2.8 4.16 9.38 6.54
2.82 5.28 8.36 6.64
2.86 5.3 8.74 7.04
2.98 4.82 8.22 6.04
2.86 3.46 9.9 6.36
2.9 4.62 8.46 6.08
2.78 3.9 9.98 6.88
2.84 4.06 9.36 6.42
2.88 4.26 8.9 6.16
2.82 4.4 8.9 6.3
2.86 4.0 9.22 6.22
2.92 4.82 8.04 5.86
2.86 4.16 8.52 5.68
2.9 4.82 8.48 6.3
2.78 4.46 8.78 6.24
2.8 4.04 8.64 5.68
2.9 4.74 8.12 5.86
2.86 4.3 8.86 6.16
2.76 4.36 9.14 6.5
2.88 4.42 9.1 6.52
2.9 4.7 8.92 6.62
2.82 4.4 8.76 6.16
2.86 4.8 8.96 6.76
2.74 4.3 8.7 6.0
2.7 4.4 9.3 6.7
2.88 4.6 8.48 6.08
2.88 4.76 8.3 6.06
2.96 4.8 8.04 5.84
2.8 4.02 9.5 6.52
2.82 4.62 8.36 5.98
2.86 3.94 9.56 6.5
2.76 4.2 9.18 6.38
2.74 4.84 8.76 6.6
2.8 5.06 8.58 6.64
2.8 4.48 8.94 6.42
2.74 4.52 9.46 6.98
2.84 4.64 9.18 6.82
2.7 4.42 8.98 6.4
2.78 3.98 9.02 6.0
2.84 4.3 8.7 6.0
2.78 4.68 8.74 6.42
2.94 4.22 9.18 6.4
2.92 4.34 8.68 6.02
2.88 4.12 9.86 6.98
2.84 4.66 8.66 6.32
2.8 4.12 9.48 6.6
2.84 3.68 9.74 6.42
2.72 4.42 8.4 5.82
2.86 5.04 8.04 6.08
2.82 3.92 9.2 6.12
2.86 4.56 8.78 6.34
2.88 4.14 8.88 6.02
2.84 4.46 8.46 5.92
2.72 3.38 10.22 6.6
2.82 4.3 9.36 6.66
2.92 4.84 8.22 6.06
2.92 3.74 9.12 5.86
2.82 4.52 8.12 5.64
2.8 4.08 9.12 6.2
2.88 4.56 8.54 6.1
2.92 4.58 8.48 6.06
2.76 4.02 10.08 7.1
2.9 4.7 9.14 6.84
2.84 4.08 9.4 6.48
2.94 4.88 8.2 6.08
2.9 4.94 7.9 5.84
2.9 4.14 9.28 6.42
2.86 4.48 8.72 6.2
2.76 3.76 9.08 5.84
2.9 4.68 8.84 6.52
2.78 5.14 8.8 6.94
2.88 4.46 9.32 6.78
2.86 4.7 8.16 5.86
2.7 3.78 9.82 6.6
2.74 3.96 9.84 6.8
2.8 4.98 8.38 6.36
2.9 3.7 9.12 5.82
2.86 5.12 7.92 6.04
2.94 4.66 8.28 5.94
2.96 4.2 9.92 7.12
2.74 3.88 9.58 6.46
2.88 4.22 9.5 6.72
2.7 4.02 9.5 6.52
2.82 4.98 8.52 6.5
2.88 4.2 9.08 6.28
2.88 5.0 8.2 6.2
2.9 4.5 8.78 6.28
2.76 3.86 9.4 6.26
2.82 4.64 8.24 5.88
2.96 5.3 7.54 5.84
2.94 4.84 9.26 7.1
2.82 4.04 9.22 6.26
2.92 4.68 8.26 5.94
2.78 4.82 9.12 6.94
2.78 4.48 9.1 6.58
2.66 3.9 9.72 6.62
2.88 4.04 9.02 6.06
2.9 4.02 8.62 5.64
2.88 4.56 9.18 6.74
2.78 3.98 9.38 6.36
2.82 4.2 9.5 6.7
2.84 4.26 8.68 5.94
2.9 4.8 8.42 6.22
2.74 4.8 8.92 6.72
2.84 4.26 8.82 6.08
2.88 4.36 8.72 6.08
2.86 5.22 7.88 6.1
2.88 5.24 7.88 6.12
2.9 4.34 7.9 5.24
2.82 3.7 9.6 6.3
2.82 3.92 9.8 6.72
2.88 4.7 8.1 5.8
2.82 4.36 8.7 6.06
2.82 4.2 9.58 6.78
2.86 5.38 7.92 6.3
2.88 5.0 7.92 5.92
2.88 4.62 9.08 6.7
2.9 4.48 8.4 5.88
2.82 4.06 9.24 6.3
2.9 3.9 9.38 6.28
2.76 4.44 8.52 5.96
2.82 5.08 7.78 5.86
2.86 4.94 8.44 6.38
2.8 4.14 9.6 6.74
2.78 4.98 8.48 6.46
2.9 4.94 7.98 5.92
2.8 3.96 9.5 6.46
2.86 5.28 7.42 5.7
2.9 4.84 8.52 6.36
2.8 4.78 8.62 6.4
2.84 4.5 8.12 5.62
2.84 4.12 9.64 6.76
2.82 4.4 8.56 5.96
2.94 4.2 9.12 6.32
2.82 4.9 7.92 5.82
2.94 5.02 8.52 6.54
2.82 4.14 8.38 5.52
2.8 5.3 7.88 6.18
2.76 3.72 9.9 6.62
2.84 3.8 9.4 6.2
2.82 4.08 9.56 6.64
2.76 3.64 9.38 6.02
2.88 4.82 9.3 7.12
2.8 4.24 9.96 7.2
2.88 4.78 9.0 6.78
2.82 4.74 9.5 7.24
2.82 4.72 9.56 7.28
2.92 4.78 8.86 6.64
2.9 4.7 8.3 6.0
2.9 4.2 9.42 6.62
2.84 4.12 8.62 5.74
2.82 4.6 9.24 6.84
2.82 4.82 7.68 5.5
2.84 4.38 8.76 6.14
2.9 4.54 8.5 6.04
2.78 3.74 10.2 6.94
2.88 4.62 8.84 6.46
2.9 4.5 8.52 6.02
2.84 4.28 9.24 6.52
2.88 4.34 8.22 5.56
2.7 3.46 9.8 6.26
2.92 4.94 8.22 6.16
2.82 3.56 9.44 6.0
2.78 4.4 9.1 6.5
2.76 4.0 9.66 6.66
2.84 4.14 8.88 6.02
2.9 4.8 8.48 6.28
2.94 5.04 8.52 6.56
2.72 3.84 9.34 6.18
2.78 4.26 8.3 5.56
2.88 4.46 9.54 7.0
2.76 4.18 9.46 6.64
2.84 4.66 8.32 5.98
2.9 4.38 9.14 6.52
2.88 4.46 8.78 6.24
2.88 5.3 8.72 7.02
2.86 4.82 8.76 6.58
2.88 5.9 7.24 6.14
2.86 4.8 8.38 6.18
2.92 4.08 9.42 6.5
2.88 4.84 8.96 6.8
2.72 3.94 9.8 6.74
2.96 4.28 8.7 5.98
2.92 4.8 8.32 6.12
2.72 4.54 9.14 6.68
2.88 4.72 8.72 6.44
2.84 4.26 9.38 6.64
2.78 3.92 9.1 6.02
2.94 5.48 8.08 6.56
2.86 4.98 8.32 6.3
2.74 4.06 8.9 5.96
2.86 4.86 8.86 6.72
2.82 4.24 9.42 6.66
2.86 4.46 8.72 6.18
2.9 4.88 8.38 6.26
2.9 4.64 9.2 6.84
2.9 5.36 7.66 6.02
2.66 4.36 9.94 7.3
2.84 4.9 8.24 6.14
2.88 4.58 9.14 6.72
2.82 3.84 9.26 6.1
2.88 4.36 8.68 6.04
2.88 5.36 7.46 5.82
2.84 4.12 8.76 5.88
2.94 5.54 7.96 6.5
2.86 4.4 9.28 6.68
2.86 4.22 9.52 6.74
2.84 4.18 9.22 6.4
2.9 3.36 9.86 6.22
2.78 3.66 9.54 6.2
2.86 4.18 8.7 5.88
2.92 4.32 9.12 6.44
2.88 3.98 8.98 5.96
2.82 3.96 9.56 6.52
2.84 4.2 9.54 6.74
2.82 4.86 9.02 6.88
2.9 4.6 8.32 5.92
2.88 4.24 8.58 5.82
2.68 4.74 8.9 6.64
2.84 4.24 9.3 6.54
2.84 5.24 8.84 7.08
2.72 4.26 8.66 5.92
2.78 4.36 8.72 6.08
2.9 4.58 9.08 6.66
2.92 4.52 8.98 6.5
2.86 4.5 7.78 5.28
2.84 5.36 7.96 6.32
2.8 4.42 8.98 6.4
2.86 4.78 8.28 6.06
2.76 4.78 9.02 6.8
2.88 5.14 8.34 6.48
2.8 4.0 9.36 6.36
2.86 5.3 8.2 6.5
2.9 5.32 7.62 5.94
2.84 5.34 7.32 5.66
2.74 4.08 9.96 7.04
2.76 4.3 9.36 6.66
2.88 4.18 9.38 6.56
2.9 4.74 8.58 6.32
2.82 5.14 8.36 6.5
2.9 4.28 9.46 6.74
2.84 4.46 8.7 6.16
2.82 4.28 9.66 6.94
2.86 5.04 8.46 6.5
2.86 4.66 8.58 6.24
2.84 4.44 8.54 5.98
2.78 3.9 9.92 6.82
2.86 5.0 8.5 6.5
2.84 4.92 7.84 5.76
2.88 4.6 9.02 6.62
2.92 3.72 10.12 6.84
2.82 4.24 8.56 5.8
2.86 3.92 9.94 6.86
2.86 4.48 9.44 6.92
2.98 5.2 7.46 5.66
2.8 4.32 9.2 6.52
2.86 5.0 8.28 6.28
2.78 4.8 9.2 7.0
2.84 3.94 8.76 5.7
2.76 5.04 8.8 6.84
2.92 4.38 9.26 6.64
2.76 3.92 9.54 6.46
2.68 4.86 9.02 6.88
2.8 3.7 9.8 6.5
2.84 4.56 8.66 6.22
2.78 4.68 9.2 6.88
2.82 4.36 8.78 6.14
2.86 4.82 9.1 6.92
2.74 3.3 9.86 6.16
2.86 4.54 9.18 6.72
2.8 4.68 8.58 6.26
2.84 4.7 8.82 6.52
2.8 4.52 8.78 6.3
2.76 3.88 9.34 6.22
2.76 4.84 8.92 6.76
2.78 3.24 10.32 6.56
2.88 4.36 9.12 6.48
2.78 4.16 8.92 6.08
2.8 4.52 9.58 7.1
2.74 4.18 9.3 6.48
2.88 4.86 8.44 6.3
2.78 4.28 9.28 6.56
2.88 5.38 7.94 6.32
2.72 4.44 9.06 6.5
2.9 4.16 9.44 6.6
2.9 5.06 8.28 6.34
2.8 4.76 8.28 6.04
2.84 3.94 8.8 5.74
2.8 4.36 9.12 6.48
2.84 4.58 8.68 6.26
2.82 3.66 9.04 5.7
2.76 4.18 8.66 5.84
2.84 4.66 8.8 6.46
2.84 4.18 9.16 6.34
2.82 4.68 9.0 6.68
2.84 4.1 9.06 6.16
2.86 4.98 8.52 6.5
2.74 4.26 9.0 6.26
2.84 4.16 8.96 6.12
2.9 4.98 8.34 6.32
2.8 4.88 8.34 6.22
2.86 4.96 8.36 6.32
2.8 3.92 9.86 6.78
2.84 4.7 8.84 6.54
2.84 3.88 9.96 6.84
2.9 4.6 8.36 5.96
2.78 4.3 8.5 5.8
2.88 4.88 8.4 6.28
2.76 4.34 9.42 6.76
2.84 4.9 9.48 7.38
2.86 4.12 9.66 6.78
2.8 3.9 9.34 6.24
2.82 4.2 9.2 6.4
2.88 4.2 9.12 6.32
2.76 4.1 9.02 6.12
2.84 4.2 8.9 6.1
2.84 4.2 9.12 6.32
2.82 4.82 9.48 7.3
2.9 5.26 7.76 6.02
2.8 4.5 9.24 6.74
2.82 4.3 8.82 6.12
2.84 5.1 8.04 6.14
2.9 4.0 9.78 6.78
2.88 4.96 8.06 6.02
2.86 4.52 7.8 5.32
2.78 4.16 9.06 6.22
2.88 4.0 8.36 5.36
2.84 4.4 9.14 6.54
2.88 5.52 7.62 6.14
2.86 4.48 8.88 6.36
2.92 5.14 7.5 5.64
2.88 4.68 8.48 6.16
2.98 4.84 8.36 6.2
2.9 4.72 7.9 5.62
2.72 4.4 9.3 6.7
2.88 4.88 8.56 6.44
2.82 4.76 8.44 6.2
2.94 4.48 9.06 6.54
2.82 4.2 9.26 6.46
2.9 4.52 8.08 5.6
2.78 4.14 8.7 5.84
2.9 6.1 7.72 6.82
2.92 5.16 7.76 5.92
2.8 4.56 8.58 6.14
2.92 4.66 8.26 5.92
2.86 5.14 9.46 7.6
2.78 4.94 8.26 6.2
2.78 3.82 9.52 6.34
2.88 4.66 9.2 6.86
2.92 4.24 9.48 6.72
2.74 3.96 9.4 6.36
2.84 4.04 9.26 6.3
2.88 5.06 7.9 5.96
2.72 4.28 9.16 6.44
2.84 4.56 8.44 6.0
2.86 5.16 8.74 6.9
2.84 5.06 8.4 6.46
2.9 5.3 8.14 6.44
2.82 4.72 8.6 6.32
2.88 4.52 9.08 6.6
2.86 4.72 8.5 6.22
2.82 4.58 8.74 6.32
2.82 3.58 9.12 5.7
2.78 4.1 10.12 7.22
2.88 4.64 8.62 6.26
2.9 4.56 8.02 5.58
2.9 5.38 8.92 7.3
2.88 4.54 8.38 5.92
2.84 4.76 8.34 6.1
2.94 4.32 9.48 6.8
2.88 3.86 9.4 6.26
2.96 4.96 8.38 6.34
2.88 4.68 8.92 6.6
2.82 4.76 9.02 6.78
2.84 4.02 9.84 6.86
2.8 3.76 9.42 6.18
2.86 4.86 8.76 6.62
2.86 4.12 9.72 6.84
2.84 3.9 8.92 5.82
2.8 4.52 8.76 6.28
2.86 4.32 8.78 6.1
2.84 4.74 8.48 6.22
2.82 4.22 9.18 6.4
2.92 4.96 8.88 6.84
2.84 4.6 8.32 5.92
2.78 4.74 8.64 6.38
2.86 4.46 9.0 6.46
2.74 4.0 9.76 6.76
2.84 4.04 9.3 6.34
2.9 4.2 9.36 6.56
2.88 4.82 8.34 6.16
2.84 4.28 9.02 6.3
2.78 4.58 9.16 6.74
2.84 5.12 8.4 6.52
2.86 5.38 8.54 6.92
2.78 3.7 9.7 6.4
2.86 4.94 8.66 6.6
2.84 4.26 8.6 5.86
2.84 3.94 9.52 6.46
2.88 4.42 9.04 6.46
2.92 5.38 8.5 6.88
2.74 3.7 10.4 7.1
2.84 4.94 8.24 6.18
2.7 3.42 9.74 6.16
2.9 4.7 8.6 6.3
2.86 5.38 8.28 6.66
2.82 4.3 9.06 6.36
2.88 5.46 8.1 6.56
2.84 4.3 9.84 7.14
2.8 4.06 9.44 6.5
2.78 4.82 8.54 6.36
2.82 4.84 7.92 5.76
2.82 4.72 9.32 7.04
2.9 4.06 8.88 5.94
2.84 4.52 8.68 6.2
2.8 4.64 8.76 6.4
2.86 5.42 8.54 6.96
2.86 4.74 8.22 5.96
2.84 4.36 8.88 6.24
2.88 5.4 7.7 6.1
2.86 5.44 7.98 6.42
2.94 4.58 8.86 6.44
2.84 4.12 9.08 6.2
2.98 4.46 9.1 6.56
2.82 5.2 8.34 6.54
2.9 5.16 8.08 6.24
2.84 4.54 9.6 7.14
2.94 5.74 7.46 6.2
2.92 3.6 9.32 5.92
2.88 5.42 7.76 6.18
2.88 5.42 7.98 6.4
2.78 4.24 8.86 6.1
2.88 5.0 8.68 6.68
2.74 3.46 10.24 6.7
2.8 4.42 9.06 6.48
2.88 4.04 9.08 6.12
2.88 4.28 8.98 6.26
2.8 3.92 9.38 6.3
2.9 5.0 8.42 6.42
2.88 5.56 7.8 6.36
2.84 3.98 9.26 6.24
2.78 4.18 9.1 6.28
2.94 4.5 8.06 5.56
2.82 5.44 8.0 6.44
2.94 4.64 8.66 6.3
2.86 3.76 9.68 6.44
2.88 4.66 8.36 6.02
2.86 4.4 8.84 6.24
2.84 5.88 7.82 6.7
2.82 4.92 8.6 6.52
2.82 4.5 9.26 6.76
2.84 4.44 8.46 5.9
2.76 4.64 8.46 6.1
2.82 4.22 8.52 5.74
2.94 5.7 7.8 6.5
2.8 4.2 8.98 6.18
2.88 4.8 8.58 6.38
2.84 4.02 8.54 5.56
2.84 4.6 8.94 6.54
2.9 4.52 8.42 5.94
2.92 4.56 8.42 5.98
2.84 4.18 9.84 7.02
2.9 4.52 9.48 7.0
2.88 5.14 8.26 6.4
2.84 4.54 8.82 6.36
2.92 4.7 8.52 6.22
2.76 4.32 8.9 6.22
2.82 3.92 9.72 6.64
2.8 3.88 9.4 6.28
2.86 4.42 9.1 6.52
2.94 3.52 9.28 5.8
2.92 4.52 9.4 6.92
2.88 4.76 8.28 6.04
2.72 3.56 9.36 5.92
2.84 4.42 8.82 6.24
2.8 4.94 8.4 6.34
2.76 4.52 9.48 7.0
2.86 4.4 9.1 6.5
2.8 4.32 9.16 6.48
2.8 4.72 8.2 5.92
2.7 3.6 9.8 6.4
2.86 4.04 9.2 6.24
2.86 4.36 8.42 5.78
2.86 3.6 9.24 5.84
2.86 5.28 8.12 6.4
2.9 4.2 8.84 6.04
2.86 3.88 9.3 6.18
2.88 4.82 8.3 6.12
2.88 4.8 9.24 7.04
2.8 4.42 8.98 6.4
2.84 4.46 8.36 5.82
2.78 4.32 8.7 6.02
2.88 4.28 9.5 6.78
2.86 4.56 8.16 5.72
2.84 4.74 8.2 5.94
2.82 4.22 8.86 6.08
2.88 5.2 8.48 6.68
2.9 5.22 8.36 6.58
2.8 3.94 8.98 5.92
2.86 5.02 8.46 6.48
2.8 4.46 8.36 5.82
2.82 4.94 8.46 6.4
2.88 4.44 8.82 6.26
2.94 5.28 7.46 5.74
2.82 3.88 9.32 6.2
2.88 4.6 8.22 5.82
2.84 4.78 8.62 6.4
2.9 4.42 8.86 6.28
2.8 3.9 8.52 5.42
2.9 3.96 8.84 5.8
2.9 3.88 9.68 6.56
2.94 4.66 8.82 6.48
2.92 4.92 8.1 6.02
2.76 4.08 9.54 6.62
2.84 3.98 9.38 6.36
2.84 3.64 10.14 6.78
2.74 3.94 8.92 5.86
2.82 4.46 8.14 5.6
2.88 4.26 9.04 6.3
2.94 5.06 7.92 5.98
2.86 4.1 9.28 6.38
2.9 5.12 7.18 5.3
2.92 5.1 8.14 6.24
2.88 4.36 8.98 6.34
2.86 4.42 9.22 6.64
2.8 3.66 9.56 6.22
2.9 4.08 9.58 6.66
2.76 4.24 9.54 6.78
2.78 4.14 9.7 6.84
2.8 4.46 9.04 6.5
2.82 4.68 8.8 6.48
2.88 4.82 9.42 7.24
2.9 4.92 8.02 5.94
2.88 4.96 8.14 6.1
2.86 4.1 9.34 6.44
2.86 5.56 7.78 6.34
2.8 4.64 8.72 6.36
2.84 4.74 7.92 5.66
2.84 4.14 9.3 6.44
2.84 3.86 9.66 6.52
2.9 5.94 7.34 6.28
2.9 4.44 8.5 5.94
2.9 5.32 8.1 6.42
2.82 4.14 9.34 6.48
2.82 3.74 9.66 6.4
2.72 3.72 9.88 6.6
2.88 3.84 8.64 5.48
2.9 3.82 9.4 6.22
2.86 4.82 8.12 5.94
2.94 4.82 8.4 6.22
2.84 4.38 9.26 6.64
2.76 3.94 9.56 6.5
2.9 4.38 9.26 6.64
2.88 4.68 8.2 5.88
2.72 4.14 9.62 6.76
2.82 4.34 8.96 6.3
2.82 4.78 8.04 5.82
2.84 4.6 8.6 6.2
2.84 4.42 9.34 6.76
2.9 5.78 7.42 6.2
2.8 4.2 8.5 5.7
2.8 4.2 9.04 6.24
2.82 4.68 8.58 6.26
2.82 4.94 7.94 5.88
2.92 4.86 8.1 5.96
2.88 5.34 7.76 6.1
2.74 3.6 10.62 7.22
2.8 5.02 8.78 6.8
2.78 4.34 8.86 6.2
2.84 4.92 7.7 5.62
2.94 5.2 8.18 6.38
2.9 4.88 7.5 5.38
2.88 5.22 8.2 6.42
2.88 4.2 8.64 5.84
2.88 5.2 8.26 6.46
2.9 4.74 7.98 5.72
2.78 4.84 8.44 6.28
2.94 4.72 7.98 5.7
2.84 4.06 9.52 6.58
2.82 3.3 9.5 5.8
2.72 4.82 8.16 5.98
2.82 4.62 9.06 6.68
2.8 4.68 8.7 6.38
2.9 4.58 8.72 6.3
2.86 4.52 8.74 6.26
2.78 4.0 9.56 6.56
2.92 4.88 8.06 5.94
2.9 4.62 8.62 6.24
2.92 5.14 7.78 5.92
2.88 3.9 10.36 7.26
2.9 4.94 7.72 5.66
2.86 4.18 9.06 6.24
2.96 5.46 7.78 6.24
2.88 5.16 7.7 5.86
2.84 4.76 8.96 6.72
2.86 3.76 8.98 5.74
2.84 4.74 9.04 6.78
2.82 4.58 8.56 6.14
2.82 4.8 8.42 6.22
2.94 4.46 8.62 6.08
2.84 5.14 8.98 7.12
2.86 3.32 9.56 5.88
2.82 4.28 9.26 6.54
2.9 4.4 9.82 7.22
2.78 3.96 9.2 6.16
2.82 4.54 9.02 6.56
2.82 4.76 8.8 6.56
2.78 4.12 9.92 7.04
2.86 4.46 8.4 5.86
2.84 4.58 8.62 6.2
2.8 5.0 8.92 6.92
2.9 4.54 8.74 6.28
2.84 3.78 9.3 6.08
2.76 3.84 9.14 5.98
2.86 4.58 8.62 6.2
2.88 4.32 9.42 6.74
2.92 4.7 8.0 5.7
2.8 4.26 9.54 6.8
2.9 4.16 8.98 6.14
2.88 4.2 9.24 6.44
2.9 4.14 9.24 6.38
2.84 4.3 9.32 6.62
2.92 5.26 8.34 6.6
2.86 4.54 8.14 5.68
2.8 4.08 9.06 6.14
2.84 4.3 8.84 6.14
2.86 4.28 8.74 6.02
2.88 4.26 9.36 6.62
2.82 4.3 9.08 6.38
2.92 5.04 8.58 6.62
2.76 3.78 9.48 6.26
2.82 4.28 9.32 6.6
2.86 4.38 8.94 6.32
2.82 4.96 8.94 6.9
2.8 4.06 9.36 6.42
2.88 4.72 8.68 6.4
2.94 3.98 9.36 6.34
2.84 4.26 8.98 6.24
2.78 4.02 9.12 6.14
2.86 4.74 8.28 6.02
2.8 4.0 9.48 6.48
2.82 4.28 8.8 6.08
2.88 4.9 7.76 5.66
2.94 4.96 8.22 6.18
2.9 4.36 9.1 6.46
2.76 3.7 9.6 6.3
2.84 5.22 7.92 6.14
2.82 5.06 7.98 6.04
2.82 4.1 9.16 6.26
2.86 3.5 9.64 6.14
2.82 4.86 8.28 6.14
2.86 5.14 8.12 6.26
2.72 3.86 10.44 7.3
2.9 4.82 8.24 6.06
2.96 5.28 7.74 6.02
2.88 4.64 8.92 6.56
2.9 4.7 8.64 6.34
2.86 4.34 9.46 6.8
2.86 4.06 8.66 5.72
2.82 5.12 8.32 6.44
2.84 3.52 9.96 6.48
2.86 3.84 9.1 5.94
2.84 4.66 9.02 6.68
2.82 4.66 8.38 6.04
2.86 4.92 8.58 6.5
2.86 4.4 8.5 5.9
2.72 3.54 10.08 6.62
2.8 4.76 8.68 6.44
2.76 4.58 8.74 6.32
2.88 5.2 8.7 6.9
2.96 5.32 7.44 5.76
2.7 4.54 8.9 6.44
2.84 4.8 8.9 6.7
2.68 4.12 9.56 6.68
2.86 4.66 9.46 7.12
2.92 4.74 8.54 6.28
2.8 4.62 9.2 6.82
2.82 4.64 9.0 6.64
2.84 4.08 9.58 6.66
2.86 3.88 9.58 6.46
2.84 4.62 9.06 6.68
2.84 4.18 8.86 6.04
2.84 4.32 9.32 6.64
2.9 4.52 8.6 6.12
2.9 4.0 9.02 6.02
2.92 5.22 8.52 6.74
2.88 4.38 8.56 5.94
2.96 5.08 7.62 5.7
2.8 4.12 9.32 6.44
2.86 4.02 9.66 6.68
2.76 4.2 9.34 6.54
2.9 4.54 8.58 6.12
2.76 3.68 9.98 6.66
2.92 5.34 7.62 5.96
2.74 4.48 8.58 6.06
2.82 4.5 9.38 6.88
2.86 4.64 8.08 5.72
2.78 3.86 9.26 6.12
2.88 4.56 8.84 6.4
2.86 4.16 9.36 6.52
2.84 3.92 9.74 6.66
2.8 4.68 8.62 6.3
2.82 4.9 8.3 6.2
2.86 4.66 8.9 6.56
2.88 4.68 9.28 6.96
2.72 4.68 8.6 6.28
2.8 4.78 8.48 6.26
2.86 4.4 9.24 6.64
2.88 4.28 9.26 6.54
2.74 4.34 8.58 5.92
2.76 4.16 9.46 6.62
2.76 4.66 8.8 6.46
2.8 4.0 9.64 6.64
2.76 4.48 8.76 6.24
2.88 4.92 8.68 6.6
2.92 4.54 9.72 7.26
2.88 5.04 8.42 6.46
2.8 4.36 9.82 7.18
2.94 4.94 8.22 6.16
2.86 4.64 9.02 6.66
2.92 5.14 8.54 6.68
2.88 4.5 8.6 6.1
2.9 5.36 7.58 5.94
2.94 4.64 8.58 6.22
2.82 4.42 8.68 6.1
2.78 4.82 8.78 6.6
2.78 3.76 9.24 6.0
2.82 4.44 8.62 6.06
2.72 4.54 8.52 6.06
2.82 4.6 9.14 6.74
2.82 4.82 8.04 5.86
2.86 4.34 9.38 6.72
2.92 5.32 7.86 6.18
2.86 4.84 8.32 6.16
2.78 4.82 8.82 6.64
2.9 4.32 8.9 6.22
2.9 4.14 9.1 6.24
2.88 4.6 8.42 6.02
2.88 5.06 8.08 6.14
2.78 4.5 8.98 6.48
2.86 4.82 9.26 7.08
2.82 4.28 9.44 6.72
2.92 3.94 9.6 6.54
2.88 4.52 8.8 6.32
2.84 4.64 9.16 6.8
2.76 3.08 10.56 6.64
2.9 4.62 8.7 6.32
2.92 4.56 8.82 6.38
2.9 4.5 9.52 7.02
2.88 5.34 7.84 6.18
2.76 4.36 8.82 6.18
2.8 3.68 9.86 6.54
2.76 4.4 9.14 6.54
2.76 4.82 8.82 6.64
2.82 4.0 9.18 6.18
2.88 5.3 8.54 6.84
2.78 3.94 9.16 6.1
2.78 4.02 9.24 6.26
2.76 5.08 8.72 6.8
2.82 4.24 9.56 6.8
2.8 4.26 9.06 6.32
2.86 3.64 9.74 6.38
2.88 4.84 8.36 6.2
2.86 5.4 7.4 5.8
2.88 4.44 8.76 6.2
2.88 4.34 9.44 6.78
2.9 5.16 8.68 6.84
2.86 5.08 8.3 6.38
2.74 3.96 9.16 6.12
2.92 4.72 9.02 6.74
2.8 4.36 8.38 5.74
2.9 5.58 7.36 5.94
2.84 4.24 9.02 6.26
2.88 4.18 9.36 6.54
2.86 3.86 9.08 5.94
2.86 4.56 8.76 6.32
2.9 4.52 9.1 6.62
2.9 4.56 8.92 6.48
2.96 5.5 8.18 6.68
2.88 4.8 9.08 6.88
2.84 3.78 10.02 6.8
2.8 4.74 7.68 5.42
2.78 4.12 9.26 6.38
2.84 4.24 8.74 5.98
2.74 3.8 9.94 6.74
2.82 3.96 9.88 6.84
2.78 4.36 8.52 5.88
2.92 5.52 7.64 6.16
2.86 4.64 8.38 6.02
2.8 3.56 9.5 6.06
2.9 4.42 8.46 5.88
2.96 5.32 7.02 5.34
2.94 4.8 8.16 5.96
2.78 4.7 9.12 6.82
2.92 5.0 7.36 5.36
2.94 5.0 7.98 5.98
2.84 4.54 8.64 6.18
2.82 4.54 9.24 6.78
2.78 4.22 9.22 6.44
2.86 4.86 8.18 6.04
2.86 4.18 9.06 6.24
2.78 4.56 9.06 6.62
2.86 4.54 8.32 5.86
2.76 4.12 8.5 5.62
2.84 5.02 9.12 7.14
2.92 5.14 8.16 6.3
2.68 4.56 9.56 7.12
2.92 5.76 7.08 5.84
2.84 4.38 8.88 6.26
2.82 4.8 8.84 6.64
2.76 4.24 8.74 5.98
2.94 4.6 8.26 5.86
2.78 5.22 8.56 6.78
2.88 4.44 8.98 6.42
2.88 5.3 8.14 6.44
2.72 4.28 8.48 5.76
2.78 4.54 8.54 6.08
2.72 4.62 9.0 6.62
2.9 4.4 9.16 6.56
2.8 4.54 9.06 6.6
2.88 4.48 8.42 5.9
2.86 4.34 8.18 5.52
2.92 4.92 8.66 6.58
2.64 3.52 9.78 6.3
2.74 4.04 9.74 6.78
2.84 5.3 8.5 6.8
2.82 4.92 9.02 6.94
2.78 4.34 9.4 6.74
2.94 4.78 8.32 6.1
2.82 4.12 8.74 5.86
2.9 4.0 9.08 6.08
2.76 4.0 10.14 7.14
2.78 3.52 10.2 6.72
2.78 4.54 9.54 7.08
2.8 3.8 9.84 6.64
2.82 4.98 8.12 6.1
2.74 5.0 8.32 6.32
2.84 5.06 9.36 7.42
2.82 4.64 8.72 6.36
2.8 4.62 9.2 6.82
2.78 5.22 8.1 6.32
2.7 4.74 8.7 6.44
2.88 4.7 9.08 6.78
2.94 4.8 8.32 6.12
2.76 4.02 9.86 6.88
2.84 4.0 9.4 6.4
2.84 4.22 9.4 6.62
2.9 4.36 9.08 6.44
2.92 5.08 7.64 5.72
2.82 4.54 9.54 7.08
2.84 4.3 9.12 6.42
2.82 4.78 8.06 5.84
2.86 4.52 8.46 5.98
2.78 4.28 8.7 5.98
2.84 4.32 9.28 6.6
2.86 4.82 7.56 5.38
2.82 4.42 8.66 6.08
2.84 4.84 8.78 6.62
2.92 4.42 8.28 5.7
2.86 3.78 9.32 6.1
2.82 3.9 9.48 6.38
2.84 4.3 8.56 5.86
2.84 4.5 9.32 6.82
2.74 3.84 9.16 6.0
2.9 4.6 8.7 6.3
2.88 4.5 8.72 6.22
2.78 4.28 8.64 5.92
2.82 4.44 8.78 6.22
2.92 5.58 7.88 6.46
2.9 5.02 8.3 6.32
2.88 4.74 8.44 6.18
2.9 4.4 9.3 6.7
2.88 4.76 9.06 6.82
2.88 4.16 9.62 6.78
2.72 4.56 8.66 6.22
2.82 4.04 9.02 6.06
2.82 4.22 9.12 6.34
2.82 3.94 9.18 6.12
2.92 5.22 8.3 6.52
2.88 5.08 8.66 6.74
2.94 4.68 8.36 6.04
2.72 4.46 9.12 6.58
2.9 5.32 8.02 6.34
2.9 4.54 8.64 6.18
2.74 4.24 9.24 6.48
2.84 4.56 8.62 6.18
2.92 4.4 9.24 6.64
2.92 4.92 8.06 5.98
2.76 3.72 9.48 6.2
2.82 4.94 8.62 6.56
2.92 4.1 8.54 5.64
2.78 4.12 8.96 6.08
2.84 4.66 8.42 6.08
2.8 4.2 8.62 5.82
2.84 4.72 8.42 6.14
2.8 4.38 8.7 6.08
2.78 4.14 9.46 6.6
2.82 4.0 9.08 6.08
2.82 4.48 9.68 7.16
2.88 5.36 8.02 6.38
2.8 5.08 8.54 6.62
2.88 4.58 8.28 5.86
2.9 4.08 8.62 5.7
2.84 4.38 9.2 6.58
2.82 4.56 8.8 6.36
2.82 4.28 9.5 6.78
2.8 4.94 8.7 6.64
2.92 4.8 8.0 5.8
2.8 4.7 9.48 7.18
2.9 4.88 8.34 6.22
2.88 4.34 8.9 6.24
2.8 3.52 9.22 5.74
2.84 3.92 10.0 6.92
2.86 4.12 9.18 6.3
2.8 4.92 8.48 6.4
2.96 5.02 7.76 5.78
2.78 4.32 9.0 6.32
2.88 4.44 8.72 6.16
2.84 4.94 8.54 6.48
2.8 5.14 8.52 6.66
2.82 4.5 9.94 7.44
2.82 4.9 8.42 6.32
2.9 5.4 8.08 6.48
2.82 4.58 8.58 6.16
2.88 4.38 9.22 6.6
2.88 4.04 9.42 6.46
2.8 4.0 8.76 5.76
2.8 4.48 8.84 6.32
2.9 4.22 9.7 6.92
2.86 4.76 8.82 6.58
2.88 4.94 8.6 6.54
2.96 4.46 7.84 5.3
2.86 4.2 9.72 6.92
2.78 4.46 8.96 6.42
2.92 4.66 9.0 6.66
2.88 4.62 8.82 6.44
2.76 3.46 10.28 6.74
2.88 5.18 8.2 6.38
2.74 4.24 9.28 6.52
2.86 4.44 8.5 5.94
2.86 4.64 8.82 6.46
2.78 4.34 9.64 6.98
2.8 4.46 9.36 6.82
2.86 4.16 8.72 5.88
2.94 5.1 7.68 5.78
2.9 4.48 9.58 7.06
2.8 3.6 8.94 5.54
2.92 5.24 8.76 7.0
2.9 5.14 7.96 6.1
2.92 5.14 8.06 6.2
2.7 4.16 9.12 6.28
2.82 4.64 9.34 6.98
2.9 5.34 8.28 6.62
2.82 4.46 9.34 6.8
2.88 4.68 8.8 6.48
2.88 4.26 9.18 6.44
2.86 5.1 7.98 6.08
2.9 5.06 8.5 6.56
2.88 4.8 8.24 6.04
2.88 4.3 9.6 6.9
2.86 4.54 9.84 7.38
2.82 4.08 10.3 7.38
2.9 4.96 8.1 6.06
2.78 4.32 9.12 6.44
2.88 4.18 9.04 6.22
2.86 4.78 9.04 6.82
2.94 4.24 9.06 6.3
2.88 4.0 8.98 5.98
2.92 5.52 7.32 5.84
2.88 4.5 8.16 5.66
2.88 4.7 8.62 6.32
2.82 5.16 8.42 6.58
2.8 4.06 8.7 5.76
2.84 4.08 8.7 5.78
2.8 4.08 9.48 6.56
2.74 3.88 9.0 5.88
2.76 3.88 9.52 6.4
2.8 4.64 9.5 7.14
2.82 4.3 8.74 6.04
2.78 3.34 10.78 7.12
2.88 4.84 8.22 6.06
2.9 5.46 9.06 7.52
2.86 5.1 7.98 6.08
2.86 4.48 8.58 6.06
2.86 4.82 8.64 6.46
2.9 4.42 8.22 5.64
2.9 4.66 8.52 6.18
2.9 4.12 8.86 5.98
2.92 6.06 7.24 6.3
2.84 5.1 8.14 6.24
2.86 4.84 8.86 6.7
2.82 3.94 10.36 7.3
2.92 4.94 8.16 6.1
2.86 5.26 7.96 6.22
2.84 4.98 7.76 5.74
2.72 4.76 9.14 6.9
2.78 4.82 9.06 6.88
2.84 4.72 8.5 6.22
2.9 4.08 9.2 6.28
2.92 4.84 8.2 6.04
2.86 4.52 8.56 6.08
2.86 5.2 7.88 6.08
2.86 4.5 8.86 6.36
2.92 5.0 8.08 6.08
2.76 3.94 9.5 6.44
2.88 4.28 9.3 6.58
2.9 5.04 7.8 5.84
2.82 4.96 8.82 6.78
2.84 4.46 9.0 6.46
2.78 5.18 8.06 6.24
2.72 4.78 8.0 5.78
2.88 3.82 8.56 5.38
2.88 3.86 8.92 5.78
2.86 5.16 7.7 5.86
2.7 3.8 9.88 6.68
2.88 4.38 8.04 5.42
2.66 4.36 8.86 6.22
2.76 4.12 9.32 6.44
2.86 4.82 8.5 6.32
2.86 4.46 8.62 6.08
2.82 4.18 9.12 6.3
2.9 4.78 8.66 6.44
2.82 3.44 9.3 5.74
2.86 4.88 8.7 6.58
2.84 5.76 8.0 6.76
2.8 4.94 9.24 7.18
2.86 4.6 9.02 6.62
2.94 4.4 8.98 6.38
2.84 3.7 9.48 6.18
2.84 4.02 9.4 6.42
2.76 3.8 10.02 6.82
2.86 4.82 8.66 6.48
2.86 4.68 8.44 6.12
2.9 4.48 9.1 6.58
2.96 4.54 8.58 6.12
2.86 4.0 9.28 6.28
2.68 3.94 9.48 6.42
2.8 4.32 9.26 6.58
2.86 4.28 8.82 6.1
2.78 3.58 10.1 6.68
2.76 4.32 9.02 6.34
2.86 4.88 7.9 5.78
2.76 4.16 9.0 6.16
2.82 4.82 8.6 6.42
2.8 4.34 8.18 5.52
2.84 4.02 9.72 6.74
2.92 4.2 9.32 6.52
2.84 5.1 8.54 6.64
2.84 4.58 8.6 6.18
2.88 4.96 8.24 6.2
2.96 5.18 8.08 6.26
2.82 4.28 9.48 6.76
2.8 4.82 8.36 6.18
2.86 5.74 8.14 6.88
2.78 3.76 9.42 6.18
2.76 4.34 8.68 6.02
2.78 3.8 9.44 6.24
2.8 4.62 9.0 6.62
2.86 4.52 9.16 6.68
2.9 3.68 9.24 5.92
2.94 5.64 7.74 6.38
2.78 4.18 8.82 6.0
2.84 4.06 9.0 6.06
2.8 4.04 9.36 6.4
2.74 4.2 9.82 7.02
2.92 5.48 7.6 6.08
2.86 4.28 8.86 6.14
2.74 4.64 9.34 6.98
2.9 5.24 7.94 6.18
2.74 4.6 8.52 6.12
2.84 5.08 8.18 6.26
2.84 4.46 8.68 6.14
2.9 4.96 8.04 6.0
2.86 4.7 8.08 5.78
2.9 5.16 8.32 6.48
2.72 3.94 9.42 6.36
2.82 4.9 8.08 5.98
2.82 4.42 8.7 6.12
2.9 4.06 8.54 5.6
2.76 4.8 8.54 6.34
2.88 4.22 8.72 5.94
2.64 3.36 10.54 6.9
2.88 4.72 8.06 5.78
2.74 4.08 9.24 6.32
2.76 3.98 9.5 6.48
2.74 4.2 8.96 6.16
2.84 5.12 8.38 6.5
2.86 4.5 8.86 6.36
2.74 3.58 10.1 6.68
2.88 3.92 9.66 6.58
2.92 4.02 8.82 5.84
2.76 3.72 9.38 6.1
2.78 4.48 9.2 6.68
2.8 3.66 9.74 6.4
2.9 4.26 8.34 5.6
2.74 4.62 8.64 6.26
2.88 5.14 8.48 6.62
2.84 4.14 9.36 6.5
2.86 4.82 8.92 6.74
2.88 5.06 8.2 6.26
2.9 4.74 8.28 6.02
2.86 4.42 8.32 5.74
2.82 4.1 9.06 6.16
2.74 4.3 9.58 6.88
2.78 5.28 8.26 6.54
2.92 4.16 8.92 6.08
2.86 5.36 7.64 6.0
2.8 4.64 9.18 6.82
2.92 5.0 8.92 6.92
2.92 4.96 8.46 6.42
2.78 4.56 9.06 6.62
2.88 3.66 9.86 6.52
2.82 4.94 8.22 6.16
2.82 4.58 9.56 7.14
2.9 4.48 8.9 6.38
2.82 5.72 8.04 6.76
2.84 4.66 9.34 7.0
2.88 4.6 9.38 6.98
2.94 5.52 7.64 6.16
2.84 4.88 8.7 6.58
2.74 3.74 9.46 6.2
2.82 4.38 8.7 6.08
2.72 3.84 9.56 6.4
2.78 3.98 9.58 6.56
2.86 4.5 8.78 6.28
2.74 4.58 8.92 6.5
2.8 4.34 9.12 6.46
2.86 4.48 8.7 6.18
2.78 4.26 9.7 6.96
2.92 4.58 8.42 6.0
2.74 4.78 8.62 6.4
2.88 4.32 9.22 6.54
2.86 4.92 8.3 6.22
2.94 4.68 8.5 6.18
2.9 4.48 8.46 5.94
2.88 4.12 9.66 6.78
2.88 4.26 8.16 5.42
2.84 4.84 8.84 6.68
2.78 4.86 7.92 5.78
2.9 4.76 8.3 6.06
2.86 4.0 9.0 6.0
2.9 4.64 8.42 6.06
2.84 3.82 8.78 5.6
2.9 4.86 8.22 6.08
2.88 4.9 8.78 6.68
2.84 4.02 9.1 6.12
2.88 5.68 7.52 6.2
2.86 5.04 8.26 6.3
2.82 4.42 9.18 6.6
2.9 4.5 8.84 6.34
2.78 4.1 8.92 6.02
2.76 3.44 9.88 6.32
2.92 4.0 9.02 6.02
2.88 4.56 8.46 6.02
2.88 4.62 9.3 6.92
2.82 4.06 9.04 6.1
2.74 3.82 9.62 6.44
2.86 3.78 9.42 6.2
2.96 4.78 8.84 6.62
2.96 4.68 8.8 6.48
2.64 3.58 10.38 6.96
2.84 4.34 9.42 6.76
2.78 4.28 9.12 6.4
2.88 4.42 8.58 6.0
2.86 3.98 9.02 6.0
2.7 4.02 9.68 6.7
2.76 3.42 10.1 6.52
2.88 4.9 8.74 6.64
2.78 4.54 8.06 5.6
2.82 4.0 9.44 6.44
2.84 4.22 8.92 6.14
2.86 5.22 7.88 6.1
2.86 4.84 8.54 6.38
2.86 4.9 8.42 6.32
2.7 4.68 9.12 6.8
2.88 4.74 8.52 6.26
2.86 4.46 8.76 6.22
2.86 4.7 8.24 5.94
2.92 5.42 7.5 5.92
2.86 5.36 8.06 6.42
2.76 3.88 9.96 6.84
2.86 4.46 8.64 6.1
2.84 4.44 9.18 6.62
2.94 4.22 9.04 6.26
2.84 4.1 9.34 6.44
2.8 3.76 9.76 6.52
2.82 4.6 8.56 6.16
2.88 4.62 8.24 5.86
2.86 4.56 8.6 6.16
2.88 4.74 8.06 5.8
2.82 4.06 9.9 6.96
2.8 4.38 9.62 7.0
2.88 4.24 8.3 5.54
2.88 5.3 8.3 6.6
2.86 4.36 9.08 6.44
2.78 3.62 9.22 5.84
2.88 4.42 8.66 6.08
2.84 4.54 8.04 5.58
2.9 4.42 8.54 5.96
2.78 4.5 9.16 6.66
2.74 4.22 9.82 7.04
2.82 4.56 9.06 6.62
2.86 5.0 8.36 6.36
2.84 4.36 8.38 5.74
2.86 4.58 8.78 6.36
2.9 4.28 8.44 5.72
2.86 5.0 8.28 6.28
2.76 3.92 9.52 6.44
2.88 4.54 8.92 6.46
2.78 4.5 9.2 6.7
2.88 4.1 9.3 6.4
2.78 4.06 9.06 6.12
2.9 4.48 8.64 6.12
2.8 4.4 8.54 5.94
2.88 4.68 8.32 6.0
2.74 4.26 9.52 6.78
2.9 4.98 8.24 6.22
2.82 4.9 8.26 6.16
2.78 4.68 8.68 6.36
2.8 4.94 8.22 6.16
2.76 4.62 8.54 6.16
2.84 4.3 8.88 6.18
2.9 4.5 9.02 6.52
2.88 5.24 8.3 6.54
2.82 4.22 8.8 6.02
2.82 4.36 9.72 7.08
2.84 4.68 8.32 6.0
2.9 4.42 9.28 6.7
2.88 5.44 8.32 6.76
2.88 4.6 8.18 5.78
2.86 5.0 8.52 6.52
2.96 4.78 8.38 6.16
2.92 5.28 7.86 6.14
2.8 4.64 9.28 6.92
2.84 5.06 8.2 6.26
2.84 4.1 9.38 6.48
2.78 3.84 9.62 6.46
2.84 4.16 9.24 6.4
2.78 3.84 9.62 6.46
2.86 5.06 7.72 5.78
2.94 4.76 8.32 6.08
2.86 4.28 9.18 6.46
2.88 4.46 8.2 5.66
2.9 4.56 8.16 5.72
2.84 4.72 8.48 6.2
2.86 4.68 8.54 6.22
2.86 4.64 9.06 6.7
2.76 4.48 8.84 6.32
2.88 4.7 8.02 5.72
2.78 4.26 9.3 6.56
2.74 4.02 9.62 6.64
2.86 4.4 9.22 6.62
2.84 3.96 9.28 6.24
2.78 4.2 9.46 6.66
2.86 4.58 8.98 6.56
2.92 4.86 8.78 6.64
2.82 4.64 9.1 6.74
2.94 4.22 9.08 6.3
2.82 4.44 8.98 6.42
2.9 4.84 7.88 5.72
2.68 3.16 10.0 6.16
2.8 3.94 9.18 6.12
2.88 4.38 8.88 6.26
2.88 5.02 7.34 5.36
2.82 4.38 8.84 6.22
2.88 4.82 8.2 6.02
2.9 4.78 8.96 6.74
2.94 4.78 7.92 5.7
2.82 3.64 9.76 6.4
2.8 4.08 8.9 5.98
2.88 4.68 9.42 7.1
2.84 4.2 9.42 6.62
2.84 4.36 9.48 6.84
2.8 4.18 8.84 6.02
2.86 4.62 8.36 5.98
2.88 4.0 9.52 6.52
2.78 3.9 8.62 5.52
2.88 4.66 9.22 6.88
2.86 4.86 9.08 6.94
2.88 4.82 8.82 6.64
2.8 3.92 9.06 5.98
2.78 3.78 10.54 7.32
2.86 4.32 8.92 6.24
2.9 3.46 10.84 7.3
2.84 4.76 8.3 6.06
2.92 4.44 8.62 6.06
2.8 4.96 8.74 6.7
2.9 4.34 8.72 6.06
2.82 4.16 9.22 6.38
2.82 4.02 9.08 6.1
2.92 5.28 7.34 5.62
2.82 4.46 8.8 6.26
2.8 4.04 8.98 6.02
2.88 4.32 9.1 6.42
2.88 4.68 7.6 5.28
2.76 4.86 8.68 6.54
2.9 4.36 8.84 6.2
2.94 4.84 8.54 6.38
2.96 5.04 8.44 6.48
2.9 5.08 7.94 6.02
2.84 4.38 7.92 5.3
2.92 5.22 7.64 5.86
2.84 4.14 9.1 6.24
2.9 4.68 8.6 6.28
2.88 4.58 8.16 5.74
2.72 4.16 9.12 6.28
2.9 4.4 8.76 6.16
2.8 4.82 8.54 6.36
2.8 5.22 8.1 6.32
2.88 5.38 7.82 6.2
2.82 3.84 9.62 6.46
2.82 4.24 8.7 5.94
2.84 3.98 9.4 6.38
2.78 4.84 8.0 5.84
2.88 4.92 8.62 6.54
2.84 5.02 8.64 6.66
2.9 4.34 9.16 6.5
2.86 4.36 9.1 6.46
2.82 4.34 9.18 6.52
2.96 4.88 7.98 5.86
2.84 4.16 9.28 6.44
2.72 4.64 8.94 6.58
2.92 4.58 8.36 5.94
2.86 4.8 8.6 6.4
2.88 4.34 9.24 6.58
2.92 4.62 7.9 5.52
2.86 4.48 9.36 6.84
2.82 3.74 9.36 6.1
2.8 4.76 8.68 6.44
2.82 4.62 8.52 6.14
2.94 4.34 8.6 5.94
2.8 4.78 8.52 6.3
2.78 4.18 9.16 6.34
2.9 5.18 8.62 6.8
2.72 3.86 9.2 6.06
2.92 4.92 7.86 5.78
2.88 4.06 9.06 6.12
2.86 4.58 9.34 6.92
2.94 4.0 9.16 6.16
2.86 3.46 9.54 6.0
2.92 5.12 8.32 6.44
2.78 4.36 9.44 6.8
2.9 5.48 7.92 6.4
2.88 5.0 8.96 6.96
2.78 4.44 8.86 6.3
2.8 3.98 9.46 6.44
2.82 4.34 9.06 6.4
2.9 4.12 9.96 7.08
2.78 4.04 9.58 6.62
2.82 3.38 9.3 5.68
2.86 4.48 8.92 6.4
2.86 4.8 8.5 6.3
2.82 4.6 8.98 6.58
2.84 4.12 9.46 6.58
2.88 4.98 7.92 5.9
2.74 4.34 8.7 6.04
2.88 4.58 9.1 6.68
2.88 3.96 9.46 6.42
2.9 4.76 8.98 6.74
2.8 4.3 9.1 6.4
2.8 3.6 9.98 6.58
2.9 5.72 7.46 6.18
2.84 4.74 8.44 6.18
2.84 4.12 8.42 5.54
2.86 4.9 8.56 6.46
2.8 4.38 9.38 6.76
2.84 5.18 8.62 6.8
2.88 5.06 8.04 6.1
2.8 4.2 9.56 6.76
2.78 3.7 9.36 6.06
2.84 4.66 8.76 6.42
2.92 4.74 8.62 6.36
2.8 4.44 9.34 6.78
2.88 4.18 9.26 6.44
2.78 4.22 9.12 6.34
2.86 4.66 8.56 6.22
2.82 4.1 8.9 6.0
2.9 4.72 7.84 5.56
2.86 4.12 9.06 6.18
2.9 4.9 8.48 6.38
2.86 4.4 9.24 6.64
2.8 4.76 8.78 6.54
2.88 5.28 8.32 6.6
2.74 3.84 9.36 6.2
2.74 3.74 9.56 6.3
2.72 4.22 8.96 6.18
2.84 4.68 8.62 6.3
2.92 4.7 8.94 6.64
2.86 4.1 9.44 6.54
2.9 5.36 7.4 5.76
2.84 4.78 8.74 6.52
2.9 4.68 8.44 6.12
2.84 3.7 9.86 6.56
2.82 3.66 9.8 6.46
2.9 4.1 9.78 6.88
2.92 4.24 9.0 6.24
2.9 4.94 8.42 6.36
2.8 4.02 9.68 6.7
2.78 4.2 9.96 7.16
2.86 5.02 7.9 5.92
2.86 3.6 10.32 6.92
2.86 3.96 9.52 6.48
2.96 4.38 8.92 6.3
2.8 4.74 8.82 6.56
2.92 4.28 8.98 6.26
2.82 5.1 8.22 6.32
2.78 4.04 8.96 6.0
2.92 4.76 8.66 6.42
2.92 4.68 8.2 5.88
2.82 4.48 8.88 6.36
2.84 4.14 9.3 6.44
2.76 3.78 9.54 6.32
2.82 3.88 9.82 6.7
2.84 4.06 9.1 6.16
2.88 5.62 7.46 6.08
2.76 5.02 8.44 6.46
2.88 4.7 7.88 5.58
2.78 3.78 8.74 5.52
2.92 4.08 9.2 6.28
2.92 5.44 8.24 6.68
2.96 5.28 7.3 5.58
2.8 4.88 7.34 5.22
2.82 4.62 8.42 6.04
2.88 3.74 9.12 5.86
2.82 4.08 9.64 6.72
2.76 3.7 8.84 5.54
2.82 4.72 8.4 6.12
2.86 4.9 8.36 6.26
2.9 4.78 8.24 6.02
2.88 4.14 8.48 5.62
2.88 4.06 9.3 6.36
2.9 5.12 7.36 5.48
2.86 4.24 9.06 6.3
2.82 4.32 8.98 6.3
2.78 4.36 9.16 6.52
2.84 4.76 9.04 6.8
2.76 4.36 8.78 6.14
2.94 5.6 8.1 6.7
2.84 4.58 9.0 6.58
2.88 3.84 9.04 5.88
2.82 3.6 9.9 6.5
2.82 4.6 8.84 6.44
2.88 4.42 9.22 6.64
2.82 4.52 8.0 5.52
2.8 4.76 8.9 6.66
2.84 4.8 8.56 6.36
2.92 5.02 7.98 6.0
2.86 4.56 8.12 5.68
2.76 3.86 9.9 6.76
2.74 4.5 9.02 6.52
2.9 5.3 7.14 5.44
2.76 4.36 9.04 6.4
2.82 4.32 8.38 5.7
2.88 5.54 9.16 7.7
2.86 4.0 9.44 6.44
2.76 4.32 8.56 5.88
2.9 4.16 9.4 6.56
2.98 5.32 7.8 6.12
2.84 4.08 9.38 6.46
2.88 5.16 7.6 5.76
2.82 4.16 8.82 5.98
2.94 4.8 8.46 6.26
2.74 4.12 9.24 6.36
2.9 4.46 9.2 6.66
2.96 4.94 8.58 6.52
2.8 4.38 9.18 6.56
2.94 4.46 8.86 6.32
2.8 4.18 9.44 6.62
2.86 4.1 8.5 5.6
2.72 4.3 9.14 6.44
2.8 4.1 9.7 6.8
2.94 5.08 8.3 6.38
2.9 5.1 7.7 5.8
2.84 4.34 9.14 6.48
2.78 3.98 9.08 6.06
2.82 4.76 8.68 6.44
2.92 4.82 8.5 6.32
2.86 4.32 9.12 6.44
2.8 4.36 8.94 6.3
2.92 5.2 6.92 5.12
2.84 4.08 9.48 6.56
2.74 4.32 9.06 6.38
2.88 5.94 8.42 7.36
2.96 4.1 9.16 6.26
2.84 4.78 8.46 6.24
2.82 4.04 9.44 6.48
2.76 4.36 8.96 6.32
2.88 4.8 8.64 6.44
2.88 4.76 8.74 6.5
2.92 4.34 8.72 6.06
2.94 3.92 9.66 6.58
2.84 4.3 9.76 7.06
2.88 4.52 9.08 6.6
2.84 4.32 8.92 6.24
2.88 4.66 9.24 6.9
2.88 4.7 9.06 6.76
2.94 5.22 8.88 7.1
2.9 5.22 7.92 6.14
2.86 4.7 9.24 6.94
2.94 5.72 7.9 6.62
2.96 4.42 9.54 6.96
2.84 5.04 8.04 6.08
2.78 3.7 9.76 6.46
2.8 4.26 9.48 6.74
2.92 3.74 9.44 6.18
2.9 4.98 8.36 6.34
2.88 4.26 8.94 6.2
2.86 4.4 8.46 5.86
2.78 4.28 9.18 6.46
2.78 4.16 9.44 6.6
2.92 4.6 8.38 5.98
2.8 4.28 8.58 5.86
2.72 4.34 8.9 6.24
2.9 4.98 8.76 6.74
2.86 4.2 8.64 5.84
2.88 5.28 8.18 6.46
2.9 4.9 8.64 6.54
2.84 4.56 8.66 6.22
2.78 4.1 8.64 5.74
2.88 4.54 9.14 6.68
2.82 4.34 8.88 6.22
2.9 5.68 7.6 6.28
2.86 4.96 8.1 6.06
2.76 4.5 8.84 6.34
2.96 5.28 7.86 6.14
2.88 4.64 8.48 6.12
2.92 4.86 8.78 6.64
2.86 4.06 9.56 6.62
2.88 4.28 9.28 6.56
2.88 4.26 8.54 5.8
2.68 4.42 9.52 6.94
2.78 3.44 10.26 6.7
2.88 4.86 8.38 6.24
2.8 4.42 9.28 6.7
2.74 4.02 9.46 6.48
2.86 5.28 8.22 6.5
2.86 4.1 8.9 6.0
2.9 4.68 8.7 6.38
2.78 3.96 9.56 6.52
2.88 4.26 8.96 6.22
2.84 3.78 9.58 6.36
2.88 4.84 7.88 5.72
2.78 4.34 8.86 6.2
2.84 3.78 9.76 6.54
2.68 3.8 9.6 6.4
2.9 5.32 8.12 6.44
2.86 5.06 8.06 6.12
2.84 4.12 8.86 5.98
2.8 5.04 8.56 6.6
2.88 4.32 9.08 6.4
2.76 3.84 9.42 6.26
2.74 3.94 8.88 5.82
2.94 4.6 8.86 6.46
2.74 3.5 10.4 6.9
2.9 4.42 8.44 5.86
2.86 4.12 8.74 5.86
2.82 4.68 8.78 6.46
2.86 5.32 7.9 6.22
2.9 4.86 8.88 6.74
2.86 4.7 8.98 6.68
2.86 4.3 8.0 5.3
2.74 4.2 9.44 6.64
2.88 5.46 7.88 6.34
2.9 4.32 9.94 7.26
2.9 4.78 8.56 6.34
2.86 5.16 8.44 6.6
2.82 4.16 9.28 6.44
2.8 4.44 9.44 6.88
2.84 4.14 9.68 6.82
2.92 4.82 8.72 6.54
2.9 4.88 8.58 6.46
2.9 5.52 7.3 5.82
2.66 3.5 10.04 6.54
2.84 3.96 9.28 6.24
2.84 4.54 8.86 6.4
2.86 4.64 9.32 6.96
2.9 4.38 8.12 5.5
2.88 5.2 7.76 5.96
2.84 4.14 9.82 6.96
2.88 5.72 7.36 6.08
2.8 3.48 9.44 5.92
2.86 4.82 9.14 6.96
2.88 4.78 8.46 6.24
2.8 4.32 8.7 6.02
2.86 4.64 8.4 6.04
2.86 4.16 9.28 6.44
2.84 3.82 8.76 5.58
2.88 4.24 8.86 6.1
2.84 4.78 8.6 6.38
2.9 6.3 6.96 6.26
2.88 4.68 8.86 6.54
2.84 4.24 8.54 5.78
2.92 5.26 7.68 5.94
2.92 4.5 9.02 6.52
2.8 3.68 10.22 6.9
2.9 4.7 9.02 6.72
2.86 4.44 9.14 6.58
2.92 4.9 7.98 5.88
2.84 4.9 8.36 6.26
2.92 4.76 8.66 6.42
2.86 4.44 8.16 5.6
2.78 4.06 8.96 6.02
2.9 3.68 9.66 6.34
2.8 4.66 8.76 6.42
2.9 4.1 9.88 6.98
2.84 4.04 9.38 6.42
2.82 4.34 9.08 6.42
2.7 4.32 9.0 6.32
2.8 4.78 8.32 6.1
2.86 4.46 8.88 6.34
2.84 4.76 8.12 5.88
2.84 4.38 8.92 6.3
2.78 3.96 9.08 6.04
2.9 4.08 9.3 6.38
2.82 4.16 9.28 6.44
2.96 3.96 8.88 5.84
2.74 3.98 9.32 6.3
2.88 3.9 9.54 6.44
2.82 4.5 8.94 6.44
2.74 4.26 9.58 6.84
2.74 4.34 9.4 6.74
2.86 3.84 9.38 6.22
2.94 4.24 8.6 5.84
2.84 4.82 8.1 5.92
2.84 4.4 8.86 6.26
2.88 4.1 9.42 6.52
2.86 4.56 9.32 6.88
2.82 3.88 8.92 5.8
2.9 4.42 7.9 5.32
2.78 4.06 9.22 6.28
2.88 4.5 8.62 6.12
2.88 4.64 9.12 6.76
2.78 4.78 8.74 6.52
2.82 4.12 9.64 6.76
2.82 4.66 8.16 5.82
2.78 5.08 8.08 6.16
2.84 4.02 8.98 6.0
2.84 4.44 8.94 6.38
2.86 4.5 9.06 6.56
2.84 5.16 7.9 6.06
2.94 4.06 9.28 6.34
2.82 4.18 9.14 6.32
2.78 5.0 8.56 6.56
2.76 3.88 8.9 5.78
2.8 4.34 9.2 6.54
2.8 4.2 8.66 5.86
2.78 4.44 9.92 7.36
2.8 4.82 8.94 6.76
2.8 4.54 8.9 6.44
2.82 4.7 8.28 5.98
2.86 5.16 8.54 6.7
2.86 4.04 9.06 6.1
2.9 4.4 8.82 6.22
2.9 4.2 8.96 6.16
2.86 4.42 8.92 6.34
2.72 4.78 9.12 6.9
2.9 4.9 9.54 7.44
2.76 5.08 8.68 6.76
2.66 3.44 9.52 5.96
2.84 4.64 8.36 6.0
2.88 3.98 9.24 6.22
2.82 5.76 8.1 6.86
2.84 5.26 9.0 7.26
2.94 5.12 7.68 5.8
2.82 4.28 8.72 6.0
2.88 4.18 9.48 6.66
2.78 5.1 8.58 6.68
2.9 4.66 8.6 6.26
2.86 4.9 8.28 6.18
2.78 5.54 8.32 6.86
2.92 4.72 8.08 5.8
2.96 5.58 7.02 5.6
2.88 4.52 8.7 6.22
2.86 3.72 8.96 5.68
2.72 3.86 9.28 6.14
2.88 5.34 8.0 6.34
2.78 4.14 9.04 6.18
2.84 4.44 8.7 6.14
2.92 4.26 8.72 5.98
2.88 5.14 8.34 6.48
2.86 4.16 9.02 6.18
2.96 5.84 6.98 5.82
2.8 4.48 9.68 7.16
2.84 4.04 8.86 5.9
2.82 4.68 8.18 5.86
2.82 4.62 8.9 6.52
2.82 4.96 8.84 6.8
2.8 4.22 9.14 6.36
2.92 4.54 8.74 6.28
2.78 4.68 9.08 6.76
2.78 3.84 10.16 7.0
2.94 4.58 8.88 6.46
2.9 4.72 8.4 6.12
2.68 3.92 9.48 6.4
2.92 4.54 8.74 6.28
2.9 4.5 8.3 5.8
2.84 5.0 8.7 6.7
2.88 4.36 8.02 5.38
2.86 5.1 8.2 6.3
2.94 4.12 9.3 6.42
2.84 4.74 9.04 6.78
2.84 4.08 9.34 6.42
2.92 4.8 8.34 6.14
2.88 4.88 8.56 6.44
2.8 4.52 9.26 6.78
2.72 4.82 8.58 6.4
2.8 3.46 9.82 6.28
2.84 5.14 8.3 6.44
2.9 5.04 8.7 6.74
2.82 4.34 9.08 6.42
2.86 4.76 8.28 6.04
2.68 4.1 9.64 6.74
2.84 4.6 9.52 7.12
2.86 4.28 8.36 5.64
2.9 4.26 8.68 5.94
2.84 4.26 8.18 5.44
2.9 3.94 9.34 6.28
2.84 5.04 8.58 6.62
2.86 4.6 8.64 6.24
2.82 3.86 9.72 6.58
2.82 3.74 10.64 7.38
2.88 4.78 8.76 6.54
2.9 4.78 8.22 6.0
2.92 3.92 9.24 6.16
2.88 4.08 9.42 6.5
2.86 4.3 8.76 6.06
2.9 5.3 7.32 5.62
2.84 4.18 8.5 5.68
2.86 5.0 8.34 6.34
2.78 4.74 8.26 6.0
2.84 4.44 8.78 6.22
2.78 4.16 9.66 6.82
2.86 5.02 8.06 6.08
2.84 4.56 9.68 7.24
2.84 3.88 9.54 6.42
2.86 5.2 7.9 6.1
2.9 5.24 8.0 6.24
2.76 4.4 9.06 6.46
2.76 3.96 9.48 6.44
2.78 4.08 8.86 5.94
2.8 4.56 8.24 5.8
2.76 3.48 10.1 6.58
2.88 4.14 8.4 5.54
2.84 4.26 9.2 6.46
2.82 4.78 8.28 6.06
2.8 4.38 9.0 6.38
2.94 3.84 9.4 6.24
2.8 4.84 8.5 6.34
2.88 4.82 8.48 6.3
2.72 3.96 9.08 6.04
2.8 4.2 9.58 6.78
2.9 5.54 8.14 6.68
2.88 4.1 8.92 6.02
2.86 4.26 8.98 6.24
2.82 4.1 9.04 6.14
2.9 4.88 8.58 6.46
2.86 4.54 8.96 6.5
2.88 4.26 8.56 5.82
2.86 5.44 8.02 6.46
2.8 4.26 9.68 6.94
2.84 4.7 8.82 6.52
2.82 5.32 8.08 6.4
2.84 3.92 8.54 5.46
2.88 3.9 9.52 6.42
2.82 4.56 8.16 5.72
2.88 4.7 8.62 6.32
2.9 4.06 9.22 6.28
2.84 4.66 8.86 6.52
2.86 4.58 8.8 6.38
2.86 4.24 9.38 6.62
2.8 4.22 8.88 6.1
2.88 3.98 9.3 6.28
2.9 4.54 8.2 5.74
2.88 4.48 7.8 5.28
2.74 3.9 10.14 7.04
2.84 4.98 8.56 6.54
2.8 4.46 9.5 6.96
2.8 5.02 8.7 6.72
2.94 5.0 8.08 6.08
2.9 5.34 8.02 6.36
2.66 3.92 9.52 6.44
2.88 4.3 9.22 6.52
2.9 4.48 9.26 6.74
2.76 4.18 9.74 6.92
2.86 4.26 9.62 6.88
2.86 4.42 9.32 6.74
2.9 4.82 8.66 6.48
2.88 5.5 8.14 6.64
2.78 4.28 9.0 6.28
2.86 4.36 9.06 6.42
2.82 4.48 9.42 6.9
2.74 3.96 9.22 6.18
2.76 3.38 9.46 5.84
2.86 4.62 8.88 6.5
2.84 5.0 8.58 6.58
2.76 4.76 8.78 6.54
2.8 4.3 9.34 6.64
2.86 4.1 8.96 6.06
2.88 4.9 8.74 6.64
2.9 5.2 8.26 6.46
2.84 4.64 8.3 5.94
2.94 4.62 8.88 6.5
2.86 5.14 7.68 5.82
2.94 5.58 7.5 6.08
2.88 4.26 9.2 6.46
2.78 3.84 9.24 6.08
2.82 4.32 8.9 6.22
2.88 4.88 7.58 5.46
2.78 4.24 9.2 6.44
2.94 3.92 9.1 6.02
2.9 3.88 9.18 6.06
2.88 4.26 8.92 6.18
2.82 4.76 8.38 6.14
2.8 4.28 9.18 6.46
2.9 4.24 9.14 6.38
2.9 4.56 9.0 6.56
2.78 4.36 9.54 6.9
2.8 5.1 8.38 6.48
2.88 4.0 9.08 6.08
2.66 5.0 9.0 7.0
2.88 5.38 8.12 6.5
2.78 4.74 8.94 6.68
2.82 4.16 9.96 7.12
2.88 4.16 9.12 6.28
2.86 4.86 7.94 5.8
2.76 3.4 10.08 6.48
2.74 3.64 10.5 7.14
2.86 4.26 9.42 6.68
2.78 4.42 9.08 6.5
2.84 4.64 9.1 6.74
2.82 3.38 9.68 6.06
2.78 3.94 9.42 6.36
2.8 4.68 8.88 6.56
2.88 3.96 9.12 6.08
2.8 4.6 9.14 6.74
2.86 4.5 8.72 6.22
2.82 4.0 8.92 5.92
2.9 4.56 8.72 6.28
2.82 4.44 7.92 5.36
2.84 4.9 8.06 5.96
2.72 3.78 9.42 6.2
2.9 5.12 8.52 6.64
2.78 4.2 9.2 6.4
2.84 4.84 8.6 6.44
2.86 3.88 9.38 6.26
2.84 5.6 7.36 5.96
2.82 4.9 9.08 6.98
2.84 4.7 9.52 7.22
2.8 4.04 9.16 6.2
2.86 5.0 8.04 6.04
2.88 5.18 8.88 7.06
2.8 5.0 8.84 6.84
2.92 4.18 8.64 5.82
2.92 4.52 8.6 6.12
2.76 3.78 9.48 6.26
2.86 4.56 8.66 6.22
2.88 4.28 8.9 6.18
2.94 5.26 7.9 6.16
2.84 4.6 9.02 6.62
2.72 4.12 8.7 5.82
2.9 5.22 7.36 5.58
2.86 5.16 7.86 6.02
2.78 3.9 9.7 6.6
2.8 3.66 9.38 6.04
2.88 4.24 8.74 5.98
2.82 3.9 9.66 6.56
2.78 4.36 9.24 6.6
2.84 4.62 9.1 6.72
2.88 4.48 8.98 6.46
2.78 4.12 8.9 6.02
2.82 4.12 8.96 6.08
2.72 3.74 9.72 6.46
2.86 4.06 9.08 6.14
2.8 4.32 9.5 6.82
2.88 4.7 8.84 6.54
2.8 5.02 8.88 6.9
2.8 4.54 8.58 6.12
2.8 4.38 8.74 6.12
2.8 4.46 8.62 6.08
2.86 5.22 8.06 6.28
2.8 4.44 8.88 6.32
2.8 4.42 8.8 6.22
2.84 3.84 9.3 6.14
2.78 3.96 9.56 6.52
2.76 4.94 8.56 6.5
2.86 4.38 9.42 6.8
2.86 4.3 7.98 5.28
2.9 3.86 9.28 6.14
2.86 4.86 8.82 6.68
2.84 4.62 8.86 6.48
2.88 4.5 8.54 6.04
2.86 4.14 9.04 6.18
2.78 3.94 9.42 6.36
2.82 3.84 9.02 5.86
2.9 4.36 8.54 5.9
2.86 4.22 8.84 6.06
2.8 4.56 8.88 6.44
2.9 4.52 7.88 5.4
2.8 3.68 9.56 6.24
2.88 4.06 9.7 6.76
2.84 4.46 9.1 6.56
2.98 5.02 8.6 6.62
2.9 3.98 9.02 6.0
2.9 3.9 8.92 5.82
2.82 3.72 9.68 6.4
2.88 4.22 9.16 6.38
2.92 4.32 9.24 6.56
2.92 4.84 8.16 6.0
2.84 5.08 8.32 6.4
2.82 4.14 8.74 5.88
2.76 4.7 8.42 6.12
2.82 4.64 9.0 6.64
2.8 4.12 9.08 6.2
2.84 4.34 9.28 6.62
2.86 5.22 8.2 6.42
2.8 5.12 8.12 6.24
2.88 4.6 8.2 5.8
2.76 3.96 10.3 7.26
2.84 4.06 8.4 5.46
2.94 5.7 7.36 6.06
2.82 4.58 8.34 5.92
2.82 4.98 8.22 6.2
2.84 4.48 9.08 6.56
2.88 5.52 7.84 6.36
2.74 3.96 9.9 6.86
2.92 4.56 8.32 5.88
2.9 5.08 8.22 6.3
2.84 4.34 8.7 6.04
2.78 4.72 8.86 6.58
2.86 4.16 9.42 6.58
2.9 5.2 7.98 6.18
2.82 4.04 8.62 5.66
2.9 4.68 8.26 5.94
2.88 4.48 9.96 7.44
2.88 4.24 8.52 5.76
2.9 4.8 8.84 6.64
2.86 4.66 8.86 6.52
2.78 3.74 9.36 6.1
2.88 4.16 9.16 6.32
2.84 4.64 8.84 6.48
2.86 5.22 8.08 6.3
2.76 4.18 8.74 5.92
2.86 4.48 9.1 6.58
2.84 3.94 9.4 6.34
2.8 4.36 8.12 5.48
2.78 4.22 8.34 5.56
2.86 4.2 9.2 6.4
2.66 4.5 8.88 6.38
2.8 4.44 9.34 6.78
2.92 5.26 8.0 6.26
2.68 4.3 9.22 6.52
2.82 3.7 9.78 6.48
2.74 3.72 9.92 6.64
2.76 4.34 8.92 6.26
2.86 5.06 7.38 5.44
2.8 4.0 8.86 5.86
2.82 3.66 9.3 5.96
2.82 3.92 9.7 6.62
2.9 4.4 8.88 6.28
2.8 3.94 9.48 6.42
2.82 3.7 10.64 7.34
2.78 4.14 9.16 6.3
2.78 4.4 8.66 6.06
2.86 4.1 9.02 6.12
2.86 4.56 9.48 7.04
2.84 4.9 8.16 6.06
2.74 4.16 9.22 6.38
2.9 4.5 9.3 6.8
2.94 5.58 8.04 6.62
2.86 3.7 9.26 5.96
2.78 3.92 9.12 6.04
2.9 4.44 9.1 6.54
2.82 4.64 8.64 6.28
2.8 3.94 9.54 6.48
2.86 3.96 9.56 6.52
2.84 4.36 8.86 6.22
2.88 4.7 8.28 5.98
2.82 4.26 9.22 6.48
2.88 4.28 8.96 6.24
2.9 5.42 7.88 6.3
2.9 4.24 9.34 6.58
2.8 4.06 9.04 6.1
2.82 4.44 9.52 6.96
2.76 3.12 10.7 6.82
2.68 4.78 8.64 6.42
2.88 4.8 8.94 6.74
2.82 4.52 9.38 6.9
2.86 4.28 9.32 6.6
2.84 4.66 8.66 6.32
2.9 4.8 8.2 6.0
2.9 4.38 9.12 6.5
2.9 4.84 8.42 6.26
2.86 5.24 7.92 6.16
2.82 4.58 8.6 6.18
2.9 4.1 8.62 5.72
2.78 4.48 9.54 7.02
2.86 4.68 8.84 6.52
2.92 4.6 9.42 7.02
2.92 4.04 9.14 6.18
2.82 3.84 9.28 6.12
2.94 4.1 8.96 6.06
2.88 4.68 8.92 6.6
2.78 4.4 9.5 6.9
2.84 4.8 8.62 6.42
2.86 5.2 8.66 6.86
2.84 4.24 8.32 5.56
2.82 4.32 8.94 6.26
2.84 4.18 9.38 6.56
2.94 4.9 8.16 6.06
2.9 3.84 9.1 5.94
2.84 4.16 9.16 6.32
2.9 4.4 9.1 6.5
2.86 4.94 8.24 6.18
2.86 5.06 8.6 6.66
2.74 3.84 9.3 6.14
2.76 4.5 8.54 6.04
2.86 4.96 8.62 6.58
2.8 4.38 9.72 7.1
2.88 3.96 9.3 6.26
2.84 4.16 9.68 6.84
2.9 4.26 8.96 6.22
2.84 4.14 9.14 6.28
2.78 4.18 9.34 6.52
2.84 4.56 8.48 6.04
2.84 4.56 9.24 6.8
2.88 5.1 7.7 5.8
2.86 3.94 9.52 6.46
2.84 4.86 8.2 6.06
2.82 4.5 8.78 6.28
2.8 4.8 8.36 6.16
2.8 4.82 8.96 6.78
2.9 4.84 8.22 6.06
2.84 5.52 8.0 6.52
2.88 4.8 8.84 6.64
2.88 4.72 8.82 6.54
2.86 4.78 8.92 6.7
2.8 4.68 9.06 6.74
2.88 4.44 8.8 6.24
2.88 4.12 8.8 5.92
2.78 4.8 8.84 6.64
2.88 4.34 9.64 6.98
2.94 5.24 7.88 6.12
2.8 5.16 8.68 6.84
2.88 4.46 9.06 6.52
2.82 4.6 9.18 6.78
2.76 4.3 9.18 6.48
2.82 5.28 8.36 6.64
2.8 5.22 8.26 6.48
2.92 5.1 9.18 7.28
2.92 4.12 9.26 6.38
2.9 4.56 8.92 6.48
2.88 4.26 9.16 6.42
2.9 4.26 9.42 6.68
2.78 4.56 9.18 6.74
2.82 4.14 9.06 6.2
2.84 4.0 9.04 6.04
2.82 3.8 9.74 6.54
2.86 3.6 9.62 6.22
2.76 4.44 8.92 6.36
2.88 4.88 7.92 5.8
2.84 4.54 8.1 5.64
2.8 4.12 9.16 6.28
2.88 5.48 7.4 5.88
2.78 4.22 9.08 6.3
2.82 4.3 8.76 6.06
2.92 4.46 8.66 6.12
2.8 4.56 9.34 6.9
2.8 4.94 8.1 6.04
2.86 3.8 9.4 6.2
2.72 3.64 9.72 6.36
2.9 4.36 8.38 5.74
2.86 3.9 9.34 6.24
2.8 4.4 8.54 5.94
2.9 4.72 8.46 6.18
2.74 3.26 10.18 6.44
2.92 4.82 8.48 6.3
2.82 4.36 8.7 6.06
2.9 4.56 9.04 6.6
2.9 4.58 8.58 6.16
2.8 4.08 9.46 6.54
2.82 4.54 9.24 6.78
2.74 4.08 9.18 6.26
2.82 4.72 8.64 6.36
2.82 4.12 8.8 5.92
2.86 4.28 9.04 6.32
2.84 4.36 8.7 6.06
2.92 5.0 8.52 6.52
2.92 5.08 8.82 6.9
2.88 4.04 9.22 6.26
2.8 4.48 9.36 6.84
2.86 3.88 9.84 6.72
2.76 4.3 9.52 6.82
2.68 4.28 9.04 6.32
2.74 4.96 9.0 6.96
2.78 4.76 8.1 5.86
2.92 4.78 9.18 6.96
2.82 4.5 9.18 6.68
2.88 5.22 8.22 6.44
2.84 4.02 9.42 6.44
2.88 5.4 8.76 7.16
2.9 4.44 9.14 6.58
2.86 4.84 7.88 5.72
2.82 4.08 9.32 6.4
2.84 4.32 9.36 6.68
2.74 3.98 9.72 6.7
2.88 3.9 9.0 5.9
2.72 3.5 9.8 6.3
2.86 4.14 9.1 6.24
2.86 5.78 7.86 6.64
2.86 4.96 7.84 5.8
2.82 4.4 9.22 6.62
2.78 3.92 9.36 6.28
2.84 4.08 8.64 5.72
2.96 4.9 8.98 6.88
2.86 4.5 8.9 6.4
2.9 5.24 7.62 5.86
2.74 3.44 10.34 6.78
2.88 4.5 8.02 5.52
2.82 4.18 8.7 5.88
2.84 4.08 9.4 6.48
2.86 3.88 9.18 6.06
2.88 4.76 8.96 6.72
2.88 4.92 7.62 5.54
2.8 4.66 8.52 6.18
2.82 4.52 9.08 6.6
2.9 4.98 8.32 6.3
2.82 4.86 9.22 7.08
2.88 4.62 7.64 5.26
2.78 4.12 9.06 6.18
2.8 4.5 8.8 6.3
2.84 4.94 7.82 5.76
2.8 4.28 9.52 6.8
2.86 4.42 8.96 6.38
2.82 4.18 8.96 6.14
2.88 4.02 8.48 5.5
2.76 4.52 8.92 6.44
2.78 4.18 9.0 6.18
2.88 4.86 9.14 7.0
2.9 4.84 8.18 6.02
2.84 4.64 7.9 5.54
2.86 4.4 8.98 6.38
2.92 5.1 9.26 7.36
2.82 4.02 9.44 6.46
2.9 4.62 8.1 5.72
2.9 4.94 8.06 6.0
2.86 4.02 9.4 6.42
2.86 4.36 9.14 6.5
2.82 4.22 8.96 6.18
2.9 4.44 8.94 6.38
2.82 4.3 9.04 6.34
2.82 4.32 9.26 6.58
2.82 4.6 8.66 6.26
2.8 4.28 8.94 6.22
2.9 4.9 7.82 5.72
2.88 4.56 8.92 6.48
2.78 4.18 9.32 6.5
2.86 5.24 8.0 6.24
2.9 4.34 8.02 5.36
2.88 4.56 9.18 6.74
2.86 4.16 9.22 6.38
2.88 4.8 8.24 6.04
2.82 4.48 8.86 6.34
2.86 4.98 8.16 6.14
2.74 4.52 9.46 6.98
2.82 5.02 8.06 6.08
2.82 4.28 9.32 6.6
2.92 5.3 7.6 5.9
2.74 4.24 9.28 6.52
2.66 4.18 9.42 6.6
2.78 3.58 9.22 5.8
2.8 3.78 9.22 6.0
2.84 4.08 9.14 6.22
2.92 4.8 7.98 5.78
2.68 3.7 9.82 6.52
2.96 4.54 8.44 5.98
2.86 3.9 9.0 5.9
2.94 4.66 8.78 6.44
2.8 4.08 9.44 6.52
2.82 4.7 8.78 6.48
2.88 4.56 8.28 5.84
2.92 4.48 8.56 6.04
2.82 4.92 8.7 6.62
2.82 4.8 8.34 6.14
2.86 4.8 8.96 6.76
2.92 4.66 8.34 6.0
2.84 4.78 8.88 6.66
2.82 5.18 8.46 6.64
2.84 4.34 8.92 6.26
2.82 3.88 9.16 6.04
2.72 3.9 9.62 6.52
2.8 4.6 8.62 6.22
2.84 4.08 9.36 6.44
2.88 4.4 8.68 6.08
2.86 4.34 9.3 6.64
2.94 5.42 7.88 6.3
2.82 4.4 9.08 6.48
2.88 4.2 9.18 6.38
2.8 4.12 8.98 6.1
2.82 4.16 9.3 6.46
2.86 5.14 8.54 6.68
2.66 4.42 9.14 6.56
2.72 4.04 9.38 6.42
2.82 4.32 9.02 6.34
2.76 3.92 9.72 6.64
2.9 4.44 8.84 6.28
2.84 4.2 7.96 5.16
2.84 3.9 9.36 6.26
2.8 3.74 10.04 6.78
2.76 4.56 9.24 6.8
2.86 4.34 8.8 6.14
2.9 4.92 7.7 5.62
2.88 4.8 8.02 5.82
2.76 3.96 9.42 6.38
2.82 4.72 9.18 6.9
2.82 4.16 9.62 6.78
2.86 4.0 9.18 6.18
2.78 4.24 9.0 6.24
2.78 4.64 8.18 5.82
2.88 4.5 8.92 6.42
2.8 4.22 9.02 6.24
2.84 4.08 9.68 6.76
2.84 4.86 8.38 6.24
2.82 3.7 10.02 6.72
2.84 4.82 8.66 6.48
2.88 5.4 7.7 6.1
2.8 4.54 9.02 6.56
2.74 4.94 8.98 6.92
2.94 4.3 8.8 6.1
2.88 5.28 8.22 6.5
2.8 4.22 9.0 6.22
2.82 4.58 8.94 6.52
2.84 3.54 9.72 6.26
2.76 4.74 8.98 6.72
2.86 4.38 8.52 5.9
2.86 4.24 8.94 6.18
2.86 4.96 8.22 6.18
2.94 4.72 8.14 5.86
2.84 4.24 9.36 6.6
2.9 5.12 8.76 6.88
2.78 4.68 8.92 6.6
2.86 5.4 8.3 6.7
2.7 4.16 9.7 6.86
2.82 4.3 8.48 5.78
2.9 5.18 8.4 6.58
2.86 3.84 9.16 6.0
2.74 4.3 8.58 5.88
2.98 4.46 9.04 6.5
2.84 4.7 8.82 6.52
2.82 4.12 8.66 5.78
2.74 3.82 9.38 6.2
2.84 4.88 8.52 6.4
2.92 4.92 8.54 6.46
2.9 4.02 9.58 6.6
2.86 4.66 8.44 6.1
2.88 4.64 8.48 6.12
2.9 4.58 9.16 6.74
2.86 4.82 8.4 6.22
2.94 4.48 8.54 6.02
2.86 4.04 8.9 5.94
2.92 5.18 7.82 6.0
2.8 3.86 10.3 7.16
2.86 4.54 9.3 6.84
2.84 4.3 9.28 6.58
2.86 4.7 8.42 6.12
2.74 4.32 9.28 6.6
2.9 4.52 8.58 6.1
2.78 4.26 9.24 6.5
2.82 4.26 8.66 5.92
2.94 4.28 8.82 6.1
2.86 4.6 8.38 5.98
2.88 4.46 8.78 6.24
2.82 4.04 9.52 6.56
2.86 3.72 9.74 6.46
2.92 4.52 8.52 6.04
2.78 4.34 8.84 6.18
2.92 5.32 7.58 5.9
2.74 4.32 8.82 6.14
2.78 3.94 9.74 6.68
2.84 3.68 9.28 5.96
2.84 4.2 8.18 5.38
2.82 4.66 8.94 6.6
2.86 4.12 8.96 6.08
2.84 4.02 8.94 5.96
2.84 4.04 8.96 6.0
2.86 4.86 8.64 6.5
2.76 4.56 8.6 6.16
2.8 4.12 8.6 5.72
2.88 5.06 7.76 5.82
2.76 4.28 9.64 6.92
2.9 5.6 7.84 6.44
2.8 4.24 8.54 5.78
2.82 4.24 9.32 6.56
2.88 4.44 8.78 6.22
2.82 4.66 8.54 6.2
2.88 4.94 7.96 5.9
2.8 4.38 8.78 6.16
2.92 3.64 9.26 5.9
2.88 4.54 8.62 6.16
2.82 4.92 8.42 6.34
2.84 4.46 8.88 6.34
2.86 4.6 9.18 6.78
2.7 4.52 8.36 5.88
2.9 4.3 8.98 6.28
2.86 4.24 8.82 6.06
2.84 4.92 9.22 7.14
2.82 4.12 8.68 5.8
2.74 3.88 10.02 6.9
2.92 4.14 9.16 6.3
2.88 4.66 7.62 5.28
2.8 4.3 9.34 6.64
2.84 4.7 7.9 5.6
2.92 4.44 9.0 6.44
2.84 5.12 8.0 6.12
2.82 4.54 8.26 5.8
2.86 4.68 9.12 6.8
2.842928 4.492924 8.82938 6.322304
