2.86 4.38 8.91 6.29
2.81 4.67 8.45 6.12
2.75 4.63 8.55 6.18
2.9 4.34 8.8 6.14
2.87 4.93 8.68 6.61
2.79 4.73 9.32 7.05
2.85 4.11 9.47 6.58
2.91 4.63 8.53 6.16
2.88 4.42 8.96 6.38
2.86 5.01 7.87 5.88
2.79 4.16 9.46 6.62
2.78 4.42 9.52 6.94
2.8 4.81 8.79 6.6
2.84 4.65 7.89 5.54
2.86 3.93 9.8 6.73
2.85 4.15 9.3 6.45
2.78 4.35 9.09 6.44
2.83 4.47 8.81 6.28
2.8 4.1 8.8 5.9
2.83 4.82 8.89 6.71
2.84 4.46 8.89 6.35
2.82 4.76 8.43 6.19
2.79 4.38 9.28 6.66
2.86 4.25 9.51 6.76
2.77 4.51 8.67 6.18
2.84 4.4 8.98 6.38
2.88 4.59 8.62 6.21
2.91 4.39 8.99 6.38
2.83 4.27 9.02 6.29
2.84 4.61 8.49 6.1
2.9 5.42 8.01 6.43
2.86 5.11 8.14 6.25
2.84 4.16 9.14 6.3
2.81 4.31 9.43 6.74
2.87 4.72 8.62 6.34
2.89 4.63 8.61 6.24
2.82 4.85 8.75 6.6
2.88 4.69 9.34 7.03
2.78 4.41 9.3 6.71
2.82 4.03 9.34 6.37
2.83 4.09 9.17 6.26
2.83 4.02 9.2 6.22
2.87 4.61 8.6 6.21
2.85 4.21 8.79 6.0
2.81 4.16 9.15 6.31
2.87 4.46 8.86 6.32
2.89 4.93 8.47 6.4
2.84 4.94 8.36 6.3
2.82 4.39 8.84 6.23
2.76 4.8 8.58 6.38
2.79 4.77 8.63 6.4
2.85 4.9 8.16 6.06
2.84 4.87 8.28 6.15
2.91 4.98 7.77 5.75
2.77 4.01 9.12 6.13
2.87 4.02 9.06 6.08
2.81 4.53 8.94 6.47
2.85 4.33 8.71 6.04
2.86 4.74 8.6 6.34
2.9 4.68 8.53 6.21
2.91 4.43 8.71 6.14
2.84 4.35 9.11 6.46
2.86 4.48 8.74 6.22
2.83 4.21 9.04 6.25
2.87 4.68 8.37 6.05
2.88 4.99 8.92 6.91
2.87 4.63 8.84 6.47
2.83 4.1 8.9 6.0
2.78 4.51 8.84 6.35
2.84 4.45 8.97 6.42
2.84 4.33 8.79 6.12
2.82 4.47 8.8 6.27
2.84 4.37 9.2 6.57
2.82 4.16 9.28 6.44
2.89 4.59 8.54 6.13
2.85 4.61 8.67 6.28
2.83 4.14 9.44 6.58
2.82 4.43 9.51 6.94
2.88 4.25 8.76 6.01
2.8 4.51 8.69 6.2
2.81 4.79 9.15 6.94
2.86 4.49 8.5 5.99
2.83 4.91 8.69 6.6
2.86 4.97 8.14 6.11
2.79 4.77 8.65 6.42
2.88 5.3 7.48 5.78
2.84 4.64 8.94 6.58
2.87 4.58 8.95 6.53
2.91 4.67 8.38 6.05
2.81 4.64 8.84 6.48
2.9 4.31 8.86 6.17
2.89 4.89 8.67 6.56
2.79 3.74 9.66 6.4
2.88 4.98 7.97 5.95
2.84 4.56 9.21 6.77
2.9 4.72 8.21 5.93
2.86 4.38 9.19 6.57
2.82 3.99 9.36 6.35
2.83 4.71 8.86 6.57
2.84 4.06 9.61 6.67
2.87 5.16 7.76 5.92
2.79 4.61 8.75 6.36
2.84 4.16 8.9 6.06
2.86 4.44 8.57 6.01
2.75 4.7 8.74 6.44
2.83 4.75 8.06 5.81
2.78 4.14 8.82 5.96
2.83 4.78 8.39 6.17
2.91 4.66 8.79 6.45
2.81 4.56 9.0 6.56
2.83 4.83 8.43 6.26
2.82 4.13 9.66 6.79
2.81 4.29 9.42 6.71
2.85 4.74 8.3 6.04
2.87 4.76 8.54 6.3
2.89 4.37 8.98 6.35
2.86 4.18 9.12 6.3
2.87 4.95 8.3 6.25
2.88 4.28 8.6 5.88
2.9 4.45 8.95 6.4
2.87 4.11 8.81 5.92
2.9 4.99 8.21 6.2
2.85 4.65 8.75 6.4
2.85 4.33 9.01 6.34
2.91 4.42 8.8 6.22
2.79 3.69 10.47 7.16
2.79 4.02 9.53 6.55
2.83 4.6 8.76 6.36
2.76 4.18 8.89 6.07
2.85 4.82 8.26 6.08
2.86 4.57 9.01 6.58
2.81 4.1 8.77 5.87
2.85 4.45 8.86 6.31
2.81 4.01 9.54 6.55
2.88 5.13 7.74 5.87
2.82 4.21 9.45 6.66
2.86 4.36 9.03 6.39
2.78 4.38 8.97 6.35
2.83 3.7 10.21 6.91
2.81 4.61 8.39 6.0
2.88 4.59 9.06 6.65
2.91 5.29 8.14 6.43
2.88 4.6 8.98 6.58
2.8 3.64 9.59 6.23
2.89 4.84 8.1 5.94
2.89 4.63 8.28 5.91
2.91 4.27 9.44 6.71
2.93 4.19 9.05 6.24
2.91 4.32 8.75 6.07
2.82 4.01 9.75 6.76
2.83 4.97 8.44 6.41
2.8 4.48 9.2 6.68
2.89 4.45 8.93 6.38
2.78 4.11 8.84 5.95
2.85 4.08 9.36 6.44
2.82 4.16 9.37 6.53
2.81 3.91 9.19 6.1
2.79 4.76 8.66 6.42
2.88 5.43 8.39 6.82
2.82 4.75 9.05 6.8
2.78 4.44 8.09 5.53
2.84 4.34 8.93 6.27
2.8 4.2 9.32 6.52
2.78 4.25 9.15 6.4
2.86 4.31 8.81 6.12
2.86 4.55 8.42 5.97
2.85 4.8 8.54 6.34
2.87 4.22 9.27 6.49
2.89 4.47 8.18 5.65
2.9 4.89 8.8 6.69
2.87 4.65 8.76 6.41
2.83 4.5 8.24 5.74
2.8 4.57 8.37 5.94
2.8 4.18 9.11 6.29
2.83 4.43 8.67 6.1
2.84 4.42 9.25 6.67
2.87 4.25 8.79 6.04
2.78 3.97 9.23 6.2
2.84 4.03 9.21 6.24
2.84 5.03 8.05 6.08
2.85 4.61 8.28 5.89
2.9 4.92 8.13 6.05
2.84 4.65 8.68 6.33
2.85 4.6 8.46 6.06
2.85 4.44 8.62 6.06
2.83 4.74 9.32 7.06
2.9 5.04 8.52 6.56
2.86 4.55 8.7 6.25
2.88 4.63 8.53 6.16
2.82 4.73 8.58 6.31
2.85 4.73 8.59 6.32
2.87 4.62 9.3 6.92
2.83 3.71 9.4 6.11
2.85 4.77 8.71 6.48
2.8 4.36 8.79 6.15
2.76 4.04 9.37 6.41
2.89 4.87 8.37 6.24
2.81 4.47 8.76 6.23
2.93 4.91 8.44 6.35
2.87 4.47 8.24 5.71
2.9 4.58 8.43 6.01
2.84 4.37 8.92 6.29
2.88 4.77 8.63 6.4
2.85 4.79 7.96 5.75
2.93 4.62 8.57 6.19
2.87 4.4 8.58 5.98
2.86 4.57 9.19 6.76
2.82 4.65 8.8 6.45
2.9 4.98 8.18 6.16
2.86 4.63 8.74 6.37
2.88 4.05 9.14 6.19
2.83 4.83 8.67 6.5
2.87 5.1 7.89 5.99
2.87 4.37 8.8 6.17
2.9 4.39 8.63 6.02
2.85 4.02 9.23 6.25
2.88 4.55 8.67 6.22
2.91 4.73 8.74 6.47
2.8 4.32 9.44 6.76
2.89 4.66 8.81 6.47
2.88 4.43 9.08 6.51
2.87 4.75 8.15 5.9
2.92 4.88 8.4 6.28
2.83 4.45 9.18 6.63
2.85 4.58 8.63 6.21
2.88 4.6 8.64 6.24
2.85 4.5 8.93 6.43
2.8 4.08 9.59 6.67
2.88 4.62 8.75 6.37
2.84 4.83 8.05 5.88
2.83 4.69 8.74 6.43
2.88 4.87 8.36 6.23
2.87 4.17 8.94 6.11
2.77 4.37 9.19 6.56
2.82 4.92 8.47 6.39
2.84 4.59 8.96 6.55
2.83 4.43 9.16 6.59
2.85 4.66 8.04 5.7
2.8 4.52 9.14 6.66
2.84 4.19 9.1 6.29
2.84 4.72 9.2 6.92
2.91 4.37 8.64 6.01
2.86 4.54 9.14 6.68
2.88 4.87 8.25 6.12
2.83 4.93 8.95 6.88
2.81 4.11 9.79 6.9
2.88 4.62 8.73 6.35
2.89 4.53 8.66 6.19
2.81 4.3 8.88 6.18
2.82 4.46 9.04 6.5
2.82 4.17 9.31 6.48
2.83 4.92 8.83 6.75
2.87 4.08 8.39 5.47
2.77 4.24 9.34 6.58
2.83 4.4 8.84 6.24
2.89 4.8 8.65 6.45
2.85 4.89 8.25 6.14
2.82 5.0 8.33 6.33
2.92 4.6 8.82 6.42
2.79 4.05 9.43 6.48
2.88 4.74 8.74 6.48
2.83 4.61 9.06 6.67
2.81 4.51 8.79 6.3
2.79 4.23 8.78 6.01
2.88 4.42 8.8 6.22
2.88 4.56 8.57 6.13
2.82 4.74 8.62 6.36
2.81 4.1 9.46 6.56
2.8 4.18 8.88 6.06
2.77 4.48 8.62 6.1
2.93 5.22 8.54 6.76
2.79 4.51 8.73 6.24
2.83 4.84 8.57 6.41
2.89 4.89 8.34 6.23
2.81 4.37 8.63 6.0
2.84 3.58 9.45 6.03
2.83 4.65 8.72 6.37
2.83 4.04 9.4 6.44
2.89 4.61 8.46 6.07
2.82 4.19 9.02 6.21
2.84 4.5 8.89 6.39
2.84 4.34 9.31 6.65
2.86 4.37 8.64 6.01
2.79 4.26 9.15 6.41
2.88 4.1 9.34 6.44
2.87 4.43 8.84 6.27
2.9 4.38 8.62 6.0
2.86 4.79 8.3 6.09
2.8 5.18 8.68 6.86
2.8 4.51 8.95 6.46
2.88 4.86 9.13 6.99
2.83 4.84 8.57 6.41
2.85 4.6 8.84 6.44
2.9 4.89 8.4 6.29
2.83 4.9 8.64 6.54
2.82 4.61 8.07 5.68
2.82 5.09 8.12 6.21
2.84 4.58 8.99 6.57
2.87 3.86 9.62 6.48
2.88 4.34 9.14 6.48
2.85 4.9 8.41 6.31
2.85 4.78 8.5 6.28
2.84 4.61 8.78 6.39
2.87 4.73 8.28 6.01
2.81 5.06 8.43 6.49
2.9 4.81 8.53 6.34
2.82 4.14 9.28 6.42
2.8 3.9 9.75 6.65
2.85 4.73 8.93 6.66
2.91 4.67 8.23 5.9
2.83 4.72 8.34 6.06
2.86 4.4 8.82 6.22
2.83 5.22 8.04 6.26
2.89 4.38 8.82 6.2
2.78 4.53 8.51 6.04
2.81 4.22 8.99 6.21
2.85 4.24 9.18 6.42
2.85 4.24 9.12 6.36
2.82 4.4 8.61 6.01
2.82 4.65 8.61 6.26
2.85 4.54 9.17 6.71
2.84 4.12 9.26 6.38
2.91 4.67 8.59 6.26
2.85 5.29 7.88 6.17
2.9 5.32 8.57 6.89
2.87 4.91 8.52 6.43
2.82 4.17 9.24 6.41
2.83 4.47 8.31 5.78
2.85 4.56 8.24 5.8
2.89 4.4 8.89 6.29
2.83 4.14 8.79 5.93
2.87 3.64 9.65 6.29
2.82 4.1 9.43 6.53
2.83 4.4 9.08 6.48
2.82 4.57 8.66 6.23
2.92 4.77 8.52 6.29
2.79 4.37 8.82 6.19
2.74 4.73 8.53 6.26
2.87 4.62 8.61 6.23
2.82 4.42 9.19 6.61
2.88 4.64 8.87 6.51
2.86 4.88 8.72 6.6
2.86 4.26 9.41 6.67
2.84 4.81 8.83 6.64
2.93 4.67 8.83 6.5
2.8 3.95 9.7 6.65
2.78 4.68 8.69 6.37
2.85 4.37 8.88 6.25
2.85 4.22 9.45 6.67
2.87 4.7 8.72 6.42
2.88 4.21 8.85 6.06
2.85 4.88 9.09 6.97
2.88 4.48 9.21 6.69
2.85 4.32 8.95 6.27
2.83 3.56 9.5 6.06
2.78 4.24 9.37 6.61
2.86 4.4 8.73 6.13
2.84 4.61 8.69 6.3
2.85 4.33 8.82 6.15
2.86 4.43 8.5 5.93
2.8 4.21 9.24 6.45
2.83 4.24 8.93 6.17
2.88 4.28 9.27 6.55
2.85 4.26 9.17 6.43
2.88 4.51 8.73 6.24
2.85 4.18 9.47 6.65
2.87 4.27 8.87 6.14
2.85 4.35 9.32 6.67
2.81 4.65 8.86 6.51
2.86 4.86 8.39 6.25
2.81 4.08 9.91 6.99
2.87 4.22 8.67 5.89
2.83 4.27 9.07 6.34
2.8 4.54 8.7 6.24
2.85 4.49 9.03 6.52
2.88 4.8 8.34 6.14
2.82 4.83 8.47 6.3
2.89 4.9 8.31 6.21
2.83 4.59 8.87 6.46
2.85 4.93 8.59 6.52
2.88 4.42 8.84 6.26
2.91 4.54 8.75 6.29
2.78 3.79 9.25 6.04
2.75 4.71 9.12 6.83
2.92 4.57 8.8 6.37
2.81 4.94 8.38 6.32
2.84 4.56 8.88 6.44
2.88 4.97 8.44 6.41
2.82 4.32 9.03 6.35
2.78 4.06 9.1 6.16
2.82 4.4 9.31 6.71
2.88 4.49 8.43 5.92
2.8 4.08 9.18 6.26
2.88 4.56 8.99 6.55
2.82 4.78 8.56 6.34
2.88 4.25 9.17 6.42
2.87 4.45 8.95 6.4
2.79 4.27 9.39 6.66
2.84 4.62 8.58 6.2
2.87 5.13 8.05 6.18
2.82 4.29 9.52 6.81
2.89 4.66 8.57 6.23
2.81 4.7 8.34 6.04
2.9 4.96 8.2 6.16
2.88 4.55 8.36 5.91
2.82 3.99 9.78 6.77
2.78 4.39 9.11 6.5
2.81 3.97 9.71 6.68
2.83 5.07 8.65 6.72
2.74 4.36 9.42 6.78
2.8 4.65 8.38 6.03
2.78 4.64 9.19 6.83
2.78 4.07 9.48 6.55
2.82 4.15 8.96 6.11
2.88 4.54 8.79 6.33
2.8 4.23 9.15 6.38
2.84 4.37 8.79 6.16
2.81 4.74 8.75 6.49
2.83 4.54 8.75 6.29
2.83 4.68 9.01 6.69
2.93 4.53 8.95 6.48
2.8 4.42 9.16 6.58
2.81 4.43 9.17 6.6
2.82 4.68 8.68 6.36
2.9 4.7 8.77 6.47
2.74 4.27 9.35 6.62
2.77 3.79 9.54 6.33
2.79 4.64 9.01 6.65
2.83 4.09 9.02 6.11
2.85 4.4 9.0 6.4
2.88 4.44 9.08 6.52
2.87 5.33 7.52 5.85
2.86 4.19 8.63 5.82
2.86 4.13 9.05 6.18
2.84 4.82 8.17 5.99
2.85 5.0 8.65 6.65
2.89 4.51 8.01 5.52
2.93 4.78 8.81 6.59
2.81 4.3 8.76 6.06
2.88 4.12 8.84 5.96
2.86 4.37 8.88 6.25
2.89 3.69 9.86 6.55
2.83 4.7 8.04 5.74
2.89 4.28 8.76 6.04
2.81 4.65 8.69 6.34
2.8 4.45 8.84 6.29
2.79 4.23 9.15 6.38
2.84 4.1 9.01 6.11
2.85 4.65 8.83 6.48
2.83 4.24 8.37 5.61
2.82 4.43 8.86 6.29
2.87 4.58 8.77 6.35
2.87 4.88 8.57 6.45
2.89 4.41 8.75 6.16
2.91 4.88 8.2 6.08
2.82 4.1 8.95 6.05
2.88 4.4 9.28 6.68
2.86 4.16 9.07 6.23
2.89 4.32 9.3 6.62
2.9 4.98 8.68 6.66
2.86 4.87 8.56 6.43
2.86 4.43 8.34 5.77
2.76 3.99 9.31 6.3
2.9 4.54 8.88 6.42
2.84 4.39 8.94 6.33
2.79 3.97 9.3 6.27
2.8 4.18 9.53 6.71
2.88 4.69 8.39 6.08
2.87 4.14 8.88 6.02
2.86 4.58 8.69 6.27
2.87 4.31 9.27 6.58
2.81 4.49 8.86 6.35
2.86 4.53 9.13 6.66
2.85 4.77 8.54 6.31
2.83 4.46 9.38 6.84
2.85 4.15 9.19 6.34
2.79 4.71 8.72 6.43
2.8 4.64 9.0 6.64
2.84 4.03 9.36 6.39
2.83 4.6 8.98 6.58
2.81 4.71 9.14 6.85
2.82 4.07 9.51 6.58
2.72 4.06 9.42 6.48
2.85 4.58 9.04 6.62
2.81 4.55 8.71 6.26
2.85 4.27 9.22 6.49
2.88 4.53 9.1 6.63
2.81 4.34 8.99 6.33
2.85 4.16 9.58 6.74
2.88 4.0 9.07 6.07
2.83 4.64 8.77 6.41
2.81 4.73 8.5 6.23
2.84 4.46 8.63 6.09
2.85 4.29 8.78 6.07
2.77 4.03 9.22 6.25
2.84 4.76 8.45 6.21
2.82 4.23 9.31 6.54
2.86 4.64 8.95 6.59
2.77 4.12 9.58 6.7
2.89 4.04 9.3 6.34
2.84 4.36 8.81 6.17
2.86 4.85 8.49 6.34
2.91 4.28 9.19 6.47
2.82 4.46 8.93 6.39
2.73 4.34 9.56 6.9
2.92 4.84 8.1 5.94
2.86 3.9 9.2 6.1
2.84 4.93 8.35 6.28
2.91 4.4 8.65 6.05
2.82 4.11 8.56 5.67
2.8 4.3 8.68 5.98
2.76 4.49 9.13 6.62
2.87 4.74 8.74 6.48
2.84 4.61 8.77 6.38
2.88 4.68 8.84 6.52
2.85 4.6 8.46 6.06
2.84 4.53 8.78 6.31
2.89 4.61 8.86 6.47
2.82 4.69 8.59 6.28
2.79 4.22 9.26 6.48
2.76 4.18 8.77 5.95
2.85 4.51 9.05 6.56
2.88 4.63 8.21 5.84
2.85 4.59 8.86 6.45
2.84 4.56 9.08 6.64
2.88 4.53 8.54 6.07
2.9 4.75 8.66 6.41
2.79 4.1 9.0 6.1
2.89 4.28 9.12 6.4
2.81 4.14 9.5 6.64
2.89 4.39 8.92 6.31
2.89 4.83 8.36 6.19
2.89 4.62 8.47 6.09
2.81 4.37 8.69 6.06
2.86 5.06 8.43 6.49
2.9 4.35 9.06 6.41
2.91 5.03 8.47 6.5
2.8 4.25 9.02 6.27
2.86 4.22 9.2 6.42
2.86 4.67 8.62 6.29
2.84 4.07 9.2 6.27
2.86 4.48 9.24 6.72
2.82 4.59 8.47 6.06
2.87 4.37 8.85 6.22
2.85 4.7 8.63 6.33
2.88 4.37 8.98 6.35
2.79 4.41 8.83 6.24
2.91 4.62 8.06 5.68
2.84 4.18 8.9 6.08
2.83 3.79 9.1 5.89
2.86 4.22 8.7 5.92
2.77 4.32 9.39 6.71
2.89 4.05 9.42 6.47
2.81 4.0 9.5 6.5
2.8 4.67 8.49 6.16
2.85 4.62 9.23 6.85
2.84 4.89 8.39 6.28
2.85 4.48 8.55 6.03
2.81 4.51 8.57 6.08
2.83 4.43 8.52 5.95
2.83 4.71 8.75 6.46
2.92 4.73 8.54 6.27
2.86 4.29 9.19 6.48
2.88 4.58 8.69 6.27
2.8 4.45 8.9 6.35
2.82 4.26 9.24 6.5
2.87 4.46 9.09 6.55
2.85 4.04 9.22 6.26
2.86 4.05 8.96 6.01
2.85 4.01 9.03 6.04
2.84 4.6 8.81 6.41
2.84 4.47 8.68 6.15
2.86 4.69 8.45 6.14
2.88 4.47 9.1 6.57
2.86 4.84 8.49 6.33
2.82 4.78 8.53 6.31
2.84 4.48 9.13 6.61
2.91 4.62 8.63 6.25
2.81 4.89 8.29 6.18
2.81 4.4 8.92 6.32
2.88 4.85 9.01 6.86
2.82 4.02 9.0 6.02
2.89 5.08 8.19 6.27
2.83 4.49 9.03 6.52
2.78 4.47 8.74 6.21
2.87 4.58 9.2 6.78
2.77 4.35 8.74 6.09
2.82 4.89 8.6 6.49
2.87 4.78 8.22 6.0
2.88 4.4 8.91 6.31
2.85 3.79 9.39 6.18
2.78 4.33 8.82 6.15
2.78 4.37 8.85 6.22
2.84 4.62 8.59 6.21
2.82 3.99 9.15 6.14
2.85 4.58 8.74 6.32
2.86 4.2 9.42 6.62
2.86 4.49 9.13 6.62
2.83 4.22 8.87 6.09
2.86 4.86 8.59 6.45
2.93 4.63 8.84 6.47
2.87 4.81 8.85 6.66
2.8 4.52 8.89 6.41
2.83 4.11 8.89 6.0
2.88 4.47 8.29 5.76
2.85 4.62 8.67 6.29
2.84 4.41 8.77 6.18
2.89 4.03 9.28 6.31
2.79 4.52 9.45 6.97
2.93 4.5 8.43 5.93
2.87 4.51 8.67 6.18
2.77 4.71 8.89 6.6
2.81 4.26 9.55 6.81
2.84 4.52 8.16 5.68
2.88 4.8 8.36 6.16
2.85 4.32 9.42 6.74
2.86 4.34 8.66 6.0
2.83 4.34 9.22 6.56
2.85 4.62 8.5 6.12
2.83 4.03 8.79 5.82
2.87 4.72 8.21 5.93
2.87 5.07 8.43 6.5
2.79 3.93 9.32 6.25
2.89 4.84 9.15 6.99
2.83 4.74 8.65 6.39
2.86 5.01 8.49 6.5
2.85 4.87 8.65 6.52
2.82 5.0 8.07 6.07
2.84 4.37 9.37 6.74
2.9 4.42 8.78 6.2
2.88 4.5 8.39 5.89
2.89 4.99 8.34 6.33
2.85 4.06 9.01 6.07
2.88 5.14 8.12 6.26
2.88 4.8 8.04 5.84
2.76 4.08 9.44 6.52
2.91 4.58 8.79 6.37
2.87 4.6 8.73 6.33
2.9 4.89 8.09 5.98
2.92 4.5 8.71 6.21
2.8 4.53 8.8 6.33
2.83 4.43 8.76 6.19
2.86 5.22 8.09 6.31
2.76 4.13 9.56 6.69
2.86 4.99 8.5 6.49
2.88 4.76 8.47 6.23
2.83 4.36 8.89 6.25
2.87 3.86 9.11 5.97
2.84 4.12 8.77 5.89
2.8 4.56 8.6 6.16
2.85 4.63 8.94 6.57
2.91 4.45 8.84 6.29
2.87 4.48 8.41 5.89
2.91 4.64 8.56 6.2
2.8 4.36 9.22 6.58
2.86 4.87 8.42 6.29
2.86 4.53 8.83 6.36
2.82 4.23 8.99 6.22
2.74 4.37 8.81 6.18
2.86 4.95 8.3 6.25
2.88 4.97 8.43 6.4
2.83 4.18 8.77 5.95
2.88 4.62 8.72 6.34
2.86 5.01 8.53 6.54
2.87 4.12 9.09 6.21
2.83 4.81 8.79 6.6
2.82 4.53 8.49 6.02
2.93 4.88 8.33 6.21
2.82 4.5 8.94 6.44
2.77 4.1 9.38 6.48
2.86 4.62 8.71 6.33
2.83 4.68 8.73 6.41
2.86 4.97 8.49 6.46
2.9 4.28 9.14 6.42
2.86 5.34 8.08 6.42
2.87 4.41 8.74 6.15
2.9 4.66 8.31 5.97
2.88 4.56 8.22 5.78
2.8 4.43 9.12 6.55
2.86 4.74 8.72 6.46
2.84 4.3 9.1 6.4
2.85 4.15 9.06 6.21
2.79 4.41 9.07 6.48
2.84 4.13 8.9 6.03
2.91 5.02 7.81 5.83
2.81 4.22 9.42 6.64
2.86 4.28 9.15 6.43
2.8 4.25 9.22 6.47
2.85 5.05 8.62 6.67
2.8 4.37 9.07 6.44
2.88 4.26 9.01 6.27
2.89 4.41 8.6 6.01
2.86 4.72 8.21 5.93
2.79 4.41 8.95 6.36
2.78 4.15 9.29 6.44
2.78 4.22 8.95 6.17
2.84 4.57 9.1 6.67
2.86 4.29 8.93 6.22
2.94 4.97 7.99 5.96
2.91 4.26 8.66 5.92
2.85 4.12 8.77 5.89
2.82 4.62 8.84 6.46
2.87 4.88 7.97 5.85
2.82 4.48 9.06 6.54
2.86 4.11 9.19 6.3
2.82 4.23 8.97 6.2
2.81 4.43 9.18 6.61
2.76 4.75 8.72 6.47
2.88 4.56 9.18 6.74
2.77 4.27 9.38 6.65
2.86 4.64 8.68 6.32
2.87 4.94 8.39 6.33
2.82 4.58 8.76 6.34
2.89 4.71 8.89 6.6
2.89 4.43 8.78 6.21
2.86 4.39 8.99 6.38
2.84 5.0 8.34 6.34
2.73 4.57 9.02 6.59
2.84 4.38 8.62 6.0
2.85 4.22 9.36 6.58
2.9 4.74 8.85 6.59
2.9 4.24 9.22 6.46
2.9 4.81 8.45 6.26
2.91 5.02 8.2 6.22
2.78 4.77 8.96 6.73
2.89 4.49 8.78 6.27
2.84 4.44 8.96 6.4
2.84 4.13 9.44 6.57
2.79 3.33 9.85 6.18
2.88 4.27 8.58 5.85
2.83 4.28 9.44 6.72
2.87 4.97 8.18 6.15
2.83 4.26 9.34 6.6
2.79 3.77 9.54 6.31
2.89 4.16 9.23 6.39
2.85 4.41 9.23 6.64
2.84 4.53 9.07 6.6
2.86 4.77 8.05 5.82
2.87 4.97 8.33 6.3
2.85 4.48 9.08 6.56
2.89 4.27 8.86 6.13
2.81 4.28 8.97 6.25
2.82 4.66 8.78 6.44
2.79 4.48 8.8 6.28
2.88 4.77 8.15 5.92
2.85 4.25 9.42 6.67
2.87 3.97 8.98 5.95
2.77 4.8 9.05 6.85
2.88 5.09 8.4 6.49
2.82 4.14 9.28 6.42
2.82 4.32 8.72 6.04
2.83 4.48 9.02 6.5
2.84 4.33 8.6 5.93
2.83 4.08 8.8 5.88
2.83 4.15 9.17 6.32
2.73 4.0 9.28 6.28
2.8 4.1 9.42 6.52
2.84 4.86 8.53 6.39
2.86 3.49 9.51 6.0
2.83 4.57 8.9 6.47
2.89 4.5 8.65 6.15
2.83 4.52 8.66 6.18
2.8 4.04 9.39 6.43
2.89 5.07 7.98 6.05
2.89 4.54 9.37 6.91
2.93 4.78 8.26 6.04
2.84 3.97 8.95 5.92
2.86 4.84 8.57 6.41
2.82 4.24 8.8 6.04
2.87 4.19 9.75 6.94
2.83 4.32 9.45 6.77
2.89 4.62 8.93 6.55
2.79 4.41 9.37 6.78
2.83 4.74 8.66 6.4
2.92 4.29 8.52 5.81
2.84 4.31 9.02 6.33
2.85 4.16 9.15 6.31
2.86 4.35 8.8 6.15
2.86 3.94 9.27 6.21
2.8 3.74 9.73 6.47
2.79 3.95 8.91 5.86
2.76 4.34 9.02 6.36
2.85 4.28 9.07 6.35
2.9 4.48 8.59 6.07
2.91 4.35 9.08 6.43
2.82 4.35 8.71 6.06
2.76 4.11 9.0 6.11
2.81 4.52 8.78 6.3
2.87 4.7 8.48 6.18
2.77 4.56 9.03 6.59
2.74 3.75 9.7 6.45
2.83 4.78 8.98 6.76
2.76 4.69 8.84 6.53
2.94 4.64 8.31 5.95
2.87 5.6 7.8 6.4
2.86 3.81 9.75 6.56
2.78 3.97 9.49 6.46
2.76 4.15 9.67 6.82
2.8 4.73 8.49 6.22
2.89 4.79 8.91 6.7
2.85 4.51 9.27 6.78
2.87 4.66 8.71 6.37
2.86 4.39 9.25 6.64
2.84 4.06 9.21 6.27
2.85 4.04 9.02 6.06
2.86 4.71 8.46 6.17
2.83 4.57 8.93 6.5
2.81 4.06 9.56 6.62
2.82 4.85 8.79 6.64
2.83 4.13 8.5 5.63
2.82 4.22 8.88 6.1
2.79 3.89 9.48 6.37
2.85 4.23 8.82 6.05
2.84 4.51 9.01 6.52
2.9 4.91 8.32 6.23
2.82 4.72 8.23 5.95
2.89 5.37 7.57 5.94
2.88 4.8 8.66 6.46
2.8 4.61 8.77 6.38
2.83 4.71 8.53 6.24
2.91 5.23 8.09 6.32
2.84 4.09 9.32 6.41
2.81 3.6 9.53 6.13
2.86 4.36 9.01 6.37
2.79 4.97 8.11 6.08
2.82 4.93 8.05 5.98
2.84 4.34 9.2 6.54
2.85 4.91 8.25 6.16
2.86 4.32 8.81 6.13
2.88 5.19 8.13 6.32
2.86 4.96 8.34 6.3
2.72 4.24 9.17 6.41
2.83 5.13 8.93 7.06
2.77 4.51 8.92 6.43
2.8 4.52 8.6 6.12
2.78 4.7 8.64 6.34
2.84 4.59 8.85 6.44
2.89 4.22 8.95 6.17
2.86 4.61 8.51 6.12
2.85 4.66 8.58 6.24
2.83 4.31 9.13 6.44
2.86 4.29 9.17 6.46
2.82 4.01 9.25 6.26
2.76 4.16 9.37 6.53
2.84 4.88 8.16 6.04
2.81 4.39 9.15 6.54
2.83 4.52 9.07 6.59
2.75 4.46 9.02 6.48
2.82 5.08 7.97 6.05
2.92 4.27 8.89 6.16
2.88 4.53 8.49 6.02
2.89 4.69 8.65 6.34
2.78 4.28 9.1 6.38
2.82 4.35 9.0 6.35
2.82 4.49 8.21 5.7
2.79 4.51 9.03 6.54
2.79 4.13 8.84 5.97
2.88 5.09 8.06 6.15
2.9 4.35 9.06 6.41
2.87 4.69 8.65 6.34
2.79 4.81 8.55 6.36
2.83 4.18 9.03 6.21
2.78 4.3 9.1 6.4
2.82 4.64 8.76 6.4
2.84 5.06 8.46 6.52
2.9 4.49 8.76 6.25
2.87 4.38 8.64 6.02
2.86 4.48 8.62 6.1
2.81 4.12 9.45 6.57
2.93 4.78 8.48 6.26
2.84 4.85 8.18 6.03
2.82 4.31 8.57 5.88
2.85 4.33 9.04 6.37
2.8 4.13 9.38 6.51
2.85 4.79 8.8 6.59
2.8 3.92 9.29 6.21
2.84 4.53 9.0 6.53
2.87 4.47 9.01 6.48
2.86 4.36 9.07 6.43
2.8 4.9 8.38 6.28
2.81 3.91 9.77 6.68
2.84 4.44 9.11 6.55
2.82 4.09 9.0 6.09
2.88 4.63 8.57 6.2
2.8 4.29 8.68 5.97
2.9 4.86 9.07 6.93
2.76 4.01 9.16 6.17
2.83 4.23 8.99 6.22
2.84 4.7 8.81 6.51
2.85 4.93 8.34 6.27
2.81 4.0 9.75 6.75
2.92 4.42 8.83 6.25
2.81 4.44 9.11 6.55
2.81 4.8 8.55 6.35
2.9 5.21 7.8 6.01
2.77 4.34 9.41 6.75
2.86 4.97 8.56 6.53
2.87 4.63 8.8 6.43
2.87 4.39 9.03 6.42
2.86 4.71 8.39 6.1
2.88 4.38 8.82 6.2
2.87 4.47 8.66 6.13
2.86 4.79 8.26 6.05
2.91 4.82 8.48 6.3
2.87 4.38 9.12 6.5
2.79 4.59 8.93 6.52
2.8 4.54 8.28 5.82
2.84 4.75 9.54 7.29
2.81 4.63 8.94 6.57
2.88 4.34 9.17 6.51
2.86 4.52 9.01 6.53
2.83 4.69 8.6 6.29
2.83 4.23 9.06 6.29
2.87 4.3 8.79 6.09
2.83 4.43 8.94 6.37
2.82 4.93 8.35 6.28
2.83 4.96 8.93 6.89
2.81 4.55 8.87 6.42
2.85 4.06 9.46 6.52
2.82 4.46 8.9 6.36
2.77 4.28 8.89 6.17
2.84 4.31 9.36 6.67
2.9 4.72 8.0 5.72
2.87 4.68 8.33 6.01
2.88 5.02 8.3 6.32
2.89 5.14 8.26 6.4
2.82 4.59 8.81 6.4
2.84 4.12 9.0 6.12
2.85 4.7 8.6 6.3
2.88 4.64 8.23 5.87
2.87 4.24 8.86 6.1
2.8 4.57 9.15 6.72
2.82 4.44 9.32 6.76
2.9 4.07 9.02 6.09
2.87 4.6 8.44 6.04
2.78 4.2 8.94 6.14
2.78 4.82 8.47 6.29
2.84 4.28 8.9 6.18
2.89 5.24 8.2 6.44
2.87 4.31 8.58 5.89
2.84 4.35 9.41 6.76
2.78 4.43 8.89 6.32
2.86 4.73 8.44 6.17
2.82 4.71 8.67 6.38
2.79 4.24 9.01 6.25
2.79 4.33 9.18 6.51
2.88 4.52 9.09 6.61
2.87 4.54 8.49 6.03
2.88 4.02 8.92 5.94
2.82 3.97 9.6 6.57
2.88 5.02 8.5 6.52
2.82 4.04 8.76 5.8
2.85 4.57 8.51 6.08
2.82 4.87 8.64 6.51
2.75 4.36 9.39 6.75
2.8 4.25 9.29 6.54
2.87 4.94 8.8 6.74
2.81 4.67 8.81 6.48
2.77 4.09 9.57 6.66
2.79 4.81 8.39 6.2
2.83 4.18 8.96 6.14
2.77 3.88 9.24 6.12
2.9 4.99 8.12 6.11
2.91 4.76 8.48 6.24
2.88 4.69 8.35 6.04
2.83 4.18 9.37 6.55
2.89 4.74 8.61 6.35
2.86 4.11 9.05 6.16
2.76 3.99 9.3 6.29
2.83 4.72 8.6 6.32
2.86 4.7 9.32 7.02
2.88 4.15 9.83 6.98
2.84 4.59 8.49 6.08
2.77 4.35 9.15 6.5
2.91 4.77 8.25 6.02
2.92 4.6 8.26 5.86
2.81 3.96 9.7 6.66
2.83 4.3 9.09 6.39
2.87 4.54 8.87 6.41
2.9 4.78 8.5 6.28
2.79 4.49 8.66 6.15
2.87 4.93 8.05 5.98
2.85 4.59 8.86 6.45
2.87 4.52 8.59 6.11
2.78 4.25 9.01 6.26
2.83 4.64 9.32 6.96
2.84 4.14 8.87 6.01
2.79 4.0 9.14 6.14
2.81 4.03 9.68 6.71
2.86 5.04 8.26 6.3
2.91 4.62 8.48 6.1
2.87 4.47 8.68 6.15
2.87 4.46 8.9 6.36
2.84 4.3 9.1 6.4
2.93 4.14 9.03 6.17
2.82 4.05 9.05 6.1
2.91 4.4 8.96 6.36
2.84 4.4 9.11 6.51
2.85 4.55 8.79 6.34
2.8 4.49 9.42 6.91
2.77 3.85 9.25 6.1
2.88 4.82 8.59 6.41
2.88 4.23 8.71 5.94
2.8 4.47 9.11 6.58
2.82 4.26 8.61 5.87
2.86 4.34 8.56 5.9
2.9 4.91 8.06 5.97
2.8 4.58 8.47 6.05
2.86 4.41 9.1 6.51
2.86 4.54 8.56 6.1
2.83 4.51 9.29 6.8
2.77 4.3 9.32 6.62
2.83 4.51 9.08 6.59
2.83 3.95 9.43 6.38
2.87 4.57 8.78 6.35
2.88 4.74 8.31 6.05
2.88 4.58 8.7 6.28
2.88 4.41 8.68 6.09
2.82 4.3 9.08 6.38
2.82 4.59 8.59 6.18
2.86 5.07 8.12 6.19
2.8 4.12 9.03 6.15
2.84 4.6 8.69 6.29
2.89 4.63 8.89 6.52
2.83 4.6 8.71 6.31
2.78 4.37 9.0 6.37
2.83 4.61 8.82 6.43
2.82 4.5 8.88 6.38
2.75 4.18 9.37 6.55
2.8 4.28 9.06 6.34
2.84 4.71 8.42 6.13
2.79 4.28 9.2 6.48
2.77 3.93 9.81 6.74
2.81 4.9 8.75 6.65
2.87 4.86 8.72 6.58
2.88 4.45 8.8 6.25
2.8 4.71 8.78 6.49
2.8 4.82 8.44 6.26
2.85 4.74 8.7 6.44
2.87 4.83 8.44 6.27
2.77 4.35 9.15 6.5
2.83 4.03 9.27 6.3
2.84 4.15 9.35 6.5
2.85 4.86 8.79 6.65
2.89 4.5 8.59 6.09
2.88 5.27 8.21 6.48
2.9 4.59 8.78 6.37
2.81 4.09 9.41 6.5
2.88 4.28 9.02 6.3
2.8 4.35 8.58 5.93
2.91 4.72 8.59 6.31
2.88 4.82 8.59 6.41
2.77 3.91 9.23 6.14
2.82 4.52 8.66 6.18
2.79 4.14 9.09 6.23
2.84 4.45 8.95 6.4
2.86 4.69 8.94 6.63
2.87 4.73 8.15 5.88
2.9 5.15 8.04 6.19
2.9 4.28 8.68 5.96
2.8 4.92 8.92 6.84
2.85 4.79 8.52 6.31
2.85 4.97 8.31 6.28
2.86 4.71 8.58 6.29
2.82 4.23 9.23 6.46
2.81 4.42 8.82 6.24
2.76 3.92 9.47 6.39
2.78 3.77 9.48 6.25
2.9 4.99 8.39 6.38
2.87 4.49 8.71 6.2
2.85 4.66 8.41 6.07
2.91 4.47 8.17 5.64
2.85 4.15 8.94 6.09
2.83 4.43 9.19 6.62
2.91 4.55 8.98 6.53
2.85 4.92 8.24 6.16
2.85 5.01 8.6 6.61
2.82 4.14 9.32 6.46
2.86 4.53 8.79 6.32
2.79 4.02 9.16 6.18
2.82 4.92 8.4 6.32
2.86 4.48 8.96 6.44
2.86 4.52 8.64 6.16
2.88 4.21 9.28 6.49
2.86 4.0 9.29 6.29
2.86 4.83 8.94 6.77
2.82 4.47 9.16 6.63
2.83 4.36 9.18 6.54
2.88 5.05 8.17 6.22
2.83 4.63 8.69 6.32
2.89 4.74 8.73 6.47
2.78 3.82 10.19 7.01
2.83 4.18 9.41 6.59
2.87 4.29 8.29 5.58
2.81 4.17 9.51 6.68
2.85 4.3 8.9 6.2
2.82 4.18 9.35 6.53
2.81 4.52 9.26 6.78
2.85 4.79 8.35 6.14
2.85 5.17 7.93 6.1
2.82 4.83 8.68 6.51
2.84 4.73 8.47 6.2
2.87 4.29 8.65 5.94
2.86 4.6 8.76 6.36
2.83 4.06 9.35 6.41
2.83 4.29 9.18 6.47
2.89 5.08 7.94 6.02
2.9 4.64 8.69 6.33
2.89 4.23 9.14 6.37
2.84 4.28 8.93 6.21
2.89 4.42 8.81 6.23
2.85 4.41 8.76 6.17
2.79 4.33 9.07 6.4
2.82 4.24 8.89 6.13
2.87 4.38 8.42 5.8
2.86 5.07 8.21 6.28
2.84 4.4 8.95 6.35
2.91 5.03 8.1 6.13
2.75 4.24 9.21 6.45
2.85 4.28 8.88 6.16
2.87 4.35 8.55 5.9
2.87 3.97 9.46 6.43
2.82 4.92 8.36 6.28
2.81 4.43 9.12 6.55
2.79 4.6 8.3 5.9
2.8 5.01 8.3 6.31
2.81 4.47 8.74 6.21
2.91 4.35 8.94 6.29
2.85 4.45 8.69 6.14
2.84 4.37 9.07 6.44
2.88 4.53 9.05 6.58
2.88 4.53 8.92 6.45
2.89 4.53 8.43 5.96
2.75 3.63 9.85 6.48
2.85 4.79 8.11 5.9
2.81 4.52 8.66 6.18
2.84 4.74 8.44 6.18
2.85 4.71 8.96 6.67
2.89 5.36 8.24 6.6
2.88 5.26 8.13 6.39
2.81 4.33 8.88 6.21
2.9 4.07 9.41 6.48
2.89 4.07 8.85 5.92
2.83 4.34 8.88 6.22
2.8 4.71 8.79 6.5
2.78 4.65 8.77 6.42
2.82 4.36 8.93 6.29
2.83 4.11 8.93 6.04
2.95 5.12 8.39 6.51
2.85 4.84 8.75 6.59
2.88 4.41 8.56 5.97
2.85 4.27 9.16 6.43
2.81 4.64 9.12 6.76
2.82 4.51 8.83 6.34
2.85 4.6 8.91 6.51
2.87 4.55 8.67 6.22
2.85 4.12 9.33 6.45
2.85 4.19 9.17 6.36
2.89 4.32 9.25 6.57
2.85 4.94 8.14 6.08
2.85 4.05 9.47 6.52
2.79 4.23 8.62 5.85
2.84 4.57 9.14 6.71
2.91 4.97 8.45 6.42
2.91 4.59 8.77 6.36
2.75 3.99 9.09 6.08
2.83 3.69 9.86 6.55
2.78 4.56 8.47 6.03
2.85 4.24 9.03 6.27
2.89 5.14 7.84 5.98
2.79 4.51 8.78 6.29
2.9 4.49 8.86 6.35
2.87 4.85 8.57 6.42
2.84 4.5 9.31 6.81
2.84 4.47 9.19 6.66
2.84 4.25 9.49 6.74
2.8 4.37 8.73 6.1
2.87 4.85 8.16 6.01
2.81 4.41 9.4 6.81
2.91 4.99 8.54 6.53
2.8 4.25 8.75 6.0
2.77 4.4 8.95 6.35
2.83 4.43 9.01 6.44
2.9 4.29 8.92 6.21
2.76 4.19 9.38 6.57
2.77 3.91 9.73 6.64
2.77 4.04 9.62 6.66
2.89 4.88 8.7 6.58
2.81 4.35 9.4 6.75
2.79 4.62 8.76 6.38
2.84 4.35 9.28 6.63
2.86 4.25 8.85 6.1
2.87 4.36 8.72 6.08
2.83 3.94 8.92 5.86
2.87 4.55 8.41 5.96
2.81 4.46 9.15 6.61
2.8 3.97 9.25 6.22
2.79 4.52 9.4 6.92
2.84 4.41 9.29 6.7
2.85 4.54 8.99 6.53
2.81 3.96 9.67 6.63
2.79 3.94 9.59 6.53
2.75 4.09 9.39 6.48
2.84 4.61 9.24 6.85
2.88 4.34 8.25 5.59
2.91 4.42 8.53 5.95
2.78 4.29 9.31 6.6
2.84 4.87 8.48 6.35
2.85 4.63 8.73 6.36
2.92 4.75 8.49 6.24
2.86 4.43 8.6 6.03
2.86 4.34 9.17 6.51
2.91 4.71 8.41 6.12
2.76 4.47 9.22 6.69
2.85 4.48 8.97 6.45
2.93 4.37 9.07 6.44
2.85 4.65 8.65 6.3
2.8 4.5 9.16 6.66
2.88 4.5 8.48 5.98
2.88 4.88 8.52 6.4
2.86 4.66 8.6 6.26
2.86 4.24 8.92 6.16
2.75 4.71 8.67 6.38
2.79 4.46 8.88 6.34
2.8 4.01 9.4 6.41
2.88 4.57 8.46 6.03
2.85 4.03 9.28 6.31
2.81 4.42 8.65 6.07
2.9 4.39 8.8 6.19
2.81 4.18 9.29 6.47
2.87 4.66 8.87 6.53
2.8 4.36 8.57 5.93
2.82 5.38 7.84 6.22
2.83 4.59 8.98 6.57
2.82 4.38 8.84 6.22
2.86 4.66 8.61 6.27
2.86 4.32 9.08 6.4
2.8 4.53 8.86 6.39
2.85 4.67 8.56 6.23
2.87 4.74 8.42 6.16
2.85 4.87 8.47 6.34
2.88 4.65 8.74 6.39
2.8 4.05 9.31 6.36
2.89 4.15 8.89 6.04
2.9 4.46 8.69 6.15
2.87 4.26 9.23 6.49
2.84 4.23 9.34 6.57
2.83 5.14 8.45 6.59
2.85 4.42 8.78 6.2
2.88 4.65 8.68 6.33
2.92 4.77 8.59 6.36
2.86 4.77 8.61 6.38
2.79 3.9 9.51 6.41
2.84 4.43 9.18 6.61
2.9 4.17 8.72 5.89
2.87 4.88 8.01 5.89
2.92 4.93 8.76 6.69
2.88 4.64 8.75 6.39
2.84 4.62 8.68 6.3
2.84 4.69 8.4 6.09
2.81 3.91 9.62 6.53
2.82 4.56 9.07 6.63
2.85 3.99 8.98 5.97
2.85 4.49 8.61 6.1
2.83 4.14 9.39 6.53
2.85 4.52 8.39 5.91
2.78 4.41 9.28 6.69
2.83 3.98 9.44 6.42
2.83 4.38 9.24 6.62
2.85 5.14 8.36 6.5
2.83 4.72 8.04 5.76
2.85 4.29 9.55 6.84
2.79 4.42 8.95 6.37
2.78 4.32 9.38 6.7
2.89 5.09 8.35 6.44
2.83 4.83 8.34 6.17
2.85 4.48 9.11 6.59
2.86 4.43 8.97 6.4
2.85 4.51 8.79 6.3
2.85 4.64 9.02 6.66
2.84 4.45 8.65 6.1
2.83 4.63 8.9 6.53
2.86 4.87 8.35 6.22
2.83 4.97 7.9 5.87
2.86 4.32 8.97 6.29
2.75 3.56 9.96 6.52
2.85 4.52 9.09 6.61
2.76 4.21 9.65 6.86
2.84 5.17 8.35 6.52
2.81 5.23 8.16 6.39
2.85 3.5 9.84 6.34
2.82 4.38 9.02 6.4
2.82 4.0 9.42 6.42
2.77 4.19 9.22 6.41
2.83 4.79 8.73 6.52
2.82 4.52 8.73 6.25
2.83 3.98 9.12 6.1
2.75 3.63 10.11 6.74
2.79 4.54 8.96 6.5
2.84 4.11 9.28 6.39
2.87 4.63 9.01 6.64
2.7 3.94 9.68 6.62
2.88 4.78 8.75 6.53
2.91 4.92 8.34 6.26
2.89 4.61 8.62 6.23
2.83 4.14 9.62 6.76
2.79 4.44 8.92 6.36
2.9 5.22 8.18 6.4
2.78 4.28 9.18 6.46
2.87 4.54 8.61 6.15
2.83 4.94 8.1 6.04
2.87 4.63 8.7 6.33
2.88 4.6 9.33 6.93
2.81 3.85 9.45 6.3
2.76 4.53 9.15 6.68
2.81 4.31 9.29 6.6
2.85 4.48 8.92 6.4
2.85 4.43 8.79 6.22
2.82 4.44 8.97 6.41
2.77 4.37 9.0 6.37
2.9 4.74 8.21 5.95
2.87 4.97 8.45 6.42
2.88 4.8 8.43 6.23
2.83 4.45 8.85 6.3
2.84 4.58 8.27 5.85
2.9 4.68 8.62 6.3
2.8 4.16 9.45 6.61
2.9 4.94 8.3 6.24
2.82 4.14 9.43 6.57
2.92 4.72 8.12 5.84
2.91 4.34 9.11 6.45
2.79 4.15 9.12 6.27
2.79 4.35 8.89 6.24
2.77 4.34 9.27 6.61
2.75 4.08 8.96 6.04
2.73 4.28 9.33 6.61
2.81 4.59 8.65 6.24
2.82 4.41 9.11 6.52
2.84 5.01 8.76 6.77
2.82 3.87 9.58 6.45
2.88 4.75 8.5 6.25
2.88 4.66 8.36 6.02
2.81 4.33 9.24 6.57
2.8 4.47 8.95 6.42
2.84 4.47 8.81 6.28
2.82 4.53 8.84 6.37
2.82 4.44 9.03 6.47
2.86 4.34 8.56 5.9
2.88 3.77 9.57 6.34
2.95 4.52 8.75 6.27
2.88 4.21 9.01 6.22
2.83 4.64 9.08 6.72
2.88 5.03 8.08 6.11
2.83 4.43 8.66 6.09
2.88 4.93 8.99 6.92
2.88 4.63 8.82 6.45
2.85 4.45 9.09 6.54
2.87 4.53 8.41 5.94
2.8 4.23 8.97 6.2
2.83 4.57 8.66 6.23
2.88 4.54 8.66 6.2
2.81 4.62 8.76 6.38
2.82 4.24 9.35 6.59
2.87 5.07 8.26 6.33
2.89 4.68 8.38 6.06
2.84 4.27 9.3 6.57
2.88 4.33 9.22 6.55
2.86 4.83 8.63 6.46
2.78 4.46 8.73 6.19
2.79 3.78 9.83 6.61
2.86 4.88 8.37 6.25
2.81 4.27 8.96 6.23
2.83 4.19 8.79 5.98
2.85 4.29 9.46 6.75
2.84 4.2 9.37 6.57
2.86 4.22 8.99 6.21
2.84 4.09 9.39 6.48
2.9 4.41 8.98 6.39
2.77 4.53 8.28 5.81
2.87 4.69 8.42 6.11
2.9 4.75 8.19 5.94
2.82 4.24 9.26 6.5
2.8 4.13 9.54 6.67
2.87 4.86 8.5 6.36
2.77 4.32 9.47 6.79
2.77 4.88 8.77 6.65
2.81 4.19 9.55 6.74
2.83 4.64 8.32 5.96
2.8 5.12 8.97 7.09
2.84 3.84 9.75 6.59
2.87 4.79 8.02 5.81
2.85 5.12 8.48 6.6
2.86 4.19 9.17 6.36
2.86 4.65 8.84 6.49
2.89 4.65 8.52 6.17
2.83 4.37 9.05 6.42
2.88 4.11 8.98 6.09
2.84 4.57 8.66 6.23
2.86 4.83 8.26 6.09
2.82 4.71 8.81 6.52
2.82 4.34 8.37 5.71
2.86 4.72 8.49 6.21
2.84 4.37 8.93 6.3
2.78 4.29 9.08 6.37
2.86 4.54 8.71 6.25
2.79 5.13 8.73 6.86
2.88 4.62 8.71 6.33
2.91 4.62 9.0 6.62
2.78 3.96 9.73 6.69
2.82 4.29 9.47 6.76
2.83 4.16 9.14 6.3
2.72 3.82 9.49 6.31
2.8 4.91 8.43 6.34
2.81 4.73 9.09 6.82
2.91 4.67 8.72 6.39
2.82 4.45 8.89 6.34
2.81 4.55 9.34 6.89
2.84 4.63 8.63 6.26
2.76 3.93 9.39 6.32
2.85 4.76 9.11 6.87
2.87 3.78 9.67 6.45
2.82 4.69 8.36 6.05
2.76 4.19 9.03 6.22
2.86 4.75 8.9 6.65
2.84 4.76 8.31 6.07
2.83 4.36 9.19 6.55
2.78 4.1 9.47 6.57
2.85 4.59 8.53 6.12
2.86 4.54 8.6 6.14
2.76 4.17 9.4 6.57
2.79 4.67 9.21 6.88
2.85 4.29 9.02 6.31
2.87 4.4 8.89 6.29
2.85 4.81 8.49 6.3
2.87 4.62 9.08 6.7
2.91 4.4 8.42 5.82
2.79 4.16 9.09 6.25
2.82 4.34 8.88 6.22
2.82 4.55 8.86 6.41
2.89 4.47 8.59 6.06
2.81 4.38 8.64 6.02
2.82 4.62 8.61 6.23
2.88 4.65 8.98 6.63
2.9 4.56 8.35 5.91
2.83 4.64 8.65 6.29
2.84 4.28 8.9 6.18
2.81 4.18 9.2 6.38
2.82 4.02 9.92 6.94
2.85 4.09 9.05 6.14
2.83 4.68 8.74 6.42
2.78 4.41 9.08 6.49
2.87 5.35 8.3 6.65
2.89 5.07 7.69 5.76
2.88 4.29 8.96 6.25
2.8 4.15 8.71 5.86
2.88 4.3 8.93 6.23
2.78 3.83 9.61 6.44
2.79 4.17 9.46 6.63
2.81 4.41 9.04 6.45
2.86 4.8 8.8 6.6
2.9 4.65 8.46 6.11
2.92 4.64 8.58 6.22
2.84 4.41 8.86 6.27
2.77 4.25 9.02 6.27
2.84 3.79 9.39 6.18
2.86 4.27 8.46 5.73
2.84 4.79 8.78 6.57
2.83 4.57 8.86 6.43
2.82 4.32 9.32 6.64
2.8 4.25 9.07 6.32
2.82 4.05 9.47 6.52
2.8 3.61 9.59 6.2
2.83 4.13 8.66 5.79
2.79 4.29 9.06 6.35
2.79 4.29 9.17 6.46
2.88 4.5 8.49 5.99
2.87 4.03 9.32 6.35
2.88 4.25 8.94 6.19
2.85 4.06 9.46 6.52
2.89 4.76 8.59 6.35
2.81 5.18 8.39 6.57
2.84 5.1 8.11 6.21
2.85 4.6 8.8 6.4
2.88 4.58 9.06 6.64
2.79 4.68 8.72 6.4
2.88 4.4 8.41 5.81
2.79 4.65 9.02 6.67
2.86 4.43 8.93 6.36
2.81 4.61 8.98 6.59
2.83 4.22 8.92 6.14
2.83 4.71 8.7 6.41
2.82 4.67 8.54 6.21
2.82 4.63 8.82 6.45
2.82 4.26 9.35 6.61
2.88 4.28 9.18 6.46
2.81 4.15 9.22 6.37
2.81 4.42 8.83 6.25
2.87 4.47 8.55 6.02
2.82 4.04 9.48 6.52
2.82 4.99 8.19 6.18
2.84 4.49 8.67 6.16
2.78 4.07 9.51 6.58
2.8 3.97 9.11 6.08
2.79 4.23 9.29 6.52
2.84 4.11 8.71 5.82
2.86 4.47 8.63 6.1
2.89 5.18 7.93 6.11
2.84 4.93 8.25 6.18
2.86 4.3 8.91 6.21
2.83 4.53 8.93 6.46
2.87 4.89 8.49 6.38
2.88 4.36 8.89 6.25
2.77 4.65 8.97 6.62
2.87 4.38 8.7 6.08
2.82 5.33 8.32 6.65
2.86 4.6 8.69 6.29
2.85 4.48 8.63 6.11
2.83 4.64 8.96 6.6
2.9 4.61 8.74 6.35
2.81 4.43 9.22 6.65
2.85 4.62 8.28 5.9
2.92 5.06 8.47 6.53
2.89 4.94 8.39 6.33
2.92 5.04 8.35 6.39
2.83 4.04 9.29 6.33
2.77 4.58 8.92 6.5
2.81 4.36 9.18 6.54
2.91 4.86 8.28 6.14
2.79 4.59 9.13 6.72
2.89 4.24 9.07 6.31
2.81 3.91 9.36 6.27
2.86 4.61 8.77 6.38
2.85 3.91 9.73 6.64
2.82 4.03 9.93 6.96
2.83 4.31 9.1 6.41
2.89 4.58 8.26 5.84
2.87 4.85 8.94 6.79
2.88 4.55 8.67 6.22
2.9 4.76 8.4 6.16
2.84 4.63 8.86 6.49
2.9 4.28 8.78 6.06
2.75 4.24 8.83 6.07
2.82 4.01 9.23 6.24
2.88 4.82 8.16 5.98
2.81 4.36 8.9 6.26
2.89 4.49 8.53 6.02
2.72 4.17 9.19 6.36
2.82 4.68 9.17 6.85
2.79 3.98 9.17 6.15
2.83 3.98 9.15 6.13
2.84 4.59 8.88 6.47
2.81 4.06 9.88 6.94
2.87 5.22 8.17 6.39
2.81 4.56 8.85 6.41
2.79 4.22 9.59 6.81
2.77 4.61 8.58 6.19
2.87 4.74 8.61 6.35
2.79 4.22 8.95 6.17
2.87 4.44 8.96 6.4
2.81 4.0 8.93 5.93
2.89 4.69 8.19 5.88
2.89 4.43 9.07 6.5
2.82 4.65 8.48 6.13
2.85 4.36 8.87 6.23
2.85 4.55 8.74 6.29
2.81 4.37 8.63 6.0
2.94 4.36 8.79 6.15
2.86 4.96 8.09 6.05
2.83 4.78 8.52 6.3
2.88 5.13 8.58 6.71
2.79 4.32 9.01 6.33
2.82 4.43 8.58 6.01
2.85 4.46 8.36 5.82
2.85 4.49 8.54 6.03
2.86 4.31 8.67 5.98
2.86 4.6 9.27 6.87
2.83 3.92 10.03 6.95
2.88 5.26 8.28 6.54
2.87 4.66 8.74 6.4
2.83 4.83 8.45 6.28
2.84 4.15 9.05 6.2
2.76 4.2 9.46 6.66
2.83 4.21 8.86 6.07
2.84 4.51 8.46 5.97
2.8 4.14 9.48 6.62
2.83 4.69 8.54 6.23
2.78 4.71 8.66 6.37
2.89 4.42 8.42 5.84
2.85 4.83 8.78 6.61
2.82 4.78 8.38 6.16
2.86 4.9 8.37 6.27
2.89 4.59 8.38 5.97
2.85 4.23 9.02 6.25
2.89 4.48 8.69 6.17
2.84 4.2 9.32 6.52
2.83 4.08 8.89 5.97
2.92 4.47 8.42 5.89
2.87 4.13 9.54 6.67
2.8 4.33 9.08 6.41
2.82 4.51 8.92 6.43
2.82 5.05 8.2 6.25
2.84 4.39 9.04 6.43
2.83 4.32 8.63 5.95
2.86 5.22 8.12 6.34
2.91 4.29 9.01 6.3
2.79 4.66 8.81 6.47
2.8 4.17 9.61 6.78
2.87 4.53 8.68 6.21
2.8 4.2 8.98 6.18
2.87 4.38 9.35 6.73
2.81 4.13 9.05 6.18
2.86 4.62 8.58 6.2
2.83 4.33 8.92 6.25
2.84 4.54 8.58 6.12
2.88 4.84 7.72 5.56
2.84 4.27 9.0 6.27
2.89 4.88 8.22 6.1
2.85 4.29 9.3 6.59
2.83 4.74 8.56 6.3
2.91 5.18 7.98 6.16
2.93 5.06 8.13 6.19
2.9 4.84 8.38 6.22
2.94 4.97 7.6 5.57
2.77 4.67 8.09 5.76
2.87 4.31 8.78 6.09
2.86 4.9 8.39 6.29
2.83 4.47 9.08 6.55
2.81 4.05 8.44 5.49
2.81 4.2 9.16 6.36
2.84 4.71 8.51 6.22
2.89 5.35 7.66 6.01
2.81 3.88 9.28 6.16
2.81 4.48 8.79 6.27
2.84 4.24 9.03 6.27
2.81 4.18 9.36 6.54
2.8 4.87 8.87 6.74
2.84 4.57 8.96 6.53
2.79 4.81 8.84 6.65
2.85 4.31 8.97 6.28
2.86 4.3 9.35 6.65
2.85 4.62 8.76 6.38
2.79 4.17 9.3 6.47
2.71 3.79 9.56 6.35
2.88 5.3 7.9 6.2
2.84 4.8 8.68 6.48
2.87 4.14 8.95 6.09
2.82 4.45 8.93 6.38
2.87 4.59 8.85 6.44
2.84 4.73 8.5 6.23
2.87 4.58 8.81 6.39
2.91 4.67 8.31 5.98
2.86 4.78 8.46 6.24
2.84 3.91 9.15 6.06
2.92 4.68 8.38 6.06
2.91 4.71 8.73 6.44
2.86 4.37 8.72 6.09
2.86 4.05 9.02 6.07
2.71 3.96 9.3 6.26
2.89 4.68 8.26 5.94
2.91 4.52 9.12 6.64
2.88 4.63 8.86 6.49
2.87 4.53 8.65 6.18
2.91 4.7 8.31 6.01
2.85 4.52 8.6 6.12
2.81 3.93 9.44 6.37
2.84 4.34 9.29 6.63
2.81 4.57 8.63 6.2
2.83 4.06 9.41 6.47
2.94 4.72 8.54 6.26
2.93 4.71 8.69 6.4
2.89 4.63 9.06 6.69
2.86 4.67 8.1 5.77
2.9 5.01 7.67 5.68
2.93 4.93 8.49 6.42
2.83 4.28 8.97 6.25
2.79 4.54 8.91 6.45
2.85 4.99 8.9 6.89
2.86 4.29 8.85 6.14
2.78 4.07 9.36 6.43
2.81 4.2 9.22 6.42
2.85 4.07 9.0 6.07
2.83 4.58 8.68 6.26
2.85 4.73 8.57 6.3
2.82 4.32 9.8 7.12
2.83 4.43 8.82 6.25
2.81 4.77 8.68 6.45
2.81 4.68 8.56 6.24
2.73 4.1 9.6 6.7
2.85 4.13 9.12 6.25
2.76 4.31 8.72 6.03
2.84 4.36 8.98 6.34
2.75 4.58 9.14 6.72
2.9 4.48 8.73 6.21
2.73 4.02 9.77 6.79
2.74 3.96 9.78 6.74
2.88 4.69 8.63 6.32
2.89 5.34 7.39 5.73
2.84 4.96 8.39 6.35
2.9 4.99 8.75 6.74
2.84 4.43 8.89 6.32
2.84 5.33 8.02 6.35
2.82 4.5 9.01 6.51
2.86 4.23 9.19 6.42
2.95 4.69 8.6 6.29
2.8 4.44 8.82 6.26
2.9 3.98 9.2 6.18
2.79 4.55 8.77 6.32
2.8 4.54 9.01 6.55
2.89 4.61 9.08 6.69
2.85 4.33 9.03 6.36
2.84 5.58 8.02 6.6
2.95 5.0 8.33 6.33
2.74 3.87 9.66 6.53
2.81 4.35 8.96 6.31
2.89 4.06 9.24 6.3
2.84 4.81 8.65 6.46
2.87 3.97 9.57 6.54
2.84 4.46 8.86 6.32
2.86 4.11 9.25 6.36
2.88 4.35 8.8 6.15
2.8 4.22 8.75 5.97
2.9 4.44 9.1 6.54
2.82 4.32 9.41 6.73
2.75 4.16 9.26 6.42
2.84 4.94 8.0 5.94
2.78 4.35 8.81 6.16
2.8 4.24 8.84 6.08
2.88 4.68 8.38 6.06
2.88 5.18 8.26 6.44
2.87 4.92 8.61 6.53
2.86 4.96 8.53 6.49
2.93 4.65 8.8 6.45
2.9 4.72 8.62 6.34
2.81 3.93 9.75 6.68
2.79 3.78 9.78 6.56
2.84 5.19 8.18 6.37
2.89 4.47 8.43 5.9
2.84 4.3 9.07 6.37
2.91 4.69 8.54 6.23
2.82 4.73 8.88 6.61
2.89 4.74 8.66 6.4
2.87 4.62 8.61 6.23
2.76 4.15 9.47 6.62
2.81 4.56 9.02 6.58
2.87 4.97 8.77 6.74
2.83 4.06 9.22 6.28
2.77 4.68 8.77 6.45
2.88 4.53 8.97 6.5
2.86 4.62 8.82 6.44
2.88 4.09 9.28 6.37
2.89 4.41 8.79 6.2
2.85 5.11 8.34 6.45
2.8 4.25 9.31 6.56
2.91 4.16 9.34 6.5
2.8 4.55 9.0 6.55
2.8 4.7 8.2 5.9
2.9 4.9 8.41 6.31
2.89 4.7 8.79 6.49
2.87 4.92 7.64 5.56
2.83 4.15 9.26 6.41
2.82 4.53 8.73 6.26
2.85 4.44 8.87 6.31
2.86 4.74 8.73 6.47
2.83 4.49 9.13 6.62
2.84 4.42 8.64 6.06
2.78 4.16 9.58 6.74
2.83 4.03 8.77 5.8
2.92 4.49 8.67 6.16
2.84 4.77 8.78 6.55
2.84 4.38 9.03 6.41
2.88 4.42 8.84 6.26
2.84 4.92 9.35 7.27
2.84 4.52 8.33 5.85
2.88 4.67 8.86 6.53
2.88 4.41 9.03 6.44
2.85 4.52 8.58 6.1
2.8 4.51 8.71 6.22
2.82 4.65 8.93 6.58
2.87 4.69 8.35 6.04
2.81 4.33 9.11 6.44
2.81 4.16 9.03 6.19
2.81 4.17 9.43 6.6
2.84 4.35 9.38 6.73
2.84 4.27 8.85 6.12
2.79 3.95 9.01 5.96
2.84 4.56 8.71 6.27
2.82 4.53 8.64 6.17
2.77 4.1 9.5 6.6
2.89 4.31 9.26 6.57
2.84 4.85 8.38 6.23
2.78 4.8 8.87 6.67
2.84 4.35 8.89 6.24
2.89 5.07 8.38 6.45
2.85 4.44 8.65 6.09
2.9 4.33 9.03 6.36
2.87 4.63 8.31 5.94
2.8 4.16 9.19 6.35
2.9 4.94 8.27 6.21
2.92 4.64 8.11 5.75
2.82 4.12 9.11 6.23
2.81 4.68 8.83 6.51
2.84 4.5 8.21 5.71
2.89 4.45 8.83 6.28
2.85 4.38 9.61 6.99
2.81 4.34 8.85 6.19
2.89 4.59 8.38 5.97
2.86 4.52 8.34 5.86
2.83 4.49 8.86 6.35
2.79 4.32 9.42 6.74
2.88 4.78 8.67 6.45
2.83 4.73 8.37 6.1
2.91 4.8 8.69 6.49
2.84 4.49 8.81 6.3
2.9 5.02 8.05 6.07
2.8 4.16 9.44 6.6
2.83 4.8 8.6 6.4
2.84 3.7 9.81 6.51
2.82 4.65 8.34 5.99
2.84 4.47 9.31 6.78
2.78 4.09 9.29 6.38
2.82 4.02 9.55 6.57
2.9 4.46 9.2 6.66
2.91 4.71 8.81 6.52
2.84 4.67 8.65 6.32
2.76 4.0 9.63 6.63
2.77 4.09 9.67 6.76
2.83 4.24 8.91 6.15
2.83 4.64 8.68 6.32
2.74 4.24 9.32 6.56
2.82 4.07 9.2 6.27
2.84 4.54 9.13 6.67
2.85 3.85 9.7 6.55
2.9 4.5 8.26 5.76
2.84 4.26 9.09 6.35
2.81 4.43 9.31 6.74
2.8 4.14 8.89 6.03
2.82 4.29 8.86 6.15
2.88 4.77 8.48 6.25
2.8 4.21 9.2 6.41
2.87 4.4 9.14 6.54
2.84 4.89 8.32 6.21
2.88 4.34 8.5 5.84
2.9 4.33 9.23 6.56
2.82 4.55 8.66 6.21
2.89 4.64 9.08 6.72
2.85 4.53 8.35 5.88
2.81 4.14 9.28 6.42
2.77 4.36 9.34 6.7
2.9 5.09 8.66 6.75
2.89 4.72 8.59 6.31
2.78 3.98 9.67 6.65
2.85 5.0 8.64 6.64
2.86 4.79 9.24 7.03
2.68 3.62 9.73 6.35
2.86 4.4 8.86 6.26
2.84 4.52 8.9 6.42
2.78 4.46 9.22 6.68
2.81 4.35 9.45 6.8
2.81 4.28 9.25 6.53
2.82 4.61 9.3 6.91
2.84 5.02 8.18 6.2
2.84 4.7 8.95 6.65
2.89 4.27 8.88 6.15
2.81 4.44 8.9 6.34
2.78 4.77 8.63 6.4
2.87 4.85 8.59 6.44
2.89 4.72 8.46 6.18
2.88 4.65 8.63 6.28
2.86 4.72 8.69 6.41
2.85 4.74 8.46 6.2
2.9 5.03 7.96 5.99
2.89 4.44 9.03 6.47
2.79 4.75 8.65 6.4
2.85 4.88 8.15 6.03
2.86 4.37 8.72 6.09
2.84 4.21 9.41 6.62
2.84 4.39 8.87 6.26
2.85 4.55 8.7 6.25
2.79 4.46 8.94 6.4
2.76 4.51 8.98 6.49
2.85 4.26 8.62 5.88
2.82 4.2 8.92 6.12
2.8 4.7 8.68 6.38
2.82 5.08 7.83 5.91
2.72 3.92 9.8 6.72
2.82 4.16 8.72 5.88
2.87 4.67 8.93 6.6
2.89 4.26 9.07 6.33
2.86 4.28 9.26 6.54
2.9 4.31 8.74 6.05
2.88 4.56 8.99 6.55
2.84 4.48 8.82 6.3
2.78 4.2 8.92 6.12
2.83 4.01 8.99 6.0
2.84 4.4 9.55 6.95
2.89 4.81 8.05 5.86
2.87 4.72 8.71 6.43
2.87 4.48 9.0 6.48
2.92 5.33 8.27 6.6
2.8 3.94 9.77 6.71
2.88 3.86 9.64 6.5
2.75 3.55 9.53 6.08
2.85 4.55 8.79 6.34
2.89 4.83 8.65 6.48
2.81 4.94 8.74 6.68
2.84 4.71 8.51 6.22
2.76 4.58 9.5 7.08
2.83 4.38 9.08 6.46
2.83 5.01 8.23 6.24
2.83 4.61 8.4 6.01
2.85 4.52 8.61 6.13
2.85 4.74 8.76 6.5
2.78 4.11 9.12 6.23
2.85 4.12 9.06 6.18
2.83 4.45 8.89 6.34
2.86 4.64 8.45 6.09
2.83 4.3 9.48 6.78
2.89 4.29 9.05 6.34
2.9 4.88 8.51 6.39
2.78 4.54 8.97 6.51
2.86 4.62 8.22 5.84
2.85 4.23 8.73 5.96
2.84 4.5 8.8 6.3
2.84 4.11 9.45 6.56
2.84 4.23 8.7 5.93
2.83 4.22 9.42 6.64
2.88 4.75 8.13 5.88
2.86 4.71 8.41 6.12
2.84 4.47 9.16 6.63
2.89 4.97 7.88 5.85
2.88 4.46 9.1 6.56
2.89 5.01 7.86 5.87
2.82 4.1 9.63 6.73
2.85 4.29 8.67 5.96
2.82 4.05 8.99 6.04
2.89 4.88 8.6 6.48
2.81 4.4 8.38 5.78
2.85 4.47 9.28 6.75
2.88 4.56 8.61 6.17
2.83 4.29 9.06 6.35
2.84 4.02 9.22 6.24
2.85 3.85 9.58 6.43
2.82 4.65 8.51 6.16
2.82 4.3 8.46 5.76
2.9 4.67 8.67 6.34
2.8 4.35 8.93 6.28
2.83 4.35 8.79 6.14
2.85 4.79 8.4 6.19
2.82 3.85 9.7 6.55
2.91 4.74 8.62 6.36
2.86 4.11 8.77 5.88
2.94 4.88 8.17 6.05
2.86 4.83 8.46 6.29
2.85 4.7 8.27 5.97
2.85 4.55 8.86 6.41
2.75 4.68 8.96 6.64
2.8 3.88 9.51 6.39
2.83 4.46 8.82 6.28
2.71 4.24 9.42 6.66
2.88 4.85 8.98 6.83
2.85 4.37 9.02 6.39
2.77 4.4 9.1 6.5
2.85 4.64 8.64 6.28
2.71 4.29 8.81 6.1
2.85 4.53 8.68 6.21
2.88 4.89 8.5 6.39
2.82 4.73 8.45 6.18
2.79 4.32 9.03 6.35
2.81 5.01 8.9 6.91
2.83 3.73 9.22 5.95
2.87 4.6 8.9 6.5
2.83 4.29 8.82 6.11
2.86 4.44 8.71 6.15
2.86 4.68 8.27 5.95
2.85 4.45 8.93 6.38
2.88 4.55 8.71 6.26
2.87 4.9 8.44 6.34
2.83 4.71 8.58 6.29
2.8 4.1 9.27 6.37
2.74 3.94 9.55 6.49
2.92 4.91 8.25 6.16
2.9 4.65 8.67 6.32
2.84 4.86 8.39 6.25
2.82 3.88 9.56 6.44
2.78 4.63 8.67 6.3
2.82 4.82 8.29 6.11
2.87 4.84 8.39 6.23
2.85 3.93 9.58 6.51
2.78 4.33 9.29 6.62
2.91 4.71 8.46 6.17
2.86 4.56 8.74 6.3
2.87 4.91 8.2 6.11
2.77 4.39 8.89 6.28
2.85 4.48 9.23 6.71
2.83 4.4 9.11 6.51
2.81 4.31 9.27 6.58
2.84 4.48 9.04 6.52
2.75 4.42 8.91 6.33
2.85 4.19 8.98 6.17
2.82 3.76 9.44 6.2
2.88 3.97 9.59 6.56
2.87 4.53 8.85 6.38
2.86 4.54 8.71 6.25
2.84 4.24 9.29 6.53
2.84 4.59 8.57 6.16
2.9 4.79 8.56 6.35
2.84 4.09 9.24 6.33
2.82 4.66 8.77 6.43
2.82 4.58 8.53 6.11
2.89 5.33 8.07 6.4
2.83 4.84 8.85 6.69
2.91 4.69 8.95 6.64
2.89 5.0 7.63 5.63
2.88 4.56 8.96 6.52
2.86 4.44 8.83 6.27
2.9 4.82 8.84 6.66
2.76 4.35 9.09 6.44
2.81 4.38 9.25 6.63
2.82 4.21 9.24 6.45
2.84 4.56 8.74 6.3
2.87 4.37 9.34 6.71
2.87 4.43 8.72 6.15
2.83 4.43 8.94 6.37
2.78 4.49 9.08 6.57
2.82 4.92 8.73 6.65
2.88 4.76 8.97 6.73
2.81 3.86 8.98 5.84
2.86 4.83 8.89 6.72
2.83 4.28 8.82 6.1
2.86 4.13 9.2 6.33
2.91 4.75 8.65 6.4
2.87 4.9 8.23 6.13
2.82 4.92 8.4 6.32
2.84 4.61 8.78 6.39
2.86 4.36 9.36 6.72
2.8 4.31 9.36 6.67
2.81 4.32 8.71 6.03
2.86 4.42 8.74 6.16
2.89 5.16 8.33 6.49
2.86 4.53 8.93 6.46
2.86 5.17 8.32 6.49
2.87 4.06 9.55 6.61
2.77 3.92 9.37 6.29
2.78 4.37 8.68 6.05
2.84 4.37 8.63 6.0
2.85 4.32 9.22 6.54
2.75 4.16 9.51 6.67
2.93 4.79 8.85 6.64
2.87 4.47 8.74 6.21
2.82 4.82 8.76 6.58
2.78 4.19 8.98 6.17
2.8 4.75 8.94 6.69
2.88 5.18 8.1 6.28
2.81 3.99 9.65 6.64
2.84 4.72 8.65 6.37
2.9 4.64 8.76 6.4
2.86 4.46 9.11 6.57
2.89 4.39 8.77 6.16
2.83 4.24 9.15 6.39
2.86 4.68 8.65 6.33
2.81 4.5 8.83 6.33
2.86 4.81 8.33 6.14
2.88 4.55 8.61 6.16
2.86 4.66 8.72 6.38
2.8 4.4 9.15 6.55
2.87 4.44 8.83 6.27
2.82 4.75 8.32 6.07
2.86 4.89 8.83 6.72
2.82 4.65 9.06 6.71
2.88 3.86 9.41 6.27
2.79 4.3 9.18 6.48
2.88 4.24 9.07 6.31
2.81 4.37 9.26 6.63
2.89 4.78 8.72 6.5
2.84 4.3 8.41 5.71
2.89 4.82 8.43 6.25
2.82 4.38 8.74 6.12
2.85 4.37 9.55 6.92
2.84 4.48 8.53 6.01
2.81 4.24 9.18 6.42
2.82 4.12 9.43 6.55
2.85 4.53 8.36 5.89
2.83 4.14 9.39 6.53
2.85 4.3 8.8 6.1
2.83 4.59 9.04 6.63
2.83 4.75 8.46 6.21
2.77 4.47 8.9 6.37
2.88 4.43 8.5 5.93
2.79 4.12 9.01 6.13
2.85 4.93 8.65 6.58
2.76 4.71 8.5 6.21
2.88 4.37 8.78 6.15
2.79 4.63 8.78 6.41
2.82 4.26 9.12 6.38
2.87 4.41 8.87 6.28
2.85 4.81 8.57 6.38
2.88 4.54 8.76 6.3
2.87 4.4 8.89 6.29
2.78 4.4 8.89 6.29
2.86 4.7 8.64 6.34
2.89 4.49 9.04 6.53
2.91 4.45 9.0 6.45
2.86 4.42 8.79 6.21
2.78 4.54 9.12 6.66
2.88 4.07 9.01 6.08
2.87 4.62 8.21 5.83
2.87 4.1 9.47 6.57
2.86 4.74 8.65 6.39
2.92 5.08 8.41 6.49
2.91 4.86 9.1 6.96
2.8 4.98 8.31 6.29
2.86 4.33 9.23 6.56
2.88 4.29 8.41 5.7
2.81 4.27 9.75 7.02
2.82 4.18 9.36 6.54
2.8 4.77 8.58 6.35
2.83 4.74 8.64 6.38
2.84 4.47 8.96 6.43
2.86 4.81 8.08 5.89
2.81 3.87 9.69 6.56
2.83 4.59 9.03 6.62
2.87 4.81 8.47 6.28
2.78 3.87 9.34 6.21
2.86 4.32 9.03 6.35
2.82 4.17 8.97 6.14
2.78 4.55 9.18 6.73
2.9 4.73 8.53 6.26
2.8 3.85 9.46 6.31
2.88 4.49 8.7 6.19
2.83 4.49 8.97 6.46
2.85 4.44 8.88 6.32
2.84 4.59 8.38 5.97
2.82 4.78 8.67 6.45
2.8 4.74 8.54 6.28
2.89 4.47 8.63 6.1
2.82 4.19 9.51 6.7
2.87 4.76 8.39 6.15
2.81 4.69 8.69 6.38
2.92 4.86 8.4 6.26
2.92 4.91 8.19 6.1
2.8 4.01 9.63 6.64
2.79 4.66 8.77 6.43
2.88 4.97 8.29 6.26
2.8 3.95 9.48 6.43
2.84 4.25 9.08 6.33
2.81 4.37 9.34 6.71
2.92 4.52 8.96 6.48
2.81 4.93 8.61 6.54
2.87 4.64 8.29 5.93
2.79 4.27 8.61 5.88
2.88 5.06 8.2 6.26
2.79 3.92 9.36 6.28
2.82 4.21 8.96 6.17
2.8 4.43 8.78 6.21
2.79 4.17 8.93 6.1
2.91 4.8 8.78 6.58
2.86 4.79 8.32 6.11
2.86 4.91 8.19 6.1
2.78 4.74 8.98 6.72
2.89 4.75 7.84 5.59
2.9 4.85 8.28 6.13
2.79 3.98 9.22 6.2
2.87 4.29 9.41 6.7
2.92 4.75 8.45 6.2
2.85 4.21 9.45 6.66
2.81 3.85 9.13 5.98
2.82 4.72 8.83 6.55
2.83 4.45 9.11 6.56
2.84 4.78 8.48 6.26
2.82 3.76 9.38 6.14
2.8 4.37 9.31 6.68
2.85 4.76 8.36 6.12
2.87 4.84 8.45 6.29
2.89 4.82 8.26 6.08
2.85 4.36 8.96 6.32
2.89 4.97 8.1 6.07
2.91 4.76 8.76 6.52
2.92 4.56 9.26 6.82
2.81 3.98 9.73 6.71
2.8 4.34 9.07 6.41
2.85 4.25 9.25 6.5
2.84 4.71 8.9 6.61
2.83 4.44 8.64 6.08
2.88 4.89 8.46 6.35
2.83 4.51 8.75 6.26
2.82 4.05 9.41 6.46
2.85 4.43 8.85 6.28
2.85 4.42 9.08 6.5
2.88 5.05 8.31 6.36
2.73 4.1 8.97 6.07
2.85 4.16 9.54 6.7
2.84 4.69 8.99 6.68
2.85 4.66 8.98 6.64
2.85 4.98 8.57 6.55
2.82 4.19 8.97 6.16
2.84 3.96 9.23 6.19
2.84 4.7 8.43 6.13
2.92 4.72 8.31 6.03
2.92 4.98 8.53 6.51
2.87 4.57 8.78 6.35
2.83 4.7 8.32 6.02
2.83 4.58 9.12 6.7
2.86 4.33 8.99 6.32
2.71 4.18 8.88 6.06
2.89 4.69 8.78 6.47
2.81 4.07 9.38 6.45
2.87 4.3 9.2 6.5
2.79 4.86 8.27 6.13
2.85 4.56 8.17 5.73
2.92 4.85 8.01 5.86
2.85 5.18 7.82 6.0
2.86 4.69 8.7 6.39
2.87 4.5 8.81 6.31
2.9 4.31 8.83 6.14
2.78 4.39 8.93 6.32
2.93 4.79 7.98 5.77
2.84 4.25 8.48 5.73
2.88 4.46 9.36 6.82
2.87 4.67 8.94 6.61
2.73 4.3 9.08 6.38
2.83 3.78 10.0 6.78
2.84 4.27 8.91 6.18
2.8 4.92 8.47 6.39
2.87 4.84 8.6 6.44
2.82 4.5 8.97 6.47
2.78 4.33 9.08 6.41
2.89 5.03 8.35 6.38
2.85 4.43 8.82 6.25
2.88 4.65 8.9 6.55
2.76 4.78 8.85 6.63
2.88 5.02 8.31 6.33
2.9 4.98 8.15 6.13
2.84 4.54 8.49 6.03
2.87 4.54 9.03 6.57
2.79 4.22 8.93 6.15
2.8 4.64 8.74 6.38
2.9 4.64 8.75 6.39
2.85 4.25 9.01 6.26
2.8 4.6 9.07 6.67
2.84 4.69 8.71 6.4
2.92 4.96 8.25 6.21
2.85 4.08 9.27 6.35
2.91 4.94 8.31 6.25
2.82 4.66 8.19 5.85
2.9 5.41 8.01 6.42
2.81 4.4 8.81 6.21
2.85 4.43 8.64 6.07
2.85 4.6 8.7 6.3
2.92 4.24 8.74 5.98
2.82 4.42 8.98 6.4
2.86 4.29 9.07 6.36
2.86 4.2 9.06 6.26
2.87 4.07 9.92 6.99
2.93 5.06 8.02 6.08
2.81 4.64 8.33 5.97
2.84 4.9 8.03 5.93
2.86 4.61 8.82 6.43
2.87 4.67 8.7 6.37
2.87 4.4 8.78 6.18
2.93 4.76 8.79 6.55
2.84 4.33 9.24 6.57
2.81 4.27 9.26 6.53
2.88 4.85 8.34 6.19
2.82 4.62 8.54 6.16
2.82 4.49 8.75 6.24
2.86 4.38 9.0 6.38
2.92 4.78 8.2 5.98
2.84 4.38 9.24 6.62
2.84 4.88 8.44 6.32
2.86 4.36 9.04 6.4
2.77 4.09 8.66 5.75
2.89 4.67 8.37 6.04
2.91 4.98 7.94 5.92
2.91 4.93 8.18 6.11
2.85 4.55 8.23 5.78
2.8 4.82 8.75 6.57
2.87 4.53 8.16 5.69
2.93 4.88 8.55 6.43
2.83 3.92 8.95 5.87
2.78 4.71 8.54 6.25
2.9 4.9 8.65 6.55
2.88 4.96 7.74 5.7
2.82 4.25 9.08 6.33
2.92 5.2 7.76 5.96
2.84 4.35 8.87 6.22
2.83 4.48 9.07 6.55
2.81 4.01 9.22 6.23
2.83 4.37 9.31 6.68
2.9 4.93 8.17 6.1
2.81 4.39 8.9 6.29
2.81 4.4 9.2 6.6
2.88 5.02 8.08 6.1
2.81 4.18 9.35 6.53
2.86 4.52 8.88 6.4
2.85 4.34 8.79 6.13
2.84 4.45 9.13 6.58
2.86 4.47 8.99 6.46
2.8 4.0 9.57 6.57
2.88 4.66 8.3 5.96
2.84 4.2 9.52 6.72
2.82 4.28 8.66 5.94
2.85 4.35 8.95 6.3
2.78 4.46 9.18 6.64
2.87 4.67 8.49 6.16
2.9 4.21 8.94 6.15
2.88 4.81 7.94 5.75
2.92 4.52 8.63 6.15
2.84 4.89 8.34 6.23
2.82 4.24 8.99 6.23
2.82 4.29 8.93 6.22
2.87 4.57 8.89 6.46
2.83 4.52 8.97 6.49
2.78 4.14 9.71 6.85
2.84 4.75 8.99 6.74
2.88 4.24 8.91 6.15
2.8 4.38 8.58 5.96
2.81 4.83 8.45 6.28
2.79 4.49 8.81 6.3
2.9 4.87 8.41 6.28
2.88 4.93 8.72 6.65
2.82 4.38 9.36 6.74
2.84 4.25 8.86 6.11
2.89 4.28 9.04 6.32
2.87 4.78 8.45 6.23
2.87 4.78 8.54 6.32
2.89 5.25 7.86 6.11
2.85 4.3 9.06 6.36
2.78 4.29 8.88 6.17
2.8 3.86 9.59 6.45
2.87 4.46 9.11 6.57
2.88 4.53 8.6 6.13
2.9 4.61 8.49 6.1
2.78 4.32 9.21 6.53
2.83 4.02 9.29 6.31
2.8 4.52 9.06 6.58
2.82 4.47 9.74 7.21
2.78 3.84 9.43 6.27
2.83 5.06 8.85 6.91
2.9 4.97 7.9 5.87
2.9 5.38 7.82 6.2
2.83 4.59 9.17 6.76
2.84 4.53 8.63 6.16
2.84 4.36 9.38 6.74
2.77 4.14 9.75 6.89
2.79 4.49 8.57 6.06
2.86 4.5 8.81 6.31
2.81 4.06 9.67 6.73
2.84 4.54 8.37 5.91
2.85 4.31 9.18 6.49
2.85 4.51 8.88 6.39
2.74 4.99 9.15 7.14
2.81 4.31 8.96 6.27
2.87 4.38 8.66 6.04
2.9 4.72 8.73 6.45
2.85 4.34 8.87 6.21
2.81 4.75 8.71 6.46
2.86 4.45 8.95 6.4
2.84 4.5 8.81 6.31
2.83 4.39 8.78 6.17
2.76 4.15 9.35 6.5
2.79 4.8 8.58 6.38
2.81 4.56 8.93 6.49
2.81 4.47 9.44 6.91
2.8 3.66 9.68 6.34
2.86 4.67 8.93 6.6
2.79 4.43 8.69 6.12
2.89 4.49 8.99 6.48
2.85 4.03 9.4 6.43
2.77 4.66 9.3 6.96
2.87 4.74 8.25 5.99
2.88 4.41 9.02 6.43
2.83 4.34 9.61 6.95
2.83 4.95 8.03 5.98
2.84 4.36 8.82 6.18
2.85 4.64 8.73 6.37
2.84 4.79 8.54 6.33
2.86 4.31 9.41 6.72
2.86 4.55 8.95 6.5
2.81 4.47 8.35 5.82
2.78 4.61 8.85 6.46
2.8 3.94 9.09 6.03
2.79 4.3 9.19 6.49
2.8 4.79 9.03 6.82
2.79 4.36 9.47 6.83
2.85 4.58 8.64 6.22
2.83 4.44 8.98 6.42
2.81 4.31 9.09 6.4
2.8 4.5 9.39 6.89
2.86 4.18 9.58 6.76
2.78 5.17 8.22 6.39
2.8 4.37 9.04 6.41
2.83 4.4 8.78 6.18
2.81 4.98 8.33 6.31
2.77 4.61 8.54 6.15
2.82 4.43 8.66 6.09
2.8 4.03 9.44 6.47
2.81 4.2 9.06 6.26
2.82 4.97 8.32 6.29
2.86 4.31 8.9 6.21
2.82 4.23 8.95 6.18
2.9 4.63 8.66 6.29
2.8 4.18 9.01 6.19
2.82 4.87 8.21 6.08
2.79 4.28 9.08 6.36
2.82 4.45 8.99 6.44
2.9 4.68 8.56 6.24
2.88 4.93 9.06 6.99
2.82 4.38 8.69 6.07
2.87 4.92 8.57 6.49
2.85 4.07 9.29 6.36
2.77 4.31 8.84 6.15
2.88 4.63 8.67 6.3
2.8 4.05 9.13 6.18
2.84 4.03 9.18 6.21
2.9 4.67 8.44 6.11
2.88 4.64 8.59 6.23
2.8 4.13 8.95 6.08
2.85 4.13 8.91 6.04
2.83 4.74 8.61 6.35
2.87 4.75 8.4 6.15
2.87 4.28 9.35 6.63
2.86 4.75 8.89 6.64
2.83 4.17 9.25 6.42
2.86 4.53 8.77 6.3
2.84 4.35 8.5 5.85
2.82 4.54 8.81 6.35
2.83 4.62 8.75 6.37
2.8 4.26 9.53 6.79
2.82 4.55 8.75 6.3
2.8 3.99 8.98 5.97
2.86 4.84 8.26 6.1
2.86 4.4 9.03 6.43
2.84 4.45 8.69 6.14
2.8 4.29 9.28 6.57
2.88 4.16 9.31 6.47
2.84 3.86 9.53 6.39
2.85 4.27 8.39 5.66
2.87 4.73 8.34 6.07
2.9 4.57 8.6 6.17
2.78 3.78 9.61 6.39
2.84 4.78 8.49 6.27
2.8 4.28 8.9 6.18
2.81 3.86 9.25 6.11
2.83 4.25 9.05 6.3
2.88 5.15 7.99 6.14
2.86 4.12 8.92 6.04
2.89 4.64 8.76 6.4
2.81 4.0 9.11 6.11
2.87 4.6 8.46 6.06
2.87 4.47 8.69 6.16
2.88 4.88 8.58 6.46
2.82 3.98 9.63 6.61
2.86 5.19 7.78 5.97
2.83 3.98 9.2 6.18
2.91 4.56 8.71 6.27
2.9 4.94 8.44 6.38
2.8 3.8 9.24 6.04
2.88 4.83 8.64 6.47
2.84 4.86 8.35 6.21
2.88 4.64 8.46 6.1
2.85 4.58 9.12 6.7
2.78 4.05 9.37 6.42
2.84 4.93 8.34 6.27
2.78 3.72 9.87 6.59
2.78 4.88 8.34 6.22
2.85 4.16 8.9 6.06
2.88 4.1 8.77 5.87
2.71 3.71 10.25 6.96
2.85 4.44 8.78 6.22
2.85 4.39 8.71 6.1
2.86 4.36 9.76 7.12
2.75 4.37 9.21 6.58
2.81 3.85 9.18 6.03
2.76 4.27 9.02 6.29
2.87 4.54 8.86 6.4
2.83 4.15 9.08 6.23
2.86 4.95 8.53 6.48
2.82 4.37 8.46 5.83
2.77 4.31 8.87 6.18
2.82 4.43 8.92 6.35
2.83 4.95 8.23 6.18
2.86 4.26 9.22 6.48
2.9 4.77 8.67 6.44
2.83 4.5 8.81 6.31
2.81 4.55 8.81 6.36
2.96 4.41 8.85 6.26
2.89 4.49 8.64 6.13
2.77 4.78 8.72 6.5
2.82 4.79 8.71 6.5
2.81 4.58 9.13 6.71
2.79 4.26 8.95 6.21
2.86 4.67 8.94 6.61
2.82 3.81 9.56 6.37
2.85 4.49 8.85 6.34
2.85 4.3 8.64 5.94
2.76 4.4 9.07 6.47
2.85 4.55 8.91 6.46
2.86 4.52 8.58 6.1
2.88 4.76 8.91 6.67
2.87 4.86 8.73 6.59
2.87 4.52 8.48 6.0
2.82 4.05 8.97 6.02
2.86 4.28 9.57 6.85
2.88 4.55 8.6 6.15
2.81 4.73 8.45 6.18
2.92 4.92 8.28 6.2
2.91 4.48 8.83 6.31
2.85 4.25 9.08 6.33
2.8 4.66 8.83 6.49
2.85 4.62 8.88 6.5
2.76 4.7 8.61 6.31
2.86 4.2 8.74 5.94
2.89 4.42 8.88 6.3
2.77 4.55 9.13 6.68
2.86 4.68 8.26 5.94
2.9 5.3 7.59 5.89
2.83 4.56 8.55 6.11
2.85 4.45 9.1 6.55
2.86 4.55 8.55 6.1
2.85 4.22 8.65 5.87
2.82 4.86 8.58 6.44
2.81 4.07 9.06 6.13
2.86 4.14 9.33 6.47
2.79 4.41 9.44 6.85
2.81 4.81 8.73 6.54
2.84 4.46 9.07 6.53
2.79 4.76 9.07 6.83
2.8 4.21 9.26 6.47
2.83 4.3 8.9 6.2
2.83 4.55 8.67 6.22
2.86 3.56 9.69 6.25
2.81 4.46 8.67 6.13
2.87 4.13 9.26 6.39
2.86 4.71 8.26 5.97
2.8 4.03 9.26 6.29
2.89 4.61 8.73 6.34
2.84 4.3 9.35 6.65
2.83 4.92 8.57 6.49
2.81 3.63 9.73 6.36
2.84 4.54 8.82 6.36
2.81 4.45 8.59 6.04
2.8 3.84 9.29 6.13
2.83 4.29 8.96 6.25
2.8 4.13 8.87 6.0
2.87 4.47 8.82 6.29
2.91 4.78 8.41 6.19
2.86 4.91 8.52 6.43
2.84 4.32 8.63 5.95
2.83 4.02 9.39 6.41
2.73 4.16 9.82 6.98
2.83 4.01 9.29 6.3
2.83 3.96 9.25 6.21
2.78 4.71 8.53 6.24
2.88 4.28 9.27 6.55
2.83 4.34 9.37 6.71
2.91 4.51 8.21 5.72
2.87 4.1 9.13 6.23
2.83 4.38 8.74 6.12
2.81 4.44 8.58 6.02
2.88 4.37 8.63 6.0
2.83 4.42 9.17 6.59
2.85 4.15 8.83 5.98
2.8 4.11 9.61 6.72
2.86 4.07 9.54 6.61
2.84 4.63 8.82 6.45
2.8 4.48 9.14 6.62
2.87 4.36 8.53 5.89
2.85 4.19 9.09 6.28
2.84 4.23 8.82 6.05
2.87 4.27 9.16 6.43
2.9 4.13 8.92 6.05
2.87 4.59 8.84 6.43
2.85 4.32 9.27 6.59
2.86 4.59 8.44 6.03
2.85 5.31 7.91 6.22
2.83 4.35 9.07 6.42
2.87 4.9 8.67 6.57
2.87 4.42 9.31 6.73
2.78 4.26 9.42 6.68
2.85 3.72 9.72 6.44
2.81 4.6 8.85 6.45
2.84 4.78 8.57 6.35
2.86 4.36 9.1 6.46
2.84 4.21 8.98 6.19
2.8 3.78 9.47 6.25
2.71 4.38 9.06 6.44
2.85 4.78 8.71 6.49
2.83 4.65 9.34 6.99
2.87 4.84 8.6 6.44
2.82 3.81 10.2 7.01
2.9 5.04 8.48 6.52
2.89 5.61 7.93 6.54
2.73 4.63 8.53 6.16
2.85 4.22 8.98 6.2
2.82 3.96 9.07 6.03
2.83 5.32 8.01 6.33
2.84 4.2 8.99 6.19
2.87 4.29 8.65 5.94
2.78 4.21 9.28 6.49
2.86 4.82 8.33 6.15
2.84 4.49 9.27 6.76
2.82 4.45 8.95 6.4
2.87 4.9 8.77 6.67
2.84 4.34 8.71 6.05
2.87 4.52 9.21 6.73
2.8 4.44 8.98 6.42
2.77 4.54 8.62 6.16
2.82 4.6 8.78 6.38
2.87 4.37 8.64 6.01
2.81 4.25 9.68 6.93
2.8 4.75 8.41 6.16
2.88 4.44 8.7 6.14
2.81 4.11 8.9 6.01
2.75 3.82 9.52 6.34
2.84 4.62 8.45 6.07
2.87 4.08 9.19 6.27
2.79 4.18 8.84 6.02
2.88 4.51 8.49 6.0
2.84 4.68 8.33 6.01
2.88 4.31 8.99 6.3
2.83 4.88 8.76 6.64
2.77 4.22 9.28 6.5
2.81 4.47 9.24 6.71
2.87 4.92 8.28 6.2
2.86 4.59 8.51 6.1
2.79 4.28 8.46 5.74
2.73 4.24 9.3 6.54
2.88 4.58 8.4 5.98
2.87 5.06 8.02 6.08
2.76 4.11 9.26 6.37
2.82 4.57 8.94 6.51
2.83 4.63 8.61 6.24
2.81 4.15 9.34 6.49
2.75 3.91 9.21 6.12
2.74 3.88 9.43 6.31
2.91 4.72 8.55 6.27
2.81 5.1 8.04 6.14
2.86 4.74 8.54 6.28
2.82 3.73 9.44 6.17
2.94 4.29 9.09 6.38
2.85 4.35 8.89 6.24
2.94 5.09 8.42 6.51
2.83 4.42 8.77 6.19
2.83 4.22 9.53 6.75
2.81 4.27 9.06 6.33
2.82 4.04 9.34 6.38
2.86 4.5 9.18 6.68
2.81 5.08 8.67 6.75
2.9 4.79 7.95 5.74
2.88 4.45 8.69 6.14
2.82 4.5 8.4 5.9
2.91 4.69 8.52 6.21
2.89 3.97 8.92 5.89
2.8 3.88 9.31 6.19
2.84 5.0 8.4 6.4
2.82 4.51 9.07 6.58
2.87 4.22 8.99 6.21
2.81 4.76 8.58 6.34
2.85 4.1 9.64 6.74
2.88 4.9 8.45 6.35
2.82 4.47 8.71 6.18
2.88 4.34 9.27 6.61
2.84 4.91 8.39 6.3
2.9 4.95 8.34 6.29
2.85 4.27 9.04 6.31
2.88 4.86 8.62 6.48
2.85 4.15 9.26 6.41
2.82 4.94 8.05 5.99
2.85 4.25 9.04 6.29
2.85 4.6 8.64 6.24
2.85 4.13 9.1 6.23
2.82 4.94 8.62 6.56
2.82 4.64 8.9 6.54
2.82 4.16 9.2 6.36
2.77 4.4 8.73 6.13
2.9 4.73 8.47 6.2
2.76 4.26 8.88 6.14
2.85 4.25 9.01 6.26
2.8 4.34 9.29 6.63
2.88 5.18 8.08 6.26
2.83 4.5 8.73 6.23
2.79 4.18 9.13 6.31
2.79 4.4 9.02 6.42
2.84 4.35 9.04 6.39
2.83 4.67 8.48 6.15
2.86 3.88 9.79 6.67
2.82 4.29 8.92 6.21
2.77 5.36 7.95 6.31
2.77 4.11 9.38 6.49
2.87 4.49 9.17 6.66
2.83 4.26 8.83 6.09
2.84 4.25 8.99 6.24
2.85 4.19 9.51 6.7
2.88 4.71 8.52 6.23
2.87 4.61 8.57 6.18
2.86 5.08 8.43 6.51
2.86 4.41 8.46 5.87
2.81 4.48 8.99 6.47
2.83 4.61 8.98 6.59
2.87 4.75 8.73 6.48
2.83 4.44 9.36 6.8
2.83 4.91 8.07 5.98
2.89 4.43 8.72 6.15
2.81 4.45 9.03 6.48
2.79 4.47 8.8 6.27
2.85 4.68 8.41 6.09
2.8 4.27 9.24 6.51
2.79 4.61 8.81 6.42
2.9 4.35 8.7 6.05
2.83 4.62 9.14 6.76
2.79 4.31 8.73 6.04
2.89 4.79 8.52 6.31
2.83 4.45 8.74 6.19
2.85 4.47 9.01 6.48
2.76 4.23 8.89 6.12
2.86 5.13 8.47 6.6
2.84 4.48 8.75 6.23
2.82 3.9 9.26 6.16
2.87 5.15 8.51 6.66
2.87 4.56 8.87 6.43
2.85 4.29 9.4 6.69
2.88 4.56 8.36 5.92
2.8 3.92 9.15 6.07
2.82 4.55 8.95 6.5
2.85 4.61 8.89 6.5
2.8 4.0 9.03 6.03
2.84 4.32 8.85 6.17
2.75 4.11 9.31 6.42
2.83 5.11 8.75 6.86
2.84 4.86 8.75 6.61
2.78 4.31 9.61 6.92
2.85 4.48 8.94 6.42
2.88 4.79 8.78 6.57
2.92 4.55 8.8 6.35
2.89 4.53 9.44 6.97
2.92 4.86 8.48 6.34
2.86 4.74 8.44 6.18
2.83 5.43 7.99 6.42
2.86 4.47 8.34 5.81
2.85 4.58 8.52 6.1
2.83 4.24 9.56 6.8
2.9 4.7 8.52 6.22
2.91 5.24 8.14 6.38
2.85 4.84 8.6 6.44
2.89 4.42 9.1 6.52
2.83 3.89 9.72 6.61
2.84 4.07 9.37 6.44
2.86 4.37 9.12 6.49
2.78 4.18 9.27 6.45
2.86 4.43 9.05 6.48
2.81 4.3 8.93 6.23
2.86 4.58 8.48 6.06
2.9 4.87 8.15 6.02
2.86 4.59 8.64 6.23
2.8 4.1 9.13 6.23
2.85 4.03 9.29 6.32
2.9 4.57 8.68 6.25
2.86 4.08 9.22 6.3
2.85 4.5 8.48 5.98
2.83 5.04 8.03 6.07
2.76 4.13 9.17 6.3
2.86 5.04 8.29 6.33
2.83 3.97 9.17 6.14
2.87 4.98 8.52 6.5
2.83 4.15 9.8 6.95
2.81 4.71 8.79 6.5
2.81 4.22 8.83 6.05
2.89 4.55 8.62 6.17
2.87 4.82 8.94 6.76
2.82 3.86 9.35 6.21
2.86 4.98 8.93 6.91
2.72 4.48 9.14 6.62
2.78 4.17 9.17 6.34
2.86 4.41 8.97 6.38
2.87 5.22 8.08 6.3
2.84 4.12 9.33 6.45
2.79 3.81 9.68 6.49
2.88 4.62 8.72 6.34
2.9 4.83 8.48 6.31
2.87 4.51 8.79 6.3
2.87 5.2 8.04 6.24
2.87 5.33 8.43 6.76
2.81 4.26 8.66 5.92
2.81 4.19 9.2 6.39
2.81 3.89 9.99 6.88
2.86 4.7 8.34 6.04
2.8 4.32 9.08 6.4
2.85 3.9 9.44 6.34
2.88 3.95 9.3 6.25
2.84 4.0 8.85 5.85
2.89 4.61 8.8 6.41
2.79 4.76 9.0 6.76
2.83 4.41 8.82 6.23
2.91 4.38 8.77 6.15
2.83 4.64 9.16 6.8
2.84 4.67 8.62 6.29
2.88 5.47 7.81 6.28
2.8 4.06 9.68 6.74
2.82 4.59 8.48 6.07
2.81 4.98 8.36 6.34
2.85 4.24 9.07 6.31
2.87 4.64 8.75 6.39
2.76 4.57 9.05 6.62
2.84 4.43 9.29 6.72
2.87 4.27 9.49 6.76
2.85 4.54 8.69 6.23
2.84 4.29 9.49 6.78
2.9 5.07 7.92 5.99
2.81 4.24 8.92 6.16
2.84 4.66 8.81 6.47
2.88 4.26 9.15 6.41
2.87 4.54 8.97 6.51
2.83 4.95 7.93 5.88
2.87 4.94 8.42 6.36
2.79 3.95 10.01 6.96
2.83 4.34 9.23 6.57
2.82 4.71 8.73 6.44
2.82 4.77 8.84 6.61
2.9 4.71 8.74 6.45
2.84 4.35 9.17 6.52
2.86 4.29 8.85 6.14
2.86 4.69 8.55 6.24
2.85 4.79 8.62 6.41
2.86 4.52 8.54 6.06
2.82 4.0 9.85 6.85
2.81 4.09 9.39 6.48
2.92 4.49 9.3 6.79
2.9 4.67 8.31 5.98
2.89 4.93 8.21 6.14
2.87 4.28 9.22 6.5
2.85 4.71 8.58 6.29
2.81 4.81 8.59 6.4
2.83 5.02 8.4 6.42
2.89 4.23 8.8 6.03
2.8 4.56 8.24 5.8
2.82 3.76 9.44 6.2
2.82 4.9 8.91 6.81
2.85 5.25 7.82 6.07
2.81 4.48 9.02 6.5
2.81 4.43 9.11 6.54
2.81 4.44 8.83 6.27
2.87 4.65 8.45 6.1
2.87 4.4 8.74 6.14
2.83 4.07 9.32 6.39
2.79 4.21 9.43 6.64
2.85 4.66 8.62 6.28
2.81 4.46 8.96 6.42
2.85 4.09 9.34 6.43
2.92 5.0 8.0 6.0
2.89 5.17 8.47 6.64
2.91 4.58 8.33 5.91
2.84 4.47 9.06 6.53
2.86 4.98 8.13 6.11
2.79 4.45 8.81 6.26
2.86 4.56 8.46 6.02
2.88 4.49 8.96 6.45
2.86 4.57 9.06 6.63
2.83 4.72 8.95 6.67
2.81 4.18 8.96 6.14
2.88 4.49 8.96 6.45
2.89 4.7 8.35 6.05
2.8 4.56 8.65 6.21
2.75 4.15 9.24 6.39
2.79 4.56 8.72 6.28
2.85 4.58 8.46 6.04
2.87 4.57 8.98 6.55
2.87 4.47 8.31 5.78
2.82 4.31 8.81 6.12
2.81 4.52 9.04 6.56
2.87 4.56 8.85 6.41
2.86 5.01 8.38 6.39
2.81 4.65 9.04 6.69
2.81 4.42 9.28 6.7
2.86 4.1 9.42 6.52
2.86 4.78 8.5 6.28
2.84 4.85 8.24 6.09
2.82 3.97 9.2 6.17
2.84 4.45 9.23 6.68
2.8 4.44 8.66 6.1
2.76 4.0 9.4 6.4
2.89 4.66 8.58 6.24
2.83 4.17 9.32 6.49
2.8 4.83 8.45 6.28
2.84 4.22 8.43 5.65
2.8 4.7 8.75 6.45
2.87 4.13 9.04 6.17
2.79 3.86 9.61 6.47
2.86 5.21 8.19 6.4
2.86 4.5 8.42 5.92
2.89 3.97 9.23 6.2
2.86 4.84 8.68 6.52
2.9 4.38 8.84 6.22
2.88 4.63 8.52 6.15
2.87 4.52 8.8 6.32
2.84 4.45 9.03 6.48
2.87 4.13 8.94 6.07
2.79 4.29 9.17 6.46
2.87 4.67 8.63 6.3
2.76 4.22 9.52 6.74
2.86 4.39 8.61 6.0
2.88 4.38 8.79 6.17
2.87 5.07 7.48 5.55
2.88 4.89 8.51 6.4
2.9 5.2 8.24 6.44
2.84 4.86 7.81 5.67
2.78 4.47 9.59 7.06
2.81 4.34 8.7 6.04
2.86 4.67 9.03 6.7
2.79 4.31 8.95 6.26
2.7 4.28 9.53 6.81
2.82 4.25 8.86 6.11
2.87 4.58 8.3 5.88
2.88 4.44 8.43 5.87
2.82 3.96 9.24 6.2
2.85 4.55 8.46 6.01
2.89 4.67 8.7 6.37
2.85 4.73 8.41 6.14
2.87 4.16 9.26 6.42
2.92 4.89 8.27 6.16
2.83 4.75 8.19 5.94
2.85 4.94 8.15 6.09
2.86 4.39 8.76 6.15
2.83 3.63 9.77 6.4
2.83 5.21 7.62 5.83
2.85 4.15 8.59 5.74
2.83 4.79 8.75 6.54
2.88 4.32 9.04 6.36
2.87 4.87 8.37 6.24
2.9 4.75 8.83 6.58
2.87 5.13 8.25 6.38
2.86 4.66 8.85 6.51
2.82 4.13 9.07 6.2
2.85 4.89 8.57 6.46
2.77 4.15 9.25 6.4
2.8 4.66 8.7 6.36
2.85 4.2 9.35 6.55
2.85 5.11 8.44 6.55
2.79 3.94 9.11 6.05
2.83 4.85 7.98 5.83
2.87 4.49 9.05 6.54
2.89 4.5 8.74 6.24
2.81 4.45 8.75 6.2
2.82 4.65 8.63 6.28
2.88 4.61 8.46 6.07
2.78 4.35 9.51 6.86
2.87 4.23 8.74 5.97
2.81 4.06 9.38 6.44
2.9 5.14 8.36 6.5
2.88 4.38 8.63 6.01
2.79 4.55 8.68 6.23
2.86 4.34 9.31 6.65
2.86 4.11 9.12 6.23
2.76 4.29 9.41 6.7
2.85 4.48 8.63 6.11
2.83 4.34 8.68 6.02
2.9 4.78 8.07 5.85
2.84 4.34 8.64 5.98
2.87 4.52 8.76 6.28
2.8 3.99 9.31 6.3
2.85 4.7 8.34 6.04
2.84 4.26 9.14 6.4
2.86 4.55 8.71 6.26
2.83 4.19 9.24 6.43
2.73 4.3 9.23 6.53
2.83 4.1 8.83 5.93
2.89 4.79 8.76 6.55
2.84 4.75 8.18 5.93
2.83 4.47 8.8 6.27
2.84 4.45 9.28 6.73
2.85 4.21 9.25 6.46
2.79 4.32 9.47 6.79
2.87 4.3 8.93 6.23
2.89 4.44 8.91 6.35
2.85 4.91 8.8 6.71
2.83 4.91 8.51 6.42
2.81 4.02 9.2 6.22
2.88 5.11 8.69 6.8
2.84 4.09 8.8 5.89
2.88 4.48 8.86 6.34
2.84 4.69 8.51 6.2
2.88 4.14 8.9 6.04
2.86 4.31 8.91 6.22
2.75 3.75 9.75 6.5
2.77 4.14 9.17 6.31
2.87 4.77 8.8 6.57
2.9 4.96 8.16 6.12
2.84 4.4 9.14 6.54
2.84 4.19 8.97 6.16
2.9 4.14 8.78 5.92
2.83 4.39 9.41 6.8
2.75 4.08 9.59 6.67
2.88 4.44 8.99 6.43
2.91 4.45 8.96 6.41
2.85 4.52 8.68 6.2
2.88 4.88 8.65 6.53
2.8 4.3 9.2 6.5
2.91 4.2 8.95 6.15
2.82 4.68 8.54 6.22
2.82 4.05 9.28 6.33
2.84 4.57 8.8 6.37
2.88 5.13 8.48 6.61
2.89 4.38 8.77 6.15
2.77 4.64 8.39 6.03
2.83 4.33 9.17 6.5
2.81 4.62 8.91 6.53
2.84 4.34 8.91 6.25
2.84 4.79 8.19 5.98
2.87 5.23 8.24 6.47
2.84 4.51 8.96 6.47
2.77 3.61 9.25 5.86
2.86 4.4 9.49 6.89
2.9 4.46 8.43 5.89
2.83 4.56 8.42 5.98
2.8 4.11 9.35 6.46
2.86 4.44 8.56 6.0
2.84 4.33 8.94 6.27
2.76 4.54 9.06 6.6
2.76 3.62 9.3 5.92
2.87 4.77 8.73 6.5
2.91 4.82 8.04 5.86
2.88 4.32 8.81 6.13
2.77 4.02 8.83 5.85
2.81 4.36 8.97 6.33
2.91 4.58 8.63 6.21
2.85 4.2 8.94 6.14
2.84 4.31 8.99 6.3
2.82 4.61 9.45 7.06
2.85 3.89 9.03 5.92
2.8 4.46 8.87 6.33
2.8 4.36 8.73 6.09
2.88 4.82 8.76 6.58
2.8 4.43 8.89 6.32
2.77 4.26 9.12 6.38
2.84 4.34 9.31 6.65
2.8 4.3 8.94 6.24
2.88 4.7 8.53 6.23
2.89 4.43 8.4 5.83
2.84 4.43 8.82 6.25
2.83 3.98 9.03 6.01
2.9 4.6 8.61 6.21
2.81 4.56 9.15 6.71
2.81 4.34 9.31 6.65
2.85 4.47 8.75 6.22
2.75 4.12 8.98 6.1
2.89 4.99 8.67 6.66
2.83 4.21 8.88 6.09
2.86 4.45 9.02 6.47
2.86 4.61 8.47 6.08
2.82 4.85 8.42 6.27
2.82 4.55 8.52 6.07
2.87 4.81 8.51 6.32
2.87 4.85 8.12 5.97
2.9 4.56 8.91 6.47
2.83 4.21 9.5 6.71
2.86 4.32 9.0 6.32
2.87 4.85 8.65 6.5
2.81 4.32 9.35 6.67
2.79 4.37 9.41 6.78
2.82 4.11 9.07 6.18
2.81 4.32 8.77 6.09
2.9 4.65 9.08 6.73
2.77 4.11 9.57 6.68
2.78 5.09 8.18 6.27
2.88 4.71 8.35 6.06
2.83 4.63 8.83 6.46
2.9 4.85 8.5 6.35
2.88 4.1 8.95 6.05
2.87 4.14 9.12 6.26
2.92 4.6 8.25 5.85
2.85 4.38 8.94 6.32
2.84 4.24 8.71 5.95
2.77 3.98 9.97 6.95
2.86 4.95 8.24 6.19
2.9 4.17 9.36 6.53
2.88 4.3 8.78 6.08
2.88 4.03 8.85 5.88
2.79 4.52 8.96 6.48
2.77 4.54 9.04 6.58
2.82 4.04 8.97 6.01
2.85 4.17 9.54 6.71
2.87 4.84 8.54 6.38
2.85 4.2 8.85 6.05
2.86 4.67 9.11 6.78
2.82 4.49 8.73 6.22
2.83 4.75 9.01 6.76
2.83 4.18 9.04 6.22
2.9 4.53 8.68 6.21
2.87 4.35 9.06 6.41
2.92 4.49 8.4 5.89
2.84 4.57 8.9 6.47
2.87 5.02 8.11 6.13
2.79 4.08 9.27 6.35
2.82 4.42 8.58 6.0
2.88 5.02 7.88 5.9
2.85 5.1 8.32 6.42
2.82 4.17 9.06 6.23
2.92 4.97 8.24 6.21
2.89 4.4 9.21 6.61
2.83 4.73 9.16 6.89
2.86 4.76 8.74 6.5
2.84 4.53 8.66 6.19
2.77 4.06 9.22 6.28
2.86 4.3 8.68 5.98
2.86 4.9 8.05 5.95
2.8 4.11 8.87 5.98
2.81 4.27 8.75 6.02
2.88 4.71 8.52 6.23
2.88 5.59 7.48 6.07
2.83 3.94 9.75 6.69
2.9 5.3 8.55 6.85
2.88 4.62 8.52 6.14
2.83 3.74 9.29 6.03
2.81 3.93 9.66 6.59
2.83 4.91 8.31 6.22
2.81 3.93 8.86 5.79
2.81 4.47 8.67 6.14
2.9 5.03 8.37 6.4
2.87 4.3 9.17 6.47
2.88 5.1 7.79 5.89
2.8 4.41 9.06 6.47
2.87 4.19 9.33 6.52
2.84 4.71 8.81 6.52
2.83 4.7 8.64 6.34
2.75 4.4 8.93 6.33
2.87 4.69 8.73 6.42
2.86 4.34 8.8 6.14
2.89 4.73 8.39 6.12
2.83 4.15 8.96 6.11
2.77 4.6 8.71 6.31
2.79 4.7 8.48 6.18
2.79 4.05 10.01 7.06
2.84 4.65 9.03 6.68
2.81 3.9 9.47 6.37
2.87 4.86 8.12 5.98
2.88 5.31 7.99 6.3
2.87 4.37 8.47 5.84
2.9 4.97 8.66 6.63
2.8 4.23 9.17 6.4
2.84 4.78 8.3 6.08
2.86 4.54 8.98 6.52
2.85 4.55 8.88 6.43
2.89 5.3 7.97 6.27
2.85 4.95 8.09 6.04
2.87 4.9 8.29 6.19
2.82 4.62 8.46 6.08
2.87 4.86 8.67 6.53
2.77 4.79 8.76 6.55
2.76 3.72 9.67 6.39
2.83 4.25 9.25 6.5
2.89 4.74 8.66 6.4
2.81 4.41 9.15 6.56
2.87 4.31 8.82 6.13
2.87 4.8 8.67 6.47
2.84 4.54 8.55 6.09
2.88 4.47 9.06 6.53
2.93 5.07 7.55 5.62
2.79 3.88 9.69 6.57
2.8 4.22 9.53 6.75
2.81 4.34 8.8 6.14
2.84 4.31 9.07 6.38
2.76 4.38 8.48 5.86
2.92 5.06 8.26 6.32
2.87 4.64 9.08 6.72
2.84 4.25 9.18 6.43
2.89 4.72 8.94 6.66
2.88 4.63 8.37 6.0
2.79 4.13 8.89 6.02
2.9 4.37 9.11 6.48
2.87 4.67 8.68 6.35
2.9 4.6 8.44 6.04
2.89 4.53 8.64 6.17
2.84 4.54 9.31 6.85
2.87 4.86 8.39 6.25
2.84 4.71 8.58 6.29
2.84 4.38 8.95 6.33
2.85 5.23 7.83 6.06
2.81 4.51 8.64 6.15
2.88 4.49 8.85 6.34
2.81 4.58 8.34 5.92
2.8 4.64 8.11 5.75
2.82 4.79 8.04 5.83
2.81 4.65 8.88 6.53
2.86 4.89 8.2 6.09
2.84 4.49 8.44 5.93
2.85 4.43 8.91 6.34
2.88 4.4 9.24 6.64
2.87 4.83 9.02 6.85
2.78 4.07 9.43 6.5
2.85 4.06 9.03 6.09
2.82 4.49 8.47 5.96
2.82 4.9 8.79 6.69
2.9 4.81 8.48 6.29
2.77 4.74 8.61 6.35
2.88 4.46 8.71 6.17
2.84 4.91 8.63 6.54
2.75 3.68 9.68 6.36
2.76 4.08 9.41 6.49
2.88 4.66 8.66 6.32
2.91 4.87 8.32 6.19
2.8 4.59 8.73 6.32
2.89 4.66 8.23 5.89
2.74 4.38 9.36 6.74
2.81 4.5 8.95 6.45
2.86 5.26 8.39 6.65
2.87 4.37 9.15 6.52
2.87 4.12 9.26 6.38
2.84 4.94 8.4 6.34
2.84 4.79 8.84 6.63
2.89 4.52 8.9 6.42
2.96 5.11 8.01 6.12
2.89 4.89 8.14 6.03
2.85 4.79 8.7 6.49
2.81 4.09 9.43 6.52
2.88 4.54 9.19 6.73
2.81 4.22 9.12 6.34
2.8 4.15 9.24 6.39
2.85 4.35 9.01 6.36
2.88 4.95 8.3 6.25
2.82 4.98 7.93 5.91
2.89 4.59 8.38 5.97
2.84 4.05 9.51 6.56
2.85 4.58 8.59 6.17
2.77 4.39 8.76 6.15
2.88 4.44 8.76 6.2
2.79 4.2 9.08 6.28
2.82 5.0 8.59 6.59
2.88 4.47 8.99 6.46
2.78 3.89 9.83 6.72
2.84 4.66 8.88 6.54
2.81 4.31 8.87 6.18
2.78 3.96 9.15 6.11
2.75 3.82 10.0 6.82
2.89 4.4 9.28 6.68
2.85 4.83 8.38 6.21
2.86 4.49 8.84 6.33
2.84 4.36 9.05 6.41
2.86 4.83 8.37 6.2
2.86 4.08 9.45 6.53
2.73 4.09 9.37 6.46
2.82 3.87 9.52 6.39
2.82 4.57 8.72 6.29
2.84 4.32 8.63 5.95
2.83 4.69 8.75 6.44
2.88 4.68 8.32 6.0
2.78 4.34 8.99 6.33
2.91 5.0 8.66 6.66
2.82 4.76 8.48 6.24
2.85 4.61 8.68 6.29
2.87 4.27 8.97 6.24
2.81 4.49 9.46 6.95
2.81 4.01 9.38 6.39
2.9 4.85 8.49 6.34
2.8 4.77 8.72 6.49
2.9 4.55 8.42 5.97
2.87 4.64 8.75 6.39
2.88 4.94 8.85 6.79
2.78 4.69 9.18 6.87
2.86 4.37 9.07 6.44
2.88 4.45 8.85 6.3
2.93 4.76 8.4 6.16
2.88 4.56 8.73 6.29
2.77 3.56 9.67 6.23
2.88 4.67 8.44 6.11
2.81 4.62 8.92 6.54
2.84 4.28 9.23 6.51
2.83 4.71 8.64 6.35
2.83 4.62 8.51 6.13
2.83 4.57 8.84 6.41
2.82 4.51 8.99 6.5
2.85 4.47 8.95 6.42
2.87 4.75 8.45 6.2
2.85 4.11 9.37 6.48
2.88 4.63 8.13 5.76
2.83 4.72 8.61 6.33
2.89 4.96 8.27 6.23
2.91 4.25 9.26 6.51
2.8 5.12 7.95 6.07
2.86 4.52 8.58 6.1
2.82 4.02 9.64 6.66
2.88 4.32 9.41 6.73
2.78 4.51 9.02 6.53
2.91 3.99 9.63 6.62
2.83 3.99 9.01 6.0
2.82 3.99 9.37 6.36
2.91 4.51 8.83 6.34
2.91 4.79 8.36 6.15
2.82 4.71 8.53 6.24
2.83 3.89 9.48 6.37
2.89 4.57 9.16 6.73
2.82 4.28 9.35 6.63
2.79 4.46 8.57 6.03
2.81 4.77 9.03 6.8
2.88 4.64 8.5 6.14
2.8 4.68 8.55 6.23
2.85 3.96 9.42 6.38
2.85 3.75 9.38 6.13
2.84 4.68 8.9 6.58
2.79 4.32 9.04 6.36
2.91 5.22 8.0 6.22
2.91 4.3 8.85 6.15
2.86 3.99 9.04 6.03
2.87 4.84 8.48 6.32
2.85 4.54 8.34 5.88
2.8 3.69 9.69 6.38
2.88 4.44 8.87 6.31
2.77 4.39 9.25 6.64
2.81 4.42 8.74 6.16
2.86 4.87 8.05 5.92
2.87 4.79 8.61 6.4
2.82 4.24 9.06 6.3
2.79 4.94 8.38 6.32
2.87 4.03 9.36 6.39
2.91 4.54 8.76 6.3
2.84 3.89 9.29 6.18
2.83 4.4 8.82 6.22
2.88 4.26 9.31 6.57
2.84 4.84 8.57 6.41
2.81 4.66 8.45 6.11
2.87 4.55 8.49 6.04
2.83 4.46 8.8 6.26
2.85 4.5 9.01 6.51
2.77 4.38 9.09 6.47
2.85 4.2 9.16 6.36
2.82 4.8 9.17 6.97
2.83 4.67 8.75 6.42
2.81 4.0 9.63 6.63
2.89 4.69 8.65 6.34
2.9 5.08 8.39 6.47
2.85 4.88 8.34 6.22
2.77 4.21 9.1 6.31
2.83 3.86 9.67 6.53
2.86 4.41 8.54 5.95
2.9 4.1 8.89 5.99
2.83 4.33 8.86 6.19
2.88 4.86 8.61 6.47
2.87 4.71 8.95 6.66
2.89 4.46 8.95 6.41
2.83 3.92 9.31 6.23
2.8 4.85 8.55 6.4
2.85 4.53 8.91 6.44
2.83 5.17 7.92 6.09
2.82 4.16 9.4 6.56
2.87 4.49 8.45 5.94
2.76 4.38 9.35 6.73
2.87 4.45 9.12 6.57
2.83 3.53 9.43 5.96
2.91 4.34 9.35 6.69
2.82 4.47 9.25 6.72
2.84 4.51 8.66 6.17
2.81 3.87 9.24 6.11
2.86 4.48 9.12 6.6
2.83 4.49 8.69 6.18
2.9 4.81 8.49 6.3
2.81 4.61 8.76 6.37
2.89 4.57 8.39 5.96
2.89 4.78 9.01 6.79
2.82 4.91 8.15 6.06
2.84 4.14 8.9 6.04
2.92 4.84 8.09 5.93
2.84 4.69 9.21 6.9
2.79 4.78 8.65 6.43
2.78 4.95 8.43 6.38
2.83 4.66 9.06 6.72
2.86 5.03 8.23 6.26
2.91 4.96 8.45 6.41
2.91 4.62 8.47 6.09
2.81 5.09 8.77 6.86
2.82 4.46 9.21 6.67
2.83 4.67 8.89 6.56
2.86 4.26 8.91 6.17
2.86 4.66 8.53 6.19
2.77 4.27 9.53 6.8
2.83 4.38 8.53 5.91
2.77 3.98 9.3 6.28
2.88 3.99 8.93 5.92
2.85 4.06 9.32 6.38
2.86 4.91 8.62 6.53
2.87 4.24 9.15 6.39
2.8 4.43 8.69 6.12
2.82 4.76 8.17 5.93
2.81 4.77 8.63 6.4
2.81 4.79 8.39 6.18
2.86 4.03 9.5 6.53
2.83 4.34 8.73 6.07
2.81 4.09 9.5 6.59
2.86 4.53 8.75 6.28
2.78 4.38 8.46 5.84
2.79 4.55 8.69 6.24
2.81 5.06 8.79 6.85
2.86 4.68 8.95 6.63
2.85 4.48 8.76 6.24
2.88 4.7 8.97 6.67
2.78 4.38 8.74 6.12
2.85 4.73 8.02 5.75
2.82 4.14 9.03 6.17
2.86 4.85 8.44 6.29
2.79 4.26 8.77 6.03
2.85 5.24 7.88 6.12
2.88 4.92 8.19 6.11
2.87 4.75 9.04 6.79
2.81 5.18 8.15 6.33
2.84 4.23 8.99 6.22
2.81 4.17 8.96 6.13
2.83 4.79 9.09 6.88
2.89 4.88 8.15 6.03
2.9 4.41 8.85 6.26
2.82 4.47 8.92 6.39
2.87 4.92 8.47 6.39
2.88 4.91 8.32 6.23
2.88 4.45 8.47 5.92
2.8 4.32 9.13 6.45
2.84 4.18 9.22 6.4
2.8 4.56 8.8 6.36
2.88 4.23 9.08 6.31
2.82 5.23 8.33 6.56
2.86 4.42 9.54 6.96
2.83 4.12 9.14 6.26
2.82 4.27 9.25 6.52
2.81 4.36 9.64 7.0
2.88 4.83 8.33 6.16
2.84 4.81 8.83 6.64
2.83 3.83 9.04 5.87
2.87 4.65 8.95 6.6
2.87 4.65 8.8 6.45
2.74 4.22 9.25 6.47
2.82 4.52 8.88 6.4
2.87 4.48 9.12 6.6
2.84 4.57 9.02 6.59
2.84 4.79 8.24 6.03
2.86 4.64 9.01 6.65
2.83 4.78 8.55 6.33
2.79 4.4 8.82 6.22
2.85 4.49 8.82 6.31
2.81 4.94 8.59 6.53
2.82 4.53 8.62 6.15
2.86 4.97 8.32 6.29
2.76 4.25 9.57 6.82
2.87 4.79 8.53 6.32
2.89 5.36 8.03 6.39
2.84 5.09 8.31 6.4
2.86 4.46 8.83 6.29
2.92 4.45 8.64 6.09
2.82 4.61 8.54 6.15
2.88 4.78 8.58 6.36
2.78 4.98 8.4 6.38
2.92 4.6 8.42 6.02
2.85 4.67 8.85 6.52
2.93 4.52 8.67 6.19
2.83 4.44 8.95 6.39
2.89 5.14 8.55 6.69
2.86 5.11 8.04 6.15
2.88 5.07 8.76 6.83
2.81 4.29 8.8 6.09
2.9 5.01 8.75 6.76
2.84 4.92 8.29 6.21
2.77 4.42 9.08 6.5
2.87 4.54 8.77 6.31
2.75 4.34 8.87 6.21
2.89 4.53 8.69 6.22
2.9 4.17 9.38 6.55
2.84 4.06 9.28 6.34
2.83 4.4 8.98 6.38
2.78 4.48 8.76 6.24
2.87 4.6 8.79 6.39
2.78 4.46 9.01 6.47
2.83 4.66 8.63 6.29
2.77 4.21 9.59 6.8
2.8 4.61 8.8 6.41
2.82 4.36 8.92 6.28
2.87 4.72 8.77 6.49
2.84 4.33 9.07 6.4
2.86 4.43 9.03 6.46
2.88 4.85 8.95 6.8
2.85 3.77 9.35 6.12
2.91 4.76 8.53 6.29
2.85 4.01 9.42 6.43
2.78 4.41 8.98 6.39
2.83 4.62 8.85 6.47
2.9 4.56 8.46 6.02
2.8 4.51 9.06 6.57
2.82 4.28 9.26 6.54
2.85 4.71 8.37 6.08
2.84 4.0 9.27 6.27
2.8 4.74 8.23 5.97
2.82 4.46 8.77 6.23
2.87 4.19 8.79 5.98
2.78 4.16 9.64 6.8
2.84 4.67 9.23 6.9
2.8 4.09 8.76 5.85
2.82 4.17 8.93 6.1
2.9 4.72 8.36 6.08
2.84 4.8 8.5 6.3
2.85 3.75 9.88 6.63
2.85 4.36 9.01 6.37
2.82 4.56 8.7 6.26
2.82 4.87 8.62 6.49
2.73 4.15 8.95 6.1
2.86 3.99 9.2 6.19
2.96 4.93 8.34 6.27
2.83 4.8 8.41 6.21
2.9 4.8 7.76 5.56
2.88 4.59 8.65 6.24
2.8 3.93 9.72 6.65
2.85 4.53 8.52 6.05
2.9 5.14 8.02 6.16
2.83 4.69 8.34 6.03
2.79 4.67 8.87 6.54
2.83 5.01 8.82 6.83
2.83 4.08 9.1 6.18
2.8 4.7 8.6 6.3
2.82 4.27 9.47 6.74
2.86 4.18 8.9 6.08
2.75 4.39 9.13 6.52
2.86 4.85 8.59 6.44
2.76 5.08 8.8 6.88
2.83 4.69 8.8 6.49
2.86 5.1 7.58 5.68
2.83 4.37 8.9 6.27
2.94 5.63 7.49 6.12
2.83 4.43 8.68 6.11
2.78 4.21 9.38 6.59
2.87 4.48 8.67 6.15
2.86 4.37 8.77 6.14
2.83 4.57 8.84 6.41
2.84 4.39 9.0 6.39
2.81 4.63 8.45 6.08
2.85 4.44 8.98 6.42
2.83 4.86 8.6 6.46
2.89 4.53 8.56 6.09
2.8 4.67 8.94 6.61
2.86 4.52 8.95 6.47
2.87 4.63 8.51 6.14
2.87 4.37 8.85 6.22
2.88 4.25 9.05 6.3
2.77 3.8 9.48 6.28
2.86 5.21 8.37 6.58
2.82 4.37 9.16 6.53
2.93 4.83 8.4 6.23
2.9 4.8 9.02 6.82
2.77 5.09 8.58 6.67
2.77 4.16 9.65 6.81
2.92 4.85 8.46 6.31
2.82 4.34 9.17 6.51
2.81 4.59 9.15 6.74
2.84 4.08 9.71 6.79
2.79 4.98 8.17 6.15
2.88 4.54 8.73 6.27
2.85 4.56 8.85 6.41
2.82 4.53 9.16 6.69
2.84 4.32 9.48 6.8
2.83 4.73 8.58 6.31
2.87 4.69 8.79 6.48
2.82 4.21 9.07 6.28
2.8 4.69 8.79 6.48
2.86 4.49 8.62 6.11
2.83 4.26 9.43 6.69
2.79 3.69 10.05 6.74
2.9 4.8 8.69 6.49
2.86 4.49 8.72 6.21
2.87 4.56 8.74 6.3
2.84 3.94 9.52 6.46
2.83 4.6 8.99 6.59
2.75 4.38 9.86 7.24
2.84 5.39 8.06 6.45
2.85 4.06 9.38 6.44
2.8 4.01 9.5 6.51
2.93 4.57 8.89 6.46
2.88 4.82 8.4 6.22
2.87 4.43 9.58 7.01
2.84 4.75 8.68 6.43
2.8 4.59 8.76 6.35
2.83 4.87 8.78 6.65
2.75 4.47 9.2 6.67
2.87 4.45 8.49 5.94
2.85 4.92 8.66 6.58
2.76 4.27 9.42 6.69
2.82 4.58 8.5 6.08
2.8 4.21 9.61 6.82
2.82 4.61 8.48 6.09
2.81 4.35 9.14 6.49
2.81 4.08 9.15 6.23
2.84 4.55 8.95 6.5
2.85 4.58 8.39 5.97
2.84 4.51 8.41 5.92
2.85 4.65 8.5 6.15
2.84 4.49 9.03 6.52
2.93 4.94 8.77 6.71
2.85 4.44 8.78 6.22
2.86 5.03 8.49 6.52
2.87 4.67 8.15 5.82
2.87 5.03 8.26 6.29
2.9 5.04 8.94 6.98
2.85 4.32 9.18 6.5
2.82 4.66 8.79 6.45
2.91 5.1 7.87 5.97
2.79 4.58 9.01 6.59
2.87 4.83 8.32 6.15
2.85 4.46 8.46 5.92
2.83 4.21 8.89 6.1
2.83 4.0 9.87 6.87
2.8 4.75 8.41 6.16
2.89 4.78 8.45 6.23
2.88 4.8 8.55 6.35
2.93 4.7 8.79 6.49
2.92 4.74 8.1 5.84
2.84 4.04 9.21 6.25
2.83 5.11 8.56 6.67
2.78 3.95 9.48 6.43
2.88 4.05 9.23 6.28
2.78 4.22 8.68 5.9
2.88 4.28 9.01 6.29
2.88 5.03 8.26 6.29
2.88 4.34 8.53 5.87
2.92 4.98 7.89 5.87
2.81 4.67 8.79 6.46
2.84 4.65 8.33 5.98
2.9 4.47 8.77 6.24
2.88 4.32 9.18 6.5
2.78 4.88 8.56 6.44
2.84 4.62 8.57 6.19
2.85 4.4 8.77 6.17
2.85 3.87 8.82 5.69
2.81 4.28 9.06 6.34
2.8 4.07 9.39 6.46
2.88 4.89 8.37 6.26
2.81 4.24 9.5 6.74
2.79 4.56 8.67 6.23
2.79 3.88 10.05 6.93
2.86 5.06 8.61 6.67
2.82 4.03 9.3 6.33
2.81 4.73 8.73 6.46
2.85 4.72 8.58 6.3
2.84 4.6 8.76 6.36
2.83 4.43 9.12 6.55
2.75 4.72 8.93 6.65
2.91 4.76 8.46 6.22
2.88 4.48 8.54 6.02
2.85 4.79 7.91 5.7
2.84 4.76 8.8 6.56
2.88 5.22 7.65 5.87
2.85 4.65 8.52 6.17
2.83 4.82 8.26 6.08
2.88 4.75 8.76 6.51
2.9 4.47 8.72 6.19
2.82 3.71 9.89 6.6
2.82 4.33 8.99 6.32
2.85 4.45 8.68 6.13
2.82 4.65 8.83 6.48
2.82 4.31 8.64 5.95
2.77 4.4 9.28 6.68
2.84 4.48 8.84 6.32
2.92 4.64 9.16 6.8
2.84 4.13 9.41 6.54
2.85 4.32 8.92 6.24
2.83 4.44 8.68 6.12
2.81 4.21 9.38 6.59
2.9 4.61 8.4 6.01
2.84 4.26 9.07 6.33
2.81 4.05 9.4 6.45
2.87 4.51 8.78 6.29
2.84 4.82 8.83 6.65
2.85 4.25 8.91 6.16
2.75 3.59 9.9 6.49
2.81 4.61 8.34 5.95
2.8 4.76 8.69 6.45
2.9 4.73 8.22 5.95
2.84 4.59 9.0 6.59
2.9 5.21 8.48 6.69
2.86 4.55 8.73 6.28
2.85 4.84 8.57 6.41
2.85 4.88 8.07 5.95
2.85 4.77 8.3 6.07
2.87 4.32 8.75 6.07
2.79 3.96 9.1 6.06
2.84 4.19 8.96 6.15
2.83 4.34 9.15 6.49
2.83 4.12 8.63 5.75
2.9 5.02 8.42 6.44
2.87 4.99 8.8 6.79
2.92 4.84 8.2 6.04
2.87 4.81 8.37 6.18
2.9 5.35 7.76 6.11
2.78 4.14 9.48 6.62
2.89 4.53 8.72 6.25
2.8 4.01 9.27 6.28
2.89 4.74 8.54 6.28
2.88 4.18 9.21 6.39
2.9 4.54 8.52 6.06
2.83 4.43 8.54 5.97
2.85 5.0 8.14 6.14
2.86 4.17 9.68 6.85
2.81 4.17 9.02 6.19
2.79 4.11 9.39 6.5
2.91 4.66 8.5 6.16
2.89 5.19 8.15 6.34
2.77 4.48 8.75 6.23
2.81 4.28 9.1 6.38
2.87 4.16 9.02 6.18
2.82 4.1 9.39 6.49
2.84 5.0 7.83 5.83
2.81 4.44 8.83 6.27
2.77 4.39 9.35 6.74
2.85 4.67 8.99 6.66
2.83 4.86 8.51 6.37
2.86 4.47 8.74 6.21
2.78 4.72 9.3 7.02
2.8 3.78 9.68 6.46
2.87 4.93 8.6 6.53
2.83 3.92 9.82 6.74
2.85 4.25 9.5 6.75
2.85 4.68 8.91 6.59
2.85 4.53 8.87 6.4
2.86 4.67 8.92 6.59
2.79 4.53 9.25 6.78
2.77 4.53 8.96 6.49
2.88 4.98 8.48 6.46
2.83 4.05 9.38 6.43
2.89 4.31 8.96 6.27
2.77 4.14 9.72 6.86
2.79 4.08 9.16 6.24
2.87 4.51 8.9 6.41
2.88 4.35 8.79 6.14
2.84 4.3 9.53 6.83
2.85 4.36 9.14 6.5
2.82 4.17 9.33 6.5
2.84 4.49 9.25 6.74
2.76 4.36 9.21 6.57
2.85 4.85 8.04 5.89
2.85 4.3 8.94 6.24
2.84 4.14 9.32 6.46
2.85 4.52 8.68 6.2
2.89 4.43 9.21 6.64
2.86 4.42 8.95 6.37
2.81 4.53 9.17 6.7
2.81 4.51 8.93 6.44
2.79 4.83 8.44 6.27
2.73 3.8 9.65 6.45
2.87 4.38 8.48 5.86
2.86 4.69 8.43 6.12
2.81 4.53 8.65 6.18
2.84 4.73 8.73 6.46
2.89 4.39 8.61 6.0
2.77 4.17 8.99 6.16
2.92 5.4 7.92 6.32
2.91 4.98 8.63 6.61
2.86 4.82 8.32 6.14
2.83 4.81 8.56 6.37
2.85 4.68 8.67 6.35
2.82 4.22 9.01 6.23
2.9 4.43 8.57 6.0
2.77 4.43 8.87 6.3
2.82 4.87 8.9 6.77
2.87 4.33 9.21 6.54
2.71 4.15 9.47 6.62
2.87 4.76 8.69 6.45
2.86 4.59 8.69 6.28
2.81 4.52 9.05 6.57
2.79 4.75 8.6 6.35
2.89 4.82 8.45 6.27
2.88 4.41 8.7 6.11
2.85 4.26 8.79 6.05
2.91 4.68 8.45 6.13
2.84 4.14 9.03 6.17
2.8 4.29 8.58 5.87
2.75 4.03 9.46 6.49
2.87 4.45 8.88 6.33
2.88 4.4 8.87 6.27
2.73 4.22 8.75 5.97
2.8 4.62 9.04 6.66
2.79 4.67 8.81 6.48
2.81 4.49 8.85 6.34
2.8 4.06 9.09 6.15
2.81 4.38 9.09 6.47
2.85 4.75 8.72 6.47
2.86 4.39 8.91 6.3
2.83 4.45 8.65 6.1
2.86 4.42 9.35 6.77
2.74 4.1 9.46 6.56
2.82 4.36 9.21 6.57
2.85 4.56 8.93 6.49
2.85 4.81 8.74 6.55
2.81 4.61 8.76 6.37
2.84 4.65 8.91 6.56
2.83 4.58 8.88 6.46
2.85 4.36 8.91 6.27
2.83 4.42 8.72 6.14
2.83 4.6 8.41 6.01
2.81 4.67 8.81 6.48
2.86 4.72 8.5 6.22
2.82 4.31 9.16 6.47
2.89 4.88 8.06 5.94
2.83 4.41 8.97 6.38
2.86 5.14 8.07 6.21
2.81 4.06 8.87 5.93
2.78 5.06 8.29 6.35
2.91 4.87 8.49 6.36
2.87 4.05 8.82 5.87
2.75 4.53 9.26 6.79
2.76 4.29 9.29 6.58
2.76 3.49 9.71 6.2
2.86 4.64 8.28 5.92
2.82 4.59 8.45 6.04
2.86 4.62 8.98 6.6
2.81 4.55 8.78 6.33
2.85 4.49 9.04 6.53
2.83 5.04 8.19 6.23
2.84 4.34 9.23 6.57
2.79 4.41 8.84 6.25
2.88 4.8 7.86 5.66
2.88 4.6 8.56 6.16
2.92 4.92 7.74 5.66
2.85 4.71 8.73 6.44
2.86 4.3 8.93 6.23
2.87 4.89 8.76 6.65
2.83 4.77 8.8 6.57
2.87 4.5 8.84 6.34
2.77 4.32 8.92 6.24
2.9 4.54 8.6 6.14
2.76 4.12 8.89 6.01
2.83 4.31 8.76 6.07
2.77 4.02 9.28 6.3
2.81 4.37 9.45 6.82
2.82 4.48 9.16 6.64
2.85 4.73 8.39 6.12
2.75 3.81 9.82 6.63
2.8 4.62 8.73 6.35
2.85 4.43 8.75 6.18
2.91 4.94 8.34 6.28
2.87 4.56 8.31 5.87
2.79 4.16 9.27 6.43
2.86 4.6 9.05 6.65
2.81 4.21 8.59 5.8
2.87 4.51 8.99 6.5
2.87 4.55 8.59 6.14
2.88 4.59 8.94 6.53
2.88 4.7 8.91 6.61
2.85 4.3 9.21 6.51
2.85 4.66 9.0 6.66
2.89 4.93 8.25 6.18
2.82 4.48 8.82 6.3
2.85 4.53 9.09 6.62
2.83 4.53 8.96 6.49
2.82 4.35 9.02 6.37
2.86 4.67 8.81 6.48
2.84 4.18 9.59 6.77
2.82 4.71 8.96 6.67
2.79 4.53 9.12 6.65
2.92 4.86 8.08 5.94
2.83 4.64 9.4 7.04
2.85 4.3 9.54 6.84
2.85 4.54 8.93 6.47
2.8 3.91 9.66 6.57
2.9 4.93 7.85 5.78
2.82 3.94 8.8 5.74
2.83 4.3 9.41 6.71
2.86 4.5 8.65 6.15
2.86 4.56 8.45 6.01
2.76 4.12 9.15 6.27
2.88 4.51 8.5 6.01
2.89 4.47 8.44 5.91
2.84 4.84 8.74 6.58
2.89 4.84 8.24 6.08
2.86 3.86 9.34 6.2
2.84 4.46 8.97 6.43
2.83 4.29 8.94 6.23
2.85 4.59 8.58 6.17
2.81 3.98 9.41 6.39
2.78 4.6 8.98 6.58
2.86 4.47 8.82 6.29
2.83 3.83 9.85 6.68
2.86 4.68 8.63 6.31
2.81 4.18 9.51 6.69
2.87 4.67 8.52 6.19
2.83 4.79 8.69 6.48
2.83 3.91 9.28 6.19
2.87 4.57 8.8 6.37
2.86 4.95 8.26 6.21
2.83 3.94 9.54 6.48
2.8 3.63 9.52 6.15
2.82 4.47 9.4 6.87
2.83 4.52 8.57 6.09
2.84 4.2 8.98 6.18
2.93 4.78 8.41 6.19
2.79 4.5 8.76 6.26
2.8 4.99 8.74 6.73
2.9 4.33 8.94 6.27
2.9 5.04 8.27 6.31
2.84 4.46 8.49 5.95
2.9 4.93 8.8 6.73
2.87 4.72 8.35 6.07
2.83 4.58 8.38 5.96
2.78 3.94 9.17 6.11
2.87 4.89 8.42 6.31
2.8 4.72 9.03 6.75
2.85 4.64 8.68 6.32
2.89 4.18 9.05 6.23
2.87 4.78 8.93 6.71
2.7 4.23 9.39 6.62
2.87 4.4 8.76 6.16
2.81 4.35 8.3 5.65
2.85 4.42 8.52 5.94
2.81 4.97 8.27 6.24
2.86 4.77 8.15 5.92
2.76 4.1 8.71 5.81
2.85 4.52 8.6 6.12
2.85 4.1 8.93 6.03
2.91 4.37 8.76 6.13
2.76 4.58 8.89 6.47
2.86 5.14 8.27 6.41
2.75 3.99 9.32 6.31
2.84 4.35 8.83 6.18
2.82 4.62 8.46 6.08
2.88 4.56 8.66 6.22
2.86 4.32 8.84 6.16
2.86 4.87 8.36 6.23
2.88 4.27 9.22 6.49
2.79 4.43 8.92 6.35
2.8 4.27 9.03 6.3
2.8 4.37 9.25 6.62
2.87 4.67 8.8 6.47
2.8 4.66 8.87 6.53
2.84 4.06 9.33 6.39
2.83 4.71 8.97 6.68
2.86 5.35 7.79 6.14
2.88 4.39 8.8 6.19
2.9 4.92 8.34 6.26
2.89 4.6 8.35 5.95
2.77 4.87 8.69 6.56
2.86 5.1 8.47 6.57
2.86 4.13 8.96 6.09
2.81 3.95 9.31 6.26
2.79 4.89 8.08 5.97
2.87 4.48 8.43 5.91
2.82 5.01 8.81 6.82
2.83 4.47 8.98 6.45
2.82 4.16 9.45 6.61
2.89 4.77 8.47 6.24
2.86 4.56 8.41 5.97
2.85 4.19 9.03 6.22
2.85 4.78 8.66 6.44
2.82 4.84 8.57 6.41
2.81 4.61 8.47 6.08
2.85 4.88 8.32 6.2
2.87 3.96 9.15 6.11
2.86 5.02 8.05 6.07
2.85 4.22 9.47 6.69
2.85 4.75 8.84 6.59
2.87 4.34 8.71 6.05
2.83 4.04 9.35 6.39
2.74 4.3 9.54 6.84
2.83 3.93 9.81 6.74
2.75 3.89 9.53 6.42
2.9 4.62 9.13 6.75
2.78 4.01 9.32 6.33
2.89 4.94 8.25 6.19
2.88 4.17 8.87 6.04
2.8 4.75 8.83 6.58
2.86 4.31 8.87 6.18
2.82 4.46 9.13 6.59
2.78 4.53 9.19 6.72
2.85 4.13 8.84 5.97
2.83 4.59 8.45 6.04
2.85 5.03 7.92 5.95
2.74 4.51 9.34 6.85
2.9 4.75 8.27 6.02
2.85 4.78 8.67 6.45
2.77 4.19 9.2 6.39
2.78 4.68 9.51 7.19
2.82 4.64 8.89 6.53
2.81 4.53 8.83 6.36
2.89 5.15 8.4 6.55
2.87 4.02 9.47 6.49
2.82 4.24 8.77 6.01
2.82 4.59 8.57 6.16
2.88 4.42 8.71 6.13
2.91 4.59 8.97 6.56
2.87 4.61 8.52 6.13
2.83 4.61 8.39 6.0
2.74 4.05 9.44 6.49
2.77 4.01 9.08 6.09
2.81 4.46 8.67 6.13
2.85 4.48 8.37 5.85
2.88 5.16 8.54 6.7
2.83 4.29 8.88 6.17
2.84 4.69 8.74 6.43
2.79 4.56 9.39 6.95
2.84 4.47 8.58 6.05
2.85 4.4 8.96 6.36
2.93 4.85 8.64 6.49
2.88 4.22 8.55 5.77
2.88 5.07 8.29 6.36
2.84 4.82 8.23 6.05
2.85 4.21 9.12 6.33
2.8 3.95 8.98 5.93
2.81 4.0 8.94 5.94
2.91 5.01 7.96 5.97
2.87 4.44 9.17 6.61
2.78 4.3 9.36 6.66
2.84 4.3 8.73 6.03
2.82 4.96 8.46 6.42
2.82 4.22 9.43 6.65
2.82 3.96 9.71 6.67
2.85 4.57 8.37 5.94
2.85 4.67 8.63 6.3
2.83 5.33 8.14 6.47
2.8 4.17 8.82 5.99
2.86 4.8 8.88 6.68
2.88 4.52 8.52 6.04
2.84 4.17 8.73 5.9
2.89 5.45 7.79 6.24
2.92 4.28 8.82 6.1
2.84 4.6 9.27 6.87
2.82 3.85 9.75 6.6
2.9 4.22 8.93 6.15
2.81 4.57 8.96 6.53
2.8 4.27 9.57 6.84
2.88 4.2 9.24 6.44
2.84 4.65 8.63 6.28
2.85 4.4 8.62 6.02
2.78 4.55 9.09 6.64
2.87 4.79 8.53 6.32
2.87 4.76 8.73 6.49
2.83 4.36 9.18 6.54
2.89 5.21 8.2 6.41
2.75 4.46 8.48 5.94
2.83 4.45 8.7 6.15
2.89 4.35 8.66 6.01
2.85 4.17 8.59 5.76
2.92 4.38 8.99 6.37
2.79 4.53 8.72 6.25
2.83 4.65 8.24 5.89
2.83 4.08 9.32 6.4
2.81 4.42 8.79 6.21
2.8 4.53 8.99 6.52
2.78 4.27 9.53 6.8
2.81 4.68 8.93 6.61
2.81 5.17 8.38 6.55
2.83 4.5 8.89 6.39
2.9 4.4 8.81 6.21
2.89 4.56 8.45 6.01
2.87 4.51 8.3 5.81
2.89 4.39 8.97 6.36
2.9 5.17 8.39 6.56
2.93 5.29 7.87 6.16
2.83 4.14 9.12 6.26
2.92 4.87 8.59 6.46
2.85 4.2 9.02 6.22
2.81 3.8 9.61 6.41
2.92 4.63 8.72 6.35
2.85 4.34 8.7 6.04
2.79 4.14 9.24 6.38
2.86 4.36 9.11 6.47
2.95 4.64 7.84 5.48
2.87 4.44 9.51 6.95
2.83 4.85 8.42 6.27
2.84 4.6 8.91 6.51
2.89 4.41 8.94 6.35
2.81 4.58 8.96 6.54
2.85 4.35 8.71 6.06
2.91 4.39 8.56 5.95
2.77 4.31 9.2 6.51
2.86 4.66 8.81 6.47
2.84 4.77 8.17 5.94
2.9 4.7 8.81 6.51
2.88 4.15 9.33 6.48
2.91 4.44 8.79 6.23
2.83 4.74 8.77 6.51
2.83 4.23 9.1 6.33
2.8 4.17 8.97 6.14
2.82 4.99 8.09 6.08
2.85 4.38 9.04 6.42
2.79 4.24 9.47 6.71
2.81 4.07 9.48 6.55
2.8 4.63 9.09 6.72
2.83 4.46 8.68 6.14
2.76 4.14 9.39 6.53
2.86 4.56 8.78 6.34
2.93 4.68 8.26 5.94
2.82 4.96 8.81 6.77
2.87 4.52 8.87 6.39
2.8 4.48 8.51 5.99
2.79 4.59 8.79 6.38
2.89 4.77 8.26 6.03
2.85 4.61 8.98 6.59
2.8 4.04 9.09 6.13
2.83 4.06 9.09 6.15
2.82 4.01 9.43 6.44
2.76 4.35 9.09 6.44
2.8 4.26 9.41 6.67
2.75 4.12 9.26 6.38
2.93 4.95 8.54 6.49
2.89 4.94 8.45 6.39
2.89 4.73 8.7 6.43
2.88 4.7 8.3 6.0
2.82 4.11 9.6 6.71
2.84 4.15 9.13 6.28
2.88 4.13 8.64 5.77
2.88 4.87 8.05 5.92
2.88 4.25 8.94 6.19
2.83 4.04 9.34 6.38
2.79 4.76 8.78 6.54
2.82 5.03 8.35 6.38
2.87 3.93 9.28 6.21
2.87 4.57 8.85 6.42
2.88 4.34 9.29 6.63
2.82 4.85 8.94 6.79
2.84 4.55 8.47 6.02
2.91 4.38 8.9 6.28
2.84 4.11 9.39 6.5
2.87 4.26 9.11 6.37
2.85 4.86 8.51 6.37
2.78 4.08 9.51 6.59
2.87 4.48 8.64 6.12
2.9 5.27 8.37 6.64
2.78 4.01 9.39 6.4
2.86 4.38 9.02 6.4
2.87 4.62 8.66 6.28
2.88 4.77 8.25 6.02
2.82 4.8 8.47 6.27
2.86 4.56 8.43 5.99
2.84 3.82 9.29 6.11
2.86 4.34 8.36 5.7
2.83 4.08 9.3 6.38
2.79 4.98 8.73 6.71
2.9 5.01 8.21 6.22
2.89 4.88 8.28 6.16
2.87 4.39 8.72 6.11
2.81 4.32 9.21 6.53
2.77 4.55 9.24 6.79
2.87 4.85 8.86 6.71
2.85 5.29 8.26 6.55
2.82 4.11 9.24 6.35
2.88 4.46 8.9 6.36
2.84 4.43 8.78 6.21
2.82 4.54 8.69 6.23
2.89 4.54 8.88 6.42
2.85 4.66 8.58 6.24
2.9 4.55 8.88 6.43
2.82 4.79 8.54 6.33
2.8 4.28 9.19 6.47
2.82 5.1 7.92 6.02
2.87 4.47 8.94 6.41
2.91 5.0 8.72 6.72
2.89 5.11 8.28 6.39
2.88 5.1 8.29 6.39
2.78 4.31 8.71 6.02
2.75 4.37 8.86 6.23
2.78 4.4 8.97 6.37
2.87 4.46 8.21 5.67
2.81 4.65 8.41 6.06
2.8 4.88 8.62 6.5
2.8 4.26 9.42 6.68
2.84 4.45 8.93 6.38
2.87 4.82 8.39 6.21
2.85 4.65 9.13 6.78
2.86 4.58 8.59 6.17
2.88 4.61 8.6 6.21
2.91 5.07 7.72 5.79
2.9 4.78 8.24 6.02
2.78 4.37 8.52 5.89
2.83 5.0 8.35 6.35
2.84 4.47 9.3 6.77
2.83 4.04 9.12 6.16
2.89 4.5 9.09 6.59
2.83 4.61 8.57 6.18
2.82 4.88 8.54 6.42
2.86 4.61 8.68 6.29
2.87 4.21 9.0 6.21
2.82 5.19 8.09 6.28
2.83 3.93 9.23 6.16
2.88 4.52 9.26 6.78
2.78 4.6 8.61 6.21
2.82 4.43 8.94 6.37
2.9 4.5 9.1 6.6
2.85 4.72 8.17 5.89
2.87 4.39 8.8 6.19
2.82 4.47 8.73 6.2
2.89 4.31 8.85 6.16
2.84 4.25 9.33 6.58
2.84 4.24 9.72 6.96
2.82 4.19 9.47 6.66
2.86 4.89 8.18 6.07
2.83 4.24 9.06 6.3
2.86 4.73 8.64 6.37
2.79 4.17 9.3 6.47
2.84 4.79 9.03 6.82
2.84 4.43 8.65 6.08
2.92 4.98 7.89 5.87
2.93 4.69 8.37 6.06
2.86 4.36 8.94 6.3
2.83 4.37 9.26 6.63
2.76 4.7 8.89 6.59
2.83 4.09 9.25 6.34
2.88 4.31 9.37 6.68
2.76 4.09 9.04 6.13
2.84 4.59 8.68 6.27
2.89 4.59 8.81 6.4
2.84 4.59 8.62 6.21
2.83 4.42 8.48 5.9
2.82 4.26 8.97 6.23
2.84 4.33 9.05 6.38
2.91 5.14 8.18 6.32
2.82 4.79 8.74 6.53
2.84 4.34 8.95 6.29
2.78 4.11 9.41 6.52
2.85 4.0 9.86 6.86
2.86 4.43 9.0 6.43
2.88 4.83 8.2 6.03
2.83 4.2 9.53 6.73
2.77 3.99 8.86 5.85
2.87 4.67 9.02 6.69
2.91 4.68 8.45 6.13
2.82 4.59 8.92 6.51
2.85 4.36 9.46 6.82
2.88 4.98 8.73 6.71
2.85 4.41 8.96 6.37
2.76 4.29 9.04 6.33
2.8 3.95 9.3 6.25
2.87 5.2 8.21 6.41
2.88 4.59 8.31 5.9
2.84 4.7 8.72 6.42
2.85 4.44 9.19 6.63
2.8 4.45 9.02 6.47
2.89 4.55 9.2 6.75
2.79 4.17 8.36 5.53
2.88 4.56 8.86 6.42
2.84 4.5 8.35 5.85
2.86 4.06 9.71 6.77
2.83 4.6 8.52 6.12
2.79 4.01 9.24 6.25
2.87 5.17 8.04 6.21
2.8 3.87 9.38 6.25
2.82 3.98 9.15 6.13
2.85 4.33 8.83 6.16
2.89 4.45 8.72 6.17
2.84 4.17 8.99 6.16
2.76 4.13 9.03 6.16
2.8 4.5 8.74 6.24
2.87 4.67 8.21 5.88
2.86 4.72 8.74 6.46
2.86 4.57 9.04 6.61
2.84 4.53 8.96 6.49
2.83 4.38 8.95 6.33
2.84 4.44 8.95 6.39
2.82 4.46 8.77 6.23
2.78 4.22 9.07 6.29
2.83 4.55 8.93 6.48
2.85 3.96 9.05 6.01
2.87 4.8 8.16 5.96
2.86 4.85 8.45 6.3
2.76 4.55 9.34 6.89
2.82 4.88 8.63 6.51
2.9 4.9 8.26 6.16
2.9 4.94 8.19 6.13
2.79 3.92 9.63 6.55
2.87 4.24 9.21 6.45
2.86 4.46 9.21 6.67
2.85 4.46 8.98 6.44
2.86 4.78 8.2 5.98
2.86 4.55 8.69 6.24
2.89 4.34 9.07 6.41
2.76 4.12 9.38 6.5
2.92 5.24 8.1 6.34
2.88 4.12 8.91 6.03
2.86 5.14 8.17 6.31
2.86 4.57 8.71 6.28
2.82 4.52 8.61 6.13
2.87 4.69 8.5 6.19
2.89 5.03 8.74 6.77
2.85 4.38 9.43 6.81
2.82 4.63 8.82 6.45
2.84 4.02 9.18 6.2
2.82 4.29 8.86 6.15
2.85 4.06 9.3 6.36
2.83 4.26 9.34 6.6
2.81 4.14 9.07 6.21
2.85 4.49 9.22 6.71
2.8 4.4 9.06 6.46
2.84 4.49 8.86 6.35
2.9 4.5 8.92 6.42
2.85 4.55 9.08 6.63
2.84 4.66 8.92 6.58
2.88 4.71 8.59 6.3
2.85 4.67 8.53 6.2
2.91 4.99 8.51 6.5
2.85 4.27 8.85 6.12
2.88 4.73 8.13 5.86
2.81 4.3 9.01 6.31
2.84 3.88 9.73 6.61
2.9 4.53 8.41 5.94
2.85 4.82 8.74 6.56
2.87 4.51 8.66 6.17
2.83 4.51 8.7 6.21
2.87 4.42 8.7 6.12
2.77 4.53 8.82 6.35
2.89 4.44 8.79 6.23
2.82 4.28 9.34 6.62
2.85 4.41 8.93 6.34
2.83 4.55 8.71 6.26
2.9 4.14 9.26 6.4
2.87 4.44 9.1 6.54
2.81 3.93 9.47 6.4
2.81 4.24 9.17 6.41
2.84 4.27 9.26 6.53
2.82 4.17 9.3 6.47
2.85 4.48 8.53 6.01
2.82 4.05 8.99 6.04
2.89 5.61 7.13 5.74
2.76 3.99 9.27 6.26
2.86 4.49 9.03 6.52
2.85 4.58 8.57 6.15
2.82 4.57 8.63 6.2
2.82 4.5 8.43 5.93
2.9 4.63 8.7 6.33
2.86 4.65 9.06 6.71
2.87 4.45 9.65 7.1
2.88 4.26 9.31 6.57
2.87 4.63 8.96 6.59
2.86 4.68 8.89 6.57
2.89 5.02 7.95 5.97
2.79 4.66 8.96 6.62
2.83 4.25 9.09 6.34
2.82 4.21 9.13 6.34
2.82 4.32 8.77 6.09
2.79 4.78 9.02 6.8
2.92 4.3 9.16 6.46
2.83 4.62 8.28 5.9
2.83 4.12 9.39 6.51
2.91 5.25 8.27 6.52
2.76 4.95 8.96 6.91
2.91 4.75 8.48 6.23
2.89 4.22 8.46 5.68
2.87 3.87 9.96 6.83
2.85 4.15 8.98 6.13
2.82 4.54 9.12 6.66
2.78 3.71 9.61 6.32
2.86 4.92 8.47 6.39
2.84 5.0 8.23 6.23
2.87 4.75 8.66 6.41
2.92 4.27 9.22 6.49
2.81 4.56 8.78 6.34
2.87 4.25 9.4 6.65
2.9 4.41 8.8 6.21
2.83 3.95 9.46 6.41
2.81 4.38 8.85 6.23
2.87 5.01 8.06 6.07
2.85 4.76 8.56 6.32
2.85 4.79 8.53 6.32
2.8 4.66 8.7 6.36
2.78 4.26 9.09 6.35
2.85 4.09 9.45 6.54
2.82 4.55 8.87 6.42
2.81 4.3 9.23 6.53
2.83 4.34 9.06 6.4
2.86 4.22 9.27 6.49
2.82 4.85 8.58 6.43
2.79 3.96 9.52 6.48
2.81 4.13 8.6 5.73
2.79 3.9 9.83 6.73
2.85 4.5 9.23 6.73
2.87 4.78 8.8 6.58
2.78 4.12 9.48 6.6
2.82 3.85 9.53 6.38
2.77 4.19 9.07 6.26
2.84 4.34 8.72 6.06
2.81 4.33 8.63 5.96
2.87 5.08 8.15 6.23
2.86 4.28 8.99 6.27
2.84 4.48 8.91 6.39
2.86 4.25 8.58 5.83
2.87 4.31 9.05 6.36
2.79 4.21 9.25 6.46
2.89 4.82 8.32 6.14
2.86 4.23 9.06 6.29
2.81 4.19 9.4 6.59
2.85 4.3 8.94 6.24
2.87 4.07 9.17 6.24
2.87 4.33 8.69 6.02
2.71 4.7 8.53 6.23
2.9 4.53 9.67 7.2
2.75 4.01 9.49 6.5
2.75 4.55 8.74 6.29
2.81 4.32 8.98 6.3
2.87 4.47 9.02 6.49
2.84 4.52 9.2 6.72
2.83 4.61 8.35 5.96
2.9 4.8 8.55 6.35
2.86 4.55 9.47 7.02
2.85 5.2 8.07 6.27
2.89 4.73 8.79 6.52
2.91 4.69 8.6 6.29
2.78 4.31 8.83 6.14
2.84 4.57 8.45 6.02
2.87 4.33 9.23 6.56
2.83 3.92 9.62 6.54
2.82 4.31 8.97 6.28
2.9 4.94 8.17 6.11
2.93 5.04 8.04 6.08
2.85 4.27 9.15 6.42
2.8 4.83 8.87 6.7
2.84 4.25 9.47 6.72
2.8 4.33 8.93 6.26
2.87 4.76 8.75 6.51
2.85 4.29 9.46 6.75
2.86 4.04 8.95 5.99
2.85 4.46 9.14 6.6
2.79 4.7 8.9 6.6
2.8 4.19 8.7 5.89
2.83 4.91 8.62 6.53
2.81 4.39 9.02 6.41
2.76 4.38 9.03 6.41
2.87 4.21 9.44 6.65
2.76 4.11 9.14 6.25
2.81 4.18 9.17 6.35
2.83 4.38 8.75 6.13
2.82 4.25 8.97 6.22
2.93 4.95 8.3 6.25
2.87 4.88 8.2 6.08
2.76 4.73 8.74 6.47
2.83 4.15 9.33 6.48
2.82 4.23 9.51 6.74
2.8 4.39 8.8 6.19
2.9 5.0 8.1 6.1
2.9 4.64 8.71 6.35
2.83 4.54 8.37 5.91
2.79 4.38 8.87 6.25
2.82 4.59 9.17 6.76
2.87 4.45 8.82 6.27
2.85 4.46 8.62 6.08
2.83 3.95 9.69 6.64
2.86 4.52 9.26 6.78
2.84 4.79 8.77 6.56
2.87 4.59 8.95 6.54
2.86 4.79 8.36 6.15
2.84 4.54 8.82 6.36
2.8 4.42 8.75 6.17
2.79 3.92 9.25 6.17
2.85 4.84 8.23 6.07
2.91 4.73 8.74 6.47
2.89 4.24 8.92 6.16
2.88 5.09 8.25 6.34
2.81 4.47 8.88 6.35
2.86 4.28 9.22 6.5
2.84 3.9 8.96 5.86
2.84 4.35 8.82 6.17
2.8 4.71 8.48 6.19
2.82 4.86 8.51 6.37
2.82 3.7 9.75 6.45
2.85 4.98 8.61 6.59
2.87 4.45 8.55 6.0
2.79 4.62 8.48 6.1
2.87 4.63 8.81 6.44
2.88 4.32 8.93 6.25
2.89 4.65 8.54 6.19
2.8 4.66 8.82 6.48
2.79 4.35 9.27 6.62
2.82 4.85 8.18 6.03
2.93 4.94 8.1 6.04
2.85 4.52 8.68 6.2
2.8 4.69 9.16 6.85
2.86 4.63 8.69 6.32
2.88 4.25 9.46 6.71
2.85 4.29 8.78 6.07
2.9 4.37 8.91 6.28
2.82 4.58 9.12 6.7
2.84 4.41 9.02 6.43
2.84 4.66 9.07 6.73
2.85 4.05 8.56 5.61
2.84 4.69 8.05 5.74
2.84 4.35 9.18 6.53
2.8 4.2 9.38 6.58
2.8 3.86 9.6 6.46
2.87 4.35 9.07 6.42
2.84 5.3 8.29 6.59
2.87 4.61 8.51 6.12
2.87 4.9 8.31 6.21
2.84 4.52 8.59 6.11
2.81 4.04 9.47 6.51
2.8 4.63 8.93 6.56
2.79 4.26 9.24 6.5
2.82 4.35 9.43 6.78
2.84 4.86 8.88 6.74
2.85 4.81 8.81 6.62
2.85 4.53 8.78 6.31
2.85 4.39 8.96 6.35
2.92 5.18 8.14 6.32
2.84 4.27 8.99 6.26
2.85 4.32 9.01 6.33
2.8 4.16 8.64 5.8
2.79 4.26 9.52 6.78
2.81 4.92 8.44 6.36
2.85 4.37 8.63 6.0
2.83 5.03 8.09 6.12
2.85 4.56 8.73 6.29
2.88 4.39 8.95 6.34
2.9 4.75 9.04 6.79
2.89 5.31 7.78 6.09
2.8 4.36 8.78 6.14
2.84 4.81 9.22 7.03
2.87 4.38 8.9 6.28
2.84 3.99 8.91 5.9
2.87 4.33 9.05 6.38
2.79 3.86 9.71 6.57
2.8 4.94 8.26 6.2
2.82 4.68 8.56 6.24
2.86 4.3 8.97 6.27
2.85 4.16 9.42 6.58
2.95 4.93 8.29 6.22
2.85 4.81 8.91 6.72
2.83 4.67 8.83 6.5
2.9 5.24 8.13 6.37
2.9 4.21 9.07 6.28
2.8 4.48 8.9 6.38
2.86 3.99 9.08 6.07
2.84 4.02 8.99 6.01
2.84 4.25 8.92 6.17
2.88 4.29 8.81 6.1
2.85 4.64 8.89 6.53
2.86 4.68 8.61 6.29
2.88 4.76 8.59 6.35
2.9 4.69 8.64 6.33
2.84 4.41 8.84 6.25
2.84 4.6 8.42 6.02
2.88 5.16 8.22 6.38
2.87 5.11 8.43 6.54
2.86 4.54 8.65 6.19
2.86 4.72 8.36 6.08
2.79 3.92 8.9 5.82
2.79 4.02 9.56 6.58
2.83 4.41 9.0 6.41
2.84 4.34 9.04 6.38
2.83 5.3 8.33 6.63
2.88 4.39 9.05 6.44
2.84 4.81 8.43 6.24
2.78 4.0 8.98 5.98
2.86 4.49 8.89 6.38
2.84 4.73 9.07 6.8
2.91 4.9 8.63 6.53
2.87 4.76 8.55 6.31
2.83 3.88 9.35 6.23
2.82 4.16 9.07 6.23
2.83 4.53 8.43 5.96
2.86 4.88 8.55 6.43
2.78 3.72 9.6 6.32
2.86 4.74 8.53 6.27
2.81 3.96 9.2 6.16
2.89 5.14 8.5 6.64
2.85 3.98 9.56 6.54
2.84 4.63 8.51 6.14
2.84 5.21 8.27 6.48
2.8 4.24 9.32 6.56
2.87 4.4 9.18 6.58
2.82 4.23 9.04 6.27
2.89 4.81 8.72 6.53
2.86 4.67 8.58 6.25
2.87 4.54 8.75 6.29
2.84 4.1 9.13 6.23
2.81 4.17 8.82 5.99
2.86 4.22 8.29 5.51
2.87 4.84 8.58 6.42
2.82 4.28 8.94 6.22
2.83 4.73 8.59 6.32
2.82 4.83 8.67 6.5
2.88 4.46 9.06 6.52
2.83 4.98 8.5 6.48
2.84 4.31 8.72 6.03
2.83 4.38 8.93 6.31
2.83 4.22 9.33 6.55
2.82 4.34 8.92 6.26
2.85 4.25 8.92 6.17
2.85 4.82 8.38 6.2
2.77 3.66 9.55 6.21
2.85 4.2 8.98 6.18
2.81 4.46 8.89 6.35
2.89 4.69 8.51 6.2
2.78 3.74 9.65 6.39
2.84 4.33 9.07 6.4
2.83 4.44 8.93 6.37
2.87 4.42 8.57 5.99
2.8 4.56 9.23 6.79
2.88 4.88 8.29 6.17
2.81 4.17 9.25 6.42
2.85 4.07 9.33 6.4
2.87 4.28 9.27 6.55
2.87 4.42 8.94 6.36
2.81 4.03 9.5 6.53
2.85 4.61 9.0 6.61
2.81 4.26 8.91 6.17
2.77 4.26 9.35 6.61
2.87 4.62 8.6 6.22
2.9 4.49 8.82 6.31
2.76 4.32 9.42 6.74
2.74 4.61 9.1 6.71
2.82 4.06 8.97 6.03
2.74 4.05 9.47 6.52
2.84 5.24 8.31 6.55
2.86 4.26 8.95 6.21
2.91 4.65 8.65 6.3
2.8 4.32 9.38 6.7
2.79 3.97 9.35 6.32
2.78 4.06 9.53 6.59
2.77 4.3 8.81 6.11
2.78 4.29 8.82 6.11
2.74 4.26 9.01 6.27
2.79 4.68 8.64 6.32
2.88 4.7 8.61 6.31
2.86 4.47 8.37 5.84
2.84 4.18 9.18 6.36
2.9 4.46 8.55 6.01
2.88 4.46 8.87 6.33
2.78 4.23 8.91 6.14
2.81 4.83 8.43 6.26
2.8 3.91 9.49 6.4
2.89 4.69 8.38 6.07
2.8 4.23 9.12 6.35
2.91 4.7 8.14 5.84
2.82 4.58 9.16 6.74
2.79 4.03 9.42 6.45
2.85 4.79 9.03 6.82
2.84 4.26 8.97 6.23
2.81 4.03 9.29 6.32
2.79 4.6 8.9 6.5
2.89 4.39 8.74 6.13
2.81 3.94 9.72 6.66
2.85 4.73 8.77 6.5
2.8 4.56 9.07 6.63
2.84 4.62 8.32 5.94
2.87 4.85 8.55 6.4
2.81 4.27 8.99 6.26
2.88 4.75 8.74 6.49
2.85 4.22 9.31 6.53
2.75 3.75 9.87 6.62
2.74 4.23 9.1 6.33
2.88 4.88 8.01 5.89
2.88 4.81 8.59 6.4
2.84 4.04 9.06 6.1
2.8 4.16 8.82 5.98
2.84 4.35 8.84 6.19
2.81 3.97 9.91 6.88
2.85 4.36 8.98 6.34
2.88 4.59 8.79 6.38
2.91 4.66 8.93 6.59
2.84 4.73 8.89 6.62
2.85 4.8 8.28 6.08
2.78 3.89 9.42 6.31
2.85 4.25 8.32 5.57
2.81 4.46 8.9 6.36
2.78 3.98 9.39 6.37
2.89 4.75 8.81 6.56
2.81 4.27 9.22 6.49
2.86 4.83 8.17 6.0
2.92 4.89 8.69 6.58
2.87 4.55 8.73 6.28
2.86 4.53 8.56 6.09
2.86 4.85 8.23 6.08
2.85 5.09 7.84 5.93
2.85 4.91 8.37 6.28
2.84 4.66 8.77 6.43
2.84 4.56 8.65 6.21
2.78 4.79 8.52 6.31
2.85 4.4 8.75 6.15
2.8 4.56 8.55 6.11
2.87 4.4 9.03 6.43
2.7 3.8 10.1 6.9
2.85 4.21 8.92 6.13
2.88 4.54 8.82 6.36
2.79 4.7 9.04 6.74
2.78 3.79 9.65 6.44
2.83 4.41 8.9 6.31
2.9 4.16 9.36 6.52
2.81 4.28 8.93 6.21
2.8 4.22 9.51 6.73
2.73 4.19 9.57 6.76
2.86 4.76 8.82 6.58
2.87 5.11 8.16 6.27
2.76 4.2 9.52 6.72
2.77 3.92 9.35 6.27
2.85 4.11 9.29 6.4
2.85 4.88 8.57 6.45
2.85 4.49 8.83 6.32
2.93 4.95 8.99 6.94
2.87 5.06 8.18 6.24
2.81 4.47 8.74 6.21
2.78 4.27 8.98 6.25
2.76 3.9 9.38 6.28
2.81 4.24 9.51 6.75
2.82 4.42 8.95 6.37
2.83 4.69 9.05 6.74
2.87 4.55 8.79 6.34
2.88 4.69 8.31 6.0
2.85 4.45 8.76 6.21
2.83 4.44 9.24 6.68
2.9 4.52 8.79 6.31
2.86 4.87 8.22 6.09
2.79 4.25 8.9 6.15
2.85 4.7 8.54 6.24
2.88 4.34 9.0 6.34
2.91 4.89 8.75 6.64
2.83 4.06 8.68 5.74
2.88 4.85 8.43 6.28
2.84 3.9 9.66 6.56
2.78 4.31 9.4 6.71
2.86 4.24 9.34 6.58
2.82 4.84 8.72 6.56
2.89 4.88 8.17 6.05
2.8 4.42 8.73 6.15
2.84 4.5 8.99 6.49
2.82 4.16 8.68 5.84
2.87 3.97 9.3 6.27
2.89 3.89 9.71 6.6
2.83 4.22 9.2 6.42
2.85 4.59 8.45 6.04
2.9 5.02 8.65 6.67
2.83 4.16 9.21 6.37
2.8 4.63 8.6 6.23
2.83 4.52 9.04 6.56
2.81 4.69 8.58 6.27
2.74 4.71 8.89 6.6
2.83 5.35 7.62 5.97
2.9 4.53 9.05 6.58
2.9 4.47 9.01 6.48
2.8 4.33 8.95 6.28
2.85 4.86 8.65 6.51
2.86 4.5 8.92 6.42
2.85 4.42 9.06 6.48
2.85 4.6 8.96 6.56
2.86 4.75 8.83 6.58
2.79 4.41 8.89 6.3
2.86 4.64 8.53 6.17
2.83 4.42 9.17 6.59
2.85 5.0 8.23 6.23
2.87 4.98 8.54 6.52
2.81 3.8 9.71 6.51
2.84 4.99 8.04 6.03
2.86 4.38 8.76 6.14
2.91 5.09 8.21 6.3
2.87 4.45 8.64 6.09
2.85 4.63 8.9 6.53
2.85 4.17 8.92 6.09
2.89 4.69 8.33 6.02
2.83 4.91 8.32 6.23
2.86 4.41 9.05 6.46
2.77 3.88 9.5 6.38
2.85 4.13 9.1 6.23
2.81 4.25 8.91 6.16
2.87 4.9 8.05 5.95
2.85 4.5 8.92 6.42
2.84 4.63 8.8 6.43
2.86 4.23 8.89 6.12
2.87 4.85 8.24 6.09
2.83 4.56 9.1 6.66
2.83 4.15 9.05 6.2
2.81 4.76 8.95 6.71
2.82 4.24 9.42 6.66
2.89 4.81 8.31 6.12
2.91 4.49 9.07 6.56
2.86 4.58 8.54 6.12
2.88 4.75 9.11 6.86
2.86 4.67 8.32 5.99
2.85 4.37 9.13 6.5
2.9 4.88 8.52 6.4
2.87 4.82 8.37 6.19
2.77 4.37 8.91 6.28
2.86 4.4 9.3 6.7
2.83 3.97 9.44 6.41
2.8 4.08 9.17 6.25
2.91 4.98 8.15 6.13
2.8 4.59 8.92 6.51
2.82 4.65 9.11 6.76
2.79 4.62 8.12 5.74
2.86 4.05 9.25 6.3
2.88 5.02 7.82 5.84
2.84 4.87 8.52 6.39
2.89 4.77 8.59 6.36
2.84 3.92 9.45 6.37
2.83 4.5 8.68 6.18
2.87 4.47 8.94 6.41
2.87 4.62 8.79 6.41
2.92 4.23 9.38 6.61
2.82 4.27 9.07 6.34
2.85 4.61 8.55 6.16
2.85 3.99 9.39 6.38
2.87 4.81 8.24 6.05
2.87 4.6 8.51 6.11
2.87 4.37 8.99 6.36
2.84 5.13 8.52 6.65
2.75 4.31 9.52 6.83
2.76 4.14 9.17 6.31
2.81 5.19 8.16 6.35
2.77 4.23 9.25 6.48
2.83 3.66 9.5 6.16
2.83 4.33 9.21 6.54
2.84 4.59 9.15 6.74
2.93 5.21 8.27 6.48
2.82 4.24 8.76 6.0
2.83 4.7 8.4 6.1
2.81 4.6 8.75 6.35
2.81 4.49 9.17 6.66
2.85 4.44 8.02 5.46
2.74 4.42 9.03 6.45
2.85 4.23 9.01 6.24
2.87 4.79 8.71 6.5
2.86 4.57 8.5 6.07
2.88 4.73 9.05 6.78
2.84 4.4 8.97 6.37
2.84 4.5 8.7 6.2
2.75 4.05 9.59 6.64
2.84 4.12 9.33 6.45
2.87 4.41 8.78 6.19
2.87 4.53 8.44 5.97
2.9 4.82 8.57 6.39
2.87 4.81 8.77 6.58
2.88 4.37 8.48 5.85
2.79 4.79 9.19 6.98
2.86 4.22 9.17 6.39
2.75 3.86 9.85 6.71
2.83 4.86 8.68 6.54
2.85 4.23 8.95 6.18
2.87 4.7 8.5 6.2
2.84 4.59 8.86 6.45
2.86 4.67 8.67 6.34
2.88 4.52 8.95 6.47
2.84 4.27 9.23 6.5
2.87 4.62 8.75 6.37
2.84 4.16 8.98 6.14
2.84 4.56 9.17 6.73
2.84 4.37 8.88 6.25
2.85 4.18 9.17 6.35
2.78 3.61 9.93 6.54
2.84 4.47 8.76 6.23
2.83 4.05 9.0 6.05
2.82 4.26 9.05 6.31
2.79 4.67 8.76 6.43
2.84 4.9 8.35 6.25
2.91 4.21 9.25 6.46
2.82 4.11 9.16 6.27
2.78 5.15 8.05 6.2
2.86 4.65 8.4 6.05
2.84 5.24 8.21 6.45
2.85 4.41 8.89 6.3
2.78 4.83 8.41 6.24
2.82 4.48 8.83 6.31
2.84 4.41 8.82 6.23
2.83 3.75 9.53 6.28
2.84 4.27 9.46 6.73
2.83 4.95 8.3 6.25
2.79 4.07 9.64 6.71
2.89 4.41 8.88 6.29
2.83 4.24 9.18 6.42
2.84 4.14 9.66 6.8
2.93 4.64 8.52 6.16
2.82 3.95 9.6 6.55
2.87 4.42 9.2 6.62
2.82 4.4 9.13 6.53
2.88 4.52 8.55 6.07
2.86 5.0 7.89 5.89
2.85 4.82 8.15 5.97
2.87 4.55 8.67 6.22
2.87 4.32 8.52 5.84
2.83 4.37 8.9 6.27
2.81 4.14 9.03 6.17
2.76 4.28 8.81 6.09
2.87 4.79 8.47 6.26
2.9 4.74 8.46 6.2
2.84 3.99 9.0 5.99
2.82 4.63 9.08 6.71
2.87 4.12 9.21 6.33
2.87 4.66 8.61 6.27
2.84 4.26 9.33 6.59
2.84 4.53 9.24 6.77
2.86 4.13 9.34 6.47
2.85 3.98 9.25 6.23
2.86 4.35 9.05 6.4
2.75 3.96 9.33 6.29
2.87 4.34 9.23 6.57
2.88 5.02 7.76 5.78
2.85 4.55 8.96 6.51
2.87 5.08 7.79 5.87
2.8 4.39 9.39 6.78
2.79 4.56 9.17 6.73
2.83 4.24 9.24 6.48
2.83 4.5 8.66 6.16
2.88 4.61 8.92 6.53
2.8 4.45 9.35 6.8
2.78 4.63 8.49 6.12
2.84 4.97 8.67 6.64
2.89 4.66 8.9 6.56
2.8 4.59 9.07 6.66
2.86 4.49 9.37 6.86
2.8 4.32 9.25 6.57
2.81 4.41 8.41 5.82
2.82 4.55 8.82 6.37
2.82 3.93 9.17 6.1
2.9 5.09 7.91 6.0
2.9 4.72 8.15 5.87
2.83 4.43 8.86 6.29
2.84 3.98 8.88 5.86
2.79 4.05 9.13 6.18
2.78 3.82 9.49 6.31
2.84 4.35 9.15 6.5
2.82 4.13 8.77 5.9
2.86 4.05 9.17 6.22
2.88 4.36 8.68 6.04
2.83 4.83 9.07 6.9
2.85 4.14 8.83 5.97
2.85 4.14 9.55 6.69
2.82 4.11 8.73 5.84
2.8 4.55 8.82 6.37
2.9 4.61 8.66 6.27
2.86 5.11 8.09 6.2
2.88 4.19 9.31 6.5
2.77 4.42 9.21 6.63
2.85 3.9 9.55 6.45
2.81 4.47 9.07 6.54
2.87 4.88 8.7 6.58
2.81 3.71 9.84 6.55
2.92 4.68 8.59 6.27
2.82 4.53 8.77 6.3
2.86 4.58 8.75 6.33
2.81 4.42 8.94 6.36
2.88 4.85 8.69 6.54
2.88 4.65 9.25 6.9
2.77 4.52 8.81 6.33
2.84 4.55 8.67 6.22
2.86 4.43 8.97 6.4
2.91 4.99 8.34 6.33
2.86 4.86 8.69 6.55
2.84 3.88 9.3 6.18
2.85 4.2 9.29 6.49
2.84 4.66 8.75 6.41
2.85 4.86 8.3 6.16
2.9 4.76 9.09 6.85
2.85 4.6 9.03 6.63
2.86 4.74 8.77 6.51
2.84 4.37 9.2 6.57
2.87 5.06 8.19 6.25
2.89 4.69 8.52 6.21
2.9 4.79 8.36 6.15
2.77 3.8 9.97 6.77
2.85 4.21 9.47 6.68
2.87 5.1 8.17 6.27
2.82 4.2 9.25 6.45
2.89 4.08 8.96 6.04
2.86 4.85 8.75 6.6
2.89 4.48 8.79 6.27
2.87 4.7 8.97 6.67
2.73 4.23 8.89 6.12
2.8 4.35 9.0 6.35
2.77 4.28 9.03 6.31
2.87 4.47 8.62 6.09
2.85 4.31 9.13 6.44
2.8 4.46 8.64 6.1
2.9 4.82 8.56 6.38
2.86 5.04 8.21 6.25
2.87 5.01 8.37 6.38
2.89 4.39 8.82 6.21
2.8 4.02 9.09 6.11
2.86 4.3 9.09 6.39
2.84 4.57 8.31 5.88
2.81 4.57 8.73 6.3
2.86 4.74 8.23 5.97
2.82 4.63 9.55 7.18
2.82 4.3 9.29 6.59
2.86 4.37 8.56 5.93
2.73 3.98 9.77 6.75
2.85 4.82 8.12 5.94
2.83 4.82 8.65 6.47
2.87 4.83 8.53 6.36
2.87 4.46 8.97 6.43
2.8 4.73 8.48 6.21
2.85 4.33 9.1 6.43
2.82 4.7 8.65 6.35
2.86 4.3 9.01 6.31
2.82 4.41 8.8 6.21
2.77 4.21 9.53 6.74
2.88 4.41 8.54 5.95
2.84 5.22 7.94 6.16
2.85 4.53 8.66 6.19
2.81 5.01 8.46 6.47
2.86 4.78 8.3 6.08
2.91 5.08 8.53 6.61
2.89 4.8 8.52 6.32
2.85 4.64 8.58 6.22
2.81 4.17 9.14 6.31
2.84 4.41 8.58 5.99
2.87 5.15 7.73 5.88
2.75 4.5 9.22 6.72
2.81 4.31 9.19 6.5
2.8 4.8 8.55 6.35
2.88 4.67 9.03 6.7
2.84 4.59 8.66 6.25
2.87 5.11 8.22 6.33
2.83 4.42 9.1 6.52
2.88 4.58 8.39 5.97
2.79 4.35 9.2 6.55
2.83 4.82 8.59 6.41
2.8 4.5 8.66 6.16
2.85 4.4 9.0 6.4
2.87 4.55 8.67 6.22
2.88 4.66 8.98 6.64
2.84152 4.491526 8.843052 6.334578
