3.04 1.54 2.84 2.38
3.02 1.46 2.84 2.3
3.18 1.6 2.72 2.32
3.26 1.66 2.54 2.2
3.08 1.48 2.7 2.18
3.42 1.56 2.76 2.32
3.16 1.42 2.92 2.34
3.38 1.54 2.58 2.12
3.36 1.64 2.74 2.38
3.3 1.74 2.62 2.36
3.46 1.72 2.52 2.24
2.92 1.44 2.9 2.34
3.32 1.52 2.92 2.44
3.34 1.56 2.62 2.18
3.32 1.68 2.6 2.28
3.28 1.5 2.74 2.24
3.08 1.66 2.54 2.2
3.24 1.6 2.68 2.28
3.12 1.58 2.82 2.4
3.56 1.66 2.58 2.24
3.52 1.6 2.46 2.06
3.22 1.48 2.86 2.34
3.32 1.46 2.96 2.42
3.28 1.64 2.72 2.36
3.3 1.64 2.56 2.2
3.28 1.74 2.54 2.28
3.28 1.48 2.8 2.28
3.52 1.62 2.62 2.24
3.16 1.6 2.62 2.22
3.2 1.46 2.74 2.2
3.18 1.54 2.74 2.28
3.2 1.74 2.56 2.3
3.34 1.5 2.64 2.14
3.54 1.8 2.58 2.38
3.38 1.78 2.52 2.3
3.56 1.86 2.32 2.18
3.56 1.94 2.26 2.2
3.2 1.7 2.66 2.36
3.28 1.68 2.66 2.34
3.22 1.6 2.5 2.1
3.2 1.66 2.56 2.22
3.48 1.8 2.52 2.32
3.32 1.72 2.58 2.3
3.2 1.68 2.64 2.32
3.18 1.62 2.68 2.3
3.24 1.48 2.74 2.22
3.1 1.42 3.0 2.42
3.18 1.54 2.72 2.26
3.1 1.62 2.58 2.2
3.1 1.58 2.72 2.3
3.32 1.62 2.74 2.36
3.04 1.5 2.68 2.18
3.28 1.6 2.68 2.28
3.32 1.44 2.78 2.22
3.22 1.5 2.74 2.24
3.2 1.42 2.9 2.32
3.28 1.4 2.84 2.24
3.22 1.52 2.54 2.06
3.3 1.64 2.64 2.28
3.26 1.36 2.84 2.2
3.2 1.56 2.66 2.22
3.22 1.54 2.76 2.3
2.96 1.5 2.82 2.32
3.48 1.6 2.58 2.18
3.38 1.82 2.58 2.4
3.1 1.58 2.8 2.38
3.1 1.56 2.64 2.2
3.08 1.4 2.9 2.3
3.34 1.78 2.48 2.26
3.48 1.62 2.7 2.32
3.0 1.42 2.86 2.28
3.38 1.72 2.46 2.18
3.28 1.6 2.72 2.32
3.28 1.64 2.56 2.2
3.0 1.38 3.02 2.4
3.3 1.72 2.52 2.24
3.5 1.82 2.34 2.16
3.2 1.52 2.76 2.28
3.24 1.82 2.52 2.34
3.1 1.56 2.76 2.32
3.1 1.66 2.62 2.28
3.38 1.62 2.52 2.14
3.24 1.54 2.68 2.22
3.2 1.52 2.58 2.1
3.5 1.7 2.62 2.32
3.44 1.68 2.5 2.18
3.34 1.5 2.68 2.18
3.12 1.5 2.74 2.24
3.32 1.62 2.68 2.3
3.32 1.58 2.6 2.18
3.34 1.6 2.6 2.2
3.38 1.54 2.64 2.18
3.24 1.64 2.62 2.26
3.46 1.54 2.64 2.18
3.22 1.56 2.7 2.26
3.42 1.74 2.54 2.28
3.36 1.66 2.56 2.22
3.26 1.44 2.86 2.3
3.34 1.66 2.54 2.2
3.2 1.64 2.76 2.4
3.42 1.94 2.4 2.34
3.24 1.5 2.86 2.36
3.26 1.66 2.52 2.18
3.32 1.64 2.66 2.3
3.14 1.44 2.84 2.28
2.98 1.48 2.82 2.3
3.46 1.66 2.6 2.26
3.4 1.72 2.5 2.22
3.3 1.72 2.68 2.4
3.26 1.52 2.86 2.38
3.52 1.52 2.66 2.18
3.2 1.44 2.82 2.26
3.14 1.6 2.68 2.28
3.22 1.56 2.76 2.32
3.12 1.6 2.78 2.38
3.12 1.52 2.72 2.24
3.52 1.64 2.56 2.2
3.46 1.96 2.32 2.28
3.36 1.54 2.82 2.36
3.14 1.5 2.84 2.34
3.34 1.4 2.9 2.3
3.32 1.52 2.82 2.34
3.18 1.58 2.76 2.34
3.38 1.68 2.5 2.18
3.28 1.54 2.64 2.18
3.22 1.42 2.8 2.22
3.2 1.72 2.5 2.22
3.3 1.76 2.5 2.26
3.58 1.92 2.28 2.2
3.36 1.5 2.74 2.24
3.4 1.64 2.76 2.4
3.36 1.84 2.58 2.42
3.16 1.48 2.7 2.18
3.18 1.32 3.0 2.32
3.3 1.72 2.44 2.16
3.24 1.46 2.82 2.28
3.52 1.6 2.66 2.26
3.32 1.74 2.48 2.22
3.4 1.62 2.58 2.2
3.24 1.44 2.88 2.32
3.26 1.58 2.58 2.16
3.3 1.7 2.54 2.24
3.2 1.56 2.58 2.14
3.26 1.66 2.6 2.26
3.26 1.52 2.74 2.26
3.34 1.84 2.5 2.34
3.08 1.42 2.88 2.3
3.26 1.7 2.58 2.28
3.3 1.58 2.7 2.28
3.42 1.76 2.48 2.24
3.1 1.56 2.76 2.32
2.98 1.6 2.68 2.28
2.98 1.6 2.68 2.28
3.26 1.74 2.54 2.28
3.26 1.54 2.64 2.18
3.32 1.58 2.76 2.34
3.28 1.62 2.76 2.38
3.16 1.6 2.78 2.38
3.34 1.66 2.56 2.22
3.32 1.68 2.52 2.2
3.24 1.56 2.78 2.34
3.24 1.6 2.7 2.3
3.5 1.66 2.64 2.3
3.26 1.38 2.88 2.26
3.26 1.56 2.66 2.22
3.3 1.78 2.46 2.24
3.32 1.52 2.8 2.32
3.24 1.62 2.6 2.22
3.44 1.76 2.48 2.24
3.4 1.62 2.72 2.34
3.18 1.66 2.64 2.3
3.1 1.46 2.96 2.42
3.26 1.64 2.76 2.4
3.24 1.68 2.68 2.36
3.3 1.84 2.34 2.18
3.3 1.72 2.6 2.32
3.2 1.66 2.64 2.3
3.34 1.68 2.68 2.36
3.3 1.72 2.58 2.3
3.28 1.8 2.5 2.3
3.3 1.44 2.72 2.16
3.1 1.58 2.66 2.24
3.28 1.6 2.68 2.28
3.18 1.38 2.82 2.2
3.16 1.58 2.62 2.2
3.34 1.9 2.4 2.3
3.08 1.58 2.68 2.26
3.26 1.68 2.6 2.28
3.54 1.7 2.64 2.34
3.38 1.54 2.76 2.3
3.5 1.6 2.54 2.14
3.08 1.54 2.86 2.4
3.26 1.64 2.62 2.26
3.22 1.56 2.7 2.26
3.14 1.62 2.76 2.38
3.3 1.64 2.62 2.26
3.14 1.46 2.82 2.28
3.28 1.56 2.66 2.22
3.28 1.72 2.48 2.2
3.36 1.54 2.58 2.12
3.06 1.52 2.82 2.34
3.5 2.04 2.3 2.34
3.18 1.56 2.66 2.22
3.22 1.6 2.68 2.28
3.22 1.68 2.6 2.28
3.46 1.72 2.46 2.18
3.28 1.58 2.62 2.2
3.28 1.48 2.76 2.24
3.02 1.6 2.76 2.36
3.4 1.66 2.7 2.36
3.44 1.84 2.32 2.16
3.06 1.44 2.82 2.26
3.48 1.88 2.3 2.18
3.28 1.8 2.46 2.26
3.38 1.62 2.64 2.26
3.22 1.3 3.06 2.36
3.24 1.54 2.5 2.04
3.42 1.7 2.46 2.16
3.24 1.6 2.52 2.12
3.3 1.72 2.54 2.26
3.1 1.5 2.74 2.24
3.08 1.42 2.72 2.14
3.5 1.68 2.58 2.26
3.48 1.7 2.7 2.4
3.28 1.78 2.56 2.34
3.52 1.62 2.68 2.3
3.1 1.44 2.86 2.3
3.12 1.7 2.6 2.3
3.34 1.4 2.9 2.3
3.24 1.7 2.54 2.24
3.3 1.56 2.56 2.12
3.3 1.66 2.68 2.34
3.08 1.36 3.08 2.44
3.3 1.68 2.8 2.48
3.36 1.58 2.54 2.12
3.26 1.84 2.46 2.3
3.18 1.4 2.84 2.24
3.3 1.44 2.7 2.14
3.2 1.68 2.58 2.26
3.36 1.52 2.74 2.26
3.12 1.44 2.72 2.16
3.46 1.56 2.74 2.3
3.24 1.66 2.66 2.32
3.14 1.5 2.7 2.2
3.16 1.64 2.6 2.24
3.36 1.78 2.5 2.28
2.94 1.44 2.94 2.38
3.24 1.6 2.6 2.2
3.06 1.42 2.78 2.2
3.14 1.56 2.8 2.36
3.5 1.54 2.82 2.36
3.22 1.52 2.78 2.3
3.24 1.48 2.74 2.22
3.32 1.5 2.68 2.18
3.34 1.72 2.48 2.2
3.32 1.56 2.7 2.26
3.48 1.6 2.48 2.08
3.2 1.46 2.7 2.16
3.4 1.58 2.7 2.28
3.32 1.42 2.86 2.28
3.24 1.56 2.76 2.32
3.4 1.52 2.68 2.2
3.2 1.58 2.84 2.42
3.36 1.5 2.66 2.16
3.44 1.5 2.72 2.22
3.34 1.46 2.9 2.36
3.1 1.62 2.78 2.4
3.5 1.78 2.52 2.3
3.04 1.58 2.76 2.34
3.48 1.56 2.68 2.24
3.4 1.6 2.68 2.28
3.18 1.62 2.68 2.3
3.12 1.44 2.66 2.1
3.24 1.6 2.62 2.22
3.0 1.3 2.98 2.28
3.28 1.7 2.5 2.2
3.22 1.54 2.6 2.14
3.3 1.56 2.62 2.18
3.2 1.52 2.76 2.28
3.24 1.74 2.54 2.28
3.56 1.56 2.54 2.1
3.2 1.56 2.6 2.16
3.12 1.46 2.94 2.4
3.38 1.6 2.64 2.24
3.06 1.68 2.74 2.42
3.26 1.5 2.82 2.32
3.28 1.6 2.6 2.2
3.26 1.6 2.7 2.3
3.22 1.7 2.6 2.3
3.18 1.58 2.56 2.14
3.52 1.76 2.36 2.12
3.26 1.62 2.66 2.28
2.88 1.58 2.7 2.28
3.16 1.5 2.8 2.3
3.34 1.84 2.52 2.36
3.06 1.36 2.9 2.26
3.54 1.98 2.28 2.26
3.3 1.62 2.76 2.38
3.18 1.6 2.8 2.4
3.36 1.8 2.46 2.26
3.26 1.56 2.68 2.24
3.18 1.64 2.68 2.32
3.32 1.84 2.46 2.3
3.38 1.46 2.68 2.14
3.14 1.6 2.64 2.24
3.24 1.5 2.7 2.2
3.3 1.58 2.74 2.32
2.96 1.4 2.98 2.38
3.36 1.58 2.66 2.24
3.36 1.68 2.58 2.26
3.28 1.48 2.7 2.18
3.32 1.5 2.84 2.34
3.08 1.42 2.9 2.32
3.14 1.66 2.84 2.5
3.36 1.5 2.66 2.16
3.34 1.8 2.46 2.26
3.34 1.7 2.64 2.34
3.02 1.58 2.8 2.38
3.44 1.78 2.42 2.2
3.18 1.36 2.96 2.32
3.4 1.72 2.72 2.44
3.28 1.64 2.64 2.28
3.44 1.66 2.54 2.2
3.24 1.64 2.66 2.3
3.34 1.68 2.62 2.3
3.12 1.56 2.7 2.26
3.4 1.84 2.36 2.2
3.28 1.68 2.6 2.28
3.36 1.74 2.52 2.26
3.1 1.88 2.48 2.36
3.14 1.54 2.76 2.3
3.26 1.82 2.46 2.28
3.3 1.5 2.78 2.28
3.28 1.6 2.72 2.32
3.42 1.8 2.36 2.16
3.08 1.46 2.78 2.24
3.44 1.68 2.62 2.3
3.22 1.34 3.06 2.4
3.36 1.78 2.38 2.16
3.22 1.5 2.76 2.26
3.3 1.62 2.58 2.2
3.34 1.48 2.66 2.14
3.38 1.58 2.7 2.28
3.34 1.76 2.56 2.32
3.22 1.54 2.62 2.16
3.34 1.88 2.42 2.3
3.1 1.54 2.72 2.26
3.12 1.54 2.78 2.32
2.94 1.2 3.08 2.28
3.12 1.42 2.96 2.38
3.14 1.6 2.76 2.36
3.16 1.4 3.0 2.4
3.12 1.66 2.54 2.2
3.4 1.56 2.68 2.24
3.22 1.66 2.64 2.3
3.32 1.66 2.5 2.16
3.0 1.32 2.98 2.3
3.28 1.62 2.66 2.28
3.2 1.58 2.72 2.3
3.14 1.56 2.7 2.26
3.26 1.58 2.6 2.18
3.36 1.68 2.54 2.22
3.0 1.4 2.98 2.38
3.36 1.6 2.64 2.24
3.38 1.76 2.4 2.16
3.18 1.6 2.52 2.12
3.26 1.78 2.52 2.3
3.28 1.84 2.44 2.28
3.2 1.48 2.74 2.22
3.06 1.44 2.8 2.24
3.18 1.48 2.94 2.42
3.46 1.7 2.46 2.16
3.4 1.62 2.58 2.2
3.3 1.48 2.8 2.28
3.44 1.9 2.32 2.22
3.28 1.64 2.66 2.3
3.42 1.94 2.36 2.3
3.36 1.48 2.72 2.2
3.26 1.4 2.9 2.3
3.1 1.58 2.68 2.26
3.3 1.64 2.58 2.22
3.36 1.82 2.44 2.26
3.54 1.5 2.52 2.02
3.26 1.64 2.72 2.36
3.2 1.74 2.66 2.4
3.34 1.6 2.66 2.26
3.1 1.38 2.9 2.28
3.08 1.48 2.76 2.24
3.3 1.64 2.58 2.22
3.2 1.48 2.86 2.34
3.26 1.72 2.52 2.24
3.3 1.5 2.82 2.32
3.28 1.56 2.62 2.18
3.24 1.52 2.7 2.22
3.02 1.4 2.92 2.32
3.4 1.84 2.42 2.26
3.4 1.44 2.8 2.24
3.2 1.52 2.88 2.4
3.32 1.48 2.68 2.16
3.1 1.72 2.52 2.24
3.18 1.52 2.82 2.34
3.08 1.46 2.78 2.24
2.9 1.44 2.86 2.3
3.3 1.52 2.78 2.3
3.26 1.8 2.5 2.3
3.16 1.46 2.9 2.36
3.42 1.86 2.46 2.32
3.5 1.66 2.66 2.32
3.34 1.78 2.58 2.36
3.54 1.82 2.36 2.18
3.28 1.5 2.86 2.36
3.12 1.58 2.74 2.32
3.24 1.42 2.82 2.24
3.34 1.6 2.66 2.26
3.26 1.56 2.76 2.32
3.18 1.52 2.66 2.18
3.14 1.52 2.78 2.3
3.18 1.54 2.6 2.14
3.34 1.58 2.8 2.38
3.38 1.72 2.46 2.18
3.34 1.58 2.72 2.3
3.12 1.44 2.94 2.38
3.18 1.78 2.64 2.42
3.34 1.56 2.6 2.16
3.42 1.76 2.42 2.18
3.24 1.5 2.7 2.2
3.4 1.74 2.48 2.22
3.22 1.54 2.56 2.1
3.08 1.62 2.72 2.34
3.3 1.62 2.56 2.18
3.26 1.64 2.5 2.14
3.28 1.56 2.68 2.24
3.18 1.48 2.72 2.2
3.42 1.54 2.7 2.24
3.36 1.66 2.56 2.22
3.24 1.62 2.66 2.28
3.12 1.38 2.98 2.36
3.3 1.7 2.68 2.38
3.26 1.56 2.6 2.16
3.18 1.54 2.7 2.24
3.26 1.58 2.62 2.2
3.34 1.66 2.5 2.16
3.54 1.8 2.5 2.3
3.24 1.6 2.62 2.22
3.4 1.56 2.7 2.26
3.38 1.78 2.46 2.24
3.14 1.6 2.64 2.24
3.16 1.68 2.42 2.1
3.44 1.84 2.34 2.18
3.48 1.58 2.68 2.26
3.3 1.64 2.62 2.26
3.28 1.48 2.64 2.12
3.18 1.7 2.56 2.26
3.38 1.66 2.56 2.22
3.22 1.7 2.58 2.28
3.16 1.5 2.84 2.34
3.44 1.62 2.56 2.18
3.04 1.5 2.76 2.26
3.38 1.72 2.5 2.22
3.18 1.6 2.64 2.24
3.26 1.58 2.64 2.22
3.1 1.62 2.6 2.22
3.14 1.46 2.72 2.18
3.38 1.7 2.48 2.18
3.3 1.64 2.48 2.12
3.36 1.48 2.68 2.16
3.26 1.4 2.88 2.28
3.24 1.46 2.9 2.36
3.32 1.54 2.62 2.16
3.22 1.66 2.42 2.08
3.26 1.5 2.68 2.18
3.12 1.44 2.88 2.32
3.06 1.4 2.76 2.16
3.16 1.5 2.7 2.2
3.44 1.5 2.74 2.24
3.16 1.56 2.56 2.12
3.34 1.44 2.84 2.28
3.28 1.36 2.78 2.14
3.32 1.58 2.76 2.34
3.26 1.62 2.64 2.26
3.14 1.6 2.84 2.44
3.24 1.64 2.46 2.1
3.2 1.56 2.82 2.38
3.4 1.54 2.7 2.24
3.24 1.56 2.58 2.14
3.28 1.52 2.72 2.24
3.14 1.6 2.66 2.26
3.28 1.62 2.6 2.22
3.16 1.64 2.6 2.24
3.24 1.44 2.78 2.22
3.06 1.74 2.56 2.3
3.44 1.58 2.52 2.1
3.2 1.56 2.68 2.24
3.42 1.44 2.62 2.06
3.32 1.4 2.8 2.2
3.28 1.62 2.56 2.18
3.18 1.4 2.88 2.28
3.24 1.62 2.66 2.28
3.4 1.44 2.86 2.3
3.2 1.64 2.46 2.1
3.06 1.7 2.66 2.36
2.82 1.72 2.74 2.46
3.04 1.54 2.8 2.34
3.16 1.44 2.92 2.36
3.02 1.4 3.1 2.5
3.24 1.68 2.54 2.22
3.2 1.64 2.78 2.42
3.26 1.54 2.66 2.2
3.38 1.86 2.42 2.28
3.34 1.6 2.66 2.26
2.98 1.42 3.0 2.42
3.24 1.64 2.66 2.3
3.3 1.82 2.5 2.32
3.34 1.78 2.46 2.24
3.06 1.62 2.64 2.26
3.32 1.78 2.48 2.26
3.26 1.62 2.64 2.26
3.08 1.6 2.68 2.28
3.22 1.56 2.72 2.28
3.3 1.54 2.66 2.2
3.28 1.62 2.66 2.28
3.52 1.78 2.46 2.24
3.32 1.58 2.6 2.18
3.38 1.62 2.5 2.12
3.46 1.74 2.46 2.2
3.1 1.54 2.7 2.24
3.32 1.5 2.76 2.26
3.24 1.38 2.9 2.28
3.42 1.84 2.44 2.28
3.26 1.62 2.62 2.24
3.22 1.72 2.6 2.32
3.34 1.5 2.62 2.12
3.4 1.56 2.64 2.2
3.08 1.52 2.84 2.36
3.22 1.62 2.66 2.28
3.2 1.54 2.72 2.26
3.2 1.52 2.76 2.28
3.14 1.66 2.64 2.3
3.38 1.76 2.54 2.3
3.14 1.76 2.58 2.34
3.36 1.52 2.68 2.2
3.08 1.66 2.68 2.34
3.1 1.52 2.7 2.22
3.18 1.36 2.88 2.24
3.14 1.54 2.78 2.32
3.38 1.66 2.54 2.2
3.28 1.88 2.42 2.3
3.1 1.64 2.7 2.34
3.36 1.72 2.42 2.14
3.26 1.58 2.64 2.22
3.2 1.62 2.64 2.26
3.32 1.44 2.76 2.2
2.98 1.54 2.9 2.44
3.3 1.78 2.54 2.32
3.26 1.76 2.66 2.42
3.12 1.52 2.8 2.32
3.02 1.34 2.9 2.24
3.22 1.36 2.98 2.34
3.12 1.44 2.86 2.3
3.22 1.6 2.68 2.28
3.42 1.78 2.5 2.28
3.46 1.68 2.52 2.2
3.2 1.54 2.62 2.16
3.12 1.46 2.92 2.38
3.42 1.46 2.76 2.22
3.18 1.52 2.66 2.18
3.32 1.72 2.48 2.2
3.2 1.6 2.64 2.24
3.14 1.56 2.7 2.26
2.98 1.46 2.84 2.3
3.36 1.72 2.56 2.28
3.3 1.56 2.7 2.26
3.56 1.74 2.48 2.22
3.12 1.48 2.9 2.38
3.24 1.64 2.74 2.38
3.2 1.74 2.46 2.2
3.1 1.44 2.72 2.16
3.44 1.5 2.72 2.22
3.22 1.56 2.78 2.34
3.08 1.32 3.02 2.34
3.28 1.56 2.66 2.22
3.2 1.62 2.62 2.24
3.04 1.44 2.84 2.28
3.34 1.68 2.54 2.22
3.26 1.72 2.62 2.34
3.36 1.68 2.68 2.36
2.88 1.52 2.76 2.28
3.36 1.78 2.46 2.24
3.3 1.56 2.7 2.26
3.26 1.62 2.78 2.4
3.3 1.64 2.62 2.26
3.02 1.62 2.72 2.34
3.18 1.38 2.86 2.24
3.22 1.44 2.78 2.22
3.46 1.78 2.48 2.26
3.18 1.8 2.54 2.34
3.08 1.54 2.88 2.42
3.16 1.48 2.68 2.16
3.26 1.66 2.58 2.24
3.06 1.28 3.04 2.32
3.06 1.56 2.74 2.3
3.3 1.52 2.78 2.3
3.08 1.78 2.58 2.36
3.28 2.08 2.22 2.3
3.44 1.68 2.5 2.18
3.18 1.6 2.64 2.24
3.56 1.74 2.64 2.38
3.4 1.76 2.5 2.26
3.28 1.5 2.76 2.26
3.46 1.72 2.42 2.14
3.3 1.6 2.66 2.26
3.36 1.68 2.58 2.26
3.6 1.8 2.28 2.08
3.28 1.54 2.8 2.34
3.2 1.44 2.7 2.14
3.36 1.68 2.62 2.3
3.18 1.5 2.66 2.16
3.28 1.54 2.66 2.2
3.12 1.54 2.96 2.5
3.32 1.68 2.44 2.12
3.06 1.64 2.62 2.26
3.52 1.7 2.5 2.2
3.26 1.74 2.6 2.34
3.2 1.46 2.86 2.32
3.34 1.66 2.7 2.36
3.4 1.58 2.64 2.22
3.2 1.56 2.76 2.32
3.38 1.68 2.54 2.22
3.28 1.4 3.02 2.42
2.86 1.26 3.0 2.26
3.42 1.68 2.6 2.28
3.38 1.56 2.72 2.28
3.32 1.5 2.72 2.22
3.16 1.52 2.74 2.26
3.24 1.64 2.74 2.38
3.24 1.64 2.62 2.26
3.3 1.76 2.5 2.26
3.18 1.52 2.78 2.3
3.38 1.6 2.7 2.3
3.28 1.6 2.8 2.4
3.38 1.68 2.6 2.28
3.48 1.8 2.52 2.32
3.18 1.56 2.74 2.3
3.3 1.64 2.62 2.26
3.36 1.44 2.82 2.26
3.2 1.28 3.1 2.38
3.44 1.72 2.56 2.28
3.14 1.64 2.64 2.28
3.38 1.7 2.56 2.26
3.68 1.92 2.34 2.26
3.16 1.46 2.74 2.2
3.2 1.5 2.84 2.34
3.32 1.76 2.38 2.14
3.3 1.7 2.54 2.24
3.34 1.72 2.6 2.32
3.24 1.6 2.72 2.32
3.16 1.62 2.68 2.3
3.4 1.38 2.84 2.22
3.22 1.54 2.8 2.34
3.18 1.48 2.82 2.3
3.4 1.66 2.78 2.44
3.32 1.58 2.62 2.2
3.5 1.84 2.52 2.36
3.22 1.44 2.86 2.3
3.12 1.44 2.76 2.2
3.24 1.64 2.76 2.4
3.3 1.7 2.5 2.2
2.98 1.48 2.84 2.32
3.3 1.74 2.54 2.28
3.2 1.42 2.82 2.24
3.34 1.74 2.58 2.32
3.34 1.52 2.78 2.3
3.44 1.62 2.62 2.24
3.34 1.54 2.6 2.14
3.44 1.54 2.74 2.28
3.36 1.74 2.64 2.38
3.34 1.62 2.74 2.36
3.42 1.76 2.32 2.08
3.44 1.58 2.74 2.32
3.12 1.48 2.76 2.24
3.26 1.94 2.58 2.52
3.1 1.46 2.78 2.24
3.14 1.38 2.84 2.22
3.26 1.58 2.6 2.18
3.42 1.48 2.76 2.24
3.62 1.82 2.44 2.26
3.3 1.78 2.36 2.14
3.3 1.44 2.8 2.24
2.94 1.48 2.88 2.36
3.3 1.62 2.58 2.2
3.22 1.48 2.82 2.3
3.38 1.54 2.66 2.2
3.3 1.8 2.66 2.46
3.14 1.58 2.68 2.26
3.22 1.44 2.62 2.06
3.26 1.42 3.02 2.44
3.16 1.64 2.74 2.38
3.2 1.72 2.54 2.26
3.22 1.62 2.6 2.22
3.28 1.84 2.54 2.38
3.32 1.84 2.34 2.18
3.46 1.64 2.48 2.12
3.38 1.64 2.56 2.2
3.32 1.38 2.86 2.24
3.12 1.44 2.8 2.24
3.3 1.66 2.72 2.38
3.16 1.5 2.8 2.3
3.0 1.42 2.78 2.2
3.02 1.48 2.86 2.34
3.2 1.5 2.7 2.2
3.28 1.52 2.76 2.28
2.94 1.24 2.82 2.06
3.28 1.6 2.74 2.34
3.08 1.36 2.88 2.24
3.1 1.4 2.64 2.04
3.22 1.66 2.52 2.18
3.34 1.48 2.78 2.26
3.1 1.4 2.8 2.2
3.26 1.44 2.78 2.22
3.16 1.54 2.84 2.38
3.34 1.6 2.56 2.16
3.38 1.64 2.8 2.44
3.16 1.7 2.62 2.32
3.48 2.0 2.26 2.26
3.18 1.78 2.44 2.22
3.18 1.46 2.78 2.24
2.96 1.24 2.88 2.12
3.38 1.56 2.7 2.26
3.28 1.62 2.78 2.4
3.28 1.76 2.66 2.42
3.54 1.68 2.7 2.38
3.26 1.56 2.74 2.3
3.26 1.44 2.82 2.26
3.22 1.58 2.78 2.36
3.38 1.64 2.7 2.34
3.28 1.74 2.5 2.24
3.44 1.78 2.56 2.34
3.26 1.48 2.76 2.24
3.38 1.66 2.68 2.34
3.4 1.62 2.64 2.26
3.4 1.68 2.62 2.3
3.4 1.8 2.36 2.16
3.52 1.88 2.4 2.28
3.14 1.84 2.52 2.36
3.2 1.54 2.78 2.32
3.16 1.4 2.9 2.3
3.38 1.54 2.86 2.4
3.44 1.86 2.4 2.26
3.12 1.44 2.8 2.24
3.32 1.6 2.62 2.22
3.52 1.72 2.5 2.22
3.28 1.6 2.76 2.36
3.42 1.46 2.76 2.22
3.16 1.62 2.68 2.3
3.14 1.7 2.74 2.44
3.4 1.54 2.5 2.04
3.28 1.64 2.54 2.18
3.22 1.5 2.7 2.2
3.32 1.6 2.58 2.18
3.32 1.84 2.42 2.26
3.26 1.4 2.82 2.22
3.2 1.64 2.66 2.3
3.24 1.64 2.76 2.4
3.16 1.48 2.6 2.08
3.5 1.62 2.66 2.28
3.36 1.62 2.64 2.26
3.38 1.72 2.54 2.26
3.46 1.74 2.54 2.28
3.28 1.56 2.76 2.32
3.08 1.32 2.88 2.2
3.3 1.62 2.64 2.26
3.2 1.54 2.64 2.18
3.02 1.46 2.78 2.24
3.18 1.38 2.96 2.34
3.2 1.46 2.84 2.3
3.26 1.54 2.72 2.26
3.38 1.56 2.72 2.28
3.3 1.66 2.72 2.38
3.08 1.58 2.66 2.24
3.28 1.78 2.5 2.28
3.04 1.48 2.96 2.44
3.12 1.44 2.9 2.34
3.14 1.48 2.84 2.32
3.18 1.7 2.66 2.36
3.14 1.5 2.96 2.46
3.12 1.44 2.86 2.3
3.36 1.78 2.54 2.32
3.26 1.66 2.64 2.3
3.18 1.62 2.68 2.3
3.06 1.42 2.86 2.28
3.14 1.7 2.62 2.32
3.42 1.64 2.62 2.26
3.22 1.62 2.62 2.24
3.46 1.68 2.54 2.22
3.12 1.56 2.72 2.28
3.16 1.48 2.74 2.22
3.4 1.88 2.4 2.28
3.38 1.7 2.54 2.24
3.16 1.8 2.6 2.4
3.14 1.48 2.84 2.32
3.4 1.52 2.68 2.2
3.3 1.64 2.56 2.2
3.34 1.42 2.74 2.16
3.24 1.44 2.82 2.26
3.12 1.5 2.86 2.36
3.3 1.42 2.82 2.24
3.02 1.4 2.84 2.24
3.2 1.42 2.8 2.22
3.22 1.76 2.56 2.32
3.12 1.46 2.76 2.22
3.36 1.5 2.78 2.28
3.18 1.54 2.68 2.22
3.18 1.46 2.94 2.4
3.26 1.76 2.4 2.16
3.06 1.46 2.88 2.34
3.22 1.64 2.76 2.4
3.32 1.68 2.66 2.34
3.24 1.64 2.56 2.2
3.34 1.58 2.66 2.24
3.26 1.6 2.72 2.32
3.24 1.62 2.6 2.22
3.06 1.4 2.82 2.22
3.14 1.68 2.68 2.36
3.38 1.68 2.62 2.3
3.26 1.76 2.42 2.18
3.3 1.66 2.64 2.3
3.18 1.74 2.5 2.24
3.5 1.7 2.56 2.26
3.14 1.36 2.98 2.34
3.44 1.96 2.34 2.3
3.2 1.68 2.68 2.36
2.94 1.34 2.9 2.24
3.26 1.54 2.7 2.24
3.6 1.52 2.7 2.22
3.22 1.64 2.74 2.38
3.24 1.7 2.56 2.26
3.4 1.62 2.66 2.28
3.32 1.78 2.68 2.46
3.26 1.44 2.84 2.28
3.26 1.64 2.58 2.22
3.22 1.52 2.72 2.24
3.34 1.72 2.4 2.12
3.42 1.64 2.48 2.12
3.28 1.62 2.64 2.26
3.44 1.88 2.36 2.24
3.42 1.8 2.46 2.26
3.2 1.72 2.58 2.3
3.16 1.68 2.58 2.26
3.32 1.74 2.5 2.24
3.22 1.48 2.76 2.24
3.12 1.5 2.9 2.4
3.16 1.58 2.72 2.3
3.1 1.38 2.88 2.26
2.92 1.46 2.96 2.42
3.26 1.64 2.64 2.28
3.52 1.56 2.68 2.24
3.36 1.68 2.64 2.32
3.18 1.46 2.74 2.2
3.14 1.64 2.56 2.2
3.3 1.56 2.62 2.18
3.22 1.44 2.82 2.26
3.34 1.88 2.44 2.32
3.44 1.66 2.58 2.24
2.98 1.42 2.84 2.26
3.54 1.82 2.5 2.32
3.26 1.64 2.6 2.24
3.34 1.74 2.58 2.32
3.42 1.54 2.62 2.16
3.38 1.8 2.52 2.32
3.28 1.78 2.54 2.32
3.16 1.42 2.82 2.24
3.4 1.62 2.6 2.22
3.12 1.56 2.54 2.1
3.16 1.66 2.54 2.2
3.04 1.36 3.02 2.38
3.3 1.7 2.74 2.44
3.46 1.54 2.66 2.2
3.04 1.42 2.8 2.22
3.24 1.5 2.8 2.3
3.32 1.74 2.52 2.26
3.12 1.34 3.0 2.34
3.12 1.72 2.5 2.22
3.34 1.64 2.58 2.22
3.2 1.28 3.0 2.28
3.28 1.62 2.66 2.28
3.3 1.54 2.56 2.1
3.26 1.7 2.74 2.44
3.22 1.54 2.62 2.16
3.16 1.58 2.72 2.3
3.44 1.6 2.68 2.28
3.14 1.44 2.74 2.18
3.44 1.72 2.58 2.3
3.32 1.8 2.54 2.34
3.36 1.4 2.92 2.32
3.26 1.76 2.6 2.36
3.14 1.64 2.74 2.38
3.26 1.56 2.66 2.22
3.22 1.68 2.6 2.28
3.32 1.42 2.9 2.32
3.26 1.6 2.68 2.28
3.3 1.56 2.62 2.18
3.24 1.58 2.66 2.24
3.0 1.66 2.66 2.32
3.12 1.7 2.54 2.24
3.26 1.5 2.8 2.3
3.44 1.72 2.54 2.26
3.18 1.58 2.66 2.24
3.26 1.44 2.82 2.26
3.24 1.56 2.56 2.12
3.22 1.46 2.8 2.26
3.24 1.46 2.84 2.3
3.14 1.5 2.82 2.32
3.24 1.46 2.78 2.24
3.3 1.72 2.68 2.4
3.38 1.72 2.48 2.2
3.16 1.64 2.66 2.3
3.1 1.74 2.66 2.4
3.14 1.72 2.66 2.38
3.4 1.6 2.68 2.28
3.28 1.52 2.82 2.34
3.06 1.48 2.86 2.34
3.46 1.74 2.4 2.14
3.22 1.5 2.9 2.4
3.06 1.3 2.96 2.26
3.28 1.64 2.54 2.18
3.44 1.72 2.58 2.3
3.12 1.66 2.68 2.34
3.2 1.52 2.76 2.28
3.36 1.56 2.74 2.3
3.22 1.7 2.6 2.3
3.32 1.8 2.58 2.38
3.32 1.62 2.68 2.3
3.36 1.5 2.78 2.28
3.02 1.52 2.88 2.4
3.18 1.42 2.8 2.22
3.06 1.52 2.78 2.3
3.04 1.64 2.8 2.44
3.34 1.58 2.52 2.1
3.3 1.48 2.64 2.12
3.24 1.7 2.52 2.22
3.26 1.56 2.6 2.16
3.24 1.6 2.76 2.36
3.1 1.8 2.48 2.28
3.04 1.62 2.74 2.36
3.22 1.5 2.86 2.36
3.22 1.36 2.88 2.24
3.38 1.74 2.46 2.2
2.94 1.48 2.84 2.32
3.14 1.5 2.84 2.34
3.34 1.68 2.68 2.36
3.46 1.66 2.64 2.3
3.16 1.6 2.72 2.32
3.28 1.58 2.7 2.28
3.12 1.56 2.7 2.26
3.24 1.52 2.62 2.14
3.18 1.44 2.64 2.08
3.5 1.7 2.46 2.16
3.4 1.46 2.72 2.18
3.3 1.74 2.54 2.28
3.42 1.72 2.58 2.3
3.22 1.6 2.72 2.32
3.16 1.66 2.62 2.28
3.36 1.6 2.72 2.32
3.26 1.64 2.74 2.38
3.3 1.8 2.56 2.36
3.34 1.74 2.46 2.2
3.16 1.52 2.78 2.3
3.24 1.58 2.7 2.28
3.48 1.72 2.48 2.2
3.4 1.68 2.52 2.2
3.36 1.72 2.54 2.26
3.16 1.76 2.48 2.24
3.3 1.74 2.66 2.4
3.44 1.62 2.48 2.1
3.24 1.52 2.92 2.44
3.42 1.48 2.78 2.26
3.14 1.46 2.94 2.4
3.24 1.64 2.6 2.24
3.1 1.28 2.98 2.26
3.36 1.52 2.6 2.12
3.32 1.62 2.54 2.16
3.28 1.5 2.74 2.24
3.42 1.64 2.6 2.24
3.42 1.64 2.68 2.32
3.16 1.64 2.68 2.32
3.22 1.66 2.64 2.3
3.34 1.58 2.6 2.18
3.4 1.54 2.72 2.26
3.2 1.48 2.62 2.1
3.2 1.58 2.64 2.22
3.18 1.5 2.7 2.2
3.38 1.52 2.7 2.22
3.28 1.68 2.62 2.3
3.46 1.82 2.46 2.28
3.24 1.66 2.68 2.34
3.18 1.62 2.72 2.34
3.44 1.72 2.58 2.3
3.44 1.64 2.52 2.16
3.32 1.7 2.62 2.32
3.26 1.58 2.6 2.18
3.12 1.58 2.66 2.24
3.1 1.46 2.86 2.32
3.22 1.5 2.8 2.3
3.26 1.72 2.68 2.4
3.36 1.72 2.62 2.34
3.2 1.46 2.58 2.04
3.24 1.48 2.72 2.2
3.44 1.78 2.6 2.38
3.42 1.66 2.58 2.24
3.42 1.6 2.66 2.26
3.48 1.48 2.72 2.2
3.08 1.5 2.72 2.22
3.2 1.7 2.64 2.34
3.3 1.48 2.74 2.22
3.18 1.44 2.58 2.02
3.46 1.62 2.5 2.12
3.38 1.46 2.76 2.22
3.32 1.54 2.84 2.38
3.46 1.68 2.58 2.26
3.22 1.58 2.58 2.16
3.16 1.54 2.8 2.34
3.32 1.58 2.74 2.32
3.18 1.56 2.6 2.16
3.24 1.58 2.68 2.26
3.18 1.54 2.78 2.32
3.34 1.5 2.64 2.14
3.56 1.66 2.7 2.36
3.24 1.38 2.96 2.34
3.3 1.66 2.5 2.16
3.22 1.42 2.82 2.24
3.2 1.64 2.66 2.3
3.34 1.56 2.6 2.16
3.42 1.68 2.6 2.28
3.3 1.58 2.68 2.26
3.34 1.58 2.68 2.26
3.18 1.42 2.78 2.2
3.24 1.66 2.62 2.28
3.26 1.64 2.66 2.3
3.16 1.54 2.58 2.12
3.54 1.62 2.58 2.2
2.94 1.3 3.08 2.38
3.42 1.64 2.64 2.28
3.36 1.74 2.6 2.34
3.32 1.72 2.52 2.24
3.4 1.58 2.72 2.3
3.4 1.64 2.6 2.24
3.34 1.58 2.72 2.3
3.4 1.62 2.64 2.26
3.1 1.56 2.8 2.36
3.38 1.54 2.6 2.14
3.12 1.54 2.84 2.38
3.24 1.56 2.78 2.34
3.4 1.78 2.54 2.32
3.34 1.64 2.7 2.34
3.02 1.48 2.64 2.12
3.18 1.6 2.74 2.34
3.46 1.78 2.52 2.3
3.4 1.66 2.68 2.34
3.36 1.52 2.72 2.24
3.34 1.44 2.72 2.16
3.22 1.56 2.7 2.26
3.46 1.52 2.86 2.38
3.14 1.68 2.64 2.32
3.28 1.48 2.7 2.18
3.24 1.7 2.6 2.3
3.34 1.48 2.86 2.34
3.38 1.6 2.62 2.22
3.28 1.7 2.46 2.16
3.46 1.76 2.56 2.32
3.34 1.56 2.66 2.22
3.2 1.7 2.52 2.22
3.02 1.44 2.9 2.34
3.42 1.66 2.54 2.2
3.34 1.74 2.48 2.22
3.2 1.38 2.96 2.34
3.52 1.74 2.4 2.14
3.1 1.44 2.64 2.08
3.12 1.54 2.8 2.34
3.3 1.44 2.76 2.2
3.2 1.72 2.5 2.22
3.32 1.5 2.86 2.36
3.14 1.46 2.86 2.32
3.18 1.66 2.76 2.42
3.28 1.7 2.58 2.28
3.24 1.58 2.72 2.3
3.3 1.64 2.68 2.32
3.36 1.6 2.7 2.3
3.54 1.76 2.46 2.22
3.2 1.62 2.7 2.32
3.34 1.62 2.64 2.26
3.14 1.78 2.5 2.28
3.42 1.76 2.42 2.18
3.36 1.56 2.78 2.34
3.34 1.86 2.52 2.38
3.2 1.46 2.82 2.28
3.06 1.54 2.94 2.48
3.22 1.76 2.48 2.24
3.34 1.56 2.74 2.3
3.46 1.86 2.44 2.3
3.42 1.58 2.68 2.26
3.34 1.7 2.6 2.3
3.28 1.62 2.66 2.28
3.42 1.76 2.46 2.22
3.2 1.48 2.7 2.18
3.28 1.68 2.62 2.3
3.1 1.6 2.7 2.3
3.26 1.7 2.56 2.26
3.32 1.42 2.76 2.18
3.48 1.78 2.38 2.16
3.12 1.7 2.6 2.3
3.34 1.56 2.66 2.22
3.6 1.78 2.38 2.16
3.36 1.7 2.48 2.18
3.14 1.64 2.74 2.38
3.1 1.52 2.84 2.36
3.44 1.88 2.3 2.18
3.3 1.68 2.56 2.24
3.22 1.5 2.7 2.2
3.18 1.38 2.96 2.34
3.18 1.48 2.78 2.26
3.22 1.46 2.82 2.28
3.18 1.54 2.86 2.4
3.3 1.78 2.48 2.26
3.2 1.54 2.76 2.3
3.12 1.54 2.86 2.4
3.22 1.5 2.58 2.08
3.44 1.48 2.76 2.24
3.14 1.54 2.76 2.3
3.22 1.56 2.76 2.32
3.46 1.88 2.42 2.3
3.4 1.66 2.52 2.18
3.4 1.76 2.64 2.4
3.2 1.52 2.62 2.14
3.14 1.36 2.86 2.22
3.22 1.7 2.54 2.24
3.16 1.44 2.68 2.12
3.16 1.78 2.68 2.46
3.16 1.84 2.58 2.42
3.18 1.64 2.7 2.34
3.2 1.72 2.66 2.38
3.5 1.62 2.72 2.34
3.38 1.68 2.6 2.28
3.22 1.48 2.72 2.2
3.14 1.56 2.62 2.18
3.2 1.32 2.76 2.08
3.34 1.5 2.64 2.14
3.3 1.66 2.5 2.16
3.48 1.56 2.62 2.18
3.28 1.5 2.68 2.18
3.38 1.46 2.74 2.2
3.32 1.9 2.38 2.28
3.04 1.6 2.7 2.3
3.0 1.46 2.92 2.38
3.22 1.66 2.76 2.42
3.1 1.66 2.66 2.32
3.32 1.68 2.7 2.38
2.84 1.42 3.06 2.48
3.32 1.68 2.54 2.22
3.46 1.64 2.58 2.22
3.32 1.36 2.92 2.28
3.5 1.6 2.6 2.2
3.18 1.52 2.86 2.38
3.4 1.62 2.56 2.18
3.14 1.66 2.62 2.28
3.22 1.46 2.78 2.24
3.26 1.6 2.8 2.4
3.56 1.74 2.5 2.24
3.26 1.5 2.82 2.32
3.16 1.76 2.64 2.4
3.56 1.76 2.4 2.16
3.36 1.7 2.5 2.2
3.3 1.5 2.8 2.3
3.2 1.52 2.68 2.2
3.46 1.72 2.58 2.3
3.16 1.7 2.6 2.3
3.08 1.5 2.62 2.12
3.18 1.7 2.58 2.28
3.28 1.88 2.42 2.3
3.22 1.42 2.9 2.32
3.12 1.66 2.66 2.32
3.34 1.72 2.58 2.3
3.08 1.56 2.8 2.36
3.14 1.62 2.6 2.22
2.94 1.3 3.04 2.34
3.2 1.54 2.78 2.32
3.14 1.42 2.92 2.34
3.22 1.68 2.7 2.38
3.18 1.46 2.76 2.22
3.38 1.72 2.44 2.16
3.3 1.56 2.58 2.14
3.24 1.62 2.58 2.2
3.4 1.38 2.94 2.32
3.08 1.58 2.78 2.36
3.4 1.6 2.7 2.3
3.24 1.56 2.6 2.16
3.3 1.56 2.62 2.18
3.32 1.46 2.74 2.2
3.3 1.62 2.66 2.28
3.18 1.48 2.72 2.2
3.38 1.74 2.68 2.42
3.28 1.72 2.58 2.3
3.2 1.54 2.8 2.34
3.24 1.42 2.82 2.24
3.5 1.82 2.46 2.28
3.34 1.88 2.48 2.36
3.42 1.72 2.5 2.22
3.06 1.48 2.8 2.28
3.18 1.48 2.76 2.24
3.2 1.62 2.54 2.16
3.38 1.74 2.56 2.3
3.36 1.7 2.64 2.34
3.38 1.5 2.72 2.22
3.32 1.78 2.5 2.28
3.46 1.6 2.52 2.12
3.32 1.66 2.56 2.22
3.48 2.0 2.28 2.28
3.18 1.48 2.8 2.28
3.24 1.52 2.62 2.14
3.08 1.78 2.64 2.42
3.16 1.64 2.66 2.3
3.3 1.46 2.74 2.2
3.18 1.52 2.74 2.26
3.1 1.38 2.84 2.22
3.12 1.68 2.78 2.46
3.12 1.68 2.6 2.28
3.28 1.48 2.84 2.32
3.3 1.7 2.58 2.28
3.22 1.52 2.9 2.42
3.1 1.62 2.66 2.28
3.14 1.64 2.62 2.26
3.22 1.52 2.86 2.38
3.36 1.9 2.32 2.22
3.46 1.64 2.54 2.18
3.16 1.4 2.88 2.28
3.08 1.48 2.76 2.24
3.3 1.76 2.56 2.32
3.3 1.66 2.62 2.28
3.2 1.64 2.58 2.22
3.46 1.8 2.54 2.34
3.28 1.44 2.96 2.4
3.42 1.68 2.42 2.1
3.1 1.5 2.88 2.38
3.38 1.7 2.48 2.18
3.14 1.56 2.7 2.26
3.1 1.44 2.72 2.16
3.32 1.58 2.48 2.06
3.54 1.7 2.54 2.24
3.5 1.66 2.54 2.2
3.18 1.7 2.62 2.32
3.34 1.62 2.72 2.34
3.18 1.54 2.84 2.38
3.32 1.54 2.62 2.16
3.34 1.76 2.56 2.32
3.1 1.4 2.88 2.28
3.3 1.58 2.6 2.18
3.24 1.48 2.76 2.24
3.2 1.54 2.6 2.14
3.18 1.52 2.7 2.22
3.4 1.6 2.56 2.16
3.38 1.54 2.68 2.22
3.28 1.48 2.84 2.32
3.16 1.58 2.78 2.36
3.38 1.6 2.56 2.16
3.0 1.74 2.6 2.34
3.16 1.5 2.72 2.22
3.5 1.62 2.56 2.18
3.34 1.58 2.72 2.3
3.36 1.6 2.56 2.16
3.26 1.62 2.74 2.36
3.26 1.44 2.8 2.24
3.44 1.58 2.54 2.12
3.28 1.64 2.46 2.1
3.28 1.66 2.74 2.4
3.48 1.76 2.54 2.3
3.2 1.62 2.74 2.36
3.24 1.8 2.52 2.32
3.28 1.8 2.48 2.28
3.56 1.84 2.38 2.22
3.34 1.68 2.56 2.24
3.22 1.56 2.58 2.14
3.36 1.72 2.5 2.22
3.26 1.52 2.68 2.2
3.12 1.6 2.7 2.3
3.4 1.72 2.48 2.2
3.32 1.74 2.48 2.22
3.54 1.76 2.4 2.16
3.22 1.42 2.9 2.32
3.26 1.6 2.66 2.26
3.14 1.56 2.7 2.26
3.6 1.74 2.26 2.0
3.44 1.7 2.68 2.38
3.34 1.78 2.56 2.34
3.2 1.74 2.58 2.32
3.3 1.96 2.28 2.24
3.22 1.7 2.48 2.18
3.28 1.52 2.68 2.2
3.26 1.46 2.78 2.24
3.38 1.7 2.62 2.32
3.6 1.76 2.42 2.18
3.42 1.78 2.48 2.26
3.44 1.7 2.62 2.32
3.42 1.5 2.8 2.3
3.14 1.6 2.58 2.18
3.58 1.7 2.52 2.22
3.2 1.68 2.66 2.34
3.26 1.48 2.8 2.28
3.28 1.52 2.56 2.08
3.06 1.56 2.82 2.38
3.3 1.58 2.56 2.14
3.44 1.4 2.64 2.04
3.32 1.84 2.5 2.34
3.32 1.5 2.66 2.16
3.34 1.8 2.52 2.32
3.34 1.72 2.5 2.22
2.9 1.4 2.94 2.34
3.1 1.46 2.78 2.24
3.3 1.66 2.56 2.22
3.24 1.72 2.56 2.28
3.56 1.62 2.58 2.2
3.3 1.46 2.78 2.24
3.52 1.56 2.64 2.2
3.38 1.6 2.56 2.16
3.2 1.54 2.76 2.3
3.14 1.54 2.52 2.06
3.16 1.48 2.9 2.38
3.22 1.68 2.7 2.38
3.34 1.46 2.96 2.42
3.36 1.7 2.54 2.24
3.16 1.4 2.84 2.24
3.26 1.66 2.62 2.28
3.46 1.66 2.58 2.24
3.42 1.66 2.72 2.38
3.44 1.62 2.68 2.3
3.38 1.72 2.48 2.2
3.46 1.68 2.42 2.1
3.32 1.64 2.6 2.24
3.3 1.52 2.68 2.2
3.24 1.54 2.72 2.26
3.24 1.48 2.72 2.2
3.18 1.8 2.5 2.3
3.06 1.38 2.82 2.2
3.16 1.7 2.62 2.32
3.52 1.72 2.58 2.3
2.98 1.34 2.9 2.24
3.26 1.74 2.6 2.34
3.26 1.78 2.54 2.32
3.3 1.42 2.94 2.36
3.14 1.56 2.76 2.32
3.34 1.66 2.64 2.3
3.06 1.42 2.86 2.28
3.22 1.5 2.82 2.32
3.26 1.5 2.78 2.28
3.36 1.68 2.48 2.16
3.28 1.6 2.58 2.18
3.4 1.56 2.68 2.24
3.28 1.56 2.68 2.24
3.08 1.62 2.68 2.3
3.44 1.84 2.32 2.16
3.28 1.72 2.66 2.38
3.38 1.58 2.56 2.14
3.14 1.46 2.94 2.4
3.12 1.48 2.82 2.3
3.32 1.64 2.6 2.24
3.14 1.32 2.92 2.24
3.06 1.56 2.84 2.4
3.46 1.68 2.54 2.22
3.32 1.56 2.8 2.36
3.24 1.62 2.56 2.18
3.5 1.52 2.7 2.22
3.18 1.6 2.62 2.22
3.02 1.46 2.86 2.32
3.22 1.44 2.76 2.2
3.14 1.52 2.74 2.26
3.28 1.48 2.66 2.14
3.26 1.52 2.62 2.14
3.28 1.74 2.68 2.42
3.16 1.6 2.68 2.28
3.38 1.58 2.62 2.2
3.2 1.66 2.56 2.22
3.34 1.6 2.78 2.38
3.14 1.54 2.8 2.34
3.42 1.64 2.5 2.14
3.02 1.48 2.82 2.3
3.18 1.52 2.76 2.28
3.26 1.54 2.74 2.28
3.08 1.44 2.86 2.3
3.54 2.0 2.28 2.28
3.16 1.54 2.78 2.32
3.26 1.6 2.68 2.28
3.22 1.78 2.42 2.2
3.08 1.54 2.64 2.18
3.2 1.72 2.66 2.38
3.32 1.64 2.62 2.26
3.22 1.54 2.68 2.22
3.22 1.6 2.74 2.34
3.2 1.62 2.68 2.3
3.38 1.52 2.7 2.22
3.54 1.76 2.54 2.3
3.1 1.52 2.88 2.4
3.34 1.52 2.68 2.2
3.38 1.56 2.56 2.12
3.22 1.78 2.42 2.2
3.0 1.64 2.6 2.24
3.14 1.62 2.66 2.28
3.16 1.52 2.76 2.28
3.46 1.62 2.54 2.16
3.2 1.62 2.74 2.36
3.18 1.38 2.82 2.2
3.18 1.54 2.72 2.26
3.16 1.58 2.74 2.32
3.42 1.88 2.4 2.28
3.34 1.56 2.7 2.26
3.1 1.54 2.72 2.26
3.3 1.7 2.52 2.22
3.26 1.64 2.58 2.22
3.56 1.74 2.6 2.34
3.26 1.56 2.6 2.16
3.36 1.56 2.68 2.24
3.14 1.8 2.62 2.42
3.24 1.64 2.54 2.18
3.36 1.72 2.54 2.26
3.22 1.68 2.72 2.4
3.16 1.72 2.62 2.34
3.34 1.58 2.74 2.32
3.34 1.7 2.76 2.46
3.24 1.46 2.94 2.4
3.2 1.46 2.78 2.24
3.24 1.52 2.76 2.28
3.44 1.7 2.62 2.32
3.18 1.62 2.52 2.14
3.28 1.6 2.66 2.26
3.16 1.72 2.64 2.36
3.26 1.74 2.62 2.36
3.34 1.92 2.5 2.42
3.4 1.66 2.6 2.26
3.34 1.62 2.64 2.26
3.34 1.62 2.68 2.3
3.36 1.54 2.74 2.28
2.92 1.54 2.8 2.34
3.34 1.74 2.42 2.16
3.26 1.64 2.7 2.34
3.16 1.54 2.7 2.24
3.1 1.6 2.58 2.18
3.34 1.68 2.52 2.2
3.48 1.58 2.54 2.12
3.36 1.5 2.8 2.3
3.18 1.6 2.78 2.38
3.14 1.64 2.62 2.26
3.24 1.7 2.64 2.34
3.2 1.78 2.4 2.18
3.22 1.74 2.46 2.2
3.14 1.5 2.84 2.34
3.36 1.52 2.64 2.16
3.54 1.62 2.6 2.22
3.42 1.48 2.76 2.24
3.22 1.54 2.7 2.24
3.32 1.68 2.6 2.28
3.36 1.46 2.9 2.36
3.3 1.58 2.74 2.32
3.16 1.42 2.96 2.38
3.32 1.4 2.76 2.16
3.04 1.42 2.82 2.24
3.1 1.7 2.66 2.36
3.42 1.68 2.6 2.28
3.18 1.46 2.62 2.08
3.28 1.46 2.68 2.14
3.16 1.42 2.76 2.18
3.36 1.9 2.38 2.28
3.16 1.48 2.76 2.24
3.42 1.52 2.66 2.18
3.32 1.36 2.64 2.0
3.3 1.6 2.54 2.14
3.18 1.36 2.98 2.34
2.96 1.72 2.6 2.32
3.28 1.5 2.8 2.3
3.14 1.48 2.76 2.24
3.36 1.62 2.72 2.34
3.32 1.64 2.58 2.22
3.18 1.72 2.62 2.34
3.16 1.68 2.6 2.28
3.26 1.56 2.6 2.16
3.28 1.48 2.76 2.24
3.26 1.76 2.52 2.28
3.54 1.76 2.42 2.18
3.44 1.56 2.7 2.26
3.28 1.7 2.48 2.18
3.52 1.7 2.38 2.08
3.4 1.66 2.62 2.28
3.12 1.5 2.92 2.42
3.3 1.66 2.7 2.36
3.28 1.48 2.82 2.3
3.32 1.68 2.6 2.28
3.32 1.7 2.42 2.12
3.36 1.62 2.6 2.22
3.38 1.46 2.72 2.18
3.06 1.38 2.92 2.3
3.3 1.44 2.74 2.18
3.34 1.56 2.62 2.18
3.24 1.64 2.72 2.36
3.0 1.46 2.94 2.4
3.44 1.7 2.52 2.22
3.04 1.5 2.82 2.32
3.36 1.64 2.56 2.2
3.42 1.54 2.78 2.32
3.44 1.76 2.46 2.22
3.1 1.58 2.72 2.3
3.58 1.92 2.38 2.3
3.12 1.54 2.76 2.3
3.3 1.66 2.7 2.36
3.28 1.62 2.7 2.32
3.48 1.58 2.56 2.14
3.38 1.54 2.72 2.26
3.3 1.52 2.8 2.32
3.16 1.58 2.66 2.24
3.32 1.66 2.62 2.28
3.26 1.46 2.8 2.26
3.26 1.46 2.7 2.16
3.34 1.62 2.64 2.26
3.54 1.52 2.68 2.2
3.32 1.58 2.54 2.12
3.34 1.42 2.78 2.2
3.38 1.62 2.72 2.34
3.48 1.82 2.64 2.46
3.24 1.72 2.56 2.28
3.26 1.58 2.6 2.18
3.32 1.48 2.72 2.2
3.24 1.6 2.58 2.18
3.3 1.54 2.82 2.36
3.32 1.6 2.7 2.3
3.24 1.54 2.82 2.36
3.14 1.48 2.88 2.36
3.22 1.66 2.72 2.38
3.06 1.52 2.84 2.36
3.3 1.46 2.84 2.3
3.16 1.52 2.84 2.36
3.16 1.54 2.74 2.28
3.42 1.46 2.64 2.1
3.1 1.42 2.88 2.3
3.3 1.7 2.56 2.26
3.3 1.6 2.54 2.14
3.24 1.82 2.6 2.42
3.38 1.62 2.54 2.16
3.38 1.74 2.52 2.26
3.1 1.52 2.66 2.18
3.42 1.84 2.46 2.3
3.24 1.58 2.76 2.34
3.24 1.6 2.56 2.16
3.38 1.56 2.86 2.42
3.44 1.66 2.6 2.26
3.46 1.64 2.7 2.34
3.36 1.7 2.48 2.18
3.12 1.68 2.56 2.24
3.36 1.62 2.74 2.36
3.4 1.6 2.66 2.26
3.22 1.64 2.72 2.36
3.26 1.26 2.98 2.24
3.24 1.64 2.62 2.26
3.26 1.62 2.66 2.28
3.24 1.52 2.7 2.22
3.3 1.66 2.6 2.26
3.6 1.58 2.66 2.24
3.22 1.64 2.56 2.2
3.5 1.66 2.46 2.12
3.22 1.54 2.76 2.3
3.48 1.8 2.52 2.32
3.34 1.58 2.56 2.14
3.46 1.88 2.38 2.26
3.34 1.74 2.48 2.22
3.08 1.72 2.66 2.38
3.3 1.6 2.62 2.22
2.84 1.24 3.1 2.34
3.2 1.68 2.68 2.36
3.32 1.42 2.8 2.22
3.14 1.66 2.7 2.36
3.04 1.56 2.78 2.34
3.48 1.72 2.64 2.36
3.18 1.6 2.7 2.3
3.42 1.58 2.58 2.16
3.36 1.56 2.68 2.24
3.26 1.48 2.72 2.2
3.42 1.84 2.52 2.36
3.02 1.52 2.88 2.4
3.1 1.54 2.76 2.3
3.22 1.54 2.72 2.26
3.26 1.72 2.62 2.34
3.16 1.54 2.72 2.26
3.2 1.78 2.36 2.14
3.0 1.48 2.76 2.24
3.18 1.58 2.76 2.34
3.28 1.42 2.86 2.28
3.08 1.62 2.62 2.24
3.32 1.48 2.74 2.22
3.18 1.5 2.64 2.14
3.08 1.56 2.7 2.26
3.32 1.34 2.92 2.26
3.48 1.7 2.52 2.22
3.42 1.8 2.42 2.22
3.12 1.5 2.84 2.34
3.4 1.7 2.62 2.32
3.32 1.6 2.74 2.34
3.36 1.24 2.98 2.22
3.36 1.58 2.56 2.14
3.06 1.52 2.94 2.46
3.52 1.48 2.8 2.28
3.28 1.36 3.0 2.36
3.3 1.6 2.8 2.4
3.42 1.64 2.54 2.18
3.34 1.64 2.68 2.32
3.34 1.52 2.68 2.2
3.22 1.78 2.28 2.06
3.32 1.66 2.6 2.26
3.04 1.56 2.74 2.3
3.16 1.4 2.84 2.24
3.28 1.46 2.76 2.22
3.14 1.34 2.98 2.32
3.32 1.6 2.7 2.3
3.16 1.54 2.9 2.44
3.18 1.68 2.74 2.42
3.22 1.76 2.68 2.44
3.16 1.36 2.82 2.18
3.26 1.42 2.76 2.18
3.28 1.46 2.74 2.2
3.28 1.74 2.66 2.4
3.28 1.66 2.6 2.26
3.24 1.7 2.52 2.22
3.44 1.6 2.76 2.36
3.2 1.7 2.54 2.24
3.48 1.86 2.42 2.28
3.22 1.72 2.7 2.42
3.3 1.66 2.64 2.3
3.12 1.5 2.86 2.36
3.5 1.9 2.32 2.22
3.34 1.84 2.42 2.26
3.06 1.48 2.8 2.28
3.48 1.62 2.66 2.28
3.56 1.64 2.5 2.14
3.48 1.62 2.62 2.24
3.4 1.88 2.46 2.34
3.3 1.56 2.64 2.2
3.16 1.5 2.82 2.32
3.56 1.68 2.6 2.28
3.16 1.48 2.74 2.22
3.26 1.74 2.6 2.34
3.34 1.8 2.58 2.38
3.26 1.68 2.54 2.22
3.34 1.72 2.54 2.26
3.36 1.44 2.8 2.24
3.46 1.8 2.4 2.2
3.2 1.46 2.9 2.36
3.24 1.78 2.5 2.28
3.12 1.72 2.58 2.3
3.2 1.68 2.68 2.36
3.46 1.68 2.44 2.12
3.58 1.9 2.46 2.36
3.4 1.76 2.38 2.14
3.26 1.58 2.7 2.28
3.2 1.6 2.76 2.36
3.22 1.36 2.94 2.3
3.18 1.54 2.74 2.28
3.2 1.66 2.56 2.22
3.0 1.48 2.86 2.34
3.24 1.42 2.92 2.34
3.36 1.68 2.42 2.1
3.24 1.68 2.62 2.3
3.24 1.54 2.84 2.38
3.24 1.36 2.82 2.18
3.4 1.62 2.62 2.24
3.28 1.54 2.74 2.28
3.66 1.96 2.24 2.2
3.38 1.56 2.8 2.36
3.28 1.76 2.56 2.32
3.12 1.42 2.86 2.28
3.38 1.58 2.76 2.34
3.28 1.56 2.7 2.26
3.06 1.48 2.96 2.44
3.34 1.46 2.88 2.34
3.36 1.6 2.62 2.22
3.0 1.34 3.0 2.34
3.4 1.58 2.68 2.26
3.34 1.64 2.72 2.36
3.2 1.7 2.7 2.4
3.1 1.48 2.68 2.16
3.46 1.6 2.58 2.18
3.32 1.72 2.64 2.36
3.3 1.78 2.48 2.26
3.26 1.48 2.74 2.22
3.36 1.72 2.62 2.34
3.16 1.68 2.56 2.24
3.1 1.36 2.92 2.28
3.1 1.46 2.78 2.24
3.08 1.44 2.94 2.38
3.32 1.6 2.6 2.2
3.28 1.5 2.96 2.46
3.14 1.48 2.86 2.34
3.44 1.88 2.42 2.3
3.12 1.54 2.74 2.28
3.24 1.62 2.64 2.26
3.38 1.48 2.96 2.44
3.18 1.62 2.68 2.3
3.36 1.64 2.52 2.16
3.18 1.48 2.86 2.34
3.16 1.6 2.64 2.24
3.16 1.62 2.6 2.22
3.3 1.78 2.54 2.32
3.12 1.52 2.64 2.16
3.32 1.74 2.5 2.24
3.24 1.72 2.54 2.26
3.4 1.8 2.36 2.16
3.36 1.58 2.76 2.34
3.2 1.68 2.58 2.26
3.38 1.72 2.38 2.1
3.12 1.56 2.68 2.24
3.2 1.6 2.64 2.24
3.16 1.74 2.62 2.36
3.16 1.46 2.78 2.24
3.36 1.72 2.4 2.12
3.5 1.88 2.3 2.18
3.34 1.88 2.32 2.2
3.38 1.72 2.64 2.36
3.18 1.52 2.78 2.3
3.08 1.62 2.68 2.3
3.34 1.56 2.78 2.34
3.56 1.72 2.6 2.32
3.32 1.56 2.64 2.2
3.18 1.46 2.94 2.4
3.32 1.58 2.74 2.32
3.18 1.58 2.78 2.36
3.26 1.96 2.38 2.34
3.2 1.5 2.74 2.24
3.56 1.82 2.32 2.14
3.22 1.66 2.64 2.3
3.44 1.66 2.46 2.12
3.48 1.76 2.6 2.36
3.12 1.6 2.72 2.32
3.04 1.5 2.84 2.34
3.14 1.58 2.7 2.28
3.22 1.58 2.66 2.24
3.1 1.62 2.64 2.26
3.38 1.8 2.4 2.2
3.32 1.6 2.76 2.36
3.34 1.64 2.54 2.18
3.22 1.62 2.62 2.24
3.26 1.68 2.44 2.12
3.3 1.74 2.42 2.16
3.3 1.8 2.54 2.34
3.18 1.46 2.7 2.16
3.34 1.68 2.58 2.26
3.46 1.74 2.6 2.34
3.3 1.64 2.64 2.28
3.32 1.72 2.5 2.22
3.58 1.74 2.44 2.18
3.14 1.54 2.82 2.36
3.42 1.74 2.5 2.24
3.4 1.42 2.8 2.22
3.16 1.66 2.7 2.36
3.5 1.66 2.54 2.2
3.14 1.7 2.64 2.34
3.34 1.5 2.82 2.32
3.42 1.46 2.5 1.96
3.24 1.56 2.8 2.36
3.4 1.56 2.52 2.08
3.2 1.8 2.44 2.24
3.36 1.62 2.6 2.22
3.38 1.6 2.48 2.08
3.24 1.76 2.54 2.3
3.38 1.54 2.72 2.26
3.02 1.42 3.02 2.44
3.1 1.54 2.78 2.32
3.26 1.6 2.64 2.24
3.36 1.5 2.72 2.22
3.4 1.58 2.58 2.16
3.1 1.46 2.86 2.32
3.28 1.36 2.9 2.26
3.26 1.48 2.88 2.36
3.42 1.76 2.5 2.26
3.26 1.62 2.66 2.28
3.18 1.58 2.64 2.22
3.2 1.62 2.76 2.38
3.46 1.58 2.56 2.14
3.2 1.48 2.76 2.24
3.5 1.72 2.54 2.26
3.02 1.36 2.76 2.12
3.18 1.76 2.48 2.24
3.26 1.86 2.46 2.32
3.32 1.64 2.66 2.3
3.46 1.86 2.42 2.28
3.14 1.6 2.72 2.32
3.56 1.52 2.68 2.2
3.22 1.48 2.78 2.26
3.52 1.98 2.26 2.24
3.18 1.4 2.92 2.32
3.14 1.7 2.66 2.36
3.26 1.52 2.68 2.2
3.4 1.52 2.7 2.22
3.26 1.52 2.74 2.26
3.3 1.64 2.64 2.28
3.08 1.44 2.82 2.26
3.36 1.58 2.58 2.16
3.26 1.6 2.66 2.26
3.4 1.54 2.6 2.14
3.22 1.54 2.74 2.28
3.34 1.62 2.72 2.34
3.0 1.36 2.92 2.28
3.2 1.38 2.74 2.12
3.38 1.74 2.48 2.22
3.32 1.68 2.46 2.14
3.56 1.8 2.6 2.4
2.9 1.4 3.08 2.48
3.26 1.64 2.52 2.16
3.2 1.58 2.6 2.18
3.5 1.68 2.48 2.16
3.46 1.7 2.52 2.22
3.42 1.6 2.7 2.3
3.0 1.6 2.76 2.36
3.44 1.54 2.62 2.16
3.38 1.66 2.54 2.2
3.56 1.64 2.62 2.26
3.5 1.78 2.52 2.3
3.14 1.48 2.74 2.22
3.14 1.64 2.6 2.24
3.24 1.42 2.82 2.24
3.32 1.5 2.62 2.12
3.4 1.6 2.58 2.18
3.46 1.74 2.56 2.3
3.26 1.62 2.58 2.2
3.38 1.46 2.68 2.14
3.18 1.46 2.82 2.28
3.2 1.68 2.58 2.26
3.32 1.54 2.72 2.26
3.06 1.4 2.7 2.1
3.32 1.62 2.66 2.28
3.3 1.72 2.62 2.34
3.46 1.62 2.52 2.14
3.32 1.6 2.7 2.3
3.4 1.66 2.62 2.28
3.52 1.56 2.7 2.26
3.36 1.56 2.74 2.3
3.18 1.56 2.68 2.24
3.4 1.64 2.6 2.24
3.06 1.48 2.82 2.3
3.46 1.8 2.6 2.4
3.02 1.28 3.06 2.34
3.22 1.72 2.52 2.24
3.28 1.6 2.66 2.26
3.14 1.54 2.86 2.4
3.46 1.66 2.56 2.22
3.3 1.68 2.68 2.36
3.06 1.4 2.9 2.3
3.4 1.78 2.52 2.3
3.36 1.72 2.56 2.28
3.18 1.54 2.74 2.28
3.18 1.52 2.72 2.24
2.96 1.42 2.84 2.26
3.16 1.44 2.82 2.26
3.16 1.62 2.56 2.18
3.34 1.84 2.58 2.42
3.16 1.48 2.78 2.26
3.38 1.78 2.52 2.3
3.28 1.66 2.54 2.2
3.24 1.58 2.74 2.32
3.5 1.56 2.74 2.3
3.34 1.7 2.58 2.28
3.14 1.38 2.86 2.24
3.44 1.72 2.68 2.4
3.36 1.68 2.56 2.24
3.34 1.62 2.62 2.24
3.16 1.44 2.64 2.08
3.26 1.8 2.42 2.22
3.2 1.66 2.64 2.3
3.3 1.6 2.76 2.36
3.34 1.52 2.64 2.16
3.14 1.6 2.8 2.4
3.36 1.66 2.68 2.34
3.1 1.54 2.66 2.2
3.3 1.38 2.84 2.22
2.98 1.3 3.04 2.34
3.18 1.66 2.52 2.18
3.3 1.5 2.6 2.1
3.18 1.62 2.62 2.24
3.18 1.52 2.84 2.36
3.28 1.64 2.56 2.2
3.42 1.44 2.84 2.28
3.22 1.62 2.68 2.3
3.3 1.52 2.7 2.22
3.2 1.74 2.64 2.38
3.46 1.5 2.78 2.28
3.16 1.62 2.6 2.22
3.46 1.86 2.4 2.26
3.34 1.58 2.68 2.26
3.24 1.56 2.76 2.32
3.22 1.58 2.56 2.14
3.04 1.58 2.64 2.22
3.36 1.62 2.66 2.28
3.46 1.64 2.52 2.16
3.16 1.68 2.62 2.3
3.22 1.66 2.66 2.32
3.0 1.5 2.94 2.44
3.2 1.5 2.8 2.3
3.3 1.48 2.78 2.26
3.2 1.32 2.94 2.26
3.42 1.66 2.7 2.36
3.38 1.82 2.52 2.34
3.24 1.62 2.74 2.36
3.48 1.58 2.68 2.26
3.2 1.4 2.84 2.24
3.34 1.5 2.76 2.26
3.38 1.56 2.7 2.26
3.26 1.48 2.8 2.28
3.4 1.52 2.82 2.34
3.18 1.58 2.78 2.36
3.46 1.64 2.7 2.34
3.36 1.54 2.66 2.2
3.34 1.64 2.72 2.36
3.22 1.56 2.7 2.26
3.26 1.56 2.58 2.14
3.36 1.74 2.56 2.3
3.3 1.74 2.52 2.26
3.32 1.62 2.62 2.24
3.32 1.58 2.74 2.32
3.24 1.74 2.6 2.34
3.28 1.9 2.42 2.32
3.14 1.76 2.52 2.28
3.32 1.4 2.82 2.22
3.36 1.64 2.64 2.28
3.04 1.46 2.76 2.22
3.08 1.4 2.82 2.22
3.32 1.5 2.62 2.12
3.24 1.64 2.6 2.24
3.3 1.54 2.58 2.12
3.18 1.5 2.72 2.22
3.38 1.64 2.66 2.3
3.38 1.5 2.64 2.14
3.46 1.8 2.44 2.24
3.44 1.7 2.48 2.18
3.24 1.52 2.68 2.2
3.14 1.62 2.66 2.28
3.22 1.54 2.74 2.28
3.42 1.64 2.58 2.22
3.18 1.62 2.78 2.4
3.26 1.66 2.48 2.14
3.26 1.54 2.74 2.28
3.34 1.52 2.74 2.26
3.14 1.5 2.78 2.28
2.98 1.62 2.8 2.42
3.34 1.52 2.56 2.08
3.16 1.52 2.96 2.48
3.34 1.52 2.8 2.32
3.32 1.64 2.52 2.16
3.48 1.68 2.4 2.08
3.06 1.54 2.8 2.34
3.18 1.64 2.68 2.32
3.4 1.68 2.46 2.14
3.32 1.42 2.84 2.26
3.3 1.56 2.58 2.14
3.0 1.64 2.7 2.34
3.24 1.68 2.54 2.22
3.22 1.6 2.62 2.22
3.32 1.62 2.72 2.34
3.14 1.52 2.8 2.32
3.3 1.34 2.8 2.14
3.36 1.66 2.6 2.26
3.04 1.54 2.8 2.34
3.0 1.32 3.0 2.32
3.1 1.5 2.76 2.26
3.18 1.4 2.86 2.26
3.3 1.74 2.44 2.18
3.38 1.52 2.84 2.36
3.06 1.44 2.84 2.28
3.34 1.64 2.68 2.32
3.44 1.7 2.64 2.34
3.3 1.7 2.66 2.36
3.16 1.68 2.58 2.26
3.34 1.74 2.3 2.04
3.18 1.7 2.6 2.3
3.24 1.58 2.68 2.26
3.42 1.94 2.26 2.2
3.2 1.62 2.74 2.36
3.46 1.62 2.52 2.14
3.12 1.58 2.8 2.38
3.32 1.66 2.54 2.2
3.16 1.7 2.58 2.28
3.06 1.46 2.88 2.34
3.16 1.58 2.78 2.36
3.12 1.58 2.68 2.26
3.44 1.58 2.72 2.3
3.28 1.5 2.8 2.3
3.12 1.52 2.8 2.32
3.26 1.86 2.46 2.32
3.18 1.76 2.66 2.42
3.24 1.38 2.92 2.3
3.16 1.5 2.88 2.38
3.4 1.68 2.56 2.24
3.22 1.76 2.48 2.24
3.44 1.62 2.6 2.22
3.32 1.52 2.66 2.18
3.14 1.88 2.44 2.32
3.28 1.68 2.66 2.34
3.28 1.72 2.58 2.3
3.06 1.62 2.8 2.42
3.22 1.5 2.7 2.2
3.16 1.66 2.5 2.16
3.26 1.56 2.68 2.24
3.22 1.48 2.76 2.24
3.32 1.68 2.56 2.24
3.14 1.5 2.78 2.28
3.06 1.58 2.7 2.28
3.14 1.5 2.82 2.32
3.44 1.84 2.46 2.3
3.38 1.6 2.76 2.36
3.4 1.7 2.5 2.2
3.22 1.64 2.62 2.26
3.3 1.62 2.66 2.28
3.38 1.6 2.58 2.18
3.3 1.64 2.5 2.14
3.28 1.78 2.56 2.34
3.06 1.62 2.62 2.24
3.3 1.42 2.72 2.14
3.38 1.64 2.5 2.14
3.3 1.48 2.84 2.32
3.34 1.7 2.7 2.4
3.22 1.58 2.78 2.36
3.24 1.68 2.52 2.2
3.34 1.66 2.54 2.2
3.24 1.34 2.9 2.24
3.14 1.56 2.74 2.3
3.14 1.46 2.68 2.14
3.18 1.46 2.66 2.12
3.16 1.86 2.42 2.28
3.16 1.4 2.94 2.34
3.34 1.6 2.56 2.16
3.26 1.5 2.9 2.4
3.28 1.58 2.68 2.26
3.46 1.78 2.38 2.16
3.2 1.58 2.76 2.34
3.42 1.68 2.68 2.36
3.34 1.66 2.68 2.34
3.02 1.54 2.8 2.34
3.26 1.7 2.64 2.34
3.22 1.58 2.7 2.28
3.2 1.68 2.6 2.28
3.14 1.36 2.98 2.34
3.34 1.64 2.5 2.14
3.26 1.54 2.7 2.24
3.32 1.76 2.6 2.36
3.12 1.46 2.72 2.18
3.46 1.54 2.76 2.3
3.08 1.46 2.76 2.22
3.24 1.68 2.58 2.26
3.22 1.66 2.56 2.22
3.4 1.7 2.58 2.28
3.08 1.56 2.72 2.28
3.16 1.5 2.76 2.26
3.36 1.58 2.68 2.26
3.46 1.74 2.54 2.28
3.28 1.76 2.6 2.36
3.32 1.66 2.58 2.24
3.42 1.58 2.64 2.22
3.24 1.56 2.86 2.42
3.32 1.64 2.58 2.22
3.14 1.58 2.76 2.34
3.26 1.78 2.6 2.38
3.38 1.54 2.76 2.3
3.46 1.56 2.68 2.24
3.32 1.68 2.58 2.26
3.22 1.5 2.8 2.3
3.2 1.66 2.62 2.28
3.24 1.54 2.66 2.2
3.24 1.66 2.6 2.26
3.44 1.68 2.68 2.36
3.12 1.62 2.7 2.32
3.28 1.68 2.64 2.32
3.52 1.74 2.62 2.36
3.2 1.6 2.7 2.3
3.14 1.58 2.62 2.2
3.06 1.46 2.78 2.24
3.14 1.64 2.56 2.2
3.26 1.6 2.56 2.16
3.22 1.58 2.6 2.18
3.32 1.72 2.58 2.3
3.22 1.32 3.02 2.34
3.04 1.66 2.74 2.4
3.26 1.68 2.68 2.36
3.28 1.52 2.76 2.28
3.24 1.56 2.7 2.26
3.32 1.74 2.66 2.4
3.38 1.64 2.54 2.18
3.34 1.66 2.6 2.26
3.4 1.82 2.48 2.3
3.18 1.66 2.7 2.36
3.12 1.46 2.7 2.16
3.34 1.78 2.38 2.16
3.26 1.64 2.72 2.36
3.26 1.66 2.64 2.3
3.24 1.48 2.82 2.3
3.32 1.5 2.68 2.18
3.4 1.62 2.6 2.22
3.24 1.72 2.56 2.28
3.38 1.62 2.6 2.22
3.14 1.64 2.6 2.24
3.08 1.46 2.78 2.24
3.38 1.78 2.48 2.26
3.34 1.88 2.48 2.36
3.12 1.58 2.78 2.36
3.34 1.7 2.52 2.22
3.06 1.36 2.92 2.28
3.06 1.48 2.82 2.3
3.34 1.72 2.72 2.44
3.12 1.4 2.98 2.38
3.38 1.58 2.62 2.2
3.28 1.68 2.58 2.26
3.16 1.34 2.88 2.22
3.14 1.5 2.78 2.28
3.52 1.6 2.72 2.32
3.16 1.56 2.68 2.24
3.32 1.66 2.54 2.2
3.34 1.62 2.68 2.3
3.3 1.68 2.46 2.14
3.04 1.76 2.7 2.46
3.28 1.56 2.6 2.16
3.34 1.72 2.56 2.28
3.3 1.9 2.42 2.32
3.16 1.66 2.64 2.3
3.18 1.56 2.74 2.3
3.36 1.62 2.58 2.2
3.34 1.68 2.58 2.26
3.26 1.58 2.64 2.22
3.3 1.54 2.68 2.22
3.12 1.58 2.78 2.36
3.44 1.74 2.44 2.18
3.28 1.6 2.6 2.2
3.42 1.72 2.72 2.44
3.34 1.54 2.78 2.32
3.56 1.9 2.46 2.36
3.08 1.48 2.76 2.24
3.08 1.56 2.82 2.38
3.52 1.64 2.66 2.3
3.36 1.64 2.62 2.26
3.38 1.62 2.62 2.24
3.18 1.52 2.88 2.4
3.22 1.64 2.5 2.14
3.42 1.52 2.7 2.22
3.1 1.56 2.74 2.3
3.32 1.56 2.66 2.22
3.22 1.6 2.76 2.36
3.12 1.74 2.56 2.3
3.26 1.54 2.58 2.12
3.38 1.56 2.62 2.18
3.22 1.6 2.64 2.24
3.28 1.56 2.64 2.2
3.36 1.4 2.82 2.22
3.22 1.64 2.66 2.3
3.06 1.52 2.74 2.26
3.14 1.76 2.64 2.4
3.36 1.52 2.74 2.26
3.32 1.46 2.68 2.14
3.14 1.58 2.72 2.3
3.16 1.62 2.6 2.22
3.48 1.58 2.64 2.22
2.96 1.46 2.9 2.36
3.5 1.5 2.6 2.1
3.12 1.56 2.78 2.34
3.32 1.5 2.68 2.18
3.44 1.66 2.5 2.16
3.18 1.46 2.84 2.3
3.04 1.32 2.98 2.3
3.2 1.72 2.56 2.28
3.36 1.7 2.44 2.14
3.34 1.66 2.76 2.42
3.18 1.34 2.86 2.2
3.06 1.56 2.6 2.16
3.24 1.64 2.5 2.14
3.36 1.54 2.58 2.12
3.06 1.32 2.98 2.3
3.34 1.74 2.4 2.14
3.12 1.56 2.74 2.3
3.48 1.52 2.72 2.24
3.02 1.52 2.72 2.24
3.1 1.48 2.84 2.32
2.88 1.44 2.92 2.36
3.14 1.62 2.68 2.3
3.3 1.68 2.64 2.32
3.18 1.56 2.72 2.28
3.28 1.46 2.68 2.14
3.16 1.62 2.62 2.24
3.2 1.8 2.5 2.3
3.2 1.56 2.68 2.24
3.2 1.66 2.56 2.22
3.44 1.66 2.44 2.1
3.22 1.56 2.62 2.18
3.22 1.68 2.62 2.3
3.34 1.64 2.62 2.26
3.2 1.5 2.86 2.36
3.48 1.76 2.56 2.32
3.02 1.5 2.82 2.32
3.4 1.62 2.66 2.28
3.12 1.4 2.88 2.28
3.22 1.58 2.62 2.2
3.44 1.6 2.62 2.22
3.4 1.82 2.4 2.22
3.32 1.68 2.58 2.26
3.34 1.66 2.54 2.2
3.18 1.56 2.68 2.24
3.14 1.4 2.9 2.3
3.02 1.5 2.92 2.42
3.32 1.62 2.54 2.16
2.98 1.52 2.76 2.28
3.2 1.48 2.88 2.36
3.32 1.58 2.76 2.34
3.14 1.36 2.92 2.28
3.26 1.52 2.62 2.14
3.1 1.54 2.7 2.24
3.38 1.7 2.68 2.38
3.18 1.52 2.72 2.24
3.14 1.72 2.62 2.34
3.34 1.5 2.7 2.2
3.44 1.78 2.36 2.14
3.24 1.62 2.5 2.12
3.4 1.64 2.72 2.36
3.2 1.62 2.66 2.28
3.24 1.62 2.66 2.28
3.3 1.66 2.58 2.24
3.18 1.46 2.84 2.3
3.24 1.58 2.66 2.24
3.5 1.7 2.44 2.14
3.38 1.78 2.46 2.24
3.32 1.6 2.74 2.34
3.36 1.58 2.74 2.32
3.22 1.36 2.94 2.3
3.42 1.94 2.42 2.36
3.28 1.44 2.66 2.1
3.36 1.54 2.52 2.06
3.28 1.28 2.92 2.2
3.32 1.66 2.68 2.34
3.5 1.42 2.84 2.26
3.2 1.62 2.6 2.22
3.32 1.64 2.54 2.18
3.48 1.72 2.42 2.14
3.14 1.6 2.66 2.26
3.34 1.44 2.74 2.18
3.32 1.56 2.72 2.28
3.28 1.58 2.72 2.3
3.32 1.62 2.58 2.2
3.14 1.44 2.7 2.14
3.32 1.72 2.6 2.32
3.22 1.68 2.6 2.28
3.34 1.62 2.5 2.12
3.14 1.44 2.68 2.12
3.26 1.56 2.62 2.18
3.38 1.74 2.6 2.34
3.32 1.76 2.46 2.22
3.16 1.66 2.58 2.24
2.88 1.38 2.84 2.22
3.26 1.62 2.68 2.3
3.4 1.48 2.6 2.08
3.06 1.52 2.66 2.18
3.14 1.6 2.72 2.32
3.28 1.64 2.66 2.3
3.46 1.72 2.58 2.3
3.24 1.66 2.56 2.22
3.22 1.62 2.62 2.24
3.04 1.62 2.66 2.28
3.44 1.68 2.54 2.22
3.26 1.72 2.48 2.2
3.26 1.72 2.5 2.22
3.18 1.44 2.72 2.16
3.08 1.5 2.78 2.28
3.22 1.56 2.56 2.12
3.12 1.52 2.72 2.24
3.18 1.66 2.66 2.32
3.48 1.64 2.52 2.16
3.38 1.44 2.74 2.18
3.4 1.9 2.38 2.28
3.28 1.56 2.62 2.18
3.34 1.76 2.64 2.4
3.38 1.48 2.74 2.22
3.12 1.5 2.9 2.4
3.38 1.64 2.68 2.32
3.18 1.62 2.7 2.32
3.24 1.52 2.8 2.32
3.26 1.7 2.74 2.44
2.98 1.42 2.8 2.22
3.38 1.54 2.74 2.28
3.2 1.42 2.82 2.24
3.44 1.82 2.42 2.24
3.28 1.48 2.72 2.2
3.34 1.64 2.7 2.34
3.28 1.46 2.82 2.28
3.32 1.74 2.56 2.3
3.4 1.6 2.58 2.18
3.26 1.44 2.76 2.2
3.28 1.74 2.48 2.22
3.32 1.32 2.9 2.22
3.42 1.62 2.58 2.2
3.28 1.64 2.62 2.26
3.4 1.74 2.5 2.24
3.06 1.44 2.78 2.22
3.42 1.82 2.48 2.3
3.44 1.7 2.56 2.26
3.16 1.84 2.54 2.38
3.26 1.48 2.74 2.22
3.38 1.5 2.82 2.32
3.54 1.6 2.6 2.2
3.26 1.48 2.76 2.24
3.1 1.56 2.76 2.32
3.5 1.58 2.66 2.24
3.14 1.58 2.68 2.26
3.24 1.82 2.58 2.4
3.42 1.76 2.48 2.24
3.0 1.48 2.78 2.26
3.06 1.6 2.64 2.24
3.34 1.58 2.74 2.32
3.24 1.64 2.72 2.36
3.34 1.72 2.5 2.22
3.14 1.66 2.7 2.36
3.24 1.68 2.66 2.34
3.36 1.62 2.64 2.26
3.04 1.76 2.64 2.4
3.16 1.6 2.8 2.4
3.3 1.58 2.8 2.38
3.44 1.72 2.6 2.32
3.54 1.78 2.36 2.14
3.16 1.58 2.68 2.26
3.46 1.82 2.48 2.3
3.34 1.82 2.52 2.34
3.4 1.78 2.42 2.2
3.22 1.64 2.72 2.36
3.24 1.72 2.62 2.34
3.2 1.52 2.76 2.28
3.2 1.66 2.58 2.24
3.34 1.6 2.6 2.2
3.26 1.5 2.66 2.16
3.26 1.54 2.64 2.18
3.44 1.82 2.6 2.42
3.16 1.56 2.64 2.2
3.14 1.62 2.58 2.2
3.26 1.26 3.08 2.34
3.22 1.5 2.68 2.18
3.32 1.64 2.68 2.32
3.24 1.38 2.94 2.32
3.18 1.54 2.78 2.32
3.4 1.7 2.4 2.1
3.42 1.56 2.72 2.28
3.44 1.62 2.74 2.36
3.18 1.6 2.76 2.36
3.08 1.7 2.54 2.24
3.28 1.7 2.58 2.28
3.28 1.68 2.52 2.2
3.06 1.68 2.7 2.38
3.32 1.68 2.56 2.24
3.46 1.96 2.24 2.2
3.04 1.58 2.68 2.26
3.16 1.44 2.88 2.32
3.22 1.38 2.86 2.24
3.42 1.76 2.64 2.4
3.18 1.48 2.88 2.36
3.06 1.62 2.6 2.22
3.14 1.58 2.74 2.32
3.36 1.78 2.46 2.24
3.4 1.84 2.42 2.26
3.26 1.72 2.56 2.28
3.12 1.54 2.76 2.3
3.24 1.42 2.74 2.16
3.36 1.56 2.74 2.3
3.2 1.5 2.7 2.2
3.04 1.52 2.8 2.32
3.26 1.78 2.62 2.4
3.02 1.58 2.76 2.34
3.08 1.56 2.66 2.22
3.28 1.54 2.72 2.26
3.28 1.78 2.54 2.32
3.12 1.32 2.9 2.22
3.42 1.64 2.54 2.18
3.24 1.66 2.66 2.32
3.18 1.56 2.8 2.36
3.4 1.68 2.42 2.1
3.48 1.72 2.48 2.2
3.16 1.74 2.6 2.34
3.22 1.3 2.92 2.22
3.5 1.46 2.64 2.1
3.38 1.58 2.66 2.24
3.42 1.42 2.68 2.1
3.48 1.78 2.56 2.34
3.06 1.36 3.1 2.46
3.3 1.42 3.0 2.42
3.2 1.56 2.64 2.2
3.26 1.48 2.68 2.16
3.34 1.62 2.6 2.22
3.16 1.6 2.7 2.3
3.22 1.54 2.7 2.24
2.98 1.44 2.84 2.28
3.32 1.64 2.56 2.2
3.32 1.68 2.42 2.1
3.28 1.6 2.6 2.2
2.94 1.58 2.98 2.56
3.2 1.36 3.08 2.44
3.12 1.54 2.78 2.32
3.44 1.7 2.68 2.38
3.4 1.5 2.76 2.26
3.14 1.68 2.66 2.34
3.3 2.02 2.32 2.34
3.34 1.76 2.52 2.28
3.44 1.7 2.52 2.22
3.44 1.78 2.44 2.22
2.96 1.32 2.98 2.3
3.24 1.6 2.76 2.36
3.34 1.68 2.64 2.32
3.48 1.56 2.66 2.22
3.16 1.62 2.68 2.3
3.2 1.66 2.6 2.26
3.46 1.84 2.44 2.28
3.34 1.74 2.6 2.34
3.44 1.76 2.5 2.26
3.02 1.42 3.02 2.44
3.1 1.56 2.68 2.24
3.3 1.48 2.68 2.16
3.28 1.54 2.78 2.32
3.3 1.44 2.78 2.22
3.1 1.7 2.7 2.4
3.16 1.66 2.62 2.28
3.22 1.64 2.64 2.28
3.28 1.6 2.62 2.22
3.24 1.68 2.62 2.3
3.4 1.64 2.64 2.28
3.24 1.38 2.88 2.26
3.28 1.82 2.56 2.38
3.26 1.54 2.7 2.24
3.18 1.4 2.96 2.36
3.3 1.46 2.66 2.12
3.26 1.8 2.44 2.24
3.1 1.6 2.7 2.3
3.4 1.8 2.46 2.26
3.26 1.52 2.66 2.18
3.22 1.52 2.68 2.2
3.14 1.52 2.8 2.32
3.44 1.58 2.78 2.36
3.38 1.6 2.64 2.24
2.82 1.4 3.0 2.4
3.1 1.32 2.86 2.18
3.12 1.32 3.0 2.32
3.36 1.68 2.62 2.3
3.32 1.72 2.5 2.22
3.24 1.42 2.86 2.28
3.38 1.68 2.6 2.28
3.4 1.5 2.76 2.26
3.2 1.48 2.82 2.3
3.48 1.72 2.62 2.34
3.08 1.54 2.68 2.22
3.34 1.48 2.7 2.18
3.24 1.54 2.68 2.22
3.06 1.3 2.84 2.14
3.14 1.56 2.86 2.42
3.56 1.9 2.36 2.26
3.5 1.56 2.82 2.38
3.32 1.58 2.62 2.2
3.44 1.56 2.72 2.28
3.4 1.6 2.58 2.18
3.26 1.68 2.48 2.16
3.2 1.5 2.68 2.18
3.1 1.54 2.66 2.2
3.44 1.82 2.32 2.14
3.34 1.5 2.72 2.22
3.24 1.58 2.66 2.24
3.42 1.42 2.86 2.28
3.32 1.66 2.68 2.34
3.1 1.6 2.64 2.24
2.94 1.58 2.8 2.38
3.18 1.74 2.56 2.3
3.32 1.56 2.68 2.24
3.36 1.8 2.56 2.36
3.06 1.44 2.92 2.36
3.48 1.64 2.52 2.16
3.44 1.82 2.42 2.24
3.34 1.76 2.44 2.2
3.38 1.84 2.3 2.14
3.28 1.48 2.82 2.3
3.34 1.56 2.68 2.24
3.26 1.82 2.54 2.36
3.06 1.66 2.76 2.42
3.38 1.52 2.66 2.18
3.36 1.68 2.46 2.14
3.38 1.56 2.7 2.26
3.22 1.46 2.72 2.18
3.12 1.54 2.82 2.36
3.24 1.7 2.44 2.14
3.44 1.62 2.66 2.28
3.32 1.58 2.54 2.12
3.56 1.9 2.36 2.26
3.3 1.66 2.64 2.3
3.02 1.56 2.68 2.24
3.34 1.86 2.48 2.34
3.24 1.58 2.66 2.24
2.92 1.5 2.86 2.36
3.32 1.58 2.64 2.22
3.22 1.5 2.66 2.16
3.32 1.74 2.6 2.34
3.14 1.62 2.74 2.36
3.36 1.54 2.66 2.2
3.26 1.64 2.68 2.32
3.14 1.5 2.9 2.4
3.1 1.56 2.7 2.26
3.28 1.78 2.48 2.26
3.32 1.74 2.5 2.24
3.14 1.64 2.64 2.28
3.14 1.66 2.72 2.38
3.4 1.68 2.58 2.26
3.14 1.6 2.62 2.22
3.6 1.54 2.58 2.12
3.42 1.6 2.48 2.08
3.66 1.7 2.48 2.18
3.18 1.52 2.74 2.26
3.5 1.74 2.46 2.2
3.24 1.46 2.8 2.26
3.5 1.56 2.66 2.22
3.24 1.68 2.78 2.46
3.0 1.52 2.7 2.22
3.08 1.56 2.6 2.16
2.94 1.7 2.74 2.44
3.36 1.48 2.84 2.32
3.4 1.5 2.86 2.36
3.28 1.7 2.66 2.36
3.36 1.4 2.88 2.28
2.88 1.34 3.06 2.4
3.04 1.52 2.7 2.22
3.34 1.4 2.58 1.98
3.06 1.34 2.8 2.14
3.26 1.4 2.82 2.22
3.38 1.74 2.54 2.28
3.14 1.52 2.88 2.4
3.44 1.7 2.58 2.28
3.08 1.62 2.62 2.24
3.24 1.54 2.64 2.18
3.28 1.54 2.64 2.18
3.38 1.6 2.62 2.22
3.26 1.56 2.7 2.26
3.36 1.66 2.58 2.24
2.92 1.5 3.02 2.52
3.62 1.82 2.34 2.16
3.24 1.7 2.42 2.12
3.08 1.58 2.68 2.26
3.28 1.68 2.68 2.36
3.22 1.6 2.6 2.2
3.22 1.62 2.6 2.22
3.34 1.64 2.6 2.24
3.32 1.52 2.78 2.3
2.94 1.38 2.88 2.26
3.28 1.74 2.52 2.26
3.44 1.7 2.6 2.3
3.22 1.52 2.78 2.3
3.52 1.82 2.38 2.2
3.26 1.64 2.6 2.24
3.12 1.52 2.82 2.34
3.2 1.56 2.68 2.24
3.36 1.62 2.54 2.16
3.44 1.76 2.52 2.28
3.46 1.96 2.3 2.26
3.18 1.38 2.86 2.24
3.18 1.62 2.74 2.36
3.18 1.42 2.86 2.28
2.98 1.52 2.82 2.34
3.24 1.5 2.94 2.44
3.24 1.64 2.72 2.36
3.3 1.38 2.76 2.14
3.16 1.7 2.42 2.12
3.26 1.58 2.66 2.24
3.28 1.42 2.84 2.26
3.26 1.54 2.68 2.22
3.44 1.6 2.52 2.12
3.08 1.48 2.78 2.26
3.26 1.74 2.54 2.28
3.3 1.76 2.62 2.38
3.38 1.74 2.5 2.24
3.08 1.28 2.9 2.18
3.4 1.64 2.58 2.22
3.28 1.64 2.6 2.24
3.18 1.64 2.58 2.22
3.34 1.62 2.58 2.2
3.44 1.54 2.64 2.18
3.2 1.5 2.66 2.16
3.28 1.52 2.8 2.32
3.2 1.4 2.9 2.3
3.32 1.62 2.58 2.2
3.02 1.32 2.8 2.12
3.3 1.56 2.52 2.08
3.3 1.56 2.64 2.2
3.34 1.72 2.58 2.3
3.12 1.6 2.68 2.28
3.4 1.5 2.56 2.06
3.26 1.56 2.68 2.24
3.3 1.64 2.72 2.36
3.14 1.52 2.92 2.44
3.48 1.62 2.56 2.18
3.36 1.56 2.68 2.24
3.24 1.66 2.6 2.26
3.28 1.82 2.4 2.22
3.44 1.76 2.42 2.18
3.32 1.58 2.6 2.18
3.32 1.62 2.78 2.4
3.2 1.48 2.84 2.32
3.12 1.5 2.8 2.3
3.4 1.46 2.78 2.24
3.34 1.78 2.52 2.3
3.14 1.26 2.98 2.24
3.24 1.6 2.78 2.38
3.26 1.56 2.64 2.2
3.18 1.56 2.62 2.18
3.28 1.52 2.76 2.28
3.46 1.5 2.66 2.16
2.96 1.5 2.7 2.2
3.34 1.6 2.6 2.2
3.24 1.54 2.76 2.3
3.32 1.58 2.8 2.38
3.36 1.8 2.48 2.28
3.38 1.8 2.42 2.22
3.36 1.48 2.68 2.16
3.2 1.54 2.7 2.24
3.24 1.56 2.64 2.2
3.16 1.6 2.64 2.24
3.2 1.64 2.54 2.18
3.24 1.72 2.62 2.34
3.18 1.54 2.8 2.34
3.26 1.82 2.48 2.3
3.46 1.48 2.66 2.14
2.98 1.46 2.8 2.26
3.12 1.58 2.72 2.3
3.28 1.44 2.86 2.3
3.1 1.46 2.64 2.1
3.38 1.66 2.5 2.16
3.08 1.58 2.7 2.28
3.1 1.5 2.64 2.14
3.46 1.46 2.8 2.26
3.34 1.74 2.64 2.38
3.26 1.62 2.56 2.18
3.14 1.52 2.8 2.32
3.44 1.9 2.42 2.32
3.34 1.7 2.54 2.24
3.0 1.48 2.82 2.3
3.28 1.58 2.68 2.26
3.3 1.5 2.68 2.18
3.36 1.6 2.68 2.28
3.46 1.74 2.42 2.16
3.14 1.7 2.56 2.26
3.28 1.68 2.5 2.18
3.38 1.52 2.78 2.3
3.2 1.38 2.84 2.22
3.28 1.66 2.58 2.24
3.48 1.66 2.46 2.12
3.28 1.82 2.58 2.4
3.22 1.4 2.98 2.38
3.06 1.66 2.54 2.2
3.56 1.78 2.42 2.2
3.06 1.58 2.64 2.22
3.22 1.8 2.44 2.24
3.18 1.66 2.66 2.32
3.4 1.6 2.64 2.24
3.38 1.56 2.76 2.32
3.16 1.66 2.74 2.4
3.26 1.48 2.78 2.26
3.22 1.6 2.66 2.26
3.18 1.52 2.7 2.22
3.08 1.52 2.9 2.42
3.18 1.64 2.66 2.3
3.56 1.8 2.42 2.22
3.06 1.54 2.8 2.34
3.4 1.78 2.62 2.4
3.34 1.64 2.54 2.18
3.28 1.66 2.6 2.26
3.24 1.64 2.74 2.38
3.2 1.44 2.84 2.28
3.52 1.84 2.4 2.24
3.16 1.56 2.7 2.26
3.22 1.54 2.66 2.2
3.06 1.64 2.64 2.28
3.32 1.9 2.44 2.34
3.2 1.44 2.68 2.12
3.34 1.6 2.72 2.32
3.38 1.8 2.5 2.3
3.14 1.32 3.04 2.36
3.2 1.66 2.72 2.38
2.98 1.48 2.7 2.18
3.12 1.68 2.72 2.4
3.52 1.66 2.56 2.22
3.22 1.7 2.62 2.32
3.42 1.56 2.58 2.14
3.24 1.52 2.86 2.38
3.2 1.64 2.64 2.28
3.32 1.48 2.76 2.24
3.44 1.52 2.58 2.1
3.36 1.62 2.48 2.1
3.12 1.62 2.66 2.28
3.12 1.46 2.8 2.26
3.36 1.9 2.32 2.22
3.3 1.62 2.76 2.38
3.06 1.54 2.68 2.22
3.22 1.46 2.72 2.18
3.2 1.52 2.88 2.4
3.38 1.62 2.62 2.24
3.24 1.68 2.64 2.32
3.28 1.56 2.54 2.1
3.04 1.58 2.76 2.34
3.32 1.58 2.6 2.18
3.12 1.66 2.74 2.4
3.3 1.5 2.86 2.36
3.0 1.38 2.92 2.3
3.2 1.56 2.54 2.1
3.44 1.6 2.52 2.12
3.28 1.56 2.66 2.22
3.46 1.76 2.4 2.16
3.24 1.68 2.66 2.34
3.04 1.36 3.06 2.42
3.36 1.82 2.44 2.26
3.36 1.8 2.46 2.26
3.44 1.9 2.32 2.22
2.9 1.36 2.92 2.28
2.98 1.56 2.86 2.42
3.2 1.52 2.84 2.36
3.04 1.4 2.94 2.34
3.22 1.76 2.46 2.22
3.06 1.46 2.84 2.3
3.14 1.5 2.78 2.28
3.16 1.48 2.8 2.28
3.34 1.58 2.76 2.34
3.18 1.62 2.68 2.3
3.0 1.46 2.82 2.28
3.42 1.74 2.56 2.3
3.3 1.66 2.56 2.22
3.32 1.64 2.52 2.16
3.32 1.54 2.82 2.36
3.18 1.52 2.62 2.14
3.14 1.64 2.64 2.28
3.38 1.7 2.3 2.0
3.5 1.6 2.56 2.16
3.4 1.64 2.5 2.14
3.16 1.44 2.84 2.28
3.24 1.62 2.56 2.18
3.48 1.88 2.4 2.28
3.28 1.56 2.68 2.24
3.26 1.62 2.52 2.14
3.24 1.6 2.72 2.32
3.32 1.78 2.48 2.26
2.92 1.44 2.8 2.24
3.1 1.54 2.7 2.24
3.28 1.6 2.68 2.28
3.18 1.5 2.58 2.08
3.2 1.74 2.56 2.3
3.0 1.66 2.6 2.26
3.4 1.66 2.68 2.34
3.14 1.6 2.72 2.32
3.32 1.62 2.64 2.26
3.32 1.82 2.6 2.42
3.4 1.58 2.46 2.04
3.32 1.6 2.68 2.28
3.36 1.64 2.64 2.28
3.42 1.68 2.5 2.18
3.38 1.78 2.46 2.24
3.24 1.48 2.78 2.26
3.2 1.52 2.66 2.18
3.26 1.58 2.68 2.26
3.16 1.72 2.54 2.26
3.52 1.62 2.56 2.18
3.34 1.8 2.5 2.3
3.32 1.66 2.6 2.26
3.28 1.68 2.66 2.34
3.36 1.66 2.44 2.1
3.42 1.56 2.7 2.26
3.08 1.48 2.84 2.32
3.04 1.46 2.76 2.22
3.12 1.66 2.54 2.2
3.4 1.6 2.62 2.22
3.5 1.74 2.44 2.18
3.12 1.52 2.68 2.2
3.26 1.58 2.7 2.28
3.26 1.6 2.72 2.32
3.34 1.8 2.4 2.2
3.3 1.48 2.94 2.42
3.5 1.5 2.7 2.2
3.08 1.5 2.68 2.18
3.26 1.56 2.82 2.38
3.28 1.64 2.62 2.26
3.2 1.36 2.94 2.3
3.42 1.64 2.8 2.44
3.24 1.58 2.62 2.2
3.18 1.64 2.66 2.3
3.02 1.46 2.8 2.26
3.02 1.42 2.82 2.24
3.32 1.52 2.72 2.24
3.14 1.54 2.66 2.2
3.0 1.4 2.84 2.24
3.38 1.56 2.7 2.26
3.32 1.58 2.68 2.26
3.28 1.56 2.72 2.28
3.34 1.8 2.6 2.4
3.28 1.82 2.44 2.26
3.02 1.46 2.86 2.32
3.34 1.8 2.46 2.26
3.44 1.74 2.42 2.16
3.38 1.76 2.58 2.34
3.34 1.52 2.7 2.22
3.36 1.68 2.5 2.18
3.22 1.68 2.6 2.28
3.56 1.74 2.44 2.18
3.14 1.5 2.86 2.36
3.34 1.78 2.56 2.34
3.36 1.66 2.58 2.24
3.34 1.76 2.46 2.22
3.38 1.66 2.6 2.26
2.98 1.56 2.86 2.42
3.3 1.76 2.58 2.34
3.22 1.5 2.92 2.42
3.38 1.64 2.62 2.26
3.34 1.74 2.44 2.18
3.26 1.66 2.66 2.32
3.34 1.76 2.42 2.18
3.16 1.6 2.7 2.3
3.34 1.56 2.6 2.16
3.12 1.52 2.76 2.28
3.1 1.56 2.76 2.32
3.3 1.44 2.84 2.28
3.34 1.42 2.96 2.38
3.42 1.68 2.62 2.3
3.24 1.38 2.98 2.36
3.38 1.58 2.84 2.42
3.1 1.48 2.6 2.08
3.24 1.52 2.7 2.22
3.2 1.68 2.6 2.28
3.22 1.48 2.84 2.32
3.34 1.64 2.56 2.2
3.38 1.76 2.44 2.2
3.14 1.56 2.68 2.24
3.12 1.54 2.78 2.32
3.32 1.72 2.48 2.2
3.34 1.56 2.86 2.42
3.38 1.46 2.7 2.16
3.5 1.7 2.52 2.22
3.02 1.42 2.96 2.38
3.08 1.5 2.64 2.14
3.28 1.66 2.58 2.24
3.24 1.42 2.84 2.26
3.08 1.54 2.9 2.44
3.28 1.76 2.54 2.3
3.42 1.76 2.54 2.3
3.46 1.8 2.46 2.26
3.22 1.48 2.76 2.24
3.28 1.6 2.66 2.26
3.44 1.58 2.64 2.22
3.4 1.6 2.72 2.32
3.4 1.58 2.74 2.32
3.16 1.54 2.78 2.32
3.26 1.58 2.48 2.06
3.22 1.44 2.86 2.3
3.24 1.48 2.74 2.22
3.26 1.74 2.52 2.26
3.08 1.46 2.68 2.14
3.28 1.72 2.58 2.3
3.36 1.72 2.44 2.16
3.3 1.5 2.82 2.32
3.18 1.6 2.72 2.32
3.38 1.56 2.66 2.22
3.2 1.64 2.64 2.28
3.36 1.62 2.62 2.24
3.26 1.68 2.56 2.24
3.1 1.7 2.48 2.18
3.28 1.86 2.5 2.36
3.06 1.48 2.82 2.3
2.98 1.38 2.92 2.3
3.46 1.7 2.5 2.2
3.14 1.7 2.66 2.36
3.06 1.42 2.92 2.34
3.36 1.54 2.62 2.16
3.06 1.46 2.78 2.24
3.2 1.46 2.76 2.22
3.18 1.58 2.74 2.32
3.2 1.6 2.82 2.42
3.2 1.76 2.62 2.38
3.24 1.6 2.54 2.14
3.2 1.58 2.76 2.34
3.28 1.74 2.58 2.32
3.5 1.74 2.48 2.22
3.28 1.88 2.38 2.26
3.22 1.76 2.62 2.38
3.18 1.54 2.7 2.24
3.2 1.82 2.66 2.48
3.22 1.44 2.88 2.32
3.34 1.56 2.78 2.34
3.3 1.94 2.36 2.3
3.08 1.54 2.66 2.2
3.38 1.56 2.7 2.26
3.42 1.48 2.8 2.28
3.28 1.54 2.76 2.3
3.16 1.62 2.6 2.22
3.42 1.74 2.62 2.36
3.4 1.66 2.46 2.12
3.24 1.62 2.64 2.26
3.3 1.7 2.64 2.34
3.44 1.76 2.52 2.28
3.24 1.58 2.78 2.36
3.28 1.48 2.68 2.16
3.22 1.54 2.68 2.22
3.24 1.56 2.52 2.08
3.4 1.48 2.74 2.22
3.38 1.78 2.5 2.28
3.38 1.74 2.52 2.26
3.06 1.46 2.7 2.16
3.36 1.58 2.58 2.16
3.32 1.56 2.66 2.22
3.3 1.84 2.44 2.28
3.1 1.4 2.88 2.28
3.38 1.4 2.82 2.22
3.12 1.52 2.9 2.42
3.14 1.54 2.88 2.42
3.34 1.78 2.56 2.34
3.42 1.8 2.5 2.3
3.34 1.64 2.5 2.14
3.24 1.72 2.52 2.24
3.4 1.8 2.4 2.2
3.32 1.56 2.6 2.16
3.42 1.64 2.4 2.04
3.44 1.64 2.64 2.28
3.38 1.72 2.52 2.24
3.3 1.92 2.28 2.2
3.38 1.76 2.62 2.38
3.36 1.56 2.64 2.2
3.44 1.78 2.6 2.38
3.22 1.42 2.8 2.22
3.42 1.84 2.52 2.36
3.3 1.48 2.72 2.2
3.26 1.46 2.8 2.26
3.34 1.62 2.66 2.28
3.2 1.52 2.6 2.12
3.4 1.88 2.44 2.32
3.24 1.56 2.72 2.28
3.4 1.52 2.62 2.14
3.24 1.36 2.8 2.16
3.16 1.5 2.86 2.36
3.42 1.52 2.72 2.24
3.18 1.42 2.84 2.26
2.88 1.44 3.02 2.46
3.28 1.5 2.76 2.26
3.14 1.48 2.74 2.22
3.4 1.72 2.54 2.26
3.42 1.64 2.66 2.3
3.4 1.66 2.5 2.16
3.34 1.74 2.6 2.34
3.2 1.58 2.76 2.34
3.34 1.5 2.7 2.2
3.42 1.8 2.42 2.22
3.22 1.44 2.72 2.16
3.28 1.44 2.86 2.3
3.46 1.68 2.4 2.08
3.34 1.62 2.62 2.24
3.22 1.54 2.74 2.28
3.26 1.72 2.52 2.24
3.28 1.56 2.64 2.2
3.0 1.4 2.84 2.24
3.26 1.56 2.68 2.24
3.26 1.68 2.6 2.28
3.38 1.54 2.78 2.32
3.14 1.62 2.72 2.34
3.44 1.62 2.7 2.32
3.26 1.62 2.64 2.26
3.28 1.8 2.6 2.4
3.52 1.7 2.58 2.28
3.32 1.6 2.72 2.32
3.2 1.4 2.96 2.36
3.32 1.5 2.62 2.12
3.26 1.58 2.78 2.36
3.2 1.7 2.64 2.34
3.36 1.8 2.4 2.2
3.24 1.58 2.76 2.34
3.28 1.64 2.52 2.16
3.12 1.66 2.72 2.38
3.3 1.52 2.78 2.3
3.36 1.64 2.64 2.28
3.22 1.5 2.66 2.16
3.3 1.68 2.62 2.3
3.46 1.78 2.58 2.36
3.38 1.78 2.58 2.36
3.24 1.68 2.64 2.32
3.38 1.62 2.46 2.08
3.38 1.56 2.7 2.26
2.92 1.32 3.0 2.32
3.24 1.48 2.7 2.18
3.18 1.66 2.62 2.28
3.28 1.64 2.7 2.34
3.32 1.58 2.74 2.32
3.58 1.9 2.24 2.14
3.34 1.86 2.38 2.24
3.44 1.68 2.54 2.22
3.16 1.54 2.82 2.36
3.24 1.84 2.54 2.38
3.42 1.66 2.54 2.2
3.24 1.66 2.64 2.3
3.38 1.72 2.6 2.32
3.22 1.6 2.62 2.22
3.1 1.32 2.98 2.3
3.24 1.54 2.68 2.22
3.46 1.52 2.62 2.14
3.2 1.62 2.68 2.3
3.22 1.6 2.66 2.26
3.42 1.6 2.72 2.32
3.2 1.36 2.9 2.26
3.26 1.52 2.64 2.16
3.28 1.66 2.62 2.28
3.22 1.94 2.44 2.38
3.3 1.56 2.64 2.2
3.24 1.66 2.56 2.22
3.26 1.76 2.44 2.2
3.22 1.52 2.78 2.3
3.24 1.66 2.64 2.3
3.18 1.66 2.58 2.24
3.32 1.72 2.62 2.34
2.98 1.5 2.82 2.32
3.32 1.56 2.84 2.4
3.16 1.5 2.76 2.26
3.54 1.7 2.46 2.16
3.44 1.62 2.62 2.24
3.38 1.5 2.68 2.18
3.12 1.56 2.7 2.26
3.06 1.42 2.98 2.4
3.36 1.6 2.64 2.24
3.3 1.66 2.6 2.26
3.26 1.68 2.74 2.42
3.3 1.92 2.4 2.32
3.12 1.64 2.6 2.24
3.24 1.42 2.9 2.32
3.3 1.56 2.64 2.2
3.22 1.56 2.84 2.4
3.3 1.66 2.56 2.22
3.4 1.74 2.54 2.28
3.16 1.58 2.74 2.32
3.36 1.54 2.68 2.22
3.4 1.64 2.58 2.22
3.28 1.54 2.84 2.38
3.32 1.88 2.48 2.36
3.08 1.6 2.76 2.36
3.14 1.56 2.7 2.26
3.38 1.54 2.7 2.24
3.36 1.6 2.72 2.32
3.26 1.6 2.6 2.2
3.14 1.58 2.7 2.28
3.18 1.5 2.76 2.26
3.32 1.62 2.78 2.4
3.18 1.5 2.92 2.42
3.04 1.48 2.72 2.2
3.34 1.7 2.62 2.32
3.32 1.52 2.68 2.2
3.44 1.56 2.68 2.24
3.32 1.64 2.52 2.16
3.16 1.66 2.66 2.32
3.06 1.34 2.82 2.16
3.06 1.38 3.02 2.4
3.1 1.56 2.74 2.3
3.02 1.44 2.92 2.36
3.32 1.44 2.84 2.28
3.08 1.56 2.84 2.4
3.16 1.46 2.68 2.14
3.26 1.58 2.78 2.36
3.28 1.64 2.66 2.3
3.2 1.68 2.66 2.34
3.26 1.56 2.74 2.3
3.3 1.72 2.48 2.2
3.34 1.68 2.58 2.26
3.34 1.78 2.5 2.28
3.4 1.72 2.54 2.26
3.18 1.58 2.78 2.36
3.42 1.9 2.48 2.38
3.28 1.48 2.82 2.3
3.3 1.78 2.54 2.32
3.16 1.56 2.5 2.06
3.26 1.66 2.52 2.18
3.28 1.46 2.8 2.26
3.28 1.52 2.88 2.4
3.32 1.7 2.52 2.22
3.26 1.76 2.42 2.18
3.36 1.72 2.54 2.26
3.16 1.5 2.68 2.18
3.46 1.88 2.48 2.36
3.48 1.7 2.7 2.4
3.5 1.86 2.32 2.18
3.46 1.6 2.66 2.26
3.04 1.68 2.78 2.46
3.32 1.6 2.68 2.28
3.34 1.76 2.64 2.4
3.36 1.52 2.8 2.32
3.46 1.52 2.74 2.26
3.24 1.66 2.58 2.24
2.98 1.4 2.92 2.32
3.4 1.48 2.72 2.2
3.28 1.6 2.58 2.18
3.42 1.72 2.44 2.16
3.18 1.5 2.8 2.3
3.54 1.86 2.44 2.3
3.36 1.48 2.7 2.18
3.34 1.54 2.68 2.22
3.32 1.56 2.64 2.2
3.42 1.78 2.54 2.32
3.56 1.64 2.68 2.32
3.42 1.8 2.44 2.24
3.42 1.72 2.56 2.28
3.2 1.68 2.54 2.22
3.2 1.46 2.74 2.2
3.34 1.42 2.8 2.22
3.32 1.64 2.66 2.3
3.26 1.62 2.8 2.42
3.48 1.66 2.6 2.26
3.4 1.62 2.5 2.12
3.16 1.38 2.92 2.3
3.32 1.52 2.8 2.32
3.18 1.5 2.72 2.22
3.2 1.54 2.6 2.14
3.32 1.82 2.42 2.24
3.22 1.74 2.62 2.36
3.28 1.48 2.78 2.26
3.18 1.38 2.94 2.32
3.28 1.52 2.68 2.2
3.24 1.56 2.78 2.34
3.18 1.9 2.52 2.42
3.42 1.66 2.52 2.18
3.28 1.64 2.56 2.2
3.18 1.78 2.46 2.24
3.06 1.36 2.96 2.32
3.18 1.42 2.82 2.24
3.44 1.7 2.62 2.32
3.42 1.68 2.44 2.12
3.3 1.66 2.54 2.2
3.24 1.56 2.62 2.18
3.24 1.56 2.78 2.34
3.06 1.6 2.74 2.34
3.34 1.52 2.76 2.28
3.5 1.68 2.36 2.04
3.36 1.58 2.66 2.24
3.48 1.58 2.6 2.18
3.34 1.66 2.54 2.2
3.32 1.7 2.64 2.34
3.18 1.58 2.74 2.32
3.12 1.7 2.66 2.36
3.46 1.62 2.54 2.16
3.18 1.42 2.76 2.18
3.46 1.64 2.6 2.24
3.4 1.62 2.38 2.0
3.4 1.6 2.64 2.24
3.1 1.7 2.54 2.24
3.26 1.66 2.58 2.24
3.16 1.62 2.72 2.34
3.26 1.6 2.62 2.22
3.1 1.4 2.84 2.24
3.08 1.46 2.64 2.1
3.48 1.52 2.72 2.24
3.46 1.68 2.46 2.14
3.26 1.6 2.58 2.18
3.14 1.56 2.7 2.26
3.2 1.56 2.7 2.26
3.5 1.8 2.36 2.16
3.08 1.48 2.84 2.32
3.18 1.7 2.72 2.42
3.02 1.68 2.56 2.24
3.3 1.5 2.86 2.36
3.2 1.46 2.86 2.32
3.38 1.58 2.78 2.36
3.14 1.52 2.8 2.32
3.26 1.48 2.62 2.1
3.1 1.48 2.82 2.3
3.16 1.44 2.86 2.3
3.14 1.62 2.72 2.34
3.22 1.54 2.68 2.22
3.5 1.6 2.66 2.26
3.04 1.48 2.84 2.32
3.18 1.58 2.58 2.16
3.04 1.62 2.7 2.32
3.22 1.52 2.76 2.28
3.14 1.52 2.66 2.18
3.44 1.76 2.38 2.14
3.08 1.54 2.72 2.26
3.02 1.38 2.96 2.34
3.12 1.6 2.82 2.42
3.5 1.78 2.48 2.26
3.28 1.54 2.74 2.28
3.28 1.72 2.54 2.26
3.32 1.74 2.6 2.34
3.24 1.76 2.44 2.2
3.36 1.64 2.44 2.08
3.2 1.84 2.56 2.4
3.14 1.62 2.68 2.3
3.3 1.7 2.6 2.3
3.22 1.44 2.7 2.14
3.22 1.64 2.62 2.26
3.36 1.6 2.64 2.24
3.18 1.56 2.82 2.38
3.32 1.88 2.36 2.24
3.18 1.42 2.94 2.36
3.12 1.54 2.88 2.42
3.28 1.58 2.7 2.28
3.04 1.44 2.88 2.32
3.24 1.8 2.56 2.36
3.32 1.62 2.66 2.28
3.3 1.54 2.42 1.96
3.26 1.7 2.6 2.3
3.2 1.54 2.66 2.2
3.5 1.78 2.38 2.16
3.32 1.62 2.68 2.3
3.22 1.62 2.72 2.34
3.18 1.48 2.76 2.24
3.42 1.96 2.32 2.28
3.4 1.68 2.58 2.26
3.24 1.56 2.64 2.2
3.36 1.76 2.46 2.22
3.24 1.5 2.72 2.22
3.28 1.5 2.78 2.28
3.34 1.72 2.46 2.18
3.44 1.5 2.66 2.16
3.16 1.8 2.56 2.36
3.3 1.56 2.64 2.2
3.2 1.48 2.84 2.32
3.16 1.5 2.7 2.2
3.32 1.62 2.76 2.38
3.38 1.56 2.62 2.18
3.28 1.78 2.44 2.22
3.38 1.62 2.8 2.42
3.42 1.64 2.66 2.3
3.24 1.74 2.58 2.32
3.26 1.6 2.58 2.18
3.3 1.78 2.42 2.2
3.34 1.64 2.62 2.26
3.18 1.5 2.68 2.18
3.34 1.44 2.8 2.24
3.38 1.78 2.54 2.32
3.28 1.62 2.56 2.18
3.04 1.56 2.68 2.24
3.42 1.36 2.92 2.28
3.54 1.64 2.6 2.24
3.46 1.68 2.56 2.24
3.42 1.6 2.68 2.28
3.28 1.56 2.62 2.18
3.34 1.78 2.5 2.28
3.4 1.56 2.7 2.26
3.4 1.62 2.66 2.28
3.26 1.58 2.74 2.32
3.18 1.4 2.88 2.28
3.42 1.56 2.62 2.18
3.34 1.64 2.68 2.32
3.34 1.54 2.7 2.24
3.22 1.6 2.6 2.2
3.32 1.52 2.7 2.22
3.14 1.44 2.88 2.32
3.2 1.48 2.8 2.28
3.12 1.54 2.68 2.22
3.24 1.62 2.56 2.18
3.26 1.58 2.74 2.32
3.1 1.62 2.74 2.36
3.18 1.74 2.5 2.24
3.4 1.54 2.74 2.28
3.32 1.64 2.56 2.2
3.4 1.82 2.38 2.2
3.3 1.64 2.6 2.24
3.3 1.48 2.82 2.3
3.34 1.8 2.32 2.12
3.42 1.7 2.58 2.28
2.98 1.26 2.86 2.12
3.14 1.46 2.82 2.28
3.4 1.72 2.6 2.32
3.48 1.5 2.66 2.16
3.42 1.6 2.66 2.26
3.28 1.62 2.64 2.26
3.32 1.62 2.6 2.22
3.2 1.6 2.74 2.34
3.38 1.6 2.7 2.3
3.16 1.44 2.96 2.4
3.24 1.56 2.8 2.36
3.28 1.52 2.8 2.32
3.44 1.58 2.82 2.4
3.26 1.48 2.7 2.18
3.44 1.52 2.76 2.28
3.22 1.68 2.6 2.28
3.2 1.54 2.68 2.22
3.0 1.58 2.66 2.24
3.2 1.66 2.68 2.34
3.2 1.56 2.54 2.1
3.14 1.66 2.66 2.32
3.32 1.56 2.72 2.28
3.28 1.56 2.72 2.28
3.2 1.44 2.76 2.2
3.28 1.78 2.58 2.36
3.54 1.62 2.66 2.28
3.26 1.58 2.54 2.12
3.24 1.72 2.6 2.32
3.24 1.48 2.78 2.26
3.14 1.6 2.72 2.32
3.28 1.66 2.66 2.32
3.12 1.4 2.88 2.28
3.42 1.6 2.52 2.12
3.3 1.58 2.68 2.26
3.2 1.64 2.68 2.32
3.44 1.64 2.54 2.18
3.3 1.58 2.56 2.14
3.24 1.58 2.6 2.18
3.28 1.72 2.42 2.14
3.2 1.56 2.76 2.32
3.18 1.5 2.84 2.34
3.2 1.52 2.78 2.3
3.42 1.6 2.6 2.2
3.3 1.5 2.74 2.24
2.98 1.3 3.1 2.4
3.46 1.72 2.68 2.4
2.98 1.48 2.82 2.3
3.26 1.44 2.76 2.2
3.38 1.68 2.58 2.26
3.4 1.74 2.46 2.2
3.12 1.48 2.84 2.32
3.24 1.66 2.66 2.32
3.56 1.66 2.54 2.2
3.24 1.48 2.86 2.34
3.34 1.6 2.7 2.3
3.28 1.44 2.66 2.1
3.26 1.48 2.84 2.32
3.34 1.64 2.48 2.12
3.1 1.46 2.8 2.26
3.18 1.54 2.8 2.34
3.24 1.66 2.64 2.3
3.32 1.68 2.62 2.3
3.32 1.6 2.64 2.24
3.18 1.48 2.68 2.16
3.3 1.84 2.52 2.36
3.48 1.66 2.56 2.22
3.42 1.64 2.72 2.36
3.16 1.62 2.64 2.26
3.16 1.62 2.78 2.4
3.24 1.56 2.6 2.16
3.36 1.56 2.58 2.14
3.48 1.62 2.56 2.18
3.28 1.6 2.62 2.22
2.98 1.4 2.86 2.26
3.34 1.58 2.68 2.26
3.36 1.66 2.5 2.16
3.46 1.74 2.64 2.38
3.22 1.5 2.86 2.36
3.14 1.56 2.74 2.3
3.52 1.76 2.64 2.4
3.26 1.84 2.5 2.34
3.12 1.58 2.62 2.2
3.22 1.82 2.44 2.26
3.2 1.76 2.56 2.32
3.24 1.38 2.9 2.28
3.28 1.4 2.76 2.16
3.58 1.62 2.5 2.12
3.2 1.56 2.66 2.22
3.4 1.44 2.84 2.28
3.18 1.48 2.86 2.34
3.32 1.46 2.86 2.32
3.12 1.56 2.66 2.22
3.12 1.68 2.4 2.08
3.12 1.64 2.78 2.42
3.32 1.78 2.4 2.18
3.36 1.7 2.58 2.28
3.44 1.82 2.5 2.32
3.28 1.7 2.5 2.2
3.04 1.52 2.84 2.36
3.14 1.62 2.72 2.34
3.2 1.72 2.66 2.38
3.28 1.56 2.5 2.06
3.42 1.66 2.8 2.46
3.22 1.46 2.84 2.3
3.24 1.54 2.72 2.26
3.48 1.9 2.42 2.32
3.46 1.5 2.74 2.24
3.34 1.72 2.48 2.2
3.36 1.82 2.44 2.26
3.16 1.5 2.68 2.18
3.28 1.6 2.64 2.24
3.24 1.56 2.68 2.24
3.44 1.72 2.52 2.24
3.54 1.68 2.66 2.34
3.36 1.58 2.66 2.24
3.12 1.58 2.66 2.24
3.3 1.56 2.6 2.16
3.26 1.62 2.46 2.08
3.24 1.54 2.82 2.36
3.22 1.56 2.66 2.22
3.48 1.78 2.6 2.38
3.22 1.56 2.8 2.36
3.22 1.56 2.62 2.18
3.56 1.8 2.4 2.2
3.42 1.46 2.8 2.26
3.36 1.56 2.76 2.32
3.28 1.72 2.6 2.32
3.34 1.6 2.72 2.32
3.4 1.92 2.48 2.4
3.32 1.72 2.54 2.26
3.02 1.44 2.94 2.38
3.32 1.58 2.74 2.32
3.22 1.38 2.94 2.32
3.16 1.5 2.76 2.26
3.44 1.7 2.5 2.2
3.34 1.78 2.42 2.2
3.44 1.66 2.6 2.26
3.32 1.62 2.52 2.14
3.12 1.54 2.66 2.2
2.88 1.48 2.84 2.32
3.1 1.62 2.76 2.38
3.3 1.6 2.76 2.36
3.32 1.46 2.68 2.14
3.44 1.6 2.56 2.16
3.38 1.62 2.76 2.38
3.14 1.62 2.7 2.32
3.26 1.52 2.68 2.2
3.26 1.54 2.7 2.24
3.02 1.62 2.56 2.18
3.36 1.58 2.58 2.16
3.4 1.9 2.46 2.36
3.42 1.62 2.78 2.4
3.24 1.82 2.58 2.4
3.26 1.7 2.58 2.28
3.42 1.64 2.62 2.26
3.32 1.62 2.6 2.22
3.36 1.76 2.36 2.12
2.96 1.46 2.98 2.44
3.32 1.7 2.52 2.22
3.36 1.9 2.38 2.28
3.14 1.54 2.76 2.3
3.24 1.48 2.68 2.16
3.14 1.54 2.88 2.42
3.3 1.54 2.76 2.3
3.54 1.76 2.46 2.22
3.22 1.46 2.6 2.06
3.36 1.56 2.78 2.34
3.08 1.52 2.9 2.42
3.4 1.7 2.58 2.28
3.12 1.48 2.82 2.3
3.48 1.8 2.42 2.22
3.06 1.42 2.9 2.32
3.24 1.58 2.66 2.24
3.3 1.88 2.38 2.26
3.18 1.52 2.62 2.14
3.44 1.84 2.44 2.28
3.32 1.64 2.68 2.32
3.38 1.76 2.46 2.22
3.22 1.42 2.84 2.26
3.34 1.96 2.42 2.38
3.18 1.64 2.68 2.32
3.32 1.62 2.68 2.3
3.1 1.52 2.86 2.38
3.36 1.84 2.38 2.22
3.4 1.66 2.58 2.24
3.42 1.82 2.54 2.36
3.26 1.66 2.66 2.32
3.18 1.48 2.84 2.32
3.46 1.78 2.6 2.38
3.12 1.54 2.7 2.24
3.28 1.68 2.56 2.24
3.26 1.86 2.44 2.3
3.08 1.56 2.66 2.22
2.94 1.5 2.96 2.46
3.2 1.48 2.74 2.22
3.36 1.64 2.58 2.22
3.16 1.68 2.64 2.32
3.24 1.5 2.72 2.22
3.3 1.64 2.5 2.14
3.28 1.42 2.9 2.32
3.38 1.82 2.42 2.24
3.12 1.5 2.86 2.36
3.06 1.48 2.86 2.34
3.14 1.6 2.62 2.22
3.36 1.52 2.58 2.1
3.44 1.54 2.6 2.14
3.26 1.72 2.52 2.24
3.42 1.56 2.62 2.18
3.16 1.42 2.84 2.26
3.02 1.5 2.88 2.38
3.2 1.56 2.76 2.32
3.32 1.64 2.76 2.4
3.14 1.68 2.6 2.28
3.16 1.7 2.66 2.36
3.04 1.52 2.76 2.28
3.34 1.52 2.76 2.28
3.46 1.76 2.48 2.24
3.18 1.46 2.9 2.36
3.4 1.82 2.38 2.2
3.34 1.66 2.64 2.3
3.2 1.6 2.7 2.3
3.2 1.6 2.7 2.3
3.08 1.36 3.1 2.46
3.08 1.58 2.68 2.26
2.94 1.34 3.08 2.42
3.56 1.68 2.74 2.42
3.3 1.62 2.62 2.24
3.44 1.68 2.62 2.3
3.26 1.6 2.62 2.22
3.46 1.76 2.56 2.32
3.06 1.52 2.64 2.16
3.54 1.84 2.46 2.3
3.2 1.72 2.54 2.26
3.18 1.52 2.8 2.32
3.14 1.56 2.86 2.42
3.26 1.46 2.8 2.26
3.44 1.64 2.58 2.22
3.36 1.64 2.72 2.36
3.26 1.58 2.66 2.24
3.28 1.78 2.48 2.26
3.28 1.42 2.84 2.26
3.16 1.54 2.9 2.44
3.14 1.42 2.92 2.34
3.24 1.5 2.64 2.14
3.22 1.5 2.76 2.26
3.36 1.9 2.34 2.24
3.24 1.42 2.74 2.16
3.3 1.56 2.72 2.28
3.04 1.58 2.62 2.2
3.08 1.28 2.88 2.16
3.06 1.52 2.84 2.36
3.26 1.9 2.32 2.22
3.3 1.4 2.86 2.26
3.08 1.34 2.92 2.26
3.12 1.58 2.66 2.24
3.14 1.58 2.76 2.34
3.08 1.46 2.6 2.06
3.38 1.74 2.52 2.26
3.2 1.64 2.7 2.34
3.2 1.52 2.74 2.26
2.96 1.42 2.8 2.22
3.26 1.92 2.28 2.2
3.26 1.64 2.56 2.2
2.9 1.5 2.72 2.22
3.26 1.54 2.62 2.16
3.1 1.44 2.88 2.32
3.2 1.4 2.92 2.32
3.44 1.58 2.72 2.3
3.42 1.62 2.58 2.2
3.46 1.7 2.44 2.14
3.22 1.48 2.76 2.24
3.4 1.74 2.52 2.26
2.98 1.44 2.84 2.28
3.36 1.74 2.52 2.26
3.36 1.7 2.56 2.26
3.46 1.6 2.62 2.22
3.18 1.48 2.8 2.28
3.5 1.7 2.68 2.38
3.1 1.7 2.64 2.34
3.16 1.48 2.72 2.2
3.36 1.62 2.68 2.3
3.28 1.66 2.5 2.16
3.38 1.46 2.92 2.38
3.32 1.74 2.64 2.38
3.32 1.64 2.54 2.18
3.26 1.48 2.68 2.16
3.36 1.88 2.42 2.3
3.02 1.48 2.72 2.2
2.96 1.48 2.76 2.24
3.08 1.6 2.68 2.28
3.26 1.46 2.94 2.4
3.32 1.6 2.68 2.28
3.14 1.56 2.68 2.24
3.34 1.68 2.6 2.28
3.2 1.72 2.48 2.2
3.22 1.66 2.66 2.32
3.32 1.52 2.8 2.32
3.32 1.56 2.56 2.12
3.04 1.4 2.9 2.3
3.1 1.5 2.84 2.34
3.24 1.66 2.64 2.3
3.14 1.66 2.66 2.32
3.3 1.54 2.8 2.34
3.32 1.64 2.78 2.42
3.42 1.78 2.42 2.2
3.32 1.72 2.52 2.24
3.16 1.68 2.64 2.32
3.4 1.52 2.7 2.22
3.1 1.44 2.76 2.2
3.4 1.58 2.7 2.28
3.46 1.58 2.66 2.24
3.18 1.5 2.78 2.28
3.32 1.56 2.76 2.32
3.34 1.46 2.7 2.16
3.34 1.56 2.6 2.16
3.18 1.4 2.88 2.28
3.14 1.58 2.66 2.24
3.34 1.52 2.68 2.2
3.18 1.4 3.08 2.48
3.3 1.56 2.64 2.2
3.18 1.68 2.54 2.22
3.0 1.66 2.66 2.32
3.38 1.62 2.62 2.24
3.26 1.52 2.68 2.2
3.18 1.72 2.44 2.16
3.14 1.58 2.6 2.18
3.0 1.36 3.04 2.4
3.44 1.78 2.3 2.08
3.42 1.66 2.74 2.4
3.22 1.64 2.7 2.34
2.98 1.42 2.92 2.34
3.26 1.64 2.68 2.32
3.42 1.94 2.32 2.26
3.3 1.66 2.56 2.22
3.24 1.68 2.66 2.34
3.32 1.56 2.74 2.3
3.32 1.58 2.56 2.14
3.2 1.58 2.64 2.22
3.3 1.54 2.7 2.24
3.34 1.44 2.66 2.1
3.28 1.52 2.72 2.24
3.4 1.62 2.76 2.38
3.42 1.66 2.58 2.24
3.28 1.6 2.64 2.24
3.16 1.52 2.72 2.24
3.08 1.32 2.96 2.28
3.18 1.46 2.8 2.26
3.32 1.54 2.8 2.34
3.34 1.56 2.78 2.34
3.3 1.54 2.68 2.22
3.24 1.76 2.52 2.28
3.44 1.84 2.5 2.34
3.32 1.54 2.84 2.38
3.16 1.64 2.6 2.24
3.28 1.68 2.62 2.3
3.38 1.9 2.4 2.3
3.16 1.58 2.72 2.3
3.08 1.46 2.84 2.3
3.44 1.72 2.64 2.36
3.36 1.76 2.42 2.18
3.32 1.58 2.66 2.24
3.36 1.62 2.7 2.32
3.26 1.48 2.76 2.24
3.1 1.52 2.72 2.24
3.4 1.74 2.54 2.28
3.08 1.52 2.68 2.2
3.24 1.66 2.72 2.38
3.42 1.6 2.56 2.16
3.52 1.66 2.66 2.32
3.2 1.26 2.9 2.16
3.1 1.64 2.6 2.24
3.26 1.58 2.64 2.22
3.46 1.66 2.52 2.18
3.36 1.58 2.62 2.2
3.3 1.58 2.74 2.32
3.22 1.8 2.5 2.3
3.18 1.5 2.82 2.32
3.32 1.68 2.46 2.14
3.34 1.74 2.6 2.34
3.38 1.64 2.64 2.28
3.22 1.5 2.74 2.24
3.38 1.74 2.6 2.34
3.16 1.76 2.54 2.3
3.42 1.5 2.84 2.34
3.32 1.72 2.6 2.32
3.3 1.64 2.66 2.3
3.12 1.86 2.44 2.3
3.2 1.52 2.58 2.1
3.3 1.48 2.78 2.26
3.18 1.6 2.76 2.36
3.34 1.72 2.5 2.22
3.16 1.54 2.86 2.4
3.14 1.6 2.68 2.28
3.2 1.4 2.74 2.14
3.2 1.68 2.8 2.48
3.34 1.72 2.56 2.28
3.36 1.6 2.68 2.28
3.18 1.66 2.64 2.3
3.24 1.56 2.7 2.26
3.16 1.62 2.62 2.24
3.02 1.3 3.06 2.36
3.38 1.42 2.78 2.2
3.18 1.56 2.8 2.36
3.36 1.58 2.64 2.22
3.26 1.58 2.66 2.24
3.22 1.56 2.6 2.16
2.96 1.32 2.92 2.24
3.4 1.56 2.76 2.32
3.2 1.5 2.84 2.34
3.2 1.64 2.6 2.24
3.16 1.84 2.48 2.32
3.32 1.7 2.62 2.32
3.24 1.82 2.56 2.38
3.24 1.5 2.78 2.28
3.4 1.66 2.52 2.18
3.36 1.5 2.82 2.32
3.28 1.66 2.62 2.28
3.08 1.54 2.94 2.48
3.38 1.8 2.46 2.26
3.12 1.58 2.62 2.2
3.48 1.74 2.36 2.1
3.32 1.76 2.58 2.34
3.36 1.52 2.78 2.3
3.08 1.6 2.7 2.3
3.06 1.62 2.84 2.46
3.26 1.7 2.6 2.3
3.2 1.68 2.6 2.28
3.24 1.68 2.68 2.36
3.38 1.5 2.66 2.16
3.28 1.5 2.74 2.24
3.28 1.6 2.7 2.3
3.38 1.62 2.64 2.26
3.14 1.7 2.48 2.18
3.34 1.68 2.7 2.38
3.26 1.58 2.58 2.16
3.4 1.76 2.7 2.46
3.18 1.66 2.7 2.36
3.3 1.7 2.56 2.26
3.0 1.54 2.84 2.38
3.22 1.6 2.6 2.2
3.28 1.38 2.92 2.3
3.22 1.54 2.74 2.28
3.08 1.56 2.8 2.36
3.2 1.72 2.58 2.3
3.28 1.52 2.74 2.26
2.9 1.42 3.0 2.42
3.46 1.68 2.64 2.32
3.2 1.54 2.7 2.24
3.32 1.74 2.56 2.3
3.2 1.5 2.76 2.26
3.22 1.58 2.88 2.46
3.24 1.62 2.74 2.36
3.16 1.66 2.64 2.3
3.36 1.72 2.48 2.2
3.4 1.56 2.66 2.22
3.08 1.6 2.84 2.44
3.22 1.7 2.56 2.26
3.26 1.7 2.56 2.26
3.36 1.6 2.7 2.3
3.34 1.64 2.72 2.36
3.34 1.58 2.7 2.28
3.0 1.66 2.6 2.26
3.38 1.64 2.64 2.28
3.18 1.52 2.72 2.24
3.36 1.44 2.72 2.16
3.28 1.52 2.72 2.24
3.42 1.78 2.44 2.22
3.32 1.76 2.48 2.24
3.38 1.86 2.34 2.2
3.16 1.52 2.76 2.28
3.28 1.74 2.5 2.24
3.32 1.86 2.44 2.3
3.44 1.64 2.58 2.22
3.24 1.7 2.6 2.3
2.98 1.46 2.82 2.28
3.38 1.72 2.5 2.22
3.34 1.62 2.62 2.24
3.18 1.68 2.64 2.32
3.18 1.5 2.7 2.2
3.34 1.74 2.48 2.22
3.2 1.82 2.5 2.32
3.46 1.72 2.66 2.38
3.4 1.62 2.72 2.34
3.34 1.56 2.62 2.18
3.22 1.32 2.9 2.22
3.18 1.56 2.9 2.46
3.2 1.52 2.7 2.22
3.24 1.54 2.8 2.34
3.18 1.46 2.8 2.26
3.34 1.64 2.64 2.28
3.3 1.48 2.84 2.32
3.56 1.8 2.48 2.28
3.2 1.5 2.72 2.22
3.44 1.62 2.62 2.24
3.06 1.48 2.86 2.34
3.2 1.72 2.5 2.22
3.34 1.68 2.76 2.44
3.22 1.7 2.58 2.28
3.46 1.58 2.48 2.06
3.42 1.72 2.58 2.3
3.36 1.6 2.74 2.34
3.46 1.48 2.76 2.24
3.38 1.58 2.68 2.26
3.38 1.44 2.74 2.18
3.38 1.7 2.52 2.22
3.22 1.54 2.78 2.32
3.24 1.62 2.58 2.2
3.22 1.44 2.9 2.34
3.22 1.64 2.7 2.34
3.2 1.54 2.7 2.24
3.36 1.72 2.46 2.18
3.28 1.64 2.64 2.28
3.1 1.5 2.8 2.3
3.14 1.66 2.64 2.3
3.18 1.52 2.72 2.24
3.16 1.52 2.8 2.32
3.3 1.74 2.5 2.24
3.22 1.58 2.82 2.4
3.48 1.52 2.66 2.18
3.2 1.66 2.68 2.34
3.14 1.5 2.82 2.32
3.38 1.58 2.72 2.3
3.46 1.56 2.78 2.34
3.36 1.7 2.46 2.16
3.18 1.46 2.84 2.3
3.36 1.62 2.68 2.3
3.26 1.64 2.76 2.4
3.2 1.8 2.5 2.3
3.16 1.4 2.94 2.34
3.3 1.94 2.38 2.32
3.22 1.52 2.68 2.2
3.26 1.66 2.54 2.2
3.4 1.74 2.46 2.2
3.12 1.54 2.84 2.38
3.32 1.84 2.46 2.3
3.38 1.72 2.48 2.2
3.14 1.44 2.76 2.2
3.26 1.76 2.62 2.38
3.04 1.38 2.9 2.28
3.22 1.44 2.7 2.14
2.94 1.48 2.94 2.42
3.26 1.82 2.52 2.34
3.44 1.84 2.36 2.2
3.32 1.62 2.56 2.18
3.3 1.52 2.6 2.12
3.44 1.8 2.52 2.32
3.16 1.44 2.82 2.26
3.36 1.78 2.36 2.14
3.18 1.76 2.52 2.28
3.2 1.56 2.76 2.32
3.16 1.76 2.46 2.22
3.08 1.46 2.7 2.16
3.14 1.6 2.68 2.28
3.32 1.4 2.86 2.26
3.28 1.44 2.86 2.3
3.26 1.68 2.66 2.34
3.42 1.78 2.48 2.26
3.24 1.66 2.84 2.5
3.24 1.44 2.8 2.24
3.36 1.76 2.62 2.38
3.2 1.42 2.78 2.2
3.2 1.64 2.62 2.26
3.3 1.56 2.62 2.18
3.04 1.44 2.86 2.3
3.36 1.6 2.66 2.26
3.34 1.78 2.66 2.44
3.22 1.62 2.68 2.3
3.22 1.68 2.58 2.26
3.18 1.58 2.64 2.22
3.24 1.66 2.68 2.34
3.32 1.56 2.64 2.2
3.26 1.68 2.56 2.24
3.38 1.62 2.62 2.24
3.4 1.68 2.66 2.34
3.06 1.7 2.54 2.24
3.26 1.52 2.6 2.12
3.34 1.66 2.58 2.24
3.4 1.84 2.4 2.24
3.48 1.8 2.62 2.42
3.4 1.86 2.38 2.24
3.26 1.5 2.72 2.22
3.22 1.4 2.96 2.36
3.4 1.82 2.38 2.2
3.16 1.56 2.82 2.38
3.42 1.7 2.6 2.3
3.28 1.62 2.64 2.26
3.16 1.6 2.66 2.26
3.06 1.56 2.62 2.18
3.24 1.62 2.56 2.18
3.18 1.68 2.7 2.38
3.34 1.86 2.58 2.44
3.36 1.72 2.54 2.26
3.14 1.54 2.64 2.18
3.18 1.64 2.7 2.34
3.38 1.68 2.56 2.24
3.52 1.66 2.6 2.26
3.22 1.44 2.74 2.18
3.1 1.52 2.9 2.42
3.2 1.48 2.84 2.32
3.44 1.54 2.7 2.24
3.14 1.62 2.6 2.22
3.16 1.7 2.6 2.3
3.5 1.56 2.76 2.32
3.26 1.72 2.6 2.32
3.34 1.6 2.56 2.16
3.28 1.68 2.56 2.24
3.3 1.46 2.66 2.12
3.46 1.82 2.32 2.14
3.12 1.56 2.68 2.24
3.32 1.6 2.58 2.18
3.36 1.8 2.4 2.2
3.3 1.6 2.56 2.16
3.26 1.52 2.78 2.3
3.24 1.72 2.62 2.34
3.18 1.5 2.86 2.36
3.4 1.64 2.62 2.26
3.18 1.66 2.74 2.4
3.44 1.5 2.58 2.08
3.3 1.66 2.64 2.3
3.38 1.58 2.64 2.22
3.52 2.0 2.3 2.3
3.22 1.66 2.64 2.3
3.3 1.58 2.5 2.08
3.38 1.8 2.4 2.2
3.12 1.62 2.64 2.26
3.42 1.74 2.56 2.3
3.34 1.44 2.8 2.24
3.42 1.56 2.52 2.08
3.28 1.72 2.6 2.32
3.06 1.4 2.98 2.38
3.34 1.6 2.58 2.18
2.88 1.5 2.82 2.32
3.4 1.5 2.74 2.24
3.14 1.38 2.8 2.18
3.26 1.78 2.58 2.36
3.22 1.54 2.82 2.36
3.34 1.6 2.68 2.28
3.5 1.66 2.66 2.32
3.38 1.76 2.52 2.28
3.18 1.62 2.6 2.22
3.32 1.52 2.76 2.28
3.22 1.58 2.56 2.14
3.28 1.48 2.7 2.18
3.02 1.54 2.66 2.2
3.42 1.7 2.54 2.24
3.22 1.64 2.6 2.24
3.3 1.62 2.5 2.12
3.24 1.76 2.56 2.32
3.18 1.5 2.8 2.3
3.24 1.72 2.62 2.34
3.16 1.7 2.64 2.34
3.26 1.62 2.64 2.26
3.46 1.66 2.58 2.24
3.44 1.54 2.54 2.08
3.18 1.58 2.7 2.28
3.3 1.6 2.68 2.28
3.16 1.44 2.8 2.24
3.26 1.54 2.7 2.24
3.16 1.5 2.86 2.36
3.28 1.62 2.62 2.24
3.14 1.6 2.64 2.24
3.42 1.74 2.44 2.18
3.56 1.76 2.42 2.18
3.04 1.52 2.72 2.24
3.34 1.56 2.8 2.36
3.28 1.58 2.56 2.14
3.3 1.62 2.58 2.2
3.12 1.6 2.82 2.42
3.32 1.72 2.52 2.24
3.22 1.8 2.46 2.26
3.06 1.56 2.68 2.24
3.2 1.62 2.6 2.22
3.28 1.68 2.58 2.26
3.2 1.8 2.38 2.18
3.18 1.62 2.56 2.18
3.32 1.46 2.68 2.14
3.38 1.56 2.7 2.26
3.42 1.62 2.64 2.26
3.26 1.58 2.62 2.2
3.3 1.76 2.62 2.38
3.28 1.8 2.42 2.22
3.24 1.6 2.68 2.28
3.16 1.62 2.76 2.38
3.28 1.7 2.56 2.26
3.18 1.44 2.7 2.14
3.26 1.62 2.66 2.28
3.02 1.5 2.82 2.32
3.38 1.62 2.5 2.12
3.4 1.88 2.34 2.22
3.12 1.42 2.96 2.38
3.3 1.74 2.54 2.28
3.4 1.74 2.54 2.28
3.4 1.6 2.6 2.2
3.26 1.54 2.78 2.32
2.98 1.38 2.94 2.32
3.32 1.6 2.66 2.26
3.42 1.76 2.58 2.34
3.08 1.58 2.78 2.36
3.34 1.58 2.64 2.22
3.32 1.82 2.42 2.24
3.1 1.4 2.88 2.28
3.26 1.68 2.62 2.3
3.14 1.58 2.7 2.28
3.28 1.74 2.6 2.34
3.38 1.6 2.64 2.24
3.3 1.64 2.58 2.22
3.42 1.76 2.6 2.36
3.36 1.76 2.54 2.3
3.4 1.66 2.56 2.22
3.42 1.52 2.62 2.14
3.2 1.62 2.62 2.24
3.28 1.6 2.74 2.34
3.02 1.36 2.74 2.1
3.26 1.74 2.58 2.32
3.1 1.66 2.72 2.38
3.4 1.52 2.6 2.12
3.08 1.56 2.82 2.38
3.12 1.58 2.82 2.4
3.44 1.86 2.38 2.24
3.26 1.52 2.72 2.24
3.1 1.46 2.74 2.2
3.38 1.46 2.8 2.26
3.42 1.58 2.66 2.24
3.2 1.5 2.58 2.08
3.2 1.5 2.74 2.24
3.34 1.84 2.5 2.34
3.12 1.54 2.8 2.34
3.14 1.58 2.7 2.28
3.38 1.62 2.7 2.32
3.22 1.52 2.82 2.34
3.38 1.48 2.9 2.38
3.32 1.76 2.52 2.28
3.12 1.7 2.68 2.38
3.48 1.76 2.48 2.24
3.2 1.82 2.44 2.26
3.34 1.68 2.6 2.28
3.1 1.64 2.68 2.32
3.32 1.6 2.58 2.18
3.4 1.86 2.36 2.22
3.06 1.46 2.82 2.28
3.14 1.36 2.78 2.14
3.26 1.62 2.54 2.16
3.14 1.66 2.6 2.26
3.2 1.66 2.66 2.32
3.28 1.6 2.44 2.04
3.36 1.7 2.62 2.32
3.24 1.58 2.74 2.32
3.3 1.66 2.6 2.26
3.26 1.48 2.76 2.24
3.24 1.5 2.66 2.16
3.16 1.42 3.0 2.42
3.22 1.6 2.5 2.1
3.5 1.66 2.6 2.26
3.4 1.52 2.58 2.1
2.96 1.48 2.68 2.16
3.48 1.84 2.48 2.32
3.12 1.72 2.62 2.34
3.16 1.56 2.76 2.32
3.24 1.74 2.5 2.24
3.34 1.72 2.54 2.26
3.14 1.5 2.84 2.34
3.22 1.48 2.82 2.3
3.3 1.64 2.68 2.32
3.38 1.56 2.78 2.34
3.48 1.64 2.64 2.28
3.34 1.6 2.62 2.22
3.3 1.5 2.76 2.26
3.16 1.58 2.68 2.26
3.22 1.62 2.72 2.34
3.2 1.58 2.88 2.46
3.22 1.6 2.64 2.24
3.2 1.6 2.88 2.48
3.22 1.64 2.72 2.36
3.24 1.54 2.68 2.22
3.32 1.9 2.4 2.3
3.38 1.74 2.62 2.36
3.5 1.6 2.58 2.18
3.46 1.64 2.82 2.46
3.32 1.64 2.74 2.38
3.16 1.68 2.64 2.32
3.3 1.86 2.36 2.22
3.44 1.64 2.44 2.08
3.36 1.64 2.62 2.26
3.34 1.56 2.62 2.18
3.4 1.8 2.52 2.32
3.18 1.5 2.82 2.32
3.28 1.4 2.8 2.2
3.36 1.7 2.48 2.18
3.34 1.56 2.8 2.36
3.1 1.54 2.74 2.28
3.32 1.48 2.76 2.24
3.06 1.36 2.82 2.18
3.16 1.48 2.8 2.28
3.44 1.68 2.62 2.3
3.24 1.7 2.58 2.28
3.56 1.94 2.36 2.3
3.38 1.9 2.34 2.24
3.26 1.54 2.68 2.22
3.26 1.48 2.66 2.14
3.18 1.76 2.62 2.38
3.28 1.62 2.62 2.24
3.14 1.6 2.76 2.36
3.16 1.52 2.8 2.32
3.3 1.44 2.66 2.1
3.52 1.88 2.28 2.16
3.26 1.52 2.76 2.28
3.1 1.58 2.76 2.34
3.06 1.58 2.66 2.24
3.22 1.52 2.78 2.3
3.26 1.56 2.72 2.28
3.4 1.74 2.5 2.24
3.1 1.38 2.84 2.22
3.12 1.52 2.66 2.18
3.42 1.72 2.56 2.28
3.28 1.58 2.66 2.24
3.28 1.56 2.68 2.24
3.22 1.48 2.84 2.32
3.12 1.54 2.82 2.36
3.22 1.54 2.78 2.32
3.42 1.42 2.76 2.18
3.18 1.72 2.66 2.38
3.36 1.68 2.5 2.18
3.16 1.5 2.76 2.26
3.34 1.56 2.8 2.36
3.16 1.7 2.56 2.26
3.14 1.5 2.74 2.24
3.26 1.62 2.6 2.22
3.22 1.54 2.8 2.34
3.26 1.46 2.8 2.26
3.26 1.46 2.7 2.16
3.42 1.52 2.78 2.3
3.22 1.58 2.76 2.34
3.26 1.72 2.48 2.2
3.16 1.54 2.72 2.26
3.3 1.48 2.76 2.24
3.36 1.64 2.76 2.4
3.4 1.58 2.72 2.3
3.12 1.5 2.72 2.22
3.0 1.52 2.7 2.22
3.22 1.52 2.62 2.14
3.36 1.64 2.64 2.28
3.24 1.6 2.66 2.26
3.1 1.52 2.82 2.34
3.2 1.48 2.7 2.18
3.08 1.68 2.68 2.36
3.24 1.48 2.56 2.04
3.04 1.58 2.7 2.28
3.34 1.36 2.8 2.16
3.04 1.28 2.96 2.24
3.22 1.4 2.82 2.22
3.38 1.46 2.74 2.2
3.36 1.54 2.7 2.24
3.2 1.68 2.62 2.3
3.38 1.6 2.6 2.2
3.12 1.56 2.78 2.34
3.48 1.88 2.32 2.2
3.18 1.78 2.48 2.26
3.4 1.52 2.6 2.12
3.34 1.6 2.58 2.18
3.04 1.7 2.62 2.32
3.16 1.4 2.98 2.38
3.26 1.54 2.72 2.26
3.22 1.58 2.6 2.18
3.28 1.86 2.54 2.4
3.2 1.6 2.72 2.32
3.48 1.9 2.34 2.24
3.2 1.58 2.72 2.3
2.86 1.46 2.96 2.42
3.26 1.52 2.78 2.3
3.14 1.5 2.82 2.32
3.28 1.68 2.62 2.3
3.2 1.6 2.7 2.3
3.1 1.58 2.66 2.24
3.26 1.46 2.6 2.06
3.24 1.48 2.76 2.24
3.32 1.48 2.76 2.24
3.08 1.6 2.74 2.34
3.34 1.7 2.54 2.24
3.24 1.66 2.64 2.3
3.12 1.5 2.82 2.32
3.42 1.6 2.58 2.18
3.54 2.0 2.18 2.18
3.3 1.6 2.54 2.14
3.58 1.62 2.46 2.08
3.04 1.56 2.82 2.38
3.42 1.54 2.62 2.16
3.38 1.54 2.72 2.26
3.28 1.6 2.82 2.42
3.18 1.62 2.58 2.2
3.26 1.5 2.8 2.3
3.02 1.42 2.92 2.34
3.32 1.62 2.62 2.24
3.26 1.56 2.66 2.22
3.4 1.88 2.32 2.2
3.28 1.64 2.58 2.22
3.16 1.58 2.76 2.34
3.0 1.46 2.78 2.24
3.42 1.62 2.6 2.22
3.22 1.48 2.82 2.3
3.08 1.54 2.82 2.36
3.26 1.52 2.72 2.24
3.2 1.52 2.82 2.34
3.56 1.76 2.4 2.16
3.14 1.56 2.72 2.28
3.36 1.58 2.62 2.2
3.38 1.8 2.46 2.26
3.52 1.5 2.76 2.26
3.38 1.66 2.5 2.16
3.38 1.72 2.34 2.06
3.16 1.54 2.8 2.34
3.34 1.42 2.8 2.22
3.34 1.52 2.74 2.26
3.4 1.7 2.5 2.2
3.18 1.48 2.82 2.3
3.12 1.44 2.82 2.26
3.2 1.46 2.72 2.18
3.44 1.72 2.62 2.34
3.36 1.84 2.44 2.28
3.32 1.6 2.62 2.22
3.38 1.9 2.4 2.3
3.34 1.8 2.4 2.2
3.24 1.72 2.48 2.2
3.38 1.76 2.64 2.4
3.4 1.62 2.64 2.26
3.3 1.58 2.94 2.52
3.22 1.56 2.86 2.42
3.04 1.48 2.72 2.2
3.1 1.52 2.76 2.28
3.44 1.52 2.56 2.08
3.16 1.52 2.7 2.22
3.56 1.64 2.52 2.16
3.34 1.5 2.64 2.14
3.06 1.32 3.04 2.36
3.36 1.62 2.6 2.22
3.22 1.64 2.7 2.34
3.02 1.44 2.88 2.32
3.46 1.96 2.32 2.28
3.36 1.56 2.7 2.26
3.02 1.42 2.82 2.24
3.34 1.48 2.72 2.2
3.36 1.6 2.7 2.3
3.26 1.7 2.56 2.26
3.3 1.48 2.82 2.3
3.2 1.42 2.82 2.24
3.46 1.6 2.68 2.28
3.3 1.56 2.64 2.2
3.18 1.68 2.64 2.32
3.16 1.48 2.76 2.24
3.12 1.48 2.84 2.32
3.22 1.48 2.9 2.38
3.3 1.64 2.6 2.24
3.04 1.28 2.94 2.22
3.1 1.54 2.72 2.26
3.3 1.62 2.6 2.22
3.3 1.66 2.58 2.24
3.42 1.78 2.54 2.32
3.18 1.42 2.86 2.28
3.4 1.8 2.54 2.34
3.22 1.76 2.58 2.34
3.34 1.7 2.68 2.38
3.2 1.6 2.74 2.34
3.08 1.48 2.8 2.28
3.34 1.44 2.82 2.26
3.42 1.68 2.56 2.24
3.16 1.46 2.82 2.28
3.34 1.64 2.6 2.24
3.1 1.52 2.84 2.36
3.22 1.64 2.6 2.24
3.34 1.72 2.54 2.26
3.36 1.8 2.54 2.34
3.08 1.4 2.82 2.22
3.2 1.66 2.5 2.16
3.12 1.4 2.92 2.32
3.2 1.6 2.62 2.22
3.28 1.34 2.98 2.32
2.96 1.36 2.88 2.24
3.08 1.44 2.86 2.3
3.04 1.44 2.88 2.32
3.16 1.56 2.66 2.22
3.32 1.52 2.72 2.24
3.2 1.54 2.74 2.28
3.22 1.66 2.66 2.32
3.26 1.46 2.92 2.38
3.46 1.54 2.62 2.16
3.28 1.6 2.68 2.28
3.24 1.58 2.68 2.26
3.16 1.62 2.8 2.42
3.08 1.62 2.58 2.2
3.42 1.84 2.42 2.26
3.36 1.64 2.54 2.18
3.32 1.66 2.7 2.36
3.3 1.8 2.62 2.42
3.44 1.64 2.54 2.18
3.26 1.82 2.44 2.26
3.32 1.64 2.56 2.2
3.28 1.54 2.78 2.32
3.26 1.6 2.72 2.32
3.46 1.78 2.46 2.24
3.3 1.72 2.62 2.34
3.44 1.6 2.66 2.26
3.22 1.4 2.8 2.2
3.46 1.72 2.5 2.22
3.3 1.48 2.68 2.16
3.4 1.94 2.32 2.26
3.28 1.5 2.78 2.28
3.44 1.66 2.42 2.08
3.3 1.54 2.74 2.28
3.18 1.38 2.74 2.12
3.06 1.38 2.86 2.24
3.26 1.62 2.6 2.22
3.44 1.42 2.78 2.2
3.36 1.7 2.58 2.28
3.3 1.54 2.62 2.16
3.34 1.6 2.84 2.44
3.32 1.74 2.58 2.32
3.22 1.46 2.84 2.3
3.42 1.52 2.76 2.28
3.32 1.66 2.72 2.38
3.22 1.46 2.78 2.24
3.32 1.6 2.68 2.28
3.5 1.72 2.46 2.18
3.26 1.6 2.76 2.36
3.22 1.62 2.74 2.36
3.4 1.72 2.58 2.3
3.48 1.84 2.52 2.36
3.16 1.38 2.88 2.26
3.52 1.92 2.38 2.3
3.32 1.44 2.82 2.26
3.4 1.64 2.52 2.16
3.42 1.66 2.58 2.24
3.52 1.5 2.7 2.2
3.24 1.44 2.98 2.42
3.38 1.8 2.46 2.26
3.16 1.78 2.66 2.44
2.96 1.58 2.64 2.22
3.4 1.48 2.78 2.26
3.2 1.58 2.7 2.28
3.44 1.64 2.64 2.28
3.26 1.86 2.54 2.4
3.2 1.58 2.7 2.28
3.22 1.68 2.58 2.26
3.2 1.6 2.76 2.36
3.16 1.44 2.78 2.22
3.26 1.58 2.58 2.16
3.28 1.64 2.66 2.3
3.26 1.44 2.82 2.26
3.42 1.82 2.32 2.14
3.18 1.66 2.7 2.36
3.34 1.68 2.42 2.1
3.36 1.64 2.56 2.2
3.5 1.7 2.46 2.16
3.26 1.58 2.62 2.2
3.24 1.68 2.44 2.12
3.26 1.7 2.6 2.3
2.94 1.5 2.62 2.12
3.26 1.36 2.96 2.32
3.2 1.5 2.88 2.38
3.32 1.52 2.76 2.28
3.14 1.48 2.68 2.16
3.48 1.7 2.48 2.18
3.2 1.6 2.6 2.2
3.08 1.42 2.86 2.28
3.14 1.52 2.64 2.16
3.12 1.36 2.96 2.32
3.3 1.66 2.58 2.24
3.22 1.52 2.7 2.22
3.08 1.36 2.86 2.22
3.14 1.38 2.88 2.26
3.1 1.54 2.66 2.2
3.32 1.58 2.64 2.22
3.2 1.58 2.7 2.28
3.3 1.74 2.42 2.16
3.44 1.68 2.62 2.3
3.38 1.7 2.46 2.16
3.18 1.7 2.66 2.36
3.52 1.72 2.56 2.28
3.26 1.46 2.88 2.34
3.48 1.76 2.54 2.3
3.28 1.56 2.7 2.26
3.16 1.76 2.48 2.24
3.22 1.44 2.9 2.34
3.22 1.5 2.74 2.24
3.22 1.7 2.62 2.32
3.36 1.52 2.76 2.28
3.18 1.44 2.9 2.34
3.52 1.5 2.74 2.24
3.34 1.62 2.58 2.2
3.42 1.76 2.56 2.32
3.28 1.56 2.6 2.16
3.12 1.38 2.92 2.3
3.52 1.88 2.3 2.18
3.08 1.4 2.9 2.3
3.66 1.7 2.5 2.2
3.18 1.54 2.78 2.32
3.46 1.76 2.42 2.18
3.06 1.5 2.9 2.4
3.12 1.46 2.74 2.2
3.26 1.64 2.6 2.24
3.42 1.72 2.48 2.2
3.24 1.5 2.8 2.3
3.32 1.8 2.58 2.38
3.22 1.74 2.62 2.36
3.12 1.42 2.78 2.2
3.44 1.84 2.48 2.32
3.3 1.72 2.54 2.26
3.14 1.56 2.72 2.28
3.3 1.6 2.62 2.22
3.52 1.72 2.52 2.24
3.22 1.6 2.52 2.12
3.2 1.7 2.6 2.3
3.24 1.66 2.58 2.24
3.46 1.64 2.54 2.18
3.32 1.5 2.76 2.26
3.36 1.78 2.52 2.3
3.3 1.76 2.54 2.3
3.28 1.68 2.62 2.3
3.2 1.46 2.86 2.32
3.4 1.46 2.78 2.24
3.12 1.56 2.84 2.4
3.48 1.86 2.52 2.38
3.12 1.66 2.76 2.42
3.44 1.72 2.52 2.24
3.28 1.58 2.72 2.3
3.42 1.84 2.42 2.26
3.22 1.42 2.88 2.3
3.34 1.7 2.48 2.18
3.42 1.68 2.54 2.22
3.1 1.6 2.8 2.4
3.26 1.5 2.74 2.24
3.24 1.54 2.66 2.2
3.36 1.64 2.62 2.26
3.4 1.86 2.42 2.28
2.98 1.4 2.96 2.36
3.4 1.66 2.52 2.18
3.18 1.46 2.78 2.24
3.5 1.68 2.54 2.22
3.52 1.68 2.5 2.18
3.32 1.54 2.88 2.42
3.14 1.28 3.02 2.3
3.08 1.48 2.7 2.18
3.06 1.42 2.96 2.38
3.48 1.64 2.68 2.32
3.4 1.7 2.48 2.18
3.48 1.74 2.46 2.2
3.32 1.66 2.66 2.32
3.26 1.72 2.68 2.4
3.4 1.72 2.44 2.16
3.56 1.76 2.32 2.08
3.06 1.56 2.7 2.26
3.22 1.58 2.7 2.28
3.36 1.78 2.62 2.4
3.32 1.6 2.74 2.34
3.34 1.58 2.46 2.04
3.12 1.38 2.88 2.26
3.36 1.64 2.6 2.24
3.26 1.66 2.64 2.3
3.38 1.7 2.6 2.3
3.7 1.82 2.34 2.16
3.22 1.78 2.56 2.34
3.22 1.6 2.6 2.2
3.26 1.56 2.42 1.98
3.14 1.74 2.6 2.34
3.14 1.62 2.7 2.32
3.36 1.76 2.58 2.34
3.26 1.54 2.72 2.26
3.36 1.68 2.54 2.22
3.46 1.72 2.58 2.3
3.44 1.54 2.82 2.36
3.42 1.76 2.48 2.24
3.4 1.54 2.78 2.32
3.36 1.88 2.3 2.18
3.26 1.58 2.64 2.22
3.4 1.66 2.6 2.26
3.3 1.6 2.68 2.28
3.1 1.56 2.74 2.3
3.4 1.76 2.44 2.2
3.16 1.36 2.92 2.28
3.44 1.64 2.7 2.34
3.26 1.52 2.76 2.28
3.0 1.52 2.9 2.42
3.34 1.7 2.42 2.12
3.26 1.68 2.68 2.36
3.3 1.54 2.68 2.22
3.3 1.62 2.66 2.28
3.48 1.86 2.42 2.28
3.4 1.74 2.5 2.24
3.24 1.54 2.66 2.2
3.24 1.56 2.76 2.32
3.22 1.34 2.88 2.22
3.18 1.6 2.66 2.26
3.28 1.52 2.82 2.34
3.42 1.7 2.48 2.18
3.46 1.48 2.82 2.3
3.28 1.76 2.44 2.2
3.28 1.44 2.72 2.16
3.2 1.5 2.72 2.22
3.28 1.52 2.74 2.26
3.48 1.78 2.64 2.42
2.96 1.4 2.9 2.3
3.3 1.44 2.86 2.3
2.82 1.42 2.88 2.3
3.42 1.78 2.44 2.22
3.3 1.74 2.38 2.12
3.4 1.76 2.54 2.3
3.22 1.84 2.46 2.3
3.18 1.54 2.76 2.3
3.26 1.7 2.52 2.22
3.12 1.52 2.86 2.38
3.22 1.6 2.6 2.2
3.24 1.66 2.58 2.24
3.44 1.66 2.52 2.18
3.02 1.32 3.04 2.36
3.02 1.66 2.8 2.46
3.26 1.58 2.64 2.22
3.26 1.66 2.76 2.42
3.2 1.58 2.7 2.28
3.26 1.72 2.52 2.24
3.36 1.78 2.56 2.34
3.4 1.74 2.58 2.32
3.38 1.66 2.42 2.08
3.12 1.6 2.58 2.18
3.08 1.76 2.54 2.3
3.24 1.56 2.66 2.22
3.22 1.54 2.8 2.34
3.26 1.58 2.76 2.34
3.18 1.58 2.62 2.2
3.26 1.46 2.8 2.26
3.12 1.56 2.64 2.2
3.12 1.48 2.9 2.38
3.22 1.52 2.66 2.18
3.18 1.68 2.52 2.2
3.56 1.62 2.74 2.36
3.22 1.7 2.64 2.34
3.16 1.66 2.6 2.26
3.08 1.46 2.78 2.24
3.32 1.7 2.7 2.4
3.56 1.6 2.5 2.1
3.38 1.36 2.66 2.02
3.38 1.5 2.72 2.22
2.98 1.64 2.7 2.34
3.24 1.42 2.7 2.12
3.3 1.58 2.64 2.22
3.4 1.7 2.62 2.32
3.14 1.56 2.68 2.24
3.36 1.86 2.4 2.26
3.38 1.58 2.56 2.14
3.26 1.6 2.66 2.26
3.34 1.54 2.68 2.22
3.32 1.6 2.58 2.18
3.34 1.56 2.72 2.28
3.26 1.44 2.86 2.3
3.34 1.56 2.64 2.2
3.5 1.76 2.38 2.14
3.24 1.56 2.72 2.28
3.28 1.44 2.76 2.2
3.44 1.64 2.62 2.26
3.28 1.82 2.48 2.3
3.06 1.54 2.74 2.28
3.38 1.68 2.58 2.26
3.22 1.44 2.74 2.18
3.28 1.64 2.64 2.28
3.34 1.68 2.62 2.3
3.38 1.44 2.6 2.04
3.38 1.44 2.72 2.16
3.22 1.4 2.88 2.28
3.42 1.7 2.5 2.2
3.16 1.36 2.9 2.26
3.44 1.8 2.48 2.28
3.2 1.66 2.6 2.26
3.3 1.52 2.64 2.16
3.22 1.88 2.36 2.24
3.12 1.46 2.78 2.24
3.52 1.6 2.54 2.14
3.3 1.8 2.4 2.2
3.1 1.5 2.78 2.28
3.12 1.6 2.76 2.36
3.48 1.8 2.56 2.36
3.28 1.46 2.88 2.34
3.22 1.38 2.68 2.06
3.28 1.54 2.76 2.3
3.16 1.8 2.56 2.36
3.18 1.48 2.86 2.34
3.24 1.56 2.6 2.16
3.06 1.52 2.84 2.36
3.3 1.62 2.66 2.28
3.46 1.9 2.46 2.36
3.22 1.58 2.8 2.38
3.38 1.72 2.5 2.22
3.38 1.98 2.4 2.38
3.3 1.68 2.6 2.28
3.28 1.6 2.66 2.26
3.56 1.74 2.5 2.24
3.16 1.6 2.8 2.4
3.14 1.68 2.62 2.3
3.2 1.5 2.8 2.3
3.28 1.5 2.72 2.22
3.4 1.6 2.68 2.28
3.42 1.82 2.48 2.3
3.3 1.52 2.7 2.22
3.32 1.48 2.74 2.22
2.9 1.48 2.88 2.36
3.26 1.5 2.76 2.26
3.26 1.76 2.58 2.34
3.3 1.52 2.78 2.3
3.5 1.74 2.5 2.24
3.22 1.52 2.92 2.44
3.54 1.9 2.42 2.32
3.36 1.68 2.54 2.22
3.44 1.56 2.52 2.08
3.28 1.74 2.56 2.3
3.04 1.58 2.72 2.3
3.18 1.54 2.72 2.26
3.2 1.5 2.82 2.32
3.1 1.54 2.76 2.3
3.34 1.58 2.6 2.18
3.26 1.62 2.76 2.38
3.28 1.54 2.58 2.12
3.14 1.72 2.44 2.16
3.24 1.68 2.52 2.2
3.34 1.56 2.58 2.14
3.3 1.6 2.8 2.4
3.26 1.66 2.58 2.24
3.32 1.72 2.6 2.32
3.16 1.66 2.6 2.26
3.24 1.44 2.86 2.3
3.08 1.46 2.84 2.3
3.32 1.68 2.64 2.32
3.12 1.42 2.88 2.3
3.38 1.7 2.7 2.4
3.02 1.34 3.1 2.44
3.38 1.64 2.52 2.16
3.28 1.58 2.64 2.22
3.22 1.6 2.64 2.24
3.16 1.56 2.92 2.48
3.26 1.58 2.68 2.26
2.9 1.42 2.92 2.34
3.24 1.46 2.86 2.32
3.1 1.6 2.72 2.32
3.42 1.6 2.74 2.34
3.16 1.66 2.78 2.44
3.28 1.66 2.58 2.24
3.2 1.76 2.58 2.34
3.54 1.88 2.28 2.16
3.0 1.58 2.78 2.36
3.28 1.76 2.56 2.32
3.4 1.66 2.6 2.26
3.06 1.42 2.96 2.38
3.34 1.58 2.74 2.32
3.3 1.86 2.42 2.28
3.34 1.52 2.68 2.2
3.04 1.48 2.9 2.38
3.48 1.54 2.68 2.22
3.08 1.66 2.58 2.24
2.98 1.28 3.06 2.34
3.36 1.56 2.84 2.4
3.42 1.7 2.64 2.34
3.48 1.56 2.64 2.2
3.1 1.48 2.82 2.3
3.26 1.72 2.36 2.08
3.34 1.76 2.46 2.22
3.42 1.76 2.56 2.32
3.3 1.64 2.6 2.24
3.12 1.52 2.84 2.36
3.32 1.8 2.44 2.24
3.42 1.76 2.5 2.26
3.24 1.76 2.52 2.28
3.54 1.8 2.44 2.24
3.48 1.72 2.7 2.42
3.36 1.62 2.64 2.26
3.38 1.9 2.46 2.36
3.24 1.6 2.72 2.32
3.36 1.6 2.56 2.16
3.32 1.48 2.86 2.34
3.4 1.62 2.62 2.24
3.36 1.88 2.58 2.46
3.32 1.86 2.44 2.3
3.28 1.76 2.5 2.26
3.3 1.66 2.46 2.12
3.56 1.7 2.54 2.24
3.14 1.66 2.66 2.32
3.18 1.66 2.74 2.4
3.26 1.58 2.6 2.18
3.16 1.66 2.72 2.38
3.46 1.54 2.74 2.28
3.26 1.56 2.72 2.28
3.32 1.56 2.7 2.26
2.9 1.56 2.74 2.3
3.44 1.54 2.62 2.16
3.24 1.64 2.64 2.28
3.44 1.74 2.36 2.1
3.26 1.7 2.68 2.38
3.22 1.64 2.6 2.24
3.26 1.68 2.56 2.24
3.36 1.68 2.52 2.2
3.16 1.66 2.62 2.28
3.44 1.62 2.52 2.14
3.06 1.46 2.9 2.36
3.26 1.62 2.58 2.2
3.18 1.5 2.86 2.36
3.1 1.44 2.92 2.36
3.3 1.48 2.88 2.36
3.32 1.68 2.52 2.2
3.24 1.74 2.64 2.38
3.12 1.34 2.84 2.18
3.2 1.66 2.68 2.34
3.22 1.62 2.64 2.26
3.22 1.58 2.72 2.3
2.9 1.42 2.98 2.4
3.28 1.54 2.72 2.26
3.1 1.38 2.9 2.28
3.24 1.5 2.64 2.14
3.24 1.32 2.82 2.14
3.4 1.58 2.68 2.26
3.36 1.64 2.7 2.34
3.38 1.62 2.64 2.26
3.44 1.7 2.54 2.24
3.52 1.66 2.74 2.4
3.22 1.52 2.82 2.34
3.3 1.68 2.56 2.24
3.34 1.8 2.6 2.4
3.34 1.6 2.6 2.2
3.18 1.46 2.88 2.34
3.44 1.52 2.64 2.16
3.14 1.44 2.72 2.16
3.42 1.62 2.68 2.3
3.3 1.68 2.44 2.12
3.28 1.64 2.58 2.22
2.98 1.4 2.9 2.3
3.4 1.5 2.7 2.2
3.34 1.46 2.68 2.14
3.38 1.7 2.52 2.22
3.38 1.72 2.58 2.3
3.1 1.58 2.68 2.26
3.4 1.62 2.62 2.24
3.14 1.48 2.98 2.46
3.3 1.6 2.68 2.28
3.38 1.8 2.3 2.1
3.34 1.54 2.66 2.2
3.24 1.56 2.72 2.28
3.3 1.62 2.64 2.26
3.24 1.7 2.52 2.22
3.06 1.44 2.82 2.26
3.42 1.56 2.74 2.3
3.06 1.68 2.78 2.46
3.32 1.54 2.7 2.24
3.58 1.68 2.54 2.22
3.18 1.56 2.7 2.26
3.34 1.62 2.62 2.24
3.28 1.64 2.64 2.28
3.46 1.62 2.74 2.36
3.18 1.32 2.9 2.22
3.18 1.62 2.66 2.28
3.22 1.66 2.66 2.32
3.14 1.42 2.92 2.34
3.48 1.78 2.42 2.2
3.04 1.62 2.78 2.4
3.28 1.8 2.44 2.24
3.18 1.48 2.76 2.24
3.06 1.46 2.88 2.34
3.5 1.64 2.56 2.2
3.3 1.7 2.7 2.4
3.24 1.74 2.46 2.2
3.28 1.68 2.58 2.26
3.38 1.54 2.66 2.2
2.9 1.46 2.8 2.26
3.18 1.64 2.74 2.38
3.04 1.6 2.68 2.28
3.38 1.78 2.54 2.32
3.14 1.44 2.94 2.38
3.38 1.54 2.62 2.16
3.32 1.46 2.92 2.38
3.22 1.62 2.5 2.12
3.22 1.68 2.58 2.26
3.18 1.52 2.88 2.4
3.26 1.72 2.64 2.36
3.4 1.92 2.54 2.46
3.06 1.5 2.82 2.32
3.1 1.7 2.68 2.38
3.42 1.6 2.66 2.26
3.16 1.62 2.72 2.34
3.24 1.72 2.54 2.26
3.44 1.52 2.74 2.26
3.52 1.5 2.62 2.12
3.16 1.5 2.74 2.24
3.48 1.52 2.68 2.2
3.36 1.7 2.52 2.22
3.32 1.76 2.54 2.3
3.16 1.52 2.8 2.32
2.86 1.36 2.88 2.24
3.2 1.76 2.62 2.38
3.3 1.66 2.58 2.24
3.0 1.44 2.88 2.32
3.04 1.58 2.58 2.16
3.24 1.32 2.9 2.22
3.26 1.54 2.72 2.26
3.18 1.72 2.52 2.24
3.06 1.54 2.76 2.3
3.12 1.52 2.7 2.22
3.2 1.42 2.82 2.24
3.22 1.6 2.68 2.28
3.18 1.58 2.78 2.36
3.22 1.62 2.5 2.12
3.18 1.52 2.78 2.3
3.48 1.6 2.62 2.22
3.26 1.62 2.74 2.36
3.34 1.64 2.58 2.22
3.38 1.74 2.48 2.22
3.38 1.58 2.62 2.2
3.08 1.5 2.88 2.38
3.42 1.64 2.58 2.22
3.44 2.08 2.18 2.26
3.22 1.54 2.66 2.2
3.38 1.68 2.62 2.3
3.42 1.58 2.62 2.2
3.22 1.62 2.66 2.28
3.22 1.5 2.88 2.38
3.18 1.7 2.52 2.22
3.32 1.6 2.72 2.32
3.2 1.54 2.78 2.32
3.36 1.64 2.6 2.24
3.42 1.62 2.7 2.32
3.14 1.48 2.66 2.14
3.08 1.4 2.82 2.22
3.12 1.46 2.76 2.22
3.04 1.54 2.8 2.34
3.22 1.66 2.62 2.28
3.26 1.56 2.58 2.14
3.42 1.62 2.58 2.2
3.42 1.86 2.34 2.2
3.3 1.48 2.86 2.34
3.1 1.6 2.72 2.32
3.38 1.74 2.6 2.34
3.34 1.74 2.56 2.3
3.42 1.68 2.54 2.22
3.4 1.8 2.42 2.22
3.02 1.68 2.68 2.36
3.1 1.5 2.68 2.18
3.24 1.58 2.7 2.28
3.2 1.68 2.64 2.32
3.38 1.58 2.66 2.24
3.1 1.58 2.7 2.28
3.3 1.68 2.7 2.38
3.24 1.66 2.44 2.1
3.22 1.52 2.86 2.38
3.3 1.56 2.7 2.26
3.3 1.72 2.46 2.18
3.32 1.58 2.7 2.28
3.08 1.7 2.52 2.22
3.36 1.54 2.72 2.26
3.26 1.7 2.66 2.36
3.36 1.78 2.52 2.3
3.24 1.54 2.74 2.28
3.14 1.5 2.66 2.16
3.42 1.72 2.54 2.26
3.22 1.44 2.8 2.24
3.22 1.54 2.72 2.26
3.36 1.66 2.54 2.2
3.28 1.66 2.62 2.28
3.48 1.44 2.82 2.26
3.2 1.44 2.88 2.32
3.38 1.82 2.6 2.42
3.18 1.54 2.82 2.36
3.24 1.82 2.46 2.28
3.32 1.6 2.72 2.32
3.24 1.64 2.54 2.18
3.5 1.72 2.58 2.3
3.32 1.38 2.9 2.28
3.4 1.58 2.68 2.26
3.32 1.54 2.78 2.32
3.24 1.46 2.88 2.34
3.16 1.64 2.72 2.36
3.3 1.58 2.72 2.3
3.28 1.66 2.62 2.28
3.32 1.8 2.56 2.36
3.12 1.6 2.66 2.26
3.44 1.82 2.44 2.26
3.06 1.7 2.6 2.3
3.24 1.42 2.72 2.14
3.4 1.7 2.58 2.28
3.12 1.58 2.7 2.28
3.18 1.6 2.6 2.2
3.0 1.42 2.86 2.28
3.34 1.58 2.66 2.24
3.22 1.7 2.5 2.2
3.4 1.6 2.5 2.1
3.22 1.58 2.64 2.22
3.28 1.54 2.68 2.22
3.2 1.44 2.78 2.22
3.12 1.52 2.6 2.12
3.26 1.94 2.42 2.36
2.96 1.5 2.9 2.4
3.3 1.56 2.62 2.18
3.34 1.7 2.74 2.44
3.3 1.6 2.76 2.36
3.44 1.48 2.74 2.22
3.18 1.42 2.78 2.2
3.12 1.5 2.66 2.16
3.3 1.62 2.76 2.38
3.24 1.78 2.48 2.26
3.24 1.46 2.86 2.32
3.18 1.54 2.68 2.22
3.14 1.52 2.86 2.38
3.24 1.52 2.7 2.22
3.06 1.5 2.68 2.18
3.08 1.58 2.82 2.4
3.38 1.74 2.64 2.38
3.1 1.46 2.82 2.28
3.2 1.6 2.6 2.2
3.3 1.48 2.92 2.4
3.26 1.52 2.8 2.32
3.22 1.64 2.8 2.44
3.3 1.5 2.68 2.18
3.26 1.64 2.52 2.16
3.32 1.62 2.7 2.32
3.3 1.66 2.6 2.26
3.18 1.36 2.82 2.18
3.32 1.52 2.72 2.24
3.22 1.48 2.9 2.38
3.48 1.58 2.68 2.26
3.08 1.76 2.48 2.24
3.14 1.58 2.7 2.28
3.24 1.7 2.58 2.28
3.14 1.44 2.9 2.34
3.14 1.46 2.78 2.24
3.22 1.52 2.74 2.26
3.48 1.78 2.48 2.26
3.14 1.64 2.66 2.3
3.08 1.42 3.02 2.44
3.22 1.6 2.52 2.12
3.1 1.5 2.86 2.36
3.22 1.62 2.66 2.28
3.18 1.7 2.66 2.36
3.38 1.68 2.56 2.24
3.34 1.3 2.98 2.28
3.24 1.64 2.76 2.4
3.38 1.4 2.82 2.22
3.38 1.68 2.54 2.22
3.42 1.54 2.8 2.34
3.12 1.34 2.9 2.24
3.24 1.62 2.64 2.26
3.4 1.74 2.54 2.28
3.6 1.58 2.66 2.24
3.06 1.48 2.78 2.26
3.14 1.58 2.64 2.22
3.26 1.6 2.64 2.24
3.42 1.68 2.6 2.28
3.16 1.58 2.72 2.3
3.34 1.44 2.84 2.28
3.28 1.66 2.62 2.28
3.32 1.44 2.72 2.16
3.46 1.6 2.68 2.28
3.24 1.64 2.66 2.3
3.14 1.68 2.6 2.28
3.16 1.52 2.72 2.24
3.24 1.58 2.6 2.18
3.32 1.7 2.58 2.28
3.2 1.54 2.78 2.32
3.28 1.54 2.64 2.18
2.98 1.4 2.98 2.38
3.24 1.76 2.44 2.2
3.2 1.44 2.9 2.34
3.36 1.66 2.6 2.26
3.06 1.7 2.66 2.36
3.22 1.78 2.6 2.38
3.46 1.54 2.7 2.24
3.48 1.96 2.3 2.26
3.24 1.64 2.76 2.4
3.06 1.62 2.74 2.36
3.36 1.48 2.74 2.22
3.28 1.64 2.66 2.3
3.26 1.5 2.62 2.12
3.4 1.6 2.64 2.24
3.32 1.64 2.84 2.48
3.12 1.54 2.7 2.24
3.56 1.86 2.4 2.26
3.2 1.66 2.66 2.32
3.24 1.52 2.62 2.14
3.3 1.6 2.58 2.18
3.44 1.84 2.46 2.3
3.5 1.74 2.38 2.12
3.42 1.54 2.7 2.24
3.18 1.5 2.78 2.28
3.3 1.46 2.76 2.22
3.26 1.6 2.58 2.18
3.24 1.74 2.54 2.28
3.18 1.68 2.58 2.26
3.28 1.5 2.72 2.22
3.36 1.68 2.62 2.3
3.28 1.58 2.68 2.26
3.32 1.68 2.64 2.32
3.16 1.64 2.68 2.32
3.18 1.72 2.6 2.32
3.6 1.66 2.6 2.26
3.6 1.72 2.48 2.2
3.28 1.66 2.6 2.26
3.34 1.62 2.6 2.22
2.82 1.34 3.02 2.36
3.18 1.56 2.62 2.18
3.3 1.46 2.86 2.32
3.16 1.76 2.68 2.44
3.36 1.68 2.5 2.18
3.38 1.72 2.44 2.16
3.36 1.62 2.62 2.24
3.22 1.56 2.72 2.28
3.14 1.72 2.56 2.28
3.22 1.48 2.78 2.26
3.08 1.6 2.74 2.34
3.2 1.64 2.72 2.36
3.08 1.66 2.68 2.34
3.32 1.72 2.54 2.26
3.18 1.42 2.9 2.32
3.04 1.52 2.74 2.26
3.1 1.44 2.8 2.24
3.38 1.6 2.54 2.14
3.62 1.62 2.68 2.3
3.24 1.56 2.74 2.3
3.24 1.62 2.82 2.44
3.22 1.6 2.54 2.14
3.26 1.64 2.58 2.22
3.18 1.56 2.7 2.26
3.0 1.4 2.98 2.38
3.32 1.58 2.64 2.22
3.22 1.44 2.88 2.32
3.26 1.5 2.76 2.26
3.42 1.68 2.46 2.14
3.4 1.6 2.68 2.28
3.42 1.98 2.34 2.32
3.26 1.54 2.8 2.34
3.32 1.7 2.58 2.28
3.56 1.72 2.5 2.22
3.38 1.56 2.74 2.3
3.5 1.8 2.4 2.2
3.08 1.54 2.8 2.34
3.36 1.7 2.58 2.28
3.12 1.68 2.62 2.3
3.24 1.66 2.72 2.38
3.56 1.9 2.4 2.3
3.2 1.62 2.64 2.26
3.28 1.6 2.66 2.26
3.2 1.56 2.66 2.22
3.46 1.68 2.46 2.14
3.4 1.6 2.7 2.3
3.4 1.54 2.68 2.22
3.24 1.5 2.76 2.26
3.267288 1.601732 2.664576 2.266308
