3.45 1.65 2.45 2.1
2.9 1.9 2.5 2.4
3.15 1.45 2.75 2.2
3.45 1.9 2.4 2.3
3.3 1.55 2.65 2.2
3.05 1.55 2.75 2.3
3.1 1.55 2.8 2.35
3.3 1.65 2.75 2.4
3.55 1.65 2.65 2.3
3.35 1.65 2.55 2.2
3.3 1.4 2.8 2.2
3.35 1.45 2.8 2.25
3.25 1.6 2.9 2.5
3.0 1.5 2.65 2.15
3.3 1.6 2.55 2.15
3.05 1.35 2.55 1.9
3.75 1.95 2.15 2.1
3.3 1.8 2.5 2.3
3.25 1.55 2.8 2.35
3.1 1.3 2.65 1.95
2.95 1.55 2.4 1.95
3.45 1.8 2.4 2.2
3.45 1.75 2.4 2.15
3.45 1.5 2.7 2.2
3.45 1.4 2.7 2.1
3.45 1.6 2.6 2.2
3.25 1.5 2.65 2.15
3.4 1.95 2.35 2.3
3.2 1.45 2.75 2.2
3.3 1.8 2.25 2.05
3.4 1.8 2.5 2.3
2.85 1.35 3.0 2.35
3.1 1.4 2.9 2.3
3.3 1.45 2.9 2.35
3.6 2.05 2.2 2.25
2.95 1.45 2.8 2.25
3.5 1.4 2.75 2.15
3.35 1.75 2.6 2.35
3.35 1.45 2.55 2.0
3.2 1.7 2.75 2.45
2.95 1.3 2.85 2.15
3.2 1.55 2.7 2.25
3.3 1.35 2.9 2.25
3.35 1.45 2.7 2.15
3.05 1.6 2.85 2.45
3.25 1.7 2.55 2.25
3.3 1.4 2.65 2.05
3.4 1.5 2.75 2.25
3.45 1.8 2.35 2.15
3.1 1.35 2.85 2.2
3.4 1.6 2.65 2.25
3.3 1.65 2.4 2.05
3.3 1.4 2.8 2.2
3.0 1.5 2.9 2.4
3.2 1.45 2.9 2.35
3.05 1.45 2.95 2.4
3.2 1.55 2.8 2.35
3.5 1.95 2.3 2.25
3.0 1.55 2.8 2.35
2.9 1.55 2.85 2.4
3.25 1.85 2.45 2.3
3.4 1.7 2.6 2.3
3.25 1.65 2.85 2.5
3.05 1.45 3.0 2.45
3.35 1.75 2.45 2.2
3.3 1.6 2.65 2.25
3.3 1.85 2.65 2.5
3.05 1.75 2.7 2.45
3.1 1.55 2.7 2.25
3.1 1.4 2.7 2.1
3.35 1.7 2.75 2.45
3.25 1.7 2.4 2.1
3.35 1.95 2.15 2.1
3.0 1.7 2.75 2.45
3.7 1.85 2.45 2.3
3.65 1.55 2.75 2.3
2.85 1.3 3.1 2.4
3.05 1.7 2.75 2.45
3.3 1.6 2.85 2.45
3.4 1.65 2.7 2.35
3.4 1.7 2.6 2.3
3.4 1.75 2.6 2.35
3.15 1.5 2.9 2.4
3.45 1.7 2.55 2.25
3.1 1.55 2.75 2.3
3.15 1.6 2.6 2.2
3.3 1.45 2.8 2.25
3.6 1.9 2.4 2.3
3.45 1.45 2.6 2.05
3.05 1.55 2.7 2.25
3.15 1.4 3.0 2.4
3.25 1.35 2.9 2.25
3.4 1.5 2.5 2.0
3.15 1.6 2.9 2.5
3.15 1.7 2.55 2.25
2.7 1.4 3.1 2.5
2.9 1.25 3.0 2.25
3.35 1.4 2.75 2.15
3.5 1.65 2.7 2.35
3.45 2.0 2.15 2.15
3.15 1.45 2.85 2.3
3.4 1.65 2.65 2.3
3.45 1.55 2.8 2.35
3.25 1.8 2.35 2.15
3.45 1.6 2.55 2.15
3.45 1.65 2.55 2.2
3.25 1.75 2.55 2.3
3.25 1.5 2.8 2.3
3.35 1.3 2.85 2.15
3.3 1.45 2.65 2.1
3.4 1.45 3.0 2.45
3.35 1.4 2.9 2.3
3.25 1.45 3.0 2.45
3.1 1.3 2.85 2.15
3.2 1.5 2.65 2.15
3.1 1.4 2.85 2.25
3.35 1.3 2.95 2.25
3.1 1.4 2.6 2.0
3.6 1.7 2.35 2.05
2.95 1.55 2.75 2.3
3.05 1.4 2.95 2.35
3.55 2.05 2.05 2.1
3.3 1.45 2.8 2.25
3.7 1.65 2.55 2.2
3.55 1.75 2.5 2.25
3.35 1.75 2.5 2.25
3.5 2.05 2.3 2.35
3.7 1.65 2.6 2.25
2.95 1.7 2.9 2.6
3.55 1.8 2.3 2.1
3.75 1.75 2.35 2.1
3.15 1.5 2.7 2.2
3.35 1.55 2.65 2.2
3.2 1.7 2.6 2.3
3.2 1.5 2.7 2.2
3.1 1.65 2.65 2.3
3.15 1.6 2.65 2.25
3.05 1.7 2.65 2.35
2.7 1.35 2.95 2.3
3.2 1.85 2.4 2.25
2.95 1.15 3.25 2.4
3.2 1.45 2.85 2.3
3.4 1.65 2.5 2.15
3.45 1.8 2.35 2.15
3.3 2.0 2.3 2.3
3.45 1.55 2.65 2.2
3.35 1.65 2.6 2.25
3.0 1.35 3.0 2.35
3.0 1.8 2.6 2.4
2.95 1.35 3.0 2.35
3.2 1.55 2.7 2.25
3.4 1.55 2.5 2.05
3.6 1.3 3.0 2.3
3.3 1.65 2.6 2.25
3.35 1.6 2.65 2.25
3.3 1.55 2.95 2.5
3.1 1.75 2.5 2.25
3.4 1.55 2.8 2.35
3.3 1.7 2.5 2.2
3.15 1.5 2.8 2.3
3.2 1.45 2.8 2.25
3.1 1.55 2.6 2.15
3.15 1.7 2.65 2.35
3.1 1.6 2.7 2.3
3.15 1.8 2.65 2.45
3.05 1.35 3.1 2.45
2.8 1.45 3.1 2.55
3.45 1.9 2.5 2.4
3.25 1.25 3.0 2.25
3.35 1.6 2.6 2.2
3.1 1.65 2.65 2.3
3.2 1.55 2.8 2.35
3.1 1.7 2.65 2.35
3.3 1.75 2.5 2.25
3.25 1.85 2.4 2.25
3.4 1.55 2.8 2.35
3.05 1.65 2.7 2.35
3.0 1.75 2.4 2.15
3.0 1.35 3.0 2.35
3.35 1.5 2.85 2.35
3.65 1.6 2.5 2.1
3.35 1.8 2.45 2.25
2.8 1.3 3.15 2.45
3.0 1.65 2.4 2.05
3.15 1.4 3.15 2.55
2.8 1.2 3.0 2.2
3.2 1.3 2.95 2.25
3.4 1.8 2.35 2.15
3.45 1.7 2.55 2.25
3.1 1.9 2.35 2.25
2.85 1.55 2.95 2.5
3.0 1.45 2.85 2.3
3.5 1.75 2.35 2.1
3.2 1.75 2.7 2.45
3.35 1.8 2.3 2.1
3.0 1.6 2.7 2.3
3.05 1.75 2.65 2.4
2.65 1.05 3.25 2.3
3.1 1.65 2.95 2.6
3.4 1.6 2.45 2.05
3.4 1.6 2.7 2.3
3.45 1.75 2.55 2.3
3.45 1.75 2.45 2.2
3.25 1.65 2.6 2.25
3.15 1.4 2.9 2.3
3.35 1.75 2.65 2.4
3.45 1.9 2.35 2.25
3.15 1.15 2.9 2.05
3.3 1.45 2.75 2.2
3.35 1.45 2.6 2.05
3.25 1.55 2.5 2.05
3.1 1.2 2.85 2.05
3.3 1.4 2.7 2.1
2.9 1.4 2.7 2.1
3.3 1.45 2.85 2.3
3.2 1.25 2.95 2.2
3.45 1.75 2.55 2.3
3.15 1.8 2.5 2.3
3.25 1.3 2.8 2.1
3.6 1.95 2.2 2.15
3.5 1.8 2.5 2.3
3.6 1.85 2.35 2.2
3.05 1.55 2.8 2.35
3.25 1.6 2.5 2.1
2.75 1.4 2.9 2.3
3.25 1.65 2.55 2.2
3.3 1.7 2.5 2.2
3.4 1.6 2.55 2.15
3.05 1.75 2.35 2.1
3.2 1.45 2.65 2.1
3.35 1.55 2.6 2.15
3.6 2.1 2.2 2.3
2.9 1.6 2.65 2.25
3.65 2.05 2.2 2.25
3.25 1.85 2.5 2.35
3.1 1.55 2.7 2.25
3.3 1.6 2.55 2.15
3.5 1.6 2.45 2.05
3.15 1.25 3.15 2.4
3.0 1.5 3.0 2.5
3.4 1.8 2.4 2.2
3.5 1.85 2.5 2.35
2.95 1.65 2.65 2.3
3.15 1.5 2.9 2.4
3.3 1.7 2.7 2.4
3.5 1.75 2.4 2.15
3.4 1.8 2.3 2.1
3.3 1.5 2.75 2.25
3.2 1.7 2.6 2.3
3.4 1.6 2.8 2.4
3.3 1.4 2.8 2.2
3.0 1.5 2.85 2.35
3.35 1.55 2.75 2.3
3.05 1.35 3.0 2.35
3.15 1.7 2.75 2.45
2.5 1.25 3.0 2.25
3.3 1.7 2.5 2.2
3.2 1.45 2.75 2.2
3.45 1.4 2.85 2.25
3.4 1.7 2.4 2.1
3.65 1.55 2.55 2.1
3.25 1.35 2.95 2.3
3.05 1.45 2.8 2.25
3.25 1.45 2.85 2.3
3.05 1.65 2.6 2.25
3.2 1.6 2.6 2.2
3.05 1.3 2.9 2.2
3.45 1.55 2.55 2.1
2.8 1.45 2.95 2.4
2.9 1.6 2.85 2.45
3.25 2.05 2.35 2.4
3.2 1.55 2.6 2.15
3.35 2.1 1.95 2.05
3.3 1.5 2.85 2.35
3.6 1.75 2.6 2.35
3.15 1.5 2.95 2.45
3.1 1.5 2.9 2.4
3.35 1.75 2.4 2.15
3.25 1.75 2.6 2.35
3.25 1.6 2.95 2.55
3.3 1.65 2.35 2.0
3.65 2.25 2.1 2.35
3.65 1.7 2.4 2.1
3.0 1.75 2.7 2.45
3.65 2.0 2.45 2.45
3.6 1.55 2.45 2.0
3.3 1.55 2.85 2.4
3.55 1.6 2.55 2.15
3.35 1.6 2.65 2.25
3.25 1.65 2.5 2.15
3.2 1.9 2.6 2.5
3.45 1.75 2.35 2.1
3.4 1.65 2.35 2.0
3.3 1.75 2.6 2.35
3.5 1.8 2.5 2.3
3.05 1.55 2.9 2.45
3.45 1.9 2.1 2.0
3.3 1.85 2.7 2.55
3.35 1.7 2.55 2.25
3.45 1.6 2.55 2.15
3.25 1.65 2.65 2.3
3.35 1.65 2.55 2.2
3.15 1.8 2.5 2.3
3.0 1.3 3.1 2.4
3.5 1.7 2.5 2.2
3.05 1.55 2.55 2.1
3.2 1.45 2.75 2.2
3.2 1.95 2.5 2.45
3.4 1.75 2.55 2.3
3.55 1.55 2.7 2.25
2.7 1.55 2.75 2.3
3.2 1.5 2.7 2.2
2.9 1.45 2.85 2.3
2.95 1.6 2.55 2.15
3.0 1.7 2.75 2.45
3.35 2.0 2.2 2.2
3.4 1.4 2.65 2.05
3.6 1.65 2.6 2.25
3.3 1.55 2.65 2.2
3.25 1.45 2.7 2.15
3.15 1.3 3.05 2.35
3.25 1.6 2.7 2.3
3.15 1.45 2.8 2.25
3.55 1.8 2.35 2.15
3.3 1.6 2.7 2.3
3.4 1.6 2.65 2.25
3.45 1.5 2.8 2.3
3.35 1.85 2.45 2.3
3.25 1.8 2.4 2.2
3.15 1.4 2.9 2.3
3.4 1.7 2.55 2.25
3.3 1.7 2.55 2.25
3.45 1.5 2.6 2.1
3.05 1.4 2.95 2.35
2.9 1.55 2.75 2.3
3.3 1.4 2.8 2.2
3.05 1.65 2.65 2.3
3.35 1.6 2.75 2.35
3.5 1.9 2.65 2.55
2.85 1.4 3.05 2.45
3.25 1.8 2.45 2.25
3.2 1.75 2.55 2.3
3.5 1.5 2.85 2.35
3.7 1.7 2.25 1.95
3.45 1.6 2.65 2.25
3.25 1.75 2.6 2.35
3.45 1.95 2.35 2.3
3.45 1.4 2.7 2.1
3.25 1.65 2.75 2.4
3.25 1.4 3.0 2.4
3.45 1.75 2.65 2.4
3.2 1.7 2.45 2.15
3.3 1.5 2.55 2.05
3.2 1.9 2.55 2.45
3.5 1.5 3.0 2.5
3.1 1.6 2.85 2.45
3.55 1.55 2.55 2.1
3.35 1.85 2.35 2.2
3.2 1.5 2.8 2.3
3.0 1.6 2.65 2.25
3.0 1.5 2.75 2.25
3.5 1.75 2.45 2.2
3.45 1.45 2.85 2.3
3.25 1.3 3.1 2.4
3.05 1.4 3.05 2.45
3.8 1.8 2.25 2.05
2.8 1.4 2.65 2.05
3.4 1.5 2.85 2.35
3.4 1.9 2.5 2.4
3.6 1.75 2.3 2.05
3.45 2.0 2.45 2.45
3.3 1.65 2.55 2.2
3.25 1.45 2.75 2.2
3.5 1.65 2.65 2.3
3.25 1.5 2.55 2.05
3.25 1.65 2.5 2.15
3.05 1.4 2.75 2.15
3.15 1.35 3.0 2.35
2.9 1.45 3.0 2.45
3.35 1.9 2.4 2.3
3.35 1.95 2.5 2.45
3.4 1.6 2.6 2.2
3.3 1.55 2.6 2.15
3.5 1.85 2.3 2.15
3.0 1.35 3.0 2.35
3.0 1.6 2.65 2.25
3.05 1.4 2.65 2.05
3.0 1.4 2.7 2.1
3.65 1.85 2.4 2.25
3.15 1.5 2.6 2.1
3.35 2.05 2.4 2.45
3.3 1.6 2.6 2.2
3.1 1.55 2.8 2.35
3.2 1.4 2.85 2.25
2.9 1.6 2.65 2.25
2.95 1.4 3.0 2.4
3.35 1.7 2.6 2.3
3.35 1.7 2.6 2.3
3.35 1.95 2.45 2.4
3.25 1.9 2.4 2.3
3.55 1.7 2.7 2.4
3.45 1.7 2.6 2.3
3.5 1.55 2.65 2.2
3.1 1.45 2.7 2.15
2.95 1.55 2.8 2.35
3.3 1.7 2.65 2.35
3.6 1.65 2.5 2.15
3.35 1.35 2.9 2.25
3.55 1.8 2.15 1.95
3.5 1.8 2.4 2.2
2.85 1.55 2.85 2.4
3.0 1.55 2.55 2.1
3.55 1.95 2.3 2.25
3.3 1.6 2.6 2.2
3.25 1.5 2.75 2.25
3.0 1.4 2.95 2.35
3.35 1.7 2.7 2.4
3.65 1.8 2.45 2.25
3.4 1.75 2.55 2.3
3.7 2.0 2.3 2.3
3.45 1.55 2.65 2.2
3.1 1.3 2.95 2.25
3.65 1.25 2.9 2.15
3.55 1.85 2.55 2.4
3.5 1.6 2.6 2.2
3.25 1.25 3.05 2.3
3.45 1.8 2.35 2.15
3.4 1.6 2.45 2.05
3.4 1.7 2.5 2.2
3.45 1.85 2.45 2.3
3.2 1.4 3.05 2.45
3.0 1.15 2.8 1.95
3.35 1.8 2.35 2.15
3.3 1.55 2.6 2.15
3.25 1.3 2.6 1.9
2.85 1.25 3.1 2.35
3.3 1.7 2.6 2.3
3.3 1.8 2.45 2.25
3.5 1.5 2.7 2.2
3.45 1.85 2.45 2.3
3.4 1.8 2.5 2.3
3.3 1.5 2.7 2.2
2.75 1.25 3.15 2.4
3.35 1.6 2.65 2.25
2.9 1.6 2.65 2.25
3.15 1.45 2.85 2.3
3.25 1.8 2.55 2.35
3.5 1.75 2.35 2.1
3.0 1.25 2.75 2.0
3.2 1.3 3.1 2.4
3.0 1.4 2.85 2.25
3.15 1.55 2.75 2.3
3.3 1.7 2.6 2.3
3.4 1.85 2.65 2.5
3.0 1.9 2.55 2.45
3.45 1.65 2.5 2.15
3.15 1.85 2.45 2.3
3.4 1.65 2.65 2.3
3.5 1.5 2.5 2.0
3.35 1.65 2.65 2.3
3.5 1.65 2.7 2.35
3.6 1.95 2.15 2.1
3.15 1.75 2.5 2.25
3.2 1.45 2.75 2.2
3.5 1.85 2.35 2.2
3.4 1.55 2.85 2.4
3.6 1.8 2.45 2.25
3.35 1.5 2.9 2.4
3.2 1.75 2.65 2.4
3.25 1.45 3.05 2.5
3.25 1.65 2.5 2.15
3.2 1.7 2.7 2.4
3.2 1.2 3.05 2.25
3.05 1.45 3.0 2.45
3.6 1.9 2.3 2.2
3.35 1.4 2.65 2.05
3.7 1.8 2.45 2.25
3.0 1.3 2.7 2.0
2.85 1.7 2.8 2.5
3.1 1.65 2.85 2.5
3.15 1.7 2.5 2.2
3.0 1.35 2.75 2.1
3.15 1.5 2.7 2.2
3.5 1.55 2.55 2.1
3.0 1.75 2.7 2.45
3.05 1.5 2.95 2.45
3.6 1.85 2.25 2.1
3.4 1.7 2.6 2.3
3.5 1.75 2.4 2.15
3.6 1.75 2.55 2.3
3.2 1.45 2.95 2.4
3.4 1.55 2.65 2.2
3.45 1.7 2.45 2.15
3.2 1.25 2.85 2.1
3.1 1.6 2.65 2.25
3.55 1.5 2.6 2.1
3.55 1.8 2.45 2.25
3.35 1.9 2.5 2.4
3.0 1.8 2.55 2.35
3.2 1.55 2.65 2.2
3.3 1.5 3.0 2.5
3.15 1.55 2.95 2.5
3.4 1.75 2.5 2.25
2.8 1.2 2.95 2.15
2.9 1.6 2.75 2.35
3.25 1.6 2.8 2.4
3.0 1.6 2.8 2.4
3.2 1.35 2.9 2.25
3.4 2.15 2.3 2.45
3.25 1.75 2.5 2.25
3.15 1.45 2.9 2.35
3.45 1.3 2.85 2.15
3.55 1.85 2.5 2.35
3.3 1.75 2.6 2.35
3.45 2.25 2.1 2.35
3.35 1.55 2.65 2.2
3.4 1.6 2.4 2.0
3.3 1.35 3.0 2.35
3.55 1.6 2.6 2.2
3.6 2.15 2.05 2.2
3.4 1.55 2.85 2.4
3.05 1.7 2.4 2.1
3.55 1.7 2.45 2.15
3.4 1.85 2.35 2.2
3.3 1.6 2.7 2.3
2.6 1.3 3.0 2.3
3.55 1.95 2.25 2.2
3.3 1.55 2.6 2.15
3.35 1.75 2.5 2.25
3.45 1.7 2.65 2.35
3.2 1.5 2.65 2.15
3.35 1.45 2.65 2.1
3.2 1.5 2.65 2.15
3.3 1.75 2.5 2.25
3.4 1.5 2.55 2.05
3.65 2.05 2.15 2.2
2.95 1.55 2.75 2.3
3.35 1.95 2.4 2.35
3.4 1.6 2.7 2.3
3.45 1.8 2.55 2.35
3.1 1.35 2.9 2.25
3.3 1.8 2.6 2.4
3.45 1.8 2.65 2.45
3.25 1.7 2.65 2.35
3.4 1.8 2.35 2.15
3.1 1.2 2.95 2.15
3.0 1.65 2.65 2.3
3.2 1.4 2.85 2.25
3.3 1.3 3.0 2.3
3.1 1.6 2.7 2.3
3.4 1.45 2.8 2.25
3.4 1.65 2.65 2.3
3.2 1.55 2.8 2.35
3.15 1.6 2.8 2.4
3.25 1.35 2.75 2.1
3.35 1.75 2.5 2.25
3.2 1.7 2.55 2.25
3.4 1.65 2.5 2.15
3.15 1.7 2.4 2.1
3.55 1.7 2.45 2.15
3.35 1.6 2.6 2.2
3.45 1.55 2.45 2.0
2.8 1.75 2.8 2.55
3.4 1.75 2.45 2.2
3.35 2.05 2.1 2.15
3.55 1.55 2.65 2.2
3.25 1.45 2.7 2.15
3.5 2.05 2.4 2.45
3.0 1.6 2.6 2.2
3.65 1.8 2.45 2.25
3.25 1.5 2.6 2.1
3.3 1.6 2.6 2.2
3.6 1.7 2.5 2.2
2.85 1.45 2.95 2.4
3.75 1.95 2.3 2.25
3.45 1.65 2.75 2.4
3.05 1.2 3.2 2.4
3.1 1.6 3.0 2.6
3.2 1.75 2.55 2.3
3.35 1.5 2.8 2.3
3.15 1.3 2.85 2.15
3.2 1.4 3.2 2.6
3.5 1.5 2.7 2.2
3.4 1.5 2.8 2.3
3.15 1.6 2.65 2.25
3.3 1.65 2.6 2.25
3.0 1.4 3.05 2.45
2.8 1.35 3.1 2.45
2.95 1.7 2.75 2.45
3.45 1.25 3.05 2.3
3.45 1.65 2.65 2.3
3.55 1.7 2.55 2.25
3.3 1.65 2.3 1.95
3.45 1.7 2.35 2.05
3.55 1.75 2.45 2.2
3.35 1.65 2.35 2.0
3.6 1.7 2.55 2.25
3.3 1.5 2.75 2.25
3.2 1.95 2.35 2.3
3.15 1.7 2.6 2.3
3.25 1.3 2.85 2.15
3.35 1.55 2.5 2.05
3.5 1.9 2.3 2.2
3.1 1.55 2.55 2.1
3.25 1.75 2.7 2.45
2.9 1.55 2.9 2.45
3.55 1.8 2.35 2.15
3.25 1.5 2.85 2.35
3.5 1.4 2.8 2.2
3.3 1.45 2.8 2.25
2.85 1.1 3.35 2.45
3.2 1.35 2.65 2.0
3.8 1.8 2.4 2.2
3.1 1.3 2.95 2.25
3.05 1.3 2.95 2.25
3.1 1.75 2.45 2.2
3.1 1.45 2.55 2.0
3.25 1.7 2.35 2.05
3.45 1.75 2.55 2.3
3.0 1.5 2.95 2.45
3.2 1.5 2.85 2.35
3.35 1.7 2.55 2.25
3.2 1.55 2.65 2.2
3.5 1.8 2.45 2.25
3.25 1.95 2.25 2.2
3.7 1.7 2.45 2.15
3.55 1.55 2.7 2.25
3.5 1.65 2.8 2.45
3.15 1.2 3.2 2.4
3.15 1.6 2.8 2.4
3.4 1.9 2.5 2.4
3.0 1.5 2.75 2.25
3.25 1.5 2.7 2.2
3.45 1.55 2.75 2.3
3.25 1.7 2.6 2.3
3.1 1.35 3.05 2.4
3.05 1.55 2.65 2.2
3.2 1.65 2.75 2.4
3.4 1.8 2.55 2.35
3.25 1.3 3.2 2.5
3.4 1.5 2.85 2.35
3.25 1.5 2.6 2.1
3.45 1.65 2.35 2.0
3.3 1.35 3.05 2.4
3.3 1.7 2.6 2.3
3.15 1.75 2.35 2.1
3.55 1.45 2.9 2.35
3.2 1.65 2.55 2.2
3.5 1.6 2.7 2.3
3.25 1.55 2.8 2.35
3.25 1.65 2.5 2.15
3.4 1.7 2.45 2.15
3.3 1.7 2.5 2.2
3.4 1.75 2.5 2.25
2.85 1.5 3.0 2.5
3.2 1.75 2.6 2.35
3.1 1.5 2.65 2.15
3.15 1.75 2.3 2.05
3.25 1.35 2.75 2.1
3.2 1.4 2.95 2.35
3.05 1.8 2.4 2.2
3.1 1.45 2.7 2.15
3.4 2.1 2.15 2.25
3.35 1.55 2.6 2.15
3.25 1.7 2.45 2.15
3.25 1.65 2.6 2.25
3.15 1.6 2.6 2.2
3.15 1.65 2.75 2.4
3.05 1.45 2.75 2.2
3.7 1.85 2.2 2.05
3.2 1.3 2.9 2.2
3.55 1.9 2.4 2.3
3.15 1.55 2.9 2.45
3.35 1.9 2.3 2.2
3.45 1.85 2.3 2.15
3.5 1.75 2.55 2.3
3.1 1.4 2.75 2.15
3.25 1.55 2.95 2.5
3.4 1.6 2.55 2.15
3.5 1.5 2.6 2.1
3.35 1.5 2.8 2.3
3.1 1.7 2.8 2.5
3.45 1.5 2.85 2.35
3.35 1.45 2.85 2.3
3.25 1.6 2.8 2.4
3.2 1.25 2.85 2.1
3.3 1.45 2.95 2.4
3.1 1.3 2.85 2.15
3.6 1.9 2.35 2.25
3.05 1.6 2.85 2.45
3.3 1.6 2.75 2.35
2.85 1.3 3.2 2.5
3.25 1.4 2.85 2.25
3.4 1.8 2.35 2.15
3.6 2.0 2.2 2.2
3.15 1.65 2.8 2.45
3.0 1.4 2.9 2.3
2.9 1.7 2.55 2.25
3.3 1.45 2.75 2.2
3.55 1.55 2.7 2.25
3.25 1.35 2.95 2.3
3.35 1.25 3.0 2.25
3.05 1.45 2.9 2.35
3.4 1.85 2.35 2.2
2.9 1.2 3.3 2.5
3.3 1.4 2.6 2.0
3.45 1.5 2.65 2.15
3.2 1.35 3.0 2.35
3.15 1.65 2.6 2.25
3.55 1.45 2.7 2.15
3.0 1.65 2.65 2.3
3.35 1.6 2.55 2.15
2.85 1.65 3.05 2.7
3.45 1.6 2.7 2.3
3.0 1.45 2.95 2.4
3.55 1.9 2.35 2.25
3.2 1.55 2.95 2.5
3.35 1.8 2.7 2.5
2.95 1.35 2.9 2.25
3.6 1.85 2.45 2.3
3.55 1.75 2.5 2.25
3.4 2.15 2.3 2.45
3.1 1.45 2.7 2.15
3.05 1.4 2.85 2.25
2.85 1.5 2.95 2.45
3.2 1.7 2.7 2.4
3.3 1.45 2.9 2.35
3.2 1.35 2.85 2.2
3.45 1.15 2.95 2.1
2.95 1.7 2.85 2.55
3.15 1.45 2.75 2.2
3.35 1.75 2.3 2.05
2.8 1.55 2.9 2.45
3.55 1.4 2.9 2.3
3.4 1.3 2.85 2.15
3.55 1.75 2.55 2.3
3.4 1.7 2.6 2.3
3.05 1.3 3.15 2.45
3.5 1.75 2.45 2.2
3.45 1.95 2.4 2.35
2.9 1.55 3.05 2.6
3.55 2.15 2.3 2.45
3.25 1.9 2.35 2.25
3.25 1.65 2.7 2.35
3.15 1.3 3.0 2.3
3.75 1.85 2.3 2.15
3.1 1.6 2.75 2.35
3.25 1.75 2.7 2.45
3.7 1.9 2.5 2.4
3.4 1.95 2.2 2.15
3.6 1.7 2.25 1.95
3.75 2.0 2.5 2.5
2.7 1.25 3.1 2.35
3.25 1.2 3.15 2.35
3.1 1.7 2.65 2.35
3.6 1.8 2.7 2.5
3.4 1.9 2.4 2.3
3.25 1.7 2.6 2.3
3.3 1.25 2.9 2.15
3.15 1.7 2.5 2.2
3.4 1.25 3.15 2.4
3.25 1.55 2.65 2.2
3.5 1.6 2.35 1.95
3.4 1.95 2.3 2.25
3.2 1.75 2.55 2.3
3.05 1.25 3.1 2.35
3.2 1.35 2.85 2.2
3.4 1.9 2.4 2.3
3.2 1.6 2.65 2.25
3.55 1.6 2.6 2.2
3.35 1.75 2.45 2.2
3.45 1.65 2.55 2.2
2.85 1.55 2.85 2.4
3.25 1.25 3.15 2.4
3.6 1.9 2.25 2.15
3.2 1.65 2.5 2.15
3.5 1.8 2.2 2.0
3.15 1.65 2.65 2.3
3.1 1.6 2.75 2.35
3.45 1.35 2.75 2.1
3.35 1.75 2.4 2.15
3.5 1.5 2.65 2.15
2.85 1.45 2.8 2.25
3.25 1.8 2.5 2.3
3.3 1.55 2.65 2.2
3.15 1.55 2.8 2.35
3.4 1.8 2.75 2.55
3.2 1.65 2.7 2.35
3.4 2.0 2.5 2.5
3.25 1.85 2.5 2.35
3.15 1.7 2.6 2.3
3.15 1.55 2.75 2.3
3.45 1.7 2.45 2.15
3.5 1.55 2.6 2.15
3.3 1.7 2.65 2.35
3.15 1.7 2.3 2.0
3.0 1.45 2.9 2.35
3.05 1.4 2.85 2.25
2.9 1.5 2.8 2.3
3.45 1.5 2.85 2.35
3.25 1.85 2.5 2.35
3.35 1.65 2.7 2.35
3.2 1.95 2.4 2.35
3.4 1.4 2.8 2.2
3.55 1.7 2.65 2.35
3.6 1.6 2.5 2.1
3.15 1.35 2.8 2.15
3.25 1.8 2.6 2.4
3.55 1.5 2.6 2.1
3.15 1.65 2.7 2.35
3.45 1.55 2.45 2.0
3.4 1.65 2.7 2.35
3.65 1.75 2.6 2.35
3.55 1.75 2.5 2.25
3.2 1.45 2.8 2.25
3.05 1.35 2.95 2.3
3.05 1.55 2.6 2.15
3.25 1.5 2.85 2.35
3.0 1.45 2.65 2.1
2.8 1.55 2.75 2.3
3.25 1.65 2.65 2.3
3.3 1.45 2.65 2.1
2.85 1.4 3.0 2.4
2.8 1.35 3.1 2.45
3.3 1.35 2.95 2.3
3.3 1.5 2.65 2.15
3.05 1.15 3.05 2.2
3.5 1.95 2.4 2.35
3.15 1.8 2.55 2.35
3.35 1.55 2.75 2.3
3.55 1.6 2.45 2.05
2.9 1.55 2.95 2.5
3.45 2.0 2.4 2.4
3.35 1.9 2.4 2.3
3.3 1.55 2.65 2.2
3.3 2.0 2.45 2.45
3.5 1.95 2.45 2.4
3.3 1.45 2.85 2.3
3.65 1.9 2.35 2.25
3.05 1.5 2.85 2.35
3.1 1.15 3.0 2.15
3.35 1.85 2.3 2.15
2.95 1.55 2.8 2.35
3.0 1.75 2.6 2.35
3.1 1.4 2.9 2.3
3.3 1.65 2.85 2.5
3.55 1.8 2.4 2.2
3.55 1.75 2.5 2.25
3.45 1.4 2.9 2.3
3.5 1.6 2.45 2.05
2.85 1.4 2.9 2.3
3.4 1.6 2.7 2.3
3.15 1.3 2.8 2.1
3.55 1.4 2.8 2.2
3.2 1.4 2.9 2.3
3.4 1.8 2.45 2.25
3.5 1.65 2.55 2.2
3.3 1.6 2.7 2.3
3.2 1.55 2.85 2.4
3.2 1.8 2.55 2.35
3.35 1.6 2.5 2.1
3.4 1.6 2.65 2.25
3.35 1.95 2.4 2.35
2.95 1.6 2.7 2.3
2.95 1.3 3.0 2.3
3.45 1.65 2.55 2.2
3.2 1.5 2.75 2.25
3.6 2.0 2.1 2.1
3.25 1.6 2.75 2.35
3.1 1.7 2.6 2.3
3.5 1.8 2.25 2.05
3.6 1.8 2.25 2.05
3.15 1.5 2.6 2.1
3.1 1.65 2.6 2.25
2.85 1.3 2.9 2.2
3.15 1.45 2.8 2.25
3.45 1.55 2.5 2.05
3.25 1.4 3.05 2.45
3.25 1.6 2.6 2.2
3.4 1.5 2.7 2.2
3.45 1.7 2.55 2.25
3.25 1.65 2.55 2.2
3.6 1.9 2.45 2.35
3.25 1.75 2.4 2.15
3.15 1.95 2.5 2.45
3.1 1.65 2.6 2.25
3.35 1.45 2.8 2.25
3.4 1.75 2.5 2.25
3.35 1.55 2.55 2.1
3.5 1.7 2.4 2.1
3.3 1.7 2.45 2.15
3.15 1.5 2.75 2.25
3.3 1.65 2.7 2.35
3.2 1.5 2.95 2.45
3.55 1.9 2.25 2.15
3.35 1.75 2.35 2.1
3.15 1.6 2.7 2.3
3.25 1.65 2.2 1.85
3.1 1.35 2.85 2.2
3.45 1.45 2.85 2.3
3.0 1.6 2.95 2.55
3.25 1.65 2.65 2.3
3.65 1.7 2.5 2.2
3.4 1.4 2.8 2.2
3.45 1.7 2.55 2.25
3.5 1.5 2.7 2.2
3.3 1.4 2.75 2.15
3.35 1.6 2.45 2.05
3.2 1.7 2.5 2.2
3.15 1.55 2.55 2.1
3.1 1.65 2.8 2.45
3.35 1.6 2.85 2.45
3.35 1.65 2.4 2.05
3.1 1.7 2.75 2.45
3.0 1.3 3.2 2.5
3.35 1.8 2.6 2.4
3.15 1.6 2.65 2.25
3.15 1.45 2.85 2.3
3.4 1.7 2.6 2.3
2.95 1.3 2.7 2.0
3.3 1.75 2.55 2.3
3.2 1.55 2.55 2.1
3.25 1.65 2.65 2.3
3.55 1.8 2.35 2.15
2.9 1.4 3.1 2.5
3.2 1.75 2.65 2.4
2.9 1.4 2.8 2.2
3.25 1.5 2.9 2.4
3.3 1.65 2.7 2.35
3.1 1.55 2.85 2.4
3.4 1.55 2.8 2.35
3.35 1.4 2.6 2.0
3.6 1.9 2.35 2.25
3.45 1.55 2.55 2.1
3.35 1.7 2.55 2.25
3.25 1.7 2.45 2.15
3.3 1.8 2.65 2.45
3.2 1.5 2.85 2.35
3.35 1.85 2.35 2.2
3.45 1.85 2.55 2.4
3.25 1.55 2.75 2.3
3.3 1.7 2.55 2.25
3.25 1.55 2.6 2.15
3.2 1.6 2.7 2.3
3.45 1.85 2.45 2.3
3.2 1.4 2.95 2.35
3.2 1.6 2.55 2.15
3.3 1.7 2.55 2.25
3.0 1.3 3.0 2.3
3.3 1.8 2.3 2.1
3.2 1.4 2.85 2.25
3.3 1.4 3.0 2.4
3.25 1.55 2.9 2.45
3.55 1.75 2.45 2.2
3.0 1.7 2.6 2.3
3.35 1.45 2.85 2.3
3.3 1.45 2.7 2.15
2.7 1.6 2.75 2.35
3.5 1.8 2.15 1.95
3.45 1.55 2.6 2.15
3.15 1.6 2.8 2.4
3.3 1.6 2.7 2.3
3.15 1.85 2.65 2.5
3.3 1.55 2.5 2.05
3.15 1.5 2.85 2.35
3.3 1.55 2.8 2.35
3.3 1.7 2.7 2.4
3.4 1.6 2.35 1.95
3.45 1.85 2.45 2.3
3.4 1.6 2.6 2.2
3.55 1.95 2.2 2.15
3.25 1.5 2.9 2.4
3.05 1.4 2.85 2.25
3.3 1.7 2.65 2.35
3.5 1.65 2.3 1.95
3.45 1.5 2.85 2.35
3.4 1.5 2.65 2.15
3.15 1.85 2.4 2.25
3.65 1.55 2.85 2.4
3.35 1.55 2.4 1.95
3.15 1.95 2.65 2.6
3.1 1.75 2.45 2.2
3.5 1.65 2.75 2.4
3.6 1.55 2.5 2.05
3.45 1.75 2.4 2.15
3.25 1.6 2.75 2.35
3.0 1.35 2.85 2.2
3.1 1.55 2.8 2.35
3.0 1.7 2.65 2.35
3.1 1.55 2.75 2.3
3.35 1.55 2.7 2.25
3.2 1.8 2.55 2.35
3.6 1.9 2.75 2.65
3.3 1.3 2.75 2.05
3.55 1.85 2.4 2.25
3.45 1.4 2.65 2.05
3.15 1.55 2.65 2.2
3.15 1.7 2.55 2.25
3.25 1.55 2.55 2.1
3.3 1.85 2.5 2.35
3.35 1.6 2.6 2.2
3.1 1.7 2.7 2.4
3.15 1.45 2.95 2.4
3.05 1.6 2.8 2.4
3.45 1.6 2.5 2.1
2.85 1.3 3.15 2.45
3.6 1.6 2.5 2.1
3.15 1.8 2.55 2.35
3.05 1.35 2.85 2.2
3.65 2.1 2.3 2.4
3.4 1.5 2.65 2.15
3.5 1.6 2.65 2.25
3.3 1.75 2.8 2.55
2.8 1.4 2.75 2.15
3.4 1.6 2.6 2.2
3.25 1.45 2.7 2.15
3.25 1.5 2.6 2.1
3.05 1.35 3.0 2.35
3.45 1.6 2.45 2.05
3.1 1.3 3.2 2.5
3.0 1.5 2.9 2.4
3.4 1.35 2.85 2.2
3.45 1.9 2.45 2.35
3.15 1.4 3.1 2.5
3.25 1.4 3.0 2.4
2.95 1.35 2.75 2.1
3.2 1.7 2.65 2.35
3.1 1.55 2.6 2.15
3.3 1.7 2.6 2.3
2.95 1.45 2.95 2.4
3.0 1.75 2.55 2.3
3.3 1.75 2.55 2.3
3.45 1.85 2.3 2.15
3.35 1.6 2.55 2.15
3.4 1.55 2.8 2.35
3.25 1.65 2.55 2.2
2.9 1.6 2.8 2.4
3.3 1.75 2.7 2.45
3.55 1.9 2.3 2.2
3.25 1.5 2.7 2.2
3.0 1.85 2.55 2.4
2.8 1.7 2.75 2.45
2.95 1.45 2.85 2.3
3.1 1.65 2.85 2.5
3.2 1.8 2.6 2.4
3.45 1.9 2.3 2.2
3.15 1.4 2.85 2.25
3.75 1.75 2.55 2.3
3.3 1.7 2.6 2.3
3.45 1.75 2.7 2.45
3.25 1.55 2.45 2.0
3.15 1.5 2.9 2.4
3.4 1.65 2.65 2.3
3.05 1.4 3.05 2.45
2.95 1.4 3.2 2.6
3.35 1.75 2.4 2.15
3.25 1.15 3.0 2.15
3.15 1.6 2.9 2.5
3.35 1.65 2.75 2.4
3.3 1.75 2.7 2.45
3.75 1.9 2.35 2.25
3.55 1.85 2.3 2.15
3.3 1.65 2.5 2.15
3.6 1.85 2.55 2.4
3.1 1.3 3.0 2.3
3.65 1.8 2.3 2.1
3.3 1.75 2.45 2.2
3.3 1.5 2.7 2.2
3.5 1.4 2.9 2.3
3.2 1.8 2.55 2.35
3.05 1.6 2.35 1.95
3.15 1.3 3.1 2.4
3.25 1.55 2.65 2.2
3.3 1.65 2.65 2.3
3.0 1.3 2.95 2.25
3.5 1.7 2.5 2.2
3.3 1.45 2.8 2.25
2.6 1.15 3.25 2.4
3.35 1.7 2.45 2.15
3.05 1.45 3.0 2.45
3.0 1.6 2.9 2.5
3.55 1.65 2.6 2.25
3.25 1.75 2.55 2.3
2.95 1.5 2.95 2.45
3.35 1.6 2.7 2.3
3.55 1.55 2.6 2.15
3.35 1.55 2.35 1.9
3.2 1.2 3.05 2.25
2.8 1.35 2.85 2.2
3.35 1.7 2.65 2.35
3.1 1.4 2.95 2.35
3.35 1.5 2.8 2.3
3.2 1.55 2.8 2.35
3.45 2.05 2.3 2.35
3.15 1.3 2.8 2.1
3.0 1.4 3.05 2.45
3.2 1.7 2.5 2.2
3.5 1.6 2.55 2.15
3.35 1.65 2.7 2.35
2.9 1.25 3.15 2.4
3.1 1.8 2.7 2.5
3.65 1.7 2.55 2.25
3.3 1.45 2.65 2.1
3.15 1.5 2.8 2.3
3.3 1.6 2.55 2.15
3.25 1.75 2.45 2.2
3.15 1.45 2.7 2.15
3.1 1.55 2.9 2.45
3.3 1.7 2.5 2.2
3.3 1.6 2.85 2.45
3.65 1.65 2.6 2.25
3.55 1.8 2.5 2.3
3.0 1.7 2.65 2.35
3.2 1.85 2.55 2.4
2.85 1.45 3.0 2.45
3.55 2.05 2.3 2.35
3.15 1.6 2.8 2.4
3.2 2.1 2.2 2.3
3.2 1.6 2.85 2.45
3.45 1.7 2.3 2.0
3.35 1.55 2.7 2.25
3.15 1.85 2.45 2.3
3.25 1.55 2.6 2.15
3.55 1.6 2.65 2.25
3.55 1.4 2.7 2.1
3.15 1.65 2.55 2.2
3.4 1.8 2.45 2.25
3.55 1.95 2.1 2.05
3.45 1.6 2.5 2.1
3.75 2.0 2.35 2.35
3.0 1.6 2.85 2.45
3.3 1.65 2.6 2.25
3.3 1.7 2.7 2.4
3.25 1.5 2.85 2.35
3.2 1.45 2.6 2.05
3.25 1.7 2.75 2.45
3.15 1.35 3.1 2.45
3.5 1.55 2.55 2.1
3.65 1.7 2.35 2.05
2.95 1.5 2.85 2.35
3.25 1.5 2.75 2.25
3.15 1.4 2.65 2.05
3.35 1.5 2.5 2.0
3.3 1.55 2.85 2.4
3.1 1.5 2.95 2.45
3.1 1.7 2.8 2.5
3.65 1.95 2.3 2.25
3.6 1.8 2.5 2.3
3.15 1.25 3.1 2.35
3.05 1.6 2.7 2.3
3.5 1.95 2.0 1.95
3.3 1.5 2.85 2.35
3.15 1.8 2.45 2.25
3.4 2.35 2.05 2.4
3.35 1.8 2.35 2.15
3.0 1.6 2.6 2.2
3.05 1.55 2.7 2.25
3.3 1.7 2.65 2.35
2.75 1.25 3.2 2.45
3.55 1.65 2.8 2.45
3.05 1.65 2.7 2.35
3.3 1.6 2.65 2.25
3.6 1.75 2.35 2.1
3.2 1.75 2.65 2.4
3.4 1.75 2.6 2.35
3.6 1.75 2.4 2.15
3.7 2.1 2.2 2.3
3.05 1.85 2.45 2.3
3.35 1.65 2.4 2.05
3.15 1.75 2.7 2.45
3.15 1.45 3.0 2.45
3.2 1.6 2.65 2.25
3.25 1.5 2.75 2.25
2.95 1.4 3.05 2.45
3.1 1.55 2.65 2.2
3.2 1.4 3.1 2.5
3.45 2.05 2.25 2.3
3.6 1.85 2.6 2.45
3.55 1.8 2.35 2.15
3.35 1.5 2.75 2.25
3.45 1.65 2.6 2.25
3.45 1.7 2.55 2.25
3.05 1.6 2.75 2.35
3.3 1.25 2.85 2.1
2.95 1.25 2.8 2.05
2.85 1.7 2.65 2.35
3.4 2.0 2.2 2.2
3.1 2.15 2.25 2.4
2.95 1.6 2.7 2.3
3.1 1.7 2.7 2.4
3.35 1.45 2.7 2.15
3.05 1.35 2.95 2.3
3.55 1.95 2.4 2.35
3.25 1.65 2.6 2.25
3.6 1.85 2.35 2.2
2.9 1.35 3.0 2.35
3.35 1.4 2.7 2.1
2.95 1.2 3.0 2.2
3.85 1.8 2.5 2.3
3.25 1.35 2.75 2.1
3.35 1.6 2.7 2.3
3.35 1.65 2.6 2.25
2.9 1.3 2.9 2.2
3.15 1.65 2.55 2.2
3.05 1.4 2.9 2.3
3.4 1.85 2.65 2.5
3.25 1.55 2.65 2.2
3.4 1.7 2.55 2.25
3.45 2.4 2.05 2.45
3.3 1.6 2.6 2.2
3.35 1.45 2.85 2.3
3.25 1.8 2.2 2.0
3.2 1.5 2.75 2.25
3.15 1.5 2.75 2.25
3.4 1.6 2.55 2.15
3.4 1.7 2.5 2.2
3.35 1.65 2.35 2.0
3.1 1.25 3.1 2.35
3.25 1.75 2.75 2.5
3.15 1.55 2.5 2.05
3.2 1.45 2.85 2.3
3.25 1.8 2.45 2.25
3.3 1.75 2.3 2.05
3.35 1.5 2.6 2.1
3.15 1.8 2.65 2.45
3.55 1.65 2.45 2.1
3.2 1.3 2.85 2.15
3.25 1.8 2.6 2.4
3.2 1.5 2.7 2.2
3.25 1.6 2.6 2.2
3.15 1.5 2.85 2.35
3.6 2.1 2.1 2.2
3.15 1.45 2.7 2.15
3.15 1.55 2.8 2.35
3.05 1.55 2.8 2.35
3.25 1.45 2.85 2.3
3.05 1.35 2.95 2.3
3.6 1.85 2.3 2.15
2.9 1.2 3.1 2.3
3.0 1.25 2.95 2.2
3.4 1.65 2.65 2.3
3.2 1.7 2.65 2.35
2.95 1.7 2.55 2.25
3.3 1.6 2.6 2.2
3.3 1.75 2.5 2.25
3.2 1.85 2.45 2.3
3.25 1.7 2.5 2.2
3.5 1.45 2.7 2.15
3.2 1.7 2.55 2.25
3.25 1.65 2.45 2.1
3.1 1.3 3.0 2.3
3.2 1.45 2.85 2.3
3.1 1.65 2.7 2.35
3.0 1.4 2.8 2.2
3.3 1.6 2.55 2.15
3.3 1.6 2.4 2.0
3.25 1.65 2.75 2.4
3.15 1.7 2.5 2.2
2.9 1.35 3.0 2.35
3.05 1.7 2.45 2.15
3.45 1.7 2.55 2.25
3.35 1.45 2.95 2.4
3.05 1.55 2.85 2.4
3.45 1.6 2.75 2.35
3.45 1.95 2.25 2.2
3.25 1.25 2.85 2.1
3.35 1.95 2.4 2.35
3.55 1.8 2.65 2.45
3.1 1.55 2.75 2.3
3.0 1.5 2.75 2.25
3.1 1.35 3.1 2.45
3.3 1.45 2.95 2.4
3.5 1.5 2.7 2.2
3.15 1.55 2.85 2.4
3.05 1.75 2.6 2.35
3.45 1.85 2.45 2.3
3.3 1.5 2.75 2.25
2.9 1.2 3.15 2.35
3.45 1.6 2.7 2.3
3.3 1.45 2.65 2.1
3.15 1.45 2.8 2.25
3.05 1.55 2.7 2.25
3.3 1.55 2.6 2.15
3.05 1.35 2.9 2.25
3.5 2.0 2.35 2.35
3.1 1.4 2.8 2.2
3.35 1.65 2.45 2.1
3.35 1.7 2.55 2.25
3.3 1.4 3.0 2.4
3.2 1.9 2.4 2.3
2.95 1.45 2.75 2.2
3.3 1.7 2.4 2.1
3.05 1.65 2.6 2.25
3.15 1.3 3.1 2.4
2.95 1.25 2.9 2.15
3.5 1.85 2.2 2.05
3.2 1.2 3.05 2.25
3.15 1.35 2.95 2.3
3.55 2.05 2.25 2.3
3.35 1.45 2.9 2.35
3.35 1.6 2.65 2.25
3.35 1.35 2.95 2.3
3.35 1.15 3.05 2.2
3.15 1.6 2.8 2.4
3.65 1.75 2.45 2.2
3.05 1.65 2.6 2.25
3.0 1.7 2.65 2.35
3.25 1.65 2.8 2.45
2.95 1.45 2.95 2.4
3.15 1.6 2.8 2.4
3.2 1.55 2.8 2.35
3.2 1.45 2.8 2.25
3.0 1.2 3.0 2.2
3.3 1.55 2.8 2.35
3.25 1.5 2.8 2.3
3.0 1.6 2.8 2.4
3.5 1.5 2.55 2.05
3.35 1.45 2.6 2.05
2.9 1.4 2.75 2.15
3.45 1.8 2.55 2.35
3.55 1.65 2.65 2.3
3.2 1.8 2.6 2.4
3.2 1.7 2.6 2.3
3.3 1.7 2.7 2.4
3.15 1.75 2.7 2.45
3.4 1.5 2.6 2.1
3.45 1.7 2.6 2.3
3.3 1.9 2.25 2.15
3.25 1.4 3.05 2.45
3.3 1.6 2.8 2.4
3.3 1.55 2.65 2.2
3.25 1.7 2.6 2.3
3.25 1.55 2.7 2.25
3.3 1.7 2.35 2.05
3.45 1.5 2.75 2.25
3.45 1.7 2.5 2.2
3.35 1.9 2.45 2.35
3.2 1.2 3.05 2.25
3.3 1.55 2.8 2.35
3.2 1.25 3.25 2.5
3.1 1.3 3.1 2.4
3.6 1.6 2.3 1.9
3.25 1.5 2.8 2.3
3.45 1.65 2.65 2.3
3.3 1.7 2.6 2.3
2.65 1.4 3.15 2.55
2.95 1.55 2.6 2.15
3.7 1.85 2.35 2.2
3.2 1.65 2.45 2.1
3.2 1.65 2.6 2.25
3.0 1.75 2.4 2.15
3.55 1.75 2.55 2.3
3.2 2.0 2.45 2.45
3.5 1.6 2.85 2.45
3.6 1.65 2.65 2.3
3.1 1.45 2.95 2.4
3.4 1.65 2.8 2.45
3.4 1.55 2.85 2.4
3.45 1.45 2.75 2.2
3.15 1.5 2.6 2.1
3.25 1.65 2.7 2.35
3.5 2.0 2.2 2.2
3.45 1.9 2.45 2.35
3.3 1.7 2.5 2.2
3.3 1.8 2.35 2.15
3.45 1.6 2.55 2.15
3.35 1.7 2.55 2.25
3.2 1.5 2.7 2.2
3.05 1.65 2.75 2.4
3.15 1.4 2.85 2.25
3.1 1.75 2.65 2.4
3.25 1.5 2.75 2.25
3.25 1.55 2.6 2.15
3.2 1.75 2.5 2.25
3.15 1.05 2.95 2.0
3.3 1.35 3.05 2.4
3.5 1.55 2.75 2.3
3.4 1.65 2.55 2.2
3.25 1.5 2.55 2.05
3.25 1.45 2.8 2.25
3.0 1.55 2.75 2.3
2.9 1.55 2.75 2.3
3.55 1.8 2.45 2.25
2.75 1.6 2.6 2.2
3.25 1.35 2.8 2.15
3.1 1.35 2.85 2.2
3.2 1.6 2.9 2.5
2.95 1.35 2.85 2.2
3.25 1.55 2.5 2.05
3.0 1.3 2.8 2.1
3.5 1.65 2.75 2.4
3.2 1.45 2.8 2.25
3.25 1.5 2.8 2.3
2.75 1.05 3.1 2.15
3.3 1.65 2.55 2.2
3.35 1.9 2.3 2.2
3.25 1.45 2.75 2.2
3.1 1.5 2.75 2.25
3.2 1.75 2.6 2.35
3.55 1.7 2.65 2.35
3.45 1.65 2.55 2.2
3.45 1.7 2.6 2.3
3.25 1.75 2.55 2.3
3.05 1.75 2.45 2.2
3.05 1.55 2.95 2.5
3.3 1.8 2.5 2.3
3.1 1.5 2.7 2.2
3.45 1.6 2.6 2.2
2.85 1.25 3.1 2.35
3.65 1.55 2.65 2.2
2.9 1.55 2.8 2.35
3.35 1.85 2.65 2.5
3.3 1.45 2.75 2.2
3.2 1.4 2.85 2.25
2.95 1.7 2.5 2.2
3.25 1.55 2.75 2.3
3.1 1.4 2.9 2.3
3.3 1.4 2.8 2.2
3.35 1.45 2.65 2.1
3.2 1.5 2.75 2.25
3.3 1.4 2.95 2.35
3.35 1.65 2.55 2.2
3.4 1.6 2.6 2.2
3.15 1.7 2.5 2.2
3.1 1.55 2.9 2.45
3.1 1.2 3.1 2.3
3.45 1.5 2.95 2.45
3.6 1.95 2.35 2.3
3.5 1.7 2.55 2.25
3.6 1.8 2.6 2.4
3.5 1.7 2.45 2.15
3.35 1.4 2.7 2.1
3.2 1.6 2.7 2.3
3.15 1.35 2.9 2.25
3.3 1.8 2.4 2.2
3.35 1.5 2.8 2.3
3.15 1.9 2.55 2.45
3.15 1.45 2.8 2.25
3.15 1.2 3.05 2.25
3.4 1.45 3.1 2.55
3.2 1.7 2.75 2.45
3.4 1.6 2.75 2.35
3.5 1.85 2.35 2.2
3.65 1.85 2.2 2.05
3.0 1.5 2.8 2.3
3.15 1.55 2.7 2.25
3.35 1.65 2.8 2.45
3.4 1.95 2.3 2.25
3.35 2.0 2.35 2.35
3.1 1.35 2.9 2.25
3.15 1.2 3.1 2.3
3.15 1.45 2.9 2.35
3.05 1.45 2.9 2.35
3.4 1.5 2.9 2.4
3.45 2.15 2.05 2.2
3.6 1.75 2.45 2.2
3.25 1.8 2.6 2.4
3.35 1.75 2.6 2.35
3.4 1.75 2.55 2.3
3.05 1.45 3.1 2.55
3.05 1.65 2.75 2.4
3.2 1.55 2.65 2.2
3.3 1.45 2.4 1.85
3.6 1.95 2.2 2.15
3.25 1.55 2.6 2.15
3.2 1.6 2.35 1.95
3.3 1.6 2.8 2.4
3.55 1.7 2.65 2.35
3.15 1.5 2.65 2.15
3.15 1.4 2.8 2.2
3.4 1.6 2.7 2.3
3.5 1.4 2.8 2.2
3.55 1.85 2.45 2.3
3.45 1.75 2.55 2.3
3.5 1.4 2.75 2.15
3.65 2.05 2.2 2.25
3.1 1.6 2.75 2.35
3.15 1.4 2.75 2.15
3.65 1.85 2.55 2.4
3.55 1.7 2.4 2.1
3.45 1.9 2.3 2.2
2.9 1.35 3.0 2.35
3.5 1.8 2.45 2.25
3.2 1.35 3.0 2.35
3.3 1.85 2.35 2.2
3.25 1.6 2.75 2.35
3.25 1.6 2.6 2.2
3.25 1.55 2.9 2.45
3.7 2.05 2.05 2.1
3.05 1.35 3.0 2.35
3.3 1.85 2.3 2.15
3.35 1.75 2.45 2.2
3.25 2.05 2.45 2.5
3.1 1.35 2.95 2.3
3.3 1.55 2.7 2.25
3.4 1.65 2.7 2.35
3.3 1.45 3.1 2.55
3.1 1.25 3.1 2.35
3.1 1.6 2.95 2.55
3.3 1.7 2.55 2.25
3.5 1.6 2.75 2.35
3.3 1.7 2.6 2.3
3.5 1.65 2.55 2.2
3.25 1.85 2.35 2.2
3.05 1.4 2.8 2.2
3.4 1.45 2.55 2.0
3.35 2.1 2.3 2.4
3.05 1.2 3.1 2.3
2.7 1.25 3.05 2.3
3.15 1.45 2.55 2.0
3.35 1.4 2.85 2.25
3.0 1.45 2.7 2.15
3.25 1.75 2.7 2.45
3.3 1.5 2.65 2.15
3.65 2.3 2.35 2.65
3.45 1.5 2.55 2.05
2.95 1.45 2.65 2.1
3.35 1.6 2.6 2.2
3.4 1.55 2.7 2.25
3.35 1.8 2.55 2.35
3.3 1.9 2.4 2.3
2.95 1.45 3.1 2.55
3.4 1.65 2.6 2.25
3.4 1.6 2.75 2.35
3.6 1.8 2.4 2.2
3.75 1.85 2.4 2.25
3.1 1.25 2.85 2.1
3.15 1.15 3.15 2.3
3.25 1.55 2.75 2.3
3.45 1.85 2.4 2.25
3.5 1.65 2.6 2.25
3.35 1.7 2.55 2.25
3.3 1.55 2.8 2.35
3.45 1.95 2.3 2.25
3.1 1.6 2.7 2.3
3.0 1.55 3.0 2.55
2.95 1.4 2.85 2.25
3.6 2.1 2.25 2.35
3.15 1.5 2.75 2.25
3.6 1.25 2.75 2.0
3.05 1.6 2.8 2.4
3.2 1.8 2.65 2.45
2.8 1.5 2.95 2.45
3.15 1.25 2.95 2.2
3.1 1.35 3.0 2.35
3.1 1.85 2.55 2.4
3.25 2.0 2.3 2.3
3.25 1.8 2.6 2.4
3.25 1.75 2.75 2.5
3.35 1.35 2.8 2.15
3.2 1.4 2.9 2.3
3.25 1.6 2.6 2.2
3.55 1.95 2.25 2.2
3.4 1.7 2.65 2.35
3.0 1.35 3.15 2.5
3.1 1.5 2.85 2.35
3.15 1.75 2.45 2.2
3.1 1.35 2.8 2.15
3.4 1.55 2.85 2.4
3.0 1.5 2.9 2.4
3.0 1.35 2.9 2.25
3.3 1.45 2.75 2.2
3.35 1.55 2.6 2.15
3.7 1.6 2.7 2.3
3.25 1.7 2.45 2.15
3.2 1.55 2.85 2.4
2.9 1.3 3.15 2.45
3.1 1.65 2.7 2.35
3.1 1.7 2.65 2.35
3.05 1.7 2.4 2.1
3.3 1.55 2.7 2.25
3.25 1.5 2.7 2.2
3.3 1.5 2.8 2.3
3.6 2.25 2.05 2.3
3.1 1.4 2.85 2.25
2.9 1.35 2.7 2.05
3.05 1.35 2.85 2.2
3.1 1.65 2.8 2.45
3.2 1.65 2.7 2.35
2.95 1.45 2.65 2.1
3.25 1.25 3.1 2.35
3.45 1.45 2.95 2.4
3.4 1.4 2.85 2.25
3.4 1.9 2.5 2.4
3.5 1.8 2.3 2.1
3.4 1.7 2.85 2.55
3.65 1.65 2.55 2.2
2.95 1.25 2.9 2.15
3.0 1.55 2.9 2.45
3.3 1.5 2.6 2.1
3.45 1.95 2.35 2.3
3.35 1.4 2.8 2.2
3.1 1.55 2.6 2.15
3.75 1.9 2.35 2.25
3.5 1.45 2.8 2.25
3.4 1.95 2.4 2.35
3.2 1.65 2.45 2.1
2.95 1.35 3.1 2.45
3.4 1.7 2.6 2.3
3.05 1.7 2.5 2.2
3.35 2.0 2.35 2.35
3.4 1.7 2.5 2.2
3.45 1.75 2.9 2.65
3.4 1.55 2.65 2.2
3.15 1.4 2.9 2.3
3.0 1.75 2.7 2.45
3.5 2.0 2.15 2.15
3.35 1.4 2.8 2.2
3.35 1.6 2.65 2.25
3.15 1.4 2.75 2.15
3.05 1.65 2.65 2.3
3.5 1.6 2.6 2.2
3.3 1.5 2.8 2.3
3.55 1.85 2.55 2.4
3.65 1.45 2.55 2.0
3.45 2.05 2.3 2.35
3.15 1.45 2.7 2.15
3.3 1.7 2.55 2.25
3.4 1.8 2.3 2.1
3.4 1.7 2.55 2.25
3.75 1.85 2.55 2.4
3.0 1.45 2.9 2.35
3.0 1.55 2.85 2.4
3.05 1.5 2.8 2.3
3.2 1.35 2.8 2.15
3.1 1.55 2.45 2.0
3.35 1.65 2.7 2.35
3.1 1.5 3.05 2.55
3.25 1.45 2.8 2.25
3.4 1.5 2.7 2.2
3.35 1.75 2.55 2.3
2.85 1.65 2.8 2.45
3.3 1.45 2.85 2.3
3.45 1.6 2.55 2.15
2.9 1.5 2.85 2.35
3.55 1.9 2.5 2.4
3.4 1.65 2.55 2.2
3.2 1.45 3.05 2.5
3.3 1.65 2.4 2.05
3.5 1.6 2.7 2.3
3.5 1.75 2.6 2.35
3.25 1.5 2.65 2.15
3.0 1.65 2.85 2.5
3.45 1.75 2.5 2.25
3.1 1.45 2.75 2.2
3.05 1.7 2.8 2.5
3.4 1.6 2.7 2.3
3.45 1.4 2.8 2.2
3.1 1.5 2.95 2.45
3.35 1.6 2.55 2.15
2.65 1.45 3.0 2.45
3.45 1.6 2.7 2.3
3.35 1.35 2.9 2.25
3.1 1.85 2.55 2.4
3.2 2.0 2.45 2.45
2.9 1.4 3.0 2.4
3.45 1.65 2.65 2.3
3.5 1.6 2.75 2.35
3.4 1.85 2.45 2.3
3.2 1.45 2.9 2.35
3.05 1.6 2.6 2.2
2.95 1.6 2.65 2.25
3.05 1.75 2.6 2.35
3.25 1.45 2.9 2.35
3.2 1.6 2.65 2.25
3.45 1.7 2.5 2.2
3.5 1.65 2.6 2.25
3.25 1.5 2.95 2.45
3.05 1.45 3.1 2.55
2.75 1.4 3.1 2.5
3.3 1.7 2.75 2.45
3.4 1.5 2.7 2.2
3.3 1.6 2.5 2.1
3.35 1.7 2.55 2.25
3.35 1.95 2.6 2.55
3.65 1.55 2.4 1.95
3.3 1.95 2.2 2.15
3.3 1.55 2.6 2.15
3.15 1.6 2.65 2.25
3.15 1.65 2.65 2.3
3.2 1.45 2.85 2.3
3.2 1.5 2.9 2.4
3.25 1.55 2.6 2.15
3.35 1.55 2.7 2.25
3.5 1.75 2.4 2.15
3.0 1.65 2.75 2.4
3.55 2.05 2.15 2.2
3.05 1.6 2.6 2.2
3.05 1.35 3.1 2.45
3.4 1.45 2.7 2.15
2.8 1.6 2.75 2.35
3.4 1.45 2.75 2.2
3.05 1.75 2.6 2.35
3.45 2.1 2.3 2.4
3.1 1.35 2.95 2.3
3.35 1.75 2.45 2.2
3.25 1.45 2.95 2.4
3.25 1.5 2.5 2.0
3.15 1.3 3.1 2.4
3.65 2.0 2.35 2.35
3.25 1.55 2.85 2.4
3.0 1.4 3.0 2.4
3.2 1.65 2.45 2.1
3.3 1.7 2.65 2.35
3.2 1.35 3.0 2.35
3.15 1.65 2.7 2.35
3.6 1.9 2.35 2.25
3.6 1.85 2.4 2.25
3.3 2.05 2.1 2.15
3.55 1.75 2.55 2.3
3.45 1.55 2.8 2.35
3.0 1.45 3.05 2.5
3.25 1.7 2.5 2.2
3.35 1.75 2.3 2.05
3.55 1.9 2.5 2.4
3.45 1.7 2.45 2.15
3.35 1.6 2.55 2.15
3.35 1.85 2.55 2.4
3.45 1.8 2.35 2.15
3.5 2.0 2.35 2.35
3.25 1.6 2.7 2.3
3.4 1.7 2.65 2.35
3.1 1.35 3.15 2.5
2.95 1.4 2.75 2.15
3.25 1.6 2.75 2.35
3.3 1.65 2.6 2.25
3.2 1.5 2.45 1.95
3.4 1.7 2.5 2.2
3.4 1.8 2.6 2.4
3.25 1.75 2.45 2.2
3.4 1.7 2.5 2.2
2.9 1.25 2.95 2.2
3.6 1.45 2.5 1.95
3.2 1.55 2.85 2.4
3.2 1.7 2.65 2.35
3.35 1.4 2.85 2.25
3.3 1.7 2.45 2.15
3.35 1.6 2.8 2.4
3.1 1.5 2.8 2.3
3.75 2.15 2.1 2.25
3.4 1.4 2.8 2.2
3.45 1.5 2.5 2.0
2.9 1.3 3.0 2.3
3.45 1.45 2.5 1.95
3.25 1.85 2.3 2.15
3.5 1.6 2.6 2.2
3.35 1.75 2.5 2.25
3.1 1.65 2.55 2.2
3.3 1.05 3.55 2.6
3.2 1.55 2.75 2.3
3.5 1.45 2.9 2.35
3.25 1.5 2.7 2.2
3.15 1.45 2.85 2.3
3.45 1.7 2.45 2.15
3.7 1.85 2.3 2.15
3.6 1.55 2.45 2.0
3.35 1.5 2.8 2.3
3.5 1.85 2.3 2.15
3.0 1.6 2.7 2.3
3.0 1.5 2.8 2.3
3.4 1.65 2.35 2.0
3.25 1.55 2.7 2.25
3.25 1.6 2.7 2.3
3.15 1.7 2.75 2.45
3.4 1.8 2.55 2.35
3.35 1.75 2.4 2.15
3.3 1.55 2.75 2.3
3.1 1.5 2.65 2.15
3.3 1.7 2.45 2.15
3.05 1.3 3.1 2.4
3.0 1.5 2.9 2.4
3.15 1.85 2.6 2.45
3.2 1.6 2.7 2.3
3.3 1.7 2.6 2.3
3.45 1.75 2.5 2.25
3.35 1.45 2.5 1.95
3.4 1.4 2.7 2.1
3.25 1.8 2.45 2.25
3.4 1.6 2.65 2.25
3.05 1.45 2.75 2.2
3.35 1.55 2.7 2.25
3.35 1.45 2.65 2.1
3.5 1.65 2.5 2.15
3.05 1.8 2.55 2.35
3.15 1.45 2.75 2.2
3.25 1.3 2.9 2.2
3.1 1.65 2.75 2.4
3.65 1.6 2.6 2.2
3.35 1.8 2.5 2.3
3.15 1.6 2.6 2.2
3.55 1.75 2.5 2.25
3.4 1.6 2.55 2.15
3.15 1.55 2.5 2.05
3.35 1.55 2.7 2.25
3.3 1.5 2.7 2.2
3.0 1.65 2.55 2.2
3.25 1.45 2.85 2.3
3.2 1.7 2.5 2.2
3.4 1.55 2.5 2.05
3.2 1.75 2.5 2.25
3.0 1.45 2.85 2.3
2.95 1.6 2.7 2.3
3.7 1.45 2.7 2.15
3.1 1.55 2.75 2.3
3.25 1.5 2.5 2.0
3.25 1.5 2.7 2.2
3.35 1.65 2.45 2.1
3.15 1.6 2.8 2.4
3.2 1.5 2.95 2.45
3.55 1.8 2.45 2.25
3.0 1.1 3.05 2.15
3.45 1.3 2.95 2.25
3.3 1.25 2.85 2.1
3.2 1.45 2.85 2.3
3.2 1.4 2.8 2.2
3.35 1.4 2.8 2.2
3.3 1.65 2.6 2.25
3.65 1.6 2.65 2.25
3.05 1.35 2.75 2.1
3.25 1.3 2.85 2.15
3.3 1.85 2.35 2.2
3.25 1.35 2.85 2.2
3.4 1.5 2.8 2.3
3.2 1.7 2.6 2.3
3.1 1.45 2.8 2.25
3.45 1.95 2.55 2.5
3.0 1.5 2.9 2.4
3.0 1.25 3.1 2.35
3.4 1.6 2.45 2.05
3.0 1.6 2.75 2.35
3.35 1.65 2.55 2.2
3.4 1.65 2.65 2.3
3.3 1.55 2.55 2.1
3.3 2.0 2.15 2.15
3.35 1.8 2.4 2.2
3.15 1.5 2.9 2.4
3.55 1.9 2.45 2.35
3.6 1.85 2.25 2.1
3.05 1.35 3.05 2.4
3.0 1.6 2.75 2.35
2.85 1.45 2.7 2.15
3.3 1.6 2.75 2.35
3.45 1.85 2.45 2.3
3.2 1.55 2.6 2.15
3.45 1.4 2.95 2.35
3.2 1.95 2.7 2.65
3.15 1.5 2.85 2.35
3.1 1.5 2.8 2.3
3.45 1.65 2.65 2.3
3.15 1.6 2.5 2.1
3.15 1.5 2.6 2.1
3.2 1.35 2.8 2.15
3.0 1.5 2.85 2.35
3.35 2.05 2.4 2.45
3.3 1.65 2.55 2.2
3.35 1.85 2.2 2.05
3.3 1.85 2.2 2.05
3.35 1.35 2.75 2.1
3.05 1.45 3.0 2.45
3.25 1.85 2.5 2.35
3.1 1.4 2.8 2.2
3.65 1.55 2.4 1.95
2.85 1.3 3.15 2.45
3.55 1.85 2.55 2.4
2.9 1.35 3.0 2.35
3.45 1.5 2.85 2.35
3.35 1.4 2.8 2.2
3.3 1.65 2.6 2.25
3.5 1.65 2.35 2.0
3.05 1.65 2.65 2.3
3.5 1.45 2.85 2.3
2.9 1.2 3.25 2.45
2.85 1.75 2.8 2.55
3.45 1.85 2.15 2.0
3.2 1.4 2.65 2.05
2.85 1.7 2.55 2.25
3.05 1.55 2.9 2.45
3.15 1.3 2.8 2.1
3.15 1.35 2.9 2.25
3.5 1.75 2.75 2.5
3.05 1.5 2.8 2.3
3.1 1.75 2.3 2.05
3.5 1.25 3.1 2.35
3.3 1.8 2.55 2.35
3.6 1.85 2.2 2.05
3.3 1.45 2.7 2.15
3.6 1.9 2.3 2.2
3.55 1.95 2.3 2.25
3.35 1.65 2.35 2.0
3.55 1.5 2.85 2.35
3.15 1.9 2.45 2.35
3.15 1.45 2.75 2.2
2.85 1.3 2.9 2.2
3.6 2.15 2.1 2.25
2.9 1.5 3.0 2.5
3.35 1.85 2.55 2.4
3.3 1.65 2.65 2.3
3.0 1.4 3.0 2.4
3.6 2.0 2.4 2.4
3.05 1.55 2.9 2.45
3.3 1.3 2.85 2.15
3.2 1.7 2.55 2.25
3.35 1.5 2.75 2.25
3.2 1.55 2.65 2.2
3.05 1.6 2.55 2.15
3.65 1.95 2.3 2.25
2.8 1.3 3.05 2.35
2.55 1.25 3.15 2.4
2.95 1.15 3.1 2.25
3.25 1.3 3.05 2.35
3.75 2.1 2.05 2.15
3.15 1.75 2.5 2.25
3.35 1.85 2.55 2.4
3.1 1.5 2.65 2.15
3.1 1.65 2.85 2.5
3.45 1.6 2.65 2.25
3.25 1.75 2.4 2.15
3.5 1.8 2.55 2.35
3.6 1.75 2.35 2.1
3.0 1.55 2.7 2.25
2.95 1.3 3.05 2.35
3.35 1.45 2.55 2.0
2.85 1.45 2.7 2.15
3.25 1.55 2.5 2.05
3.1 1.5 2.9 2.4
3.2 1.35 3.05 2.4
3.1 1.45 2.8 2.25
2.9 1.75 2.6 2.35
3.35 1.65 2.6 2.25
3.65 1.55 2.85 2.4
3.1 1.6 2.95 2.55
3.2 1.55 2.7 2.25
3.2 1.65 2.8 2.45
3.45 1.2 3.0 2.2
3.4 1.65 2.45 2.1
3.4 1.85 2.5 2.35
3.5 1.7 2.3 2.0
3.2 1.55 2.85 2.4
3.15 1.4 2.9 2.3
3.35 1.55 2.65 2.2
2.95 1.6 2.8 2.4
3.0 1.3 3.0 2.3
2.8 1.55 2.9 2.45
3.7 2.2 2.2 2.4
3.1 1.6 2.7 2.3
3.5 1.6 2.85 2.45
2.9 1.6 3.0 2.6
3.0 1.65 2.8 2.45
3.15 1.85 2.5 2.35
3.7 1.45 2.8 2.25
2.85 1.6 2.9 2.5
3.45 1.9 2.35 2.25
3.2 1.85 2.5 2.35
3.4 1.5 2.85 2.35
3.75 1.85 2.25 2.1
3.4 1.75 2.6 2.35
2.8 1.3 3.1 2.4
3.3 1.6 2.7 2.3
3.4 1.5 2.65 2.15
3.1 1.5 2.85 2.35
3.5 1.65 2.5 2.15
3.4 1.3 3.2 2.5
2.9 1.4 2.75 2.15
3.5 1.4 2.8 2.2
3.1 1.55 2.7 2.25
2.85 1.45 2.75 2.2
3.25 1.45 2.7 2.15
3.05 1.75 2.6 2.35
3.5 1.8 2.35 2.15
3.15 1.8 2.45 2.25
3.2 1.55 2.75 2.3
3.3 1.55 2.65 2.2
3.5 2.0 2.35 2.35
3.15 1.7 2.75 2.45
3.25 1.6 2.7 2.3
3.4 1.55 2.75 2.3
2.75 1.45 3.15 2.6
3.55 1.95 2.2 2.15
3.35 1.75 2.75 2.5
3.4 1.6 2.85 2.45
3.3 1.6 2.5 2.1
3.4 1.5 2.7 2.2
3.0 1.45 2.8 2.25
3.5 1.95 2.35 2.3
3.3 1.8 2.35 2.15
2.75 1.55 3.1 2.65
3.3 1.8 2.35 2.15
3.45 1.7 2.65 2.35
3.25 1.45 3.05 2.5
3.8 1.6 2.65 2.25
3.4 1.95 2.25 2.2
3.3 1.8 2.55 2.35
3.25 1.45 2.7 2.15
3.1 1.45 2.7 2.15
3.65 1.95 2.6 2.55
3.3 1.9 2.35 2.25
3.2 1.5 2.7 2.2
3.5 1.85 2.4 2.25
3.5 2.05 2.15 2.2
3.1 1.25 3.05 2.3
2.95 1.4 2.8 2.2
3.65 1.75 2.2 1.95
3.1 1.5 2.7 2.2
3.25 1.85 2.35 2.2
3.4 1.6 2.65 2.25
3.2 1.75 2.65 2.4
3.05 1.55 2.8 2.35
3.1 1.3 3.0 2.3
3.3 1.7 2.75 2.45
3.25 1.95 2.5 2.45
3.3 1.6 2.6 2.2
3.35 1.65 2.35 2.0
3.6 1.75 2.35 2.1
3.2 1.55 2.5 2.05
3.5 1.9 2.2 2.1
3.4 1.55 2.5 2.05
3.3 1.85 2.4 2.25
3.5 1.7 2.4 2.1
2.95 1.55 2.85 2.4
2.85 1.5 2.85 2.35
3.55 1.8 2.45 2.25
3.05 1.65 2.65 2.3
3.45 1.2 3.1 2.3
2.75 1.5 2.8 2.3
3.3 1.65 2.65 2.3
3.05 1.9 2.4 2.3
3.25 1.55 2.75 2.3
2.95 1.4 3.1 2.5
3.8 1.85 2.35 2.2
3.45 1.8 2.4 2.2
2.95 1.55 2.7 2.25
3.1 1.2 3.1 2.3
3.55 1.95 2.1 2.05
3.3 1.6 2.8 2.4
3.2 2.0 2.5 2.5
3.2 1.8 2.35 2.15
2.95 1.4 3.05 2.45
3.4 1.45 2.9 2.35
2.9 1.95 2.6 2.55
2.85 1.15 3.15 2.3
3.05 1.6 2.75 2.35
3.75 1.85 2.3 2.15
3.6 1.85 2.35 2.2
3.8 2.05 2.45 2.5
3.35 1.95 2.45 2.4
3.2 1.6 2.55 2.15
3.05 1.5 2.9 2.4
3.5 1.7 2.25 1.95
3.3 1.65 2.6 2.25
3.1 1.25 3.0 2.25
3.5 2.1 2.2 2.3
3.15 1.9 2.5 2.4
3.4 1.35 2.85 2.2
2.8 1.5 3.05 2.55
3.3 1.35 2.85 2.2
3.05 1.6 2.75 2.35
3.25 1.95 2.4 2.35
3.25 1.35 2.75 2.1
3.3 1.65 2.65 2.3
3.0 1.55 2.85 2.4
3.3 1.65 2.8 2.45
3.45 1.65 2.6 2.25
3.35 1.85 2.6 2.45
3.45 1.75 2.6 2.35
3.1 1.35 2.95 2.3
2.9 1.45 2.7 2.15
3.3 1.7 2.6 2.3
3.4 1.5 2.65 2.15
3.45 1.5 2.6 2.1
3.55 1.6 2.6 2.2
3.15 1.35 3.05 2.4
2.95 1.6 2.9 2.5
3.45 1.85 2.4 2.25
3.1 1.6 2.7 2.3
3.3 1.5 2.6 2.1
3.0 1.5 2.7 2.2
3.3 1.55 2.7 2.25
3.35 1.95 2.15 2.1
3.5 1.9 2.45 2.35
2.8 1.35 3.0 2.35
3.2 1.9 2.5 2.4
3.2 1.7 2.6 2.3
3.3 1.75 2.35 2.1
3.5 1.75 2.6 2.35
3.25 1.4 2.75 2.15
3.2 1.45 2.85 2.3
3.75 1.85 2.3 2.15
3.35 1.6 2.35 1.95
3.1 1.5 2.85 2.35
3.2 1.4 3.0 2.4
3.65 2.15 2.25 2.4
3.1 1.55 2.75 2.3
3.05 1.5 2.7 2.2
3.25 1.85 2.45 2.3
3.25 1.75 2.55 2.3
3.55 1.4 2.95 2.35
3.2 1.7 2.55 2.25
3.45 1.85 2.5 2.35
3.25 1.45 2.85 2.3
3.35 1.65 2.35 2.0
2.95 1.5 2.8 2.3
3.45 1.9 2.4 2.3
2.9 1.55 2.95 2.5
3.1 1.35 2.7 2.05
3.4 1.7 2.45 2.15
3.3 1.4 2.9 2.3
3.45 1.8 2.45 2.25
2.85 1.6 2.75 2.35
3.2 1.9 2.45 2.35
2.95 1.5 2.95 2.45
3.05 1.2 2.8 2.0
3.3 1.25 2.8 2.05
2.95 1.6 2.75 2.35
3.4 1.4 2.8 2.2
3.6 1.75 2.55 2.3
3.05 1.35 3.05 2.4
3.15 1.35 2.85 2.2
3.25 1.5 2.75 2.25
2.75 1.35 3.0 2.35
3.05 1.4 2.9 2.3
3.25 1.35 2.75 2.1
3.7 1.9 2.25 2.15
3.05 1.35 3.05 2.4
3.1 1.75 2.45 2.2
3.5 1.8 2.2 2.0
3.2 1.45 2.8 2.25
3.55 1.7 2.45 2.15
2.95 1.65 2.55 2.2
3.15 1.7 2.65 2.35
2.9 1.55 2.75 2.3
3.45 1.8 2.45 2.25
3.65 2.05 2.3 2.35
3.3 1.6 2.7 2.3
3.05 1.4 2.85 2.25
3.35 1.85 2.4 2.25
3.2 2.0 2.35 2.35
3.55 1.65 2.6 2.25
3.45 1.7 2.6 2.3
3.35 1.5 2.6 2.1
3.45 1.75 2.5 2.25
2.95 1.8 2.65 2.45
3.5 1.65 2.6 2.25
3.3 1.45 2.75 2.2
3.2 1.4 2.95 2.35
3.25 1.5 3.0 2.5
2.9 1.65 2.6 2.25
3.3 1.4 2.85 2.25
3.05 1.45 2.65 2.1
3.25 1.45 3.05 2.5
3.2 1.85 2.6 2.45
3.15 1.6 2.8 2.4
3.1 1.75 2.4 2.15
3.2 1.65 2.6 2.25
2.9 1.65 2.75 2.4
3.0 1.2 2.85 2.05
2.95 1.6 2.65 2.25
3.25 1.75 2.6 2.35
3.35 1.6 2.9 2.5
2.75 1.5 3.0 2.5
3.1 1.6 2.55 2.15
3.2 1.55 2.6 2.15
3.0 1.55 2.6 2.15
3.1 1.4 2.85 2.25
3.4 2.1 2.35 2.45
3.25 1.8 2.45 2.25
3.3 1.6 2.65 2.25
3.55 1.75 2.5 2.25
3.45 2.05 2.3 2.35
3.2 1.85 2.25 2.1
3.25 1.85 2.5 2.35
3.55 1.7 2.4 2.1
2.7 1.45 3.05 2.5
3.25 1.45 2.75 2.2
3.45 1.65 2.6 2.25
3.4 1.55 2.65 2.2
2.95 1.35 2.95 2.3
3.2 1.65 2.7 2.35
3.65 1.55 2.85 2.4
3.3 1.8 2.35 2.15
3.55 1.55 2.65 2.2
3.05 1.5 2.8 2.3
3.1 1.6 2.9 2.5
3.15 1.75 2.65 2.4
3.1 1.3 3.1 2.4
3.0 1.5 2.6 2.1
3.2 1.55 2.75 2.3
3.25 1.85 2.6 2.45
3.25 1.5 2.8 2.3
3.4 2.0 2.4 2.4
3.4 1.95 2.2 2.15
3.6 2.0 2.4 2.4
3.45 1.75 2.35 2.1
3.3 1.35 2.75 2.1
3.25 1.65 2.75 2.4
3.3 1.55 2.85 2.4
3.45 1.75 2.35 2.1
3.5 1.7 2.65 2.35
3.05 1.55 2.7 2.25
3.65 2.05 2.15 2.2
3.45 1.45 2.85 2.3
3.15 1.85 2.6 2.45
3.3 1.6 2.85 2.45
3.05 1.4 2.85 2.25
3.45 1.55 2.85 2.4
3.25 1.7 2.75 2.45
3.25 1.2 3.05 2.25
3.25 1.75 2.5 2.25
3.05 1.45 2.9 2.35
3.45 1.4 3.0 2.4
3.4 1.65 2.7 2.35
3.35 1.75 2.35 2.1
3.05 1.25 3.2 2.45
2.95 1.45 2.8 2.25
3.55 1.7 2.45 2.15
3.4 1.85 2.25 2.1
3.15 1.7 2.45 2.15
3.05 1.55 2.95 2.5
3.0 1.25 3.0 2.25
3.35 1.6 2.7 2.3
3.25 1.45 2.65 2.1
3.35 1.35 2.75 2.1
3.15 1.45 2.85 2.3
3.3 1.5 2.75 2.25
3.45 1.65 2.55 2.2
3.1 1.5 2.75 2.25
3.0 1.55 3.05 2.6
3.2 1.45 2.8 2.25
3.25 1.8 2.55 2.35
2.95 1.5 2.85 2.35
3.2 1.55 2.7 2.25
3.1 1.4 3.05 2.45
3.25 1.5 2.65 2.15
3.2 1.9 2.25 2.15
3.3 1.7 2.7 2.4
3.1 1.4 2.75 2.15
3.55 1.75 2.45 2.2
3.45 1.3 2.9 2.2
3.4 1.85 2.6 2.45
3.5 1.45 2.9 2.35
3.65 1.9 2.6 2.5
3.7 1.6 2.65 2.25
3.25 1.25 2.7 1.95
3.35 1.7 2.4 2.1
3.3 1.55 2.65 2.2
2.9 1.4 3.0 2.4
3.4 1.7 2.5 2.2
3.25 1.6 2.75 2.35
3.1 1.5 2.55 2.05
3.0 1.6 2.7 2.3
3.4 1.7 2.3 2.0
3.55 1.65 2.55 2.2
3.35 1.8 2.3 2.1
3.0 1.3 3.2 2.5
3.4 1.3 3.2 2.5
3.2 1.45 2.75 2.2
3.3 1.85 2.4 2.25
3.2 1.5 2.95 2.45
3.3 1.85 2.5 2.35
3.5 1.65 2.35 2.0
3.25 1.55 2.55 2.1
3.2 1.4 3.0 2.4
3.3 1.5 2.6 2.1
2.95 1.4 2.95 2.35
3.3 1.6 2.9 2.5
3.0 1.5 2.7 2.2
3.4 1.7 2.5 2.2
3.5 2.0 2.35 2.35
3.0 1.55 2.6 2.15
3.2 1.4 2.85 2.25
3.25 1.5 2.65 2.15
3.45 1.3 2.9 2.2
3.15 1.45 2.7 2.15
3.1 1.55 2.9 2.45
3.2 1.45 3.0 2.45
3.3 1.55 2.7 2.25
3.6 1.65 2.45 2.1
3.35 1.6 2.7 2.3
3.5 1.6 2.55 2.15
3.4 1.3 3.1 2.4
3.5 1.7 2.3 2.0
3.3 1.35 2.95 2.3
3.25 1.55 2.6 2.15
3.45 1.85 2.45 2.3
3.5 1.8 2.4 2.2
3.0 1.65 2.6 2.25
3.35 1.7 2.75 2.45
2.95 1.35 3.05 2.4
3.4 1.5 2.7 2.2
2.95 1.5 2.85 2.35
3.6 1.9 2.5 2.4
3.55 1.7 2.6 2.3
2.95 1.4 3.0 2.4
3.05 1.55 2.75 2.3
3.5 1.75 2.4 2.15
3.1 1.4 3.05 2.45
3.1 1.4 2.95 2.35
3.35 2.0 2.35 2.35
3.1 1.6 2.6 2.2
3.2 1.45 2.5 1.95
3.25 1.65 2.6 2.25
3.3 1.65 2.85 2.5
3.1 1.6 2.65 2.25
3.25 1.3 3.0 2.3
3.55 1.7 2.55 2.25
2.9 1.05 3.15 2.2
3.25 1.4 2.75 2.15
3.2 1.6 2.7 2.3
3.5 2.0 2.5 2.5
3.25 1.85 2.45 2.3
3.35 1.65 2.75 2.4
3.5 1.65 2.6 2.25
3.2 1.45 2.8 2.25
3.55 1.55 2.6 2.15
3.15 1.6 2.6 2.2
3.3 1.5 2.65 2.15
3.3 1.8 2.4 2.2
3.2 1.65 2.5 2.15
3.6 1.6 2.35 1.95
3.2 1.5 2.55 2.05
3.25 1.4 2.8 2.2
3.35 1.5 2.85 2.35
3.65 1.65 2.65 2.3
3.05 1.55 2.75 2.3
3.0 1.6 2.55 2.15
3.1 1.4 2.8 2.2
3.3 1.7 2.5 2.2
2.85 1.4 2.95 2.35
3.4 1.8 2.5 2.3
3.3 1.45 2.85 2.3
3.15 1.6 2.6 2.2
3.2 1.5 2.65 2.15
3.5 1.5 2.55 2.05
3.05 1.35 2.95 2.3
3.3 1.35 2.6 1.95
3.1 1.85 2.4 2.25
3.3 1.45 2.75 2.2
3.1 1.6 2.55 2.15
3.55 1.7 2.5 2.2
2.85 1.3 2.9 2.2
3.0 1.6 2.8 2.4
3.55 1.75 2.4 2.15
3.25 1.35 2.8 2.15
3.2 1.4 2.75 2.15
3.25 1.8 2.6 2.4
3.2 1.75 2.5 2.25
3.4 1.8 2.4 2.2
2.85 1.7 2.55 2.25
3.35 1.4 2.8 2.2
3.45 1.95 2.35 2.3
3.15 1.45 2.55 2.0
3.35 1.65 2.55 2.2
3.0 1.35 2.85 2.2
3.25 1.45 2.6 2.05
3.45 1.65 2.45 2.1
3.4 1.55 2.55 2.1
3.25 1.6 2.6 2.2
3.5 1.65 2.5 2.15
3.15 2.0 2.2 2.2
3.55 2.25 2.2 2.45
3.45 1.8 2.5 2.3
3.25 1.4 2.9 2.3
3.45 1.8 2.55 2.35
3.15 1.7 2.6 2.3
3.5 1.6 2.7 2.3
3.1 1.3 2.9 2.2
3.15 1.7 2.55 2.25
3.45 1.6 2.6 2.2
3.35 1.5 2.65 2.15
3.65 1.85 2.4 2.25
3.8 1.75 2.55 2.3
3.05 1.1 3.15 2.25
3.2 2.0 2.35 2.35
3.4 1.5 3.05 2.55
3.3 1.55 2.7 2.25
3.55 1.6 2.55 2.15
3.0 1.45 2.9 2.35
3.45 1.75 2.55 2.3
3.25 1.6 2.65 2.25
3.4 1.45 3.0 2.45
3.7 2.0 2.15 2.15
3.4 1.5 2.9 2.4
3.0 1.25 3.1 2.35
3.25 1.4 3.05 2.45
3.4 1.75 2.55 2.3
3.4 1.95 2.3 2.25
3.35 1.55 2.65 2.2
3.4 1.5 2.75 2.25
3.65 2.15 2.25 2.4
3.55 1.7 2.65 2.35
3.0 1.4 3.05 2.45
3.2 1.45 2.65 2.1
3.4 1.85 2.2 2.05
3.25 1.6 2.5 2.1
3.1 1.6 2.6 2.2
3.3 1.45 2.7 2.15
3.6 1.75 2.5 2.25
3.4 1.85 2.3 2.15
3.0 1.8 2.75 2.55
3.45 1.55 2.5 2.05
3.65 1.95 2.15 2.1
3.15 1.5 2.75 2.25
3.65 1.95 2.3 2.25
3.3 1.7 2.5 2.2
3.0 1.35 2.85 2.2
3.3 1.35 2.95 2.3
3.15 1.65 2.5 2.15
3.55 1.9 2.4 2.3
3.2 2.05 2.3 2.35
3.4 1.65 2.6 2.25
3.45 1.7 2.55 2.25
3.35 1.35 2.7 2.05
3.5 1.65 2.45 2.1
3.2 1.6 2.8 2.4
3.4 1.5 2.8 2.3
3.45 1.75 2.55 2.3
3.2 1.75 2.6 2.35
3.45 1.6 2.55 2.15
2.8 1.55 2.85 2.4
3.4 1.3 2.9 2.2
2.9 1.2 3.15 2.35
3.4 1.55 2.75 2.3
3.2 1.35 3.15 2.5
3.2 1.5 2.6 2.1
3.6 1.65 2.45 2.1
3.0 1.15 3.15 2.3
3.2 1.35 3.05 2.4
3.7 2.15 1.95 2.1
3.05 1.45 2.7 2.15
3.25 1.4 2.8 2.2
3.25 2.05 2.2 2.25
2.8 1.3 3.15 2.45
3.5 1.4 2.9 2.3
3.2 1.25 3.1 2.35
3.25 1.35 3.0 2.35
2.8 1.45 3.0 2.45
3.1 1.5 2.7 2.2
3.4 1.7 2.55 2.25
3.55 1.9 2.6 2.5
3.5 2.0 2.2 2.2
3.3 1.55 2.7 2.25
3.3 1.8 2.6 2.4
3.7 1.8 2.4 2.2
3.2 1.75 2.45 2.2
3.15 1.6 2.6 2.2
3.55 1.75 2.65 2.4
3.3 1.7 2.7 2.4
3.35 1.85 2.35 2.2
3.55 1.85 2.45 2.3
3.15 1.55 2.6 2.15
3.15 1.7 2.55 2.25
3.15 1.35 2.8 2.15
3.45 1.55 2.5 2.05
3.6 2.1 2.05 2.15
3.5 1.75 2.5 2.25
2.85 1.45 2.9 2.35
2.8 1.4 2.95 2.35
3.25 1.35 2.9 2.25
3.15 1.6 2.65 2.25
3.25 1.55 2.4 1.95
2.9 1.4 2.8 2.2
3.35 1.6 2.6 2.2
3.4 1.95 2.25 2.2
3.3 1.4 2.85 2.25
3.25 1.7 2.6 2.3
3.3 1.75 2.55 2.3
3.2 1.7 2.9 2.6
3.45 1.7 2.5 2.2
3.35 1.6 2.6 2.2
3.3 1.9 2.45 2.35
2.85 1.1 3.3 2.4
3.2 1.55 2.75 2.3
3.35 1.95 2.4 2.35
3.2 1.7 2.55 2.25
3.55 1.65 2.6 2.25
3.1 1.65 2.6 2.25
3.45 2.1 2.2 2.3
3.2 1.5 3.0 2.5
3.15 1.5 2.8 2.3
3.15 1.3 3.0 2.3
3.2 1.7 2.7 2.4
3.15 1.7 2.65 2.35
2.95 1.55 2.85 2.4
3.25 1.5 2.8 2.3
3.55 1.6 2.65 2.25
3.2 1.95 2.35 2.3
3.25 1.55 2.65 2.2
3.4 1.7 2.55 2.25
3.4 1.75 2.5 2.25
3.2 1.5 2.65 2.15
3.3 1.75 2.55 2.3
3.15 1.4 2.75 2.15
3.3 1.75 2.65 2.4
3.05 1.75 2.7 2.45
3.4 1.65 2.7 2.35
3.4 1.5 2.7 2.2
3.3 1.2 3.1 2.3
3.5 1.5 2.55 2.05
3.4 1.5 2.85 2.35
2.95 1.35 2.95 2.3
3.35 1.65 2.4 2.05
2.9 1.65 2.65 2.3
3.5 1.5 2.75 2.25
3.3 1.5 2.6 2.1
3.4 1.9 2.35 2.25
3.3 1.45 2.8 2.25
2.9 1.3 2.85 2.15
3.5 1.75 2.4 2.15
3.4 1.75 2.5 2.25
3.05 1.55 2.7 2.25
3.3 1.85 2.5 2.35
3.05 1.5 2.95 2.45
3.4 1.65 2.8 2.45
3.3 1.5 2.75 2.25
3.25 1.4 2.85 2.25
2.9 1.5 2.9 2.4
3.45 1.7 2.5 2.2
3.05 1.35 2.85 2.2
2.8 1.6 2.95 2.55
3.4 1.75 2.55 2.3
3.6 1.5 2.7 2.2
3.1 1.35 3.0 2.35
3.35 1.25 2.8 2.05
2.8 1.15 3.05 2.2
3.35 1.6 2.8 2.4
3.3 1.8 2.45 2.25
3.55 1.5 2.85 2.35
2.95 1.65 2.65 2.3
3.5 1.85 2.45 2.3
3.35 1.75 2.5 2.25
3.45 1.65 2.4 2.05
3.05 1.6 2.5 2.1
3.15 1.55 2.8 2.35
3.4 1.5 2.85 2.35
3.2 1.7 2.85 2.55
3.1 1.75 2.75 2.5
3.35 1.4 2.85 2.25
3.3 1.6 2.55 2.15
3.15 1.5 2.85 2.35
3.5 1.7 2.45 2.15
3.35 1.85 2.2 2.05
3.3 1.7 2.55 2.25
3.15 1.55 2.75 2.3
3.15 1.5 2.65 2.15
2.65 1.55 2.8 2.35
3.2 1.35 2.6 1.95
3.55 1.95 2.4 2.35
3.1 1.35 2.75 2.1
2.85 1.55 2.7 2.25
3.05 1.25 3.1 2.35
3.4 1.65 2.7 2.35
3.25 1.7 2.6 2.3
3.25 1.55 2.8 2.35
3.55 1.65 2.65 2.3
3.55 1.7 2.35 2.05
3.25 1.8 2.35 2.15
3.15 1.75 2.55 2.3
3.55 1.9 2.3 2.2
3.5 2.15 2.15 2.3
3.25 1.55 2.75 2.3
3.45 2.15 2.1 2.25
3.45 1.6 2.6 2.2
3.25 1.9 2.5 2.4
3.15 1.45 2.8 2.25
3.15 1.55 3.05 2.6
3.3 1.6 2.85 2.45
2.85 1.45 2.85 2.3
3.4 1.6 2.5 2.1
3.15 1.45 2.9 2.35
3.4 1.65 2.6 2.25
3.0 1.25 3.1 2.35
3.25 1.65 2.45 2.1
3.7 1.55 2.55 2.1
3.3 1.3 2.95 2.25
3.3 1.75 2.45 2.2
3.3 1.7 2.55 2.25
3.5 1.55 2.5 2.05
3.3 1.55 2.75 2.3
3.05 1.4 2.8 2.2
3.4 1.45 2.7 2.15
3.05 2.1 2.4 2.5
3.05 1.7 2.4 2.1
3.25 1.25 2.95 2.2
3.45 1.8 2.45 2.25
3.7 2.0 2.3 2.3
3.2 1.75 2.25 2.0
3.4 2.1 2.2 2.3
3.25 1.7 2.35 2.05
3.6 1.45 2.75 2.2
3.6 1.65 2.4 2.05
3.65 1.8 2.5 2.3
2.95 1.65 2.7 2.35
3.45 1.8 2.35 2.15
3.45 1.65 2.65 2.3
2.8 1.35 3.1 2.45
3.5 1.95 2.45 2.4
3.25 1.7 2.45 2.15
3.05 1.55 2.95 2.5
3.5 1.85 2.3 2.15
3.25 1.45 2.7 2.15
3.2 1.45 2.8 2.25
3.25 1.45 2.95 2.4
3.25 1.7 2.45 2.15
3.1 1.9 2.5 2.4
3.6 1.85 2.35 2.2
3.15 1.85 2.4 2.25
3.05 1.55 2.9 2.45
3.2 1.4 2.9 2.3
3.2 1.85 2.6 2.45
3.0 1.85 2.65 2.5
3.25 1.55 2.7 2.25
3.5 1.85 2.2 2.05
3.4 1.3 2.85 2.15
3.0 1.5 2.7 2.2
3.5 1.55 2.7 2.25
3.5 1.45 2.8 2.25
3.2 1.55 2.5 2.05
3.35 1.4 2.95 2.35
3.15 1.55 2.95 2.5
2.95 1.5 2.75 2.25
3.35 1.45 2.8 2.25
3.35 1.45 3.05 2.5
3.15 1.45 2.7 2.15
3.25 1.45 2.65 2.1
3.3 1.6 2.5 2.1
3.05 1.35 3.0 2.35
3.6 1.85 2.3 2.15
2.85 1.3 3.0 2.3
3.0 1.65 2.9 2.55
3.45 1.6 2.7 2.3
3.15 1.4 2.9 2.3
2.5 1.3 3.1 2.4
2.8 1.45 2.85 2.3
3.4 1.5 3.0 2.5
3.15 1.55 2.6 2.15
3.6 1.55 2.6 2.15
3.15 1.1 3.15 2.25
3.2 1.45 2.55 2.0
3.4 2.0 2.35 2.35
3.3 1.55 2.7 2.25
3.15 1.6 2.75 2.35
3.45 1.8 2.3 2.1
3.05 1.8 2.55 2.35
3.4 1.8 2.45 2.25
3.4 1.8 2.3 2.1
3.35 1.5 2.65 2.15
3.45 1.5 2.8 2.3
3.2 1.75 2.65 2.4
3.05 1.5 2.6 2.1
3.25 1.8 2.5 2.3
3.45 1.55 2.8 2.35
3.25 1.45 2.75 2.2
3.35 1.7 2.75 2.45
3.4 1.65 2.55 2.2
3.2 1.6 2.6 2.2
3.5 2.0 2.3 2.3
3.35 1.8 2.25 2.05
3.05 1.6 2.8 2.4
3.55 1.85 2.6 2.45
3.1 1.45 2.95 2.4
3.7 1.7 2.35 2.05
3.55 1.55 2.75 2.3
3.4 1.55 2.65 2.2
3.2 1.35 3.1 2.45
3.3 1.85 2.4 2.25
2.95 1.7 2.65 2.35
3.2 1.8 2.45 2.25
3.4 2.0 2.25 2.25
3.45 1.85 2.3 2.15
3.15 1.5 2.8 2.3
3.0 1.55 2.8 2.35
3.05 1.55 2.7 2.25
3.2 1.65 2.75 2.4
3.4 1.7 2.55 2.25
3.05 1.65 2.9 2.55
3.0 1.55 2.65 2.2
3.75 2.05 2.1 2.15
3.1 1.35 2.75 2.1
3.2 1.5 2.8 2.3
3.5 1.4 2.75 2.15
3.0 1.4 2.9 2.3
3.55 1.8 2.4 2.2
3.6 1.25 2.9 2.15
3.5 1.75 2.45 2.2
3.1 1.85 2.45 2.3
3.65 1.85 2.35 2.2
3.2 1.6 2.6 2.2
3.45 1.95 2.45 2.4
3.5 1.75 2.5 2.25
3.55 1.65 2.5 2.15
3.1 1.65 2.8 2.45
3.35 1.85 2.45 2.3
3.35 1.5 2.65 2.15
3.3 1.35 3.05 2.4
3.1 1.45 2.95 2.4
3.55 1.75 2.5 2.25
3.3 1.7 2.6 2.3
3.35 1.95 2.55 2.5
3.0 1.55 2.9 2.45
3.45 1.55 2.65 2.2
3.45 1.85 2.4 2.25
2.95 1.45 2.95 2.4
3.45 1.85 2.25 2.1
3.55 2.2 2.05 2.25
2.95 1.35 2.8 2.15
3.35 1.5 2.6 2.1
3.35 1.45 2.9 2.35
3.3 1.5 2.8 2.3
3.15 1.65 2.6 2.25
3.3 1.8 2.55 2.35
3.05 1.6 2.7 2.3
3.35 1.75 2.5 2.25
2.85 1.2 3.0 2.2
3.25 1.6 2.6 2.2
3.35 1.85 2.45 2.3
3.45 1.75 2.5 2.25
2.9 1.45 3.0 2.45
2.85 1.65 2.7 2.35
3.15 1.55 2.8 2.35
2.95 1.4 2.9 2.3
3.45 1.55 2.55 2.1
3.35 1.95 2.45 2.4
3.4 1.6 2.75 2.35
3.55 1.7 2.35 2.05
3.5 1.6 2.45 2.05
3.3 1.6 2.6 2.2
3.5 1.7 2.65 2.35
3.15 1.45 2.85 2.3
3.0 1.7 2.7 2.4
3.25 1.45 2.75 2.2
3.25 1.5 2.85 2.35
3.35 1.5 2.8 2.3
3.15 1.4 2.65 2.05
2.95 1.2 3.05 2.25
3.55 1.5 3.1 2.6
3.35 1.5 2.75 2.25
3.15 2.0 2.35 2.35
3.75 2.05 2.05 2.1
3.05 1.6 2.7 2.3
3.4 1.55 2.65 2.2
3.2 1.45 2.85 2.3
3.15 1.65 2.65 2.3
3.15 1.25 3.1 2.35
3.45 1.85 2.65 2.5
3.05 1.55 2.75 2.3
3.65 1.75 2.45 2.2
3.35 1.55 2.75 2.3
3.25 1.55 2.8 2.35
2.7 1.35 3.0 2.35
2.9 1.45 2.75 2.2
3.2 1.6 2.5 2.1
3.25 1.6 2.6 2.2
3.15 1.3 3.05 2.35
3.45 1.75 2.6 2.35
3.4 1.55 2.55 2.1
3.1 1.45 2.7 2.15
3.45 1.45 2.8 2.25
3.65 1.65 2.4 2.05
3.3 1.7 2.45 2.15
3.05 1.55 2.7 2.25
3.2 1.55 2.75 2.3
3.4 2.05 2.15 2.2
3.6 1.85 2.5 2.35
3.0 1.4 3.0 2.4
3.3 1.3 2.95 2.25
3.5 1.5 2.45 1.95
3.3 1.6 2.7 2.3
3.4 1.45 2.95 2.4
2.8 1.4 2.8 2.2
3.2 1.4 2.65 2.05
3.25 1.3 2.95 2.25
3.4 1.55 2.6 2.15
3.15 1.65 2.6 2.25
3.75 2.15 2.1 2.25
3.15 1.45 2.9 2.35
3.15 1.7 2.7 2.4
3.6 1.65 2.85 2.5
2.9 1.4 2.65 2.05
3.55 1.6 2.7 2.3
3.35 1.75 2.55 2.3
3.55 1.95 2.2 2.15
3.05 1.35 2.9 2.25
3.0 1.45 2.9 2.35
3.15 2.05 2.25 2.3
3.7 2.0 2.25 2.25
3.2 1.15 3.1 2.25
3.25 1.85 2.5 2.35
3.35 1.9 2.4 2.3
3.1 1.6 2.8 2.4
3.4 1.7 2.45 2.15
3.5 1.85 2.25 2.1
3.45 2.15 2.3 2.45
3.15 1.3 2.9 2.2
3.15 1.35 2.9 2.25
3.5 1.45 2.7 2.15
3.2 1.55 2.85 2.4
3.3 1.55 2.8 2.35
3.5 1.65 2.6 2.25
3.35 1.65 2.3 1.95
2.9 1.3 2.9 2.2
3.75 2.1 2.1 2.2
3.1 1.4 3.0 2.4
3.2 1.85 2.4 2.25
3.5 1.75 2.5 2.25
3.3 1.35 2.85 2.2
3.25 1.5 2.8 2.3
3.25 1.75 2.55 2.3
3.3 1.9 2.45 2.35
3.55 2.1 2.35 2.45
3.45 1.85 2.5 2.35
3.35 1.5 2.85 2.35
3.0 1.35 2.95 2.3
3.2 1.85 2.35 2.2
3.1 1.55 2.75 2.3
3.55 1.6 2.7 2.3
3.4 1.7 2.4 2.1
3.45 1.5 2.65 2.15
3.55 1.7 2.6 2.3
3.05 1.55 2.8 2.35
3.3 1.65 2.75 2.4
3.2 1.7 2.6 2.3
3.05 1.55 2.75 2.3
3.15 1.4 2.9 2.3
3.2 1.3 3.2 2.5
2.85 1.3 3.1 2.4
3.3 1.35 3.05 2.4
3.3 1.65 2.7 2.35
3.3 1.95 2.55 2.5
3.15 1.65 2.8 2.45
3.0 1.7 2.7 2.4
3.4 1.8 2.6 2.4
3.1 1.3 2.85 2.15
3.1 1.8 2.55 2.35
3.5 1.45 2.8 2.25
3.4 1.75 2.45 2.2
3.45 1.75 2.6 2.35
3.3 1.5 2.75 2.25
3.2 1.6 2.65 2.25
3.45 1.7 2.5 2.2
3.3 1.55 2.65 2.2
3.35 1.75 2.55 2.3
3.5 1.9 2.35 2.25
3.6 1.75 2.5 2.25
3.05 1.75 2.45 2.2
3.25 1.55 2.65 2.2
3.25 1.55 2.65 2.2
3.55 1.8 2.45 2.25
2.95 1.9 2.55 2.45
3.1 1.45 2.9 2.35
3.2 1.65 2.7 2.35
2.8 1.35 2.75 2.1
3.75 1.7 2.8 2.5
3.55 1.5 2.75 2.25
3.3 1.85 2.5 2.35
3.7 1.9 2.4 2.3
3.45 1.65 2.55 2.2
3.25 1.35 2.8 2.15
3.15 2.05 2.25 2.3
3.2 1.5 2.85 2.35
3.25 1.8 2.4 2.2
3.15 1.45 2.75 2.2
3.5 1.65 2.5 2.15
3.45 1.6 2.55 2.15
3.45 1.75 2.35 2.1
3.35 1.75 2.65 2.4
3.45 1.9 2.35 2.25
2.75 1.5 2.95 2.45
3.3 1.6 2.7 2.3
3.3 1.95 2.45 2.4
3.25 1.5 2.75 2.25
2.9 1.4 2.85 2.25
3.4 1.9 2.4 2.3
2.75 1.3 3.15 2.45
3.05 1.55 2.8 2.35
3.15 1.75 2.45 2.2
2.85 1.4 3.2 2.6
3.4 1.7 2.6 2.3
3.2 2.2 2.1 2.3
3.2 1.8 2.4 2.2
3.25 1.95 2.5 2.45
3.2 1.45 2.75 2.2
3.25 1.7 2.4 2.1
3.45 1.6 2.75 2.35
3.05 1.3 3.2 2.5
3.35 1.4 2.95 2.35
3.3 1.6 2.65 2.25
3.4 1.65 2.4 2.05
3.2 1.45 2.55 2.0
3.2 1.85 2.65 2.5
2.85 1.45 2.85 2.3
3.2 1.4 2.8 2.2
3.5 1.5 2.8 2.3
3.45 1.6 2.65 2.25
3.3 1.35 2.9 2.25
3.15 1.65 2.55 2.2
3.15 1.8 2.75 2.55
3.25 1.6 2.75 2.35
3.15 1.6 2.75 2.35
3.55 1.85 2.5 2.35
2.95 1.4 2.8 2.2
3.65 1.5 2.7 2.2
3.5 1.85 2.3 2.15
3.25 1.7 2.8 2.5
3.45 1.5 2.5 2.0
3.35 1.45 2.8 2.25
3.3 1.5 2.8 2.3
3.35 1.4 2.75 2.15
3.35 1.6 2.75 2.35
3.55 1.6 2.65 2.25
3.25 1.6 2.7 2.3
3.3 1.55 2.7 2.25
3.2 1.65 2.8 2.45
3.35 1.5 2.7 2.2
3.55 1.6 2.55 2.15
3.55 1.8 2.4 2.2
3.15 1.75 2.6 2.35
3.0 1.6 2.65 2.25
3.05 1.5 2.9 2.4
2.95 1.7 2.55 2.25
3.25 1.75 2.4 2.15
3.25 1.7 2.75 2.45
3.3 1.75 2.5 2.25
3.5 1.6 2.6 2.2
3.15 1.35 2.65 2.0
3.2 1.3 2.85 2.15
3.3 1.8 2.5 2.3
3.25 1.6 2.7 2.3
3.1 1.2 3.1 2.3
3.35 1.55 2.6 2.15
3.35 1.7 2.65 2.35
3.55 1.95 2.35 2.3
3.25 1.45 2.85 2.3
3.35 1.7 2.5 2.2
3.1 1.5 2.75 2.25
3.05 1.3 2.95 2.25
3.5 1.85 2.45 2.3
3.15 1.5 2.6 2.1
3.2 1.55 2.65 2.2
3.05 1.6 2.75 2.35
3.6 1.7 2.35 2.05
3.05 1.5 2.85 2.35
3.75 1.7 2.35 2.05
3.4 1.8 2.35 2.15
3.45 1.4 2.75 2.15
3.55 1.95 2.35 2.3
3.8 1.6 2.7 2.3
3.15 1.85 2.6 2.45
3.25 1.3 2.95 2.25
3.25 1.3 2.9 2.2
3.0 1.3 3.0 2.3
3.1 1.3 3.05 2.35
3.75 1.85 2.1 1.95
3.2 1.6 2.65 2.25
3.3 1.85 2.35 2.2
2.95 1.45 2.8 2.25
3.45 1.7 2.4 2.1
3.85 2.05 2.15 2.2
3.4 1.75 2.45 2.2
3.55 1.55 2.65 2.2
3.7 1.9 2.35 2.25
3.25 1.6 2.55 2.15
3.65 1.7 2.5 2.2
3.75 2.0 2.35 2.35
3.2 1.35 2.9 2.25
3.05 1.7 2.65 2.35
3.65 1.95 2.4 2.35
3.35 1.85 2.5 2.35
3.3 1.7 2.6 2.3
3.0 1.5 2.85 2.35
3.05 1.75 2.5 2.25
3.45 1.8 2.5 2.3
2.85 1.6 2.85 2.45
3.1 1.9 2.45 2.35
3.3 1.75 2.5 2.25
3.5 1.9 2.35 2.25
3.55 1.6 2.75 2.35
3.65 2.2 2.2 2.4
3.35 1.6 2.6 2.2
3.1 1.55 2.65 2.2
3.7 1.9 2.5 2.4
3.25 1.75 2.7 2.45
3.3 1.15 3.05 2.2
3.25 1.6 2.45 2.05
3.45 1.9 2.45 2.35
3.25 1.65 2.65 2.3
3.2 1.3 2.9 2.2
3.1 1.45 2.8 2.25
2.95 1.45 2.8 2.25
3.4 1.6 2.6 2.2
3.25 1.75 2.45 2.2
3.45 1.6 2.7 2.3
3.35 2.0 2.35 2.35
3.35 1.35 2.75 2.1
3.0 1.55 2.85 2.4
3.65 1.75 2.45 2.2
3.25 1.45 2.9 2.35
3.7 1.85 2.4 2.25
3.3 2.0 2.1 2.1
3.25 1.3 2.95 2.25
3.15 1.45 2.8 2.25
3.6 1.9 2.25 2.15
3.45 1.4 2.85 2.25
3.5 1.6 2.5 2.1
3.4 1.75 2.45 2.2
3.25 1.35 2.85 2.2
3.25 1.65 2.65 2.3
3.55 1.75 2.25 2.0
3.15 1.7 2.65 2.35
2.85 1.25 3.15 2.4
3.4 1.7 2.5 2.2
3.35 1.6 2.65 2.25
3.3 1.75 2.55 2.3
3.0 1.3 2.95 2.25
2.9 1.7 2.8 2.5
3.4 2.0 2.4 2.4
3.5 1.5 2.85 2.35
3.15 1.25 3.15 2.4
3.25 1.9 2.4 2.3
3.1 1.4 3.1 2.5
3.2 1.35 2.9 2.25
3.55 1.5 2.75 2.25
3.4 1.5 2.75 2.25
3.15 1.45 2.85 2.3
3.25 1.45 2.75 2.2
3.05 1.7 2.55 2.25
3.35 1.3 2.8 2.1
3.15 1.85 2.5 2.35
3.05 1.7 2.65 2.35
3.2 1.65 2.5 2.15
3.2 1.7 2.25 1.95
3.25 1.2 3.2 2.4
3.3 1.4 2.9 2.3
2.7 1.4 3.0 2.4
3.25 1.6 2.9 2.5
3.3 1.8 2.65 2.45
3.55 1.4 2.85 2.25
3.35 1.5 2.95 2.45
3.1 1.6 2.6 2.2
3.3 1.55 2.65 2.2
2.95 1.5 3.1 2.6
3.3 1.5 3.1 2.6
3.3 1.5 2.8 2.3
3.05 1.4 3.0 2.4
3.15 1.4 2.65 2.05
3.45 1.35 2.8 2.15
3.2 1.75 2.55 2.3
3.5 1.65 2.5 2.15
3.0 1.65 2.7 2.35
3.4 1.65 2.4 2.05
3.6 1.6 2.7 2.3
3.45 1.7 2.65 2.35
2.85 1.55 2.7 2.25
3.35 1.85 2.45 2.3
3.6 1.65 2.75 2.4
3.3 1.4 2.65 2.05
3.4 1.8 2.05 1.85
3.4 1.8 2.45 2.25
3.45 1.45 2.8 2.25
3.4 1.6 2.75 2.35
3.3 1.85 2.5 2.35
3.05 1.5 3.0 2.5
2.8 1.3 3.0 2.3
3.35 1.65 2.65 2.3
3.3 1.25 3.1 2.35
3.5 1.5 2.65 2.15
2.95 1.5 2.9 2.4
3.2 1.8 2.45 2.25
3.55 1.7 2.45 2.15
3.45 1.55 2.6 2.15
3.2 1.3 3.05 2.35
3.5 1.75 2.5 2.25
3.2 1.5 2.75 2.25
3.1 1.45 2.65 2.1
2.75 1.45 2.9 2.35
3.4 1.75 2.55 2.3
3.0 1.35 3.05 2.4
3.5 1.75 2.45 2.2
3.65 1.6 2.65 2.25
3.0 1.55 2.8 2.35
3.35 1.55 2.65 2.2
3.25 1.3 2.95 2.25
3.5 1.95 2.55 2.5
3.5 1.65 2.45 2.1
3.25 2.05 2.35 2.4
3.35 1.45 2.55 2.0
3.15 1.75 2.65 2.4
3.25 1.65 2.5 2.15
3.5 1.65 2.75 2.4
3.35 1.6 2.5 2.1
3.0 1.35 2.85 2.2
3.15 1.55 2.75 2.3
3.1 1.5 2.95 2.45
2.95 1.5 2.75 2.25
3.3 1.45 2.9 2.35
2.85 1.5 2.85 2.35
3.45 1.85 2.4 2.25
3.45 1.7 2.55 2.25
3.5 1.65 2.85 2.5
3.4 1.6 2.65 2.25
3.25 1.35 2.95 2.3
2.95 1.85 2.55 2.4
3.3 1.5 2.85 2.35
3.4 1.7 2.6 2.3
3.35 1.65 2.65 2.3
3.05 1.4 2.65 2.05
3.4 1.95 2.35 2.3
3.45 1.7 2.5 2.2
2.9 1.6 2.85 2.45
3.1 1.45 2.85 2.3
3.1 1.7 2.75 2.45
3.3 1.8 2.4 2.2
3.25 1.75 2.65 2.4
3.5 1.55 2.9 2.45
3.15 1.25 3.15 2.4
3.05 1.55 2.85 2.4
3.3 1.55 2.65 2.2
3.35 1.65 2.65 2.3
3.05 1.3 3.0 2.3
2.75 1.35 2.85 2.2
3.4 1.95 2.55 2.5
3.4 1.85 2.5 2.35
3.0 1.45 2.7 2.15
3.1 1.9 2.65 2.55
3.3 1.65 2.6 2.25
3.0 1.1 3.1 2.2
2.95 1.35 2.7 2.05
3.2 2.0 2.4 2.4
3.4 1.45 2.85 2.3
2.75 1.25 3.0 2.25
3.6 1.75 2.5 2.25
2.95 1.45 2.75 2.2
3.25 1.4 2.7 2.1
3.3 1.8 2.4 2.2
3.35 1.9 2.3 2.2
3.6 1.75 2.4 2.15
3.1 1.35 2.9 2.25
3.05 1.45 2.75 2.2
3.35 1.7 2.55 2.25
3.1 1.55 2.6 2.15
3.3 1.7 2.55 2.25
3.3 1.5 2.95 2.45
3.35 1.5 2.65 2.15
3.35 1.5 2.75 2.25
3.1 1.45 2.9 2.35
3.6 1.5 2.7 2.2
2.95 1.65 2.5 2.15
3.05 1.7 2.75 2.45
3.15 1.45 2.75 2.2
3.45 1.9 2.4 2.3
3.0 1.45 2.8 2.25
3.05 1.55 2.8 2.35
3.05 1.65 2.7 2.35
3.1 1.4 2.9 2.3
3.3 1.45 2.5 1.95
3.4 1.25 2.9 2.15
3.2 1.35 2.85 2.2
3.1 1.3 2.95 2.25
3.4 1.95 2.35 2.3
3.1 1.4 2.75 2.15
3.2 1.3 2.9 2.2
3.0 1.65 2.6 2.25
3.2 1.45 2.8 2.25
2.95 1.7 2.5 2.2
3.1 1.25 3.0 2.25
3.2 1.6 2.65 2.25
3.4 2.05 2.15 2.2
3.35 1.6 2.5 2.1
3.3 1.3 2.8 2.1
3.4 1.7 2.65 2.35
3.25 2.1 2.3 2.4
3.1 1.45 3.0 2.45
3.05 1.35 2.85 2.2
3.45 1.65 2.6 2.25
3.25 1.85 2.4 2.25
3.3 1.55 2.85 2.4
3.6 2.0 2.25 2.25
3.5 1.55 2.55 2.1
3.45 1.95 2.25 2.2
3.2 1.45 2.75 2.2
3.5 1.75 2.45 2.2
3.3 1.2 2.95 2.15
3.05 1.75 2.7 2.45
3.2 1.6 2.7 2.3
2.9 1.65 2.75 2.4
3.25 1.65 2.35 2.0
3.4 1.45 2.65 2.1
3.05 1.55 2.55 2.1
3.35 1.4 2.85 2.25
3.05 1.55 2.8 2.35
3.1 1.45 2.75 2.2
3.35 1.75 2.5 2.25
3.3 1.7 2.65 2.35
3.1 1.45 2.85 2.3
3.5 1.7 2.65 2.35
3.35 1.45 2.9 2.35
3.45 1.65 2.45 2.1
3.1 1.65 2.65 2.3
3.35 1.5 2.75 2.25
3.35 1.75 2.5 2.25
3.1 1.5 2.75 2.25
3.2 1.5 2.85 2.35
3.15 1.4 2.75 2.15
3.15 1.45 3.0 2.45
3.35 1.55 2.6 2.15
3.35 1.45 2.95 2.4
3.4 1.7 2.4 2.1
3.1 1.6 2.7 2.3
3.4 1.95 2.2 2.15
3.0 1.4 3.0 2.4
3.1 1.95 2.6 2.55
3.35 1.65 2.4 2.05
3.15 1.15 3.15 2.3
2.85 1.7 2.65 2.35
3.2 1.45 2.75 2.2
3.25 1.8 2.45 2.25
3.25 1.7 2.6 2.3
3.25 1.5 2.7 2.2
3.7 1.95 2.2 2.15
3.45 1.95 2.4 2.35
3.1 1.55 2.9 2.45
3.25 1.75 2.8 2.55
3.55 1.8 2.35 2.15
3.1 1.8 2.7 2.5
3.1 1.3 3.0 2.3
3.1 1.25 3.1 2.35
3.4 1.4 2.85 2.25
3.15 1.65 2.7 2.35
3.2 1.65 2.65 2.3
3.45 1.8 2.25 2.05
3.0 1.35 2.95 2.3
3.35 1.8 2.7 2.5
3.25 1.55 2.7 2.25
3.5 1.95 2.15 2.1
3.5 1.95 2.35 2.3
3.3 1.6 2.55 2.15
3.15 1.25 3.1 2.35
3.2 1.3 2.8 2.1
3.55 1.65 2.5 2.15
3.15 1.7 2.8 2.5
2.8 1.6 2.8 2.4
3.25 1.8 2.6 2.4
3.15 1.4 3.05 2.45
3.2 1.55 2.65 2.2
2.6 1.35 3.05 2.4
3.45 1.75 2.3 2.05
3.2 1.65 2.65 2.3
3.05 1.5 2.75 2.25
3.45 1.5 2.7 2.2
3.45 1.65 2.45 2.1
3.55 1.5 2.75 2.25
3.25 1.3 2.65 1.95
2.9 1.2 3.15 2.35
3.35 1.65 2.45 2.1
2.95 1.5 3.0 2.5
3.3 1.65 2.4 2.05
3.0 1.35 2.85 2.2
3.55 1.9 2.25 2.15
3.2 1.6 2.6 2.2
3.3 1.6 2.4 2.0
3.65 1.45 2.65 2.1
3.3 1.7 2.5 2.2
3.2 1.4 3.0 2.4
3.5 1.6 2.65 2.25
3.35 1.65 2.6 2.25
3.2 1.65 2.45 2.1
3.2 1.45 2.75 2.2
3.4 1.55 2.75 2.3
3.45 1.45 2.7 2.15
3.3 1.5 2.7 2.2
3.2 1.6 2.85 2.45
3.6 2.05 2.1 2.15
2.95 1.4 2.85 2.25
3.15 1.7 2.75 2.45
3.05 1.3 2.85 2.15
3.2 1.75 2.7 2.45
3.3 1.5 2.85 2.35
3.65 1.85 2.4 2.25
2.6 1.3 2.95 2.25
2.95 1.65 2.6 2.25
3.5 1.35 2.75 2.1
3.35 1.55 2.65 2.2
3.35 1.7 2.4 2.1
3.55 1.85 2.5 2.35
3.5 1.6 2.45 2.05
3.2 1.3 2.9 2.2
3.75 1.6 2.6 2.2
3.25 1.55 2.45 2.0
2.95 1.45 2.9 2.35
3.5 1.6 2.6 2.2
3.35 1.5 2.65 2.15
3.05 1.45 2.85 2.3
2.9 1.4 3.15 2.55
3.1 1.4 2.9 2.3
3.35 1.85 2.2 2.05
3.4 1.5 2.75 2.25
3.2 1.55 2.7 2.25
3.15 1.4 2.9 2.3
2.95 1.5 2.65 2.15
3.25 1.55 2.8 2.35
3.3 1.75 2.45 2.2
3.35 1.7 2.55 2.25
3.25 1.8 2.5 2.3
3.2 1.55 2.65 2.2
3.4 1.6 2.8 2.4
3.5 1.75 2.6 2.35
3.1 1.35 3.2 2.55
3.3 1.85 2.5 2.35
3.2 1.35 2.7 2.05
3.3 1.45 2.85 2.3
3.45 1.55 2.7 2.25
3.5 1.75 2.4 2.15
2.9 1.15 3.2 2.35
3.4 1.9 2.4 2.3
3.3 1.5 2.45 1.95
3.0 1.75 2.65 2.4
3.3 1.55 2.7 2.25
3.15 1.65 2.35 2.0
2.95 1.45 2.8 2.25
3.6 2.0 2.1 2.1
3.35 1.65 2.75 2.4
3.4 1.2 2.95 2.15
3.4 1.6 2.65 2.25
3.45 1.6 2.7 2.3
3.0 1.35 2.85 2.2
3.15 1.4 3.0 2.4
3.35 1.7 2.6 2.3
3.2 1.9 2.4 2.3
3.65 1.65 2.75 2.4
3.45 1.85 2.5 2.35
3.05 1.5 2.9 2.4
3.3 1.65 2.6 2.25
2.85 1.25 3.1 2.35
3.4 1.55 2.65 2.2
3.55 1.55 2.75 2.3
3.4 1.55 2.7 2.25
3.1 1.2 3.3 2.5
3.3 1.4 2.95 2.35
3.2 1.55 2.75 2.3
3.25 1.95 2.35 2.3
3.5 1.45 2.85 2.3
3.3 1.35 2.9 2.25
3.4 1.45 2.95 2.4
3.0 1.45 2.85 2.3
3.35 1.8 2.35 2.15
3.15 1.95 2.5 2.45
2.9 1.25 3.1 2.35
3.15 1.35 2.95 2.3
2.85 1.35 3.0 2.35
3.45 1.8 2.6 2.4
3.45 1.65 2.7 2.35
3.6 1.8 2.25 2.05
3.05 1.35 2.9 2.25
3.55 1.9 2.1 2.0
2.9 1.5 2.8 2.3
3.45 1.55 2.85 2.4
3.05 1.6 2.65 2.25
3.5 1.65 2.35 2.0
3.45 1.5 2.95 2.45
3.45 1.75 2.4 2.15
3.4 1.8 2.7 2.5
3.05 1.35 2.7 2.05
3.1 1.35 2.9 2.25
3.3 1.95 2.25 2.2
2.9 1.8 2.55 2.35
3.35 1.4 2.85 2.25
3.1 1.3 3.05 2.35
2.85 1.4 3.0 2.4
3.25 1.7 2.55 2.25
3.25 1.65 2.75 2.4
3.45 2.05 2.3 2.35
2.85 1.6 2.65 2.25
3.0 1.7 2.95 2.65
3.2 1.45 2.85 2.3
3.1 1.75 2.45 2.2
3.0 1.35 3.0 2.35
3.55 1.7 2.65 2.35
3.4 1.5 2.75 2.25
3.05 1.5 2.95 2.45
3.4 1.6 2.6 2.2
3.3 1.9 2.35 2.25
2.9 1.3 3.2 2.5
3.1 1.35 3.15 2.5
3.2 1.5 2.8 2.3
3.25 1.6 2.7 2.3
3.1 1.6 2.85 2.45
3.0 1.35 2.8 2.15
3.05 1.8 2.5 2.3
3.55 1.65 2.5 2.15
3.15 1.75 2.5 2.25
3.3 1.7 2.55 2.25
3.4 1.65 2.45 2.1
3.65 1.75 2.7 2.45
3.35 1.65 2.55 2.2
3.1 1.25 3.0 2.25
2.9 1.75 2.75 2.5
3.4 1.8 2.3 2.1
3.25 1.55 2.6 2.15
2.95 1.65 2.55 2.2
3.25 1.65 2.75 2.4
3.45 1.5 2.7 2.2
3.4 1.8 2.5 2.3
3.2 1.5 2.6 2.1
3.2 1.7 2.6 2.3
3.35 1.8 2.1 1.9
3.05 1.4 2.65 2.05
3.05 1.35 3.0 2.35
3.4 1.6 2.7 2.3
3.45 1.5 2.7 2.2
3.35 1.5 2.7 2.2
3.45 1.6 2.65 2.25
3.5 1.8 2.55 2.35
3.1 1.8 2.55 2.35
3.5 1.6 2.55 2.15
3.2 1.8 2.7 2.5
2.75 1.3 3.2 2.5
3.45 1.5 2.75 2.25
3.4 1.95 2.2 2.15
3.6 1.85 2.35 2.2
3.15 1.4 2.8 2.2
3.2 1.35 3.05 2.4
2.8 1.6 2.7 2.3
3.6 1.4 2.7 2.1
2.9 1.3 3.05 2.35
3.55 1.75 2.4 2.15
3.25 1.5 3.0 2.5
3.15 1.8 2.4 2.2
3.1 1.55 2.8 2.35
3.0 1.45 2.95 2.4
3.25 1.4 2.9 2.3
3.3 1.55 2.95 2.5
3.55 2.3 2.2 2.5
3.2 1.6 2.75 2.35
3.45 1.4 2.75 2.15
3.4 1.8 2.45 2.25
3.25 1.85 2.3 2.15
3.15 1.6 2.6 2.2
3.35 1.55 2.75 2.3
3.45 1.65 2.5 2.15
3.3 1.55 2.65 2.2
3.3 1.7 2.6 2.3
3.15 1.85 2.7 2.55
3.2 1.6 2.5 2.1
2.65 1.35 3.0 2.35
3.35 1.4 2.7 2.1
2.85 1.3 3.05 2.35
3.25 1.5 2.75 2.25
3.25 1.45 2.7 2.15
3.45 1.75 2.35 2.1
3.3 1.55 2.45 2.0
3.05 1.55 2.8 2.35
3.6 1.8 2.5 2.3
3.55 1.6 2.45 2.05
3.6 1.7 2.5 2.2
3.15 1.5 2.8 2.3
3.1 1.5 2.8 2.3
3.45 1.75 2.5 2.25
3.2 1.5 2.65 2.15
3.45 1.95 2.55 2.5
2.7 1.25 3.05 2.3
3.1 1.25 3.0 2.25
3.15 1.25 2.9 2.15
3.75 2.3 1.95 2.25
3.45 1.9 2.3 2.2
3.5 1.45 2.75 2.2
3.35 1.45 2.85 2.3
3.3 1.5 2.75 2.25
3.45 1.6 2.5 2.1
3.1 1.25 2.95 2.2
3.3 1.6 2.6 2.2
3.1 1.5 2.6 2.1
3.5 1.8 2.35 2.15
3.55 1.65 2.55 2.2
3.35 1.7 2.45 2.15
3.1 1.3 2.85 2.15
3.25 1.45 2.6 2.05
3.4 1.8 2.55 2.35
2.95 1.45 2.9 2.35
3.0 1.4 3.05 2.45
3.35 1.75 2.45 2.2
3.4 1.45 2.9 2.35
3.4 1.65 2.5 2.15
3.15 1.65 2.6 2.25
3.5 1.6 2.5 2.1
3.4 1.6 2.55 2.15
3.25 1.7 2.5 2.2
3.4 1.8 2.4 2.2
3.25 1.3 3.0 2.3
3.45 1.55 2.5 2.05
3.35 1.65 2.65 2.3
3.15 1.55 2.95 2.5
3.25 1.55 2.75 2.3
3.05 1.55 2.5 2.05
3.4 1.85 2.35 2.2
3.45 1.45 2.8 2.25
3.15 1.4 2.9 2.3
3.35 1.95 2.2 2.15
3.4 2.2 2.0 2.2
3.2 1.3 3.15 2.45
3.1 1.45 2.7 2.15
3.4 1.4 2.6 2.0
3.15 1.8 2.6 2.4
3.35 1.75 2.5 2.25
3.3 1.5 2.65 2.15
3.25 1.65 2.65 2.3
3.6 1.55 2.65 2.2
3.3 1.6 2.95 2.55
3.35 1.6 2.75 2.35
3.2 1.6 2.55 2.15
3.15 1.55 2.75 2.3
3.75 1.95 2.35 2.3
2.8 1.35 2.85 2.2
3.15 1.6 2.65 2.25
3.55 1.4 2.6 2.0
3.15 1.55 2.65 2.2
3.15 1.6 2.65 2.25
3.2 1.75 2.55 2.3
3.05 1.7 2.55 2.25
3.3 2.0 2.2 2.2
3.25 1.55 2.85 2.4
2.85 1.4 2.8 2.2
3.55 1.7 2.5 2.2
3.5 1.85 2.5 2.35
3.45 1.7 2.45 2.15
3.3 1.65 2.3 1.95
3.0 1.35 3.1 2.45
3.05 1.2 3.0 2.2
2.95 1.55 2.65 2.2
3.45 1.9 2.4 2.3
3.45 1.4 3.0 2.4
3.1 1.3 2.8 2.1
3.2 1.5 3.15 2.65
3.2 1.35 3.05 2.4
3.75 2.0 2.35 2.35
3.4 1.65 2.7 2.35
3.2 1.5 2.9 2.4
3.35 1.85 2.4 2.25
3.05 1.4 2.75 2.15
3.25 1.5 2.9 2.4
3.4 1.9 2.35 2.25
3.1 1.5 2.75 2.25
3.05 1.4 3.0 2.4
3.15 1.45 2.6 2.05
3.35 1.65 2.6 2.25
2.95 1.3 3.1 2.4
3.45 1.8 2.5 2.3
3.45 1.5 2.55 2.05
3.0 1.35 2.6 1.95
3.15 1.7 2.65 2.35
3.6 1.5 2.7 2.2
3.15 1.65 2.6 2.25
3.35 1.45 2.55 2.0
3.2 1.35 2.85 2.2
3.05 1.4 2.8 2.2
3.3 1.5 3.05 2.55
3.4 1.3 3.05 2.35
3.4 1.75 2.5 2.25
3.4 1.55 2.6 2.15
3.2 1.6 2.8 2.4
3.35 1.75 2.45 2.2
3.35 1.35 3.0 2.35
3.3 1.4 2.75 2.15
3.1 1.65 2.55 2.2
3.1 1.55 2.8 2.35
3.25 1.85 2.55 2.4
3.55 1.65 2.65 2.3
2.9 1.55 2.75 2.3
2.85 1.35 2.95 2.3
3.25 1.85 2.6 2.45
3.45 1.55 2.8 2.35
3.45 1.45 2.75 2.2
3.25 1.7 2.55 2.25
3.3 1.65 2.65 2.3
3.55 1.7 2.5 2.2
3.55 1.65 2.7 2.35
2.9 1.25 3.2 2.45
3.1 1.45 2.7 2.15
3.15 1.95 2.5 2.45
3.5 1.35 2.8 2.15
3.4 1.4 3.0 2.4
3.45 1.8 2.4 2.2
3.2 1.7 2.6 2.3
3.35 1.65 2.5 2.15
3.4 1.6 2.65 2.25
3.3 1.4 2.7 2.1
3.15 1.7 2.75 2.45
3.25 1.75 2.55 2.3
3.5 1.75 2.3 2.05
3.15 1.5 2.7 2.2
3.35 1.45 2.8 2.25
3.3 1.55 2.75 2.3
3.55 1.75 2.4 2.15
3.7 2.0 2.1 2.1
3.7 2.2 2.0 2.2
3.4 1.65 2.6 2.25
3.3 1.45 2.8 2.25
3.55 1.65 2.4 2.05
3.2 1.55 2.7 2.25
3.25 1.65 2.55 2.2
3.35 1.75 2.5 2.25
3.6 1.65 2.6 2.25
2.95 1.5 2.8 2.3
2.95 1.3 2.9 2.2
3.55 1.55 2.7 2.25
2.75 1.8 2.8 2.6
2.9 1.5 3.0 2.5
3.1 1.8 2.7 2.5
3.3 1.75 2.75 2.5
3.25 1.55 2.75 2.3
3.3 1.4 2.85 2.25
3.3 1.4 2.95 2.35
3.55 1.75 2.4 2.15
3.25 1.75 2.4 2.15
3.2 1.6 2.7 2.3
3.1 1.4 3.0 2.4
3.25 1.55 2.6 2.15
3.35 1.55 2.55 2.1
2.7 1.2 3.25 2.45
2.75 1.5 2.8 2.3
3.2 1.55 2.7 2.25
3.25 1.7 2.4 2.1
3.2 1.8 2.5 2.3
3.25 1.6 2.8 2.4
3.1 1.5 2.7 2.2
3.05 1.45 2.85 2.3
2.8 1.6 2.9 2.5
3.45 1.75 2.5 2.25
3.3 1.7 2.5 2.2
2.7 1.4 2.85 2.25
3.55 1.65 2.6 2.25
3.4 1.8 2.35 2.15
2.85 1.35 2.95 2.3
3.15 1.55 2.85 2.4
3.2 1.6 2.9 2.5
3.35 1.45 2.85 2.3
3.3 1.6 2.7 2.3
3.25 1.65 2.7 2.35
3.45 1.6 2.55 2.15
3.6 2.1 2.0 2.1
3.15 1.55 2.65 2.2
3.05 1.5 2.75 2.25
3.15 1.6 2.7 2.3
3.2 1.45 2.8 2.25
3.3 1.4 3.0 2.4
3.15 1.5 3.1 2.6
3.4 1.5 2.6 2.1
3.3 1.4 2.8 2.2
3.4 1.45 2.75 2.2
3.25 1.3 2.85 2.15
3.55 1.7 2.45 2.15
3.5 1.65 2.55 2.2
3.3 1.55 2.85 2.4
3.4 1.4 2.8 2.2
3.2 1.6 2.75 2.35
2.6 1.35 3.05 2.4
3.3 1.45 2.65 2.1
3.2 1.25 2.8 2.05
3.4 1.55 2.65 2.2
3.4 1.45 2.85 2.3
3.55 1.5 2.65 2.15
3.3 1.35 2.7 2.05
3.35 1.6 2.65 2.25
3.25 1.85 2.5 2.35
3.3 1.6 2.6 2.2
3.4 1.75 2.6 2.35
3.15 1.45 3.0 2.45
3.25 1.75 2.45 2.2
3.45 1.6 2.55 2.15
3.25 1.55 2.3 1.85
3.45 1.55 2.4 1.95
3.15 1.7 2.55 2.25
3.2 1.25 2.85 2.1
3.15 1.6 2.65 2.25
3.4 1.6 2.55 2.15
3.2 1.3 2.75 2.05
3.45 1.55 2.7 2.25
3.0 1.4 2.95 2.35
3.2 1.45 2.8 2.25
3.3 1.2 3.1 2.3
3.6 2.0 2.35 2.35
3.65 1.7 2.4 2.1
3.25 1.85 2.55 2.4
3.3 1.5 2.85 2.35
3.25 1.5 2.75 2.25
2.8 1.45 2.9 2.35
3.3 1.3 3.0 2.3
3.35 1.6 2.8 2.4
3.35 1.65 2.75 2.4
3.35 1.5 2.8 2.3
3.0 1.4 2.9 2.3
3.45 1.35 3.0 2.35
3.2 1.8 2.6 2.4
3.2 1.3 2.85 2.15
3.1 1.35 3.0 2.35
3.35 1.6 2.8 2.4
3.25 1.7 2.8 2.5
3.5 1.55 2.7 2.25
3.6 2.1 2.5 2.6
3.35 1.55 2.75 2.3
3.1 1.55 2.7 2.25
3.65 1.7 2.65 2.35
3.0 1.4 2.8 2.2
3.7 2.2 2.05 2.25
3.45 1.75 2.4 2.15
3.15 1.5 2.75 2.25
3.4 1.65 2.55 2.2
3.55 1.65 2.65 2.3
2.6 1.4 3.15 2.55
3.1 1.6 2.75 2.35
3.4 1.65 2.65 2.3
3.1 1.5 2.8 2.3
3.25 1.45 2.7 2.15
3.55 1.55 2.55 2.1
3.15 1.35 2.8 2.15
3.5 1.8 2.65 2.45
3.4 1.45 2.85 2.3
3.4 1.8 2.45 2.25
3.4 1.85 2.15 2.0
2.9 1.3 2.7 2.0
2.9 1.45 3.05 2.5
3.0 1.3 2.95 2.25
3.35 1.45 2.9 2.35
3.0 1.5 2.9 2.4
3.35 1.6 2.65 2.25
3.25 1.55 2.65 2.2
3.45 1.9 2.35 2.25
3.5 1.5 2.55 2.05
3.25 1.85 2.45 2.3
3.1 1.6 2.85 2.45
3.5 1.85 2.4 2.25
3.05 1.3 2.8 2.1
3.35 1.85 2.5 2.35
3.2 1.7 2.5 2.2
3.15 1.45 2.85 2.3
3.05 1.7 2.5 2.2
3.15 1.45 2.5 1.95
3.1 1.7 2.6 2.3
3.35 1.95 2.3 2.25
3.0 1.45 2.8 2.25
3.25 1.5 2.9 2.4
3.0 1.35 2.8 2.15
3.45 1.95 2.3 2.25
3.25 1.45 2.7 2.15
3.05 1.65 2.7 2.35
2.95 1.5 2.8 2.3
3.5 1.65 2.65 2.3
3.4 1.55 2.65 2.2
2.65 1.25 3.1 2.35
3.25 1.6 2.6 2.2
3.45 2.0 2.3 2.3
3.3 1.45 2.95 2.4
3.25 1.5 2.8 2.3
3.0 1.6 2.85 2.45
3.45 1.5 2.8 2.3
3.35 1.4 2.7 2.1
3.25 1.8 2.6 2.4
3.2 1.85 2.45 2.3
3.1 1.5 2.65 2.15
3.3 1.85 2.3 2.15
3.1 1.8 2.7 2.5
3.55 2.15 2.4 2.55
3.35 1.85 2.35 2.2
3.15 1.4 2.85 2.25
3.1 1.75 2.55 2.3
3.35 1.55 2.75 2.3
3.4 1.75 2.7 2.45
3.1 1.45 2.9 2.35
3.3 1.7 2.75 2.45
3.35 1.65 2.35 2.0
2.95 1.35 2.95 2.3
3.35 1.8 2.3 2.1
3.45 2.05 2.25 2.3
3.5 1.55 2.65 2.2
3.6 1.75 2.6 2.35
2.75 1.2 3.15 2.35
2.75 1.25 3.2 2.45
3.0 1.15 2.95 2.1
3.15 1.2 3.25 2.45
3.35 1.95 2.45 2.4
3.55 1.4 2.9 2.3
3.6 2.05 2.25 2.3
3.15 1.8 2.75 2.55
3.15 1.35 2.9 2.25
3.05 1.65 2.75 2.4
3.45 1.35 2.95 2.3
3.2 1.8 2.6 2.4
3.2 1.6 2.5 2.1
3.05 1.55 2.85 2.4
3.15 1.55 2.7 2.25
3.2 1.65 2.9 2.55
3.25 1.5 2.7 2.2
3.25 1.45 2.8 2.25
3.35 1.6 2.6 2.2
3.1 1.35 2.95 2.3
3.15 1.7 2.6 2.3
3.35 1.6 2.6 2.2
3.15 1.6 2.55 2.15
3.4 1.35 2.85 2.2
3.25 1.65 2.55 2.2
3.35 1.6 2.6 2.2
3.25 1.55 2.5 2.05
3.05 1.65 2.65 2.3
3.2 1.8 2.45 2.25
3.45 1.65 2.4 2.05
2.95 1.3 2.95 2.25
3.45 1.5 2.75 2.25
3.15 1.55 2.9 2.45
3.1 1.75 2.45 2.2
3.05 1.45 2.8 2.25
3.2 1.8 2.6 2.4
3.05 1.55 2.8 2.35
3.1 1.75 2.65 2.4
3.35 1.75 2.7 2.45
3.65 2.0 2.1 2.1
3.55 1.45 2.8 2.25
3.2 1.6 2.65 2.25
3.25 1.6 2.65 2.25
2.95 1.3 3.1 2.4
3.6 1.85 2.45 2.3
3.1 1.7 2.6 2.3
2.95 1.7 2.9 2.6
3.1 1.7 2.7 2.4
3.35 1.6 2.5 2.1
3.65 1.65 2.55 2.2
3.4 1.6 2.5 2.1
3.45 1.75 2.5 2.25
3.5 1.8 2.4 2.2
2.95 1.35 2.75 2.1
3.1 1.3 2.9 2.2
3.3 1.65 2.8 2.45
3.3 1.5 2.8 2.3
3.0 1.4 2.95 2.35
3.25 1.9 2.7 2.6
3.15 1.5 3.0 2.5
3.25 1.6 2.8 2.4
3.4 1.7 2.4 2.1
2.95 1.25 3.1 2.35
3.55 1.5 2.65 2.15
3.2 1.7 2.8 2.5
3.6 1.8 2.6 2.4
3.25 1.4 2.85 2.25
3.45 1.65 2.7 2.35
3.35 1.4 2.9 2.3
3.2 1.3 3.05 2.35
3.4 1.8 2.5 2.3
3.05 1.2 2.95 2.15
3.25 1.5 2.85 2.35
3.25 1.75 2.5 2.25
3.15 1.9 2.45 2.35
2.9 1.7 2.7 2.4
3.35 1.8 2.45 2.25
3.2 1.6 2.6 2.2
3.45 1.65 2.6 2.25
3.55 1.75 2.65 2.4
3.5 1.95 2.45 2.4
3.55 1.95 2.45 2.4
2.9 1.3 3.0 2.3
3.4 1.9 2.4 2.3
3.3 1.75 2.35 2.1
3.75 1.9 2.35 2.25
3.15 1.6 2.7 2.3
3.3 1.6 2.7 2.3
3.25 1.45 2.6 2.05
3.2 1.6 2.5 2.1
3.35 1.75 2.5 2.25
2.95 1.35 3.0 2.35
3.4 1.65 2.5 2.15
3.3 1.35 2.75 2.1
3.25 1.75 2.65 2.4
3.2 1.65 2.6 2.25
3.5 1.5 2.9 2.4
3.2 1.7 2.6 2.3
3.35 1.6 2.85 2.45
3.2 1.75 2.3 2.05
2.9 1.65 2.7 2.35
3.3 1.45 2.8 2.25
3.25 1.35 3.05 2.4
3.25 1.65 2.5 2.15
3.3 1.4 2.65 2.05
3.15 1.5 2.8 2.3
3.2 1.7 2.65 2.35
3.4 1.85 2.25 2.1
3.55 1.55 2.6 2.15
3.45 1.7 2.45 2.15
3.05 1.6 2.8 2.4
3.35 1.8 2.55 2.35
3.15 1.7 2.5 2.2
3.5 1.8 2.3 2.1
3.85 1.9 2.35 2.25
3.55 1.95 2.25 2.2
3.35 1.9 2.55 2.45
3.05 1.85 2.45 2.3
3.3 1.6 2.55 2.15
3.55 1.65 2.65 2.3
2.8 1.55 2.85 2.4
3.15 1.45 2.7 2.15
3.45 1.45 2.8 2.25
3.35 1.55 2.6 2.15
3.1 1.65 2.6 2.25
3.35 1.2 3.0 2.2
3.5 1.65 2.7 2.35
3.45 1.5 2.75 2.25
3.55 1.55 2.75 2.3
3.35 1.85 2.4 2.25
3.6 1.6 2.55 2.15
3.4 1.65 2.65 2.3
3.65 1.7 2.45 2.15
3.25 1.7 2.45 2.15
3.25 1.75 2.65 2.4
3.4 1.25 3.25 2.5
3.3 1.45 2.7 2.15
3.2 1.6 2.75 2.35
3.15 1.5 2.65 2.15
3.3 1.8 2.5 2.3
3.05 1.5 2.8 2.3
3.2 1.35 3.05 2.4
3.3 1.55 2.65 2.2
2.95 1.3 2.95 2.25
3.25 1.55 2.7 2.25
3.3 1.75 2.65 2.4
3.3 1.35 3.0 2.35
3.05 1.5 2.6 2.1
3.25 1.85 2.35 2.2
3.2 1.3 3.0 2.3
3.05 1.6 2.9 2.5
3.55 1.9 2.5 2.4
3.35 1.55 2.85 2.4
3.4 1.6 2.7 2.3
3.25 1.35 2.9 2.25
3.1 1.5 3.1 2.6
3.15 1.7 2.7 2.4
2.65 1.5 2.95 2.45
3.55 1.6 2.85 2.45
3.4 1.75 2.3 2.05
2.95 1.6 2.75 2.35
3.65 2.0 2.3 2.3
2.9 1.55 2.85 2.4
3.65 1.9 2.4 2.3
3.3 1.3 3.1 2.4
3.2 1.45 2.85 2.3
3.3 1.95 2.2 2.15
3.05 1.4 2.9 2.3
3.45 1.8 2.45 2.25
3.35 1.6 2.9 2.5
3.25 1.4 2.75 2.15
3.4 1.6 2.6 2.2
3.5 1.25 3.0 2.25
3.3 1.45 2.75 2.2
3.35 1.6 2.65 2.25
3.05 1.85 2.55 2.4
3.15 1.8 2.6 2.4
3.3 1.55 2.75 2.3
3.65 1.55 2.75 2.3
3.25 1.7 2.7 2.4
3.25 1.7 2.6 2.3
3.6 1.95 2.35 2.3
3.15 1.75 2.7 2.45
3.4 1.85 2.35 2.2
3.55 1.55 2.5 2.05
3.35 2.0 2.3 2.3
2.95 1.8 2.65 2.45
3.45 1.6 2.65 2.25
3.35 1.9 2.25 2.15
3.5 1.55 2.6 2.15
3.05 1.55 3.05 2.6
3.4 1.9 2.3 2.2
3.3 1.6 2.5 2.1
3.6 1.6 2.6 2.2
3.45 1.6 2.45 2.05
3.3 1.85 2.35 2.2
3.3 1.45 2.9 2.35
3.55 1.6 2.65 2.25
3.0 1.45 2.9 2.35
3.4 1.6 2.8 2.4
3.55 2.0 2.15 2.15
3.05 1.8 2.55 2.35
3.4 1.7 2.15 1.85
3.3 1.6 2.65 2.25
3.1 1.45 2.65 2.1
3.15 1.55 2.6 2.15
3.35 1.6 2.7 2.3
3.2 1.35 2.85 2.2
3.0 1.55 2.9 2.45
2.9 1.35 2.85 2.2
3.0 1.2 3.2 2.4
3.25 1.8 2.55 2.35
2.9 1.6 2.65 2.25
3.25 1.5 2.7 2.2
3.0 1.1 2.95 2.05
3.45 1.85 2.4 2.25
3.0 1.45 2.85 2.3
2.8 1.4 3.0 2.4
3.15 1.25 2.9 2.15
3.6 1.75 2.5 2.25
3.55 1.5 2.65 2.15
3.25 1.6 2.7 2.3
3.4 1.45 2.85 2.3
3.3 1.7 2.45 2.15
2.85 1.35 3.1 2.45
3.2 1.4 2.9 2.3
3.3 1.5 2.6 2.1
3.5 1.8 2.6 2.4
3.45 1.7 2.5 2.2
3.2 1.6 2.35 1.95
3.1 1.5 2.65 2.15
3.2 1.5 2.85 2.35
3.15 1.65 2.6 2.25
3.15 1.3 3.05 2.35
3.15 1.65 2.5 2.15
3.1 1.65 2.55 2.2
3.2 1.5 2.85 2.35
3.65 1.75 2.4 2.15
3.55 1.3 2.8 2.1
3.1 1.8 2.55 2.35
3.25 1.75 2.4 2.15
3.3 1.7 2.65 2.35
3.35 1.95 2.55 2.5
3.4 2.0 2.25 2.25
3.0 1.3 3.05 2.35
3.35 1.7 2.45 2.15
3.35 1.35 2.85 2.2
3.1 1.25 3.15 2.4
3.15 1.55 2.75 2.3
2.95 1.5 2.65 2.15
2.95 1.45 2.85 2.3
3.15 1.55 2.85 2.4
3.45 1.7 2.5 2.2
3.35 1.65 2.5 2.15
3.4 1.6 2.7 2.3
3.1 1.55 2.85 2.4
3.4 1.8 2.15 1.95
3.1 1.75 2.5 2.25
3.35 1.6 2.6 2.2
3.35 1.45 2.85 2.3
3.15 1.8 2.8 2.6
3.0 1.15 3.25 2.4
2.75 1.4 2.85 2.25
3.5 1.8 2.2 2.0
2.95 1.75 2.8 2.55
3.2 1.6 2.8 2.4
3.35 1.45 2.7 2.15
3.35 1.35 2.75 2.1
3.6 1.75 2.4 2.15
3.8 1.85 2.4 2.25
3.2 1.65 2.6 2.25
3.15 1.7 2.4 2.1
3.7 1.25 3.0 2.25
3.0 1.2 3.25 2.45
3.35 1.35 2.9 2.25
3.25 1.65 2.55 2.2
3.4 1.6 2.4 2.0
3.3 1.85 2.2 2.05
3.3 1.45 2.65 2.1
3.3 1.65 2.5 2.15
3.4 1.45 2.6 2.05
3.45 2.05 2.25 2.3
3.35 1.4 2.7 2.1
3.3 1.65 2.55 2.2
3.55 1.75 2.65 2.4
2.9 1.4 2.8 2.2
3.25 1.8 2.55 2.35
3.45 1.7 2.6 2.3
3.45 1.5 2.7 2.2
3.3 1.55 2.85 2.4
3.15 1.35 3.15 2.5
3.45 1.7 2.5 2.2
3.65 1.55 2.65 2.2
3.05 1.7 2.65 2.35
3.2 1.55 2.6 2.15
3.65 1.9 2.3 2.2
3.45 1.65 2.6 2.25
3.4 1.95 2.5 2.45
3.0 1.25 3.1 2.35
3.55 1.85 2.45 2.3
3.3 1.65 2.5 2.15
3.15 1.5 2.85 2.35
3.25 1.55 2.65 2.2
3.2 1.6 2.7 2.3
3.45 1.75 2.55 2.3
2.95 1.6 2.65 2.25
2.65 1.4 2.8 2.2
3.3 1.65 2.5 2.15
3.25 1.75 2.55 2.3
3.5 1.65 2.5 2.15
3.4 1.55 2.4 1.95
3.15 1.8 2.4 2.2
3.15 1.8 2.5 2.3
3.3 1.45 2.9 2.35
3.2 1.65 2.7 2.35
3.4 1.85 2.65 2.5
3.5 1.75 2.55 2.3
3.5 1.8 2.5 2.3
3.25 1.85 2.5 2.35
3.5 1.7 2.5 2.2
3.35 1.7 2.45 2.15
3.25 1.55 2.65 2.2
3.15 1.75 2.75 2.5
3.5 1.75 2.4 2.15
3.35 1.35 3.1 2.45
3.1 1.25 3.15 2.4
3.1 1.35 3.1 2.45
2.9 1.45 2.9 2.35
3.25 1.5 2.7 2.2
3.4 1.75 2.55 2.3
3.0 1.55 2.85 2.4
3.0 1.35 3.15 2.5
3.05 1.4 2.95 2.35
3.4 1.4 2.85 2.25
3.2 1.45 3.0 2.45
2.9 1.65 2.8 2.45
3.3 1.45 2.65 2.1
3.05 1.7 2.85 2.55
3.1 1.4 2.95 2.35
3.35 1.55 2.9 2.45
3.2 1.25 3.0 2.25
3.05 1.75 2.6 2.35
3.25 1.55 2.45 2.0
2.9 1.45 2.75 2.2
3.3 1.75 2.5 2.25
3.2 1.35 2.9 2.25
2.95 1.5 2.8 2.3
3.25 1.4 3.0 2.4
3.1 1.5 2.65 2.15
3.5 2.0 2.2 2.2
3.1 1.35 2.85 2.2
3.05 1.45 2.75 2.2
3.05 1.4 2.95 2.35
3.4 1.7 2.6 2.3
3.25 1.65 2.8 2.45
3.25 2.0 2.4 2.4
3.4 1.55 2.55 2.1
3.3 1.55 2.4 1.95
3.3 1.6 2.4 2.0
3.3 1.6 2.6 2.2
3.5 1.45 2.75 2.2
3.6 2.05 2.35 2.4
3.45 1.9 2.55 2.45
3.5 1.6 2.6 2.2
3.5 1.7 2.3 2.0
3.3 1.8 2.45 2.25
3.05 1.35 3.0 2.35
3.3 1.9 2.5 2.4
3.1 1.3 3.25 2.55
3.6 1.85 2.5 2.35
3.55 1.8 2.25 2.05
3.55 1.4 2.9 2.3
3.2 1.65 2.6 2.25
3.25 1.6 2.6 2.2
3.05 1.3 2.95 2.25
3.15 1.65 2.75 2.4
3.4 1.5 2.7 2.2
3.2 1.7 2.5 2.2
2.95 1.4 3.05 2.45
3.45 1.75 2.6 2.35
3.35 1.5 2.7 2.2
3.3 1.55 2.7 2.25
2.75 1.45 3.0 2.45
3.2 1.95 2.5 2.45
3.15 1.6 2.55 2.15
3.35 1.95 2.25 2.2
3.3 1.6 2.8 2.4
3.25 1.55 2.75 2.3
3.1 1.45 2.95 2.4
3.25 1.5 2.75 2.25
3.7 1.85 2.4 2.25
3.0 1.85 2.7 2.55
3.25 1.35 2.95 2.3
3.5 1.55 2.55 2.1
3.3 1.25 3.0 2.25
3.3 1.6 2.5 2.1
2.7 1.6 2.85 2.45
3.65 1.95 2.2 2.15
2.95 1.45 2.95 2.4
3.35 1.75 2.5 2.25
3.4 1.65 2.6 2.25
3.25 1.55 2.65 2.2
3.6 2.05 2.3 2.35
3.0 1.35 3.0 2.35
3.3 1.75 2.55 2.3
3.1 1.55 2.65 2.2
3.25 1.75 2.6 2.35
3.25 1.6 2.55 2.15
3.3 1.7 2.35 2.05
3.05 1.35 3.0 2.35
3.2 1.45 2.85 2.3
3.2 1.9 2.3 2.2
3.1 1.65 2.7 2.35
3.0 1.55 2.8 2.35
3.05 1.35 2.85 2.2
3.4 1.5 2.6 2.1
3.6 1.9 2.55 2.45
3.45 1.4 2.75 2.15
3.3 1.45 2.8 2.25
3.3 1.3 3.0 2.3
3.6 1.5 2.65 2.15
3.25 1.55 2.9 2.45
3.65 1.8 2.45 2.25
3.1 1.4 2.75 2.15
3.35 1.65 2.55 2.2
3.0 1.55 2.7 2.25
3.2 1.35 3.0 2.35
3.2 1.7 2.65 2.35
3.2 1.5 2.65 2.15
3.4 1.25 2.95 2.2
3.55 1.85 2.25 2.1
3.1 1.25 3.2 2.45
3.5 2.1 2.3 2.4
3.1 1.9 2.5 2.4
2.85 1.45 3.1 2.55
3.3 1.6 2.7 2.3
3.3 1.5 2.7 2.2
3.3 1.45 2.7 2.15
3.35 1.7 2.5 2.2
2.9 1.6 2.65 2.25
3.05 1.7 2.75 2.45
3.25 1.55 2.8 2.35
3.4 1.65 2.55 2.2
3.4 1.8 2.55 2.35
3.2 1.35 3.15 2.5
3.05 1.55 2.9 2.45
3.25 1.6 2.75 2.35
3.3 1.65 2.55 2.2
3.35 1.6 2.65 2.25
3.05 1.6 2.65 2.25
3.3 1.7 2.55 2.25
3.5 1.6 2.6 2.2
3.3 1.8 2.35 2.15
3.0 1.6 2.75 2.35
2.95 1.35 3.0 2.35
3.4 1.75 2.5 2.25
3.05 1.9 2.5 2.4
3.25 1.6 2.55 2.15
3.65 1.6 2.55 2.15
3.45 1.45 2.8 2.25
2.95 1.2 3.05 2.25
3.1 1.85 2.45 2.3
3.2 1.6 2.75 2.35
3.35 1.4 3.05 2.45
3.0 1.2 3.05 2.25
3.4 1.65 2.6 2.25
3.35 1.85 2.45 2.3
3.65 1.85 2.15 2.0
3.65 1.95 2.4 2.35
3.15 1.75 2.55 2.3
3.55 1.65 2.45 2.1
3.05 1.55 2.75 2.3
3.75 1.85 2.35 2.2
3.05 1.4 2.8 2.2
3.3 1.55 2.8 2.35
3.15 1.45 2.85 2.3
3.25 1.75 2.5 2.25
3.8 1.9 2.25 2.15
3.15 1.45 2.75 2.2
3.25 1.7 2.6 2.3
2.8 1.5 3.05 2.55
2.85 1.45 3.1 2.55
3.4 1.7 2.3 2.0
3.55 1.8 2.3 2.1
3.35 1.55 2.65 2.2
3.3 1.5 2.9 2.4
3.2 1.65 2.6 2.25
3.65 1.9 2.25 2.15
3.55 1.85 2.35 2.2
3.2 1.6 2.7 2.3
3.25 1.75 2.75 2.5
3.35 1.6 2.6 2.2
3.15 1.25 3.05 2.3
3.45 1.9 2.35 2.25
3.6 1.7 2.5 2.2
3.3 2.0 2.2 2.2
3.25 1.7 2.7 2.4
3.05 1.35 2.9 2.25
3.3 1.75 2.75 2.5
3.7 1.85 2.3 2.15
3.4 1.45 3.05 2.5
3.5 2.0 2.25 2.25
3.45 1.65 2.7 2.35
3.0 1.55 2.65 2.2
3.0 1.55 2.85 2.4
3.15 1.55 2.85 2.4
3.4 1.35 2.85 2.2
3.3 1.55 2.65 2.2
3.15 1.75 2.65 2.4
3.35 1.65 2.45 2.1
3.4 1.8 2.4 2.2
3.2 1.55 2.6 2.15
3.55 2.2 2.35 2.55
3.1 1.7 2.65 2.35
3.6 1.75 2.5 2.25
3.45 1.65 2.85 2.5
3.35 1.55 2.8 2.35
3.05 1.35 2.95 2.3
3.6 1.75 2.5 2.25
3.2 1.5 2.85 2.35
3.15 1.85 2.45 2.3
3.15 1.75 2.45 2.2
3.4 1.8 2.45 2.25
3.4 1.65 2.55 2.2
3.3 1.55 2.95 2.5
3.65 1.95 2.5 2.45
3.4 1.8 2.6 2.4
3.05 1.45 2.9 2.35
3.85 2.0 2.3 2.3
3.2 1.45 2.45 1.9
3.5 1.4 2.75 2.15
3.4 2.15 2.1 2.25
3.15 1.55 2.8 2.35
3.35 1.8 2.35 2.15
3.3 1.8 2.6 2.4
3.3 1.7 2.45 2.15
3.25 1.7 2.7 2.4
3.35 2.0 2.45 2.45
3.2 1.6 2.6 2.2
3.35 1.6 2.45 2.05
3.3 1.55 2.8 2.35
3.15 1.75 2.65 2.4
3.05 1.75 2.8 2.55
3.6 1.65 2.7 2.35
3.3 1.55 2.7 2.25
3.45 1.4 2.85 2.25
3.5 1.85 2.55 2.4
3.2 1.3 2.95 2.25
2.65 1.15 3.3 2.45
3.2 1.5 2.75 2.25
3.65 1.5 2.7 2.2
3.2 1.6 2.6 2.2
3.1 1.8 2.55 2.35
3.2 1.5 2.6 2.1
3.45 1.4 2.8 2.2
3.55 1.65 2.5 2.15
3.5 1.6 2.65 2.25
3.1 1.45 2.7 2.15
3.45 1.5 2.7 2.2
2.85 1.6 3.0 2.6
3.4 1.55 2.9 2.45
3.6 1.55 2.65 2.2
3.2 1.75 2.35 2.1
2.85 1.6 2.7 2.3
2.8 1.15 2.9 2.05
2.85 1.55 2.75 2.3
3.5 1.4 2.8 2.2
3.55 1.45 2.65 2.1
3.4 1.35 2.9 2.25
3.3 1.6 2.6 2.2
3.0 1.25 3.0 2.25
3.1 1.65 2.65 2.3
3.4 1.8 2.4 2.2
3.35 1.4 2.95 2.35
3.3 1.9 2.4 2.3
3.3 1.55 2.5 2.05
3.2 1.5 2.85 2.35
3.05 1.8 2.7 2.5
3.75 1.8 2.4 2.2
3.2 1.5 2.85 2.35
3.3 1.95 2.3 2.25
3.3 2.0 2.3 2.3
3.1 1.45 3.15 2.6
3.05 1.55 2.75 2.3
3.1 1.6 2.7 2.3
3.25 1.5 2.6 2.1
3.25 1.35 2.9 2.25
3.1 1.65 2.6 2.25
3.3 1.95 2.5 2.45
3.1 1.4 2.75 2.15
3.4 1.7 2.55 2.25
3.15 1.45 2.7 2.15
3.35 1.75 2.4 2.15
3.8 2.05 2.15 2.2
3.35 1.9 2.45 2.35
3.1 1.1 3.0 2.1
3.4 1.65 2.65 2.3
3.2 1.85 2.55 2.4
3.25 1.65 2.6 2.25
3.15 1.25 3.1 2.35
3.55 1.9 2.35 2.25
3.7 1.55 2.55 2.1
3.3 1.65 2.6 2.25
3.2 1.3 3.0 2.3
3.55 1.75 2.45 2.2
3.0 1.9 2.6 2.5
3.1 1.4 2.85 2.25
3.15 1.5 2.7 2.2
3.1 1.45 2.7 2.15
2.95 1.5 3.0 2.5
3.35 1.35 3.0 2.35
3.5 1.75 2.35 2.1
3.55 1.85 2.3 2.15
3.2 1.4 3.05 2.45
2.75 1.3 3.05 2.35
3.1 1.55 2.8 2.35
3.55 1.7 2.4 2.1
3.25 1.45 2.6 2.05
3.4 1.15 3.15 2.3
3.05 1.55 2.6 2.15
3.25 1.75 2.45 2.2
3.45 1.75 2.45 2.2
3.45 1.65 2.4 2.05
3.4 2.2 2.15 2.35
3.1 1.35 2.95 2.3
3.45 1.7 2.45 2.15
3.5 1.65 2.65 2.3
3.2 1.6 2.6 2.2
3.15 1.4 2.9 2.3
3.2 1.65 2.8 2.45
3.5 1.6 2.6 2.2
3.0 1.45 2.95 2.4
3.45 1.75 2.5 2.25
3.25 1.65 2.35 2.0
3.3 1.55 2.45 2.0
3.35 1.4 3.05 2.45
3.1 1.35 3.05 2.4
3.55 1.6 2.55 2.15
3.1 1.3 3.0 2.3
3.15 1.8 2.55 2.35
2.95 1.7 2.55 2.25
2.75 1.5 3.0 2.5
3.4 1.75 2.65 2.4
2.85 1.4 2.85 2.25
3.65 1.65 2.55 2.2
3.25 1.3 2.95 2.25
3.15 1.45 2.75 2.2
3.6 1.7 2.45 2.15
3.2 1.5 2.75 2.25
3.65 1.75 2.4 2.15
2.85 1.65 2.8 2.45
3.3 1.75 2.5 2.25
3.55 1.75 2.45 2.2
3.15 1.75 2.45 2.2
2.7 1.35 2.9 2.25
3.3 1.75 2.4 2.15
3.25 1.55 2.5 2.05
3.25 1.5 2.65 2.15
3.5 1.6 2.35 1.95
3.1 1.55 3.0 2.55
3.4 1.5 2.75 2.25
3.2 1.75 2.55 2.3
3.3 1.65 2.5 2.15
3.0 1.5 2.85 2.35
3.1 1.85 2.3 2.15
3.5 1.4 2.75 2.15
3.65 1.7 2.4 2.1
3.15 1.6 2.6 2.2
2.8 1.5 2.85 2.35
3.45 1.55 2.85 2.4
2.75 1.4 3.0 2.4
3.6 1.95 2.4 2.35
3.65 1.95 2.25 2.2
2.95 1.6 2.85 2.45
3.25 1.5 2.5 2.0
3.1 1.5 3.0 2.5
3.05 1.9 2.45 2.35
3.45 1.65 2.4 2.05
3.25 1.5 2.6 2.1
3.25 1.65 2.55 2.2
3.3 1.95 2.45 2.4
3.35 1.6 2.7 2.3
3.55 2.0 2.3 2.3
3.35 1.65 2.45 2.1
3.15 1.45 2.65 2.1
3.4 2.0 2.25 2.25
3.05 1.75 2.55 2.3
3.25 1.9 2.35 2.25
3.25 1.9 2.3 2.2
3.15 1.7 2.75 2.45
3.3 1.5 2.7 2.2
3.4 1.5 2.55 2.05
3.3 1.55 2.75 2.3
3.4 2.05 2.4 2.45
3.2 1.6 2.45 2.05
3.05 1.45 2.6 2.05
3.05 1.6 2.65 2.25
2.85 1.4 3.0 2.4
3.05 1.65 2.65 2.3
3.3 1.55 2.7 2.25
3.25 1.65 2.55 2.2
2.75 1.55 2.75 2.3
3.5 1.7 2.65 2.35
3.6 1.55 2.75 2.3
3.2 1.4 3.0 2.4
3.15 1.35 2.7 2.05
3.3 1.4 2.9 2.3
3.6 1.5 2.7 2.2
2.95 1.65 2.65 2.3
3.25 1.85 2.4 2.25
3.6 1.8 2.5 2.3
2.95 1.65 2.55 2.2
3.2 1.75 2.45 2.2
3.15 1.55 2.55 2.1
3.4 1.75 2.7 2.45
3.6 1.95 2.35 2.3
3.25 1.4 2.9 2.3
3.25 1.4 3.0 2.4
3.55 1.6 2.6 2.2
3.25 1.6 2.7 2.3
3.5 1.6 2.6 2.2
2.85 1.4 3.05 2.45
3.5 1.75 2.6 2.35
3.5 1.7 2.45 2.15
3.15 1.6 2.7 2.3
3.3 1.5 2.75 2.25
3.05 1.45 2.8 2.25
3.15 1.9 2.6 2.5
2.9 1.9 2.7 2.6
3.05 1.5 2.6 2.1
3.25 1.95 2.25 2.2
3.55 1.6 2.6 2.2
3.15 1.6 2.7 2.3
3.45 1.4 3.05 2.45
3.1 1.6 2.55 2.15
3.1 1.85 2.35 2.2
3.45 1.3 2.75 2.05
3.45 1.7 2.65 2.35
3.0 1.55 2.75 2.3
3.25 1.5 2.55 2.05
3.1 1.55 2.6 2.15
3.55 1.95 2.15 2.1
3.25 1.5 2.7 2.2
3.05 1.55 2.8 2.35
2.95 1.45 2.95 2.4
2.85 1.9 2.6 2.5
3.45 1.25 2.9 2.15
3.3 1.4 2.75 2.15
3.15 1.5 2.7 2.2
3.15 1.45 2.65 2.1
3.55 1.75 2.6 2.35
3.35 1.7 2.45 2.15
3.6 1.7 2.55 2.25
3.45 2.0 2.15 2.15
3.15 1.6 3.0 2.6
3.55 1.8 2.3 2.1
3.25 1.55 2.85 2.4
3.2 1.4 2.85 2.25
3.6 1.5 2.7 2.2
3.5 1.8 2.4 2.2
3.15 1.8 2.6 2.4
3.35 1.9 2.7 2.6
3.4 1.7 2.45 2.15
3.2 1.45 2.65 2.1
3.0 1.35 3.1 2.45
3.15 1.3 2.95 2.25
3.3 1.7 2.4 2.1
3.35 1.55 2.5 2.05
3.2 1.55 2.7 2.25
3.25 1.8 2.45 2.25
3.4 1.65 2.6 2.25
3.35 2.0 2.45 2.45
3.2 1.5 2.7 2.2
3.15 1.6 2.55 2.15
2.85 1.4 3.1 2.5
3.25 1.5 2.9 2.4
3.55 1.95 2.55 2.5
3.0 1.55 2.9 2.45
3.55 2.15 2.2 2.35
3.2 1.7 2.55 2.25
3.2 1.45 2.95 2.4
3.4 1.55 2.75 2.3
2.75 1.05 3.25 2.3
3.25 1.8 2.5 2.3
3.45 1.65 2.7 2.35
3.25 1.35 2.95 2.3
3.45 1.65 2.6 2.25
3.3 1.6 2.75 2.35
3.1 1.45 2.65 2.1
2.85 1.7 2.65 2.35
2.75 1.4 3.0 2.4
3.3 1.4 2.95 2.35
3.35 1.8 2.6 2.4
3.25 1.4 2.75 2.15
2.9 1.45 2.85 2.3
3.2 1.35 2.75 2.1
3.35 1.75 2.6 2.35
3.55 1.65 2.25 1.9
3.05 1.55 2.8 2.35
3.5 1.9 2.3 2.2
3.4 1.9 2.45 2.35
3.25 1.55 2.65 2.2
3.35 1.5 2.65 2.15
3.1 1.45 2.75 2.2
3.35 1.65 2.75 2.4
3.45 1.7 2.95 2.65
3.35 1.3 2.6 1.9
3.3 1.35 2.85 2.2
3.35 1.35 2.75 2.1
3.25 1.4 2.85 2.25
3.25 1.4 2.65 2.05
3.05 1.6 2.7 2.3
3.5 1.75 2.5 2.25
3.1 1.2 3.15 2.35
3.2 1.7 2.7 2.4
3.15 1.6 2.7 2.3
3.6 2.0 2.35 2.35
3.55 1.6 2.4 2.0
3.45 1.45 2.75 2.2
3.1 1.55 2.6 2.15
3.1 1.55 2.85 2.4
3.3 1.7 2.5 2.2
3.15 1.35 3.0 2.35
3.4 1.7 2.45 2.15
3.25 1.35 2.8 2.15
3.5 1.7 2.55 2.25
3.2 1.4 2.75 2.15
2.8 1.4 3.2 2.6
3.3 1.65 2.55 2.2
3.5 1.6 2.7 2.3
3.6 1.9 2.45 2.35
3.4 1.8 2.2 2.0
3.4 1.75 2.35 2.1
3.4 1.75 2.55 2.3
3.2 1.7 2.65 2.35
3.15 1.6 2.85 2.45
3.45 1.65 2.7 2.35
3.4 1.6 2.8 2.4
3.55 1.7 2.75 2.45
3.15 1.45 2.95 2.4
3.35 1.6 2.6 2.2
2.85 1.4 2.95 2.35
3.45 1.9 2.35 2.25
3.3 1.85 2.3 2.15
2.85 1.35 3.1 2.45
2.9 1.6 2.85 2.45
3.25 1.65 2.65 2.3
3.05 1.35 3.05 2.4
3.15 1.6 2.75 2.35
3.45 1.6 3.0 2.6
3.0 1.4 2.95 2.35
3.35 1.5 2.75 2.25
3.05 1.45 3.15 2.6
3.1 1.45 2.75 2.2
2.95 1.3 2.95 2.25
3.4 1.75 2.4 2.15
3.5 1.55 2.65 2.2
3.25 1.65 2.45 2.1
3.5 1.9 2.15 2.05
3.55 1.85 2.25 2.1
3.1 1.35 2.9 2.25
3.4 1.75 2.5 2.25
3.15 1.65 2.65 2.3
3.45 1.6 2.7 2.3
3.45 2.1 2.05 2.15
3.6 1.5 2.85 2.35
3.4 1.75 2.4 2.15
3.35 1.6 2.8 2.4
3.25 1.5 2.6 2.1
3.25 1.3 2.95 2.25
3.45 1.45 2.7 2.15
3.45 2.0 2.3 2.3
3.3 1.85 2.45 2.3
2.95 1.55 2.85 2.4
3.0 1.55 2.55 2.1
3.25 1.45 2.7 2.15
3.1 1.35 2.95 2.3
3.25 1.45 2.75 2.2
3.5 1.85 2.35 2.2
3.45 1.55 2.65 2.2
3.2 1.45 2.75 2.2
3.15 1.65 2.65 2.3
3.35 1.7 2.4 2.1
3.45 1.7 2.45 2.15
3.4 1.5 2.6 2.1
3.55 2.0 2.05 2.05
3.65 1.95 2.3 2.25
3.1 1.95 2.4 2.35
3.2 1.65 2.7 2.35
3.1 1.4 2.8 2.2
3.4 1.9 2.5 2.4
3.25 1.55 2.55 2.1
3.15 1.65 2.5 2.15
3.35 1.75 2.55 2.3
3.5 1.95 2.4 2.35
3.45 1.6 2.65 2.25
2.95 1.55 2.75 2.3
2.95 1.55 2.75 2.3
3.15 1.65 2.7 2.35
3.45 1.7 2.65 2.35
3.1 1.45 2.9 2.35
3.4 2.2 2.05 2.25
3.35 1.6 2.6 2.2
2.65 1.2 3.15 2.35
2.9 1.65 2.95 2.6
3.2 2.1 2.55 2.65
2.95 1.4 2.95 2.35
3.05 1.35 2.85 2.2
3.3 1.65 2.6 2.25
3.3 1.55 2.75 2.3
3.1 1.85 2.55 2.4
3.45 1.7 2.75 2.45
3.15 1.6 2.85 2.45
3.3 1.55 2.6 2.15
3.05 1.5 2.7 2.2
3.55 1.4 2.85 2.25
3.2 1.15 3.2 2.35
3.5 1.85 2.35 2.2
3.25 1.65 2.8 2.45
3.45 1.75 2.5 2.25
3.1 1.4 2.55 1.95
3.2 1.45 2.95 2.4
3.15 1.45 2.8 2.25
3.15 1.55 2.9 2.45
3.35 1.8 2.25 2.05
3.5 1.95 2.3 2.25
3.2 1.5 2.65 2.15
3.2 1.55 2.8 2.35
3.2 1.45 3.0 2.45
3.35 1.5 2.95 2.45
3.45 1.8 2.6 2.4
3.55 1.75 2.5 2.25
3.35 1.75 2.45 2.2
3.6 2.05 2.3 2.35
2.7 1.45 3.15 2.6
3.05 1.55 2.75 2.3
3.35 1.55 2.7 2.25
3.55 1.7 2.4 2.1
3.3 1.7 2.6 2.3
3.5 2.0 2.2 2.2
3.2 1.35 2.85 2.2
3.0 1.55 2.85 2.4
3.25 1.5 2.7 2.2
3.2 1.4 2.7 2.1
3.3 1.6 2.4 2.0
3.55 1.65 2.7 2.35
3.15 1.25 3.1 2.35
3.4 1.45 2.8 2.25
3.3 1.25 3.15 2.4
3.05 1.65 2.8 2.45
3.25 1.75 2.5 2.25
3.35 1.75 2.55 2.3
3.35 1.75 2.35 2.1
3.15 1.65 2.5 2.15
3.1 1.5 2.7 2.2
2.75 1.7 2.7 2.4
3.3 1.55 2.7 2.25
3.25 1.4 2.85 2.25
2.95 1.6 2.85 2.45
3.65 1.65 2.6 2.25
3.2 1.6 2.7 2.3
3.35 1.45 2.9 2.35
3.25 1.6 2.65 2.25
3.15 1.45 2.9 2.35
3.35 1.55 2.55 2.1
2.95 1.65 2.55 2.2
2.8 1.5 2.75 2.25
3.2 1.4 3.05 2.45
3.6 1.7 2.75 2.45
3.55 2.1 2.25 2.35
3.1 1.65 2.6 2.25
2.9 1.35 2.8 2.15
3.5 1.8 2.6 2.4
3.0 1.6 2.6 2.2
2.9 1.4 3.0 2.4
3.25 1.6 2.85 2.45
3.55 1.8 2.45 2.25
3.1 1.5 2.8 2.3
3.35 1.55 2.6 2.15
3.2 1.75 2.55 2.3
3.15 1.55 2.7 2.25
3.3 1.65 2.5 2.15
3.35 1.4 2.7 2.1
3.2 1.6 2.45 2.05
3.3 1.65 2.7 2.35
3.6 2.0 2.25 2.25
2.9 1.25 3.15 2.4
3.45 1.9 2.45 2.35
3.55 2.05 2.15 2.2
3.5 1.55 2.75 2.3
3.5 1.45 2.75 2.2
2.9 1.2 3.25 2.45
3.25 1.5 2.5 2.0
2.95 1.5 2.9 2.4
2.7 1.6 2.9 2.5
3.35 1.35 2.9 2.25
3.25 1.7 2.55 2.25
3.2 1.4 2.75 2.15
3.5 1.7 2.55 2.25
3.2 1.75 2.6 2.35
2.95 1.35 2.95 2.3
3.3 1.65 2.7 2.35
3.2 1.55 2.6 2.15
3.05 1.55 2.8 2.35
3.2 1.6 2.8 2.4
3.7 1.85 2.5 2.35
3.1 1.5 2.65 2.15
3.25 1.5 2.8 2.3
3.35 1.55 2.55 2.1
3.3 1.7 2.7 2.4
3.0 1.5 2.6 2.1
3.3 1.75 2.7 2.45
3.2 1.15 3.15 2.3
3.55 1.45 2.7 2.15
3.4 1.75 2.55 2.3
3.1 1.3 3.05 2.35
3.35 1.25 2.95 2.2
3.3 1.85 2.5 2.35
3.15 1.45 2.9 2.35
3.25 1.95 2.4 2.35
3.35 1.65 2.4 2.05
3.3 1.7 2.65 2.35
2.9 1.25 3.0 2.25
3.3 1.45 2.95 2.4
3.6 1.7 2.5 2.2
3.4 1.35 2.85 2.2
3.6 1.85 2.55 2.4
3.4 1.5 2.7 2.2
3.5 1.55 2.6 2.15
3.55 1.8 2.65 2.45
3.5 1.85 2.35 2.2
3.35 1.55 2.75 2.3
3.35 1.3 3.05 2.35
3.15 1.45 2.95 2.4
3.2 1.55 2.7 2.25
2.9 1.3 3.05 2.35
3.3 1.6 2.55 2.15
3.05 1.5 2.7 2.2
3.1 1.45 3.0 2.45
3.25 1.75 2.65 2.4
3.5 2.15 2.1 2.25
3.2 1.55 2.8 2.35
3.35 1.55 2.65 2.2
3.25 1.7 2.55 2.25
3.05 1.3 2.95 2.25
3.45 2.1 2.3 2.4
3.25 1.9 2.55 2.45
3.2 1.75 2.55 2.3
3.25 1.6 2.85 2.45
3.4 2.05 2.35 2.4
3.1 1.35 3.05 2.4
3.15 1.55 2.85 2.4
3.05 1.7 2.75 2.45
3.5 1.7 2.4 2.1
3.3 1.55 2.55 2.1
3.25 1.55 2.45 2.0
3.05 1.75 2.7 2.45
3.4 1.85 2.4 2.25
3.15 1.15 3.05 2.2
3.35 1.95 2.4 2.35
3.35 1.55 2.75 2.3
3.45 1.4 2.85 2.25
3.35 1.85 2.55 2.4
3.1 1.4 3.0 2.4
3.1 1.45 2.7 2.15
3.25 1.6 2.6 2.2
3.25 1.6 2.6 2.2
3.35 1.35 2.8 2.15
3.4 1.6 2.5 2.1
3.15 1.25 3.15 2.4
2.9 1.5 3.15 2.65
3.15 1.5 2.9 2.4
3.35 1.45 3.05 2.5
3.0 1.4 2.95 2.35
3.25 1.4 2.9 2.3
3.45 1.95 2.4 2.35
3.0 1.6 2.7 2.3
3.3 1.7 2.6 2.3
3.0 1.65 2.6 2.25
3.45 2.0 2.25 2.25
3.2 1.6 2.75 2.35
3.35 1.7 2.65 2.35
3.25 1.55 2.75 2.3
3.25 1.8 2.65 2.45
3.7 1.55 2.6 2.15
3.15 1.45 2.8 2.25
3.15 1.45 2.85 2.3
3.6 1.4 2.75 2.15
3.0 1.6 2.6 2.2
3.4 1.75 2.65 2.4
3.15 1.8 2.5 2.3
2.9 1.6 2.75 2.35
3.1 1.5 2.85 2.35
3.6 2.0 2.3 2.3
3.15 1.65 2.8 2.45
3.2 1.2 3.25 2.45
3.05 1.5 2.7 2.2
3.55 1.85 2.3 2.15
3.25 1.65 2.6 2.25
3.4 1.65 2.8 2.45
3.45 1.6 2.5 2.1
3.3 1.8 2.5 2.3
2.8 1.3 3.1 2.4
3.2 1.6 2.9 2.5
3.15 1.3 3.0 2.3
3.5 1.7 2.45 2.15
3.4 2.05 2.25 2.3
3.6 1.9 2.45 2.35
3.55 1.9 2.4 2.3
3.35 1.5 3.0 2.5
3.25 1.3 2.95 2.25
3.4 1.5 2.65 2.15
2.9 1.4 2.8 2.2
3.1 1.3 2.9 2.2
3.35 1.7 2.6 2.3
3.3 1.6 2.7 2.3
3.2 1.35 2.95 2.3
3.15 1.5 2.75 2.25
3.2 1.45 2.95 2.4
3.4 1.75 2.4 2.15
3.15 1.4 2.75 2.15
3.65 2.1 2.15 2.25
3.4 1.85 2.55 2.4
3.2 1.55 2.7 2.25
3.4 1.45 2.85 2.3
3.35 2.1 2.05 2.15
3.35 1.7 2.5 2.2
3.15 1.55 2.75 2.3
3.25 1.75 2.5 2.25
3.2 1.5 2.95 2.45
3.35 1.55 2.7 2.25
3.4 1.65 2.5 2.15
3.55 1.75 2.75 2.5
3.05 1.35 2.85 2.2
3.4 1.7 2.65 2.35
3.35 1.8 2.4 2.2
3.3 1.7 2.45 2.15
3.4 1.75 2.6 2.35
3.45 1.45 2.9 2.35
3.3 1.45 2.65 2.1
3.45 1.85 2.4 2.25
3.25 1.45 2.85 2.3
3.35 1.95 2.3 2.25
3.35 1.85 2.45 2.3
3.3 1.45 2.65 2.1
3.15 1.7 2.4 2.1
3.1 1.5 2.6 2.1
3.4 1.25 2.75 2.0
3.45 1.55 2.65 2.2
3.35 1.65 2.85 2.5
3.3 1.8 2.45 2.25
2.95 1.55 2.85 2.4
3.4 1.85 2.55 2.4
3.55 1.95 2.45 2.4
3.3 1.9 2.35 2.25
3.15 1.45 2.75 2.2
3.2 1.9 2.6 2.5
3.35 1.8 2.55 2.35
3.5 1.4 2.65 2.05
3.55 1.8 2.5 2.3
3.25 1.75 2.5 2.25
3.1 1.35 2.85 2.2
3.2 1.85 2.35 2.2
3.35 1.4 3.05 2.45
3.4 1.85 2.35 2.2
3.35 1.6 2.6 2.2
3.45 1.7 2.4 2.1
3.55 1.6 2.55 2.15
3.05 1.25 3.05 2.3
3.45 1.7 2.65 2.35
3.3 1.45 2.8 2.25
3.45 1.6 2.65 2.25
3.45 1.5 2.8 2.3
3.5 1.55 2.9 2.45
3.4 1.6 2.65 2.25
3.1 1.7 2.65 2.35
3.65 1.8 2.55 2.35
3.2 1.6 2.65 2.25
3.25 1.95 2.4 2.35
3.4 1.65 2.75 2.4
3.05 1.55 2.85 2.4
2.9 1.6 2.7 2.3
3.4 1.45 2.8 2.25
2.95 1.45 2.95 2.4
3.35 1.85 2.6 2.45
3.4 1.65 2.55 2.2
3.65 1.8 2.4 2.2
3.35 1.7 2.3 2.0
3.3 1.6 2.8 2.4
3.25 1.75 2.55 2.3
3.5 1.55 2.75 2.3
2.95 1.4 2.75 2.15
3.1 1.45 3.0 2.45
2.9 1.4 3.05 2.45
3.25 1.45 2.9 2.35
3.05 1.9 2.6 2.5
2.75 1.55 3.0 2.55
3.25 1.5 2.8 2.3
2.9 1.1 3.3 2.4
3.25 1.45 2.5 1.95
3.15 1.35 2.8 2.15
3.1 1.6 2.55 2.15
3.45 1.75 2.45 2.2
3.4 1.8 2.25 2.05
3.5 1.7 2.55 2.25
3.05 1.5 3.0 2.5
3.5 1.6 2.5 2.1
3.5 1.7 2.5 2.2
3.0 1.65 2.7 2.35
3.3 1.45 2.75 2.2
3.0 1.3 3.0 2.3
3.5 1.75 2.45 2.2
3.65 1.75 2.25 2.0
3.35 1.7 2.45 2.15
3.2 1.5 2.8 2.3
3.6 1.45 2.95 2.4
3.0 1.3 3.05 2.35
3.3 1.45 2.65 2.1
3.2 1.4 3.1 2.5
3.55 1.95 2.3 2.25
3.4 1.75 2.35 2.1
3.05 1.35 2.8 2.15
3.45 1.9 2.55 2.45
3.35 1.5 2.7 2.2
3.4 1.9 2.45 2.35
3.35 1.35 3.0 2.35
3.55 1.9 2.15 2.05
3.65 1.55 2.5 2.05
3.26724 1.60416 2.66465 2.26881
