3.35 1.61 2.67 2.28
3.07 1.4 2.82 2.22
3.24 1.6 2.64 2.24
3.2 1.53 2.74 2.27
3.3 1.62 2.68 2.3
3.27 1.74 2.59 2.33
3.21 1.53 2.77 2.3
3.35 1.6 2.71 2.31
3.21 1.52 2.7 2.22
3.19 1.6 2.69 2.29
3.28 1.7 2.54 2.24
3.16 1.59 2.68 2.27
3.25 1.58 2.67 2.25
3.26 1.44 2.85 2.29
3.33 1.47 2.69 2.16
3.3 1.49 2.66 2.15
3.18 1.62 2.74 2.36
3.27 1.53 2.72 2.25
3.35 1.64 2.64 2.28
3.38 1.64 2.53 2.17
3.36 1.63 2.65 2.28
3.23 1.61 2.74 2.35
3.32 1.66 2.58 2.24
3.24 1.53 2.73 2.26
3.15 1.51 2.75 2.26
3.28 1.61 2.78 2.39
3.23 1.57 2.79 2.36
3.37 1.62 2.69 2.31
3.29 1.54 2.72 2.26
3.37 1.62 2.69 2.31
3.25 1.67 2.52 2.19
3.43 1.72 2.49 2.21
3.21 1.64 2.66 2.3
3.21 1.63 2.66 2.29
3.12 1.49 2.8 2.29
3.35 1.55 2.69 2.24
3.37 1.68 2.49 2.17
3.38 1.7 2.55 2.25
3.36 1.68 2.58 2.26
3.04 1.55 2.86 2.41
3.17 1.53 2.68 2.21
3.31 1.57 2.72 2.29
3.33 1.77 2.49 2.26
3.19 1.76 2.58 2.34
3.21 1.56 2.7 2.26
3.23 1.62 2.62 2.24
3.2 1.56 2.71 2.27
3.24 1.73 2.56 2.29
3.44 1.82 2.55 2.37
3.37 1.61 2.63 2.24
3.1 1.5 2.8 2.3
3.22 1.58 2.62 2.2
3.07 1.66 2.65 2.31
3.46 1.66 2.58 2.24
3.23 1.62 2.73 2.35
3.26 1.6 2.79 2.39
3.11 1.56 2.7 2.26
3.19 1.45 2.76 2.21
3.25 1.63 2.67 2.3
3.41 1.67 2.6 2.27
3.36 1.58 2.69 2.27
3.23 1.63 2.7 2.33
3.13 1.48 2.67 2.15
3.24 1.55 2.75 2.3
3.18 1.51 2.79 2.3
3.4 1.55 2.63 2.18
3.2 1.55 2.61 2.16
3.34 1.55 2.72 2.27
3.43 1.62 2.62 2.24
3.26 1.55 2.74 2.29
3.31 1.61 2.56 2.17
3.38 1.63 2.63 2.26
3.34 1.63 2.63 2.26
3.28 1.56 2.71 2.27
3.12 1.54 2.71 2.25
3.38 1.74 2.44 2.18
3.38 1.7 2.58 2.28
3.22 1.56 2.73 2.29
3.13 1.5 2.84 2.34
3.3 1.65 2.58 2.23
3.22 1.54 2.68 2.22
3.29 1.55 2.7 2.25
3.19 1.55 2.77 2.32
3.12 1.65 2.66 2.31
3.2 1.66 2.7 2.36
3.33 1.53 2.64 2.17
3.23 1.5 2.67 2.17
3.24 1.63 2.54 2.17
3.21 1.68 2.63 2.31
3.16 1.63 2.66 2.29
3.11 1.45 2.88 2.33
3.32 1.7 2.65 2.35
3.19 1.56 2.8 2.36
3.42 1.61 2.63 2.24
3.17 1.49 2.74 2.23
3.32 1.61 2.53 2.14
3.29 1.72 2.56 2.28
3.41 1.85 2.49 2.34
3.32 1.7 2.58 2.28
3.19 1.73 2.5 2.23
3.3 1.74 2.61 2.35
3.32 1.61 2.55 2.16
3.18 1.63 2.65 2.28
3.41 1.68 2.54 2.22
2.92 1.5 2.81 2.31
3.29 1.79 2.48 2.27
3.21 1.55 2.82 2.37
3.1 1.62 2.65 2.27
3.31 1.57 2.62 2.19
3.33 1.71 2.52 2.23
3.29 1.64 2.6 2.24
3.19 1.69 2.63 2.32
3.25 1.56 2.77 2.33
3.48 1.9 2.37 2.27
3.26 1.72 2.6 2.32
3.24 1.62 2.61 2.23
3.26 1.49 2.7 2.19
3.16 1.48 2.74 2.22
3.1 1.61 2.71 2.32
3.19 1.57 2.77 2.34
3.15 1.55 2.76 2.31
3.19 1.62 2.63 2.25
3.32 1.68 2.53 2.21
3.2 1.59 2.7 2.29
3.37 1.61 2.52 2.13
3.33 1.63 2.61 2.24
3.16 1.57 2.82 2.39
3.27 1.62 2.63 2.25
3.21 1.62 2.62 2.24
3.13 1.59 2.63 2.22
3.3 1.54 2.68 2.22
3.3 1.53 2.76 2.29
3.29 1.83 2.56 2.39
3.2 1.57 2.79 2.36
3.26 1.68 2.6 2.28
3.49 1.83 2.56 2.39
3.17 1.6 2.68 2.28
3.3 1.56 2.71 2.27
3.24 1.61 2.52 2.13
3.07 1.58 2.74 2.32
3.06 1.4 2.81 2.21
3.19 1.61 2.73 2.34
3.37 1.76 2.53 2.29
3.43 1.74 2.57 2.31
3.1 1.54 2.64 2.18
3.39 1.61 2.63 2.24
3.29 1.65 2.59 2.24
3.41 1.77 2.5 2.27
3.35 1.58 2.65 2.23
3.15 1.65 2.62 2.27
3.13 1.48 2.8 2.28
3.29 1.61 2.69 2.3
3.2 1.57 2.82 2.39
3.48 1.69 2.49 2.18
3.25 1.54 2.72 2.26
3.32 1.61 2.67 2.28
3.41 1.66 2.59 2.25
3.43 1.65 2.51 2.16
3.21 1.59 2.64 2.23
3.27 1.59 2.67 2.26
3.33 1.58 2.62 2.2
3.06 1.54 2.85 2.39
3.38 1.69 2.61 2.3
3.37 1.7 2.56 2.26
3.32 1.51 2.74 2.25
3.32 1.62 2.7 2.32
3.36 1.55 2.74 2.29
3.2 1.49 2.75 2.24
3.49 1.73 2.54 2.27
3.3 1.81 2.52 2.33
3.21 1.66 2.64 2.3
3.21 1.58 2.57 2.15
3.29 1.61 2.67 2.28
3.37 1.63 2.69 2.32
3.12 1.53 2.67 2.2
3.1 1.59 2.82 2.41
3.23 1.54 2.72 2.26
3.21 1.72 2.63 2.35
3.2 1.53 2.69 2.22
3.29 1.68 2.62 2.3
3.22 1.6 2.75 2.35
3.26 1.55 2.79 2.34
3.23 1.61 2.73 2.34
3.25 1.6 2.71 2.31
3.36 1.69 2.61 2.3
3.27 1.69 2.58 2.27
3.14 1.63 2.69 2.32
3.18 1.57 2.73 2.3
3.29 1.62 2.71 2.33
3.31 1.64 2.52 2.16
3.29 1.84 2.47 2.31
3.19 1.46 2.76 2.22
3.29 1.59 2.6 2.19
3.25 1.64 2.61 2.25
3.18 1.55 2.76 2.31
3.25 1.68 2.62 2.3
3.3 1.84 2.58 2.42
3.45 1.68 2.55 2.23
3.33 1.49 2.71 2.2
3.22 1.52 2.75 2.27
3.4 1.59 2.67 2.26
3.12 1.4 2.85 2.25
3.21 1.62 2.65 2.27
3.19 1.64 2.61 2.25
3.21 1.66 2.61 2.27
3.34 1.63 2.59 2.22
3.36 1.45 2.83 2.28
3.25 1.53 2.77 2.3
3.3 1.81 2.51 2.32
3.18 1.54 2.64 2.18
3.04 1.49 2.76 2.25
3.4 1.8 2.51 2.31
3.31 1.62 2.72 2.34
3.18 1.54 2.78 2.32
3.33 1.57 2.63 2.2
3.4 1.64 2.58 2.22
3.27 1.6 2.7 2.3
3.38 1.58 2.6 2.18
3.15 1.8 2.49 2.29
3.38 1.66 2.57 2.23
3.29 1.63 2.63 2.26
3.23 1.62 2.72 2.34
3.38 1.6 2.74 2.34
3.28 1.55 2.61 2.16
3.17 1.66 2.72 2.38
3.32 1.49 2.72 2.21
3.11 1.64 2.62 2.26
3.31 1.49 2.78 2.27
3.18 1.55 2.65 2.2
3.35 1.68 2.61 2.29
3.28 1.66 2.63 2.29
3.16 1.5 2.8 2.3
3.31 1.69 2.55 2.24
3.29 1.59 2.68 2.27
3.45 1.61 2.65 2.26
3.35 1.62 2.66 2.28
3.22 1.62 2.66 2.28
3.2 1.49 2.8 2.29
3.35 1.78 2.44 2.22
3.37 1.78 2.45 2.23
3.41 1.7 2.49 2.19
3.33 1.61 2.7 2.31
3.32 1.63 2.65 2.28
3.43 1.63 2.55 2.18
3.29 1.52 2.75 2.27
3.39 1.75 2.47 2.22
3.42 1.63 2.55 2.18
3.32 1.7 2.71 2.41
3.22 1.69 2.58 2.27
3.19 1.57 2.69 2.26
3.11 1.57 2.76 2.33
3.22 1.58 2.74 2.32
3.35 1.7 2.58 2.28
3.26 1.59 2.68 2.27
3.37 1.69 2.57 2.26
3.36 1.54 2.69 2.23
3.26 1.63 2.67 2.3
3.32 1.67 2.58 2.25
3.18 1.5 2.82 2.32
3.23 1.49 2.84 2.33
3.22 1.73 2.49 2.22
3.19 1.66 2.66 2.32
3.32 1.59 2.72 2.31
3.37 1.72 2.53 2.25
3.29 1.74 2.53 2.27
3.21 1.67 2.61 2.28
3.25 1.6 2.6 2.2
3.25 1.64 2.63 2.27
3.18 1.52 2.77 2.29
3.41 1.8 2.56 2.36
3.45 1.73 2.49 2.22
3.41 1.71 2.48 2.19
3.16 1.63 2.77 2.4
3.21 1.63 2.62 2.25
3.34 1.47 2.81 2.28
3.22 1.65 2.6 2.25
3.4 1.67 2.59 2.26
3.34 1.83 2.48 2.31
3.11 1.48 2.84 2.32
3.45 1.8 2.42 2.22
3.15 1.56 2.7 2.26
3.35 1.52 2.74 2.26
3.36 1.6 2.69 2.29
3.28 1.63 2.53 2.16
3.26 1.55 2.7 2.25
3.32 1.59 2.66 2.25
3.4 1.69 2.58 2.27
3.26 1.71 2.57 2.28
3.37 1.6 2.72 2.32
3.28 1.58 2.59 2.17
3.33 1.58 2.65 2.23
3.29 1.56 2.68 2.24
3.16 1.54 2.76 2.3
3.4 1.68 2.57 2.25
3.32 1.59 2.7 2.29
3.28 1.5 2.75 2.25
3.08 1.6 2.74 2.34
3.18 1.56 2.68 2.24
3.28 1.5 2.81 2.31
3.43 1.73 2.55 2.28
3.21 1.61 2.73 2.34
3.26 1.62 2.65 2.27
3.38 1.56 2.66 2.22
3.24 1.64 2.56 2.2
3.32 1.44 2.81 2.25
3.26 1.69 2.52 2.21
3.35 1.75 2.49 2.24
3.3 1.42 2.83 2.25
3.27 1.5 2.73 2.23
3.25 1.42 2.9 2.32
3.27 1.46 2.8 2.26
3.13 1.59 2.68 2.27
3.27 1.52 2.7 2.22
3.18 1.65 2.68 2.33
3.31 1.77 2.58 2.35
3.26 1.65 2.74 2.39
3.26 1.67 2.59 2.26
3.24 1.58 2.62 2.2
3.26 1.69 2.59 2.28
3.37 1.71 2.58 2.29
3.36 1.57 2.67 2.24
3.2 1.53 2.75 2.28
3.33 1.71 2.53 2.24
3.31 1.58 2.7 2.28
3.09 1.56 2.76 2.32
3.23 1.52 2.78 2.3
3.19 1.65 2.65 2.3
3.54 1.77 2.48 2.25
3.25 1.6 2.6 2.2
3.43 1.66 2.54 2.2
3.25 1.62 2.6 2.22
3.23 1.49 2.69 2.18
3.34 1.55 2.76 2.31
3.46 1.83 2.45 2.28
3.45 1.69 2.49 2.18
3.16 1.49 2.84 2.33
3.06 1.65 2.66 2.31
3.23 1.56 2.64 2.2
3.38 1.86 2.48 2.34
3.26 1.58 2.62 2.2
3.3 1.51 2.7 2.21
3.33 1.68 2.51 2.19
3.13 1.43 2.84 2.27
3.27 1.53 2.67 2.2
3.31 1.61 2.68 2.29
3.25 1.68 2.67 2.35
3.25 1.66 2.64 2.3
3.25 1.74 2.56 2.3
3.2 1.42 2.75 2.17
3.34 1.63 2.6 2.23
3.15 1.47 2.82 2.29
3.31 1.76 2.51 2.27
3.4 1.64 2.68 2.32
3.22 1.64 2.62 2.26
3.34 1.47 2.81 2.28
3.24 1.57 2.71 2.28
3.02 1.43 2.92 2.35
3.16 1.61 2.72 2.33
3.29 1.73 2.48 2.21
3.34 1.54 2.71 2.25
3.33 1.75 2.51 2.26
3.09 1.44 2.83 2.27
3.25 1.62 2.59 2.21
3.24 1.69 2.6 2.29
3.15 1.69 2.63 2.32
3.18 1.53 2.7 2.23
3.36 1.56 2.65 2.21
3.19 1.67 2.64 2.31
3.27 1.56 2.66 2.22
3.4 1.71 2.62 2.33
3.43 1.47 2.78 2.25
3.4 1.65 2.64 2.29
3.46 1.53 2.62 2.15
3.33 1.7 2.61 2.31
3.28 1.81 2.4 2.21
3.25 1.6 2.7 2.3
3.38 1.58 2.6 2.18
3.28 1.58 2.52 2.1
3.27 1.73 2.52 2.25
3.23 1.49 2.82 2.31
3.39 1.77 2.47 2.24
3.34 1.57 2.7 2.27
3.27 1.65 2.6 2.25
3.15 1.49 2.77 2.26
3.2 1.59 2.79 2.38
3.21 1.71 2.59 2.3
3.19 1.54 2.73 2.27
3.3 1.67 2.58 2.25
3.11 1.47 2.87 2.34
3.43 1.64 2.73 2.37
3.39 1.62 2.67 2.29
3.43 1.7 2.53 2.23
3.4 1.76 2.5 2.26
3.17 1.55 2.69 2.24
3.2 1.44 2.79 2.23
3.19 1.55 2.74 2.29
3.23 1.54 2.62 2.16
3.33 1.59 2.66 2.25
3.41 1.71 2.58 2.29
3.21 1.64 2.69 2.33
3.35 1.64 2.62 2.26
3.4 1.51 2.79 2.3
3.23 1.73 2.52 2.25
3.38 1.68 2.55 2.23
3.35 1.63 2.57 2.2
3.24 1.61 2.67 2.28
3.24 1.55 2.74 2.29
3.06 1.49 2.73 2.22
3.19 1.55 2.63 2.18
3.4 1.61 2.59 2.2
3.2 1.5 2.82 2.32
3.27 1.53 2.64 2.17
3.42 1.79 2.49 2.28
3.34 1.58 2.64 2.22
3.3 1.65 2.54 2.19
3.07 1.49 2.68 2.17
3.24 1.62 2.73 2.35
3.38 1.44 2.79 2.23
3.29 1.75 2.57 2.32
3.36 1.63 2.61 2.24
3.26 1.63 2.67 2.3
3.26 1.67 2.55 2.22
3.2 1.51 2.76 2.27
3.37 1.63 2.64 2.27
3.32 1.66 2.58 2.24
3.22 1.62 2.65 2.27
3.12 1.47 2.77 2.24
3.37 1.54 2.71 2.25
3.26 1.55 2.79 2.34
3.25 1.72 2.58 2.3
3.28 1.51 2.74 2.25
3.3 1.52 2.7 2.22
3.27 1.65 2.66 2.31
3.16 1.52 2.73 2.25
3.33 1.71 2.6 2.31
3.35 1.61 2.57 2.18
3.21 1.58 2.76 2.34
3.3 1.66 2.57 2.23
3.32 1.54 2.7 2.24
3.22 1.52 2.71 2.23
3.37 1.68 2.64 2.32
3.27 1.56 2.77 2.33
3.29 1.58 2.67 2.25
3.19 1.59 2.68 2.27
3.26 1.57 2.7 2.27
3.29 1.62 2.62 2.24
3.1 1.72 2.57 2.29
3.26 1.51 2.72 2.23
3.25 1.52 2.79 2.31
3.26 1.73 2.52 2.25
3.35 1.63 2.59 2.22
3.16 1.76 2.54 2.3
3.25 1.75 2.62 2.37
3.09 1.46 2.88 2.34
3.29 1.68 2.59 2.27
3.34 1.54 2.79 2.33
3.31 1.6 2.55 2.15
3.19 1.57 2.67 2.24
3.33 1.71 2.47 2.18
3.11 1.37 2.85 2.22
2.99 1.44 2.82 2.26
3.33 1.59 2.66 2.25
3.45 1.74 2.47 2.21
3.37 1.57 2.59 2.16
3.21 1.52 2.74 2.26
3.24 1.61 2.64 2.25
3.18 1.45 2.83 2.28
3.26 1.62 2.56 2.18
3.2 1.49 2.83 2.32
3.19 1.57 2.66 2.23
3.2 1.58 2.68 2.26
3.24 1.62 2.69 2.31
3.14 1.68 2.61 2.29
3.3 1.74 2.54 2.28
3.35 1.67 2.64 2.31
3.33 1.71 2.59 2.3
3.33 1.81 2.49 2.3
3.12 1.61 2.76 2.37
3.31 1.57 2.82 2.39
3.21 1.62 2.72 2.34
3.27 1.48 2.77 2.25
3.29 1.46 2.65 2.11
3.38 1.68 2.55 2.23
3.21 1.67 2.61 2.28
3.31 1.64 2.59 2.23
3.34 1.68 2.67 2.35
3.38 1.45 2.78 2.23
3.44 1.68 2.49 2.17
3.12 1.47 2.68 2.15
3.08 1.62 2.73 2.35
3.3 1.61 2.7 2.31
3.34 1.59 2.69 2.28
3.2 1.64 2.64 2.28
3.34 1.65 2.58 2.23
3.33 1.59 2.62 2.21
3.34 1.63 2.61 2.24
3.18 1.66 2.67 2.33
3.31 1.62 2.59 2.21
3.23 1.58 2.68 2.26
3.18 1.46 2.82 2.28
3.27 1.76 2.49 2.25
3.35 1.69 2.58 2.27
3.25 1.54 2.65 2.19
3.21 1.52 2.77 2.29
3.32 1.72 2.55 2.27
3.21 1.51 2.84 2.35
3.11 1.5 2.79 2.29
3.25 1.59 2.71 2.3
3.19 1.58 2.68 2.26
3.26 1.57 2.67 2.24
3.27 1.54 2.8 2.34
3.28 1.54 2.75 2.29
3.37 1.61 2.63 2.24
3.33 1.52 2.76 2.28
3.16 1.65 2.65 2.3
3.16 1.53 2.71 2.24
3.2 1.64 2.58 2.22
3.15 1.68 2.54 2.22
3.31 1.53 2.64 2.17
3.19 1.65 2.64 2.29
3.23 1.49 2.72 2.21
3.2 1.65 2.69 2.34
3.39 1.68 2.69 2.37
3.3 1.68 2.55 2.23
3.29 1.6 2.71 2.31
3.24 1.57 2.77 2.34
3.32 1.68 2.59 2.27
3.34 1.67 2.59 2.26
3.11 1.53 2.77 2.3
2.92 1.45 2.92 2.37
3.31 1.57 2.65 2.22
3.15 1.6 2.62 2.22
3.23 1.5 2.73 2.23
3.18 1.64 2.6 2.24
3.21 1.47 2.82 2.29
3.26 1.7 2.6 2.3
3.36 1.61 2.66 2.27
3.22 1.52 2.69 2.21
3.26 1.63 2.6 2.23
3.14 1.72 2.55 2.27
3.33 1.71 2.54 2.25
3.36 1.61 2.68 2.29
3.39 1.64 2.54 2.18
3.16 1.45 2.71 2.16
3.35 1.57 2.64 2.21
3.11 1.44 2.79 2.23
3.12 1.57 2.85 2.42
3.37 1.72 2.47 2.19
3.2 1.62 2.68 2.3
3.29 1.61 2.63 2.24
3.4 1.64 2.7 2.34
3.12 1.44 2.77 2.21
3.3 1.6 2.74 2.34
3.38 1.65 2.56 2.21
3.08 1.47 2.73 2.2
3.32 1.71 2.51 2.22
3.25 1.45 2.84 2.29
3.27 1.64 2.67 2.31
3.1 1.54 2.61 2.15
3.28 1.7 2.57 2.27
3.25 1.66 2.74 2.4
3.33 1.59 2.69 2.28
3.32 1.55 2.75 2.3
3.43 1.57 2.71 2.28
3.31 1.48 2.75 2.23
3.29 1.56 2.77 2.33
3.27 1.51 2.74 2.25
3.33 1.55 2.6 2.15
3.24 1.48 2.75 2.23
3.11 1.6 2.76 2.36
3.32 1.39 2.84 2.23
3.08 1.56 2.79 2.35
3.37 1.64 2.62 2.26
3.29 1.55 2.75 2.3
3.3 1.49 2.81 2.3
3.21 1.7 2.62 2.32
3.27 1.61 2.66 2.27
3.18 1.6 2.69 2.29
3.3 1.61 2.62 2.23
3.25 1.56 2.71 2.27
3.27 1.67 2.59 2.26
3.29 1.64 2.56 2.2
3.37 1.72 2.47 2.19
3.34 1.51 2.71 2.22
3.29 1.6 2.7 2.3
3.39 1.61 2.64 2.25
3.24 1.52 2.76 2.28
3.3 1.67 2.57 2.24
3.19 1.6 2.66 2.26
3.26 1.53 2.68 2.21
3.36 1.51 2.76 2.27
3.32 1.62 2.7 2.32
3.4 1.73 2.45 2.18
3.27 1.58 2.65 2.23
3.32 1.63 2.61 2.24
3.45 1.69 2.51 2.2
3.21 1.62 2.71 2.33
3.14 1.5 2.79 2.29
3.27 1.61 2.72 2.33
3.42 1.65 2.6 2.25
3.32 1.63 2.69 2.32
3.37 1.68 2.66 2.34
3.24 1.72 2.57 2.29
3.19 1.64 2.61 2.25
3.07 1.68 2.61 2.29
3.34 1.69 2.58 2.27
3.11 1.48 2.82 2.3
3.32 1.74 2.52 2.26
3.24 1.51 2.8 2.31
3.29 1.55 2.82 2.37
3.13 1.5 2.78 2.28
3.13 1.53 2.63 2.16
3.31 1.73 2.52 2.25
3.27 1.7 2.54 2.24
3.2 1.51 2.76 2.27
3.2 1.44 2.79 2.23
3.15 1.57 2.67 2.24
3.23 1.58 2.72 2.3
3.24 1.67 2.64 2.31
3.39 1.69 2.59 2.28
3.28 1.57 2.67 2.24
3.17 1.62 2.72 2.34
3.49 1.48 2.72 2.2
3.21 1.63 2.6 2.23
3.14 1.59 2.69 2.28
3.23 1.61 2.59 2.2
3.25 1.79 2.67 2.46
3.21 1.65 2.67 2.32
3.15 1.58 2.71 2.29
3.25 1.64 2.69 2.33
3.23 1.48 2.69 2.17
3.27 1.61 2.56 2.17
3.44 1.73 2.48 2.21
3.34 1.63 2.64 2.27
3.37 1.57 2.66 2.23
3.14 1.66 2.6 2.26
3.37 1.65 2.54 2.19
3.33 1.61 2.66 2.27
3.1 1.42 2.83 2.25
3.28 1.54 2.67 2.21
3.41 1.59 2.52 2.11
3.28 1.62 2.58 2.2
3.23 1.54 2.78 2.32
3.32 1.57 2.7 2.27
3.21 1.58 2.69 2.27
3.29 1.6 2.61 2.21
3.27 1.58 2.61 2.19
3.15 1.65 2.73 2.38
3.27 1.6 2.69 2.29
3.2 1.76 2.43 2.19
3.12 1.6 2.7 2.3
3.2 1.53 2.74 2.27
3.48 1.68 2.62 2.3
3.27 1.52 2.74 2.26
3.24 1.59 2.71 2.3
3.23 1.57 2.66 2.23
3.04 1.37 3.03 2.4
3.24 1.61 2.66 2.27
3.41 1.6 2.56 2.16
3.29 1.57 2.66 2.23
3.35 1.65 2.62 2.27
3.36 1.71 2.53 2.24
3.22 1.61 2.71 2.32
3.25 1.61 2.73 2.34
3.47 1.6 2.59 2.19
3.39 1.48 2.75 2.23
3.16 1.56 2.82 2.38
3.28 1.63 2.68 2.31
3.21 1.55 2.75 2.3
3.2 1.65 2.6 2.25
3.41 1.5 2.73 2.23
3.16 1.51 2.7 2.21
3.25 1.61 2.62 2.23
3.25 1.54 2.74 2.28
3.16 1.71 2.63 2.34
3.17 1.51 2.71 2.22
3.43 1.75 2.4 2.15
3.29 1.52 2.73 2.25
3.43 1.77 2.53 2.3
3.14 1.48 2.84 2.32
3.34 1.68 2.62 2.3
3.23 1.51 2.78 2.29
3.16 1.53 2.66 2.19
3.09 1.46 2.92 2.38
3.31 1.67 2.54 2.21
3.25 1.64 2.64 2.28
3.16 1.62 2.72 2.34
3.28 1.63 2.66 2.29
3.27 1.61 2.51 2.12
3.22 1.46 2.93 2.39
3.47 1.89 2.44 2.33
3.39 1.64 2.72 2.36
3.2 1.55 2.76 2.31
3.35 1.62 2.66 2.28
3.09 1.56 2.63 2.19
3.18 1.61 2.72 2.33
3.26 1.76 2.54 2.3
3.24 1.55 2.82 2.37
3.43 1.6 2.66 2.26
3.38 1.66 2.52 2.18
3.14 1.42 2.76 2.18
3.27 1.62 2.65 2.27
3.35 1.64 2.59 2.23
3.2 1.59 2.74 2.33
3.38 1.51 2.79 2.3
3.29 1.63 2.59 2.22
3.24 1.66 2.64 2.3
3.14 1.58 2.77 2.35
3.19 1.51 2.79 2.3
3.24 1.55 2.75 2.3
3.29 1.64 2.69 2.33
3.21 1.53 2.79 2.32
3.27 1.45 2.72 2.17
3.03 1.59 2.8 2.39
3.11 1.54 2.82 2.36
3.34 1.61 2.63 2.24
3.31 1.61 2.66 2.27
3.4 1.87 2.43 2.3
3.17 1.61 2.66 2.27
3.28 1.64 2.56 2.2
3.22 1.46 2.81 2.27
3.23 1.62 2.71 2.33
3.38 1.68 2.55 2.23
3.17 1.53 2.74 2.27
3.17 1.49 2.79 2.28
2.97 1.51 2.77 2.28
3.24 1.59 2.73 2.32
3.3 1.6 2.62 2.22
3.15 1.61 2.78 2.39
2.99 1.35 2.92 2.27
3.2 1.56 2.75 2.31
3.27 1.54 2.67 2.21
3.11 1.48 2.77 2.25
3.26 1.56 2.67 2.23
3.32 1.58 2.7 2.28
3.31 1.65 2.73 2.38
3.38 1.59 2.65 2.24
3.26 1.73 2.48 2.21
3.42 1.68 2.51 2.19
3.03 1.58 2.67 2.25
3.28 1.64 2.62 2.26
3.16 1.55 2.68 2.23
3.26 1.56 2.66 2.22
3.2 1.66 2.71 2.37
3.42 1.73 2.47 2.2
3.27 1.56 2.58 2.14
3.24 1.58 2.62 2.2
3.06 1.47 2.81 2.28
3.12 1.56 2.73 2.29
3.37 1.59 2.62 2.21
3.09 1.48 2.84 2.32
3.25 1.55 2.66 2.21
3.24 1.56 2.72 2.28
3.22 1.6 2.67 2.27
3.12 1.46 2.68 2.14
3.24 1.51 2.72 2.23
3.14 1.55 2.81 2.36
3.23 1.56 2.63 2.19
3.38 1.59 2.74 2.33
3.27 1.59 2.67 2.26
3.18 1.54 2.67 2.21
3.07 1.46 2.86 2.32
3.22 1.65 2.47 2.12
3.29 1.66 2.72 2.38
3.37 1.55 2.56 2.11
3.08 1.56 2.72 2.28
3.3 1.61 2.71 2.32
3.38 1.44 2.81 2.25
3.23 1.57 2.72 2.29
3.32 1.53 2.63 2.16
3.26 1.6 2.73 2.33
3.15 1.48 2.78 2.26
3.21 1.54 2.68 2.22
3.45 1.68 2.52 2.2
3.22 1.61 2.65 2.26
3.26 1.56 2.77 2.33
3.32 1.56 2.7 2.26
3.26 1.59 2.71 2.3
3.43 1.63 2.55 2.18
3.15 1.47 2.78 2.25
3.39 1.73 2.5 2.23
3.23 1.52 2.68 2.2
3.45 1.64 2.59 2.23
3.27 1.68 2.62 2.3
3.4 1.69 2.6 2.29
3.31 1.5 2.79 2.29
3.42 1.66 2.56 2.22
3.32 1.61 2.66 2.27
3.26 1.63 2.49 2.12
3.36 1.46 2.78 2.24
3.33 1.61 2.7 2.31
3.23 1.59 2.64 2.23
3.2 1.51 2.73 2.24
3.46 1.59 2.59 2.18
3.33 1.77 2.53 2.3
3.26 1.57 2.74 2.31
3.3 1.64 2.69 2.33
3.33 1.65 2.62 2.27
3.27 1.61 2.6 2.21
3.28 1.39 2.82 2.21
3.27 1.58 2.72 2.3
3.35 1.75 2.47 2.22
3.38 1.69 2.57 2.26
3.25 1.57 2.66 2.23
3.28 1.56 2.71 2.27
3.19 1.5 2.68 2.18
3.4 1.79 2.52 2.31
3.2 1.61 2.67 2.28
3.11 1.41 2.95 2.36
3.22 1.73 2.48 2.21
3.27 1.72 2.64 2.36
3.23 1.48 2.7 2.18
3.43 1.6 2.55 2.15
3.34 1.64 2.51 2.15
3.38 1.62 2.78 2.4
3.38 1.68 2.52 2.2
3.07 1.5 2.88 2.38
3.29 1.66 2.56 2.22
3.05 1.53 2.66 2.19
3.29 1.53 2.77 2.3
3.27 1.68 2.6 2.28
3.22 1.62 2.65 2.27
3.24 1.4 2.87 2.27
3.22 1.72 2.54 2.26
3.17 1.58 2.69 2.27
3.25 1.7 2.59 2.29
3.21 1.72 2.54 2.26
3.32 1.66 2.63 2.29
3.25 1.53 2.69 2.22
3.39 1.66 2.67 2.33
3.32 1.61 2.61 2.22
3.22 1.54 2.69 2.23
3.3 1.59 2.59 2.18
3.19 1.61 2.66 2.27
3.23 1.65 2.67 2.32
3.15 1.57 2.75 2.32
3.33 1.67 2.61 2.28
3.22 1.41 2.88 2.29
3.34 1.57 2.67 2.24
3.21 1.55 2.67 2.22
3.33 1.67 2.6 2.27
3.23 1.4 2.8 2.2
3.37 1.55 2.55 2.1
3.33 1.61 2.67 2.28
3.27 1.68 2.49 2.17
3.29 1.63 2.66 2.29
3.24 1.66 2.59 2.25
3.22 1.44 2.72 2.16
3.32 1.62 2.59 2.21
3.32 1.71 2.62 2.33
3.26 1.7 2.61 2.31
3.37 1.48 2.74 2.22
3.15 1.58 2.64 2.22
3.15 1.58 2.82 2.4
3.25 1.45 2.77 2.22
3.35 1.6 2.64 2.24
3.27 1.77 2.46 2.23
3.33 1.65 2.61 2.26
3.22 1.55 2.82 2.37
3.26 1.64 2.63 2.27
3.17 1.62 2.64 2.26
3.31 1.55 2.77 2.32
3.18 1.59 2.76 2.35
3.18 1.53 2.89 2.42
3.15 1.43 2.82 2.25
3.29 1.78 2.54 2.32
3.18 1.59 2.64 2.23
2.98 1.53 2.77 2.3
3.25 1.59 2.7 2.29
3.19 1.58 2.77 2.35
3.37 1.62 2.59 2.21
3.09 1.57 2.73 2.3
3.31 1.53 2.69 2.22
3.3 1.59 2.66 2.25
3.15 1.71 2.5 2.21
3.45 1.72 2.48 2.2
3.38 1.6 2.65 2.25
3.19 1.5 2.83 2.33
3.2 1.57 2.69 2.26
3.14 1.65 2.62 2.27
3.3 1.63 2.58 2.21
3.36 1.71 2.52 2.23
3.26 1.58 2.7 2.28
3.15 1.56 2.74 2.3
3.14 1.53 2.85 2.38
3.32 1.7 2.66 2.36
3.46 1.63 2.59 2.22
3.08 1.48 2.81 2.29
3.1 1.44 2.78 2.22
3.3 1.54 2.67 2.21
3.36 1.55 2.76 2.31
3.23 1.51 2.77 2.28
3.24 1.59 2.77 2.36
3.21 1.81 2.48 2.29
3.21 1.71 2.55 2.26
3.07 1.38 2.96 2.34
3.23 1.74 2.5 2.24
3.4 1.56 2.64 2.2
3.11 1.58 2.72 2.3
3.34 1.59 2.61 2.2
3.19 1.64 2.69 2.33
3.37 1.59 2.64 2.23
3.14 1.49 2.83 2.32
3.16 1.61 2.7 2.31
3.16 1.58 2.75 2.33
3.36 1.67 2.55 2.22
3.17 1.64 2.65 2.29
3.23 1.57 2.73 2.3
3.28 1.45 2.74 2.19
3.23 1.6 2.76 2.36
3.09 1.52 2.74 2.26
3.28 1.58 2.62 2.2
3.18 1.32 2.97 2.29
3.24 1.49 2.73 2.22
3.29 1.56 2.65 2.21
3.31 1.57 2.68 2.25
3.37 1.5 2.68 2.18
3.24 1.49 2.76 2.25
3.38 1.56 2.59 2.15
3.28 1.55 2.67 2.22
3.27 1.72 2.57 2.29
3.1 1.65 2.63 2.28
3.29 1.45 2.84 2.29
3.28 1.71 2.62 2.33
3.27 1.75 2.6 2.35
3.35 1.66 2.6 2.26
3.35 1.57 2.61 2.18
3.3 1.62 2.65 2.27
3.19 1.46 2.73 2.19
3.28 1.67 2.59 2.26
3.18 1.54 2.78 2.32
3.23 1.5 2.85 2.35
3.33 1.7 2.58 2.28
3.15 1.6 2.75 2.35
3.36 1.68 2.63 2.31
3.08 1.5 2.81 2.31
3.34 1.66 2.62 2.28
3.15 1.47 2.8 2.27
3.24 1.52 2.75 2.27
3.39 1.72 2.55 2.27
3.24 1.66 2.65 2.31
3.36 1.62 2.66 2.28
3.21 1.46 2.83 2.29
3.48 1.74 2.52 2.26
3.21 1.67 2.61 2.28
3.16 1.62 2.54 2.16
3.22 1.52 2.62 2.14
3.31 1.63 2.64 2.27
3.36 1.77 2.56 2.33
3.34 1.62 2.64 2.26
3.17 1.66 2.63 2.29
3.18 1.55 2.67 2.22
3.1 1.55 2.75 2.3
3.38 1.75 2.49 2.24
3.3 1.61 2.62 2.23
3.24 1.59 2.69 2.28
3.27 1.62 2.62 2.24
3.23 1.57 2.71 2.28
3.4 1.54 2.6 2.14
3.25 1.56 2.69 2.25
3.17 1.61 2.76 2.37
3.2 1.63 2.65 2.28
3.12 1.56 2.72 2.28
3.29 1.66 2.59 2.25
3.21 1.51 2.75 2.26
3.32 1.49 2.72 2.21
3.4 1.53 2.73 2.26
3.27 1.51 2.74 2.25
3.35 1.52 2.66 2.18
3.28 1.53 2.69 2.22
3.33 1.58 2.61 2.19
3.33 1.75 2.5 2.25
3.3 1.54 2.67 2.21
3.33 1.6 2.62 2.22
3.33 1.53 2.75 2.28
3.15 1.49 2.77 2.26
3.19 1.45 2.89 2.34
3.34 1.7 2.54 2.24
3.31 1.53 2.71 2.24
3.3 1.57 2.69 2.26
3.31 1.69 2.64 2.33
3.18 1.5 2.8 2.3
3.31 1.5 2.71 2.21
3.21 1.7 2.6 2.3
3.2 1.66 2.65 2.31
3.29 1.54 2.6 2.14
3.35 1.55 2.72 2.27
3.22 1.57 2.72 2.29
3.36 1.7 2.47 2.17
3.43 1.63 2.66 2.29
3.03 1.4 2.91 2.31
3.36 1.7 2.56 2.26
3.25 1.66 2.62 2.28
3.13 1.46 2.78 2.24
3.18 1.56 2.65 2.21
3.32 1.72 2.52 2.24
3.36 1.6 2.77 2.37
3.26 1.53 2.66 2.19
3.41 1.49 2.65 2.14
3.23 1.59 2.67 2.26
3.37 1.78 2.56 2.34
3.26 1.63 2.69 2.32
3.28 1.63 2.61 2.24
3.34 1.64 2.65 2.29
3.28 1.8 2.5 2.3
3.2 1.45 2.82 2.27
3.27 1.58 2.77 2.35
3.23 1.59 2.61 2.2
3.25 1.52 2.66 2.18
3.24 1.61 2.66 2.27
3.21 1.5 2.82 2.32
3.38 1.75 2.48 2.23
3.08 1.61 2.71 2.32
3.28 1.7 2.59 2.29
3.18 1.75 2.49 2.24
3.23 1.6 2.74 2.34
3.25 1.68 2.55 2.23
3.2 1.52 2.75 2.27
3.21 1.5 2.78 2.28
3.3 1.63 2.61 2.24
3.37 1.64 2.54 2.18
3.2 1.48 2.72 2.2
3.06 1.47 2.73 2.2
3.39 1.67 2.63 2.3
3.25 1.58 2.64 2.22
3.32 1.59 2.77 2.36
3.27 1.66 2.62 2.28
3.23 1.56 2.82 2.38
3.43 1.54 2.66 2.2
3.16 1.53 2.64 2.17
3.19 1.44 2.78 2.22
3.13 1.51 2.76 2.27
3.17 1.59 2.69 2.28
3.43 1.71 2.47 2.18
3.28 1.57 2.7 2.27
3.27 1.58 2.64 2.22
3.4 1.66 2.69 2.35
3.29 1.52 2.7 2.22
3.31 1.57 2.56 2.13
3.34 1.64 2.69 2.33
3.2 1.51 2.68 2.19
3.17 1.42 2.91 2.33
3.33 1.72 2.55 2.27
3.39 1.57 2.67 2.24
3.26 1.55 2.8 2.35
3.18 1.52 2.66 2.18
3.19 1.6 2.61 2.21
3.44 1.71 2.47 2.18
3.21 1.62 2.6 2.22
3.32 1.6 2.68 2.28
3.4 1.68 2.53 2.21
3.35 1.45 2.75 2.2
3.34 1.62 2.62 2.24
3.35 1.66 2.61 2.27
3.22 1.54 2.77 2.31
3.39 1.68 2.56 2.24
3.36 1.65 2.58 2.23
3.19 1.41 2.87 2.28
3.15 1.6 2.71 2.31
3.35 1.72 2.52 2.24
3.2 1.6 2.53 2.13
3.27 1.43 2.83 2.26
3.23 1.74 2.55 2.29
3.44 1.55 2.6 2.15
3.17 1.57 2.69 2.26
3.18 1.59 2.63 2.22
3.18 1.52 2.77 2.29
3.33 1.6 2.76 2.36
3.3 1.69 2.57 2.26
3.17 1.63 2.68 2.31
3.31 1.64 2.62 2.26
3.35 1.52 2.77 2.29
3.38 1.68 2.53 2.21
3.38 1.64 2.64 2.28
3.41 1.7 2.58 2.28
3.29 1.68 2.48 2.16
3.37 1.66 2.66 2.32
3.26 1.64 2.68 2.32
3.45 1.7 2.49 2.19
3.43 1.61 2.6 2.21
3.33 1.75 2.54 2.29
3.13 1.55 2.74 2.29
3.2 1.67 2.68 2.35
3.28 1.55 2.76 2.31
3.4 1.76 2.53 2.29
3.3 1.57 2.73 2.3
3.4 1.7 2.55 2.25
3.38 1.59 2.74 2.33
3.4 1.58 2.76 2.34
3.05 1.43 2.89 2.32
3.22 1.49 2.85 2.34
3.38 1.43 2.82 2.25
3.44 1.58 2.64 2.22
3.14 1.67 2.8 2.47
3.24 1.68 2.61 2.29
3.31 1.49 2.74 2.23
3.3 1.61 2.68 2.29
3.19 1.44 2.68 2.12
3.28 1.6 2.63 2.23
3.09 1.5 2.88 2.38
3.06 1.65 2.62 2.27
3.13 1.4 2.86 2.26
3.23 1.49 2.78 2.27
3.32 1.55 2.64 2.19
3.24 1.68 2.57 2.25
3.21 1.53 2.65 2.18
3.23 1.5 2.79 2.29
3.18 1.48 2.72 2.2
3.26 1.74 2.52 2.26
3.27 1.63 2.67 2.3
3.31 1.8 2.43 2.23
3.37 1.47 2.74 2.21
3.36 1.71 2.58 2.29
3.19 1.71 2.57 2.28
3.2 1.56 2.68 2.24
3.28 1.61 2.54 2.15
3.11 1.56 2.74 2.3
3.24 1.55 2.75 2.3
3.19 1.68 2.62 2.3
3.18 1.76 2.55 2.31
3.22 1.61 2.66 2.27
3.25 1.62 2.68 2.3
3.29 1.51 2.84 2.35
3.32 1.64 2.61 2.25
3.38 1.59 2.73 2.32
3.33 1.77 2.55 2.32
3.28 1.58 2.63 2.21
3.22 1.59 2.67 2.26
3.05 1.41 2.99 2.4
3.2 1.69 2.66 2.35
3.21 1.58 2.78 2.36
3.31 1.61 2.63 2.24
3.27 1.67 2.65 2.32
3.12 1.6 2.74 2.34
3.4 1.52 2.59 2.11
3.35 1.56 2.66 2.22
3.25 1.55 2.86 2.41
3.19 1.66 2.68 2.34
3.36 1.73 2.51 2.24
3.31 1.57 2.7 2.27
3.18 1.52 2.81 2.33
3.29 1.6 2.62 2.22
3.4 1.64 2.57 2.21
3.2 1.49 2.74 2.23
3.26 1.61 2.67 2.28
3.31 1.71 2.54 2.25
3.27 1.58 2.64 2.22
3.42 1.67 2.59 2.26
3.27 1.77 2.59 2.36
3.27 1.6 2.7 2.3
3.28 1.64 2.68 2.32
3.27 1.67 2.61 2.28
3.28 1.51 2.81 2.32
3.15 1.58 2.72 2.3
3.3 1.54 2.81 2.35
3.11 1.49 2.82 2.31
3.11 1.57 2.71 2.28
3.28 1.56 2.72 2.28
3.28 1.73 2.51 2.24
3.14 1.58 2.83 2.41
3.36 1.59 2.58 2.17
3.38 1.64 2.57 2.21
3.32 1.74 2.66 2.4
3.14 1.52 2.71 2.23
3.21 1.48 2.75 2.23
3.25 1.68 2.69 2.37
3.31 1.6 2.72 2.32
3.29 1.49 2.76 2.25
3.36 1.72 2.62 2.34
3.16 1.59 2.7 2.29
3.21 1.69 2.5 2.19
3.14 1.48 2.79 2.27
3.29 1.68 2.62 2.3
3.25 1.48 2.79 2.27
3.31 1.57 2.75 2.32
3.23 1.7 2.62 2.32
3.4 1.62 2.58 2.2
3.12 1.62 2.72 2.34
3.15 1.56 2.77 2.33
3.26 1.54 2.75 2.29
3.4 1.64 2.63 2.27
3.3 1.6 2.7 2.3
3.17 1.67 2.63 2.3
3.33 1.57 2.69 2.26
3.28 1.69 2.72 2.41
3.24 1.63 2.68 2.31
3.39 1.73 2.59 2.32
3.4 1.46 2.81 2.27
3.24 1.44 2.88 2.32
3.09 1.5 2.86 2.36
3.1 1.47 2.87 2.34
3.26 1.52 2.75 2.27
3.42 1.61 2.6 2.21
3.25 1.56 2.67 2.23
3.27 1.64 2.74 2.38
3.06 1.55 2.73 2.28
3.11 1.52 2.72 2.24
3.22 1.54 2.8 2.34
3.19 1.5 2.66 2.16
3.11 1.61 2.67 2.28
3.3 1.76 2.56 2.32
3.35 1.51 2.7 2.21
3.41 1.67 2.53 2.2
3.38 1.74 2.57 2.31
3.37 1.75 2.6 2.35
3.34 1.55 2.73 2.28
3.31 1.75 2.53 2.28
3.42 1.56 2.76 2.32
3.4 1.71 2.59 2.3
3.18 1.61 2.54 2.15
3.26 1.6 2.7 2.3
3.3 1.63 2.66 2.29
3.29 1.42 2.87 2.29
3.31 1.64 2.54 2.18
3.24 1.66 2.61 2.27
3.36 1.58 2.72 2.3
3.24 1.67 2.61 2.28
3.37 1.89 2.49 2.38
3.36 1.62 2.63 2.25
3.36 1.57 2.6 2.17
3.18 1.52 2.78 2.3
3.33 1.67 2.67 2.34
3.33 1.73 2.56 2.29
3.32 1.65 2.55 2.2
3.4 1.66 2.6 2.26
3.25 1.66 2.63 2.29
3.23 1.53 2.81 2.34
3.25 1.64 2.64 2.28
3.43 1.67 2.67 2.34
3.33 1.63 2.53 2.16
3.21 1.62 2.7 2.32
3.35 1.58 2.74 2.32
3.1 1.53 2.95 2.48
3.39 1.76 2.56 2.32
3.23 1.56 2.71 2.27
3.4 1.63 2.69 2.32
3.34 1.62 2.62 2.24
3.12 1.68 2.6 2.28
3.31 1.6 2.68 2.28
3.22 1.55 2.82 2.37
3.41 1.7 2.53 2.23
3.27 1.73 2.43 2.16
3.24 1.58 2.59 2.17
3.32 1.64 2.6 2.24
3.28 1.49 2.77 2.26
3.34 1.55 2.64 2.19
3.34 1.59 2.68 2.27
3.25 1.58 2.71 2.29
3.33 1.49 2.77 2.26
3.4 1.57 2.61 2.18
3.36 1.6 2.57 2.17
3.3 1.65 2.5 2.15
3.11 1.56 2.8 2.36
3.44 1.55 2.64 2.19
3.22 1.47 2.75 2.22
3.29 1.52 2.74 2.26
3.15 1.58 2.62 2.2
3.24 1.57 2.77 2.34
3.19 1.54 2.72 2.26
3.17 1.64 2.6 2.24
3.32 1.59 2.6 2.19
3.35 1.64 2.61 2.25
3.27 1.66 2.63 2.29
3.36 1.49 2.81 2.3
3.44 1.84 2.48 2.32
3.25 1.61 2.65 2.26
3.2 1.55 2.74 2.29
3.2 1.58 2.75 2.33
3.25 1.65 2.56 2.21
3.26 1.51 2.7 2.21
3.4 1.72 2.54 2.26
3.31 1.66 2.58 2.24
3.19 1.51 2.74 2.25
3.28 1.49 2.58 2.07
3.19 1.67 2.64 2.31
3.27 1.7 2.58 2.28
3.11 1.61 2.66 2.27
3.32 1.76 2.55 2.31
3.23 1.53 2.75 2.28
3.35 1.52 2.81 2.33
3.3 1.56 2.72 2.28
3.19 1.61 2.62 2.23
3.19 1.58 2.71 2.29
3.18 1.53 2.74 2.27
3.25 1.65 2.69 2.34
3.17 1.56 2.69 2.25
3.37 1.68 2.61 2.29
3.22 1.5 2.75 2.25
3.32 1.8 2.46 2.26
3.31 1.56 2.65 2.21
3.36 1.75 2.53 2.28
3.22 1.64 2.64 2.28
3.13 1.48 2.66 2.14
3.21 1.54 2.66 2.2
3.1 1.58 2.7 2.28
3.48 1.68 2.59 2.27
3.12 1.57 2.76 2.33
3.1 1.52 2.73 2.25
3.2 1.57 2.69 2.26
3.38 1.7 2.6 2.3
3.38 1.46 2.71 2.17
3.17 1.62 2.77 2.39
3.27 1.83 2.45 2.28
3.4 1.67 2.51 2.18
3.21 1.45 2.88 2.33
3.33 1.64 2.62 2.26
3.23 1.68 2.61 2.29
3.35 1.74 2.55 2.29
3.19 1.5 2.75 2.25
3.41 1.82 2.37 2.19
3.13 1.64 2.68 2.32
3.32 1.64 2.61 2.25
3.24 1.56 2.76 2.32
3.37 1.59 2.72 2.31
3.39 1.64 2.62 2.26
3.17 1.59 2.68 2.27
3.33 1.62 2.59 2.21
3.2 1.54 2.81 2.35
3.26 1.68 2.6 2.28
3.26 1.53 2.72 2.25
3.22 1.6 2.74 2.34
3.26 1.56 2.66 2.22
3.21 1.53 2.56 2.09
3.19 1.49 2.81 2.3
3.39 1.59 2.72 2.31
3.27 1.67 2.59 2.26
3.46 1.58 2.62 2.2
3.37 1.63 2.66 2.29
3.32 1.63 2.73 2.36
3.19 1.56 2.66 2.22
3.26 1.6 2.66 2.26
3.4 1.71 2.56 2.27
3.27 1.64 2.75 2.39
3.25 1.56 2.5 2.06
3.11 1.57 2.74 2.31
3.3 1.52 2.77 2.29
3.23 1.66 2.57 2.23
3.2 1.55 2.76 2.31
3.1 1.49 2.82 2.31
3.34 1.56 2.68 2.24
3.27 1.55 2.76 2.31
3.44 1.69 2.59 2.28
3.19 1.57 2.69 2.26
3.29 1.64 2.68 2.32
3.29 1.6 2.7 2.3
3.13 1.69 2.66 2.35
3.26 1.53 2.81 2.34
3.32 1.67 2.69 2.36
3.29 1.6 2.69 2.29
3.22 1.67 2.64 2.31
3.34 1.67 2.52 2.19
3.27 1.83 2.47 2.3
3.02 1.38 2.79 2.17
3.27 1.59 2.76 2.35
3.37 1.72 2.51 2.23
3.31 1.5 2.7 2.2
3.2 1.53 2.7 2.23
3.32 1.62 2.62 2.24
3.28 1.55 2.72 2.27
3.25 1.64 2.61 2.25
3.24 1.56 2.66 2.22
3.07 1.49 2.8 2.29
3.24 1.61 2.63 2.24
3.33 1.52 2.71 2.23
3.37 1.52 2.78 2.3
3.11 1.43 2.89 2.32
3.27 1.6 2.58 2.18
3.34 1.57 2.72 2.29
3.24 1.61 2.6 2.21
3.13 1.57 2.79 2.36
3.32 1.68 2.59 2.27
3.34 1.62 2.73 2.35
3.39 1.62 2.51 2.13
3.29 1.6 2.71 2.31
3.36 1.69 2.51 2.2
3.26 1.58 2.66 2.24
3.33 1.56 2.76 2.32
3.21 1.48 2.78 2.26
3.15 1.49 2.79 2.28
3.47 1.65 2.6 2.25
3.19 1.55 2.78 2.33
3.14 1.59 2.71 2.3
3.28 1.68 2.63 2.31
3.42 1.73 2.51 2.24
3.3 1.59 2.75 2.34
3.28 1.55 2.76 2.31
3.22 1.5 2.82 2.32
3.39 1.85 2.52 2.37
3.2 1.56 2.73 2.29
3.15 1.73 2.57 2.3
3.36 1.62 2.69 2.31
3.25 1.58 2.72 2.3
3.21 1.46 2.94 2.4
3.29 1.64 2.69 2.33
3.19 1.5 2.81 2.31
3.31 1.65 2.64 2.29
3.29 1.5 2.75 2.25
3.21 1.63 2.59 2.22
3.13 1.56 2.78 2.34
3.18 1.62 2.61 2.23
3.43 1.57 2.71 2.28
3.3 1.66 2.64 2.3
3.22 1.49 2.9 2.39
3.35 1.55 2.68 2.23
3.38 1.59 2.66 2.25
3.32 1.69 2.57 2.26
3.14 1.52 2.73 2.25
3.25 1.62 2.73 2.35
3.23 1.56 2.65 2.21
3.38 1.78 2.46 2.24
3.26 1.6 2.74 2.34
3.2 1.51 2.79 2.3
3.28 1.6 2.64 2.24
3.35 1.58 2.72 2.3
3.35 1.64 2.57 2.21
3.18 1.6 2.65 2.25
3.24 1.63 2.71 2.34
3.22 1.61 2.56 2.17
3.38 1.62 2.59 2.21
3.26 1.61 2.67 2.28
3.26 1.61 2.66 2.27
3.35 1.54 2.7 2.24
3.3 1.59 2.61 2.2
3.25 1.61 2.72 2.33
3.41 1.57 2.62 2.19
3.43 1.7 2.56 2.26
3.2 1.51 2.76 2.27
3.2 1.51 2.64 2.15
3.39 1.56 2.71 2.27
3.29 1.85 2.41 2.26
3.36 1.61 2.57 2.18
3.26 1.45 2.84 2.29
3.38 1.81 2.51 2.32
3.18 1.42 2.81 2.23
3.31 1.82 2.44 2.26
3.19 1.52 2.8 2.32
3.17 1.57 2.71 2.28
3.34 1.55 2.75 2.3
3.26 1.43 2.8 2.23
3.32 1.5 2.79 2.29
3.21 1.6 2.69 2.29
3.17 1.54 2.81 2.35
3.37 1.73 2.5 2.23
3.23 1.51 2.65 2.16
3.24 1.63 2.69 2.32
3.25 1.56 2.77 2.33
3.38 1.63 2.63 2.26
3.19 1.62 2.7 2.32
3.08 1.44 2.92 2.36
3.35 1.67 2.6 2.27
3.32 1.66 2.64 2.3
3.28 1.63 2.54 2.17
3.21 1.61 2.66 2.27
3.19 1.69 2.65 2.34
3.02 1.65 2.65 2.3
3.15 1.5 2.75 2.25
3.43 1.56 2.66 2.22
3.28 1.57 2.6 2.17
2.91 1.5 2.82 2.32
3.18 1.57 2.77 2.34
3.31 1.58 2.68 2.26
3.28 1.51 2.77 2.28
3.03 1.54 2.8 2.34
3.29 1.55 2.66 2.21
3.28 1.59 2.55 2.14
3.23 1.69 2.64 2.33
3.4 1.64 2.54 2.18
3.4 1.61 2.71 2.32
3.18 1.65 2.66 2.31
3.41 1.78 2.48 2.26
3.17 1.54 2.72 2.26
3.29 1.45 2.75 2.2
3.29 1.53 2.75 2.28
3.03 1.48 2.8 2.28
3.21 1.59 2.78 2.37
3.28 1.59 2.63 2.22
3.12 1.63 2.62 2.25
3.17 1.42 2.85 2.27
3.15 1.55 2.61 2.16
3.32 1.56 2.61 2.17
3.16 1.55 2.72 2.27
3.21 1.45 2.8 2.25
3.22 1.52 2.68 2.2
3.31 1.66 2.51 2.17
3.15 1.61 2.67 2.28
3.39 1.5 2.7 2.2
3.36 1.78 2.47 2.25
3.16 1.53 2.74 2.27
3.19 1.58 2.7 2.28
3.3 1.54 2.72 2.26
3.18 1.56 2.71 2.27
3.3 1.7 2.57 2.27
3.46 1.72 2.49 2.21
3.21 1.47 2.7 2.17
3.23 1.57 2.79 2.36
3.29 1.65 2.6 2.25
3.08 1.51 2.93 2.44
3.24 1.63 2.61 2.24
3.44 1.54 2.63 2.17
3.23 1.65 2.62 2.27
3.23 1.7 2.65 2.35
3.29 1.65 2.51 2.16
3.15 1.57 2.78 2.35
3.33 1.68 2.62 2.3
3.14 1.56 2.65 2.21
3.28 1.61 2.72 2.33
3.16 1.44 2.84 2.28
3.11 1.42 2.96 2.38
3.3 1.67 2.56 2.23
3.21 1.6 2.65 2.25
3.28 1.51 2.83 2.34
2.93 1.57 2.88 2.45
3.27 1.52 2.68 2.2
3.29 1.68 2.51 2.19
3.19 1.69 2.56 2.25
3.32 1.62 2.64 2.26
3.31 1.65 2.59 2.24
3.27 1.49 2.84 2.33
3.26 1.6 2.61 2.21
3.47 1.7 2.47 2.17
3.18 1.7 2.58 2.28
3.27 1.58 2.79 2.37
3.16 1.51 2.76 2.27
3.23 1.63 2.58 2.21
3.35 1.75 2.55 2.3
3.09 1.63 2.77 2.4
3.23 1.59 2.64 2.23
3.31 1.55 2.65 2.2
3.38 1.54 2.73 2.27
3.34 1.73 2.49 2.22
3.27 1.53 2.73 2.26
3.31 1.68 2.62 2.3
3.1 1.55 2.73 2.28
3.25 1.6 2.52 2.12
3.25 1.54 2.7 2.24
3.14 1.53 2.74 2.27
3.09 1.51 2.82 2.33
3.29 1.67 2.49 2.16
3.21 1.58 2.79 2.37
3.42 1.74 2.53 2.27
3.15 1.51 2.76 2.27
3.23 1.52 2.74 2.26
3.32 1.51 2.74 2.25
3.17 1.51 2.83 2.34
3.28 1.55 2.69 2.24
3.21 1.56 2.72 2.28
3.14 1.46 2.83 2.29
3.42 1.75 2.48 2.23
3.34 1.76 2.59 2.35
3.11 1.45 2.88 2.33
3.25 1.47 2.68 2.15
3.32 1.64 2.71 2.35
3.17 1.6 2.57 2.17
3.15 1.7 2.57 2.27
3.33 1.62 2.64 2.26
3.3 1.76 2.62 2.38
3.37 1.76 2.51 2.27
3.1 1.55 2.75 2.3
3.35 1.69 2.55 2.24
3.29 1.62 2.72 2.34
3.16 1.51 2.77 2.28
3.29 1.63 2.63 2.26
3.21 1.41 2.95 2.36
3.07 1.48 2.73 2.21
3.35 1.64 2.62 2.26
3.09 1.66 2.63 2.29
3.14 1.62 2.71 2.33
3.16 1.57 2.76 2.33
3.3 1.6 2.69 2.29
3.22 1.55 2.73 2.28
3.19 1.58 2.75 2.33
3.19 1.67 2.53 2.2
3.31 1.59 2.66 2.25
3.08 1.45 2.85 2.3
3.23 1.56 2.58 2.14
3.24 1.65 2.63 2.28
3.22 1.49 2.71 2.2
3.17 1.58 2.79 2.37
3.38 1.57 2.61 2.18
3.26 1.56 2.75 2.31
3.35 1.62 2.58 2.2
3.36 1.71 2.6 2.31
3.33 1.52 2.68 2.2
3.16 1.58 2.76 2.34
3.27 1.59 2.77 2.36
3.19 1.58 2.67 2.25
3.12 1.57 2.71 2.28
3.11 1.55 2.83 2.38
3.28 1.68 2.59 2.27
3.29 1.61 2.67 2.28
3.25 1.67 2.61 2.28
3.24 1.58 2.77 2.35
3.1 1.55 2.82 2.37
3.32 1.62 2.72 2.34
3.11 1.61 2.73 2.34
3.24 1.59 2.68 2.27
3.29 1.64 2.59 2.23
3.17 1.58 2.8 2.38
3.18 1.53 2.74 2.27
3.45 1.67 2.57 2.24
3.37 1.62 2.6 2.22
3.2 1.47 2.77 2.24
3.16 1.51 2.82 2.33
3.29 1.65 2.43 2.08
3.34 1.8 2.49 2.29
3.33 1.55 2.69 2.24
3.34 1.58 2.7 2.28
3.26 1.68 2.49 2.17
3.4 1.64 2.72 2.36
3.15 1.58 2.73 2.31
3.41 1.67 2.61 2.28
3.39 1.53 2.7 2.23
3.27 1.63 2.68 2.31
3.24 1.62 2.65 2.27
3.38 1.62 2.49 2.11
3.24 1.61 2.67 2.28
3.22 1.65 2.63 2.28
3.16 1.45 2.91 2.36
3.26 1.63 2.61 2.24
3.41 1.6 2.54 2.14
3.22 1.68 2.53 2.21
3.17 1.66 2.65 2.31
3.27 1.54 2.68 2.22
3.18 1.61 2.69 2.3
3.39 1.6 2.72 2.32
3.19 1.65 2.69 2.34
3.16 1.54 2.81 2.35
3.03 1.46 2.9 2.36
3.27 1.54 2.64 2.18
3.18 1.59 2.65 2.24
3.21 1.64 2.65 2.29
2.96 1.47 2.8 2.27
3.37 1.63 2.56 2.19
3.29 1.5 2.83 2.33
3.22 1.52 2.78 2.3
3.38 1.57 2.64 2.21
3.41 1.54 2.64 2.18
3.2 1.6 2.7 2.3
3.39 1.82 2.37 2.19
3.38 1.61 2.64 2.25
3.2 1.43 2.92 2.35
3.46 1.65 2.52 2.17
3.32 1.59 2.72 2.31
3.15 1.54 2.75 2.29
3.28 1.62 2.61 2.23
3.17 1.5 2.88 2.38
3.25 1.58 2.67 2.25
3.09 1.51 2.83 2.34
3.29 1.65 2.55 2.2
3.18 1.61 2.65 2.26
3.23 1.61 2.65 2.26
3.11 1.59 2.71 2.3
3.2 1.54 2.73 2.27
3.34 1.62 2.64 2.26
3.42 1.68 2.64 2.32
3.05 1.56 2.87 2.43
3.36 1.72 2.49 2.21
3.2 1.57 2.75 2.32
3.14 1.59 2.64 2.23
3.18 1.57 2.67 2.24
3.16 1.55 2.82 2.37
3.45 1.62 2.66 2.28
3.38 1.65 2.61 2.26
3.19 1.69 2.67 2.36
3.07 1.46 2.78 2.24
3.35 1.44 2.77 2.21
3.19 1.53 2.7 2.23
3.2 1.54 2.69 2.23
3.18 1.56 2.71 2.27
3.25 1.73 2.51 2.24
3.39 1.5 2.71 2.21
3.18 1.52 2.82 2.34
3.13 1.48 2.78 2.26
3.29 1.63 2.59 2.22
3.28 1.6 2.67 2.27
3.24 1.7 2.53 2.23
3.28 1.58 2.64 2.22
3.29 1.65 2.65 2.3
3.07 1.56 2.72 2.28
3.23 1.64 2.61 2.25
3.36 1.71 2.46 2.17
3.38 1.65 2.61 2.26
3.3 1.55 2.76 2.31
3.35 1.59 2.65 2.24
3.28 1.6 2.54 2.14
3.17 1.58 2.71 2.29
3.26 1.56 2.68 2.24
3.4 1.68 2.6 2.28
3.43 1.74 2.51 2.25
3.2 1.51 2.61 2.12
3.16 1.57 2.73 2.3
3.38 1.68 2.51 2.19
3.31 1.77 2.54 2.31
3.26 1.65 2.63 2.28
3.14 1.59 2.67 2.26
3.32 1.6 2.72 2.32
3.24 1.45 2.82 2.27
3.29 1.64 2.65 2.29
3.24 1.65 2.68 2.33
3.19 1.49 2.8 2.29
3.18 1.47 2.79 2.26
3.2 1.49 2.81 2.3
3.14 1.6 2.65 2.25
3.43 1.54 2.69 2.23
3.24 1.5 2.8 2.3
3.26 1.52 2.63 2.15
3.16 1.57 2.69 2.26
3.39 1.57 2.7 2.27
3.18 1.6 2.71 2.31
3.36 1.54 2.71 2.25
3.26 1.54 2.66 2.2
3.23 1.57 2.59 2.16
3.28 1.57 2.62 2.19
3.3 1.65 2.65 2.3
3.23 1.58 2.64 2.22
3.27 1.54 2.71 2.25
3.28 1.46 2.89 2.35
3.19 1.61 2.68 2.29
3.19 1.41 2.77 2.18
3.25 1.54 2.68 2.22
3.17 1.56 2.63 2.19
3.33 1.68 2.58 2.26
3.13 1.58 2.72 2.3
3.18 1.6 2.7 2.3
3.26 1.64 2.6 2.24
3.32 1.62 2.74 2.36
3.18 1.56 2.68 2.24
3.4 1.7 2.64 2.34
3.33 1.7 2.58 2.28
3.12 1.66 2.65 2.31
3.3 1.59 2.66 2.25
3.4 1.65 2.59 2.24
3.34 1.6 2.64 2.24
3.22 1.53 2.72 2.25
3.15 1.6 2.64 2.24
3.36 1.58 2.6 2.18
3.36 1.66 2.6 2.26
3.25 1.74 2.52 2.26
3.24 1.57 2.65 2.22
3.16 1.55 2.73 2.28
3.19 1.5 2.8 2.3
3.24 1.64 2.59 2.23
3.45 1.76 2.48 2.24
3.22 1.64 2.64 2.28
3.3 1.67 2.61 2.28
3.25 1.5 2.83 2.33
3.16 1.44 2.82 2.26
3.23 1.6 2.6 2.2
3.33 1.76 2.47 2.23
3.27 1.54 2.69 2.23
3.04 1.69 2.61 2.3
3.51 1.82 2.41 2.23
3.24 1.61 2.68 2.29
3.22 1.63 2.58 2.21
3.23 1.64 2.64 2.28
3.2 1.67 2.55 2.22
3.3 1.71 2.46 2.17
3.06 1.49 2.81 2.3
3.24 1.59 2.68 2.27
3.23 1.55 2.74 2.29
3.31 1.63 2.59 2.22
3.19 1.61 2.74 2.35
3.31 1.52 2.8 2.32
3.32 1.57 2.66 2.23
3.29 1.74 2.58 2.32
3.38 1.5 2.77 2.27
3.28 1.64 2.63 2.27
3.29 1.63 2.61 2.24
3.24 1.59 2.69 2.28
3.3 1.68 2.56 2.24
3.22 1.5 2.74 2.24
3.31 1.57 2.72 2.29
3.16 1.54 2.72 2.26
3.21 1.56 2.71 2.27
3.25 1.57 2.73 2.3
3.53 1.61 2.57 2.18
3.25 1.55 2.78 2.33
3.42 1.58 2.59 2.17
3.34 1.67 2.57 2.24
3.22 1.47 2.83 2.3
3.24 1.53 2.68 2.21
3.28 1.52 2.67 2.19
3.34 1.77 2.54 2.31
3.21 1.46 2.83 2.29
3.42 1.64 2.59 2.23
3.07 1.5 2.76 2.26
3.21 1.47 2.8 2.27
3.26 1.63 2.71 2.34
3.3 1.7 2.66 2.36
3.08 1.52 2.78 2.3
3.24 1.69 2.57 2.26
3.14 1.52 2.71 2.23
3.28 1.69 2.6 2.29
3.27 1.65 2.63 2.28
3.29 1.72 2.56 2.28
3.26 1.5 2.78 2.28
3.19 1.84 2.47 2.31
3.36 1.71 2.53 2.24
3.17 1.51 2.71 2.22
3.11 1.52 2.79 2.31
3.26 1.58 2.73 2.31
3.34 1.75 2.52 2.27
3.38 1.69 2.51 2.2
3.25 1.59 2.58 2.17
3.27 1.62 2.65 2.27
3.12 1.42 2.9 2.32
3.18 1.56 2.73 2.29
3.16 1.54 2.66 2.2
3.15 1.67 2.66 2.33
3.21 1.62 2.64 2.26
3.4 1.69 2.63 2.32
3.24 1.45 2.8 2.25
3.2 1.68 2.65 2.33
3.18 1.43 2.89 2.32
3.32 1.57 2.65 2.22
3.35 1.59 2.71 2.3
3.35 1.64 2.72 2.36
3.19 1.63 2.61 2.24
3.23 1.63 2.69 2.32
3.27 1.71 2.44 2.15
3.18 1.51 2.73 2.24
3.15 1.56 2.79 2.35
3.25 1.55 2.8 2.35
3.15 1.55 2.75 2.3
3.4 1.67 2.49 2.16
3.17 1.62 2.65 2.27
3.1 1.56 2.68 2.24
3.18 1.55 2.72 2.27
3.13 1.69 2.61 2.3
3.17 1.74 2.59 2.33
3.25 1.52 2.68 2.2
3.36 1.55 2.74 2.29
3.25 1.43 2.83 2.26
3.19 1.45 2.81 2.26
3.35 1.7 2.6 2.3
3.18 1.66 2.6 2.26
3.23 1.54 2.77 2.31
3.29 1.58 2.61 2.19
3.4 1.68 2.59 2.27
3.29 1.72 2.53 2.25
3.31 1.56 2.76 2.32
3.25 1.56 2.7 2.26
3.14 1.53 2.6 2.13
3.22 1.48 2.71 2.19
3.34 1.75 2.49 2.24
3.2 1.61 2.65 2.26
3.2 1.61 2.63 2.24
3.33 1.77 2.6 2.37
3.12 1.44 2.77 2.21
3.17 1.54 2.74 2.28
3.45 1.66 2.68 2.34
3.22 1.62 2.68 2.3
3.43 1.55 2.66 2.21
3.38 1.66 2.66 2.32
3.42 1.58 2.71 2.29
3.23 1.69 2.59 2.28
3.34 1.66 2.64 2.3
3.09 1.44 2.92 2.36
3.17 1.51 2.79 2.3
3.24 1.7 2.57 2.27
3.33 1.63 2.63 2.26
3.23 1.56 2.71 2.27
3.14 1.44 2.8 2.24
3.2 1.58 2.69 2.27
3.15 1.44 2.79 2.23
3.31 1.68 2.57 2.25
3.33 1.71 2.52 2.23
3.3 1.72 2.59 2.31
3.38 1.66 2.64 2.3
3.15 1.54 2.74 2.28
3.32 1.64 2.69 2.33
3.17 1.36 2.86 2.22
3.36 1.65 2.57 2.22
3.34 1.58 2.7 2.28
3.44 1.66 2.46 2.12
3.34 1.62 2.63 2.25
3.29 1.59 2.7 2.29
3.23 1.56 2.71 2.27
3.39 1.66 2.6 2.26
3.41 1.64 2.63 2.27
3.05 1.48 2.74 2.22
3.2 1.53 2.67 2.2
3.34 1.91 2.3 2.21
3.23 1.48 2.83 2.31
3.26 1.56 2.71 2.27
3.1 1.39 2.82 2.21
3.19 1.59 2.68 2.27
3.16 1.61 2.66 2.27
3.32 1.55 2.65 2.2
3.26 1.63 2.67 2.3
3.37 1.63 2.59 2.22
3.3 1.67 2.6 2.27
3.13 1.48 2.8 2.28
3.26 1.74 2.57 2.31
3.28 1.62 2.59 2.21
3.36 1.61 2.57 2.18
3.25 1.56 2.61 2.17
3.25 1.54 2.73 2.27
3.28 1.7 2.67 2.37
3.33 1.69 2.59 2.28
3.03 1.58 2.79 2.37
3.17 1.63 2.64 2.27
3.4 1.66 2.61 2.27
3.28 1.54 2.7 2.24
3.28 1.55 2.74 2.29
3.19 1.59 2.7 2.29
3.26 1.63 2.58 2.21
3.15 1.48 2.7 2.18
3.42 1.72 2.63 2.35
3.35 1.56 2.69 2.25
3.03 1.44 2.86 2.3
3.24 1.65 2.62 2.27
3.3 1.63 2.6 2.23
3.2 1.46 2.79 2.25
3.22 1.59 2.71 2.3
3.17 1.73 2.63 2.36
3.26 1.69 2.7 2.39
3.17 1.6 2.7 2.3
3.34 1.61 2.62 2.23
3.26 1.47 2.78 2.25
3.34 1.43 2.8 2.23
3.24 1.56 2.69 2.25
3.37 1.73 2.45 2.18
3.29 1.57 2.79 2.36
3.44 1.72 2.46 2.18
3.34 1.56 2.64 2.2
3.4 1.73 2.48 2.21
3.16 1.49 2.75 2.24
3.51 1.66 2.6 2.26
3.16 1.47 2.82 2.29
3.37 1.72 2.59 2.31
3.25 1.59 2.61 2.2
3.43 1.61 2.64 2.25
3.23 1.59 2.65 2.24
3.34 1.66 2.64 2.3
3.26 1.59 2.69 2.28
3.39 1.71 2.54 2.25
3.23 1.53 2.81 2.34
3.4 1.85 2.38 2.23
3.38 1.7 2.51 2.21
3.17 1.49 2.75 2.24
3.29 1.7 2.55 2.25
3.46 1.69 2.62 2.31
3.23 1.49 2.79 2.28
3.3 1.71 2.48 2.19
3.17 1.69 2.67 2.36
3.35 1.72 2.55 2.27
3.22 1.61 2.67 2.28
3.39 1.61 2.65 2.26
3.21 1.46 2.83 2.29
3.31 1.59 2.67 2.26
3.4 1.77 2.47 2.24
3.47 1.61 2.56 2.17
3.21 1.43 2.82 2.25
3.39 1.5 2.74 2.24
3.38 1.66 2.61 2.27
3.23 1.59 2.66 2.25
3.22 1.64 2.64 2.28
3.23 1.57 2.66 2.23
3.21 1.5 2.73 2.23
3.29 1.61 2.64 2.25
3.36 1.58 2.76 2.34
3.2 1.54 2.88 2.42
3.2 1.53 2.72 2.25
3.15 1.46 2.84 2.3
3.21 1.7 2.57 2.27
3.23 1.58 2.74 2.32
3.27 1.67 2.58 2.25
3.31 1.77 2.42 2.19
3.26 1.41 2.79 2.2
3.33 1.68 2.62 2.3
3.09 1.56 2.8 2.36
3.38 1.52 2.7 2.22
3.18 1.44 2.85 2.29
3.13 1.62 2.68 2.3
3.37 1.59 2.63 2.22
3.35 1.62 2.64 2.26
3.34 1.63 2.59 2.22
3.38 1.65 2.66 2.31
3.28 1.52 2.75 2.27
3.14 1.48 2.8 2.28
3.17 1.52 2.85 2.37
3.3 1.55 2.62 2.17
3.32 1.63 2.65 2.28
3.34 1.67 2.68 2.35
3.24 1.65 2.54 2.19
3.26 1.51 2.73 2.24
3.19 1.55 2.81 2.36
3.24 1.55 2.79 2.34
3.17 1.7 2.6 2.3
3.11 1.64 2.65 2.29
3.34 1.64 2.62 2.26
3.4 1.63 2.55 2.18
3.14 1.55 2.65 2.2
3.2 1.6 2.63 2.23
3.36 1.65 2.51 2.16
3.34 1.53 2.72 2.25
2.98 1.58 2.75 2.33
3.41 1.78 2.57 2.35
3.28 1.69 2.57 2.26
3.02 1.46 2.81 2.27
3.33 1.54 2.74 2.28
3.21 1.53 2.76 2.29
3.46 1.45 2.8 2.25
3.25 1.5 2.75 2.25
3.25 1.6 2.71 2.31
3.33 1.62 2.67 2.29
3.2 1.54 2.71 2.25
3.41 1.61 2.51 2.12
3.32 1.55 2.78 2.33
3.2 1.43 2.8 2.23
3.28 1.52 2.68 2.2
3.24 1.44 2.73 2.17
3.21 1.47 2.77 2.24
3.2 1.53 2.77 2.3
3.34 1.73 2.57 2.3
3.24 1.62 2.65 2.27
3.28 1.64 2.62 2.26
3.26 1.56 2.71 2.27
3.24 1.71 2.59 2.3
3.31 1.64 2.69 2.33
3.11 1.46 2.75 2.21
3.36 1.58 2.72 2.3
3.24 1.46 2.81 2.27
3.07 1.59 2.78 2.37
3.17 1.52 2.77 2.29
3.32 1.48 2.81 2.29
3.28 1.56 2.72 2.28
3.44 1.62 2.6 2.22
3.29 1.68 2.58 2.26
3.43 1.58 2.65 2.23
3.29 1.65 2.63 2.28
2.95 1.52 2.83 2.35
3.36 1.56 2.69 2.25
3.13 1.63 2.7 2.33
3.43 1.52 2.73 2.25
3.3 1.58 2.67 2.25
3.39 1.7 2.6 2.3
3.48 1.75 2.48 2.23
3.26 1.68 2.62 2.3
3.17 1.65 2.69 2.34
3.16 1.53 2.77 2.3
3.29 1.67 2.63 2.3
3.24 1.57 2.68 2.25
3.31 1.72 2.65 2.37
3.2 1.51 2.72 2.23
3.44 1.73 2.55 2.28
3.42 1.64 2.54 2.18
3.29 1.64 2.58 2.22
3.27 1.63 2.69 2.32
3.21 1.56 2.69 2.25
3.13 1.48 2.85 2.33
3.26 1.59 2.72 2.31
3.08 1.55 2.78 2.33
3.18 1.58 2.7 2.28
3.12 1.49 2.7 2.19
3.26 1.65 2.61 2.26
3.13 1.58 2.72 2.3
3.25 1.61 2.59 2.2
3.28 1.65 2.57 2.22
3.07 1.5 2.77 2.27
3.26 1.59 2.69 2.28
3.26 1.73 2.63 2.36
3.29 1.56 2.63 2.19
3.35 1.58 2.6 2.18
3.08 1.52 2.78 2.3
3.35 1.63 2.57 2.2
3.27 1.73 2.58 2.31
3.26 1.57 2.63 2.2
3.37 1.71 2.52 2.23
3.21 1.68 2.66 2.34
3.35 1.65 2.56 2.21
3.21 1.65 2.6 2.25
3.32 1.57 2.66 2.23
3.36 1.66 2.66 2.32
3.41 1.58 2.65 2.23
3.27 1.65 2.6 2.25
3.26 1.56 2.71 2.27
3.07 1.41 2.85 2.26
3.3 1.49 2.77 2.26
3.29 1.53 2.69 2.22
3.3 1.54 2.81 2.35
3.38 1.66 2.51 2.17
3.19 1.63 2.66 2.29
3.42 1.78 2.51 2.29
3.21 1.57 2.7 2.27
3.31 1.63 2.49 2.12
3.25 1.56 2.55 2.11
3.24 1.7 2.61 2.31
3.27 1.63 2.7 2.33
3.23 1.67 2.59 2.26
3.14 1.45 2.75 2.2
3.13 1.61 2.68 2.29
3.07 1.73 2.65 2.38
3.29 1.65 2.64 2.29
3.3 1.41 2.84 2.25
3.42 1.65 2.64 2.29
3.19 1.56 2.71 2.27
3.23 1.51 2.79 2.3
3.28 1.52 2.76 2.28
3.24 1.52 2.7 2.22
3.3 1.67 2.66 2.33
3.23 1.79 2.48 2.27
3.41 1.72 2.5 2.22
3.24 1.51 2.67 2.18
3.18 1.55 2.72 2.27
3.28 1.53 2.74 2.27
3.4 1.58 2.68 2.26
3.3 1.73 2.62 2.35
3.14 1.46 2.82 2.28
3.23 1.66 2.56 2.22
3.07 1.37 2.97 2.34
3.24 1.47 2.78 2.25
3.34 1.66 2.58 2.24
3.07 1.56 2.79 2.35
3.19 1.52 2.8 2.32
3.17 1.6 2.68 2.28
3.29 1.74 2.57 2.31
3.26 1.54 2.71 2.25
3.3 1.61 2.62 2.23
3.18 1.7 2.59 2.29
3.0 1.43 2.85 2.28
3.32 1.64 2.67 2.31
3.3 1.67 2.58 2.25
3.19 1.57 2.67 2.24
3.34 1.67 2.66 2.33
3.47 1.74 2.56 2.3
3.21 1.55 2.72 2.27
3.37 1.7 2.56 2.26
3.23 1.6 2.8 2.4
3.39 1.65 2.6 2.25
3.21 1.62 2.68 2.3
3.38 1.63 2.58 2.21
3.36 1.67 2.66 2.33
3.34 1.51 2.72 2.23
3.3 1.58 2.73 2.31
3.25 1.62 2.63 2.25
3.29 1.61 2.72 2.33
3.27 1.59 2.74 2.33
3.33 1.74 2.46 2.2
3.37 1.57 2.58 2.15
3.19 1.64 2.65 2.29
3.27 1.52 2.76 2.28
3.35 1.55 2.77 2.32
3.14 1.63 2.66 2.29
3.29 1.6 2.58 2.18
3.25 1.56 2.7 2.26
3.4 1.67 2.58 2.25
2.98 1.43 2.91 2.34
3.19 1.55 2.69 2.24
3.26 1.5 2.8 2.3
3.29 1.63 2.6 2.23
3.25 1.69 2.58 2.27
3.25 1.47 2.77 2.24
3.17 1.49 2.71 2.2
3.4 1.62 2.57 2.19
3.3 1.62 2.58 2.2
3.36 1.85 2.48 2.33
3.18 1.64 2.59 2.23
3.34 1.75 2.5 2.25
3.44 1.61 2.59 2.2
3.36 1.67 2.59 2.26
3.36 1.55 2.64 2.19
3.1 1.5 2.65 2.15
3.26 1.5 2.64 2.14
3.28 1.64 2.61 2.25
3.41 1.63 2.58 2.21
3.46 1.82 2.41 2.23
3.19 1.43 2.83 2.26
3.34 1.57 2.7 2.27
3.15 1.6 2.73 2.33
3.27 1.57 2.73 2.3
3.27 1.63 2.59 2.22
3.32 1.66 2.66 2.32
3.31 1.6 2.65 2.25
3.35 1.75 2.55 2.3
3.38 1.61 2.75 2.36
3.25 1.56 2.76 2.32
3.2 1.54 2.72 2.26
3.25 1.62 2.61 2.23
3.08 1.46 2.77 2.23
3.09 1.48 2.76 2.24
3.3 1.62 2.72 2.34
3.32 1.71 2.57 2.28
3.4 1.73 2.48 2.21
3.25 1.63 2.73 2.36
3.29 1.57 2.72 2.29
3.37 1.59 2.62 2.21
3.39 1.74 2.52 2.26
3.16 1.37 2.85 2.22
3.22 1.53 2.8 2.33
3.08 1.63 2.78 2.41
3.27 1.66 2.7 2.36
3.28 1.52 2.65 2.17
3.07 1.54 2.81 2.35
3.3 1.58 2.68 2.26
3.34 1.77 2.5 2.27
3.29 1.77 2.56 2.33
3.09 1.53 2.74 2.27
3.35 1.69 2.57 2.26
3.26 1.55 2.7 2.25
3.13 1.63 2.64 2.27
3.42 1.7 2.55 2.25
3.34 1.54 2.7 2.24
3.32 1.58 2.73 2.31
3.35 1.71 2.45 2.16
3.26 1.67 2.61 2.28
3.37 1.61 2.59 2.2
3.38 1.6 2.55 2.15
3.41 1.65 2.62 2.27
3.37 1.65 2.52 2.17
3.29 1.52 2.76 2.28
3.43 1.56 2.69 2.25
3.18 1.71 2.67 2.38
2.98 1.51 2.75 2.26
3.38 1.69 2.49 2.18
3.33 1.69 2.61 2.3
3.19 1.66 2.65 2.31
3.17 1.53 2.83 2.36
3.18 1.66 2.64 2.3
3.22 1.65 2.71 2.36
3.31 1.45 2.78 2.23
3.18 1.56 2.75 2.31
3.33 1.57 2.65 2.22
3.17 1.43 2.82 2.25
3.21 1.65 2.64 2.29
3.14 1.63 2.65 2.28
3.25 1.64 2.69 2.33
3.25 1.45 2.81 2.26
3.34 1.71 2.56 2.27
3.25 1.72 2.66 2.38
3.45 1.68 2.5 2.18
3.23 1.54 2.64 2.18
3.31 1.69 2.55 2.24
3.2 1.53 2.75 2.28
3.17 1.5 2.72 2.22
3.33 1.66 2.62 2.28
3.37 1.54 2.76 2.3
3.25 1.66 2.61 2.27
3.27 1.58 2.63 2.21
3.42 1.63 2.63 2.26
3.27 1.61 2.76 2.37
3.31 1.62 2.62 2.24
3.23 1.5 2.81 2.31
3.3 1.6 2.67 2.27
3.24 1.64 2.7 2.34
3.37 1.57 2.62 2.19
3.22 1.52 2.77 2.29
3.32 1.6 2.61 2.21
3.24 1.66 2.59 2.25
3.17 1.57 2.77 2.34
3.19 1.47 2.85 2.32
3.39 1.7 2.49 2.19
3.23 1.49 2.81 2.3
3.21 1.57 2.72 2.29
3.23 1.66 2.64 2.3
3.2 1.56 2.63 2.19
3.27 1.66 2.59 2.25
3.3 1.66 2.61 2.27
3.23 1.61 2.69 2.3
3.43 1.63 2.52 2.15
3.47 1.66 2.63 2.29
3.16 1.49 2.88 2.37
3.24 1.61 2.75 2.36
3.3 1.55 2.69 2.24
3.35 1.56 2.74 2.3
3.23 1.5 2.8 2.3
3.15 1.47 2.79 2.26
3.16 1.58 2.69 2.27
3.2 1.61 2.66 2.27
3.24 1.64 2.64 2.28
3.4 1.69 2.53 2.22
3.28 1.37 2.85 2.22
3.18 1.56 2.81 2.37
3.35 1.64 2.62 2.26
3.3 1.7 2.57 2.27
3.46 1.74 2.51 2.25
3.21 1.68 2.61 2.29
3.26 1.73 2.55 2.28
3.27 1.62 2.61 2.23
3.34 1.75 2.57 2.32
3.15 1.55 2.7 2.25
3.33 1.64 2.69 2.33
3.12 1.42 2.84 2.26
3.36 1.66 2.73 2.39
3.34 1.53 2.7 2.23
3.23 1.56 2.61 2.17
3.31 1.63 2.71 2.34
3.3 1.68 2.58 2.26
3.14 1.49 2.82 2.31
3.28 1.7 2.51 2.21
3.21 1.51 2.65 2.16
3.17 1.53 2.7 2.23
3.33 1.69 2.48 2.17
3.35 1.49 2.76 2.25
3.36 1.76 2.53 2.29
3.15 1.58 2.78 2.36
3.23 1.62 2.74 2.36
3.4 1.53 2.69 2.22
3.24 1.7 2.59 2.29
3.21 1.68 2.65 2.33
3.39 1.72 2.45 2.17
3.33 1.6 2.68 2.28
3.23 1.7 2.57 2.27
3.11 1.52 2.84 2.36
3.17 1.56 2.67 2.23
3.24 1.59 2.66 2.25
3.33 1.72 2.55 2.27
3.23 1.58 2.74 2.32
3.43 1.54 2.6 2.14
3.37 1.58 2.69 2.27
3.28 1.43 2.76 2.19
3.24 1.52 2.78 2.3
3.09 1.49 2.82 2.31
3.32 1.57 2.68 2.25
3.28 1.62 2.6 2.22
3.2 1.4 2.82 2.22
3.28 1.59 2.69 2.28
3.19 1.37 2.98 2.35
3.24 1.72 2.59 2.31
3.21 1.51 2.78 2.29
3.26 1.61 2.63 2.24
3.23 1.54 2.69 2.23
3.34 1.66 2.52 2.18
3.18 1.63 2.73 2.36
3.15 1.46 2.86 2.32
3.33 1.57 2.69 2.26
3.34 1.66 2.56 2.22
3.17 1.6 2.71 2.31
3.39 1.71 2.52 2.23
3.09 1.47 2.84 2.31
3.31 1.64 2.62 2.26
3.25 1.63 2.71 2.34
3.2 1.68 2.59 2.27
3.24 1.47 2.82 2.29
3.19 1.68 2.67 2.35
3.23 1.56 2.75 2.31
3.29 1.62 2.64 2.26
3.27 1.72 2.56 2.28
3.21 1.51 2.82 2.33
3.19 1.68 2.6 2.28
3.25 1.57 2.78 2.35
3.38 1.63 2.6 2.23
3.26 1.65 2.65 2.3
3.41 1.83 2.37 2.2
3.2 1.52 2.73 2.25
3.22 1.57 2.78 2.35
3.25 1.69 2.62 2.31
3.25 1.47 2.85 2.32
3.32 1.57 2.7 2.27
3.27 1.47 2.83 2.3
3.21 1.53 2.63 2.16
3.42 1.79 2.5 2.29
3.24 1.56 2.73 2.29
3.2 1.53 2.76 2.29
3.33 1.73 2.61 2.34
3.25 1.58 2.61 2.19
3.32 1.6 2.72 2.32
3.3 1.51 2.84 2.35
3.3 1.64 2.6 2.24
3.33 1.64 2.71 2.35
3.33 1.62 2.6 2.22
3.22 1.54 2.6 2.14
3.2 1.6 2.71 2.31
3.17 1.55 2.83 2.38
3.29 1.74 2.66 2.4
3.35 1.72 2.58 2.3
3.26 1.68 2.66 2.34
3.29 1.69 2.64 2.33
3.42 1.57 2.69 2.26
3.2 1.37 2.88 2.25
3.32 1.58 2.65 2.23
3.23 1.67 2.6 2.27
3.28 1.44 2.76 2.2
3.24 1.71 2.55 2.26
3.34 1.62 2.6 2.22
3.21 1.62 2.64 2.26
3.34 1.54 2.76 2.3
3.17 1.42 2.86 2.28
3.31 1.58 2.69 2.27
3.24 1.65 2.66 2.31
3.3 1.57 2.72 2.29
3.28 1.6 2.74 2.34
3.22 1.68 2.66 2.34
3.34 1.61 2.74 2.35
3.19 1.54 2.75 2.29
3.35 1.6 2.74 2.34
3.28 1.59 2.68 2.27
3.26 1.55 2.66 2.21
3.38 1.54 2.69 2.23
3.37 1.58 2.66 2.24
3.3 1.89 2.42 2.31
3.17 1.64 2.69 2.33
3.27 1.59 2.68 2.27
3.35 1.72 2.59 2.31
3.16 1.6 2.63 2.23
3.21 1.53 2.7 2.23
3.34 1.59 2.65 2.24
3.21 1.52 2.85 2.37
3.32 1.63 2.65 2.28
3.35 1.59 2.59 2.18
3.18 1.43 2.8 2.23
3.26 1.64 2.61 2.25
3.36 1.61 2.7 2.31
3.38 1.7 2.64 2.34
3.12 1.56 2.69 2.25
3.1 1.5 2.79 2.29
3.31 1.6 2.69 2.29
3.32 1.54 2.62 2.16
3.37 1.54 2.64 2.18
3.49 1.81 2.46 2.27
3.43 1.64 2.57 2.21
3.18 1.47 2.76 2.23
3.31 1.64 2.67 2.31
3.15 1.55 2.73 2.28
3.29 1.52 2.69 2.21
3.16 1.69 2.61 2.3
3.14 1.63 2.59 2.22
3.15 1.48 2.74 2.22
3.43 1.53 2.65 2.18
3.25 1.56 2.69 2.25
3.15 1.58 2.74 2.32
3.23 1.65 2.76 2.41
3.32 1.6 2.66 2.26
3.26 1.67 2.64 2.31
3.25 1.53 2.68 2.21
3.27 1.52 2.79 2.31
3.2 1.5 2.74 2.24
3.2 1.48 2.64 2.12
3.3 1.6 2.61 2.21
3.23 1.46 2.77 2.23
3.29 1.61 2.54 2.15
3.35 1.59 2.62 2.21
3.16 1.5 2.84 2.34
3.34 1.75 2.53 2.28
3.22 1.55 2.71 2.26
3.08 1.54 2.75 2.29
3.17 1.49 2.76 2.25
3.29 1.59 2.67 2.26
3.25 1.54 2.67 2.21
3.24 1.51 2.78 2.29
3.21 1.67 2.71 2.38
3.29 1.52 2.67 2.19
3.27 1.68 2.63 2.31
3.19 1.55 2.68 2.23
3.3 1.58 2.68 2.26
3.43 1.73 2.52 2.25
3.1 1.5 2.84 2.34
3.49 1.58 2.73 2.31
3.16 1.58 2.68 2.26
3.2 1.59 2.71 2.3
3.15 1.65 2.6 2.25
3.08 1.35 2.96 2.31
3.3 1.55 2.76 2.31
3.29 1.66 2.62 2.28
3.06 1.62 2.57 2.19
3.35 1.61 2.67 2.28
3.19 1.57 2.67 2.24
3.4 1.75 2.53 2.28
3.34 1.57 2.72 2.29
3.26 1.62 2.56 2.18
3.47 1.78 2.54 2.32
3.38 1.6 2.62 2.22
3.17 1.5 2.82 2.32
3.32 1.7 2.56 2.26
3.31 1.51 2.67 2.18
3.17 1.66 2.71 2.37
3.47 1.71 2.58 2.29
3.21 1.56 2.71 2.27
3.26 1.66 2.69 2.35
3.22 1.54 2.75 2.29
3.24 1.56 2.76 2.32
3.3 1.61 2.78 2.39
3.17 1.53 2.77 2.3
3.31 1.65 2.64 2.29
3.31 1.52 2.75 2.27
3.26 1.59 2.7 2.29
3.24 1.71 2.64 2.35
3.25 1.53 2.76 2.29
3.23 1.69 2.61 2.3
3.3 1.56 2.74 2.3
3.26 1.7 2.55 2.25
3.16 1.67 2.73 2.4
3.37 1.73 2.5 2.23
3.2 1.61 2.67 2.28
3.37 1.67 2.6 2.27
3.36 1.72 2.46 2.18
3.3 1.61 2.62 2.23
3.24 1.54 2.81 2.35
3.28 1.58 2.68 2.26
3.38 1.7 2.56 2.26
3.33 1.67 2.65 2.32
3.28 1.8 2.51 2.31
3.42 1.84 2.48 2.32
3.19 1.51 2.66 2.17
3.43 1.62 2.6 2.22
3.38 1.59 2.6 2.19
3.38 1.65 2.57 2.22
3.38 1.74 2.51 2.25
3.41 1.56 2.68 2.24
3.18 1.59 2.68 2.27
3.32 1.58 2.64 2.22
3.32 1.53 2.76 2.29
3.44 1.68 2.61 2.29
3.22 1.63 2.73 2.36
3.28 1.69 2.61 2.3
3.02 1.5 2.81 2.31
3.29 1.64 2.58 2.22
3.22 1.6 2.61 2.21
3.01 1.63 2.66 2.29
3.25 1.65 2.6 2.25
3.36 1.63 2.63 2.26
3.2 1.64 2.63 2.27
3.35 1.54 2.78 2.32
3.29 1.72 2.56 2.28
3.36 1.65 2.67 2.32
3.27 1.63 2.66 2.29
3.21 1.67 2.57 2.24
3.39 1.79 2.49 2.28
3.26 1.66 2.57 2.23
3.25 1.44 2.86 2.3
3.24 1.6 2.72 2.32
3.24 1.65 2.66 2.31
3.32 1.69 2.64 2.33
3.18 1.71 2.54 2.25
3.12 1.56 2.71 2.27
3.22 1.73 2.6 2.33
3.19 1.54 2.77 2.31
3.14 1.63 2.62 2.25
3.24 1.55 2.64 2.19
3.1 1.55 2.76 2.31
3.17 1.55 2.75 2.3
3.31 1.65 2.55 2.2
3.27 1.61 2.71 2.32
3.25 1.62 2.65 2.27
3.26 1.58 2.72 2.3
3.22 1.75 2.55 2.3
3.38 1.62 2.64 2.26
3.44 1.64 2.64 2.28
3.24 1.63 2.66 2.29
3.38 1.7 2.56 2.26
3.26 1.63 2.71 2.34
3.29 1.67 2.59 2.26
3.38 1.61 2.55 2.16
3.28 1.62 2.67 2.29
3.19 1.58 2.73 2.31
3.19 1.62 2.61 2.23
3.54 1.65 2.49 2.14
3.3 1.75 2.58 2.33
3.52 1.66 2.64 2.3
3.17 1.61 2.67 2.28
3.24 1.59 2.69 2.28
3.13 1.52 2.83 2.35
3.29 1.63 2.68 2.31
3.22 1.52 2.76 2.28
3.32 1.7 2.54 2.24
3.27 1.52 2.74 2.26
3.27 1.6 2.68 2.28
3.19 1.56 2.7 2.26
3.35 1.71 2.56 2.27
3.29 1.58 2.64 2.22
3.36 1.74 2.44 2.18
3.17 1.59 2.75 2.34
3.2 1.6 2.7 2.3
3.3 1.65 2.59 2.24
3.33 1.63 2.69 2.32
3.08 1.46 2.9 2.36
3.41 1.72 2.55 2.27
3.27 1.69 2.51 2.2
3.42 1.51 2.69 2.2
3.33 1.57 2.66 2.23
3.29 1.55 2.68 2.23
3.3 1.6 2.6 2.2
3.33 1.58 2.67 2.25
3.38 1.6 2.65 2.25
3.46 1.67 2.65 2.32
3.24 1.69 2.52 2.21
3.2 1.6 2.68 2.28
3.38 1.56 2.72 2.28
3.26 1.66 2.62 2.28
3.29 1.51 2.76 2.27
3.15 1.58 2.79 2.37
3.12 1.61 2.74 2.35
3.26 1.68 2.68 2.36
3.24 1.71 2.58 2.29
3.21 1.42 2.86 2.28
3.2 1.58 2.67 2.25
3.07 1.61 2.72 2.33
3.39 1.56 2.71 2.27
3.3 1.61 2.66 2.27
3.27 1.62 2.71 2.33
3.23 1.59 2.76 2.35
3.43 1.67 2.69 2.36
3.05 1.51 2.8 2.31
3.34 1.79 2.49 2.28
3.23 1.68 2.66 2.34
3.25 1.55 2.77 2.32
3.39 1.64 2.64 2.28
3.35 1.6 2.55 2.15
3.31 1.68 2.52 2.2
3.36 1.58 2.74 2.32
3.28 1.68 2.64 2.32
3.25 1.43 2.84 2.27
3.31 1.56 2.69 2.25
3.34 1.71 2.44 2.15
3.38 1.58 2.68 2.26
3.31 1.53 2.71 2.24
3.25 1.49 2.77 2.26
3.24 1.46 2.77 2.23
3.36 1.61 2.57 2.18
3.43 1.71 2.52 2.23
3.21 1.72 2.63 2.35
3.4 1.56 2.71 2.27
3.29 1.63 2.62 2.25
3.1 1.42 2.79 2.21
3.31 1.65 2.54 2.19
3.29 1.61 2.6 2.21
3.06 1.47 2.92 2.39
3.13 1.45 2.9 2.35
3.26 1.72 2.55 2.27
3.19 1.67 2.65 2.32
3.1 1.56 2.73 2.29
3.29 1.67 2.63 2.3
3.37 1.68 2.54 2.22
3.19 1.48 2.66 2.14
3.34 1.58 2.7 2.28
3.35 1.58 2.67 2.25
3.33 1.63 2.62 2.25
3.28 1.65 2.66 2.31
3.11 1.54 2.7 2.24
3.39 1.58 2.66 2.24
3.33 1.67 2.56 2.23
3.27 1.66 2.6 2.26
3.25 1.44 2.68 2.12
3.3 1.64 2.46 2.1
3.36 1.68 2.58 2.26
3.23 1.64 2.61 2.25
3.47 1.52 2.73 2.25
3.38 1.59 2.66 2.25
3.35 1.64 2.65 2.29
3.39 1.68 2.52 2.2
3.23 1.59 2.66 2.25
3.16 1.48 2.83 2.31
3.31 1.61 2.69 2.3
3.38 1.63 2.53 2.16
3.42 1.68 2.69 2.37
3.25 1.5 2.77 2.27
3.16 1.51 2.74 2.25
3.18 1.67 2.65 2.32
3.24 1.6 2.76 2.36
3.31 1.59 2.7 2.29
3.34 1.66 2.64 2.3
3.37 1.56 2.63 2.19
3.31 1.64 2.59 2.23
3.28 1.51 2.78 2.29
3.38 1.5 2.76 2.26
3.28 1.5 2.77 2.27
3.2 1.56 2.72 2.28
3.11 1.6 2.77 2.37
3.25 1.62 2.73 2.35
3.16 1.53 2.76 2.29
3.29 1.52 2.83 2.35
3.16 1.53 2.68 2.21
3.45 1.6 2.69 2.29
3.14 1.49 2.71 2.2
3.36 1.6 2.57 2.17
3.26 1.59 2.8 2.39
3.32 1.58 2.68 2.26
3.16 1.56 2.8 2.36
3.43 1.63 2.58 2.21
3.34 1.55 2.7 2.25
3.08 1.55 2.76 2.31
3.48 1.69 2.52 2.21
3.26 1.54 2.69 2.23
3.31 1.65 2.65 2.3
3.16 1.5 2.82 2.32
3.4 1.64 2.6 2.24
3.2 1.61 2.61 2.22
3.32 1.56 2.79 2.35
3.18 1.58 2.68 2.26
3.41 1.79 2.46 2.25
3.23 1.49 2.85 2.34
3.28 1.57 2.69 2.26
3.42 1.74 2.49 2.23
3.21 1.6 2.67 2.27
3.27 1.59 2.64 2.23
3.3 1.6 2.63 2.23
3.47 1.63 2.67 2.3
3.49 1.66 2.59 2.25
3.12 1.68 2.64 2.32
3.4 1.6 2.75 2.35
2.95 1.39 2.96 2.35
3.22 1.62 2.71 2.33
3.38 1.68 2.48 2.16
3.24 1.55 2.72 2.27
3.4 1.61 2.7 2.31
3.19 1.44 2.89 2.33
3.32 1.63 2.59 2.22
3.13 1.55 2.71 2.26
3.25 1.51 2.76 2.27
3.2 1.55 2.66 2.21
3.37 1.62 2.54 2.16
3.23 1.56 2.71 2.27
3.27 1.59 2.7 2.29
3.17 1.49 2.75 2.24
3.16 1.68 2.63 2.31
3.31 1.61 2.64 2.25
3.29 1.49 2.85 2.34
3.27 1.58 2.69 2.27
3.32 1.78 2.49 2.27
3.21 1.51 2.79 2.3
3.27 1.69 2.57 2.26
3.11 1.56 2.71 2.27
3.2 1.41 2.9 2.31
3.28 1.69 2.58 2.27
3.4 1.63 2.65 2.28
3.43 1.59 2.75 2.34
3.18 1.57 2.62 2.19
3.41 1.63 2.59 2.22
3.29 1.55 2.79 2.34
3.32 1.69 2.6 2.29
3.21 1.48 2.75 2.23
3.22 1.45 2.78 2.23
3.27 1.55 2.73 2.28
3.22 1.52 2.76 2.28
3.2 1.5 2.72 2.22
3.07 1.5 2.83 2.33
3.33 1.55 2.71 2.26
3.23 1.53 2.72 2.25
3.26 1.69 2.54 2.23
3.34 1.8 2.5 2.3
3.15 1.54 2.82 2.36
3.35 1.65 2.7 2.35
3.21 1.65 2.6 2.25
3.28 1.56 2.71 2.27
3.26 1.51 2.75 2.26
3.17 1.59 2.72 2.31
3.1 1.62 2.67 2.29
3.19 1.75 2.54 2.29
3.25 1.56 2.84 2.4
3.18 1.66 2.65 2.31
3.35 1.56 2.79 2.35
3.28 1.62 2.59 2.21
3.45 1.65 2.69 2.34
3.26 1.68 2.61 2.29
3.18 1.59 2.69 2.28
3.18 1.66 2.71 2.37
3.24 1.58 2.66 2.24
3.17 1.56 2.75 2.31
3.4 1.74 2.5 2.24
3.13 1.42 2.83 2.25
3.34 1.65 2.48 2.13
3.21 1.49 2.88 2.37
3.27 1.55 2.75 2.3
3.13 1.6 2.74 2.34
3.35 1.69 2.58 2.27
3.2 1.57 2.59 2.16
3.32 1.66 2.63 2.29
3.38 1.5 2.74 2.24
3.36 1.62 2.6 2.22
3.27 1.53 2.66 2.19
3.37 1.77 2.5 2.27
3.23 1.63 2.73 2.36
3.29 1.63 2.57 2.2
3.26 1.57 2.64 2.21
3.27 1.56 2.81 2.37
3.26 1.58 2.62 2.2
3.38 1.66 2.59 2.25
3.42 1.65 2.56 2.21
3.35 1.59 2.67 2.26
3.41 1.68 2.6 2.28
3.28 1.6 2.78 2.38
3.23 1.64 2.67 2.31
3.17 1.45 2.8 2.25
3.1 1.44 2.85 2.29
3.26 1.56 2.64 2.2
3.18 1.43 2.79 2.22
3.27 1.63 2.56 2.19
3.33 1.55 2.6 2.15
3.3 1.58 2.73 2.31
3.06 1.53 2.75 2.28
3.34 1.57 2.63 2.2
3.4 1.77 2.59 2.36
3.11 1.47 2.77 2.24
3.31 1.59 2.68 2.27
3.11 1.49 2.85 2.34
3.17 1.43 2.91 2.34
3.3 1.66 2.57 2.23
3.31 1.71 2.59 2.3
3.35 1.66 2.56 2.22
3.22 1.65 2.64 2.29
3.44 1.77 2.44 2.21
3.09 1.58 2.71 2.29
3.25 1.54 2.64 2.18
3.19 1.58 2.73 2.31
3.12 1.54 2.78 2.32
3.19 1.54 2.75 2.29
3.15 1.51 2.67 2.18
3.32 1.72 2.49 2.21
3.21 1.62 2.63 2.25
3.42 1.64 2.54 2.18
3.37 1.68 2.55 2.23
3.23 1.55 2.69 2.24
3.34 1.56 2.66 2.22
3.33 1.6 2.65 2.25
3.32 1.59 2.6 2.19
3.09 1.53 2.71 2.24
3.35 1.65 2.55 2.2
3.38 1.68 2.45 2.13
3.11 1.44 2.79 2.23
3.15 1.56 2.66 2.22
3.31 1.49 2.78 2.27
3.18 1.52 2.73 2.25
3.19 1.58 2.67 2.25
3.34 1.61 2.61 2.22
3.22 1.71 2.64 2.35
3.16 1.65 2.59 2.24
3.16 1.62 2.79 2.41
3.15 1.49 2.85 2.34
3.13 1.44 2.74 2.18
3.28 1.49 2.7 2.19
3.32 1.66 2.63 2.29
3.22 1.57 2.72 2.29
3.19 1.48 2.8 2.28
3.29 1.62 2.65 2.27
3.3 1.5 2.73 2.23
3.35 1.59 2.6 2.19
3.33 1.65 2.62 2.27
3.32 1.77 2.49 2.26
3.31 1.63 2.55 2.18
3.42 1.62 2.55 2.17
3.37 1.6 2.56 2.16
3.26 1.57 2.71 2.28
3.18 1.44 2.84 2.28
3.28 1.7 2.57 2.27
3.09 1.62 2.56 2.18
3.11 1.55 2.83 2.38
3.14 1.52 2.79 2.31
3.31 1.47 2.75 2.22
3.29 1.49 2.77 2.26
3.28 1.7 2.52 2.22
3.47 1.77 2.49 2.26
3.22 1.46 2.89 2.35
3.12 1.59 2.68 2.27
3.14 1.68 2.61 2.29
3.33 1.67 2.57 2.24
3.1 1.44 2.8 2.24
3.15 1.52 2.72 2.24
3.31 1.65 2.64 2.29
3.12 1.57 2.81 2.38
3.31 1.63 2.57 2.2
3.27 1.67 2.63 2.3
3.18 1.51 2.75 2.26
3.28 1.67 2.63 2.3
3.22 1.64 2.61 2.25
3.18 1.65 2.68 2.33
3.08 1.55 2.7 2.25
3.35 1.53 2.72 2.25
3.19 1.58 2.68 2.26
3.37 1.6 2.64 2.24
3.22 1.5 2.68 2.18
3.41 1.63 2.65 2.28
3.29 1.65 2.65 2.3
3.18 1.61 2.77 2.38
3.21 1.61 2.65 2.26
3.37 1.6 2.72 2.32
3.25 1.62 2.66 2.28
3.27 1.56 2.61 2.17
3.28 1.65 2.72 2.37
3.29 1.68 2.58 2.26
3.24 1.72 2.62 2.34
3.38 1.68 2.59 2.27
3.22 1.55 2.71 2.26
3.38 1.57 2.72 2.29
3.19 1.67 2.63 2.3
3.22 1.69 2.57 2.26
3.2 1.53 2.71 2.24
3.15 1.43 2.83 2.26
3.27 1.47 2.74 2.21
3.45 1.87 2.37 2.24
3.27 1.72 2.56 2.28
3.31 1.65 2.61 2.26
3.36 1.66 2.63 2.29
3.29 1.5 2.73 2.23
3.32 1.6 2.62 2.22
3.42 1.64 2.54 2.18
3.25 1.63 2.64 2.27
3.32 1.66 2.54 2.2
3.37 1.63 2.57 2.2
3.19 1.66 2.67 2.33
3.26 1.6 2.59 2.19
3.21 1.6 2.62 2.22
3.47 1.78 2.45 2.23
3.29 1.68 2.58 2.26
3.22 1.61 2.71 2.32
3.23 1.59 2.59 2.18
3.25 1.65 2.57 2.22
3.16 1.43 2.82 2.25
3.21 1.65 2.63 2.28
3.14 1.47 2.89 2.36
3.19 1.61 2.66 2.27
3.39 1.57 2.64 2.21
3.06 1.64 2.62 2.26
3.18 1.47 2.78 2.25
3.52 1.86 2.35 2.21
3.18 1.57 2.8 2.37
3.19 1.68 2.57 2.25
3.08 1.56 2.77 2.33
3.48 1.78 2.53 2.31
3.07 1.57 2.73 2.3
3.22 1.59 2.66 2.25
3.15 1.57 2.73 2.3
3.37 1.61 2.64 2.25
3.36 1.46 2.66 2.12
3.34 1.68 2.55 2.23
3.19 1.64 2.63 2.27
3.29 1.62 2.72 2.34
3.2 1.64 2.66 2.3
3.25 1.47 2.8 2.27
3.37 1.56 2.58 2.14
3.36 1.77 2.54 2.31
3.17 1.5 2.71 2.21
3.3 1.66 2.63 2.29
3.34 1.62 2.55 2.17
3.19 1.57 2.63 2.2
3.38 1.61 2.68 2.29
3.2 1.53 2.73 2.26
3.25 1.82 2.56 2.38
3.26 1.55 2.7 2.25
3.15 1.5 2.78 2.28
3.27 1.53 2.76 2.29
3.45 1.65 2.62 2.27
3.27 1.5 2.67 2.17
3.43 1.65 2.64 2.29
3.14 1.54 2.66 2.2
3.18 1.6 2.72 2.32
3.29 1.51 2.68 2.19
3.16 1.53 2.74 2.27
3.24 1.65 2.63 2.28
3.21 1.56 2.75 2.31
3.3 1.6 2.65 2.25
3.19 1.6 2.69 2.29
3.12 1.44 2.85 2.29
3.19 1.69 2.69 2.38
3.32 1.7 2.65 2.35
3.27 1.59 2.76 2.35
3.4 1.51 2.76 2.27
3.17 1.55 2.74 2.29
3.28 1.74 2.52 2.26
3.1 1.53 2.83 2.36
3.29 1.66 2.56 2.22
3.29 1.6 2.68 2.28
3.4 1.72 2.42 2.14
3.35 1.61 2.68 2.29
3.05 1.6 2.77 2.37
3.27 1.64 2.62 2.26
3.4 1.62 2.63 2.25
3.28 1.66 2.68 2.34
3.16 1.46 2.76 2.22
3.34 1.64 2.65 2.29
3.37 1.56 2.65 2.21
3.47 1.59 2.6 2.19
3.21 1.42 2.82 2.24
3.34 1.68 2.55 2.23
3.18 1.45 2.84 2.29
3.32 1.6 2.62 2.22
3.46 1.7 2.51 2.21
3.36 1.69 2.6 2.29
3.15 1.65 2.61 2.26
3.13 1.55 2.72 2.27
3.33 1.59 2.74 2.33
3.29 1.42 2.79 2.21
3.2 1.61 2.63 2.24
3.37 1.77 2.48 2.25
3.3 1.48 2.74 2.22
3.3 1.69 2.57 2.26
3.22 1.64 2.58 2.22
3.14 1.46 2.79 2.25
3.36 1.74 2.59 2.33
3.32 1.62 2.61 2.23
3.17 1.48 2.79 2.27
3.37 1.78 2.48 2.26
3.32 1.7 2.51 2.21
3.22 1.63 2.69 2.32
3.45 1.73 2.52 2.25
3.29 1.81 2.58 2.39
3.12 1.51 2.79 2.3
3.43 1.68 2.47 2.15
3.41 1.6 2.7 2.3
3.23 1.52 2.72 2.24
3.12 1.52 2.82 2.34
3.09 1.57 2.72 2.29
3.31 1.59 2.6 2.19
3.45 1.67 2.62 2.29
3.16 1.57 2.68 2.25
3.24 1.66 2.6 2.26
3.3 1.52 2.67 2.19
3.16 1.61 2.68 2.29
3.5 1.81 2.37 2.18
3.5 1.66 2.46 2.12
3.04 1.48 2.77 2.25
3.22 1.57 2.68 2.25
3.16 1.55 2.83 2.38
3.27 1.59 2.65 2.24
3.21 1.55 2.66 2.21
3.2 1.57 2.68 2.25
3.32 1.59 2.68 2.27
3.2 1.58 2.73 2.31
3.3 1.76 2.56 2.32
3.29 1.57 2.68 2.25
3.42 1.58 2.68 2.26
3.32 1.59 2.57 2.16
3.55 1.8 2.56 2.36
3.28 1.59 2.7 2.29
3.22 1.6 2.71 2.31
3.35 1.59 2.65 2.24
3.28 1.49 2.74 2.23
3.29 1.63 2.59 2.22
3.33 1.59 2.59 2.18
3.28 1.6 2.65 2.25
3.36 1.71 2.56 2.27
3.27 1.62 2.64 2.26
3.12 1.53 2.75 2.28
3.41 1.61 2.73 2.34
3.22 1.53 2.68 2.21
3.3 1.72 2.56 2.28
3.31 1.5 2.81 2.31
3.23 1.6 2.83 2.43
3.23 1.74 2.59 2.33
3.13 1.56 2.82 2.38
3.2 1.55 2.71 2.26
3.22 1.59 2.66 2.25
3.17 1.57 2.69 2.26
3.2 1.59 2.56 2.15
3.24 1.64 2.69 2.33
3.26 1.65 2.69 2.34
3.32 1.71 2.62 2.33
3.12 1.55 2.71 2.26
3.41 1.61 2.62 2.23
3.25 1.56 2.8 2.36
3.38 1.67 2.52 2.19
3.09 1.55 2.74 2.29
3.23 1.53 2.78 2.31
3.18 1.51 2.74 2.25
3.31 1.55 2.66 2.21
3.35 1.58 2.69 2.27
3.41 1.71 2.56 2.27
3.35 1.67 2.59 2.26
3.4 1.72 2.46 2.18
3.36 1.63 2.59 2.22
3.26 1.64 2.65 2.29
3.37 1.7 2.63 2.33
3.32 1.75 2.57 2.32
3.43 1.76 2.43 2.19
3.39 1.86 2.4 2.26
3.22 1.51 2.68 2.19
3.38 1.62 2.74 2.36
3.13 1.49 2.76 2.25
3.26 1.63 2.58 2.21
3.32 1.79 2.55 2.34
3.37 1.68 2.5 2.18
3.39 1.62 2.61 2.23
3.35 1.69 2.63 2.32
3.25 1.63 2.68 2.31
3.29 1.62 2.67 2.29
3.25 1.56 2.7 2.26
3.29 1.76 2.47 2.23
3.36 1.54 2.78 2.32
3.27 1.73 2.5 2.23
3.41 1.46 2.73 2.19
3.43 1.59 2.63 2.22
3.36 1.76 2.52 2.28
3.17 1.62 2.6 2.22
3.44 1.78 2.53 2.31
3.19 1.67 2.65 2.32
3.13 1.42 2.92 2.34
3.38 1.73 2.57 2.3
3.34 1.65 2.59 2.24
3.22 1.61 2.67 2.28
3.2 1.46 2.77 2.23
3.14 1.46 2.77 2.23
3.32 1.56 2.61 2.17
3.45 1.67 2.56 2.23
3.37 1.81 2.43 2.24
3.18 1.52 2.71 2.23
3.44 1.65 2.53 2.18
3.32 1.68 2.57 2.25
3.27 1.65 2.59 2.24
3.24 1.51 2.8 2.31
3.2 1.62 2.81 2.43
3.12 1.51 2.77 2.28
3.22 1.58 2.65 2.23
3.09 1.34 2.99 2.33
3.2 1.57 2.69 2.26
3.29 1.69 2.71 2.4
3.23 1.64 2.63 2.27
3.25 1.64 2.66 2.3
3.34 1.7 2.56 2.26
3.11 1.48 2.76 2.24
3.23 1.47 2.84 2.31
3.33 1.61 2.63 2.24
3.19 1.49 2.85 2.34
3.41 1.65 2.61 2.26
3.26 1.7 2.73 2.43
3.3 1.61 2.61 2.22
3.35 1.69 2.65 2.34
3.39 1.47 2.68 2.15
3.29 1.68 2.65 2.33
3.31 1.6 2.61 2.21
3.26 1.53 2.8 2.33
3.13 1.47 2.87 2.34
3.37 1.57 2.68 2.25
3.34 1.61 2.6 2.21
3.26 1.53 2.65 2.18
3.21 1.52 2.69 2.21
3.18 1.63 2.72 2.35
3.2 1.71 2.54 2.25
3.12 1.56 2.77 2.33
3.12 1.53 2.81 2.34
3.31 1.65 2.66 2.31
3.3 1.57 2.62 2.19
3.19 1.52 2.77 2.29
3.4 1.83 2.44 2.27
3.32 1.66 2.6 2.26
3.31 1.67 2.64 2.31
3.4 1.74 2.51 2.25
3.26 1.64 2.54 2.18
3.28 1.46 2.78 2.24
3.29 1.74 2.55 2.29
3.27 1.64 2.69 2.33
3.31 1.7 2.54 2.24
3.34 1.51 2.77 2.28
3.29 1.66 2.57 2.23
3.27 1.57 2.74 2.31
3.23 1.58 2.64 2.22
3.25 1.66 2.65 2.31
3.36 1.66 2.59 2.25
3.33 1.63 2.56 2.19
3.38 1.58 2.76 2.34
3.26 1.54 2.66 2.2
3.15 1.57 2.69 2.26
3.2 1.51 2.86 2.37
3.16 1.65 2.65 2.3
3.14 1.57 2.69 2.26
3.29 1.56 2.75 2.31
3.28 1.66 2.62 2.28
3.08 1.42 2.92 2.34
3.31 1.59 2.54 2.13
3.32 1.61 2.64 2.25
3.2 1.65 2.59 2.24
3.26 1.59 2.62 2.21
3.23 1.62 2.65 2.27
3.21 1.5 2.8 2.3
3.35 1.6 2.67 2.27
3.28 1.61 2.65 2.26
3.29 1.56 2.7 2.26
3.38 1.56 2.56 2.12
3.22 1.55 2.75 2.3
3.38 1.73 2.5 2.23
3.19 1.63 2.66 2.29
3.35 1.59 2.65 2.24
3.27 1.58 2.71 2.29
3.18 1.63 2.62 2.25
3.43 1.63 2.58 2.21
3.32 1.51 2.77 2.28
3.17 1.55 2.77 2.32
3.31 1.5 2.69 2.19
3.43 1.81 2.43 2.24
3.37 1.67 2.57 2.24
3.13 1.59 2.73 2.32
3.32 1.66 2.58 2.24
3.09 1.46 2.87 2.33
3.25 1.57 2.66 2.23
3.24 1.63 2.72 2.35
3.27 1.48 2.73 2.21
3.24 1.75 2.53 2.28
3.07 1.5 2.85 2.35
3.26 1.61 2.72 2.33
3.2 1.55 2.67 2.22
3.31 1.69 2.58 2.27
3.4 1.66 2.51 2.17
3.34 1.6 2.73 2.33
3.25 1.66 2.65 2.31
3.46 1.75 2.54 2.29
3.22 1.48 2.83 2.31
3.33 1.55 2.66 2.21
3.33 1.61 2.65 2.26
3.28 1.53 2.75 2.28
3.23 1.66 2.56 2.22
3.28 1.52 2.77 2.29
3.2 1.63 2.63 2.26
3.09 1.55 2.78 2.33
3.25 1.7 2.56 2.26
3.4 1.79 2.48 2.27
3.3 1.5 2.81 2.31
3.25 1.72 2.68 2.4
3.2 1.49 2.76 2.25
3.23 1.54 2.62 2.16
3.3 1.52 2.74 2.26
3.34 1.68 2.56 2.24
3.32 1.67 2.62 2.29
3.27 1.61 2.69 2.3
3.28 1.57 2.73 2.3
3.18 1.5 2.8 2.3
3.19 1.56 2.7 2.26
3.4 1.88 2.46 2.34
3.35 1.72 2.52 2.24
3.12 1.45 2.67 2.12
3.37 1.62 2.68 2.3
3.28 1.66 2.57 2.23
3.26 1.54 2.73 2.27
3.41 1.62 2.62 2.24
3.01 1.48 2.78 2.26
3.32 1.83 2.47 2.3
3.32 1.73 2.62 2.35
3.3 1.68 2.57 2.25
3.33 1.62 2.69 2.31
3.32 1.75 2.54 2.29
3.39 1.67 2.66 2.33
3.28 1.6 2.63 2.23
3.27 1.59 2.69 2.28
3.43 1.76 2.49 2.25
3.16 1.6 2.68 2.28
3.23 1.48 2.82 2.3
3.33 1.66 2.58 2.24
3.27 1.56 2.68 2.24
3.39 1.67 2.57 2.24
3.33 1.72 2.58 2.3
3.18 1.56 2.77 2.33
3.15 1.47 2.78 2.25
3.44 1.7 2.62 2.32
3.31 1.52 2.72 2.24
3.28 1.64 2.62 2.26
3.19 1.58 2.62 2.2
3.21 1.64 2.68 2.32
3.34 1.65 2.52 2.17
3.22 1.53 2.76 2.29
3.22 1.5 2.74 2.24
3.17 1.62 2.61 2.23
3.23 1.69 2.51 2.2
3.29 1.66 2.53 2.19
3.32 1.61 2.6 2.21
3.41 1.68 2.53 2.21
3.39 1.66 2.71 2.37
3.38 1.58 2.72 2.3
3.24 1.53 2.72 2.25
3.18 1.51 2.71 2.22
3.34 1.59 2.64 2.23
3.31 1.53 2.73 2.26
3.25 1.52 2.7 2.22
3.38 1.55 2.6 2.15
3.15 1.51 2.7 2.21
3.17 1.41 2.9 2.31
3.24 1.59 2.63 2.22
3.34 1.55 2.82 2.37
3.38 1.58 2.69 2.27
3.3 1.53 2.72 2.25
3.27 1.65 2.59 2.24
3.23 1.65 2.61 2.26
3.32 1.57 2.68 2.25
3.31 1.62 2.58 2.2
3.29 1.63 2.64 2.27
3.27 1.6 2.62 2.22
3.3 1.67 2.61 2.28
3.24 1.6 2.73 2.33
3.06 1.45 2.85 2.3
3.29 1.56 2.74 2.3
3.11 1.5 2.72 2.22
3.22 1.56 2.82 2.38
3.32 1.55 2.65 2.2
3.31 1.77 2.41 2.18
3.31 1.7 2.57 2.27
3.38 1.72 2.5 2.22
3.18 1.47 2.78 2.25
3.36 1.7 2.52 2.22
3.3 1.56 2.77 2.33
3.4 1.7 2.56 2.26
3.27 1.58 2.76 2.34
3.28 1.65 2.6 2.25
3.34 1.7 2.57 2.27
3.27 1.48 2.76 2.24
3.39 1.76 2.45 2.21
3.25 1.64 2.64 2.28
3.36 1.77 2.48 2.25
3.27 1.54 2.78 2.32
3.36 1.68 2.49 2.17
3.21 1.53 2.74 2.27
3.15 1.69 2.68 2.37
3.27 1.58 2.69 2.27
3.18 1.6 2.61 2.21
3.3 1.54 2.79 2.33
3.13 1.53 2.68 2.21
3.33 1.64 2.68 2.32
3.27 1.66 2.64 2.3
3.34 1.64 2.5 2.14
3.34 1.6 2.66 2.26
3.24 1.59 2.71 2.3
3.01 1.41 2.9 2.31
3.14 1.56 2.6 2.16
3.29 1.46 2.88 2.34
2.94 1.5 2.85 2.35
3.36 1.61 2.64 2.25
3.14 1.53 2.81 2.34
3.34 1.68 2.6 2.28
3.18 1.51 2.87 2.38
3.45 1.77 2.5 2.27
3.32 1.61 2.54 2.15
3.25 1.64 2.57 2.21
3.25 1.65 2.63 2.28
3.18 1.56 2.68 2.24
3.25 1.51 2.7 2.21
3.24 1.51 2.81 2.32
3.35 1.63 2.63 2.26
3.14 1.48 2.84 2.32
3.17 1.53 2.7 2.23
3.43 1.76 2.52 2.28
3.42 1.6 2.7 2.3
3.22 1.67 2.61 2.28
3.29 1.49 2.86 2.35
3.18 1.44 2.87 2.31
3.19 1.59 2.75 2.34
3.3 1.62 2.7 2.32
3.39 1.71 2.62 2.33
3.32 1.65 2.69 2.34
3.31 1.49 2.84 2.33
3.2 1.57 2.68 2.25
3.28 1.7 2.56 2.26
3.3 1.63 2.58 2.21
3.27 1.68 2.67 2.35
3.49 1.74 2.63 2.37
3.19 1.57 2.62 2.19
3.19 1.46 2.8 2.26
3.24 1.6 2.64 2.24
3.31 1.48 2.68 2.16
3.32 1.6 2.68 2.28
3.17 1.53 2.66 2.19
3.34 1.69 2.53 2.22
3.23 1.66 2.65 2.31
3.21 1.63 2.66 2.29
3.31 1.62 2.64 2.26
3.28 1.6 2.72 2.32
3.27 1.53 2.68 2.21
3.22 1.66 2.61 2.27
3.26 1.68 2.56 2.24
3.17 1.65 2.6 2.25
3.41 1.62 2.55 2.17
3.24 1.5 2.71 2.21
3.11 1.62 2.77 2.39
3.41 1.62 2.6 2.22
3.33 1.7 2.56 2.26
3.42 1.56 2.71 2.27
3.28 1.63 2.63 2.26
3.16 1.52 2.73 2.25
3.23 1.64 2.63 2.27
3.26 1.5 2.74 2.24
3.25 1.62 2.57 2.19
3.18 1.55 2.63 2.18
3.29 1.59 2.67 2.26
3.2 1.59 2.72 2.31
3.27 1.67 2.68 2.35
3.35 1.65 2.58 2.23
3.37 1.61 2.6 2.21
3.28 1.53 2.7 2.23
3.28 1.71 2.55 2.26
3.25 1.71 2.57 2.28
3.3 1.76 2.54 2.3
3.4 1.71 2.55 2.26
3.26 1.5 2.76 2.26
3.22 1.69 2.66 2.35
3.09 1.56 2.86 2.42
3.27 1.54 2.72 2.26
3.23 1.51 2.67 2.18
3.24 1.62 2.63 2.25
3.17 1.54 2.72 2.26
3.16 1.53 2.77 2.3
3.22 1.67 2.68 2.35
3.36 1.76 2.58 2.34
3.19 1.58 2.66 2.24
3.32 1.62 2.58 2.2
3.32 1.6 2.68 2.28
3.34 1.62 2.63 2.25
3.14 1.58 2.69 2.27
3.36 1.66 2.6 2.26
3.33 1.6 2.58 2.18
3.21 1.55 2.81 2.36
3.4 1.57 2.76 2.33
3.37 1.65 2.58 2.23
3.29 1.64 2.7 2.34
3.37 1.46 2.82 2.28
3.14 1.6 2.65 2.25
3.32 1.58 2.66 2.24
3.35 1.76 2.56 2.32
3.19 1.65 2.57 2.22
3.23 1.69 2.58 2.27
3.11 1.45 2.9 2.35
3.33 1.59 2.72 2.31
3.29 1.61 2.6 2.21
3.24 1.61 2.61 2.22
3.07 1.46 2.79 2.25
3.08 1.6 2.68 2.28
3.36 1.68 2.69 2.37
3.22 1.56 2.71 2.27
3.27 1.49 2.91 2.4
3.26 1.45 2.79 2.24
3.37 1.64 2.61 2.25
3.41 1.67 2.54 2.21
3.41 1.65 2.55 2.2
3.41 1.62 2.69 2.31
3.2 1.62 2.66 2.28
3.32 1.54 2.73 2.27
3.23 1.6 2.75 2.35
3.29 1.67 2.64 2.31
3.1 1.52 2.85 2.37
3.2 1.46 2.78 2.24
3.29 1.59 2.66 2.25
3.09 1.47 2.92 2.39
3.32 1.63 2.62 2.25
3.35 1.61 2.69 2.3
3.18 1.63 2.68 2.31
3.19 1.51 2.73 2.24
3.27 1.58 2.66 2.24
3.34 1.61 2.61 2.22
3.29 1.62 2.67 2.29
3.21 1.53 2.71 2.24
3.15 1.49 2.81 2.3
3.12 1.59 2.67 2.26
3.42 1.6 2.59 2.19
3.28 1.65 2.56 2.21
3.37 1.74 2.57 2.31
3.16 1.58 2.75 2.33
3.23 1.56 2.73 2.29
3.35 1.6 2.67 2.27
3.13 1.49 2.86 2.35
3.17 1.61 2.63 2.24
3.31 1.49 2.72 2.21
3.33 1.61 2.62 2.23
3.13 1.38 2.92 2.3
3.1 1.44 2.88 2.32
3.27 1.57 2.71 2.28
3.22 1.55 2.65 2.2
3.22 1.58 2.67 2.25
3.25 1.57 2.69 2.26
3.25 1.62 2.75 2.37
3.18 1.63 2.66 2.29
3.42 1.65 2.66 2.31
3.27 1.6 2.69 2.29
3.24 1.58 2.73 2.31
3.33 1.64 2.58 2.22
3.39 1.59 2.58 2.17
3.32 1.6 2.63 2.23
3.37 1.51 2.68 2.19
3.12 1.57 2.65 2.22
3.27 1.63 2.64 2.27
3.34 1.68 2.54 2.22
3.07 1.5 2.8 2.3
3.17 1.5 2.72 2.22
3.43 1.73 2.47 2.2
3.3 1.52 2.68 2.2
3.19 1.59 2.86 2.45
3.18 1.6 2.64 2.24
3.17 1.54 2.76 2.3
3.3 1.66 2.56 2.22
3.35 1.67 2.61 2.28
3.28 1.71 2.58 2.29
3.4 1.52 2.66 2.18
3.24 1.55 2.72 2.27
3.26 1.67 2.56 2.23
3.12 1.7 2.51 2.21
2.92 1.36 2.89 2.25
3.52 1.72 2.6 2.32
3.31 1.6 2.64 2.24
3.32 1.61 2.75 2.36
3.28 1.72 2.56 2.28
3.27 1.58 2.67 2.25
3.17 1.57 2.76 2.33
3.49 1.64 2.6 2.24
3.37 1.85 2.37 2.22
3.11 1.49 2.82 2.31
3.29 1.62 2.61 2.23
3.06 1.56 2.68 2.24
3.27 1.61 2.67 2.28
3.35 1.66 2.57 2.23
3.23 1.53 2.78 2.31
3.42 1.67 2.57 2.24
3.25 1.56 2.62 2.18
3.4 1.69 2.53 2.22
3.39 1.48 2.75 2.23
3.22 1.57 2.67 2.24
3.4 1.66 2.66 2.32
3.25 1.68 2.62 2.3
3.36 1.7 2.57 2.27
3.24 1.53 2.71 2.24
3.27 1.64 2.57 2.21
3.19 1.57 2.73 2.3
3.1 1.46 2.81 2.27
3.21 1.56 2.69 2.25
3.23 1.58 2.74 2.32
3.24 1.57 2.65 2.22
3.26 1.56 2.76 2.32
3.24 1.54 2.82 2.36
3.28 1.61 2.67 2.28
3.14 1.64 2.77 2.41
3.46 1.64 2.62 2.26
3.22 1.64 2.65 2.29
3.26 1.59 2.68 2.27
3.24 1.62 2.64 2.26
3.35 1.69 2.66 2.35
3.3 1.67 2.61 2.28
3.08 1.47 2.76 2.23
3.25 1.68 2.67 2.35
3.08 1.47 2.79 2.26
3.34 1.5 2.79 2.29
3.32 1.73 2.53 2.26
3.4 1.62 2.64 2.26
3.28 1.44 2.71 2.15
3.34 1.62 2.64 2.26
3.23 1.66 2.64 2.3
3.55 1.74 2.53 2.27
3.16 1.67 2.62 2.29
3.12 1.55 2.69 2.24
3.42 1.84 2.37 2.21
3.34 1.61 2.67 2.28
3.43 1.61 2.65 2.26
3.23 1.47 2.87 2.34
3.31 1.57 2.66 2.23
3.23 1.58 2.67 2.25
3.25 1.62 2.64 2.26
3.36 1.62 2.51 2.13
3.29 1.59 2.59 2.18
3.4 1.65 2.67 2.32
3.21 1.59 2.6 2.19
3.43 1.64 2.58 2.22
3.33 1.71 2.55 2.26
3.17 1.59 2.77 2.36
3.38 1.82 2.52 2.34
3.32 1.68 2.52 2.2
3.3 1.6 2.63 2.23
3.1 1.64 2.71 2.35
3.29 1.41 2.86 2.27
3.28 1.57 2.64 2.21
3.42 1.63 2.55 2.18
3.32 1.52 2.73 2.25
3.34 1.61 2.64 2.25
3.37 1.59 2.68 2.27
3.3 1.56 2.62 2.18
3.29 1.65 2.63 2.28
3.32 1.58 2.65 2.23
3.38 1.58 2.58 2.16
3.18 1.53 2.68 2.21
3.26 1.58 2.69 2.27
3.23 1.52 2.78 2.3
3.31 1.66 2.54 2.2
3.09 1.54 2.79 2.33
3.41 1.56 2.61 2.17
3.16 1.66 2.67 2.33
3.26 1.59 2.69 2.28
3.32 1.62 2.66 2.28
3.21 1.61 2.64 2.25
3.21 1.64 2.61 2.25
3.1 1.63 2.76 2.39
3.35 1.65 2.65 2.3
3.42 1.65 2.65 2.3
3.16 1.48 2.83 2.31
3.17 1.58 2.74 2.32
3.24 1.5 2.77 2.27
3.27 1.45 2.82 2.27
3.19 1.53 2.78 2.31
3.19 1.55 2.77 2.32
3.31 1.57 2.77 2.34
3.29 1.47 2.81 2.28
3.35 1.65 2.59 2.24
3.28 1.47 2.77 2.24
3.03 1.56 2.8 2.36
3.12 1.56 2.71 2.27
3.28 1.63 2.72 2.35
3.29 1.57 2.72 2.29
3.04 1.56 2.78 2.34
3.36 1.62 2.63 2.25
3.42 1.74 2.5 2.24
3.25 1.48 2.81 2.29
3.28 1.57 2.68 2.25
3.3 1.7 2.64 2.34
3.3 1.69 2.64 2.33
3.35 1.6 2.66 2.26
3.19 1.48 2.79 2.27
3.23 1.6 2.67 2.27
3.2 1.56 2.71 2.27
3.22 1.68 2.63 2.31
3.4 1.55 2.72 2.27
3.14 1.52 2.84 2.36
3.25 1.47 2.75 2.22
3.38 1.71 2.56 2.27
3.34 1.83 2.38 2.21
3.25 1.61 2.72 2.33
3.17 1.68 2.67 2.35
3.33 1.77 2.51 2.28
3.26 1.61 2.69 2.3
3.2 1.46 2.86 2.32
3.1 1.57 2.73 2.3
3.28 1.57 2.67 2.24
3.35 1.57 2.69 2.26
3.44 1.66 2.54 2.2
3.53 1.77 2.47 2.24
3.44 1.77 2.5 2.27
3.29 1.61 2.71 2.32
3.23 1.49 2.8 2.29
3.34 1.7 2.52 2.22
3.26 1.71 2.57 2.28
3.26 1.64 2.57 2.21
3.47 1.58 2.62 2.2
3.37 1.74 2.56 2.3
3.34 1.51 2.73 2.24
3.32 1.73 2.46 2.19
3.4 1.71 2.5 2.21
3.09 1.58 2.69 2.27
3.32 1.58 2.67 2.25
3.33 1.65 2.72 2.37
3.24 1.58 2.59 2.17
3.37 1.58 2.59 2.17
3.41 1.64 2.7 2.34
3.36 1.7 2.45 2.15
3.28 1.78 2.48 2.26
3.31 1.56 2.67 2.23
3.13 1.61 2.67 2.28
3.37 1.58 2.68 2.26
3.1 1.5 2.72 2.22
3.39 1.72 2.5 2.22
3.46 1.64 2.65 2.29
3.23 1.67 2.61 2.28
3.34 1.74 2.53 2.27
3.15 1.52 2.59 2.11
3.35 1.55 2.69 2.24
3.21 1.47 2.81 2.28
3.42 1.73 2.58 2.31
3.25 1.37 2.94 2.31
3.31 1.67 2.57 2.24
3.37 1.53 2.73 2.26
3.31 1.6 2.62 2.22
3.41 1.64 2.57 2.21
3.34 1.72 2.48 2.2
3.26 1.72 2.66 2.38
3.34 1.67 2.5 2.17
3.29 1.56 2.77 2.33
3.4 1.54 2.63 2.17
3.34 1.55 2.7 2.25
3.32 1.48 2.79 2.27
3.33 1.63 2.63 2.26
3.01 1.36 3.01 2.37
3.15 1.59 2.75 2.34
3.19 1.58 2.68 2.26
3.21 1.58 2.76 2.34
3.27 1.54 2.64 2.18
3.26 1.65 2.63 2.28
3.24 1.59 2.66 2.25
3.21 1.55 2.75 2.3
3.13 1.42 2.92 2.34
3.24 1.61 2.64 2.25
3.43 1.67 2.54 2.21
3.17 1.54 2.75 2.29
3.1 1.49 2.81 2.3
3.36 1.63 2.58 2.21
3.26 1.6 2.67 2.27
3.26 1.66 2.65 2.31
3.22 1.71 2.59 2.3
3.32 1.64 2.5 2.14
3.34 1.58 2.79 2.37
3.21 1.73 2.53 2.26
3.14 1.5 2.81 2.31
3.29 1.68 2.71 2.39
3.24 1.51 2.65 2.16
3.15 1.49 2.81 2.3
3.42 1.77 2.41 2.18
3.26 1.73 2.47 2.2
3.24 1.49 2.75 2.24
3.15 1.56 2.68 2.24
3.29 1.67 2.61 2.28
3.21 1.44 2.82 2.26
3.33 1.46 2.76 2.22
3.41 1.56 2.64 2.2
3.33 1.65 2.72 2.37
3.32 1.43 2.81 2.24
3.35 1.67 2.49 2.16
3.16 1.49 2.77 2.26
3.42 1.75 2.53 2.28
3.11 1.52 2.63 2.15
3.4 1.75 2.52 2.27
3.3 1.63 2.66 2.29
3.17 1.51 2.69 2.2
3.31 1.55 2.71 2.26
3.31 1.6 2.69 2.29
3.25 1.61 2.7 2.31
3.25 1.63 2.61 2.24
3.33 1.69 2.62 2.31
3.45 1.62 2.63 2.25
3.23 1.57 2.7 2.27
3.07 1.46 2.81 2.27
3.25 1.7 2.49 2.19
3.29 1.44 2.8 2.24
3.17 1.6 2.68 2.28
3.28 1.56 2.69 2.25
3.19 1.63 2.61 2.24
3.31 1.59 2.69 2.28
3.24 1.49 2.82 2.31
3.32 1.66 2.57 2.23
3.16 1.55 2.8 2.35
3.27 1.66 2.68 2.34
3.44 1.74 2.56 2.3
3.3 1.62 2.68 2.3
3.11 1.51 2.82 2.33
3.23 1.59 2.7 2.29
3.22 1.54 2.65 2.19
3.26 1.61 2.71 2.32
3.34 1.67 2.68 2.35
3.22 1.55 2.77 2.32
3.17 1.49 2.76 2.25
3.3 1.75 2.56 2.31
3.32 1.51 2.62 2.13
3.29 1.64 2.7 2.34
3.24 1.58 2.62 2.2
3.23 1.57 2.74 2.31
3.23 1.59 2.69 2.28
3.12 1.52 2.81 2.33
3.4 1.71 2.54 2.25
3.39 1.65 2.65 2.3
3.28 1.58 2.71 2.29
3.33 1.54 2.72 2.26
3.16 1.66 2.74 2.4
3.22 1.48 2.69 2.17
3.27 1.61 2.72 2.33
3.25 1.55 2.69 2.24
3.36 1.67 2.61 2.28
3.21 1.57 2.7 2.27
3.15 1.68 2.58 2.26
3.36 1.62 2.67 2.29
3.36 1.8 2.45 2.25
3.18 1.52 2.85 2.37
3.28 1.67 2.7 2.37
3.31 1.62 2.62 2.24
3.15 1.59 2.67 2.26
3.21 1.45 2.83 2.28
3.13 1.6 2.69 2.29
3.23 1.5 2.68 2.18
3.4 1.64 2.63 2.27
3.35 1.75 2.53 2.28
3.22 1.6 2.72 2.32
3.16 1.62 2.69 2.31
3.3 1.66 2.5 2.16
3.24 1.71 2.63 2.34
3.32 1.62 2.64 2.26
3.39 1.59 2.6 2.19
3.15 1.54 2.76 2.3
3.18 1.54 2.83 2.37
3.3 1.58 2.65 2.23
3.33 1.49 2.66 2.15
3.2 1.63 2.77 2.4
3.21 1.62 2.62 2.24
3.34 1.69 2.65 2.34
3.15 1.54 2.71 2.25
3.32 1.69 2.57 2.26
3.28 1.69 2.52 2.21
3.17 1.47 2.75 2.22
3.34 1.59 2.61 2.2
3.38 1.62 2.7 2.32
3.35 1.57 2.63 2.2
3.34 1.65 2.58 2.23
3.28 1.5 2.75 2.25
3.33 1.56 2.62 2.18
3.31 1.74 2.54 2.28
3.3 1.61 2.71 2.32
3.29 1.64 2.78 2.42
3.17 1.65 2.52 2.17
3.3 1.52 2.78 2.3
3.33 1.54 2.68 2.22
3.21 1.54 2.66 2.2
3.3 1.49 2.72 2.21
3.19 1.5 2.73 2.23
3.21 1.47 2.77 2.24
3.19 1.61 2.61 2.22
3.28 1.6 2.62 2.22
3.33 1.64 2.7 2.34
3.06 1.56 2.75 2.31
3.21 1.65 2.59 2.24
3.31 1.64 2.58 2.22
3.36 1.61 2.65 2.26
3.22 1.63 2.75 2.38
3.33 1.61 2.7 2.31
3.36 1.63 2.63 2.26
3.19 1.62 2.67 2.29
3.16 1.46 2.87 2.33
3.16 1.51 2.72 2.23
3.22 1.5 2.77 2.27
3.32 1.71 2.56 2.27
3.25 1.66 2.52 2.18
3.23 1.67 2.62 2.29
3.37 1.71 2.59 2.3
3.29 1.66 2.61 2.27
3.3 1.58 2.67 2.25
3.26 1.59 2.63 2.22
3.27 1.56 2.56 2.12
3.14 1.55 2.78 2.33
3.13 1.61 2.75 2.36
3.09 1.6 2.75 2.35
3.13 1.52 2.79 2.31
3.28 1.67 2.59 2.26
3.31 1.6 2.58 2.18
3.22 1.58 2.76 2.34
3.28 1.6 2.63 2.23
3.43 1.73 2.5 2.23
3.36 1.78 2.52 2.3
3.32 1.66 2.57 2.23
3.34 1.51 2.71 2.22
3.35 1.62 2.58 2.2
3.24 1.53 2.76 2.29
3.18 1.64 2.66 2.3
3.4 1.62 2.57 2.19
3.21 1.65 2.63 2.28
3.24 1.48 2.8 2.28
3.34 1.64 2.63 2.27
3.31 1.58 2.66 2.24
3.24 1.59 2.73 2.32
3.24 1.47 2.89 2.36
3.38 1.48 2.77 2.25
3.12 1.59 2.69 2.28
3.26 1.7 2.59 2.29
3.37 1.63 2.65 2.28
3.19 1.57 2.63 2.2
3.34 1.62 2.69 2.31
3.34 1.66 2.62 2.28
3.2 1.57 2.64 2.21
3.34 1.76 2.63 2.39
3.38 1.68 2.57 2.25
3.13 1.57 2.71 2.28
3.38 1.62 2.47 2.09
3.23 1.6 2.66 2.26
3.29 1.57 2.68 2.25
3.4 1.74 2.56 2.3
3.27 1.54 2.86 2.4
3.34 1.68 2.59 2.27
3.29 1.61 2.7 2.31
3.32 1.72 2.56 2.28
3.26 1.48 2.73 2.21
3.36 1.73 2.5 2.23
3.35 1.6 2.63 2.23
3.33 1.57 2.73 2.3
3.16 1.63 2.72 2.35
3.33 1.57 2.73 2.3
3.3 1.63 2.68 2.31
3.3 1.64 2.6 2.24
3.16 1.57 2.83 2.4
3.17 1.53 2.68 2.21
3.08 1.56 2.68 2.24
3.19 1.53 2.71 2.24
3.19 1.58 2.76 2.34
3.34 1.65 2.59 2.24
3.18 1.61 2.73 2.34
3.14 1.57 2.74 2.31
3.28 1.5 2.85 2.35
3.19 1.47 2.7 2.17
3.15 1.59 2.7 2.29
3.48 1.78 2.46 2.24
3.3 1.62 2.64 2.26
3.26 1.51 2.88 2.39
3.44 1.59 2.65 2.24
3.28 1.64 2.64 2.28
3.27 1.64 2.62 2.26
3.17 1.59 2.69 2.28
3.23 1.56 2.79 2.35
3.2 1.57 2.76 2.33
3.17 1.6 2.81 2.41
3.36 1.62 2.55 2.17
3.43 1.66 2.48 2.14
3.51 1.65 2.57 2.22
3.26 1.47 2.79 2.26
3.32 1.63 2.71 2.34
3.17 1.53 2.71 2.24
3.23 1.59 2.68 2.27
3.24 1.59 2.61 2.2
3.21 1.62 2.64 2.26
3.23 1.54 2.77 2.31
3.26 1.63 2.69 2.32
3.28 1.58 2.76 2.34
3.3 1.53 2.67 2.2
3.33 1.78 2.48 2.26
3.4 1.54 2.78 2.32
3.34 1.63 2.58 2.21
3.17 1.51 2.74 2.25
3.21 1.54 2.8 2.34
3.17 1.43 2.92 2.35
3.24 1.61 2.59 2.2
3.36 1.72 2.54 2.26
3.1 1.61 2.63 2.24
3.03 1.44 2.9 2.34
3.21 1.56 2.68 2.24
3.34 1.75 2.53 2.28
3.43 1.76 2.42 2.18
3.28 1.58 2.76 2.34
3.35 1.68 2.6 2.28
3.03 1.58 2.67 2.25
3.28 1.62 2.72 2.34
3.24 1.54 2.74 2.28
3.37 1.63 2.56 2.19
3.25 1.5 2.81 2.31
3.34 1.67 2.58 2.25
3.45 1.74 2.52 2.26
3.29 1.5 2.82 2.32
3.2 1.57 2.66 2.23
3.35 1.8 2.57 2.37
3.22 1.66 2.63 2.29
3.18 1.54 2.81 2.35
3.36 1.68 2.58 2.26
3.38 1.65 2.57 2.22
3.2 1.45 2.77 2.22
3.34 1.55 2.77 2.32
3.14 1.44 2.74 2.18
3.24 1.56 2.66 2.22
3.37 1.65 2.59 2.24
3.18 1.46 2.76 2.22
3.45 1.55 2.67 2.22
3.28 1.61 2.72 2.33
3.28 1.62 2.63 2.25
3.21 1.56 2.65 2.21
3.23 1.51 2.82 2.33
3.32 1.74 2.55 2.29
3.29 1.5 2.68 2.18
3.19 1.61 2.7 2.31
3.25 1.61 2.55 2.16
3.26 1.63 2.69 2.32
3.19 1.55 2.63 2.18
3.24 1.54 2.67 2.21
3.25 1.64 2.69 2.33
3.25 1.55 2.7 2.25
3.31 1.66 2.53 2.19
3.26 1.71 2.58 2.29
3.27 1.69 2.57 2.26
3.33 1.55 2.69 2.24
3.19 1.75 2.63 2.38
3.21 1.62 2.68 2.3
3.08 1.45 2.87 2.32
3.31 1.63 2.69 2.32
3.38 1.64 2.67 2.31
3.21 1.61 2.73 2.34
3.13 1.53 2.62 2.15
3.08 1.5 2.89 2.39
3.23 1.44 2.84 2.28
3.35 1.69 2.49 2.18
3.31 1.38 2.91 2.29
3.26 1.6 2.68 2.28
3.12 1.58 2.75 2.33
3.26 1.53 2.75 2.28
3.26 1.65 2.62 2.27
3.08 1.48 2.83 2.31
3.2 1.68 2.53 2.21
3.42 1.58 2.49 2.07
3.15 1.54 2.73 2.27
3.08 1.51 2.76 2.27
3.28 1.6 2.55 2.15
3.29 1.56 2.66 2.22
3.08 1.5 2.7 2.2
3.16 1.49 2.83 2.32
3.12 1.44 2.91 2.35
3.3 1.62 2.72 2.34
3.33 1.85 2.54 2.39
3.17 1.65 2.54 2.19
3.37 1.75 2.49 2.24
3.19 1.54 2.75 2.29
3.39 1.67 2.57 2.24
3.26 1.67 2.58 2.25
3.27 1.7 2.58 2.28
3.17 1.41 2.91 2.32
3.32 1.53 2.74 2.27
3.29 1.61 2.64 2.25
3.22 1.5 2.78 2.28
3.27 1.55 2.7 2.25
3.36 1.59 2.77 2.36
3.26 1.66 2.66 2.32
3.21 1.64 2.7 2.34
3.27 1.59 2.59 2.18
3.31 1.63 2.57 2.2
3.22 1.55 2.69 2.24
3.18 1.58 2.6 2.18
3.3 1.64 2.62 2.26
3.27 1.51 2.7 2.21
3.29 1.58 2.63 2.21
3.09 1.63 2.64 2.27
3.25 1.55 2.75 2.3
3.3 1.71 2.6 2.31
3.22 1.61 2.65 2.26
3.16 1.49 2.82 2.31
3.18 1.6 2.71 2.31
3.26 1.55 2.64 2.19
3.15 1.6 2.65 2.25
3.15 1.51 2.79 2.3
3.2 1.57 2.72 2.29
3.28 1.56 2.66 2.22
3.18 1.63 2.62 2.25
3.13 1.68 2.6 2.28
3.42 1.72 2.52 2.24
3.38 1.53 2.57 2.1
3.05 1.67 2.72 2.39
3.29 1.62 2.59 2.21
3.28 1.68 2.55 2.23
3.28 1.67 2.6 2.27
3.19 1.57 2.62 2.19
3.26 1.54 2.68 2.22
3.18 1.65 2.74 2.39
3.32 1.6 2.64 2.24
3.32 1.65 2.62 2.27
3.21 1.58 2.72 2.3
3.34 1.57 2.78 2.35
3.26 1.58 2.76 2.34
3.16 1.48 2.76 2.24
3.15 1.64 2.68 2.32
3.38 1.66 2.58 2.24
3.36 1.67 2.59 2.26
3.37 1.7 2.66 2.36
3.17 1.55 2.74 2.29
3.31 1.53 2.67 2.2
3.27 1.59 2.64 2.23
3.24 1.65 2.59 2.24
3.14 1.5 2.82 2.32
3.34 1.71 2.63 2.34
3.11 1.45 2.88 2.33
3.17 1.72 2.66 2.38
3.28 1.72 2.55 2.27
3.2 1.56 2.66 2.22
3.14 1.46 2.8 2.26
3.24 1.51 2.76 2.27
3.19 1.59 2.69 2.28
3.4 1.68 2.6 2.28
3.25 1.53 2.69 2.22
3.5 1.72 2.49 2.21
3.14 1.64 2.59 2.23
3.07 1.54 2.79 2.33
3.46 1.58 2.59 2.17
3.23 1.55 2.78 2.33
3.33 1.64 2.58 2.22
3.39 1.75 2.47 2.22
3.32 1.59 2.65 2.24
3.27 1.5 2.76 2.26
3.33 1.65 2.56 2.21
3.14 1.49 2.78 2.27
3.3 1.68 2.58 2.26
3.31 1.56 2.78 2.34
3.04 1.38 2.91 2.29
3.32 1.76 2.53 2.29
3.24 1.56 2.76 2.32
3.11 1.49 2.78 2.27
3.13 1.53 2.8 2.33
3.53 1.82 2.52 2.34
3.18 1.56 2.68 2.24
3.29 1.53 2.78 2.31
3.23 1.64 2.58 2.22
3.39 1.67 2.57 2.24
3.26 1.62 2.61 2.23
3.29 1.5 2.73 2.23
3.29 1.57 2.7 2.27
3.16 1.67 2.67 2.34
3.14 1.53 2.81 2.34
3.14 1.49 2.71 2.2
3.17 1.47 2.8 2.27
3.24 1.56 2.73 2.29
3.32 1.59 2.69 2.28
3.28 1.51 2.73 2.24
3.15 1.64 2.63 2.27
3.28 1.71 2.53 2.24
3.4 1.58 2.64 2.22
3.2 1.7 2.58 2.28
3.28 1.61 2.6 2.21
3.28 1.59 2.68 2.27
3.22 1.58 2.7 2.28
3.3 1.52 2.77 2.29
3.17 1.51 2.81 2.32
3.15 1.58 2.69 2.27
3.3 1.59 2.66 2.25
3.32 1.54 2.67 2.21
3.31 1.66 2.61 2.27
3.28 1.59 2.71 2.3
3.43 1.84 2.36 2.2
3.17 1.58 2.67 2.25
3.33 1.63 2.6 2.23
3.36 1.57 2.78 2.35
3.03 1.56 2.74 2.3
3.29 1.67 2.55 2.22
3.41 1.57 2.6 2.17
3.11 1.53 2.85 2.38
3.29 1.56 2.68 2.24
3.18 1.4 2.77 2.17
3.22 1.64 2.7 2.34
3.31 1.56 2.7 2.26
3.11 1.41 2.77 2.18
3.12 1.59 2.69 2.28
3.12 1.53 2.7 2.23
3.22 1.51 2.81 2.32
3.31 1.57 2.66 2.23
3.36 1.5 2.66 2.16
3.35 1.73 2.63 2.36
3.27 1.45 2.85 2.3
3.3 1.63 2.66 2.29
3.27 1.47 2.73 2.2
3.36 1.31 2.93 2.24
3.15 1.59 2.66 2.25
3.16 1.65 2.71 2.36
3.34 1.6 2.64 2.24
3.36 1.64 2.67 2.31
3.16 1.54 2.66 2.2
3.2 1.57 2.71 2.28
3.32 1.81 2.47 2.28
3.21 1.48 2.89 2.37
3.31 1.66 2.6 2.26
3.24 1.52 2.7 2.22
3.32 1.6 2.55 2.15
3.13 1.6 2.74 2.34
3.31 1.6 2.69 2.29
3.36 1.72 2.6 2.32
3.23 1.54 2.7 2.24
3.3 1.79 2.43 2.22
3.25 1.55 2.7 2.25
3.25 1.76 2.53 2.29
3.16 1.62 2.65 2.27
3.45 1.57 2.66 2.23
3.22 1.66 2.64 2.3
3.24 1.62 2.6 2.22
3.18 1.71 2.65 2.36
3.22 1.53 2.82 2.35
3.35 1.68 2.54 2.22
3.44 1.67 2.54 2.21
3.27 1.64 2.6 2.24
3.36 1.56 2.71 2.27
3.24 1.53 2.66 2.19
3.26 1.56 2.72 2.28
3.28 1.69 2.67 2.36
3.25 1.55 2.66 2.21
3.21 1.67 2.59 2.26
3.28 1.65 2.64 2.29
3.38 1.65 2.7 2.35
3.28 1.58 2.68 2.26
3.16 1.47 2.8 2.27
3.4 1.54 2.64 2.18
3.28 1.63 2.6 2.23
3.38 1.58 2.7 2.28
3.25 1.58 2.68 2.26
3.33 1.84 2.42 2.26
3.24 1.63 2.68 2.31
3.2 1.46 2.8 2.26
3.09 1.55 2.74 2.29
3.38 1.63 2.51 2.14
3.0 1.38 2.92 2.3
3.2 1.49 2.77 2.26
3.42 1.62 2.61 2.23
3.26 1.57 2.68 2.25
3.45 1.52 2.71 2.23
3.33 1.61 2.68 2.29
3.37 1.65 2.6 2.25
3.4 1.64 2.6 2.24
3.32 1.62 2.71 2.33
3.13 1.49 2.78 2.27
3.18 1.64 2.6 2.24
3.33 1.82 2.52 2.34
3.28 1.64 2.56 2.2
3.22 1.69 2.58 2.27
3.31 1.78 2.51 2.29
3.21 1.6 2.74 2.34
3.23 1.65 2.6 2.25
3.33 1.71 2.52 2.23
3.2 1.63 2.63 2.26
3.33 1.67 2.59 2.26
3.18 1.59 2.71 2.3
3.18 1.58 2.75 2.33
3.22 1.74 2.57 2.31
3.19 1.53 2.71 2.24
3.3 1.63 2.62 2.25
3.25 1.63 2.65 2.28
3.38 1.49 2.79 2.28
3.36 1.65 2.66 2.31
3.23 1.68 2.61 2.29
3.32 1.75 2.46 2.21
3.14 1.44 2.81 2.25
3.31 1.54 2.66 2.2
3.3 1.63 2.59 2.22
3.3 1.54 2.74 2.28
3.36 1.58 2.75 2.33
3.23 1.59 2.66 2.25
3.28 1.62 2.71 2.33
3.08 1.61 2.72 2.33
3.37 1.67 2.56 2.23
3.19 1.46 2.89 2.35
3.3 1.61 2.69 2.3
3.1 1.57 2.77 2.34
3.28 1.58 2.61 2.19
3.37 1.65 2.59 2.24
3.18 1.49 2.77 2.26
3.24 1.52 2.68 2.2
3.3 1.52 2.72 2.24
3.32 1.61 2.63 2.24
3.23 1.6 2.74 2.34
3.28 1.68 2.63 2.31
3.16 1.56 2.85 2.41
3.33 1.68 2.59 2.27
3.21 1.59 2.68 2.27
3.19 1.52 2.73 2.25
3.31 1.56 2.62 2.18
3.34 1.63 2.64 2.27
3.35 1.62 2.7 2.32
3.23 1.6 2.71 2.31
3.18 1.61 2.73 2.34
3.26 1.72 2.61 2.33
3.16 1.57 2.72 2.29
3.13 1.52 2.76 2.28
3.41 1.73 2.57 2.3
3.29 1.45 2.77 2.22
3.1 1.55 2.8 2.35
3.39 1.49 2.69 2.18
3.05 1.53 2.75 2.28
3.16 1.53 2.68 2.21
3.32 1.71 2.57 2.28
3.19 1.47 2.71 2.18
3.27 1.6 2.65 2.25
3.22 1.5 2.77 2.27
3.31 1.69 2.56 2.25
3.3 1.77 2.52 2.29
3.3 1.5 2.72 2.22
3.3 1.51 2.8 2.31
3.22 1.66 2.66 2.32
3.37 1.63 2.61 2.24
3.15 1.45 2.77 2.22
3.16 1.46 2.82 2.28
3.21 1.59 2.67 2.26
3.32 1.67 2.63 2.3
3.27 1.65 2.7 2.35
3.26 1.64 2.61 2.25
3.35 1.69 2.47 2.16
3.46 1.64 2.55 2.19
3.31 1.42 2.83 2.25
3.43 1.63 2.6 2.23
3.31 1.43 2.75 2.18
3.29 1.61 2.6 2.21
3.3 1.54 2.66 2.2
3.33 1.61 2.6 2.21
3.31 1.63 2.62 2.25
3.21 1.55 2.68 2.23
3.37 1.62 2.65 2.27
3.36 1.57 2.62 2.19
3.41 1.73 2.52 2.25
3.26 1.5 2.75 2.25
3.23 1.49 2.69 2.18
3.25 1.48 2.82 2.3
3.02 1.55 2.78 2.33
3.33 1.56 2.62 2.18
3.3 1.78 2.47 2.25
3.31 1.55 2.69 2.24
3.26 1.6 2.71 2.31
3.13 1.71 2.67 2.38
3.1 1.56 2.78 2.34
3.21 1.66 2.66 2.32
3.39 1.73 2.54 2.27
3.09 1.53 2.74 2.27
3.11 1.53 2.86 2.39
3.27 1.52 2.77 2.29
3.47 1.66 2.57 2.23
3.39 1.63 2.71 2.34
3.2 1.53 2.76 2.29
3.31 1.71 2.6 2.31
3.31 1.57 2.74 2.31
3.0 1.49 2.82 2.31
3.3 1.49 2.73 2.22
3.17 1.62 2.76 2.38
3.2 1.6 2.67 2.27
3.33 1.83 2.5 2.33
3.31 1.65 2.59 2.24
3.22 1.56 2.79 2.35
3.3 1.55 2.72 2.27
3.25 1.59 2.67 2.26
3.02 1.5 2.74 2.24
3.4 1.68 2.52 2.2
3.08 1.5 2.74 2.24
3.13 1.62 2.69 2.31
3.2 1.53 2.84 2.37
3.14 1.62 2.67 2.29
3.31 1.66 2.62 2.28
3.27 1.56 2.75 2.31
3.08 1.5 2.76 2.26
3.36 1.59 2.64 2.23
3.31 1.63 2.65 2.28
3.17 1.44 2.85 2.29
3.25 1.46 2.77 2.23
3.15 1.65 2.7 2.35
3.2 1.62 2.65 2.27
3.12 1.54 2.74 2.28
3.45 1.66 2.54 2.2
3.32 1.73 2.43 2.16
3.25 1.69 2.54 2.23
3.29 1.48 2.79 2.27
3.32 1.61 2.65 2.26
3.36 1.63 2.61 2.24
3.2 1.68 2.66 2.34
3.34 1.6 2.67 2.27
3.2 1.5 2.84 2.34
3.22 1.44 2.72 2.16
3.3 1.67 2.59 2.26
3.24 1.62 2.72 2.34
3.14 1.51 2.79 2.3
3.44 1.7 2.59 2.29
3.18 1.53 2.83 2.36
3.24 1.6 2.71 2.31
3.22 1.51 2.7 2.21
3.21 1.72 2.46 2.18
3.24 1.57 2.66 2.23
3.3 1.59 2.69 2.28
3.22 1.68 2.6 2.28
3.21 1.5 2.87 2.37
3.34 1.66 2.64 2.3
3.36 1.7 2.46 2.16
3.35 1.62 2.6 2.22
3.22 1.6 2.65 2.25
3.24 1.46 2.79 2.25
3.21 1.55 2.74 2.29
3.42 1.67 2.58 2.25
3.23 1.46 2.75 2.21
3.24 1.43 2.91 2.34
3.37 1.55 2.75 2.3
3.25 1.52 2.79 2.31
3.22 1.55 2.67 2.22
3.27 1.58 2.62 2.2
3.2 1.49 2.76 2.25
3.35 1.55 2.66 2.21
3.19 1.54 2.75 2.29
3.31 1.58 2.7 2.28
3.1 1.52 2.79 2.31
3.24 1.69 2.6 2.29
3.28 1.6 2.64 2.24
3.13 1.53 2.81 2.34
3.19 1.55 2.74 2.29
3.29 1.61 2.7 2.31
3.35 1.6 2.59 2.19
3.14 1.6 2.67 2.27
3.26 1.55 2.81 2.36
3.2 1.47 2.78 2.25
3.27 1.58 2.65 2.23
3.24 1.63 2.69 2.32
3.22 1.61 2.74 2.35
3.12 1.56 2.63 2.19
3.27 1.63 2.55 2.18
3.24 1.56 2.72 2.28
3.24 1.58 2.74 2.32
3.16 1.44 2.77 2.21
3.32 1.68 2.63 2.31
3.25 1.55 2.64 2.19
3.22 1.57 2.74 2.31
3.25 1.56 2.72 2.28
3.39 1.64 2.61 2.25
3.26 1.49 2.75 2.24
3.27 1.55 2.71 2.26
3.17 1.43 2.76 2.19
3.27 1.62 2.66 2.28
3.21 1.44 2.78 2.22
3.32 1.44 2.66 2.1
3.31 1.56 2.72 2.28
3.15 1.66 2.64 2.3
3.12 1.49 2.81 2.3
3.3 1.55 2.71 2.26
3.15 1.66 2.66 2.32
3.49 1.74 2.54 2.28
3.38 1.64 2.62 2.26
3.24 1.8 2.54 2.34
3.45 1.63 2.59 2.22
3.38 1.73 2.48 2.21
3.24 1.69 2.68 2.37
3.28 1.62 2.62 2.24
3.17 1.61 2.71 2.32
3.32 1.77 2.45 2.22
3.31 1.53 2.72 2.25
3.29 1.49 2.71 2.2
3.39 1.73 2.57 2.3
3.17 1.55 2.72 2.27
3.32 1.61 2.62 2.23
3.35 1.65 2.66 2.31
3.18 1.62 2.72 2.34
3.28 1.42 2.89 2.31
3.29 1.63 2.59 2.22
3.28 1.51 2.64 2.15
3.35 1.55 2.66 2.21
3.31 1.59 2.7 2.29
3.31 1.55 2.76 2.31
3.27 1.58 2.69 2.27
3.38 1.79 2.48 2.27
3.38 1.57 2.67 2.24
3.2 1.59 2.76 2.35
3.31 1.78 2.4 2.18
3.15 1.43 2.79 2.22
3.33 1.68 2.68 2.36
3.3 1.71 2.58 2.29
3.23 1.52 2.77 2.29
3.29 1.68 2.62 2.3
3.17 1.67 2.6 2.27
3.46 1.66 2.62 2.28
3.55 1.71 2.55 2.26
3.17 1.44 2.74 2.18
3.35 1.76 2.5 2.26
3.3 1.51 2.75 2.26
3.27 1.63 2.67 2.3
3.13 1.59 2.72 2.31
3.12 1.59 2.7 2.29
3.18 1.47 2.75 2.22
3.37 1.71 2.49 2.2
3.23 1.69 2.59 2.28
3.17 1.65 2.64 2.29
3.42 1.6 2.65 2.25
3.25 1.64 2.59 2.23
3.17 1.65 2.57 2.22
3.38 1.78 2.43 2.21
3.33 1.56 2.7 2.26
3.24 1.62 2.54 2.16
3.29 1.54 2.67 2.21
3.36 1.62 2.68 2.3
3.15 1.55 2.67 2.22
3.18 1.57 2.68 2.25
3.33 1.65 2.57 2.22
3.12 1.51 2.85 2.36
3.37 1.68 2.52 2.2
3.21 1.62 2.72 2.34
3.28 1.62 2.63 2.25
3.19 1.46 2.81 2.27
3.2 1.57 2.62 2.19
3.22 1.61 2.79 2.4
3.34 1.53 2.72 2.25
3.25 1.55 2.65 2.2
3.41 1.75 2.5 2.25
3.21 1.64 2.7 2.34
3.36 1.62 2.71 2.33
3.16 1.55 2.69 2.24
3.24 1.49 2.82 2.31
2.99 1.55 2.78 2.33
3.18 1.74 2.51 2.25
3.12 1.4 2.89 2.29
3.25 1.62 2.59 2.21
3.3 1.53 2.62 2.15
3.35 1.61 2.63 2.24
3.31 1.67 2.59 2.26
3.33 1.72 2.51 2.23
3.35 1.63 2.61 2.24
3.21 1.66 2.7 2.36
3.27 1.69 2.61 2.3
3.32 1.57 2.66 2.23
3.2 1.49 2.83 2.32
3.36 1.8 2.47 2.27
3.29 1.84 2.6 2.44
3.26 1.49 2.68 2.17
3.21 1.47 2.77 2.24
3.23 1.55 2.66 2.21
3.34 1.86 2.51 2.37
3.17 1.61 2.74 2.35
3.38 1.53 2.72 2.25
3.17 1.52 2.76 2.28
3.44 1.67 2.6 2.27
3.34 1.68 2.71 2.39
3.21 1.55 2.78 2.33
3.34 1.81 2.48 2.29
3.21 1.49 2.82 2.31
3.19 1.53 2.86 2.39
3.18 1.71 2.53 2.24
3.22 1.46 2.7 2.16
3.27 1.69 2.66 2.35
3.31 1.58 2.7 2.28
3.26 1.64 2.59 2.23
3.14 1.57 2.81 2.38
3.35 1.64 2.6 2.24
3.25 1.7 2.69 2.39
3.3 1.64 2.75 2.39
3.3 1.58 2.7 2.28
3.32 1.63 2.67 2.3
3.33 1.73 2.56 2.29
3.18 1.47 2.76 2.23
3.18 1.55 2.71 2.26
3.19 1.44 2.75 2.19
3.18 1.52 2.8 2.32
3.35 1.71 2.7 2.41
3.21 1.57 2.69 2.26
3.42 1.62 2.7 2.32
3.26 1.77 2.54 2.31
3.15 1.48 2.84 2.32
3.2 1.63 2.73 2.36
3.38 1.78 2.47 2.25
3.35 1.66 2.6 2.26
3.3 1.62 2.71 2.33
3.01 1.69 2.67 2.36
3.39 1.75 2.49 2.24
3.04 1.51 2.8 2.31
3.44 1.72 2.54 2.26
3.36 1.62 2.64 2.26
3.22 1.51 2.73 2.24
3.27 1.65 2.63 2.28
3.35 1.65 2.53 2.18
3.26 1.5 2.77 2.27
3.29 1.57 2.67 2.24
3.35 1.47 2.71 2.18
3.32 1.48 2.67 2.15
3.42 1.72 2.5 2.22
3.25 1.73 2.61 2.34
3.45 1.61 2.58 2.19
3.19 1.59 2.67 2.26
3.22 1.44 2.87 2.31
3.13 1.55 2.81 2.36
3.35 1.6 2.59 2.19
3.18 1.57 2.72 2.29
3.25 1.55 2.81 2.36
3.45 1.63 2.63 2.26
3.28 1.61 2.58 2.19
3.37 1.54 2.74 2.28
3.24 1.6 2.69 2.29
3.22 1.65 2.63 2.28
3.23 1.6 2.81 2.41
3.24 1.59 2.6 2.19
3.25 1.61 2.68 2.29
3.11 1.54 2.86 2.4
3.44 1.68 2.53 2.21
3.35 1.58 2.63 2.21
3.2 1.57 2.69 2.26
3.27 1.63 2.63 2.26
3.2 1.56 2.73 2.29
3.3 1.55 2.64 2.19
3.14 1.51 2.71 2.22
3.27 1.55 2.75 2.3
3.17 1.54 2.71 2.25
3.22 1.54 2.78 2.32
3.24 1.53 2.89 2.42
3.34 1.72 2.43 2.15
3.19 1.46 2.89 2.35
3.41 1.61 2.68 2.29
3.26 1.54 2.77 2.31
3.33 1.69 2.6 2.29
3.38 1.46 2.77 2.23
3.22 1.58 2.68 2.26
3.26 1.6 2.66 2.26
3.26 1.59 2.73 2.32
3.3 1.6 2.66 2.26
3.25 1.6 2.64 2.24
3.26 1.51 2.74 2.25
3.25 1.65 2.63 2.28
3.09 1.54 2.72 2.26
3.34 1.73 2.55 2.28
3.1 1.66 2.68 2.34
3.25 1.62 2.51 2.13
3.24 1.59 2.7 2.29
3.33 1.54 2.7 2.24
3.31 1.7 2.57 2.27
3.34 1.53 2.76 2.29
3.1 1.44 2.85 2.29
3.4 1.76 2.51 2.27
3.21 1.72 2.64 2.36
3.37 1.5 2.76 2.26
3.31 1.64 2.67 2.31
3.13 1.62 2.68 2.3
3.28 1.58 2.68 2.26
3.45 1.64 2.57 2.21
3.54 1.7 2.61 2.31
3.2 1.49 2.76 2.25
3.13 1.54 2.75 2.29
3.35 1.5 2.8 2.3
3.19 1.72 2.68 2.4
3.3 1.55 2.74 2.29
3.33 1.75 2.53 2.28
3.21 1.64 2.62 2.26
3.25 1.6 2.62 2.22
3.3 1.78 2.5 2.28
3.23 1.49 2.82 2.31
3.2 1.53 2.72 2.25
3.3 1.66 2.67 2.33
3.1 1.48 2.84 2.32
3.34 1.6 2.56 2.16
3.19 1.55 2.69 2.24
3.38 1.66 2.55 2.21
3.23 1.59 2.7 2.29
3.43 1.63 2.66 2.29
3.22 1.43 2.82 2.25
3.29 1.53 2.76 2.29
3.23 1.57 2.78 2.35
3.22 1.52 2.77 2.29
3.2 1.5 2.71 2.21
3.33 1.44 2.84 2.28
3.23 1.63 2.57 2.2
3.21 1.61 2.61 2.22
3.17 1.51 2.73 2.24
3.05 1.5 2.72 2.22
3.27 1.48 2.71 2.19
3.25 1.43 2.76 2.19
3.38 1.57 2.62 2.19
3.35 1.68 2.62 2.3
3.28 1.62 2.64 2.26
3.22 1.37 2.9 2.27
3.32 1.61 2.65 2.26
3.2 1.63 2.62 2.25
3.39 1.6 2.52 2.12
3.34 1.59 2.68 2.27
3.35 1.68 2.62 2.3
3.21 1.52 2.63 2.15
3.27 1.55 2.65 2.2
3.28 1.8 2.54 2.34
3.2 1.45 2.72 2.17
3.28 1.58 2.75 2.33
3.25 1.54 2.62 2.16
3.4 1.57 2.7 2.27
3.17 1.38 2.83 2.21
3.28 1.55 2.65 2.2
3.2 1.76 2.56 2.32
3.21 1.65 2.68 2.33
3.23 1.47 2.76 2.23
3.25 1.6 2.7 2.3
3.4 1.57 2.68 2.25
3.27 1.48 2.77 2.25
3.23 1.45 2.78 2.23
3.13 1.31 3.03 2.34
3.13 1.5 2.79 2.29
3.39 1.57 2.61 2.18
3.36 1.67 2.55 2.22
3.28 1.57 2.73 2.3
3.25 1.65 2.54 2.19
3.37 1.63 2.71 2.34
3.31 1.73 2.61 2.34
3.31 1.45 2.76 2.21
3.33 1.56 2.69 2.25
3.14 1.54 2.7 2.24
3.15 1.55 2.74 2.29
3.29 1.76 2.57 2.33
3.25 1.63 2.67 2.3
3.27 1.61 2.58 2.19
3.21 1.6 2.78 2.38
3.25 1.71 2.55 2.26
3.21 1.57 2.81 2.38
3.25 1.77 2.45 2.22
3.27 1.6 2.67 2.27
3.41 1.6 2.61 2.21
3.46 1.78 2.52 2.3
3.44 1.61 2.63 2.24
3.22 1.63 2.54 2.17
3.15 1.58 2.74 2.32
3.23 1.62 2.61 2.23
3.26 1.67 2.65 2.32
3.09 1.48 2.89 2.37
3.34 1.63 2.63 2.26
3.22 1.57 2.78 2.35
3.41 1.61 2.7 2.31
3.49 1.68 2.53 2.21
3.19 1.54 2.68 2.22
3.4 1.62 2.66 2.28
3.35 1.52 2.79 2.31
3.38 1.8 2.49 2.29
3.36 1.64 2.55 2.19
3.24 1.58 2.68 2.26
3.26 1.58 2.69 2.27
3.24 1.46 2.85 2.31
3.21 1.5 2.85 2.35
3.34 1.79 2.43 2.22
3.24 1.54 2.7 2.24
3.37 1.72 2.46 2.18
3.4 1.61 2.63 2.24
3.27 1.45 2.83 2.28
3.22 1.66 2.62 2.28
3.44 1.57 2.62 2.19
3.27 1.53 2.68 2.21
3.44 1.58 2.59 2.17
3.28 1.71 2.63 2.34
3.26 1.56 2.72 2.28
3.23 1.52 2.72 2.24
3.22 1.7 2.5 2.2
3.32 1.69 2.53 2.22
3.13 1.45 2.84 2.29
3.1 1.63 2.75 2.38
3.18 1.6 2.68 2.28
3.26 1.42 2.89 2.31
3.44 1.56 2.75 2.31
3.37 1.68 2.64 2.32
3.17 1.63 2.58 2.21
3.39 1.55 2.56 2.11
3.1 1.54 2.81 2.35
3.33 1.69 2.58 2.27
3.05 1.56 2.67 2.23
3.35 1.67 2.67 2.34
3.31 1.57 2.69 2.26
3.2 1.58 2.67 2.25
3.25 1.65 2.65 2.3
3.09 1.52 2.8 2.32
3.29 1.64 2.73 2.37
3.18 1.57 2.68 2.25
3.3 1.72 2.56 2.28
3.33 1.67 2.61 2.28
3.35 1.55 2.67 2.22
3.28 1.59 2.68 2.27
3.3 1.59 2.69 2.28
3.3 1.45 2.79 2.24
3.19 1.65 2.59 2.24
3.35 1.58 2.63 2.21
3.43 1.74 2.43 2.17
3.25 1.59 2.7 2.29
3.32 1.67 2.67 2.34
3.08 1.52 2.76 2.28
3.16 1.66 2.65 2.31
3.4 1.64 2.71 2.35
3.27 1.67 2.63 2.3
3.12 1.5 2.79 2.29
3.35 1.53 2.63 2.16
3.22 1.54 2.67 2.21
3.27 1.64 2.73 2.37
3.14 1.41 2.93 2.34
3.29 1.44 2.76 2.2
3.07 1.55 2.67 2.22
3.13 1.45 2.88 2.33
3.24 1.49 2.79 2.28
3.46 1.75 2.51 2.26
3.21 1.41 2.86 2.27
3.09 1.7 2.59 2.29
3.34 1.74 2.57 2.31
3.26 1.51 2.76 2.27
3.5 1.62 2.68 2.3
3.16 1.55 2.69 2.24
3.1 1.55 2.69 2.24
3.38 1.64 2.62 2.26
3.42 1.79 2.49 2.28
3.31 1.58 2.72 2.3
3.15 1.67 2.55 2.22
3.4 1.84 2.45 2.29
3.25 1.54 2.76 2.3
3.36 1.78 2.56 2.34
3.23 1.68 2.62 2.3
3.48 1.72 2.49 2.21
3.23 1.67 2.66 2.33
3.37 1.74 2.53 2.27
3.38 1.55 2.69 2.24
3.11 1.4 2.81 2.21
3.41 1.64 2.61 2.25
3.35 1.48 2.76 2.24
3.16 1.56 2.66 2.22
3.26 1.47 2.82 2.29
3.32 1.55 2.68 2.23
3.24 1.56 2.78 2.34
3.09 1.59 2.76 2.35
3.33 1.59 2.64 2.23
3.17 1.66 2.6 2.26
3.41 1.43 2.76 2.19
3.27 1.51 2.75 2.26
3.27 1.74 2.48 2.22
3.4 1.7 2.49 2.19
3.53 1.95 2.32 2.27
3.16 1.57 2.68 2.25
3.21 1.56 2.72 2.28
3.19 1.44 2.83 2.27
3.34 1.72 2.49 2.21
3.28 1.51 2.76 2.27
3.18 1.59 2.66 2.25
3.24 1.68 2.64 2.32
3.08 1.71 2.52 2.23
3.41 1.64 2.69 2.33
3.08 1.47 2.75 2.22
3.39 1.55 2.7 2.25
3.2 1.52 2.81 2.33
3.35 1.7 2.49 2.19
3.3 1.65 2.54 2.19
3.12 1.66 2.7 2.36
3.11 1.57 2.72 2.29
3.33 1.61 2.67 2.28
3.36 1.75 2.55 2.3
3.26 1.59 2.64 2.23
3.2 1.54 2.76 2.3
3.32 1.62 2.59 2.21
3.36 1.59 2.7 2.29
3.27 1.76 2.54 2.3
3.26 1.63 2.59 2.22
3.34 1.53 2.63 2.16
3.39 1.66 2.66 2.32
3.28 1.54 2.69 2.23
3.29 1.75 2.5 2.25
3.16 1.48 2.67 2.15
3.18 1.63 2.68 2.31
3.21 1.54 2.67 2.21
3.05 1.44 2.84 2.28
3.39 1.65 2.61 2.26
3.28 1.65 2.57 2.22
3.22 1.53 2.77 2.3
3.1 1.58 2.72 2.3
3.26 1.43 2.75 2.18
3.28 1.58 2.67 2.25
3.38 1.86 2.32 2.18
3.16 1.64 2.67 2.31
3.24 1.49 2.75 2.24
3.17 1.52 2.74 2.26
3.24 1.63 2.57 2.2
3.27 1.62 2.64 2.26
3.28 1.64 2.62 2.26
3.34 1.61 2.62 2.23
3.25 1.67 2.65 2.32
3.3 1.58 2.56 2.14
3.22 1.61 2.72 2.33
3.23 1.56 2.71 2.27
3.42 1.75 2.55 2.3
3.16 1.69 2.55 2.24
3.26 1.51 2.65 2.16
3.22 1.54 2.69 2.23
3.3 1.51 2.73 2.24
3.24 1.56 2.7 2.26
3.29 1.65 2.63 2.28
3.22 1.61 2.63 2.24
3.13 1.49 2.76 2.25
3.26 1.53 2.77 2.3
3.38 1.61 2.69 2.3
3.22 1.6 2.62 2.22
3.22 1.56 2.66 2.22
3.19 1.63 2.73 2.36
3.21 1.51 2.69 2.2
3.15 1.58 2.67 2.25
3.3 1.52 2.71 2.23
3.12 1.44 2.85 2.29
3.42 1.63 2.53 2.16
3.33 1.59 2.63 2.22
3.26 1.57 2.66 2.23
3.21 1.61 2.72 2.33
3.24 1.71 2.64 2.35
3.29 1.61 2.74 2.35
3.28 1.56 2.71 2.27
3.24 1.48 2.81 2.29
3.31 1.64 2.64 2.28
3.28 1.61 2.74 2.35
3.19 1.61 2.73 2.34
3.37 1.73 2.56 2.29
3.21 1.59 2.77 2.36
3.21 1.52 2.74 2.26
3.11 1.42 2.94 2.36
3.18 1.57 2.7 2.27
3.2 1.64 2.64 2.28
3.34 1.57 2.68 2.25
3.26 1.67 2.63 2.3
3.11 1.51 2.76 2.27
2.92 1.64 2.78 2.42
3.27 1.53 2.77 2.3
3.22 1.55 2.69 2.24
3.01 1.38 2.86 2.24
3.21 1.62 2.62 2.24
3.35 1.55 2.85 2.4
3.33 1.59 2.68 2.27
3.36 1.6 2.75 2.35
3.3 1.7 2.58 2.28
3.34 1.6 2.74 2.34
3.24 1.57 2.8 2.37
3.23 1.38 2.83 2.21
3.12 1.46 2.77 2.23
3.15 1.49 2.83 2.32
3.32 1.54 2.81 2.35
3.06 1.54 2.77 2.31
3.24 1.68 2.68 2.36
3.28 1.67 2.65 2.32
3.27 1.59 2.63 2.22
3.11 1.55 2.76 2.31
3.42 1.77 2.45 2.22
3.24 1.67 2.6 2.27
3.32 1.75 2.61 2.36
3.31 1.68 2.63 2.31
3.28 1.63 2.66 2.29
3.28 1.6 2.71 2.31
3.25 1.7 2.6 2.3
3.38 1.67 2.55 2.22
3.22 1.6 2.69 2.29
3.39 1.68 2.49 2.17
3.26 1.64 2.54 2.18
3.22 1.58 2.71 2.29
3.25 1.62 2.64 2.26
3.34 1.59 2.67 2.26
3.1 1.54 2.83 2.37
3.4 1.88 2.42 2.3
3.15 1.51 2.83 2.34
3.09 1.52 2.88 2.4
3.32 1.66 2.54 2.2
3.39 1.59 2.68 2.27
3.22 1.59 2.61 2.2
3.29 1.58 2.66 2.24
3.27 1.57 2.74 2.31
3.14 1.46 2.89 2.35
3.35 1.67 2.53 2.2
3.25 1.57 2.66 2.23
3.24 1.66 2.75 2.41
3.42 1.6 2.56 2.16
3.32 1.49 2.63 2.12
3.25 1.6 2.64 2.24
3.31 1.78 2.53 2.31
3.31 1.56 2.68 2.24
3.3 1.65 2.57 2.22
3.29 1.48 2.73 2.21
3.51 1.78 2.4 2.18
3.32 1.75 2.5 2.25
3.29 1.56 2.62 2.18
3.21 1.46 2.82 2.28
3.35 1.73 2.55 2.28
3.32 1.61 2.62 2.23
3.14 1.57 2.67 2.24
3.09 1.64 2.72 2.36
3.13 1.59 2.67 2.26
3.47 1.77 2.45 2.22
3.21 1.68 2.61 2.29
3.3 1.53 2.7 2.23
3.29 1.76 2.52 2.28
3.41 1.52 2.66 2.18
3.14 1.55 2.63 2.18
3.22 1.49 2.78 2.27
3.22 1.6 2.64 2.24
3.32 1.78 2.51 2.29
3.1 1.41 2.89 2.3
3.16 1.53 2.63 2.16
3.3 1.65 2.72 2.37
3.27 1.6 2.69 2.29
3.31 1.64 2.63 2.27
3.03 1.5 2.76 2.26
3.22 1.48 2.82 2.3
3.24 1.62 2.66 2.28
3.19 1.66 2.59 2.25
3.06 1.57 2.78 2.35
3.41 1.68 2.53 2.21
3.3 1.81 2.46 2.27
3.45 1.63 2.54 2.17
3.26 1.71 2.53 2.24
3.41 1.67 2.5 2.17
3.19 1.46 2.76 2.22
3.28 1.66 2.71 2.37
3.28 1.56 2.65 2.21
3.26 1.57 2.74 2.31
3.23 1.6 2.61 2.21
3.34 1.75 2.45 2.2
3.28 1.61 2.68 2.29
3.26 1.68 2.55 2.23
3.36 1.59 2.56 2.15
3.25 1.46 2.75 2.21
3.31 1.63 2.65 2.28
3.21 1.49 2.68 2.17
3.2 1.71 2.67 2.38
3.15 1.51 2.82 2.33
3.2 1.57 2.79 2.36
3.42 1.7 2.57 2.27
3.34 1.57 2.64 2.21
3.36 1.57 2.72 2.29
3.32 1.65 2.54 2.19
3.1 1.45 2.81 2.26
3.45 1.63 2.58 2.21
3.21 1.52 2.7 2.22
3.08 1.44 2.93 2.37
3.29 1.73 2.56 2.29
3.1 1.53 2.73 2.26
3.21 1.65 2.65 2.3
3.1 1.43 2.79 2.22
3.37 1.63 2.56 2.19
3.19 1.5 2.8 2.3
3.35 1.57 2.7 2.27
3.35 1.66 2.6 2.26
3.23 1.57 2.72 2.29
3.21 1.72 2.48 2.2
3.24 1.56 2.79 2.35
3.23 1.57 2.7 2.27
3.35 1.7 2.61 2.31
3.22 1.55 2.62 2.17
3.24 1.52 2.68 2.2
3.07 1.47 2.8 2.27
3.14 1.41 2.92 2.33
3.35 1.79 2.48 2.27
3.45 1.89 2.39 2.28
3.28 1.73 2.63 2.36
3.27 1.71 2.72 2.43
3.34 1.67 2.56 2.23
3.04 1.4 2.98 2.38
3.14 1.5 2.88 2.38
3.18 1.49 2.7 2.19
3.18 1.64 2.66 2.3
3.34 1.78 2.58 2.36
3.22 1.78 2.53 2.31
3.3 1.62 2.66 2.28
3.21 1.6 2.57 2.17
3.26 1.53 2.82 2.35
3.51 1.71 2.59 2.3
3.19 1.56 2.82 2.38
3.32 1.5 2.65 2.15
3.23 1.53 2.73 2.26
3.12 1.51 2.8 2.31
3.26 1.69 2.54 2.23
3.34 1.6 2.6 2.2
3.18 1.52 2.79 2.31
3.17 1.52 2.73 2.25
3.26 1.63 2.73 2.36
3.39 1.68 2.54 2.22
3.17 1.48 2.75 2.23
3.26 1.56 2.64 2.2
3.25 1.57 2.73 2.3
3.35 1.63 2.56 2.19
3.23 1.66 2.57 2.23
3.3 1.47 2.69 2.16
3.19 1.63 2.57 2.2
3.28 1.56 2.61 2.17
3.05 1.54 2.77 2.31
3.19 1.74 2.57 2.31
3.4 1.58 2.57 2.15
3.24 1.56 2.82 2.38
3.25 1.68 2.56 2.24
3.31 1.52 2.76 2.28
3.37 1.61 2.66 2.27
3.19 1.61 2.76 2.37
3.18 1.67 2.61 2.28
3.29 1.63 2.58 2.21
3.265 1.59896 2.668652 2.267612
