2.78 3.51 5.67 4.18
2.81 3.1 6.29 4.39
2.77 3.02 6.39 4.41
2.81 3.43 6.11 4.54
2.77 3.26 5.97 4.23
2.75 3.41 6.24 4.65
2.81 3.16 6.27 4.43
2.81 3.29 6.02 4.31
2.74 3.06 6.55 4.61
2.83 3.31 5.65 3.96
2.7 3.11 6.03 4.14
2.8 3.73 5.44 4.17
2.79 3.23 6.06 4.29
2.83 3.3 6.05 4.35
2.78 3.4 6.02 4.42
2.71 3.01 6.61 4.62
2.84 3.75 5.55 4.3
2.77 3.53 5.92 4.45
2.78 3.6 6.06 4.66
2.7 3.06 6.18 4.24
2.68 3.37 6.11 4.48
2.74 4.03 5.74 4.77
2.69 2.62 6.87 4.49
2.84 4.06 5.31 4.37
2.86 3.39 5.78 4.17
2.8 3.37 6.2 4.57
2.77 3.47 6.08 4.55
2.71 2.97 6.39 4.36
2.7 3.07 6.52 4.59
2.76 3.46 5.98 4.44
2.76 3.37 5.98 4.35
2.79 3.67 6.02 4.69
2.87 3.7 5.92 4.62
2.72 3.0 6.45 4.45
2.75 3.3 6.09 4.39
2.87 3.56 6.02 4.58
2.75 3.33 5.99 4.32
2.75 3.32 6.05 4.37
2.79 3.01 6.29 4.3
2.86 3.36 5.73 4.09
2.79 3.48 6.07 4.55
2.78 3.18 6.4 4.58
2.68 3.6 5.97 4.57
2.76 3.24 6.37 4.61
2.84 3.47 6.02 4.49
2.82 3.31 6.07 4.38
2.69 3.18 6.06 4.24
2.83 3.74 5.96 4.7
2.84 3.67 5.78 4.45
2.74 3.48 6.03 4.51
2.73 3.64 5.79 4.43
2.78 3.3 6.33 4.63
2.77 3.4 5.8 4.2
2.74 3.62 5.84 4.46
2.79 3.38 6.2 4.58
2.72 3.36 6.06 4.42
2.8 3.27 6.31 4.58
2.79 3.44 5.97 4.41
2.85 3.6 5.59 4.19
2.75 3.22 6.06 4.28
2.81 3.91 5.72 4.63
2.74 3.04 6.14 4.18
2.76 2.94 6.29 4.23
2.83 3.22 6.0 4.22
2.85 3.36 6.02 4.38
2.75 2.79 6.67 4.46
2.7 3.22 6.29 4.51
2.76 2.92 6.41 4.33
2.71 3.68 5.97 4.65
2.75 2.89 6.55 4.44
2.71 3.41 6.05 4.46
2.78 3.35 6.02 4.37
2.74 3.09 6.14 4.23
2.76 3.57 5.91 4.48
2.8 3.51 6.14 4.65
2.79 3.52 5.84 4.36
2.77 2.95 6.08 4.03
2.81 3.37 6.09 4.46
2.82 3.28 6.0 4.28
2.8 3.87 5.58 4.45
2.87 3.44 5.72 4.16
2.8 3.17 6.01 4.18
2.78 3.42 6.01 4.43
2.76 3.47 5.8 4.27
2.76 3.45 5.74 4.19
2.74 3.45 6.2 4.65
2.82 3.34 5.99 4.33
2.7 3.45 6.13 4.58
2.72 2.85 6.4 4.25
2.79 3.01 6.34 4.35
2.77 3.18 6.27 4.45
2.71 2.96 6.55 4.51
2.76 3.45 5.86 4.31
2.81 3.33 6.16 4.49
2.79 3.45 6.01 4.46
2.87 3.48 5.78 4.26
2.75 3.64 5.78 4.42
2.8 3.45 5.92 4.37
2.8 3.66 5.75 4.41
2.81 3.4 5.53 3.93
2.83 3.63 5.32 3.95
2.75 3.74 6.02 4.76
2.84 3.26 5.96 4.22
2.77 3.1 6.15 4.25
2.81 3.19 5.86 4.05
2.7 3.34 6.36 4.7
2.77 3.34 6.24 4.58
2.74 3.57 5.88 4.45
2.78 3.55 5.82 4.37
2.76 3.11 6.34 4.45
2.72 3.12 6.36 4.48
2.86 3.56 6.2 4.76
2.75 3.21 6.09 4.3
2.74 2.99 6.23 4.22
2.8 3.36 6.05 4.41
2.7 3.43 6.21 4.64
2.77 3.63 5.86 4.49
2.81 3.21 6.13 4.34
2.69 2.87 6.65 4.52
2.83 3.61 5.7 4.31
2.73 3.26 6.14 4.4
2.69 3.07 6.26 4.33
2.75 3.22 6.28 4.5
2.71 3.2 6.25 4.45
2.74 3.39 5.97 4.36
2.78 3.26 6.18 4.44
2.84 3.25 6.0 4.25
2.77 3.41 5.82 4.23
2.74 2.91 6.55 4.46
2.72 3.16 6.12 4.28
2.67 3.3 6.28 4.58
2.72 3.25 6.27 4.52
2.7 3.43 6.1 4.53
2.73 3.54 5.85 4.39
2.81 3.38 5.93 4.31
2.73 3.31 6.06 4.37
2.78 3.4 5.78 4.18
2.7 3.43 5.82 4.25
2.73 2.92 6.54 4.46
2.83 3.74 5.51 4.25
2.83 3.15 6.27 4.42
2.84 3.35 6.25 4.6
2.8 3.34 6.12 4.46
2.81 3.41 6.02 4.43
2.8 3.65 5.75 4.4
2.85 3.61 5.78 4.39
2.8 3.37 6.16 4.53
2.82 2.88 6.23 4.11
2.7 3.3 5.91 4.21
2.77 3.77 5.61 4.38
2.81 3.21 6.03 4.24
2.78 3.42 6.13 4.55
2.77 3.28 6.11 4.39
2.84 3.72 5.89 4.61
2.8 3.36 6.19 4.55
2.68 3.09 6.26 4.35
2.8 3.43 5.95 4.38
2.81 3.22 6.22 4.44
2.78 3.42 6.25 4.67
2.79 3.28 6.23 4.51
2.72 3.11 6.84 4.95
2.78 3.38 6.09 4.47
2.83 3.98 5.47 4.45
2.75 3.67 5.9 4.57
2.86 3.96 5.54 4.5
2.79 3.46 6.04 4.5
2.78 3.41 5.98 4.39
2.75 3.65 5.85 4.5
2.74 3.12 6.17 4.29
2.8 3.35 6.27 4.62
2.81 3.17 6.28 4.45
2.73 3.14 6.22 4.36
2.83 3.03 6.29 4.32
2.78 3.27 6.36 4.63
2.84 3.04 6.11 4.15
2.82 3.4 5.98 4.38
2.83 3.58 5.94 4.52
2.81 3.54 5.93 4.47
2.79 3.4 5.79 4.19
2.78 3.52 5.82 4.34
2.71 3.3 6.03 4.33
2.74 3.21 6.22 4.43
2.84 3.77 5.58 4.35
2.77 3.29 6.11 4.4
2.71 3.39 6.04 4.43
2.76 3.43 5.92 4.35
2.76 3.03 6.41 4.44
2.73 3.3 6.18 4.48
2.68 3.22 6.27 4.49
2.8 3.61 5.82 4.43
2.82 3.35 6.14 4.49
2.73 3.36 6.13 4.49
2.8 3.5 5.89 4.39
2.79 3.1 6.34 4.44
2.73 3.39 5.91 4.3
2.76 3.07 6.66 4.73
2.77 3.08 6.3 4.38
2.82 3.44 6.02 4.46
2.71 2.89 6.57 4.46
2.74 3.11 6.54 4.65
2.79 3.61 5.55 4.16
2.78 3.39 6.03 4.42
2.72 3.36 6.2 4.56
2.8 3.59 5.78 4.37
2.72 3.19 6.37 4.56
2.73 3.03 6.41 4.44
2.83 3.32 6.16 4.48
2.74 3.09 6.28 4.37
2.78 3.72 5.97 4.69
2.8 3.51 6.08 4.59
2.72 3.26 6.05 4.31
2.79 3.61 5.91 4.52
2.77 3.02 6.39 4.41
2.71 3.2 6.08 4.28
2.74 3.31 6.05 4.36
2.78 3.47 5.77 4.24
2.78 3.06 6.05 4.11
2.68 2.97 6.61 4.58
2.76 3.2 6.34 4.54
2.75 3.43 6.03 4.46
2.73 3.37 6.16 4.53
2.75 3.39 5.91 4.3
2.79 3.87 5.44 4.31
2.76 3.12 6.2 4.32
2.7 3.74 5.74 4.48
2.74 3.19 6.41 4.6
2.82 3.48 6.03 4.51
2.73 3.36 6.3 4.66
2.82 3.05 6.1 4.15
2.79 3.41 5.81 4.22
2.74 3.11 6.24 4.35
2.87 3.56 5.82 4.38
2.8 3.61 5.82 4.43
2.69 3.27 6.13 4.4
2.84 4.03 5.48 4.51
2.75 3.42 6.45 4.87
2.79 3.58 5.81 4.39
2.77 3.31 6.27 4.58
2.77 3.09 6.45 4.54
2.75 3.46 5.93 4.39
2.79 3.49 5.9 4.39
2.71 3.19 6.1 4.29
2.77 3.3 6.13 4.43
2.83 4.02 5.32 4.34
2.8 3.4 6.04 4.44
2.75 3.06 6.43 4.49
2.73 3.66 5.94 4.6
2.72 3.66 5.6 4.26
2.79 3.6 5.88 4.48
2.77 3.52 5.97 4.49
2.7 3.45 5.93 4.38
2.76 3.01 6.41 4.42
2.79 3.43 5.91 4.34
2.81 3.31 6.2 4.51
2.82 3.74 5.6 4.34
2.71 3.31 5.98 4.29
2.81 3.61 5.63 4.24
2.81 3.65 5.6 4.25
2.78 3.21 6.21 4.42
2.76 3.09 6.19 4.28
2.78 3.16 6.22 4.38
2.78 2.98 6.51 4.49
2.84 3.59 5.87 4.46
2.81 3.41 6.02 4.43
2.73 3.24 6.15 4.39
2.84 3.44 5.98 4.42
2.72 3.09 6.44 4.53
2.8 3.07 6.07 4.14
2.77 3.09 6.07 4.16
2.79 3.1 6.07 4.17
2.81 3.4 6.07 4.47
2.77 3.22 6.34 4.56
2.81 3.14 6.3 4.44
2.86 3.81 5.68 4.49
2.77 3.39 5.84 4.23
2.79 3.78 5.33 4.11
2.7 2.92 6.18 4.1
2.79 3.19 6.08 4.27
2.83 3.64 5.78 4.42
2.75 3.06 6.52 4.58
2.78 3.46 6.15 4.61
2.84 3.82 5.4 4.22
2.73 3.09 6.35 4.44
2.74 3.22 6.39 4.61
2.77 3.15 6.54 4.69
2.81 3.55 6.03 4.58
2.74 3.43 5.94 4.37
2.82 3.66 5.77 4.43
2.76 3.22 6.38 4.6
2.7 3.45 5.99 4.44
2.76 2.78 6.74 4.52
2.78 3.18 6.26 4.44
2.8 3.04 6.28 4.32
2.72 2.86 6.73 4.59
2.89 3.78 5.65 4.43
2.83 3.15 6.33 4.48
2.81 3.4 5.75 4.15
2.8 3.23 6.16 4.39
2.81 3.28 5.98 4.26
2.8 3.03 6.28 4.31
2.87 3.35 5.62 3.97
2.79 3.27 6.36 4.63
2.75 3.37 6.05 4.42
2.78 3.36 6.17 4.53
2.78 3.48 6.05 4.53
2.79 3.81 5.64 4.45
2.87 3.21 6.05 4.26
2.73 3.96 5.82 4.78
2.85 3.47 6.04 4.51
2.79 3.09 6.11 4.2
2.75 3.09 6.37 4.46
2.81 3.64 5.79 4.43
2.71 2.77 6.77 4.54
2.81 2.99 6.47 4.46
2.8 3.06 6.07 4.13
2.74 3.25 6.22 4.47
2.73 3.62 5.77 4.39
2.77 3.53 5.76 4.29
2.79 3.64 5.83 4.47
2.77 3.24 6.16 4.4
2.85 3.93 5.25 4.18
2.79 3.7 5.66 4.36
2.71 3.33 6.27 4.6
2.81 3.66 5.73 4.39
2.86 3.29 6.24 4.53
2.71 3.13 6.29 4.42
2.64 3.03 6.52 4.55
2.71 3.56 5.79 4.35
2.81 3.98 5.58 4.56
2.76 3.16 6.39 4.55
2.82 3.89 5.58 4.47
2.75 3.34 6.36 4.7
2.79 3.06 6.25 4.31
2.76 3.52 6.04 4.56
2.81 3.41 6.09 4.5
2.73 3.6 5.95 4.55
2.74 3.22 6.23 4.45
2.78 3.22 6.35 4.57
2.67 2.94 6.52 4.46
2.81 3.64 5.93 4.57
2.77 2.63 6.47 4.1
2.81 3.56 5.86 4.42
2.79 3.33 6.26 4.59
2.71 3.11 6.28 4.39
2.64 2.93 6.49 4.42
2.76 3.09 6.11 4.2
2.69 3.72 5.92 4.64
2.75 3.7 5.63 4.33
2.8 3.39 6.01 4.4
2.7 3.07 6.11 4.18
2.78 3.37 6.04 4.41
2.8 3.45 5.9 4.35
2.8 3.11 6.42 4.53
2.65 3.49 6.15 4.64
2.85 3.47 5.83 4.3
2.72 2.97 6.45 4.42
2.68 2.9 6.61 4.51
2.84 3.75 5.53 4.28
2.76 3.33 5.93 4.26
2.81 3.34 6.16 4.5
2.86 3.22 6.14 4.36
2.72 3.46 5.93 4.39
2.82 3.16 6.61 4.77
2.8 3.89 5.44 4.33
2.83 3.34 5.77 4.11
2.85 3.45 5.73 4.18
2.81 3.18 6.41 4.59
2.72 3.45 6.02 4.47
2.73 3.27 6.0 4.27
2.8 3.12 6.33 4.45
2.76 3.25 6.15 4.4
2.78 3.36 5.95 4.31
2.71 2.84 6.41 4.25
2.76 3.22 6.08 4.3
2.79 2.82 6.64 4.46
2.76 3.34 6.19 4.53
2.78 3.22 5.99 4.21
2.77 3.14 6.59 4.73
2.76 3.46 6.19 4.65
2.8 3.5 5.81 4.31
2.81 3.15 6.23 4.38
2.76 3.42 6.05 4.47
2.82 3.45 5.94 4.39
2.8 3.37 5.85 4.22
2.78 3.79 5.49 4.28
2.77 3.6 5.61 4.21
2.78 3.71 5.72 4.43
2.76 3.35 5.75 4.1
2.75 3.2 6.26 4.46
2.73 3.55 5.89 4.44
2.69 2.92 6.33 4.25
2.88 3.43 5.82 4.25
2.73 3.0 6.49 4.49
2.74 3.13 6.03 4.16
2.78 3.62 5.54 4.16
2.8 3.64 5.57 4.21
2.69 3.19 6.27 4.46
2.88 3.54 5.84 4.38
2.77 3.1 6.13 4.23
2.77 3.81 5.68 4.49
2.81 3.19 6.32 4.51
2.8 3.43 6.18 4.61
2.8 3.25 5.89 4.14
2.79 3.09 6.36 4.45
2.79 2.96 6.65 4.61
2.85 3.37 6.03 4.4
2.71 3.55 5.74 4.29
2.68 2.9 6.7 4.6
2.71 2.81 6.61 4.42
2.74 3.17 6.41 4.58
2.71 3.24 6.06 4.3
2.86 3.7 5.59 4.29
2.73 3.31 6.17 4.48
2.8 3.25 6.11 4.36
2.76 3.24 5.82 4.06
2.75 3.37 6.08 4.45
2.77 3.18 6.05 4.23
2.78 3.04 6.51 4.55
2.74 3.21 6.23 4.44
2.77 3.08 6.29 4.37
2.79 3.44 6.09 4.53
2.79 3.39 6.18 4.57
2.77 3.46 5.7 4.16
2.79 3.38 5.68 4.06
2.78 3.6 5.65 4.25
2.78 3.13 6.28 4.41
2.76 2.97 6.48 4.45
2.88 3.94 5.79 4.73
2.79 3.36 5.95 4.31
2.78 3.14 6.42 4.56
2.78 3.44 5.92 4.36
2.79 3.5 5.91 4.41
2.81 3.51 6.43 4.94
2.9 3.87 5.28 4.15
2.8 3.02 6.09 4.11
2.8 3.48 5.92 4.4
2.76 3.6 6.08 4.68
2.76 3.18 6.02 4.2
2.76 3.14 6.28 4.42
2.77 3.02 6.26 4.28
2.72 2.94 6.59 4.53
2.81 2.89 6.53 4.42
2.75 3.42 6.15 4.57
2.82 3.53 5.7 4.23
2.82 2.95 6.4 4.35
2.81 3.53 5.91 4.44
2.69 2.87 6.59 4.46
2.72 3.53 5.92 4.45
2.81 3.42 5.62 4.04
2.77 3.35 6.27 4.62
2.73 3.29 5.99 4.28
2.75 3.95 5.49 4.44
2.79 3.38 6.06 4.44
2.85 3.48 5.85 4.33
2.79 3.33 6.02 4.35
2.75 3.28 6.14 4.42
2.79 3.64 5.42 4.06
2.73 3.13 6.2 4.33
2.84 3.36 6.07 4.43
2.81 3.31 6.14 4.45
2.78 3.31 6.04 4.35
2.81 3.2 6.21 4.41
2.8 3.51 5.75 4.26
2.85 3.46 6.0 4.46
2.86 3.64 5.41 4.05
2.82 3.45 5.92 4.37
2.78 3.22 6.26 4.48
2.83 3.41 6.06 4.47
2.72 3.48 6.09 4.57
2.77 3.3 6.31 4.61
2.85 3.33 6.07 4.4
2.67 3.02 6.44 4.46
2.74 2.95 6.59 4.54
2.75 3.5 5.71 4.21
2.88 3.74 5.66 4.4
2.81 3.37 6.17 4.54
2.8 3.12 6.13 4.25
2.82 3.74 5.73 4.47
2.79 3.17 5.97 4.14
2.81 3.18 6.31 4.49
2.82 3.53 6.03 4.56
2.82 3.73 5.6 4.33
2.8 3.19 6.17 4.36
2.82 3.53 5.69 4.22
2.84 3.88 5.83 4.71
2.67 3.17 6.58 4.75
2.82 3.46 5.95 4.41
2.7 3.17 6.29 4.46
2.81 3.55 5.61 4.16
2.76 3.46 6.11 4.57
2.79 3.27 6.02 4.29
2.84 3.37 6.09 4.46
2.81 3.55 5.65 4.2
2.84 3.24 6.12 4.36
2.69 2.91 6.56 4.47
2.64 3.03 6.47 4.5
2.85 3.55 5.71 4.26
2.78 3.61 6.11 4.72
2.76 3.37 5.85 4.22
2.81 3.06 6.12 4.18
2.84 3.5 5.48 3.98
2.76 3.27 6.19 4.46
2.79 3.12 6.5 4.62
2.74 3.35 6.18 4.53
2.77 2.96 6.82 4.78
2.72 3.25 6.45 4.7
2.79 3.07 6.19 4.26
2.79 3.38 5.97 4.35
2.72 3.57 6.19 4.76
2.77 3.35 6.27 4.62
2.75 3.26 6.17 4.43
2.74 3.04 6.18 4.22
2.83 3.49 5.93 4.42
2.82 3.98 5.5 4.48
2.78 3.61 5.49 4.1
2.76 3.4 6.12 4.52
2.73 3.39 6.08 4.47
2.72 3.38 6.1 4.48
2.69 3.23 5.96 4.19
2.74 3.39 5.9 4.29
2.76 3.07 6.46 4.53
2.72 3.16 6.1 4.26
2.73 3.74 5.73 4.47
2.81 3.15 6.23 4.38
2.7 3.01 6.69 4.7
2.8 3.37 5.76 4.13
2.82 3.54 6.29 4.83
2.81 3.06 6.4 4.46
2.74 3.49 6.03 4.52
2.83 3.37 5.7 4.07
2.73 3.14 6.27 4.41
2.72 3.44 6.07 4.51
2.81 3.29 6.19 4.48
2.79 3.55 5.91 4.46
2.79 3.51 5.79 4.3
2.76 2.97 6.43 4.4
2.69 2.98 6.74 4.72
2.64 3.03 6.47 4.5
2.78 3.36 5.96 4.32
2.8 3.5 6.0 4.5
2.87 3.84 5.27 4.11
2.83 3.41 5.83 4.24
2.75 3.34 6.26 4.6
2.74 3.28 6.39 4.67
2.76 3.7 5.67 4.37
2.7 2.93 6.62 4.55
2.69 3.22 5.93 4.15
2.77 3.32 6.21 4.53
2.81 3.2 6.39 4.59
2.82 3.36 6.22 4.58
2.76 3.53 5.6 4.13
2.81 3.46 5.84 4.3
2.85 3.64 5.68 4.32
2.76 3.28 6.29 4.57
2.75 3.75 5.44 4.19
2.79 3.59 5.67 4.26
2.86 3.59 5.72 4.31
2.74 3.3 6.06 4.36
2.74 3.31 6.05 4.36
2.77 3.44 6.06 4.5
2.81 3.36 6.04 4.4
2.74 2.77 6.8 4.57
2.73 3.34 6.08 4.42
2.72 3.14 5.98 4.12
2.72 3.25 6.12 4.37
2.81 3.32 6.11 4.43
2.78 3.26 6.43 4.69
2.79 3.27 6.15 4.42
2.71 3.09 6.45 4.54
2.87 3.75 5.46 4.21
2.81 3.27 6.2 4.47
2.84 3.58 5.79 4.37
2.79 3.3 6.11 4.41
2.77 3.59 5.86 4.45
2.71 2.94 6.56 4.5
2.86 3.66 5.63 4.29
2.76 3.09 6.44 4.53
2.83 3.33 5.89 4.22
2.79 3.57 5.63 4.2
2.66 3.37 6.3 4.67
2.8 3.96 5.25 4.21
2.81 3.56 5.8 4.36
2.71 3.48 6.16 4.64
2.76 3.43 5.99 4.42
2.67 3.23 6.24 4.47
2.74 3.43 6.18 4.61
2.83 3.15 6.53 4.68
2.8 3.15 6.52 4.67
2.74 3.17 6.4 4.57
2.68 3.14 6.73 4.87
2.79 3.12 6.11 4.23
2.85 3.19 6.2 4.39
2.77 3.19 6.25 4.44
2.81 3.24 6.19 4.43
2.69 2.85 6.58 4.43
2.74 3.17 6.48 4.65
2.78 3.1 6.23 4.33
2.75 3.15 6.06 4.21
2.8 3.47 6.04 4.51
2.77 2.94 6.5 4.44
2.82 3.27 6.14 4.41
2.75 2.97 6.45 4.42
2.8 3.34 5.87 4.21
2.79 3.43 5.86 4.29
2.82 3.65 5.82 4.47
2.84 3.93 5.52 4.45
2.81 3.57 5.9 4.47
2.75 3.57 5.95 4.52
2.75 3.42 6.0 4.42
2.85 3.33 5.91 4.24
2.8 3.88 5.43 4.31
2.79 3.59 5.81 4.4
2.81 3.37 6.28 4.65
2.75 3.36 6.4 4.76
2.73 3.06 6.35 4.41
2.75 3.62 5.87 4.49
2.72 3.61 5.81 4.42
2.78 3.48 5.9 4.38
2.81 3.43 6.04 4.47
2.75 3.08 6.04 4.12
2.73 2.86 6.86 4.72
2.79 3.62 5.57 4.19
2.75 3.34 6.29 4.63
2.85 3.37 6.14 4.51
2.8 3.66 6.03 4.69
2.73 3.11 6.05 4.16
2.71 3.05 6.38 4.43
2.82 3.8 5.73 4.53
2.81 3.27 6.11 4.38
2.81 3.36 6.18 4.54
2.72 2.86 6.6 4.46
2.81 3.73 5.55 4.28
2.79 3.43 6.04 4.47
2.84 3.42 5.72 4.14
2.81 3.5 5.65 4.15
2.79 3.33 5.97 4.3
2.74 3.51 5.78 4.29
2.72 3.02 6.55 4.57
2.79 3.31 5.92 4.23
2.8 3.72 5.53 4.25
2.7 3.26 6.28 4.54
2.78 3.4 5.79 4.19
2.85 3.49 5.7 4.19
2.74 3.35 6.05 4.4
2.7 3.19 6.34 4.53
2.8 3.31 5.93 4.24
2.76 3.41 5.71 4.12
2.77 3.43 6.31 4.74
2.81 3.03 6.32 4.35
2.8 3.53 5.51 4.04
2.74 3.3 6.08 4.38
2.75 3.46 6.04 4.5
2.87 3.45 6.03 4.48
2.8 3.39 5.86 4.25
2.75 3.31 6.06 4.37
2.78 3.27 6.22 4.49
2.71 3.27 6.17 4.44
2.82 3.37 6.03 4.4
2.74 3.0 6.42 4.42
2.76 3.58 5.8 4.38
2.8 3.6 6.05 4.65
2.73 3.18 6.24 4.42
2.79 4.13 5.3 4.43
2.77 3.59 6.13 4.72
2.86 3.74 5.69 4.43
2.79 3.14 6.21 4.35
2.78 3.56 5.78 4.34
2.8 3.49 5.86 4.35
2.75 3.35 5.85 4.2
2.7 3.28 6.38 4.66
2.75 3.4 6.07 4.47
2.73 3.6 6.01 4.61
2.71 3.3 5.94 4.24
2.7 3.35 5.92 4.27
2.78 3.15 6.29 4.44
2.74 3.55 5.83 4.38
2.76 3.13 6.46 4.59
2.82 3.71 5.66 4.37
2.78 3.19 6.08 4.27
2.64 3.19 6.32 4.51
2.74 3.15 6.17 4.32
2.79 4.26 5.3 4.56
2.81 3.59 5.82 4.41
2.72 3.5 6.06 4.56
2.73 3.16 6.0 4.16
2.8 2.98 6.32 4.3
2.75 3.48 5.85 4.33
2.75 3.22 6.04 4.26
2.67 3.52 6.08 4.6
2.79 2.76 6.9 4.66
2.75 3.41 6.19 4.6
2.8 3.07 6.16 4.23
2.82 3.36 6.15 4.51
2.74 3.24 6.16 4.4
2.83 3.32 6.09 4.41
2.75 3.09 6.38 4.47
2.72 3.25 6.0 4.25
2.85 3.43 5.84 4.27
2.74 3.65 5.79 4.44
2.8 3.17 6.25 4.42
2.76 3.47 5.88 4.35
2.68 3.16 6.15 4.31
2.77 3.42 6.06 4.48
2.77 2.99 6.38 4.37
2.69 3.05 6.61 4.66
2.78 3.19 6.08 4.27
2.74 3.34 6.1 4.44
2.66 2.99 6.44 4.43
2.73 2.9 6.6 4.5
2.75 3.19 6.29 4.48
2.86 3.54 5.69 4.23
2.82 3.19 6.23 4.42
2.74 3.63 5.71 4.34
2.79 3.6 5.81 4.41
2.79 3.54 5.82 4.36
2.82 3.42 5.72 4.14
2.74 3.52 6.04 4.56
2.81 3.58 5.87 4.45
2.87 3.43 6.02 4.45
2.75 3.28 6.17 4.45
2.78 3.25 6.27 4.52
2.75 3.19 6.22 4.41
2.79 3.27 5.92 4.19
2.82 3.72 5.57 4.29
2.8 3.72 5.62 4.34
2.68 2.9 6.68 4.58
2.71 3.5 6.17 4.67
2.78 3.44 5.87 4.31
2.76 3.33 6.02 4.35
2.78 3.97 5.57 4.54
2.85 3.53 5.91 4.44
2.72 2.95 6.33 4.28
2.78 3.38 5.79 4.17
2.79 3.29 6.21 4.5
2.76 3.26 6.22 4.48
2.69 3.24 6.14 4.38
2.79 3.59 6.02 4.61
2.77 3.25 6.11 4.36
2.81 3.14 6.46 4.6
2.8 3.47 6.09 4.56
2.82 3.59 5.75 4.34
2.7 3.48 6.04 4.52
2.81 3.18 6.05 4.23
2.8 3.28 6.06 4.34
2.83 3.72 5.5 4.22
2.8 3.68 5.71 4.39
2.82 3.5 5.69 4.19
2.76 3.43 6.11 4.54
2.78 3.9 5.22 4.12
2.71 2.96 6.32 4.28
2.75 3.7 5.85 4.55
2.84 3.95 5.3 4.25
2.77 3.14 6.32 4.46
2.75 3.53 5.81 4.34
2.78 3.18 6.25 4.43
2.84 3.22 5.99 4.21
2.74 3.24 6.25 4.49
2.81 3.57 5.52 4.09
2.71 3.19 6.36 4.55
2.78 3.26 6.29 4.55
2.79 3.21 6.02 4.23
2.76 3.32 5.92 4.24
2.74 3.17 6.05 4.22
2.81 3.5 5.75 4.25
2.7 3.31 6.11 4.42
2.7 3.07 6.45 4.52
2.86 3.43 5.66 4.09
2.77 3.45 5.86 4.31
2.74 3.15 6.26 4.41
2.8 3.43 6.12 4.55
2.73 3.39 6.22 4.61
2.83 3.88 5.76 4.64
2.73 3.29 6.15 4.44
2.85 3.79 5.53 4.32
2.77 3.66 5.62 4.28
2.81 3.35 6.09 4.44
2.87 3.59 5.48 4.07
2.73 3.07 6.36 4.43
2.86 3.73 6.01 4.74
2.76 3.55 5.73 4.28
2.77 3.07 6.54 4.61
2.86 3.37 5.8 4.17
2.76 3.3 6.13 4.43
2.67 3.0 6.43 4.43
2.75 3.32 6.06 4.38
2.71 2.97 6.59 4.56
2.73 3.09 6.3 4.39
2.78 3.43 6.09 4.52
2.79 3.16 6.49 4.65
2.79 3.15 6.22 4.37
2.77 3.54 5.83 4.37
2.88 3.57 5.6 4.17
2.79 3.2 6.2 4.4
2.7 3.23 6.19 4.42
2.7 3.24 6.31 4.55
2.78 3.35 5.79 4.14
2.78 3.53 5.88 4.41
2.81 3.54 5.82 4.36
2.84 3.37 6.12 4.49
2.78 3.88 5.6 4.48
2.79 3.08 6.28 4.36
2.66 3.05 6.45 4.5
2.75 2.61 6.87 4.48
2.71 3.14 6.3 4.44
2.72 3.0 6.32 4.32
2.78 3.63 5.73 4.36
2.78 3.45 5.72 4.17
2.74 3.17 6.37 4.54
2.75 3.02 6.26 4.28
2.73 3.45 5.98 4.43
2.71 3.3 6.28 4.58
2.84 3.3 6.39 4.69
2.85 3.82 5.43 4.25
2.8 3.26 6.01 4.27
2.76 3.44 5.98 4.42
2.78 2.79 6.79 4.58
2.77 3.39 6.24 4.63
2.87 3.41 6.13 4.54
2.8 3.67 5.92 4.59
2.74 3.42 6.1 4.52
2.78 3.08 6.33 4.41
2.79 3.58 5.6 4.18
2.77 3.74 5.67 4.41
2.67 3.1 6.46 4.56
2.74 3.49 5.94 4.43
2.79 3.29 5.8 4.09
2.78 3.23 6.14 4.37
2.74 3.42 6.1 4.52
2.77 3.04 6.14 4.18
2.84 3.24 6.15 4.39
2.79 3.84 5.75 4.59
2.72 2.88 6.61 4.49
2.81 3.12 6.31 4.43
2.82 3.63 5.69 4.32
2.79 3.5 5.89 4.39
2.67 3.05 6.59 4.64
2.7 3.72 5.93 4.65
2.74 3.04 6.45 4.49
2.68 3.37 6.14 4.51
2.87 3.53 5.69 4.22
2.85 3.23 6.19 4.42
2.81 3.02 6.37 4.39
2.74 3.24 6.06 4.3
2.77 3.48 6.06 4.54
2.72 3.22 6.25 4.47
2.78 3.01 6.37 4.38
2.82 3.31 6.04 4.35
2.78 3.14 6.08 4.22
2.78 3.37 6.19 4.56
2.79 3.25 6.07 4.32
2.79 3.43 5.8 4.23
2.84 3.75 5.73 4.48
2.73 3.78 5.71 4.49
2.68 3.19 6.29 4.48
2.71 2.84 6.66 4.5
2.71 3.25 5.94 4.19
2.83 3.55 5.56 4.11
2.85 3.11 6.19 4.3
2.84 2.97 6.36 4.33
2.83 3.57 5.96 4.53
2.71 3.42 5.91 4.33
2.82 3.31 6.19 4.5
2.73 3.35 6.1 4.45
2.81 3.24 6.27 4.51
2.81 3.53 5.92 4.45
2.76 3.63 5.68 4.31
2.77 3.19 5.98 4.17
2.8 3.36 5.92 4.28
2.81 3.96 5.54 4.5
2.74 3.56 6.33 4.89
2.73 3.23 5.97 4.2
2.8 3.41 6.09 4.5
2.8 3.36 5.76 4.12
2.73 3.1 6.47 4.57
2.79 3.46 5.67 4.13
2.7 3.28 6.3 4.58
2.7 3.22 6.5 4.72
2.77 3.68 5.76 4.44
2.73 3.11 6.43 4.54
2.76 3.41 6.19 4.6
2.76 3.47 6.17 4.64
2.77 3.21 6.4 4.61
2.69 3.27 6.06 4.33
2.75 3.1 6.54 4.64
2.81 3.42 5.83 4.25
2.71 3.18 6.34 4.52
2.8 3.51 6.24 4.75
2.79 3.86 5.39 4.25
2.79 3.43 6.31 4.74
2.68 2.89 6.4 4.29
2.74 3.02 6.45 4.47
2.73 3.1 6.41 4.51
2.86 3.18 6.15 4.33
2.78 3.34 6.02 4.36
2.83 3.52 6.05 4.57
2.86 3.34 5.99 4.33
2.76 3.26 6.05 4.31
2.82 3.11 6.23 4.34
2.81 3.39 5.95 4.34
2.92 3.54 5.99 4.53
2.82 3.19 6.38 4.57
2.71 3.44 6.04 4.48
2.77 3.49 6.36 4.85
2.73 3.04 6.61 4.65
2.73 3.38 6.22 4.6
2.83 3.37 6.05 4.42
2.76 3.88 5.49 4.37
2.75 3.31 6.13 4.44
2.75 3.15 6.1 4.25
2.69 2.9 6.68 4.58
2.84 3.65 5.59 4.24
2.74 3.66 5.65 4.31
2.81 3.35 6.12 4.47
2.79 3.75 5.72 4.47
2.81 2.85 6.54 4.39
2.8 3.23 6.32 4.55
2.76 3.34 6.16 4.5
2.81 3.08 6.3 4.38
2.75 3.48 5.81 4.29
2.75 3.01 6.24 4.25
2.82 3.03 6.38 4.41
2.87 3.54 5.77 4.31
2.81 3.42 5.86 4.28
2.76 3.18 6.1 4.28
2.85 3.66 5.75 4.41
2.71 3.38 6.04 4.42
2.82 3.17 6.31 4.48
2.73 3.35 6.18 4.53
2.67 3.16 6.33 4.49
2.75 3.03 6.47 4.5
2.75 2.87 6.35 4.22
2.73 3.23 5.97 4.2
2.78 3.18 6.35 4.53
2.76 3.35 5.86 4.21
2.63 2.93 6.71 4.64
2.77 3.58 5.8 4.38
2.78 3.37 6.18 4.55
2.84 3.54 5.77 4.31
2.76 3.36 6.19 4.55
2.73 3.3 6.08 4.38
2.86 3.27 6.24 4.51
2.81 3.68 5.64 4.32
2.86 3.67 6.02 4.69
2.77 3.54 6.01 4.55
2.7 3.27 6.13 4.4
2.78 3.33 6.12 4.45
2.78 4.09 5.39 4.48
2.76 3.05 6.38 4.43
2.83 3.54 5.76 4.3
2.69 3.37 6.22 4.59
2.72 3.16 6.26 4.42
2.8 3.53 5.82 4.35
2.75 3.37 6.16 4.53
2.75 3.52 5.86 4.38
2.7 3.65 5.85 4.5
2.71 3.07 6.3 4.37
2.78 3.5 6.15 4.65
2.73 3.21 6.4 4.61
2.76 3.47 6.03 4.5
2.83 3.3 6.14 4.44
2.77 3.17 6.19 4.36
2.8 3.26 6.02 4.28
2.77 3.44 5.95 4.39
2.69 3.19 6.08 4.27
2.72 3.21 6.22 4.43
2.7 3.0 6.41 4.41
2.83 3.46 5.62 4.08
2.68 3.49 5.87 4.36
2.73 2.89 6.35 4.24
2.86 3.15 6.19 4.34
2.78 3.29 6.28 4.57
2.75 3.46 5.97 4.43
2.78 3.43 6.05 4.48
2.74 3.79 5.77 4.56
2.76 3.05 6.46 4.51
2.74 3.54 5.91 4.45
2.74 3.22 6.49 4.71
2.73 3.33 6.16 4.49
2.71 3.04 6.28 4.32
2.82 3.68 5.78 4.46
2.76 3.53 5.82 4.35
2.72 3.18 6.29 4.47
2.79 3.54 5.79 4.33
2.83 3.39 5.87 4.26
2.82 3.12 6.49 4.61
2.79 3.11 6.48 4.59
2.75 3.32 6.15 4.47
2.82 3.06 6.22 4.28
2.85 3.57 5.65 4.22
2.73 3.03 6.39 4.42
2.82 3.44 5.98 4.42
2.77 3.42 5.79 4.21
2.73 3.23 6.33 4.56
2.76 3.23 5.85 4.08
2.76 3.51 5.67 4.18
2.73 2.83 6.48 4.31
2.76 3.44 5.64 4.08
2.78 3.66 5.89 4.55
2.8 3.16 6.34 4.5
2.82 3.59 5.59 4.18
2.78 3.08 6.3 4.38
2.77 3.44 5.88 4.32
2.8 3.2 6.38 4.58
2.75 3.33 6.03 4.36
2.79 3.18 6.15 4.33
2.84 3.89 5.63 4.52
2.84 3.44 5.92 4.36
2.8 3.45 6.0 4.45
2.81 3.72 5.73 4.45
2.81 3.14 6.31 4.45
2.84 3.3 5.82 4.12
2.73 3.37 6.46 4.83
2.74 3.79 5.59 4.38
2.79 3.23 6.21 4.44
2.67 3.5 6.0 4.5
2.81 3.58 5.95 4.53
2.73 3.46 5.89 4.35
2.74 3.48 5.97 4.45
2.8 3.08 6.4 4.48
2.85 3.7 5.75 4.45
2.87 3.28 5.95 4.23
2.73 3.33 6.15 4.48
2.74 3.08 6.41 4.49
2.74 3.2 6.23 4.43
2.78 3.71 5.84 4.55
2.8 3.71 5.83 4.54
2.81 3.77 5.46 4.23
2.73 3.21 6.3 4.51
2.77 3.14 6.04 4.18
2.66 2.86 6.47 4.33
2.83 3.27 6.2 4.47
2.86 3.31 6.23 4.54
2.76 3.3 5.85 4.15
2.82 3.33 6.28 4.61
2.7 2.99 6.7 4.69
2.83 3.54 5.87 4.41
2.82 3.55 5.98 4.53
2.75 3.38 6.11 4.49
2.78 3.96 5.61 4.57
2.74 3.24 6.03 4.27
2.8 3.38 6.04 4.42
2.84 3.46 6.18 4.64
2.78 3.53 5.95 4.48
2.8 3.67 5.91 4.58
2.71 3.15 6.27 4.42
2.66 2.87 6.71 4.58
2.73 3.15 6.41 4.56
2.75 3.45 5.94 4.39
2.77 3.05 6.19 4.24
2.72 3.23 6.33 4.56
2.79 3.46 5.84 4.3
2.86 3.62 5.79 4.41
2.69 2.96 6.35 4.31
2.77 3.56 6.2 4.76
2.67 3.2 6.48 4.68
2.78 3.41 5.76 4.17
2.86 3.35 5.99 4.34
2.73 2.98 6.38 4.36
2.79 3.27 6.01 4.28
2.88 3.65 5.68 4.33
2.7 2.89 6.26 4.15
2.78 3.55 5.55 4.1
2.82 3.35 5.77 4.12
2.74 3.24 6.24 4.48
2.77 3.16 6.4 4.56
2.69 2.98 6.24 4.22
2.78 2.9 6.8 4.7
2.75 3.2 6.13 4.33
2.77 3.39 5.95 4.34
2.86 3.01 6.22 4.23
2.79 3.17 6.3 4.47
2.82 3.67 5.88 4.55
2.76 3.35 6.11 4.46
2.76 3.15 6.47 4.62
2.72 2.84 6.51 4.35
2.77 3.23 6.29 4.52
2.79 3.69 5.85 4.54
2.65 3.4 6.04 4.44
2.84 3.44 6.17 4.61
2.76 3.18 6.35 4.53
2.74 3.15 6.2 4.35
2.73 3.45 5.98 4.43
2.79 3.19 6.05 4.24
2.78 3.15 6.36 4.51
2.72 3.11 6.25 4.36
2.83 3.09 6.49 4.58
2.81 3.19 5.91 4.1
2.81 3.33 5.89 4.22
2.8 3.38 5.94 4.32
2.78 3.24 6.32 4.56
2.75 3.27 6.08 4.35
2.72 3.4 6.1 4.5
2.73 2.98 6.39 4.37
2.7 3.47 6.12 4.59
2.79 3.07 6.46 4.53
2.83 3.5 5.97 4.47
2.76 3.28 6.04 4.32
2.74 3.24 6.33 4.57
2.79 3.69 5.6 4.29
2.8 3.3 5.99 4.29
2.72 2.97 6.48 4.45
2.76 3.49 6.1 4.59
2.85 3.51 5.65 4.16
2.75 3.1 6.5 4.6
2.8 3.56 5.91 4.47
2.75 3.48 5.8 4.28
2.88 3.3 5.81 4.11
2.76 3.36 6.29 4.65
2.76 3.33 6.11 4.44
2.82 3.59 5.86 4.45
2.7 3.23 6.09 4.32
2.75 3.14 6.0 4.14
2.78 3.8 5.82 4.62
2.74 3.34 6.07 4.41
2.72 3.3 6.27 4.57
2.82 3.7 5.88 4.58
2.8 3.43 6.01 4.44
2.85 3.57 5.79 4.36
2.77 3.37 6.19 4.56
2.81 3.46 6.04 4.5
2.82 3.85 5.29 4.14
2.79 4.01 5.12 4.13
2.82 3.38 6.01 4.39
2.68 2.89 6.71 4.6
2.76 2.97 6.66 4.63
2.79 3.02 6.17 4.19
2.81 3.25 6.15 4.4
2.75 3.22 6.17 4.39
2.74 3.53 5.99 4.52
2.7 3.22 6.24 4.46
2.8 3.22 6.0 4.22
2.78 3.27 5.95 4.22
2.88 3.37 6.19 4.56
2.78 3.72 5.72 4.44
2.75 3.63 5.92 4.55
2.74 2.95 6.18 4.13
2.68 2.95 6.54 4.49
2.82 3.27 6.15 4.42
2.8 3.36 6.19 4.55
2.74 3.3 6.14 4.44
2.77 3.69 5.58 4.27
2.79 3.32 6.06 4.38
2.73 3.02 6.14 4.16
2.73 3.34 6.35 4.69
2.74 3.32 6.13 4.45
2.82 3.57 5.77 4.34
2.75 3.42 6.02 4.44
2.85 3.58 5.85 4.43
2.71 3.22 6.49 4.71
2.7 2.97 6.4 4.37
2.85 3.67 5.74 4.41
2.75 3.27 6.27 4.54
2.69 3.0 6.15 4.15
2.78 3.04 6.5 4.54
2.84 3.71 5.51 4.22
2.8 3.14 6.24 4.38
2.82 3.67 5.99 4.66
2.68 3.33 6.56 4.89
2.83 3.38 5.92 4.3
2.66 2.98 6.48 4.46
2.76 3.23 6.34 4.57
2.77 3.17 5.77 3.94
2.75 3.46 5.96 4.42
2.77 3.25 6.15 4.4
2.69 3.32 6.34 4.66
2.78 2.98 6.4 4.38
2.82 3.52 5.8 4.32
2.73 3.11 6.13 4.24
2.74 3.17 6.35 4.52
2.73 3.32 5.82 4.14
2.79 3.32 6.08 4.4
2.76 3.68 5.62 4.3
2.75 3.62 5.89 4.51
2.7 3.04 6.44 4.48
2.75 3.4 6.24 4.64
2.83 3.32 5.95 4.27
2.77 3.18 5.85 4.03
2.74 3.01 6.37 4.38
2.78 3.5 5.76 4.26
2.78 3.01 6.22 4.23
2.74 3.57 5.9 4.47
2.77 3.53 5.89 4.42
2.82 3.52 5.64 4.16
2.76 3.15 6.17 4.32
2.77 3.55 6.0 4.55
2.78 3.27 6.07 4.34
2.78 3.25 6.13 4.38
2.75 3.5 6.0 4.5
2.87 3.35 5.96 4.31
2.81 3.77 5.82 4.59
2.77 3.3 6.19 4.49
2.79 3.45 6.05 4.5
2.81 2.96 6.49 4.45
2.74 3.75 5.78 4.53
2.83 3.78 5.87 4.65
2.82 3.23 6.25 4.48
2.79 3.23 6.03 4.26
2.78 3.35 6.09 4.44
2.73 3.44 5.94 4.38
2.82 3.25 6.29 4.54
2.85 3.76 5.64 4.4
2.64 3.12 6.69 4.81
2.75 3.26 5.82 4.08
2.74 2.97 6.54 4.51
2.78 3.49 5.82 4.31
2.8 3.38 6.16 4.54
2.79 3.48 5.86 4.34
2.7 3.06 6.18 4.24
2.78 3.23 6.13 4.36
2.85 3.7 5.47 4.17
2.82 3.52 5.86 4.38
2.73 2.87 6.44 4.31
2.77 3.06 6.05 4.11
2.82 3.32 6.11 4.43
2.84 3.19 6.24 4.43
2.68 3.39 6.08 4.47
2.75 3.1 6.59 4.69
2.72 3.27 5.86 4.13
2.78 3.56 5.82 4.38
2.75 3.5 5.8 4.3
2.82 3.59 5.7 4.29
2.84 3.71 5.76 4.47
2.79 3.56 5.85 4.41
2.75 3.66 5.82 4.48
2.81 3.25 6.09 4.34
2.76 3.51 6.06 4.57
2.73 3.25 6.18 4.43
2.83 3.74 5.26 4.0
2.81 3.71 5.91 4.62
2.88 3.64 5.81 4.45
2.72 3.48 6.11 4.59
2.82 4.07 5.3 4.37
2.73 3.22 6.13 4.35
2.81 3.54 5.87 4.41
2.87 3.52 5.64 4.16
2.85 3.8 5.65 4.45
2.81 3.58 5.94 4.52
2.73 3.19 6.1 4.29
2.76 2.99 6.48 4.47
2.71 3.54 5.7 4.24
2.81 3.33 5.99 4.32
2.76 3.4 5.7 4.1
2.76 3.26 6.02 4.28
2.88 3.62 5.95 4.57
2.78 3.58 6.02 4.6
2.79 3.56 5.89 4.45
2.85 3.5 5.78 4.28
2.72 3.61 5.97 4.58
2.79 3.08 6.04 4.12
2.81 3.17 6.55 4.72
2.7 3.08 6.46 4.54
2.85 3.51 5.79 4.3
2.8 3.47 5.86 4.33
2.71 3.57 5.99 4.56
2.75 3.51 5.74 4.25
2.71 3.27 6.4 4.67
2.67 3.13 6.47 4.6
2.8 3.8 5.8 4.6
2.82 3.39 5.8 4.19
2.81 3.3 5.86 4.16
2.76 3.08 6.24 4.32
2.84 3.17 6.18 4.35
2.83 3.5 5.8 4.3
2.87 3.69 5.7 4.39
2.7 3.11 6.44 4.55
2.83 3.13 6.18 4.31
2.82 3.53 5.8 4.33
2.74 3.17 6.33 4.5
2.87 3.39 5.77 4.16
2.77 3.26 6.19 4.45
2.74 3.29 6.03 4.32
2.85 3.41 5.7 4.11
2.78 3.85 5.56 4.41
2.75 3.34 6.2 4.54
2.78 3.64 5.39 4.03
2.83 2.94 6.19 4.13
2.76 3.78 5.47 4.25
2.74 3.18 6.42 4.6
2.87 3.7 5.73 4.43
2.86 3.62 5.68 4.3
2.69 3.07 6.45 4.52
2.84 3.21 6.18 4.39
2.76 3.59 5.71 4.3
2.74 2.85 6.47 4.32
2.83 3.26 6.22 4.48
2.77 3.5 5.88 4.38
2.81 3.07 6.13 4.2
2.73 3.38 6.1 4.48
2.78 3.34 6.08 4.42
2.71 3.51 5.97 4.48
2.78 3.54 5.87 4.41
2.72 3.32 6.22 4.54
2.8 3.03 6.63 4.66
2.77 3.47 6.02 4.49
2.84 3.41 6.12 4.53
2.72 3.32 6.04 4.36
2.74 3.32 6.14 4.46
2.72 3.3 6.06 4.36
2.84 3.5 5.92 4.42
2.78 3.32 5.92 4.24
2.83 3.93 5.43 4.36
2.75 2.99 6.4 4.39
2.74 3.76 5.83 4.59
2.84 3.58 5.82 4.4
2.79 3.47 5.7 4.17
2.76 2.99 6.35 4.34
2.79 3.41 6.04 4.45
2.74 3.21 6.17 4.38
2.73 2.77 6.34 4.11
2.71 3.01 6.31 4.32
2.75 3.27 6.36 4.63
2.8 3.26 6.27 4.53
2.73 3.0 6.34 4.34
2.73 3.43 5.95 4.38
2.77 3.17 6.29 4.46
2.78 3.45 6.15 4.6
2.77 2.83 6.4 4.23
2.79 3.74 5.57 4.31
2.75 3.15 6.15 4.3
2.77 3.37 6.24 4.61
2.77 3.4 6.12 4.52
2.78 3.71 5.77 4.48
2.78 3.26 6.27 4.53
2.66 3.13 6.38 4.51
2.84 3.72 5.71 4.43
2.73 3.45 6.16 4.61
2.83 3.13 6.47 4.6
2.85 3.59 5.71 4.3
2.83 3.36 6.05 4.41
2.76 3.03 6.26 4.29
2.81 3.57 5.99 4.56
2.76 3.4 5.96 4.36
2.81 3.37 6.17 4.54
2.78 3.62 5.71 4.33
2.78 3.22 6.52 4.74
2.72 3.25 6.06 4.31
2.76 3.35 6.03 4.38
2.72 3.54 5.85 4.39
2.82 3.34 6.14 4.48
2.84 3.24 6.3 4.54
2.76 3.69 5.7 4.39
2.74 2.98 6.24 4.22
2.71 3.42 5.99 4.41
2.71 3.3 6.45 4.75
2.88 3.7 5.63 4.33
2.73 3.48 5.89 4.37
2.8 3.45 5.56 4.01
2.72 3.17 6.37 4.54
2.77 3.34 5.99 4.33
2.84 3.75 5.5 4.25
2.78 3.11 6.31 4.42
2.8 3.33 6.06 4.39
2.74 3.24 6.17 4.41
2.74 2.94 6.4 4.34
2.74 3.0 6.47 4.47
2.81 3.31 6.11 4.42
2.72 3.48 5.9 4.38
2.75 3.74 5.66 4.4
2.88 3.5 5.69 4.19
2.69 3.06 6.23 4.29
2.75 3.5 5.71 4.21
2.77 3.39 6.1 4.49
2.8 2.8 6.51 4.31
2.82 3.11 6.73 4.84
2.79 2.92 6.14 4.06
2.82 3.56 5.83 4.39
2.82 3.37 5.78 4.15
2.78 3.23 6.24 4.47
2.73 3.03 6.68 4.71
2.77 3.28 6.11 4.39
2.75 3.17 6.17 4.34
2.73 3.32 6.11 4.43
2.69 3.07 6.31 4.38
2.71 2.89 6.53 4.42
2.72 3.21 6.25 4.46
2.83 3.62 5.86 4.48
2.75 3.36 5.71 4.07
2.75 3.36 6.01 4.37
2.72 3.12 6.19 4.31
2.76 3.37 6.33 4.7
2.81 3.16 6.31 4.47
2.9 3.54 5.69 4.23
2.72 3.57 5.92 4.49
2.81 3.35 6.09 4.44
2.73 3.37 6.02 4.39
2.78 3.07 6.53 4.6
2.77 3.25 6.34 4.59
2.7 3.17 6.41 4.58
2.72 3.03 6.54 4.57
2.75 3.76 5.97 4.73
2.72 3.39 6.16 4.55
2.75 3.52 6.03 4.55
2.76 3.25 6.19 4.44
2.74 3.09 6.64 4.73
2.82 3.46 5.76 4.22
2.8 3.37 5.9 4.27
2.82 3.41 5.98 4.39
2.78 3.4 5.73 4.13
2.72 3.27 6.18 4.45
2.62 3.19 6.33 4.52
2.74 3.34 6.13 4.47
2.81 3.67 5.47 4.14
2.72 2.85 6.69 4.54
2.74 3.32 6.15 4.47
2.76 3.37 6.14 4.51
2.76 3.22 6.43 4.65
2.8 3.57 5.53 4.1
2.76 3.21 6.21 4.42
2.79 3.48 5.92 4.4
2.77 3.35 5.91 4.26
2.83 3.0 6.34 4.34
2.77 3.49 6.15 4.64
2.77 3.1 6.05 4.15
2.86 3.96 5.45 4.41
2.78 3.29 6.15 4.44
2.76 3.22 6.31 4.53
2.73 3.27 6.13 4.4
2.73 3.1 6.33 4.43
2.74 2.87 6.6 4.47
2.72 3.34 6.07 4.41
2.72 2.74 6.86 4.6
2.7 3.49 5.84 4.33
2.82 3.18 6.1 4.28
2.77 3.23 6.3 4.53
2.77 3.69 5.87 4.56
2.81 3.42 5.99 4.41
2.69 3.02 6.32 4.34
2.65 2.98 6.41 4.39
2.74 3.55 5.82 4.37
2.74 3.62 5.95 4.57
2.73 3.58 5.88 4.46
2.78 3.32 6.42 4.74
2.76 2.9 6.55 4.45
2.72 3.11 6.14 4.25
2.74 3.45 5.87 4.32
2.73 3.13 6.09 4.22
2.76 3.16 6.12 4.28
2.82 3.47 5.75 4.22
2.83 3.58 5.92 4.5
2.8 3.44 5.98 4.42
2.86 3.34 6.2 4.54
2.74 3.25 6.13 4.38
2.69 3.56 5.8 4.36
2.69 2.84 6.52 4.36
2.74 3.45 6.14 4.59
2.83 3.37 6.11 4.48
2.84 3.37 6.56 4.93
2.74 3.36 6.28 4.64
2.76 3.37 6.14 4.51
2.82 3.04 6.14 4.18
2.78 3.48 5.88 4.36
2.76 3.17 6.28 4.45
2.76 3.35 6.12 4.47
2.8 3.11 6.23 4.34
2.69 3.7 5.98 4.68
2.7 3.43 6.2 4.63
2.76 3.51 5.71 4.22
2.81 3.11 6.27 4.38
2.78 3.45 6.2 4.65
2.73 3.2 6.19 4.39
2.72 3.36 6.12 4.48
2.79 3.53 5.61 4.14
2.75 3.45 6.09 4.54
2.78 3.24 6.05 4.29
2.77 3.53 5.76 4.29
2.77 3.14 6.14 4.28
2.76 3.33 6.17 4.5
2.77 3.0 6.18 4.18
2.75 3.35 6.33 4.68
2.76 3.48 6.13 4.61
2.74 3.33 6.26 4.59
2.71 3.39 5.95 4.34
2.74 3.05 6.29 4.34
2.73 3.09 6.09 4.18
2.82 3.66 5.67 4.33
2.83 3.49 5.83 4.32
2.74 3.12 6.32 4.44
2.78 3.33 6.05 4.38
2.73 3.26 6.14 4.4
2.83 3.81 5.7 4.51
2.73 2.68 6.83 4.51
2.85 3.79 5.68 4.47
2.84 3.96 5.41 4.37
2.8 3.53 5.82 4.35
2.68 3.03 6.74 4.77
2.75 3.55 6.07 4.62
2.71 3.37 6.22 4.59
2.72 3.74 5.75 4.49
2.72 3.62 5.69 4.31
2.73 3.18 6.11 4.29
2.75 3.21 6.38 4.59
2.81 3.39 6.09 4.48
2.8 3.65 5.43 4.08
2.73 3.41 6.0 4.41
2.81 3.28 6.6 4.88
2.71 2.92 6.42 4.34
2.76 3.42 5.81 4.23
2.78 3.18 6.06 4.24
2.84 3.65 5.92 4.57
2.8 3.09 6.41 4.5
2.78 3.44 6.09 4.53
2.84 3.88 5.44 4.32
2.79 3.84 5.85 4.69
2.77 3.28 5.79 4.07
2.72 2.98 6.37 4.35
2.81 3.72 5.91 4.63
2.79 3.38 5.95 4.33
2.83 3.19 6.11 4.3
2.84 3.89 5.68 4.57
2.8 3.53 5.8 4.33
2.85 3.79 5.44 4.23
2.75 3.0 6.33 4.33
2.76 3.35 6.23 4.58
2.79 3.28 6.13 4.41
2.81 3.23 6.02 4.25
2.72 3.09 6.51 4.6
2.75 3.22 6.21 4.43
2.83 3.29 5.96 4.25
2.79 3.61 5.93 4.54
2.77 3.07 6.42 4.49
2.8 3.25 6.28 4.53
2.85 3.54 5.59 4.13
2.83 3.64 5.82 4.46
2.78 3.44 5.82 4.26
2.72 2.7 6.85 4.55
2.81 3.44 5.79 4.23
2.83 3.55 5.79 4.34
2.83 3.42 6.13 4.55
2.81 3.79 5.79 4.58
2.78 3.62 5.84 4.46
2.84 3.3 5.88 4.18
2.83 3.11 6.42 4.53
2.75 3.66 5.83 4.49
2.8 3.7 5.52 4.22
2.81 2.96 6.43 4.39
2.74 3.28 5.96 4.24
2.8 3.21 6.36 4.57
2.79 3.1 6.5 4.6
2.8 3.41 5.97 4.38
2.77 3.35 6.12 4.47
2.7 3.04 6.08 4.12
2.76 3.07 6.36 4.43
2.76 3.68 5.75 4.43
2.74 3.52 6.12 4.64
2.81 3.7 5.63 4.33
2.79 3.4 5.94 4.34
2.8 3.26 6.2 4.46
2.83 3.23 6.01 4.24
2.79 3.78 5.76 4.54
2.85 3.73 5.9 4.63
2.89 3.36 6.45 4.81
2.71 3.26 6.18 4.44
2.78 3.25 6.07 4.32
2.91 3.59 6.03 4.62
2.74 3.24 6.39 4.63
2.71 2.99 6.62 4.61
2.69 2.97 6.57 4.54
2.74 2.97 6.67 4.64
2.75 3.33 6.07 4.4
2.79 3.46 5.84 4.3
2.71 3.17 6.5 4.67
2.77 3.14 6.23 4.37
2.77 3.14 6.23 4.37
2.81 3.95 5.46 4.41
2.77 3.2 6.16 4.36
2.76 3.61 5.5 4.11
2.83 3.59 5.99 4.58
2.81 3.04 6.37 4.41
2.87 3.65 5.66 4.31
2.74 3.43 5.89 4.32
2.74 3.15 6.41 4.56
2.79 3.49 6.05 4.54
2.72 3.66 5.95 4.61
2.77 3.18 5.96 4.14
2.8 3.53 6.0 4.53
2.78 3.61 5.75 4.36
2.78 3.6 5.8 4.4
2.74 3.28 6.31 4.59
2.75 3.85 5.57 4.42
2.82 3.35 6.0 4.35
2.74 3.13 6.44 4.57
2.77 3.42 5.7 4.12
2.78 3.84 5.52 4.36
2.71 3.42 6.01 4.43
2.86 4.03 5.34 4.37
2.81 3.47 6.08 4.55
2.79 3.17 6.29 4.46
2.67 3.1 6.4 4.5
2.73 3.38 6.09 4.47
2.76 3.14 6.52 4.66
2.75 3.5 5.81 4.31
2.77 3.41 6.01 4.42
2.79 3.53 5.92 4.45
2.82 3.74 5.7 4.44
2.78 3.38 6.17 4.55
2.75 2.95 6.37 4.32
2.87 3.79 5.56 4.35
2.84 3.34 6.41 4.75
2.72 3.27 5.72 3.99
2.85 3.13 6.13 4.26
2.82 3.38 5.89 4.27
2.79 3.71 5.7 4.41
2.83 3.13 6.22 4.35
2.79 3.49 6.07 4.56
2.76 3.37 6.19 4.56
2.74 3.4 5.9 4.3
2.81 3.61 5.73 4.34
2.86 3.52 6.01 4.53
2.73 3.54 6.07 4.61
2.78 3.4 6.03 4.43
2.79 3.2 5.94 4.14
2.69 3.54 6.18 4.72
2.69 3.7 6.04 4.74
2.86 2.93 6.57 4.5
2.77 3.62 5.66 4.28
2.8 3.42 6.07 4.49
2.86 3.47 5.94 4.41
2.81 3.07 6.22 4.29
2.78 3.14 6.28 4.42
2.76 3.05 6.46 4.51
2.79 3.82 5.86 4.68
2.81 3.78 5.88 4.66
2.74 3.41 5.69 4.1
2.82 3.3 5.97 4.27
2.8 3.14 6.35 4.49
2.76 3.22 5.98 4.2
2.83 3.52 5.72 4.24
2.78 3.1 6.45 4.55
2.76 3.32 6.23 4.55
2.77 3.22 6.34 4.56
2.83 3.42 5.79 4.21
2.8 3.61 5.59 4.2
2.76 3.18 6.17 4.35
2.77 2.95 6.62 4.57
2.83 3.58 5.9 4.48
2.76 3.39 6.02 4.41
2.61 2.6 6.96 4.56
2.67 2.89 6.62 4.51
2.79 3.61 5.75 4.36
2.78 3.36 5.99 4.35
2.68 2.91 6.81 4.72
2.74 3.26 6.26 4.52
2.73 3.35 6.15 4.5
2.74 3.24 6.17 4.41
2.8 3.82 5.62 4.44
2.75 3.04 6.22 4.26
2.8 3.68 5.48 4.16
2.75 2.97 6.4 4.37
2.71 3.56 6.22 4.78
2.79 3.18 6.08 4.26
2.82 3.2 6.41 4.61
2.73 3.23 6.12 4.35
2.79 3.14 6.18 4.32
2.72 3.17 6.4 4.57
2.81 3.62 6.13 4.75
2.82 3.46 5.94 4.4
2.7 3.26 6.18 4.44
2.73 3.09 6.15 4.24
2.79 3.4 5.99 4.39
2.71 3.05 5.99 4.04
2.77 3.52 5.95 4.47
2.73 3.15 6.48 4.63
2.79 3.25 6.18 4.43
2.74 3.05 6.39 4.44
2.74 3.3 6.25 4.55
2.73 3.33 6.26 4.59
2.73 3.17 6.3 4.47
2.76 3.0 6.19 4.19
2.8 3.16 5.91 4.07
2.71 3.15 6.4 4.55
2.73 3.42 6.16 4.58
2.76 3.45 6.03 4.48
2.73 2.97 6.59 4.56
2.7 3.43 6.13 4.56
2.74 3.0 6.32 4.32
2.78 3.4 6.35 4.75
2.72 2.88 6.6 4.48
2.75 3.24 5.97 4.21
2.74 3.31 6.08 4.39
2.76 2.92 6.45 4.37
2.73 2.93 6.29 4.22
2.73 3.24 5.97 4.21
2.74 3.28 6.23 4.51
2.87 4.0 5.46 4.46
2.82 3.33 6.02 4.35
2.77 3.27 6.23 4.5
2.89 4.08 5.36 4.44
2.74 3.34 6.21 4.55
2.64 3.23 6.29 4.52
2.75 3.0 6.58 4.58
2.78 3.8 5.8 4.6
2.71 2.97 6.53 4.5
2.75 3.06 6.41 4.47
2.73 3.33 6.22 4.55
2.69 2.96 6.57 4.53
2.78 3.37 6.07 4.44
2.77 3.27 6.19 4.46
2.81 3.4 5.94 4.34
2.84 3.02 6.55 4.57
2.79 3.5 5.9 4.4
2.77 3.19 6.16 4.35
2.83 3.34 5.73 4.07
2.78 3.02 6.04 4.06
2.81 3.94 5.51 4.45
2.74 3.11 6.51 4.62
2.78 3.43 6.05 4.48
2.8 3.24 6.21 4.45
2.75 3.13 6.27 4.4
2.85 3.67 5.66 4.33
2.74 3.09 6.44 4.53
2.83 3.49 5.88 4.37
2.73 3.03 6.37 4.4
2.82 3.87 5.33 4.2
2.72 3.05 6.17 4.22
2.78 3.21 6.42 4.63
2.7 3.29 6.23 4.52
2.86 3.84 5.52 4.36
2.72 3.17 6.21 4.38
2.73 3.16 6.49 4.65
2.72 3.33 6.14 4.47
2.67 2.91 6.72 4.63
2.71 2.78 6.73 4.51
2.73 3.65 5.64 4.29
2.82 3.62 5.89 4.51
2.77 3.38 5.91 4.29
2.72 3.29 6.0 4.29
2.72 3.31 6.3 4.61
2.79 3.8 5.99 4.79
2.76 3.1 6.46 4.56
2.84 3.98 5.56 4.54
2.79 2.98 6.32 4.3
2.8 3.3 6.08 4.38
2.72 3.13 6.57 4.7
2.79 3.73 5.73 4.46
2.66 3.03 6.42 4.45
2.74 3.57 5.86 4.43
2.81 3.1 6.14 4.24
2.78 3.28 5.93 4.21
2.78 3.56 5.96 4.52
2.81 3.42 5.92 4.34
2.78 3.47 5.84 4.31
2.86 3.67 5.76 4.43
2.75 3.53 5.96 4.49
2.72 3.25 6.08 4.33
2.73 3.27 6.07 4.34
2.79 3.23 6.16 4.39
2.66 2.96 6.43 4.39
2.73 2.65 6.62 4.27
2.81 3.35 5.94 4.29
2.78 3.79 6.03 4.82
2.77 3.38 6.17 4.55
2.83 3.78 5.47 4.25
2.68 3.48 6.05 4.53
2.73 2.96 6.67 4.63
2.81 3.24 5.97 4.21
2.72 3.26 6.17 4.43
2.75 3.38 6.07 4.45
2.84 3.48 5.93 4.41
2.83 3.68 5.51 4.19
2.73 3.24 6.14 4.38
2.74 3.47 6.11 4.58
2.78 3.5 6.14 4.64
2.78 3.66 5.7 4.36
2.81 3.51 5.88 4.39
2.87 3.38 5.95 4.33
2.75 3.61 5.86 4.47
2.79 3.86 5.52 4.38
2.81 3.61 5.85 4.46
2.78 3.24 6.04 4.28
2.85 3.48 6.15 4.63
2.81 3.2 6.25 4.45
2.7 3.1 6.55 4.65
2.73 2.71 6.51 4.22
2.76 3.21 6.09 4.3
2.68 3.17 6.43 4.6
2.68 3.03 6.46 4.49
2.75 3.29 6.17 4.46
2.73 3.61 5.99 4.6
2.87 3.41 5.92 4.33
2.83 3.36 6.04 4.4
2.7 3.34 6.13 4.47
2.88 3.76 5.73 4.49
2.75 3.28 6.0 4.28
2.8 3.34 5.97 4.31
2.73 3.37 5.83 4.2
2.92 3.29 6.03 4.32
2.78 3.51 6.11 4.62
2.81 3.52 5.81 4.33
2.77 3.28 6.34 4.62
2.82 3.52 6.0 4.52
2.76 3.35 5.97 4.32
2.78 3.71 5.86 4.57
2.7 2.71 6.81 4.52
2.88 3.84 5.6 4.44
2.79 3.18 6.41 4.59
2.76 2.94 6.47 4.41
2.79 3.54 5.75 4.29
2.75 3.18 6.38 4.56
2.83 3.77 5.47 4.24
2.81 3.37 5.88 4.25
2.76 3.06 6.43 4.49
2.74 3.53 6.3 4.83
2.85 3.35 5.78 4.13
2.79 3.1 6.37 4.47
2.82 3.45 5.84 4.29
2.79 3.38 5.91 4.29
2.79 3.66 5.68 4.34
2.79 3.44 6.3 4.74
2.85 3.38 5.87 4.25
2.85 3.45 5.61 4.06
2.76 3.44 5.94 4.38
2.8 3.38 6.06 4.44
2.77 3.66 5.82 4.48
2.82 3.35 6.18 4.53
2.76 3.28 6.09 4.37
2.79 3.79 5.5 4.29
2.75 3.33 6.25 4.58
2.74 3.02 6.41 4.43
2.87 3.55 6.3 4.85
2.7 3.66 6.04 4.7
2.8 3.11 6.16 4.27
2.78 3.64 5.72 4.36
2.83 3.21 5.92 4.13
2.82 3.54 6.22 4.76
2.8 3.94 5.72 4.66
2.7 3.06 6.3 4.36
2.8 3.37 5.93 4.3
2.66 3.33 6.0 4.33
2.77 3.18 6.55 4.73
2.62 2.93 6.78 4.71
2.75 3.02 6.36 4.38
2.77 3.11 6.26 4.37
2.7 3.03 6.38 4.41
2.68 3.3 6.08 4.38
2.77 3.2 6.31 4.51
2.77 3.04 6.43 4.47
2.7 3.4 5.94 4.34
2.79 3.55 5.48 4.03
2.67 2.93 6.37 4.3
2.79 3.71 5.5 4.21
2.8 3.27 5.94 4.21
2.73 3.19 6.4 4.59
2.77 3.31 5.93 4.24
2.73 3.46 5.82 4.28
2.76 3.43 5.94 4.37
2.76 3.23 5.99 4.22
2.8 3.63 5.94 4.57
2.7 3.33 6.08 4.41
2.74 3.23 6.37 4.6
2.74 3.24 6.3 4.54
2.85 3.33 6.01 4.34
2.74 3.5 5.95 4.45
2.89 3.66 5.36 4.02
2.75 3.44 5.77 4.21
2.77 3.38 6.0 4.38
2.83 3.44 5.97 4.41
2.85 3.5 5.88 4.38
2.81 3.87 5.39 4.26
2.79 3.37 6.32 4.69
2.81 3.98 5.28 4.26
2.76 3.61 5.84 4.45
2.72 3.13 6.32 4.45
2.7 3.1 6.44 4.54
2.82 3.37 6.09 4.46
2.79 3.46 5.85 4.31
2.76 3.43 6.1 4.53
2.75 3.34 5.94 4.28
2.83 3.81 5.19 4.0
2.78 3.55 5.75 4.3
2.78 3.14 6.26 4.4
2.75 3.35 6.03 4.38
2.92 3.16 5.78 3.94
2.74 3.22 6.36 4.58
2.72 3.12 6.36 4.48
2.77 2.8 6.41 4.21
2.79 3.36 6.11 4.47
2.73 3.11 6.36 4.47
2.78 3.6 5.7 4.3
2.84 3.35 6.08 4.43
2.81 3.24 6.37 4.61
2.75 3.13 6.38 4.51
2.76 3.56 5.68 4.24
2.82 3.45 6.27 4.72
2.79 3.23 6.14 4.37
2.75 3.03 6.55 4.58
2.83 3.36 5.87 4.23
2.75 3.43 6.06 4.49
2.75 3.76 5.67 4.43
2.78 3.76 5.72 4.48
2.76 3.22 5.88 4.1
2.74 3.35 5.92 4.27
2.66 2.9 6.77 4.67
2.86 3.4 5.82 4.22
2.84 3.56 5.91 4.47
2.82 3.42 5.88 4.3
2.83 3.19 6.05 4.24
2.83 3.43 6.08 4.51
2.72 3.18 6.22 4.4
2.83 3.7 5.76 4.46
2.77 3.38 6.23 4.61
2.74 3.04 6.44 4.48
2.7 2.84 6.56 4.4
2.74 2.91 6.44 4.35
2.79 3.05 6.07 4.12
2.84 3.29 6.06 4.35
2.69 3.3 6.16 4.46
2.74 3.02 6.15 4.17
2.79 3.38 5.94 4.32
2.84 3.29 5.98 4.27
2.8 3.26 6.22 4.48
2.78 3.74 5.69 4.43
2.81 3.46 6.12 4.58
2.79 3.12 6.06 4.18
2.72 3.47 5.95 4.42
2.7 3.34 6.35 4.69
2.78 2.89 6.41 4.3
2.8 3.21 6.11 4.32
2.78 3.29 5.87 4.16
2.75 3.44 6.11 4.55
2.67 3.53 5.81 4.34
2.81 3.42 5.44 3.86
2.82 3.94 5.7 4.64
2.84 3.87 5.17 4.04
2.73 3.03 6.38 4.41
2.8 3.24 6.14 4.38
2.81 3.39 6.13 4.52
2.79 3.13 6.13 4.26
2.8 3.58 5.8 4.38
2.85 3.37 5.93 4.3
2.73 3.03 6.68 4.71
2.84 3.39 5.9 4.29
2.84 3.17 6.47 4.64
2.77 3.19 6.17 4.36
2.76 3.41 6.07 4.48
2.77 3.25 6.44 4.69
2.68 3.21 6.36 4.57
2.76 3.24 5.98 4.22
2.77 3.29 5.96 4.25
2.81 3.42 5.92 4.34
2.82 3.54 5.79 4.33
2.72 3.44 6.14 4.58
2.85 4.0 5.42 4.42
2.73 3.44 5.89 4.33
2.81 3.24 6.37 4.61
2.82 3.6 5.75 4.35
2.8 3.06 6.24 4.3
2.73 3.23 6.38 4.61
2.77 3.36 5.84 4.2
2.75 3.17 6.08 4.25
2.81 3.39 6.27 4.66
2.75 2.9 6.73 4.63
2.79 3.49 5.93 4.42
2.74 3.17 6.34 4.51
2.75 3.43 6.11 4.54
2.82 3.48 5.96 4.44
2.73 3.22 6.22 4.44
2.83 3.68 5.86 4.54
2.8 3.65 5.79 4.44
2.65 2.91 6.43 4.34
2.72 3.27 6.38 4.65
2.83 3.25 6.06 4.31
2.7 3.47 5.75 4.22
2.75 3.29 6.24 4.53
2.78 3.3 6.18 4.48
2.79 3.37 5.9 4.27
2.68 2.81 6.71 4.52
2.68 2.96 6.82 4.78
2.7 2.8 6.55 4.35
2.74 3.0 6.32 4.32
2.84 3.27 6.06 4.33
2.78 3.39 6.17 4.56
2.72 2.99 6.41 4.4
2.78 3.19 5.99 4.18
2.74 3.04 6.13 4.17
2.83 3.55 5.73 4.28
2.71 2.9 6.16 4.06
2.76 3.75 6.1 4.85
2.78 3.35 6.27 4.62
2.81 3.64 5.82 4.46
2.76 3.61 5.74 4.35
2.82 3.4 6.42 4.82
2.82 3.02 6.21 4.23
2.82 3.56 5.76 4.32
2.85 4.02 5.38 4.4
2.78 3.47 5.66 4.13
2.75 3.36 6.19 4.55
2.71 3.4 6.28 4.68
2.82 3.92 5.65 4.57
2.75 3.12 6.33 4.45
2.72 3.22 5.99 4.21
2.67 3.24 6.44 4.68
2.73 3.0 6.18 4.18
2.84 3.55 5.89 4.44
2.83 3.38 5.86 4.24
2.81 3.31 6.1 4.41
2.88 3.56 5.59 4.15
2.75 3.35 6.06 4.41
2.82 3.71 5.89 4.6
2.82 2.86 6.41 4.27
2.72 3.55 5.99 4.54
2.84 3.65 5.66 4.31
2.79 3.39 6.38 4.77
2.7 3.37 6.14 4.51
2.81 3.27 6.09 4.36
2.71 3.28 6.03 4.31
2.88 3.47 5.67 4.14
2.8 3.64 5.64 4.28
2.81 3.38 5.93 4.31
2.79 3.37 6.13 4.5
2.7 3.31 6.33 4.64
2.81 3.61 5.85 4.46
2.79 3.44 5.97 4.41
2.78 3.64 5.57 4.21
2.82 3.28 6.0 4.28
2.88 3.4 5.69 4.09
2.74 3.17 6.39 4.56
2.76 3.55 5.93 4.48
2.71 3.25 5.95 4.2
2.75 3.38 5.88 4.26
2.76 3.48 6.15 4.63
2.7 3.39 6.32 4.71
2.78 3.75 5.68 4.43
2.81 3.41 6.01 4.42
2.84 3.83 5.1 3.93
2.86 3.4 5.87 4.27
2.74 3.36 6.3 4.66
2.69 2.92 6.61 4.53
2.74 3.33 6.05 4.38
2.86 3.67 5.48 4.15
2.78 3.41 5.67 4.08
2.78 3.46 5.78 4.24
2.74 2.95 6.59 4.54
2.85 3.31 6.26 4.57
2.85 3.6 5.66 4.26
2.81 3.24 6.28 4.52
2.76 3.49 6.01 4.5
2.71 3.42 6.18 4.6
2.79 3.42 6.17 4.59
2.73 3.24 6.28 4.52
2.74 3.2 6.18 4.38
2.71 3.31 6.18 4.49
2.78 3.35 5.88 4.23
2.84 3.31 6.13 4.44
2.75 3.63 5.7 4.33
2.76 3.26 5.99 4.25
2.7 3.18 6.06 4.24
2.85 3.4 5.9 4.3
2.73 3.3 5.92 4.22
2.79 3.13 6.13 4.26
2.78 3.24 6.24 4.48
2.81 3.64 5.96 4.6
2.77 3.5 6.14 4.64
2.73 3.32 6.36 4.68
2.76 3.03 6.4 4.43
2.79 2.75 6.53 4.28
2.72 3.14 6.41 4.55
2.74 3.46 5.91 4.37
2.84 3.67 5.68 4.35
2.73 3.5 5.75 4.25
2.76 3.14 6.18 4.32
2.81 3.56 5.95 4.51
2.74 3.27 6.28 4.55
2.82 3.35 5.81 4.16
2.81 3.48 5.91 4.39
2.83 3.32 6.16 4.48
2.76 3.48 5.84 4.32
2.84 3.54 5.99 4.53
2.85 3.2 5.98 4.18
2.81 3.68 5.62 4.3
2.74 3.2 6.16 4.36
2.81 3.68 5.6 4.28
2.8 3.57 6.16 4.73
2.89 3.48 5.82 4.3
2.81 3.4 6.1 4.5
2.89 3.61 5.71 4.32
2.79 3.75 5.56 4.31
2.77 3.13 6.22 4.35
2.77 3.36 6.3 4.66
2.83 3.57 6.08 4.65
2.69 3.01 6.23 4.24
2.74 2.88 6.76 4.64
2.74 3.39 5.81 4.2
2.81 3.65 5.74 4.39
2.74 3.02 6.55 4.57
2.79 3.25 6.01 4.26
2.78 3.33 6.17 4.5
2.76 3.65 6.12 4.77
2.81 3.66 5.73 4.39
2.73 2.99 6.61 4.6
2.8 3.39 5.77 4.16
2.84 3.06 6.38 4.44
2.86 3.79 5.72 4.51
2.85 3.3 5.86 4.16
2.83 3.47 5.79 4.26
2.82 3.46 5.72 4.18
2.84 3.53 5.57 4.1
2.74 3.66 5.82 4.48
2.77 3.0 6.41 4.41
2.75 3.15 6.45 4.6
2.74 2.8 6.78 4.58
2.85 3.8 5.74 4.54
2.74 3.62 5.77 4.39
2.79 3.28 6.03 4.31
2.81 3.12 6.23 4.35
2.8 3.67 5.74 4.41
2.75 2.88 6.65 4.53
2.79 3.48 6.04 4.52
2.79 3.78 5.62 4.4
2.81 3.22 6.18 4.4
2.84 3.56 5.89 4.45
2.84 3.24 6.22 4.46
2.76 2.87 6.55 4.42
2.67 2.99 6.53 4.52
2.83 3.31 6.32 4.63
2.71 3.64 5.74 4.38
2.81 3.24 6.21 4.45
2.78 3.45 5.75 4.2
2.65 3.12 6.48 4.6
2.74 3.51 5.78 4.29
2.83 3.18 6.2 4.38
2.75 3.33 5.86 4.19
2.84 3.2 6.08 4.28
2.69 3.06 6.39 4.45
2.84 3.49 5.98 4.47
2.79 3.33 6.16 4.49
2.87 3.14 6.28 4.42
2.68 3.24 6.67 4.91
2.8 3.51 6.02 4.53
2.75 3.06 6.56 4.62
2.73 3.33 6.18 4.51
2.74 3.35 6.07 4.42
2.81 3.5 5.92 4.42
2.74 3.36 6.26 4.62
2.84 3.52 6.1 4.62
2.89 3.42 5.96 4.38
2.73 3.62 5.75 4.37
2.77 3.46 5.71 4.17
2.73 3.27 6.4 4.67
2.85 3.38 5.95 4.33
2.78 3.28 6.2 4.48
2.84 3.12 6.31 4.43
2.72 3.43 5.94 4.37
2.74 3.2 6.32 4.52
2.87 3.79 5.49 4.28
2.85 3.53 5.67 4.2
2.7 3.22 6.17 4.39
2.8 3.31 6.31 4.62
2.81 3.48 6.15 4.63
2.81 3.46 5.81 4.27
2.84 3.71 5.5 4.21
2.77 3.41 5.95 4.36
2.79 3.71 5.53 4.24
2.82 3.36 6.3 4.66
2.78 3.08 6.35 4.43
2.69 3.17 6.2 4.37
2.78 3.21 6.28 4.49
2.71 3.28 6.44 4.72
2.78 3.41 6.0 4.41
2.78 2.8 6.65 4.45
2.77 3.57 5.74 4.31
2.78 3.3 6.16 4.46
2.81 3.47 5.78 4.25
2.79 3.71 5.84 4.55
2.78 3.76 5.87 4.63
2.86 3.31 5.93 4.24
2.81 3.23 6.4 4.63
2.8 3.41 6.01 4.42
2.76 3.43 5.94 4.37
2.71 3.41 6.23 4.64
2.84 3.44 5.67 4.11
2.8 3.41 6.09 4.5
2.78 3.62 5.65 4.27
2.75 3.33 6.17 4.5
2.76 2.81 6.67 4.48
2.81 3.62 5.58 4.2
2.74 3.21 6.31 4.52
2.72 3.08 6.43 4.51
2.77 3.48 5.81 4.29
2.8 3.97 5.52 4.49
2.84 3.22 6.14 4.36
2.74 3.09 6.32 4.41
2.72 3.21 6.18 4.39
2.79 3.35 6.01 4.36
2.79 3.29 6.08 4.37
2.79 3.42 5.96 4.38
2.75 3.35 6.18 4.53
2.76 3.06 6.55 4.61
2.79 3.41 5.87 4.28
2.69 2.81 6.54 4.35
2.8 3.13 6.11 4.24
2.65 3.48 5.98 4.46
2.77 3.59 5.81 4.4
2.79 3.5 5.78 4.28
2.78 3.44 6.18 4.62
2.8 3.22 6.13 4.35
2.9 3.51 5.65 4.16
2.78 3.56 5.94 4.5
2.77 3.59 5.77 4.36
2.81 3.55 5.87 4.42
2.77 3.47 5.82 4.29
2.79 3.46 5.78 4.24
2.88 3.56 5.82 4.38
2.84 3.17 6.04 4.21
2.79 3.26 6.33 4.59
2.75 3.05 6.1 4.15
2.74 3.17 6.23 4.4
2.85 3.52 6.04 4.56
2.83 3.51 6.01 4.52
2.78 3.47 6.08 4.55
2.75 3.18 6.05 4.23
2.85 3.32 6.16 4.48
2.84 3.54 5.96 4.5
2.8 3.12 6.18 4.3
2.81 3.59 5.85 4.44
2.86 2.59 6.5 4.09
2.73 2.96 6.38 4.34
2.75 3.47 6.02 4.49
2.8 3.56 5.81 4.37
2.8 3.69 5.63 4.32
2.69 3.8 5.56 4.36
2.75 3.62 5.77 4.39
2.77 3.43 5.86 4.29
2.84 2.87 6.43 4.3
2.81 3.7 5.63 4.33
2.77 3.32 6.12 4.44
2.78 3.33 6.3 4.63
2.81 3.37 6.2 4.57
2.76 3.27 6.1 4.37
2.68 3.16 6.21 4.37
2.76 3.69 5.92 4.61
2.8 3.15 6.25 4.4
2.8 3.46 5.96 4.42
2.81 3.65 5.44 4.09
2.74 3.22 5.99 4.21
2.84 3.49 5.83 4.32
2.79 3.3 6.07 4.37
2.77 3.48 5.88 4.36
2.8 3.49 6.01 4.5
2.81 3.73 5.75 4.48
2.78 3.25 6.3 4.55
2.82 3.6 5.55 4.15
2.72 3.06 6.3 4.36
2.68 3.31 6.08 4.39
2.8 3.59 5.77 4.36
2.81 3.41 6.11 4.52
2.81 3.23 6.4 4.63
2.81 3.37 6.04 4.41
2.83 4.0 5.5 4.5
2.83 3.7 5.76 4.46
2.83 3.86 5.79 4.65
2.79 3.32 6.4 4.72
2.78 3.48 6.04 4.52
2.75 3.8 5.97 4.77
2.76 3.3 6.08 4.38
2.73 3.47 6.13 4.6
2.73 3.5 6.33 4.83
2.73 3.67 5.71 4.38
2.7 3.3 5.99 4.29
2.84 3.25 6.03 4.28
2.8 3.45 6.08 4.53
2.83 3.51 5.79 4.3
2.86 3.51 5.82 4.33
2.84 3.29 6.13 4.42
2.74 3.05 6.72 4.77
2.72 3.6 5.8 4.4
2.83 3.34 6.02 4.36
2.8 3.54 5.97 4.51
2.85 3.16 6.31 4.47
2.69 3.19 6.05 4.24
2.7 3.14 6.45 4.59
2.72 3.34 6.07 4.41
2.78 3.45 5.88 4.33
2.76 3.32 6.0 4.32
2.75 3.59 5.93 4.52
2.8 3.29 6.22 4.51
2.78 3.59 5.86 4.45
2.75 3.59 5.83 4.42
2.85 3.64 6.07 4.71
2.75 3.41 5.99 4.4
2.79 3.53 5.66 4.19
2.84 3.44 5.88 4.32
2.67 3.27 6.13 4.4
2.71 3.28 6.2 4.48
2.8 3.03 6.24 4.27
2.69 3.5 5.8 4.3
2.86 3.19 6.08 4.27
2.79 3.61 5.88 4.49
2.81 3.2 6.17 4.37
2.72 3.43 5.76 4.19
2.82 3.34 5.86 4.2
2.79 3.44 5.87 4.31
2.77 3.53 5.98 4.51
2.77 3.2 6.14 4.34
2.84 3.0 6.3 4.3
2.81 3.5 5.96 4.46
2.77 3.21 6.26 4.47
2.78 3.62 5.75 4.37
2.81 3.46 5.94 4.4
2.76 3.64 5.74 4.38
2.76 3.4 6.01 4.41
2.82 3.68 5.81 4.49
2.85 3.81 5.5 4.31
2.63 2.89 6.64 4.53
2.66 3.27 6.0 4.27
2.78 3.28 5.77 4.05
2.77 3.47 5.93 4.4
2.84 3.13 6.07 4.2
2.72 3.11 6.58 4.69
2.76 3.7 5.82 4.52
2.81 3.15 6.15 4.3
2.89 3.19 6.28 4.47
2.76 3.44 6.2 4.64
2.84 3.53 5.66 4.19
2.89 3.5 5.82 4.32
2.8 3.48 5.98 4.46
2.84 3.4 5.98 4.38
2.79 3.43 5.78 4.21
2.79 2.97 6.47 4.44
2.81 3.26 5.95 4.21
2.73 3.56 6.21 4.77
2.7 3.15 6.32 4.47
2.77 3.2 6.26 4.46
2.76 3.15 5.96 4.11
2.87 4.03 5.07 4.1
2.83 3.35 5.75 4.1
2.8 3.4 5.97 4.37
2.83 3.64 5.73 4.37
2.75 3.68 5.81 4.49
2.73 3.42 6.23 4.65
2.77 3.41 5.86 4.27
2.68 2.86 6.56 4.42
2.78 3.42 5.98 4.4
2.84 3.6 5.72 4.32
2.71 3.37 6.38 4.75
2.83 3.75 5.73 4.48
2.76 3.56 5.73 4.29
2.74 3.42 5.76 4.18
2.81 3.27 6.04 4.31
2.66 3.28 6.38 4.66
2.68 3.21 6.13 4.34
2.8 3.67 5.62 4.29
2.81 3.39 6.12 4.51
2.76 3.31 5.93 4.24
2.76 3.44 6.01 4.45
2.71 3.27 6.19 4.46
2.81 3.11 6.16 4.27
2.83 3.5 5.92 4.42
2.76 3.15 6.2 4.35
2.77 3.4 5.91 4.31
2.8 3.41 5.86 4.27
2.8 3.51 6.21 4.72
2.79 3.29 5.95 4.24
2.78 3.62 5.87 4.49
2.63 2.93 6.62 4.55
2.75 3.28 5.96 4.24
2.81 3.29 6.16 4.45
2.75 3.24 6.41 4.65
2.78 2.77 6.66 4.43
2.76 3.44 6.14 4.58
2.78 3.57 5.77 4.34
2.76 3.61 5.91 4.52
2.79 3.53 5.65 4.18
2.79 3.42 5.9 4.32
2.76 3.44 5.97 4.41
2.8 3.73 5.79 4.52
2.65 3.41 6.08 4.49
2.78 3.24 6.24 4.48
2.76 3.29 6.39 4.68
2.86 3.34 5.77 4.11
2.82 3.55 5.78 4.33
2.76 3.55 5.93 4.48
2.8 3.56 5.44 4.0
2.78 3.25 6.0 4.25
2.68 3.41 6.12 4.53
2.75 3.52 5.76 4.28
2.7 3.14 6.02 4.16
2.78 3.25 6.07 4.32
2.8 3.33 6.09 4.42
2.81 3.55 5.7 4.25
2.82 3.42 6.1 4.52
2.76 3.15 6.18 4.33
2.82 3.44 5.85 4.29
2.76 3.12 6.36 4.48
2.81 3.47 5.86 4.33
2.79 2.98 6.87 4.85
2.79 2.96 6.45 4.41
2.81 3.95 5.56 4.51
2.75 3.22 5.74 3.96
2.79 3.13 6.43 4.56
2.79 3.69 5.82 4.51
2.85 3.55 5.64 4.19
2.81 3.58 5.89 4.47
2.72 3.61 5.7 4.31
2.76 3.4 5.73 4.13
2.77 3.33 6.24 4.57
2.73 3.42 6.02 4.44
2.82 3.18 6.22 4.4
2.75 2.84 6.65 4.49
2.91 3.64 5.31 3.95
2.71 3.08 6.61 4.69
2.8 3.33 6.13 4.46
2.82 3.38 6.34 4.72
2.78 3.47 5.93 4.4
2.66 2.97 6.61 4.58
2.73 3.48 6.15 4.63
2.8 3.31 5.96 4.27
2.78 3.28 6.14 4.42
2.76 3.44 6.18 4.62
2.69 3.21 6.15 4.36
2.72 3.58 5.99 4.57
2.71 2.98 6.31 4.29
2.75 3.38 6.01 4.39
2.71 3.16 6.24 4.4
2.75 3.51 5.79 4.3
2.84 3.04 6.17 4.21
2.72 3.01 6.52 4.53
2.68 3.14 6.42 4.56
2.77 3.46 6.08 4.54
2.79 2.87 6.71 4.58
2.71 3.45 6.02 4.47
2.77 3.79 5.59 4.38
2.8 3.51 5.8 4.31
2.75 3.31 6.2 4.51
2.81 3.19 6.13 4.32
2.7 3.05 6.15 4.2
2.81 3.57 6.1 4.67
2.8 3.17 6.05 4.22
2.73 3.37 6.24 4.61
2.76 3.44 5.85 4.29
2.67 3.13 6.54 4.67
2.76 3.37 6.14 4.51
2.85 3.55 5.79 4.34
2.79 3.01 6.32 4.33
2.82 3.59 5.74 4.33
2.74 3.55 6.13 4.68
2.78 3.2 6.12 4.32
2.71 3.14 6.34 4.48
2.76 3.39 5.99 4.38
2.71 3.35 6.05 4.4
2.75 3.12 6.4 4.52
2.77 3.35 6.17 4.52
2.72 2.88 6.63 4.51
2.81 3.49 5.99 4.48
2.84 3.56 5.49 4.05
2.86 3.3 6.06 4.36
2.76 3.09 6.3 4.39
2.83 3.44 5.77 4.21
2.84 3.43 5.8 4.23
2.68 3.1 6.53 4.63
2.79 3.76 5.6 4.36
2.78 3.38 6.13 4.51
2.78 3.71 5.77 4.48
2.82 3.19 6.49 4.68
2.81 3.41 6.2 4.61
2.74 3.16 6.43 4.59
2.81 3.71 5.7 4.41
2.79 3.51 6.0 4.51
2.79 3.13 6.64 4.77
2.7 3.53 6.02 4.55
2.74 3.27 6.36 4.63
2.83 3.74 5.56 4.3
2.76 3.44 5.89 4.33
2.75 3.28 6.05 4.33
2.68 3.6 6.06 4.66
2.7 3.44 5.98 4.42
2.83 3.84 5.56 4.4
2.82 3.28 5.93 4.21
2.78 3.18 6.17 4.35
2.8 3.74 5.8 4.54
2.81 3.52 5.88 4.4
2.83 3.29 5.96 4.25
2.83 3.46 5.94 4.4
2.78 3.35 6.02 4.37
2.8 3.33 5.92 4.25
2.79 4.14 5.15 4.29
2.72 2.95 6.33 4.28
2.84 3.33 6.12 4.45
2.83 3.32 6.18 4.5
2.77 3.47 5.98 4.45
2.84 3.14 6.44 4.58
2.72 3.21 6.01 4.22
2.77 3.07 6.37 4.44
2.74 3.35 6.14 4.49
2.88 3.8 5.39 4.19
2.76 3.32 6.16 4.48
2.78 3.69 5.45 4.14
2.84 3.39 5.85 4.24
2.73 3.26 6.21 4.47
2.81 3.16 5.99 4.15
2.76 3.79 5.92 4.71
2.83 3.43 5.98 4.41
2.79 3.38 6.08 4.46
2.8 3.45 5.82 4.27
2.77 2.88 6.46 4.34
2.76 3.09 6.37 4.46
2.84 3.41 5.92 4.33
2.83 3.48 5.75 4.23
2.87 3.32 5.99 4.31
2.85 3.82 5.37 4.19
2.77 3.5 5.62 4.12
2.64 3.31 6.15 4.46
2.72 3.35 6.11 4.46
2.76 3.75 5.73 4.48
2.69 3.36 6.21 4.57
2.75 3.31 5.99 4.3
2.77 3.12 6.22 4.34
2.74 3.45 6.09 4.54
2.78 3.26 5.99 4.25
2.84 3.53 5.85 4.38
2.82 3.14 6.0 4.14
2.8 3.43 5.86 4.29
2.75 3.44 5.9 4.34
2.76 3.19 5.9 4.09
2.82 3.32 5.89 4.21
2.73 3.22 6.17 4.39
2.78 3.61 5.78 4.39
2.77 3.41 6.11 4.52
2.75 3.43 6.3 4.73
2.78 3.25 6.16 4.41
2.72 3.11 6.38 4.49
2.79 3.25 6.25 4.5
2.78 2.73 6.64 4.37
2.73 2.88 6.44 4.32
2.84 3.44 5.91 4.35
2.81 3.39 5.79 4.18
2.76 3.29 6.2 4.49
2.8 3.28 5.85 4.13
2.84 3.38 6.05 4.43
2.81 3.54 5.96 4.5
2.76 3.42 5.78 4.2
2.79 3.28 5.97 4.25
2.79 3.37 6.32 4.69
2.69 3.01 6.42 4.43
2.78 3.54 5.69 4.23
2.74 3.16 6.11 4.27
2.71 3.03 6.42 4.45
2.75 3.33 6.08 4.41
2.82 3.87 5.72 4.59
2.81 3.11 6.26 4.37
2.78 3.33 5.92 4.25
2.7 3.37 6.15 4.52
2.79 3.52 5.69 4.21
2.68 3.02 6.29 4.31
2.73 3.06 6.46 4.52
2.83 3.7 5.42 4.12
2.73 2.86 6.55 4.41
2.77 3.46 5.98 4.44
2.81 3.37 6.01 4.38
2.78 3.58 5.76 4.34
2.76 3.35 5.82 4.17
2.83 3.45 6.09 4.54
2.84 3.38 5.96 4.34
2.8 3.34 6.13 4.47
2.79 3.35 6.05 4.4
2.82 3.61 5.65 4.26
2.76 3.64 5.61 4.25
2.73 3.25 6.42 4.67
2.71 3.76 6.19 4.95
2.74 3.14 6.48 4.62
2.76 3.15 6.29 4.44
2.81 2.93 6.45 4.38
2.73 3.47 5.92 4.39
2.85 3.1 6.28 4.38
2.79 3.29 6.16 4.45
2.78 3.25 6.14 4.39
2.81 3.44 6.19 4.63
2.75 3.5 6.23 4.73
2.77 3.16 6.27 4.43
2.74 3.7 5.63 4.33
2.79 3.2 6.24 4.44
2.75 3.34 6.3 4.64
2.79 3.65 5.96 4.61
2.67 2.87 6.29 4.16
2.79 3.63 5.61 4.24
2.87 3.56 5.75 4.31
2.85 3.39 5.75 4.14
2.76 3.27 6.2 4.47
2.79 3.29 5.86 4.15
2.71 3.02 6.53 4.55
2.8 3.25 6.2 4.45
2.74 2.95 6.52 4.47
2.78 3.56 5.88 4.44
2.74 3.47 5.89 4.36
2.83 3.34 5.88 4.22
2.8 3.21 6.09 4.3
2.76 3.1 6.2 4.3
2.79 3.08 6.32 4.4
2.74 3.31 5.96 4.27
2.72 3.26 6.06 4.32
2.75 2.98 6.17 4.15
2.74 3.03 6.54 4.57
2.8 3.51 6.04 4.55
2.77 3.65 5.77 4.42
2.84 3.5 5.56 4.06
2.78 2.75 6.85 4.6
2.82 3.24 6.21 4.45
2.69 3.21 6.46 4.67
2.81 3.49 6.04 4.53
2.85 3.56 5.87 4.43
2.78 3.21 6.12 4.33
2.76 3.11 6.26 4.37
2.82 3.55 5.99 4.54
2.79 3.24 6.22 4.46
2.73 3.37 5.91 4.28
2.85 3.67 5.88 4.55
2.76 3.46 6.11 4.57
2.78 2.94 6.48 4.42
2.76 3.18 6.04 4.22
2.75 2.89 6.38 4.27
2.61 2.93 6.59 4.52
2.7 2.9 6.63 4.53
2.69 3.0 6.6 4.6
2.75 3.19 6.19 4.38
2.78 2.8 6.64 4.44
2.74 2.91 6.44 4.35
2.8 3.33 6.37 4.7
2.75 3.42 5.87 4.29
2.82 2.98 6.27 4.25
2.65 3.13 6.31 4.44
2.81 3.76 5.89 4.65
2.71 3.04 6.56 4.6
2.69 3.04 6.52 4.56
2.88 3.83 5.58 4.41
2.79 3.89 5.45 4.34
2.8 3.4 6.23 4.63
2.75 3.5 5.93 4.43
2.84 3.42 6.06 4.48
2.67 2.99 6.43 4.42
2.85 3.23 6.32 4.55
2.77 3.43 6.22 4.65
2.79 3.22 6.2 4.42
2.77 3.38 6.05 4.43
2.79 3.37 5.93 4.3
2.85 3.69 5.84 4.53
2.75 3.06 6.28 4.34
2.73 3.48 6.0 4.48
2.73 3.36 5.99 4.35
2.9 3.88 5.54 4.42
2.8 3.6 5.66 4.26
2.78 2.86 6.43 4.29
2.79 3.34 6.12 4.46
2.81 3.71 5.7 4.41
2.86 3.69 5.77 4.46
2.77 3.06 6.2 4.26
2.75 3.15 6.25 4.4
2.82 3.37 5.92 4.29
2.73 2.75 6.51 4.26
2.75 3.25 6.11 4.36
2.73 3.65 6.06 4.71
2.83 3.52 5.8 4.32
2.74 3.04 6.42 4.46
2.76 3.4 5.87 4.27
2.88 3.56 5.83 4.39
2.81 3.56 5.77 4.33
2.8 3.31 5.82 4.13
2.79 3.05 6.28 4.33
2.91 3.16 6.13 4.29
2.7 2.9 6.53 4.43
2.77 3.42 6.35 4.77
2.83 3.42 5.84 4.26
2.78 3.45 5.87 4.32
2.79 3.23 6.32 4.55
2.78 3.07 6.2 4.27
2.64 3.0 6.69 4.69
2.78 3.5 6.03 4.53
2.79 3.51 5.93 4.44
2.79 3.34 6.17 4.51
2.78 3.14 6.54 4.68
2.81 3.74 5.57 4.31
2.68 3.42 6.25 4.67
2.75 3.4 5.93 4.33
2.85 3.61 5.55 4.16
2.81 3.47 6.42 4.89
2.75 3.17 6.26 4.43
2.8 3.12 6.19 4.31
2.73 2.92 6.63 4.55
2.63 3.16 6.7 4.86
2.71 3.21 6.4 4.61
2.83 3.54 6.15 4.69
2.77 3.28 6.32 4.6
2.76 3.42 6.12 4.54
2.77 3.55 6.02 4.57
2.73 3.59 5.97 4.56
2.78 3.5 6.18 4.68
2.75 3.4 6.1 4.5
2.78 3.53 5.89 4.42
2.76 3.6 5.74 4.34
2.78 3.44 5.98 4.42
2.79 3.34 6.14 4.48
2.79 3.58 5.92 4.5
2.83 3.4 6.1 4.5
2.8 3.24 6.11 4.35
2.79 3.32 6.32 4.64
2.8 3.57 5.78 4.35
2.82 3.22 6.22 4.44
2.8 3.3 6.23 4.53
2.77 3.49 5.89 4.38
2.82 3.89 5.48 4.37
2.77 3.01 6.31 4.32
2.79 3.51 6.05 4.56
2.77 3.14 6.25 4.39
2.82 3.46 5.67 4.13
2.8 3.54 5.96 4.5
2.81 3.75 5.44 4.19
2.78 3.6 5.73 4.33
2.78 3.36 6.02 4.38
2.83 3.74 5.89 4.63
2.77 3.15 6.02 4.17
2.76 3.14 6.11 4.25
2.75 3.4 6.11 4.51
2.82 3.55 5.84 4.39
2.74 3.61 6.04 4.65
2.86 3.17 6.37 4.54
2.86 3.6 5.74 4.34
2.78 3.15 6.28 4.43
2.76 3.06 6.35 4.41
2.74 2.92 6.56 4.48
2.7 3.09 6.28 4.37
2.72 2.93 6.64 4.57
2.72 3.2 6.38 4.58
2.71 3.11 6.6 4.71
2.73 3.47 5.7 4.17
2.74 3.54 5.94 4.48
2.83 3.7 5.63 4.33
2.85 3.3 6.12 4.42
2.81 3.08 6.28 4.36
2.79 3.08 6.08 4.16
2.83 2.8 6.71 4.51
2.78 3.1 6.41 4.51
2.71 3.23 6.06 4.29
2.74 3.21 6.02 4.23
2.69 3.12 6.27 4.39
2.78 3.52 5.8 4.32
2.83 3.67 5.62 4.29
2.8 3.5 5.74 4.24
2.79 3.37 6.21 4.58
2.82 3.47 6.04 4.51
2.73 3.37 6.06 4.43
2.76 3.12 6.28 4.4
2.79 3.88 5.48 4.36
2.76 2.85 6.35 4.2
2.73 3.01 6.52 4.53
2.87 3.77 5.78 4.55
2.79 3.56 6.03 4.59
2.87 3.47 5.8 4.27
2.81 3.43 5.84 4.27
2.77 3.59 6.03 4.62
2.83 3.38 5.98 4.36
2.83 3.68 5.97 4.65
2.75 3.6 5.98 4.58
2.77 3.78 5.48 4.26
2.74 3.31 6.16 4.47
2.65 3.8 5.51 4.31
2.79 3.25 6.13 4.38
2.75 3.52 5.91 4.43
2.84 3.52 5.96 4.48
2.81 3.14 6.06 4.2
2.83 3.94 5.68 4.62
2.63 3.29 6.24 4.53
2.81 3.6 5.64 4.24
2.74 3.25 6.39 4.64
2.83 3.41 5.84 4.25
2.85 3.6 5.76 4.36
2.76 3.45 5.94 4.39
2.86 3.87 5.48 4.35
2.82 3.39 6.11 4.5
2.74 3.19 6.36 4.55
2.69 3.35 6.27 4.62
2.82 3.45 5.9 4.35
2.79 3.54 5.6 4.14
2.79 3.16 6.2 4.36
2.69 3.22 6.43 4.65
2.75 3.01 6.29 4.3
2.79 3.2 6.18 4.38
2.82 3.64 5.87 4.51
2.68 3.51 6.17 4.68
2.79 3.5 6.04 4.54
2.85 3.5 5.7 4.2
2.78 3.18 6.14 4.32
2.84 3.72 5.69 4.41
2.71 3.45 5.85 4.3
2.75 3.4 6.07 4.47
2.76 3.24 6.01 4.25
2.78 3.65 5.53 4.18
2.84 3.73 5.45 4.18
2.77 3.3 6.11 4.41
2.78 2.92 6.5 4.42
2.76 3.42 5.85 4.27
2.8 3.36 5.8 4.16
2.8 3.64 5.84 4.48
2.83 3.44 6.1 4.54
2.8 3.45 5.92 4.37
2.74 3.0 6.47 4.47
2.79 3.7 5.63 4.33
2.77 3.62 5.73 4.35
2.79 3.14 6.11 4.25
2.77 4.1 5.6 4.7
2.68 3.07 6.52 4.59
2.8 3.2 6.27 4.47
2.8 3.67 5.77 4.44
2.77 3.46 5.97 4.43
2.72 3.5 5.98 4.48
2.79 3.36 5.71 4.07
2.77 3.04 6.49 4.53
2.75 3.27 6.07 4.34
2.78 3.28 6.26 4.54
2.75 3.54 5.98 4.52
2.65 3.04 6.67 4.71
2.85 3.52 6.07 4.59
2.76 3.05 6.36 4.41
2.66 3.24 6.1 4.34
2.76 3.26 6.24 4.5
2.74 3.8 5.58 4.38
2.83 3.8 5.8 4.6
2.76 3.6 5.77 4.37
2.81 3.16 6.19 4.35
2.76 3.2 6.1 4.3
2.74 3.45 5.59 4.04
2.81 3.49 6.07 4.56
2.79 3.43 5.96 4.39
2.8 3.52 6.14 4.66
2.79 3.56 5.74 4.3
2.74 3.5 5.93 4.43
2.78 3.63 5.77 4.4
2.81 3.61 5.58 4.19
2.74 3.36 6.0 4.36
2.75 3.43 5.99 4.42
2.84 3.66 5.54 4.2
2.72 2.96 6.36 4.32
2.81 3.57 5.85 4.42
2.69 2.84 6.91 4.75
2.82 3.49 6.07 4.56
2.75 3.45 6.07 4.52
2.79 3.45 6.04 4.49
2.8 3.28 6.0 4.28
2.79 3.51 6.01 4.52
2.77 3.4 6.09 4.49
2.72 3.28 5.88 4.16
2.83 3.67 5.79 4.46
2.85 3.1 6.46 4.56
2.8 3.36 5.87 4.23
2.7 3.07 6.35 4.42
2.83 3.58 5.58 4.16
2.81 2.96 6.47 4.43
2.73 3.52 5.89 4.41
2.74 3.16 6.23 4.39
2.73 2.96 6.59 4.55
2.81 3.36 6.27 4.63
2.68 3.2 6.2 4.4
2.75 3.41 6.3 4.71
2.75 3.07 6.48 4.55
2.81 3.61 5.41 4.02
2.75 3.19 6.62 4.81
2.88 3.4 5.68 4.08
2.77 3.32 5.94 4.26
2.75 3.0 6.56 4.56
2.7 3.18 6.55 4.73
2.79 3.06 6.21 4.27
2.69 3.29 6.01 4.3
2.75 3.59 5.71 4.3
2.81 3.42 5.88 4.3
2.82 3.09 6.33 4.42
2.76 3.81 5.9 4.71
2.77 3.27 6.37 4.64
2.66 3.32 6.22 4.54
2.71 3.09 6.58 4.67
2.76 3.32 6.07 4.39
2.78 2.99 6.17 4.16
2.82 3.07 6.57 4.64
2.76 3.24 5.79 4.03
2.82 3.81 5.69 4.5
2.74 2.9 6.69 4.59
2.73 3.52 5.78 4.3
2.78 2.93 6.25 4.18
2.9 3.39 5.59 3.98
2.78 3.64 5.91 4.55
2.78 3.78 5.6 4.38
2.79 3.62 5.68 4.3
2.77 3.33 6.26 4.59
2.82 2.9 6.16 4.06
2.76 3.46 5.86 4.32
2.78 2.92 6.39 4.31
2.85 3.43 5.92 4.35
2.85 3.46 5.81 4.27
2.8 3.4 6.18 4.58
2.75 3.44 5.72 4.16
2.8 3.71 5.65 4.36
2.75 3.56 6.05 4.61
2.82 3.15 6.16 4.31
2.84 3.56 5.55 4.11
2.78 3.31 5.97 4.28
2.82 3.65 5.77 4.42
2.75 3.75 5.72 4.47
2.76 3.56 6.07 4.63
2.77 3.77 5.93 4.7
2.85 3.47 5.8 4.27
2.79 3.53 5.82 4.35
2.71 3.1 6.52 4.62
2.81 3.48 5.88 4.36
2.83 3.61 5.57 4.18
2.83 3.81 5.52 4.33
2.83 3.55 5.87 4.42
2.79 3.52 5.92 4.44
2.75 3.35 6.16 4.51
2.68 3.06 6.24 4.3
2.78 3.74 5.67 4.41
2.76 3.05 6.51 4.56
2.77 3.25 6.08 4.33
2.74 3.66 5.94 4.6
2.72 3.14 6.15 4.29
2.75 3.68 5.79 4.47
2.8 3.03 6.34 4.37
2.72 3.26 5.93 4.19
2.75 3.55 5.85 4.4
2.71 3.29 6.28 4.57
2.73 3.14 6.43 4.57
2.84 3.42 6.31 4.73
2.76 3.23 5.82 4.05
2.82 3.34 6.14 4.48
2.84 3.51 5.94 4.45
2.77 3.37 6.02 4.39
2.8 3.33 6.22 4.55
2.86 3.48 5.92 4.4
2.82 3.67 5.88 4.55
2.83 3.24 6.13 4.37
2.74 3.19 6.49 4.68
2.76 3.21 5.94 4.15
2.77 3.52 5.97 4.49
2.74 3.37 5.95 4.32
2.74 3.19 6.08 4.27
2.74 3.61 5.59 4.2
2.74 3.27 6.42 4.69
2.77 3.14 6.41 4.55
2.77 3.03 6.39 4.42
2.79 3.14 6.03 4.17
2.82 3.53 5.71 4.24
2.79 3.36 6.13 4.49
2.72 3.19 6.24 4.43
2.67 3.03 6.41 4.44
2.73 3.63 5.85 4.48
2.77 3.37 5.9 4.27
2.78 3.2 6.51 4.71
2.72 3.45 6.0 4.45
2.74 3.14 6.37 4.51
2.77 3.95 5.56 4.51
2.79 3.21 6.43 4.64
2.8 3.46 6.11 4.57
2.77 3.32 6.12 4.44
2.76 3.36 6.03 4.39
2.79 3.1 6.45 4.55
2.78 3.56 5.99 4.55
2.76 3.02 6.41 4.43
2.84 3.74 5.51 4.25
2.77 3.28 6.33 4.61
2.83 3.64 5.9 4.54
2.81 3.55 5.87 4.42
2.79 3.44 5.9 4.34
2.8 3.29 6.03 4.32
2.81 3.8 5.61 4.41
2.85 3.71 5.53 4.24
2.83 3.83 5.41 4.24
2.81 3.56 5.92 4.48
2.8 3.33 5.84 4.17
2.71 3.28 6.17 4.45
2.73 2.95 6.77 4.72
2.79 3.37 6.03 4.4
2.83 3.68 5.48 4.16
2.79 3.49 6.22 4.71
2.76 3.37 6.41 4.78
2.76 2.98 6.41 4.39
2.69 2.68 7.06 4.74
2.73 3.46 5.93 4.39
2.75 3.14 6.37 4.51
2.74 3.24 6.15 4.39
2.81 3.18 6.37 4.55
2.79 3.08 6.29 4.37
2.79 3.69 5.7 4.39
2.77 3.3 6.21 4.51
2.72 3.78 5.96 4.74
2.78 3.36 6.0 4.36
2.76 3.0 6.45 4.45
2.82 3.51 5.93 4.44
2.69 3.05 6.3 4.35
2.81 3.61 6.12 4.73
2.73 3.47 5.87 4.34
2.79 3.3 6.13 4.43
2.7 3.19 6.35 4.54
2.77 3.22 6.27 4.49
2.86 3.37 6.09 4.46
2.7 3.27 6.26 4.53
2.77 3.33 6.26 4.59
2.91 3.71 5.4 4.11
2.77 3.3 6.11 4.41
2.78 3.63 5.69 4.32
2.68 2.84 6.63 4.47
2.8 3.31 6.03 4.34
2.83 3.33 6.24 4.57
2.87 3.69 5.56 4.25
2.77 3.2 6.05 4.25
2.84 3.59 5.63 4.22
2.79 3.51 5.92 4.43
2.76 3.26 6.35 4.61
2.77 3.43 6.28 4.71
2.8 3.38 6.25 4.63
2.74 3.4 5.98 4.38
2.68 3.15 6.24 4.39
2.81 3.48 5.85 4.33
2.85 3.51 5.65 4.16
2.77 3.32 6.07 4.39
2.74 3.2 6.23 4.43
2.73 3.59 5.76 4.35
2.75 3.17 6.27 4.44
2.77 3.27 6.21 4.48
2.74 3.48 5.83 4.31
2.78 3.44 6.02 4.46
2.78 3.14 6.24 4.38
2.69 3.01 6.51 4.52
2.76 3.65 5.76 4.41
2.79 3.24 6.2 4.44
2.8 3.35 6.06 4.41
2.7 2.96 6.41 4.37
2.83 3.33 5.89 4.22
2.72 2.98 6.54 4.52
2.8 3.02 6.5 4.52
2.74 3.15 6.23 4.38
2.83 3.46 5.78 4.24
2.77 3.67 6.01 4.68
2.75 3.27 5.85 4.12
2.7 3.25 6.13 4.38
2.75 3.16 6.42 4.58
2.78 3.41 5.77 4.18
2.89 3.34 5.92 4.26
2.79 3.16 6.31 4.47
2.73 3.24 6.19 4.43
2.82 3.46 5.84 4.3
2.8 3.45 5.79 4.24
2.71 3.12 6.35 4.47
2.81 3.18 6.11 4.29
2.85 3.72 5.97 4.69
2.77 3.29 5.79 4.08
2.72 3.21 6.47 4.68
2.74 3.52 5.86 4.38
2.7 3.29 5.92 4.21
2.8 3.49 5.99 4.48
2.77 3.36 5.92 4.28
2.79 3.19 6.0 4.19
2.83 3.49 5.86 4.35
2.75 3.39 5.93 4.32
2.75 3.45 5.82 4.27
2.79 3.29 6.14 4.43
2.71 3.02 6.46 4.48
2.82 3.44 6.04 4.48
2.7 3.54 5.89 4.43
2.71 2.96 6.54 4.5
2.78 3.61 5.73 4.34
2.81 3.65 5.72 4.37
2.81 3.3 5.77 4.07
2.83 3.33 6.07 4.4
2.76 3.63 5.95 4.58
2.77 3.56 5.77 4.33
2.79 3.38 5.99 4.37
2.82 3.21 6.34 4.55
2.77 3.2 6.27 4.47
2.79 3.57 5.78 4.35
2.79 3.07 6.3 4.37
2.71 3.24 6.2 4.44
2.74 3.15 6.13 4.28
2.75 3.01 6.24 4.25
2.79 3.49 6.07 4.56
2.78 3.22 5.95 4.17
2.8 3.74 5.63 4.37
2.87 3.28 6.05 4.33
2.84 3.34 5.95 4.29
2.76 3.02 6.41 4.43
2.76 3.4 6.03 4.43
2.79 3.47 6.2 4.67
2.76 3.36 5.91 4.27
2.71 3.25 6.24 4.49
2.77 3.37 6.13 4.5
2.79 3.2 6.08 4.28
2.73 3.46 6.08 4.54
2.72 2.73 6.67 4.4
2.69 3.16 6.36 4.52
2.76 3.14 6.29 4.43
2.8 3.09 6.38 4.47
2.72 3.29 6.19 4.48
2.79 3.38 6.04 4.42
2.79 3.63 6.08 4.71
2.76 3.35 6.18 4.53
2.82 3.28 5.98 4.26
2.81 3.14 5.99 4.13
2.76 3.12 6.25 4.37
2.79 3.26 6.05 4.31
2.84 3.63 5.72 4.35
2.69 2.92 6.49 4.41
2.8 3.26 6.02 4.28
2.76 3.44 5.77 4.21
2.77 3.32 6.19 4.51
2.83 3.87 5.63 4.5
2.79 3.13 6.4 4.53
2.76 3.2 6.24 4.44
2.73 3.12 6.18 4.3
2.7 2.73 6.75 4.48
2.79 3.53 6.03 4.56
2.82 2.77 6.52 4.29
2.76 3.1 6.47 4.57
2.8 3.54 5.85 4.39
2.82 3.24 5.75 3.99
2.79 3.49 5.88 4.37
2.79 3.7 5.5 4.2
2.82 3.72 5.64 4.36
2.8 3.36 5.67 4.03
2.7 3.39 5.8 4.19
2.79 3.53 5.99 4.52
2.81 3.26 6.06 4.32
2.71 3.2 6.11 4.31
2.88 3.77 5.64 4.41
2.67 2.94 6.51 4.45
2.8 3.77 5.51 4.28
2.76 3.1 6.17 4.27
2.69 3.11 6.44 4.55
2.78 3.64 5.63 4.27
2.81 3.6 5.7 4.3
2.83 3.52 6.26 4.78
2.79 3.67 5.66 4.33
2.78 3.76 5.66 4.42
2.81 3.6 5.62 4.22
2.7 3.38 6.01 4.39
2.71 2.79 6.67 4.46
2.73 3.23 6.29 4.52
2.74 3.5 5.97 4.47
2.72 3.04 6.44 4.48
2.74 3.17 6.43 4.6
2.82 3.81 5.25 4.06
2.81 3.46 6.19 4.65
2.85 3.61 5.72 4.33
2.79 3.35 6.06 4.41
2.84 3.55 5.68 4.23
2.69 3.11 6.43 4.54
2.79 3.12 6.33 4.45
2.83 3.54 5.86 4.4
2.73 3.37 6.33 4.7
2.83 3.37 5.99 4.36
2.77 3.39 5.89 4.28
2.72 3.4 5.91 4.31
2.79 3.44 5.71 4.15
2.79 3.5 5.65 4.15
2.89 4.1 5.53 4.63
2.81 3.58 5.91 4.49
2.84 3.57 5.75 4.32
2.71 3.13 6.19 4.32
2.66 3.32 6.06 4.38
2.78 3.15 6.71 4.86
2.76 3.49 5.78 4.27
2.75 3.09 6.28 4.37
2.89 3.7 5.82 4.52
2.74 3.54 5.97 4.51
2.73 3.16 6.31 4.47
2.81 3.41 6.14 4.55
2.74 3.22 6.07 4.29
2.76 3.6 5.78 4.38
2.85 3.42 5.77 4.19
2.77 3.09 6.44 4.53
2.81 3.33 6.14 4.47
2.79 3.2 6.25 4.45
2.73 3.04 6.3 4.34
2.75 2.98 6.32 4.3
2.72 3.42 5.95 4.37
2.81 3.42 5.77 4.19
2.82 3.65 5.74 4.39
2.81 4.09 5.71 4.8
2.82 3.55 6.04 4.59
2.85 3.44 6.2 4.64
2.81 3.48 5.94 4.42
2.86 3.76 5.74 4.5
2.78 3.17 6.28 4.45
2.76 3.66 5.76 4.42
2.76 3.54 6.19 4.73
2.79 3.75 5.7 4.45
2.76 3.07 6.31 4.38
2.77 3.27 6.26 4.53
2.73 3.27 6.12 4.39
2.71 2.97 6.66 4.63
2.66 3.66 5.59 4.25
2.85 3.41 5.82 4.23
2.72 3.09 6.48 4.57
2.77 3.08 6.19 4.27
2.81 3.08 6.4 4.48
2.73 3.38 5.73 4.11
2.78 3.27 6.2 4.47
2.79 3.43 6.1 4.53
2.68 3.11 6.51 4.62
2.67 3.42 6.16 4.58
2.7 3.4 5.77 4.17
2.73 3.3 5.92 4.22
2.78 3.7 5.8 4.5
2.75 3.26 6.32 4.58
2.71 3.39 6.0 4.39
2.85 3.73 5.62 4.35
2.69 2.84 6.72 4.56
2.83 3.11 6.46 4.57
2.79 3.32 6.11 4.43
2.7 2.86 6.48 4.34
2.75 3.84 5.75 4.59
2.76 3.48 5.9 4.38
2.77 3.4 5.93 4.33
2.74 2.92 6.64 4.56
2.76 3.12 6.28 4.4
2.79 3.11 6.09 4.2
2.78 3.18 6.37 4.55
2.75 3.37 6.02 4.39
2.77 3.79 5.73 4.52
2.76 2.92 6.39 4.31
2.8 3.1 6.45 4.55
2.86 3.34 6.07 4.41
2.81 3.46 5.71 4.17
2.83 3.72 5.95 4.67
2.75 3.41 6.4 4.81
2.73 3.08 6.41 4.49
2.8 3.43 5.97 4.4
2.85 3.37 5.87 4.24
2.78 3.55 5.72 4.27
2.79 3.58 5.77 4.35
2.74 3.07 6.5 4.57
2.82 3.12 6.48 4.6
2.86 3.56 5.65 4.21
2.75 3.11 6.16 4.27
2.84 3.91 5.75 4.66
2.72 3.19 6.27 4.46
2.77 3.05 6.35 4.4
2.8 3.08 6.26 4.34
2.76 3.53 5.76 4.29
2.77 2.97 6.5 4.47
2.8 3.26 6.15 4.41
2.73 3.01 6.4 4.41
2.71 3.17 6.06 4.23
2.82 3.6 5.93 4.53
2.79 3.3 5.82 4.12
2.73 3.33 5.94 4.27
2.81 3.46 5.82 4.28
2.82 3.26 5.86 4.12
2.79 3.47 6.15 4.62
2.81 3.49 5.66 4.15
2.72 3.2 6.36 4.56
2.79 3.24 6.01 4.25
2.79 3.29 6.16 4.45
2.79 3.11 6.55 4.66
2.8 3.37 5.71 4.08
2.72 3.3 6.28 4.58
2.77 3.95 5.3 4.25
2.77 3.01 6.32 4.33
2.82 3.55 5.62 4.17
2.73 3.3 6.11 4.41
2.74 2.96 6.51 4.47
2.73 3.14 6.34 4.48
2.78 3.56 5.47 4.03
2.78 3.49 5.71 4.2
2.8 3.38 5.85 4.23
2.86 3.16 6.16 4.32
2.8 3.21 6.35 4.56
2.75 3.36 6.2 4.56
2.73 3.33 6.04 4.37
2.83 3.58 6.03 4.61
2.79 3.38 5.76 4.14
2.74 3.76 5.65 4.41
2.73 3.04 6.31 4.35
2.79 3.4 5.75 4.15
2.79 3.31 6.06 4.37
2.81 3.06 6.25 4.31
2.8 3.59 6.0 4.59
2.84 3.86 5.41 4.27
2.79 3.2 6.14 4.34
2.8 3.22 6.11 4.33
2.85 3.72 5.59 4.31
2.74 2.99 6.49 4.48
2.77 3.32 6.05 4.37
2.76 3.56 5.99 4.55
2.7 3.52 6.02 4.54
2.72 3.25 6.14 4.39
2.77 3.47 6.12 4.59
2.77 2.85 6.67 4.52
2.83 3.62 5.72 4.34
2.72 3.45 6.1 4.55
2.78 3.43 6.27 4.7
2.76 3.04 6.35 4.39
2.84 3.59 5.78 4.37
2.75 3.44 6.21 4.65
2.76 2.75 6.78 4.53
2.64 3.61 5.83 4.44
2.68 2.99 6.46 4.45
2.75 3.09 6.38 4.47
2.79 3.52 6.09 4.61
2.78 3.71 5.82 4.53
2.77 3.24 6.35 4.59
2.77 3.42 6.25 4.67
2.78 3.47 6.12 4.59
2.78 3.48 5.98 4.46
2.84 3.78 5.66 4.44
2.84 3.46 6.0 4.46
2.83 3.36 5.89 4.25
2.79 3.6 5.9 4.5
2.69 3.11 6.56 4.67
2.73 2.92 6.81 4.73
2.78 3.47 5.9 4.37
2.82 3.59 5.9 4.49
2.74 2.85 6.66 4.51
2.79 3.06 5.93 3.99
2.76 3.42 5.89 4.31
2.82 3.43 5.91 4.34
2.79 3.49 5.9 4.39
2.78 3.15 6.16 4.31
2.75 3.24 6.39 4.63
2.81 3.23 6.25 4.48
2.74 2.92 6.51 4.43
2.71 3.33 6.01 4.34
2.83 3.7 5.71 4.41
2.86 3.55 5.74 4.29
2.72 3.12 6.13 4.25
2.8 3.26 6.26 4.52
2.89 3.52 5.79 4.31
2.78 3.2 6.33 4.53
2.81 3.49 6.03 4.52
2.85 3.47 6.06 4.53
2.71 3.18 6.17 4.35
2.77 2.9 6.6 4.5
2.86 3.48 5.94 4.42
2.78 3.32 6.12 4.44
2.69 3.0 6.34 4.34
2.74 2.93 6.32 4.25
2.85 3.0 6.23 4.23
2.78 3.57 6.0 4.57
2.81 3.05 6.36 4.41
2.87 3.56 5.5 4.06
2.82 3.25 5.93 4.18
2.87 3.75 5.51 4.26
2.73 3.79 5.77 4.56
2.81 3.02 6.33 4.35
2.77 3.0 6.52 4.52
2.7 3.22 6.15 4.37
2.66 3.16 6.13 4.29
2.71 3.19 6.32 4.51
2.74 3.36 5.89 4.25
2.73 3.28 6.09 4.37
2.74 2.98 6.62 4.6
2.82 3.25 6.3 4.55
2.81 3.42 5.78 4.2
2.84 3.57 5.83 4.4
2.78 3.13 6.24 4.37
2.82 3.49 5.79 4.28
2.77 3.1 6.22 4.32
2.72 2.96 6.49 4.45
2.78 3.4 6.07 4.47
2.71 3.07 6.33 4.4
2.75 3.47 5.93 4.4
2.77 3.18 6.24 4.42
2.75 3.03 6.35 4.38
2.71 3.14 6.31 4.45
2.74 3.64 5.9 4.54
2.75 3.45 6.27 4.72
2.8 3.33 6.07 4.4
2.85 3.79 5.69 4.48
2.75 3.09 6.19 4.28
2.72 3.02 6.35 4.37
2.78 3.76 5.53 4.29
2.77 3.56 5.74 4.3
2.82 3.56 5.87 4.43
2.8 4.03 5.43 4.46
2.72 3.28 6.03 4.31
2.8 3.29 6.03 4.32
2.81 3.36 5.97 4.33
2.75 3.3 6.05 4.35
2.73 3.13 6.48 4.61
2.71 2.98 6.36 4.34
2.81 3.28 6.23 4.51
2.74 3.09 6.12 4.21
2.73 3.01 6.38 4.39
2.73 3.14 6.29 4.43
2.8 3.33 6.05 4.38
2.77 3.26 6.0 4.26
2.76 3.48 6.09 4.57
2.71 3.15 6.25 4.4
2.9 3.63 5.74 4.37
2.78 3.24 6.41 4.65
2.81 3.63 5.44 4.07
2.8 3.3 6.11 4.41
2.82 3.21 6.17 4.38
2.79 3.46 5.96 4.42
2.79 3.81 5.52 4.33
2.71 3.43 5.92 4.35
2.77 3.22 6.0 4.22
2.81 3.58 5.8 4.38
2.83 3.39 6.14 4.53
2.72 3.33 6.2 4.53
2.81 3.04 6.14 4.18
2.81 3.83 5.75 4.58
2.78 2.91 6.3 4.21
2.77 3.58 5.87 4.45
2.76 3.18 6.03 4.21
2.8 3.27 6.18 4.45
2.83 3.04 6.36 4.4
2.88 3.71 5.73 4.44
2.79 3.75 5.85 4.6
2.79 3.3 5.92 4.22
2.81 3.49 6.11 4.6
2.83 3.54 5.93 4.47
2.64 3.3 6.1 4.4
2.68 3.16 6.31 4.47
2.74 2.95 6.44 4.39
2.76 3.51 5.71 4.22
2.79 3.44 5.76 4.2
2.71 3.34 5.89 4.23
2.79 3.46 6.02 4.48
2.71 3.17 6.18 4.35
2.66 3.31 6.16 4.47
2.8 3.23 6.29 4.52
2.74 3.42 5.83 4.25
2.85 3.4 5.7 4.1
2.84 3.56 5.98 4.54
2.76 3.44 5.84 4.28
2.79 3.44 6.12 4.56
2.73 3.38 5.92 4.3
2.81 3.44 6.14 4.58
2.82 3.46 5.82 4.28
2.83 3.29 6.23 4.52
2.78 3.36 6.06 4.42
2.75 3.54 5.97 4.51
2.59 2.95 6.64 4.59
2.8 3.49 6.06 4.55
2.72 3.37 6.36 4.73
2.69 3.25 6.24 4.49
2.78 3.22 5.91 4.13
2.76 3.44 6.07 4.51
2.77 3.06 6.28 4.34
2.76 3.23 6.05 4.28
2.67 3.6 5.85 4.45
2.82 3.94 5.39 4.33
2.78 3.42 6.29 4.71
2.71 3.08 6.47 4.55
2.75 3.45 5.97 4.42
2.79 3.47 6.2 4.67
2.76 3.31 6.16 4.47
2.8 3.69 5.97 4.66
2.78 3.31 6.06 4.37
2.82 3.34 6.06 4.4
2.73 3.3 6.34 4.64
2.86 3.66 5.77 4.43
2.76 3.32 6.35 4.67
2.8 3.62 5.73 4.35
2.79 3.71 5.47 4.18
2.83 3.84 5.45 4.29
2.74 3.14 6.32 4.46
2.76 3.07 6.3 4.37
2.74 3.24 6.27 4.51
2.75 3.79 5.87 4.66
2.74 3.21 5.91 4.12
2.8 2.93 6.56 4.49
2.64 2.86 6.59 4.45
2.81 3.28 6.15 4.43
2.78 3.17 6.3 4.47
2.78 3.87 5.48 4.35
2.75 3.13 6.29 4.42
2.77 2.92 6.6 4.52
2.77 3.13 6.2 4.33
2.72 3.11 6.28 4.39
2.84 3.21 6.3 4.51
2.79 3.23 6.07 4.3
2.71 3.19 6.38 4.57
2.74 3.36 5.97 4.33
2.74 3.49 5.82 4.31
2.8 3.33 5.9 4.23
2.86 4.1 5.46 4.56
2.77 2.78 6.81 4.59
2.73 3.46 5.86 4.32
2.81 3.2 6.14 4.34
2.71 3.06 6.38 4.44
2.75 3.2 6.14 4.34
2.8 3.31 6.34 4.65
2.72 3.44 5.86 4.3
2.75 3.4 6.03 4.43
2.74 3.26 5.99 4.25
2.79 3.89 5.77 4.66
2.85 3.57 6.02 4.59
2.74 3.6 5.93 4.53
2.77 3.74 5.66 4.4
2.84 3.32 5.93 4.25
2.7 3.11 6.24 4.35
2.78 3.25 6.15 4.4
2.81 3.71 5.52 4.23
2.78 3.62 5.78 4.4
2.79 3.66 5.77 4.43
2.8 3.25 6.29 4.54
2.79 3.58 5.71 4.29
2.7 3.07 6.35 4.42
2.82 3.81 5.34 4.15
2.77 3.25 5.99 4.24
2.75 3.36 6.39 4.75
2.73 3.1 6.26 4.36
2.79 3.29 5.93 4.22
2.72 3.07 6.43 4.5
2.72 3.74 5.75 4.49
2.79 3.34 6.02 4.36
2.84 3.25 6.11 4.36
2.83 2.93 6.59 4.52
2.72 3.07 6.44 4.51
2.69 3.06 6.12 4.18
2.74 3.38 5.69 4.07
2.84 3.26 6.14 4.4
2.78 3.13 6.21 4.34
2.8 3.69 5.98 4.67
2.8 3.29 5.87 4.16
2.75 3.4 5.9 4.3
2.75 3.29 6.51 4.8
2.78 3.37 6.22 4.59
2.73 3.25 6.09 4.34
2.8 3.43 6.02 4.45
2.88 3.51 5.85 4.36
2.77 3.65 5.74 4.39
2.68 2.83 6.53 4.36
2.78 3.62 5.77 4.39
2.84 3.7 5.79 4.49
2.8 3.72 5.84 4.56
2.79 3.07 6.33 4.4
2.76 3.34 6.11 4.45
2.83 3.55 6.07 4.62
2.8 3.38 6.13 4.51
2.85 3.39 5.97 4.36
2.8 3.46 6.09 4.55
2.78 3.52 5.69 4.21
2.79 3.46 5.91 4.37
2.72 3.4 5.95 4.35
2.79 3.34 6.15 4.49
2.79 3.06 6.2 4.26
2.74 3.37 6.04 4.41
2.83 3.39 5.77 4.16
2.77 3.4 5.65 4.05
2.79 3.07 6.29 4.36
2.77 3.75 5.92 4.67
2.82 3.05 6.21 4.26
2.83 3.34 5.7 4.04
2.74 3.21 6.13 4.34
2.83 3.0 6.29 4.29
2.78 3.33 6.24 4.57
2.69 2.98 6.65 4.63
2.84 3.2 6.19 4.39
2.77 3.22 6.1 4.32
2.78 3.45 5.64 4.09
2.74 3.23 6.36 4.59
2.84 3.53 5.98 4.51
2.76 3.29 6.09 4.38
2.86 3.76 5.53 4.29
2.74 3.42 6.13 4.55
2.8 3.86 5.84 4.7
2.76 3.15 6.11 4.26
2.78 3.79 5.73 4.52
2.86 3.89 5.61 4.5
2.8 3.42 6.17 4.59
2.77 3.2 6.43 4.63
2.78 3.2 6.25 4.45
2.78 3.25 5.99 4.24
2.75 3.24 6.38 4.62
2.84 3.57 5.85 4.42
2.79 3.18 6.1 4.28
2.81 3.44 6.11 4.55
2.74 3.28 6.05 4.33
2.81 3.49 5.9 4.39
2.81 3.19 6.03 4.22
2.83 3.29 6.14 4.43
2.74 3.4 6.22 4.62
2.84 3.33 5.94 4.27
2.72 3.44 6.29 4.73
2.7 2.9 6.53 4.43
2.73 2.99 6.41 4.4
2.71 3.1 6.28 4.38
2.73 3.56 5.67 4.23
2.74 3.39 5.98 4.37
2.78 3.51 5.93 4.44
2.71 3.24 6.06 4.3
2.8 3.25 6.15 4.4
2.81 3.31 6.19 4.5
2.85 3.48 6.21 4.69
2.78 3.33 6.19 4.52
2.82 3.05 6.46 4.51
2.84 3.18 6.18 4.36
2.78 3.57 5.62 4.19
2.77 3.02 6.19 4.21
2.72 3.32 6.26 4.58
2.76 3.73 5.35 4.08
2.75 3.19 6.34 4.53
2.75 2.98 6.66 4.64
2.82 3.09 6.34 4.43
2.79 3.28 6.24 4.52
2.78 3.06 6.32 4.38
2.7 3.13 6.34 4.47
2.87 3.75 5.88 4.63
2.82 3.78 5.57 4.35
2.81 3.69 5.47 4.16
2.74 3.33 5.87 4.2
2.69 3.05 6.49 4.54
2.78 3.25 6.35 4.6
2.84 3.6 5.54 4.14
2.85 3.49 5.89 4.38
2.76 3.14 6.15 4.29
2.78 3.5 5.89 4.39
2.8 3.32 5.94 4.26
2.85 3.62 5.74 4.36
2.76 3.31 6.12 4.43
2.77 3.08 6.37 4.45
2.71 2.99 6.58 4.57
2.81 3.35 6.04 4.39
2.74 3.29 5.86 4.15
2.74 3.11 6.33 4.44
2.64 2.94 6.67 4.61
2.81 3.11 5.98 4.09
2.8 3.03 6.4 4.43
2.81 3.41 6.29 4.7
2.76 3.21 5.94 4.15
2.78 3.89 5.62 4.51
2.73 3.16 6.09 4.25
2.75 3.43 5.88 4.31
2.84 3.3 5.85 4.15
2.83 3.59 5.31 3.9
2.79 2.91 6.38 4.29
2.72 3.12 6.29 4.41
2.69 2.9 6.58 4.48
2.79 3.05 6.58 4.63
2.74 3.55 5.95 4.5
2.73 3.37 5.88 4.25
2.8 3.1 6.06 4.16
2.72 3.41 6.28 4.69
2.77 3.14 6.21 4.35
2.82 3.65 5.97 4.62
2.84 3.45 5.72 4.17
2.78 3.07 6.41 4.48
2.78 3.44 5.87 4.31
2.83 3.67 5.41 4.08
2.78 3.32 6.12 4.44
2.7 3.14 6.46 4.6
2.77 3.36 5.99 4.35
2.72 3.38 6.25 4.63
2.67 3.35 6.17 4.52
2.8 3.36 6.11 4.47
2.72 2.8 6.74 4.54
2.77 3.46 5.96 4.42
2.67 3.07 6.21 4.28
2.78 2.88 6.46 4.34
2.76 3.47 5.72 4.19
2.84 3.43 5.91 4.34
2.78 3.31 6.03 4.34
2.81 3.25 6.0 4.25
2.77 3.18 5.92 4.1
2.69 2.91 6.51 4.42
2.76 3.26 6.33 4.59
2.73 3.18 6.23 4.41
2.78 3.29 6.07 4.36
2.81 3.64 5.83 4.47
2.79 3.51 6.02 4.53
2.73 3.1 6.49 4.59
2.83 3.72 5.78 4.5
2.77 3.58 5.95 4.53
2.77 3.21 6.18 4.39
2.73 2.98 6.23 4.21
2.82 3.17 6.23 4.4
2.83 3.76 5.76 4.52
2.8 3.62 5.71 4.33
2.83 3.43 5.7 4.13
2.7 3.35 6.01 4.36
2.68 2.97 6.6 4.57
2.81 3.53 5.87 4.4
2.79 3.81 5.54 4.35
2.8 3.67 5.76 4.43
2.83 3.26 6.14 4.4
2.81 3.71 5.64 4.35
2.75 3.26 6.01 4.27
2.81 3.36 5.87 4.23
2.76 3.74 5.67 4.41
2.76 3.25 6.15 4.4
2.82 3.44 6.02 4.46
2.8 3.17 5.98 4.15
2.77 3.28 6.17 4.45
2.74 3.52 5.78 4.3
2.73 2.99 6.44 4.43
2.76 3.12 6.47 4.59
2.82 3.51 5.77 4.28
2.72 3.2 6.07 4.27
2.8 3.21 6.0 4.21
2.8 3.38 6.1 4.48
2.79 3.27 6.04 4.31
2.7 2.88 6.72 4.6
2.76 3.28 6.01 4.29
2.77 3.28 6.22 4.5
2.76 2.98 6.35 4.33
2.7 3.04 6.45 4.49
2.72 3.14 5.97 4.11
2.79 3.29 6.28 4.57
2.78 3.15 6.14 4.29
2.66 3.02 6.29 4.31
2.78 3.53 6.09 4.62
2.83 3.71 5.85 4.56
2.78 3.06 6.37 4.43
2.72 3.4 6.48 4.88
2.71 3.45 6.03 4.48
2.8 3.44 5.99 4.43
2.8 3.87 5.45 4.32
2.77 3.54 5.65 4.19
2.78 3.21 6.1 4.31
2.76 3.65 5.91 4.56
2.83 3.63 5.71 4.34
2.76 3.37 6.24 4.61
2.78 3.24 5.96 4.2
2.89 3.52 5.83 4.35
2.67 2.88 6.39 4.27
2.81 3.14 6.53 4.67
2.8 3.83 5.94 4.77
2.76 2.76 6.81 4.57
2.65 2.83 6.92 4.75
2.75 3.52 5.77 4.29
2.77 3.74 5.59 4.33
2.67 2.68 6.85 4.53
2.85 3.29 6.01 4.3
2.81 3.14 6.04 4.18
2.79 3.39 6.01 4.4
2.8 3.36 6.18 4.54
2.78 3.57 5.93 4.5
2.77 3.76 5.93 4.69
2.81 3.27 5.97 4.24
2.76 3.25 6.25 4.5
2.77 3.05 6.45 4.5
2.66 3.18 6.14 4.32
2.83 3.13 6.31 4.44
2.78 3.56 5.83 4.39
2.78 3.15 6.04 4.19
2.78 3.36 6.32 4.68
2.84 3.5 6.07 4.57
2.77 3.29 5.98 4.27
2.76 3.28 5.93 4.21
2.85 4.1 5.13 4.23
2.73 3.16 6.38 4.54
2.81 3.85 5.67 4.52
2.79 3.54 5.98 4.52
2.69 3.37 5.99 4.36
2.77 3.4 6.0 4.4
2.73 3.14 6.32 4.46
2.79 3.44 5.77 4.21
2.81 3.8 5.79 4.59
2.8 3.34 5.78 4.12
2.78 3.53 5.82 4.35
2.66 3.13 6.37 4.5
2.78 3.51 5.9 4.41
2.72 3.35 6.27 4.62
2.68 3.01 6.66 4.67
2.78 3.36 6.01 4.37
2.81 3.43 6.08 4.51
2.8 3.16 6.25 4.41
2.79 3.66 5.95 4.61
2.78 3.93 5.54 4.47
2.82 3.29 6.14 4.43
2.74 3.22 6.19 4.41
2.74 2.93 6.42 4.35
2.61 3.07 6.16 4.23
2.64 2.82 6.73 4.55
2.81 3.57 5.67 4.24
2.73 3.14 5.8 3.94
2.82 3.84 5.51 4.35
2.76 3.83 5.68 4.51
2.8 3.48 5.89 4.37
2.78 3.04 6.36 4.4
2.73 3.46 5.97 4.43
2.79 3.38 6.07 4.45
2.74 3.34 6.17 4.51
2.71 3.06 6.43 4.49
2.72 3.52 5.86 4.38
2.85 3.48 5.87 4.35
2.77 3.12 6.19 4.31
2.73 3.18 6.16 4.34
2.71 3.35 5.96 4.31
2.78 3.28 5.91 4.19
2.81 3.48 6.07 4.55
2.78 3.4 6.01 4.41
2.84 3.47 6.16 4.63
2.82 3.51 5.9 4.41
2.79 3.6 5.92 4.52
2.84 3.73 5.37 4.1
2.72 3.34 5.82 4.16
2.76 3.28 6.06 4.34
2.69 2.97 6.38 4.35
2.81 3.5 6.04 4.54
2.74 3.42 6.13 4.55
2.8 3.83 5.69 4.52
2.65 3.04 6.35 4.39
2.75 3.52 6.05 4.57
2.88 3.65 5.86 4.51
2.71 3.62 5.89 4.51
2.8 3.59 5.84 4.43
2.8 3.53 5.78 4.31
2.83 3.64 5.75 4.39
2.77 3.08 6.2 4.28
2.73 3.24 5.96 4.2
2.72 3.47 5.88 4.35
2.78 3.19 6.24 4.43
2.71 3.1 6.32 4.42
2.82 3.21 5.92 4.13
2.81 3.17 6.1 4.27
2.79 3.56 5.74 4.3
2.78 3.61 5.72 4.33
2.84 3.21 6.19 4.4
2.82 3.24 6.29 4.53
2.76 3.39 6.04 4.43
2.74 3.47 6.2 4.67
2.79 3.35 6.04 4.39
2.82 3.48 5.62 4.1
2.76 3.18 6.49 4.67
2.79 3.47 5.82 4.29
2.8 3.39 6.3 4.69
2.78 3.47 5.66 4.13
2.86 3.66 5.68 4.34
2.84 3.35 6.08 4.43
2.74 2.98 6.65 4.63
2.8 3.04 6.07 4.11
2.8 3.49 5.91 4.4
2.83 3.28 5.87 4.15
2.72 2.83 6.5 4.33
2.8 2.92 6.44 4.36
2.68 3.05 6.64 4.69
2.76 3.51 5.77 4.28
2.8 3.57 5.74 4.31
2.75 3.24 6.19 4.43
2.73 3.14 6.24 4.38
2.75 3.25 5.85 4.1
2.83 3.29 6.07 4.36
2.87 3.4 5.99 4.39
2.73 2.88 6.42 4.3
2.76 3.14 6.5 4.64
2.81 3.54 5.77 4.31
2.7 3.11 6.2 4.31
2.73 3.37 5.82 4.19
2.72 3.3 6.2 4.5
2.78 3.25 6.14 4.39
2.81 3.53 5.74 4.27
2.76 3.08 6.67 4.75
2.7 2.99 6.18 4.17
2.78 3.56 5.87 4.43
2.78 3.63 5.84 4.47
2.79 3.29 5.97 4.26
2.77 3.04 6.44 4.48
2.76 3.3 5.92 4.22
2.77 3.09 6.22 4.31
2.78 3.35 6.16 4.51
2.75 3.24 6.24 4.48
2.74 3.24 6.37 4.61
2.78 2.85 6.42 4.27
2.85 3.6 5.82 4.42
2.82 3.18 5.99 4.17
2.68 3.03 6.66 4.69
2.79 3.18 5.92 4.1
2.93 3.39 5.84 4.23
2.8 3.37 5.88 4.25
2.8 3.16 6.08 4.24
2.65 3.51 5.9 4.41
2.84 3.25 5.89 4.14
2.82 3.07 6.11 4.18
2.73 2.97 6.48 4.45
2.82 3.37 5.93 4.3
2.74 3.25 5.99 4.24
2.7 3.41 6.1 4.51
2.73 3.42 5.87 4.29
2.75 2.98 6.2 4.18
2.81 3.51 5.86 4.37
2.75 3.73 5.65 4.38
2.74 3.41 5.88 4.29
2.8 3.27 6.46 4.73
2.8 3.85 5.57 4.42
2.76 3.1 6.18 4.28
2.79 3.49 6.03 4.52
2.83 3.12 6.16 4.28
2.71 3.21 6.24 4.45
2.78 3.27 6.31 4.58
2.81 3.54 6.0 4.54
2.8 3.15 6.09 4.24
2.69 3.21 6.2 4.41
2.78 3.56 5.71 4.27
2.76 3.19 6.33 4.52
2.82 4.08 5.11 4.19
2.82 3.47 6.02 4.49
2.79 3.15 6.45 4.6
2.69 3.4 6.08 4.48
2.76 3.19 6.19 4.38
2.8 3.99 5.85 4.84
2.76 3.79 5.85 4.64
2.73 3.36 6.06 4.42
2.69 3.11 6.71 4.82
2.83 3.59 5.8 4.39
2.77 3.42 6.08 4.5
2.77 3.65 6.01 4.66
2.78 3.3 6.16 4.46
2.79 3.06 6.38 4.44
2.75 3.47 6.2 4.67
2.73 3.18 6.43 4.61
2.78 3.15 6.46 4.61
2.79 2.83 6.41 4.24
2.78 3.36 6.38 4.74
2.84 3.61 5.57 4.18
2.77 3.74 6.05 4.79
2.7 3.13 6.4 4.53
2.71 3.26 6.18 4.44
2.79 3.5 6.0 4.5
2.8 3.3 5.86 4.16
2.74 3.02 6.91 4.93
2.76 3.49 5.89 4.38
2.76 3.64 5.6 4.24
2.83 3.39 5.94 4.33
2.73 3.37 6.09 4.46
2.75 2.9 6.56 4.46
2.77 3.18 6.34 4.52
2.82 3.42 6.1 4.52
2.77 3.31 6.1 4.41
2.81 3.56 5.94 4.5
2.83 3.24 5.95 4.19
2.87 3.55 5.72 4.27
2.81 3.54 6.12 4.66
2.83 3.52 5.95 4.47
2.83 3.83 5.39 4.22
2.78 3.25 5.88 4.13
2.87 3.45 6.35 4.8
2.87 3.91 5.57 4.48
2.84 3.79 5.5 4.29
2.78 3.35 6.14 4.49
2.78 3.2 5.96 4.16
2.72 3.28 6.49 4.77
2.82 3.54 5.77 4.31
2.81 3.59 5.76 4.35
2.77 3.17 6.4 4.57
2.77 3.01 6.16 4.17
2.75 2.99 6.3 4.29
2.76 3.27 6.12 4.39
2.72 3.25 6.34 4.59
2.83 3.67 5.69 4.36
2.84 3.12 6.47 4.59
2.86 3.59 6.05 4.64
2.8 3.18 6.06 4.24
2.78 3.56 5.88 4.44
2.65 2.83 6.53 4.36
2.71 3.19 6.47 4.66
2.78 3.49 5.56 4.05
2.8 3.19 5.96 4.15
2.73 3.32 6.0 4.32
2.71 3.26 6.29 4.55
2.74 3.29 6.2 4.49
2.72 3.09 6.51 4.6
2.68 3.29 5.98 4.27
2.76 3.4 6.17 4.57
2.7 3.0 6.57 4.57
2.74 3.13 6.6 4.73
2.85 3.76 5.51 4.27
2.75 2.73 6.94 4.67
2.73 3.58 5.88 4.46
2.86 3.6 5.85 4.45
2.74 3.22 6.25 4.47
2.76 3.09 6.19 4.28
2.76 3.1 6.31 4.41
2.78 3.71 5.6 4.31
2.79 3.21 6.07 4.28
2.74 3.22 6.38 4.6
2.66 3.01 6.22 4.23
2.76 3.61 5.78 4.39
2.82 3.52 6.07 4.59
2.77 3.35 6.08 4.43
2.77 3.43 5.9 4.33
2.75 3.48 6.05 4.53
2.81 3.79 5.43 4.22
2.73 3.37 5.97 4.34
2.74 3.08 6.35 4.43
2.68 3.14 6.55 4.69
2.88 3.07 6.18 4.25
2.78 3.22 6.18 4.4
2.8 3.26 6.02 4.28
2.76 3.14 6.12 4.26
2.78 3.18 6.17 4.35
2.75 3.11 6.24 4.35
2.74 3.3 6.17 4.47
2.69 3.23 6.22 4.45
2.78 3.58 6.02 4.6
2.81 3.76 5.69 4.45
2.78 3.44 6.0 4.44
2.84 3.69 5.7 4.39
2.77 2.94 6.31 4.25
2.73 3.36 5.96 4.32
2.79 3.14 6.37 4.51
2.76 3.16 6.07 4.23
2.8 2.81 6.51 4.32
2.81 3.25 6.04 4.29
2.81 3.45 5.7 4.15
2.76 3.45 5.95 4.4
2.79 3.1 6.31 4.41
2.79 3.11 6.22 4.33
2.69 3.09 6.89 4.98
2.67 3.1 6.19 4.29
2.69 2.99 6.6 4.59
2.74 3.28 6.41 4.69
2.7 3.62 5.84 4.46
2.88 3.79 5.72 4.51
2.8 3.32 6.05 4.37
2.76 3.33 6.14 4.47
2.75 3.39 6.17 4.56
2.8 3.12 6.67 4.79
2.69 3.0 6.37 4.37
2.73 3.36 6.23 4.59
2.83 3.58 5.79 4.37
2.74 3.75 5.51 4.26
2.72 3.29 5.9 4.19
2.8 3.03 6.35 4.38
2.8 3.55 5.77 4.32
2.69 3.16 6.31 4.47
2.73 3.41 6.27 4.68
2.8 3.37 6.17 4.54
2.83 3.8 5.49 4.29
2.91 3.54 5.77 4.31
2.76 3.33 6.06 4.39
2.85 3.6 5.65 4.25
2.79 3.34 5.79 4.13
2.7 3.37 6.18 4.55
2.82 3.48 6.13 4.61
2.82 3.59 5.9 4.49
2.7 3.33 6.3 4.63
2.71 3.51 5.96 4.47
2.78 3.22 6.2 4.42
2.76 3.43 6.42 4.85
2.84 3.51 5.78 4.29
2.76 3.43 5.97 4.4
2.77 3.45 6.02 4.47
2.75 3.13 6.47 4.6
2.72 3.25 6.21 4.46
2.77 3.04 6.33 4.37
2.8 3.69 5.86 4.55
2.71 3.16 6.48 4.64
2.69 3.03 6.57 4.6
2.73 3.31 6.21 4.52
2.7 3.48 6.33 4.81
2.67 3.09 6.47 4.56
2.8 3.14 6.19 4.33
2.83 3.7 5.58 4.28
2.76 3.22 6.17 4.39
2.78 3.12 6.5 4.62
2.77 3.75 5.79 4.54
2.83 3.57 6.02 4.59
2.79 3.57 5.66 4.23
2.72 3.23 5.85 4.08
2.72 3.26 6.2 4.46
2.7 3.5 5.76 4.26
2.75 3.3 6.06 4.36
2.73 3.31 6.1 4.41
2.76 2.96 6.3 4.26
2.7 3.25 6.41 4.66
2.81 3.91 5.77 4.68
2.71 3.23 6.25 4.48
2.8 3.3 5.76 4.06
2.92 3.46 6.0 4.46
2.78 3.27 6.19 4.46
2.81 3.34 6.09 4.43
2.84 3.61 5.66 4.27
2.83 3.71 5.83 4.54
2.65 2.89 6.33 4.22
2.8 3.41 5.94 4.35
2.88 3.5 5.94 4.44
2.84 3.34 5.86 4.2
2.75 3.3 6.14 4.44
2.72 2.92 6.35 4.27
2.71 3.77 5.73 4.5
2.8 3.06 6.29 4.35
2.78 3.25 6.31 4.56
2.78 3.2 6.23 4.43
2.7 3.01 6.37 4.38
2.81 3.51 5.8 4.31
2.76 3.38 6.07 4.45
2.82 3.35 6.12 4.47
2.81 3.34 6.13 4.47
2.62 3.15 6.13 4.28
2.8 3.48 5.75 4.23
2.8 3.1 6.46 4.56
2.71 3.22 6.3 4.52
2.78 3.42 5.73 4.15
2.76 3.3 5.89 4.19
2.77 3.26 6.04 4.3
2.82 3.6 6.02 4.62
2.83 3.33 6.11 4.44
2.7 3.4 5.99 4.39
2.75 3.21 6.16 4.37
2.83 3.92 5.44 4.36
2.84 3.4 5.92 4.32
2.81 3.26 6.2 4.46
2.71 2.76 6.6 4.36
2.75 3.57 5.8 4.37
2.77 3.29 6.26 4.55
2.84 4.16 5.39 4.55
2.76 3.34 6.22 4.56
2.7 3.22 6.31 4.53
2.8 3.47 5.95 4.42
2.83 3.28 6.25 4.53
2.74 3.75 5.82 4.57
2.82 3.57 5.82 4.39
2.75 3.27 6.08 4.35
2.76 3.38 6.06 4.44
2.78 3.86 5.53 4.39
2.6 2.96 6.68 4.64
2.79 3.4 5.76 4.16
2.78 3.32 6.15 4.47
2.79 3.44 5.79 4.23
2.79 3.7 5.94 4.64
2.83 3.61 5.67 4.28
2.78 3.92 5.43 4.35
2.7 3.12 6.34 4.46
2.74 3.51 5.9 4.41
2.83 3.5 6.04 4.54
2.76 3.47 5.83 4.3
2.67 3.21 6.37 4.58
2.77 3.4 6.13 4.53
2.81 3.33 5.99 4.32
2.84 3.47 5.87 4.34
2.81 3.3 6.06 4.36
2.75 3.44 6.03 4.47
2.78 3.15 6.31 4.46
2.8 3.63 5.71 4.34
2.76 3.04 6.54 4.58
2.69 3.0 6.54 4.54
2.66 3.47 6.05 4.52
2.81 3.0 6.13 4.13
2.82 3.4 5.74 4.14
2.8 3.3 6.29 4.59
2.75 3.47 5.96 4.43
2.74 3.22 6.28 4.5
2.76 3.01 6.16 4.17
2.77 3.05 6.5 4.55
2.77 3.78 5.7 4.48
2.76 3.7 5.52 4.22
2.76 3.27 6.29 4.56
2.67 3.12 6.39 4.51
2.84 3.29 6.11 4.4
2.77 3.42 5.84 4.26
2.77 3.07 6.01 4.08
2.85 3.51 5.93 4.44
2.71 3.19 6.42 4.61
2.78 3.22 6.02 4.24
2.74 3.05 6.42 4.47
2.77 3.19 6.41 4.6
2.84 3.75 5.74 4.49
2.76 3.08 6.16 4.24
2.7 3.27 6.03 4.3
2.82 3.06 6.46 4.52
2.7 3.42 6.04 4.46
2.73 3.29 6.07 4.36
2.82 3.25 5.96 4.21
2.7 3.78 5.85 4.63
2.81 3.3 5.99 4.29
2.69 3.2 6.44 4.64
2.84 3.21 5.97 4.18
2.78 3.51 5.69 4.2
2.83 3.7 5.43 4.13
2.76 3.24 6.34 4.58
2.78 3.22 5.9 4.12
2.67 2.85 6.81 4.66
2.8 3.29 6.07 4.36
2.79 3.37 6.02 4.39
2.8 3.79 5.54 4.33
2.74 2.91 6.74 4.65
2.72 3.14 6.41 4.55
2.71 3.04 6.69 4.73
2.69 3.23 6.41 4.64
2.82 3.41 5.84 4.25
2.69 3.54 5.67 4.21
2.8 3.5 5.79 4.29
2.81 3.54 6.08 4.62
2.72 3.32 6.19 4.51
2.81 3.55 6.14 4.69
2.79 3.35 6.17 4.52
2.79 3.2 6.32 4.52
2.73 3.22 5.97 4.19
2.86 3.43 5.99 4.42
2.8 3.34 6.03 4.37
2.82 3.48 5.98 4.46
2.76 3.19 6.47 4.66
2.85 3.22 6.29 4.51
2.86 3.66 5.89 4.55
2.78 3.24 6.09 4.33
2.78 3.03 6.26 4.29
2.67 3.07 6.31 4.38
2.76 3.29 6.12 4.41
2.8 3.54 5.69 4.23
2.7 2.98 6.47 4.45
2.74 3.01 6.49 4.5
2.73 3.21 6.09 4.3
2.77 3.37 5.97 4.34
2.68 2.99 6.33 4.32
2.83 3.64 5.56 4.2
2.76 3.33 6.06 4.39
2.86 3.66 5.73 4.39
2.76 3.61 5.95 4.56
2.86 3.49 5.98 4.47
2.82 3.48 5.95 4.43
2.74 3.4 6.02 4.42
2.76 3.17 6.13 4.3
2.72 3.37 5.93 4.3
2.78 3.52 6.07 4.59
2.78 3.39 5.96 4.35
2.76 3.46 6.12 4.58
2.77 3.37 5.79 4.16
2.82 3.39 5.98 4.37
2.78 3.42 5.65 4.07
2.83 3.32 6.01 4.33
2.83 3.32 6.03 4.35
2.77 3.45 5.95 4.4
2.69 3.56 6.02 4.58
2.79 3.11 6.31 4.42
2.71 2.91 6.8 4.71
2.8 3.48 6.09 4.57
2.79 3.26 6.3 4.56
2.72 3.47 6.12 4.59
2.68 3.11 6.38 4.49
2.78 3.37 6.09 4.46
2.78 3.56 5.86 4.42
2.79 3.12 6.19 4.31
2.76 3.09 6.38 4.47
2.82 3.65 5.88 4.53
2.75 2.98 6.32 4.3
2.75 3.1 6.26 4.36
2.84 3.46 5.77 4.23
2.74 3.51 6.0 4.51
2.78 3.26 6.24 4.5
2.67 2.88 6.76 4.64
2.78 3.54 5.78 4.32
2.74 3.26 6.11 4.37
2.75 3.44 6.03 4.47
2.76 3.49 5.9 4.39
2.72 3.27 5.93 4.2
2.64 3.23 6.32 4.55
2.86 3.45 5.91 4.36
2.83 3.13 6.45 4.58
2.79 3.43 5.9 4.33
2.79 2.99 6.5 4.49
2.7 3.42 5.81 4.23
2.73 3.24 6.11 4.35
2.86 4.31 5.13 4.44
2.79 3.35 6.21 4.56
2.83 3.41 5.8 4.21
2.74 3.18 6.35 4.53
2.77 3.15 6.14 4.29
2.68 3.18 6.17 4.35
2.73 3.1 6.14 4.24
2.75 3.11 6.55 4.66
2.8 3.83 5.57 4.4
2.85 3.16 5.95 4.11
2.77 3.43 6.17 4.6
2.79 3.64 5.69 4.33
2.79 3.25 6.32 4.57
2.74 3.06 6.32 4.38
2.73 3.4 6.0 4.4
2.86 3.44 5.97 4.41
2.81 3.47 5.91 4.38
2.82 3.95 5.55 4.5
2.87 3.52 5.87 4.39
2.68 3.27 6.22 4.49
2.8 3.6 5.76 4.36
2.8 3.02 6.27 4.29
2.83 3.67 5.6 4.27
2.84 3.22 6.39 4.61
2.7 3.5 6.12 4.62
2.82 3.53 5.84 4.37
2.81 3.24 6.18 4.42
2.81 3.52 5.56 4.08
2.8 3.2 6.4 4.6
2.77 3.67 5.47 4.14
2.69 2.99 6.36 4.35
2.79 3.59 5.67 4.26
2.66 3.32 6.23 4.55
2.81 3.03 6.32 4.35
2.82 3.33 6.26 4.59
2.77 3.6 5.42 4.02
2.74 3.31 6.07 4.38
2.77 3.2 6.37 4.57
2.8 3.01 6.62 4.63
2.72 3.29 6.4 4.69
2.83 3.33 6.1 4.43
2.75 3.21 6.31 4.52
2.83 3.62 5.76 4.38
2.88 3.16 6.22 4.38
2.75 3.49 5.83 4.32
2.76 3.21 5.99 4.2
2.76 3.39 5.87 4.26
2.76 3.65 5.94 4.59
2.71 3.2 6.23 4.43
2.82 3.24 5.87 4.11
2.78 4.05 5.52 4.57
2.76 3.0 6.3 4.3
2.74 3.41 5.94 4.35
2.77 3.17 6.56 4.73
2.75 3.1 6.46 4.56
2.79 3.17 6.04 4.21
2.76 3.28 6.02 4.3
2.73 3.21 6.07 4.28
2.77 2.85 6.53 4.38
2.81 3.46 6.04 4.5
2.83 3.88 5.46 4.34
2.78 3.08 6.36 4.44
2.75 3.35 5.85 4.2
2.8 3.0 6.57 4.57
2.76 3.78 5.67 4.45
2.75 3.34 6.14 4.48
2.83 3.34 5.73 4.07
2.74 3.49 5.96 4.45
2.79 3.42 5.99 4.41
2.8 3.38 6.05 4.43
2.68 3.15 6.39 4.54
2.78 3.61 5.57 4.18
2.71 2.78 6.67 4.45
2.7 3.13 6.41 4.54
2.74 3.23 6.2 4.43
2.75 3.47 6.21 4.68
2.8 3.45 5.73 4.18
2.76 3.24 6.13 4.37
2.82 3.74 5.39 4.13
2.78 3.47 5.83 4.3
2.78 3.55 5.69 4.24
2.7 2.97 6.22 4.19
2.74 3.7 5.67 4.37
2.76 3.53 6.12 4.65
2.66 3.33 6.2 4.53
2.79 3.71 5.77 4.48
2.76 3.23 6.14 4.37
2.76 3.71 5.91 4.62
2.77 3.32 6.3 4.62
2.78 3.5 5.6 4.1
2.81 3.33 5.9 4.23
2.73 3.48 6.1 4.58
2.75 3.51 6.23 4.74
2.75 3.4 6.31 4.71
2.71 3.5 6.06 4.56
2.77 3.33 5.98 4.31
2.75 3.44 6.05 4.49
2.73 3.46 5.8 4.26
2.74 3.36 6.38 4.74
2.79 3.55 5.87 4.42
2.73 3.18 6.24 4.42
2.72 3.03 6.51 4.54
2.73 3.6 6.0 4.6
2.8 3.31 5.81 4.12
2.69 3.31 6.11 4.42
2.78 3.42 5.76 4.18
2.81 3.64 5.59 4.23
2.82 3.52 5.93 4.45
2.79 2.89 6.5 4.39
2.79 3.28 5.99 4.27
2.77 3.34 5.64 3.98
2.82 3.8 5.37 4.17
2.76 3.56 5.64 4.2
2.82 3.82 5.49 4.31
2.72 3.06 6.37 4.43
2.84 3.41 5.85 4.26
2.85 3.61 5.56 4.17
2.76 3.3 5.87 4.17
2.82 3.28 6.03 4.31
2.79 3.8 5.72 4.52
2.85 3.54 5.91 4.45
2.69 3.24 6.27 4.51
2.76 2.92 6.61 4.53
2.83 3.58 5.56 4.14
2.81 3.49 6.12 4.61
2.8 3.46 5.99 4.45
2.87 3.42 5.98 4.4
2.74 3.12 6.41 4.53
2.81 3.44 5.78 4.22
2.79 3.44 5.82 4.26
2.75 3.3 6.32 4.62
2.82 3.34 6.09 4.43
2.76 3.57 5.66 4.23
2.78 3.42 5.54 3.96
2.83 3.7 5.69 4.39
2.85 3.52 5.64 4.16
2.74 2.93 6.77 4.7
2.75 3.45 5.74 4.19
2.75 3.21 6.44 4.65
2.87 3.63 5.61 4.24
2.81 3.8 5.54 4.34
2.74 3.27 6.35 4.62
2.86 3.5 5.75 4.25
2.77 3.39 6.05 4.44
2.68 3.1 6.28 4.38
2.75 3.27 5.9 4.17
2.73 3.3 6.21 4.51
2.79 3.66 5.5 4.16
2.75 3.58 5.89 4.47
2.82 3.36 5.92 4.28
2.76 3.17 6.23 4.4
2.79 3.17 6.16 4.33
2.77 3.43 5.76 4.19
2.76 3.27 6.12 4.39
2.86 3.55 5.87 4.42
2.74 3.26 6.24 4.5
2.81 3.29 6.32 4.61
2.8 3.41 5.99 4.4
2.81 3.17 6.17 4.34
2.71 3.31 6.31 4.62
2.79 3.74 6.21 4.95
2.68 3.07 6.5 4.57
2.8 3.49 6.19 4.68
2.72 2.99 6.6 4.59
2.75 3.46 5.95 4.41
2.74 3.51 6.18 4.69
2.79 3.39 6.28 4.67
2.78 3.41 6.05 4.46
2.8 3.33 5.95 4.28
2.74 3.32 6.1 4.42
2.83 3.25 5.95 4.2
2.87 3.48 6.11 4.59
2.8 3.15 6.38 4.53
2.69 3.13 6.48 4.61
2.84 3.66 5.98 4.64
2.76 3.69 5.82 4.51
2.77 2.99 6.52 4.51
2.71 3.24 6.2 4.44
2.73 3.05 6.49 4.54
2.81 3.52 5.81 4.33
2.73 3.22 6.23 4.45
2.72 3.2 6.5 4.7
2.78 3.05 6.5 4.55
2.83 3.37 6.01 4.38
2.75 3.4 5.86 4.26
2.79 3.41 6.01 4.42
2.91 3.87 5.65 4.52
2.79 3.4 5.96 4.36
2.75 3.45 5.94 4.39
2.83 3.38 6.09 4.47
2.81 3.57 5.76 4.33
2.73 3.27 6.28 4.55
2.81 3.66 5.96 4.62
2.73 3.02 6.62 4.64
2.75 3.54 6.12 4.66
2.83 3.52 5.72 4.24
2.83 4.01 5.3 4.31
2.72 3.37 6.09 4.46
2.8 3.78 5.92 4.7
2.68 3.28 6.05 4.33
2.78 3.59 5.89 4.48
2.79 3.42 6.03 4.45
2.68 3.5 5.93 4.43
2.76 3.41 5.96 4.37
2.75 3.61 5.97 4.58
2.78 3.41 5.9 4.31
2.77 3.5 6.22 4.72
2.85 3.39 5.88 4.27
2.77 3.3 5.99 4.29
2.8 3.47 6.14 4.61
2.75 3.23 6.03 4.26
2.8 3.08 6.51 4.59
2.76 3.12 6.53 4.65
2.72 3.21 6.12 4.33
2.79 3.25 6.13 4.38
2.82 3.72 5.59 4.31
2.79 3.37 6.15 4.52
2.85 3.38 5.73 4.11
2.8 3.46 6.13 4.59
2.85 3.8 5.62 4.42
2.79 3.23 6.38 4.61
2.81 3.43 5.9 4.33
2.79 3.44 6.09 4.53
2.78 3.23 5.97 4.2
2.77 3.33 6.05 4.38
2.7 3.3 6.11 4.41
2.75 2.76 6.66 4.42
2.81 3.88 5.57 4.45
2.81 3.41 5.83 4.24
2.76 3.61 5.86 4.47
2.83 3.4 6.06 4.46
2.8 3.23 6.36 4.59
2.7 2.94 6.44 4.38
2.75 3.39 6.11 4.5
2.92 3.2 6.02 4.22
2.82 3.53 5.58 4.11
2.77 3.03 6.55 4.58
2.78 3.5 5.98 4.48
2.85 3.14 6.19 4.33
2.8 3.6 5.65 4.25
2.72 2.8 6.43 4.23
2.76 3.14 6.11 4.25
2.75 3.75 5.72 4.47
2.85 3.34 5.8 4.14
2.71 3.2 6.24 4.44
2.78 3.57 6.1 4.67
2.69 3.3 6.14 4.44
2.84 3.73 5.72 4.45
2.79 3.25 6.4 4.65
2.8 3.58 5.75 4.33
2.7 2.64 6.77 4.41
2.73 3.4 6.15 4.55
2.74 3.51 5.97 4.48
2.75 3.32 6.37 4.69
2.83 3.77 5.59 4.36
2.79 3.61 5.44 4.05
2.78 3.73 5.64 4.37
2.72 3.17 6.36 4.53
2.81 2.96 6.59 4.55
2.83 3.6 5.66 4.26
2.72 3.53 6.05 4.58
2.8 3.2 6.12 4.32
2.66 3.15 6.44 4.59
2.8 3.25 6.06 4.31
2.85 3.18 6.37 4.55
2.83 3.32 5.87 4.19
2.77 3.3 6.4 4.7
2.78 3.05 6.26 4.31
2.74 3.21 6.18 4.39
2.72 3.28 6.22 4.5
2.78 3.27 6.2 4.47
2.75 3.22 6.36 4.58
2.84 3.51 5.92 4.43
2.83 3.95 5.62 4.57
2.81 3.46 5.98 4.44
2.82 3.61 5.63 4.24
2.79 3.56 6.12 4.68
2.81 3.59 5.79 4.38
2.7 3.32 6.27 4.59
2.71 3.21 6.33 4.54
2.74 3.09 6.25 4.34
2.7 3.12 6.51 4.63
2.8 3.26 5.93 4.19
2.72 2.98 6.29 4.27
2.77 3.28 6.29 4.57
2.79 3.56 5.91 4.47
2.73 3.29 6.16 4.45
2.76 3.39 5.99 4.38
2.83 3.17 6.18 4.35
2.77 3.45 6.18 4.63
2.79 3.37 6.02 4.39
2.72 2.94 6.59 4.53
2.72 3.4 6.42 4.82
2.81 3.73 5.7 4.43
2.77 3.26 6.39 4.65
2.82 3.61 5.72 4.33
2.73 3.46 6.21 4.67
2.77 3.24 5.79 4.03
2.82 3.5 5.75 4.25
2.81 3.69 5.58 4.27
2.86 3.44 5.77 4.21
2.69 3.02 6.53 4.55
2.81 3.39 5.97 4.36
2.75 3.29 6.22 4.51
2.8 3.24 6.52 4.76
2.8 3.47 6.02 4.49
2.83 3.15 6.23 4.38
2.77 3.17 6.28 4.45
2.85 3.86 5.44 4.3
2.83 3.27 5.97 4.24
2.77 3.3 6.42 4.72
2.76 3.18 6.11 4.29
2.72 2.91 6.4 4.31
2.84 3.07 6.16 4.23
2.69 3.11 6.38 4.49
2.69 2.81 6.42 4.23
2.78 3.88 5.16 4.04
2.77 3.08 6.3 4.38
2.68 3.35 6.23 4.58
2.81 3.25 6.04 4.29
2.79 3.57 5.59 4.16
2.82 3.59 5.87 4.46
2.78 3.5 5.76 4.26
2.81 3.59 5.83 4.42
2.86 3.7 5.82 4.52
2.76 3.48 6.23 4.71
2.77 3.68 5.48 4.16
2.86 3.35 6.23 4.58
2.79 3.42 5.83 4.25
2.79 3.17 6.19 4.36
2.78 3.57 5.67 4.24
2.79 3.55 5.89 4.44
2.67 3.17 6.35 4.52
2.81 3.46 5.83 4.29
2.8 3.39 5.79 4.18
2.86 3.45 6.02 4.47
2.82 3.51 5.69 4.2
2.72 3.37 6.29 4.66
2.72 3.03 6.3 4.33
2.83 3.68 5.49 4.17
2.72 2.97 6.28 4.25
2.85 3.74 5.38 4.12
2.8 3.6 5.82 4.42
2.79 3.22 6.19 4.41
2.77 3.36 6.12 4.48
2.77 3.22 6.23 4.45
2.69 3.21 6.35 4.56
2.69 3.1 6.44 4.54
2.83 3.75 5.66 4.41
2.8 3.19 6.15 4.34
2.77 3.16 6.42 4.58
2.75 3.21 6.18 4.39
2.77 3.63 5.88 4.51
2.75 3.27 5.92 4.19
2.76 3.38 6.19 4.57
2.84 3.85 5.7 4.55
2.86 3.65 6.02 4.67
2.76 3.67 5.97 4.64
2.8 3.46 6.03 4.49
2.78 3.15 6.16 4.31
2.79 3.96 5.4 4.36
2.78 3.25 5.96 4.21
2.76 3.18 5.96 4.14
2.83 3.37 5.92 4.29
2.84 3.3 5.92 4.22
2.79 3.64 5.66 4.3
2.78 3.35 5.64 3.99
2.64 3.2 6.43 4.63
2.9 3.31 5.79 4.1
2.81 3.44 6.25 4.69
2.8 3.38 6.15 4.53
2.81 3.56 6.07 4.63
2.82 3.38 6.05 4.43
2.83 3.49 5.97 4.46
2.78 3.34 6.29 4.63
2.8 3.26 5.99 4.25
2.78 3.3 6.49 4.79
2.81 3.27 6.25 4.52
2.74 3.37 6.33 4.7
2.7 3.34 5.98 4.32
2.77 3.26 6.29 4.55
2.77 3.16 6.43 4.59
2.77 3.56 5.78 4.34
2.71 3.12 6.53 4.65
2.77 3.55 5.82 4.37
2.75 3.35 6.01 4.36
2.76 3.55 5.95 4.5
2.81 3.58 5.91 4.49
2.77 3.3 6.26 4.56
2.78 3.49 5.96 4.45
2.85 3.32 6.12 4.44
2.77 3.23 6.49 4.72
2.75 3.1 6.28 4.38
2.72 3.33 6.08 4.41
2.79 3.43 5.87 4.3
2.69 3.45 5.95 4.4
2.84 3.79 5.71 4.5
2.81 3.73 5.48 4.21
2.84 3.38 6.18 4.56
2.88 3.83 5.54 4.37
2.81 3.29 6.07 4.36
2.76 3.73 5.77 4.5
2.86 3.54 5.73 4.27
2.77 3.21 6.26 4.47
2.81 3.51 5.91 4.42
2.73 3.09 6.13 4.22
2.74 3.25 6.17 4.42
2.77 3.23 6.21 4.44
2.78 3.11 6.37 4.48
2.82 3.26 5.92 4.18
2.84 3.44 5.91 4.35
2.78 3.91 5.39 4.3
2.74 3.69 5.66 4.35
2.76 3.21 6.24 4.45
2.82 3.55 5.57 4.12
2.83 3.95 5.37 4.32
2.79 3.36 6.44 4.8
2.82 3.87 5.99 4.86
2.8 3.09 6.23 4.32
2.82 2.95 6.45 4.4
2.84 3.53 6.04 4.57
2.8 3.55 5.44 3.99
2.84 3.51 6.0 4.51
2.75 2.98 6.35 4.33
2.67 3.21 6.18 4.39
2.73 3.02 6.48 4.5
2.82 3.25 6.01 4.26
2.8 3.24 5.97 4.21
2.79 3.25 6.25 4.5
2.84 3.3 6.09 4.39
2.8 3.19 6.26 4.45
2.77 3.48 6.07 4.55
2.83 3.17 6.35 4.52
2.82 3.41 5.9 4.31
2.74 3.44 6.15 4.59
2.79 3.12 6.35 4.47
2.8 3.42 5.39 3.81
2.76 3.22 6.03 4.25
2.8 3.45 5.78 4.23
2.71 3.39 6.31 4.7
2.72 3.03 6.46 4.49
2.79 3.35 5.94 4.29
2.8 3.35 5.92 4.27
2.78 3.67 5.79 4.46
2.7 3.39 6.07 4.46
2.81 3.21 6.31 4.52
2.88 3.58 5.88 4.46
2.83 2.93 6.52 4.45
2.78 3.28 6.12 4.4
2.74 3.45 6.24 4.69
2.79 3.15 6.07 4.22
2.77 3.58 5.98 4.56
2.79 3.39 5.95 4.34
2.76 3.69 6.12 4.81
2.67 3.25 6.09 4.34
2.69 3.39 6.1 4.49
2.89 3.69 5.98 4.67
2.8 3.84 5.58 4.42
2.79 3.68 5.75 4.43
2.73 3.49 6.39 4.88
2.82 3.43 5.92 4.35
2.82 3.16 6.14 4.3
2.77 3.36 5.73 4.09
2.82 3.55 5.57 4.12
2.84 3.14 6.29 4.43
2.78 3.64 5.87 4.51
2.77 3.21 6.21 4.42
2.87 4.22 5.15 4.37
2.81 3.5 5.85 4.35
2.85 3.57 5.73 4.3
2.83 4.03 5.19 4.22
2.83 3.46 5.64 4.1
2.81 3.41 5.83 4.24
2.74 3.29 6.25 4.54
2.78 3.06 6.27 4.33
2.76 2.96 6.28 4.24
2.7 3.55 6.05 4.6
2.77 3.32 6.21 4.53
2.76 3.27 6.17 4.44
2.77 3.1 6.0 4.1
2.71 3.43 5.94 4.37
2.81 3.63 6.01 4.64
2.8 3.37 5.8 4.17
2.71 2.7 6.72 4.42
2.73 3.24 6.16 4.4
2.8 3.1 6.24 4.34
2.8 3.68 5.67 4.35
2.78 2.93 6.34 4.27
2.81 3.39 5.98 4.37
2.75 3.04 6.28 4.32
2.83 3.33 6.18 4.51
2.92 3.78 5.96 4.74
2.65 3.29 6.33 4.62
2.8 3.47 6.13 4.6
2.76 3.21 6.17 4.38
2.74 3.13 6.28 4.41
2.78 3.32 6.15 4.47
2.85 3.47 5.95 4.42
2.74 3.08 6.13 4.21
2.71 3.3 6.26 4.56
2.76 3.74 5.67 4.41
2.72 3.17 6.31 4.48
2.79 3.46 5.89 4.35
2.84 3.2 6.25 4.45
2.77 3.15 5.99 4.14
2.71 3.24 6.2 4.44
2.84 3.66 5.61 4.27
2.82 3.45 5.77 4.22
2.85 3.66 5.41 4.07
2.71 3.12 6.66 4.78
2.77 3.42 6.08 4.5
2.71 3.2 6.09 4.29
2.75 3.2 6.39 4.59
2.82 3.39 5.8 4.19
2.72 3.35 6.23 4.58
2.8 3.63 5.54 4.17
2.85 3.33 6.06 4.39
2.76 3.61 5.72 4.33
2.69 3.14 6.41 4.55
2.76 3.79 5.69 4.48
2.87 3.44 6.08 4.52
2.81 3.26 5.95 4.21
2.87 3.87 5.42 4.29
2.86 2.98 6.27 4.25
2.79 3.72 5.51 4.23
2.74 3.28 6.02 4.3
2.8 3.39 6.02 4.41
2.78 3.16 6.11 4.27
2.78 2.71 6.85 4.56
2.76 3.49 5.99 4.48
2.77 3.3 5.88 4.18
2.8 3.75 5.6 4.35
2.78 3.22 6.15 4.37
2.8 2.82 6.45 4.27
2.77 3.25 6.04 4.29
2.77 2.93 6.43 4.36
2.72 2.99 6.39 4.38
2.79 3.41 6.18 4.59
2.87 3.68 5.59 4.27
2.8 3.38 6.11 4.49
2.79 3.6 5.99 4.59
2.79 3.66 5.76 4.42
2.77 3.39 6.19 4.58
2.7 3.25 6.32 4.57
2.76 3.35 6.16 4.51
2.76 3.44 6.27 4.71
2.67 3.12 6.32 4.44
2.77 3.47 5.82 4.29
2.71 3.13 6.57 4.7
2.83 3.74 5.7 4.44
2.79 3.22 6.43 4.65
2.87 3.33 6.06 4.39
2.73 3.66 5.96 4.62
2.82 3.44 5.85 4.29
2.81 3.52 5.7 4.22
2.79 3.66 5.73 4.39
2.73 3.38 5.88 4.26
2.71 3.74 5.79 4.53
2.76 3.17 6.28 4.45
2.89 3.79 5.65 4.44
2.79 3.22 6.24 4.46
2.78 3.21 6.41 4.62
2.77 3.68 5.48 4.16
2.76 3.28 6.0 4.28
2.75 3.36 6.0 4.36
2.62 2.84 6.66 4.5
2.75 2.97 6.68 4.65
2.74 3.15 5.94 4.09
2.8 3.25 5.89 4.14
2.76 3.55 5.9 4.45
2.73 2.99 6.5 4.49
2.75 3.18 6.29 4.47
2.77 3.2 6.11 4.31
2.74 3.16 6.23 4.39
2.84 3.62 5.72 4.34
2.73 3.37 6.08 4.45
2.69 3.31 6.23 4.54
2.75 3.16 6.15 4.31
2.79 3.42 5.7 4.12
2.83 3.57 5.69 4.26
2.74 3.09 6.67 4.76
2.71 3.19 6.33 4.52
2.76 3.35 6.28 4.63
2.77 3.54 5.74 4.28
2.68 3.29 6.12 4.41
2.78 3.16 6.6 4.76
2.74 3.48 5.94 4.42
2.74 3.48 5.75 4.23
2.81 3.4 5.9 4.3
2.83 3.67 5.81 4.48
2.83 3.54 5.62 4.16
2.77 2.84 6.7 4.54
2.76 3.13 6.54 4.67
2.81 3.42 5.96 4.38
2.76 3.14 6.44 4.58
2.8 3.38 5.71 4.09
2.75 3.42 6.31 4.73
2.82 3.69 5.69 4.38
2.77 3.46 5.87 4.33
2.78 3.52 5.8 4.32
2.79 3.1 6.38 4.48
2.77 3.33 6.25 4.58
2.72 3.54 6.08 4.62
2.72 2.97 6.21 4.18
2.77 3.13 6.18 4.31
2.78 3.3 6.12 4.42
2.74 2.97 6.58 4.55
2.8 3.58 5.54 4.12
2.81 3.21 6.15 4.36
2.74 3.63 5.4 4.03
2.8 3.63 5.74 4.37
2.8 3.54 5.86 4.4
2.8 3.37 5.92 4.29
2.78 3.59 5.82 4.41
2.83 3.42 5.81 4.23
2.74 3.67 5.85 4.52
2.71 2.93 6.77 4.7
2.82 3.59 5.83 4.42
2.74 3.56 5.82 4.38
2.85 3.26 6.33 4.59
2.76 3.5 5.71 4.21
2.86 3.28 6.03 4.31
2.77 2.83 6.7 4.53
2.76 3.41 5.87 4.28
2.86 3.46 5.87 4.33
2.78 3.43 6.15 4.58
2.76 2.92 6.45 4.37
2.75 3.34 6.46 4.8
2.72 3.61 5.61 4.22
2.8 3.59 6.1 4.69
2.79 3.22 6.24 4.46
2.75 3.49 5.99 4.48
2.83 3.59 5.69 4.28
2.8 3.23 6.31 4.54
2.72 3.16 6.35 4.51
2.74 3.06 6.09 4.15
2.82 3.28 6.28 4.56
2.82 3.73 5.79 4.52
2.74 3.17 6.11 4.28
2.83 3.33 6.34 4.67
2.81 3.21 6.07 4.28
2.73 3.25 6.33 4.58
2.79 3.41 6.24 4.65
2.81 3.65 5.67 4.32
2.75 3.37 5.81 4.18
2.81 3.93 5.58 4.51
2.82 3.89 5.66 4.55
2.88 3.28 5.73 4.01
2.8 3.4 6.19 4.59
2.79 3.84 5.38 4.22
2.74 3.47 5.82 4.29
2.8 3.61 5.59 4.2
2.75 3.34 6.12 4.46
2.73 3.38 5.84 4.22
2.72 3.33 5.86 4.19
2.69 3.47 5.96 4.43
2.86 3.51 6.15 4.66
2.75 3.55 5.74 4.29
2.86 3.2 6.26 4.46
2.87 3.7 5.7 4.4
2.79 3.45 5.81 4.26
2.75 3.64 5.91 4.55
2.81 3.39 6.21 4.6
2.81 3.73 5.7 4.43
2.76 3.3 6.02 4.32
2.72 3.24 6.32 4.56
2.79 3.64 5.84 4.48
2.77 3.1 6.07 4.17
2.78 3.11 6.27 4.38
2.85 3.53 5.82 4.35
2.77 3.15 6.19 4.34
2.85 3.19 6.25 4.44
2.77 3.33 6.02 4.35
2.8 3.16 6.44 4.6
2.75 3.42 6.08 4.5
2.78 3.54 5.71 4.25
2.78 3.61 5.61 4.22
2.87 3.78 5.91 4.69
2.77 3.5 6.01 4.51
2.67 3.2 6.45 4.65
2.86 3.45 5.77 4.22
2.79 3.62 5.45 4.07
2.8 3.5 6.18 4.68
2.72 3.06 6.49 4.55
2.84 3.43 6.09 4.52
2.87 3.68 5.88 4.56
2.7 3.48 6.15 4.63
2.84 3.68 5.78 4.46
2.73 3.24 6.3 4.54
2.81 3.12 6.29 4.41
2.77 3.8 5.55 4.35
2.78 3.16 5.99 4.15
2.82 3.22 6.06 4.28
2.82 3.66 5.43 4.09
2.79 3.47 5.8 4.27
2.74 3.24 6.23 4.47
2.79 3.09 6.34 4.43
2.77 3.4 5.99 4.39
2.76 3.12 6.25 4.37
2.76 3.26 6.15 4.41
2.79 3.61 5.84 4.45
2.74 3.31 6.1 4.41
2.78 2.92 6.33 4.25
2.77 3.68 5.76 4.44
2.8 3.75 5.85 4.6
2.77 3.06 6.26 4.32
2.79 3.14 6.11 4.25
2.85 3.43 5.98 4.41
2.8 3.67 5.79 4.46
2.69 2.99 6.51 4.5
2.71 3.64 5.93 4.57
2.72 3.32 6.04 4.36
2.75 3.26 6.21 4.47
2.82 3.79 5.89 4.68
2.75 3.51 5.85 4.36
2.8 3.29 6.03 4.32
2.77 3.55 5.84 4.39
2.71 3.14 6.49 4.63
2.83 3.48 5.82 4.3
2.8 3.05 6.36 4.41
2.89 3.79 5.97 4.76
2.78 3.18 6.35 4.53
2.75 3.01 6.79 4.8
2.77 3.03 6.34 4.37
2.83 3.17 6.2 4.37
2.65 3.07 6.53 4.6
2.76 3.54 5.82 4.36
2.67 3.17 6.13 4.3
2.65 3.22 6.18 4.4
2.77 3.38 6.05 4.43
2.83 3.63 5.73 4.36
2.77 3.37 6.25 4.62
2.77 3.56 5.91 4.47
2.77 3.38 5.84 4.22
2.83 3.19 6.01 4.2
2.74 3.62 5.99 4.61
2.73 3.71 5.69 4.4
2.74 3.0 6.21 4.21
2.66 3.36 6.05 4.41
2.75 2.84 6.52 4.36
2.77 3.21 6.18 4.39
2.79 3.97 5.83 4.8
2.77 3.46 5.95 4.41
2.81 3.13 6.21 4.34
2.8 3.75 5.67 4.42
2.75 3.52 5.71 4.23
2.8 3.31 6.31 4.62
2.84 3.62 5.58 4.2
2.81 3.71 5.68 4.39
2.77 3.28 6.26 4.54
2.8 3.49 6.07 4.56
2.82 3.47 5.99 4.46
2.87 3.57 5.7 4.27
2.8 3.56 5.51 4.07
2.78 3.57 5.71 4.28
2.74 3.56 5.73 4.29
2.74 3.15 6.25 4.4
2.76 3.15 6.1 4.25
2.89 3.8 5.41 4.21
2.71 3.08 6.32 4.4
2.79 3.05 6.32 4.37
2.774484 3.352022 6.061014 4.413036
