1.66 1.44 1.56 1.0
1.58 1.3 1.7 1.0
1.78 1.38 1.62 1.0
1.6 1.24 1.76 1.0
1.62 1.38 1.62 1.0
1.66 1.36 1.64 1.0
1.62 1.38 1.62 1.0
1.66 1.34 1.66 1.0
1.68 1.4 1.6 1.0
1.68 1.26 1.74 1.0
1.66 1.36 1.64 1.0
1.64 1.4 1.6 1.0
1.62 1.28 1.72 1.0
1.7 1.4 1.6 1.0
1.74 1.4 1.6 1.0
1.5 1.24 1.76 1.0
1.7 1.3 1.7 1.0
1.7 1.3 1.7 1.0
1.68 1.38 1.62 1.0
1.68 1.38 1.62 1.0
1.7 1.24 1.76 1.0
1.68 1.36 1.64 1.0
1.62 1.24 1.76 1.0
1.64 1.28 1.72 1.0
1.8 1.48 1.52 1.0
1.56 1.34 1.66 1.0
1.7 1.34 1.66 1.0
1.7 1.34 1.66 1.0
1.66 1.34 1.66 1.0
1.66 1.36 1.64 1.0
1.82 1.44 1.56 1.0
1.76 1.44 1.56 1.0
1.72 1.28 1.72 1.0
1.64 1.46 1.54 1.0
1.66 1.38 1.62 1.0
1.62 1.28 1.72 1.0
1.64 1.38 1.62 1.0
1.74 1.3 1.7 1.0
1.7 1.32 1.68 1.0
1.74 1.32 1.68 1.0
1.58 1.3 1.7 1.0
1.64 1.36 1.64 1.0
1.76 1.4 1.6 1.0
1.72 1.38 1.62 1.0
1.66 1.34 1.66 1.0
1.7 1.38 1.62 1.0
1.72 1.4 1.6 1.0
1.56 1.32 1.68 1.0
1.72 1.38 1.62 1.0
1.7 1.38 1.62 1.0
1.62 1.24 1.76 1.0
1.7 1.34 1.66 1.0
1.66 1.28 1.72 1.0
1.72 1.42 1.58 1.0
1.76 1.46 1.54 1.0
1.76 1.4 1.6 1.0
1.58 1.32 1.68 1.0
1.66 1.26 1.74 1.0
1.58 1.26 1.74 1.0
1.66 1.36 1.64 1.0
1.64 1.28 1.72 1.0
1.76 1.36 1.64 1.0
1.66 1.38 1.62 1.0
1.7 1.38 1.62 1.0
1.52 1.2 1.8 1.0
1.7 1.4 1.6 1.0
1.78 1.26 1.74 1.0
1.78 1.4 1.6 1.0
1.74 1.38 1.62 1.0
1.76 1.38 1.62 1.0
1.68 1.34 1.66 1.0
1.62 1.34 1.66 1.0
1.54 1.34 1.66 1.0
1.76 1.28 1.72 1.0
1.56 1.22 1.78 1.0
1.64 1.34 1.66 1.0
1.6 1.24 1.76 1.0
1.64 1.34 1.66 1.0
1.66 1.46 1.54 1.0
1.74 1.38 1.62 1.0
1.7 1.4 1.6 1.0
1.58 1.2 1.8 1.0
1.78 1.5 1.5 1.0
1.68 1.34 1.66 1.0
1.66 1.32 1.68 1.0
1.56 1.24 1.76 1.0
1.78 1.42 1.58 1.0
1.6 1.24 1.76 1.0
1.74 1.38 1.62 1.0
1.6 1.38 1.62 1.0
1.74 1.38 1.62 1.0
1.64 1.24 1.76 1.0
1.64 1.32 1.68 1.0
1.62 1.2 1.8 1.0
1.72 1.34 1.66 1.0
1.62 1.32 1.68 1.0
1.7 1.34 1.66 1.0
1.66 1.26 1.74 1.0
1.62 1.3 1.7 1.0
1.64 1.38 1.62 1.0
1.7 1.34 1.66 1.0
1.68 1.2 1.8 1.0
1.64 1.34 1.66 1.0
1.74 1.38 1.62 1.0
1.74 1.32 1.68 1.0
1.7 1.4 1.6 1.0
1.72 1.32 1.68 1.0
1.68 1.26 1.74 1.0
1.62 1.28 1.72 1.0
1.64 1.34 1.66 1.0
1.6 1.24 1.76 1.0
1.66 1.32 1.68 1.0
1.68 1.4 1.6 1.0
1.68 1.32 1.68 1.0
1.66 1.4 1.6 1.0
1.66 1.4 1.6 1.0
1.64 1.3 1.7 1.0
1.66 1.18 1.82 1.0
1.66 1.34 1.66 1.0
1.68 1.3 1.7 1.0
1.66 1.42 1.58 1.0
1.66 1.46 1.54 1.0
1.7 1.36 1.64 1.0
1.58 1.34 1.66 1.0
1.78 1.28 1.72 1.0
1.72 1.28 1.72 1.0
1.84 1.42 1.58 1.0
1.7 1.36 1.64 1.0
1.74 1.3 1.7 1.0
1.62 1.3 1.7 1.0
1.74 1.44 1.56 1.0
1.76 1.4 1.6 1.0
1.7 1.34 1.66 1.0
1.7 1.34 1.66 1.0
1.7 1.3 1.7 1.0
1.72 1.42 1.58 1.0
1.62 1.38 1.62 1.0
1.7 1.38 1.62 1.0
1.7 1.4 1.6 1.0
1.6 1.18 1.82 1.0
1.66 1.2 1.8 1.0
1.64 1.34 1.66 1.0
1.62 1.34 1.66 1.0
1.64 1.32 1.68 1.0
1.64 1.44 1.56 1.0
1.72 1.32 1.68 1.0
1.72 1.38 1.62 1.0
1.7 1.44 1.56 1.0
1.72 1.38 1.62 1.0
1.56 1.32 1.68 1.0
1.68 1.48 1.52 1.0
1.56 1.32 1.68 1.0
1.7 1.3 1.7 1.0
1.62 1.3 1.7 1.0
1.66 1.26 1.74 1.0
1.5 1.26 1.74 1.0
1.66 1.38 1.62 1.0
1.56 1.32 1.68 1.0
1.66 1.44 1.56 1.0
1.64 1.3 1.7 1.0
1.7 1.44 1.56 1.0
1.6 1.34 1.66 1.0
1.74 1.32 1.68 1.0
1.7 1.3 1.7 1.0
1.76 1.38 1.62 1.0
1.62 1.26 1.74 1.0
1.6 1.28 1.72 1.0
1.54 1.3 1.7 1.0
1.7 1.42 1.58 1.0
1.58 1.32 1.68 1.0
1.66 1.26 1.74 1.0
1.66 1.34 1.66 1.0
1.64 1.3 1.7 1.0
1.72 1.4 1.6 1.0
1.78 1.3 1.7 1.0
1.72 1.26 1.74 1.0
1.6 1.32 1.68 1.0
1.66 1.34 1.66 1.0
1.72 1.34 1.66 1.0
1.72 1.38 1.62 1.0
1.72 1.36 1.64 1.0
1.68 1.38 1.62 1.0
1.76 1.32 1.68 1.0
1.64 1.3 1.7 1.0
1.64 1.4 1.6 1.0
1.68 1.32 1.68 1.0
1.68 1.4 1.6 1.0
1.6 1.36 1.64 1.0
1.7 1.32 1.68 1.0
1.64 1.22 1.78 1.0
1.74 1.36 1.64 1.0
1.64 1.42 1.58 1.0
1.68 1.36 1.64 1.0
1.78 1.42 1.58 1.0
1.78 1.32 1.68 1.0
1.7 1.42 1.58 1.0
1.68 1.34 1.66 1.0
1.64 1.38 1.62 1.0
1.74 1.36 1.64 1.0
1.66 1.4 1.6 1.0
1.76 1.48 1.52 1.0
1.62 1.36 1.64 1.0
1.72 1.36 1.64 1.0
1.58 1.18 1.82 1.0
1.58 1.22 1.78 1.0
1.74 1.38 1.62 1.0
1.82 1.3 1.7 1.0
1.72 1.42 1.58 1.0
1.76 1.32 1.68 1.0
1.58 1.34 1.66 1.0
1.66 1.38 1.62 1.0
1.68 1.36 1.64 1.0
1.76 1.36 1.64 1.0
1.72 1.36 1.64 1.0
1.66 1.32 1.68 1.0
1.58 1.32 1.68 1.0
1.56 1.3 1.7 1.0
1.72 1.38 1.62 1.0
1.74 1.32 1.68 1.0
1.64 1.4 1.6 1.0
1.74 1.32 1.68 1.0
1.66 1.44 1.56 1.0
1.7 1.36 1.64 1.0
1.6 1.26 1.74 1.0
1.72 1.32 1.68 1.0
1.72 1.4 1.6 1.0
1.8 1.4 1.6 1.0
1.78 1.46 1.54 1.0
1.68 1.34 1.66 1.0
1.64 1.36 1.64 1.0
1.54 1.24 1.76 1.0
1.7 1.28 1.72 1.0
1.64 1.3 1.7 1.0
1.74 1.48 1.52 1.0
1.7 1.42 1.58 1.0
1.56 1.3 1.7 1.0
1.68 1.36 1.64 1.0
1.72 1.44 1.56 1.0
1.74 1.38 1.62 1.0
1.76 1.34 1.66 1.0
1.68 1.44 1.56 1.0
1.72 1.42 1.58 1.0
1.7 1.36 1.64 1.0
1.74 1.3 1.7 1.0
1.78 1.3 1.7 1.0
1.74 1.46 1.54 1.0
1.76 1.24 1.76 1.0
1.68 1.3 1.7 1.0
1.48 1.2 1.8 1.0
1.68 1.34 1.66 1.0
1.62 1.3 1.7 1.0
1.56 1.26 1.74 1.0
1.58 1.24 1.76 1.0
1.58 1.36 1.64 1.0
1.68 1.36 1.64 1.0
1.6 1.3 1.7 1.0
1.72 1.4 1.6 1.0
1.74 1.38 1.62 1.0
1.72 1.36 1.64 1.0
1.68 1.36 1.64 1.0
1.66 1.32 1.68 1.0
1.76 1.5 1.5 1.0
1.78 1.42 1.58 1.0
1.58 1.32 1.68 1.0
1.68 1.38 1.62 1.0
1.74 1.36 1.64 1.0
1.64 1.4 1.6 1.0
1.66 1.26 1.74 1.0
1.7 1.46 1.54 1.0
1.68 1.34 1.66 1.0
1.68 1.32 1.68 1.0
1.58 1.36 1.64 1.0
1.7 1.32 1.68 1.0
1.58 1.32 1.68 1.0
1.66 1.34 1.66 1.0
1.74 1.32 1.68 1.0
1.62 1.32 1.68 1.0
1.64 1.3 1.7 1.0
1.7 1.4 1.6 1.0
1.78 1.38 1.62 1.0
1.48 1.28 1.72 1.0
1.62 1.3 1.7 1.0
1.68 1.32 1.68 1.0
1.7 1.34 1.66 1.0
1.7 1.36 1.64 1.0
1.66 1.36 1.64 1.0
1.6 1.28 1.72 1.0
1.7 1.34 1.66 1.0
1.68 1.36 1.64 1.0
1.58 1.22 1.78 1.0
1.64 1.32 1.68 1.0
1.74 1.4 1.6 1.0
1.68 1.24 1.76 1.0
1.74 1.34 1.66 1.0
1.68 1.42 1.58 1.0
1.72 1.44 1.56 1.0
1.7 1.22 1.78 1.0
1.68 1.28 1.72 1.0
1.66 1.38 1.62 1.0
1.64 1.3 1.7 1.0
1.7 1.28 1.72 1.0
1.66 1.3 1.7 1.0
1.76 1.3 1.7 1.0
1.76 1.4 1.6 1.0
1.64 1.28 1.72 1.0
1.68 1.36 1.64 1.0
1.7 1.34 1.66 1.0
1.6 1.34 1.66 1.0
1.64 1.52 1.48 1.0
1.68 1.4 1.6 1.0
1.64 1.38 1.62 1.0
1.66 1.22 1.78 1.0
1.72 1.38 1.62 1.0
1.58 1.4 1.6 1.0
1.7 1.22 1.78 1.0
1.64 1.36 1.64 1.0
1.58 1.36 1.64 1.0
1.62 1.26 1.74 1.0
1.68 1.4 1.6 1.0
1.68 1.28 1.72 1.0
1.66 1.2 1.8 1.0
1.64 1.28 1.72 1.0
1.6 1.26 1.74 1.0
1.66 1.38 1.62 1.0
1.7 1.32 1.68 1.0
1.54 1.24 1.76 1.0
1.8 1.36 1.64 1.0
1.68 1.38 1.62 1.0
1.54 1.22 1.78 1.0
1.66 1.22 1.78 1.0
1.76 1.44 1.56 1.0
1.62 1.34 1.66 1.0
1.66 1.34 1.66 1.0
1.7 1.28 1.72 1.0
1.64 1.36 1.64 1.0
1.64 1.26 1.74 1.0
1.76 1.42 1.58 1.0
1.66 1.34 1.66 1.0
1.62 1.32 1.68 1.0
1.62 1.28 1.72 1.0
1.6 1.34 1.66 1.0
1.7 1.42 1.58 1.0
1.66 1.3 1.7 1.0
1.66 1.44 1.56 1.0
1.72 1.38 1.62 1.0
1.66 1.32 1.68 1.0
1.62 1.2 1.8 1.0
1.7 1.3 1.7 1.0
1.64 1.4 1.6 1.0
1.62 1.24 1.76 1.0
1.76 1.32 1.68 1.0
1.68 1.44 1.56 1.0
1.72 1.34 1.66 1.0
1.66 1.24 1.76 1.0
1.62 1.36 1.64 1.0
1.6 1.4 1.6 1.0
1.54 1.26 1.74 1.0
1.62 1.22 1.78 1.0
1.66 1.36 1.64 1.0
1.6 1.38 1.62 1.0
1.76 1.36 1.64 1.0
1.72 1.36 1.64 1.0
1.6 1.38 1.62 1.0
1.66 1.36 1.64 1.0
1.7 1.28 1.72 1.0
1.68 1.26 1.74 1.0
1.78 1.38 1.62 1.0
1.7 1.32 1.68 1.0
1.66 1.34 1.66 1.0
1.46 1.26 1.74 1.0
1.66 1.4 1.6 1.0
1.7 1.3 1.7 1.0
1.7 1.36 1.64 1.0
1.72 1.28 1.72 1.0
1.6 1.36 1.64 1.0
1.58 1.36 1.64 1.0
1.68 1.22 1.78 1.0
1.68 1.32 1.68 1.0
1.68 1.32 1.68 1.0
1.68 1.3 1.7 1.0
1.76 1.42 1.58 1.0
1.66 1.4 1.6 1.0
1.68 1.38 1.62 1.0
1.6 1.26 1.74 1.0
1.68 1.32 1.68 1.0
1.54 1.26 1.74 1.0
1.62 1.32 1.68 1.0
1.74 1.36 1.64 1.0
1.76 1.48 1.52 1.0
1.5 1.18 1.82 1.0
1.58 1.3 1.7 1.0
1.68 1.22 1.78 1.0
1.82 1.46 1.54 1.0
1.58 1.24 1.76 1.0
1.64 1.34 1.66 1.0
1.64 1.26 1.74 1.0
1.78 1.4 1.6 1.0
1.76 1.42 1.58 1.0
1.64 1.26 1.74 1.0
1.62 1.26 1.74 1.0
1.68 1.26 1.74 1.0
1.62 1.26 1.74 1.0
1.68 1.38 1.62 1.0
1.72 1.38 1.62 1.0
1.76 1.44 1.56 1.0
1.68 1.4 1.6 1.0
1.62 1.32 1.68 1.0
1.66 1.36 1.64 1.0
1.58 1.3 1.7 1.0
1.66 1.4 1.6 1.0
1.68 1.38 1.62 1.0
1.66 1.4 1.6 1.0
1.66 1.36 1.64 1.0
1.72 1.26 1.74 1.0
1.72 1.26 1.74 1.0
1.6 1.34 1.66 1.0
1.58 1.26 1.74 1.0
1.72 1.38 1.62 1.0
1.82 1.44 1.56 1.0
1.74 1.26 1.74 1.0
1.72 1.36 1.64 1.0
1.54 1.26 1.74 1.0
1.74 1.44 1.56 1.0
1.76 1.34 1.66 1.0
1.68 1.34 1.66 1.0
1.7 1.36 1.64 1.0
1.68 1.32 1.68 1.0
1.54 1.24 1.76 1.0
1.7 1.34 1.66 1.0
1.66 1.32 1.68 1.0
1.68 1.36 1.64 1.0
1.72 1.32 1.68 1.0
1.6 1.24 1.76 1.0
1.62 1.42 1.58 1.0
1.74 1.48 1.52 1.0
1.72 1.32 1.68 1.0
1.68 1.46 1.54 1.0
1.64 1.32 1.68 1.0
1.56 1.28 1.72 1.0
1.7 1.44 1.56 1.0
1.64 1.28 1.72 1.0
1.52 1.22 1.78 1.0
1.66 1.28 1.72 1.0
1.62 1.34 1.66 1.0
1.64 1.36 1.64 1.0
1.68 1.36 1.64 1.0
1.7 1.34 1.66 1.0
1.62 1.26 1.74 1.0
1.54 1.32 1.68 1.0
1.6 1.28 1.72 1.0
1.72 1.3 1.7 1.0
1.66 1.34 1.66 1.0
1.68 1.3 1.7 1.0
1.66 1.36 1.64 1.0
1.6 1.3 1.7 1.0
1.7 1.3 1.7 1.0
1.68 1.3 1.7 1.0
1.68 1.34 1.66 1.0
1.62 1.42 1.58 1.0
1.62 1.32 1.68 1.0
1.7 1.34 1.66 1.0
1.62 1.36 1.64 1.0
1.72 1.4 1.6 1.0
1.66 1.38 1.62 1.0
1.5 1.22 1.78 1.0
1.7 1.32 1.68 1.0
1.7 1.34 1.66 1.0
1.7 1.28 1.72 1.0
1.72 1.38 1.62 1.0
1.54 1.38 1.62 1.0
1.66 1.34 1.66 1.0
1.68 1.34 1.66 1.0
1.66 1.36 1.64 1.0
1.74 1.4 1.6 1.0
1.64 1.22 1.78 1.0
1.68 1.36 1.64 1.0
1.66 1.38 1.62 1.0
1.7 1.4 1.6 1.0
1.68 1.34 1.66 1.0
1.68 1.38 1.62 1.0
1.64 1.34 1.66 1.0
1.64 1.3 1.7 1.0
1.66 1.28 1.72 1.0
1.56 1.32 1.68 1.0
1.64 1.3 1.7 1.0
1.68 1.3 1.7 1.0
1.64 1.38 1.62 1.0
1.64 1.32 1.68 1.0
1.74 1.38 1.62 1.0
1.62 1.28 1.72 1.0
1.76 1.46 1.54 1.0
1.74 1.34 1.66 1.0
1.62 1.24 1.76 1.0
1.66 1.36 1.64 1.0
1.74 1.36 1.64 1.0
1.56 1.28 1.72 1.0
1.72 1.34 1.66 1.0
1.66 1.26 1.74 1.0
1.7 1.38 1.62 1.0
1.72 1.4 1.6 1.0
1.72 1.44 1.56 1.0
1.66 1.28 1.72 1.0
1.7 1.26 1.74 1.0
1.64 1.4 1.6 1.0
1.66 1.46 1.54 1.0
1.58 1.36 1.64 1.0
1.66 1.4 1.6 1.0
1.56 1.26 1.74 1.0
1.64 1.24 1.76 1.0
1.78 1.46 1.54 1.0
1.76 1.28 1.72 1.0
1.58 1.26 1.74 1.0
1.64 1.46 1.54 1.0
1.68 1.34 1.66 1.0
1.74 1.44 1.56 1.0
1.8 1.4 1.6 1.0
1.64 1.28 1.72 1.0
1.72 1.4 1.6 1.0
1.72 1.38 1.62 1.0
1.64 1.36 1.64 1.0
1.62 1.24 1.76 1.0
1.64 1.36 1.64 1.0
1.82 1.48 1.52 1.0
1.58 1.28 1.72 1.0
1.66 1.3 1.7 1.0
1.66 1.36 1.64 1.0
1.7 1.46 1.54 1.0
1.82 1.32 1.68 1.0
1.7 1.34 1.66 1.0
1.7 1.34 1.66 1.0
1.52 1.22 1.78 1.0
1.7 1.34 1.66 1.0
1.8 1.36 1.64 1.0
1.66 1.46 1.54 1.0
1.78 1.44 1.56 1.0
1.72 1.38 1.62 1.0
1.7 1.44 1.56 1.0
1.78 1.32 1.68 1.0
1.72 1.44 1.56 1.0
1.66 1.36 1.64 1.0
1.7 1.28 1.72 1.0
1.7 1.44 1.56 1.0
1.68 1.36 1.64 1.0
1.68 1.38 1.62 1.0
1.64 1.36 1.64 1.0
1.7 1.26 1.74 1.0
1.8 1.36 1.64 1.0
1.62 1.26 1.74 1.0
1.54 1.28 1.72 1.0
1.58 1.2 1.8 1.0
1.76 1.4 1.6 1.0
1.62 1.3 1.7 1.0
1.56 1.24 1.76 1.0
1.7 1.3 1.7 1.0
1.72 1.38 1.62 1.0
1.54 1.3 1.7 1.0
1.68 1.28 1.72 1.0
1.74 1.3 1.7 1.0
1.76 1.44 1.56 1.0
1.7 1.36 1.64 1.0
1.62 1.36 1.64 1.0
1.62 1.4 1.6 1.0
1.56 1.18 1.82 1.0
1.76 1.42 1.58 1.0
1.8 1.44 1.56 1.0
1.66 1.38 1.62 1.0
1.62 1.32 1.68 1.0
1.68 1.36 1.64 1.0
1.62 1.24 1.76 1.0
1.6 1.26 1.74 1.0
1.6 1.22 1.78 1.0
1.74 1.26 1.74 1.0
1.54 1.26 1.74 1.0
1.68 1.32 1.68 1.0
1.6 1.32 1.68 1.0
1.64 1.3 1.7 1.0
1.64 1.38 1.62 1.0
1.7 1.34 1.66 1.0
1.68 1.26 1.74 1.0
1.6 1.5 1.5 1.0
1.66 1.24 1.76 1.0
1.66 1.44 1.56 1.0
1.64 1.34 1.66 1.0
1.66 1.28 1.72 1.0
1.6 1.34 1.66 1.0
1.7 1.26 1.74 1.0
1.76 1.34 1.66 1.0
1.78 1.26 1.74 1.0
1.74 1.36 1.64 1.0
1.56 1.24 1.76 1.0
1.62 1.4 1.6 1.0
1.7 1.32 1.68 1.0
1.68 1.44 1.56 1.0
1.6 1.32 1.68 1.0
1.64 1.36 1.64 1.0
1.84 1.48 1.52 1.0
1.66 1.4 1.6 1.0
1.6 1.28 1.72 1.0
1.66 1.36 1.64 1.0
1.58 1.28 1.72 1.0
1.72 1.32 1.68 1.0
1.74 1.42 1.58 1.0
1.74 1.3 1.7 1.0
1.7 1.38 1.62 1.0
1.68 1.28 1.72 1.0
1.68 1.3 1.7 1.0
1.68 1.46 1.54 1.0
1.56 1.32 1.68 1.0
1.64 1.24 1.76 1.0
1.56 1.26 1.74 1.0
1.52 1.22 1.78 1.0
1.62 1.34 1.66 1.0
1.7 1.36 1.64 1.0
1.7 1.3 1.7 1.0
1.66 1.38 1.62 1.0
1.58 1.3 1.7 1.0
1.64 1.3 1.7 1.0
1.78 1.44 1.56 1.0
1.6 1.48 1.52 1.0
1.8 1.5 1.5 1.0
1.66 1.34 1.66 1.0
1.52 1.24 1.76 1.0
1.68 1.3 1.7 1.0
1.54 1.26 1.74 1.0
1.62 1.32 1.68 1.0
1.56 1.3 1.7 1.0
1.66 1.36 1.64 1.0
1.52 1.18 1.82 1.0
1.58 1.36 1.64 1.0
1.66 1.28 1.72 1.0
1.7 1.36 1.64 1.0
1.72 1.3 1.7 1.0
1.68 1.32 1.68 1.0
1.66 1.32 1.68 1.0
1.8 1.36 1.64 1.0
1.68 1.36 1.64 1.0
1.64 1.34 1.66 1.0
1.66 1.4 1.6 1.0
1.6 1.32 1.68 1.0
1.62 1.28 1.72 1.0
1.72 1.36 1.64 1.0
1.64 1.26 1.74 1.0
1.6 1.34 1.66 1.0
1.68 1.4 1.6 1.0
1.68 1.38 1.62 1.0
1.76 1.38 1.62 1.0
1.6 1.42 1.58 1.0
1.68 1.34 1.66 1.0
1.56 1.3 1.7 1.0
1.66 1.3 1.7 1.0
1.68 1.36 1.64 1.0
1.66 1.24 1.76 1.0
1.62 1.28 1.72 1.0
1.76 1.42 1.58 1.0
1.7 1.26 1.74 1.0
1.72 1.44 1.56 1.0
1.68 1.5 1.5 1.0
1.7 1.44 1.56 1.0
1.62 1.3 1.7 1.0
1.64 1.34 1.66 1.0
1.64 1.32 1.68 1.0
1.64 1.28 1.72 1.0
1.7 1.32 1.68 1.0
1.68 1.34 1.66 1.0
1.68 1.36 1.64 1.0
1.6 1.4 1.6 1.0
1.74 1.44 1.56 1.0
1.76 1.38 1.62 1.0
1.62 1.22 1.78 1.0
1.7 1.3 1.7 1.0
1.8 1.38 1.62 1.0
1.62 1.34 1.66 1.0
1.72 1.36 1.64 1.0
1.56 1.24 1.76 1.0
1.58 1.38 1.62 1.0
1.54 1.16 1.84 1.0
1.76 1.34 1.66 1.0
1.64 1.3 1.7 1.0
1.64 1.36 1.64 1.0
1.62 1.26 1.74 1.0
1.7 1.3 1.7 1.0
1.72 1.38 1.62 1.0
1.72 1.36 1.64 1.0
1.7 1.42 1.58 1.0
1.7 1.38 1.62 1.0
1.62 1.28 1.72 1.0
1.78 1.46 1.54 1.0
1.58 1.34 1.66 1.0
1.76 1.36 1.64 1.0
1.56 1.38 1.62 1.0
1.72 1.34 1.66 1.0
1.6 1.32 1.68 1.0
1.66 1.46 1.54 1.0
1.66 1.36 1.64 1.0
1.54 1.36 1.64 1.0
1.7 1.48 1.52 1.0
1.72 1.38 1.62 1.0
1.7 1.32 1.68 1.0
1.66 1.32 1.68 1.0
1.74 1.3 1.7 1.0
1.78 1.36 1.64 1.0
1.6 1.28 1.72 1.0
1.7 1.44 1.56 1.0
1.64 1.34 1.66 1.0
1.48 1.3 1.7 1.0
1.66 1.32 1.68 1.0
1.76 1.42 1.58 1.0
1.62 1.28 1.72 1.0
1.64 1.36 1.64 1.0
1.66 1.34 1.66 1.0
1.72 1.36 1.64 1.0
1.66 1.36 1.64 1.0
1.7 1.24 1.76 1.0
1.66 1.3 1.7 1.0
1.74 1.34 1.66 1.0
1.66 1.38 1.62 1.0
1.7 1.22 1.78 1.0
1.66 1.3 1.7 1.0
1.56 1.24 1.76 1.0
1.64 1.18 1.82 1.0
1.64 1.28 1.72 1.0
1.6 1.32 1.68 1.0
1.62 1.26 1.74 1.0
1.68 1.3 1.7 1.0
1.64 1.34 1.66 1.0
1.7 1.38 1.62 1.0
1.62 1.32 1.68 1.0
1.66 1.38 1.62 1.0
1.72 1.36 1.64 1.0
1.66 1.36 1.64 1.0
1.62 1.36 1.64 1.0
1.64 1.4 1.6 1.0
1.7 1.32 1.68 1.0
1.74 1.44 1.56 1.0
1.54 1.22 1.78 1.0
1.6 1.34 1.66 1.0
1.58 1.3 1.7 1.0
1.82 1.4 1.6 1.0
1.68 1.3 1.7 1.0
1.66 1.34 1.66 1.0
1.74 1.46 1.54 1.0
1.8 1.34 1.66 1.0
1.6 1.32 1.68 1.0
1.62 1.34 1.66 1.0
1.66 1.38 1.62 1.0
1.78 1.32 1.68 1.0
1.62 1.3 1.7 1.0
1.66 1.4 1.6 1.0
1.58 1.36 1.64 1.0
1.68 1.42 1.58 1.0
1.58 1.34 1.66 1.0
1.66 1.42 1.58 1.0
1.72 1.42 1.58 1.0
1.6 1.36 1.64 1.0
1.62 1.26 1.74 1.0
1.68 1.34 1.66 1.0
1.72 1.46 1.54 1.0
1.54 1.24 1.76 1.0
1.68 1.28 1.72 1.0
1.7 1.36 1.64 1.0
1.56 1.32 1.68 1.0
1.56 1.32 1.68 1.0
1.64 1.3 1.7 1.0
1.64 1.32 1.68 1.0
1.78 1.42 1.58 1.0
1.66 1.22 1.78 1.0
1.56 1.24 1.76 1.0
1.7 1.3 1.7 1.0
1.78 1.36 1.64 1.0
1.68 1.32 1.68 1.0
1.72 1.36 1.64 1.0
1.58 1.26 1.74 1.0
1.7 1.22 1.78 1.0
1.62 1.3 1.7 1.0
1.7 1.4 1.6 1.0
1.74 1.34 1.66 1.0
1.64 1.34 1.66 1.0
1.66 1.32 1.68 1.0
1.58 1.3 1.7 1.0
1.7 1.4 1.6 1.0
1.6 1.36 1.64 1.0
1.66 1.34 1.66 1.0
1.7 1.34 1.66 1.0
1.7 1.32 1.68 1.0
1.68 1.38 1.62 1.0
1.68 1.28 1.72 1.0
1.72 1.42 1.58 1.0
1.68 1.3 1.7 1.0
1.62 1.32 1.68 1.0
1.74 1.32 1.68 1.0
1.7 1.32 1.68 1.0
1.66 1.34 1.66 1.0
1.68 1.44 1.56 1.0
1.74 1.32 1.68 1.0
1.72 1.44 1.56 1.0
1.8 1.38 1.62 1.0
1.54 1.24 1.76 1.0
1.74 1.44 1.56 1.0
1.66 1.32 1.68 1.0
1.66 1.32 1.68 1.0
1.58 1.26 1.74 1.0
1.7 1.42 1.58 1.0
1.7 1.4 1.6 1.0
1.62 1.38 1.62 1.0
1.68 1.32 1.68 1.0
1.64 1.26 1.74 1.0
1.7 1.44 1.56 1.0
1.62 1.2 1.8 1.0
1.68 1.36 1.64 1.0
1.72 1.4 1.6 1.0
1.76 1.3 1.7 1.0
1.66 1.42 1.58 1.0
1.66 1.32 1.68 1.0
1.68 1.24 1.76 1.0
1.56 1.34 1.66 1.0
1.72 1.38 1.62 1.0
1.7 1.36 1.64 1.0
1.62 1.32 1.68 1.0
1.6 1.38 1.62 1.0
1.72 1.38 1.62 1.0
1.62 1.22 1.78 1.0
1.58 1.22 1.78 1.0
1.72 1.28 1.72 1.0
1.74 1.38 1.62 1.0
1.7 1.38 1.62 1.0
1.64 1.28 1.72 1.0
1.74 1.38 1.62 1.0
1.72 1.32 1.68 1.0
1.8 1.3 1.7 1.0
1.76 1.4 1.6 1.0
1.64 1.36 1.64 1.0
1.72 1.3 1.7 1.0
1.78 1.38 1.62 1.0
1.48 1.32 1.68 1.0
1.76 1.48 1.52 1.0
1.76 1.42 1.58 1.0
1.7 1.4 1.6 1.0
1.6 1.3 1.7 1.0
1.72 1.34 1.66 1.0
1.74 1.4 1.6 1.0
1.64 1.34 1.66 1.0
1.64 1.34 1.66 1.0
1.72 1.38 1.62 1.0
1.7 1.3 1.7 1.0
1.7 1.32 1.68 1.0
1.72 1.32 1.68 1.0
1.6 1.4 1.6 1.0
1.7 1.38 1.62 1.0
1.62 1.38 1.62 1.0
1.66 1.32 1.68 1.0
1.7 1.34 1.66 1.0
1.66 1.2 1.8 1.0
1.68 1.22 1.78 1.0
1.68 1.4 1.6 1.0
1.6 1.34 1.66 1.0
1.6 1.3 1.7 1.0
1.62 1.3 1.7 1.0
1.72 1.32 1.68 1.0
1.7 1.4 1.6 1.0
1.66 1.38 1.62 1.0
1.68 1.26 1.74 1.0
1.6 1.32 1.68 1.0
1.68 1.38 1.62 1.0
1.72 1.4 1.6 1.0
1.64 1.3 1.7 1.0
1.6 1.26 1.74 1.0
1.64 1.32 1.68 1.0
1.74 1.3 1.7 1.0
1.62 1.38 1.62 1.0
1.74 1.54 1.46 1.0
1.7 1.22 1.78 1.0
1.76 1.38 1.62 1.0
1.58 1.28 1.72 1.0
1.7 1.38 1.62 1.0
1.7 1.4 1.6 1.0
1.58 1.4 1.6 1.0
1.6 1.34 1.66 1.0
1.66 1.3 1.7 1.0
1.68 1.36 1.64 1.0
1.7 1.48 1.52 1.0
1.62 1.32 1.68 1.0
1.58 1.38 1.62 1.0
1.7 1.26 1.74 1.0
1.72 1.32 1.68 1.0
1.72 1.42 1.58 1.0
1.68 1.24 1.76 1.0
1.68 1.46 1.54 1.0
1.64 1.26 1.74 1.0
1.7 1.3 1.7 1.0
1.62 1.24 1.76 1.0
1.54 1.28 1.72 1.0
1.7 1.38 1.62 1.0
1.62 1.38 1.62 1.0
1.58 1.32 1.68 1.0
1.72 1.26 1.74 1.0
1.74 1.32 1.68 1.0
1.6 1.2 1.8 1.0
1.58 1.3 1.7 1.0
1.54 1.32 1.68 1.0
1.6 1.28 1.72 1.0
1.58 1.28 1.72 1.0
1.74 1.4 1.6 1.0
1.66 1.3 1.7 1.0
1.56 1.28 1.72 1.0
1.66 1.46 1.54 1.0
1.64 1.3 1.7 1.0
1.66 1.28 1.72 1.0
1.68 1.36 1.64 1.0
1.78 1.46 1.54 1.0
1.76 1.36 1.64 1.0
1.72 1.4 1.6 1.0
1.64 1.4 1.6 1.0
1.72 1.3 1.7 1.0
1.66 1.38 1.62 1.0
1.6 1.3 1.7 1.0
1.66 1.36 1.64 1.0
1.6 1.26 1.74 1.0
1.62 1.26 1.74 1.0
1.56 1.32 1.68 1.0
1.66 1.32 1.68 1.0
1.64 1.3 1.7 1.0
1.8 1.38 1.62 1.0
1.74 1.42 1.58 1.0
1.58 1.26 1.74 1.0
1.62 1.28 1.72 1.0
1.68 1.4 1.6 1.0
1.76 1.3 1.7 1.0
1.68 1.3 1.7 1.0
1.68 1.36 1.64 1.0
1.64 1.38 1.62 1.0
1.78 1.44 1.56 1.0
1.58 1.2 1.8 1.0
1.7 1.46 1.54 1.0
1.78 1.34 1.66 1.0
1.62 1.28 1.72 1.0
1.58 1.28 1.72 1.0
1.56 1.28 1.72 1.0
1.64 1.4 1.6 1.0
1.78 1.34 1.66 1.0
1.6 1.3 1.7 1.0
1.62 1.32 1.68 1.0
1.68 1.4 1.6 1.0
1.68 1.4 1.6 1.0
1.68 1.28 1.72 1.0
1.7 1.46 1.54 1.0
1.76 1.46 1.54 1.0
1.84 1.36 1.64 1.0
1.72 1.38 1.62 1.0
1.7 1.32 1.68 1.0
1.84 1.4 1.6 1.0
1.62 1.36 1.64 1.0
1.68 1.38 1.62 1.0
1.6 1.34 1.66 1.0
1.7 1.36 1.64 1.0
1.68 1.34 1.66 1.0
1.56 1.32 1.68 1.0
1.68 1.42 1.58 1.0
1.62 1.32 1.68 1.0
1.74 1.3 1.7 1.0
1.6 1.34 1.66 1.0
1.7 1.34 1.66 1.0
1.78 1.48 1.52 1.0
1.68 1.34 1.66 1.0
1.58 1.16 1.84 1.0
1.56 1.22 1.78 1.0
1.62 1.28 1.72 1.0
1.5 1.24 1.76 1.0
1.66 1.24 1.76 1.0
1.66 1.42 1.58 1.0
1.68 1.4 1.6 1.0
1.76 1.38 1.62 1.0
1.62 1.26 1.74 1.0
1.56 1.28 1.72 1.0
1.64 1.42 1.58 1.0
1.76 1.38 1.62 1.0
1.74 1.4 1.6 1.0
1.64 1.28 1.72 1.0
1.7 1.4 1.6 1.0
1.7 1.44 1.56 1.0
1.62 1.36 1.64 1.0
1.84 1.36 1.64 1.0
1.7 1.4 1.6 1.0
1.68 1.34 1.66 1.0
1.62 1.26 1.74 1.0
1.68 1.34 1.66 1.0
1.7 1.44 1.56 1.0
1.68 1.36 1.64 1.0
1.66 1.46 1.54 1.0
1.52 1.24 1.76 1.0
1.62 1.26 1.74 1.0
1.78 1.34 1.66 1.0
1.72 1.24 1.76 1.0
1.66 1.4 1.6 1.0
1.72 1.44 1.56 1.0
1.68 1.32 1.68 1.0
1.68 1.36 1.64 1.0
1.6 1.28 1.72 1.0
1.62 1.36 1.64 1.0
1.68 1.46 1.54 1.0
1.6 1.22 1.78 1.0
1.66 1.3 1.7 1.0
1.68 1.38 1.62 1.0
1.64 1.32 1.68 1.0
1.66 1.2 1.8 1.0
1.64 1.24 1.76 1.0
1.58 1.3 1.7 1.0
1.62 1.38 1.62 1.0
1.78 1.38 1.62 1.0
1.72 1.32 1.68 1.0
1.72 1.38 1.62 1.0
1.6 1.26 1.74 1.0
1.64 1.28 1.72 1.0
1.66 1.36 1.64 1.0
1.7 1.26 1.74 1.0
1.66 1.32 1.68 1.0
1.54 1.32 1.68 1.0
1.72 1.4 1.6 1.0
1.62 1.28 1.72 1.0
1.76 1.4 1.6 1.0
1.6 1.2 1.8 1.0
1.64 1.24 1.76 1.0
1.68 1.38 1.62 1.0
1.66 1.34 1.66 1.0
1.64 1.42 1.58 1.0
1.68 1.34 1.66 1.0
1.7 1.38 1.62 1.0
1.72 1.44 1.56 1.0
1.76 1.48 1.52 1.0
1.64 1.3 1.7 1.0
1.76 1.34 1.66 1.0
1.6 1.34 1.66 1.0
1.76 1.26 1.74 1.0
1.68 1.26 1.74 1.0
1.64 1.26 1.74 1.0
1.72 1.4 1.6 1.0
1.78 1.32 1.68 1.0
1.74 1.38 1.62 1.0
1.82 1.32 1.68 1.0
1.54 1.3 1.7 1.0
1.66 1.4 1.6 1.0
1.52 1.26 1.74 1.0
1.76 1.34 1.66 1.0
1.62 1.28 1.72 1.0
1.6 1.34 1.66 1.0
1.6 1.4 1.6 1.0
1.62 1.28 1.72 1.0
1.74 1.3 1.7 1.0
1.68 1.28 1.72 1.0
1.66 1.32 1.68 1.0
1.66 1.32 1.68 1.0
1.7 1.32 1.68 1.0
1.64 1.22 1.78 1.0
1.66 1.34 1.66 1.0
1.6 1.26 1.74 1.0
1.64 1.32 1.68 1.0
1.66 1.34 1.66 1.0
1.62 1.34 1.66 1.0
1.7 1.48 1.52 1.0
1.66 1.28 1.72 1.0
1.68 1.38 1.62 1.0
1.66 1.26 1.74 1.0
1.66 1.36 1.64 1.0
1.66 1.24 1.76 1.0
1.62 1.24 1.76 1.0
1.62 1.3 1.7 1.0
1.78 1.42 1.58 1.0
1.58 1.28 1.72 1.0
1.82 1.46 1.54 1.0
1.68 1.28 1.72 1.0
1.74 1.34 1.66 1.0
1.7 1.38 1.62 1.0
1.72 1.36 1.64 1.0
1.7 1.4 1.6 1.0
1.58 1.32 1.68 1.0
1.68 1.34 1.66 1.0
1.7 1.34 1.66 1.0
1.6 1.32 1.68 1.0
1.58 1.3 1.7 1.0
1.78 1.38 1.62 1.0
1.6 1.24 1.76 1.0
1.72 1.36 1.64 1.0
1.68 1.3 1.7 1.0
1.6 1.32 1.68 1.0
1.58 1.18 1.82 1.0
1.64 1.3 1.7 1.0
1.66 1.3 1.7 1.0
1.64 1.26 1.74 1.0
1.62 1.26 1.74 1.0
1.64 1.42 1.58 1.0
1.7 1.38 1.62 1.0
1.58 1.22 1.78 1.0
1.68 1.3 1.7 1.0
1.64 1.3 1.7 1.0
1.66 1.34 1.66 1.0
1.62 1.36 1.64 1.0
1.6 1.22 1.78 1.0
1.72 1.42 1.58 1.0
1.66 1.32 1.68 1.0
1.86 1.46 1.54 1.0
1.68 1.34 1.66 1.0
1.68 1.3 1.7 1.0
1.66 1.38 1.62 1.0
1.58 1.3 1.7 1.0
1.68 1.28 1.72 1.0
1.58 1.32 1.68 1.0
1.7 1.36 1.64 1.0
1.66 1.22 1.78 1.0
1.64 1.26 1.74 1.0
1.7 1.36 1.64 1.0
1.7 1.36 1.64 1.0
1.62 1.32 1.68 1.0
1.74 1.32 1.68 1.0
1.7 1.32 1.68 1.0
1.64 1.4 1.6 1.0
1.56 1.24 1.76 1.0
1.72 1.3 1.7 1.0
1.64 1.34 1.66 1.0
1.62 1.3 1.7 1.0
1.46 1.22 1.78 1.0
1.56 1.2 1.8 1.0
1.68 1.3 1.7 1.0
1.84 1.34 1.66 1.0
1.7 1.26 1.74 1.0
1.78 1.48 1.52 1.0
1.76 1.38 1.62 1.0
1.5 1.2 1.8 1.0
1.62 1.34 1.66 1.0
1.62 1.36 1.64 1.0
1.66 1.36 1.64 1.0
1.62 1.34 1.66 1.0
1.76 1.36 1.64 1.0
1.62 1.34 1.66 1.0
1.7 1.34 1.66 1.0
1.76 1.4 1.6 1.0
1.7 1.36 1.64 1.0
1.82 1.4 1.6 1.0
1.58 1.22 1.78 1.0
1.64 1.46 1.54 1.0
1.7 1.3 1.7 1.0
1.64 1.2 1.8 1.0
1.7 1.24 1.76 1.0
1.68 1.36 1.64 1.0
1.84 1.38 1.62 1.0
1.64 1.24 1.76 1.0
1.58 1.34 1.66 1.0
1.78 1.4 1.6 1.0
1.68 1.4 1.6 1.0
1.74 1.36 1.64 1.0
1.64 1.34 1.66 1.0
1.62 1.4 1.6 1.0
1.6 1.3 1.7 1.0
1.74 1.4 1.6 1.0
1.62 1.32 1.68 1.0
1.64 1.28 1.72 1.0
1.66 1.44 1.56 1.0
1.7 1.48 1.52 1.0
1.62 1.26 1.74 1.0
1.72 1.36 1.64 1.0
1.62 1.24 1.76 1.0
1.62 1.3 1.7 1.0
1.78 1.4 1.6 1.0
1.7 1.34 1.66 1.0
1.7 1.28 1.72 1.0
1.68 1.4 1.6 1.0
1.68 1.3 1.7 1.0
1.7 1.44 1.56 1.0
1.74 1.5 1.5 1.0
1.72 1.38 1.62 1.0
1.72 1.42 1.58 1.0
1.54 1.2 1.8 1.0
1.68 1.3 1.7 1.0
1.7 1.3 1.7 1.0
1.7 1.42 1.58 1.0
1.7 1.24 1.76 1.0
1.82 1.34 1.66 1.0
1.74 1.36 1.64 1.0
1.58 1.32 1.68 1.0
1.62 1.36 1.64 1.0
1.72 1.32 1.68 1.0
1.7 1.32 1.68 1.0
1.72 1.42 1.58 1.0
1.76 1.44 1.56 1.0
1.72 1.48 1.52 1.0
1.7 1.36 1.64 1.0
1.66 1.4 1.6 1.0
1.7 1.3 1.7 1.0
1.64 1.32 1.68 1.0
1.68 1.42 1.58 1.0
1.68 1.34 1.66 1.0
1.7 1.42 1.58 1.0
1.54 1.26 1.74 1.0
1.74 1.3 1.7 1.0
1.64 1.36 1.64 1.0
1.48 1.18 1.82 1.0
1.64 1.32 1.68 1.0
1.66 1.28 1.72 1.0
1.62 1.26 1.74 1.0
1.66 1.32 1.68 1.0
1.66 1.34 1.66 1.0
1.68 1.38 1.62 1.0
1.72 1.44 1.56 1.0
1.72 1.46 1.54 1.0
1.66 1.36 1.64 1.0
1.7 1.34 1.66 1.0
1.76 1.36 1.64 1.0
1.74 1.26 1.74 1.0
1.74 1.28 1.72 1.0
1.7 1.32 1.68 1.0
1.52 1.16 1.84 1.0
1.66 1.26 1.74 1.0
1.62 1.32 1.68 1.0
1.66 1.36 1.64 1.0
1.62 1.4 1.6 1.0
1.66 1.38 1.62 1.0
1.56 1.22 1.78 1.0
1.7 1.3 1.7 1.0
1.6 1.4 1.6 1.0
1.74 1.3 1.7 1.0
1.66 1.34 1.66 1.0
1.68 1.32 1.68 1.0
1.68 1.38 1.62 1.0
1.56 1.28 1.72 1.0
1.74 1.38 1.62 1.0
1.68 1.36 1.64 1.0
1.72 1.42 1.58 1.0
1.74 1.4 1.6 1.0
1.6 1.2 1.8 1.0
1.64 1.32 1.68 1.0
1.56 1.3 1.7 1.0
1.64 1.42 1.58 1.0
1.66 1.32 1.68 1.0
1.76 1.48 1.52 1.0
1.72 1.28 1.72 1.0
1.74 1.32 1.68 1.0
1.72 1.44 1.56 1.0
1.64 1.26 1.74 1.0
1.6 1.34 1.66 1.0
1.66 1.3 1.7 1.0
1.7 1.38 1.62 1.0
1.74 1.36 1.64 1.0
1.68 1.24 1.76 1.0
1.64 1.48 1.52 1.0
1.62 1.36 1.64 1.0
1.68 1.44 1.56 1.0
1.64 1.26 1.74 1.0
1.6 1.3 1.7 1.0
1.72 1.34 1.66 1.0
1.56 1.38 1.62 1.0
1.62 1.2 1.8 1.0
1.78 1.46 1.54 1.0
1.66 1.34 1.66 1.0
1.72 1.42 1.58 1.0
1.7 1.34 1.66 1.0
1.7 1.38 1.62 1.0
1.66 1.24 1.76 1.0
1.62 1.3 1.7 1.0
1.68 1.32 1.68 1.0
1.52 1.26 1.74 1.0
1.58 1.36 1.64 1.0
1.66 1.28 1.72 1.0
1.7 1.34 1.66 1.0
1.74 1.34 1.66 1.0
1.68 1.32 1.68 1.0
1.64 1.34 1.66 1.0
1.62 1.28 1.72 1.0
1.72 1.32 1.68 1.0
1.7 1.36 1.64 1.0
1.6 1.34 1.66 1.0
1.58 1.24 1.76 1.0
1.56 1.24 1.76 1.0
1.68 1.36 1.64 1.0
1.68 1.34 1.66 1.0
1.72 1.3 1.7 1.0
1.84 1.44 1.56 1.0
1.64 1.4 1.6 1.0
1.66 1.42 1.58 1.0
1.72 1.34 1.66 1.0
1.74 1.42 1.58 1.0
1.64 1.38 1.62 1.0
1.6 1.24 1.76 1.0
1.72 1.28 1.72 1.0
1.72 1.34 1.66 1.0
1.58 1.28 1.72 1.0
1.72 1.36 1.64 1.0
1.72 1.42 1.58 1.0
1.68 1.3 1.7 1.0
1.62 1.32 1.68 1.0
1.66 1.42 1.58 1.0
1.66 1.24 1.76 1.0
1.48 1.26 1.74 1.0
1.62 1.3 1.7 1.0
1.74 1.36 1.64 1.0
1.64 1.3 1.7 1.0
1.74 1.4 1.6 1.0
1.66 1.28 1.72 1.0
1.66 1.38 1.62 1.0
1.64 1.34 1.66 1.0
1.62 1.22 1.78 1.0
1.7 1.34 1.66 1.0
1.7 1.34 1.66 1.0
1.68 1.36 1.64 1.0
1.56 1.3 1.7 1.0
1.68 1.4 1.6 1.0
1.74 1.44 1.56 1.0
1.52 1.26 1.74 1.0
1.74 1.36 1.64 1.0
1.66 1.34 1.66 1.0
1.62 1.3 1.7 1.0
1.66 1.26 1.74 1.0
1.68 1.34 1.66 1.0
1.68 1.44 1.56 1.0
1.8 1.42 1.58 1.0
1.66 1.32 1.68 1.0
1.6 1.32 1.68 1.0
1.6 1.36 1.64 1.0
1.66 1.42 1.58 1.0
1.58 1.34 1.66 1.0
1.62 1.38 1.62 1.0
1.6 1.32 1.68 1.0
1.54 1.24 1.76 1.0
1.62 1.36 1.64 1.0
1.64 1.14 1.86 1.0
1.62 1.3 1.7 1.0
1.72 1.42 1.58 1.0
1.56 1.26 1.74 1.0
1.64 1.24 1.76 1.0
1.7 1.4 1.6 1.0
1.62 1.3 1.7 1.0
1.68 1.32 1.68 1.0
1.7 1.4 1.6 1.0
1.72 1.36 1.64 1.0
1.62 1.3 1.7 1.0
1.8 1.46 1.54 1.0
1.68 1.32 1.68 1.0
1.68 1.36 1.64 1.0
1.72 1.48 1.52 1.0
1.74 1.38 1.62 1.0
1.7 1.36 1.64 1.0
1.68 1.32 1.68 1.0
1.54 1.26 1.74 1.0
1.62 1.26 1.74 1.0
1.68 1.38 1.62 1.0
1.64 1.3 1.7 1.0
1.66 1.36 1.64 1.0
1.74 1.38 1.62 1.0
1.68 1.4 1.6 1.0
1.78 1.36 1.64 1.0
1.68 1.36 1.64 1.0
1.74 1.42 1.58 1.0
1.6 1.3 1.7 1.0
1.72 1.24 1.76 1.0
1.76 1.3 1.7 1.0
1.68 1.32 1.68 1.0
1.68 1.36 1.64 1.0
1.7 1.34 1.66 1.0
1.74 1.44 1.56 1.0
1.54 1.26 1.74 1.0
1.78 1.38 1.62 1.0
1.56 1.32 1.68 1.0
1.72 1.42 1.58 1.0
1.58 1.32 1.68 1.0
1.64 1.36 1.64 1.0
1.72 1.34 1.66 1.0
1.7 1.38 1.62 1.0
1.62 1.42 1.58 1.0
1.8 1.44 1.56 1.0
1.46 1.24 1.76 1.0
1.64 1.36 1.64 1.0
1.66 1.36 1.64 1.0
1.58 1.3 1.7 1.0
1.56 1.22 1.78 1.0
1.66 1.32 1.68 1.0
1.6 1.4 1.6 1.0
1.7 1.32 1.68 1.0
1.6 1.3 1.7 1.0
1.68 1.32 1.68 1.0
1.74 1.4 1.6 1.0
1.58 1.32 1.68 1.0
1.58 1.26 1.74 1.0
1.66 1.38 1.62 1.0
1.74 1.36 1.64 1.0
1.6 1.26 1.74 1.0
1.72 1.28 1.72 1.0
1.76 1.44 1.56 1.0
1.64 1.32 1.68 1.0
1.74 1.38 1.62 1.0
1.62 1.18 1.82 1.0
1.64 1.36 1.64 1.0
1.72 1.36 1.64 1.0
1.62 1.3 1.7 1.0
1.62 1.24 1.76 1.0
1.72 1.34 1.66 1.0
1.58 1.3 1.7 1.0
1.76 1.38 1.62 1.0
1.64 1.42 1.58 1.0
1.68 1.36 1.64 1.0
1.64 1.36 1.64 1.0
1.7 1.28 1.72 1.0
1.66 1.38 1.62 1.0
1.6 1.36 1.64 1.0
1.66 1.32 1.68 1.0
1.66 1.26 1.74 1.0
1.68 1.4 1.6 1.0
1.58 1.28 1.72 1.0
1.82 1.52 1.48 1.0
1.74 1.38 1.62 1.0
1.7 1.36 1.64 1.0
1.66 1.34 1.66 1.0
1.7 1.4 1.6 1.0
1.62 1.4 1.6 1.0
1.72 1.22 1.78 1.0
1.78 1.48 1.52 1.0
1.8 1.44 1.56 1.0
1.7 1.36 1.64 1.0
1.72 1.34 1.66 1.0
1.64 1.34 1.66 1.0
1.78 1.4 1.6 1.0
1.56 1.26 1.74 1.0
1.5 1.24 1.76 1.0
1.74 1.32 1.68 1.0
1.6 1.3 1.7 1.0
1.64 1.36 1.64 1.0
1.74 1.38 1.62 1.0
1.58 1.34 1.66 1.0
1.56 1.28 1.72 1.0
1.7 1.42 1.58 1.0
1.78 1.38 1.62 1.0
1.76 1.4 1.6 1.0
1.66 1.34 1.66 1.0
1.62 1.26 1.74 1.0
1.66 1.34 1.66 1.0
1.7 1.44 1.56 1.0
1.58 1.22 1.78 1.0
1.56 1.26 1.74 1.0
1.6 1.34 1.66 1.0
1.62 1.36 1.64 1.0
1.66 1.28 1.72 1.0
1.58 1.3 1.7 1.0
1.72 1.42 1.58 1.0
1.7 1.36 1.64 1.0
1.64 1.36 1.64 1.0
1.66 1.36 1.64 1.0
1.62 1.36 1.64 1.0
1.66 1.28 1.72 1.0
1.66 1.32 1.68 1.0
1.68 1.36 1.64 1.0
1.78 1.46 1.54 1.0
1.64 1.34 1.66 1.0
1.56 1.28 1.72 1.0
1.68 1.38 1.62 1.0
1.54 1.18 1.82 1.0
1.66 1.28 1.72 1.0
1.64 1.36 1.64 1.0
1.66 1.4 1.6 1.0
1.7 1.28 1.72 1.0
1.76 1.4 1.6 1.0
1.68 1.28 1.72 1.0
1.62 1.36 1.64 1.0
1.8 1.4 1.6 1.0
1.72 1.3 1.7 1.0
1.68 1.32 1.68 1.0
1.72 1.28 1.72 1.0
1.7 1.3 1.7 1.0
1.72 1.42 1.58 1.0
1.6 1.3 1.7 1.0
1.7 1.32 1.68 1.0
1.62 1.28 1.72 1.0
1.68 1.3 1.7 1.0
1.54 1.2 1.8 1.0
1.64 1.3 1.7 1.0
1.7 1.44 1.56 1.0
1.56 1.28 1.72 1.0
1.72 1.34 1.66 1.0
1.52 1.34 1.66 1.0
1.72 1.4 1.6 1.0
1.62 1.26 1.74 1.0
1.76 1.36 1.64 1.0
1.6 1.32 1.68 1.0
1.7 1.32 1.68 1.0
1.58 1.26 1.74 1.0
1.68 1.34 1.66 1.0
1.72 1.3 1.7 1.0
1.66 1.4 1.6 1.0
1.68 1.34 1.66 1.0
1.74 1.34 1.66 1.0
1.68 1.28 1.72 1.0
1.58 1.3 1.7 1.0
1.7 1.4 1.6 1.0
1.58 1.24 1.76 1.0
1.72 1.4 1.6 1.0
1.66 1.4 1.6 1.0
1.6 1.28 1.72 1.0
1.6 1.3 1.7 1.0
1.7 1.28 1.72 1.0
1.56 1.32 1.68 1.0
1.7 1.3 1.7 1.0
1.68 1.38 1.62 1.0
1.82 1.38 1.62 1.0
1.66 1.24 1.76 1.0
1.76 1.4 1.6 1.0
1.6 1.36 1.64 1.0
1.7 1.46 1.54 1.0
1.66 1.3 1.7 1.0
1.64 1.38 1.62 1.0
1.58 1.4 1.6 1.0
1.66 1.42 1.58 1.0
1.62 1.3 1.7 1.0
1.72 1.38 1.62 1.0
1.78 1.44 1.56 1.0
1.64 1.32 1.68 1.0
1.74 1.44 1.56 1.0
1.6 1.3 1.7 1.0
1.66 1.38 1.62 1.0
1.58 1.3 1.7 1.0
1.66 1.3 1.7 1.0
1.76 1.38 1.62 1.0
1.64 1.32 1.68 1.0
1.7 1.32 1.68 1.0
1.68 1.4 1.6 1.0
1.72 1.32 1.68 1.0
1.72 1.4 1.6 1.0
1.66 1.38 1.62 1.0
1.54 1.24 1.76 1.0
1.66 1.44 1.56 1.0
1.76 1.36 1.64 1.0
1.64 1.28 1.72 1.0
1.72 1.32 1.68 1.0
1.76 1.42 1.58 1.0
1.66 1.22 1.78 1.0
1.76 1.26 1.74 1.0
1.76 1.42 1.58 1.0
1.72 1.38 1.62 1.0
1.6 1.26 1.74 1.0
1.64 1.26 1.74 1.0
1.64 1.3 1.7 1.0
1.78 1.36 1.64 1.0
1.82 1.36 1.64 1.0
1.68 1.32 1.68 1.0
1.62 1.28 1.72 1.0
1.54 1.34 1.66 1.0
1.7 1.26 1.74 1.0
1.6 1.34 1.66 1.0
1.64 1.34 1.66 1.0
1.68 1.4 1.6 1.0
1.58 1.22 1.78 1.0
1.58 1.34 1.66 1.0
1.64 1.32 1.68 1.0
1.72 1.38 1.62 1.0
1.6 1.3 1.7 1.0
1.58 1.3 1.7 1.0
1.8 1.28 1.72 1.0
1.66 1.34 1.66 1.0
1.7 1.42 1.58 1.0
1.58 1.28 1.72 1.0
1.54 1.38 1.62 1.0
1.72 1.44 1.56 1.0
1.66 1.38 1.62 1.0
1.74 1.32 1.68 1.0
1.72 1.34 1.66 1.0
1.68 1.32 1.68 1.0
1.6 1.3 1.7 1.0
1.84 1.4 1.6 1.0
1.66 1.38 1.62 1.0
1.62 1.34 1.66 1.0
1.64 1.38 1.62 1.0
1.6 1.32 1.68 1.0
1.6 1.28 1.72 1.0
1.72 1.38 1.62 1.0
1.6 1.34 1.66 1.0
1.78 1.4 1.6 1.0
1.7 1.32 1.68 1.0
1.66 1.24 1.76 1.0
1.72 1.28 1.72 1.0
1.78 1.36 1.64 1.0
1.66 1.36 1.64 1.0
1.54 1.32 1.68 1.0
1.7 1.3 1.7 1.0
1.66 1.36 1.64 1.0
1.68 1.38 1.62 1.0
1.62 1.26 1.74 1.0
1.64 1.28 1.72 1.0
1.62 1.34 1.66 1.0
1.62 1.34 1.66 1.0
1.64 1.3 1.7 1.0
1.66 1.34 1.66 1.0
1.74 1.4 1.6 1.0
1.62 1.24 1.76 1.0
1.74 1.34 1.66 1.0
1.64 1.3 1.7 1.0
1.74 1.36 1.64 1.0
1.66 1.42 1.58 1.0
1.7 1.38 1.62 1.0
1.72 1.24 1.76 1.0
1.62 1.26 1.74 1.0
1.7 1.3 1.7 1.0
1.66 1.44 1.56 1.0
1.52 1.18 1.82 1.0
1.66 1.3 1.7 1.0
1.66 1.36 1.64 1.0
1.74 1.26 1.74 1.0
1.48 1.3 1.7 1.0
1.74 1.36 1.64 1.0
1.74 1.38 1.62 1.0
1.78 1.36 1.64 1.0
1.64 1.22 1.78 1.0
1.66 1.32 1.68 1.0
1.76 1.36 1.64 1.0
1.64 1.32 1.68 1.0
1.76 1.46 1.54 1.0
1.7 1.36 1.64 1.0
1.68 1.26 1.74 1.0
1.7 1.24 1.76 1.0
1.72 1.32 1.68 1.0
1.72 1.26 1.74 1.0
1.7 1.3 1.7 1.0
1.6 1.34 1.66 1.0
1.66 1.3 1.7 1.0
1.62 1.3 1.7 1.0
1.66 1.3 1.7 1.0
1.66 1.3 1.7 1.0
1.68 1.4 1.6 1.0
1.6 1.28 1.72 1.0
1.68 1.38 1.62 1.0
1.66 1.34 1.66 1.0
1.64 1.38 1.62 1.0
1.68 1.34 1.66 1.0
1.66 1.3 1.7 1.0
1.6 1.24 1.76 1.0
1.66 1.34 1.66 1.0
1.68 1.4 1.6 1.0
1.68 1.3 1.7 1.0
1.6 1.4 1.6 1.0
1.72 1.38 1.62 1.0
1.64 1.3 1.7 1.0
1.68 1.48 1.52 1.0
1.64 1.24 1.76 1.0
1.68 1.28 1.72 1.0
1.74 1.24 1.76 1.0
1.6 1.28 1.72 1.0
1.78 1.4 1.6 1.0
1.68 1.36 1.64 1.0
1.72 1.36 1.64 1.0
1.62 1.34 1.66 1.0
1.7 1.38 1.62 1.0
1.6 1.24 1.76 1.0
1.66 1.38 1.62 1.0
1.62 1.14 1.86 1.0
1.62 1.36 1.64 1.0
1.7 1.36 1.64 1.0
1.62 1.36 1.64 1.0
1.64 1.32 1.68 1.0
1.72 1.36 1.64 1.0
1.64 1.28 1.72 1.0
1.74 1.38 1.62 1.0
1.64 1.36 1.64 1.0
1.64 1.22 1.78 1.0
1.68 1.32 1.68 1.0
1.6 1.24 1.76 1.0
1.82 1.36 1.64 1.0
1.54 1.26 1.74 1.0
1.64 1.28 1.72 1.0
1.72 1.46 1.54 1.0
1.72 1.38 1.62 1.0
1.6 1.28 1.72 1.0
1.62 1.36 1.64 1.0
1.66 1.22 1.78 1.0
1.54 1.24 1.76 1.0
1.62 1.34 1.66 1.0
1.64 1.26 1.74 1.0
1.6 1.32 1.68 1.0
1.6 1.24 1.76 1.0
1.6 1.24 1.76 1.0
1.68 1.36 1.64 1.0
1.56 1.24 1.76 1.0
1.66 1.38 1.62 1.0
1.68 1.4 1.6 1.0
1.66 1.28 1.72 1.0
1.6 1.36 1.64 1.0
1.72 1.38 1.62 1.0
1.66 1.34 1.66 1.0
1.62 1.28 1.72 1.0
1.66 1.36 1.64 1.0
1.72 1.36 1.64 1.0
1.72 1.42 1.58 1.0
1.58 1.22 1.78 1.0
1.74 1.34 1.66 1.0
1.72 1.38 1.62 1.0
1.68 1.28 1.72 1.0
1.64 1.3 1.7 1.0
1.58 1.2 1.8 1.0
1.6 1.34 1.66 1.0
1.6 1.34 1.66 1.0
1.68 1.36 1.64 1.0
1.7 1.38 1.62 1.0
1.74 1.4 1.6 1.0
1.7 1.36 1.64 1.0
1.66 1.28 1.72 1.0
1.56 1.24 1.76 1.0
1.6 1.22 1.78 1.0
1.66 1.34 1.66 1.0
1.7 1.34 1.66 1.0
1.74 1.36 1.64 1.0
1.72 1.38 1.62 1.0
1.8 1.5 1.5 1.0
1.7 1.4 1.6 1.0
1.68 1.38 1.62 1.0
1.74 1.46 1.54 1.0
1.7 1.34 1.66 1.0
1.72 1.26 1.74 1.0
1.78 1.38 1.62 1.0
1.5 1.22 1.78 1.0
1.76 1.36 1.64 1.0
1.7 1.3 1.7 1.0
1.88 1.48 1.52 1.0
1.64 1.28 1.72 1.0
1.62 1.26 1.74 1.0
1.7 1.36 1.64 1.0
1.66 1.36 1.64 1.0
1.64 1.2 1.8 1.0
1.66 1.32 1.68 1.0
1.6 1.24 1.76 1.0
1.72 1.42 1.58 1.0
1.74 1.44 1.56 1.0
1.66 1.32 1.68 1.0
1.74 1.38 1.62 1.0
1.76 1.36 1.64 1.0
1.58 1.34 1.66 1.0
1.74 1.36 1.64 1.0
1.68 1.28 1.72 1.0
1.6 1.38 1.62 1.0
1.68 1.4 1.6 1.0
1.76 1.34 1.66 1.0
1.64 1.26 1.74 1.0
1.64 1.32 1.68 1.0
1.64 1.4 1.6 1.0
1.76 1.4 1.6 1.0
1.74 1.3 1.7 1.0
1.72 1.36 1.64 1.0
1.64 1.34 1.66 1.0
1.68 1.26 1.74 1.0
1.66 1.38 1.62 1.0
1.66 1.3 1.7 1.0
1.62 1.28 1.72 1.0
1.7 1.26 1.74 1.0
1.68 1.3 1.7 1.0
1.7 1.36 1.64 1.0
1.68 1.4 1.6 1.0
1.68 1.34 1.66 1.0
1.58 1.2 1.8 1.0
1.68 1.28 1.72 1.0
1.68 1.38 1.62 1.0
1.64 1.4 1.6 1.0
1.62 1.3 1.7 1.0
1.7 1.42 1.58 1.0
1.6 1.28 1.72 1.0
1.78 1.34 1.66 1.0
1.68 1.44 1.56 1.0
1.72 1.36 1.64 1.0
1.62 1.32 1.68 1.0
1.78 1.44 1.56 1.0
1.8 1.2 1.8 1.0
1.6 1.42 1.58 1.0
1.68 1.3 1.7 1.0
1.74 1.32 1.68 1.0
1.58 1.26 1.74 1.0
1.64 1.32 1.68 1.0
1.58 1.26 1.74 1.0
1.7 1.28 1.72 1.0
1.68 1.34 1.66 1.0
1.72 1.34 1.66 1.0
1.76 1.4 1.6 1.0
1.62 1.32 1.68 1.0
1.68 1.38 1.62 1.0
1.56 1.26 1.74 1.0
1.8 1.36 1.64 1.0
1.78 1.44 1.56 1.0
1.52 1.32 1.68 1.0
1.66 1.36 1.64 1.0
1.64 1.36 1.64 1.0
1.74 1.22 1.78 1.0
1.78 1.44 1.56 1.0
1.74 1.32 1.68 1.0
1.7 1.2 1.8 1.0
1.68 1.24 1.76 1.0
1.72 1.4 1.6 1.0
1.58 1.3 1.7 1.0
1.64 1.3 1.7 1.0
1.7 1.36 1.64 1.0
1.62 1.34 1.66 1.0
1.78 1.46 1.54 1.0
1.64 1.3 1.7 1.0
1.74 1.36 1.64 1.0
1.62 1.32 1.68 1.0
1.64 1.36 1.64 1.0
1.72 1.34 1.66 1.0
1.66 1.22 1.78 1.0
1.6 1.32 1.68 1.0
1.66 1.28 1.72 1.0
1.74 1.28 1.72 1.0
1.6 1.34 1.66 1.0
1.74 1.32 1.68 1.0
1.7 1.38 1.62 1.0
1.68 1.32 1.68 1.0
1.78 1.34 1.66 1.0
1.8 1.4 1.6 1.0
1.66 1.24 1.76 1.0
1.78 1.36 1.64 1.0
1.66 1.34 1.66 1.0
1.62 1.36 1.64 1.0
1.8 1.38 1.62 1.0
1.68 1.28 1.72 1.0
1.7 1.26 1.74 1.0
1.62 1.4 1.6 1.0
1.56 1.28 1.72 1.0
1.8 1.44 1.56 1.0
1.6 1.3 1.7 1.0
1.68 1.3 1.7 1.0
1.7 1.44 1.56 1.0
1.78 1.38 1.62 1.0
1.7 1.34 1.66 1.0
1.56 1.34 1.66 1.0
1.62 1.16 1.84 1.0
1.64 1.34 1.66 1.0
1.58 1.38 1.62 1.0
1.64 1.24 1.76 1.0
1.7 1.4 1.6 1.0
1.64 1.42 1.58 1.0
1.72 1.34 1.66 1.0
1.56 1.32 1.68 1.0
1.66 1.24 1.76 1.0
1.54 1.3 1.7 1.0
1.78 1.4 1.6 1.0
1.7 1.4 1.6 1.0
1.74 1.36 1.64 1.0
1.66 1.32 1.68 1.0
1.72 1.3 1.7 1.0
1.72 1.34 1.66 1.0
1.66 1.34 1.66 1.0
1.62 1.28 1.72 1.0
1.76 1.34 1.66 1.0
1.66 1.28 1.72 1.0
1.76 1.4 1.6 1.0
1.66 1.26 1.74 1.0
1.58 1.22 1.78 1.0
1.64 1.4 1.6 1.0
1.72 1.34 1.66 1.0
1.72 1.36 1.64 1.0
1.64 1.36 1.64 1.0
1.66 1.4 1.6 1.0
1.72 1.4 1.6 1.0
1.74 1.2 1.8 1.0
1.64 1.32 1.68 1.0
1.8 1.28 1.72 1.0
1.72 1.22 1.78 1.0
1.62 1.38 1.62 1.0
1.62 1.34 1.66 1.0
1.58 1.3 1.7 1.0
1.66 1.34 1.66 1.0
1.62 1.34 1.66 1.0
1.68 1.26 1.74 1.0
1.66 1.38 1.62 1.0
1.68 1.42 1.58 1.0
1.64 1.3 1.7 1.0
1.72 1.26 1.74 1.0
1.58 1.22 1.78 1.0
1.6 1.26 1.74 1.0
1.66 1.32 1.68 1.0
1.68 1.3 1.7 1.0
1.8 1.4 1.6 1.0
1.58 1.26 1.74 1.0
1.6 1.42 1.58 1.0
1.72 1.36 1.64 1.0
1.76 1.38 1.62 1.0
1.7 1.36 1.64 1.0
1.76 1.34 1.66 1.0
1.74 1.26 1.74 1.0
1.72 1.32 1.68 1.0
1.68 1.3 1.7 1.0
1.68 1.3 1.7 1.0
1.58 1.24 1.76 1.0
1.56 1.32 1.68 1.0
1.68 1.38 1.62 1.0
1.66 1.32 1.68 1.0
1.72 1.36 1.64 1.0
1.7 1.32 1.68 1.0
1.74 1.36 1.64 1.0
1.64 1.22 1.78 1.0
1.62 1.3 1.7 1.0
1.64 1.3 1.7 1.0
1.62 1.28 1.72 1.0
1.82 1.26 1.74 1.0
1.64 1.3 1.7 1.0
1.68 1.44 1.56 1.0
1.66 1.34 1.66 1.0
1.62 1.36 1.64 1.0
1.74 1.4 1.6 1.0
1.64 1.3 1.7 1.0
1.62 1.32 1.68 1.0
1.72 1.48 1.52 1.0
1.68 1.36 1.64 1.0
1.66 1.32 1.68 1.0
1.64 1.34 1.66 1.0
1.7 1.38 1.62 1.0
1.58 1.3 1.7 1.0
1.66 1.28 1.72 1.0
1.7 1.32 1.68 1.0
1.58 1.26 1.74 1.0
1.66 1.32 1.68 1.0
1.56 1.38 1.62 1.0
1.64 1.36 1.64 1.0
1.62 1.36 1.64 1.0
1.66 1.24 1.76 1.0
1.58 1.28 1.72 1.0
1.8 1.38 1.62 1.0
1.72 1.42 1.58 1.0
1.84 1.4 1.6 1.0
1.76 1.4 1.6 1.0
1.76 1.32 1.68 1.0
1.7 1.3 1.7 1.0
1.54 1.3 1.7 1.0
1.68 1.26 1.74 1.0
1.68 1.26 1.74 1.0
1.78 1.44 1.56 1.0
1.72 1.4 1.6 1.0
1.64 1.3 1.7 1.0
1.6 1.34 1.66 1.0
1.6 1.2 1.8 1.0
1.68 1.3 1.7 1.0
1.64 1.42 1.58 1.0
1.58 1.34 1.66 1.0
1.64 1.26 1.74 1.0
1.56 1.2 1.8 1.0
1.68 1.34 1.66 1.0
1.66 1.32 1.68 1.0
1.68 1.42 1.58 1.0
1.7 1.3 1.7 1.0
1.66 1.3 1.7 1.0
1.64 1.3 1.7 1.0
1.64 1.34 1.66 1.0
1.72 1.28 1.72 1.0
1.68 1.3 1.7 1.0
1.74 1.32 1.68 1.0
1.74 1.34 1.66 1.0
1.72 1.4 1.6 1.0
1.68 1.26 1.74 1.0
1.7 1.3 1.7 1.0
1.66 1.32 1.68 1.0
1.72 1.42 1.58 1.0
1.68 1.4 1.6 1.0
1.82 1.38 1.62 1.0
1.68 1.42 1.58 1.0
1.66 1.34 1.66 1.0
1.78 1.38 1.62 1.0
1.7 1.4 1.6 1.0
1.82 1.44 1.56 1.0
1.76 1.4 1.6 1.0
1.72 1.32 1.68 1.0
1.56 1.32 1.68 1.0
1.64 1.4 1.6 1.0
1.68 1.36 1.64 1.0
1.66 1.32 1.68 1.0
1.6 1.36 1.64 1.0
1.68 1.32 1.68 1.0
1.8 1.5 1.5 1.0
1.64 1.22 1.78 1.0
1.6 1.32 1.68 1.0
1.68 1.32 1.68 1.0
1.7 1.24 1.76 1.0
1.62 1.32 1.68 1.0
1.74 1.36 1.64 1.0
1.66 1.38 1.62 1.0
1.6 1.34 1.66 1.0
1.72 1.3 1.7 1.0
1.68 1.36 1.64 1.0
1.6 1.34 1.66 1.0
1.64 1.28 1.72 1.0
1.66 1.32 1.68 1.0
1.74 1.36 1.64 1.0
1.74 1.32 1.68 1.0
1.66 1.32 1.68 1.0
1.62 1.3 1.7 1.0
1.68 1.38 1.62 1.0
1.6 1.38 1.62 1.0
1.74 1.26 1.74 1.0
1.68 1.36 1.64 1.0
1.78 1.44 1.56 1.0
1.82 1.46 1.54 1.0
1.66 1.44 1.56 1.0
1.74 1.5 1.5 1.0
1.68 1.3 1.7 1.0
1.7 1.42 1.58 1.0
1.64 1.36 1.64 1.0
1.68 1.42 1.58 1.0
1.6 1.36 1.64 1.0
1.68 1.32 1.68 1.0
1.58 1.26 1.74 1.0
1.66 1.3 1.7 1.0
1.7 1.32 1.68 1.0
1.62 1.3 1.7 1.0
1.64 1.36 1.64 1.0
1.58 1.24 1.76 1.0
1.68 1.36 1.64 1.0
1.64 1.28 1.72 1.0
1.58 1.24 1.76 1.0
1.64 1.28 1.72 1.0
1.8 1.46 1.54 1.0
1.64 1.34 1.66 1.0
1.66 1.28 1.72 1.0
1.82 1.36 1.64 1.0
1.52 1.26 1.74 1.0
1.56 1.32 1.68 1.0
1.6 1.24 1.76 1.0
1.58 1.28 1.72 1.0
1.68 1.26 1.74 1.0
1.58 1.34 1.66 1.0
1.62 1.36 1.64 1.0
1.7 1.34 1.66 1.0
1.7 1.34 1.66 1.0
1.58 1.28 1.72 1.0
1.72 1.42 1.58 1.0
1.66 1.24 1.76 1.0
1.64 1.32 1.68 1.0
1.66 1.32 1.68 1.0
1.72 1.38 1.62 1.0
1.66 1.34 1.66 1.0
1.66 1.36 1.64 1.0
1.82 1.4 1.6 1.0
1.7 1.38 1.62 1.0
1.6 1.44 1.56 1.0
1.6 1.24 1.76 1.0
1.56 1.2 1.8 1.0
1.72 1.4 1.6 1.0
1.62 1.34 1.66 1.0
1.62 1.4 1.6 1.0
1.66 1.3 1.7 1.0
1.64 1.34 1.66 1.0
1.68 1.3 1.7 1.0
1.56 1.26 1.74 1.0
1.7 1.26 1.74 1.0
1.64 1.22 1.78 1.0
1.7 1.42 1.58 1.0
1.66 1.38 1.62 1.0
1.62 1.4 1.6 1.0
1.68 1.42 1.58 1.0
1.64 1.36 1.64 1.0
1.7 1.34 1.66 1.0
1.64 1.3 1.7 1.0
1.56 1.22 1.78 1.0
1.62 1.3 1.7 1.0
1.72 1.4 1.6 1.0
1.7 1.34 1.66 1.0
1.66 1.32 1.68 1.0
1.56 1.18 1.82 1.0
1.78 1.5 1.5 1.0
1.68 1.32 1.68 1.0
1.62 1.32 1.68 1.0
1.68 1.4 1.6 1.0
1.8 1.36 1.64 1.0
1.8 1.42 1.58 1.0
1.66 1.32 1.68 1.0
1.66 1.34 1.66 1.0
1.78 1.28 1.72 1.0
1.68 1.38 1.62 1.0
1.52 1.32 1.68 1.0
1.74 1.44 1.56 1.0
1.76 1.32 1.68 1.0
1.62 1.38 1.62 1.0
1.64 1.36 1.64 1.0
1.56 1.32 1.68 1.0
1.68 1.34 1.66 1.0
1.64 1.32 1.68 1.0
1.66 1.4 1.6 1.0
1.64 1.3 1.7 1.0
1.66 1.38 1.62 1.0
1.64 1.34 1.66 1.0
1.5 1.18 1.82 1.0
1.68 1.36 1.64 1.0
1.62 1.32 1.68 1.0
1.66 1.36 1.64 1.0
1.66 1.2 1.8 1.0
1.72 1.36 1.64 1.0
1.66 1.42 1.58 1.0
1.62 1.34 1.66 1.0
1.64 1.18 1.82 1.0
1.66 1.3 1.7 1.0
1.68 1.38 1.62 1.0
1.58 1.34 1.66 1.0
1.68 1.34 1.66 1.0
1.56 1.24 1.76 1.0
1.62 1.34 1.66 1.0
1.64 1.34 1.66 1.0
1.6 1.28 1.72 1.0
1.7 1.36 1.64 1.0
1.76 1.38 1.62 1.0
1.64 1.24 1.76 1.0
1.7 1.34 1.66 1.0
1.7 1.38 1.62 1.0
1.66 1.24 1.76 1.0
1.64 1.4 1.6 1.0
1.58 1.32 1.68 1.0
1.62 1.3 1.7 1.0
1.58 1.3 1.7 1.0
1.56 1.28 1.72 1.0
1.6 1.38 1.62 1.0
1.72 1.36 1.64 1.0
1.58 1.3 1.7 1.0
1.6 1.32 1.68 1.0
1.64 1.18 1.82 1.0
1.48 1.18 1.82 1.0
1.58 1.32 1.68 1.0
1.64 1.36 1.64 1.0
1.66 1.28 1.72 1.0
1.68 1.36 1.64 1.0
1.72 1.32 1.68 1.0
1.54 1.26 1.74 1.0
1.64 1.36 1.64 1.0
1.6 1.28 1.72 1.0
1.56 1.3 1.7 1.0
1.68 1.36 1.64 1.0
1.54 1.24 1.76 1.0
1.56 1.28 1.72 1.0
1.62 1.36 1.64 1.0
1.64 1.34 1.66 1.0
1.64 1.3 1.7 1.0
1.56 1.26 1.74 1.0
1.6 1.42 1.58 1.0
1.66 1.38 1.62 1.0
1.6 1.32 1.68 1.0
1.64 1.32 1.68 1.0
1.78 1.4 1.6 1.0
1.84 1.46 1.54 1.0
1.8 1.44 1.56 1.0
1.66 1.36 1.64 1.0
1.76 1.34 1.66 1.0
1.52 1.28 1.72 1.0
1.7 1.32 1.68 1.0
1.7 1.36 1.64 1.0
1.7 1.28 1.72 1.0
1.68 1.34 1.66 1.0
1.74 1.32 1.68 1.0
1.76 1.42 1.58 1.0
1.6 1.38 1.62 1.0
1.7 1.32 1.68 1.0
1.72 1.44 1.56 1.0
1.68 1.32 1.68 1.0
1.58 1.28 1.72 1.0
1.48 1.2 1.8 1.0
1.74 1.38 1.62 1.0
1.64 1.32 1.68 1.0
1.74 1.38 1.62 1.0
1.64 1.34 1.66 1.0
1.72 1.42 1.58 1.0
1.54 1.26 1.74 1.0
1.74 1.42 1.58 1.0
1.66 1.16 1.84 1.0
1.88 1.5 1.5 1.0
1.72 1.44 1.56 1.0
1.78 1.48 1.52 1.0
1.72 1.34 1.66 1.0
1.7 1.42 1.58 1.0
1.68 1.4 1.6 1.0
1.74 1.3 1.7 1.0
1.8 1.4 1.6 1.0
1.64 1.3 1.7 1.0
1.6 1.28 1.72 1.0
1.7 1.4 1.6 1.0
1.62 1.3 1.7 1.0
1.66 1.32 1.68 1.0
1.66 1.4 1.6 1.0
1.64 1.26 1.74 1.0
1.64 1.4 1.6 1.0
1.68 1.32 1.68 1.0
1.68 1.36 1.64 1.0
1.62 1.4 1.6 1.0
1.7 1.28 1.72 1.0
1.78 1.36 1.64 1.0
1.66 1.42 1.58 1.0
1.66 1.34 1.66 1.0
1.6 1.32 1.68 1.0
1.56 1.24 1.76 1.0
1.68 1.28 1.72 1.0
1.54 1.26 1.74 1.0
1.66 1.44 1.56 1.0
1.68 1.42 1.58 1.0
1.66 1.34 1.66 1.0
1.56 1.32 1.68 1.0
1.58 1.36 1.64 1.0
1.6 1.32 1.68 1.0
1.54 1.28 1.72 1.0
1.7 1.32 1.68 1.0
1.68 1.4 1.6 1.0
1.66 1.36 1.64 1.0
1.74 1.32 1.68 1.0
1.76 1.26 1.74 1.0
1.72 1.32 1.68 1.0
1.78 1.28 1.72 1.0
1.44 1.26 1.74 1.0
1.64 1.36 1.64 1.0
1.66 1.38 1.62 1.0
1.62 1.28 1.72 1.0
1.62 1.32 1.68 1.0
1.66 1.24 1.76 1.0
1.66 1.32 1.68 1.0
1.6 1.26 1.74 1.0
1.66 1.3 1.7 1.0
1.6 1.36 1.64 1.0
1.5 1.24 1.76 1.0
1.66 1.36 1.64 1.0
1.48 1.28 1.72 1.0
1.74 1.4 1.6 1.0
1.68 1.18 1.82 1.0
1.66 1.32 1.68 1.0
1.66 1.38 1.62 1.0
1.78 1.52 1.48 1.0
1.66 1.26 1.74 1.0
1.74 1.48 1.52 1.0
1.68 1.38 1.62 1.0
1.66 1.24 1.76 1.0
1.58 1.4 1.6 1.0
1.68 1.3 1.7 1.0
1.7 1.3 1.7 1.0
1.7 1.32 1.68 1.0
1.54 1.28 1.72 1.0
1.62 1.34 1.66 1.0
1.78 1.48 1.52 1.0
1.72 1.4 1.6 1.0
1.64 1.28 1.72 1.0
1.7 1.36 1.64 1.0
1.64 1.3 1.7 1.0
1.8 1.38 1.62 1.0
1.8 1.3 1.7 1.0
1.72 1.34 1.66 1.0
1.64 1.38 1.62 1.0
1.76 1.44 1.56 1.0
1.72 1.44 1.56 1.0
1.56 1.3 1.7 1.0
1.68 1.36 1.64 1.0
1.66 1.34 1.66 1.0
1.78 1.36 1.64 1.0
1.62 1.38 1.62 1.0
1.6 1.28 1.72 1.0
1.84 1.26 1.74 1.0
1.64 1.34 1.66 1.0
1.64 1.34 1.66 1.0
1.6 1.2 1.8 1.0
1.76 1.46 1.54 1.0
1.56 1.26 1.74 1.0
1.64 1.34 1.66 1.0
1.56 1.24 1.76 1.0
1.74 1.34 1.66 1.0
1.72 1.44 1.56 1.0
1.7 1.26 1.74 1.0
1.6 1.4 1.6 1.0
1.6 1.26 1.74 1.0
1.54 1.22 1.78 1.0
1.54 1.3 1.7 1.0
1.74 1.4 1.6 1.0
1.66 1.34 1.66 1.0
1.82 1.34 1.66 1.0
1.66 1.3 1.7 1.0
1.78 1.46 1.54 1.0
1.6 1.26 1.74 1.0
1.58 1.34 1.66 1.0
1.6 1.32 1.68 1.0
1.62 1.34 1.66 1.0
1.72 1.32 1.68 1.0
1.68 1.46 1.54 1.0
1.78 1.36 1.64 1.0
1.72 1.38 1.62 1.0
1.6 1.28 1.72 1.0
1.8 1.42 1.58 1.0
1.58 1.36 1.64 1.0
1.62 1.38 1.62 1.0
1.68 1.22 1.78 1.0
1.54 1.32 1.68 1.0
1.58 1.32 1.68 1.0
1.72 1.34 1.66 1.0
1.76 1.3 1.7 1.0
1.7 1.3 1.7 1.0
1.66 1.32 1.68 1.0
1.68 1.3 1.7 1.0
1.58 1.28 1.72 1.0
1.7 1.34 1.66 1.0
1.62 1.24 1.76 1.0
1.68 1.24 1.76 1.0
1.76 1.36 1.64 1.0
1.76 1.4 1.6 1.0
1.82 1.4 1.6 1.0
1.68 1.32 1.68 1.0
1.72 1.46 1.54 1.0
1.7 1.24 1.76 1.0
1.68 1.3 1.7 1.0
1.7 1.34 1.66 1.0
1.6 1.34 1.66 1.0
1.62 1.26 1.74 1.0
1.66 1.34 1.66 1.0
1.68 1.28 1.72 1.0
1.7 1.42 1.58 1.0
1.72 1.38 1.62 1.0
1.64 1.26 1.74 1.0
1.72 1.36 1.64 1.0
1.66 1.28 1.72 1.0
1.78 1.36 1.64 1.0
1.58 1.34 1.66 1.0
1.68 1.26 1.74 1.0
1.72 1.3 1.7 1.0
1.58 1.34 1.66 1.0
1.78 1.36 1.64 1.0
1.72 1.42 1.58 1.0
1.74 1.32 1.68 1.0
1.64 1.38 1.62 1.0
1.62 1.24 1.76 1.0
1.52 1.28 1.72 1.0
1.64 1.32 1.68 1.0
1.66 1.3 1.7 1.0
1.76 1.4 1.6 1.0
1.62 1.42 1.58 1.0
1.84 1.44 1.56 1.0
1.76 1.36 1.64 1.0
1.74 1.28 1.72 1.0
1.66 1.44 1.56 1.0
1.72 1.38 1.62 1.0
1.66 1.3 1.7 1.0
1.52 1.22 1.78 1.0
1.58 1.3 1.7 1.0
1.7 1.3 1.7 1.0
1.74 1.26 1.74 1.0
1.72 1.34 1.66 1.0
1.66 1.46 1.54 1.0
1.54 1.34 1.66 1.0
1.64 1.28 1.72 1.0
1.7 1.32 1.68 1.0
1.7 1.42 1.58 1.0
1.58 1.3 1.7 1.0
1.78 1.38 1.62 1.0
1.72 1.38 1.62 1.0
1.54 1.2 1.8 1.0
1.72 1.42 1.58 1.0
1.72 1.34 1.66 1.0
1.54 1.22 1.78 1.0
1.7 1.26 1.74 1.0
1.72 1.28 1.72 1.0
1.68 1.36 1.64 1.0
1.58 1.3 1.7 1.0
1.66 1.28 1.72 1.0
1.74 1.42 1.58 1.0
1.68 1.34 1.66 1.0
1.6 1.32 1.68 1.0
1.7 1.34 1.66 1.0
1.64 1.26 1.74 1.0
1.68 1.36 1.64 1.0
1.6 1.26 1.74 1.0
1.58 1.34 1.66 1.0
1.42 1.18 1.82 1.0
1.68 1.42 1.58 1.0
1.58 1.28 1.72 1.0
1.68 1.36 1.64 1.0
1.74 1.32 1.68 1.0
1.76 1.44 1.56 1.0
1.64 1.34 1.66 1.0
1.72 1.4 1.6 1.0
1.6 1.3 1.7 1.0
1.58 1.24 1.76 1.0
1.7 1.42 1.58 1.0
1.62 1.34 1.66 1.0
1.7 1.32 1.68 1.0
1.68 1.28 1.72 1.0
1.58 1.26 1.74 1.0
1.64 1.32 1.68 1.0
1.58 1.24 1.76 1.0
1.64 1.36 1.64 1.0
1.66 1.32 1.68 1.0
1.66 1.44 1.56 1.0
1.66 1.36 1.64 1.0
1.7 1.36 1.64 1.0
1.78 1.36 1.64 1.0
1.72 1.28 1.72 1.0
1.62 1.38 1.62 1.0
1.62 1.3 1.7 1.0
1.7 1.38 1.62 1.0
1.64 1.3 1.7 1.0
1.54 1.26 1.74 1.0
1.54 1.3 1.7 1.0
1.72 1.36 1.64 1.0
1.72 1.26 1.74 1.0
1.76 1.42 1.58 1.0
1.76 1.44 1.56 1.0
1.6 1.38 1.62 1.0
1.72 1.42 1.58 1.0
1.6 1.28 1.72 1.0
1.7 1.32 1.68 1.0
1.78 1.46 1.54 1.0
1.76 1.5 1.5 1.0
1.6 1.26 1.74 1.0
1.54 1.24 1.76 1.0
1.7 1.36 1.64 1.0
1.68 1.4 1.6 1.0
1.7 1.36 1.64 1.0
1.52 1.26 1.74 1.0
1.6 1.24 1.76 1.0
1.64 1.3 1.7 1.0
1.64 1.32 1.68 1.0
1.7 1.3 1.7 1.0
1.68 1.28 1.72 1.0
1.66 1.32 1.68 1.0
1.68 1.34 1.66 1.0
1.52 1.24 1.76 1.0
1.68 1.36 1.64 1.0
1.76 1.38 1.62 1.0
1.8 1.46 1.54 1.0
1.72 1.26 1.74 1.0
1.74 1.28 1.72 1.0
1.76 1.48 1.52 1.0
1.42 1.16 1.84 1.0
1.66 1.3 1.7 1.0
1.56 1.28 1.72 1.0
1.68 1.38 1.62 1.0
1.62 1.26 1.74 1.0
1.68 1.4 1.6 1.0
1.56 1.3 1.7 1.0
1.72 1.44 1.56 1.0
1.68 1.44 1.56 1.0
1.64 1.36 1.64 1.0
1.68 1.3 1.7 1.0
1.7 1.48 1.52 1.0
1.68 1.32 1.68 1.0
1.64 1.36 1.64 1.0
1.62 1.34 1.66 1.0
1.68 1.34 1.66 1.0
1.76 1.4 1.6 1.0
1.78 1.34 1.66 1.0
1.58 1.28 1.72 1.0
1.64 1.24 1.76 1.0
1.68 1.4 1.6 1.0
1.64 1.36 1.64 1.0
1.74 1.4 1.6 1.0
1.68 1.32 1.68 1.0
1.6 1.3 1.7 1.0
1.74 1.3 1.7 1.0
1.64 1.38 1.62 1.0
1.6 1.32 1.68 1.0
1.7 1.26 1.74 1.0
1.76 1.56 1.44 1.0
1.6 1.18 1.82 1.0
1.74 1.36 1.64 1.0
1.6 1.32 1.68 1.0
1.58 1.32 1.68 1.0
1.68 1.4 1.6 1.0
1.74 1.38 1.62 1.0
1.66 1.36 1.64 1.0
1.62 1.36 1.64 1.0
1.7 1.38 1.62 1.0
1.7 1.32 1.68 1.0
1.76 1.5 1.5 1.0
1.7 1.3 1.7 1.0
1.58 1.34 1.66 1.0
1.64 1.28 1.72 1.0
1.62 1.26 1.74 1.0
1.52 1.3 1.7 1.0
1.76 1.36 1.64 1.0
1.72 1.32 1.68 1.0
1.7 1.38 1.62 1.0
1.58 1.32 1.68 1.0
1.54 1.32 1.68 1.0
1.72 1.36 1.64 1.0
1.68 1.36 1.64 1.0
1.62 1.24 1.76 1.0
1.64 1.3 1.7 1.0
1.78 1.36 1.64 1.0
1.76 1.42 1.58 1.0
1.68 1.26 1.74 1.0
1.68 1.32 1.68 1.0
1.62 1.26 1.74 1.0
1.68 1.28 1.72 1.0
1.62 1.32 1.68 1.0
1.68 1.24 1.76 1.0
1.66 1.38 1.62 1.0
1.68 1.26 1.74 1.0
1.64 1.26 1.74 1.0
1.64 1.36 1.64 1.0
1.6 1.32 1.68 1.0
1.66 1.36 1.64 1.0
1.64 1.32 1.68 1.0
1.62 1.36 1.64 1.0
1.68 1.36 1.64 1.0
1.74 1.22 1.78 1.0
1.68 1.5 1.5 1.0
1.66 1.3 1.7 1.0
1.7 1.28 1.72 1.0
1.62 1.26 1.74 1.0
1.6 1.26 1.74 1.0
1.62 1.24 1.76 1.0
1.6 1.32 1.68 1.0
1.74 1.34 1.66 1.0
1.74 1.42 1.58 1.0
1.56 1.26 1.74 1.0
1.68 1.3 1.7 1.0
1.58 1.3 1.7 1.0
1.74 1.36 1.64 1.0
1.72 1.34 1.66 1.0
1.66 1.26 1.74 1.0
1.72 1.36 1.64 1.0
1.78 1.28 1.72 1.0
1.66 1.4 1.6 1.0
1.6 1.38 1.62 1.0
1.72 1.28 1.72 1.0
1.68 1.36 1.64 1.0
1.62 1.38 1.62 1.0
1.74 1.42 1.58 1.0
1.64 1.26 1.74 1.0
1.66 1.22 1.78 1.0
1.72 1.32 1.68 1.0
1.74 1.44 1.56 1.0
1.82 1.44 1.56 1.0
1.74 1.5 1.5 1.0
1.56 1.32 1.68 1.0
1.64 1.32 1.68 1.0
1.62 1.32 1.68 1.0
1.56 1.18 1.82 1.0
1.76 1.44 1.56 1.0
1.74 1.46 1.54 1.0
1.58 1.34 1.66 1.0
1.58 1.3 1.7 1.0
1.66 1.32 1.68 1.0
1.74 1.38 1.62 1.0
1.76 1.34 1.66 1.0
1.64 1.38 1.62 1.0
1.6 1.18 1.82 1.0
1.6 1.28 1.72 1.0
1.68 1.34 1.66 1.0
1.6 1.24 1.76 1.0
1.74 1.46 1.54 1.0
1.68 1.3 1.7 1.0
1.76 1.36 1.64 1.0
1.64 1.32 1.68 1.0
1.72 1.36 1.64 1.0
1.74 1.38 1.62 1.0
1.66 1.32 1.68 1.0
1.58 1.26 1.74 1.0
1.58 1.34 1.66 1.0
1.64 1.18 1.82 1.0
1.48 1.36 1.64 1.0
1.76 1.38 1.62 1.0
1.64 1.46 1.54 1.0
1.66 1.32 1.68 1.0
1.64 1.26 1.74 1.0
1.6 1.28 1.72 1.0
1.54 1.28 1.72 1.0
1.58 1.24 1.76 1.0
1.7 1.32 1.68 1.0
1.74 1.36 1.64 1.0
1.64 1.3 1.7 1.0
1.46 1.22 1.78 1.0
1.72 1.32 1.68 1.0
1.7 1.32 1.68 1.0
1.64 1.3 1.7 1.0
1.64 1.26 1.74 1.0
1.66 1.28 1.72 1.0
1.6 1.38 1.62 1.0
1.58 1.18 1.82 1.0
1.68 1.28 1.72 1.0
1.7 1.26 1.74 1.0
1.58 1.22 1.78 1.0
1.62 1.22 1.78 1.0
1.68 1.34 1.66 1.0
1.6 1.3 1.7 1.0
1.64 1.28 1.72 1.0
1.54 1.26 1.74 1.0
1.72 1.36 1.64 1.0
1.62 1.28 1.72 1.0
1.7 1.46 1.54 1.0
1.7 1.3 1.7 1.0
1.74 1.38 1.62 1.0
1.58 1.24 1.76 1.0
1.64 1.3 1.7 1.0
1.7 1.4 1.6 1.0
1.7 1.3 1.7 1.0
1.7 1.4 1.6 1.0
1.74 1.42 1.58 1.0
1.68 1.36 1.64 1.0
1.68 1.34 1.66 1.0
1.7 1.38 1.62 1.0
1.62 1.32 1.68 1.0
1.74 1.38 1.62 1.0
1.64 1.32 1.68 1.0
1.68 1.34 1.66 1.0
1.72 1.36 1.64 1.0
1.62 1.24 1.76 1.0
1.76 1.42 1.58 1.0
1.7 1.38 1.62 1.0
1.76 1.4 1.6 1.0
1.74 1.38 1.62 1.0
1.66 1.36 1.64 1.0
1.76 1.42 1.58 1.0
1.68 1.34 1.66 1.0
1.66 1.3 1.7 1.0
1.74 1.38 1.62 1.0
1.54 1.3 1.7 1.0
1.7 1.4 1.6 1.0
1.62 1.3 1.7 1.0
1.64 1.34 1.66 1.0
1.68 1.26 1.74 1.0
1.7 1.34 1.66 1.0
1.72 1.28 1.72 1.0
1.64 1.38 1.62 1.0
1.64 1.36 1.64 1.0
1.72 1.42 1.58 1.0
1.76 1.36 1.64 1.0
1.64 1.26 1.74 1.0
1.72 1.36 1.64 1.0
1.64 1.36 1.64 1.0
1.76 1.4 1.6 1.0
1.86 1.56 1.44 1.0
1.72 1.4 1.6 1.0
1.68 1.4 1.6 1.0
1.66 1.32 1.68 1.0
1.64 1.34 1.66 1.0
1.62 1.26 1.74 1.0
1.68 1.38 1.62 1.0
1.66 1.32 1.68 1.0
1.58 1.4 1.6 1.0
1.68 1.44 1.56 1.0
1.54 1.28 1.72 1.0
1.58 1.3 1.7 1.0
1.66 1.3 1.7 1.0
1.68 1.42 1.58 1.0
1.58 1.26 1.74 1.0
1.76 1.3 1.7 1.0
1.66 1.3 1.7 1.0
1.68 1.34 1.66 1.0
1.6 1.32 1.68 1.0
1.62 1.36 1.64 1.0
1.72 1.32 1.68 1.0
1.64 1.3 1.7 1.0
1.58 1.28 1.72 1.0
1.74 1.36 1.64 1.0
1.66 1.24 1.76 1.0
1.78 1.28 1.72 1.0
1.64 1.32 1.68 1.0
1.64 1.2 1.8 1.0
1.72 1.32 1.68 1.0
1.74 1.36 1.64 1.0
1.62 1.18 1.82 1.0
1.72 1.4 1.6 1.0
1.7 1.34 1.66 1.0
1.66 1.4 1.6 1.0
1.56 1.2 1.8 1.0
1.66 1.42 1.58 1.0
1.74 1.3 1.7 1.0
1.66 1.36 1.64 1.0
1.7 1.46 1.54 1.0
1.68 1.4 1.6 1.0
1.7 1.32 1.68 1.0
1.6 1.26 1.74 1.0
1.68 1.36 1.64 1.0
1.52 1.24 1.76 1.0
1.64 1.24 1.76 1.0
1.74 1.2 1.8 1.0
1.66 1.42 1.58 1.0
1.76 1.38 1.62 1.0
1.7 1.4 1.6 1.0
1.58 1.36 1.64 1.0
1.66 1.24 1.76 1.0
1.68 1.4 1.6 1.0
1.54 1.26 1.74 1.0
1.66 1.38 1.62 1.0
1.66 1.32 1.68 1.0
1.6 1.38 1.62 1.0
1.74 1.42 1.58 1.0
1.68 1.24 1.76 1.0
1.6 1.24 1.76 1.0
1.6 1.3 1.7 1.0
1.74 1.36 1.64 1.0
1.62 1.32 1.68 1.0
1.68 1.26 1.74 1.0
1.6 1.32 1.68 1.0
1.68 1.32 1.68 1.0
1.62 1.32 1.68 1.0
1.64 1.3 1.7 1.0
1.62 1.32 1.68 1.0
1.72 1.42 1.58 1.0
1.56 1.3 1.7 1.0
1.76 1.38 1.62 1.0
1.74 1.32 1.68 1.0
1.52 1.26 1.74 1.0
1.64 1.36 1.64 1.0
1.7 1.34 1.66 1.0
1.72 1.44 1.56 1.0
1.66 1.26 1.74 1.0
1.64 1.28 1.72 1.0
1.66 1.34 1.66 1.0
1.66 1.38 1.62 1.0
1.68 1.24 1.76 1.0
1.58 1.26 1.74 1.0
1.66 1.38 1.62 1.0
1.58 1.36 1.64 1.0
1.7 1.28 1.72 1.0
1.74 1.36 1.64 1.0
1.62 1.28 1.72 1.0
1.68 1.38 1.62 1.0
1.58 1.28 1.72 1.0
1.66 1.32 1.68 1.0
1.76 1.28 1.72 1.0
1.72 1.36 1.64 1.0
1.64 1.34 1.66 1.0
1.62 1.28 1.72 1.0
1.64 1.26 1.74 1.0
1.66 1.44 1.56 1.0
1.62 1.36 1.64 1.0
1.66 1.26 1.74 1.0
1.76 1.38 1.62 1.0
1.72 1.4 1.6 1.0
1.74 1.26 1.74 1.0
1.68 1.36 1.64 1.0
1.72 1.42 1.58 1.0
1.7 1.28 1.72 1.0
1.66 1.32 1.68 1.0
1.58 1.22 1.78 1.0
1.84 1.48 1.52 1.0
1.6 1.3 1.7 1.0
1.58 1.28 1.72 1.0
1.62 1.28 1.72 1.0
1.76 1.44 1.56 1.0
1.74 1.5 1.5 1.0
1.78 1.38 1.62 1.0
1.64 1.36 1.64 1.0
1.66 1.3 1.7 1.0
1.78 1.24 1.76 1.0
1.7 1.38 1.62 1.0
1.7 1.3 1.7 1.0
1.58 1.28 1.72 1.0
1.64 1.2 1.8 1.0
1.76 1.34 1.66 1.0
1.56 1.18 1.82 1.0
1.8 1.32 1.68 1.0
1.68 1.36 1.64 1.0
1.66 1.36 1.64 1.0
1.7 1.36 1.64 1.0
1.74 1.32 1.68 1.0
1.64 1.18 1.82 1.0
1.68 1.32 1.68 1.0
1.7 1.3 1.7 1.0
1.72 1.4 1.6 1.0
1.72 1.38 1.62 1.0
1.72 1.44 1.56 1.0
1.6 1.32 1.68 1.0
1.68 1.34 1.66 1.0
1.72 1.4 1.6 1.0
1.72 1.34 1.66 1.0
1.76 1.4 1.6 1.0
1.7 1.32 1.68 1.0
1.68 1.44 1.56 1.0
1.6 1.26 1.74 1.0
1.66 1.38 1.62 1.0
1.54 1.28 1.72 1.0
1.6 1.22 1.78 1.0
1.72 1.38 1.62 1.0
1.68 1.3 1.7 1.0
1.76 1.5 1.5 1.0
1.54 1.34 1.66 1.0
1.7 1.28 1.72 1.0
1.7 1.3 1.7 1.0
1.76 1.4 1.6 1.0
1.68 1.28 1.72 1.0
1.74 1.38 1.62 1.0
1.68 1.36 1.64 1.0
1.66 1.24 1.76 1.0
1.7 1.34 1.66 1.0
1.6 1.18 1.82 1.0
1.48 1.3 1.7 1.0
1.66 1.38 1.62 1.0
1.74 1.48 1.52 1.0
1.56 1.26 1.74 1.0
1.72 1.3 1.7 1.0
1.58 1.26 1.74 1.0
1.74 1.32 1.68 1.0
1.52 1.32 1.68 1.0
1.66 1.3 1.7 1.0
1.54 1.24 1.76 1.0
1.66 1.42 1.58 1.0
1.68 1.26 1.74 1.0
1.58 1.22 1.78 1.0
1.64 1.2 1.8 1.0
1.66 1.4 1.6 1.0
1.68 1.28 1.72 1.0
1.64 1.34 1.66 1.0
1.52 1.28 1.72 1.0
1.76 1.44 1.56 1.0
1.68 1.28 1.72 1.0
1.68 1.32 1.68 1.0
1.68 1.34 1.66 1.0
1.68 1.34 1.66 1.0
1.72 1.3 1.7 1.0
1.72 1.28 1.72 1.0
1.66 1.24 1.76 1.0
1.68 1.3 1.7 1.0
1.72 1.36 1.64 1.0
1.68 1.26 1.74 1.0
1.76 1.34 1.66 1.0
1.66 1.32 1.68 1.0
1.66 1.26 1.74 1.0
1.68 1.34 1.66 1.0
1.68 1.3 1.7 1.0
1.68 1.36 1.64 1.0
1.76 1.44 1.56 1.0
1.84 1.46 1.54 1.0
1.68 1.38 1.62 1.0
1.66 1.34 1.66 1.0
1.66 1.34 1.66 1.0
1.66 1.34 1.66 1.0
1.82 1.42 1.58 1.0
1.66 1.28 1.72 1.0
1.62 1.4 1.6 1.0
1.7 1.3 1.7 1.0
1.7 1.42 1.58 1.0
1.68 1.32 1.68 1.0
1.7 1.34 1.66 1.0
1.62 1.34 1.66 1.0
1.68 1.36 1.64 1.0
1.78 1.38 1.62 1.0
1.66 1.38 1.62 1.0
1.62 1.34 1.66 1.0
1.62 1.38 1.62 1.0
1.68 1.36 1.64 1.0
1.56 1.3 1.7 1.0
1.6 1.28 1.72 1.0
1.58 1.24 1.76 1.0
1.78 1.32 1.68 1.0
1.7 1.26 1.74 1.0
1.76 1.46 1.54 1.0
1.56 1.36 1.64 1.0
1.78 1.4 1.6 1.0
1.64 1.32 1.68 1.0
1.68 1.3 1.7 1.0
1.62 1.26 1.74 1.0
1.78 1.44 1.56 1.0
1.66 1.34 1.66 1.0
1.68 1.32 1.68 1.0
1.7 1.4 1.6 1.0
1.58 1.38 1.62 1.0
1.7 1.34 1.66 1.0
1.56 1.3 1.7 1.0
1.78 1.44 1.56 1.0
1.64 1.36 1.64 1.0
1.78 1.38 1.62 1.0
1.72 1.28 1.72 1.0
1.8 1.44 1.56 1.0
1.7 1.32 1.68 1.0
1.62 1.3 1.7 1.0
1.6 1.3 1.7 1.0
1.72 1.24 1.76 1.0
1.72 1.34 1.66 1.0
1.56 1.28 1.72 1.0
1.66 1.32 1.68 1.0
1.68 1.32 1.68 1.0
1.58 1.3 1.7 1.0
1.52 1.32 1.68 1.0
1.76 1.22 1.78 1.0
1.72 1.32 1.68 1.0
1.64 1.42 1.58 1.0
1.78 1.24 1.76 1.0
1.58 1.34 1.66 1.0
1.66 1.34 1.66 1.0
1.66 1.26 1.74 1.0
1.6 1.4 1.6 1.0
1.6 1.3 1.7 1.0
1.58 1.22 1.78 1.0
1.76 1.36 1.64 1.0
1.68 1.36 1.64 1.0
1.66 1.34 1.66 1.0
1.68 1.46 1.54 1.0
1.66 1.44 1.56 1.0
1.68 1.48 1.52 1.0
1.66 1.34 1.66 1.0
1.54 1.28 1.72 1.0
1.58 1.22 1.78 1.0
1.78 1.36 1.64 1.0
1.54 1.24 1.76 1.0
1.64 1.26 1.74 1.0
1.7 1.32 1.68 1.0
1.68 1.32 1.68 1.0
1.72 1.4 1.6 1.0
1.62 1.32 1.68 1.0
1.56 1.22 1.78 1.0
1.58 1.3 1.7 1.0
1.68 1.4 1.6 1.0
1.64 1.26 1.74 1.0
1.76 1.46 1.54 1.0
1.54 1.32 1.68 1.0
1.48 1.28 1.72 1.0
1.66 1.34 1.66 1.0
1.52 1.34 1.66 1.0
1.64 1.26 1.74 1.0
1.7 1.4 1.6 1.0
1.68 1.32 1.68 1.0
1.62 1.28 1.72 1.0
1.68 1.34 1.66 1.0
1.7 1.3 1.7 1.0
1.6 1.3 1.7 1.0
1.66 1.3 1.7 1.0
1.66 1.22 1.78 1.0
1.74 1.36 1.64 1.0
1.72 1.3 1.7 1.0
1.46 1.22 1.78 1.0
1.74 1.3 1.7 1.0
1.68 1.28 1.72 1.0
1.62 1.38 1.62 1.0
1.64 1.28 1.72 1.0
1.56 1.42 1.58 1.0
1.74 1.32 1.68 1.0
1.6 1.28 1.72 1.0
1.66 1.38 1.62 1.0
1.7 1.38 1.62 1.0
1.54 1.28 1.72 1.0
1.68 1.36 1.64 1.0
1.64 1.28 1.72 1.0
1.76 1.36 1.64 1.0
1.74 1.3 1.7 1.0
1.72 1.52 1.48 1.0
1.62 1.38 1.62 1.0
1.68 1.34 1.66 1.0
1.62 1.26 1.74 1.0
1.66 1.36 1.64 1.0
1.66 1.4 1.6 1.0
1.82 1.3 1.7 1.0
1.66 1.32 1.68 1.0
1.74 1.26 1.74 1.0
1.7 1.34 1.66 1.0
1.64 1.36 1.64 1.0
1.56 1.32 1.68 1.0
1.66 1.3 1.7 1.0
1.64 1.32 1.68 1.0
1.7 1.26 1.74 1.0
1.66 1.38 1.62 1.0
1.62 1.34 1.66 1.0
1.78 1.44 1.56 1.0
1.66 1.32 1.68 1.0
1.76 1.3 1.7 1.0
1.76 1.34 1.66 1.0
1.68 1.38 1.62 1.0
1.68 1.26 1.74 1.0
1.72 1.38 1.62 1.0
1.72 1.42 1.58 1.0
1.64 1.36 1.64 1.0
1.6 1.22 1.78 1.0
1.72 1.4 1.6 1.0
1.58 1.34 1.66 1.0
1.66 1.44 1.56 1.0
1.74 1.24 1.76 1.0
1.66 1.34 1.66 1.0
1.68 1.34 1.66 1.0
1.62 1.3 1.7 1.0
1.68 1.4 1.6 1.0
1.76 1.34 1.66 1.0
1.6 1.38 1.62 1.0
1.7 1.24 1.76 1.0
1.62 1.38 1.62 1.0
1.64 1.28 1.72 1.0
1.82 1.34 1.66 1.0
1.68 1.32 1.68 1.0
1.6 1.38 1.62 1.0
1.68 1.36 1.64 1.0
1.7 1.24 1.76 1.0
1.76 1.36 1.64 1.0
1.56 1.32 1.68 1.0
1.7 1.22 1.78 1.0
1.66 1.24 1.76 1.0
1.68 1.44 1.56 1.0
1.66 1.36 1.64 1.0
1.58 1.32 1.68 1.0
1.58 1.26 1.74 1.0
1.66 1.3 1.7 1.0
1.64 1.38 1.62 1.0
1.56 1.26 1.74 1.0
1.5 1.24 1.76 1.0
1.7 1.36 1.64 1.0
1.68 1.28 1.72 1.0
1.62 1.26 1.74 1.0
1.68 1.3 1.7 1.0
1.7 1.36 1.64 1.0
1.58 1.26 1.74 1.0
1.68 1.24 1.76 1.0
1.64 1.36 1.64 1.0
1.74 1.36 1.64 1.0
1.7 1.28 1.72 1.0
1.56 1.26 1.74 1.0
1.7 1.26 1.74 1.0
1.8 1.36 1.64 1.0
1.82 1.44 1.56 1.0
1.62 1.36 1.64 1.0
1.7 1.4 1.6 1.0
1.68 1.26 1.74 1.0
1.66 1.38 1.62 1.0
1.6 1.26 1.74 1.0
1.58 1.24 1.76 1.0
1.68 1.42 1.58 1.0
1.58 1.28 1.72 1.0
1.68 1.4 1.6 1.0
1.76 1.44 1.56 1.0
1.64 1.36 1.64 1.0
1.7 1.36 1.64 1.0
1.7 1.28 1.72 1.0
1.72 1.28 1.72 1.0
1.6 1.3 1.7 1.0
1.6 1.22 1.78 1.0
1.56 1.28 1.72 1.0
1.62 1.36 1.64 1.0
1.7 1.36 1.64 1.0
1.66 1.3 1.7 1.0
1.74 1.34 1.66 1.0
1.64 1.3 1.7 1.0
1.6 1.3 1.7 1.0
1.66 1.32 1.68 1.0
1.64 1.3 1.7 1.0
1.6 1.32 1.68 1.0
1.6 1.22 1.78 1.0
1.7 1.34 1.66 1.0
1.8 1.4 1.6 1.0
1.7 1.34 1.66 1.0
1.7 1.24 1.76 1.0
1.7 1.36 1.64 1.0
1.68 1.38 1.62 1.0
1.68 1.38 1.62 1.0
1.86 1.5 1.5 1.0
1.66 1.3 1.7 1.0
1.76 1.4 1.6 1.0
1.68 1.38 1.62 1.0
1.66 1.34 1.66 1.0
1.7 1.4 1.6 1.0
1.64 1.22 1.78 1.0
1.68 1.26 1.74 1.0
1.64 1.24 1.76 1.0
1.72 1.34 1.66 1.0
1.76 1.38 1.62 1.0
1.62 1.36 1.64 1.0
1.64 1.4 1.6 1.0
1.76 1.38 1.62 1.0
1.68 1.46 1.54 1.0
1.64 1.44 1.56 1.0
1.58 1.34 1.66 1.0
1.8 1.38 1.62 1.0
1.7 1.44 1.56 1.0
1.72 1.36 1.64 1.0
1.72 1.32 1.68 1.0
1.62 1.38 1.62 1.0
1.52 1.26 1.74 1.0
1.56 1.3 1.7 1.0
1.56 1.24 1.76 1.0
1.68 1.38 1.62 1.0
1.72 1.38 1.62 1.0
1.78 1.44 1.56 1.0
1.7 1.34 1.66 1.0
1.64 1.36 1.64 1.0
1.62 1.38 1.62 1.0
1.7 1.4 1.6 1.0
1.78 1.38 1.62 1.0
1.76 1.34 1.66 1.0
1.62 1.34 1.66 1.0
1.56 1.24 1.76 1.0
1.72 1.44 1.56 1.0
1.8 1.44 1.56 1.0
1.74 1.44 1.56 1.0
1.68 1.3 1.7 1.0
1.72 1.36 1.64 1.0
1.66 1.34 1.66 1.0
1.64 1.3 1.7 1.0
1.52 1.24 1.76 1.0
1.58 1.28 1.72 1.0
1.64 1.32 1.68 1.0
1.66 1.4 1.6 1.0
1.76 1.48 1.52 1.0
1.64 1.26 1.74 1.0
1.8 1.42 1.58 1.0
1.66 1.26 1.74 1.0
1.78 1.32 1.68 1.0
1.68 1.34 1.66 1.0
1.74 1.26 1.74 1.0
1.74 1.4 1.6 1.0
1.7 1.38 1.62 1.0
1.6 1.38 1.62 1.0
1.62 1.44 1.56 1.0
1.76 1.42 1.58 1.0
1.66 1.34 1.66 1.0
1.66 1.34 1.66 1.0
1.72 1.3 1.7 1.0
1.72 1.3 1.7 1.0
1.78 1.4 1.6 1.0
1.68 1.16 1.84 1.0
1.7 1.3 1.7 1.0
1.82 1.32 1.68 1.0
1.72 1.42 1.58 1.0
1.66 1.32 1.68 1.0
1.52 1.36 1.64 1.0
1.72 1.34 1.66 1.0
1.66 1.36 1.64 1.0
1.78 1.38 1.62 1.0
1.56 1.28 1.72 1.0
1.74 1.38 1.62 1.0
1.62 1.32 1.68 1.0
1.64 1.32 1.68 1.0
1.64 1.28 1.72 1.0
1.68 1.36 1.64 1.0
1.7 1.32 1.68 1.0
1.7 1.24 1.76 1.0
1.7 1.28 1.72 1.0
1.54 1.2 1.8 1.0
1.66 1.44 1.56 1.0
1.54 1.4 1.6 1.0
1.6 1.36 1.64 1.0
1.66 1.3 1.7 1.0
1.64 1.28 1.72 1.0
1.72 1.36 1.64 1.0
1.74 1.32 1.68 1.0
1.64 1.32 1.68 1.0
1.56 1.28 1.72 1.0
1.74 1.36 1.64 1.0
1.66 1.34 1.66 1.0
1.74 1.4 1.6 1.0
1.68 1.24 1.76 1.0
1.54 1.28 1.72 1.0
1.58 1.32 1.68 1.0
1.7 1.26 1.74 1.0
1.68 1.46 1.54 1.0
1.74 1.34 1.66 1.0
1.78 1.42 1.58 1.0
1.62 1.34 1.66 1.0
1.72 1.32 1.68 1.0
1.68 1.22 1.78 1.0
1.74 1.42 1.58 1.0
1.72 1.38 1.62 1.0
1.72 1.32 1.68 1.0
1.66 1.38 1.62 1.0
1.54 1.28 1.72 1.0
1.74 1.5 1.5 1.0
1.64 1.34 1.66 1.0
1.58 1.24 1.76 1.0
1.7 1.36 1.64 1.0
1.72 1.4 1.6 1.0
1.66 1.36 1.64 1.0
1.62 1.36 1.64 1.0
1.58 1.34 1.66 1.0
1.74 1.34 1.66 1.0
1.7 1.42 1.58 1.0
1.66 1.34 1.66 1.0
1.78 1.4 1.6 1.0
1.66 1.32 1.68 1.0
1.7 1.34 1.66 1.0
1.66 1.32 1.68 1.0
1.72 1.32 1.68 1.0
1.62 1.42 1.58 1.0
1.58 1.24 1.76 1.0
1.74 1.48 1.52 1.0
1.64 1.22 1.78 1.0
1.62 1.4 1.6 1.0
1.66 1.32 1.68 1.0
1.76 1.3 1.7 1.0
1.66 1.38 1.62 1.0
1.68 1.3 1.7 1.0
1.7 1.32 1.68 1.0
1.72 1.4 1.6 1.0
1.58 1.24 1.76 1.0
1.76 1.4 1.6 1.0
1.68 1.32 1.68 1.0
1.7 1.28 1.72 1.0
1.72 1.36 1.64 1.0
1.54 1.34 1.66 1.0
1.74 1.48 1.52 1.0
1.58 1.36 1.64 1.0
1.64 1.4 1.6 1.0
1.52 1.32 1.68 1.0
1.68 1.34 1.66 1.0
1.74 1.28 1.72 1.0
1.68 1.34 1.66 1.0
1.76 1.34 1.66 1.0
1.7 1.34 1.66 1.0
1.72 1.34 1.66 1.0
1.78 1.38 1.62 1.0
1.78 1.48 1.52 1.0
1.7 1.36 1.64 1.0
1.68 1.42 1.58 1.0
1.7 1.22 1.78 1.0
1.74 1.32 1.68 1.0
1.74 1.3 1.7 1.0
1.74 1.42 1.58 1.0
1.72 1.3 1.7 1.0
1.66 1.24 1.76 1.0
1.7 1.44 1.56 1.0
1.76 1.34 1.66 1.0
1.64 1.3 1.7 1.0
1.66 1.32 1.68 1.0
1.68 1.36 1.64 1.0
1.74 1.32 1.68 1.0
1.66 1.2 1.8 1.0
1.74 1.38 1.62 1.0
1.62 1.32 1.68 1.0
1.68 1.36 1.64 1.0
1.7 1.3 1.7 1.0
1.68 1.38 1.62 1.0
1.64 1.34 1.66 1.0
1.66 1.28 1.72 1.0
1.66 1.2 1.8 1.0
1.7 1.32 1.68 1.0
1.48 1.26 1.74 1.0
1.64 1.26 1.74 1.0
1.76 1.34 1.66 1.0
1.56 1.34 1.66 1.0
1.6 1.36 1.64 1.0
1.64 1.28 1.72 1.0
1.62 1.3 1.7 1.0
1.68 1.36 1.64 1.0
1.68 1.38 1.62 1.0
1.62 1.28 1.72 1.0
1.78 1.44 1.56 1.0
1.68 1.32 1.68 1.0
1.68 1.36 1.64 1.0
1.74 1.46 1.54 1.0
1.62 1.36 1.64 1.0
1.7 1.34 1.66 1.0
1.66 1.28 1.72 1.0
1.64 1.36 1.64 1.0
1.72 1.42 1.58 1.0
1.54 1.24 1.76 1.0
1.66 1.24 1.76 1.0
1.68 1.36 1.64 1.0
1.72 1.4 1.6 1.0
1.68 1.32 1.68 1.0
1.7 1.36 1.64 1.0
1.72 1.36 1.64 1.0
1.62 1.28 1.72 1.0
1.6 1.28 1.72 1.0
1.74 1.44 1.56 1.0
1.72 1.32 1.68 1.0
1.56 1.28 1.72 1.0
1.76 1.24 1.76 1.0
1.54 1.24 1.76 1.0
1.66 1.44 1.56 1.0
1.6 1.36 1.64 1.0
1.6 1.3 1.7 1.0
1.78 1.44 1.56 1.0
1.66 1.34 1.66 1.0
1.64 1.34 1.66 1.0
1.74 1.42 1.58 1.0
1.68 1.36 1.64 1.0
1.66 1.38 1.62 1.0
1.64 1.2 1.8 1.0
1.64 1.2 1.8 1.0
1.7 1.38 1.62 1.0
1.68 1.4 1.6 1.0
1.8 1.46 1.54 1.0
1.74 1.28 1.72 1.0
1.62 1.4 1.6 1.0
1.8 1.44 1.56 1.0
1.74 1.38 1.62 1.0
1.7 1.42 1.58 1.0
1.66 1.38 1.62 1.0
1.6 1.3 1.7 1.0
1.6 1.24 1.76 1.0
1.68 1.46 1.54 1.0
1.62 1.32 1.68 1.0
1.62 1.3 1.7 1.0
1.64 1.3 1.7 1.0
1.74 1.42 1.58 1.0
1.72 1.32 1.68 1.0
1.62 1.32 1.68 1.0
1.68 1.32 1.68 1.0
1.72 1.42 1.58 1.0
1.56 1.2 1.8 1.0
1.62 1.32 1.68 1.0
1.6 1.24 1.76 1.0
1.68 1.42 1.58 1.0
1.68 1.28 1.72 1.0
1.68 1.32 1.68 1.0
1.58 1.24 1.76 1.0
1.78 1.48 1.52 1.0
1.56 1.28 1.72 1.0
1.62 1.36 1.64 1.0
1.78 1.4 1.6 1.0
1.78 1.36 1.64 1.0
1.72 1.36 1.64 1.0
1.72 1.38 1.62 1.0
1.68 1.34 1.66 1.0
1.64 1.28 1.72 1.0
1.6 1.16 1.84 1.0
1.64 1.32 1.68 1.0
1.74 1.46 1.54 1.0
1.64 1.32 1.68 1.0
1.6 1.28 1.72 1.0
1.62 1.38 1.62 1.0
1.64 1.34 1.66 1.0
1.66 1.26 1.74 1.0
1.74 1.32 1.68 1.0
1.58 1.36 1.64 1.0
1.82 1.38 1.62 1.0
1.66 1.34 1.66 1.0
1.66 1.36 1.64 1.0
1.66 1.24 1.76 1.0
1.64 1.24 1.76 1.0
1.62 1.34 1.66 1.0
1.8 1.46 1.54 1.0
1.66 1.4 1.6 1.0
1.64 1.26 1.74 1.0
1.72 1.4 1.6 1.0
1.72 1.28 1.72 1.0
1.62 1.3 1.7 1.0
1.54 1.3 1.7 1.0
1.76 1.32 1.68 1.0
1.82 1.42 1.58 1.0
1.76 1.3 1.7 1.0
1.66 1.3 1.7 1.0
1.78 1.36 1.64 1.0
1.82 1.44 1.56 1.0
1.74 1.36 1.64 1.0
1.74 1.4 1.6 1.0
1.76 1.32 1.68 1.0
1.74 1.38 1.62 1.0
1.7 1.4 1.6 1.0
1.72 1.4 1.6 1.0
1.72 1.32 1.68 1.0
1.52 1.24 1.76 1.0
1.64 1.3 1.7 1.0
1.66 1.22 1.78 1.0
1.64 1.3 1.7 1.0
1.62 1.42 1.58 1.0
1.62 1.22 1.78 1.0
1.74 1.4 1.6 1.0
1.64 1.36 1.64 1.0
1.64 1.28 1.72 1.0
1.68 1.3 1.7 1.0
1.6 1.3 1.7 1.0
1.68 1.36 1.64 1.0
1.74 1.5 1.5 1.0
1.6 1.36 1.64 1.0
1.58 1.22 1.78 1.0
1.7 1.38 1.62 1.0
1.56 1.28 1.72 1.0
1.68 1.5 1.5 1.0
1.6 1.34 1.66 1.0
1.72 1.42 1.58 1.0
1.64 1.3 1.7 1.0
1.7 1.42 1.58 1.0
1.7 1.32 1.68 1.0
1.78 1.34 1.66 1.0
1.7 1.32 1.68 1.0
1.78 1.38 1.62 1.0
1.74 1.34 1.66 1.0
1.72 1.32 1.68 1.0
1.72 1.3 1.7 1.0
1.6 1.3 1.7 1.0
1.66 1.3 1.7 1.0
1.74 1.48 1.52 1.0
1.7 1.36 1.64 1.0
1.46 1.2 1.8 1.0
1.68 1.34 1.66 1.0
1.62 1.4 1.6 1.0
1.68 1.34 1.66 1.0
1.76 1.22 1.78 1.0
1.74 1.28 1.72 1.0
1.68 1.34 1.66 1.0
1.58 1.24 1.76 1.0
1.66 1.36 1.64 1.0
1.8 1.38 1.62 1.0
1.74 1.32 1.68 1.0
1.78 1.36 1.64 1.0
1.58 1.2 1.8 1.0
1.72 1.36 1.64 1.0
1.66 1.38 1.62 1.0
1.64 1.22 1.78 1.0
1.6 1.28 1.72 1.0
1.6 1.26 1.74 1.0
1.64 1.36 1.64 1.0
1.62 1.28 1.72 1.0
1.76 1.44 1.56 1.0
1.72 1.4 1.6 1.0
1.62 1.28 1.72 1.0
1.68 1.38 1.62 1.0
1.62 1.32 1.68 1.0
1.72 1.4 1.6 1.0
1.68 1.4 1.6 1.0
1.62 1.28 1.72 1.0
1.64 1.22 1.78 1.0
1.58 1.28 1.72 1.0
1.64 1.3 1.7 1.0
1.62 1.36 1.64 1.0
1.74 1.38 1.62 1.0
1.56 1.28 1.72 1.0
1.76 1.4 1.6 1.0
1.78 1.46 1.54 1.0
1.74 1.36 1.64 1.0
1.66 1.34 1.66 1.0
1.7 1.42 1.58 1.0
1.68 1.3 1.7 1.0
1.68 1.38 1.62 1.0
1.72 1.34 1.66 1.0
1.58 1.3 1.7 1.0
1.6 1.36 1.64 1.0
1.58 1.34 1.66 1.0
1.62 1.3 1.7 1.0
1.66 1.36 1.64 1.0
1.54 1.18 1.82 1.0
1.62 1.24 1.76 1.0
1.68 1.28 1.72 1.0
1.76 1.38 1.62 1.0
1.6 1.24 1.76 1.0
1.7 1.3 1.7 1.0
1.76 1.4 1.6 1.0
1.68 1.4 1.6 1.0
1.62 1.42 1.58 1.0
1.82 1.44 1.56 1.0
1.64 1.3 1.7 1.0
1.44 1.18 1.82 1.0
1.64 1.32 1.68 1.0
1.7 1.32 1.68 1.0
1.74 1.38 1.62 1.0
1.76 1.46 1.54 1.0
1.66 1.36 1.64 1.0
1.56 1.26 1.74 1.0
1.72 1.36 1.64 1.0
1.78 1.34 1.66 1.0
1.72 1.24 1.76 1.0
1.64 1.28 1.72 1.0
1.64 1.24 1.76 1.0
1.68 1.36 1.64 1.0
1.6 1.22 1.78 1.0
1.7 1.38 1.62 1.0
1.7 1.34 1.66 1.0
1.8 1.58 1.42 1.0
1.62 1.26 1.74 1.0
1.68 1.26 1.74 1.0
1.68 1.36 1.64 1.0
1.6 1.3 1.7 1.0
1.62 1.34 1.66 1.0
1.58 1.3 1.7 1.0
1.6 1.28 1.72 1.0
1.74 1.34 1.66 1.0
1.54 1.28 1.72 1.0
1.74 1.4 1.6 1.0
1.62 1.4 1.6 1.0
1.64 1.38 1.62 1.0
1.62 1.24 1.76 1.0
1.62 1.3 1.7 1.0
1.72 1.34 1.66 1.0
1.66 1.36 1.64 1.0
1.64 1.32 1.68 1.0
1.62 1.36 1.64 1.0
1.7 1.32 1.68 1.0
1.62 1.34 1.66 1.0
1.66 1.38 1.62 1.0
1.72 1.38 1.62 1.0
1.66 1.38 1.62 1.0
1.68 1.28 1.72 1.0
1.64 1.3 1.7 1.0
1.66 1.36 1.64 1.0
1.66 1.36 1.64 1.0
1.64 1.32 1.68 1.0
1.66 1.4 1.6 1.0
1.7 1.26 1.74 1.0
1.64 1.36 1.64 1.0
1.72 1.4 1.6 1.0
1.6 1.34 1.66 1.0
1.58 1.3 1.7 1.0
1.62 1.38 1.62 1.0
1.72 1.38 1.62 1.0
1.66 1.3 1.7 1.0
1.66 1.26 1.74 1.0
1.74 1.34 1.66 1.0
1.7 1.32 1.68 1.0
1.72 1.3 1.7 1.0
1.52 1.34 1.66 1.0
1.68 1.4 1.6 1.0
1.62 1.42 1.58 1.0
1.66 1.36 1.64 1.0
1.7 1.38 1.62 1.0
1.76 1.38 1.62 1.0
1.82 1.42 1.58 1.0
1.76 1.32 1.68 1.0
1.64 1.34 1.66 1.0
1.84 1.36 1.64 1.0
1.64 1.32 1.68 1.0
1.72 1.34 1.66 1.0
1.76 1.42 1.58 1.0
1.54 1.3 1.7 1.0
1.68 1.34 1.66 1.0
1.64 1.32 1.68 1.0
1.7 1.38 1.62 1.0
1.7 1.22 1.78 1.0
1.64 1.34 1.66 1.0
1.64 1.32 1.68 1.0
1.58 1.28 1.72 1.0
1.64 1.24 1.76 1.0
1.66 1.38 1.62 1.0
1.72 1.42 1.58 1.0
1.64 1.32 1.68 1.0
1.68 1.3 1.7 1.0
1.64 1.32 1.68 1.0
1.62 1.42 1.58 1.0
1.64 1.34 1.66 1.0
1.68 1.38 1.62 1.0
1.6 1.34 1.66 1.0
1.84 1.48 1.52 1.0
1.58 1.28 1.72 1.0
1.7 1.46 1.54 1.0
1.74 1.36 1.64 1.0
1.82 1.46 1.54 1.0
1.64 1.34 1.66 1.0
1.58 1.26 1.74 1.0
1.56 1.26 1.74 1.0
1.66 1.42 1.58 1.0
1.72 1.38 1.62 1.0
1.6 1.24 1.76 1.0
1.62 1.36 1.64 1.0
1.66 1.34 1.66 1.0
1.6 1.34 1.66 1.0
1.62 1.32 1.68 1.0
1.62 1.36 1.64 1.0
1.74 1.32 1.68 1.0
1.82 1.34 1.66 1.0
1.72 1.38 1.62 1.0
1.66 1.46 1.54 1.0
1.64 1.32 1.68 1.0
1.76 1.42 1.58 1.0
1.78 1.32 1.68 1.0
1.62 1.24 1.76 1.0
1.64 1.28 1.72 1.0
1.74 1.34 1.66 1.0
1.72 1.3 1.7 1.0
1.6 1.34 1.66 1.0
1.74 1.38 1.62 1.0
1.56 1.2 1.8 1.0
1.66 1.32 1.68 1.0
1.68 1.34 1.66 1.0
1.52 1.2 1.8 1.0
1.8 1.42 1.58 1.0
1.68 1.34 1.66 1.0
1.68 1.34 1.66 1.0
1.68 1.34 1.66 1.0
1.68 1.3 1.7 1.0
1.68 1.38 1.62 1.0
1.66 1.4 1.6 1.0
1.74 1.44 1.56 1.0
1.7 1.36 1.64 1.0
1.56 1.28 1.72 1.0
1.58 1.24 1.76 1.0
1.68 1.34 1.66 1.0
1.62 1.3 1.7 1.0
1.76 1.38 1.62 1.0
1.82 1.46 1.54 1.0
1.64 1.28 1.72 1.0
1.72 1.36 1.64 1.0
1.64 1.28 1.72 1.0
1.7 1.34 1.66 1.0
1.74 1.36 1.64 1.0
1.6 1.26 1.74 1.0
1.74 1.36 1.64 1.0
1.56 1.26 1.74 1.0
1.6 1.32 1.68 1.0
1.76 1.42 1.58 1.0
1.8 1.4 1.6 1.0
1.66 1.28 1.72 1.0
1.64 1.32 1.68 1.0
1.7 1.42 1.58 1.0
1.6 1.3 1.7 1.0
1.68 1.24 1.76 1.0
1.62 1.36 1.64 1.0
1.72 1.3 1.7 1.0
1.58 1.3 1.7 1.0
1.6 1.34 1.66 1.0
1.58 1.26 1.74 1.0
1.64 1.4 1.6 1.0
1.78 1.44 1.56 1.0
1.78 1.46 1.54 1.0
1.6 1.36 1.64 1.0
1.68 1.44 1.56 1.0
1.64 1.32 1.68 1.0
1.8 1.4 1.6 1.0
1.7 1.36 1.64 1.0
1.76 1.32 1.68 1.0
1.64 1.36 1.64 1.0
1.72 1.26 1.74 1.0
1.74 1.28 1.72 1.0
1.6 1.28 1.72 1.0
1.62 1.32 1.68 1.0
1.7 1.36 1.64 1.0
1.58 1.26 1.74 1.0
1.68 1.28 1.72 1.0
1.64 1.32 1.68 1.0
1.54 1.28 1.72 1.0
1.72 1.42 1.58 1.0
1.66 1.22 1.78 1.0
1.62 1.3 1.7 1.0
1.64 1.3 1.7 1.0
1.7 1.32 1.68 1.0
1.64 1.44 1.56 1.0
1.6 1.34 1.66 1.0
1.66 1.3 1.7 1.0
1.66 1.2 1.8 1.0
1.62 1.26 1.74 1.0
1.64 1.26 1.74 1.0
1.68 1.28 1.72 1.0
1.62 1.32 1.68 1.0
1.8 1.5 1.5 1.0
1.64 1.32 1.68 1.0
1.72 1.32 1.68 1.0
1.6 1.28 1.72 1.0
1.46 1.26 1.74 1.0
1.8 1.48 1.52 1.0
1.74 1.42 1.58 1.0
1.8 1.4 1.6 1.0
1.56 1.22 1.78 1.0
1.68 1.36 1.64 1.0
1.78 1.4 1.6 1.0
1.68 1.24 1.76 1.0
1.72 1.28 1.72 1.0
1.7 1.32 1.68 1.0
1.58 1.3 1.7 1.0
1.74 1.32 1.68 1.0
1.66 1.4 1.6 1.0
1.72 1.28 1.72 1.0
1.64 1.3 1.7 1.0
1.72 1.42 1.58 1.0
1.62 1.34 1.66 1.0
1.7 1.32 1.68 1.0
1.7 1.32 1.68 1.0
1.56 1.32 1.68 1.0
1.72 1.42 1.58 1.0
1.64 1.26 1.74 1.0
1.74 1.44 1.56 1.0
1.68 1.3 1.7 1.0
1.76 1.34 1.66 1.0
1.58 1.26 1.74 1.0
1.7 1.34 1.66 1.0
1.62 1.34 1.66 1.0
1.8 1.48 1.52 1.0
1.54 1.32 1.68 1.0
1.66 1.4 1.6 1.0
1.7 1.32 1.68 1.0
1.66 1.46 1.54 1.0
1.58 1.3 1.7 1.0
1.7 1.34 1.66 1.0
1.64 1.3 1.7 1.0
1.7 1.42 1.58 1.0
1.78 1.4 1.6 1.0
1.68 1.4 1.6 1.0
1.64 1.26 1.74 1.0
1.6 1.26 1.74 1.0
1.78 1.42 1.58 1.0
1.62 1.38 1.62 1.0
1.54 1.28 1.72 1.0
1.68 1.32 1.68 1.0
1.62 1.36 1.64 1.0
1.66 1.28 1.72 1.0
1.58 1.3 1.7 1.0
1.72 1.44 1.56 1.0
1.72 1.38 1.62 1.0
1.76 1.32 1.68 1.0
1.68 1.3 1.7 1.0
1.68 1.3 1.7 1.0
1.64 1.22 1.78 1.0
1.64 1.3 1.7 1.0
1.7 1.28 1.72 1.0
1.62 1.34 1.66 1.0
1.66 1.34 1.66 1.0
1.54 1.22 1.78 1.0
1.72 1.36 1.64 1.0
1.74 1.3 1.7 1.0
1.64 1.24 1.76 1.0
1.78 1.48 1.52 1.0
1.66 1.3 1.7 1.0
1.7 1.38 1.62 1.0
1.78 1.38 1.62 1.0
1.7 1.4 1.6 1.0
1.66 1.26 1.74 1.0
1.7 1.34 1.66 1.0
1.8 1.54 1.46 1.0
1.74 1.36 1.64 1.0
1.62 1.38 1.62 1.0
1.58 1.22 1.78 1.0
1.68 1.38 1.62 1.0
1.58 1.26 1.74 1.0
1.6 1.18 1.82 1.0
1.76 1.5 1.5 1.0
1.64 1.32 1.68 1.0
1.6 1.3 1.7 1.0
1.64 1.18 1.82 1.0
1.72 1.34 1.66 1.0
1.72 1.38 1.62 1.0
1.7 1.32 1.68 1.0
1.64 1.3 1.7 1.0
1.58 1.28 1.72 1.0
1.68 1.36 1.64 1.0
1.74 1.42 1.58 1.0
1.7 1.3 1.7 1.0
1.74 1.3 1.7 1.0
1.68 1.44 1.56 1.0
1.76 1.38 1.62 1.0
1.8 1.36 1.64 1.0
1.62 1.18 1.82 1.0
1.66 1.42 1.58 1.0
1.68 1.32 1.68 1.0
1.64 1.3 1.7 1.0
1.7 1.34 1.66 1.0
1.66 1.36 1.64 1.0
1.68 1.38 1.62 1.0
1.56 1.24 1.76 1.0
1.74 1.38 1.62 1.0
1.74 1.4 1.6 1.0
1.68 1.36 1.64 1.0
1.7 1.38 1.62 1.0
1.62 1.28 1.72 1.0
1.66 1.36 1.64 1.0
1.78 1.34 1.66 1.0
1.56 1.34 1.66 1.0
1.7 1.4 1.6 1.0
1.72 1.34 1.66 1.0
1.7 1.34 1.66 1.0
1.68 1.38 1.62 1.0
1.66 1.22 1.78 1.0
1.7 1.3 1.7 1.0
1.5 1.28 1.72 1.0
1.74 1.36 1.64 1.0
1.8 1.4 1.6 1.0
1.74 1.32 1.68 1.0
1.62 1.38 1.62 1.0
1.7 1.26 1.74 1.0
1.64 1.22 1.78 1.0
1.76 1.28 1.72 1.0
1.76 1.36 1.64 1.0
1.74 1.36 1.64 1.0
1.66 1.4 1.6 1.0
1.62 1.32 1.68 1.0
1.74 1.28 1.72 1.0
1.66 1.36 1.64 1.0
1.7 1.34 1.66 1.0
1.6 1.34 1.66 1.0
1.6 1.32 1.68 1.0
1.66 1.36 1.64 1.0
1.68 1.4 1.6 1.0
1.76 1.36 1.64 1.0
1.62 1.26 1.74 1.0
1.66 1.28 1.72 1.0
1.68 1.36 1.64 1.0
1.5 1.32 1.68 1.0
1.64 1.28 1.72 1.0
1.62 1.38 1.62 1.0
1.6 1.28 1.72 1.0
1.68 1.22 1.78 1.0
1.7 1.4 1.6 1.0
1.64 1.28 1.72 1.0
1.72 1.32 1.68 1.0
1.74 1.46 1.54 1.0
1.66 1.34 1.66 1.0
1.66 1.34 1.66 1.0
1.64 1.32 1.68 1.0
1.66 1.3 1.7 1.0
1.76 1.42 1.58 1.0
1.64 1.28 1.72 1.0
1.68 1.3 1.7 1.0
1.72 1.26 1.74 1.0
1.56 1.38 1.62 1.0
1.68 1.32 1.68 1.0
1.62 1.36 1.64 1.0
1.74 1.3 1.7 1.0
1.6 1.36 1.64 1.0
1.66 1.36 1.64 1.0
1.7 1.38 1.62 1.0
1.64 1.24 1.76 1.0
1.62 1.18 1.82 1.0
1.68 1.32 1.68 1.0
1.7 1.22 1.78 1.0
1.82 1.48 1.52 1.0
1.56 1.32 1.68 1.0
1.66 1.24 1.76 1.0
1.64 1.34 1.66 1.0
1.72 1.4 1.6 1.0
1.66 1.32 1.68 1.0
1.66 1.34 1.66 1.0
1.66 1.26 1.74 1.0
1.7 1.42 1.58 1.0
1.66 1.32 1.68 1.0
1.56 1.26 1.74 1.0
1.66 1.32 1.68 1.0
1.68 1.26 1.74 1.0
1.64 1.28 1.72 1.0
1.68 1.38 1.62 1.0
1.6 1.18 1.82 1.0
1.64 1.34 1.66 1.0
1.7 1.36 1.64 1.0
1.66 1.26 1.74 1.0
1.6 1.22 1.78 1.0
1.62 1.26 1.74 1.0
1.68 1.28 1.72 1.0
1.66 1.28 1.72 1.0
1.74 1.46 1.54 1.0
1.64 1.28 1.72 1.0
1.64 1.26 1.74 1.0
1.66 1.28 1.72 1.0
1.54 1.2 1.8 1.0
1.74 1.4 1.6 1.0
1.62 1.26 1.74 1.0
1.8 1.36 1.64 1.0
1.58 1.22 1.78 1.0
1.54 1.3 1.7 1.0
1.6 1.36 1.64 1.0
1.52 1.3 1.7 1.0
1.72 1.34 1.66 1.0
1.68 1.36 1.64 1.0
1.74 1.34 1.66 1.0
1.68 1.3 1.7 1.0
1.6 1.32 1.68 1.0
1.74 1.36 1.64 1.0
1.68 1.42 1.58 1.0
1.78 1.44 1.56 1.0
1.68 1.3 1.7 1.0
1.56 1.3 1.7 1.0
1.62 1.4 1.6 1.0
1.68 1.32 1.68 1.0
1.56 1.28 1.72 1.0
1.56 1.22 1.78 1.0
1.74 1.44 1.56 1.0
1.74 1.34 1.66 1.0
1.72 1.4 1.6 1.0
1.58 1.16 1.84 1.0
1.7 1.4 1.6 1.0
1.62 1.26 1.74 1.0
1.62 1.28 1.72 1.0
1.58 1.3 1.7 1.0
1.74 1.4 1.6 1.0
1.56 1.3 1.7 1.0
1.66 1.32 1.68 1.0
1.66 1.28 1.72 1.0
1.58 1.26 1.74 1.0
1.68 1.36 1.64 1.0
1.58 1.3 1.7 1.0
1.74 1.34 1.66 1.0
1.6 1.26 1.74 1.0
1.66 1.3 1.7 1.0
1.68 1.3 1.7 1.0
1.68 1.26 1.74 1.0
1.74 1.34 1.66 1.0
1.66 1.28 1.72 1.0
1.58 1.28 1.72 1.0
1.72 1.42 1.58 1.0
1.7 1.3 1.7 1.0
1.7 1.34 1.66 1.0
1.7 1.36 1.64 1.0
1.72 1.36 1.64 1.0
1.6 1.24 1.76 1.0
1.7 1.4 1.6 1.0
1.58 1.34 1.66 1.0
1.7 1.32 1.68 1.0
1.72 1.4 1.6 1.0
1.66 1.36 1.64 1.0
1.6 1.22 1.78 1.0
1.72 1.3 1.7 1.0
1.62 1.32 1.68 1.0
1.62 1.26 1.74 1.0
1.58 1.3 1.7 1.0
1.66 1.32 1.68 1.0
1.66 1.34 1.66 1.0
1.74 1.4 1.6 1.0
1.66 1.44 1.56 1.0
1.64 1.28 1.72 1.0
1.66 1.26 1.74 1.0
1.7 1.36 1.64 1.0
1.62 1.4 1.6 1.0
1.64 1.32 1.68 1.0
1.66 1.32 1.68 1.0
1.5 1.24 1.76 1.0
1.62 1.36 1.64 1.0
1.54 1.24 1.76 1.0
1.7 1.32 1.68 1.0
1.68 1.32 1.68 1.0
1.68 1.36 1.64 1.0
1.72 1.36 1.64 1.0
1.68 1.4 1.6 1.0
1.74 1.38 1.62 1.0
1.72 1.38 1.62 1.0
1.6 1.3 1.7 1.0
1.7 1.3 1.7 1.0
1.64 1.24 1.76 1.0
1.64 1.34 1.66 1.0
1.72 1.44 1.56 1.0
1.74 1.3 1.7 1.0
1.76 1.32 1.68 1.0
1.58 1.24 1.76 1.0
1.68 1.38 1.62 1.0
1.72 1.38 1.62 1.0
1.7 1.32 1.68 1.0
1.74 1.4 1.6 1.0
1.64 1.26 1.74 1.0
1.64 1.44 1.56 1.0
1.78 1.5 1.5 1.0
1.64 1.26 1.74 1.0
1.56 1.26 1.74 1.0
1.64 1.26 1.74 1.0
1.66 1.34 1.66 1.0
1.72 1.42 1.58 1.0
1.54 1.28 1.72 1.0
1.56 1.24 1.76 1.0
1.78 1.42 1.58 1.0
1.66 1.22 1.78 1.0
1.62 1.3 1.7 1.0
1.5 1.3 1.7 1.0
1.6 1.3 1.7 1.0
1.78 1.48 1.52 1.0
1.72 1.36 1.64 1.0
1.56 1.32 1.68 1.0
1.64 1.28 1.72 1.0
1.78 1.34 1.66 1.0
1.74 1.4 1.6 1.0
1.6 1.48 1.52 1.0
1.72 1.2 1.8 1.0
1.6 1.28 1.72 1.0
1.7 1.34 1.66 1.0
1.58 1.24 1.76 1.0
1.72 1.4 1.6 1.0
1.62 1.26 1.74 1.0
1.74 1.38 1.62 1.0
1.82 1.4 1.6 1.0
1.7 1.38 1.62 1.0
1.58 1.22 1.78 1.0
1.7 1.42 1.58 1.0
1.82 1.4 1.6 1.0
1.74 1.46 1.54 1.0
1.7 1.22 1.78 1.0
1.7 1.28 1.72 1.0
1.7 1.44 1.56 1.0
1.56 1.26 1.74 1.0
1.56 1.28 1.72 1.0
1.74 1.38 1.62 1.0
1.68 1.26 1.74 1.0
1.64 1.36 1.64 1.0
1.74 1.42 1.58 1.0
1.58 1.3 1.7 1.0
1.72 1.36 1.64 1.0
1.72 1.4 1.6 1.0
1.68 1.36 1.64 1.0
1.62 1.36 1.64 1.0
1.56 1.34 1.66 1.0
1.6 1.3 1.7 1.0
1.7 1.42 1.58 1.0
1.72 1.36 1.64 1.0
1.78 1.46 1.54 1.0
1.56 1.28 1.72 1.0
1.6 1.26 1.74 1.0
1.62 1.36 1.64 1.0
1.58 1.28 1.72 1.0
1.6 1.3 1.7 1.0
1.58 1.32 1.68 1.0
1.62 1.3 1.7 1.0
1.68 1.32 1.68 1.0
1.64 1.38 1.62 1.0
1.68 1.32 1.68 1.0
1.64 1.3 1.7 1.0
1.64 1.34 1.66 1.0
1.58 1.34 1.66 1.0
1.66 1.34 1.66 1.0
1.66 1.26 1.74 1.0
1.66 1.34 1.66 1.0
1.58 1.26 1.74 1.0
1.62 1.36 1.64 1.0
1.72 1.4 1.6 1.0
1.62 1.36 1.64 1.0
1.66 1.32 1.68 1.0
1.58 1.36 1.64 1.0
1.7 1.28 1.72 1.0
1.74 1.52 1.48 1.0
1.72 1.3 1.7 1.0
1.52 1.2 1.8 1.0
1.72 1.24 1.76 1.0
1.68 1.36 1.64 1.0
1.7 1.24 1.76 1.0
1.72 1.46 1.54 1.0
1.68 1.3 1.7 1.0
1.54 1.38 1.62 1.0
1.74 1.42 1.58 1.0
1.62 1.4 1.6 1.0
1.68 1.38 1.62 1.0
1.62 1.3 1.7 1.0
1.6 1.36 1.64 1.0
1.66 1.42 1.58 1.0
1.54 1.2 1.8 1.0
1.66 1.3 1.7 1.0
1.56 1.26 1.74 1.0
1.66 1.36 1.64 1.0
1.7 1.34 1.66 1.0
1.68 1.36 1.64 1.0
1.66 1.34 1.66 1.0
1.6 1.28 1.72 1.0
1.64 1.32 1.68 1.0
1.74 1.36 1.64 1.0
1.7 1.3 1.7 1.0
1.68 1.32 1.68 1.0
1.7 1.42 1.58 1.0
1.68 1.28 1.72 1.0
1.6 1.3 1.7 1.0
1.68 1.38 1.62 1.0
1.52 1.28 1.72 1.0
1.64 1.22 1.78 1.0
1.62 1.22 1.78 1.0
1.82 1.44 1.56 1.0
1.74 1.28 1.72 1.0
1.72 1.32 1.68 1.0
1.68 1.38 1.62 1.0
1.8 1.32 1.68 1.0
1.7 1.24 1.76 1.0
1.84 1.5 1.5 1.0
1.66 1.28 1.72 1.0
1.68 1.36 1.64 1.0
1.78 1.4 1.6 1.0
1.72 1.28 1.72 1.0
1.7 1.36 1.64 1.0
1.52 1.3 1.7 1.0
1.76 1.38 1.62 1.0
1.7 1.36 1.64 1.0
1.56 1.28 1.72 1.0
1.62 1.3 1.7 1.0
1.6 1.32 1.68 1.0
1.72 1.32 1.68 1.0
1.76 1.3 1.7 1.0
1.58 1.28 1.72 1.0
1.68 1.18 1.82 1.0
1.74 1.36 1.64 1.0
1.66 1.42 1.58 1.0
1.74 1.32 1.68 1.0
1.54 1.3 1.7 1.0
1.66 1.44 1.56 1.0
1.84 1.44 1.56 1.0
1.56 1.24 1.76 1.0
1.66 1.3 1.7 1.0
1.54 1.28 1.72 1.0
1.74 1.28 1.72 1.0
1.7 1.36 1.64 1.0
1.76 1.4 1.6 1.0
1.64 1.32 1.68 1.0
1.5 1.3 1.7 1.0
1.64 1.26 1.74 1.0
1.58 1.26 1.74 1.0
1.66 1.36 1.64 1.0
1.46 1.3 1.7 1.0
1.64 1.34 1.66 1.0
1.54 1.22 1.78 1.0
1.72 1.42 1.58 1.0
1.68 1.34 1.66 1.0
1.8 1.42 1.58 1.0
1.56 1.42 1.58 1.0
1.64 1.22 1.78 1.0
1.72 1.32 1.68 1.0
1.72 1.34 1.66 1.0
1.72 1.32 1.68 1.0
1.62 1.24 1.76 1.0
1.56 1.26 1.74 1.0
1.58 1.36 1.64 1.0
1.68 1.34 1.66 1.0
1.7 1.3 1.7 1.0
1.6 1.38 1.62 1.0
1.64 1.34 1.66 1.0
1.62 1.32 1.68 1.0
1.56 1.3 1.7 1.0
1.74 1.34 1.66 1.0
1.76 1.34 1.66 1.0
1.62 1.24 1.76 1.0
1.62 1.34 1.66 1.0
1.58 1.3 1.7 1.0
1.5 1.18 1.82 1.0
1.68 1.24 1.76 1.0
1.76 1.42 1.58 1.0
1.74 1.46 1.54 1.0
1.64 1.36 1.64 1.0
1.72 1.34 1.66 1.0
1.6 1.26 1.74 1.0
1.64 1.32 1.68 1.0
1.64 1.4 1.6 1.0
1.68 1.34 1.66 1.0
1.7 1.28 1.72 1.0
1.74 1.36 1.64 1.0
1.7 1.3 1.7 1.0
1.66 1.3 1.7 1.0
1.74 1.36 1.64 1.0
1.7 1.36 1.64 1.0
1.58 1.32 1.68 1.0
1.66 1.34 1.66 1.0
1.64 1.26 1.74 1.0
1.58 1.28 1.72 1.0
1.66 1.3 1.7 1.0
1.68 1.36 1.64 1.0
1.66 1.36 1.64 1.0
1.72 1.44 1.56 1.0
1.66 1.38 1.62 1.0
1.66 1.28 1.72 1.0
1.74 1.38 1.62 1.0
1.76 1.38 1.62 1.0
1.84 1.42 1.58 1.0
1.64 1.36 1.64 1.0
1.76 1.36 1.64 1.0
1.64 1.28 1.72 1.0
1.64 1.44 1.56 1.0
1.54 1.28 1.72 1.0
1.66 1.32 1.68 1.0
1.8 1.42 1.58 1.0
1.62 1.3 1.7 1.0
1.58 1.26 1.74 1.0
1.64 1.3 1.7 1.0
1.56 1.22 1.78 1.0
1.6 1.3 1.7 1.0
1.6 1.24 1.76 1.0
1.72 1.34 1.66 1.0
1.72 1.28 1.72 1.0
1.64 1.22 1.78 1.0
1.68 1.3 1.7 1.0
1.64 1.22 1.78 1.0
1.6 1.28 1.72 1.0
1.74 1.4 1.6 1.0
1.66 1.4 1.6 1.0
1.64 1.3 1.7 1.0
1.72 1.42 1.58 1.0
1.62 1.38 1.62 1.0
1.66 1.38 1.62 1.0
1.62 1.36 1.64 1.0
1.5 1.24 1.76 1.0
1.64 1.3 1.7 1.0
1.62 1.36 1.64 1.0
1.76 1.36 1.64 1.0
1.76 1.46 1.54 1.0
1.66 1.26 1.74 1.0
1.7 1.32 1.68 1.0
1.66 1.24 1.76 1.0
1.72 1.32 1.68 1.0
1.46 1.2 1.8 1.0
1.7 1.4 1.6 1.0
1.64 1.36 1.64 1.0
1.68 1.38 1.62 1.0
1.62 1.32 1.68 1.0
1.74 1.42 1.58 1.0
1.84 1.5 1.5 1.0
1.76 1.42 1.58 1.0
1.66 1.34 1.66 1.0
1.62 1.4 1.6 1.0
1.58 1.24 1.76 1.0
1.68 1.38 1.62 1.0
1.62 1.3 1.7 1.0
1.76 1.46 1.54 1.0
1.78 1.38 1.62 1.0
1.68 1.32 1.68 1.0
1.62 1.22 1.78 1.0
1.8 1.5 1.5 1.0
1.66 1.4 1.6 1.0
1.62 1.24 1.76 1.0
1.68 1.32 1.68 1.0
1.6 1.26 1.74 1.0
1.64 1.36 1.64 1.0
1.74 1.4 1.6 1.0
1.7 1.46 1.54 1.0
1.62 1.32 1.68 1.0
1.6 1.28 1.72 1.0
1.7 1.3 1.7 1.0
1.62 1.28 1.72 1.0
1.76 1.42 1.58 1.0
1.68 1.36 1.64 1.0
1.7 1.4 1.6 1.0
1.72 1.44 1.56 1.0
1.68 1.32 1.68 1.0
1.68 1.42 1.58 1.0
1.74 1.32 1.68 1.0
1.66 1.36 1.64 1.0
1.64 1.34 1.66 1.0
1.7 1.34 1.66 1.0
1.72 1.4 1.6 1.0
1.58 1.22 1.78 1.0
1.62 1.38 1.62 1.0
1.58 1.18 1.82 1.0
1.64 1.24 1.76 1.0
1.68 1.36 1.64 1.0
1.7 1.38 1.62 1.0
1.7 1.34 1.66 1.0
1.76 1.52 1.48 1.0
1.64 1.36 1.64 1.0
1.76 1.3 1.7 1.0
1.64 1.32 1.68 1.0
1.62 1.38 1.62 1.0
1.66 1.36 1.64 1.0
1.6 1.34 1.66 1.0
1.78 1.32 1.68 1.0
1.68 1.28 1.72 1.0
1.76 1.32 1.68 1.0
1.6 1.36 1.64 1.0
1.7 1.42 1.58 1.0
1.58 1.26 1.74 1.0
1.74 1.4 1.6 1.0
1.68 1.34 1.66 1.0
1.56 1.28 1.72 1.0
1.74 1.3 1.7 1.0
1.68 1.36 1.64 1.0
1.68 1.36 1.64 1.0
1.7 1.28 1.72 1.0
1.86 1.44 1.56 1.0
1.64 1.3 1.7 1.0
1.78 1.44 1.56 1.0
1.64 1.36 1.64 1.0
1.66 1.36 1.64 1.0
1.7 1.44 1.56 1.0
1.62 1.36 1.64 1.0
1.58 1.36 1.64 1.0
1.74 1.36 1.64 1.0
1.66 1.24 1.76 1.0
1.7 1.26 1.74 1.0
1.56 1.34 1.66 1.0
1.68 1.36 1.64 1.0
1.74 1.4 1.6 1.0
1.76 1.46 1.54 1.0
1.7 1.44 1.56 1.0
1.72 1.54 1.46 1.0
1.72 1.3 1.7 1.0
1.72 1.24 1.76 1.0
1.74 1.36 1.64 1.0
1.72 1.3 1.7 1.0
1.62 1.36 1.64 1.0
1.68 1.34 1.66 1.0
1.64 1.36 1.64 1.0
1.7 1.34 1.66 1.0
1.66 1.28 1.72 1.0
1.66 1.34 1.66 1.0
1.62 1.38 1.62 1.0
1.68 1.42 1.58 1.0
1.62 1.3 1.7 1.0
1.76 1.32 1.68 1.0
1.6 1.36 1.64 1.0
1.66 1.34 1.66 1.0
1.68 1.36 1.64 1.0
1.54 1.3 1.7 1.0
1.54 1.36 1.64 1.0
1.84 1.4 1.6 1.0
1.72 1.36 1.64 1.0
1.52 1.22 1.78 1.0
1.7 1.32 1.68 1.0
1.62 1.32 1.68 1.0
1.68 1.4 1.6 1.0
1.64 1.34 1.66 1.0
1.68 1.42 1.58 1.0
1.72 1.36 1.64 1.0
1.66 1.36 1.64 1.0
1.62 1.24 1.76 1.0
1.66 1.34 1.66 1.0
1.78 1.48 1.52 1.0
1.68 1.34 1.66 1.0
1.68 1.28 1.72 1.0
1.7 1.52 1.48 1.0
1.72 1.46 1.54 1.0
1.56 1.3 1.7 1.0
1.62 1.22 1.78 1.0
1.66 1.34 1.66 1.0
1.54 1.26 1.74 1.0
1.64 1.34 1.66 1.0
1.6 1.3 1.7 1.0
1.58 1.36 1.64 1.0
1.58 1.2 1.8 1.0
1.68 1.4 1.6 1.0
1.66 1.3 1.7 1.0
1.7 1.4 1.6 1.0
1.62 1.3 1.7 1.0
1.66 1.38 1.62 1.0
1.72 1.42 1.58 1.0
1.68 1.4 1.6 1.0
1.66 1.3 1.7 1.0
1.62 1.34 1.66 1.0
1.58 1.32 1.68 1.0
1.7 1.28 1.72 1.0
1.66 1.34 1.66 1.0
1.66 1.32 1.68 1.0
1.64 1.3 1.7 1.0
1.68 1.28 1.72 1.0
1.72 1.36 1.64 1.0
1.62 1.26 1.74 1.0
1.68 1.32 1.68 1.0
1.8 1.36 1.64 1.0
1.64 1.3 1.7 1.0
1.56 1.34 1.66 1.0
1.76 1.36 1.64 1.0
1.66 1.32 1.68 1.0
1.78 1.48 1.52 1.0
1.6 1.32 1.68 1.0
1.76 1.42 1.58 1.0
1.56 1.26 1.74 1.0
1.64 1.44 1.56 1.0
1.68 1.36 1.64 1.0
1.68 1.3 1.7 1.0
1.6 1.36 1.64 1.0
1.72 1.34 1.66 1.0
1.74 1.38 1.62 1.0
1.66 1.38 1.62 1.0
1.7 1.36 1.64 1.0
1.64 1.32 1.68 1.0
1.66 1.3 1.7 1.0
1.64 1.36 1.64 1.0
1.66 1.38 1.62 1.0
1.74 1.3 1.7 1.0
1.68 1.4 1.6 1.0
1.64 1.24 1.76 1.0
1.66 1.3 1.7 1.0
1.78 1.4 1.6 1.0
1.62 1.26 1.74 1.0
1.7 1.28 1.72 1.0
1.8 1.3 1.7 1.0
1.7 1.42 1.58 1.0
1.8 1.4 1.6 1.0
1.62 1.34 1.66 1.0
1.64 1.34 1.66 1.0
1.66 1.28 1.72 1.0
1.6 1.32 1.68 1.0
1.74 1.34 1.66 1.0
1.64 1.2 1.8 1.0
1.7 1.4 1.6 1.0
1.72 1.34 1.66 1.0
1.66 1.26 1.74 1.0
1.82 1.34 1.66 1.0
1.56 1.32 1.68 1.0
1.66 1.28 1.72 1.0
1.74 1.4 1.6 1.0
1.62 1.44 1.56 1.0
1.62 1.34 1.66 1.0
1.62 1.24 1.76 1.0
1.66 1.46 1.54 1.0
1.62 1.32 1.68 1.0
1.66 1.26 1.74 1.0
1.66 1.44 1.56 1.0
1.74 1.44 1.56 1.0
1.68 1.32 1.68 1.0
1.64 1.28 1.72 1.0
1.66 1.2 1.8 1.0
1.78 1.4 1.6 1.0
1.62 1.32 1.68 1.0
1.7 1.4 1.6 1.0
1.7 1.3 1.7 1.0
1.62 1.22 1.78 1.0
1.68 1.4 1.6 1.0
1.56 1.32 1.68 1.0
1.66 1.32 1.68 1.0
1.76 1.36 1.64 1.0
1.64 1.28 1.72 1.0
1.82 1.32 1.68 1.0
1.72 1.44 1.56 1.0
1.72 1.32 1.68 1.0
1.52 1.32 1.68 1.0
1.66 1.32 1.68 1.0
1.66 1.32 1.68 1.0
1.64 1.38 1.62 1.0
1.68 1.3 1.7 1.0
1.58 1.34 1.66 1.0
1.62 1.4 1.6 1.0
1.66 1.34 1.66 1.0
1.82 1.34 1.66 1.0
1.66 1.42 1.58 1.0
1.7 1.3 1.7 1.0
1.64 1.32 1.68 1.0
1.66 1.26 1.74 1.0
1.68 1.44 1.56 1.0
1.56 1.26 1.74 1.0
1.58 1.32 1.68 1.0
1.72 1.28 1.72 1.0
1.62 1.22 1.78 1.0
1.7 1.4 1.6 1.0
1.7 1.28 1.72 1.0
1.7 1.28 1.72 1.0
1.68 1.26 1.74 1.0
1.68 1.3 1.7 1.0
1.74 1.34 1.66 1.0
1.68 1.3 1.7 1.0
1.64 1.36 1.64 1.0
1.58 1.18 1.82 1.0
1.58 1.24 1.76 1.0
1.7 1.36 1.64 1.0
1.7 1.28 1.72 1.0
1.7 1.36 1.64 1.0
1.58 1.26 1.74 1.0
1.68 1.3 1.7 1.0
1.64 1.22 1.78 1.0
1.62 1.28 1.72 1.0
1.68 1.3 1.7 1.0
1.7 1.3 1.7 1.0
1.72 1.42 1.58 1.0
1.74 1.38 1.62 1.0
1.72 1.38 1.62 1.0
1.66 1.38 1.62 1.0
1.68 1.36 1.64 1.0
1.62 1.3 1.7 1.0
1.76 1.38 1.62 1.0
1.62 1.42 1.58 1.0
1.62 1.3 1.7 1.0
1.54 1.22 1.78 1.0
1.76 1.34 1.66 1.0
1.6 1.26 1.74 1.0
1.62 1.2 1.8 1.0
1.52 1.24 1.76 1.0
1.66 1.38 1.62 1.0
1.72 1.44 1.56 1.0
1.64 1.34 1.66 1.0
1.6 1.26 1.74 1.0
1.62 1.26 1.74 1.0
1.74 1.4 1.6 1.0
1.68 1.3 1.7 1.0
1.7 1.38 1.62 1.0
1.66 1.32 1.68 1.0
1.62 1.28 1.72 1.0
1.7 1.3 1.7 1.0
1.74 1.38 1.62 1.0
1.68 1.3 1.7 1.0
1.76 1.38 1.62 1.0
1.76 1.34 1.66 1.0
1.62 1.3 1.7 1.0
1.74 1.38 1.62 1.0
1.62 1.28 1.72 1.0
1.5 1.3 1.7 1.0
1.66 1.34 1.66 1.0
1.66 1.38 1.62 1.0
1.68 1.3 1.7 1.0
1.66 1.36 1.64 1.0
1.72 1.26 1.74 1.0
1.7 1.32 1.68 1.0
1.74 1.36 1.64 1.0
1.68 1.34 1.66 1.0
1.58 1.3 1.7 1.0
1.7 1.34 1.66 1.0
1.64 1.28 1.72 1.0
1.66 1.24 1.76 1.0
1.68 1.34 1.66 1.0
1.68 1.34 1.66 1.0
1.82 1.46 1.54 1.0
1.8 1.48 1.52 1.0
1.66 1.34 1.66 1.0
1.72 1.32 1.68 1.0
1.78 1.48 1.52 1.0
1.62 1.32 1.68 1.0
1.64 1.4 1.6 1.0
1.7 1.38 1.62 1.0
1.68 1.28 1.72 1.0
1.62 1.24 1.76 1.0
1.64 1.3 1.7 1.0
1.74 1.32 1.68 1.0
1.68 1.3 1.7 1.0
1.74 1.46 1.54 1.0
1.7 1.42 1.58 1.0
1.66 1.4 1.6 1.0
1.66 1.34 1.66 1.0
1.66 1.3 1.7 1.0
1.66 1.36 1.64 1.0
1.8 1.36 1.64 1.0
1.76 1.34 1.66 1.0
1.6 1.38 1.62 1.0
1.68 1.26 1.74 1.0
1.56 1.34 1.66 1.0
1.7 1.3 1.7 1.0
1.68 1.3 1.7 1.0
1.74 1.4 1.6 1.0
1.64 1.38 1.62 1.0
1.7 1.4 1.6 1.0
1.78 1.42 1.58 1.0
1.7 1.26 1.74 1.0
1.52 1.2 1.8 1.0
1.82 1.36 1.64 1.0
1.72 1.3 1.7 1.0
1.68 1.34 1.66 1.0
1.66 1.34 1.66 1.0
1.6 1.32 1.68 1.0
1.72 1.3 1.7 1.0
1.64 1.26 1.74 1.0
1.72 1.32 1.68 1.0
1.66 1.38 1.62 1.0
1.66 1.32 1.68 1.0
1.72 1.36 1.64 1.0
1.7 1.28 1.72 1.0
1.7 1.34 1.66 1.0
1.7 1.38 1.62 1.0
1.76 1.42 1.58 1.0
1.78 1.46 1.54 1.0
1.68 1.26 1.74 1.0
1.64 1.26 1.74 1.0
1.56 1.18 1.82 1.0
1.62 1.3 1.7 1.0
1.62 1.34 1.66 1.0
1.72 1.38 1.62 1.0
1.7 1.36 1.64 1.0
1.5 1.24 1.76 1.0
1.74 1.4 1.6 1.0
1.64 1.34 1.66 1.0
1.72 1.28 1.72 1.0
1.78 1.54 1.46 1.0
1.64 1.32 1.68 1.0
1.72 1.44 1.56 1.0
1.76 1.3 1.7 1.0
1.68 1.18 1.82 1.0
1.62 1.3 1.7 1.0
1.66 1.32 1.68 1.0
1.64 1.3 1.7 1.0
1.66 1.42 1.58 1.0
1.58 1.4 1.6 1.0
1.76 1.38 1.62 1.0
1.76 1.42 1.58 1.0
1.74 1.36 1.64 1.0
1.72 1.38 1.62 1.0
1.68 1.42 1.58 1.0
1.64 1.32 1.68 1.0
1.7 1.3 1.7 1.0
1.76 1.42 1.58 1.0
1.64 1.3 1.7 1.0
1.74 1.5 1.5 1.0
1.68 1.34 1.66 1.0
1.7 1.48 1.52 1.0
1.68 1.26 1.74 1.0
1.6 1.34 1.66 1.0
1.58 1.26 1.74 1.0
1.78 1.46 1.54 1.0
1.62 1.3 1.7 1.0
1.6 1.28 1.72 1.0
1.74 1.26 1.74 1.0
1.62 1.44 1.56 1.0
1.76 1.32 1.68 1.0
1.62 1.34 1.66 1.0
1.62 1.4 1.6 1.0
1.8 1.5 1.5 1.0
1.62 1.3 1.7 1.0
1.7 1.32 1.68 1.0
1.72 1.44 1.56 1.0
1.6 1.26 1.74 1.0
1.66 1.36 1.64 1.0
1.62 1.32 1.68 1.0
1.66 1.24 1.76 1.0
1.7 1.34 1.66 1.0
1.6 1.28 1.72 1.0
1.7 1.3 1.7 1.0
1.74 1.36 1.64 1.0
1.72 1.26 1.74 1.0
1.6 1.32 1.68 1.0
1.82 1.5 1.5 1.0
1.72 1.36 1.64 1.0
1.66 1.4 1.6 1.0
1.76 1.36 1.64 1.0
1.68 1.44 1.56 1.0
1.76 1.4 1.6 1.0
1.76 1.32 1.68 1.0
1.74 1.42 1.58 1.0
1.6 1.24 1.76 1.0
1.74 1.4 1.6 1.0
1.66 1.38 1.62 1.0
1.6 1.36 1.64 1.0
1.74 1.36 1.64 1.0
1.7 1.34 1.66 1.0
1.68 1.32 1.68 1.0
1.58 1.24 1.76 1.0
1.62 1.36 1.64 1.0
1.66 1.24 1.76 1.0
1.76 1.42 1.58 1.0
1.78 1.54 1.46 1.0
1.64 1.4 1.6 1.0
1.66 1.38 1.62 1.0
1.62 1.22 1.78 1.0
1.66 1.32 1.68 1.0
1.6 1.32 1.68 1.0
1.68 1.36 1.64 1.0
1.6 1.28 1.72 1.0
1.72 1.36 1.64 1.0
1.72 1.34 1.66 1.0
1.68 1.36 1.64 1.0
1.76 1.4 1.6 1.0
1.64 1.36 1.64 1.0
1.68 1.4 1.6 1.0
1.64 1.22 1.78 1.0
1.7 1.4 1.6 1.0
1.6 1.24 1.76 1.0
1.74 1.3 1.7 1.0
1.7 1.36 1.64 1.0
1.68 1.38 1.62 1.0
1.74 1.4 1.6 1.0
1.64 1.36 1.64 1.0
1.64 1.3 1.7 1.0
1.66 1.26 1.74 1.0
1.64 1.4 1.6 1.0
1.7 1.34 1.66 1.0
1.7 1.44 1.56 1.0
1.68 1.42 1.58 1.0
1.64 1.26 1.74 1.0
1.62 1.24 1.76 1.0
1.62 1.34 1.66 1.0
1.66 1.3 1.7 1.0
1.78 1.38 1.62 1.0
1.54 1.36 1.64 1.0
1.58 1.36 1.64 1.0
1.62 1.38 1.62 1.0
1.62 1.38 1.62 1.0
1.7 1.32 1.68 1.0
1.68 1.32 1.68 1.0
1.56 1.34 1.66 1.0
1.72 1.26 1.74 1.0
1.7 1.32 1.68 1.0
1.68 1.3 1.7 1.0
1.7 1.32 1.68 1.0
1.64 1.46 1.54 1.0
1.7 1.36 1.64 1.0
1.64 1.36 1.64 1.0
1.62 1.24 1.76 1.0
1.7 1.36 1.64 1.0
1.6 1.34 1.66 1.0
1.6 1.34 1.66 1.0
1.62 1.28 1.72 1.0
1.62 1.32 1.68 1.0
1.66 1.34 1.66 1.0
1.76 1.38 1.62 1.0
1.68 1.36 1.64 1.0
1.66 1.34 1.66 1.0
1.64 1.3 1.7 1.0
1.66 1.26 1.74 1.0
1.58 1.2 1.8 1.0
1.78 1.44 1.56 1.0
1.5 1.24 1.76 1.0
1.72 1.3 1.7 1.0
1.52 1.28 1.72 1.0
1.64 1.28 1.72 1.0
1.74 1.34 1.66 1.0
1.72 1.34 1.66 1.0
1.76 1.24 1.76 1.0
1.68 1.34 1.66 1.0
1.7 1.4 1.6 1.0
1.68 1.34 1.66 1.0
1.54 1.24 1.76 1.0
1.68 1.36 1.64 1.0
1.6 1.26 1.74 1.0
1.58 1.2 1.8 1.0
1.64 1.26 1.74 1.0
1.6 1.32 1.68 1.0
1.7 1.38 1.62 1.0
1.64 1.44 1.56 1.0
1.62 1.28 1.72 1.0
1.58 1.38 1.62 1.0
1.72 1.3 1.7 1.0
1.66 1.44 1.56 1.0
1.7 1.22 1.78 1.0
1.62 1.28 1.72 1.0
1.54 1.26 1.74 1.0
1.58 1.36 1.64 1.0
1.7 1.38 1.62 1.0
1.74 1.48 1.52 1.0
1.76 1.32 1.68 1.0
1.72 1.32 1.68 1.0
1.72 1.34 1.66 1.0
1.66 1.28 1.72 1.0
1.6 1.2 1.8 1.0
1.52 1.2 1.8 1.0
1.72 1.3 1.7 1.0
1.52 1.3 1.7 1.0
1.64 1.28 1.72 1.0
1.74 1.42 1.58 1.0
1.6 1.28 1.72 1.0
1.7 1.3 1.7 1.0
1.64 1.28 1.72 1.0
1.72 1.54 1.46 1.0
1.72 1.38 1.62 1.0
1.66 1.36 1.64 1.0
1.74 1.38 1.62 1.0
1.72 1.28 1.72 1.0
1.86 1.38 1.62 1.0
1.72 1.26 1.74 1.0
1.64 1.26 1.74 1.0
1.66 1.3 1.7 1.0
1.7 1.38 1.62 1.0
1.8 1.44 1.56 1.0
1.68 1.36 1.64 1.0
1.74 1.38 1.62 1.0
1.72 1.42 1.58 1.0
1.62 1.28 1.72 1.0
1.84 1.36 1.64 1.0
1.68 1.34 1.66 1.0
1.78 1.4 1.6 1.0
1.62 1.38 1.62 1.0
1.66 1.36 1.64 1.0
1.74 1.38 1.62 1.0
1.72 1.28 1.72 1.0
1.64 1.22 1.78 1.0
1.74 1.34 1.66 1.0
1.62 1.28 1.72 1.0
1.54 1.26 1.74 1.0
1.7 1.22 1.78 1.0
1.74 1.5 1.5 1.0
1.76 1.36 1.64 1.0
1.54 1.26 1.74 1.0
1.72 1.42 1.58 1.0
1.66 1.36 1.64 1.0
1.7 1.38 1.62 1.0
1.68 1.4 1.6 1.0
1.58 1.3 1.7 1.0
1.66 1.5 1.5 1.0
1.56 1.34 1.66 1.0
1.74 1.32 1.68 1.0
1.68 1.38 1.62 1.0
1.76 1.36 1.64 1.0
1.66 1.3 1.7 1.0
1.78 1.4 1.6 1.0
1.68 1.42 1.58 1.0
1.56 1.28 1.72 1.0
1.5 1.28 1.72 1.0
1.78 1.38 1.62 1.0
1.64 1.26 1.74 1.0
1.78 1.52 1.48 1.0
1.48 1.24 1.76 1.0
1.66 1.32 1.68 1.0
1.64 1.32 1.68 1.0
1.66 1.28 1.72 1.0
1.64 1.36 1.64 1.0
1.72 1.4 1.6 1.0
1.62 1.28 1.72 1.0
1.66 1.28 1.72 1.0
1.68 1.32 1.68 1.0
1.7 1.32 1.68 1.0
1.72 1.36 1.64 1.0
1.7 1.4 1.6 1.0
1.72 1.32 1.68 1.0
1.64 1.34 1.66 1.0
1.72 1.46 1.54 1.0
1.7 1.28 1.72 1.0
1.72 1.38 1.62 1.0
1.68 1.34 1.66 1.0
1.66 1.38 1.62 1.0
1.64 1.36 1.64 1.0
1.66 1.28 1.72 1.0
1.68 1.36 1.64 1.0
1.6 1.28 1.72 1.0
1.74 1.44 1.56 1.0
1.74 1.38 1.62 1.0
1.7 1.34 1.66 1.0
1.64 1.32 1.68 1.0
1.64 1.28 1.72 1.0
1.76 1.4 1.6 1.0
1.7 1.4 1.6 1.0
1.68 1.28 1.72 1.0
1.64 1.32 1.68 1.0
1.68 1.34 1.66 1.0
1.64 1.4 1.6 1.0
1.62 1.38 1.62 1.0
1.58 1.26 1.74 1.0
1.64 1.28 1.72 1.0
1.74 1.32 1.68 1.0
1.66 1.36 1.64 1.0
1.64 1.36 1.64 1.0
1.64 1.3 1.7 1.0
1.74 1.3 1.7 1.0
1.82 1.34 1.66 1.0
1.64 1.32 1.68 1.0
1.54 1.32 1.68 1.0
1.7 1.24 1.76 1.0
1.44 1.26 1.74 1.0
1.78 1.36 1.64 1.0
1.82 1.48 1.52 1.0
1.6 1.16 1.84 1.0
1.66 1.36 1.64 1.0
1.66 1.32 1.68 1.0
1.64 1.3 1.7 1.0
1.66 1.26 1.74 1.0
1.66 1.32 1.68 1.0
1.56 1.28 1.72 1.0
1.64 1.36 1.64 1.0
1.56 1.3 1.7 1.0
1.74 1.32 1.68 1.0
1.6 1.28 1.72 1.0
1.6 1.32 1.68 1.0
1.64 1.4 1.6 1.0
1.64 1.22 1.78 1.0
1.66 1.4 1.6 1.0
1.54 1.26 1.74 1.0
1.74 1.42 1.58 1.0
1.74 1.36 1.64 1.0
1.62 1.32 1.68 1.0
1.62 1.34 1.66 1.0
1.76 1.44 1.56 1.0
1.7 1.44 1.56 1.0
1.62 1.28 1.72 1.0
1.8 1.46 1.54 1.0
1.72 1.38 1.62 1.0
1.8 1.48 1.52 1.0
1.56 1.3 1.7 1.0
1.78 1.32 1.68 1.0
1.58 1.28 1.72 1.0
1.58 1.36 1.64 1.0
1.7 1.3 1.7 1.0
1.64 1.26 1.74 1.0
1.68 1.2 1.8 1.0
1.74 1.46 1.54 1.0
1.56 1.36 1.64 1.0
1.66 1.28 1.72 1.0
1.56 1.3 1.7 1.0
1.64 1.38 1.62 1.0
1.72 1.36 1.64 1.0
1.76 1.4 1.6 1.0
1.72 1.36 1.64 1.0
1.68 1.34 1.66 1.0
1.7 1.42 1.58 1.0
1.7 1.32 1.68 1.0
1.66 1.34 1.66 1.0
1.66 1.24 1.76 1.0
1.72 1.44 1.56 1.0
1.64 1.28 1.72 1.0
1.58 1.3 1.7 1.0
1.76 1.42 1.58 1.0
1.68 1.32 1.68 1.0
1.74 1.42 1.58 1.0
1.78 1.44 1.56 1.0
1.64 1.24 1.76 1.0
1.6 1.34 1.66 1.0
1.78 1.48 1.52 1.0
1.64 1.36 1.64 1.0
1.66 1.3 1.7 1.0
1.72 1.3 1.7 1.0
1.66 1.24 1.76 1.0
1.6 1.28 1.72 1.0
1.66 1.3 1.7 1.0
1.7 1.2 1.8 1.0
1.72 1.44 1.56 1.0
1.58 1.34 1.66 1.0
1.64 1.3 1.7 1.0
1.8 1.32 1.68 1.0
1.7 1.3 1.7 1.0
1.66 1.34 1.66 1.0
1.58 1.24 1.76 1.0
1.7 1.28 1.72 1.0
1.52 1.22 1.78 1.0
1.54 1.4 1.6 1.0
1.66 1.32 1.68 1.0
1.64 1.38 1.62 1.0
1.64 1.26 1.74 1.0
1.74 1.28 1.72 1.0
1.6 1.3 1.7 1.0
1.68 1.38 1.62 1.0
1.66 1.3 1.7 1.0
1.7 1.36 1.64 1.0
1.74 1.48 1.52 1.0
1.6 1.32 1.68 1.0
1.76 1.44 1.56 1.0
1.74 1.4 1.6 1.0
1.78 1.28 1.72 1.0
1.72 1.38 1.62 1.0
1.7 1.32 1.68 1.0
1.6 1.36 1.64 1.0
1.62 1.34 1.66 1.0
1.74 1.32 1.68 1.0
1.62 1.3 1.7 1.0
1.66 1.36 1.64 1.0
1.58 1.32 1.68 1.0
1.7 1.38 1.62 1.0
1.72 1.26 1.74 1.0
1.7 1.26 1.74 1.0
1.8 1.42 1.58 1.0
1.68 1.38 1.62 1.0
1.68 1.32 1.68 1.0
1.7 1.34 1.66 1.0
1.7 1.3 1.7 1.0
1.64 1.32 1.68 1.0
1.66 1.26 1.74 1.0
1.5 1.28 1.72 1.0
1.7 1.34 1.66 1.0
1.6 1.32 1.68 1.0
1.82 1.32 1.68 1.0
1.66 1.36 1.64 1.0
1.66 1.36 1.64 1.0
1.74 1.26 1.74 1.0
1.64 1.28 1.72 1.0
1.66 1.28 1.72 1.0
1.64 1.3 1.7 1.0
1.66 1.36 1.64 1.0
1.78 1.36 1.64 1.0
1.66 1.34 1.66 1.0
1.7 1.26 1.74 1.0
1.78 1.38 1.62 1.0
1.62 1.38 1.62 1.0
1.58 1.22 1.78 1.0
1.54 1.34 1.66 1.0
1.7 1.32 1.68 1.0
1.6 1.16 1.84 1.0
1.64 1.26 1.74 1.0
1.44 1.26 1.74 1.0
1.68 1.28 1.72 1.0
1.72 1.4 1.6 1.0
1.62 1.3 1.7 1.0
1.68 1.32 1.68 1.0
1.74 1.32 1.68 1.0
1.74 1.32 1.68 1.0
1.66 1.34 1.66 1.0
1.66 1.36 1.64 1.0
1.6 1.26 1.74 1.0
1.66 1.28 1.72 1.0
1.66 1.32 1.68 1.0
1.66 1.32 1.68 1.0
1.54 1.28 1.72 1.0
1.66 1.28 1.72 1.0
1.56 1.26 1.74 1.0
1.64 1.38 1.62 1.0
1.7 1.4 1.6 1.0
1.76 1.54 1.46 1.0
1.76 1.5 1.5 1.0
1.6 1.24 1.76 1.0
1.66 1.36 1.64 1.0
1.7 1.3 1.7 1.0
1.68 1.32 1.68 1.0
1.6 1.24 1.76 1.0
1.68 1.3 1.7 1.0
1.72 1.38 1.62 1.0
1.66 1.32 1.68 1.0
1.7 1.28 1.72 1.0
1.56 1.34 1.66 1.0
1.62 1.36 1.64 1.0
1.78 1.42 1.58 1.0
1.72 1.24 1.76 1.0
1.7 1.36 1.64 1.0
1.78 1.44 1.56 1.0
1.58 1.34 1.66 1.0
1.66 1.32 1.68 1.0
1.66 1.36 1.64 1.0
1.7 1.34 1.66 1.0
1.6 1.32 1.68 1.0
1.64 1.34 1.66 1.0
1.7 1.36 1.64 1.0
1.64 1.34 1.66 1.0
1.7 1.42 1.58 1.0
1.66 1.3 1.7 1.0
1.68 1.28 1.72 1.0
1.68 1.32 1.68 1.0
1.7 1.36 1.64 1.0
1.74 1.28 1.72 1.0
1.72 1.4 1.6 1.0
1.72 1.34 1.66 1.0
1.66 1.34 1.66 1.0
1.54 1.2 1.8 1.0
1.76 1.44 1.56 1.0
1.62 1.24 1.76 1.0
1.74 1.26 1.74 1.0
1.64 1.42 1.58 1.0
1.68 1.34 1.66 1.0
1.68 1.32 1.68 1.0
1.68 1.3 1.7 1.0
1.58 1.32 1.68 1.0
1.6 1.36 1.64 1.0
1.78 1.48 1.52 1.0
1.66 1.4 1.6 1.0
1.64 1.34 1.66 1.0
1.7 1.38 1.62 1.0
1.68 1.32 1.68 1.0
1.72 1.4 1.6 1.0
1.68 1.28 1.72 1.0
1.76 1.44 1.56 1.0
1.64 1.3 1.7 1.0
1.7 1.32 1.68 1.0
1.58 1.26 1.74 1.0
1.62 1.32 1.68 1.0
1.6 1.24 1.76 1.0
1.72 1.46 1.54 1.0
1.66 1.32 1.68 1.0
1.6 1.3 1.7 1.0
1.66 1.36 1.64 1.0
1.62 1.3 1.7 1.0
1.52 1.36 1.64 1.0
1.66 1.3 1.7 1.0
1.58 1.32 1.68 1.0
1.6 1.28 1.72 1.0
1.72 1.22 1.78 1.0
1.64 1.34 1.66 1.0
1.64 1.34 1.66 1.0
1.72 1.36 1.64 1.0
1.66 1.34 1.66 1.0
1.62 1.24 1.76 1.0
1.72 1.26 1.74 1.0
1.66 1.28 1.72 1.0
1.82 1.36 1.64 1.0
1.64 1.26 1.74 1.0
1.52 1.12 1.88 1.0
1.7 1.26 1.74 1.0
1.58 1.32 1.68 1.0
1.6 1.26 1.74 1.0
1.62 1.26 1.74 1.0
1.64 1.26 1.74 1.0
1.74 1.46 1.54 1.0
1.72 1.32 1.68 1.0
1.7 1.34 1.66 1.0
1.64 1.32 1.68 1.0
1.68 1.3 1.7 1.0
1.72 1.3 1.7 1.0
1.72 1.36 1.64 1.0
1.6 1.32 1.68 1.0
1.66 1.36 1.64 1.0
1.6 1.36 1.64 1.0
1.56 1.3 1.7 1.0
1.72 1.34 1.66 1.0
1.62 1.34 1.66 1.0
1.62 1.32 1.68 1.0
1.76 1.44 1.56 1.0
1.76 1.28 1.72 1.0
1.76 1.4 1.6 1.0
1.62 1.34 1.66 1.0
1.6 1.26 1.74 1.0
1.78 1.36 1.64 1.0
1.68 1.32 1.68 1.0
1.66 1.38 1.62 1.0
1.7 1.22 1.78 1.0
1.66 1.36 1.64 1.0
1.64 1.24 1.76 1.0
1.66 1.32 1.68 1.0
1.668388 1.334296 1.665704 1.0
