1.8 1.35 1.65 1.0
1.55 1.2 1.8 1.0
1.8 1.35 1.65 1.0
1.7 1.3 1.7 1.0
1.55 1.35 1.65 1.0
1.75 1.25 1.75 1.0
1.8 1.4 1.6 1.0
1.6 1.25 1.75 1.0
1.7 1.3 1.7 1.0
1.75 1.15 1.85 1.0
1.6 1.3 1.7 1.0
1.6 1.3 1.7 1.0
1.7 1.5 1.5 1.0
1.6 1.25 1.75 1.0
1.55 1.25 1.75 1.0
1.8 1.45 1.55 1.0
1.55 1.4 1.6 1.0
1.6 1.3 1.7 1.0
1.7 1.35 1.65 1.0
1.75 1.45 1.55 1.0
1.7 1.25 1.75 1.0
1.5 1.2 1.8 1.0
1.7 1.55 1.45 1.0
1.75 1.6 1.4 1.0
1.65 1.3 1.7 1.0
1.75 1.4 1.6 1.0
1.5 1.25 1.75 1.0
1.75 1.45 1.55 1.0
1.7 1.35 1.65 1.0
1.65 1.25 1.75 1.0
1.7 1.3 1.7 1.0
1.65 1.45 1.55 1.0
1.45 1.15 1.85 1.0
1.6 1.35 1.65 1.0
1.65 1.35 1.65 1.0
1.6 1.25 1.75 1.0
1.65 1.25 1.75 1.0
1.7 1.4 1.6 1.0
1.6 1.25 1.75 1.0
1.8 1.5 1.5 1.0
1.8 1.4 1.6 1.0
1.75 1.3 1.7 1.0
1.65 1.2 1.8 1.0
1.7 1.35 1.65 1.0
1.65 1.4 1.6 1.0
1.6 1.35 1.65 1.0
1.7 1.25 1.75 1.0
1.65 1.35 1.65 1.0
1.55 1.3 1.7 1.0
1.6 1.15 1.85 1.0
1.65 1.35 1.65 1.0
1.7 1.25 1.75 1.0
1.8 1.55 1.45 1.0
1.55 1.2 1.8 1.0
1.5 1.25 1.75 1.0
1.65 1.3 1.7 1.0
1.75 1.4 1.6 1.0
1.55 1.25 1.75 1.0
1.5 1.3 1.7 1.0
1.55 1.35 1.65 1.0
1.7 1.15 1.85 1.0
1.65 1.25 1.75 1.0
1.7 1.4 1.6 1.0
1.6 1.35 1.65 1.0
1.65 1.5 1.5 1.0
1.7 1.45 1.55 1.0
1.65 1.2 1.8 1.0
1.6 1.5 1.5 1.0
1.65 1.2 1.8 1.0
1.6 1.25 1.75 1.0
1.55 1.3 1.7 1.0
1.8 1.55 1.45 1.0
1.8 1.4 1.6 1.0
1.55 1.25 1.75 1.0
1.65 1.35 1.65 1.0
1.65 1.45 1.55 1.0
1.7 1.2 1.8 1.0
1.75 1.45 1.55 1.0
1.8 1.45 1.55 1.0
1.5 1.25 1.75 1.0
1.6 1.2 1.8 1.0
1.7 1.3 1.7 1.0
1.7 1.45 1.55 1.0
1.7 1.35 1.65 1.0
1.6 1.35 1.65 1.0
1.6 1.3 1.7 1.0
1.7 1.25 1.75 1.0
1.65 1.3 1.7 1.0
1.65 1.45 1.55 1.0
1.4 1.25 1.75 1.0
1.75 1.4 1.6 1.0
1.6 1.4 1.6 1.0
1.75 1.4 1.6 1.0
1.75 1.3 1.7 1.0
1.6 1.15 1.85 1.0
1.7 1.35 1.65 1.0
1.55 1.5 1.5 1.0
1.6 1.4 1.6 1.0
1.7 1.45 1.55 1.0
1.6 1.4 1.6 1.0
1.6 1.4 1.6 1.0
1.6 1.15 1.85 1.0
1.8 1.35 1.65 1.0
1.8 1.3 1.7 1.0
1.75 1.3 1.7 1.0
1.55 1.3 1.7 1.0
1.8 1.35 1.65 1.0
1.55 1.25 1.75 1.0
1.8 1.5 1.5 1.0
1.65 1.15 1.85 1.0
1.7 1.35 1.65 1.0
1.8 1.45 1.55 1.0
1.8 1.55 1.45 1.0
1.55 1.4 1.6 1.0
1.45 1.35 1.65 1.0
1.75 1.4 1.6 1.0
1.8 1.35 1.65 1.0
1.65 1.4 1.6 1.0
1.6 1.35 1.65 1.0
1.6 1.35 1.65 1.0
1.5 1.35 1.65 1.0
1.75 1.15 1.85 1.0
1.75 1.4 1.6 1.0
1.8 1.35 1.65 1.0
1.6 1.15 1.85 1.0
1.5 1.25 1.75 1.0
1.65 1.3 1.7 1.0
1.6 1.25 1.75 1.0
1.65 1.2 1.8 1.0
1.7 1.3 1.7 1.0
1.75 1.45 1.55 1.0
1.75 1.1 1.9 1.0
1.9 1.4 1.6 1.0
1.8 1.4 1.6 1.0
1.55 1.4 1.6 1.0
1.6 1.5 1.5 1.0
1.7 1.45 1.55 1.0
1.7 1.3 1.7 1.0
1.75 1.3 1.7 1.0
1.7 1.45 1.55 1.0
1.6 1.2 1.8 1.0
1.6 1.25 1.75 1.0
1.75 1.4 1.6 1.0
1.55 1.3 1.7 1.0
1.6 1.45 1.55 1.0
1.6 1.25 1.75 1.0
1.75 1.4 1.6 1.0
1.65 1.35 1.65 1.0
1.7 1.4 1.6 1.0
1.75 1.35 1.65 1.0
1.5 1.25 1.75 1.0
1.6 1.3 1.7 1.0
1.8 1.45 1.55 1.0
1.7 1.4 1.6 1.0
1.65 1.3 1.7 1.0
1.7 1.4 1.6 1.0
1.55 1.15 1.85 1.0
1.6 1.1 1.9 1.0
1.6 1.15 1.85 1.0
1.75 1.4 1.6 1.0
1.75 1.3 1.7 1.0
1.7 1.4 1.6 1.0
1.4 1.2 1.8 1.0
1.7 1.25 1.75 1.0
1.85 1.7 1.3 1.0
1.75 1.6 1.4 1.0
1.7 1.25 1.75 1.0
1.85 1.45 1.55 1.0
1.7 1.45 1.55 1.0
1.65 1.4 1.6 1.0
1.8 1.4 1.6 1.0
1.55 1.25 1.75 1.0
1.8 1.3 1.7 1.0
1.7 1.45 1.55 1.0
1.75 1.5 1.5 1.0
1.7 1.35 1.65 1.0
1.65 1.2 1.8 1.0
1.7 1.3 1.7 1.0
1.8 1.35 1.65 1.0
1.65 1.25 1.75 1.0
1.55 1.1 1.9 1.0
1.75 1.3 1.7 1.0
1.65 1.2 1.8 1.0
1.5 1.15 1.85 1.0
1.5 1.35 1.65 1.0
1.6 1.25 1.75 1.0
1.65 1.4 1.6 1.0
1.7 1.25 1.75 1.0
1.65 1.2 1.8 1.0
1.65 1.3 1.7 1.0
1.6 1.35 1.65 1.0
1.55 1.4 1.6 1.0
1.55 1.3 1.7 1.0
1.3 1.1 1.9 1.0
1.7 1.5 1.5 1.0
1.7 1.35 1.65 1.0
1.7 1.2 1.8 1.0
1.75 1.45 1.55 1.0
1.55 1.25 1.75 1.0
1.7 1.3 1.7 1.0
1.45 1.25 1.75 1.0
1.75 1.4 1.6 1.0
1.6 1.3 1.7 1.0
1.7 1.35 1.65 1.0
1.75 1.35 1.65 1.0
1.7 1.2 1.8 1.0
1.75 1.35 1.65 1.0
1.75 1.25 1.75 1.0
1.8 1.3 1.7 1.0
1.75 1.55 1.45 1.0
1.55 1.35 1.65 1.0
1.8 1.35 1.65 1.0
1.6 1.35 1.65 1.0
1.6 1.25 1.75 1.0
1.7 1.35 1.65 1.0
1.6 1.15 1.85 1.0
1.75 1.3 1.7 1.0
1.7 1.35 1.65 1.0
1.6 1.4 1.6 1.0
1.65 1.3 1.7 1.0
1.75 1.4 1.6 1.0
1.65 1.2 1.8 1.0
1.7 1.45 1.55 1.0
1.7 1.55 1.45 1.0
1.6 1.2 1.8 1.0
1.7 1.3 1.7 1.0
1.7 1.35 1.65 1.0
1.45 1.2 1.8 1.0
1.6 1.25 1.75 1.0
1.6 1.15 1.85 1.0
1.85 1.45 1.55 1.0
1.75 1.45 1.55 1.0
1.6 1.25 1.75 1.0
1.8 1.25 1.75 1.0
1.75 1.5 1.5 1.0
1.75 1.35 1.65 1.0
1.9 1.35 1.65 1.0
1.5 1.3 1.7 1.0
1.6 1.4 1.6 1.0
1.75 1.3 1.7 1.0
1.7 1.25 1.75 1.0
1.7 1.3 1.7 1.0
1.7 1.5 1.5 1.0
1.6 1.35 1.65 1.0
1.55 1.2 1.8 1.0
1.6 1.35 1.65 1.0
1.75 1.55 1.45 1.0
1.7 1.35 1.65 1.0
1.65 1.25 1.75 1.0
1.75 1.3 1.7 1.0
1.65 1.35 1.65 1.0
1.9 1.45 1.55 1.0
1.85 1.65 1.35 1.0
1.8 1.35 1.65 1.0
1.65 1.45 1.55 1.0
1.55 1.25 1.75 1.0
1.7 1.4 1.6 1.0
1.65 1.4 1.6 1.0
1.7 1.65 1.35 1.0
1.8 1.4 1.6 1.0
1.8 1.5 1.5 1.0
1.65 1.45 1.55 1.0
1.8 1.3 1.7 1.0
1.95 1.3 1.7 1.0
1.7 1.3 1.7 1.0
1.65 1.25 1.75 1.0
1.7 1.35 1.65 1.0
1.6 1.35 1.65 1.0
1.7 1.35 1.65 1.0
1.8 1.3 1.7 1.0
1.65 1.4 1.6 1.0
1.7 1.25 1.75 1.0
1.6 1.15 1.85 1.0
1.6 1.2 1.8 1.0
1.65 1.35 1.65 1.0
1.7 1.2 1.8 1.0
1.7 1.3 1.7 1.0
1.65 1.55 1.45 1.0
1.65 1.4 1.6 1.0
1.55 1.55 1.45 1.0
1.85 1.35 1.65 1.0
1.7 1.4 1.6 1.0
1.55 1.35 1.65 1.0
1.65 1.4 1.6 1.0
1.6 1.3 1.7 1.0
1.8 1.35 1.65 1.0
1.75 1.5 1.5 1.0
1.55 1.2 1.8 1.0
1.6 1.2 1.8 1.0
1.75 1.45 1.55 1.0
1.65 1.2 1.8 1.0
1.6 1.4 1.6 1.0
1.7 1.3 1.7 1.0
1.6 1.3 1.7 1.0
1.7 1.35 1.65 1.0
1.75 1.45 1.55 1.0
1.8 1.45 1.55 1.0
1.75 1.35 1.65 1.0
1.75 1.2 1.8 1.0
1.65 1.5 1.5 1.0
1.45 1.4 1.6 1.0
1.7 1.35 1.65 1.0
1.65 1.1 1.9 1.0
1.75 1.25 1.75 1.0
1.55 1.25 1.75 1.0
1.8 1.35 1.65 1.0
1.75 1.4 1.6 1.0
1.7 1.4 1.6 1.0
1.8 1.35 1.65 1.0
1.8 1.45 1.55 1.0
1.6 1.3 1.7 1.0
1.6 1.1 1.9 1.0
1.75 1.2 1.8 1.0
1.75 1.35 1.65 1.0
1.75 1.45 1.55 1.0
1.5 1.25 1.75 1.0
1.8 1.4 1.6 1.0
1.7 1.3 1.7 1.0
1.65 1.35 1.65 1.0
1.85 1.4 1.6 1.0
1.55 1.15 1.85 1.0
1.6 1.4 1.6 1.0
1.6 1.25 1.75 1.0
1.8 1.3 1.7 1.0
1.7 1.4 1.6 1.0
1.6 1.35 1.65 1.0
1.5 1.15 1.85 1.0
1.75 1.3 1.7 1.0
1.7 1.6 1.4 1.0
1.75 1.4 1.6 1.0
1.7 1.4 1.6 1.0
1.8 1.45 1.55 1.0
1.7 1.2 1.8 1.0
1.7 1.35 1.65 1.0
1.5 1.45 1.55 1.0
1.65 1.35 1.65 1.0
1.75 1.45 1.55 1.0
1.6 1.2 1.8 1.0
1.7 1.25 1.75 1.0
1.6 1.3 1.7 1.0
1.55 1.3 1.7 1.0
1.75 1.4 1.6 1.0
1.75 1.4 1.6 1.0
1.7 1.35 1.65 1.0
1.6 1.25 1.75 1.0
1.75 1.4 1.6 1.0
1.7 1.55 1.45 1.0
1.65 1.3 1.7 1.0
1.55 1.2 1.8 1.0
1.65 1.25 1.75 1.0
1.7 1.35 1.65 1.0
1.7 1.35 1.65 1.0
1.6 1.25 1.75 1.0
1.85 1.35 1.65 1.0
1.8 1.4 1.6 1.0
1.5 1.4 1.6 1.0
1.75 1.55 1.45 1.0
1.65 1.4 1.6 1.0
1.65 1.35 1.65 1.0
1.8 1.35 1.65 1.0
1.65 1.35 1.65 1.0
1.9 1.45 1.55 1.0
1.7 1.55 1.45 1.0
1.5 1.3 1.7 1.0
1.8 1.35 1.65 1.0
1.6 1.25 1.75 1.0
1.55 1.3 1.7 1.0
1.5 1.3 1.7 1.0
1.65 1.35 1.65 1.0
1.75 1.25 1.75 1.0
1.7 1.35 1.65 1.0
1.7 1.4 1.6 1.0
1.8 1.35 1.65 1.0
1.65 1.4 1.6 1.0
1.7 1.35 1.65 1.0
1.7 1.45 1.55 1.0
1.6 1.25 1.75 1.0
1.65 1.35 1.65 1.0
1.85 1.35 1.65 1.0
1.6 1.35 1.65 1.0
1.55 1.3 1.7 1.0
1.6 1.3 1.7 1.0
1.7 1.35 1.65 1.0
1.6 1.3 1.7 1.0
1.6 1.15 1.85 1.0
1.65 1.3 1.7 1.0
1.6 1.4 1.6 1.0
1.65 1.4 1.6 1.0
1.8 1.25 1.75 1.0
1.75 1.4 1.6 1.0
1.75 1.35 1.65 1.0
1.5 1.25 1.75 1.0
1.5 1.3 1.7 1.0
1.65 1.15 1.85 1.0
1.75 1.5 1.5 1.0
1.55 1.45 1.55 1.0
1.7 1.35 1.65 1.0
1.85 1.5 1.5 1.0
1.6 1.35 1.65 1.0
1.8 1.25 1.75 1.0
1.6 1.25 1.75 1.0
1.7 1.4 1.6 1.0
1.75 1.35 1.65 1.0
1.7 1.4 1.6 1.0
1.6 1.15 1.85 1.0
1.7 1.4 1.6 1.0
1.6 1.3 1.7 1.0
1.65 1.3 1.7 1.0
1.7 1.55 1.45 1.0
1.7 1.25 1.75 1.0
1.55 1.2 1.8 1.0
1.7 1.5 1.5 1.0
1.6 1.45 1.55 1.0
1.65 1.25 1.75 1.0
1.75 1.5 1.5 1.0
1.8 1.25 1.75 1.0
1.75 1.45 1.55 1.0
1.75 1.4 1.6 1.0
1.55 1.2 1.8 1.0
1.5 1.45 1.55 1.0
1.35 1.15 1.85 1.0
1.6 1.35 1.65 1.0
1.7 1.4 1.6 1.0
1.55 1.4 1.6 1.0
1.55 1.3 1.7 1.0
1.8 1.35 1.65 1.0
1.8 1.4 1.6 1.0
1.7 1.35 1.65 1.0
1.6 1.3 1.7 1.0
1.7 1.3 1.7 1.0
1.75 1.45 1.55 1.0
1.8 1.55 1.45 1.0
1.55 1.2 1.8 1.0
1.8 1.4 1.6 1.0
1.7 1.4 1.6 1.0
1.55 1.3 1.7 1.0
1.7 1.4 1.6 1.0
1.85 1.35 1.65 1.0
1.6 1.3 1.7 1.0
1.45 1.15 1.85 1.0
1.8 1.6 1.4 1.0
1.6 1.25 1.75 1.0
1.8 1.35 1.65 1.0
1.65 1.4 1.6 1.0
1.7 1.2 1.8 1.0
1.8 1.4 1.6 1.0
1.75 1.15 1.85 1.0
1.65 1.35 1.65 1.0
1.65 1.45 1.55 1.0
1.65 1.25 1.75 1.0
1.8 1.4 1.6 1.0
1.85 1.25 1.75 1.0
1.6 1.5 1.5 1.0
1.65 1.35 1.65 1.0
1.65 1.4 1.6 1.0
1.65 1.4 1.6 1.0
1.65 1.5 1.5 1.0
1.8 1.5 1.5 1.0
1.8 1.3 1.7 1.0
1.7 1.35 1.65 1.0
1.75 1.45 1.55 1.0
1.65 1.4 1.6 1.0
1.7 1.2 1.8 1.0
1.65 1.2 1.8 1.0
1.65 1.3 1.7 1.0
1.6 1.35 1.65 1.0
1.5 1.3 1.7 1.0
1.75 1.35 1.65 1.0
1.85 1.55 1.45 1.0
1.7 1.3 1.7 1.0
1.65 1.45 1.55 1.0
1.7 1.15 1.85 1.0
1.65 1.45 1.55 1.0
1.75 1.2 1.8 1.0
1.5 1.25 1.75 1.0
1.65 1.35 1.65 1.0
1.45 1.1 1.9 1.0
1.55 1.25 1.75 1.0
1.6 1.35 1.65 1.0
1.7 1.3 1.7 1.0
1.8 1.25 1.75 1.0
1.5 1.15 1.85 1.0
1.55 1.2 1.8 1.0
1.55 1.4 1.6 1.0
1.6 1.35 1.65 1.0
1.75 1.35 1.65 1.0
1.9 1.5 1.5 1.0
1.8 1.25 1.75 1.0
1.65 1.3 1.7 1.0
1.75 1.55 1.45 1.0
1.8 1.55 1.45 1.0
1.7 1.4 1.6 1.0
1.7 1.4 1.6 1.0
1.6 1.2 1.8 1.0
1.65 1.25 1.75 1.0
1.65 1.4 1.6 1.0
1.75 1.4 1.6 1.0
1.5 1.35 1.65 1.0
1.85 1.25 1.75 1.0
1.7 1.35 1.65 1.0
1.7 1.25 1.75 1.0
1.7 1.45 1.55 1.0
1.9 1.35 1.65 1.0
1.9 1.55 1.45 1.0
1.7 1.45 1.55 1.0
1.7 1.2 1.8 1.0
1.45 1.25 1.75 1.0
1.65 1.35 1.65 1.0
1.65 1.45 1.55 1.0
1.75 1.3 1.7 1.0
1.6 1.35 1.65 1.0
1.75 1.4 1.6 1.0
1.85 1.45 1.55 1.0
1.75 1.2 1.8 1.0
1.7 1.45 1.55 1.0
1.75 1.25 1.75 1.0
1.6 1.3 1.7 1.0
1.55 1.3 1.7 1.0
1.6 1.25 1.75 1.0
1.7 1.45 1.55 1.0
1.65 1.4 1.6 1.0
1.7 1.35 1.65 1.0
1.55 1.35 1.65 1.0
1.45 1.2 1.8 1.0
1.55 1.35 1.65 1.0
1.8 1.3 1.7 1.0
1.65 1.3 1.7 1.0
1.6 1.25 1.75 1.0
1.65 1.25 1.75 1.0
1.6 1.3 1.7 1.0
1.55 1.35 1.65 1.0
1.55 1.15 1.85 1.0
1.75 1.35 1.65 1.0
1.7 1.5 1.5 1.0
1.95 1.5 1.5 1.0
1.7 1.3 1.7 1.0
1.8 1.35 1.65 1.0
1.7 1.2 1.8 1.0
1.3 1.15 1.85 1.0
1.6 1.25 1.75 1.0
1.8 1.6 1.4 1.0
1.8 1.35 1.65 1.0
1.65 1.4 1.6 1.0
1.7 1.4 1.6 1.0
1.9 1.3 1.7 1.0
1.65 1.25 1.75 1.0
1.65 1.35 1.65 1.0
1.85 1.4 1.6 1.0
1.7 1.4 1.6 1.0
1.6 1.35 1.65 1.0
1.8 1.45 1.55 1.0
1.6 1.25 1.75 1.0
1.8 1.4 1.6 1.0
1.65 1.4 1.6 1.0
1.7 1.5 1.5 1.0
1.8 1.55 1.45 1.0
1.75 1.3 1.7 1.0
1.55 1.25 1.75 1.0
1.55 1.25 1.75 1.0
1.55 1.25 1.75 1.0
1.75 1.45 1.55 1.0
1.45 1.3 1.7 1.0
1.7 1.3 1.7 1.0
1.45 1.25 1.75 1.0
1.5 1.45 1.55 1.0
1.8 1.45 1.55 1.0
1.8 1.4 1.6 1.0
1.6 1.25 1.75 1.0
1.65 1.25 1.75 1.0
1.6 1.35 1.65 1.0
1.55 1.2 1.8 1.0
1.6 1.3 1.7 1.0
1.7 1.4 1.6 1.0
1.9 1.4 1.6 1.0
1.7 1.35 1.65 1.0
1.4 1.15 1.85 1.0
1.65 1.35 1.65 1.0
1.6 1.4 1.6 1.0
1.55 1.35 1.65 1.0
1.65 1.35 1.65 1.0
1.8 1.3 1.7 1.0
1.6 1.3 1.7 1.0
1.65 1.2 1.8 1.0
1.75 1.25 1.75 1.0
1.85 1.3 1.7 1.0
1.65 1.25 1.75 1.0
1.65 1.3 1.7 1.0
1.75 1.4 1.6 1.0
1.65 1.15 1.85 1.0
1.65 1.35 1.65 1.0
1.7 1.55 1.45 1.0
1.75 1.45 1.55 1.0
1.75 1.6 1.4 1.0
1.8 1.6 1.4 1.0
1.7 1.35 1.65 1.0
1.7 1.4 1.6 1.0
1.8 1.6 1.4 1.0
1.7 1.2 1.8 1.0
1.75 1.55 1.45 1.0
1.6 1.3 1.7 1.0
1.7 1.55 1.45 1.0
1.55 1.3 1.7 1.0
1.85 1.3 1.7 1.0
1.6 1.3 1.7 1.0
1.75 1.35 1.65 1.0
1.7 1.4 1.6 1.0
1.65 1.4 1.6 1.0
1.65 1.35 1.65 1.0
1.8 1.4 1.6 1.0
1.9 1.35 1.65 1.0
1.8 1.4 1.6 1.0
1.55 1.35 1.65 1.0
1.5 1.25 1.75 1.0
1.6 1.45 1.55 1.0
1.7 1.3 1.7 1.0
1.65 1.25 1.75 1.0
1.65 1.35 1.65 1.0
1.55 1.35 1.65 1.0
1.75 1.4 1.6 1.0
1.7 1.4 1.6 1.0
1.6 1.4 1.6 1.0
1.6 1.2 1.8 1.0
1.65 1.25 1.75 1.0
1.5 1.2 1.8 1.0
1.65 1.35 1.65 1.0
1.6 1.35 1.65 1.0
1.65 1.25 1.75 1.0
1.8 1.35 1.65 1.0
1.6 1.25 1.75 1.0
1.6 1.4 1.6 1.0
1.45 1.2 1.8 1.0
1.65 1.4 1.6 1.0
1.45 1.0 2.0 1.0
1.65 1.4 1.6 1.0
1.5 1.35 1.65 1.0
1.65 1.35 1.65 1.0
1.65 1.35 1.65 1.0
1.7 1.5 1.5 1.0
1.5 1.25 1.75 1.0
1.6 1.3 1.7 1.0
1.65 1.2 1.8 1.0
1.85 1.55 1.45 1.0
1.8 1.45 1.55 1.0
1.65 1.3 1.7 1.0
1.45 1.15 1.85 1.0
1.7 1.2 1.8 1.0
1.7 1.4 1.6 1.0
1.75 1.45 1.55 1.0
1.6 1.2 1.8 1.0
1.8 1.3 1.7 1.0
1.75 1.35 1.65 1.0
1.55 1.2 1.8 1.0
1.75 1.25 1.75 1.0
1.75 1.6 1.4 1.0
1.5 1.3 1.7 1.0
1.7 1.4 1.6 1.0
1.55 1.45 1.55 1.0
1.75 1.3 1.7 1.0
1.85 1.4 1.6 1.0
1.7 1.4 1.6 1.0
1.7 1.45 1.55 1.0
1.6 1.35 1.65 1.0
1.8 1.2 1.8 1.0
1.7 1.35 1.65 1.0
1.65 1.25 1.75 1.0
1.7 1.4 1.6 1.0
1.65 1.3 1.7 1.0
1.55 1.2 1.8 1.0
1.5 1.2 1.8 1.0
1.8 1.3 1.7 1.0
1.65 1.4 1.6 1.0
1.65 1.35 1.65 1.0
1.75 1.4 1.6 1.0
1.85 1.45 1.55 1.0
1.55 1.2 1.8 1.0
1.8 1.5 1.5 1.0
1.6 1.35 1.65 1.0
1.55 1.2 1.8 1.0
1.55 1.2 1.8 1.0
1.75 1.3 1.7 1.0
1.6 1.2 1.8 1.0
1.8 1.45 1.55 1.0
1.7 1.4 1.6 1.0
1.6 1.3 1.7 1.0
1.6 1.4 1.6 1.0
1.5 1.25 1.75 1.0
1.65 1.25 1.75 1.0
1.7 1.2 1.8 1.0
1.6 1.25 1.75 1.0
1.65 1.35 1.65 1.0
1.6 1.3 1.7 1.0
1.75 1.55 1.45 1.0
1.6 1.4 1.6 1.0
1.65 1.2 1.8 1.0
1.6 1.35 1.65 1.0
1.75 1.3 1.7 1.0
1.6 1.35 1.65 1.0
1.6 1.2 1.8 1.0
1.55 1.25 1.75 1.0
1.8 1.4 1.6 1.0
1.75 1.35 1.65 1.0
1.7 1.3 1.7 1.0
1.75 1.35 1.65 1.0
1.7 1.35 1.65 1.0
1.8 1.4 1.6 1.0
1.7 1.45 1.55 1.0
1.7 1.25 1.75 1.0
1.6 1.45 1.55 1.0
1.65 1.35 1.65 1.0
1.75 1.35 1.65 1.0
1.65 1.35 1.65 1.0
1.45 1.2 1.8 1.0
1.8 1.45 1.55 1.0
1.6 1.2 1.8 1.0
1.55 1.25 1.75 1.0
1.7 1.2 1.8 1.0
1.75 1.35 1.65 1.0
1.75 1.35 1.65 1.0
1.75 1.45 1.55 1.0
1.85 1.4 1.6 1.0
1.65 1.35 1.65 1.0
1.65 1.25 1.75 1.0
1.65 1.45 1.55 1.0
1.6 1.4 1.6 1.0
1.9 1.55 1.45 1.0
1.45 1.3 1.7 1.0
1.8 1.55 1.45 1.0
1.6 1.35 1.65 1.0
1.6 1.35 1.65 1.0
1.7 1.4 1.6 1.0
1.7 1.45 1.55 1.0
1.65 1.35 1.65 1.0
1.85 1.55 1.45 1.0
1.6 1.35 1.65 1.0
1.65 1.2 1.8 1.0
1.8 1.4 1.6 1.0
1.65 1.45 1.55 1.0
1.75 1.4 1.6 1.0
1.75 1.4 1.6 1.0
1.8 1.25 1.75 1.0
1.65 1.35 1.65 1.0
1.75 1.25 1.75 1.0
1.6 1.05 1.95 1.0
1.7 1.3 1.7 1.0
1.7 1.4 1.6 1.0
1.55 1.3 1.7 1.0
1.65 1.35 1.65 1.0
1.65 1.4 1.6 1.0
1.7 1.3 1.7 1.0
1.7 1.45 1.55 1.0
1.7 1.4 1.6 1.0
1.7 1.2 1.8 1.0
1.8 1.35 1.65 1.0
1.85 1.5 1.5 1.0
1.55 1.25 1.75 1.0
1.6 1.35 1.65 1.0
1.6 1.25 1.75 1.0
1.85 1.5 1.5 1.0
1.65 1.4 1.6 1.0
1.6 1.4 1.6 1.0
1.65 1.3 1.7 1.0
1.55 1.2 1.8 1.0
1.6 1.2 1.8 1.0
1.55 1.4 1.6 1.0
1.65 1.45 1.55 1.0
1.7 1.1 1.9 1.0
1.8 1.55 1.45 1.0
1.7 1.4 1.6 1.0
1.65 1.3 1.7 1.0
1.65 1.5 1.5 1.0
1.75 1.35 1.65 1.0
1.75 1.45 1.55 1.0
1.45 1.2 1.8 1.0
1.75 1.25 1.75 1.0
1.75 1.3 1.7 1.0
1.8 1.55 1.45 1.0
1.8 1.5 1.5 1.0
1.65 1.3 1.7 1.0
1.8 1.35 1.65 1.0
1.65 1.25 1.75 1.0
1.6 1.25 1.75 1.0
1.55 1.35 1.65 1.0
1.55 1.2 1.8 1.0
1.75 1.4 1.6 1.0
1.85 1.4 1.6 1.0
1.7 1.3 1.7 1.0
1.7 1.25 1.75 1.0
1.7 1.3 1.7 1.0
1.7 1.35 1.65 1.0
1.65 1.25 1.75 1.0
1.65 1.4 1.6 1.0
1.6 1.2 1.8 1.0
1.7 1.25 1.75 1.0
1.8 1.35 1.65 1.0
1.55 1.3 1.7 1.0
1.8 1.5 1.5 1.0
1.65 1.3 1.7 1.0
1.6 1.35 1.65 1.0
1.7 1.3 1.7 1.0
1.8 1.4 1.6 1.0
1.75 1.4 1.6 1.0
1.65 1.3 1.7 1.0
1.75 1.35 1.65 1.0
1.65 1.4 1.6 1.0
1.6 1.4 1.6 1.0
1.7 1.3 1.7 1.0
1.4 1.25 1.75 1.0
1.8 1.4 1.6 1.0
1.85 1.45 1.55 1.0
1.5 1.3 1.7 1.0
1.6 1.25 1.75 1.0
1.45 1.15 1.85 1.0
1.55 1.25 1.75 1.0
1.75 1.45 1.55 1.0
1.85 1.4 1.6 1.0
1.65 1.3 1.7 1.0
1.55 1.2 1.8 1.0
1.65 1.2 1.8 1.0
1.55 1.15 1.85 1.0
1.55 1.25 1.75 1.0
1.55 1.25 1.75 1.0
1.55 1.35 1.65 1.0
1.8 1.5 1.5 1.0
1.6 1.3 1.7 1.0
1.6 1.5 1.5 1.0
1.45 1.2 1.8 1.0
1.6 1.4 1.6 1.0
1.55 1.2 1.8 1.0
1.75 1.3 1.7 1.0
1.55 1.35 1.65 1.0
1.7 1.2 1.8 1.0
1.55 1.25 1.75 1.0
1.8 1.35 1.65 1.0
1.7 1.15 1.85 1.0
1.85 1.4 1.6 1.0
1.65 1.45 1.55 1.0
1.65 1.25 1.75 1.0
1.75 1.35 1.65 1.0
1.8 1.6 1.4 1.0
1.55 1.2 1.8 1.0
1.75 1.35 1.65 1.0
1.6 1.25 1.75 1.0
1.6 1.4 1.6 1.0
1.7 1.15 1.85 1.0
1.4 1.05 1.95 1.0
1.6 1.4 1.6 1.0
1.65 1.4 1.6 1.0
1.55 1.35 1.65 1.0
1.6 1.15 1.85 1.0
1.7 1.35 1.65 1.0
1.55 1.35 1.65 1.0
1.65 1.25 1.75 1.0
1.8 1.5 1.5 1.0
1.85 1.45 1.55 1.0
1.65 1.2 1.8 1.0
1.75 1.2 1.8 1.0
1.55 1.2 1.8 1.0
1.6 1.3 1.7 1.0
1.6 1.35 1.65 1.0
1.65 1.35 1.65 1.0
1.5 1.3 1.7 1.0
1.65 1.4 1.6 1.0
1.65 1.5 1.5 1.0
1.5 1.3 1.7 1.0
1.7 1.45 1.55 1.0
1.6 1.35 1.65 1.0
1.65 1.45 1.55 1.0
1.6 1.4 1.6 1.0
1.6 1.35 1.65 1.0
1.6 1.3 1.7 1.0
1.85 1.35 1.65 1.0
1.55 1.35 1.65 1.0
1.7 1.4 1.6 1.0
1.7 1.25 1.75 1.0
1.65 1.2 1.8 1.0
1.75 1.4 1.6 1.0
1.4 1.2 1.8 1.0
1.55 1.25 1.75 1.0
1.65 1.2 1.8 1.0
1.7 1.3 1.7 1.0
1.55 1.2 1.8 1.0
1.3 1.15 1.85 1.0
1.8 1.55 1.45 1.0
1.8 1.5 1.5 1.0
1.8 1.45 1.55 1.0
1.65 1.3 1.7 1.0
1.65 1.3 1.7 1.0
1.6 1.4 1.6 1.0
1.85 1.4 1.6 1.0
1.45 1.2 1.8 1.0
1.65 1.45 1.55 1.0
1.7 1.3 1.7 1.0
1.6 1.4 1.6 1.0
1.65 1.5 1.5 1.0
1.55 1.3 1.7 1.0
1.75 1.45 1.55 1.0
1.7 1.35 1.65 1.0
1.7 1.35 1.65 1.0
1.7 1.3 1.7 1.0
1.7 1.4 1.6 1.0
1.6 1.15 1.85 1.0
1.55 1.25 1.75 1.0
1.7 1.35 1.65 1.0
1.9 1.5 1.5 1.0
1.45 1.3 1.7 1.0
1.7 1.25 1.75 1.0
1.75 1.45 1.55 1.0
1.45 1.25 1.75 1.0
1.65 1.25 1.75 1.0
1.55 1.4 1.6 1.0
1.65 1.25 1.75 1.0
1.7 1.3 1.7 1.0
1.65 1.35 1.65 1.0
1.75 1.3 1.7 1.0
1.65 1.4 1.6 1.0
1.9 1.3 1.7 1.0
1.65 1.35 1.65 1.0
1.55 1.25 1.75 1.0
1.7 1.3 1.7 1.0
1.75 1.2 1.8 1.0
1.65 1.25 1.75 1.0
1.65 1.3 1.7 1.0
1.75 1.45 1.55 1.0
1.55 1.35 1.65 1.0
1.85 1.4 1.6 1.0
1.65 1.45 1.55 1.0
1.6 1.4 1.6 1.0
1.85 1.4 1.6 1.0
1.55 1.35 1.65 1.0
1.45 1.2 1.8 1.0
1.6 1.4 1.6 1.0
1.8 1.25 1.75 1.0
1.65 1.25 1.75 1.0
1.55 1.35 1.65 1.0
1.55 1.15 1.85 1.0
1.85 1.4 1.6 1.0
1.7 1.45 1.55 1.0
1.65 1.25 1.75 1.0
1.65 1.4 1.6 1.0
1.75 1.45 1.55 1.0
1.75 1.45 1.55 1.0
1.7 1.5 1.5 1.0
1.45 1.2 1.8 1.0
1.55 1.35 1.65 1.0
1.65 1.25 1.75 1.0
1.8 1.4 1.6 1.0
1.7 1.45 1.55 1.0
1.8 1.35 1.65 1.0
1.6 1.25 1.75 1.0
1.7 1.3 1.7 1.0
1.55 1.1 1.9 1.0
1.6 1.05 1.95 1.0
1.7 1.55 1.45 1.0
1.75 1.2 1.8 1.0
1.6 1.35 1.65 1.0
1.6 1.2 1.8 1.0
1.6 1.45 1.55 1.0
1.7 1.35 1.65 1.0
1.6 1.15 1.85 1.0
1.65 1.25 1.75 1.0
1.55 1.3 1.7 1.0
1.45 1.15 1.85 1.0
1.6 1.2 1.8 1.0
1.7 1.5 1.5 1.0
1.75 1.5 1.5 1.0
1.8 1.45 1.55 1.0
1.6 1.3 1.7 1.0
1.7 1.4 1.6 1.0
1.8 1.35 1.65 1.0
1.6 1.4 1.6 1.0
1.7 1.45 1.55 1.0
1.65 1.35 1.65 1.0
1.75 1.5 1.5 1.0
1.45 1.1 1.9 1.0
1.7 1.4 1.6 1.0
1.8 1.35 1.65 1.0
1.6 1.3 1.7 1.0
1.7 1.35 1.65 1.0
1.7 1.25 1.75 1.0
1.45 1.2 1.8 1.0
1.65 1.55 1.45 1.0
1.5 1.25 1.75 1.0
1.65 1.3 1.7 1.0
1.7 1.5 1.5 1.0
1.75 1.2 1.8 1.0
1.5 1.2 1.8 1.0
1.6 1.15 1.85 1.0
1.65 1.3 1.7 1.0
1.55 1.2 1.8 1.0
1.7 1.35 1.65 1.0
1.75 1.4 1.6 1.0
1.8 1.45 1.55 1.0
1.75 1.35 1.65 1.0
1.45 1.15 1.85 1.0
1.8 1.4 1.6 1.0
1.65 1.25 1.75 1.0
1.75 1.45 1.55 1.0
1.5 1.3 1.7 1.0
1.6 1.3 1.7 1.0
1.75 1.2 1.8 1.0
1.65 1.3 1.7 1.0
1.8 1.55 1.45 1.0
1.65 1.4 1.6 1.0
1.7 1.2 1.8 1.0
1.55 1.45 1.55 1.0
1.55 1.35 1.65 1.0
1.55 1.3 1.7 1.0
1.85 1.4 1.6 1.0
1.6 1.25 1.75 1.0
1.65 1.2 1.8 1.0
1.75 1.25 1.75 1.0
1.6 1.3 1.7 1.0
1.55 1.3 1.7 1.0
1.6 1.25 1.75 1.0
1.55 1.05 1.95 1.0
1.55 1.25 1.75 1.0
1.75 1.35 1.65 1.0
1.55 1.25 1.75 1.0
1.65 1.3 1.7 1.0
1.75 1.25 1.75 1.0
1.65 1.35 1.65 1.0
1.45 1.3 1.7 1.0
1.8 1.45 1.55 1.0
1.6 1.35 1.65 1.0
1.6 1.3 1.7 1.0
1.5 1.25 1.75 1.0
1.8 1.25 1.75 1.0
1.6 1.5 1.5 1.0
1.65 1.3 1.7 1.0
1.65 1.25 1.75 1.0
1.8 1.4 1.6 1.0
1.85 1.6 1.4 1.0
1.45 1.2 1.8 1.0
1.65 1.25 1.75 1.0
1.65 1.3 1.7 1.0
1.55 1.45 1.55 1.0
1.65 1.4 1.6 1.0
1.65 1.3 1.7 1.0
1.7 1.35 1.65 1.0
1.65 1.2 1.8 1.0
1.65 1.35 1.65 1.0
1.75 1.35 1.65 1.0
1.6 1.3 1.7 1.0
1.65 1.4 1.6 1.0
1.65 1.45 1.55 1.0
1.75 1.5 1.5 1.0
1.8 1.25 1.75 1.0
1.6 1.35 1.65 1.0
1.5 1.15 1.85 1.0
1.7 1.25 1.75 1.0
1.7 1.3 1.7 1.0
1.5 1.15 1.85 1.0
1.65 1.2 1.8 1.0
1.55 1.2 1.8 1.0
1.7 1.3 1.7 1.0
1.7 1.25 1.75 1.0
1.6 1.25 1.75 1.0
1.9 1.5 1.5 1.0
1.7 1.35 1.65 1.0
1.8 1.4 1.6 1.0
1.55 1.2 1.8 1.0
1.65 1.3 1.7 1.0
1.8 1.5 1.5 1.0
1.7 1.35 1.65 1.0
1.75 1.45 1.55 1.0
1.75 1.4 1.6 1.0
1.8 1.35 1.65 1.0
1.6 1.35 1.65 1.0
1.55 1.35 1.65 1.0
1.65 1.25 1.75 1.0
1.6 1.2 1.8 1.0
1.85 1.5 1.5 1.0
1.8 1.25 1.75 1.0
1.6 1.3 1.7 1.0
1.6 1.25 1.75 1.0
1.7 1.45 1.55 1.0
1.8 1.3 1.7 1.0
1.6 1.4 1.6 1.0
1.65 1.4 1.6 1.0
1.8 1.5 1.5 1.0
1.6 1.2 1.8 1.0
1.65 1.3 1.7 1.0
1.75 1.4 1.6 1.0
1.8 1.35 1.65 1.0
1.75 1.5 1.5 1.0
1.8 1.55 1.45 1.0
1.75 1.4 1.6 1.0
1.7 1.4 1.6 1.0
1.7 1.4 1.6 1.0
1.55 1.3 1.7 1.0
1.55 1.2 1.8 1.0
1.55 1.3 1.7 1.0
1.6 1.15 1.85 1.0
1.5 1.3 1.7 1.0
1.75 1.6 1.4 1.0
1.6 1.3 1.7 1.0
1.75 1.5 1.5 1.0
1.75 1.4 1.6 1.0
1.6 1.2 1.8 1.0
1.8 1.35 1.65 1.0
1.7 1.4 1.6 1.0
1.65 1.35 1.65 1.0
1.6 1.25 1.75 1.0
1.6 1.35 1.65 1.0
1.45 1.3 1.7 1.0
1.85 1.45 1.55 1.0
1.65 1.25 1.75 1.0
1.55 1.3 1.7 1.0
1.8 1.4 1.6 1.0
1.6 1.35 1.65 1.0
1.6 1.15 1.85 1.0
1.75 1.5 1.5 1.0
1.65 1.35 1.65 1.0
1.55 1.4 1.6 1.0
1.55 1.25 1.75 1.0
1.55 1.2 1.8 1.0
1.65 1.5 1.5 1.0
1.6 1.25 1.75 1.0
1.7 1.25 1.75 1.0
1.5 1.25 1.75 1.0
1.65 1.3 1.7 1.0
1.4 1.2 1.8 1.0
1.7 1.5 1.5 1.0
1.8 1.45 1.55 1.0
1.55 1.3 1.7 1.0
1.75 1.4 1.6 1.0
1.9 1.6 1.4 1.0
1.75 1.25 1.75 1.0
1.6 1.2 1.8 1.0
1.65 1.3 1.7 1.0
1.6 1.4 1.6 1.0
1.45 1.2 1.8 1.0
1.7 1.3 1.7 1.0
1.7 1.35 1.65 1.0
1.85 1.25 1.75 1.0
1.55 1.3 1.7 1.0
1.75 1.5 1.5 1.0
1.65 1.3 1.7 1.0
1.75 1.3 1.7 1.0
1.7 1.3 1.7 1.0
1.55 1.15 1.85 1.0
1.8 1.45 1.55 1.0
1.5 1.25 1.75 1.0
1.8 1.4 1.6 1.0
1.65 1.3 1.7 1.0
1.75 1.3 1.7 1.0
1.95 1.6 1.4 1.0
1.7 1.2 1.8 1.0
1.65 1.3 1.7 1.0
1.55 1.3 1.7 1.0
1.6 1.45 1.55 1.0
1.5 1.2 1.8 1.0
1.6 1.3 1.7 1.0
1.7 1.45 1.55 1.0
1.65 1.35 1.65 1.0
1.7 1.45 1.55 1.0
1.8 1.25 1.75 1.0
1.75 1.4 1.6 1.0
1.7 1.3 1.7 1.0
1.65 1.3 1.7 1.0
1.65 1.35 1.65 1.0
1.65 1.25 1.75 1.0
1.65 1.2 1.8 1.0
1.65 1.25 1.75 1.0
1.85 1.45 1.55 1.0
1.7 1.45 1.55 1.0
1.6 1.4 1.6 1.0
1.9 1.5 1.5 1.0
1.8 1.55 1.45 1.0
1.8 1.4 1.6 1.0
1.7 1.25 1.75 1.0
1.5 1.3 1.7 1.0
1.75 1.25 1.75 1.0
1.65 1.3 1.7 1.0
1.75 1.45 1.55 1.0
1.7 1.25 1.75 1.0
1.65 1.3 1.7 1.0
1.55 1.25 1.75 1.0
1.55 1.3 1.7 1.0
1.85 1.45 1.55 1.0
1.6 1.35 1.65 1.0
1.65 1.45 1.55 1.0
1.7 1.35 1.65 1.0
1.7 1.3 1.7 1.0
1.55 1.35 1.65 1.0
1.65 1.45 1.55 1.0
1.75 1.4 1.6 1.0
1.6 1.15 1.85 1.0
1.65 1.2 1.8 1.0
1.7 1.3 1.7 1.0
1.7 1.4 1.6 1.0
1.6 1.05 1.95 1.0
1.55 1.3 1.7 1.0
1.5 1.15 1.85 1.0
1.6 1.3 1.7 1.0
1.8 1.25 1.75 1.0
1.7 1.2 1.8 1.0
1.7 1.35 1.65 1.0
1.85 1.45 1.55 1.0
1.8 1.4 1.6 1.0
1.7 1.3 1.7 1.0
1.65 1.4 1.6 1.0
1.65 1.4 1.6 1.0
1.6 1.4 1.6 1.0
1.7 1.45 1.55 1.0
1.75 1.35 1.65 1.0
1.65 1.25 1.75 1.0
1.75 1.3 1.7 1.0
1.6 1.3 1.7 1.0
1.65 1.25 1.75 1.0
1.65 1.25 1.75 1.0
1.85 1.45 1.55 1.0
1.65 1.35 1.65 1.0
1.9 1.6 1.4 1.0
1.7 1.4 1.6 1.0
1.5 1.15 1.85 1.0
1.5 1.25 1.75 1.0
1.75 1.4 1.6 1.0
1.7 1.4 1.6 1.0
1.65 1.35 1.65 1.0
1.65 1.3 1.7 1.0
1.55 1.3 1.7 1.0
1.65 1.5 1.5 1.0
1.7 1.25 1.75 1.0
1.45 1.2 1.8 1.0
1.75 1.35 1.65 1.0
1.65 1.3 1.7 1.0
1.85 1.4 1.6 1.0
1.6 1.4 1.6 1.0
1.65 1.35 1.65 1.0
1.65 1.3 1.7 1.0
1.85 1.3 1.7 1.0
1.5 1.2 1.8 1.0
1.65 1.4 1.6 1.0
1.7 1.35 1.65 1.0
1.8 1.3 1.7 1.0
1.8 1.4 1.6 1.0
1.55 1.2 1.8 1.0
1.45 1.2 1.8 1.0
1.7 1.25 1.75 1.0
1.9 1.55 1.45 1.0
1.65 1.2 1.8 1.0
1.6 1.4 1.6 1.0
1.6 1.35 1.65 1.0
1.5 1.15 1.85 1.0
1.9 1.4 1.6 1.0
1.45 1.25 1.75 1.0
1.7 1.45 1.55 1.0
1.7 1.35 1.65 1.0
1.65 1.35 1.65 1.0
1.65 1.3 1.7 1.0
1.7 1.4 1.6 1.0
1.6 1.25 1.75 1.0
1.8 1.65 1.35 1.0
1.45 1.35 1.65 1.0
1.5 1.2 1.8 1.0
1.65 1.5 1.5 1.0
1.85 1.4 1.6 1.0
1.55 1.4 1.6 1.0
1.7 1.45 1.55 1.0
1.65 1.3 1.7 1.0
1.7 1.4 1.6 1.0
1.65 1.2 1.8 1.0
1.55 1.15 1.85 1.0
1.8 1.25 1.75 1.0
1.75 1.35 1.65 1.0
1.65 1.4 1.6 1.0
1.7 1.45 1.55 1.0
1.6 1.4 1.6 1.0
1.6 1.25 1.75 1.0
1.8 1.35 1.65 1.0
1.75 1.4 1.6 1.0
1.65 1.25 1.75 1.0
1.6 1.3 1.7 1.0
1.6 1.5 1.5 1.0
1.65 1.3 1.7 1.0
1.55 1.4 1.6 1.0
1.55 1.3 1.7 1.0
1.55 1.25 1.75 1.0
1.7 1.35 1.65 1.0
1.6 1.2 1.8 1.0
1.6 1.3 1.7 1.0
1.6 1.45 1.55 1.0
1.5 1.1 1.9 1.0
1.65 1.3 1.7 1.0
1.65 1.15 1.85 1.0
1.65 1.4 1.6 1.0
1.55 1.3 1.7 1.0
1.8 1.25 1.75 1.0
1.6 1.3 1.7 1.0
1.85 1.5 1.5 1.0
1.85 1.5 1.5 1.0
1.8 1.3 1.7 1.0
1.6 1.4 1.6 1.0
1.5 1.2 1.8 1.0
1.6 1.45 1.55 1.0
1.7 1.45 1.55 1.0
1.85 1.45 1.55 1.0
1.55 1.1 1.9 1.0
1.4 1.2 1.8 1.0
1.75 1.25 1.75 1.0
1.6 1.15 1.85 1.0
1.75 1.4 1.6 1.0
1.65 1.35 1.65 1.0
1.6 1.35 1.65 1.0
1.7 1.2 1.8 1.0
1.5 1.4 1.6 1.0
1.7 1.45 1.55 1.0
1.7 1.3 1.7 1.0
1.6 1.4 1.6 1.0
1.8 1.45 1.55 1.0
1.55 1.35 1.65 1.0
1.65 1.35 1.65 1.0
1.9 1.65 1.35 1.0
1.65 1.25 1.75 1.0
1.55 1.3 1.7 1.0
1.7 1.4 1.6 1.0
1.6 1.25 1.75 1.0
1.65 1.3 1.7 1.0
1.65 1.45 1.55 1.0
1.6 1.35 1.65 1.0
1.7 1.45 1.55 1.0
1.6 1.3 1.7 1.0
1.75 1.45 1.55 1.0
1.6 1.3 1.7 1.0
1.5 1.1 1.9 1.0
1.5 1.4 1.6 1.0
1.65 1.3 1.7 1.0
1.7 1.4 1.6 1.0
1.8 1.45 1.55 1.0
1.75 1.25 1.75 1.0
1.65 1.3 1.7 1.0
1.65 1.45 1.55 1.0
1.6 1.3 1.7 1.0
1.75 1.2 1.8 1.0
1.75 1.45 1.55 1.0
1.65 1.3 1.7 1.0
1.65 1.4 1.6 1.0
1.6 1.35 1.65 1.0
1.75 1.2 1.8 1.0
1.6 1.25 1.75 1.0
1.9 1.55 1.45 1.0
1.6 1.25 1.75 1.0
1.7 1.25 1.75 1.0
1.55 1.2 1.8 1.0
1.75 1.5 1.5 1.0
1.6 1.3 1.7 1.0
1.6 1.35 1.65 1.0
1.85 1.45 1.55 1.0
1.9 1.5 1.5 1.0
1.8 1.35 1.65 1.0
1.75 1.45 1.55 1.0
1.65 1.25 1.75 1.0
1.85 1.5 1.5 1.0
1.5 1.25 1.75 1.0
1.7 1.4 1.6 1.0
1.5 1.25 1.75 1.0
1.6 1.25 1.75 1.0
1.55 1.3 1.7 1.0
1.8 1.45 1.55 1.0
1.65 1.3 1.7 1.0
1.7 1.4 1.6 1.0
1.65 1.35 1.65 1.0
1.65 1.35 1.65 1.0
1.6 1.4 1.6 1.0
1.8 1.5 1.5 1.0
1.5 1.3 1.7 1.0
1.6 1.25 1.75 1.0
1.7 1.3 1.7 1.0
1.7 1.4 1.6 1.0
1.85 1.4 1.6 1.0
1.75 1.4 1.6 1.0
1.75 1.25 1.75 1.0
1.55 1.2 1.8 1.0
1.8 1.4 1.6 1.0
1.65 1.55 1.45 1.0
1.7 1.35 1.65 1.0
1.7 1.35 1.65 1.0
1.7 1.4 1.6 1.0
1.45 1.3 1.7 1.0
1.8 1.4 1.6 1.0
1.6 1.3 1.7 1.0
1.65 1.5 1.5 1.0
1.65 1.3 1.7 1.0
1.7 1.25 1.75 1.0
1.5 1.15 1.85 1.0
1.6 1.3 1.7 1.0
1.65 1.45 1.55 1.0
1.75 1.4 1.6 1.0
1.45 1.3 1.7 1.0
1.85 1.45 1.55 1.0
1.6 1.3 1.7 1.0
1.6 1.4 1.6 1.0
1.55 1.4 1.6 1.0
1.85 1.4 1.6 1.0
1.75 1.25 1.75 1.0
1.6 1.3 1.7 1.0
1.8 1.3 1.7 1.0
1.75 1.55 1.45 1.0
1.7 1.35 1.65 1.0
1.75 1.25 1.75 1.0
1.55 1.35 1.65 1.0
1.7 1.3 1.7 1.0
1.55 1.4 1.6 1.0
1.65 1.4 1.6 1.0
1.7 1.3 1.7 1.0
1.6 1.3 1.7 1.0
1.8 1.55 1.45 1.0
1.55 1.2 1.8 1.0
1.75 1.45 1.55 1.0
1.6 1.25 1.75 1.0
1.8 1.45 1.55 1.0
1.6 1.3 1.7 1.0
1.5 1.2 1.8 1.0
1.8 1.3 1.7 1.0
1.75 1.4 1.6 1.0
1.6 1.3 1.7 1.0
1.5 1.2 1.8 1.0
1.6 1.3 1.7 1.0
1.85 1.45 1.55 1.0
1.7 1.4 1.6 1.0
1.7 1.25 1.75 1.0
1.75 1.45 1.55 1.0
1.7 1.35 1.65 1.0
1.65 1.3 1.7 1.0
1.75 1.45 1.55 1.0
1.45 1.3 1.7 1.0
1.5 1.25 1.75 1.0
1.7 1.6 1.4 1.0
1.65 1.2 1.8 1.0
1.75 1.4 1.6 1.0
1.6 1.3 1.7 1.0
1.65 1.35 1.65 1.0
1.8 1.4 1.6 1.0
1.75 1.5 1.5 1.0
1.75 1.2 1.8 1.0
1.6 1.4 1.6 1.0
1.7 1.35 1.65 1.0
1.65 1.2 1.8 1.0
1.7 1.25 1.75 1.0
1.75 1.35 1.65 1.0
1.8 1.45 1.55 1.0
1.45 1.3 1.7 1.0
1.7 1.4 1.6 1.0
1.55 1.25 1.75 1.0
1.7 1.5 1.5 1.0
1.6 1.3 1.7 1.0
1.7 1.3 1.7 1.0
1.75 1.45 1.55 1.0
1.45 1.35 1.65 1.0
1.65 1.25 1.75 1.0
1.7 1.5 1.5 1.0
1.65 1.35 1.65 1.0
1.65 1.35 1.65 1.0
1.75 1.4 1.6 1.0
1.55 1.25 1.75 1.0
1.4 1.25 1.75 1.0
1.7 1.3 1.7 1.0
1.55 1.3 1.7 1.0
1.55 1.35 1.65 1.0
1.6 1.25 1.75 1.0
1.55 1.3 1.7 1.0
1.8 1.3 1.7 1.0
1.7 1.45 1.55 1.0
1.8 1.3 1.7 1.0
1.8 1.2 1.8 1.0
1.8 1.25 1.75 1.0
1.65 1.2 1.8 1.0
1.65 1.15 1.85 1.0
1.6 1.3 1.7 1.0
1.6 1.25 1.75 1.0
1.8 1.4 1.6 1.0
1.9 1.45 1.55 1.0
1.6 1.25 1.75 1.0
1.7 1.35 1.65 1.0
1.55 1.3 1.7 1.0
1.65 1.2 1.8 1.0
1.7 1.3 1.7 1.0
1.75 1.45 1.55 1.0
1.55 1.15 1.85 1.0
1.6 1.25 1.75 1.0
1.65 1.35 1.65 1.0
1.65 1.25 1.75 1.0
1.85 1.35 1.65 1.0
1.7 1.25 1.75 1.0
1.75 1.5 1.5 1.0
1.55 1.3 1.7 1.0
1.35 1.15 1.85 1.0
1.65 1.2 1.8 1.0
1.6 1.35 1.65 1.0
1.75 1.4 1.6 1.0
1.6 1.2 1.8 1.0
1.5 1.1 1.9 1.0
1.65 1.4 1.6 1.0
1.7 1.4 1.6 1.0
1.6 1.35 1.65 1.0
1.7 1.35 1.65 1.0
1.65 1.45 1.55 1.0
1.55 1.3 1.7 1.0
1.7 1.35 1.65 1.0
1.55 1.4 1.6 1.0
1.6 1.35 1.65 1.0
1.7 1.3 1.7 1.0
1.6 1.4 1.6 1.0
1.8 1.6 1.4 1.0
1.95 1.35 1.65 1.0
1.65 1.3 1.7 1.0
1.75 1.5 1.5 1.0
1.6 1.45 1.55 1.0
1.6 1.15 1.85 1.0
1.7 1.3 1.7 1.0
1.5 1.2 1.8 1.0
1.7 1.3 1.7 1.0
1.9 1.45 1.55 1.0
1.95 1.55 1.45 1.0
1.6 1.45 1.55 1.0
1.7 1.45 1.55 1.0
1.85 1.35 1.65 1.0
1.5 1.25 1.75 1.0
1.7 1.45 1.55 1.0
1.65 1.25 1.75 1.0
1.6 1.4 1.6 1.0
1.75 1.25 1.75 1.0
1.6 1.35 1.65 1.0
1.6 1.35 1.65 1.0
1.6 1.3 1.7 1.0
1.7 1.25 1.75 1.0
1.85 1.4 1.6 1.0
1.7 1.3 1.7 1.0
1.65 1.35 1.65 1.0
1.6 1.4 1.6 1.0
1.7 1.35 1.65 1.0
1.6 1.4 1.6 1.0
1.7 1.3 1.7 1.0
1.7 1.3 1.7 1.0
1.6 1.3 1.7 1.0
1.8 1.4 1.6 1.0
1.45 1.2 1.8 1.0
1.8 1.45 1.55 1.0
1.75 1.3 1.7 1.0
1.65 1.4 1.6 1.0
1.65 1.15 1.85 1.0
1.7 1.25 1.75 1.0
1.6 1.3 1.7 1.0
1.8 1.35 1.65 1.0
1.6 1.3 1.7 1.0
1.5 1.25 1.75 1.0
1.7 1.45 1.55 1.0
1.55 1.1 1.9 1.0
1.6 1.4 1.6 1.0
1.6 1.3 1.7 1.0
1.75 1.35 1.65 1.0
1.85 1.3 1.7 1.0
1.6 1.3 1.7 1.0
1.75 1.6 1.4 1.0
1.55 1.25 1.75 1.0
1.8 1.45 1.55 1.0
1.65 1.4 1.6 1.0
1.65 1.25 1.75 1.0
1.65 1.35 1.65 1.0
1.75 1.55 1.45 1.0
1.65 1.15 1.85 1.0
1.75 1.45 1.55 1.0
1.75 1.3 1.7 1.0
1.75 1.45 1.55 1.0
1.6 1.35 1.65 1.0
1.45 1.25 1.75 1.0
1.65 1.35 1.65 1.0
1.8 1.4 1.6 1.0
1.55 1.2 1.8 1.0
1.8 1.5 1.5 1.0
1.95 1.4 1.6 1.0
1.7 1.4 1.6 1.0
1.8 1.45 1.55 1.0
1.5 1.3 1.7 1.0
1.65 1.35 1.65 1.0
1.75 1.15 1.85 1.0
1.8 1.45 1.55 1.0
1.65 1.2 1.8 1.0
1.5 1.25 1.75 1.0
1.65 1.25 1.75 1.0
1.75 1.25 1.75 1.0
1.6 1.3 1.7 1.0
1.8 1.4 1.6 1.0
1.55 1.2 1.8 1.0
1.65 1.3 1.7 1.0
1.7 1.3 1.7 1.0
1.7 1.25 1.75 1.0
1.75 1.4 1.6 1.0
1.75 1.3 1.7 1.0
1.65 1.25 1.75 1.0
1.65 1.3 1.7 1.0
1.65 1.45 1.55 1.0
1.6 1.2 1.8 1.0
1.6 1.2 1.8 1.0
1.75 1.65 1.35 1.0
1.8 1.3 1.7 1.0
1.75 1.25 1.75 1.0
1.9 1.5 1.5 1.0
1.75 1.35 1.65 1.0
1.8 1.45 1.55 1.0
1.75 1.55 1.45 1.0
1.75 1.55 1.45 1.0
1.5 1.15 1.85 1.0
1.7 1.2 1.8 1.0
1.7 1.3 1.7 1.0
1.8 1.45 1.55 1.0
1.75 1.35 1.65 1.0
1.8 1.5 1.5 1.0
1.65 1.25 1.75 1.0
1.7 1.35 1.65 1.0
1.45 1.05 1.95 1.0
1.75 1.5 1.5 1.0
1.55 1.35 1.65 1.0
1.75 1.35 1.65 1.0
1.6 1.25 1.75 1.0
1.7 1.25 1.75 1.0
1.65 1.35 1.65 1.0
1.6 1.3 1.7 1.0
1.65 1.35 1.65 1.0
1.65 1.25 1.75 1.0
1.65 1.3 1.7 1.0
1.65 1.45 1.55 1.0
1.85 1.5 1.5 1.0
1.8 1.5 1.5 1.0
1.85 1.5 1.5 1.0
1.85 1.25 1.75 1.0
1.7 1.35 1.65 1.0
1.6 1.35 1.65 1.0
1.6 1.4 1.6 1.0
1.75 1.35 1.65 1.0
1.7 1.3 1.7 1.0
1.6 1.35 1.65 1.0
1.8 1.35 1.65 1.0
1.7 1.3 1.7 1.0
1.55 1.2 1.8 1.0
1.65 1.5 1.5 1.0
1.75 1.4 1.6 1.0
1.6 1.35 1.65 1.0
1.6 1.3 1.7 1.0
1.7 1.4 1.6 1.0
1.55 1.2 1.8 1.0
1.75 1.3 1.7 1.0
1.65 1.5 1.5 1.0
1.65 1.4 1.6 1.0
1.5 1.3 1.7 1.0
1.75 1.25 1.75 1.0
1.7 1.4 1.6 1.0
1.65 1.3 1.7 1.0
1.8 1.3 1.7 1.0
1.55 1.25 1.75 1.0
1.7 1.3 1.7 1.0
1.6 1.35 1.65 1.0
1.6 1.25 1.75 1.0
1.65 1.5 1.5 1.0
1.8 1.45 1.55 1.0
1.6 1.2 1.8 1.0
1.7 1.2 1.8 1.0
1.6 1.3 1.7 1.0
1.6 1.35 1.65 1.0
1.8 1.3 1.7 1.0
1.65 1.4 1.6 1.0
1.7 1.3 1.7 1.0
1.85 1.45 1.55 1.0
1.6 1.2 1.8 1.0
1.75 1.35 1.65 1.0
1.65 1.35 1.65 1.0
1.55 1.45 1.55 1.0
1.75 1.5 1.5 1.0
1.5 1.25 1.75 1.0
1.6 1.4 1.6 1.0
1.75 1.35 1.65 1.0
1.65 1.45 1.55 1.0
1.7 1.35 1.65 1.0
1.9 1.55 1.45 1.0
1.6 1.2 1.8 1.0
1.7 1.4 1.6 1.0
1.75 1.35 1.65 1.0
1.65 1.25 1.75 1.0
1.7 1.45 1.55 1.0
1.8 1.45 1.55 1.0
1.5 1.25 1.75 1.0
1.7 1.3 1.7 1.0
1.6 1.25 1.75 1.0
1.65 1.25 1.75 1.0
1.65 1.3 1.7 1.0
1.7 1.3 1.7 1.0
1.7 1.25 1.75 1.0
1.6 1.3 1.7 1.0
1.55 1.35 1.65 1.0
1.85 1.5 1.5 1.0
1.55 1.15 1.85 1.0
1.55 1.1 1.9 1.0
1.6 1.25 1.75 1.0
1.65 1.45 1.55 1.0
1.7 1.3 1.7 1.0
1.65 1.3 1.7 1.0
1.6 1.3 1.7 1.0
1.55 1.3 1.7 1.0
1.8 1.4 1.6 1.0
1.75 1.35 1.65 1.0
1.65 1.35 1.65 1.0
1.7 1.35 1.65 1.0
1.8 1.45 1.55 1.0
1.7 1.45 1.55 1.0
1.6 1.25 1.75 1.0
1.55 1.35 1.65 1.0
1.75 1.3 1.7 1.0
1.85 1.3 1.7 1.0
1.55 1.3 1.7 1.0
1.55 1.35 1.65 1.0
1.75 1.3 1.7 1.0
1.65 1.3 1.7 1.0
1.65 1.3 1.7 1.0
1.75 1.35 1.65 1.0
1.8 1.4 1.6 1.0
1.6 1.3 1.7 1.0
1.95 1.4 1.6 1.0
1.75 1.3 1.7 1.0
1.8 1.4 1.6 1.0
1.5 1.25 1.75 1.0
1.75 1.55 1.45 1.0
1.75 1.4 1.6 1.0
1.6 1.25 1.75 1.0
1.6 1.25 1.75 1.0
1.6 1.2 1.8 1.0
1.6 1.3 1.7 1.0
1.5 1.0 2.0 1.0
1.7 1.4 1.6 1.0
1.6 1.25 1.75 1.0
1.6 1.5 1.5 1.0
1.75 1.25 1.75 1.0
1.65 1.35 1.65 1.0
1.65 1.2 1.8 1.0
1.65 1.25 1.75 1.0
1.65 1.55 1.45 1.0
1.75 1.4 1.6 1.0
1.85 1.4 1.6 1.0
1.7 1.45 1.55 1.0
1.7 1.5 1.5 1.0
1.65 1.25 1.75 1.0
1.85 1.5 1.5 1.0
1.55 1.5 1.5 1.0
1.7 1.15 1.85 1.0
1.9 1.45 1.55 1.0
1.55 1.45 1.55 1.0
1.75 1.4 1.6 1.0
1.85 1.45 1.55 1.0
1.7 1.2 1.8 1.0
1.55 1.45 1.55 1.0
1.75 1.45 1.55 1.0
1.65 1.45 1.55 1.0
1.6 1.2 1.8 1.0
1.85 1.4 1.6 1.0
1.55 1.3 1.7 1.0
1.7 1.5 1.5 1.0
1.6 1.4 1.6 1.0
1.6 1.25 1.75 1.0
1.75 1.3 1.7 1.0
1.6 1.15 1.85 1.0
1.65 1.35 1.65 1.0
1.7 1.35 1.65 1.0
1.75 1.35 1.65 1.0
1.45 1.15 1.85 1.0
1.55 1.25 1.75 1.0
1.9 1.4 1.6 1.0
1.4 1.2 1.8 1.0
1.55 1.3 1.7 1.0
1.8 1.3 1.7 1.0
1.6 1.25 1.75 1.0
1.65 1.35 1.65 1.0
1.75 1.5 1.5 1.0
1.6 1.45 1.55 1.0
1.65 1.45 1.55 1.0
1.7 1.3 1.7 1.0
1.75 1.4 1.6 1.0
1.6 1.25 1.75 1.0
1.65 1.3 1.7 1.0
1.5 1.3 1.7 1.0
1.6 1.25 1.75 1.0
1.65 1.35 1.65 1.0
1.8 1.5 1.5 1.0
1.8 1.55 1.45 1.0
1.8 1.5 1.5 1.0
1.65 1.25 1.75 1.0
1.7 1.5 1.5 1.0
1.8 1.3 1.7 1.0
1.6 1.3 1.7 1.0
1.65 1.2 1.8 1.0
1.65 1.15 1.85 1.0
1.5 1.15 1.85 1.0
1.55 1.3 1.7 1.0
1.65 1.5 1.5 1.0
1.65 1.35 1.65 1.0
1.85 1.5 1.5 1.0
1.7 1.4 1.6 1.0
1.65 1.35 1.65 1.0
1.55 1.45 1.55 1.0
1.5 1.15 1.85 1.0
1.65 1.3 1.7 1.0
1.55 1.35 1.65 1.0
1.6 1.35 1.65 1.0
1.7 1.35 1.65 1.0
1.55 1.2 1.8 1.0
1.7 1.35 1.65 1.0
1.6 1.35 1.65 1.0
1.75 1.4 1.6 1.0
1.65 1.25 1.75 1.0
1.55 1.4 1.6 1.0
1.6 1.2 1.8 1.0
1.45 1.25 1.75 1.0
1.65 1.25 1.75 1.0
1.6 1.2 1.8 1.0
1.65 1.3 1.7 1.0
1.8 1.3 1.7 1.0
1.7 1.5 1.5 1.0
1.65 1.3 1.7 1.0
1.65 1.25 1.75 1.0
1.65 1.25 1.75 1.0
1.6 1.35 1.65 1.0
1.65 1.3 1.7 1.0
1.55 1.25 1.75 1.0
1.55 1.35 1.65 1.0
1.6 1.3 1.7 1.0
1.85 1.45 1.55 1.0
1.75 1.25 1.75 1.0
1.85 1.55 1.45 1.0
1.55 1.4 1.6 1.0
1.6 1.35 1.65 1.0
1.55 1.35 1.65 1.0
1.8 1.5 1.5 1.0
1.85 1.4 1.6 1.0
1.85 1.6 1.4 1.0
1.75 1.3 1.7 1.0
1.65 1.25 1.75 1.0
1.45 1.25 1.75 1.0
1.6 1.3 1.7 1.0
1.6 1.35 1.65 1.0
1.8 1.25 1.75 1.0
1.9 1.35 1.65 1.0
1.6 1.25 1.75 1.0
1.65 1.3 1.7 1.0
1.5 1.4 1.6 1.0
1.7 1.45 1.55 1.0
1.75 1.3 1.7 1.0
1.45 1.05 1.95 1.0
1.65 1.4 1.6 1.0
1.8 1.45 1.55 1.0
1.65 1.45 1.55 1.0
1.9 1.5 1.5 1.0
1.6 1.35 1.65 1.0
1.65 1.45 1.55 1.0
1.65 1.35 1.65 1.0
1.7 1.4 1.6 1.0
1.55 1.15 1.85 1.0
1.5 1.2 1.8 1.0
1.5 1.3 1.7 1.0
1.7 1.35 1.65 1.0
1.65 1.1 1.9 1.0
1.45 1.25 1.75 1.0
1.7 1.25 1.75 1.0
1.55 1.3 1.7 1.0
1.8 1.25 1.75 1.0
1.65 1.25 1.75 1.0
1.7 1.35 1.65 1.0
1.6 1.3 1.7 1.0
1.7 1.25 1.75 1.0
1.65 1.2 1.8 1.0
1.6 1.35 1.65 1.0
1.75 1.35 1.65 1.0
1.4 1.2 1.8 1.0
1.55 1.15 1.85 1.0
1.4 1.15 1.85 1.0
1.6 1.4 1.6 1.0
1.7 1.3 1.7 1.0
1.35 1.2 1.8 1.0
1.55 1.35 1.65 1.0
1.6 1.2 1.8 1.0
1.7 1.3 1.7 1.0
1.75 1.25 1.75 1.0
1.65 1.5 1.5 1.0
1.6 1.4 1.6 1.0
1.45 1.25 1.75 1.0
1.6 1.25 1.75 1.0
1.7 1.25 1.75 1.0
1.8 1.5 1.5 1.0
1.7 1.4 1.6 1.0
1.5 1.2 1.8 1.0
1.75 1.35 1.65 1.0
1.8 1.6 1.4 1.0
1.7 1.25 1.75 1.0
1.75 1.4 1.6 1.0
1.7 1.35 1.65 1.0
1.6 1.3 1.7 1.0
1.55 1.25 1.75 1.0
1.6 1.25 1.75 1.0
1.6 1.3 1.7 1.0
1.6 1.25 1.75 1.0
1.45 1.35 1.65 1.0
1.8 1.5 1.5 1.0
1.65 1.4 1.6 1.0
1.8 1.55 1.45 1.0
1.75 1.3 1.7 1.0
1.55 1.25 1.75 1.0
1.6 1.35 1.65 1.0
1.85 1.2 1.8 1.0
1.7 1.35 1.65 1.0
1.6 1.15 1.85 1.0
1.6 1.3 1.7 1.0
1.7 1.2 1.8 1.0
1.6 1.25 1.75 1.0
1.75 1.5 1.5 1.0
1.65 1.4 1.6 1.0
1.55 1.1 1.9 1.0
1.6 1.25 1.75 1.0
1.6 1.4 1.6 1.0
1.6 1.25 1.75 1.0
1.7 1.55 1.45 1.0
1.7 1.4 1.6 1.0
1.65 1.2 1.8 1.0
1.7 1.45 1.55 1.0
1.6 1.4 1.6 1.0
1.65 1.25 1.75 1.0
1.6 1.2 1.8 1.0
1.75 1.45 1.55 1.0
1.65 1.35 1.65 1.0
1.55 1.4 1.6 1.0
1.7 1.3 1.7 1.0
1.6 1.3 1.7 1.0
1.45 1.15 1.85 1.0
1.5 1.2 1.8 1.0
1.75 1.2 1.8 1.0
1.65 1.2 1.8 1.0
1.55 1.35 1.65 1.0
1.65 1.2 1.8 1.0
1.7 1.5 1.5 1.0
1.5 1.15 1.85 1.0
1.8 1.4 1.6 1.0
1.65 1.35 1.65 1.0
1.5 1.2 1.8 1.0
1.85 1.3 1.7 1.0
1.65 1.25 1.75 1.0
1.65 1.35 1.65 1.0
1.6 1.35 1.65 1.0
1.6 1.35 1.65 1.0
1.7 1.25 1.75 1.0
1.75 1.3 1.7 1.0
1.7 1.35 1.65 1.0
1.55 1.2 1.8 1.0
1.8 1.5 1.5 1.0
1.7 1.4 1.6 1.0
1.8 1.4 1.6 1.0
1.65 1.25 1.75 1.0
1.75 1.45 1.55 1.0
1.7 1.3 1.7 1.0
1.65 1.4 1.6 1.0
1.75 1.5 1.5 1.0
1.85 1.4 1.6 1.0
1.55 1.3 1.7 1.0
1.75 1.25 1.75 1.0
1.4 1.15 1.85 1.0
1.6 1.25 1.75 1.0
1.5 1.2 1.8 1.0
1.55 1.3 1.7 1.0
1.6 1.25 1.75 1.0
1.7 1.3 1.7 1.0
1.7 1.35 1.65 1.0
1.55 1.1 1.9 1.0
1.75 1.35 1.65 1.0
1.5 1.15 1.85 1.0
1.55 1.35 1.65 1.0
1.55 1.35 1.65 1.0
1.6 1.2 1.8 1.0
1.7 1.3 1.7 1.0
1.75 1.3 1.7 1.0
1.7 1.3 1.7 1.0
1.65 1.3 1.7 1.0
1.5 1.2 1.8 1.0
1.6 1.25 1.75 1.0
1.7 1.25 1.75 1.0
1.7 1.35 1.65 1.0
1.7 1.15 1.85 1.0
1.6 1.25 1.75 1.0
1.7 1.2 1.8 1.0
1.55 1.1 1.9 1.0
1.6 1.25 1.75 1.0
1.45 1.15 1.85 1.0
1.75 1.35 1.65 1.0
1.6 1.25 1.75 1.0
1.75 1.4 1.6 1.0
1.8 1.35 1.65 1.0
1.75 1.4 1.6 1.0
1.6 1.3 1.7 1.0
1.65 1.4 1.6 1.0
1.6 1.15 1.85 1.0
1.8 1.45 1.55 1.0
1.6 1.5 1.5 1.0
1.7 1.5 1.5 1.0
1.5 1.4 1.6 1.0
1.7 1.2 1.8 1.0
1.7 1.45 1.55 1.0
1.55 1.3 1.7 1.0
1.6 1.4 1.6 1.0
1.75 1.55 1.45 1.0
1.5 1.35 1.65 1.0
1.5 1.45 1.55 1.0
1.7 1.35 1.65 1.0
1.5 1.2 1.8 1.0
1.8 1.5 1.5 1.0
1.55 1.3 1.7 1.0
1.75 1.55 1.45 1.0
1.85 1.4 1.6 1.0
1.7 1.4 1.6 1.0
1.65 1.3 1.7 1.0
1.8 1.5 1.5 1.0
1.65 1.35 1.65 1.0
1.8 1.45 1.55 1.0
1.65 1.3 1.7 1.0
1.8 1.45 1.55 1.0
1.65 1.35 1.65 1.0
1.45 1.3 1.7 1.0
1.85 1.45 1.55 1.0
1.75 1.2 1.8 1.0
1.3 1.2 1.8 1.0
1.8 1.45 1.55 1.0
1.85 1.55 1.45 1.0
1.8 1.25 1.75 1.0
1.6 1.4 1.6 1.0
1.55 1.15 1.85 1.0
1.45 1.3 1.7 1.0
1.65 1.4 1.6 1.0
1.6 1.35 1.65 1.0
1.6 1.35 1.65 1.0
1.55 1.2 1.8 1.0
1.75 1.4 1.6 1.0
1.7 1.4 1.6 1.0
1.6 1.15 1.85 1.0
1.55 1.15 1.85 1.0
1.6 1.15 1.85 1.0
1.6 1.25 1.75 1.0
1.85 1.35 1.65 1.0
1.85 1.45 1.55 1.0
1.7 1.35 1.65 1.0
1.6 1.3 1.7 1.0
1.65 1.4 1.6 1.0
1.9 1.35 1.65 1.0
1.75 1.25 1.75 1.0
1.55 1.3 1.7 1.0
1.7 1.25 1.75 1.0
1.45 1.15 1.85 1.0
1.6 1.15 1.85 1.0
1.75 1.35 1.65 1.0
1.7 1.3 1.7 1.0
1.5 1.35 1.65 1.0
1.6 1.25 1.75 1.0
1.75 1.5 1.5 1.0
1.6 1.4 1.6 1.0
1.55 1.3 1.7 1.0
1.7 1.4 1.6 1.0
1.55 1.3 1.7 1.0
1.6 1.2 1.8 1.0
1.7 1.4 1.6 1.0
1.6 1.4 1.6 1.0
1.6 1.35 1.65 1.0
1.65 1.25 1.75 1.0
1.6 1.2 1.8 1.0
1.55 1.5 1.5 1.0
1.65 1.25 1.75 1.0
1.75 1.3 1.7 1.0
1.7 1.4 1.6 1.0
1.7 1.5 1.5 1.0
1.65 1.45 1.55 1.0
1.6 1.35 1.65 1.0
1.8 1.35 1.65 1.0
1.8 1.4 1.6 1.0
1.75 1.4 1.6 1.0
1.65 1.35 1.65 1.0
1.6 1.4 1.6 1.0
1.75 1.6 1.4 1.0
1.65 1.35 1.65 1.0
1.65 1.25 1.75 1.0
1.8 1.5 1.5 1.0
1.55 1.3 1.7 1.0
1.65 1.15 1.85 1.0
1.7 1.35 1.65 1.0
1.55 1.1 1.9 1.0
1.7 1.35 1.65 1.0
1.65 1.25 1.75 1.0
1.6 1.25 1.75 1.0
1.7 1.4 1.6 1.0
1.7 1.35 1.65 1.0
1.45 1.25 1.75 1.0
1.6 1.4 1.6 1.0
1.7 1.45 1.55 1.0
1.75 1.45 1.55 1.0
1.6 1.25 1.75 1.0
1.55 1.1 1.9 1.0
1.75 1.55 1.45 1.0
1.7 1.4 1.6 1.0
1.55 1.2 1.8 1.0
1.65 1.3 1.7 1.0
1.85 1.4 1.6 1.0
1.8 1.15 1.85 1.0
1.65 1.35 1.65 1.0
1.7 1.35 1.65 1.0
1.8 1.35 1.65 1.0
1.8 1.35 1.65 1.0
1.8 1.5 1.5 1.0
1.75 1.45 1.55 1.0
1.5 1.2 1.8 1.0
1.55 1.4 1.6 1.0
1.8 1.35 1.65 1.0
1.55 1.3 1.7 1.0
1.65 1.3 1.7 1.0
1.75 1.45 1.55 1.0
1.65 1.3 1.7 1.0
1.75 1.3 1.7 1.0
1.8 1.4 1.6 1.0
1.9 1.25 1.75 1.0
1.6 1.35 1.65 1.0
1.6 1.35 1.65 1.0
1.5 1.4 1.6 1.0
1.65 1.35 1.65 1.0
1.65 1.25 1.75 1.0
1.55 1.3 1.7 1.0
1.65 1.45 1.55 1.0
1.55 1.35 1.65 1.0
1.7 1.25 1.75 1.0
1.7 1.4 1.6 1.0
1.8 1.5 1.5 1.0
1.55 1.2 1.8 1.0
1.75 1.35 1.65 1.0
1.7 1.35 1.65 1.0
1.65 1.4 1.6 1.0
1.45 1.25 1.75 1.0
1.65 1.45 1.55 1.0
1.6 1.3 1.7 1.0
1.8 1.55 1.45 1.0
1.75 1.55 1.45 1.0
1.7 1.3 1.7 1.0
1.65 1.2 1.8 1.0
1.7 1.35 1.65 1.0
1.75 1.4 1.6 1.0
1.85 1.4 1.6 1.0
1.65 1.1 1.9 1.0
1.6 1.35 1.65 1.0
1.7 1.25 1.75 1.0
1.8 1.45 1.55 1.0
1.85 1.45 1.55 1.0
1.75 1.35 1.65 1.0
1.65 1.2 1.8 1.0
1.55 1.3 1.7 1.0
1.55 1.1 1.9 1.0
1.55 1.15 1.85 1.0
1.55 1.15 1.85 1.0
1.8 1.6 1.4 1.0
1.6 1.3 1.7 1.0
1.6 1.2 1.8 1.0
1.65 1.15 1.85 1.0
1.6 1.2 1.8 1.0
1.8 1.35 1.65 1.0
1.95 1.45 1.55 1.0
1.5 1.1 1.9 1.0
1.7 1.35 1.65 1.0
1.7 1.35 1.65 1.0
1.7 1.55 1.45 1.0
1.75 1.5 1.5 1.0
1.8 1.45 1.55 1.0
1.7 1.5 1.5 1.0
1.65 1.3 1.7 1.0
1.8 1.45 1.55 1.0
1.7 1.4 1.6 1.0
1.65 1.35 1.65 1.0
1.65 1.35 1.65 1.0
1.8 1.45 1.55 1.0
1.45 1.25 1.75 1.0
1.75 1.35 1.65 1.0
1.8 1.45 1.55 1.0
1.7 1.2 1.8 1.0
1.75 1.3 1.7 1.0
1.9 1.5 1.5 1.0
1.65 1.35 1.65 1.0
1.7 1.45 1.55 1.0
1.6 1.15 1.85 1.0
1.65 1.25 1.75 1.0
1.6 1.2 1.8 1.0
1.6 1.3 1.7 1.0
1.6 1.3 1.7 1.0
1.6 1.25 1.75 1.0
1.4 1.15 1.85 1.0
1.75 1.4 1.6 1.0
1.6 1.2 1.8 1.0
1.45 1.1 1.9 1.0
1.6 1.35 1.65 1.0
1.6 1.35 1.65 1.0
1.75 1.45 1.55 1.0
1.75 1.35 1.65 1.0
1.75 1.4 1.6 1.0
1.9 1.25 1.75 1.0
1.6 1.25 1.75 1.0
1.75 1.5 1.5 1.0
1.6 1.25 1.75 1.0
1.8 1.55 1.45 1.0
1.7 1.35 1.65 1.0
1.7 1.2 1.8 1.0
1.65 1.3 1.7 1.0
1.9 1.45 1.55 1.0
1.65 1.45 1.55 1.0
1.8 1.2 1.8 1.0
1.7 1.35 1.65 1.0
1.75 1.45 1.55 1.0
1.6 1.2 1.8 1.0
1.65 1.45 1.55 1.0
1.65 1.3 1.7 1.0
1.45 1.3 1.7 1.0
1.65 1.4 1.6 1.0
1.7 1.5 1.5 1.0
1.7 1.35 1.65 1.0
1.45 1.2 1.8 1.0
1.7 1.45 1.55 1.0
1.75 1.15 1.85 1.0
1.6 1.25 1.75 1.0
1.75 1.35 1.65 1.0
1.75 1.4 1.6 1.0
1.6 1.1 1.9 1.0
1.8 1.3 1.7 1.0
1.4 1.15 1.85 1.0
1.85 1.45 1.55 1.0
1.65 1.3 1.7 1.0
1.65 1.55 1.45 1.0
1.5 1.2 1.8 1.0
1.35 1.25 1.75 1.0
1.65 1.25 1.75 1.0
1.7 1.3 1.7 1.0
1.7 1.15 1.85 1.0
1.65 1.4 1.6 1.0
1.8 1.45 1.55 1.0
1.7 1.5 1.5 1.0
1.75 1.5 1.5 1.0
1.8 1.5 1.5 1.0
1.65 1.3 1.7 1.0
1.9 1.3 1.7 1.0
1.65 1.45 1.55 1.0
1.85 1.4 1.6 1.0
1.7 1.45 1.55 1.0
1.75 1.25 1.75 1.0
1.35 1.2 1.8 1.0
1.5 1.2 1.8 1.0
1.75 1.35 1.65 1.0
1.55 1.35 1.65 1.0
1.6 1.3 1.7 1.0
1.6 1.3 1.7 1.0
1.65 1.25 1.75 1.0
1.8 1.35 1.65 1.0
1.6 1.2 1.8 1.0
1.65 1.3 1.7 1.0
1.6 1.35 1.65 1.0
1.65 1.25 1.75 1.0
1.55 1.4 1.6 1.0
1.75 1.5 1.5 1.0
1.6 1.3 1.7 1.0
1.65 1.3 1.7 1.0
1.55 1.35 1.65 1.0
1.65 1.3 1.7 1.0
1.75 1.4 1.6 1.0
1.7 1.5 1.5 1.0
1.65 1.35 1.65 1.0
1.6 1.3 1.7 1.0
1.6 1.2 1.8 1.0
1.6 1.15 1.85 1.0
1.6 1.4 1.6 1.0
1.45 1.2 1.8 1.0
1.8 1.45 1.55 1.0
1.75 1.45 1.55 1.0
1.7 1.35 1.65 1.0
1.55 1.05 1.95 1.0
1.7 1.35 1.65 1.0
1.8 1.55 1.45 1.0
1.6 1.25 1.75 1.0
1.7 1.25 1.75 1.0
1.75 1.4 1.6 1.0
1.75 1.5 1.5 1.0
1.75 1.3 1.7 1.0
1.55 1.25 1.75 1.0
1.7 1.4 1.6 1.0
1.55 1.45 1.55 1.0
1.55 1.35 1.65 1.0
1.6 1.2 1.8 1.0
1.55 1.25 1.75 1.0
1.65 1.5 1.5 1.0
1.6 1.4 1.6 1.0
1.75 1.3 1.7 1.0
1.75 1.25 1.75 1.0
1.8 1.35 1.65 1.0
1.55 1.3 1.7 1.0
1.7 1.25 1.75 1.0
1.8 1.45 1.55 1.0
1.8 1.35 1.65 1.0
1.7 1.4 1.6 1.0
1.8 1.25 1.75 1.0
1.55 1.15 1.85 1.0
1.7 1.45 1.55 1.0
1.5 1.25 1.75 1.0
1.75 1.45 1.55 1.0
1.8 1.25 1.75 1.0
1.85 1.4 1.6 1.0
1.85 1.2 1.8 1.0
1.75 1.45 1.55 1.0
1.8 1.25 1.75 1.0
1.6 1.25 1.75 1.0
1.55 1.25 1.75 1.0
1.75 1.25 1.75 1.0
1.6 1.2 1.8 1.0
1.55 1.3 1.7 1.0
1.65 1.35 1.65 1.0
1.8 1.25 1.75 1.0
1.75 1.35 1.65 1.0
1.7 1.25 1.75 1.0
1.55 1.15 1.85 1.0
1.7 1.4 1.6 1.0
1.75 1.35 1.65 1.0
1.75 1.6 1.4 1.0
1.6 1.2 1.8 1.0
1.7 1.2 1.8 1.0
1.5 1.35 1.65 1.0
1.65 1.25 1.75 1.0
1.75 1.2 1.8 1.0
1.85 1.4 1.6 1.0
1.65 1.35 1.65 1.0
1.5 1.3 1.7 1.0
1.6 1.35 1.65 1.0
1.55 1.2 1.8 1.0
1.8 1.25 1.75 1.0
1.7 1.35 1.65 1.0
1.75 1.5 1.5 1.0
1.6 1.55 1.45 1.0
1.7 1.35 1.65 1.0
1.65 1.3 1.7 1.0
1.8 1.5 1.5 1.0
1.6 1.3 1.7 1.0
1.8 1.4 1.6 1.0
1.7 1.25 1.75 1.0
1.8 1.4 1.6 1.0
1.6 1.15 1.85 1.0
1.55 1.3 1.7 1.0
1.7 1.4 1.6 1.0
1.7 1.35 1.65 1.0
1.5 1.2 1.8 1.0
1.45 1.25 1.75 1.0
1.75 1.4 1.6 1.0
1.5 1.15 1.85 1.0
1.8 1.4 1.6 1.0
1.65 1.35 1.65 1.0
1.65 1.35 1.65 1.0
1.9 1.4 1.6 1.0
1.75 1.55 1.45 1.0
1.75 1.45 1.55 1.0
1.85 1.45 1.55 1.0
1.65 1.45 1.55 1.0
1.6 1.25 1.75 1.0
1.75 1.35 1.65 1.0
1.6 1.3 1.7 1.0
1.6 1.25 1.75 1.0
1.65 1.3 1.7 1.0
1.5 1.45 1.55 1.0
1.5 1.35 1.65 1.0
1.7 1.25 1.75 1.0
1.75 1.25 1.75 1.0
1.75 1.45 1.55 1.0
1.5 1.2 1.8 1.0
1.7 1.2 1.8 1.0
1.75 1.6 1.4 1.0
1.6 1.3 1.7 1.0
1.7 1.4 1.6 1.0
1.75 1.45 1.55 1.0
1.5 1.25 1.75 1.0
1.7 1.35 1.65 1.0
1.55 1.2 1.8 1.0
1.65 1.3 1.7 1.0
1.45 1.3 1.7 1.0
1.55 1.2 1.8 1.0
1.6 1.3 1.7 1.0
1.65 1.5 1.5 1.0
1.8 1.45 1.55 1.0
1.6 1.3 1.7 1.0
1.65 1.35 1.65 1.0
1.5 1.15 1.85 1.0
1.65 1.25 1.75 1.0
1.6 1.35 1.65 1.0
1.5 1.35 1.65 1.0
1.75 1.3 1.7 1.0
1.75 1.5 1.5 1.0
1.8 1.3 1.7 1.0
1.65 1.35 1.65 1.0
1.6 1.25 1.75 1.0
1.7 1.4 1.6 1.0
1.7 1.4 1.6 1.0
1.65 1.35 1.65 1.0
1.7 1.5 1.5 1.0
1.6 1.25 1.75 1.0
1.65 1.3 1.7 1.0
1.5 1.25 1.75 1.0
1.85 1.35 1.65 1.0
1.65 1.3 1.7 1.0
1.7 1.25 1.75 1.0
1.6 1.5 1.5 1.0
1.85 1.55 1.45 1.0
1.55 1.35 1.65 1.0
1.55 1.45 1.55 1.0
1.7 1.4 1.6 1.0
1.6 1.2 1.8 1.0
1.75 1.2 1.8 1.0
1.65 1.35 1.65 1.0
1.8 1.4 1.6 1.0
1.75 1.25 1.75 1.0
1.65 1.25 1.75 1.0
1.6 1.2 1.8 1.0
1.55 1.35 1.65 1.0
1.55 1.1 1.9 1.0
1.55 1.4 1.6 1.0
1.6 1.45 1.55 1.0
1.4 1.15 1.85 1.0
1.65 1.4 1.6 1.0
1.55 1.2 1.8 1.0
1.7 1.4 1.6 1.0
1.65 1.2 1.8 1.0
1.7 1.35 1.65 1.0
1.7 1.35 1.65 1.0
1.55 1.2 1.8 1.0
1.75 1.35 1.65 1.0
1.7 1.25 1.75 1.0
1.75 1.35 1.65 1.0
1.7 1.35 1.65 1.0
1.85 1.25 1.75 1.0
1.7 1.3 1.7 1.0
1.6 1.15 1.85 1.0
1.6 1.4 1.6 1.0
1.6 1.35 1.65 1.0
1.75 1.35 1.65 1.0
1.7 1.3 1.7 1.0
1.5 1.25 1.75 1.0
1.7 1.45 1.55 1.0
1.85 1.5 1.5 1.0
1.9 1.45 1.55 1.0
1.9 1.35 1.65 1.0
1.65 1.2 1.8 1.0
1.75 1.3 1.7 1.0
1.7 1.4 1.6 1.0
1.7 1.5 1.5 1.0
1.55 1.4 1.6 1.0
1.55 1.25 1.75 1.0
1.85 1.3 1.7 1.0
1.8 1.55 1.45 1.0
1.7 1.4 1.6 1.0
1.55 1.3 1.7 1.0
1.4 1.15 1.85 1.0
1.6 1.2 1.8 1.0
1.75 1.25 1.75 1.0
1.5 1.25 1.75 1.0
1.65 1.3 1.7 1.0
1.45 1.05 1.95 1.0
1.65 1.55 1.45 1.0
1.7 1.4 1.6 1.0
1.6 1.15 1.85 1.0
1.65 1.4 1.6 1.0
1.85 1.4 1.6 1.0
1.55 1.3 1.7 1.0
1.7 1.25 1.75 1.0
1.6 1.3 1.7 1.0
1.6 1.4 1.6 1.0
1.8 1.3 1.7 1.0
1.6 1.3 1.7 1.0
1.7 1.45 1.55 1.0
1.9 1.3 1.7 1.0
1.7 1.4 1.6 1.0
1.75 1.2 1.8 1.0
1.65 1.2 1.8 1.0
1.75 1.4 1.6 1.0
1.45 1.35 1.65 1.0
1.6 1.3 1.7 1.0
1.7 1.2 1.8 1.0
1.55 1.25 1.75 1.0
1.65 1.25 1.75 1.0
1.65 1.3 1.7 1.0
1.8 1.4 1.6 1.0
1.85 1.5 1.5 1.0
1.75 1.2 1.8 1.0
1.65 1.3 1.7 1.0
1.9 1.45 1.55 1.0
1.75 1.6 1.4 1.0
1.7 1.15 1.85 1.0
1.75 1.4 1.6 1.0
1.4 1.3 1.7 1.0
1.8 1.25 1.75 1.0
1.75 1.25 1.75 1.0
1.75 1.4 1.6 1.0
1.7 1.05 1.95 1.0
1.6 1.3 1.7 1.0
1.55 1.35 1.65 1.0
1.65 1.35 1.65 1.0
1.7 1.35 1.65 1.0
1.75 1.35 1.65 1.0
1.8 1.45 1.55 1.0
1.7 1.4 1.6 1.0
1.6 1.35 1.65 1.0
1.65 1.25 1.75 1.0
1.85 1.5 1.5 1.0
1.7 1.25 1.75 1.0
1.7 1.4 1.6 1.0
1.6 1.4 1.6 1.0
1.7 1.4 1.6 1.0
1.4 1.2 1.8 1.0
1.85 1.4 1.6 1.0
1.55 1.25 1.75 1.0
1.55 1.1 1.9 1.0
1.75 1.3 1.7 1.0
1.85 1.45 1.55 1.0
1.6 1.3 1.7 1.0
1.65 1.45 1.55 1.0
1.75 1.2 1.8 1.0
1.65 1.3 1.7 1.0
1.65 1.3 1.7 1.0
1.8 1.4 1.6 1.0
1.7 1.5 1.5 1.0
1.7 1.3 1.7 1.0
1.55 1.3 1.7 1.0
1.7 1.2 1.8 1.0
1.8 1.4 1.6 1.0
1.8 1.65 1.35 1.0
1.6 1.25 1.75 1.0
1.65 1.45 1.55 1.0
1.9 1.45 1.55 1.0
1.8 1.25 1.75 1.0
1.65 1.1 1.9 1.0
1.85 1.25 1.75 1.0
1.75 1.3 1.7 1.0
1.55 1.35 1.65 1.0
1.65 1.3 1.7 1.0
1.8 1.55 1.45 1.0
1.55 1.25 1.75 1.0
1.7 1.35 1.65 1.0
1.85 1.4 1.6 1.0
1.65 1.4 1.6 1.0
1.75 1.4 1.6 1.0
1.65 1.35 1.65 1.0
1.8 1.4 1.6 1.0
1.75 1.15 1.85 1.0
1.65 1.4 1.6 1.0
1.75 1.4 1.6 1.0
1.6 1.35 1.65 1.0
1.65 1.2 1.8 1.0
1.65 1.35 1.65 1.0
1.75 1.55 1.45 1.0
1.75 1.35 1.65 1.0
1.8 1.3 1.7 1.0
1.6 1.3 1.7 1.0
1.9 1.35 1.65 1.0
1.55 1.25 1.75 1.0
1.7 1.25 1.75 1.0
1.6 1.25 1.75 1.0
1.8 1.4 1.6 1.0
1.5 1.4 1.6 1.0
1.9 1.35 1.65 1.0
1.6 1.35 1.65 1.0
1.75 1.4 1.6 1.0
1.75 1.3 1.7 1.0
1.65 1.3 1.7 1.0
1.5 1.25 1.75 1.0
1.75 1.35 1.65 1.0
1.7 1.35 1.65 1.0
1.6 1.45 1.55 1.0
1.65 1.5 1.5 1.0
1.7 1.35 1.65 1.0
1.6 1.3 1.7 1.0
1.65 1.35 1.65 1.0
1.65 1.15 1.85 1.0
1.65 1.35 1.65 1.0
1.65 1.35 1.65 1.0
1.6 1.4 1.6 1.0
1.55 1.4 1.6 1.0
1.6 1.3 1.7 1.0
1.65 1.35 1.65 1.0
1.7 1.25 1.75 1.0
1.7 1.35 1.65 1.0
1.75 1.6 1.4 1.0
1.65 1.2 1.8 1.0
1.7 1.25 1.75 1.0
1.75 1.45 1.55 1.0
1.6 1.35 1.65 1.0
1.65 1.4 1.6 1.0
1.75 1.2 1.8 1.0
1.6 1.25 1.75 1.0
1.65 1.35 1.65 1.0
1.65 1.5 1.5 1.0
1.65 1.35 1.65 1.0
1.65 1.45 1.55 1.0
1.7 1.25 1.75 1.0
1.65 1.2 1.8 1.0
1.75 1.3 1.7 1.0
1.7 1.35 1.65 1.0
1.6 1.4 1.6 1.0
1.7 1.15 1.85 1.0
1.65 1.3 1.7 1.0
1.55 1.25 1.75 1.0
1.7 1.3 1.7 1.0
1.75 1.35 1.65 1.0
1.5 1.3 1.7 1.0
1.4 1.15 1.85 1.0
1.75 1.35 1.65 1.0
1.7 1.4 1.6 1.0
1.4 1.15 1.85 1.0
1.65 1.35 1.65 1.0
1.4 1.25 1.75 1.0
1.75 1.4 1.6 1.0
1.9 1.5 1.5 1.0
1.7 1.35 1.65 1.0
1.65 1.35 1.65 1.0
1.5 1.2 1.8 1.0
1.6 1.25 1.75 1.0
1.7 1.2 1.8 1.0
1.65 1.4 1.6 1.0
1.75 1.35 1.65 1.0
1.65 1.45 1.55 1.0
1.7 1.3 1.7 1.0
1.65 1.4 1.6 1.0
1.65 1.4 1.6 1.0
1.7 1.35 1.65 1.0
1.85 1.5 1.5 1.0
1.5 1.3 1.7 1.0
1.7 1.35 1.65 1.0
1.5 1.2 1.8 1.0
1.7 1.35 1.65 1.0
1.7 1.45 1.55 1.0
1.65 1.3 1.7 1.0
1.8 1.3 1.7 1.0
1.75 1.3 1.7 1.0
1.4 1.35 1.65 1.0
1.5 1.3 1.7 1.0
1.75 1.15 1.85 1.0
1.6 1.25 1.75 1.0
1.75 1.35 1.65 1.0
1.65 1.15 1.85 1.0
1.75 1.3 1.7 1.0
1.7 1.3 1.7 1.0
1.55 1.4 1.6 1.0
1.6 1.15 1.85 1.0
1.7 1.2 1.8 1.0
1.7 1.35 1.65 1.0
1.6 1.4 1.6 1.0
1.75 1.35 1.65 1.0
1.6 1.3 1.7 1.0
1.55 1.3 1.7 1.0
1.4 1.3 1.7 1.0
1.65 1.3 1.7 1.0
1.8 1.3 1.7 1.0
1.7 1.2 1.8 1.0
1.6 1.35 1.65 1.0
1.75 1.4 1.6 1.0
1.6 1.25 1.75 1.0
1.65 1.25 1.75 1.0
1.75 1.5 1.5 1.0
1.75 1.4 1.6 1.0
1.65 1.3 1.7 1.0
1.7 1.3 1.7 1.0
1.6 1.4 1.6 1.0
1.6 1.2 1.8 1.0
1.9 1.4 1.6 1.0
1.55 1.3 1.7 1.0
1.55 1.3 1.7 1.0
1.8 1.5 1.5 1.0
1.7 1.5 1.5 1.0
1.75 1.3 1.7 1.0
1.8 1.35 1.65 1.0
1.65 1.4 1.6 1.0
1.75 1.4 1.6 1.0
1.75 1.5 1.5 1.0
1.6 1.35 1.65 1.0
1.85 1.45 1.55 1.0
1.65 1.25 1.75 1.0
1.6 1.3 1.7 1.0
1.5 1.2 1.8 1.0
1.6 1.3 1.7 1.0
1.7 1.25 1.75 1.0
1.8 1.35 1.65 1.0
1.75 1.4 1.6 1.0
1.7 1.35 1.65 1.0
1.7 1.55 1.45 1.0
1.75 1.25 1.75 1.0
1.75 1.5 1.5 1.0
1.65 1.3 1.7 1.0
1.7 1.45 1.55 1.0
1.8 1.5 1.5 1.0
1.65 1.15 1.85 1.0
1.6 1.25 1.75 1.0
1.7 1.2 1.8 1.0
1.7 1.2 1.8 1.0
1.6 1.3 1.7 1.0
1.6 1.2 1.8 1.0
1.7 1.35 1.65 1.0
1.65 1.55 1.45 1.0
1.55 1.45 1.55 1.0
1.6 1.2 1.8 1.0
1.55 1.35 1.65 1.0
1.55 1.3 1.7 1.0
1.65 1.2 1.8 1.0
1.8 1.35 1.65 1.0
1.7 1.45 1.55 1.0
1.7 1.35 1.65 1.0
1.65 1.35 1.65 1.0
1.6 1.2 1.8 1.0
1.75 1.35 1.65 1.0
1.85 1.45 1.55 1.0
1.7 1.4 1.6 1.0
1.85 1.45 1.55 1.0
1.65 1.3 1.7 1.0
1.55 1.15 1.85 1.0
1.7 1.5 1.5 1.0
1.55 1.4 1.6 1.0
1.65 1.35 1.65 1.0
1.75 1.3 1.7 1.0
1.8 1.35 1.65 1.0
1.8 1.4 1.6 1.0
1.65 1.4 1.6 1.0
1.9 1.6 1.4 1.0
1.75 1.4 1.6 1.0
1.75 1.35 1.65 1.0
1.6 1.45 1.55 1.0
1.6 1.3 1.7 1.0
1.6 1.1 1.9 1.0
1.55 1.3 1.7 1.0
1.65 1.45 1.55 1.0
1.5 1.25 1.75 1.0
1.45 1.2 1.8 1.0
1.5 1.2 1.8 1.0
1.75 1.3 1.7 1.0
1.9 1.2 1.8 1.0
1.85 1.7 1.3 1.0
1.7 1.35 1.65 1.0
1.65 1.2 1.8 1.0
1.75 1.3 1.7 1.0
1.65 1.25 1.75 1.0
1.75 1.3 1.7 1.0
1.55 1.3 1.7 1.0
1.7 1.4 1.6 1.0
1.65 1.15 1.85 1.0
1.6 1.5 1.5 1.0
1.6 1.3 1.7 1.0
1.75 1.25 1.75 1.0
1.6 1.15 1.85 1.0
1.6 1.4 1.6 1.0
1.75 1.35 1.65 1.0
1.75 1.45 1.55 1.0
1.7 1.4 1.6 1.0
1.55 1.25 1.75 1.0
1.65 1.25 1.75 1.0
1.7 1.3 1.7 1.0
1.75 1.3 1.7 1.0
1.7 1.35 1.65 1.0
1.8 1.5 1.5 1.0
1.85 1.3 1.7 1.0
1.7 1.35 1.65 1.0
1.5 1.25 1.75 1.0
1.45 1.3 1.7 1.0
1.8 1.45 1.55 1.0
1.55 1.3 1.7 1.0
1.75 1.35 1.65 1.0
1.6 1.25 1.75 1.0
1.7 1.4 1.6 1.0
1.7 1.3 1.7 1.0
1.65 1.25 1.75 1.0
1.7 1.4 1.6 1.0
1.65 1.35 1.65 1.0
1.9 1.2 1.8 1.0
1.7 1.4 1.6 1.0
1.55 1.25 1.75 1.0
1.65 1.5 1.5 1.0
1.75 1.2 1.8 1.0
1.55 1.4 1.6 1.0
1.8 1.55 1.45 1.0
1.65 1.25 1.75 1.0
1.65 1.3 1.7 1.0
1.65 1.35 1.65 1.0
1.55 1.4 1.6 1.0
1.7 1.2 1.8 1.0
1.55 1.25 1.75 1.0
1.6 1.3 1.7 1.0
1.75 1.35 1.65 1.0
1.65 1.3 1.7 1.0
1.65 1.4 1.6 1.0
1.7 1.4 1.6 1.0
1.85 1.35 1.65 1.0
1.5 1.1 1.9 1.0
1.7 1.5 1.5 1.0
1.65 1.35 1.65 1.0
1.75 1.5 1.5 1.0
1.45 1.2 1.8 1.0
1.75 1.4 1.6 1.0
1.75 1.45 1.55 1.0
1.7 1.45 1.55 1.0
1.65 1.35 1.65 1.0
1.6 1.25 1.75 1.0
1.55 1.4 1.6 1.0
1.45 1.2 1.8 1.0
1.6 1.35 1.65 1.0
1.5 1.3 1.7 1.0
1.45 1.3 1.7 1.0
1.55 1.4 1.6 1.0
1.55 1.15 1.85 1.0
1.75 1.35 1.65 1.0
1.6 1.1 1.9 1.0
1.6 1.35 1.65 1.0
1.7 1.3 1.7 1.0
1.65 1.5 1.5 1.0
1.7 1.55 1.45 1.0
1.5 1.0 2.0 1.0
1.85 1.6 1.4 1.0
1.55 1.25 1.75 1.0
1.75 1.4 1.6 1.0
1.7 1.3 1.7 1.0
1.55 1.2 1.8 1.0
1.85 1.35 1.65 1.0
1.75 1.3 1.7 1.0
1.6 1.4 1.6 1.0
1.75 1.4 1.6 1.0
1.6 1.3 1.7 1.0
1.65 1.25 1.75 1.0
1.65 1.2 1.8 1.0
1.65 1.3 1.7 1.0
1.8 1.45 1.55 1.0
1.65 1.3 1.7 1.0
1.7 1.35 1.65 1.0
1.5 1.2 1.8 1.0
1.7 1.55 1.45 1.0
1.75 1.3 1.7 1.0
1.6 1.3 1.7 1.0
1.75 1.4 1.6 1.0
1.8 1.25 1.75 1.0
1.65 1.5 1.5 1.0
1.7 1.5 1.5 1.0
1.7 1.25 1.75 1.0
1.5 1.1 1.9 1.0
1.85 1.35 1.65 1.0
1.7 1.25 1.75 1.0
1.75 1.35 1.65 1.0
1.6 1.3 1.7 1.0
1.8 1.4 1.6 1.0
1.65 1.25 1.75 1.0
1.55 1.2 1.8 1.0
1.75 1.25 1.75 1.0
1.85 1.35 1.65 1.0
1.6 1.25 1.75 1.0
1.5 1.45 1.55 1.0
1.7 1.4 1.6 1.0
1.7 1.4 1.6 1.0
1.55 1.3 1.7 1.0
1.55 1.1 1.9 1.0
1.65 1.35 1.65 1.0
1.7 1.4 1.6 1.0
1.4 1.3 1.7 1.0
1.8 1.45 1.55 1.0
1.7 1.4 1.6 1.0
1.6 1.3 1.7 1.0
1.5 1.1 1.9 1.0
1.9 1.35 1.65 1.0
1.55 1.25 1.75 1.0
1.7 1.5 1.5 1.0
1.75 1.25 1.75 1.0
1.6 1.4 1.6 1.0
1.65 1.35 1.65 1.0
1.65 1.4 1.6 1.0
1.6 1.45 1.55 1.0
1.6 1.35 1.65 1.0
1.75 1.35 1.65 1.0
1.55 1.3 1.7 1.0
1.35 1.2 1.8 1.0
1.65 1.3 1.7 1.0
1.75 1.4 1.6 1.0
1.7 1.3 1.7 1.0
1.65 1.35 1.65 1.0
1.5 1.25 1.75 1.0
1.65 1.45 1.55 1.0
1.65 1.45 1.55 1.0
1.5 1.15 1.85 1.0
1.7 1.3 1.7 1.0
1.65 1.4 1.6 1.0
1.7 1.45 1.55 1.0
1.7 1.35 1.65 1.0
1.75 1.4 1.6 1.0
1.7 1.5 1.5 1.0
1.7 1.25 1.75 1.0
1.6 1.25 1.75 1.0
1.55 1.05 1.95 1.0
1.7 1.4 1.6 1.0
1.6 1.2 1.8 1.0
1.8 1.25 1.75 1.0
1.75 1.45 1.55 1.0
1.75 1.45 1.55 1.0
1.7 1.3 1.7 1.0
1.7 1.4 1.6 1.0
1.45 1.3 1.7 1.0
1.65 1.25 1.75 1.0
1.7 1.45 1.55 1.0
1.65 1.35 1.65 1.0
1.5 1.25 1.75 1.0
1.6 1.35 1.65 1.0
1.55 1.4 1.6 1.0
1.6 1.25 1.75 1.0
1.65 1.45 1.55 1.0
1.85 1.4 1.6 1.0
1.8 1.5 1.5 1.0
1.65 1.35 1.65 1.0
1.65 1.4 1.6 1.0
1.65 1.45 1.55 1.0
1.6 1.45 1.55 1.0
1.7 1.35 1.65 1.0
1.75 1.25 1.75 1.0
1.65 1.35 1.65 1.0
1.5 1.2 1.8 1.0
1.85 1.4 1.6 1.0
1.75 1.25 1.75 1.0
1.65 1.25 1.75 1.0
1.7 1.3 1.7 1.0
1.6 1.3 1.7 1.0
1.75 1.3 1.7 1.0
1.75 1.4 1.6 1.0
1.55 1.2 1.8 1.0
1.55 1.2 1.8 1.0
1.7 1.35 1.65 1.0
1.8 1.3 1.7 1.0
1.75 1.3 1.7 1.0
1.65 1.3 1.7 1.0
1.5 1.25 1.75 1.0
1.7 1.45 1.55 1.0
1.75 1.35 1.65 1.0
1.75 1.35 1.65 1.0
1.5 1.2 1.8 1.0
1.7 1.3 1.7 1.0
1.5 1.4 1.6 1.0
1.55 1.4 1.6 1.0
1.75 1.5 1.5 1.0
1.5 1.25 1.75 1.0
1.5 1.25 1.75 1.0
1.7 1.35 1.65 1.0
1.5 1.2 1.8 1.0
1.55 1.35 1.65 1.0
1.5 1.05 1.95 1.0
1.85 1.35 1.65 1.0
1.65 1.2 1.8 1.0
1.65 1.2 1.8 1.0
1.85 1.25 1.75 1.0
1.55 1.25 1.75 1.0
1.75 1.4 1.6 1.0
1.7 1.35 1.65 1.0
1.6 1.35 1.65 1.0
1.8 1.25 1.75 1.0
1.85 1.4 1.6 1.0
1.45 1.1 1.9 1.0
1.85 1.5 1.5 1.0
1.65 1.35 1.65 1.0
1.5 1.35 1.65 1.0
1.75 1.25 1.75 1.0
1.65 1.15 1.85 1.0
1.7 1.5 1.5 1.0
1.45 1.1 1.9 1.0
1.8 1.4 1.6 1.0
1.6 1.3 1.7 1.0
1.75 1.45 1.55 1.0
1.6 1.3 1.7 1.0
1.65 1.4 1.6 1.0
1.55 1.25 1.75 1.0
1.7 1.3 1.7 1.0
1.7 1.2 1.8 1.0
1.7 1.4 1.6 1.0
1.6 1.4 1.6 1.0
1.85 1.5 1.5 1.0
1.7 1.35 1.65 1.0
1.75 1.5 1.5 1.0
1.65 1.15 1.85 1.0
1.65 1.35 1.65 1.0
1.6 1.3 1.7 1.0
1.75 1.3 1.7 1.0
1.75 1.3 1.7 1.0
1.7 1.4 1.6 1.0
1.6 1.3 1.7 1.0
1.75 1.3 1.7 1.0
1.65 1.25 1.75 1.0
1.5 1.3 1.7 1.0
1.9 1.45 1.55 1.0
1.55 1.25 1.75 1.0
1.75 1.3 1.7 1.0
1.4 1.15 1.85 1.0
1.5 1.25 1.75 1.0
1.8 1.25 1.75 1.0
1.95 1.35 1.65 1.0
1.65 1.3 1.7 1.0
1.6 1.25 1.75 1.0
1.55 1.35 1.65 1.0
1.7 1.4 1.6 1.0
1.85 1.5 1.5 1.0
1.8 1.3 1.7 1.0
1.8 1.35 1.65 1.0
1.7 1.3 1.7 1.0
1.6 1.45 1.55 1.0
1.8 1.25 1.75 1.0
1.6 1.3 1.7 1.0
1.95 1.7 1.3 1.0
1.6 1.2 1.8 1.0
1.7 1.35 1.65 1.0
1.6 1.25 1.75 1.0
1.5 1.3 1.7 1.0
1.65 1.35 1.65 1.0
1.75 1.35 1.65 1.0
1.9 1.6 1.4 1.0
1.65 1.35 1.65 1.0
1.65 1.4 1.6 1.0
1.9 1.5 1.5 1.0
1.55 1.4 1.6 1.0
1.7 1.45 1.55 1.0
1.7 1.35 1.65 1.0
1.6 1.2 1.8 1.0
1.8 1.5 1.5 1.0
1.8 1.35 1.65 1.0
1.7 1.45 1.55 1.0
1.6 1.3 1.7 1.0
1.6 1.4 1.6 1.0
1.7 1.2 1.8 1.0
1.6 1.35 1.65 1.0
1.85 1.45 1.55 1.0
1.8 1.4 1.6 1.0
1.5 1.35 1.65 1.0
1.7 1.4 1.6 1.0
1.8 1.3 1.7 1.0
1.65 1.25 1.75 1.0
1.55 1.2 1.8 1.0
1.7 1.35 1.65 1.0
1.45 1.2 1.8 1.0
1.6 1.3 1.7 1.0
1.8 1.4 1.6 1.0
1.6 1.35 1.65 1.0
1.75 1.25 1.75 1.0
1.65 1.35 1.65 1.0
1.75 1.4 1.6 1.0
1.5 1.2 1.8 1.0
1.7 1.4 1.6 1.0
1.7 1.4 1.6 1.0
1.4 1.15 1.85 1.0
1.5 1.25 1.75 1.0
1.5 1.25 1.75 1.0
1.8 1.35 1.65 1.0
1.9 1.35 1.65 1.0
1.6 1.35 1.65 1.0
1.6 1.35 1.65 1.0
1.65 1.4 1.6 1.0
1.4 1.2 1.8 1.0
1.6 1.4 1.6 1.0
1.7 1.3 1.7 1.0
1.6 1.4 1.6 1.0
1.6 1.4 1.6 1.0
1.8 1.5 1.5 1.0
1.8 1.4 1.6 1.0
1.55 1.25 1.75 1.0
1.65 1.35 1.65 1.0
1.6 1.3 1.7 1.0
1.7 1.25 1.75 1.0
1.65 1.2 1.8 1.0
1.55 1.25 1.75 1.0
1.55 1.35 1.65 1.0
1.7 1.45 1.55 1.0
1.55 1.35 1.65 1.0
1.65 1.25 1.75 1.0
1.8 1.25 1.75 1.0
1.8 1.2 1.8 1.0
1.8 1.4 1.6 1.0
1.65 1.3 1.7 1.0
1.75 1.35 1.65 1.0
1.65 1.25 1.75 1.0
1.75 1.2 1.8 1.0
1.65 1.2 1.8 1.0
1.55 1.3 1.7 1.0
1.6 1.25 1.75 1.0
1.6 1.4 1.6 1.0
1.65 1.3 1.7 1.0
1.8 1.3 1.7 1.0
1.65 1.25 1.75 1.0
1.7 1.35 1.65 1.0
1.6 1.4 1.6 1.0
1.8 1.25 1.75 1.0
1.65 1.15 1.85 1.0
1.65 1.4 1.6 1.0
1.65 1.35 1.65 1.0
1.7 1.25 1.75 1.0
1.6 1.3 1.7 1.0
1.6 1.25 1.75 1.0
1.65 1.35 1.65 1.0
1.5 1.25 1.75 1.0
1.65 1.4 1.6 1.0
1.75 1.25 1.75 1.0
1.55 1.15 1.85 1.0
1.7 1.35 1.65 1.0
1.55 1.25 1.75 1.0
1.7 1.5 1.5 1.0
1.75 1.5 1.5 1.0
1.75 1.25 1.75 1.0
1.7 1.3 1.7 1.0
1.55 1.45 1.55 1.0
1.85 1.35 1.65 1.0
1.55 1.3 1.7 1.0
1.65 1.3 1.7 1.0
1.65 1.15 1.85 1.0
1.65 1.35 1.65 1.0
1.8 1.5 1.5 1.0
1.85 1.6 1.4 1.0
1.9 1.4 1.6 1.0
1.6 1.25 1.75 1.0
1.7 1.5 1.5 1.0
1.55 1.35 1.65 1.0
1.85 1.25 1.75 1.0
1.75 1.35 1.65 1.0
1.6 1.35 1.65 1.0
1.75 1.45 1.55 1.0
1.8 1.3 1.7 1.0
1.6 1.25 1.75 1.0
1.75 1.35 1.65 1.0
1.65 1.25 1.75 1.0
1.5 1.3 1.7 1.0
1.6 1.2 1.8 1.0
1.65 1.35 1.65 1.0
1.6 1.3 1.7 1.0
1.9 1.4 1.6 1.0
1.55 1.25 1.75 1.0
1.65 1.25 1.75 1.0
1.75 1.4 1.6 1.0
1.5 1.25 1.75 1.0
1.8 1.6 1.4 1.0
1.6 1.45 1.55 1.0
1.65 1.25 1.75 1.0
1.65 1.45 1.55 1.0
1.6 1.15 1.85 1.0
1.6 1.3 1.7 1.0
1.55 1.3 1.7 1.0
1.7 1.3 1.7 1.0
1.55 1.3 1.7 1.0
1.85 1.4 1.6 1.0
1.65 1.5 1.5 1.0
1.6 1.45 1.55 1.0
1.6 1.4 1.6 1.0
1.7 1.45 1.55 1.0
1.55 1.4 1.6 1.0
1.55 1.3 1.7 1.0
1.75 1.45 1.55 1.0
1.65 1.2 1.8 1.0
1.8 1.4 1.6 1.0
1.6 1.25 1.75 1.0
1.65 1.3 1.7 1.0
1.5 1.2 1.8 1.0
1.75 1.35 1.65 1.0
1.7 1.4 1.6 1.0
1.65 1.5 1.5 1.0
1.55 1.25 1.75 1.0
1.65 1.35 1.65 1.0
1.9 1.55 1.45 1.0
1.7 1.3 1.7 1.0
1.7 1.35 1.65 1.0
1.7 1.25 1.75 1.0
1.85 1.4 1.6 1.0
1.7 1.2 1.8 1.0
1.55 1.35 1.65 1.0
1.75 1.25 1.75 1.0
1.7 1.25 1.75 1.0
1.45 1.15 1.85 1.0
1.4 1.2 1.8 1.0
1.8 1.3 1.7 1.0
1.85 1.45 1.55 1.0
1.65 1.3 1.7 1.0
1.9 1.35 1.65 1.0
1.65 1.25 1.75 1.0
1.65 1.2 1.8 1.0
1.55 1.35 1.65 1.0
1.55 1.15 1.85 1.0
1.7 1.3 1.7 1.0
1.8 1.3 1.7 1.0
1.75 1.45 1.55 1.0
1.7 1.35 1.65 1.0
1.85 1.6 1.4 1.0
1.6 1.35 1.65 1.0
1.6 1.15 1.85 1.0
1.5 1.35 1.65 1.0
1.85 1.35 1.65 1.0
1.6 1.4 1.6 1.0
1.55 1.35 1.65 1.0
1.7 1.4 1.6 1.0
1.8 1.4 1.6 1.0
1.85 1.4 1.6 1.0
1.7 1.3 1.7 1.0
1.65 1.4 1.6 1.0
1.6 1.4 1.6 1.0
1.65 1.4 1.6 1.0
1.65 1.25 1.75 1.0
1.5 1.25 1.75 1.0
1.75 1.4 1.6 1.0
1.65 1.45 1.55 1.0
1.75 1.35 1.65 1.0
1.75 1.45 1.55 1.0
1.65 1.4 1.6 1.0
1.65 1.25 1.75 1.0
1.65 1.35 1.65 1.0
1.65 1.15 1.85 1.0
1.65 1.5 1.5 1.0
1.5 1.35 1.65 1.0
1.65 1.2 1.8 1.0
1.65 1.3 1.7 1.0
1.6 1.2 1.8 1.0
1.75 1.45 1.55 1.0
1.65 1.4 1.6 1.0
1.75 1.5 1.5 1.0
1.65 1.65 1.35 1.0
1.6 1.4 1.6 1.0
1.75 1.35 1.65 1.0
1.7 1.25 1.75 1.0
1.5 1.2 1.8 1.0
1.6 1.45 1.55 1.0
1.55 1.35 1.65 1.0
1.75 1.5 1.5 1.0
1.8 1.5 1.5 1.0
1.4 1.35 1.65 1.0
1.45 1.3 1.7 1.0
1.55 1.35 1.65 1.0
1.45 1.35 1.65 1.0
1.65 1.5 1.5 1.0
1.75 1.4 1.6 1.0
1.5 1.35 1.65 1.0
1.75 1.35 1.65 1.0
1.9 1.2 1.8 1.0
1.75 1.45 1.55 1.0
1.7 1.45 1.55 1.0
1.55 1.3 1.7 1.0
1.75 1.25 1.75 1.0
1.55 1.3 1.7 1.0
1.55 1.25 1.75 1.0
1.75 1.25 1.75 1.0
1.8 1.5 1.5 1.0
1.65 1.4 1.6 1.0
1.7 1.4 1.6 1.0
1.6 1.4 1.6 1.0
1.75 1.45 1.55 1.0
1.65 1.35 1.65 1.0
1.75 1.3 1.7 1.0
1.8 1.2 1.8 1.0
1.75 1.5 1.5 1.0
1.75 1.4 1.6 1.0
1.65 1.3 1.7 1.0
1.75 1.3 1.7 1.0
1.7 1.35 1.65 1.0
1.7 1.45 1.55 1.0
1.65 1.2 1.8 1.0
1.65 1.4 1.6 1.0
1.4 1.3 1.7 1.0
1.8 1.45 1.55 1.0
1.7 1.4 1.6 1.0
1.7 1.25 1.75 1.0
1.55 1.3 1.7 1.0
1.85 1.35 1.65 1.0
1.55 1.2 1.8 1.0
1.8 1.35 1.65 1.0
1.55 1.35 1.65 1.0
1.75 1.45 1.55 1.0
1.55 1.35 1.65 1.0
1.65 1.25 1.75 1.0
1.8 1.55 1.45 1.0
1.65 1.35 1.65 1.0
1.65 1.25 1.75 1.0
1.5 1.2 1.8 1.0
1.7 1.25 1.75 1.0
1.6 1.2 1.8 1.0
1.7 1.3 1.7 1.0
1.7 1.35 1.65 1.0
1.9 1.3 1.7 1.0
1.75 1.35 1.65 1.0
1.65 1.3 1.7 1.0
1.55 1.4 1.6 1.0
1.55 1.1 1.9 1.0
1.55 1.4 1.6 1.0
1.65 1.3 1.7 1.0
1.6 1.4 1.6 1.0
1.8 1.4 1.6 1.0
1.6 1.2 1.8 1.0
1.75 1.3 1.7 1.0
1.7 1.25 1.75 1.0
1.6 1.35 1.65 1.0
1.55 1.35 1.65 1.0
1.6 1.35 1.65 1.0
1.65 1.3 1.7 1.0
1.8 1.5 1.5 1.0
1.55 1.3 1.7 1.0
1.6 1.15 1.85 1.0
1.8 1.5 1.5 1.0
1.7 1.35 1.65 1.0
1.7 1.5 1.5 1.0
1.65 1.2 1.8 1.0
1.8 1.4 1.6 1.0
1.6 1.2 1.8 1.0
1.7 1.3 1.7 1.0
1.75 1.35 1.65 1.0
1.7 1.2 1.8 1.0
1.65 1.3 1.7 1.0
1.75 1.35 1.65 1.0
1.75 1.3 1.7 1.0
1.7 1.35 1.65 1.0
1.65 1.3 1.7 1.0
1.6 1.25 1.75 1.0
1.8 1.5 1.5 1.0
1.7 1.45 1.55 1.0
1.6 1.45 1.55 1.0
1.75 1.35 1.65 1.0
1.55 1.15 1.85 1.0
1.6 1.1 1.9 1.0
1.55 1.25 1.75 1.0
1.75 1.3 1.7 1.0
1.5 1.25 1.75 1.0
1.65 1.4 1.6 1.0
1.5 1.45 1.55 1.0
1.7 1.35 1.65 1.0
1.65 1.35 1.65 1.0
1.45 1.15 1.85 1.0
1.85 1.4 1.6 1.0
1.6 1.45 1.55 1.0
1.6 1.4 1.6 1.0
1.75 1.3 1.7 1.0
1.85 1.45 1.55 1.0
1.7 1.35 1.65 1.0
1.6 1.3 1.7 1.0
1.65 1.3 1.7 1.0
1.65 1.3 1.7 1.0
1.7 1.35 1.65 1.0
1.75 1.35 1.65 1.0
1.75 1.35 1.65 1.0
1.7 1.55 1.45 1.0
1.65 1.3 1.7 1.0
1.55 1.15 1.85 1.0
1.65 1.4 1.6 1.0
1.7 1.2 1.8 1.0
1.6 1.4 1.6 1.0
1.6 1.15 1.85 1.0
1.5 1.25 1.75 1.0
1.6 1.2 1.8 1.0
1.7 1.35 1.65 1.0
1.55 1.3 1.7 1.0
1.7 1.35 1.65 1.0
1.65 1.35 1.65 1.0
1.85 1.4 1.6 1.0
1.6 1.3 1.7 1.0
1.65 1.45 1.55 1.0
1.7 1.35 1.65 1.0
1.7 1.3 1.7 1.0
1.6 1.25 1.75 1.0
1.6 1.4 1.6 1.0
1.5 1.35 1.65 1.0
1.65 1.25 1.75 1.0
1.7 1.35 1.65 1.0
1.6 1.4 1.6 1.0
1.4 1.2 1.8 1.0
1.5 1.15 1.85 1.0
1.65 1.5 1.5 1.0
1.75 1.55 1.45 1.0
1.5 1.3 1.7 1.0
1.75 1.3 1.7 1.0
1.5 1.15 1.85 1.0
1.65 1.35 1.65 1.0
1.5 1.3 1.7 1.0
1.6 1.35 1.65 1.0
1.7 1.35 1.65 1.0
1.6 1.2 1.8 1.0
1.75 1.55 1.45 1.0
1.6 1.4 1.6 1.0
1.65 1.55 1.45 1.0
1.7 1.25 1.75 1.0
1.75 1.4 1.6 1.0
1.75 1.6 1.4 1.0
1.5 1.25 1.75 1.0
1.7 1.35 1.65 1.0
1.7 1.35 1.65 1.0
1.55 1.2 1.8 1.0
1.55 1.35 1.65 1.0
1.7 1.35 1.65 1.0
1.65 1.3 1.7 1.0
1.75 1.45 1.55 1.0
1.6 1.25 1.75 1.0
1.7 1.2 1.8 1.0
1.7 1.5 1.5 1.0
1.6 1.45 1.55 1.0
1.6 1.25 1.75 1.0
1.75 1.4 1.6 1.0
1.75 1.35 1.65 1.0
1.75 1.2 1.8 1.0
1.75 1.4 1.6 1.0
1.6 1.3 1.7 1.0
1.5 1.25 1.75 1.0
1.6 1.4 1.6 1.0
1.55 1.35 1.65 1.0
1.65 1.25 1.75 1.0
1.6 1.35 1.65 1.0
1.75 1.35 1.65 1.0
1.75 1.6 1.4 1.0
1.8 1.25 1.75 1.0
1.6 1.35 1.65 1.0
1.55 1.1 1.9 1.0
1.85 1.4 1.6 1.0
1.75 1.3 1.7 1.0
1.8 1.45 1.55 1.0
1.75 1.45 1.55 1.0
1.5 1.15 1.85 1.0
1.65 1.25 1.75 1.0
1.6 1.3 1.7 1.0
1.4 1.1 1.9 1.0
1.75 1.35 1.65 1.0
1.45 1.2 1.8 1.0
1.7 1.5 1.5 1.0
1.7 1.2 1.8 1.0
1.7 1.25 1.75 1.0
1.85 1.5 1.5 1.0
1.75 1.25 1.75 1.0
1.8 1.5 1.5 1.0
1.55 1.35 1.65 1.0
1.55 1.3 1.7 1.0
1.55 1.25 1.75 1.0
1.65 1.2 1.8 1.0
1.9 1.6 1.4 1.0
1.6 1.45 1.55 1.0
1.65 1.35 1.65 1.0
1.6 1.25 1.75 1.0
1.6 1.25 1.75 1.0
1.7 1.4 1.6 1.0
1.55 1.25 1.75 1.0
1.55 1.2 1.8 1.0
1.7 1.25 1.75 1.0
1.55 1.25 1.75 1.0
1.65 1.3 1.7 1.0
1.65 1.35 1.65 1.0
1.65 1.25 1.75 1.0
1.75 1.35 1.65 1.0
1.65 1.25 1.75 1.0
1.65 1.35 1.65 1.0
1.65 1.3 1.7 1.0
1.75 1.35 1.65 1.0
1.5 1.1 1.9 1.0
1.7 1.3 1.7 1.0
1.75 1.35 1.65 1.0
1.65 1.25 1.75 1.0
1.7 1.2 1.8 1.0
1.6 1.4 1.6 1.0
1.65 1.45 1.55 1.0
1.5 1.2 1.8 1.0
1.7 1.3 1.7 1.0
1.55 1.2 1.8 1.0
1.75 1.35 1.65 1.0
1.8 1.55 1.45 1.0
1.85 1.5 1.5 1.0
1.65 1.25 1.75 1.0
1.5 1.2 1.8 1.0
1.5 1.1 1.9 1.0
1.45 1.3 1.7 1.0
1.75 1.45 1.55 1.0
1.85 1.5 1.5 1.0
1.7 1.2 1.8 1.0
1.65 1.35 1.65 1.0
1.5 1.15 1.85 1.0
1.7 1.25 1.75 1.0
1.65 1.1 1.9 1.0
1.65 1.15 1.85 1.0
1.65 1.3 1.7 1.0
1.75 1.45 1.55 1.0
1.8 1.35 1.65 1.0
1.55 1.25 1.75 1.0
1.6 1.35 1.65 1.0
1.65 1.3 1.7 1.0
1.85 1.35 1.65 1.0
1.8 1.4 1.6 1.0
1.8 1.3 1.7 1.0
1.65 1.2 1.8 1.0
1.65 1.35 1.65 1.0
1.75 1.45 1.55 1.0
1.55 1.3 1.7 1.0
1.7 1.3 1.7 1.0
1.75 1.35 1.65 1.0
1.55 1.3 1.7 1.0
1.75 1.3 1.7 1.0
1.65 1.55 1.45 1.0
1.75 1.3 1.7 1.0
1.7 1.3 1.7 1.0
1.75 1.45 1.55 1.0
1.75 1.35 1.65 1.0
1.6 1.25 1.75 1.0
1.7 1.2 1.8 1.0
1.65 1.4 1.6 1.0
1.6 1.2 1.8 1.0
1.65 1.4 1.6 1.0
1.6 1.25 1.75 1.0
1.55 1.25 1.75 1.0
1.75 1.4 1.6 1.0
1.6 1.45 1.55 1.0
1.75 1.5 1.5 1.0
1.7 1.35 1.65 1.0
1.7 1.25 1.75 1.0
1.5 1.35 1.65 1.0
1.75 1.35 1.65 1.0
1.6 1.25 1.75 1.0
1.7 1.4 1.6 1.0
1.6 1.35 1.65 1.0
1.55 1.4 1.6 1.0
1.75 1.4 1.6 1.0
1.85 1.3 1.7 1.0
1.65 1.35 1.65 1.0
1.55 1.25 1.75 1.0
1.8 1.4 1.6 1.0
1.85 1.6 1.4 1.0
1.65 1.35 1.65 1.0
1.65 1.3 1.7 1.0
1.5 1.25 1.75 1.0
1.55 1.25 1.75 1.0
1.6 1.25 1.75 1.0
1.7 1.3 1.7 1.0
1.5 1.25 1.75 1.0
1.5 1.05 1.95 1.0
1.8 1.35 1.65 1.0
1.7 1.2 1.8 1.0
1.5 1.3 1.7 1.0
1.65 1.35 1.65 1.0
1.65 1.3 1.7 1.0
1.6 1.3 1.7 1.0
1.7 1.2 1.8 1.0
1.55 1.3 1.7 1.0
1.75 1.25 1.75 1.0
1.55 1.3 1.7 1.0
1.75 1.35 1.65 1.0
1.65 1.35 1.65 1.0
1.75 1.4 1.6 1.0
1.8 1.3 1.7 1.0
1.6 1.4 1.6 1.0
1.75 1.5 1.5 1.0
1.7 1.3 1.7 1.0
1.75 1.15 1.85 1.0
1.6 1.3 1.7 1.0
1.75 1.25 1.75 1.0
1.45 1.2 1.8 1.0
1.5 1.2 1.8 1.0
1.8 1.55 1.45 1.0
1.55 1.35 1.65 1.0
1.75 1.35 1.65 1.0
1.6 1.3 1.7 1.0
1.65 1.25 1.75 1.0
1.65 1.25 1.75 1.0
1.5 1.25 1.75 1.0
1.65 1.2 1.8 1.0
1.55 1.2 1.8 1.0
1.7 1.25 1.75 1.0
1.65 1.3 1.7 1.0
1.65 1.25 1.75 1.0
1.7 1.25 1.75 1.0
1.6 1.35 1.65 1.0
1.7 1.25 1.75 1.0
1.6 1.4 1.6 1.0
1.6 1.25 1.75 1.0
1.8 1.35 1.65 1.0
1.6 1.4 1.6 1.0
1.8 1.3 1.7 1.0
1.65 1.3 1.7 1.0
1.7 1.4 1.6 1.0
1.6 1.35 1.65 1.0
1.7 1.3 1.7 1.0
1.6 1.3 1.7 1.0
1.75 1.45 1.55 1.0
1.45 1.3 1.7 1.0
1.7 1.5 1.5 1.0
1.7 1.25 1.75 1.0
1.7 1.25 1.75 1.0
1.4 1.1 1.9 1.0
1.55 1.2 1.8 1.0
1.7 1.45 1.55 1.0
1.8 1.3 1.7 1.0
1.5 1.25 1.75 1.0
1.75 1.55 1.45 1.0
1.65 1.15 1.85 1.0
1.65 1.35 1.65 1.0
1.6 1.25 1.75 1.0
1.65 1.4 1.6 1.0
1.7 1.4 1.6 1.0
1.8 1.45 1.55 1.0
1.7 1.15 1.85 1.0
1.55 1.35 1.65 1.0
1.65 1.25 1.75 1.0
1.8 1.55 1.45 1.0
1.55 1.3 1.7 1.0
1.65 1.35 1.65 1.0
1.7 1.25 1.75 1.0
1.55 1.3 1.7 1.0
1.65 1.45 1.55 1.0
1.65 1.3 1.7 1.0
1.5 1.2 1.8 1.0
1.6 1.35 1.65 1.0
1.7 1.45 1.55 1.0
1.8 1.45 1.55 1.0
1.55 1.35 1.65 1.0
1.8 1.4 1.6 1.0
1.65 1.35 1.65 1.0
1.7 1.4 1.6 1.0
1.85 1.5 1.5 1.0
1.65 1.4 1.6 1.0
1.5 1.35 1.65 1.0
1.6 1.3 1.7 1.0
1.75 1.25 1.75 1.0
1.55 1.2 1.8 1.0
1.75 1.3 1.7 1.0
1.65 1.35 1.65 1.0
1.7 1.45 1.55 1.0
1.5 1.25 1.75 1.0
1.6 1.35 1.65 1.0
1.5 1.25 1.75 1.0
1.65 1.45 1.55 1.0
1.65 1.4 1.6 1.0
1.7 1.35 1.65 1.0
1.8 1.55 1.45 1.0
1.55 1.3 1.7 1.0
1.7 1.25 1.75 1.0
1.85 1.55 1.45 1.0
1.45 1.15 1.85 1.0
1.65 1.3 1.7 1.0
1.7 1.4 1.6 1.0
1.75 1.35 1.65 1.0
1.6 1.35 1.65 1.0
1.75 1.5 1.5 1.0
1.85 1.45 1.55 1.0
1.55 1.25 1.75 1.0
1.65 1.25 1.75 1.0
1.75 1.35 1.65 1.0
1.8 1.6 1.4 1.0
1.65 1.25 1.75 1.0
1.55 1.1 1.9 1.0
1.8 1.5 1.5 1.0
1.75 1.45 1.55 1.0
1.75 1.45 1.55 1.0
1.65 1.2 1.8 1.0
1.5 1.25 1.75 1.0
1.6 1.25 1.75 1.0
1.5 1.2 1.8 1.0
1.7 1.2 1.8 1.0
1.75 1.25 1.75 1.0
1.6 1.35 1.65 1.0
1.6 1.45 1.55 1.0
1.5 1.2 1.8 1.0
1.7 1.4 1.6 1.0
1.6 1.35 1.65 1.0
1.7 1.3 1.7 1.0
1.7 1.45 1.55 1.0
1.7 1.25 1.75 1.0
1.65 1.3 1.7 1.0
1.65 1.3 1.7 1.0
1.8 1.5 1.5 1.0
1.75 1.35 1.65 1.0
1.6 1.15 1.85 1.0
1.7 1.35 1.65 1.0
1.7 1.4 1.6 1.0
1.85 1.4 1.6 1.0
1.6 1.4 1.6 1.0
1.6 1.3 1.7 1.0
1.7 1.4 1.6 1.0
1.55 1.35 1.65 1.0
1.75 1.45 1.55 1.0
1.6 1.4 1.6 1.0
1.8 1.45 1.55 1.0
1.7 1.3 1.7 1.0
1.55 1.3 1.7 1.0
1.7 1.2 1.8 1.0
1.5 1.4 1.6 1.0
1.6 1.2 1.8 1.0
1.65 1.3 1.7 1.0
1.6 1.25 1.75 1.0
1.55 1.4 1.6 1.0
1.85 1.45 1.55 1.0
1.75 1.4 1.6 1.0
1.65 1.3 1.7 1.0
1.65 1.25 1.75 1.0
1.65 1.35 1.65 1.0
1.6 1.25 1.75 1.0
1.75 1.35 1.65 1.0
1.9 1.5 1.5 1.0
1.75 1.4 1.6 1.0
1.75 1.5 1.5 1.0
1.6 1.4 1.6 1.0
1.6 1.25 1.75 1.0
1.7 1.25 1.75 1.0
1.8 1.55 1.45 1.0
1.75 1.25 1.75 1.0
1.85 1.4 1.6 1.0
1.65 1.25 1.75 1.0
1.7 1.4 1.6 1.0
1.65 1.25 1.75 1.0
1.7 1.35 1.65 1.0
1.75 1.35 1.65 1.0
1.5 1.4 1.6 1.0
1.7 1.45 1.55 1.0
1.65 1.2 1.8 1.0
1.7 1.25 1.75 1.0
1.75 1.6 1.4 1.0
1.8 1.5 1.5 1.0
1.65 1.25 1.75 1.0
1.9 1.35 1.65 1.0
1.55 1.3 1.7 1.0
1.75 1.45 1.55 1.0
1.65 1.1 1.9 1.0
1.8 1.5 1.5 1.0
1.6 1.3 1.7 1.0
1.8 1.25 1.75 1.0
1.75 1.35 1.65 1.0
1.6 1.3 1.7 1.0
1.65 1.4 1.6 1.0
1.75 1.4 1.6 1.0
1.6 1.2 1.8 1.0
1.85 1.65 1.35 1.0
1.75 1.3 1.7 1.0
1.55 1.2 1.8 1.0
1.65 1.4 1.6 1.0
1.7 1.25 1.75 1.0
1.75 1.4 1.6 1.0
1.7 1.45 1.55 1.0
1.6 1.35 1.65 1.0
1.85 1.2 1.8 1.0
1.65 1.25 1.75 1.0
1.85 1.55 1.45 1.0
1.55 1.25 1.75 1.0
1.7 1.4 1.6 1.0
1.75 1.45 1.55 1.0
1.55 1.35 1.65 1.0
1.4 1.2 1.8 1.0
1.7 1.45 1.55 1.0
1.8 1.3 1.7 1.0
1.75 1.35 1.65 1.0
1.65 1.2 1.8 1.0
1.7 1.35 1.65 1.0
1.65 1.35 1.65 1.0
1.6 1.35 1.65 1.0
1.75 1.3 1.7 1.0
1.75 1.1 1.9 1.0
1.6 1.25 1.75 1.0
1.7 1.45 1.55 1.0
1.75 1.25 1.75 1.0
1.7 1.3 1.7 1.0
1.65 1.4 1.6 1.0
1.65 1.4 1.6 1.0
1.7 1.4 1.6 1.0
1.7 1.45 1.55 1.0
1.7 1.3 1.7 1.0
1.8 1.3 1.7 1.0
1.8 1.3 1.7 1.0
1.55 1.35 1.65 1.0
1.75 1.35 1.65 1.0
1.65 1.35 1.65 1.0
1.65 1.3 1.7 1.0
1.7 1.3 1.7 1.0
1.55 1.25 1.75 1.0
1.6 1.25 1.75 1.0
1.7 1.5 1.5 1.0
1.65 1.4 1.6 1.0
1.4 1.25 1.75 1.0
1.85 1.2 1.8 1.0
1.65 1.25 1.75 1.0
1.5 1.25 1.75 1.0
1.75 1.45 1.55 1.0
1.55 1.3 1.7 1.0
1.65 1.35 1.65 1.0
1.75 1.4 1.6 1.0
1.6 1.3 1.7 1.0
1.6 1.4 1.6 1.0
1.65 1.25 1.75 1.0
1.9 1.45 1.55 1.0
1.7 1.35 1.65 1.0
1.65 1.35 1.65 1.0
1.45 1.3 1.7 1.0
1.65 1.4 1.6 1.0
1.6 1.25 1.75 1.0
1.4 1.25 1.75 1.0
1.75 1.25 1.75 1.0
1.6 1.35 1.65 1.0
1.65 1.35 1.65 1.0
1.75 1.6 1.4 1.0
1.7 1.35 1.65 1.0
1.8 1.45 1.55 1.0
1.7 1.35 1.65 1.0
1.75 1.4 1.6 1.0
1.55 1.2 1.8 1.0
1.7 1.45 1.55 1.0
1.65 1.45 1.55 1.0
1.65 1.35 1.65 1.0
1.7 1.4 1.6 1.0
1.6 1.25 1.75 1.0
1.65 1.15 1.85 1.0
1.6 1.25 1.75 1.0
1.5 1.3 1.7 1.0
1.85 1.4 1.6 1.0
1.6 1.15 1.85 1.0
1.65 1.25 1.75 1.0
1.5 1.25 1.75 1.0
1.55 1.3 1.7 1.0
1.6 1.15 1.85 1.0
1.4 1.15 1.85 1.0
1.7 1.35 1.65 1.0
1.6 1.15 1.85 1.0
1.45 1.15 1.85 1.0
1.45 1.2 1.8 1.0
1.55 1.25 1.75 1.0
1.6 1.2 1.8 1.0
1.6 1.2 1.8 1.0
1.85 1.4 1.6 1.0
1.65 1.25 1.75 1.0
1.45 1.3 1.7 1.0
1.75 1.4 1.6 1.0
1.7 1.45 1.55 1.0
1.7 1.35 1.65 1.0
1.7 1.4 1.6 1.0
1.65 1.3 1.7 1.0
1.75 1.3 1.7 1.0
1.55 1.3 1.7 1.0
1.55 1.2 1.8 1.0
1.75 1.45 1.55 1.0
1.75 1.45 1.55 1.0
1.7 1.4 1.6 1.0
1.85 1.45 1.55 1.0
1.65 1.25 1.75 1.0
1.75 1.25 1.75 1.0
1.65 1.25 1.75 1.0
1.55 1.15 1.85 1.0
1.8 1.4 1.6 1.0
1.6 1.4 1.6 1.0
1.7 1.2 1.8 1.0
1.7 1.25 1.75 1.0
1.75 1.3 1.7 1.0
1.7 1.3 1.7 1.0
1.75 1.3 1.7 1.0
1.75 1.25 1.75 1.0
1.65 1.25 1.75 1.0
1.7 1.5 1.5 1.0
1.6 1.4 1.6 1.0
1.5 1.25 1.75 1.0
1.7 1.25 1.75 1.0
1.55 1.15 1.85 1.0
1.75 1.35 1.65 1.0
1.65 1.25 1.75 1.0
1.4 1.15 1.85 1.0
1.65 1.3 1.7 1.0
1.75 1.25 1.75 1.0
1.75 1.45 1.55 1.0
1.65 1.3 1.7 1.0
1.7 1.3 1.7 1.0
1.55 1.3 1.7 1.0
1.55 1.2 1.8 1.0
1.65 1.35 1.65 1.0
1.6 1.25 1.75 1.0
1.7 1.3 1.7 1.0
1.65 1.45 1.55 1.0
1.7 1.15 1.85 1.0
1.55 1.2 1.8 1.0
1.7 1.2 1.8 1.0
1.55 1.2 1.8 1.0
1.75 1.5 1.5 1.0
1.7 1.4 1.6 1.0
1.5 1.15 1.85 1.0
1.5 1.4 1.6 1.0
1.55 1.25 1.75 1.0
1.6 1.35 1.65 1.0
1.55 1.2 1.8 1.0
1.8 1.45 1.55 1.0
1.8 1.45 1.55 1.0
1.5 1.25 1.75 1.0
1.95 1.4 1.6 1.0
1.85 1.5 1.5 1.0
1.75 1.3 1.7 1.0
1.65 1.3 1.7 1.0
1.7 1.2 1.8 1.0
1.7 1.45 1.55 1.0
1.65 1.25 1.75 1.0
1.8 1.3 1.7 1.0
1.6 1.3 1.7 1.0
1.6 1.3 1.7 1.0
1.7 1.3 1.7 1.0
1.85 1.35 1.65 1.0
1.65 1.4 1.6 1.0
1.5 1.25 1.75 1.0
1.6 1.35 1.65 1.0
1.7 1.5 1.5 1.0
1.5 1.05 1.95 1.0
1.9 1.55 1.45 1.0
1.65 1.2 1.8 1.0
1.8 1.45 1.55 1.0
1.55 1.4 1.6 1.0
1.65 1.45 1.55 1.0
1.6 1.35 1.65 1.0
1.55 1.3 1.7 1.0
1.65 1.25 1.75 1.0
1.5 1.2 1.8 1.0
1.65 1.45 1.55 1.0
1.5 1.35 1.65 1.0
1.75 1.4 1.6 1.0
1.75 1.3 1.7 1.0
1.55 1.25 1.75 1.0
1.7 1.3 1.7 1.0
1.8 1.45 1.55 1.0
1.55 1.3 1.7 1.0
1.75 1.35 1.65 1.0
1.5 1.25 1.75 1.0
1.65 1.35 1.65 1.0
1.55 1.3 1.7 1.0
1.6 1.35 1.65 1.0
1.85 1.5 1.5 1.0
1.75 1.5 1.5 1.0
1.7 1.1 1.9 1.0
1.65 1.55 1.45 1.0
1.5 1.3 1.7 1.0
1.6 1.3 1.7 1.0
1.8 1.5 1.5 1.0
1.8 1.35 1.65 1.0
1.65 1.4 1.6 1.0
1.65 1.3 1.7 1.0
1.9 1.4 1.6 1.0
1.7 1.25 1.75 1.0
1.75 1.45 1.55 1.0
1.7 1.3 1.7 1.0
1.65 1.3 1.7 1.0
1.7 1.4 1.6 1.0
1.55 1.15 1.85 1.0
1.6 1.15 1.85 1.0
1.8 1.4 1.6 1.0
1.85 1.55 1.45 1.0
1.7 1.25 1.75 1.0
1.75 1.45 1.55 1.0
1.85 1.3 1.7 1.0
1.7 1.45 1.55 1.0
1.85 1.5 1.5 1.0
1.55 1.2 1.8 1.0
1.75 1.35 1.65 1.0
1.75 1.4 1.6 1.0
1.6 1.2 1.8 1.0
1.7 1.4 1.6 1.0
1.75 1.35 1.65 1.0
1.65 1.35 1.65 1.0
1.75 1.7 1.3 1.0
1.8 1.3 1.7 1.0
1.8 1.45 1.55 1.0
1.65 1.35 1.65 1.0
1.8 1.35 1.65 1.0
1.7 1.25 1.75 1.0
1.8 1.5 1.5 1.0
1.45 1.2 1.8 1.0
1.7 1.5 1.5 1.0
1.6 1.1 1.9 1.0
1.65 1.35 1.65 1.0
1.7 1.25 1.75 1.0
1.65 1.3 1.7 1.0
1.7 1.4 1.6 1.0
1.6 1.3 1.7 1.0
1.65 1.3 1.7 1.0
1.75 1.45 1.55 1.0
1.75 1.35 1.65 1.0
1.8 1.6 1.4 1.0
1.7 1.3 1.7 1.0
1.45 1.25 1.75 1.0
1.75 1.35 1.65 1.0
1.7 1.45 1.55 1.0
1.6 1.25 1.75 1.0
1.55 1.35 1.65 1.0
1.65 1.2 1.8 1.0
1.75 1.35 1.65 1.0
1.7 1.15 1.85 1.0
1.65 1.35 1.65 1.0
1.7 1.4 1.6 1.0
1.6 1.55 1.45 1.0
1.75 1.5 1.5 1.0
1.8 1.35 1.65 1.0
1.75 1.35 1.65 1.0
1.7 1.3 1.7 1.0
1.6 1.35 1.65 1.0
1.75 1.45 1.55 1.0
1.6 1.3 1.7 1.0
1.65 1.45 1.55 1.0
1.75 1.4 1.6 1.0
1.65 1.3 1.7 1.0
1.65 1.3 1.7 1.0
1.7 1.35 1.65 1.0
1.8 1.3 1.7 1.0
1.75 1.4 1.6 1.0
1.65 1.2 1.8 1.0
1.75 1.35 1.65 1.0
1.55 1.25 1.75 1.0
1.75 1.45 1.55 1.0
1.7 1.35 1.65 1.0
1.7 1.35 1.65 1.0
1.8 1.6 1.4 1.0
1.7 1.35 1.65 1.0
1.55 1.2 1.8 1.0
1.55 1.3 1.7 1.0
1.65 1.45 1.55 1.0
1.75 1.5 1.5 1.0
1.6 1.3 1.7 1.0
1.7 1.35 1.65 1.0
1.9 1.4 1.6 1.0
1.75 1.4 1.6 1.0
1.75 1.45 1.55 1.0
1.65 1.25 1.75 1.0
1.65 1.25 1.75 1.0
1.75 1.4 1.6 1.0
1.65 1.15 1.85 1.0
1.7 1.25 1.75 1.0
1.75 1.35 1.65 1.0
1.5 1.2 1.8 1.0
1.55 1.25 1.75 1.0
1.65 1.3 1.7 1.0
1.6 1.35 1.65 1.0
1.6 1.3 1.7 1.0
1.6 1.3 1.7 1.0
1.7 1.3 1.7 1.0
1.6 1.4 1.6 1.0
1.65 1.3 1.7 1.0
1.5 1.2 1.8 1.0
1.65 1.25 1.75 1.0
1.6 1.5 1.5 1.0
1.7 1.3 1.7 1.0
1.55 1.35 1.65 1.0
1.75 1.4 1.6 1.0
1.6 1.4 1.6 1.0
1.7 1.45 1.55 1.0
1.75 1.4 1.6 1.0
1.5 1.25 1.75 1.0
1.65 1.45 1.55 1.0
1.75 1.3 1.7 1.0
1.7 1.5 1.5 1.0
1.8 1.5 1.5 1.0
1.75 1.5 1.5 1.0
1.7 1.55 1.45 1.0
1.75 1.25 1.75 1.0
1.6 1.35 1.65 1.0
1.7 1.35 1.65 1.0
1.75 1.5 1.5 1.0
1.75 1.35 1.65 1.0
1.75 1.3 1.7 1.0
1.6 1.35 1.65 1.0
1.55 1.25 1.75 1.0
1.65 1.2 1.8 1.0
1.8 1.5 1.5 1.0
1.7 1.35 1.65 1.0
1.7 1.35 1.65 1.0
1.65 1.5 1.5 1.0
1.7 1.35 1.65 1.0
1.7 1.3 1.7 1.0
1.75 1.25 1.75 1.0
1.5 1.4 1.6 1.0
1.65 1.3 1.7 1.0
1.6 1.1 1.9 1.0
1.65 1.35 1.65 1.0
1.65 1.5 1.5 1.0
1.85 1.3 1.7 1.0
1.7 1.4 1.6 1.0
1.7 1.55 1.45 1.0
1.8 1.35 1.65 1.0
1.8 1.5 1.5 1.0
1.8 1.35 1.65 1.0
1.7 1.3 1.7 1.0
1.45 1.25 1.75 1.0
1.6 1.3 1.7 1.0
1.65 1.4 1.6 1.0
1.8 1.55 1.45 1.0
1.85 1.45 1.55 1.0
1.55 1.35 1.65 1.0
1.75 1.5 1.5 1.0
1.65 1.5 1.5 1.0
1.8 1.4 1.6 1.0
1.55 1.25 1.75 1.0
1.55 1.25 1.75 1.0
1.7 1.5 1.5 1.0
1.75 1.2 1.8 1.0
1.7 1.45 1.55 1.0
1.75 1.45 1.55 1.0
1.55 1.35 1.65 1.0
1.8 1.45 1.55 1.0
1.85 1.4 1.6 1.0
1.6 1.4 1.6 1.0
1.7 1.2 1.8 1.0
1.75 1.35 1.65 1.0
1.7 1.3 1.7 1.0
1.55 1.2 1.8 1.0
1.85 1.35 1.65 1.0
1.7 1.35 1.65 1.0
1.5 1.3 1.7 1.0
1.75 1.2 1.8 1.0
1.55 1.2 1.8 1.0
1.75 1.3 1.7 1.0
1.45 1.15 1.85 1.0
1.7 1.4 1.6 1.0
1.55 1.3 1.7 1.0
1.45 1.25 1.75 1.0
1.8 1.45 1.55 1.0
1.6 1.2 1.8 1.0
1.6 1.3 1.7 1.0
1.6 1.2 1.8 1.0
1.55 1.3 1.7 1.0
1.8 1.45 1.55 1.0
1.75 1.35 1.65 1.0
1.8 1.45 1.55 1.0
1.55 1.2 1.8 1.0
1.7 1.35 1.65 1.0
1.65 1.15 1.85 1.0
1.75 1.4 1.6 1.0
1.65 1.3 1.7 1.0
1.75 1.5 1.5 1.0
1.55 1.3 1.7 1.0
1.7 1.35 1.65 1.0
1.4 1.3 1.7 1.0
1.9 1.4 1.6 1.0
1.6 1.2 1.8 1.0
1.75 1.5 1.5 1.0
1.6 1.35 1.65 1.0
1.75 1.5 1.5 1.0
1.75 1.5 1.5 1.0
1.6 1.35 1.65 1.0
1.6 1.4 1.6 1.0
1.7 1.3 1.7 1.0
1.5 1.2 1.8 1.0
1.65 1.35 1.65 1.0
1.55 1.35 1.65 1.0
1.6 1.2 1.8 1.0
1.55 1.25 1.75 1.0
1.9 1.4 1.6 1.0
1.75 1.45 1.55 1.0
1.85 1.6 1.4 1.0
1.6 1.2 1.8 1.0
1.75 1.35 1.65 1.0
1.7 1.35 1.65 1.0
1.5 1.15 1.85 1.0
1.55 1.2 1.8 1.0
1.85 1.5 1.5 1.0
1.7 1.3 1.7 1.0
1.4 1.2 1.8 1.0
1.7 1.35 1.65 1.0
1.75 1.55 1.45 1.0
1.6 1.35 1.65 1.0
1.6 1.2 1.8 1.0
1.8 1.3 1.7 1.0
1.7 1.2 1.8 1.0
1.65 1.4 1.6 1.0
1.65 1.3 1.7 1.0
1.75 1.45 1.55 1.0
1.75 1.35 1.65 1.0
1.6 1.3 1.7 1.0
1.55 1.25 1.75 1.0
1.85 1.45 1.55 1.0
1.65 1.5 1.5 1.0
1.65 1.25 1.75 1.0
1.7 1.3 1.7 1.0
1.8 1.4 1.6 1.0
1.55 1.3 1.7 1.0
1.65 1.35 1.65 1.0
1.55 1.15 1.85 1.0
1.7 1.45 1.55 1.0
1.75 1.3 1.7 1.0
1.7 1.3 1.7 1.0
1.55 1.25 1.75 1.0
1.65 1.4 1.6 1.0
1.45 1.25 1.75 1.0
1.8 1.35 1.65 1.0
1.55 1.2 1.8 1.0
1.8 1.5 1.5 1.0
1.65 1.25 1.75 1.0
1.6 1.3 1.7 1.0
1.75 1.45 1.55 1.0
1.7 1.35 1.65 1.0
1.65 1.5 1.5 1.0
1.7 1.3 1.7 1.0
1.8 1.4 1.6 1.0
1.6 1.35 1.65 1.0
1.5 1.4 1.6 1.0
1.75 1.55 1.45 1.0
1.7 1.35 1.65 1.0
1.7 1.4 1.6 1.0
1.35 1.2 1.8 1.0
1.75 1.55 1.45 1.0
1.6 1.3 1.7 1.0
1.55 1.25 1.75 1.0
1.7 1.45 1.55 1.0
1.55 1.3 1.7 1.0
1.7 1.3 1.7 1.0
1.6 1.25 1.75 1.0
1.65 1.4 1.6 1.0
1.55 1.25 1.75 1.0
1.7 1.3 1.7 1.0
1.6 1.2 1.8 1.0
1.85 1.3 1.7 1.0
1.45 1.25 1.75 1.0
1.45 1.25 1.75 1.0
1.7 1.35 1.65 1.0
1.55 1.35 1.65 1.0
1.9 1.5 1.5 1.0
1.5 1.15 1.85 1.0
1.65 1.3 1.7 1.0
1.7 1.5 1.5 1.0
1.7 1.3 1.7 1.0
1.9 1.45 1.55 1.0
1.65 1.4 1.6 1.0
1.5 1.15 1.85 1.0
1.7 1.35 1.65 1.0
1.75 1.3 1.7 1.0
1.8 1.45 1.55 1.0
1.55 1.25 1.75 1.0
1.7 1.4 1.6 1.0
1.5 1.2 1.8 1.0
1.65 1.4 1.6 1.0
1.8 1.45 1.55 1.0
1.55 1.3 1.7 1.0
1.7 1.4 1.6 1.0
1.8 1.25 1.75 1.0
1.75 1.35 1.65 1.0
1.75 1.5 1.5 1.0
1.7 1.3 1.7 1.0
1.55 1.3 1.7 1.0
1.4 1.25 1.75 1.0
1.75 1.4 1.6 1.0
1.65 1.35 1.65 1.0
1.65 1.35 1.65 1.0
1.55 1.25 1.75 1.0
1.8 1.35 1.65 1.0
1.65 1.35 1.65 1.0
1.6 1.15 1.85 1.0
1.6 1.2 1.8 1.0
1.7 1.25 1.75 1.0
1.75 1.3 1.7 1.0
1.75 1.6 1.4 1.0
1.45 1.25 1.75 1.0
1.75 1.25 1.75 1.0
1.65 1.15 1.85 1.0
1.8 1.35 1.65 1.0
1.7 1.25 1.75 1.0
1.7 1.2 1.8 1.0
1.75 1.55 1.45 1.0
1.65 1.25 1.75 1.0
1.85 1.3 1.7 1.0
1.65 1.25 1.75 1.0
1.7 1.5 1.5 1.0
1.75 1.3 1.7 1.0
1.55 1.2 1.8 1.0
1.7 1.35 1.65 1.0
1.65 1.4 1.6 1.0
1.65 1.35 1.65 1.0
1.8 1.45 1.55 1.0
1.55 1.25 1.75 1.0
1.8 1.5 1.5 1.0
1.65 1.2 1.8 1.0
1.5 1.3 1.7 1.0
1.55 1.35 1.65 1.0
1.55 1.45 1.55 1.0
1.55 1.35 1.65 1.0
1.6 1.4 1.6 1.0
1.8 1.35 1.65 1.0
1.7 1.25 1.75 1.0
1.55 1.3 1.7 1.0
1.6 1.25 1.75 1.0
1.8 1.55 1.45 1.0
1.6 1.45 1.55 1.0
1.6 1.35 1.65 1.0
1.75 1.35 1.65 1.0
1.8 1.35 1.65 1.0
1.65 1.3 1.7 1.0
1.75 1.35 1.65 1.0
1.6 1.3 1.7 1.0
1.65 1.35 1.65 1.0
1.65 1.25 1.75 1.0
1.55 1.25 1.75 1.0
1.4 1.2 1.8 1.0
1.6 1.25 1.75 1.0
1.8 1.55 1.45 1.0
1.65 1.15 1.85 1.0
1.75 1.4 1.6 1.0
1.65 1.4 1.6 1.0
1.45 1.25 1.75 1.0
1.6 1.2 1.8 1.0
1.65 1.25 1.75 1.0
1.7 1.35 1.65 1.0
1.8 1.25 1.75 1.0
1.75 1.45 1.55 1.0
1.7 1.35 1.65 1.0
1.75 1.45 1.55 1.0
1.45 1.2 1.8 1.0
1.65 1.15 1.85 1.0
1.9 1.45 1.55 1.0
1.85 1.6 1.4 1.0
1.7 1.45 1.55 1.0
1.6 1.25 1.75 1.0
1.5 1.25 1.75 1.0
1.75 1.35 1.65 1.0
1.6 1.25 1.75 1.0
1.75 1.3 1.7 1.0
1.65 1.25 1.75 1.0
1.65 1.35 1.65 1.0
1.75 1.3 1.7 1.0
1.55 1.3 1.7 1.0
1.75 1.3 1.7 1.0
1.6 1.3 1.7 1.0
1.75 1.4 1.6 1.0
1.75 1.4 1.6 1.0
1.6 1.45 1.55 1.0
1.8 1.15 1.85 1.0
1.7 1.4 1.6 1.0
1.65 1.35 1.65 1.0
1.8 1.5 1.5 1.0
1.65 1.3 1.7 1.0
1.6 1.2 1.8 1.0
1.55 1.25 1.75 1.0
1.6 1.4 1.6 1.0
1.85 1.5 1.5 1.0
1.45 1.25 1.75 1.0
1.65 1.35 1.65 1.0
1.65 1.35 1.65 1.0
1.4 1.2 1.8 1.0
1.75 1.3 1.7 1.0
1.85 1.45 1.55 1.0
1.7 1.4 1.6 1.0
1.65 1.3 1.7 1.0
1.85 1.3 1.7 1.0
1.6 1.25 1.75 1.0
1.55 1.15 1.85 1.0
1.75 1.25 1.75 1.0
1.75 1.35 1.65 1.0
1.5 1.25 1.75 1.0
1.7 1.4 1.6 1.0
1.75 1.2 1.8 1.0
1.7 1.35 1.65 1.0
1.8 1.55 1.45 1.0
1.9 1.45 1.55 1.0
1.75 1.45 1.55 1.0
1.7 1.35 1.65 1.0
1.75 1.35 1.65 1.0
1.6 1.2 1.8 1.0
1.8 1.25 1.75 1.0
1.65 1.25 1.75 1.0
1.55 1.2 1.8 1.0
1.75 1.35 1.65 1.0
1.5 1.15 1.85 1.0
1.7 1.25 1.75 1.0
1.8 1.3 1.7 1.0
1.75 1.45 1.55 1.0
1.8 1.4 1.6 1.0
1.6 1.15 1.85 1.0
1.7 1.45 1.55 1.0
1.6 1.35 1.65 1.0
1.7 1.4 1.6 1.0
1.75 1.35 1.65 1.0
1.65 1.25 1.75 1.0
1.9 1.4 1.6 1.0
1.65 1.2 1.8 1.0
1.6 1.25 1.75 1.0
1.45 1.2 1.8 1.0
1.8 1.4 1.6 1.0
1.75 1.4 1.6 1.0
1.85 1.45 1.55 1.0
1.55 1.45 1.55 1.0
1.5 1.35 1.65 1.0
1.9 1.4 1.6 1.0
1.8 1.45 1.55 1.0
1.7 1.3 1.7 1.0
1.45 1.25 1.75 1.0
1.6 1.25 1.75 1.0
1.75 1.4 1.6 1.0
1.7 1.35 1.65 1.0
1.65 1.2 1.8 1.0
1.75 1.35 1.65 1.0
1.8 1.4 1.6 1.0
1.6 1.35 1.65 1.0
1.6 1.2 1.8 1.0
1.6 1.35 1.65 1.0
1.8 1.5 1.5 1.0
1.5 1.25 1.75 1.0
1.75 1.4 1.6 1.0
1.85 1.5 1.5 1.0
1.4 1.2 1.8 1.0
1.7 1.45 1.55 1.0
1.55 1.25 1.75 1.0
1.55 1.4 1.6 1.0
1.8 1.35 1.65 1.0
1.65 1.25 1.75 1.0
1.65 1.35 1.65 1.0
1.8 1.25 1.75 1.0
1.45 1.2 1.8 1.0
1.65 1.4 1.6 1.0
1.75 1.35 1.65 1.0
1.45 1.1 1.9 1.0
1.55 1.4 1.6 1.0
1.7 1.4 1.6 1.0
1.7 1.2 1.8 1.0
1.75 1.3 1.7 1.0
1.8 1.3 1.7 1.0
1.65 1.45 1.55 1.0
1.65 1.45 1.55 1.0
1.55 1.25 1.75 1.0
1.7 1.2 1.8 1.0
1.6 1.25 1.75 1.0
1.5 1.25 1.75 1.0
1.65 1.25 1.75 1.0
1.65 1.25 1.75 1.0
1.55 1.2 1.8 1.0
1.75 1.35 1.65 1.0
1.65 1.45 1.55 1.0
1.7 1.2 1.8 1.0
1.4 1.25 1.75 1.0
1.7 1.3 1.7 1.0
1.55 1.35 1.65 1.0
1.7 1.45 1.55 1.0
1.7 1.4 1.6 1.0
1.65 1.3 1.7 1.0
1.7 1.2 1.8 1.0
1.65 1.2 1.8 1.0
1.6 1.15 1.85 1.0
1.7 1.25 1.75 1.0
1.8 1.25 1.75 1.0
1.6 1.4 1.6 1.0
1.75 1.4 1.6 1.0
1.75 1.45 1.55 1.0
1.85 1.45 1.55 1.0
1.6 1.25 1.75 1.0
1.75 1.4 1.6 1.0
1.7 1.3 1.7 1.0
1.75 1.55 1.45 1.0
1.6 1.25 1.75 1.0
1.45 1.25 1.75 1.0
1.6 1.4 1.6 1.0
1.7 1.3 1.7 1.0
1.85 1.45 1.55 1.0
1.45 1.25 1.75 1.0
1.8 1.45 1.55 1.0
1.65 1.45 1.55 1.0
1.8 1.4 1.6 1.0
1.45 1.1 1.9 1.0
1.65 1.3 1.7 1.0
1.8 1.3 1.7 1.0
1.65 1.35 1.65 1.0
1.55 1.25 1.75 1.0
1.7 1.4 1.6 1.0
1.7 1.3 1.7 1.0
1.55 1.2 1.8 1.0
1.55 1.3 1.7 1.0
1.55 1.25 1.75 1.0
1.75 1.5 1.5 1.0
1.6 1.25 1.75 1.0
1.75 1.3 1.7 1.0
1.65 1.5 1.5 1.0
1.6 1.4 1.6 1.0
1.95 1.5 1.5 1.0
1.65 1.35 1.65 1.0
1.6 1.45 1.55 1.0
1.8 1.45 1.55 1.0
1.75 1.25 1.75 1.0
1.75 1.1 1.9 1.0
1.55 1.1 1.9 1.0
1.4 1.2 1.8 1.0
1.7 1.5 1.5 1.0
1.7 1.35 1.65 1.0
1.85 1.45 1.55 1.0
1.65 1.4 1.6 1.0
1.8 1.6 1.4 1.0
1.7 1.4 1.6 1.0
1.55 1.25 1.75 1.0
1.4 1.05 1.95 1.0
1.6 1.4 1.6 1.0
1.8 1.3 1.7 1.0
1.65 1.35 1.65 1.0
1.6 1.25 1.75 1.0
1.65 1.2 1.8 1.0
1.8 1.55 1.45 1.0
1.55 1.3 1.7 1.0
1.6 1.45 1.55 1.0
1.55 1.15 1.85 1.0
1.7 1.25 1.75 1.0
1.75 1.35 1.65 1.0
1.8 1.5 1.5 1.0
1.6 1.2 1.8 1.0
1.65 1.3 1.7 1.0
1.65 1.5 1.5 1.0
1.85 1.45 1.55 1.0
1.75 1.55 1.45 1.0
1.75 1.4 1.6 1.0
1.6 1.2 1.8 1.0
1.7 1.3 1.7 1.0
1.65 1.2 1.8 1.0
1.75 1.45 1.55 1.0
1.5 1.3 1.7 1.0
1.5 1.45 1.55 1.0
1.7 1.25 1.75 1.0
1.7 1.4 1.6 1.0
1.7 1.3 1.7 1.0
1.65 1.45 1.55 1.0
1.9 1.45 1.55 1.0
1.65 1.15 1.85 1.0
1.8 1.35 1.65 1.0
1.65 1.3 1.7 1.0
1.65 1.4 1.6 1.0
1.7 1.25 1.75 1.0
1.85 1.45 1.55 1.0
1.65 1.3 1.7 1.0
1.65 1.35 1.65 1.0
1.75 1.4 1.6 1.0
1.75 1.45 1.55 1.0
1.75 1.35 1.65 1.0
1.65 1.3 1.7 1.0
1.65 1.5 1.5 1.0
1.6 1.35 1.65 1.0
1.65 1.35 1.65 1.0
1.55 1.3 1.7 1.0
1.85 1.45 1.55 1.0
1.6 1.1 1.9 1.0
1.6 1.15 1.85 1.0
1.9 1.45 1.55 1.0
1.6 1.25 1.75 1.0
1.6 1.3 1.7 1.0
1.5 1.2 1.8 1.0
1.75 1.2 1.8 1.0
1.8 1.45 1.55 1.0
1.7 1.4 1.6 1.0
1.85 1.55 1.45 1.0
1.75 1.25 1.75 1.0
1.6 1.25 1.75 1.0
1.75 1.5 1.5 1.0
1.6 1.25 1.75 1.0
1.65 1.25 1.75 1.0
1.7 1.45 1.55 1.0
1.6 1.3 1.7 1.0
1.75 1.35 1.65 1.0
1.8 1.3 1.7 1.0
1.55 1.3 1.7 1.0
1.6 1.4 1.6 1.0
1.55 1.35 1.65 1.0
1.85 1.4 1.6 1.0
1.6 1.35 1.65 1.0
1.8 1.3 1.7 1.0
1.6 1.4 1.6 1.0
1.7 1.25 1.75 1.0
1.9 1.5 1.5 1.0
1.75 1.35 1.65 1.0
1.75 1.4 1.6 1.0
1.7 1.55 1.45 1.0
1.85 1.35 1.65 1.0
1.85 1.6 1.4 1.0
1.55 1.2 1.8 1.0
1.65 1.4 1.6 1.0
1.8 1.4 1.6 1.0
1.4 1.1 1.9 1.0
1.55 1.4 1.6 1.0
1.65 1.4 1.6 1.0
1.75 1.35 1.65 1.0
1.6 1.45 1.55 1.0
1.8 1.4 1.6 1.0
1.6 1.2 1.8 1.0
1.65 1.15 1.85 1.0
1.45 1.05 1.95 1.0
1.75 1.4 1.6 1.0
1.65 1.5 1.5 1.0
1.65 1.3 1.7 1.0
1.55 1.25 1.75 1.0
1.75 1.5 1.5 1.0
1.45 1.1 1.9 1.0
1.9 1.65 1.35 1.0
1.55 1.25 1.75 1.0
1.65 1.25 1.75 1.0
1.7 1.25 1.75 1.0
1.4 1.35 1.65 1.0
1.75 1.35 1.65 1.0
1.55 1.4 1.6 1.0
1.55 1.4 1.6 1.0
1.8 1.35 1.65 1.0
1.55 1.3 1.7 1.0
1.6 1.2 1.8 1.0
1.75 1.45 1.55 1.0
1.7 1.35 1.65 1.0
1.45 1.2 1.8 1.0
1.75 1.4 1.6 1.0
1.85 1.55 1.45 1.0
1.6 1.45 1.55 1.0
1.75 1.4 1.6 1.0
1.85 1.15 1.85 1.0
1.65 1.3 1.7 1.0
1.65 1.35 1.65 1.0
1.55 1.35 1.65 1.0
1.85 1.3 1.7 1.0
1.55 1.35 1.65 1.0
1.75 1.3 1.7 1.0
1.85 1.5 1.5 1.0
1.8 1.4 1.6 1.0
1.85 1.65 1.35 1.0
1.85 1.5 1.5 1.0
1.7 1.3 1.7 1.0
1.65 1.4 1.6 1.0
1.7 1.35 1.65 1.0
1.45 1.2 1.8 1.0
1.55 1.4 1.6 1.0
1.65 1.35 1.65 1.0
1.7 1.3 1.7 1.0
1.7 1.4 1.6 1.0
1.6 1.45 1.55 1.0
1.75 1.4 1.6 1.0
1.7 1.3 1.7 1.0
1.7 1.35 1.65 1.0
1.7 1.25 1.75 1.0
1.75 1.6 1.4 1.0
1.45 1.3 1.7 1.0
1.75 1.25 1.75 1.0
1.65 1.45 1.55 1.0
1.8 1.5 1.5 1.0
1.7 1.45 1.55 1.0
1.65 1.25 1.75 1.0
1.75 1.2 1.8 1.0
1.6 1.4 1.6 1.0
1.55 1.15 1.85 1.0
1.8 1.3 1.7 1.0
1.6 1.25 1.75 1.0
1.75 1.25 1.75 1.0
1.4 1.2 1.8 1.0
1.7 1.25 1.75 1.0
1.65 1.25 1.75 1.0
1.6 1.25 1.75 1.0
1.7 1.25 1.75 1.0
1.7 1.35 1.65 1.0
1.7 1.4 1.6 1.0
1.5 1.2 1.8 1.0
1.7 1.35 1.65 1.0
1.7 1.35 1.65 1.0
1.85 1.25 1.75 1.0
1.6 1.35 1.65 1.0
1.85 1.35 1.65 1.0
1.7 1.45 1.55 1.0
1.75 1.45 1.55 1.0
1.5 1.3 1.7 1.0
1.75 1.4 1.6 1.0
1.7 1.3 1.7 1.0
1.9 1.45 1.55 1.0
1.75 1.4 1.6 1.0
1.7 1.35 1.65 1.0
1.65 1.25 1.75 1.0
1.75 1.5 1.5 1.0
1.75 1.6 1.4 1.0
1.6 1.3 1.7 1.0
1.6 1.35 1.65 1.0
1.7 1.3 1.7 1.0
1.8 1.4 1.6 1.0
1.4 1.25 1.75 1.0
1.7 1.3 1.7 1.0
1.55 1.15 1.85 1.0
1.7 1.35 1.65 1.0
1.65 1.45 1.55 1.0
1.75 1.2 1.8 1.0
1.75 1.4 1.6 1.0
1.8 1.35 1.65 1.0
1.7 1.35 1.65 1.0
1.8 1.25 1.75 1.0
1.85 1.5 1.5 1.0
1.5 1.25 1.75 1.0
1.7 1.2 1.8 1.0
1.4 1.1 1.9 1.0
1.7 1.4 1.6 1.0
1.8 1.3 1.7 1.0
1.75 1.55 1.45 1.0
1.8 1.4 1.6 1.0
1.65 1.55 1.45 1.0
1.65 1.15 1.85 1.0
1.65 1.25 1.75 1.0
1.85 1.3 1.7 1.0
1.55 1.3 1.7 1.0
1.55 1.35 1.65 1.0
1.7 1.25 1.75 1.0
1.75 1.55 1.45 1.0
1.7 1.4 1.6 1.0
1.75 1.25 1.75 1.0
1.6 1.25 1.75 1.0
1.85 1.5 1.5 1.0
1.65 1.35 1.65 1.0
1.7 1.2 1.8 1.0
1.65 1.35 1.65 1.0
1.55 1.2 1.8 1.0
1.6 1.4 1.6 1.0
1.6 1.35 1.65 1.0
1.6 1.35 1.65 1.0
1.65 1.5 1.5 1.0
1.45 1.1 1.9 1.0
1.55 1.1 1.9 1.0
1.45 1.15 1.85 1.0
1.45 1.25 1.75 1.0
1.7 1.25 1.75 1.0
1.65 1.35 1.65 1.0
1.7 1.3 1.7 1.0
1.5 1.3 1.7 1.0
1.6 1.3 1.7 1.0
1.65 1.1 1.9 1.0
1.7 1.3 1.7 1.0
1.65 1.25 1.75 1.0
1.6 1.35 1.65 1.0
1.8 1.5 1.5 1.0
1.7 1.4 1.6 1.0
1.8 1.35 1.65 1.0
1.7 1.3 1.7 1.0
1.75 1.4 1.6 1.0
1.85 1.3 1.7 1.0
1.5 1.3 1.7 1.0
1.7 1.3 1.7 1.0
1.75 1.55 1.45 1.0
1.7 1.45 1.55 1.0
1.8 1.4 1.6 1.0
1.7 1.25 1.75 1.0
1.6 1.4 1.6 1.0
1.7 1.5 1.5 1.0
1.55 1.3 1.7 1.0
1.6 1.25 1.75 1.0
1.7 1.3 1.7 1.0
1.7 1.35 1.65 1.0
1.8 1.25 1.75 1.0
1.7 1.15 1.85 1.0
1.65 1.35 1.65 1.0
1.85 1.4 1.6 1.0
1.65 1.25 1.75 1.0
1.55 1.2 1.8 1.0
1.7 1.45 1.55 1.0
1.7 1.3 1.7 1.0
1.6 1.35 1.65 1.0
1.8 1.45 1.55 1.0
1.55 1.4 1.6 1.0
1.75 1.35 1.65 1.0
1.7 1.35 1.65 1.0
1.6 1.3 1.7 1.0
1.75 1.2 1.8 1.0
1.75 1.3 1.7 1.0
1.6 1.25 1.75 1.0
1.6 1.2 1.8 1.0
1.6 1.3 1.7 1.0
1.9 1.4 1.6 1.0
1.7 1.3 1.7 1.0
1.6 1.3 1.7 1.0
1.7 1.3 1.7 1.0
1.65 1.35 1.65 1.0
1.4 1.3 1.7 1.0
1.5 1.25 1.75 1.0
1.7 1.35 1.65 1.0
1.85 1.35 1.65 1.0
1.6 1.35 1.65 1.0
1.6 1.35 1.65 1.0
1.7 1.35 1.65 1.0
1.6 1.45 1.55 1.0
1.6 1.2 1.8 1.0
1.55 1.3 1.7 1.0
1.65 1.35 1.65 1.0
1.75 1.5 1.5 1.0
1.95 1.4 1.6 1.0
1.75 1.35 1.65 1.0
1.65 1.1 1.9 1.0
1.45 1.2 1.8 1.0
1.7 1.45 1.55 1.0
1.85 1.3 1.7 1.0
1.4 1.35 1.65 1.0
1.7 1.4 1.6 1.0
1.5 1.25 1.75 1.0
1.6 1.3 1.7 1.0
1.7 1.35 1.65 1.0
1.75 1.35 1.65 1.0
1.85 1.45 1.55 1.0
1.7 1.35 1.65 1.0
1.6 1.25 1.75 1.0
1.7 1.3 1.7 1.0
1.75 1.25 1.75 1.0
1.75 1.5 1.5 1.0
1.8 1.35 1.65 1.0
1.65 1.35 1.65 1.0
1.65 1.3 1.7 1.0
1.4 1.25 1.75 1.0
1.5 1.25 1.75 1.0
1.65 1.35 1.65 1.0
1.65 1.35 1.65 1.0
1.5 1.2 1.8 1.0
1.75 1.45 1.55 1.0
1.55 1.15 1.85 1.0
1.8 1.25 1.75 1.0
1.75 1.3 1.7 1.0
1.7 1.55 1.45 1.0
1.75 1.5 1.5 1.0
1.7 1.3 1.7 1.0
1.8 1.45 1.55 1.0
1.6 1.35 1.65 1.0
1.7 1.4 1.6 1.0
1.75 1.4 1.6 1.0
1.65 1.25 1.75 1.0
1.75 1.4 1.6 1.0
1.6 1.35 1.65 1.0
1.35 1.1 1.9 1.0
1.65 1.35 1.65 1.0
1.55 1.4 1.6 1.0
1.7 1.15 1.85 1.0
1.6 1.2 1.8 1.0
1.6 1.3 1.7 1.0
1.8 1.4 1.6 1.0
1.8 1.55 1.45 1.0
1.5 1.25 1.75 1.0
1.7 1.4 1.6 1.0
1.65 1.4 1.6 1.0
1.7 1.25 1.75 1.0
1.8 1.4 1.6 1.0
1.75 1.4 1.6 1.0
1.5 1.35 1.65 1.0
1.8 1.45 1.55 1.0
1.7 1.25 1.75 1.0
1.75 1.4 1.6 1.0
1.65 1.25 1.75 1.0
1.65 1.3 1.7 1.0
1.7 1.2 1.8 1.0
1.75 1.4 1.6 1.0
1.8 1.3 1.7 1.0
1.7 1.35 1.65 1.0
1.75 1.4 1.6 1.0
1.7 1.45 1.55 1.0
1.6 1.4 1.6 1.0
1.55 1.35 1.65 1.0
1.7 1.4 1.6 1.0
1.7 1.4 1.6 1.0
1.7 1.45 1.55 1.0
1.65 1.35 1.65 1.0
1.55 1.3 1.7 1.0
1.75 1.35 1.65 1.0
1.35 1.15 1.85 1.0
1.75 1.45 1.55 1.0
1.75 1.2 1.8 1.0
1.65 1.35 1.65 1.0
1.75 1.3 1.7 1.0
1.6 1.1 1.9 1.0
1.65 1.3 1.7 1.0
1.6 1.25 1.75 1.0
1.75 1.25 1.75 1.0
1.75 1.2 1.8 1.0
1.5 1.25 1.75 1.0
1.65 1.3 1.7 1.0
1.85 1.55 1.45 1.0
1.9 1.35 1.65 1.0
1.5 1.15 1.85 1.0
1.75 1.35 1.65 1.0
1.75 1.4 1.6 1.0
1.65 1.3 1.7 1.0
1.65 1.45 1.55 1.0
1.85 1.4 1.6 1.0
1.65 1.3 1.7 1.0
1.65 1.25 1.75 1.0
1.6 1.45 1.55 1.0
1.55 1.4 1.6 1.0
1.5 1.2 1.8 1.0
1.65 1.5 1.5 1.0
1.65 1.4 1.6 1.0
1.55 1.2 1.8 1.0
1.65 1.2 1.8 1.0
1.8 1.4 1.6 1.0
1.55 1.35 1.65 1.0
1.45 1.25 1.75 1.0
1.65 1.45 1.55 1.0
1.7 1.4 1.6 1.0
1.6 1.25 1.75 1.0
1.65 1.35 1.65 1.0
1.75 1.4 1.6 1.0
1.75 1.45 1.55 1.0
1.7 1.4 1.6 1.0
1.6 1.25 1.75 1.0
1.55 1.15 1.85 1.0
1.65 1.35 1.65 1.0
1.6 1.2 1.8 1.0
1.55 1.35 1.65 1.0
1.75 1.35 1.65 1.0
1.75 1.5 1.5 1.0
1.75 1.35 1.65 1.0
1.75 1.4 1.6 1.0
1.75 1.4 1.6 1.0
1.65 1.3 1.7 1.0
1.75 1.3 1.7 1.0
1.7 1.3 1.7 1.0
1.5 1.3 1.7 1.0
1.55 1.2 1.8 1.0
1.7 1.45 1.55 1.0
1.55 1.3 1.7 1.0
1.45 1.4 1.6 1.0
1.45 1.2 1.8 1.0
1.85 1.35 1.65 1.0
1.7 1.15 1.85 1.0
1.75 1.5 1.5 1.0
1.6 1.2 1.8 1.0
1.55 1.25 1.75 1.0
1.55 1.25 1.75 1.0
1.55 1.2 1.8 1.0
1.6 1.35 1.65 1.0
1.65 1.3 1.7 1.0
1.6 1.35 1.65 1.0
1.75 1.4 1.6 1.0
1.65 1.45 1.55 1.0
1.4 1.15 1.85 1.0
1.65 1.45 1.55 1.0
1.85 1.45 1.55 1.0
1.7 1.45 1.55 1.0
1.65 1.3 1.7 1.0
1.75 1.45 1.55 1.0
1.45 1.2 1.8 1.0
1.75 1.2 1.8 1.0
1.6 1.2 1.8 1.0
1.65 1.35 1.65 1.0
1.6 1.2 1.8 1.0
1.55 1.35 1.65 1.0
1.55 1.3 1.7 1.0
1.75 1.45 1.55 1.0
1.7 1.35 1.65 1.0
1.65 1.3 1.7 1.0
1.55 1.2 1.8 1.0
1.8 1.35 1.65 1.0
1.8 1.2 1.8 1.0
1.6 1.3 1.7 1.0
1.7 1.25 1.75 1.0
1.55 1.35 1.65 1.0
1.5 1.2 1.8 1.0
1.55 1.35 1.65 1.0
1.8 1.4 1.6 1.0
1.6 1.25 1.75 1.0
1.55 1.35 1.65 1.0
1.6 1.3 1.7 1.0
1.8 1.4 1.6 1.0
1.75 1.35 1.65 1.0
1.65 1.45 1.55 1.0
1.6 1.3 1.7 1.0
1.75 1.65 1.35 1.0
1.65 1.35 1.65 1.0
1.6 1.2 1.8 1.0
1.75 1.35 1.65 1.0
1.65 1.45 1.55 1.0
1.8 1.5 1.5 1.0
1.9 1.5 1.5 1.0
1.65 1.2 1.8 1.0
1.85 1.45 1.55 1.0
1.8 1.4 1.6 1.0
1.55 1.15 1.85 1.0
1.8 1.45 1.55 1.0
1.75 1.45 1.55 1.0
1.7 1.35 1.65 1.0
1.7 1.4 1.6 1.0
1.55 1.3 1.7 1.0
1.55 1.25 1.75 1.0
1.65 1.25 1.75 1.0
1.7 1.35 1.65 1.0
1.8 1.3 1.7 1.0
1.75 1.5 1.5 1.0
1.5 1.3 1.7 1.0
1.7 1.4 1.6 1.0
1.7 1.35 1.65 1.0
1.65 1.4 1.6 1.0
1.85 1.4 1.6 1.0
1.65 1.25 1.75 1.0
1.7 1.35 1.65 1.0
1.75 1.5 1.5 1.0
1.6 1.3 1.7 1.0
1.75 1.55 1.45 1.0
1.6 1.3 1.7 1.0
1.65 1.45 1.55 1.0
1.65 1.35 1.65 1.0
1.7 1.35 1.65 1.0
1.65 1.25 1.75 1.0
1.75 1.45 1.55 1.0
1.8 1.4 1.6 1.0
1.6 1.35 1.65 1.0
1.75 1.45 1.55 1.0
1.8 1.35 1.65 1.0
1.65 1.2 1.8 1.0
1.7 1.5 1.5 1.0
1.75 1.55 1.45 1.0
1.75 1.35 1.65 1.0
1.85 1.35 1.65 1.0
1.7 1.5 1.5 1.0
1.75 1.4 1.6 1.0
1.7 1.35 1.65 1.0
1.65 1.5 1.5 1.0
1.8 1.5 1.5 1.0
1.8 1.5 1.5 1.0
1.65 1.4 1.6 1.0
1.9 1.55 1.45 1.0
1.65 1.2 1.8 1.0
1.7 1.4 1.6 1.0
1.65 1.3 1.7 1.0
1.8 1.5 1.5 1.0
1.7 1.35 1.65 1.0
1.75 1.4 1.6 1.0
1.7 1.35 1.65 1.0
1.75 1.25 1.75 1.0
1.6 1.35 1.65 1.0
1.8 1.45 1.55 1.0
1.65 1.5 1.5 1.0
1.7 1.4 1.6 1.0
1.55 1.25 1.75 1.0
1.75 1.2 1.8 1.0
1.5 1.4 1.6 1.0
1.8 1.5 1.5 1.0
1.5 1.25 1.75 1.0
1.8 1.25 1.75 1.0
1.6 1.2 1.8 1.0
1.66691 1.33328 1.66672 1.0
