1.69 1.42 1.58 1.0
1.59 1.27 1.73 1.0
1.65 1.3 1.7 1.0
1.68 1.32 1.68 1.0
1.72 1.42 1.58 1.0
1.6 1.32 1.68 1.0
1.65 1.3 1.7 1.0
1.69 1.31 1.69 1.0
1.71 1.3 1.7 1.0
1.7 1.4 1.6 1.0
1.66 1.31 1.69 1.0
1.52 1.26 1.74 1.0
1.64 1.29 1.71 1.0
1.66 1.32 1.68 1.0
1.6 1.31 1.69 1.0
1.69 1.39 1.61 1.0
1.65 1.32 1.68 1.0
1.68 1.32 1.68 1.0
1.67 1.32 1.68 1.0
1.6 1.32 1.68 1.0
1.61 1.24 1.76 1.0
1.63 1.26 1.74 1.0
1.73 1.33 1.67 1.0
1.64 1.31 1.69 1.0
1.69 1.31 1.69 1.0
1.65 1.32 1.68 1.0
1.75 1.39 1.61 1.0
1.68 1.39 1.61 1.0
1.65 1.34 1.66 1.0
1.68 1.3 1.7 1.0
1.61 1.3 1.7 1.0
1.7 1.4 1.6 1.0
1.74 1.4 1.6 1.0
1.71 1.4 1.6 1.0
1.64 1.28 1.72 1.0
1.69 1.37 1.63 1.0
1.64 1.34 1.66 1.0
1.6 1.27 1.73 1.0
1.52 1.28 1.72 1.0
1.68 1.32 1.68 1.0
1.67 1.36 1.64 1.0
1.65 1.24 1.76 1.0
1.58 1.29 1.71 1.0
1.59 1.26 1.74 1.0
1.66 1.26 1.74 1.0
1.66 1.4 1.6 1.0
1.69 1.32 1.68 1.0
1.7 1.37 1.63 1.0
1.61 1.3 1.7 1.0
1.67 1.37 1.63 1.0
1.69 1.3 1.7 1.0
1.71 1.33 1.67 1.0
1.71 1.38 1.62 1.0
1.73 1.38 1.62 1.0
1.66 1.33 1.67 1.0
1.7 1.37 1.63 1.0
1.76 1.35 1.65 1.0
1.74 1.39 1.61 1.0
1.67 1.3 1.7 1.0
1.72 1.36 1.64 1.0
1.68 1.31 1.69 1.0
1.67 1.29 1.71 1.0
1.7 1.27 1.73 1.0
1.59 1.35 1.65 1.0
1.66 1.39 1.61 1.0
1.6 1.34 1.66 1.0
1.64 1.33 1.67 1.0
1.64 1.35 1.65 1.0
1.65 1.29 1.71 1.0
1.63 1.3 1.7 1.0
1.67 1.32 1.68 1.0
1.66 1.36 1.64 1.0
1.64 1.3 1.7 1.0
1.63 1.27 1.73 1.0
1.62 1.34 1.66 1.0
1.76 1.36 1.64 1.0
1.64 1.38 1.62 1.0
1.63 1.35 1.65 1.0
1.66 1.34 1.66 1.0
1.63 1.35 1.65 1.0
1.62 1.27 1.73 1.0
1.63 1.29 1.71 1.0
1.74 1.32 1.68 1.0
1.7 1.34 1.66 1.0
1.67 1.39 1.61 1.0
1.63 1.28 1.72 1.0
1.7 1.34 1.66 1.0
1.63 1.27 1.73 1.0
1.7 1.31 1.69 1.0
1.73 1.39 1.61 1.0
1.71 1.4 1.6 1.0
1.68 1.39 1.61 1.0
1.68 1.33 1.67 1.0
1.72 1.4 1.6 1.0
1.61 1.26 1.74 1.0
1.7 1.35 1.65 1.0
1.68 1.37 1.63 1.0
1.69 1.4 1.6 1.0
1.66 1.31 1.69 1.0
1.58 1.24 1.76 1.0
1.7 1.35 1.65 1.0
1.63 1.3 1.7 1.0
1.63 1.3 1.7 1.0
1.61 1.32 1.68 1.0
1.6 1.32 1.68 1.0
1.73 1.38 1.62 1.0
1.71 1.34 1.66 1.0
1.65 1.28 1.72 1.0
1.72 1.36 1.64 1.0
1.72 1.35 1.65 1.0
1.63 1.38 1.62 1.0
1.64 1.26 1.74 1.0
1.63 1.35 1.65 1.0
1.75 1.34 1.66 1.0
1.7 1.31 1.69 1.0
1.64 1.32 1.68 1.0
1.71 1.31 1.69 1.0
1.7 1.36 1.64 1.0
1.54 1.28 1.72 1.0
1.72 1.38 1.62 1.0
1.64 1.29 1.71 1.0
1.69 1.3 1.7 1.0
1.64 1.42 1.58 1.0
1.74 1.31 1.69 1.0
1.64 1.36 1.64 1.0
1.7 1.35 1.65 1.0
1.62 1.4 1.6 1.0
1.66 1.32 1.68 1.0
1.66 1.3 1.7 1.0
1.65 1.36 1.64 1.0
1.65 1.28 1.72 1.0
1.61 1.31 1.69 1.0
1.67 1.35 1.65 1.0
1.72 1.35 1.65 1.0
1.72 1.41 1.59 1.0
1.69 1.35 1.65 1.0
1.66 1.34 1.66 1.0
1.7 1.39 1.61 1.0
1.59 1.28 1.72 1.0
1.69 1.33 1.67 1.0
1.64 1.39 1.61 1.0
1.7 1.4 1.6 1.0
1.57 1.3 1.7 1.0
1.69 1.38 1.62 1.0
1.63 1.26 1.74 1.0
1.69 1.35 1.65 1.0
1.62 1.31 1.69 1.0
1.6 1.31 1.69 1.0
1.74 1.34 1.66 1.0
1.64 1.28 1.72 1.0
1.58 1.31 1.69 1.0
1.72 1.37 1.63 1.0
1.67 1.31 1.69 1.0
1.7 1.35 1.65 1.0
1.68 1.42 1.58 1.0
1.74 1.38 1.62 1.0
1.67 1.31 1.69 1.0
1.63 1.31 1.69 1.0
1.68 1.36 1.64 1.0
1.65 1.31 1.69 1.0
1.66 1.32 1.68 1.0
1.63 1.24 1.76 1.0
1.62 1.39 1.61 1.0
1.72 1.32 1.68 1.0
1.62 1.31 1.69 1.0
1.6 1.31 1.69 1.0
1.68 1.31 1.69 1.0
1.6 1.35 1.65 1.0
1.71 1.39 1.61 1.0
1.7 1.29 1.71 1.0
1.65 1.29 1.71 1.0
1.55 1.22 1.78 1.0
1.75 1.38 1.62 1.0
1.68 1.34 1.66 1.0
1.63 1.29 1.71 1.0
1.74 1.31 1.69 1.0
1.63 1.36 1.64 1.0
1.71 1.43 1.57 1.0
1.73 1.37 1.63 1.0
1.73 1.32 1.68 1.0
1.71 1.34 1.66 1.0
1.67 1.39 1.61 1.0
1.67 1.3 1.7 1.0
1.71 1.47 1.53 1.0
1.63 1.33 1.67 1.0
1.64 1.36 1.64 1.0
1.62 1.37 1.63 1.0
1.69 1.33 1.67 1.0
1.71 1.36 1.64 1.0
1.75 1.34 1.66 1.0
1.71 1.36 1.64 1.0
1.66 1.37 1.63 1.0
1.72 1.3 1.7 1.0
1.68 1.32 1.68 1.0
1.71 1.36 1.64 1.0
1.64 1.36 1.64 1.0
1.71 1.34 1.66 1.0
1.67 1.31 1.69 1.0
1.66 1.32 1.68 1.0
1.66 1.38 1.62 1.0
1.73 1.4 1.6 1.0
1.81 1.38 1.62 1.0
1.73 1.36 1.64 1.0
1.64 1.3 1.7 1.0
1.61 1.21 1.79 1.0
1.59 1.33 1.67 1.0
1.7 1.36 1.64 1.0
1.62 1.4 1.6 1.0
1.63 1.34 1.66 1.0
1.71 1.36 1.64 1.0
1.61 1.3 1.7 1.0
1.54 1.31 1.69 1.0
1.73 1.33 1.67 1.0
1.66 1.29 1.71 1.0
1.61 1.3 1.7 1.0
1.66 1.29 1.71 1.0
1.62 1.36 1.64 1.0
1.72 1.3 1.7 1.0
1.73 1.39 1.61 1.0
1.61 1.34 1.66 1.0
1.65 1.3 1.7 1.0
1.68 1.37 1.63 1.0
1.63 1.35 1.65 1.0
1.7 1.33 1.67 1.0
1.6 1.29 1.71 1.0
1.77 1.34 1.66 1.0
1.67 1.37 1.63 1.0
1.68 1.31 1.69 1.0
1.61 1.31 1.69 1.0
1.63 1.26 1.74 1.0
1.68 1.32 1.68 1.0
1.67 1.39 1.61 1.0
1.67 1.4 1.6 1.0
1.63 1.28 1.72 1.0
1.67 1.32 1.68 1.0
1.64 1.28 1.72 1.0
1.7 1.3 1.7 1.0
1.66 1.34 1.66 1.0
1.62 1.29 1.71 1.0
1.7 1.34 1.66 1.0
1.66 1.34 1.66 1.0
1.67 1.32 1.68 1.0
1.72 1.42 1.58 1.0
1.69 1.29 1.71 1.0
1.59 1.25 1.75 1.0
1.71 1.32 1.68 1.0
1.64 1.37 1.63 1.0
1.67 1.33 1.67 1.0
1.65 1.27 1.73 1.0
1.68 1.24 1.76 1.0
1.64 1.36 1.64 1.0
1.72 1.36 1.64 1.0
1.61 1.25 1.75 1.0
1.69 1.36 1.64 1.0
1.64 1.35 1.65 1.0
1.68 1.34 1.66 1.0
1.69 1.35 1.65 1.0
1.69 1.3 1.7 1.0
1.63 1.34 1.66 1.0
1.76 1.38 1.62 1.0
1.61 1.3 1.7 1.0
1.62 1.34 1.66 1.0
1.57 1.23 1.77 1.0
1.62 1.35 1.65 1.0
1.69 1.37 1.63 1.0
1.7 1.41 1.59 1.0
1.69 1.34 1.66 1.0
1.67 1.39 1.61 1.0
1.7 1.33 1.67 1.0
1.69 1.4 1.6 1.0
1.7 1.33 1.67 1.0
1.7 1.4 1.6 1.0
1.57 1.33 1.67 1.0
1.63 1.36 1.64 1.0
1.69 1.31 1.69 1.0
1.52 1.27 1.73 1.0
1.6 1.25 1.75 1.0
1.7 1.34 1.66 1.0
1.69 1.41 1.59 1.0
1.7 1.29 1.71 1.0
1.63 1.3 1.7 1.0
1.66 1.31 1.69 1.0
1.66 1.31 1.69 1.0
1.78 1.39 1.61 1.0
1.68 1.45 1.55 1.0
1.63 1.31 1.69 1.0
1.67 1.33 1.67 1.0
1.62 1.26 1.74 1.0
1.69 1.3 1.7 1.0
1.68 1.31 1.69 1.0
1.67 1.31 1.69 1.0
1.7 1.4 1.6 1.0
1.58 1.27 1.73 1.0
1.73 1.31 1.69 1.0
1.65 1.39 1.61 1.0
1.59 1.32 1.68 1.0
1.69 1.29 1.71 1.0
1.67 1.31 1.69 1.0
1.59 1.29 1.71 1.0
1.66 1.34 1.66 1.0
1.66 1.28 1.72 1.0
1.7 1.32 1.68 1.0
1.75 1.38 1.62 1.0
1.68 1.33 1.67 1.0
1.66 1.41 1.59 1.0
1.76 1.38 1.62 1.0
1.68 1.29 1.71 1.0
1.58 1.21 1.79 1.0
1.61 1.35 1.65 1.0
1.66 1.35 1.65 1.0
1.74 1.4 1.6 1.0
1.78 1.38 1.62 1.0
1.72 1.42 1.58 1.0
1.77 1.38 1.62 1.0
1.72 1.41 1.59 1.0
1.66 1.33 1.67 1.0
1.71 1.33 1.67 1.0
1.66 1.27 1.73 1.0
1.65 1.32 1.68 1.0
1.67 1.34 1.66 1.0
1.65 1.33 1.67 1.0
1.67 1.33 1.67 1.0
1.68 1.35 1.65 1.0
1.62 1.36 1.64 1.0
1.69 1.36 1.64 1.0
1.66 1.37 1.63 1.0
1.68 1.3 1.7 1.0
1.74 1.31 1.69 1.0
1.74 1.36 1.64 1.0
1.69 1.34 1.66 1.0
1.7 1.29 1.71 1.0
1.63 1.38 1.62 1.0
1.68 1.33 1.67 1.0
1.63 1.34 1.66 1.0
1.62 1.3 1.7 1.0
1.74 1.33 1.67 1.0
1.58 1.37 1.63 1.0
1.72 1.35 1.65 1.0
1.72 1.37 1.63 1.0
1.57 1.33 1.67 1.0
1.7 1.37 1.63 1.0
1.78 1.36 1.64 1.0
1.61 1.3 1.7 1.0
1.6 1.27 1.73 1.0
1.66 1.3 1.7 1.0
1.7 1.34 1.66 1.0
1.66 1.35 1.65 1.0
1.67 1.34 1.66 1.0
1.63 1.33 1.67 1.0
1.69 1.33 1.67 1.0
1.66 1.37 1.63 1.0
1.65 1.32 1.68 1.0
1.62 1.29 1.71 1.0
1.57 1.3 1.7 1.0
1.71 1.36 1.64 1.0
1.65 1.32 1.68 1.0
1.6 1.32 1.68 1.0
1.66 1.32 1.68 1.0
1.69 1.3 1.7 1.0
1.77 1.42 1.58 1.0
1.67 1.32 1.68 1.0
1.65 1.26 1.74 1.0
1.66 1.32 1.68 1.0
1.6 1.27 1.73 1.0
1.69 1.35 1.65 1.0
1.68 1.32 1.68 1.0
1.64 1.33 1.67 1.0
1.73 1.43 1.57 1.0
1.71 1.38 1.62 1.0
1.65 1.3 1.7 1.0
1.69 1.33 1.67 1.0
1.65 1.31 1.69 1.0
1.67 1.34 1.66 1.0
1.64 1.35 1.65 1.0
1.71 1.36 1.64 1.0
1.7 1.35 1.65 1.0
1.62 1.33 1.67 1.0
1.69 1.34 1.66 1.0
1.72 1.33 1.67 1.0
1.69 1.44 1.56 1.0
1.69 1.36 1.64 1.0
1.72 1.35 1.65 1.0
1.63 1.35 1.65 1.0
1.67 1.34 1.66 1.0
1.71 1.37 1.63 1.0
1.68 1.38 1.62 1.0
1.59 1.3 1.7 1.0
1.69 1.28 1.72 1.0
1.61 1.28 1.72 1.0
1.64 1.37 1.63 1.0
1.69 1.28 1.72 1.0
1.66 1.35 1.65 1.0
1.66 1.33 1.67 1.0
1.67 1.38 1.62 1.0
1.73 1.43 1.57 1.0
1.7 1.42 1.58 1.0
1.82 1.4 1.6 1.0
1.65 1.36 1.64 1.0
1.63 1.38 1.62 1.0
1.64 1.31 1.69 1.0
1.69 1.41 1.59 1.0
1.6 1.38 1.62 1.0
1.62 1.34 1.66 1.0
1.64 1.32 1.68 1.0
1.64 1.33 1.67 1.0
1.75 1.43 1.57 1.0
1.66 1.36 1.64 1.0
1.68 1.27 1.73 1.0
1.55 1.24 1.76 1.0
1.66 1.3 1.7 1.0
1.76 1.38 1.62 1.0
1.67 1.36 1.64 1.0
1.74 1.45 1.55 1.0
1.64 1.3 1.7 1.0
1.69 1.39 1.61 1.0
1.63 1.3 1.7 1.0
1.65 1.34 1.66 1.0
1.72 1.39 1.61 1.0
1.63 1.36 1.64 1.0
1.66 1.38 1.62 1.0
1.69 1.31 1.69 1.0
1.71 1.38 1.62 1.0
1.64 1.31 1.69 1.0
1.6 1.35 1.65 1.0
1.57 1.31 1.69 1.0
1.59 1.29 1.71 1.0
1.59 1.22 1.78 1.0
1.63 1.29 1.71 1.0
1.7 1.38 1.62 1.0
1.65 1.28 1.72 1.0
1.74 1.43 1.57 1.0
1.65 1.38 1.62 1.0
1.63 1.29 1.71 1.0
1.78 1.4 1.6 1.0
1.7 1.36 1.64 1.0
1.66 1.35 1.65 1.0
1.71 1.44 1.56 1.0
1.66 1.25 1.75 1.0
1.66 1.34 1.66 1.0
1.72 1.33 1.67 1.0
1.64 1.3 1.7 1.0
1.63 1.28 1.72 1.0
1.74 1.42 1.58 1.0
1.66 1.32 1.68 1.0
1.68 1.3 1.7 1.0
1.58 1.26 1.74 1.0
1.69 1.37 1.63 1.0
1.75 1.37 1.63 1.0
1.75 1.34 1.66 1.0
1.71 1.33 1.67 1.0
1.61 1.31 1.69 1.0
1.68 1.4 1.6 1.0
1.64 1.23 1.77 1.0
1.71 1.35 1.65 1.0
1.63 1.4 1.6 1.0
1.61 1.26 1.74 1.0
1.7 1.29 1.71 1.0
1.74 1.42 1.58 1.0
1.63 1.34 1.66 1.0
1.71 1.41 1.59 1.0
1.67 1.33 1.67 1.0
1.64 1.33 1.67 1.0
1.52 1.22 1.78 1.0
1.64 1.32 1.68 1.0
1.66 1.39 1.61 1.0
1.67 1.26 1.74 1.0
1.66 1.37 1.63 1.0
1.68 1.31 1.69 1.0
1.56 1.27 1.73 1.0
1.63 1.27 1.73 1.0
1.63 1.33 1.67 1.0
1.73 1.37 1.63 1.0
1.68 1.31 1.69 1.0
1.7 1.44 1.56 1.0
1.6 1.3 1.7 1.0
1.71 1.44 1.56 1.0
1.66 1.36 1.64 1.0
1.66 1.25 1.75 1.0
1.57 1.23 1.77 1.0
1.64 1.42 1.58 1.0
1.71 1.34 1.66 1.0
1.73 1.32 1.68 1.0
1.64 1.26 1.74 1.0
1.66 1.37 1.63 1.0
1.65 1.33 1.67 1.0
1.66 1.27 1.73 1.0
1.61 1.35 1.65 1.0
1.6 1.37 1.63 1.0
1.62 1.28 1.72 1.0
1.62 1.27 1.73 1.0
1.61 1.25 1.75 1.0
1.77 1.42 1.58 1.0
1.62 1.32 1.68 1.0
1.63 1.32 1.68 1.0
1.69 1.35 1.65 1.0
1.62 1.32 1.68 1.0
1.63 1.27 1.73 1.0
1.69 1.34 1.66 1.0
1.68 1.34 1.66 1.0
1.63 1.3 1.7 1.0
1.73 1.39 1.61 1.0
1.75 1.4 1.6 1.0
1.66 1.36 1.64 1.0
1.72 1.39 1.61 1.0
1.68 1.36 1.64 1.0
1.57 1.23 1.77 1.0
1.7 1.36 1.64 1.0
1.6 1.21 1.79 1.0
1.7 1.33 1.67 1.0
1.66 1.39 1.61 1.0
1.63 1.27 1.73 1.0
1.6 1.36 1.64 1.0
1.69 1.37 1.63 1.0
1.67 1.35 1.65 1.0
1.6 1.34 1.66 1.0
1.65 1.3 1.7 1.0
1.62 1.29 1.71 1.0
1.7 1.27 1.73 1.0
1.65 1.23 1.77 1.0
1.74 1.36 1.64 1.0
1.7 1.44 1.56 1.0
1.69 1.33 1.67 1.0
1.58 1.25 1.75 1.0
1.6 1.33 1.67 1.0
1.68 1.25 1.75 1.0
1.71 1.33 1.67 1.0
1.68 1.3 1.7 1.0
1.69 1.43 1.57 1.0
1.64 1.37 1.63 1.0
1.57 1.25 1.75 1.0
1.6 1.32 1.68 1.0
1.62 1.24 1.76 1.0
1.67 1.34 1.66 1.0
1.75 1.4 1.6 1.0
1.62 1.26 1.74 1.0
1.66 1.32 1.68 1.0
1.65 1.33 1.67 1.0
1.62 1.35 1.65 1.0
1.64 1.34 1.66 1.0
1.71 1.28 1.72 1.0
1.66 1.33 1.67 1.0
1.68 1.32 1.68 1.0
1.61 1.26 1.74 1.0
1.67 1.31 1.69 1.0
1.73 1.36 1.64 1.0
1.53 1.27 1.73 1.0
1.64 1.34 1.66 1.0
1.67 1.32 1.68 1.0
1.69 1.32 1.68 1.0
1.62 1.31 1.69 1.0
1.7 1.4 1.6 1.0
1.67 1.3 1.7 1.0
1.71 1.36 1.64 1.0
1.67 1.35 1.65 1.0
1.67 1.35 1.65 1.0
1.74 1.32 1.68 1.0
1.61 1.25 1.75 1.0
1.53 1.32 1.68 1.0
1.65 1.35 1.65 1.0
1.73 1.35 1.65 1.0
1.68 1.37 1.63 1.0
1.6 1.34 1.66 1.0
1.71 1.36 1.64 1.0
1.72 1.29 1.71 1.0
1.66 1.27 1.73 1.0
1.61 1.28 1.72 1.0
1.63 1.31 1.69 1.0
1.69 1.41 1.59 1.0
1.7 1.4 1.6 1.0
1.74 1.38 1.62 1.0
1.64 1.3 1.7 1.0
1.59 1.33 1.67 1.0
1.66 1.35 1.65 1.0
1.77 1.43 1.57 1.0
1.71 1.34 1.66 1.0
1.71 1.33 1.67 1.0
1.67 1.35 1.65 1.0
1.74 1.34 1.66 1.0
1.64 1.3 1.7 1.0
1.68 1.32 1.68 1.0
1.57 1.27 1.73 1.0
1.65 1.3 1.7 1.0
1.7 1.37 1.63 1.0
1.63 1.26 1.74 1.0
1.73 1.42 1.58 1.0
1.67 1.31 1.69 1.0
1.61 1.35 1.65 1.0
1.62 1.31 1.69 1.0
1.66 1.24 1.76 1.0
1.68 1.34 1.66 1.0
1.73 1.31 1.69 1.0
1.64 1.32 1.68 1.0
1.67 1.35 1.65 1.0
1.74 1.34 1.66 1.0
1.71 1.39 1.61 1.0
1.61 1.31 1.69 1.0
1.75 1.39 1.61 1.0
1.58 1.27 1.73 1.0
1.72 1.4 1.6 1.0
1.65 1.34 1.66 1.0
1.72 1.38 1.62 1.0
1.69 1.29 1.71 1.0
1.71 1.39 1.61 1.0
1.64 1.37 1.63 1.0
1.69 1.31 1.69 1.0
1.72 1.36 1.64 1.0
1.71 1.3 1.7 1.0
1.69 1.36 1.64 1.0
1.68 1.38 1.62 1.0
1.64 1.3 1.7 1.0
1.69 1.33 1.67 1.0
1.64 1.34 1.66 1.0
1.63 1.25 1.75 1.0
1.69 1.37 1.63 1.0
1.67 1.31 1.69 1.0
1.66 1.3 1.7 1.0
1.59 1.32 1.68 1.0
1.7 1.34 1.66 1.0
1.66 1.43 1.57 1.0
1.74 1.42 1.58 1.0
1.67 1.34 1.66 1.0
1.68 1.29 1.71 1.0
1.66 1.29 1.71 1.0
1.71 1.38 1.62 1.0
1.69 1.31 1.69 1.0
1.67 1.35 1.65 1.0
1.68 1.39 1.61 1.0
1.54 1.27 1.73 1.0
1.62 1.28 1.72 1.0
1.64 1.27 1.73 1.0
1.73 1.34 1.66 1.0
1.73 1.41 1.59 1.0
1.61 1.29 1.71 1.0
1.68 1.33 1.67 1.0
1.63 1.34 1.66 1.0
1.6 1.31 1.69 1.0
1.64 1.36 1.64 1.0
1.62 1.33 1.67 1.0
1.65 1.31 1.69 1.0
1.59 1.28 1.72 1.0
1.72 1.29 1.71 1.0
1.62 1.3 1.7 1.0
1.59 1.3 1.7 1.0
1.61 1.29 1.71 1.0
1.69 1.32 1.68 1.0
1.63 1.25 1.75 1.0
1.74 1.42 1.58 1.0
1.69 1.32 1.68 1.0
1.67 1.43 1.57 1.0
1.71 1.3 1.7 1.0
1.58 1.27 1.73 1.0
1.72 1.33 1.67 1.0
1.63 1.31 1.69 1.0
1.72 1.28 1.72 1.0
1.65 1.3 1.7 1.0
1.64 1.26 1.74 1.0
1.7 1.36 1.64 1.0
1.65 1.26 1.74 1.0
1.61 1.29 1.71 1.0
1.62 1.28 1.72 1.0
1.65 1.22 1.78 1.0
1.7 1.25 1.75 1.0
1.66 1.34 1.66 1.0
1.69 1.3 1.7 1.0
1.7 1.32 1.68 1.0
1.61 1.25 1.75 1.0
1.75 1.27 1.73 1.0
1.67 1.4 1.6 1.0
1.71 1.41 1.59 1.0
1.66 1.36 1.64 1.0
1.62 1.27 1.73 1.0
1.69 1.41 1.59 1.0
1.76 1.35 1.65 1.0
1.52 1.24 1.76 1.0
1.69 1.36 1.64 1.0
1.65 1.34 1.66 1.0
1.67 1.33 1.67 1.0
1.65 1.32 1.68 1.0
1.65 1.33 1.67 1.0
1.63 1.3 1.7 1.0
1.64 1.29 1.71 1.0
1.61 1.35 1.65 1.0
1.73 1.34 1.66 1.0
1.69 1.25 1.75 1.0
1.66 1.33 1.67 1.0
1.63 1.35 1.65 1.0
1.68 1.35 1.65 1.0
1.65 1.3 1.7 1.0
1.68 1.34 1.66 1.0
1.61 1.25 1.75 1.0
1.72 1.43 1.57 1.0
1.63 1.25 1.75 1.0
1.68 1.36 1.64 1.0
1.65 1.25 1.75 1.0
1.67 1.34 1.66 1.0
1.71 1.35 1.65 1.0
1.74 1.42 1.58 1.0
1.66 1.35 1.65 1.0
1.56 1.29 1.71 1.0
1.63 1.27 1.73 1.0
1.72 1.36 1.64 1.0
1.67 1.36 1.64 1.0
1.69 1.35 1.65 1.0
1.73 1.4 1.6 1.0
1.64 1.22 1.78 1.0
1.7 1.38 1.62 1.0
1.75 1.38 1.62 1.0
1.65 1.37 1.63 1.0
1.72 1.39 1.61 1.0
1.61 1.26 1.74 1.0
1.61 1.3 1.7 1.0
1.72 1.34 1.66 1.0
1.69 1.3 1.7 1.0
1.59 1.33 1.67 1.0
1.7 1.37 1.63 1.0
1.62 1.3 1.7 1.0
1.64 1.32 1.68 1.0
1.66 1.38 1.62 1.0
1.7 1.38 1.62 1.0
1.69 1.36 1.64 1.0
1.69 1.32 1.68 1.0
1.61 1.35 1.65 1.0
1.7 1.36 1.64 1.0
1.67 1.29 1.71 1.0
1.68 1.31 1.69 1.0
1.74 1.42 1.58 1.0
1.67 1.39 1.61 1.0
1.63 1.32 1.68 1.0
1.76 1.46 1.54 1.0
1.65 1.28 1.72 1.0
1.78 1.43 1.57 1.0
1.6 1.25 1.75 1.0
1.52 1.31 1.69 1.0
1.63 1.3 1.7 1.0
1.69 1.39 1.61 1.0
1.74 1.43 1.57 1.0
1.6 1.26 1.74 1.0
1.72 1.34 1.66 1.0
1.69 1.32 1.68 1.0
1.68 1.36 1.64 1.0
1.56 1.25 1.75 1.0
1.66 1.24 1.76 1.0
1.68 1.4 1.6 1.0
1.62 1.24 1.76 1.0
1.69 1.35 1.65 1.0
1.69 1.38 1.62 1.0
1.65 1.35 1.65 1.0
1.63 1.31 1.69 1.0
1.63 1.29 1.71 1.0
1.65 1.35 1.65 1.0
1.62 1.31 1.69 1.0
1.7 1.35 1.65 1.0
1.68 1.32 1.68 1.0
1.64 1.31 1.69 1.0
1.67 1.3 1.7 1.0
1.63 1.32 1.68 1.0
1.68 1.37 1.63 1.0
1.66 1.36 1.64 1.0
1.56 1.31 1.69 1.0
1.68 1.3 1.7 1.0
1.67 1.36 1.64 1.0
1.56 1.31 1.69 1.0
1.68 1.3 1.7 1.0
1.76 1.41 1.59 1.0
1.66 1.31 1.69 1.0
1.69 1.34 1.66 1.0
1.69 1.38 1.62 1.0
1.59 1.3 1.7 1.0
1.7 1.33 1.67 1.0
1.7 1.33 1.67 1.0
1.62 1.32 1.68 1.0
1.69 1.31 1.69 1.0
1.67 1.33 1.67 1.0
1.73 1.38 1.62 1.0
1.62 1.32 1.68 1.0
1.7 1.45 1.55 1.0
1.63 1.25 1.75 1.0
1.67 1.38 1.62 1.0
1.65 1.32 1.68 1.0
1.58 1.26 1.74 1.0
1.62 1.35 1.65 1.0
1.64 1.35 1.65 1.0
1.7 1.33 1.67 1.0
1.65 1.39 1.61 1.0
1.65 1.35 1.65 1.0
1.75 1.33 1.67 1.0
1.73 1.34 1.66 1.0
1.66 1.33 1.67 1.0
1.75 1.48 1.52 1.0
1.66 1.35 1.65 1.0
1.69 1.26 1.74 1.0
1.62 1.37 1.63 1.0
1.7 1.38 1.62 1.0
1.62 1.33 1.67 1.0
1.68 1.39 1.61 1.0
1.62 1.3 1.7 1.0
1.69 1.32 1.68 1.0
1.68 1.3 1.7 1.0
1.67 1.35 1.65 1.0
1.71 1.31 1.69 1.0
1.67 1.29 1.71 1.0
1.67 1.34 1.66 1.0
1.66 1.4 1.6 1.0
1.68 1.27 1.73 1.0
1.65 1.36 1.64 1.0
1.67 1.33 1.67 1.0
1.71 1.36 1.64 1.0
1.58 1.29 1.71 1.0
1.71 1.28 1.72 1.0
1.64 1.31 1.69 1.0
1.69 1.39 1.61 1.0
1.62 1.31 1.69 1.0
1.76 1.42 1.58 1.0
1.62 1.25 1.75 1.0
1.69 1.34 1.66 1.0
1.72 1.29 1.71 1.0
1.69 1.31 1.69 1.0
1.67 1.39 1.61 1.0
1.64 1.27 1.73 1.0
1.68 1.39 1.61 1.0
1.68 1.33 1.67 1.0
1.69 1.32 1.68 1.0
1.7 1.32 1.68 1.0
1.63 1.36 1.64 1.0
1.74 1.41 1.59 1.0
1.71 1.34 1.66 1.0
1.6 1.3 1.7 1.0
1.73 1.44 1.56 1.0
1.75 1.3 1.7 1.0
1.66 1.3 1.7 1.0
1.59 1.38 1.62 1.0
1.71 1.36 1.64 1.0
1.64 1.32 1.68 1.0
1.69 1.35 1.65 1.0
1.66 1.34 1.66 1.0
1.69 1.32 1.68 1.0
1.54 1.32 1.68 1.0
1.7 1.37 1.63 1.0
1.73 1.44 1.56 1.0
1.69 1.35 1.65 1.0
1.65 1.32 1.68 1.0
1.67 1.29 1.71 1.0
1.71 1.34 1.66 1.0
1.7 1.38 1.62 1.0
1.69 1.26 1.74 1.0
1.75 1.42 1.58 1.0
1.7 1.41 1.59 1.0
1.65 1.28 1.72 1.0
1.72 1.43 1.57 1.0
1.65 1.3 1.7 1.0
1.72 1.37 1.63 1.0
1.68 1.33 1.67 1.0
1.65 1.32 1.68 1.0
1.7 1.44 1.56 1.0
1.7 1.33 1.67 1.0
1.68 1.37 1.63 1.0
1.76 1.43 1.57 1.0
1.69 1.4 1.6 1.0
1.7 1.39 1.61 1.0
1.68 1.36 1.64 1.0
1.62 1.31 1.69 1.0
1.69 1.37 1.63 1.0
1.67 1.32 1.68 1.0
1.63 1.32 1.68 1.0
1.68 1.35 1.65 1.0
1.66 1.4 1.6 1.0
1.68 1.36 1.64 1.0
1.7 1.37 1.63 1.0
1.74 1.36 1.64 1.0
1.7 1.35 1.65 1.0
1.73 1.4 1.6 1.0
1.63 1.28 1.72 1.0
1.69 1.36 1.64 1.0
1.64 1.31 1.69 1.0
1.66 1.3 1.7 1.0
1.74 1.29 1.71 1.0
1.72 1.33 1.67 1.0
1.67 1.29 1.71 1.0
1.65 1.36 1.64 1.0
1.61 1.27 1.73 1.0
1.68 1.35 1.65 1.0
1.66 1.35 1.65 1.0
1.71 1.37 1.63 1.0
1.71 1.33 1.67 1.0
1.64 1.28 1.72 1.0
1.64 1.26 1.74 1.0
1.7 1.38 1.62 1.0
1.69 1.42 1.58 1.0
1.69 1.44 1.56 1.0
1.7 1.3 1.7 1.0
1.7 1.43 1.57 1.0
1.71 1.34 1.66 1.0
1.74 1.36 1.64 1.0
1.64 1.26 1.74 1.0
1.54 1.3 1.7 1.0
1.77 1.29 1.71 1.0
1.6 1.33 1.67 1.0
1.65 1.33 1.67 1.0
1.64 1.35 1.65 1.0
1.68 1.28 1.72 1.0
1.62 1.2 1.8 1.0
1.6 1.36 1.64 1.0
1.68 1.4 1.6 1.0
1.71 1.39 1.61 1.0
1.59 1.25 1.75 1.0
1.67 1.32 1.68 1.0
1.63 1.31 1.69 1.0
1.63 1.32 1.68 1.0
1.62 1.29 1.71 1.0
1.66 1.34 1.66 1.0
1.67 1.36 1.64 1.0
1.6 1.3 1.7 1.0
1.58 1.35 1.65 1.0
1.64 1.35 1.65 1.0
1.7 1.33 1.67 1.0
1.67 1.31 1.69 1.0
1.69 1.35 1.65 1.0
1.6 1.26 1.74 1.0
1.66 1.31 1.69 1.0
1.69 1.4 1.6 1.0
1.61 1.3 1.7 1.0
1.68 1.32 1.68 1.0
1.62 1.24 1.76 1.0
1.73 1.4 1.6 1.0
1.64 1.26 1.74 1.0
1.74 1.33 1.67 1.0
1.7 1.33 1.67 1.0
1.73 1.4 1.6 1.0
1.63 1.32 1.68 1.0
1.69 1.36 1.64 1.0
1.62 1.24 1.76 1.0
1.65 1.39 1.61 1.0
1.7 1.42 1.58 1.0
1.68 1.35 1.65 1.0
1.66 1.38 1.62 1.0
1.68 1.42 1.58 1.0
1.65 1.34 1.66 1.0
1.6 1.36 1.64 1.0
1.62 1.33 1.67 1.0
1.66 1.3 1.7 1.0
1.71 1.35 1.65 1.0
1.6 1.34 1.66 1.0
1.68 1.39 1.61 1.0
1.62 1.34 1.66 1.0
1.68 1.34 1.66 1.0
1.73 1.35 1.65 1.0
1.66 1.32 1.68 1.0
1.7 1.37 1.63 1.0
1.7 1.37 1.63 1.0
1.61 1.29 1.71 1.0
1.59 1.34 1.66 1.0
1.69 1.32 1.68 1.0
1.65 1.32 1.68 1.0
1.72 1.44 1.56 1.0
1.77 1.38 1.62 1.0
1.64 1.29 1.71 1.0
1.61 1.26 1.74 1.0
1.77 1.35 1.65 1.0
1.72 1.36 1.64 1.0
1.59 1.24 1.76 1.0
1.66 1.31 1.69 1.0
1.65 1.33 1.67 1.0
1.68 1.33 1.67 1.0
1.63 1.31 1.69 1.0
1.61 1.27 1.73 1.0
1.58 1.22 1.78 1.0
1.68 1.31 1.69 1.0
1.66 1.26 1.74 1.0
1.69 1.3 1.7 1.0
1.69 1.36 1.64 1.0
1.72 1.35 1.65 1.0
1.7 1.4 1.6 1.0
1.68 1.32 1.68 1.0
1.64 1.27 1.73 1.0
1.7 1.33 1.67 1.0
1.68 1.4 1.6 1.0
1.71 1.37 1.63 1.0
1.74 1.35 1.65 1.0
1.71 1.37 1.63 1.0
1.67 1.4 1.6 1.0
1.64 1.29 1.71 1.0
1.65 1.32 1.68 1.0
1.7 1.33 1.67 1.0
1.63 1.35 1.65 1.0
1.65 1.35 1.65 1.0
1.66 1.29 1.71 1.0
1.74 1.35 1.65 1.0
1.64 1.39 1.61 1.0
1.58 1.21 1.79 1.0
1.69 1.36 1.64 1.0
1.66 1.39 1.61 1.0
1.56 1.29 1.71 1.0
1.68 1.36 1.64 1.0
1.7 1.36 1.64 1.0
1.72 1.42 1.58 1.0
1.63 1.32 1.68 1.0
1.7 1.34 1.66 1.0
1.67 1.31 1.69 1.0
1.7 1.31 1.69 1.0
1.59 1.26 1.74 1.0
1.67 1.3 1.7 1.0
1.63 1.35 1.65 1.0
1.68 1.27 1.73 1.0
1.63 1.34 1.66 1.0
1.58 1.29 1.71 1.0
1.59 1.26 1.74 1.0
1.71 1.29 1.71 1.0
1.69 1.23 1.77 1.0
1.71 1.38 1.62 1.0
1.72 1.39 1.61 1.0
1.58 1.26 1.74 1.0
1.68 1.36 1.64 1.0
1.66 1.29 1.71 1.0
1.68 1.29 1.71 1.0
1.6 1.29 1.71 1.0
1.68 1.38 1.62 1.0
1.69 1.46 1.54 1.0
1.76 1.37 1.63 1.0
1.73 1.48 1.52 1.0
1.61 1.3 1.7 1.0
1.7 1.34 1.66 1.0
1.65 1.31 1.69 1.0
1.68 1.36 1.64 1.0
1.69 1.32 1.68 1.0
1.64 1.38 1.62 1.0
1.67 1.34 1.66 1.0
1.74 1.35 1.65 1.0
1.73 1.33 1.67 1.0
1.69 1.28 1.72 1.0
1.67 1.4 1.6 1.0
1.68 1.31 1.69 1.0
1.73 1.31 1.69 1.0
1.67 1.34 1.66 1.0
1.7 1.39 1.61 1.0
1.65 1.32 1.68 1.0
1.66 1.32 1.68 1.0
1.58 1.25 1.75 1.0
1.66 1.28 1.72 1.0
1.63 1.3 1.7 1.0
1.75 1.45 1.55 1.0
1.59 1.28 1.72 1.0
1.6 1.27 1.73 1.0
1.69 1.37 1.63 1.0
1.69 1.41 1.59 1.0
1.63 1.45 1.55 1.0
1.68 1.3 1.7 1.0
1.76 1.29 1.71 1.0
1.6 1.36 1.64 1.0
1.7 1.3 1.7 1.0
1.71 1.37 1.63 1.0
1.68 1.32 1.68 1.0
1.65 1.35 1.65 1.0
1.76 1.41 1.59 1.0
1.62 1.3 1.7 1.0
1.68 1.32 1.68 1.0
1.69 1.37 1.63 1.0
1.66 1.29 1.71 1.0
1.65 1.28 1.72 1.0
1.65 1.31 1.69 1.0
1.74 1.26 1.74 1.0
1.65 1.4 1.6 1.0
1.66 1.38 1.62 1.0
1.65 1.39 1.61 1.0
1.59 1.25 1.75 1.0
1.68 1.31 1.69 1.0
1.59 1.36 1.64 1.0
1.68 1.35 1.65 1.0
1.68 1.33 1.67 1.0
1.67 1.37 1.63 1.0
1.63 1.3 1.7 1.0
1.64 1.31 1.69 1.0
1.59 1.31 1.69 1.0
1.78 1.35 1.65 1.0
1.72 1.45 1.55 1.0
1.73 1.42 1.58 1.0
1.69 1.39 1.61 1.0
1.61 1.33 1.67 1.0
1.62 1.28 1.72 1.0
1.64 1.3 1.7 1.0
1.68 1.3 1.7 1.0
1.71 1.33 1.67 1.0
1.59 1.32 1.68 1.0
1.7 1.43 1.57 1.0
1.69 1.39 1.61 1.0
1.63 1.24 1.76 1.0
1.61 1.34 1.66 1.0
1.67 1.32 1.68 1.0
1.7 1.29 1.71 1.0
1.69 1.29 1.71 1.0
1.67 1.26 1.74 1.0
1.62 1.3 1.7 1.0
1.67 1.36 1.64 1.0
1.82 1.28 1.72 1.0
1.75 1.39 1.61 1.0
1.69 1.35 1.65 1.0
1.63 1.4 1.6 1.0
1.61 1.39 1.61 1.0
1.67 1.38 1.62 1.0
1.61 1.25 1.75 1.0
1.61 1.3 1.7 1.0
1.68 1.31 1.69 1.0
1.71 1.24 1.76 1.0
1.63 1.25 1.75 1.0
1.7 1.34 1.66 1.0
1.7 1.38 1.62 1.0
1.71 1.32 1.68 1.0
1.68 1.4 1.6 1.0
1.68 1.3 1.7 1.0
1.66 1.26 1.74 1.0
1.62 1.3 1.7 1.0
1.7 1.32 1.68 1.0
1.64 1.35 1.65 1.0
1.68 1.34 1.66 1.0
1.6 1.27 1.73 1.0
1.72 1.36 1.64 1.0
1.72 1.38 1.62 1.0
1.74 1.29 1.71 1.0
1.64 1.26 1.74 1.0
1.72 1.37 1.63 1.0
1.65 1.38 1.62 1.0
1.65 1.36 1.64 1.0
1.69 1.3 1.7 1.0
1.65 1.31 1.69 1.0
1.59 1.31 1.69 1.0
1.66 1.37 1.63 1.0
1.67 1.41 1.59 1.0
1.67 1.36 1.64 1.0
1.66 1.33 1.67 1.0
1.71 1.44 1.56 1.0
1.71 1.33 1.67 1.0
1.68 1.38 1.62 1.0
1.69 1.33 1.67 1.0
1.74 1.34 1.66 1.0
1.66 1.38 1.62 1.0
1.73 1.44 1.56 1.0
1.68 1.38 1.62 1.0
1.66 1.24 1.76 1.0
1.69 1.34 1.66 1.0
1.73 1.36 1.64 1.0
1.7 1.35 1.65 1.0
1.66 1.36 1.64 1.0
1.63 1.31 1.69 1.0
1.68 1.28 1.72 1.0
1.67 1.33 1.67 1.0
1.66 1.33 1.67 1.0
1.68 1.32 1.68 1.0
1.73 1.39 1.61 1.0
1.61 1.31 1.69 1.0
1.66 1.35 1.65 1.0
1.63 1.32 1.68 1.0
1.68 1.36 1.64 1.0
1.63 1.33 1.67 1.0
1.71 1.41 1.59 1.0
1.58 1.27 1.73 1.0
1.57 1.27 1.73 1.0
1.75 1.41 1.59 1.0
1.6 1.27 1.73 1.0
1.68 1.38 1.62 1.0
1.7 1.33 1.67 1.0
1.64 1.3 1.7 1.0
1.71 1.4 1.6 1.0
1.67 1.28 1.72 1.0
1.66 1.34 1.66 1.0
1.7 1.3 1.7 1.0
1.61 1.33 1.67 1.0
1.63 1.33 1.67 1.0
1.73 1.36 1.64 1.0
1.6 1.27 1.73 1.0
1.72 1.38 1.62 1.0
1.71 1.39 1.61 1.0
1.64 1.34 1.66 1.0
1.68 1.35 1.65 1.0
1.69 1.29 1.71 1.0
1.64 1.38 1.62 1.0
1.67 1.33 1.67 1.0
1.78 1.36 1.64 1.0
1.73 1.42 1.58 1.0
1.71 1.3 1.7 1.0
1.75 1.42 1.58 1.0
1.62 1.35 1.65 1.0
1.62 1.29 1.71 1.0
1.64 1.33 1.67 1.0
1.65 1.34 1.66 1.0
1.57 1.22 1.78 1.0
1.62 1.39 1.61 1.0
1.63 1.34 1.66 1.0
1.7 1.35 1.65 1.0
1.71 1.29 1.71 1.0
1.68 1.29 1.71 1.0
1.67 1.37 1.63 1.0
1.63 1.34 1.66 1.0
1.75 1.32 1.68 1.0
1.63 1.3 1.7 1.0
1.63 1.36 1.64 1.0
1.68 1.37 1.63 1.0
1.65 1.23 1.77 1.0
1.69 1.32 1.68 1.0
1.68 1.35 1.65 1.0
1.63 1.3 1.7 1.0
1.64 1.33 1.67 1.0
1.59 1.3 1.7 1.0
1.61 1.23 1.77 1.0
1.65 1.31 1.69 1.0
1.6 1.3 1.7 1.0
1.7 1.42 1.58 1.0
1.72 1.35 1.65 1.0
1.73 1.38 1.62 1.0
1.57 1.23 1.77 1.0
1.57 1.25 1.75 1.0
1.64 1.41 1.59 1.0
1.65 1.32 1.68 1.0
1.74 1.4 1.6 1.0
1.69 1.35 1.65 1.0
1.64 1.37 1.63 1.0
1.67 1.37 1.63 1.0
1.7 1.35 1.65 1.0
1.61 1.27 1.73 1.0
1.66 1.37 1.63 1.0
1.66 1.3 1.7 1.0
1.67 1.3 1.7 1.0
1.7 1.36 1.64 1.0
1.67 1.23 1.77 1.0
1.68 1.4 1.6 1.0
1.62 1.37 1.63 1.0
1.69 1.37 1.63 1.0
1.63 1.24 1.76 1.0
1.67 1.33 1.67 1.0
1.73 1.42 1.58 1.0
1.65 1.32 1.68 1.0
1.66 1.25 1.75 1.0
1.7 1.36 1.64 1.0
1.63 1.32 1.68 1.0
1.67 1.31 1.69 1.0
1.57 1.34 1.66 1.0
1.63 1.28 1.72 1.0
1.61 1.32 1.68 1.0
1.72 1.36 1.64 1.0
1.64 1.31 1.69 1.0
1.61 1.3 1.7 1.0
1.66 1.36 1.64 1.0
1.64 1.35 1.65 1.0
1.67 1.34 1.66 1.0
1.65 1.31 1.69 1.0
1.69 1.31 1.69 1.0
1.72 1.41 1.59 1.0
1.63 1.3 1.7 1.0
1.63 1.31 1.69 1.0
1.72 1.37 1.63 1.0
1.62 1.38 1.62 1.0
1.69 1.32 1.68 1.0
1.54 1.26 1.74 1.0
1.65 1.24 1.76 1.0
1.74 1.37 1.63 1.0
1.67 1.33 1.67 1.0
1.64 1.39 1.61 1.0
1.64 1.38 1.62 1.0
1.77 1.36 1.64 1.0
1.67 1.31 1.69 1.0
1.67 1.34 1.66 1.0
1.71 1.36 1.64 1.0
1.68 1.27 1.73 1.0
1.73 1.42 1.58 1.0
1.67 1.31 1.69 1.0
1.68 1.33 1.67 1.0
1.61 1.37 1.63 1.0
1.66 1.27 1.73 1.0
1.64 1.31 1.69 1.0
1.61 1.25 1.75 1.0
1.71 1.35 1.65 1.0
1.7 1.34 1.66 1.0
1.67 1.31 1.69 1.0
1.64 1.31 1.69 1.0
1.69 1.39 1.61 1.0
1.65 1.3 1.7 1.0
1.66 1.32 1.68 1.0
1.72 1.32 1.68 1.0
1.75 1.31 1.69 1.0
1.76 1.36 1.64 1.0
1.71 1.31 1.69 1.0
1.63 1.32 1.68 1.0
1.71 1.28 1.72 1.0
1.68 1.37 1.63 1.0
1.78 1.46 1.54 1.0
1.6 1.35 1.65 1.0
1.75 1.35 1.65 1.0
1.7 1.37 1.63 1.0
1.65 1.3 1.7 1.0
1.71 1.34 1.66 1.0
1.66 1.29 1.71 1.0
1.74 1.38 1.62 1.0
1.72 1.35 1.65 1.0
1.71 1.37 1.63 1.0
1.68 1.35 1.65 1.0
1.71 1.38 1.62 1.0
1.67 1.32 1.68 1.0
1.7 1.34 1.66 1.0
1.65 1.35 1.65 1.0
1.73 1.34 1.66 1.0
1.68 1.38 1.62 1.0
1.63 1.43 1.57 1.0
1.62 1.27 1.73 1.0
1.7 1.27 1.73 1.0
1.72 1.37 1.63 1.0
1.7 1.39 1.61 1.0
1.6 1.3 1.7 1.0
1.69 1.36 1.64 1.0
1.63 1.27 1.73 1.0
1.69 1.32 1.68 1.0
1.62 1.28 1.72 1.0
1.61 1.33 1.67 1.0
1.68 1.36 1.64 1.0
1.63 1.37 1.63 1.0
1.72 1.37 1.63 1.0
1.63 1.33 1.67 1.0
1.6 1.28 1.72 1.0
1.67 1.38 1.62 1.0
1.62 1.27 1.73 1.0
1.71 1.35 1.65 1.0
1.7 1.41 1.59 1.0
1.69 1.35 1.65 1.0
1.69 1.34 1.66 1.0
1.71 1.34 1.66 1.0
1.71 1.34 1.66 1.0
1.73 1.32 1.68 1.0
1.62 1.28 1.72 1.0
1.67 1.42 1.58 1.0
1.7 1.34 1.66 1.0
1.64 1.29 1.71 1.0
1.59 1.3 1.7 1.0
1.65 1.27 1.73 1.0
1.61 1.28 1.72 1.0
1.69 1.4 1.6 1.0
1.61 1.31 1.69 1.0
1.63 1.31 1.69 1.0
1.71 1.38 1.62 1.0
1.6 1.36 1.64 1.0
1.62 1.31 1.69 1.0
1.67 1.37 1.63 1.0
1.77 1.5 1.5 1.0
1.64 1.31 1.69 1.0
1.58 1.39 1.61 1.0
1.71 1.31 1.69 1.0
1.66 1.32 1.68 1.0
1.69 1.35 1.65 1.0
1.73 1.34 1.66 1.0
1.61 1.29 1.71 1.0
1.64 1.36 1.64 1.0
1.73 1.45 1.55 1.0
1.67 1.4 1.6 1.0
1.68 1.35 1.65 1.0
1.7 1.42 1.58 1.0
1.59 1.28 1.72 1.0
1.65 1.29 1.71 1.0
1.66 1.26 1.74 1.0
1.69 1.33 1.67 1.0
1.69 1.33 1.67 1.0
1.65 1.29 1.71 1.0
1.59 1.3 1.7 1.0
1.62 1.28 1.72 1.0
1.6 1.29 1.71 1.0
1.55 1.3 1.7 1.0
1.7 1.31 1.69 1.0
1.65 1.37 1.63 1.0
1.66 1.3 1.7 1.0
1.74 1.34 1.66 1.0
1.61 1.31 1.69 1.0
1.74 1.41 1.59 1.0
1.74 1.33 1.67 1.0
1.68 1.37 1.63 1.0
1.65 1.3 1.7 1.0
1.68 1.35 1.65 1.0
1.69 1.3 1.7 1.0
1.69 1.37 1.63 1.0
1.69 1.34 1.66 1.0
1.72 1.44 1.56 1.0
1.59 1.32 1.68 1.0
1.67 1.31 1.69 1.0
1.69 1.32 1.68 1.0
1.66 1.32 1.68 1.0
1.75 1.41 1.59 1.0
1.62 1.3 1.7 1.0
1.65 1.28 1.72 1.0
1.65 1.31 1.69 1.0
1.76 1.36 1.64 1.0
1.66 1.34 1.66 1.0
1.73 1.32 1.68 1.0
1.7 1.32 1.68 1.0
1.71 1.36 1.64 1.0
1.68 1.3 1.7 1.0
1.59 1.34 1.66 1.0
1.67 1.3 1.7 1.0
1.7 1.32 1.68 1.0
1.67 1.32 1.68 1.0
1.58 1.3 1.7 1.0
1.61 1.31 1.69 1.0
1.58 1.27 1.73 1.0
1.65 1.38 1.62 1.0
1.7 1.36 1.64 1.0
1.72 1.3 1.7 1.0
1.65 1.29 1.71 1.0
1.66 1.32 1.68 1.0
1.63 1.4 1.6 1.0
1.69 1.3 1.7 1.0
1.65 1.37 1.63 1.0
1.56 1.3 1.7 1.0
1.6 1.32 1.68 1.0
1.68 1.36 1.64 1.0
1.61 1.3 1.7 1.0
1.72 1.35 1.65 1.0
1.76 1.33 1.67 1.0
1.7 1.33 1.67 1.0
1.66 1.31 1.69 1.0
1.7 1.3 1.7 1.0
1.7 1.37 1.63 1.0
1.61 1.34 1.66 1.0
1.72 1.33 1.67 1.0
1.68 1.35 1.65 1.0
1.6 1.31 1.69 1.0
1.65 1.31 1.69 1.0
1.57 1.31 1.69 1.0
1.72 1.44 1.56 1.0
1.63 1.36 1.64 1.0
1.68 1.29 1.71 1.0
1.68 1.37 1.63 1.0
1.63 1.3 1.7 1.0
1.55 1.27 1.73 1.0
1.71 1.4 1.6 1.0
1.68 1.37 1.63 1.0
1.71 1.34 1.66 1.0
1.61 1.37 1.63 1.0
1.67 1.37 1.63 1.0
1.63 1.34 1.66 1.0
1.62 1.28 1.72 1.0
1.7 1.42 1.58 1.0
1.76 1.37 1.63 1.0
1.76 1.37 1.63 1.0
1.7 1.31 1.69 1.0
1.69 1.29 1.71 1.0
1.61 1.27 1.73 1.0
1.64 1.33 1.67 1.0
1.65 1.3 1.7 1.0
1.72 1.32 1.68 1.0
1.62 1.26 1.74 1.0
1.69 1.4 1.6 1.0
1.58 1.29 1.71 1.0
1.6 1.26 1.74 1.0
1.71 1.31 1.69 1.0
1.57 1.22 1.78 1.0
1.76 1.38 1.62 1.0
1.65 1.33 1.67 1.0
1.65 1.33 1.67 1.0
1.72 1.31 1.69 1.0
1.54 1.27 1.73 1.0
1.72 1.35 1.65 1.0
1.63 1.35 1.65 1.0
1.71 1.36 1.64 1.0
1.68 1.31 1.69 1.0
1.62 1.26 1.74 1.0
1.64 1.31 1.69 1.0
1.76 1.36 1.64 1.0
1.66 1.28 1.72 1.0
1.66 1.33 1.67 1.0
1.66 1.35 1.65 1.0
1.58 1.25 1.75 1.0
1.63 1.3 1.7 1.0
1.69 1.35 1.65 1.0
1.66 1.29 1.71 1.0
1.71 1.38 1.62 1.0
1.69 1.39 1.61 1.0
1.67 1.29 1.71 1.0
1.69 1.29 1.71 1.0
1.62 1.35 1.65 1.0
1.67 1.41 1.59 1.0
1.73 1.45 1.55 1.0
1.73 1.43 1.57 1.0
1.71 1.35 1.65 1.0
1.6 1.38 1.62 1.0
1.62 1.22 1.78 1.0
1.74 1.38 1.62 1.0
1.66 1.32 1.68 1.0
1.7 1.38 1.62 1.0
1.62 1.28 1.72 1.0
1.57 1.31 1.69 1.0
1.64 1.3 1.7 1.0
1.7 1.32 1.68 1.0
1.72 1.37 1.63 1.0
1.65 1.31 1.69 1.0
1.68 1.35 1.65 1.0
1.63 1.36 1.64 1.0
1.66 1.35 1.65 1.0
1.62 1.34 1.66 1.0
1.69 1.32 1.68 1.0
1.72 1.34 1.66 1.0
1.72 1.32 1.68 1.0
1.69 1.37 1.63 1.0
1.69 1.37 1.63 1.0
1.74 1.33 1.67 1.0
1.71 1.31 1.69 1.0
1.66 1.31 1.69 1.0
1.63 1.3 1.7 1.0
1.57 1.3 1.7 1.0
1.67 1.38 1.62 1.0
1.61 1.36 1.64 1.0
1.7 1.38 1.62 1.0
1.64 1.28 1.72 1.0
1.67 1.34 1.66 1.0
1.63 1.35 1.65 1.0
1.67 1.42 1.58 1.0
1.68 1.38 1.62 1.0
1.68 1.32 1.68 1.0
1.73 1.34 1.66 1.0
1.66 1.38 1.62 1.0
1.72 1.35 1.65 1.0
1.65 1.36 1.64 1.0
1.65 1.32 1.68 1.0
1.71 1.39 1.61 1.0
1.73 1.41 1.59 1.0
1.69 1.34 1.66 1.0
1.67 1.36 1.64 1.0
1.73 1.38 1.62 1.0
1.7 1.34 1.66 1.0
1.64 1.34 1.66 1.0
1.68 1.31 1.69 1.0
1.64 1.36 1.64 1.0
1.65 1.3 1.7 1.0
1.61 1.31 1.69 1.0
1.74 1.3 1.7 1.0
1.57 1.27 1.73 1.0
1.7 1.34 1.66 1.0
1.64 1.33 1.67 1.0
1.75 1.3 1.7 1.0
1.61 1.31 1.69 1.0
1.63 1.33 1.67 1.0
1.72 1.45 1.55 1.0
1.62 1.31 1.69 1.0
1.64 1.35 1.65 1.0
1.7 1.32 1.68 1.0
1.7 1.39 1.61 1.0
1.58 1.29 1.71 1.0
1.68 1.35 1.65 1.0
1.67 1.33 1.67 1.0
1.66 1.36 1.64 1.0
1.65 1.38 1.62 1.0
1.65 1.35 1.65 1.0
1.7 1.31 1.69 1.0
1.69 1.35 1.65 1.0
1.63 1.35 1.65 1.0
1.66 1.36 1.64 1.0
1.7 1.43 1.57 1.0
1.75 1.33 1.67 1.0
1.54 1.25 1.75 1.0
1.71 1.38 1.62 1.0
1.64 1.26 1.74 1.0
1.63 1.29 1.71 1.0
1.6 1.36 1.64 1.0
1.67 1.35 1.65 1.0
1.68 1.37 1.63 1.0
1.74 1.35 1.65 1.0
1.66 1.31 1.69 1.0
1.66 1.34 1.66 1.0
1.65 1.45 1.55 1.0
1.71 1.33 1.67 1.0
1.67 1.35 1.65 1.0
1.68 1.33 1.67 1.0
1.69 1.36 1.64 1.0
1.66 1.39 1.61 1.0
1.68 1.38 1.62 1.0
1.64 1.34 1.66 1.0
1.69 1.38 1.62 1.0
1.61 1.28 1.72 1.0
1.7 1.3 1.7 1.0
1.66 1.29 1.71 1.0
1.7 1.35 1.65 1.0
1.62 1.26 1.74 1.0
1.66 1.3 1.7 1.0
1.71 1.4 1.6 1.0
1.67 1.28 1.72 1.0
1.67 1.34 1.66 1.0
1.64 1.37 1.63 1.0
1.68 1.38 1.62 1.0
1.65 1.34 1.66 1.0
1.6 1.35 1.65 1.0
1.71 1.39 1.61 1.0
1.73 1.39 1.61 1.0
1.63 1.35 1.65 1.0
1.67 1.35 1.65 1.0
1.69 1.32 1.68 1.0
1.73 1.3 1.7 1.0
1.78 1.35 1.65 1.0
1.6 1.3 1.7 1.0
1.76 1.41 1.59 1.0
1.67 1.3 1.7 1.0
1.67 1.28 1.72 1.0
1.61 1.22 1.78 1.0
1.66 1.36 1.64 1.0
1.65 1.37 1.63 1.0
1.74 1.4 1.6 1.0
1.7 1.34 1.66 1.0
1.64 1.29 1.71 1.0
1.67 1.38 1.62 1.0
1.6 1.35 1.65 1.0
1.62 1.33 1.67 1.0
1.69 1.33 1.67 1.0
1.64 1.23 1.77 1.0
1.67 1.34 1.66 1.0
1.66 1.31 1.69 1.0
1.72 1.38 1.62 1.0
1.64 1.41 1.59 1.0
1.66 1.36 1.64 1.0
1.64 1.3 1.7 1.0
1.67 1.25 1.75 1.0
1.72 1.35 1.65 1.0
1.69 1.29 1.71 1.0
1.72 1.33 1.67 1.0
1.74 1.4 1.6 1.0
1.6 1.3 1.7 1.0
1.66 1.38 1.62 1.0
1.67 1.3 1.7 1.0
1.61 1.27 1.73 1.0
1.63 1.34 1.66 1.0
1.64 1.29 1.71 1.0
1.68 1.23 1.77 1.0
1.66 1.35 1.65 1.0
1.69 1.3 1.7 1.0
1.59 1.38 1.62 1.0
1.69 1.35 1.65 1.0
1.67 1.4 1.6 1.0
1.71 1.4 1.6 1.0
1.54 1.27 1.73 1.0
1.59 1.31 1.69 1.0
1.63 1.35 1.65 1.0
1.62 1.32 1.68 1.0
1.67 1.32 1.68 1.0
1.64 1.34 1.66 1.0
1.72 1.39 1.61 1.0
1.65 1.3 1.7 1.0
1.65 1.3 1.7 1.0
1.66 1.3 1.7 1.0
1.67 1.32 1.68 1.0
1.67 1.27 1.73 1.0
1.68 1.35 1.65 1.0
1.64 1.29 1.71 1.0
1.73 1.41 1.59 1.0
1.7 1.37 1.63 1.0
1.65 1.32 1.68 1.0
1.57 1.27 1.73 1.0
1.72 1.35 1.65 1.0
1.71 1.3 1.7 1.0
1.65 1.38 1.62 1.0
1.74 1.38 1.62 1.0
1.68 1.31 1.69 1.0
1.69 1.32 1.68 1.0
1.65 1.34 1.66 1.0
1.62 1.29 1.71 1.0
1.67 1.33 1.67 1.0
1.66 1.35 1.65 1.0
1.68 1.35 1.65 1.0
1.64 1.31 1.69 1.0
1.72 1.36 1.64 1.0
1.57 1.25 1.75 1.0
1.66 1.35 1.65 1.0
1.62 1.31 1.69 1.0
1.72 1.44 1.56 1.0
1.68 1.34 1.66 1.0
1.66 1.33 1.67 1.0
1.67 1.29 1.71 1.0
1.7 1.29 1.71 1.0
1.78 1.39 1.61 1.0
1.72 1.36 1.64 1.0
1.61 1.29 1.71 1.0
1.67 1.42 1.58 1.0
1.67 1.36 1.64 1.0
1.71 1.36 1.64 1.0
1.62 1.25 1.75 1.0
1.67 1.29 1.71 1.0
1.66 1.31 1.69 1.0
1.73 1.44 1.56 1.0
1.64 1.34 1.66 1.0
1.78 1.34 1.66 1.0
1.65 1.34 1.66 1.0
1.58 1.24 1.76 1.0
1.67 1.29 1.71 1.0
1.6 1.32 1.68 1.0
1.75 1.44 1.56 1.0
1.68 1.33 1.67 1.0
1.7 1.29 1.71 1.0
1.64 1.31 1.69 1.0
1.68 1.35 1.65 1.0
1.56 1.28 1.72 1.0
1.7 1.29 1.71 1.0
1.68 1.35 1.65 1.0
1.68 1.38 1.62 1.0
1.57 1.26 1.74 1.0
1.61 1.29 1.71 1.0
1.65 1.29 1.71 1.0
1.64 1.25 1.75 1.0
1.72 1.42 1.58 1.0
1.64 1.26 1.74 1.0
1.61 1.3 1.7 1.0
1.66 1.39 1.61 1.0
1.59 1.34 1.66 1.0
1.68 1.36 1.64 1.0
1.63 1.34 1.66 1.0
1.66 1.4 1.6 1.0
1.71 1.26 1.74 1.0
1.69 1.35 1.65 1.0
1.65 1.34 1.66 1.0
1.66 1.37 1.63 1.0
1.63 1.31 1.69 1.0
1.71 1.35 1.65 1.0
1.64 1.29 1.71 1.0
1.59 1.3 1.7 1.0
1.66 1.31 1.69 1.0
1.73 1.35 1.65 1.0
1.67 1.28 1.72 1.0
1.61 1.35 1.65 1.0
1.61 1.38 1.62 1.0
1.7 1.32 1.68 1.0
1.65 1.35 1.65 1.0
1.7 1.38 1.62 1.0
1.7 1.35 1.65 1.0
1.69 1.28 1.72 1.0
1.61 1.25 1.75 1.0
1.63 1.32 1.68 1.0
1.66 1.34 1.66 1.0
1.64 1.32 1.68 1.0
1.75 1.34 1.66 1.0
1.67 1.26 1.74 1.0
1.68 1.33 1.67 1.0
1.66 1.3 1.7 1.0
1.68 1.41 1.59 1.0
1.71 1.37 1.63 1.0
1.59 1.28 1.72 1.0
1.66 1.41 1.59 1.0
1.64 1.38 1.62 1.0
1.73 1.37 1.63 1.0
1.65 1.35 1.65 1.0
1.54 1.29 1.71 1.0
1.66 1.32 1.68 1.0
1.6 1.33 1.67 1.0
1.56 1.29 1.71 1.0
1.7 1.37 1.63 1.0
1.63 1.31 1.69 1.0
1.72 1.42 1.58 1.0
1.69 1.36 1.64 1.0
1.7 1.41 1.59 1.0
1.69 1.33 1.67 1.0
1.65 1.38 1.62 1.0
1.69 1.37 1.63 1.0
1.71 1.34 1.66 1.0
1.67 1.34 1.66 1.0
1.7 1.34 1.66 1.0
1.69 1.31 1.69 1.0
1.72 1.38 1.62 1.0
1.62 1.3 1.7 1.0
1.72 1.37 1.63 1.0
1.69 1.41 1.59 1.0
1.6 1.3 1.7 1.0
1.68 1.33 1.67 1.0
1.64 1.28 1.72 1.0
1.66 1.31 1.69 1.0
1.69 1.36 1.64 1.0
1.58 1.29 1.71 1.0
1.68 1.32 1.68 1.0
1.6 1.31 1.69 1.0
1.72 1.36 1.64 1.0
1.71 1.4 1.6 1.0
1.67 1.33 1.67 1.0
1.62 1.4 1.6 1.0
1.64 1.21 1.79 1.0
1.66 1.37 1.63 1.0
1.73 1.41 1.59 1.0
1.68 1.3 1.7 1.0
1.64 1.29 1.71 1.0
1.65 1.33 1.67 1.0
1.69 1.4 1.6 1.0
1.74 1.27 1.73 1.0
1.64 1.31 1.69 1.0
1.63 1.27 1.73 1.0
1.7 1.41 1.59 1.0
1.63 1.36 1.64 1.0
1.62 1.26 1.74 1.0
1.67 1.34 1.66 1.0
1.66 1.28 1.72 1.0
1.6 1.32 1.68 1.0
1.7 1.32 1.68 1.0
1.69 1.3 1.7 1.0
1.69 1.36 1.64 1.0
1.65 1.31 1.69 1.0
1.68 1.34 1.66 1.0
1.75 1.31 1.69 1.0
1.67 1.39 1.61 1.0
1.69 1.4 1.6 1.0
1.64 1.31 1.69 1.0
1.67 1.37 1.63 1.0
1.7 1.36 1.64 1.0
1.66 1.28 1.72 1.0
1.75 1.35 1.65 1.0
1.6 1.3 1.7 1.0
1.73 1.36 1.64 1.0
1.68 1.36 1.64 1.0
1.64 1.3 1.7 1.0
1.7 1.41 1.59 1.0
1.71 1.31 1.69 1.0
1.71 1.38 1.62 1.0
1.65 1.33 1.67 1.0
1.67 1.3 1.7 1.0
1.74 1.27 1.73 1.0
1.66 1.32 1.68 1.0
1.75 1.34 1.66 1.0
1.59 1.28 1.72 1.0
1.6 1.28 1.72 1.0
1.54 1.27 1.73 1.0
1.7 1.36 1.64 1.0
1.62 1.31 1.69 1.0
1.71 1.36 1.64 1.0
1.67 1.31 1.69 1.0
1.63 1.31 1.69 1.0
1.66 1.37 1.63 1.0
1.68 1.4 1.6 1.0
1.68 1.34 1.66 1.0
1.59 1.28 1.72 1.0
1.63 1.32 1.68 1.0
1.68 1.34 1.66 1.0
1.65 1.37 1.63 1.0
1.67 1.39 1.61 1.0
1.73 1.42 1.58 1.0
1.72 1.29 1.71 1.0
1.58 1.3 1.7 1.0
1.61 1.3 1.7 1.0
1.66 1.29 1.71 1.0
1.73 1.37 1.63 1.0
1.62 1.22 1.78 1.0
1.67 1.34 1.66 1.0
1.58 1.36 1.64 1.0
1.74 1.36 1.64 1.0
1.6 1.31 1.69 1.0
1.64 1.34 1.66 1.0
1.67 1.38 1.62 1.0
1.64 1.36 1.64 1.0
1.64 1.29 1.71 1.0
1.61 1.33 1.67 1.0
1.67 1.36 1.64 1.0
1.65 1.34 1.66 1.0
1.72 1.36 1.64 1.0
1.6 1.3 1.7 1.0
1.67 1.33 1.67 1.0
1.69 1.36 1.64 1.0
1.66 1.41 1.59 1.0
1.61 1.27 1.73 1.0
1.77 1.32 1.68 1.0
1.69 1.35 1.65 1.0
1.67 1.27 1.73 1.0
1.69 1.32 1.68 1.0
1.66 1.38 1.62 1.0
1.73 1.32 1.68 1.0
1.72 1.31 1.69 1.0
1.54 1.21 1.79 1.0
1.61 1.24 1.76 1.0
1.7 1.38 1.62 1.0
1.67 1.31 1.69 1.0
1.73 1.4 1.6 1.0
1.68 1.36 1.64 1.0
1.67 1.31 1.69 1.0
1.65 1.3 1.7 1.0
1.64 1.34 1.66 1.0
1.6 1.28 1.72 1.0
1.71 1.37 1.63 1.0
1.67 1.35 1.65 1.0
1.76 1.41 1.59 1.0
1.64 1.29 1.71 1.0
1.62 1.36 1.64 1.0
1.7 1.29 1.71 1.0
1.65 1.34 1.66 1.0
1.68 1.35 1.65 1.0
1.72 1.38 1.62 1.0
1.62 1.33 1.67 1.0
1.68 1.32 1.68 1.0
1.54 1.22 1.78 1.0
1.7 1.42 1.58 1.0
1.7 1.35 1.65 1.0
1.64 1.28 1.72 1.0
1.62 1.28 1.72 1.0
1.69 1.36 1.64 1.0
1.71 1.35 1.65 1.0
1.65 1.34 1.66 1.0
1.59 1.36 1.64 1.0
1.69 1.37 1.63 1.0
1.6 1.27 1.73 1.0
1.66 1.33 1.67 1.0
1.64 1.29 1.71 1.0
1.53 1.25 1.75 1.0
1.68 1.3 1.7 1.0
1.66 1.32 1.68 1.0
1.6 1.3 1.7 1.0
1.63 1.27 1.73 1.0
1.69 1.34 1.66 1.0
1.73 1.45 1.55 1.0
1.65 1.35 1.65 1.0
1.6 1.31 1.69 1.0
1.67 1.3 1.7 1.0
1.68 1.34 1.66 1.0
1.62 1.33 1.67 1.0
1.66 1.31 1.69 1.0
1.69 1.26 1.74 1.0
1.68 1.33 1.67 1.0
1.73 1.28 1.72 1.0
1.69 1.37 1.63 1.0
1.69 1.33 1.67 1.0
1.66 1.32 1.68 1.0
1.69 1.33 1.67 1.0
1.6 1.27 1.73 1.0
1.61 1.25 1.75 1.0
1.72 1.39 1.61 1.0
1.64 1.36 1.64 1.0
1.65 1.28 1.72 1.0
1.66 1.29 1.71 1.0
1.69 1.2 1.8 1.0
1.64 1.33 1.67 1.0
1.74 1.39 1.61 1.0
1.65 1.37 1.63 1.0
1.66 1.36 1.64 1.0
1.62 1.29 1.71 1.0
1.65 1.31 1.69 1.0
1.68 1.39 1.61 1.0
1.65 1.34 1.66 1.0
1.76 1.43 1.57 1.0
1.67 1.39 1.61 1.0
1.68 1.36 1.64 1.0
1.71 1.29 1.71 1.0
1.65 1.29 1.71 1.0
1.69 1.34 1.66 1.0
1.69 1.34 1.66 1.0
1.72 1.33 1.67 1.0
1.6 1.37 1.63 1.0
1.7 1.37 1.63 1.0
1.63 1.25 1.75 1.0
1.56 1.2 1.8 1.0
1.61 1.32 1.68 1.0
1.7 1.33 1.67 1.0
1.7 1.39 1.61 1.0
1.65 1.27 1.73 1.0
1.67 1.33 1.67 1.0
1.66 1.33 1.67 1.0
1.69 1.37 1.63 1.0
1.76 1.34 1.66 1.0
1.66 1.35 1.65 1.0
1.64 1.28 1.72 1.0
1.68 1.38 1.62 1.0
1.71 1.33 1.67 1.0
1.6 1.3 1.7 1.0
1.67 1.35 1.65 1.0
1.67 1.39 1.61 1.0
1.59 1.29 1.71 1.0
1.68 1.29 1.71 1.0
1.68 1.32 1.68 1.0
1.71 1.38 1.62 1.0
1.64 1.36 1.64 1.0
1.67 1.32 1.68 1.0
1.67 1.37 1.63 1.0
1.69 1.26 1.74 1.0
1.74 1.3 1.7 1.0
1.6 1.32 1.68 1.0
1.63 1.29 1.71 1.0
1.68 1.35 1.65 1.0
1.75 1.52 1.48 1.0
1.59 1.26 1.74 1.0
1.7 1.4 1.6 1.0
1.64 1.27 1.73 1.0
1.76 1.38 1.62 1.0
1.67 1.31 1.69 1.0
1.65 1.32 1.68 1.0
1.76 1.48 1.52 1.0
1.6 1.29 1.71 1.0
1.65 1.32 1.68 1.0
1.74 1.39 1.61 1.0
1.72 1.33 1.67 1.0
1.61 1.27 1.73 1.0
1.72 1.37 1.63 1.0
1.67 1.3 1.7 1.0
1.68 1.35 1.65 1.0
1.58 1.3 1.7 1.0
1.58 1.32 1.68 1.0
1.63 1.34 1.66 1.0
1.72 1.4 1.6 1.0
1.62 1.26 1.74 1.0
1.66 1.37 1.63 1.0
1.61 1.3 1.7 1.0
1.61 1.27 1.73 1.0
1.62 1.35 1.65 1.0
1.64 1.28 1.72 1.0
1.64 1.4 1.6 1.0
1.69 1.33 1.67 1.0
1.62 1.33 1.67 1.0
1.67 1.33 1.67 1.0
1.64 1.33 1.67 1.0
1.71 1.34 1.66 1.0
1.64 1.37 1.63 1.0
1.7 1.37 1.63 1.0
1.61 1.28 1.72 1.0
1.63 1.31 1.69 1.0
1.61 1.31 1.69 1.0
1.71 1.33 1.67 1.0
1.64 1.34 1.66 1.0
1.69 1.35 1.65 1.0
1.68 1.25 1.75 1.0
1.56 1.26 1.74 1.0
1.72 1.32 1.68 1.0
1.59 1.31 1.69 1.0
1.75 1.37 1.63 1.0
1.68 1.36 1.64 1.0
1.65 1.38 1.62 1.0
1.65 1.36 1.64 1.0
1.66 1.37 1.63 1.0
1.68 1.23 1.77 1.0
1.65 1.37 1.63 1.0
1.68 1.38 1.62 1.0
1.65 1.35 1.65 1.0
1.68 1.38 1.62 1.0
1.62 1.28 1.72 1.0
1.6 1.34 1.66 1.0
1.61 1.27 1.73 1.0
1.64 1.29 1.71 1.0
1.68 1.35 1.65 1.0
1.56 1.27 1.73 1.0
1.65 1.24 1.76 1.0
1.62 1.33 1.67 1.0
1.66 1.48 1.52 1.0
1.62 1.27 1.73 1.0
1.64 1.39 1.61 1.0
1.64 1.25 1.75 1.0
1.68 1.38 1.62 1.0
1.72 1.3 1.7 1.0
1.68 1.33 1.67 1.0
1.69 1.46 1.54 1.0
1.72 1.42 1.58 1.0
1.67 1.32 1.68 1.0
1.72 1.4 1.6 1.0
1.72 1.3 1.7 1.0
1.71 1.28 1.72 1.0
1.66 1.29 1.71 1.0
1.57 1.23 1.77 1.0
1.65 1.31 1.69 1.0
1.68 1.41 1.59 1.0
1.72 1.35 1.65 1.0
1.68 1.35 1.65 1.0
1.72 1.32 1.68 1.0
1.67 1.39 1.61 1.0
1.81 1.43 1.57 1.0
1.68 1.35 1.65 1.0
1.57 1.25 1.75 1.0
1.7 1.39 1.61 1.0
1.63 1.32 1.68 1.0
1.65 1.35 1.65 1.0
1.7 1.36 1.64 1.0
1.67 1.42 1.58 1.0
1.65 1.39 1.61 1.0
1.58 1.27 1.73 1.0
1.68 1.39 1.61 1.0
1.66 1.42 1.58 1.0
1.65 1.33 1.67 1.0
1.71 1.26 1.74 1.0
1.69 1.34 1.66 1.0
1.65 1.27 1.73 1.0
1.65 1.36 1.64 1.0
1.57 1.25 1.75 1.0
1.67 1.32 1.68 1.0
1.66 1.27 1.73 1.0
1.66 1.29 1.71 1.0
1.69 1.32 1.68 1.0
1.73 1.44 1.56 1.0
1.71 1.39 1.61 1.0
1.69 1.36 1.64 1.0
1.6 1.27 1.73 1.0
1.68 1.28 1.72 1.0
1.65 1.3 1.7 1.0
1.7 1.33 1.67 1.0
1.74 1.37 1.63 1.0
1.66 1.31 1.69 1.0
1.7 1.33 1.67 1.0
1.69 1.31 1.69 1.0
1.68 1.33 1.67 1.0
1.59 1.3 1.7 1.0
1.67 1.37 1.63 1.0
1.68 1.33 1.67 1.0
1.66 1.27 1.73 1.0
1.62 1.29 1.71 1.0
1.69 1.34 1.66 1.0
1.7 1.39 1.61 1.0
1.67 1.36 1.64 1.0
1.66 1.27 1.73 1.0
1.58 1.28 1.72 1.0
1.69 1.37 1.63 1.0
1.61 1.39 1.61 1.0
1.61 1.36 1.64 1.0
1.62 1.29 1.71 1.0
1.64 1.38 1.62 1.0
1.73 1.37 1.63 1.0
1.77 1.4 1.6 1.0
1.7 1.44 1.56 1.0
1.66 1.32 1.68 1.0
1.67 1.31 1.69 1.0
1.58 1.3 1.7 1.0
1.62 1.33 1.67 1.0
1.66 1.38 1.62 1.0
1.68 1.36 1.64 1.0
1.64 1.37 1.63 1.0
1.67 1.25 1.75 1.0
1.66 1.31 1.69 1.0
1.69 1.25 1.75 1.0
1.6 1.24 1.76 1.0
1.71 1.34 1.66 1.0
1.64 1.23 1.77 1.0
1.69 1.32 1.68 1.0
1.66 1.35 1.65 1.0
1.59 1.35 1.65 1.0
1.67 1.27 1.73 1.0
1.62 1.34 1.66 1.0
1.58 1.26 1.74 1.0
1.61 1.38 1.62 1.0
1.74 1.38 1.62 1.0
1.69 1.43 1.57 1.0
1.66 1.34 1.66 1.0
1.69 1.36 1.64 1.0
1.66 1.35 1.65 1.0
1.68 1.4 1.6 1.0
1.7 1.36 1.64 1.0
1.72 1.36 1.64 1.0
1.66 1.38 1.62 1.0
1.68 1.38 1.62 1.0
1.68 1.42 1.58 1.0
1.74 1.35 1.65 1.0
1.67 1.35 1.65 1.0
1.73 1.41 1.59 1.0
1.74 1.42 1.58 1.0
1.69 1.35 1.65 1.0
1.69 1.41 1.59 1.0
1.71 1.35 1.65 1.0
1.51 1.29 1.71 1.0
1.6 1.35 1.65 1.0
1.68 1.34 1.66 1.0
1.6 1.32 1.68 1.0
1.66 1.32 1.68 1.0
1.66 1.35 1.65 1.0
1.65 1.4 1.6 1.0
1.58 1.26 1.74 1.0
1.59 1.3 1.7 1.0
1.7 1.35 1.65 1.0
1.74 1.31 1.69 1.0
1.62 1.27 1.73 1.0
1.71 1.36 1.64 1.0
1.63 1.25 1.75 1.0
1.68 1.43 1.57 1.0
1.63 1.29 1.71 1.0
1.62 1.27 1.73 1.0
1.64 1.33 1.67 1.0
1.69 1.41 1.59 1.0
1.66 1.36 1.64 1.0
1.69 1.38 1.62 1.0
1.59 1.26 1.74 1.0
1.69 1.36 1.64 1.0
1.66 1.37 1.63 1.0
1.65 1.36 1.64 1.0
1.7 1.35 1.65 1.0
1.74 1.36 1.64 1.0
1.76 1.39 1.61 1.0
1.66 1.29 1.71 1.0
1.6 1.3 1.7 1.0
1.7 1.36 1.64 1.0
1.73 1.38 1.62 1.0
1.63 1.27 1.73 1.0
1.71 1.34 1.66 1.0
1.75 1.4 1.6 1.0
1.66 1.38 1.62 1.0
1.64 1.3 1.7 1.0
1.68 1.29 1.71 1.0
1.7 1.29 1.71 1.0
1.69 1.35 1.65 1.0
1.68 1.43 1.57 1.0
1.7 1.29 1.71 1.0
1.71 1.37 1.63 1.0
1.64 1.32 1.68 1.0
1.64 1.27 1.73 1.0
1.63 1.31 1.69 1.0
1.73 1.43 1.57 1.0
1.74 1.39 1.61 1.0
1.66 1.31 1.69 1.0
1.66 1.34 1.66 1.0
1.77 1.38 1.62 1.0
1.73 1.33 1.67 1.0
1.68 1.38 1.62 1.0
1.7 1.39 1.61 1.0
1.59 1.3 1.7 1.0
1.7 1.39 1.61 1.0
1.66 1.4 1.6 1.0
1.68 1.37 1.63 1.0
1.66 1.35 1.65 1.0
1.75 1.43 1.57 1.0
1.56 1.29 1.71 1.0
1.71 1.34 1.66 1.0
1.67 1.33 1.67 1.0
1.72 1.38 1.62 1.0
1.69 1.41 1.59 1.0
1.62 1.28 1.72 1.0
1.62 1.33 1.67 1.0
1.68 1.32 1.68 1.0
1.56 1.26 1.74 1.0
1.68 1.35 1.65 1.0
1.68 1.31 1.69 1.0
1.7 1.31 1.69 1.0
1.69 1.4 1.6 1.0
1.68 1.33 1.67 1.0
1.69 1.31 1.69 1.0
1.74 1.38 1.62 1.0
1.56 1.27 1.73 1.0
1.62 1.31 1.69 1.0
1.7 1.37 1.63 1.0
1.7 1.32 1.68 1.0
1.72 1.29 1.71 1.0
1.65 1.28 1.72 1.0
1.69 1.32 1.68 1.0
1.68 1.39 1.61 1.0
1.59 1.33 1.67 1.0
1.62 1.3 1.7 1.0
1.81 1.51 1.49 1.0
1.64 1.33 1.67 1.0
1.59 1.25 1.75 1.0
1.67 1.29 1.71 1.0
1.64 1.28 1.72 1.0
1.7 1.33 1.67 1.0
1.67 1.37 1.63 1.0
1.65 1.32 1.68 1.0
1.63 1.31 1.69 1.0
1.6 1.29 1.71 1.0
1.72 1.32 1.68 1.0
1.63 1.31 1.69 1.0
1.69 1.33 1.67 1.0
1.63 1.28 1.72 1.0
1.69 1.3 1.7 1.0
1.69 1.36 1.64 1.0
1.71 1.3 1.7 1.0
1.69 1.28 1.72 1.0
1.73 1.32 1.68 1.0
1.73 1.31 1.69 1.0
1.68 1.35 1.65 1.0
1.67 1.36 1.64 1.0
1.68 1.33 1.67 1.0
1.71 1.36 1.64 1.0
1.63 1.31 1.69 1.0
1.67 1.34 1.66 1.0
1.71 1.39 1.61 1.0
1.68 1.41 1.59 1.0
1.68 1.28 1.72 1.0
1.63 1.37 1.63 1.0
1.66 1.27 1.73 1.0
1.68 1.33 1.67 1.0
1.77 1.41 1.59 1.0
1.68 1.35 1.65 1.0
1.66 1.31 1.69 1.0
1.71 1.38 1.62 1.0
1.63 1.29 1.71 1.0
1.8 1.36 1.64 1.0
1.65 1.34 1.66 1.0
1.65 1.37 1.63 1.0
1.63 1.3 1.7 1.0
1.72 1.36 1.64 1.0
1.7 1.33 1.67 1.0
1.72 1.39 1.61 1.0
1.7 1.35 1.65 1.0
1.65 1.27 1.73 1.0
1.65 1.34 1.66 1.0
1.65 1.31 1.69 1.0
1.64 1.42 1.58 1.0
1.69 1.28 1.72 1.0
1.66 1.32 1.68 1.0
1.57 1.29 1.71 1.0
1.62 1.23 1.77 1.0
1.71 1.38 1.62 1.0
1.66 1.28 1.72 1.0
1.64 1.29 1.71 1.0
1.69 1.34 1.66 1.0
1.65 1.29 1.71 1.0
1.61 1.27 1.73 1.0
1.71 1.29 1.71 1.0
1.67 1.34 1.66 1.0
1.62 1.3 1.7 1.0
1.68 1.31 1.69 1.0
1.67 1.3 1.7 1.0
1.74 1.3 1.7 1.0
1.67 1.31 1.69 1.0
1.68 1.36 1.64 1.0
1.67 1.32 1.68 1.0
1.68 1.29 1.71 1.0
1.63 1.29 1.71 1.0
1.64 1.32 1.68 1.0
1.66 1.37 1.63 1.0
1.55 1.32 1.68 1.0
1.63 1.26 1.74 1.0
1.67 1.39 1.61 1.0
1.63 1.42 1.58 1.0
1.69 1.34 1.66 1.0
1.66 1.28 1.72 1.0
1.64 1.34 1.66 1.0
1.61 1.24 1.76 1.0
1.66 1.33 1.67 1.0
1.65 1.29 1.71 1.0
1.62 1.28 1.72 1.0
1.66 1.3 1.7 1.0
1.73 1.35 1.65 1.0
1.57 1.27 1.73 1.0
1.71 1.36 1.64 1.0
1.65 1.38 1.62 1.0
1.62 1.27 1.73 1.0
1.68 1.32 1.68 1.0
1.71 1.39 1.61 1.0
1.66 1.4 1.6 1.0
1.67 1.37 1.63 1.0
1.68 1.3 1.7 1.0
1.68 1.32 1.68 1.0
1.66 1.33 1.67 1.0
1.62 1.31 1.69 1.0
1.68 1.37 1.63 1.0
1.68 1.43 1.57 1.0
1.67 1.32 1.68 1.0
1.63 1.32 1.68 1.0
1.64 1.32 1.68 1.0
1.67 1.36 1.64 1.0
1.69 1.36 1.64 1.0
1.65 1.34 1.66 1.0
1.67 1.31 1.69 1.0
1.62 1.33 1.67 1.0
1.68 1.34 1.66 1.0
1.65 1.33 1.67 1.0
1.68 1.34 1.66 1.0
1.74 1.38 1.62 1.0
1.69 1.37 1.63 1.0
1.7 1.39 1.61 1.0
1.63 1.32 1.68 1.0
1.76 1.33 1.67 1.0
1.71 1.42 1.58 1.0
1.7 1.34 1.66 1.0
1.67 1.35 1.65 1.0
1.67 1.31 1.69 1.0
1.71 1.34 1.66 1.0
1.55 1.3 1.7 1.0
1.68 1.31 1.69 1.0
1.64 1.38 1.62 1.0
1.64 1.31 1.69 1.0
1.7 1.33 1.67 1.0
1.63 1.24 1.76 1.0
1.73 1.31 1.69 1.0
1.63 1.29 1.71 1.0
1.68 1.28 1.72 1.0
1.67 1.32 1.68 1.0
1.7 1.31 1.69 1.0
1.78 1.39 1.61 1.0
1.62 1.31 1.69 1.0
1.67 1.33 1.67 1.0
1.62 1.31 1.69 1.0
1.63 1.25 1.75 1.0
1.66 1.26 1.74 1.0
1.64 1.31 1.69 1.0
1.66 1.36 1.64 1.0
1.65 1.37 1.63 1.0
1.68 1.34 1.66 1.0
1.73 1.38 1.62 1.0
1.64 1.33 1.67 1.0
1.67 1.31 1.69 1.0
1.62 1.4 1.6 1.0
1.7 1.32 1.68 1.0
1.64 1.35 1.65 1.0
1.58 1.29 1.71 1.0
1.6 1.26 1.74 1.0
1.66 1.32 1.68 1.0
1.68 1.29 1.71 1.0
1.75 1.33 1.67 1.0
1.7 1.35 1.65 1.0
1.69 1.31 1.69 1.0
1.75 1.37 1.63 1.0
1.7 1.36 1.64 1.0
1.64 1.33 1.67 1.0
1.69 1.36 1.64 1.0
1.7 1.35 1.65 1.0
1.62 1.25 1.75 1.0
1.71 1.46 1.54 1.0
1.68 1.34 1.66 1.0
1.66 1.3 1.7 1.0
1.72 1.36 1.64 1.0
1.67 1.37 1.63 1.0
1.76 1.42 1.58 1.0
1.63 1.3 1.7 1.0
1.67 1.34 1.66 1.0
1.65 1.34 1.66 1.0
1.67 1.32 1.68 1.0
1.56 1.29 1.71 1.0
1.69 1.35 1.65 1.0
1.57 1.27 1.73 1.0
1.71 1.32 1.68 1.0
1.68 1.37 1.63 1.0
1.62 1.29 1.71 1.0
1.63 1.32 1.68 1.0
1.61 1.26 1.74 1.0
1.72 1.37 1.63 1.0
1.73 1.4 1.6 1.0
1.66 1.31 1.69 1.0
1.59 1.24 1.76 1.0
1.65 1.32 1.68 1.0
1.6 1.24 1.76 1.0
1.69 1.32 1.68 1.0
1.74 1.39 1.61 1.0
1.72 1.29 1.71 1.0
1.65 1.28 1.72 1.0
1.6 1.29 1.71 1.0
1.7 1.36 1.64 1.0
1.71 1.34 1.66 1.0
1.66 1.3 1.7 1.0
1.71 1.35 1.65 1.0
1.61 1.28 1.72 1.0
1.67 1.26 1.74 1.0
1.64 1.32 1.68 1.0
1.62 1.34 1.66 1.0
1.65 1.34 1.66 1.0
1.68 1.31 1.69 1.0
1.66 1.36 1.64 1.0
1.67 1.28 1.72 1.0
1.73 1.4 1.6 1.0
1.63 1.29 1.71 1.0
1.7 1.38 1.62 1.0
1.66 1.31 1.69 1.0
1.6 1.32 1.68 1.0
1.69 1.28 1.72 1.0
1.6 1.35 1.65 1.0
1.61 1.31 1.69 1.0
1.62 1.32 1.68 1.0
1.59 1.35 1.65 1.0
1.67 1.32 1.68 1.0
1.65 1.31 1.69 1.0
1.66 1.3 1.7 1.0
1.72 1.38 1.62 1.0
1.63 1.31 1.69 1.0
1.62 1.3 1.7 1.0
1.6 1.3 1.7 1.0
1.64 1.35 1.65 1.0
1.7 1.38 1.62 1.0
1.69 1.29 1.71 1.0
1.64 1.32 1.68 1.0
1.76 1.38 1.62 1.0
1.65 1.39 1.61 1.0
1.69 1.37 1.63 1.0
1.72 1.35 1.65 1.0
1.55 1.3 1.7 1.0
1.61 1.35 1.65 1.0
1.59 1.28 1.72 1.0
1.65 1.36 1.64 1.0
1.69 1.37 1.63 1.0
1.65 1.31 1.69 1.0
1.7 1.28 1.72 1.0
1.66 1.34 1.66 1.0
1.64 1.34 1.66 1.0
1.69 1.39 1.61 1.0
1.67 1.39 1.61 1.0
1.74 1.45 1.55 1.0
1.63 1.32 1.68 1.0
1.66 1.27 1.73 1.0
1.66 1.36 1.64 1.0
1.67 1.38 1.62 1.0
1.63 1.35 1.65 1.0
1.67 1.36 1.64 1.0
1.69 1.32 1.68 1.0
1.68 1.35 1.65 1.0
1.66 1.42 1.58 1.0
1.66 1.33 1.67 1.0
1.72 1.38 1.62 1.0
1.56 1.28 1.72 1.0
1.72 1.28 1.72 1.0
1.73 1.37 1.63 1.0
1.67 1.3 1.7 1.0
1.67 1.31 1.69 1.0
1.65 1.31 1.69 1.0
1.61 1.22 1.78 1.0
1.64 1.37 1.63 1.0
1.68 1.36 1.64 1.0
1.64 1.33 1.67 1.0
1.64 1.31 1.69 1.0
1.73 1.41 1.59 1.0
1.72 1.38 1.62 1.0
1.62 1.32 1.68 1.0
1.68 1.41 1.59 1.0
1.76 1.36 1.64 1.0
1.64 1.28 1.72 1.0
1.59 1.3 1.7 1.0
1.68 1.39 1.61 1.0
1.64 1.32 1.68 1.0
1.73 1.32 1.68 1.0
1.65 1.32 1.68 1.0
1.63 1.37 1.63 1.0
1.69 1.37 1.63 1.0
1.61 1.31 1.69 1.0
1.75 1.42 1.58 1.0
1.62 1.28 1.72 1.0
1.67 1.32 1.68 1.0
1.72 1.3 1.7 1.0
1.74 1.4 1.6 1.0
1.68 1.28 1.72 1.0
1.67 1.33 1.67 1.0
1.64 1.4 1.6 1.0
1.65 1.35 1.65 1.0
1.73 1.34 1.66 1.0
1.71 1.35 1.65 1.0
1.68 1.33 1.67 1.0
1.67 1.33 1.67 1.0
1.73 1.35 1.65 1.0
1.78 1.35 1.65 1.0
1.68 1.24 1.76 1.0
1.7 1.33 1.67 1.0
1.73 1.38 1.62 1.0
1.68 1.3 1.7 1.0
1.58 1.26 1.74 1.0
1.72 1.37 1.63 1.0
1.58 1.24 1.76 1.0
1.68 1.37 1.63 1.0
1.69 1.33 1.67 1.0
1.69 1.34 1.66 1.0
1.66 1.35 1.65 1.0
1.64 1.27 1.73 1.0
1.69 1.35 1.65 1.0
1.68 1.25 1.75 1.0
1.72 1.34 1.66 1.0
1.65 1.34 1.66 1.0
1.73 1.33 1.67 1.0
1.62 1.36 1.64 1.0
1.69 1.37 1.63 1.0
1.72 1.39 1.61 1.0
1.74 1.32 1.68 1.0
1.61 1.32 1.68 1.0
1.56 1.21 1.79 1.0
1.69 1.29 1.71 1.0
1.65 1.32 1.68 1.0
1.68 1.36 1.64 1.0
1.64 1.31 1.69 1.0
1.73 1.35 1.65 1.0
1.66 1.32 1.68 1.0
1.69 1.35 1.65 1.0
1.8 1.4 1.6 1.0
1.72 1.31 1.69 1.0
1.57 1.25 1.75 1.0
1.7 1.36 1.64 1.0
1.68 1.38 1.62 1.0
1.65 1.27 1.73 1.0
1.7 1.37 1.63 1.0
1.63 1.31 1.69 1.0
1.68 1.3 1.7 1.0
1.56 1.26 1.74 1.0
1.76 1.37 1.63 1.0
1.65 1.34 1.66 1.0
1.65 1.38 1.62 1.0
1.67 1.34 1.66 1.0
1.71 1.38 1.62 1.0
1.6 1.28 1.72 1.0
1.66 1.39 1.61 1.0
1.68 1.33 1.67 1.0
1.71 1.3 1.7 1.0
1.63 1.35 1.65 1.0
1.68 1.3 1.7 1.0
1.69 1.32 1.68 1.0
1.71 1.33 1.67 1.0
1.66 1.29 1.71 1.0
1.65 1.33 1.67 1.0
1.71 1.34 1.66 1.0
1.66 1.27 1.73 1.0
1.77 1.38 1.62 1.0
1.64 1.31 1.69 1.0
1.66 1.29 1.71 1.0
1.74 1.37 1.63 1.0
1.6 1.29 1.71 1.0
1.74 1.39 1.61 1.0
1.67 1.34 1.66 1.0
1.72 1.33 1.67 1.0
1.72 1.34 1.66 1.0
1.67 1.29 1.71 1.0
1.64 1.3 1.7 1.0
1.68 1.34 1.66 1.0
1.64 1.3 1.7 1.0
1.71 1.34 1.66 1.0
1.57 1.28 1.72 1.0
1.71 1.31 1.69 1.0
1.55 1.22 1.78 1.0
1.61 1.29 1.71 1.0
1.62 1.32 1.68 1.0
1.71 1.29 1.71 1.0
1.7 1.3 1.7 1.0
1.66 1.3 1.7 1.0
1.68 1.38 1.62 1.0
1.65 1.34 1.66 1.0
1.61 1.28 1.72 1.0
1.64 1.3 1.7 1.0
1.64 1.3 1.7 1.0
1.59 1.35 1.65 1.0
1.73 1.35 1.65 1.0
1.68 1.34 1.66 1.0
1.71 1.37 1.63 1.0
1.62 1.31 1.69 1.0
1.71 1.33 1.67 1.0
1.76 1.37 1.63 1.0
1.63 1.35 1.65 1.0
1.59 1.32 1.68 1.0
1.64 1.39 1.61 1.0
1.67 1.28 1.72 1.0
1.75 1.38 1.62 1.0
1.69 1.35 1.65 1.0
1.56 1.31 1.69 1.0
1.72 1.37 1.63 1.0
1.68 1.34 1.66 1.0
1.67 1.3 1.7 1.0
1.77 1.35 1.65 1.0
1.67 1.37 1.63 1.0
1.64 1.29 1.71 1.0
1.7 1.36 1.64 1.0
1.67 1.3 1.7 1.0
1.7 1.31 1.69 1.0
1.7 1.31 1.69 1.0
1.73 1.44 1.56 1.0
1.67 1.32 1.68 1.0
1.63 1.32 1.68 1.0
1.63 1.38 1.62 1.0
1.73 1.38 1.62 1.0
1.68 1.35 1.65 1.0
1.71 1.34 1.66 1.0
1.65 1.36 1.64 1.0
1.65 1.29 1.71 1.0
1.69 1.28 1.72 1.0
1.71 1.27 1.73 1.0
1.69 1.35 1.65 1.0
1.68 1.37 1.63 1.0
1.65 1.3 1.7 1.0
1.65 1.35 1.65 1.0
1.73 1.32 1.68 1.0
1.61 1.28 1.72 1.0
1.67 1.32 1.68 1.0
1.66 1.32 1.68 1.0
1.7 1.35 1.65 1.0
1.66 1.31 1.69 1.0
1.7 1.29 1.71 1.0
1.71 1.35 1.65 1.0
1.75 1.29 1.71 1.0
1.61 1.32 1.68 1.0
1.58 1.35 1.65 1.0
1.65 1.33 1.67 1.0
1.61 1.3 1.7 1.0
1.73 1.3 1.7 1.0
1.69 1.33 1.67 1.0
1.67 1.37 1.63 1.0
1.71 1.35 1.65 1.0
1.68 1.28 1.72 1.0
1.67 1.32 1.68 1.0
1.59 1.27 1.73 1.0
1.71 1.34 1.66 1.0
1.7 1.42 1.58 1.0
1.69 1.42 1.58 1.0
1.67 1.31 1.69 1.0
1.66 1.35 1.65 1.0
1.52 1.3 1.7 1.0
1.65 1.31 1.69 1.0
1.71 1.33 1.67 1.0
1.64 1.35 1.65 1.0
1.59 1.34 1.66 1.0
1.66 1.29 1.71 1.0
1.71 1.37 1.63 1.0
1.64 1.31 1.69 1.0
1.75 1.37 1.63 1.0
1.54 1.32 1.68 1.0
1.61 1.22 1.78 1.0
1.73 1.26 1.74 1.0
1.67 1.33 1.67 1.0
1.64 1.36 1.64 1.0
1.67 1.33 1.67 1.0
1.69 1.35 1.65 1.0
1.66 1.36 1.64 1.0
1.63 1.31 1.69 1.0
1.76 1.34 1.66 1.0
1.66 1.32 1.68 1.0
1.65 1.32 1.68 1.0
1.73 1.39 1.61 1.0
1.64 1.28 1.72 1.0
1.65 1.32 1.68 1.0
1.67 1.39 1.61 1.0
1.7 1.41 1.59 1.0
1.67 1.28 1.72 1.0
1.67 1.32 1.68 1.0
1.59 1.24 1.76 1.0
1.72 1.37 1.63 1.0
1.62 1.26 1.74 1.0
1.65 1.33 1.67 1.0
1.71 1.42 1.58 1.0
1.65 1.3 1.7 1.0
1.7 1.43 1.57 1.0
1.61 1.29 1.71 1.0
1.67 1.37 1.63 1.0
1.65 1.29 1.71 1.0
1.71 1.37 1.63 1.0
1.6 1.32 1.68 1.0
1.67 1.27 1.73 1.0
1.61 1.31 1.69 1.0
1.7 1.31 1.69 1.0
1.66 1.3 1.7 1.0
1.7 1.44 1.56 1.0
1.62 1.28 1.72 1.0
1.78 1.4 1.6 1.0
1.72 1.4 1.6 1.0
1.59 1.3 1.7 1.0
1.65 1.27 1.73 1.0
1.65 1.35 1.65 1.0
1.63 1.24 1.76 1.0
1.71 1.3 1.7 1.0
1.69 1.34 1.66 1.0
1.61 1.35 1.65 1.0
1.65 1.36 1.64 1.0
1.69 1.33 1.67 1.0
1.72 1.34 1.66 1.0
1.71 1.35 1.65 1.0
1.65 1.27 1.73 1.0
1.66 1.4 1.6 1.0
1.68 1.41 1.59 1.0
1.7 1.38 1.62 1.0
1.64 1.33 1.67 1.0
1.67 1.38 1.62 1.0
1.59 1.29 1.71 1.0
1.6 1.29 1.71 1.0
1.66 1.41 1.59 1.0
1.61 1.3 1.7 1.0
1.59 1.22 1.78 1.0
1.62 1.3 1.7 1.0
1.73 1.4 1.6 1.0
1.61 1.26 1.74 1.0
1.64 1.46 1.54 1.0
1.67 1.35 1.65 1.0
1.64 1.34 1.66 1.0
1.65 1.31 1.69 1.0
1.73 1.36 1.64 1.0
1.67 1.35 1.65 1.0
1.75 1.44 1.56 1.0
1.69 1.39 1.61 1.0
1.68 1.31 1.69 1.0
1.64 1.3 1.7 1.0
1.7 1.47 1.53 1.0
1.68 1.34 1.66 1.0
1.62 1.3 1.7 1.0
1.64 1.36 1.64 1.0
1.68 1.34 1.66 1.0
1.63 1.3 1.7 1.0
1.68 1.34 1.66 1.0
1.75 1.46 1.54 1.0
1.71 1.38 1.62 1.0
1.68 1.34 1.66 1.0
1.63 1.26 1.74 1.0
1.68 1.3 1.7 1.0
1.64 1.36 1.64 1.0
1.73 1.35 1.65 1.0
1.63 1.35 1.65 1.0
1.74 1.36 1.64 1.0
1.64 1.27 1.73 1.0
1.71 1.43 1.57 1.0
1.74 1.32 1.68 1.0
1.7 1.3 1.7 1.0
1.64 1.21 1.79 1.0
1.63 1.35 1.65 1.0
1.67 1.34 1.66 1.0
1.68 1.44 1.56 1.0
1.7 1.36 1.64 1.0
1.7 1.31 1.69 1.0
1.68 1.35 1.65 1.0
1.71 1.29 1.71 1.0
1.63 1.28 1.72 1.0
1.64 1.29 1.71 1.0
1.74 1.32 1.68 1.0
1.62 1.29 1.71 1.0
1.61 1.37 1.63 1.0
1.71 1.4 1.6 1.0
1.71 1.36 1.64 1.0
1.71 1.32 1.68 1.0
1.78 1.31 1.69 1.0
1.72 1.34 1.66 1.0
1.64 1.32 1.68 1.0
1.72 1.3 1.7 1.0
1.69 1.37 1.63 1.0
1.64 1.3 1.7 1.0
1.68 1.36 1.64 1.0
1.61 1.36 1.64 1.0
1.71 1.42 1.58 1.0
1.69 1.37 1.63 1.0
1.67 1.27 1.73 1.0
1.76 1.37 1.63 1.0
1.66 1.39 1.61 1.0
1.72 1.38 1.62 1.0
1.68 1.38 1.62 1.0
1.6 1.23 1.77 1.0
1.77 1.25 1.75 1.0
1.62 1.34 1.66 1.0
1.6 1.32 1.68 1.0
1.62 1.33 1.67 1.0
1.7 1.37 1.63 1.0
1.65 1.36 1.64 1.0
1.66 1.26 1.74 1.0
1.67 1.29 1.71 1.0
1.7 1.26 1.74 1.0
1.6 1.32 1.68 1.0
1.63 1.29 1.71 1.0
1.72 1.4 1.6 1.0
1.73 1.36 1.64 1.0
1.72 1.33 1.67 1.0
1.67 1.39 1.61 1.0
1.62 1.25 1.75 1.0
1.7 1.35 1.65 1.0
1.67 1.33 1.67 1.0
1.66 1.34 1.66 1.0
1.6 1.3 1.7 1.0
1.65 1.43 1.57 1.0
1.69 1.32 1.68 1.0
1.75 1.39 1.61 1.0
1.66 1.26 1.74 1.0
1.51 1.23 1.77 1.0
1.71 1.45 1.55 1.0
1.63 1.27 1.73 1.0
1.65 1.31 1.69 1.0
1.59 1.27 1.73 1.0
1.74 1.39 1.61 1.0
1.62 1.27 1.73 1.0
1.63 1.4 1.6 1.0
1.74 1.41 1.59 1.0
1.7 1.4 1.6 1.0
1.71 1.27 1.73 1.0
1.72 1.33 1.67 1.0
1.69 1.4 1.6 1.0
1.62 1.32 1.68 1.0
1.65 1.27 1.73 1.0
1.63 1.36 1.64 1.0
1.69 1.34 1.66 1.0
1.63 1.33 1.67 1.0
1.68 1.37 1.63 1.0
1.72 1.28 1.72 1.0
1.7 1.37 1.63 1.0
1.64 1.34 1.66 1.0
1.67 1.32 1.68 1.0
1.59 1.29 1.71 1.0
1.64 1.33 1.67 1.0
1.64 1.28 1.72 1.0
1.64 1.26 1.74 1.0
1.64 1.3 1.7 1.0
1.63 1.33 1.67 1.0
1.68 1.36 1.64 1.0
1.7 1.28 1.72 1.0
1.63 1.29 1.71 1.0
1.62 1.36 1.64 1.0
1.65 1.36 1.64 1.0
1.75 1.36 1.64 1.0
1.6 1.34 1.66 1.0
1.66 1.35 1.65 1.0
1.59 1.22 1.78 1.0
1.67 1.3 1.7 1.0
1.7 1.27 1.73 1.0
1.7 1.36 1.64 1.0
1.66 1.29 1.71 1.0
1.65 1.24 1.76 1.0
1.58 1.25 1.75 1.0
1.6 1.35 1.65 1.0
1.61 1.39 1.61 1.0
1.64 1.36 1.64 1.0
1.71 1.38 1.62 1.0
1.68 1.34 1.66 1.0
1.73 1.42 1.58 1.0
1.6 1.34 1.66 1.0
1.63 1.27 1.73 1.0
1.67 1.39 1.61 1.0
1.6 1.35 1.65 1.0
1.63 1.32 1.68 1.0
1.75 1.33 1.67 1.0
1.64 1.32 1.68 1.0
1.75 1.38 1.62 1.0
1.7 1.33 1.67 1.0
1.65 1.37 1.63 1.0
1.62 1.34 1.66 1.0
1.71 1.35 1.65 1.0
1.69 1.28 1.72 1.0
1.66 1.37 1.63 1.0
1.72 1.38 1.62 1.0
1.72 1.34 1.66 1.0
1.66 1.36 1.64 1.0
1.67 1.34 1.66 1.0
1.72 1.43 1.57 1.0
1.69 1.32 1.68 1.0
1.68 1.32 1.68 1.0
1.68 1.37 1.63 1.0
1.75 1.29 1.71 1.0
1.66 1.32 1.68 1.0
1.66 1.43 1.57 1.0
1.72 1.35 1.65 1.0
1.68 1.41 1.59 1.0
1.62 1.36 1.64 1.0
1.64 1.29 1.71 1.0
1.69 1.32 1.68 1.0
1.75 1.4 1.6 1.0
1.69 1.31 1.69 1.0
1.62 1.34 1.66 1.0
1.66 1.38 1.62 1.0
1.7 1.38 1.62 1.0
1.71 1.38 1.62 1.0
1.63 1.39 1.61 1.0
1.68 1.34 1.66 1.0
1.66 1.34 1.66 1.0
1.73 1.33 1.67 1.0
1.65 1.27 1.73 1.0
1.71 1.39 1.61 1.0
1.74 1.32 1.68 1.0
1.69 1.33 1.67 1.0
1.65 1.4 1.6 1.0
1.66 1.41 1.59 1.0
1.58 1.22 1.78 1.0
1.56 1.22 1.78 1.0
1.68 1.37 1.63 1.0
1.61 1.28 1.72 1.0
1.67 1.43 1.57 1.0
1.62 1.25 1.75 1.0
1.7 1.35 1.65 1.0
1.71 1.43 1.57 1.0
1.71 1.4 1.6 1.0
1.65 1.32 1.68 1.0
1.69 1.36 1.64 1.0
1.67 1.31 1.69 1.0
1.7 1.39 1.61 1.0
1.66 1.28 1.72 1.0
1.64 1.27 1.73 1.0
1.66 1.32 1.68 1.0
1.68 1.38 1.62 1.0
1.7 1.34 1.66 1.0
1.65 1.35 1.65 1.0
1.66 1.34 1.66 1.0
1.65 1.35 1.65 1.0
1.63 1.25 1.75 1.0
1.62 1.29 1.71 1.0
1.77 1.38 1.62 1.0
1.67 1.21 1.79 1.0
1.64 1.31 1.69 1.0
1.73 1.37 1.63 1.0
1.6 1.23 1.77 1.0
1.62 1.28 1.72 1.0
1.67 1.31 1.69 1.0
1.69 1.3 1.7 1.0
1.6 1.35 1.65 1.0
1.6 1.23 1.77 1.0
1.67 1.25 1.75 1.0
1.69 1.31 1.69 1.0
1.7 1.35 1.65 1.0
1.72 1.38 1.62 1.0
1.69 1.37 1.63 1.0
1.7 1.4 1.6 1.0
1.69 1.36 1.64 1.0
1.72 1.34 1.66 1.0
1.6 1.31 1.69 1.0
1.7 1.35 1.65 1.0
1.76 1.4 1.6 1.0
1.64 1.27 1.73 1.0
1.67 1.25 1.75 1.0
1.6 1.29 1.71 1.0
1.64 1.33 1.67 1.0
1.75 1.42 1.58 1.0
1.61 1.26 1.74 1.0
1.55 1.31 1.69 1.0
1.64 1.3 1.7 1.0
1.63 1.39 1.61 1.0
1.67 1.39 1.61 1.0
1.64 1.3 1.7 1.0
1.72 1.31 1.69 1.0
1.63 1.26 1.74 1.0
1.59 1.33 1.67 1.0
1.68 1.33 1.67 1.0
1.75 1.35 1.65 1.0
1.64 1.31 1.69 1.0
1.68 1.28 1.72 1.0
1.71 1.37 1.63 1.0
1.76 1.36 1.64 1.0
1.67 1.32 1.68 1.0
1.73 1.28 1.72 1.0
1.74 1.34 1.66 1.0
1.59 1.36 1.64 1.0
1.65 1.32 1.68 1.0
1.63 1.32 1.68 1.0
1.66 1.31 1.69 1.0
1.67 1.36 1.64 1.0
1.59 1.3 1.7 1.0
1.71 1.27 1.73 1.0
1.69 1.35 1.65 1.0
1.71 1.49 1.51 1.0
1.63 1.37 1.63 1.0
1.72 1.41 1.59 1.0
1.69 1.34 1.66 1.0
1.65 1.32 1.68 1.0
1.61 1.37 1.63 1.0
1.71 1.35 1.65 1.0
1.73 1.34 1.66 1.0
1.68 1.32 1.68 1.0
1.57 1.28 1.72 1.0
1.7 1.32 1.68 1.0
1.63 1.4 1.6 1.0
1.73 1.29 1.71 1.0
1.65 1.32 1.68 1.0
1.63 1.34 1.66 1.0
1.67 1.36 1.64 1.0
1.72 1.35 1.65 1.0
1.61 1.27 1.73 1.0
1.68 1.36 1.64 1.0
1.55 1.24 1.76 1.0
1.58 1.33 1.67 1.0
1.64 1.3 1.7 1.0
1.68 1.35 1.65 1.0
1.65 1.35 1.65 1.0
1.68 1.38 1.62 1.0
1.73 1.32 1.68 1.0
1.72 1.46 1.54 1.0
1.68 1.31 1.69 1.0
1.67 1.35 1.65 1.0
1.63 1.35 1.65 1.0
1.69 1.32 1.68 1.0
1.73 1.33 1.67 1.0
1.75 1.3 1.7 1.0
1.73 1.35 1.65 1.0
1.69 1.35 1.65 1.0
1.66 1.2 1.8 1.0
1.65 1.3 1.7 1.0
1.64 1.38 1.62 1.0
1.69 1.38 1.62 1.0
1.66 1.35 1.65 1.0
1.72 1.34 1.66 1.0
1.63 1.35 1.65 1.0
1.64 1.27 1.73 1.0
1.58 1.26 1.74 1.0
1.64 1.32 1.68 1.0
1.72 1.37 1.63 1.0
1.73 1.33 1.67 1.0
1.61 1.4 1.6 1.0
1.67 1.37 1.63 1.0
1.59 1.27 1.73 1.0
1.6 1.34 1.66 1.0
1.61 1.26 1.74 1.0
1.69 1.36 1.64 1.0
1.68 1.4 1.6 1.0
1.5 1.23 1.77 1.0
1.7 1.32 1.68 1.0
1.62 1.31 1.69 1.0
1.71 1.31 1.69 1.0
1.62 1.28 1.72 1.0
1.61 1.32 1.68 1.0
1.72 1.35 1.65 1.0
1.67 1.33 1.67 1.0
1.61 1.3 1.7 1.0
1.72 1.32 1.68 1.0
1.75 1.41 1.59 1.0
1.64 1.34 1.66 1.0
1.71 1.35 1.65 1.0
1.7 1.3 1.7 1.0
1.61 1.37 1.63 1.0
1.6 1.33 1.67 1.0
1.73 1.37 1.63 1.0
1.69 1.39 1.61 1.0
1.73 1.4 1.6 1.0
1.71 1.39 1.61 1.0
1.63 1.25 1.75 1.0
1.77 1.38 1.62 1.0
1.74 1.39 1.61 1.0
1.7 1.36 1.64 1.0
1.64 1.34 1.66 1.0
1.6 1.31 1.69 1.0
1.69 1.36 1.64 1.0
1.67 1.34 1.66 1.0
1.72 1.4 1.6 1.0
1.63 1.29 1.71 1.0
1.72 1.3 1.7 1.0
1.65 1.29 1.71 1.0
1.68 1.32 1.68 1.0
1.65 1.31 1.69 1.0
1.69 1.35 1.65 1.0
1.71 1.41 1.59 1.0
1.6 1.37 1.63 1.0
1.68 1.38 1.62 1.0
1.64 1.27 1.73 1.0
1.71 1.38 1.62 1.0
1.67 1.42 1.58 1.0
1.61 1.3 1.7 1.0
1.7 1.42 1.58 1.0
1.7 1.31 1.69 1.0
1.75 1.38 1.62 1.0
1.63 1.36 1.64 1.0
1.63 1.3 1.7 1.0
1.67 1.37 1.63 1.0
1.63 1.32 1.68 1.0
1.7 1.33 1.67 1.0
1.67 1.41 1.59 1.0
1.64 1.39 1.61 1.0
1.7 1.29 1.71 1.0
1.64 1.27 1.73 1.0
1.64 1.24 1.76 1.0
1.69 1.37 1.63 1.0
1.6 1.29 1.71 1.0
1.65 1.33 1.67 1.0
1.63 1.24 1.76 1.0
1.63 1.22 1.78 1.0
1.66 1.38 1.62 1.0
1.66 1.27 1.73 1.0
1.57 1.3 1.7 1.0
1.73 1.37 1.63 1.0
1.7 1.37 1.63 1.0
1.73 1.39 1.61 1.0
1.71 1.34 1.66 1.0
1.71 1.38 1.62 1.0
1.69 1.36 1.64 1.0
1.63 1.33 1.67 1.0
1.72 1.44 1.56 1.0
1.68 1.36 1.64 1.0
1.72 1.35 1.65 1.0
1.62 1.29 1.71 1.0
1.68 1.31 1.69 1.0
1.7 1.32 1.68 1.0
1.63 1.35 1.65 1.0
1.56 1.28 1.72 1.0
1.66 1.39 1.61 1.0
1.68 1.4 1.6 1.0
1.73 1.41 1.59 1.0
1.67 1.37 1.63 1.0
1.67 1.34 1.66 1.0
1.59 1.28 1.72 1.0
1.72 1.35 1.65 1.0
1.64 1.28 1.72 1.0
1.69 1.34 1.66 1.0
1.71 1.41 1.59 1.0
1.57 1.28 1.72 1.0
1.67 1.4 1.6 1.0
1.78 1.29 1.71 1.0
1.58 1.21 1.79 1.0
1.66 1.31 1.69 1.0
1.68 1.29 1.71 1.0
1.73 1.33 1.67 1.0
1.67 1.32 1.68 1.0
1.55 1.21 1.79 1.0
1.62 1.32 1.68 1.0
1.62 1.25 1.75 1.0
1.62 1.33 1.67 1.0
1.67 1.39 1.61 1.0
1.71 1.34 1.66 1.0
1.76 1.32 1.68 1.0
1.73 1.36 1.64 1.0
1.79 1.43 1.57 1.0
1.7 1.37 1.63 1.0
1.58 1.26 1.74 1.0
1.69 1.37 1.63 1.0
1.68 1.36 1.64 1.0
1.63 1.37 1.63 1.0
1.61 1.29 1.71 1.0
1.66 1.35 1.65 1.0
1.66 1.25 1.75 1.0
1.58 1.29 1.71 1.0
1.66 1.4 1.6 1.0
1.7 1.36 1.64 1.0
1.68 1.3 1.7 1.0
1.67 1.26 1.74 1.0
1.67 1.37 1.63 1.0
1.75 1.37 1.63 1.0
1.6 1.33 1.67 1.0
1.75 1.4 1.6 1.0
1.72 1.35 1.65 1.0
1.61 1.33 1.67 1.0
1.62 1.28 1.72 1.0
1.69 1.35 1.65 1.0
1.73 1.36 1.64 1.0
1.6 1.31 1.69 1.0
1.71 1.33 1.67 1.0
1.65 1.27 1.73 1.0
1.73 1.32 1.68 1.0
1.64 1.35 1.65 1.0
1.64 1.3 1.7 1.0
1.66 1.36 1.64 1.0
1.73 1.34 1.66 1.0
1.66 1.29 1.71 1.0
1.62 1.3 1.7 1.0
1.71 1.34 1.66 1.0
1.65 1.34 1.66 1.0
1.58 1.29 1.71 1.0
1.64 1.29 1.71 1.0
1.73 1.46 1.54 1.0
1.7 1.35 1.65 1.0
1.66 1.37 1.63 1.0
1.59 1.32 1.68 1.0
1.66 1.26 1.74 1.0
1.67 1.32 1.68 1.0
1.68 1.28 1.72 1.0
1.61 1.36 1.64 1.0
1.74 1.41 1.59 1.0
1.75 1.42 1.58 1.0
1.61 1.32 1.68 1.0
1.65 1.36 1.64 1.0
1.71 1.38 1.62 1.0
1.72 1.29 1.71 1.0
1.7 1.36 1.64 1.0
1.62 1.3 1.7 1.0
1.62 1.31 1.69 1.0
1.66 1.3 1.7 1.0
1.67 1.25 1.75 1.0
1.74 1.38 1.62 1.0
1.67 1.33 1.67 1.0
1.69 1.32 1.68 1.0
1.56 1.24 1.76 1.0
1.64 1.27 1.73 1.0
1.7 1.37 1.63 1.0
1.7 1.38 1.62 1.0
1.67 1.35 1.65 1.0
1.68 1.34 1.66 1.0
1.74 1.44 1.56 1.0
1.64 1.31 1.69 1.0
1.67 1.31 1.69 1.0
1.64 1.31 1.69 1.0
1.68 1.36 1.64 1.0
1.65 1.34 1.66 1.0
1.62 1.34 1.66 1.0
1.67 1.28 1.72 1.0
1.72 1.41 1.59 1.0
1.61 1.29 1.71 1.0
1.76 1.38 1.62 1.0
1.61 1.28 1.72 1.0
1.63 1.27 1.73 1.0
1.76 1.4 1.6 1.0
1.7 1.34 1.66 1.0
1.69 1.39 1.61 1.0
1.76 1.36 1.64 1.0
1.69 1.3 1.7 1.0
1.67 1.29 1.71 1.0
1.67 1.33 1.67 1.0
1.72 1.38 1.62 1.0
1.67 1.38 1.62 1.0
1.64 1.34 1.66 1.0
1.68 1.35 1.65 1.0
1.79 1.39 1.61 1.0
1.63 1.28 1.72 1.0
1.7 1.31 1.69 1.0
1.65 1.4 1.6 1.0
1.61 1.33 1.67 1.0
1.68 1.36 1.64 1.0
1.58 1.27 1.73 1.0
1.69 1.32 1.68 1.0
1.66 1.38 1.62 1.0
1.69 1.33 1.67 1.0
1.71 1.35 1.65 1.0
1.7 1.3 1.7 1.0
1.64 1.36 1.64 1.0
1.75 1.39 1.61 1.0
1.68 1.32 1.68 1.0
1.66 1.32 1.68 1.0
1.68 1.4 1.6 1.0
1.58 1.32 1.68 1.0
1.68 1.33 1.67 1.0
1.7 1.44 1.56 1.0
1.73 1.34 1.66 1.0
1.72 1.4 1.6 1.0
1.73 1.41 1.59 1.0
1.66 1.35 1.65 1.0
1.66 1.44 1.56 1.0
1.74 1.43 1.57 1.0
1.66 1.33 1.67 1.0
1.74 1.31 1.69 1.0
1.65 1.4 1.6 1.0
1.58 1.29 1.71 1.0
1.59 1.27 1.73 1.0
1.66 1.36 1.64 1.0
1.63 1.3 1.7 1.0
1.62 1.28 1.72 1.0
1.7 1.39 1.61 1.0
1.6 1.31 1.69 1.0
1.6 1.33 1.67 1.0
1.67 1.37 1.63 1.0
1.63 1.28 1.72 1.0
1.65 1.3 1.7 1.0
1.7 1.29 1.71 1.0
1.67 1.38 1.62 1.0
1.71 1.39 1.61 1.0
1.67 1.31 1.69 1.0
1.69 1.37 1.63 1.0
1.62 1.33 1.67 1.0
1.67 1.34 1.66 1.0
1.74 1.43 1.57 1.0
1.65 1.33 1.67 1.0
1.67 1.35 1.65 1.0
1.66 1.33 1.67 1.0
1.67 1.4 1.6 1.0
1.68 1.33 1.67 1.0
1.68 1.31 1.69 1.0
1.54 1.33 1.67 1.0
1.64 1.33 1.67 1.0
1.7 1.3 1.7 1.0
1.69 1.3 1.7 1.0
1.6 1.26 1.74 1.0
1.67 1.39 1.61 1.0
1.69 1.36 1.64 1.0
1.65 1.33 1.67 1.0
1.67 1.4 1.6 1.0
1.74 1.34 1.66 1.0
1.65 1.37 1.63 1.0
1.68 1.37 1.63 1.0
1.66 1.31 1.69 1.0
1.63 1.3 1.7 1.0
1.66 1.33 1.67 1.0
1.69 1.33 1.67 1.0
1.67 1.28 1.72 1.0
1.67 1.35 1.65 1.0
1.69 1.32 1.68 1.0
1.7 1.3 1.7 1.0
1.71 1.33 1.67 1.0
1.68 1.36 1.64 1.0
1.69 1.42 1.58 1.0
1.66 1.4 1.6 1.0
1.74 1.41 1.59 1.0
1.66 1.4 1.6 1.0
1.57 1.34 1.66 1.0
1.65 1.35 1.65 1.0
1.64 1.35 1.65 1.0
1.71 1.38 1.62 1.0
1.71 1.34 1.66 1.0
1.7 1.38 1.62 1.0
1.58 1.32 1.68 1.0
1.74 1.35 1.65 1.0
1.67 1.32 1.68 1.0
1.73 1.34 1.66 1.0
1.63 1.33 1.67 1.0
1.66 1.34 1.66 1.0
1.72 1.43 1.57 1.0
1.63 1.25 1.75 1.0
1.6 1.34 1.66 1.0
1.62 1.36 1.64 1.0
1.65 1.29 1.71 1.0
1.69 1.39 1.61 1.0
1.6 1.29 1.71 1.0
1.66 1.36 1.64 1.0
1.69 1.42 1.58 1.0
1.66 1.41 1.59 1.0
1.66 1.3 1.7 1.0
1.58 1.3 1.7 1.0
1.6 1.34 1.66 1.0
1.59 1.27 1.73 1.0
1.58 1.34 1.66 1.0
1.64 1.36 1.64 1.0
1.71 1.31 1.69 1.0
1.77 1.46 1.54 1.0
1.66 1.26 1.74 1.0
1.7 1.43 1.57 1.0
1.69 1.34 1.66 1.0
1.73 1.34 1.66 1.0
1.6 1.34 1.66 1.0
1.67 1.34 1.66 1.0
1.69 1.36 1.64 1.0
1.6 1.28 1.72 1.0
1.66 1.31 1.69 1.0
1.6 1.34 1.66 1.0
1.69 1.34 1.66 1.0
1.65 1.31 1.69 1.0
1.58 1.32 1.68 1.0
1.72 1.4 1.6 1.0
1.66 1.29 1.71 1.0
1.74 1.38 1.62 1.0
1.69 1.35 1.65 1.0
1.6 1.24 1.76 1.0
1.71 1.37 1.63 1.0
1.65 1.22 1.78 1.0
1.66 1.39 1.61 1.0
1.7 1.4 1.6 1.0
1.69 1.33 1.67 1.0
1.65 1.31 1.69 1.0
1.69 1.44 1.56 1.0
1.66 1.33 1.67 1.0
1.6 1.26 1.74 1.0
1.62 1.3 1.7 1.0
1.65 1.28 1.72 1.0
1.77 1.4 1.6 1.0
1.73 1.29 1.71 1.0
1.66 1.32 1.68 1.0
1.72 1.36 1.64 1.0
1.65 1.32 1.68 1.0
1.61 1.28 1.72 1.0
1.65 1.37 1.63 1.0
1.67 1.31 1.69 1.0
1.7 1.38 1.62 1.0
1.68 1.39 1.61 1.0
1.67 1.35 1.65 1.0
1.69 1.3 1.7 1.0
1.66 1.35 1.65 1.0
1.65 1.38 1.62 1.0
1.63 1.37 1.63 1.0
1.68 1.3 1.7 1.0
1.69 1.33 1.67 1.0
1.62 1.3 1.7 1.0
1.64 1.35 1.65 1.0
1.69 1.34 1.66 1.0
1.73 1.31 1.69 1.0
1.67 1.32 1.68 1.0
1.73 1.42 1.58 1.0
1.73 1.42 1.58 1.0
1.69 1.36 1.64 1.0
1.61 1.28 1.72 1.0
1.67 1.43 1.57 1.0
1.71 1.4 1.6 1.0
1.65 1.27 1.73 1.0
1.64 1.36 1.64 1.0
1.7 1.34 1.66 1.0
1.66 1.34 1.66 1.0
1.62 1.27 1.73 1.0
1.66 1.38 1.62 1.0
1.69 1.3 1.7 1.0
1.66 1.29 1.71 1.0
1.59 1.25 1.75 1.0
1.69 1.32 1.68 1.0
1.65 1.33 1.67 1.0
1.7 1.28 1.72 1.0
1.75 1.28 1.72 1.0
1.62 1.32 1.68 1.0
1.65 1.32 1.68 1.0
1.65 1.35 1.65 1.0
1.68 1.34 1.66 1.0
1.72 1.44 1.56 1.0
1.77 1.35 1.65 1.0
1.68 1.28 1.72 1.0
1.67 1.35 1.65 1.0
1.58 1.33 1.67 1.0
1.64 1.36 1.64 1.0
1.72 1.36 1.64 1.0
1.58 1.22 1.78 1.0
1.6 1.34 1.66 1.0
1.6 1.3 1.7 1.0
1.66 1.34 1.66 1.0
1.69 1.39 1.61 1.0
1.61 1.28 1.72 1.0
1.72 1.37 1.63 1.0
1.68 1.3 1.7 1.0
1.62 1.39 1.61 1.0
1.62 1.28 1.72 1.0
1.67 1.32 1.68 1.0
1.67 1.38 1.62 1.0
1.62 1.29 1.71 1.0
1.69 1.36 1.64 1.0
1.69 1.35 1.65 1.0
1.73 1.41 1.59 1.0
1.7 1.35 1.65 1.0
1.63 1.3 1.7 1.0
1.67 1.32 1.68 1.0
1.71 1.35 1.65 1.0
1.56 1.3 1.7 1.0
1.65 1.34 1.66 1.0
1.63 1.37 1.63 1.0
1.65 1.38 1.62 1.0
1.65 1.38 1.62 1.0
1.69 1.28 1.72 1.0
1.69 1.4 1.6 1.0
1.68 1.34 1.66 1.0
1.72 1.43 1.57 1.0
1.67 1.33 1.67 1.0
1.67 1.33 1.67 1.0
1.57 1.34 1.66 1.0
1.74 1.39 1.61 1.0
1.72 1.35 1.65 1.0
1.63 1.28 1.72 1.0
1.65 1.36 1.64 1.0
1.64 1.31 1.69 1.0
1.67 1.31 1.69 1.0
1.6 1.23 1.77 1.0
1.64 1.36 1.64 1.0
1.64 1.27 1.73 1.0
1.63 1.28 1.72 1.0
1.64 1.37 1.63 1.0
1.62 1.31 1.69 1.0
1.67 1.27 1.73 1.0
1.66 1.33 1.67 1.0
1.71 1.35 1.65 1.0
1.66 1.27 1.73 1.0
1.65 1.32 1.68 1.0
1.65 1.33 1.67 1.0
1.71 1.31 1.69 1.0
1.64 1.38 1.62 1.0
1.65 1.37 1.63 1.0
1.68 1.39 1.61 1.0
1.69 1.31 1.69 1.0
1.69 1.3 1.7 1.0
1.57 1.26 1.74 1.0
1.67 1.34 1.66 1.0
1.66 1.33 1.67 1.0
1.64 1.36 1.64 1.0
1.72 1.38 1.62 1.0
1.72 1.36 1.64 1.0
1.64 1.34 1.66 1.0
1.62 1.28 1.72 1.0
1.61 1.3 1.7 1.0
1.7 1.32 1.68 1.0
1.63 1.35 1.65 1.0
1.68 1.32 1.68 1.0
1.75 1.34 1.66 1.0
1.69 1.35 1.65 1.0
1.69 1.33 1.67 1.0
1.71 1.38 1.62 1.0
1.69 1.33 1.67 1.0
1.73 1.41 1.59 1.0
1.66 1.3 1.7 1.0
1.67 1.28 1.72 1.0
1.58 1.27 1.73 1.0
1.69 1.39 1.61 1.0
1.71 1.35 1.65 1.0
1.66 1.35 1.65 1.0
1.71 1.41 1.59 1.0
1.63 1.34 1.66 1.0
1.69 1.32 1.68 1.0
1.74 1.39 1.61 1.0
1.71 1.27 1.73 1.0
1.62 1.29 1.71 1.0
1.67 1.33 1.67 1.0
1.59 1.32 1.68 1.0
1.68 1.37 1.63 1.0
1.7 1.32 1.68 1.0
1.58 1.28 1.72 1.0
1.71 1.36 1.64 1.0
1.6 1.26 1.74 1.0
1.69 1.35 1.65 1.0
1.65 1.39 1.61 1.0
1.66 1.32 1.68 1.0
1.6 1.35 1.65 1.0
1.67 1.31 1.69 1.0
1.57 1.33 1.67 1.0
1.67 1.31 1.69 1.0
1.68 1.35 1.65 1.0
1.64 1.29 1.71 1.0
1.65 1.32 1.68 1.0
1.66 1.36 1.64 1.0
1.75 1.36 1.64 1.0
1.61 1.33 1.67 1.0
1.6 1.24 1.76 1.0
1.68 1.35 1.65 1.0
1.67 1.37 1.63 1.0
1.64 1.31 1.69 1.0
1.62 1.28 1.72 1.0
1.66 1.33 1.67 1.0
1.63 1.35 1.65 1.0
1.7 1.31 1.69 1.0
1.63 1.33 1.67 1.0
1.62 1.32 1.68 1.0
1.68 1.29 1.71 1.0
1.71 1.36 1.64 1.0
1.7 1.3 1.7 1.0
1.54 1.29 1.71 1.0
1.65 1.35 1.65 1.0
1.69 1.34 1.66 1.0
1.69 1.36 1.64 1.0
1.69 1.34 1.66 1.0
1.68 1.25 1.75 1.0
1.69 1.4 1.6 1.0
1.58 1.27 1.73 1.0
1.64 1.3 1.7 1.0
1.65 1.39 1.61 1.0
1.7 1.38 1.62 1.0
1.69 1.38 1.62 1.0
1.69 1.38 1.62 1.0
1.66 1.52 1.48 1.0
1.71 1.4 1.6 1.0
1.67 1.32 1.68 1.0
1.68 1.35 1.65 1.0
1.63 1.29 1.71 1.0
1.59 1.28 1.72 1.0
1.61 1.3 1.7 1.0
1.62 1.32 1.68 1.0
1.74 1.3 1.7 1.0
1.6 1.28 1.72 1.0
1.73 1.39 1.61 1.0
1.67 1.33 1.67 1.0
1.69 1.27 1.73 1.0
1.64 1.33 1.67 1.0
1.68 1.38 1.62 1.0
1.64 1.34 1.66 1.0
1.67 1.3 1.7 1.0
1.66 1.33 1.67 1.0
1.72 1.41 1.59 1.0
1.73 1.37 1.63 1.0
1.74 1.38 1.62 1.0
1.68 1.37 1.63 1.0
1.62 1.27 1.73 1.0
1.68 1.28 1.72 1.0
1.65 1.39 1.61 1.0
1.67 1.34 1.66 1.0
1.63 1.27 1.73 1.0
1.71 1.35 1.65 1.0
1.69 1.32 1.68 1.0
1.71 1.33 1.67 1.0
1.64 1.32 1.68 1.0
1.74 1.43 1.57 1.0
1.69 1.38 1.62 1.0
1.71 1.36 1.64 1.0
1.67 1.33 1.67 1.0
1.68 1.38 1.62 1.0
1.72 1.3 1.7 1.0
1.66 1.28 1.72 1.0
1.65 1.29 1.71 1.0
1.69 1.43 1.57 1.0
1.68 1.38 1.62 1.0
1.62 1.34 1.66 1.0
1.64 1.35 1.65 1.0
1.7 1.37 1.63 1.0
1.64 1.26 1.74 1.0
1.68 1.4 1.6 1.0
1.68 1.43 1.57 1.0
1.66 1.37 1.63 1.0
1.67 1.31 1.69 1.0
1.65 1.24 1.76 1.0
1.65 1.32 1.68 1.0
1.62 1.32 1.68 1.0
1.58 1.3 1.7 1.0
1.6 1.32 1.68 1.0
1.66 1.33 1.67 1.0
1.71 1.41 1.59 1.0
1.65 1.3 1.7 1.0
1.68 1.3 1.7 1.0
1.68 1.35 1.65 1.0
1.64 1.3 1.7 1.0
1.71 1.33 1.67 1.0
1.7 1.42 1.58 1.0
1.65 1.34 1.66 1.0
1.63 1.3 1.7 1.0
1.72 1.4 1.6 1.0
1.63 1.33 1.67 1.0
1.7 1.4 1.6 1.0
1.68 1.32 1.68 1.0
1.71 1.3 1.7 1.0
1.72 1.41 1.59 1.0
1.64 1.33 1.67 1.0
1.67 1.33 1.67 1.0
1.68 1.28 1.72 1.0
1.7 1.32 1.68 1.0
1.65 1.26 1.74 1.0
1.75 1.41 1.59 1.0
1.75 1.43 1.57 1.0
1.61 1.31 1.69 1.0
1.7 1.3 1.7 1.0
1.67 1.4 1.6 1.0
1.65 1.32 1.68 1.0
1.63 1.28 1.72 1.0
1.67 1.29 1.71 1.0
1.73 1.39 1.61 1.0
1.72 1.34 1.66 1.0
1.68 1.39 1.61 1.0
1.64 1.29 1.71 1.0
1.67 1.36 1.64 1.0
1.67 1.33 1.67 1.0
1.56 1.31 1.69 1.0
1.64 1.36 1.64 1.0
1.61 1.33 1.67 1.0
1.63 1.29 1.71 1.0
1.63 1.35 1.65 1.0
1.66 1.36 1.64 1.0
1.67 1.34 1.66 1.0
1.69 1.34 1.66 1.0
1.65 1.25 1.75 1.0
1.66 1.33 1.67 1.0
1.6 1.34 1.66 1.0
1.74 1.34 1.66 1.0
1.56 1.34 1.66 1.0
1.63 1.34 1.66 1.0
1.65 1.4 1.6 1.0
1.66 1.43 1.57 1.0
1.63 1.28 1.72 1.0
1.71 1.32 1.68 1.0
1.64 1.33 1.67 1.0
1.66 1.32 1.68 1.0
1.63 1.28 1.72 1.0
1.71 1.37 1.63 1.0
1.67 1.32 1.68 1.0
1.62 1.28 1.72 1.0
1.73 1.35 1.65 1.0
1.69 1.37 1.63 1.0
1.68 1.32 1.68 1.0
1.61 1.26 1.74 1.0
1.55 1.28 1.72 1.0
1.64 1.32 1.68 1.0
1.63 1.24 1.76 1.0
1.65 1.37 1.63 1.0
1.61 1.36 1.64 1.0
1.59 1.32 1.68 1.0
1.65 1.41 1.59 1.0
1.7 1.4 1.6 1.0
1.65 1.29 1.71 1.0
1.74 1.4 1.6 1.0
1.69 1.31 1.69 1.0
1.65 1.35 1.65 1.0
1.58 1.28 1.72 1.0
1.67 1.28 1.72 1.0
1.68 1.33 1.67 1.0
1.65 1.33 1.67 1.0
1.64 1.29 1.71 1.0
1.68 1.38 1.62 1.0
1.69 1.31 1.69 1.0
1.65 1.3 1.7 1.0
1.77 1.39 1.61 1.0
1.64 1.33 1.67 1.0
1.62 1.23 1.77 1.0
1.68 1.29 1.71 1.0
1.77 1.38 1.62 1.0
1.73 1.41 1.59 1.0
1.63 1.34 1.66 1.0
1.67 1.39 1.61 1.0
1.58 1.26 1.74 1.0
1.68 1.32 1.68 1.0
1.66 1.37 1.63 1.0
1.63 1.34 1.66 1.0
1.65 1.38 1.62 1.0
1.6 1.31 1.69 1.0
1.65 1.34 1.66 1.0
1.77 1.44 1.56 1.0
1.7 1.39 1.61 1.0
1.72 1.35 1.65 1.0
1.69 1.39 1.61 1.0
1.74 1.36 1.64 1.0
1.71 1.33 1.67 1.0
1.65 1.41 1.59 1.0
1.67 1.36 1.64 1.0
1.69 1.38 1.62 1.0
1.67 1.37 1.63 1.0
1.68 1.39 1.61 1.0
1.72 1.36 1.64 1.0
1.76 1.4 1.6 1.0
1.65 1.38 1.62 1.0
1.73 1.32 1.68 1.0
1.66 1.27 1.73 1.0
1.63 1.27 1.73 1.0
1.71 1.36 1.64 1.0
1.65 1.31 1.69 1.0
1.7 1.33 1.67 1.0
1.67 1.32 1.68 1.0
1.66 1.28 1.72 1.0
1.69 1.35 1.65 1.0
1.71 1.42 1.58 1.0
1.68 1.33 1.67 1.0
1.66 1.33 1.67 1.0
1.59 1.28 1.72 1.0
1.62 1.29 1.71 1.0
1.69 1.37 1.63 1.0
1.72 1.44 1.56 1.0
1.68 1.3 1.7 1.0
1.7 1.36 1.64 1.0
1.64 1.22 1.78 1.0
1.64 1.27 1.73 1.0
1.63 1.28 1.72 1.0
1.62 1.24 1.76 1.0
1.65 1.26 1.74 1.0
1.71 1.41 1.59 1.0
1.62 1.33 1.67 1.0
1.68 1.31 1.69 1.0
1.66 1.43 1.57 1.0
1.66 1.29 1.71 1.0
1.69 1.32 1.68 1.0
1.67 1.34 1.66 1.0
1.76 1.38 1.62 1.0
1.69 1.36 1.64 1.0
1.7 1.31 1.69 1.0
1.68 1.35 1.65 1.0
1.67 1.33 1.67 1.0
1.78 1.39 1.61 1.0
1.73 1.38 1.62 1.0
1.71 1.38 1.62 1.0
1.64 1.3 1.7 1.0
1.69 1.32 1.68 1.0
1.64 1.31 1.69 1.0
1.55 1.26 1.74 1.0
1.71 1.41 1.59 1.0
1.62 1.33 1.67 1.0
1.7 1.34 1.66 1.0
1.63 1.29 1.71 1.0
1.71 1.4 1.6 1.0
1.76 1.42 1.58 1.0
1.59 1.28 1.72 1.0
1.68 1.36 1.64 1.0
1.62 1.23 1.77 1.0
1.67 1.35 1.65 1.0
1.58 1.23 1.77 1.0
1.67 1.38 1.62 1.0
1.65 1.33 1.67 1.0
1.69 1.37 1.63 1.0
1.72 1.43 1.57 1.0
1.68 1.37 1.63 1.0
1.69 1.3 1.7 1.0
1.65 1.31 1.69 1.0
1.68 1.36 1.64 1.0
1.71 1.34 1.66 1.0
1.62 1.26 1.74 1.0
1.64 1.33 1.67 1.0
1.73 1.42 1.58 1.0
1.67 1.42 1.58 1.0
1.68 1.31 1.69 1.0
1.69 1.29 1.71 1.0
1.67 1.32 1.68 1.0
1.63 1.29 1.71 1.0
1.66 1.36 1.64 1.0
1.65 1.38 1.62 1.0
1.69 1.33 1.67 1.0
1.62 1.35 1.65 1.0
1.66 1.36 1.64 1.0
1.62 1.35 1.65 1.0
1.65 1.37 1.63 1.0
1.67 1.24 1.76 1.0
1.76 1.39 1.61 1.0
1.74 1.37 1.63 1.0
1.64 1.34 1.66 1.0
1.71 1.39 1.61 1.0
1.69 1.32 1.68 1.0
1.72 1.34 1.66 1.0
1.69 1.38 1.62 1.0
1.67 1.29 1.71 1.0
1.6 1.29 1.71 1.0
1.7 1.37 1.63 1.0
1.6 1.29 1.71 1.0
1.68 1.36 1.64 1.0
1.65 1.34 1.66 1.0
1.72 1.3 1.7 1.0
1.64 1.39 1.61 1.0
1.65 1.38 1.62 1.0
1.67 1.31 1.69 1.0
1.64 1.29 1.71 1.0
1.67 1.3 1.7 1.0
1.65 1.38 1.62 1.0
1.69 1.31 1.69 1.0
1.73 1.36 1.64 1.0
1.78 1.38 1.62 1.0
1.55 1.24 1.76 1.0
1.72 1.32 1.68 1.0
1.66 1.38 1.62 1.0
1.71 1.31 1.69 1.0
1.69 1.4 1.6 1.0
1.63 1.35 1.65 1.0
1.75 1.29 1.71 1.0
1.71 1.35 1.65 1.0
1.63 1.28 1.72 1.0
1.69 1.3 1.7 1.0
1.69 1.41 1.59 1.0
1.69 1.24 1.76 1.0
1.69 1.27 1.73 1.0
1.57 1.28 1.72 1.0
1.66 1.37 1.63 1.0
1.65 1.34 1.66 1.0
1.67 1.3 1.7 1.0
1.63 1.3 1.7 1.0
1.62 1.31 1.69 1.0
1.67 1.36 1.64 1.0
1.66 1.29 1.71 1.0
1.64 1.31 1.69 1.0
1.61 1.35 1.65 1.0
1.7 1.36 1.64 1.0
1.63 1.32 1.68 1.0
1.62 1.21 1.79 1.0
1.76 1.42 1.58 1.0
1.7 1.26 1.74 1.0
1.68 1.31 1.69 1.0
1.64 1.29 1.71 1.0
1.65 1.39 1.61 1.0
1.71 1.33 1.67 1.0
1.7 1.36 1.64 1.0
1.69 1.36 1.64 1.0
1.7 1.36 1.64 1.0
1.65 1.32 1.68 1.0
1.68 1.4 1.6 1.0
1.69 1.34 1.66 1.0
1.57 1.25 1.75 1.0
1.64 1.4 1.6 1.0
1.56 1.25 1.75 1.0
1.64 1.32 1.68 1.0
1.65 1.35 1.65 1.0
1.68 1.36 1.64 1.0
1.63 1.28 1.72 1.0
1.75 1.39 1.61 1.0
1.68 1.41 1.59 1.0
1.63 1.27 1.73 1.0
1.63 1.32 1.68 1.0
1.72 1.4 1.6 1.0
1.67 1.39 1.61 1.0
1.69 1.35 1.65 1.0
1.64 1.32 1.68 1.0
1.59 1.28 1.72 1.0
1.68 1.35 1.65 1.0
1.64 1.26 1.74 1.0
1.68 1.32 1.68 1.0
1.73 1.43 1.57 1.0
1.7 1.3 1.7 1.0
1.59 1.3 1.7 1.0
1.58 1.29 1.71 1.0
1.63 1.32 1.68 1.0
1.7 1.38 1.62 1.0
1.62 1.34 1.66 1.0
1.69 1.28 1.72 1.0
1.62 1.33 1.67 1.0
1.68 1.29 1.71 1.0
1.71 1.39 1.61 1.0
1.65 1.32 1.68 1.0
1.69 1.4 1.6 1.0
1.57 1.32 1.68 1.0
1.67 1.3 1.7 1.0
1.66 1.35 1.65 1.0
1.63 1.35 1.65 1.0
1.61 1.31 1.69 1.0
1.72 1.31 1.69 1.0
1.67 1.4 1.6 1.0
1.68 1.24 1.76 1.0
1.64 1.37 1.63 1.0
1.65 1.4 1.6 1.0
1.68 1.38 1.62 1.0
1.64 1.32 1.68 1.0
1.54 1.26 1.74 1.0
1.63 1.36 1.64 1.0
1.59 1.34 1.66 1.0
1.63 1.34 1.66 1.0
1.7 1.29 1.71 1.0
1.72 1.31 1.69 1.0
1.68 1.41 1.59 1.0
1.65 1.24 1.76 1.0
1.73 1.39 1.61 1.0
1.61 1.37 1.63 1.0
1.74 1.38 1.62 1.0
1.69 1.38 1.62 1.0
1.63 1.35 1.65 1.0
1.66 1.35 1.65 1.0
1.71 1.34 1.66 1.0
1.76 1.39 1.61 1.0
1.73 1.4 1.6 1.0
1.69 1.33 1.67 1.0
1.61 1.37 1.63 1.0
1.7 1.31 1.69 1.0
1.76 1.26 1.74 1.0
1.75 1.46 1.54 1.0
1.61 1.28 1.72 1.0
1.71 1.39 1.61 1.0
1.72 1.31 1.69 1.0
1.69 1.27 1.73 1.0
1.69 1.35 1.65 1.0
1.61 1.34 1.66 1.0
1.72 1.38 1.62 1.0
1.69 1.32 1.68 1.0
1.62 1.33 1.67 1.0
1.62 1.33 1.67 1.0
1.69 1.44 1.56 1.0
1.68 1.29 1.71 1.0
1.58 1.3 1.7 1.0
1.74 1.44 1.56 1.0
1.63 1.26 1.74 1.0
1.73 1.4 1.6 1.0
1.68 1.36 1.64 1.0
1.75 1.35 1.65 1.0
1.73 1.35 1.65 1.0
1.7 1.28 1.72 1.0
1.71 1.4 1.6 1.0
1.7 1.4 1.6 1.0
1.63 1.26 1.74 1.0
1.68 1.34 1.66 1.0
1.68 1.33 1.67 1.0
1.67 1.37 1.63 1.0
1.61 1.32 1.68 1.0
1.63 1.29 1.71 1.0
1.65 1.33 1.67 1.0
1.68 1.33 1.67 1.0
1.63 1.33 1.67 1.0
1.62 1.33 1.67 1.0
1.69 1.34 1.66 1.0
1.62 1.27 1.73 1.0
1.67 1.31 1.69 1.0
1.6 1.29 1.71 1.0
1.64 1.29 1.71 1.0
1.66 1.33 1.67 1.0
1.7 1.4 1.6 1.0
1.7 1.36 1.64 1.0
1.62 1.38 1.62 1.0
1.71 1.36 1.64 1.0
1.72 1.34 1.66 1.0
1.69 1.41 1.59 1.0
1.7 1.23 1.77 1.0
1.68 1.4 1.6 1.0
1.63 1.32 1.68 1.0
1.7 1.36 1.64 1.0
1.65 1.31 1.69 1.0
1.61 1.31 1.69 1.0
1.73 1.35 1.65 1.0
1.71 1.32 1.68 1.0
1.69 1.38 1.62 1.0
1.65 1.3 1.7 1.0
1.69 1.35 1.65 1.0
1.67 1.3 1.7 1.0
1.63 1.33 1.67 1.0
1.78 1.44 1.56 1.0
1.61 1.27 1.73 1.0
1.67 1.41 1.59 1.0
1.66 1.29 1.71 1.0
1.59 1.34 1.66 1.0
1.67 1.31 1.69 1.0
1.68 1.39 1.61 1.0
1.67 1.28 1.72 1.0
1.7 1.32 1.68 1.0
1.62 1.29 1.71 1.0
1.67 1.32 1.68 1.0
1.65 1.34 1.66 1.0
1.65 1.34 1.66 1.0
1.65 1.24 1.76 1.0
1.72 1.37 1.63 1.0
1.7 1.31 1.69 1.0
1.68 1.31 1.69 1.0
1.57 1.29 1.71 1.0
1.65 1.28 1.72 1.0
1.61 1.22 1.78 1.0
1.63 1.25 1.75 1.0
1.67 1.3 1.7 1.0
1.64 1.35 1.65 1.0
1.71 1.4 1.6 1.0
1.64 1.33 1.67 1.0
1.66 1.3 1.7 1.0
1.65 1.27 1.73 1.0
1.62 1.3 1.7 1.0
1.73 1.36 1.64 1.0
1.66 1.34 1.66 1.0
1.63 1.34 1.66 1.0
1.74 1.33 1.67 1.0
1.6 1.3 1.7 1.0
1.69 1.3 1.7 1.0
1.67 1.33 1.67 1.0
1.63 1.29 1.71 1.0
1.65 1.32 1.68 1.0
1.67 1.33 1.67 1.0
1.67 1.3 1.7 1.0
1.68 1.31 1.69 1.0
1.7 1.33 1.67 1.0
1.8 1.39 1.61 1.0
1.7 1.26 1.74 1.0
1.62 1.35 1.65 1.0
1.68 1.38 1.62 1.0
1.6 1.32 1.68 1.0
1.7 1.36 1.64 1.0
1.67 1.4 1.6 1.0
1.61 1.27 1.73 1.0
1.64 1.38 1.62 1.0
1.62 1.37 1.63 1.0
1.72 1.32 1.68 1.0
1.61 1.31 1.69 1.0
1.71 1.37 1.63 1.0
1.67 1.33 1.67 1.0
1.6 1.3 1.7 1.0
1.61 1.34 1.66 1.0
1.69 1.33 1.67 1.0
1.62 1.23 1.77 1.0
1.67 1.38 1.62 1.0
1.75 1.35 1.65 1.0
1.62 1.32 1.68 1.0
1.71 1.34 1.66 1.0
1.72 1.35 1.65 1.0
1.66 1.37 1.63 1.0
1.63 1.32 1.68 1.0
1.64 1.26 1.74 1.0
1.64 1.33 1.67 1.0
1.65 1.31 1.69 1.0
1.64 1.38 1.62 1.0
1.63 1.32 1.68 1.0
1.64 1.35 1.65 1.0
1.73 1.31 1.69 1.0
1.65 1.36 1.64 1.0
1.68 1.34 1.66 1.0
1.63 1.33 1.67 1.0
1.74 1.37 1.63 1.0
1.73 1.41 1.59 1.0
1.6 1.34 1.66 1.0
1.72 1.33 1.67 1.0
1.68 1.36 1.64 1.0
1.58 1.19 1.81 1.0
1.62 1.38 1.62 1.0
1.68 1.27 1.73 1.0
1.64 1.29 1.71 1.0
1.59 1.34 1.66 1.0
1.7 1.34 1.66 1.0
1.63 1.33 1.67 1.0
1.75 1.39 1.61 1.0
1.65 1.3 1.7 1.0
1.65 1.34 1.66 1.0
1.68 1.32 1.68 1.0
1.58 1.3 1.7 1.0
1.7 1.4 1.6 1.0
1.66 1.31 1.69 1.0
1.61 1.32 1.68 1.0
1.63 1.33 1.67 1.0
1.59 1.29 1.71 1.0
1.64 1.3 1.7 1.0
1.65 1.33 1.67 1.0
1.72 1.35 1.65 1.0
1.66 1.33 1.67 1.0
1.66 1.38 1.62 1.0
1.7 1.33 1.67 1.0
1.63 1.35 1.65 1.0
1.67 1.32 1.68 1.0
1.62 1.27 1.73 1.0
1.72 1.36 1.64 1.0
1.75 1.35 1.65 1.0
1.69 1.31 1.69 1.0
1.64 1.33 1.67 1.0
1.66 1.33 1.67 1.0
1.62 1.3 1.7 1.0
1.72 1.33 1.67 1.0
1.6 1.31 1.69 1.0
1.61 1.33 1.67 1.0
1.64 1.3 1.7 1.0
1.68 1.36 1.64 1.0
1.59 1.28 1.72 1.0
1.73 1.37 1.63 1.0
1.66 1.37 1.63 1.0
1.7 1.28 1.72 1.0
1.65 1.31 1.69 1.0
1.67 1.39 1.61 1.0
1.66 1.31 1.69 1.0
1.69 1.4 1.6 1.0
1.71 1.35 1.65 1.0
1.76 1.4 1.6 1.0
1.63 1.38 1.62 1.0
1.6 1.31 1.69 1.0
1.66 1.28 1.72 1.0
1.68 1.41 1.59 1.0
1.67 1.28 1.72 1.0
1.63 1.24 1.76 1.0
1.64 1.35 1.65 1.0
1.65 1.31 1.69 1.0
1.71 1.42 1.58 1.0
1.72 1.32 1.68 1.0
1.66 1.37 1.63 1.0
1.64 1.26 1.74 1.0
1.68 1.37 1.63 1.0
1.66 1.35 1.65 1.0
1.64 1.35 1.65 1.0
1.63 1.34 1.66 1.0
1.74 1.38 1.62 1.0
1.7 1.34 1.66 1.0
1.61 1.3 1.7 1.0
1.63 1.35 1.65 1.0
1.66 1.37 1.63 1.0
1.65 1.25 1.75 1.0
1.76 1.32 1.68 1.0
1.64 1.31 1.69 1.0
1.68 1.31 1.69 1.0
1.62 1.31 1.69 1.0
1.65 1.33 1.67 1.0
1.65 1.3 1.7 1.0
1.73 1.31 1.69 1.0
1.74 1.31 1.69 1.0
1.66 1.29 1.71 1.0
1.59 1.32 1.68 1.0
1.66 1.34 1.66 1.0
1.61 1.29 1.71 1.0
1.7 1.28 1.72 1.0
1.74 1.36 1.64 1.0
1.68 1.29 1.71 1.0
1.63 1.36 1.64 1.0
1.69 1.34 1.66 1.0
1.53 1.29 1.71 1.0
1.65 1.37 1.63 1.0
1.7 1.41 1.59 1.0
1.57 1.34 1.66 1.0
1.63 1.27 1.73 1.0
1.68 1.3 1.7 1.0
1.64 1.3 1.7 1.0
1.69 1.3 1.7 1.0
1.69 1.33 1.67 1.0
1.71 1.36 1.64 1.0
1.63 1.32 1.68 1.0
1.64 1.29 1.71 1.0
1.6 1.29 1.71 1.0
1.64 1.27 1.73 1.0
1.67 1.32 1.68 1.0
1.67 1.36 1.64 1.0
1.67 1.32 1.68 1.0
1.69 1.36 1.64 1.0
1.64 1.32 1.68 1.0
1.6 1.28 1.72 1.0
1.68 1.38 1.62 1.0
1.61 1.27 1.73 1.0
1.7 1.3 1.7 1.0
1.61 1.31 1.69 1.0
1.66 1.31 1.69 1.0
1.61 1.34 1.66 1.0
1.7 1.26 1.74 1.0
1.76 1.38 1.62 1.0
1.65 1.28 1.72 1.0
1.58 1.25 1.75 1.0
1.68 1.32 1.68 1.0
1.68 1.23 1.77 1.0
1.67 1.35 1.65 1.0
1.69 1.33 1.67 1.0
1.62 1.3 1.7 1.0
1.67 1.37 1.63 1.0
1.62 1.32 1.68 1.0
1.71 1.35 1.65 1.0
1.62 1.34 1.66 1.0
1.64 1.33 1.67 1.0
1.68 1.29 1.71 1.0
1.6 1.31 1.69 1.0
1.7 1.32 1.68 1.0
1.63 1.29 1.71 1.0
1.6 1.27 1.73 1.0
1.56 1.3 1.7 1.0
1.65 1.36 1.64 1.0
1.6 1.28 1.72 1.0
1.67 1.29 1.71 1.0
1.69 1.38 1.62 1.0
1.61 1.3 1.7 1.0
1.63 1.27 1.73 1.0
1.69 1.32 1.68 1.0
1.71 1.33 1.67 1.0
1.69 1.3 1.7 1.0
1.71 1.42 1.58 1.0
1.61 1.29 1.71 1.0
1.66 1.26 1.74 1.0
1.58 1.3 1.7 1.0
1.66 1.28 1.72 1.0
1.68 1.26 1.74 1.0
1.69 1.37 1.63 1.0
1.65 1.29 1.71 1.0
1.62 1.3 1.7 1.0
1.64 1.33 1.67 1.0
1.68 1.35 1.65 1.0
1.67 1.31 1.69 1.0
1.75 1.36 1.64 1.0
1.59 1.28 1.72 1.0
1.67 1.32 1.68 1.0
1.69 1.29 1.71 1.0
1.69 1.35 1.65 1.0
1.64 1.23 1.77 1.0
1.7 1.26 1.74 1.0
1.74 1.34 1.66 1.0
1.61 1.34 1.66 1.0
1.75 1.4 1.6 1.0
1.74 1.32 1.68 1.0
1.65 1.25 1.75 1.0
1.61 1.33 1.67 1.0
1.64 1.29 1.71 1.0
1.71 1.35 1.65 1.0
1.67 1.33 1.67 1.0
1.7 1.35 1.65 1.0
1.51 1.27 1.73 1.0
1.66 1.34 1.66 1.0
1.64 1.31 1.69 1.0
1.69 1.37 1.63 1.0
1.55 1.25 1.75 1.0
1.68 1.47 1.53 1.0
1.65 1.32 1.68 1.0
1.58 1.33 1.67 1.0
1.67 1.32 1.68 1.0
1.59 1.34 1.66 1.0
1.71 1.38 1.62 1.0
1.52 1.28 1.72 1.0
1.64 1.34 1.66 1.0
1.77 1.41 1.59 1.0
1.65 1.34 1.66 1.0
1.69 1.39 1.61 1.0
1.67 1.34 1.66 1.0
1.65 1.28 1.72 1.0
1.66 1.36 1.64 1.0
1.7 1.34 1.66 1.0
1.69 1.34 1.66 1.0
1.67 1.33 1.67 1.0
1.68 1.38 1.62 1.0
1.67 1.33 1.67 1.0
1.64 1.31 1.69 1.0
1.68 1.41 1.59 1.0
1.65 1.3 1.7 1.0
1.64 1.26 1.74 1.0
1.71 1.38 1.62 1.0
1.69 1.31 1.69 1.0
1.67 1.39 1.61 1.0
1.65 1.33 1.67 1.0
1.7 1.3 1.7 1.0
1.63 1.32 1.68 1.0
1.68 1.38 1.62 1.0
1.65 1.3 1.7 1.0
1.64 1.34 1.66 1.0
1.62 1.32 1.68 1.0
1.71 1.41 1.59 1.0
1.63 1.37 1.63 1.0
1.68 1.36 1.64 1.0
1.71 1.3 1.7 1.0
1.67 1.31 1.69 1.0
1.72 1.35 1.65 1.0
1.67 1.4 1.6 1.0
1.62 1.32 1.68 1.0
1.64 1.33 1.67 1.0
1.73 1.36 1.64 1.0
1.68 1.31 1.69 1.0
1.57 1.29 1.71 1.0
1.72 1.35 1.65 1.0
1.62 1.27 1.73 1.0
1.62 1.26 1.74 1.0
1.71 1.33 1.67 1.0
1.67 1.3 1.7 1.0
1.66 1.33 1.67 1.0
1.55 1.29 1.71 1.0
1.7 1.28 1.72 1.0
1.69 1.39 1.61 1.0
1.75 1.37 1.63 1.0
1.66 1.38 1.62 1.0
1.7 1.33 1.67 1.0
1.64 1.29 1.71 1.0
1.67 1.35 1.65 1.0
1.7 1.37 1.63 1.0
1.59 1.3 1.7 1.0
1.68 1.33 1.67 1.0
1.7 1.4 1.6 1.0
1.68 1.23 1.77 1.0
1.76 1.4 1.6 1.0
1.71 1.34 1.66 1.0
1.7 1.32 1.68 1.0
1.65 1.39 1.61 1.0
1.62 1.32 1.68 1.0
1.63 1.32 1.68 1.0
1.62 1.25 1.75 1.0
1.71 1.36 1.64 1.0
1.63 1.3 1.7 1.0
1.69 1.34 1.66 1.0
1.65 1.37 1.63 1.0
1.73 1.35 1.65 1.0
1.72 1.38 1.62 1.0
1.67 1.37 1.63 1.0
1.68 1.39 1.61 1.0
1.62 1.3 1.7 1.0
1.67 1.35 1.65 1.0
1.74 1.45 1.55 1.0
1.6 1.34 1.66 1.0
1.71 1.3 1.7 1.0
1.66 1.29 1.71 1.0
1.59 1.26 1.74 1.0
1.72 1.35 1.65 1.0
1.67 1.27 1.73 1.0
1.66 1.35 1.65 1.0
1.6 1.39 1.61 1.0
1.74 1.39 1.61 1.0
1.61 1.29 1.71 1.0
1.62 1.32 1.68 1.0
1.61 1.34 1.66 1.0
1.68 1.27 1.73 1.0
1.69 1.28 1.72 1.0
1.63 1.34 1.66 1.0
1.62 1.3 1.7 1.0
1.64 1.34 1.66 1.0
1.62 1.29 1.71 1.0
1.57 1.35 1.65 1.0
1.62 1.43 1.57 1.0
1.62 1.21 1.79 1.0
1.67 1.29 1.71 1.0
1.68 1.34 1.66 1.0
1.63 1.34 1.66 1.0
1.72 1.4 1.6 1.0
1.76 1.4 1.6 1.0
1.64 1.25 1.75 1.0
1.74 1.32 1.68 1.0
1.73 1.38 1.62 1.0
1.6 1.23 1.77 1.0
1.67 1.34 1.66 1.0
1.69 1.37 1.63 1.0
1.68 1.27 1.73 1.0
1.66 1.34 1.66 1.0
1.63 1.23 1.77 1.0
1.68 1.39 1.61 1.0
1.68 1.32 1.68 1.0
1.71 1.33 1.67 1.0
1.76 1.41 1.59 1.0
1.77 1.5 1.5 1.0
1.67 1.38 1.62 1.0
1.71 1.37 1.63 1.0
1.56 1.3 1.7 1.0
1.75 1.35 1.65 1.0
1.64 1.26 1.74 1.0
1.77 1.43 1.57 1.0
1.73 1.33 1.67 1.0
1.7 1.34 1.66 1.0
1.56 1.3 1.7 1.0
1.73 1.37 1.63 1.0
1.65 1.24 1.76 1.0
1.63 1.34 1.66 1.0
1.7 1.36 1.64 1.0
1.69 1.22 1.78 1.0
1.56 1.27 1.73 1.0
1.64 1.32 1.68 1.0
1.67 1.34 1.66 1.0
1.65 1.34 1.66 1.0
1.68 1.38 1.62 1.0
1.64 1.29 1.71 1.0
1.64 1.29 1.71 1.0
1.7 1.37 1.63 1.0
1.64 1.28 1.72 1.0
1.63 1.29 1.71 1.0
1.68 1.37 1.63 1.0
1.64 1.37 1.63 1.0
1.68 1.28 1.72 1.0
1.64 1.32 1.68 1.0
1.69 1.35 1.65 1.0
1.74 1.37 1.63 1.0
1.63 1.26 1.74 1.0
1.67 1.36 1.64 1.0
1.64 1.27 1.73 1.0
1.71 1.28 1.72 1.0
1.73 1.48 1.52 1.0
1.62 1.33 1.67 1.0
1.68 1.43 1.57 1.0
1.61 1.29 1.71 1.0
1.69 1.3 1.7 1.0
1.75 1.38 1.62 1.0
1.67 1.3 1.7 1.0
1.71 1.4 1.6 1.0
1.57 1.24 1.76 1.0
1.65 1.37 1.63 1.0
1.63 1.33 1.67 1.0
1.65 1.33 1.67 1.0
1.66 1.24 1.76 1.0
1.66 1.39 1.61 1.0
1.68 1.41 1.59 1.0
1.62 1.34 1.66 1.0
1.61 1.31 1.69 1.0
1.68 1.33 1.67 1.0
1.63 1.25 1.75 1.0
1.69 1.37 1.63 1.0
1.66 1.33 1.67 1.0
1.73 1.31 1.69 1.0
1.58 1.28 1.72 1.0
1.65 1.28 1.72 1.0
1.74 1.35 1.65 1.0
1.66 1.35 1.65 1.0
1.66 1.45 1.55 1.0
1.5 1.26 1.74 1.0
1.65 1.33 1.67 1.0
1.71 1.39 1.61 1.0
1.62 1.32 1.68 1.0
1.71 1.41 1.59 1.0
1.62 1.34 1.66 1.0
1.6 1.29 1.71 1.0
1.62 1.29 1.71 1.0
1.73 1.42 1.58 1.0
1.56 1.32 1.68 1.0
1.77 1.39 1.61 1.0
1.66 1.35 1.65 1.0
1.61 1.31 1.69 1.0
1.71 1.43 1.57 1.0
1.7 1.34 1.66 1.0
1.68 1.41 1.59 1.0
1.6 1.28 1.72 1.0
1.71 1.43 1.57 1.0
1.74 1.36 1.64 1.0
1.61 1.23 1.77 1.0
1.67 1.3 1.7 1.0
1.71 1.35 1.65 1.0
1.65 1.32 1.68 1.0
1.67 1.29 1.71 1.0
1.75 1.41 1.59 1.0
1.6 1.24 1.76 1.0
1.62 1.24 1.76 1.0
1.64 1.33 1.67 1.0
1.61 1.25 1.75 1.0
1.78 1.42 1.58 1.0
1.73 1.42 1.58 1.0
1.67 1.3 1.7 1.0
1.6 1.26 1.74 1.0
1.66 1.36 1.64 1.0
1.67 1.36 1.64 1.0
1.67 1.35 1.65 1.0
1.71 1.35 1.65 1.0
1.64 1.25 1.75 1.0
1.68 1.48 1.52 1.0
1.64 1.28 1.72 1.0
1.67 1.3 1.7 1.0
1.6 1.27 1.73 1.0
1.65 1.31 1.69 1.0
1.66 1.31 1.69 1.0
1.71 1.32 1.68 1.0
1.7 1.31 1.69 1.0
1.68 1.28 1.72 1.0
1.61 1.32 1.68 1.0
1.65 1.3 1.7 1.0
1.75 1.42 1.58 1.0
1.67 1.32 1.68 1.0
1.66 1.3 1.7 1.0
1.62 1.2 1.8 1.0
1.58 1.29 1.71 1.0
1.64 1.39 1.61 1.0
1.65 1.27 1.73 1.0
1.7 1.33 1.67 1.0
1.68 1.22 1.78 1.0
1.67 1.34 1.66 1.0
1.53 1.25 1.75 1.0
1.68 1.37 1.63 1.0
1.76 1.38 1.62 1.0
1.64 1.33 1.67 1.0
1.64 1.36 1.64 1.0
1.7 1.36 1.64 1.0
1.59 1.26 1.74 1.0
1.74 1.37 1.63 1.0
1.56 1.29 1.71 1.0
1.67 1.3 1.7 1.0
1.63 1.31 1.69 1.0
1.75 1.39 1.61 1.0
1.71 1.25 1.75 1.0
1.69 1.36 1.64 1.0
1.64 1.35 1.65 1.0
1.67 1.34 1.66 1.0
1.66 1.26 1.74 1.0
1.69 1.36 1.64 1.0
1.67 1.42 1.58 1.0
1.7 1.31 1.69 1.0
1.72 1.3 1.7 1.0
1.72 1.29 1.71 1.0
1.66 1.35 1.65 1.0
1.67 1.36 1.64 1.0
1.63 1.28 1.72 1.0
1.65 1.36 1.64 1.0
1.68 1.3 1.7 1.0
1.69 1.29 1.71 1.0
1.64 1.28 1.72 1.0
1.67 1.38 1.62 1.0
1.64 1.28 1.72 1.0
1.66 1.3 1.7 1.0
1.64 1.3 1.7 1.0
1.77 1.36 1.64 1.0
1.65 1.33 1.67 1.0
1.74 1.37 1.63 1.0
1.67 1.36 1.64 1.0
1.61 1.33 1.67 1.0
1.72 1.37 1.63 1.0
1.66 1.34 1.66 1.0
1.68 1.34 1.66 1.0
1.7 1.29 1.71 1.0
1.7 1.44 1.56 1.0
1.74 1.43 1.57 1.0
1.72 1.41 1.59 1.0
1.64 1.31 1.69 1.0
1.65 1.29 1.71 1.0
1.64 1.34 1.66 1.0
1.65 1.25 1.75 1.0
1.65 1.28 1.72 1.0
1.59 1.26 1.74 1.0
1.65 1.33 1.67 1.0
1.68 1.36 1.64 1.0
1.82 1.44 1.56 1.0
1.63 1.34 1.66 1.0
1.63 1.36 1.64 1.0
1.65 1.33 1.67 1.0
1.65 1.32 1.68 1.0
1.64 1.34 1.66 1.0
1.67 1.35 1.65 1.0
1.62 1.31 1.69 1.0
1.74 1.44 1.56 1.0
1.77 1.35 1.65 1.0
1.68 1.29 1.71 1.0
1.68 1.28 1.72 1.0
1.64 1.3 1.7 1.0
1.74 1.36 1.64 1.0
1.62 1.32 1.68 1.0
1.64 1.23 1.77 1.0
1.65 1.35 1.65 1.0
1.7 1.44 1.56 1.0
1.63 1.3 1.7 1.0
1.71 1.34 1.66 1.0
1.61 1.28 1.72 1.0
1.69 1.4 1.6 1.0
1.63 1.34 1.66 1.0
1.74 1.43 1.57 1.0
1.66 1.33 1.67 1.0
1.71 1.36 1.64 1.0
1.65 1.31 1.69 1.0
1.72 1.35 1.65 1.0
1.69 1.33 1.67 1.0
1.67 1.27 1.73 1.0
1.72 1.38 1.62 1.0
1.67 1.36 1.64 1.0
1.72 1.4 1.6 1.0
1.66 1.32 1.68 1.0
1.67 1.34 1.66 1.0
1.63 1.37 1.63 1.0
1.73 1.31 1.69 1.0
1.62 1.39 1.61 1.0
1.75 1.27 1.73 1.0
1.66 1.29 1.71 1.0
1.67 1.38 1.62 1.0
1.7 1.33 1.67 1.0
1.66 1.38 1.62 1.0
1.55 1.32 1.68 1.0
1.56 1.31 1.69 1.0
1.69 1.24 1.76 1.0
1.6 1.26 1.74 1.0
1.59 1.26 1.74 1.0
1.62 1.24 1.76 1.0
1.72 1.41 1.59 1.0
1.7 1.33 1.67 1.0
1.64 1.3 1.7 1.0
1.62 1.27 1.73 1.0
1.66 1.36 1.64 1.0
1.66 1.29 1.71 1.0
1.6 1.33 1.67 1.0
1.67 1.35 1.65 1.0
1.59 1.24 1.76 1.0
1.61 1.32 1.68 1.0
1.79 1.39 1.61 1.0
1.66 1.25 1.75 1.0
1.65 1.33 1.67 1.0
1.61 1.33 1.67 1.0
1.67 1.35 1.65 1.0
1.68 1.33 1.67 1.0
1.6 1.35 1.65 1.0
1.58 1.32 1.68 1.0
1.62 1.35 1.65 1.0
1.67 1.39 1.61 1.0
1.63 1.34 1.66 1.0
1.61 1.39 1.61 1.0
1.68 1.32 1.68 1.0
1.72 1.36 1.64 1.0
1.71 1.42 1.58 1.0
1.63 1.3 1.7 1.0
1.65 1.31 1.69 1.0
1.62 1.36 1.64 1.0
1.64 1.27 1.73 1.0
1.73 1.38 1.62 1.0
1.62 1.31 1.69 1.0
1.65 1.29 1.71 1.0
1.7 1.35 1.65 1.0
1.7 1.37 1.63 1.0
1.69 1.35 1.65 1.0
1.71 1.37 1.63 1.0
1.66 1.35 1.65 1.0
1.54 1.28 1.72 1.0
1.66 1.3 1.7 1.0
1.68 1.31 1.69 1.0
1.73 1.34 1.66 1.0
1.6 1.33 1.67 1.0
1.74 1.43 1.57 1.0
1.67 1.3 1.7 1.0
1.7 1.37 1.63 1.0
1.64 1.36 1.64 1.0
1.64 1.39 1.61 1.0
1.66 1.3 1.7 1.0
1.68 1.36 1.64 1.0
1.62 1.34 1.66 1.0
1.74 1.31 1.69 1.0
1.6 1.32 1.68 1.0
1.56 1.24 1.76 1.0
1.64 1.32 1.68 1.0
1.63 1.33 1.67 1.0
1.64 1.41 1.59 1.0
1.67 1.4 1.6 1.0
1.62 1.32 1.68 1.0
1.69 1.37 1.63 1.0
1.59 1.21 1.79 1.0
1.63 1.35 1.65 1.0
1.64 1.27 1.73 1.0
1.66 1.36 1.64 1.0
1.62 1.32 1.68 1.0
1.69 1.37 1.63 1.0
1.73 1.33 1.67 1.0
1.65 1.35 1.65 1.0
1.63 1.33 1.67 1.0
1.69 1.36 1.64 1.0
1.67 1.33 1.67 1.0
1.64 1.31 1.69 1.0
1.7 1.3 1.7 1.0
1.65 1.39 1.61 1.0
1.64 1.35 1.65 1.0
1.62 1.32 1.68 1.0
1.7 1.37 1.63 1.0
1.64 1.27 1.73 1.0
1.66 1.33 1.67 1.0
1.64 1.29 1.71 1.0
1.68 1.32 1.68 1.0
1.72 1.36 1.64 1.0
1.66 1.34 1.66 1.0
1.62 1.27 1.73 1.0
1.65 1.32 1.68 1.0
1.68 1.31 1.69 1.0
1.63 1.31 1.69 1.0
1.75 1.44 1.56 1.0
1.68 1.36 1.64 1.0
1.67 1.41 1.59 1.0
1.65 1.34 1.66 1.0
1.74 1.4 1.6 1.0
1.75 1.34 1.66 1.0
1.68 1.31 1.69 1.0
1.65 1.36 1.64 1.0
1.62 1.35 1.65 1.0
1.72 1.31 1.69 1.0
1.61 1.26 1.74 1.0
1.63 1.29 1.71 1.0
1.66 1.36 1.64 1.0
1.61 1.23 1.77 1.0
1.56 1.29 1.71 1.0
1.66 1.31 1.69 1.0
1.7 1.35 1.65 1.0
1.71 1.39 1.61 1.0
1.62 1.3 1.7 1.0
1.7 1.37 1.63 1.0
1.62 1.3 1.7 1.0
1.66 1.28 1.72 1.0
1.68 1.4 1.6 1.0
1.71 1.4 1.6 1.0
1.63 1.29 1.71 1.0
1.59 1.31 1.69 1.0
1.62 1.4 1.6 1.0
1.65 1.35 1.65 1.0
1.67 1.32 1.68 1.0
1.64 1.25 1.75 1.0
1.57 1.26 1.74 1.0
1.75 1.32 1.68 1.0
1.67 1.33 1.67 1.0
1.67 1.31 1.69 1.0
1.6 1.25 1.75 1.0
1.75 1.36 1.64 1.0
1.69 1.32 1.68 1.0
1.63 1.36 1.64 1.0
1.63 1.33 1.67 1.0
1.65 1.33 1.67 1.0
1.56 1.28 1.72 1.0
1.67 1.28 1.72 1.0
1.69 1.39 1.61 1.0
1.66 1.31 1.69 1.0
1.53 1.27 1.73 1.0
1.67 1.38 1.62 1.0
1.56 1.23 1.77 1.0
1.7 1.34 1.66 1.0
1.64 1.33 1.67 1.0
1.54 1.23 1.77 1.0
1.68 1.41 1.59 1.0
1.65 1.35 1.65 1.0
1.59 1.26 1.74 1.0
1.7 1.42 1.58 1.0
1.72 1.35 1.65 1.0
1.73 1.46 1.54 1.0
1.64 1.32 1.68 1.0
1.71 1.38 1.62 1.0
1.73 1.39 1.61 1.0
1.69 1.36 1.64 1.0
1.65 1.3 1.7 1.0
1.71 1.35 1.65 1.0
1.67 1.4 1.6 1.0
1.7 1.39 1.61 1.0
1.6 1.25 1.75 1.0
1.69 1.41 1.59 1.0
1.62 1.32 1.68 1.0
1.56 1.27 1.73 1.0
1.71 1.34 1.66 1.0
1.66 1.35 1.65 1.0
1.61 1.3 1.7 1.0
1.61 1.3 1.7 1.0
1.67 1.35 1.65 1.0
1.58 1.32 1.68 1.0
1.71 1.29 1.71 1.0
1.68 1.41 1.59 1.0
1.69 1.37 1.63 1.0
1.62 1.37 1.63 1.0
1.65 1.39 1.61 1.0
1.65 1.3 1.7 1.0
1.71 1.36 1.64 1.0
1.65 1.33 1.67 1.0
1.68 1.37 1.63 1.0
1.64 1.38 1.62 1.0
1.77 1.43 1.57 1.0
1.72 1.3 1.7 1.0
1.71 1.29 1.71 1.0
1.76 1.33 1.67 1.0
1.61 1.31 1.69 1.0
1.56 1.31 1.69 1.0
1.62 1.3 1.7 1.0
1.67 1.36 1.64 1.0
1.67 1.37 1.63 1.0
1.66 1.34 1.66 1.0
1.64 1.31 1.69 1.0
1.66 1.37 1.63 1.0
1.68 1.29 1.71 1.0
1.69 1.4 1.6 1.0
1.64 1.31 1.69 1.0
1.62 1.3 1.7 1.0
1.6 1.33 1.67 1.0
1.64 1.28 1.72 1.0
1.63 1.34 1.66 1.0
1.67 1.3 1.7 1.0
1.69 1.36 1.64 1.0
1.67 1.34 1.66 1.0
1.63 1.25 1.75 1.0
1.65 1.3 1.7 1.0
1.6 1.31 1.69 1.0
1.61 1.33 1.67 1.0
1.63 1.32 1.68 1.0
1.67 1.38 1.62 1.0
1.7 1.31 1.69 1.0
1.66 1.37 1.63 1.0
1.68 1.41 1.59 1.0
1.62 1.41 1.59 1.0
1.6 1.26 1.74 1.0
1.65 1.35 1.65 1.0
1.67 1.35 1.65 1.0
1.65 1.31 1.69 1.0
1.7 1.35 1.65 1.0
1.66 1.38 1.62 1.0
1.67 1.39 1.61 1.0
1.68 1.35 1.65 1.0
1.65 1.4 1.6 1.0
1.62 1.34 1.66 1.0
1.73 1.4 1.6 1.0
1.69 1.36 1.64 1.0
1.7 1.36 1.64 1.0
1.59 1.3 1.7 1.0
1.67 1.37 1.63 1.0
1.75 1.33 1.67 1.0
1.7 1.34 1.66 1.0
1.67 1.26 1.74 1.0
1.69 1.33 1.67 1.0
1.66 1.33 1.67 1.0
1.62 1.26 1.74 1.0
1.62 1.28 1.72 1.0
1.72 1.37 1.63 1.0
1.69 1.3 1.7 1.0
1.71 1.35 1.65 1.0
1.68 1.39 1.61 1.0
1.66 1.41 1.59 1.0
1.73 1.36 1.64 1.0
1.72 1.34 1.66 1.0
1.76 1.35 1.65 1.0
1.65 1.31 1.69 1.0
1.56 1.26 1.74 1.0
1.55 1.25 1.75 1.0
1.69 1.32 1.68 1.0
1.75 1.36 1.64 1.0
1.66 1.3 1.7 1.0
1.64 1.31 1.69 1.0
1.64 1.31 1.69 1.0
1.79 1.32 1.68 1.0
1.61 1.28 1.72 1.0
1.64 1.33 1.67 1.0
1.59 1.37 1.63 1.0
1.67 1.34 1.66 1.0
1.6 1.36 1.64 1.0
1.75 1.38 1.62 1.0
1.66 1.39 1.61 1.0
1.63 1.32 1.68 1.0
1.64 1.32 1.68 1.0
1.65 1.34 1.66 1.0
1.72 1.41 1.59 1.0
1.62 1.33 1.67 1.0
1.6 1.28 1.72 1.0
1.65 1.3 1.7 1.0
1.66 1.34 1.66 1.0
1.72 1.32 1.68 1.0
1.57 1.3 1.7 1.0
1.61 1.28 1.72 1.0
1.64 1.31 1.69 1.0
1.63 1.36 1.64 1.0
1.6 1.31 1.69 1.0
1.77 1.44 1.56 1.0
1.73 1.41 1.59 1.0
1.76 1.39 1.61 1.0
1.67 1.36 1.64 1.0
1.64 1.35 1.65 1.0
1.67 1.31 1.69 1.0
1.65 1.33 1.67 1.0
1.7 1.28 1.72 1.0
1.69 1.3 1.7 1.0
1.66 1.37 1.63 1.0
1.6 1.29 1.71 1.0
1.62 1.33 1.67 1.0
1.62 1.33 1.67 1.0
1.58 1.24 1.76 1.0
1.62 1.32 1.68 1.0
1.65 1.37 1.63 1.0
1.71 1.32 1.68 1.0
1.66 1.35 1.65 1.0
1.67 1.3 1.7 1.0
1.68 1.35 1.65 1.0
1.78 1.4 1.6 1.0
1.71 1.41 1.59 1.0
1.65 1.31 1.69 1.0
1.7 1.41 1.59 1.0
1.64 1.34 1.66 1.0
1.66 1.32 1.68 1.0
1.6 1.27 1.73 1.0
1.74 1.37 1.63 1.0
1.74 1.42 1.58 1.0
1.71 1.31 1.69 1.0
1.67 1.38 1.62 1.0
1.68 1.35 1.65 1.0
1.69 1.44 1.56 1.0
1.63 1.29 1.71 1.0
1.59 1.26 1.74 1.0
1.63 1.36 1.64 1.0
1.57 1.31 1.69 1.0
1.58 1.21 1.79 1.0
1.71 1.33 1.67 1.0
1.62 1.27 1.73 1.0
1.69 1.3 1.7 1.0
1.7 1.34 1.66 1.0
1.63 1.33 1.67 1.0
1.7 1.38 1.62 1.0
1.72 1.39 1.61 1.0
1.61 1.28 1.72 1.0
1.62 1.29 1.71 1.0
1.66 1.36 1.64 1.0
1.69 1.3 1.7 1.0
1.62 1.31 1.69 1.0
1.63 1.31 1.69 1.0
1.7 1.37 1.63 1.0
1.71 1.41 1.59 1.0
1.69 1.31 1.69 1.0
1.68 1.28 1.72 1.0
1.68 1.39 1.61 1.0
1.63 1.34 1.66 1.0
1.69 1.35 1.65 1.0
1.75 1.46 1.54 1.0
1.63 1.33 1.67 1.0
1.65 1.33 1.67 1.0
1.73 1.32 1.68 1.0
1.78 1.35 1.65 1.0
1.64 1.26 1.74 1.0
1.67 1.32 1.68 1.0
1.71 1.31 1.69 1.0
1.7 1.33 1.67 1.0
1.69 1.29 1.71 1.0
1.63 1.39 1.61 1.0
1.58 1.34 1.66 1.0
1.61 1.3 1.7 1.0
1.63 1.36 1.64 1.0
1.64 1.29 1.71 1.0
1.7 1.3 1.7 1.0
1.61 1.29 1.71 1.0
1.74 1.33 1.67 1.0
1.65 1.4 1.6 1.0
1.67 1.23 1.77 1.0
1.63 1.27 1.73 1.0
1.62 1.28 1.72 1.0
1.69 1.32 1.68 1.0
1.67 1.36 1.64 1.0
1.7 1.33 1.67 1.0
1.67 1.34 1.66 1.0
1.66 1.27 1.73 1.0
1.7 1.38 1.62 1.0
1.69 1.37 1.63 1.0
1.73 1.44 1.56 1.0
1.59 1.29 1.71 1.0
1.73 1.28 1.72 1.0
1.7 1.37 1.63 1.0
1.77 1.4 1.6 1.0
1.72 1.35 1.65 1.0
1.7 1.33 1.67 1.0
1.73 1.32 1.68 1.0
1.68 1.34 1.66 1.0
1.61 1.35 1.65 1.0
1.67 1.27 1.73 1.0
1.69 1.26 1.74 1.0
1.76 1.34 1.66 1.0
1.73 1.38 1.62 1.0
1.69 1.28 1.72 1.0
1.65 1.31 1.69 1.0
1.73 1.42 1.58 1.0
1.72 1.34 1.66 1.0
1.69 1.36 1.64 1.0
1.6 1.27 1.73 1.0
1.62 1.35 1.65 1.0
1.73 1.41 1.59 1.0
1.52 1.27 1.73 1.0
1.69 1.33 1.67 1.0
1.7 1.32 1.68 1.0
1.63 1.22 1.78 1.0
1.66 1.38 1.62 1.0
1.65 1.33 1.67 1.0
1.65 1.34 1.66 1.0
1.75 1.29 1.71 1.0
1.66 1.3 1.7 1.0
1.65 1.35 1.65 1.0
1.64 1.34 1.66 1.0
1.68 1.37 1.63 1.0
1.65 1.29 1.71 1.0
1.58 1.28 1.72 1.0
1.61 1.28 1.72 1.0
1.67 1.4 1.6 1.0
1.62 1.3 1.7 1.0
1.66 1.29 1.71 1.0
1.76 1.37 1.63 1.0
1.7 1.31 1.69 1.0
1.59 1.28 1.72 1.0
1.67 1.28 1.72 1.0
1.64 1.26 1.74 1.0
1.67 1.33 1.67 1.0
1.74 1.44 1.56 1.0
1.64 1.32 1.68 1.0
1.58 1.32 1.68 1.0
1.72 1.34 1.66 1.0
1.73 1.32 1.68 1.0
1.72 1.38 1.62 1.0
1.65 1.33 1.67 1.0
1.7 1.34 1.66 1.0
1.61 1.3 1.7 1.0
1.64 1.27 1.73 1.0
1.58 1.34 1.66 1.0
1.63 1.28 1.72 1.0
1.59 1.25 1.75 1.0
1.73 1.45 1.55 1.0
1.64 1.34 1.66 1.0
1.72 1.38 1.62 1.0
1.666146 1.33311 1.66689 1.0
