1.9 4.51 5.42 2.93
1.85 3.85 6.35 3.2
1.86 4.58 5.78 3.36
1.9 4.02 5.91 2.93
1.9 3.94 6.0 2.94
1.92 4.31 5.7 3.01
1.9 4.71 5.3 3.01
1.85 4.03 6.27 3.3
1.86 3.97 6.22 3.19
1.89 4.29 5.84 3.13
1.85 3.68 6.41 3.09
1.91 4.77 5.42 3.19
1.91 3.96 6.31 3.27
1.89 4.3 6.05 3.35
1.8 3.81 6.39 3.2
1.86 4.55 5.96 3.51
1.84 4.15 6.18 3.33
1.87 4.24 5.89 3.13
1.85 4.93 5.67 3.6
1.95 4.03 6.04 3.07
1.88 4.45 5.93 3.38
1.84 4.11 6.56 3.67
1.93 4.74 5.55 3.29
1.92 4.39 5.55 2.94
1.85 3.91 6.09 3.0
1.83 4.18 6.1 3.28
1.9 4.4 5.73 3.13
1.92 4.3 5.72 3.02
1.87 4.32 5.93 3.25
1.86 4.47 5.88 3.35
1.88 4.31 5.9 3.21
1.84 3.77 6.37 3.14
1.91 4.14 5.91 3.05
1.83 3.72 6.55 3.27
1.89 4.33 6.07 3.4
1.87 4.26 6.08 3.34
1.86 4.37 6.01 3.38
1.93 4.58 5.78 3.36
1.87 4.66 5.88 3.54
1.85 4.17 6.28 3.45
1.89 4.09 6.24 3.33
1.91 4.91 5.41 3.32
1.89 4.32 5.81 3.13
1.83 4.31 5.97 3.28
1.9 4.52 5.76 3.28
1.84 4.42 5.75 3.17
1.88 4.28 6.04 3.32
1.86 4.16 5.98 3.14
1.9 4.51 5.92 3.43
1.81 3.67 6.43 3.1
1.86 4.45 5.97 3.42
1.84 4.08 6.29 3.37
1.83 3.84 6.28 3.12
1.86 4.35 5.88 3.23
1.89 4.31 6.3 3.61
1.86 4.53 5.62 3.15
1.9 4.11 6.0 3.11
1.9 4.23 5.98 3.21
1.8 4.05 6.39 3.44
1.86 3.98 6.22 3.2
1.85 4.39 5.76 3.15
1.84 3.91 6.45 3.36
1.93 4.41 6.05 3.46
1.9 3.98 6.38 3.36
1.85 4.28 5.89 3.17
1.89 4.44 6.07 3.51
1.88 4.13 5.79 2.92
1.91 3.86 5.81 2.67
1.86 4.15 6.0 3.15
1.9 4.06 6.09 3.15
1.85 3.92 6.18 3.1
1.82 4.12 6.3 3.42
1.9 4.49 5.95 3.44
1.86 4.25 5.99 3.24
1.88 4.34 5.94 3.28
1.9 4.16 5.98 3.14
1.84 4.02 6.21 3.23
1.89 3.79 6.28 3.07
1.89 4.49 5.87 3.36
1.84 3.9 6.06 2.96
1.87 4.62 5.72 3.34
1.86 3.93 6.07 3.0
1.92 4.2 6.1 3.3
1.94 4.11 5.99 3.1
1.94 4.89 5.18 3.07
1.86 3.98 6.24 3.22
1.85 3.93 6.0 2.93
1.89 3.98 6.26 3.24
1.87 4.0 5.89 2.89
1.9 4.23 6.01 3.24
1.9 3.65 6.2 2.85
1.87 4.0 6.35 3.35
1.86 4.24 6.1 3.34
1.79 3.56 6.9 3.46
1.86 4.21 6.12 3.33
1.94 4.86 5.4 3.26
1.89 3.76 6.16 2.92
1.85 3.75 6.46 3.21
1.88 3.93 6.18 3.11
1.9 4.47 5.96 3.43
1.91 4.12 5.99 3.11
1.88 4.17 6.34 3.51
1.88 3.99 6.33 3.32
1.88 3.82 6.41 3.23
1.9 4.45 5.92 3.37
1.89 4.13 6.16 3.29
1.88 4.49 6.09 3.58
1.84 4.57 5.95 3.52
1.83 4.0 6.39 3.39
1.85 4.03 6.01 3.04
1.86 4.41 6.14 3.55
1.83 4.18 6.18 3.36
1.93 4.61 5.77 3.38
1.87 4.09 5.88 2.97
1.87 4.39 5.89 3.28
1.88 3.5 6.61 3.11
1.85 3.71 6.45 3.16
1.9 4.28 6.15 3.43
1.86 4.49 6.02 3.51
1.83 3.98 6.29 3.27
1.88 4.27 5.81 3.08
1.88 4.34 5.85 3.19
1.89 4.32 6.2 3.52
1.86 4.68 5.66 3.34
1.89 4.56 5.56 3.12
1.86 4.05 6.15 3.2
1.9 4.18 6.13 3.31
1.86 4.36 6.22 3.58
1.85 4.1 6.3 3.4
1.89 4.27 5.95 3.22
1.95 4.4 5.79 3.19
1.88 4.34 5.73 3.07
1.93 4.17 6.2 3.37
1.9 4.51 5.72 3.23
1.82 3.68 6.34 3.02
1.93 4.09 5.69 2.78
1.84 4.41 6.07 3.48
1.87 4.35 5.92 3.27
1.83 4.24 5.95 3.19
1.91 4.84 5.17 3.01
1.89 4.12 5.79 2.91
1.84 4.22 5.97 3.19
1.87 4.2 5.93 3.13
1.83 4.12 6.05 3.17
1.94 4.46 5.66 3.12
1.85 4.33 6.07 3.4
1.92 4.3 6.21 3.51
1.83 3.61 6.38 2.99
1.93 4.54 5.88 3.42
1.85 4.12 6.07 3.19
1.88 4.86 5.47 3.33
1.89 4.37 5.81 3.18
1.93 4.67 5.74 3.41
1.89 4.02 5.98 3.0
1.85 4.54 5.51 3.05
1.83 3.9 6.09 2.99
1.89 4.12 6.08 3.2
1.86 4.41 6.01 3.42
1.89 4.04 6.02 3.06
1.91 4.75 5.69 3.44
1.86 3.98 6.2 3.18
1.86 3.74 6.13 2.87
1.87 4.35 6.02 3.37
1.89 5.05 5.37 3.42
1.87 4.49 5.71 3.2
1.91 4.43 5.57 3.0
1.87 3.71 6.42 3.13
1.86 3.89 6.27 3.16
1.9 4.05 6.15 3.2
1.89 3.87 6.19 3.06
1.86 4.05 6.19 3.24
1.89 4.63 5.55 3.18
1.81 4.31 6.35 3.66
1.88 4.84 5.55 3.39
1.88 4.59 5.83 3.42
1.92 4.89 5.28 3.17
1.86 4.47 5.85 3.32
1.86 4.22 5.6 2.82
1.89 4.66 5.31 2.97
1.86 4.46 5.85 3.31
1.86 4.42 5.68 3.1
1.85 3.99 6.36 3.35
1.84 4.59 6.08 3.67
1.88 4.47 5.74 3.21
1.87 4.53 5.87 3.4
1.88 4.47 5.89 3.36
1.89 3.93 6.12 3.05
1.83 4.17 6.34 3.51
1.85 4.29 5.9 3.19
1.81 3.76 6.42 3.18
1.85 4.33 6.03 3.36
1.88 4.43 5.67 3.1
1.9 4.33 6.02 3.35
1.8 4.17 5.89 3.06
1.81 4.07 5.91 2.98
1.79 4.17 5.98 3.15
1.91 4.73 5.69 3.42
1.88 3.77 6.29 3.06
1.88 4.5 5.9 3.4
1.92 4.24 5.48 2.72
1.86 4.14 6.01 3.15
1.8 3.79 6.28 3.07
1.88 4.37 5.97 3.34
1.88 3.64 6.44 3.08
1.86 4.11 6.13 3.24
1.95 4.5 5.81 3.31
1.9 4.61 5.68 3.29
1.88 4.0 6.1 3.1
1.83 4.17 6.27 3.44
1.9 4.1 6.16 3.26
1.82 4.67 5.89 3.56
1.88 3.7 6.49 3.19
1.9 4.54 5.65 3.19
1.91 3.97 6.38 3.35
1.87 4.53 5.98 3.51
1.89 4.38 5.99 3.37
1.87 4.1 5.95 3.05
1.89 5.12 5.02 3.14
1.88 4.15 5.97 3.12
1.87 3.75 6.32 3.07
1.86 4.04 6.12 3.16
1.86 3.98 6.43 3.41
1.85 4.06 5.86 2.92
1.9 4.42 5.77 3.19
1.86 4.0 6.17 3.17
1.9 4.03 6.4 3.43
1.87 4.53 5.61 3.14
1.84 4.02 6.13 3.15
1.84 3.53 6.45 2.98
1.86 4.46 5.73 3.19
1.87 3.66 6.61 3.27
1.82 3.94 6.29 3.23
1.92 4.25 5.84 3.09
1.87 4.23 5.95 3.18
1.91 4.63 5.93 3.56
1.87 4.19 6.09 3.28
1.9 4.36 5.71 3.07
1.89 4.17 5.98 3.15
1.86 4.27 6.11 3.38
1.84 4.13 6.32 3.45
1.83 4.35 6.08 3.43
1.89 3.67 6.61 3.28
1.92 4.43 5.61 3.04
1.87 4.53 5.8 3.33
1.92 4.69 5.63 3.32
1.86 4.04 6.4 3.44
1.79 3.86 6.14 3.0
1.89 4.67 5.51 3.18
1.84 4.21 5.94 3.15
1.89 3.96 6.32 3.28
1.87 4.12 6.15 3.27
1.9 4.09 6.1 3.19
1.92 4.57 5.7 3.27
1.87 4.44 5.92 3.36
1.89 4.48 5.71 3.19
1.83 4.22 6.07 3.29
1.86 4.29 5.8 3.09
1.86 3.66 6.48 3.14
1.88 4.75 5.54 3.29
1.89 4.36 5.89 3.25
1.88 4.94 5.46 3.4
1.89 4.18 6.29 3.47
1.84 3.92 6.38 3.3
1.91 4.69 5.58 3.27
1.89 3.87 6.22 3.09
1.89 4.09 6.09 3.18
1.86 4.06 6.06 3.12
1.87 4.64 5.64 3.28
1.92 4.7 5.53 3.23
1.87 4.37 5.81 3.18
1.86 4.55 5.69 3.24
1.9 4.19 5.87 3.06
1.83 3.35 6.67 3.02
1.84 4.05 5.98 3.03
1.86 4.5 5.81 3.31
1.86 4.25 6.1 3.35
1.91 4.93 5.72 3.65
1.88 4.16 6.2 3.36
1.9 4.6 5.68 3.28
1.92 4.66 5.44 3.1
1.92 4.39 5.67 3.06
1.9 4.47 5.58 3.05
1.9 3.81 6.31 3.12
1.93 4.25 6.03 3.28
1.92 4.27 5.98 3.25
1.96 5.21 4.85 3.06
1.84 4.22 6.08 3.3
1.88 4.46 5.9 3.36
1.88 3.99 6.18 3.17
1.87 3.93 6.15 3.08
1.88 3.95 6.42 3.37
1.83 4.2 6.12 3.32
1.88 4.38 5.93 3.31
1.9 3.92 6.27 3.19
1.9 4.04 6.11 3.15
1.86 3.94 6.17 3.11
1.85 4.09 6.17 3.26
1.86 4.2 6.25 3.45
1.91 4.49 5.9 3.39
1.89 4.35 5.93 3.28
1.89 4.52 5.72 3.24
1.87 4.23 6.1 3.33
1.86 4.43 5.84 3.27
1.89 4.43 5.66 3.09
1.9 4.57 5.51 3.08
1.79 4.04 6.12 3.16
1.93 4.08 6.0 3.08
1.84 4.15 6.43 3.58
1.93 3.99 6.23 3.22
1.88 4.73 6.0 3.73
1.88 4.15 6.11 3.26
1.92 4.14 6.17 3.31
1.87 4.31 5.94 3.25
1.89 3.85 6.46 3.31
1.92 4.04 5.97 3.01
1.93 4.16 5.95 3.11
1.87 4.75 5.32 3.07
1.92 4.53 5.59 3.12
1.84 4.35 6.0 3.35
1.9 4.0 5.61 2.61
1.83 4.39 6.15 3.54
1.89 4.79 5.63 3.42
1.91 4.75 5.54 3.29
1.86 4.04 6.21 3.25
1.87 4.67 5.9 3.57
1.83 3.83 6.43 3.26
1.83 4.65 5.81 3.46
1.89 4.35 5.9 3.25
1.87 4.03 6.21 3.24
1.92 4.43 5.5 2.93
1.85 4.58 5.93 3.51
1.89 4.11 6.11 3.22
1.9 4.2 6.02 3.22
1.89 3.67 6.31 2.98
1.96 4.78 5.15 2.93
1.95 4.19 5.8 2.99
1.86 4.0 6.52 3.52
1.84 3.82 6.4 3.22
1.88 4.23 6.11 3.34
1.9 4.13 6.21 3.34
1.87 4.32 5.74 3.06
1.87 4.37 6.29 3.66
1.9 4.72 5.65 3.37
1.89 3.85 6.38 3.23
1.85 4.06 6.04 3.1
1.87 4.21 5.81 3.02
1.9 4.42 5.94 3.36
1.92 4.49 5.81 3.3
1.83 3.88 6.26 3.14
1.91 4.38 5.82 3.2
1.88 4.45 5.87 3.32
1.92 4.59 5.61 3.2
1.82 4.48 5.61 3.09
1.94 4.4 5.74 3.14
1.82 3.65 6.49 3.14
1.85 4.29 6.04 3.33
1.83 3.78 6.3 3.08
1.89 4.38 5.89 3.27
1.79 3.9 6.29 3.19
1.9 4.23 6.18 3.41
1.87 4.11 6.01 3.12
1.83 4.01 6.25 3.26
1.9 4.01 6.32 3.33
1.87 4.0 6.1 3.1
1.9 4.02 6.14 3.16
1.85 3.97 6.31 3.28
1.88 3.97 6.09 3.06
1.86 4.18 6.06 3.24
1.89 4.33 5.54 2.87
1.88 4.0 6.14 3.14
1.87 4.03 6.06 3.09
1.84 4.28 6.12 3.4
1.86 3.97 5.98 2.95
1.89 4.2 6.0 3.2
1.85 3.76 6.21 2.97
1.88 4.49 5.76 3.25
1.87 4.06 6.0 3.06
1.84 4.13 5.93 3.06
1.92 4.89 5.36 3.25
1.86 4.14 6.01 3.15
1.9 4.17 5.84 3.01
1.84 4.26 6.18 3.44
1.91 4.32 6.08 3.4
1.86 3.66 6.64 3.3
1.91 4.12 5.83 2.95
1.92 4.39 5.73 3.12
1.89 4.45 5.7 3.15
1.91 4.77 5.65 3.42
1.86 4.27 6.23 3.5
1.93 4.37 5.89 3.26
1.92 3.8 6.32 3.12
1.95 4.44 5.65 3.09
1.86 3.68 6.42 3.1
1.9 4.42 5.86 3.28
1.86 3.97 6.35 3.32
1.84 3.59 6.55 3.14
1.86 4.12 6.07 3.19
1.91 4.29 5.82 3.11
1.83 3.83 6.45 3.28
1.94 4.5 5.8 3.3
1.86 4.51 5.97 3.48
1.86 3.96 6.32 3.28
1.92 4.44 5.82 3.26
1.89 4.01 6.35 3.36
1.86 4.13 5.74 2.87
1.87 4.01 6.14 3.15
1.81 3.82 6.42 3.24
1.89 4.78 5.78 3.56
1.83 4.39 5.9 3.29
1.83 3.81 6.37 3.18
1.85 4.42 6.04 3.46
1.84 3.63 6.5 3.13
1.92 4.1 5.98 3.08
1.84 4.25 6.06 3.31
1.85 4.16 6.39 3.55
1.81 3.51 6.84 3.35
1.86 3.98 6.09 3.07
1.9 4.04 6.19 3.23
1.83 3.76 6.18 2.94
1.91 4.15 6.17 3.32
1.9 4.37 5.68 3.05
1.9 3.85 6.16 3.01
1.88 4.92 5.34 3.26
1.89 4.03 6.13 3.16
1.84 3.89 6.36 3.25
1.82 3.95 6.17 3.12
1.89 4.17 6.03 3.2
1.8 4.07 6.41 3.48
1.86 4.33 5.9 3.23
1.91 4.09 5.96 3.05
1.9 4.79 5.47 3.26
1.93 4.83 5.3 3.13
1.94 4.42 5.85 3.27
1.85 3.76 6.54 3.3
1.92 4.49 6.06 3.55
1.96 4.59 5.9 3.49
1.91 4.58 5.99 3.57
1.88 4.53 5.9 3.43
1.92 4.4 5.7 3.1
1.95 4.16 5.93 3.09
1.9 4.3 6.11 3.41
1.86 4.05 6.38 3.43
1.81 4.14 6.15 3.29
1.88 4.04 6.24 3.28
1.88 3.96 6.22 3.18
1.86 4.47 6.01 3.48
1.85 4.23 6.12 3.35
1.9 4.5 5.57 3.07
1.91 4.19 6.03 3.22
1.9 4.34 6.06 3.4
1.91 4.35 6.03 3.38
1.86 4.55 5.92 3.47
1.88 4.62 5.81 3.43
1.89 4.61 5.68 3.29
1.87 3.88 6.14 3.02
1.84 4.39 5.93 3.32
1.91 4.62 5.66 3.28
1.9 4.18 5.82 3.0
1.88 4.25 5.9 3.15
1.88 4.83 5.63 3.46
1.83 3.8 6.54 3.34
1.89 4.23 5.97 3.2
1.89 4.22 5.89 3.11
1.87 3.88 6.69 3.57
1.84 4.23 5.91 3.14
1.88 3.8 6.43 3.23
1.88 4.45 5.72 3.17
1.9 4.34 5.87 3.21
1.89 4.02 5.99 3.01
1.87 3.72 6.43 3.15
1.92 4.21 5.77 2.98
1.81 3.99 6.3 3.29
1.88 4.56 5.85 3.41
1.87 3.84 6.26 3.1
1.81 4.07 6.26 3.33
1.92 4.6 5.63 3.23
1.89 4.11 6.16 3.27
1.87 4.47 5.69 3.16
1.88 4.19 6.01 3.2
1.88 4.16 6.0 3.16
1.9 4.39 5.89 3.28
1.94 4.53 5.82 3.35
1.9 4.23 6.12 3.35
1.89 4.38 5.93 3.31
1.89 4.27 5.84 3.11
1.89 4.25 5.72 2.97
1.86 4.1 6.2 3.3
1.88 4.32 5.77 3.09
1.82 4.42 6.13 3.55
1.89 4.44 5.79 3.23
1.85 4.01 6.16 3.17
1.89 3.92 6.04 2.96
1.88 4.02 5.96 2.98
1.89 4.07 6.4 3.47
1.87 3.96 6.47 3.43
1.86 4.2 6.18 3.38
1.9 3.83 6.26 3.09
1.86 4.61 5.4 3.01
1.84 4.45 5.9 3.35
1.9 3.84 6.16 3.0
1.87 4.07 6.07 3.14
1.86 3.73 6.73 3.46
1.82 4.15 6.23 3.38
1.9 4.59 5.6 3.19
1.89 4.15 6.14 3.29
1.86 4.57 5.83 3.4
1.94 4.22 5.82 3.04
1.85 4.42 6.08 3.5
1.88 4.62 5.73 3.35
1.85 3.99 6.15 3.14
1.9 4.65 5.68 3.33
1.87 4.76 5.57 3.33
1.87 3.77 6.18 2.95
1.9 4.24 5.91 3.15
1.84 4.41 5.85 3.26
1.91 4.32 5.72 3.04
1.87 4.11 5.96 3.07
1.83 4.59 5.66 3.25
1.86 3.97 5.9 2.87
1.94 4.78 5.2 2.98
1.88 4.02 6.18 3.2
1.88 4.15 6.16 3.31
1.83 4.06 6.19 3.25
1.92 4.45 5.9 3.35
1.89 4.43 5.76 3.19
1.87 4.42 5.77 3.19
1.9 4.2 5.99 3.19
1.86 4.14 6.1 3.24
1.86 4.51 5.75 3.26
1.87 4.03 6.37 3.4
1.93 4.24 5.63 2.87
1.89 3.97 6.16 3.13
1.86 4.27 5.87 3.14
1.87 4.35 6.15 3.5
1.9 4.3 5.83 3.13
1.87 4.49 5.89 3.38
1.91 4.48 5.67 3.15
1.86 3.91 6.31 3.22
1.87 4.47 5.8 3.27
1.89 4.28 5.81 3.09
1.89 4.03 5.7 2.73
1.85 4.29 5.89 3.18
1.83 4.27 6.03 3.3
1.83 3.68 6.52 3.2
1.9 4.14 6.25 3.39
1.9 4.49 5.94 3.43
1.88 4.09 6.04 3.13
1.92 4.5 5.41 2.91
1.84 3.98 6.5 3.48
1.89 4.1 5.68 2.78
1.88 4.12 6.07 3.19
1.85 3.69 6.6 3.29
1.85 4.22 6.02 3.24
1.86 3.94 6.26 3.2
1.89 4.5 5.7 3.2
1.89 4.4 5.79 3.19
1.89 4.55 5.76 3.31
1.84 4.3 5.99 3.29
1.82 3.87 6.37 3.24
1.88 4.07 6.16 3.23
1.88 4.35 6.31 3.66
1.86 4.0 6.18 3.18
1.88 4.1 6.11 3.21
1.89 4.01 6.27 3.28
1.86 4.63 5.78 3.41
1.93 4.47 5.57 3.04
1.88 4.22 5.98 3.2
1.93 4.59 5.85 3.44
1.84 4.44 6.1 3.54
1.89 4.35 6.27 3.62
1.9 4.54 5.7 3.24
1.88 4.37 5.9 3.27
1.91 4.44 5.73 3.17
1.89 4.24 5.91 3.15
1.82 4.22 6.21 3.43
1.94 5.08 5.41 3.49
1.88 4.37 5.79 3.16
1.93 4.1 5.97 3.07
1.87 4.16 6.13 3.29
1.86 4.23 6.18 3.41
1.87 3.79 6.35 3.14
1.87 4.64 5.88 3.52
1.89 4.26 5.6 2.86
1.9 4.56 5.89 3.45
1.86 3.8 6.51 3.31
1.87 4.02 6.26 3.28
1.9 4.48 5.8 3.28
1.87 3.77 6.58 3.35
1.89 3.98 6.32 3.3
1.88 4.08 6.26 3.34
1.9 4.14 6.18 3.32
1.88 4.16 5.69 2.85
1.92 4.31 5.87 3.18
1.93 4.47 5.69 3.16
1.95 5.03 5.42 3.45
1.87 4.36 5.6 2.96
1.91 4.56 5.66 3.22
1.86 4.21 6.25 3.46
1.84 4.56 5.84 3.4
1.82 3.64 6.32 2.96
1.79 3.93 6.62 3.55
1.88 4.57 5.86 3.43
1.95 5.1 5.57 3.67
1.86 3.96 6.71 3.67
1.92 4.3 5.84 3.14
1.86 4.93 5.32 3.25
1.82 3.41 6.41 2.82
1.87 3.99 6.09 3.08
1.86 4.17 5.88 3.05
1.8 3.74 6.5 3.24
1.89 3.92 6.04 2.96
1.84 3.64 6.48 3.12
1.89 4.31 5.88 3.19
1.86 4.11 5.88 2.99
1.89 4.32 5.97 3.29
1.88 4.15 6.0 3.15
1.83 3.53 6.72 3.25
1.84 4.49 5.89 3.38
1.92 4.33 5.69 3.02
1.91 4.91 5.65 3.56
1.91 4.47 5.86 3.33
1.94 4.36 5.92 3.28
1.93 4.44 5.77 3.21
1.91 5.31 5.0 3.31
1.85 4.66 5.43 3.09
1.88 4.12 5.9 3.02
1.81 4.34 6.25 3.59
1.9 4.53 5.77 3.3
1.8 4.37 6.27 3.64
1.88 4.15 5.86 3.01
1.82 4.14 6.12 3.26
1.84 4.27 6.14 3.41
1.85 4.28 6.05 3.33
1.92 4.29 6.0 3.29
1.85 4.25 6.2 3.45
1.85 4.31 5.88 3.19
1.86 4.26 6.01 3.27
1.84 4.26 6.2 3.46
1.88 4.22 5.96 3.18
1.86 4.15 6.23 3.38
1.88 4.27 5.8 3.07
1.84 4.14 6.12 3.26
1.83 3.97 6.32 3.29
1.82 4.37 5.79 3.16
1.86 4.67 5.67 3.34
1.88 4.61 5.99 3.6
1.82 3.64 6.5 3.14
1.89 4.17 5.98 3.15
1.88 3.68 6.64 3.32
1.81 4.37 5.88 3.25
1.84 4.04 6.32 3.36
1.89 3.98 5.99 2.97
1.91 4.26 5.95 3.21
1.86 4.18 5.93 3.11
1.87 4.37 5.94 3.31
1.88 3.8 6.44 3.24
1.92 4.6 5.55 3.15
1.86 4.17 6.3 3.47
1.9 4.69 5.7 3.39
1.9 4.59 5.77 3.36
1.83 3.95 6.05 3.0
1.81 4.1 6.21 3.31
1.91 4.32 5.96 3.28
1.9 4.12 5.99 3.11
1.87 4.47 6.03 3.5
1.85 4.18 6.01 3.19
1.91 4.02 6.26 3.28
1.86 3.88 6.24 3.12
1.87 4.74 5.45 3.19
1.91 4.45 5.99 3.44
1.84 4.02 6.06 3.08
1.87 4.64 5.69 3.33
1.82 3.7 6.6 3.3
1.88 4.34 5.74 3.08
1.79 3.56 6.54 3.1
1.9 4.16 6.34 3.5
1.91 4.3 6.27 3.57
1.85 3.67 6.56 3.23
1.92 4.87 5.74 3.61
1.88 4.83 5.59 3.42
1.9 4.29 5.71 3.0
1.9 4.04 5.76 2.8
1.88 4.12 6.1 3.22
1.88 4.2 5.97 3.17
1.88 4.36 5.84 3.2
1.91 4.54 5.57 3.11
1.86 4.36 6.22 3.58
1.92 4.19 6.08 3.27
1.9 4.28 6.1 3.38
1.87 4.46 5.82 3.28
1.87 4.61 5.4 3.01
1.87 3.79 6.2 2.99
1.91 4.19 5.87 3.06
1.9 4.41 5.66 3.07
1.89 4.46 5.93 3.39
1.82 3.51 6.83 3.34
1.86 4.33 5.99 3.32
1.89 4.19 5.94 3.13
1.89 4.21 6.05 3.26
1.86 4.35 5.8 3.15
1.9 4.41 5.79 3.2
1.9 3.97 5.8 2.77
1.89 3.97 6.22 3.19
1.85 3.82 6.46 3.28
1.87 4.13 6.14 3.27
1.91 4.69 5.6 3.29
1.85 4.07 6.53 3.6
1.94 4.55 5.9 3.45
1.82 3.4 6.72 3.12
1.85 4.3 5.95 3.25
1.87 4.69 5.42 3.11
1.89 4.51 5.78 3.29
1.93 4.19 6.01 3.2
1.93 3.99 6.15 3.14
1.85 3.92 6.19 3.11
1.85 4.2 6.14 3.34
1.86 4.29 6.27 3.56
1.88 3.87 6.18 3.05
1.9 4.49 6.08 3.57
1.82 3.59 6.45 3.04
1.88 4.22 5.92 3.14
1.9 4.27 5.85 3.12
1.9 4.59 5.67 3.26
1.92 4.35 6.08 3.43
1.81 3.85 6.37 3.22
1.94 4.79 5.69 3.48
1.91 3.85 6.1 2.95
1.92 3.96 6.16 3.12
1.89 4.02 5.96 2.98
1.88 4.01 6.1 3.11
1.87 4.13 6.16 3.29
1.9 4.41 5.94 3.35
1.86 3.97 6.18 3.15
1.86 4.26 5.89 3.15
1.85 4.0 6.14 3.14
1.84 3.96 6.47 3.43
1.86 4.35 5.85 3.2
1.92 4.37 5.91 3.28
1.85 4.35 6.06 3.41
1.87 4.12 6.23 3.35
1.88 4.22 6.11 3.33
1.82 4.47 5.77 3.24
1.85 3.94 6.21 3.15
1.84 4.04 6.23 3.27
1.87 3.97 6.11 3.08
1.94 4.35 5.75 3.1
1.87 4.19 5.89 3.08
1.93 4.64 5.4 3.04
1.89 4.37 6.04 3.41
1.84 4.08 5.98 3.06
1.84 3.91 6.43 3.34
1.83 3.93 6.16 3.09
1.89 3.88 6.34 3.22
1.87 4.14 6.1 3.24
1.91 4.06 6.02 3.08
1.88 4.12 5.94 3.06
1.87 4.45 5.82 3.27
1.85 4.11 6.26 3.37
1.84 4.21 6.2 3.41
1.88 4.09 5.9 2.99
1.89 3.91 6.46 3.37
1.84 4.28 5.71 2.99
1.85 3.94 6.6 3.54
1.86 3.81 6.27 3.08
1.85 4.46 5.74 3.2
1.91 4.49 5.55 3.04
1.88 4.53 5.98 3.51
1.9 4.51 5.64 3.15
1.87 4.0 6.2 3.2
1.85 3.77 6.13 2.9
1.89 4.14 6.33 3.47
1.9 3.91 6.1 3.01
1.95 4.17 5.89 3.06
1.94 3.95 6.29 3.24
1.92 4.83 5.41 3.24
1.86 4.21 5.96 3.17
1.93 5.04 5.47 3.51
1.82 3.78 6.52 3.3
1.9 4.04 6.16 3.2
1.94 4.54 6.01 3.55
1.85 4.0 6.39 3.39
1.9 4.31 6.09 3.4
1.94 4.09 6.2 3.29
1.9 4.53 5.65 3.18
1.85 4.38 5.81 3.19
1.92 4.31 5.89 3.2
1.9 4.09 5.93 3.02
1.92 4.54 5.38 2.92
1.89 4.38 5.65 3.03
1.85 3.79 6.41 3.2
1.91 4.36 5.9 3.26
1.84 4.17 6.42 3.59
1.88 4.48 5.83 3.31
1.87 4.07 5.95 3.02
1.91 4.6 5.67 3.27
1.88 4.06 6.37 3.43
1.87 3.54 6.57 3.11
1.88 4.31 5.97 3.28
1.86 4.22 5.85 3.07
1.88 4.05 6.22 3.27
1.84 3.86 6.42 3.28
1.93 4.58 5.63 3.21
1.9 4.6 5.72 3.32
1.9 4.08 6.22 3.3
1.9 4.36 5.8 3.16
1.83 3.96 6.12 3.08
1.84 4.07 6.07 3.14
1.87 4.0 5.92 2.92
1.87 4.41 5.78 3.19
1.91 4.89 5.46 3.35
1.9 4.42 6.0 3.42
1.84 4.34 5.65 2.99
1.87 4.17 5.99 3.16
1.91 4.46 5.78 3.24
1.9 4.35 5.78 3.13
1.84 4.1 6.13 3.23
1.86 4.18 6.23 3.41
1.85 4.06 6.39 3.45
1.84 3.98 6.15 3.13
1.83 3.49 6.92 3.41
1.9 4.1 6.08 3.18
1.9 4.09 5.87 2.96
1.87 4.11 6.17 3.28
1.96 4.21 6.0 3.21
1.88 4.38 6.19 3.57
1.9 3.99 5.88 2.87
1.87 4.42 6.03 3.45
1.91 4.5 5.6 3.1
1.84 4.05 6.06 3.11
1.85 4.53 5.5 3.03
1.86 4.24 6.05 3.29
1.81 3.28 6.79 3.07
1.86 4.28 6.14 3.42
1.94 4.94 4.93 2.87
1.91 4.31 5.94 3.25
1.89 3.63 6.62 3.25
1.91 4.65 5.53 3.18
1.89 4.68 5.87 3.55
1.85 3.75 6.31 3.06
1.88 4.24 5.96 3.2
1.85 3.94 6.28 3.22
1.77 3.7 6.51 3.21
1.89 4.15 6.19 3.34
1.84 4.23 5.93 3.16
1.95 4.38 5.79 3.17
1.82 4.23 6.33 3.56
1.89 4.45 5.85 3.3
1.89 4.85 5.62 3.47
1.9 3.96 6.25 3.21
1.92 4.57 5.84 3.41
1.89 4.1 6.12 3.22
1.82 4.14 6.07 3.21
1.87 3.98 5.85 2.83
1.86 4.09 6.29 3.38
1.89 4.05 6.29 3.34
1.92 4.41 5.79 3.2
1.83 3.71 6.29 3.0
1.91 4.91 5.47 3.38
1.86 4.05 6.04 3.09
1.89 4.43 5.78 3.21
1.85 3.84 6.32 3.16
1.94 4.2 6.05 3.25
1.9 4.19 6.12 3.31
1.92 4.1 6.29 3.39
1.89 4.18 5.89 3.07
1.97 4.3 5.71 3.01
1.87 3.98 6.12 3.1
1.83 3.49 6.37 2.86
1.87 4.22 5.99 3.21
1.92 4.4 5.85 3.25
1.84 4.17 6.17 3.34
1.88 4.34 6.06 3.4
1.85 4.44 6.04 3.48
1.88 4.04 6.36 3.4
1.89 4.34 5.6 2.94
1.92 4.3 6.03 3.33
1.88 4.62 5.66 3.28
1.88 4.42 6.0 3.42
1.86 4.08 6.04 3.12
1.92 3.47 6.8 3.27
1.87 4.11 5.9 3.01
1.9 4.59 5.8 3.39
1.9 4.17 6.04 3.21
1.9 4.15 5.9 3.05
1.9 4.36 5.96 3.32
1.86 3.96 6.09 3.05
1.88 4.75 5.75 3.5
1.87 4.17 5.88 3.05
1.92 4.81 5.33 3.14
1.88 4.03 6.06 3.09
1.89 3.75 6.14 2.89
1.93 4.56 5.92 3.48
1.88 4.37 6.07 3.44
1.87 4.41 5.93 3.34
1.89 4.52 5.79 3.31
1.85 4.61 5.77 3.38
1.9 4.42 5.85 3.27
1.9 4.46 5.9 3.36
1.86 4.55 6.13 3.68
1.85 3.84 6.12 2.96
1.82 4.55 5.81 3.36
1.89 3.85 6.5 3.35
1.91 4.29 6.01 3.3
1.92 4.28 5.96 3.24
1.86 4.85 5.37 3.22
1.88 4.18 6.03 3.21
1.86 4.25 5.96 3.21
1.89 4.21 5.9 3.11
1.9 3.9 5.9 2.8
1.9 4.31 5.76 3.07
1.93 4.38 5.99 3.37
1.84 4.2 6.02 3.22
1.85 4.09 6.21 3.3
1.9 4.27 6.08 3.35
1.92 4.78 5.8 3.58
1.82 4.06 6.16 3.22
1.86 3.9 6.38 3.28
1.84 4.18 6.39 3.57
1.95 4.54 5.58 3.12
1.81 4.06 5.94 3.0
1.87 4.13 6.15 3.28
1.89 3.88 5.84 2.72
1.84 3.66 6.44 3.1
1.89 4.17 6.02 3.19
1.86 4.62 6.04 3.66
1.9 4.42 5.72 3.14
1.92 4.13 5.81 2.94
1.89 4.26 6.27 3.53
1.9 4.41 5.81 3.22
1.85 3.99 6.18 3.17
1.93 4.74 5.6 3.34
1.89 4.06 6.24 3.3
1.9 4.47 5.8 3.27
1.88 4.56 5.61 3.17
1.88 4.35 5.8 3.15
1.93 4.53 5.66 3.19
1.86 4.18 6.05 3.23
1.9 4.12 6.14 3.26
1.86 4.4 5.59 2.99
1.85 4.41 5.75 3.16
1.91 4.61 5.55 3.16
1.9 4.44 5.75 3.19
1.87 4.05 6.22 3.27
1.87 4.26 5.83 3.09
1.89 4.28 5.77 3.05
1.88 4.56 5.74 3.3
1.87 4.32 5.9 3.22
1.92 4.89 5.04 2.93
1.9 4.04 6.06 3.1
1.89 3.72 6.38 3.1
1.89 4.13 6.08 3.21
1.87 4.15 5.89 3.04
1.94 4.17 5.77 2.94
1.84 3.79 6.11 2.9
1.95 4.49 5.6 3.09
1.88 4.83 5.52 3.35
1.86 4.2 5.91 3.11
1.9 4.12 6.34 3.46
1.87 4.05 6.39 3.44
1.84 4.27 6.18 3.45
1.88 4.81 5.72 3.53
1.87 4.33 5.8 3.13
1.87 4.52 5.74 3.26
1.89 4.19 5.91 3.1
1.91 4.51 5.95 3.46
1.8 4.1 6.33 3.43
1.88 3.99 5.86 2.85
1.93 4.54 6.01 3.55
1.91 4.18 6.34 3.52
1.86 4.31 6.21 3.52
1.83 4.07 6.12 3.19
1.84 4.08 6.09 3.17
1.87 4.46 5.79 3.25
1.86 3.78 6.73 3.51
1.88 4.03 6.24 3.27
1.92 3.52 6.53 3.05
1.85 3.71 6.48 3.19
1.84 4.02 5.97 2.99
1.82 4.21 6.06 3.27
1.89 4.06 6.06 3.12
1.89 4.86 5.77 3.63
1.87 4.37 6.05 3.42
1.9 4.67 5.74 3.41
1.83 4.19 6.22 3.41
1.89 4.67 5.7 3.37
1.92 4.16 6.2 3.36
1.92 3.83 6.32 3.15
1.88 4.23 6.12 3.35
1.88 4.46 5.67 3.13
1.92 4.84 5.53 3.37
1.87 4.23 6.16 3.39
1.87 4.75 5.55 3.3
1.88 4.13 5.87 3.0
1.88 4.69 5.5 3.19
1.87 4.34 6.06 3.4
1.89 4.1 6.07 3.17
1.89 4.39 5.89 3.28
1.88 3.75 6.45 3.2
1.88 4.16 5.98 3.14
1.87 4.3 6.01 3.31
1.81 4.12 6.35 3.47
1.88 3.66 6.68 3.34
1.88 3.8 6.39 3.19
1.87 4.13 6.42 3.55
1.93 3.94 6.21 3.15
1.89 4.29 6.02 3.31
1.86 4.33 5.99 3.32
1.88 4.28 5.82 3.1
1.86 4.66 5.48 3.14
1.85 4.4 5.9 3.3
1.93 4.18 5.94 3.12
1.87 4.1 5.97 3.07
1.91 4.23 6.0 3.23
1.88 4.3 6.27 3.57
1.84 3.8 6.76 3.56
1.94 4.49 5.85 3.34
1.89 4.19 5.89 3.08
1.89 4.65 5.69 3.34
1.88 4.5 5.65 3.15
1.92 4.24 5.98 3.22
1.84 4.0 6.05 3.05
1.88 3.79 6.33 3.12
1.83 4.33 6.14 3.47
1.91 4.11 5.99 3.1
1.79 3.91 6.08 2.99
1.9 4.15 6.12 3.27
1.87 4.06 6.26 3.32
1.87 4.42 5.68 3.1
1.86 4.2 5.92 3.12
1.84 4.25 6.32 3.57
1.86 4.4 5.72 3.12
1.86 4.4 5.79 3.19
1.92 4.64 5.51 3.15
1.94 4.63 5.8 3.43
1.85 4.53 5.77 3.3
1.88 4.08 5.89 2.97
1.87 4.3 5.85 3.15
1.84 4.41 5.99 3.4
1.89 4.12 6.37 3.49
1.83 4.3 5.73 3.03
1.9 4.43 5.98 3.41
1.9 4.35 6.03 3.38
1.92 4.65 5.37 3.02
1.86 4.11 5.89 3.0
1.83 4.06 5.93 2.99
1.87 4.55 5.81 3.36
1.88 4.26 5.74 3.0
1.91 4.44 5.82 3.26
1.88 4.54 5.76 3.3
1.85 3.91 6.1 3.01
1.92 4.39 5.63 3.02
1.88 4.14 5.88 3.02
1.85 4.39 6.07 3.46
1.87 3.81 6.45 3.26
1.89 3.97 6.16 3.13
1.87 4.0 6.2 3.2
1.85 3.91 6.06 2.97
1.87 4.52 5.51 3.03
1.86 4.47 5.63 3.1
1.83 4.08 6.26 3.34
1.89 4.11 6.06 3.17
1.92 4.3 5.88 3.18
1.9 4.11 6.06 3.17
1.9 4.04 6.25 3.29
1.84 3.74 6.4 3.14
1.87 4.38 5.94 3.32
1.78 4.02 6.12 3.14
1.92 4.01 6.11 3.12
1.82 3.98 6.17 3.15
1.84 3.87 6.36 3.23
1.94 4.5 5.7 3.2
1.87 4.09 5.96 3.05
1.86 4.12 6.21 3.33
1.89 4.13 6.19 3.32
1.88 4.61 5.81 3.42
1.9 4.37 5.94 3.31
1.93 4.45 6.01 3.46
1.91 4.36 5.85 3.21
1.92 4.34 6.03 3.37
1.84 4.25 6.19 3.44
1.79 3.85 6.31 3.16
1.87 4.62 5.8 3.42
1.92 4.37 5.71 3.08
1.87 4.23 6.15 3.38
1.84 3.62 6.3 2.92
1.82 4.31 5.97 3.28
1.86 4.29 6.16 3.45
1.91 4.87 5.7 3.57
1.87 4.39 6.43 3.82
1.88 3.72 6.49 3.21
1.89 3.91 6.45 3.36
1.89 4.08 6.37 3.45
1.84 3.91 6.19 3.1
1.87 4.07 6.05 3.12
1.89 4.55 5.78 3.33
1.89 4.37 5.9 3.27
1.9 4.0 6.12 3.12
1.94 4.35 6.08 3.43
1.83 4.46 5.6 3.06
1.84 3.68 6.49 3.17
1.9 3.72 6.43 3.15
1.85 4.3 6.02 3.32
1.9 4.79 5.51 3.3
1.84 4.23 6.03 3.26
1.89 3.98 5.97 2.95
1.87 4.53 5.99 3.52
1.85 4.55 5.56 3.11
1.9 4.36 5.9 3.26
1.92 4.25 5.88 3.13
1.87 4.28 5.88 3.16
1.89 5.12 4.98 3.1
1.85 4.62 5.6 3.22
1.91 4.23 5.86 3.09
1.91 4.23 5.87 3.1
1.87 3.95 6.47 3.42
1.86 4.44 6.28 3.72
1.87 4.84 5.5 3.34
1.89 3.84 6.46 3.3
1.83 4.19 6.02 3.21
1.88 4.07 6.07 3.14
1.89 4.17 6.03 3.2
1.86 3.92 6.15 3.07
1.8 4.09 6.43 3.52
1.85 4.72 5.61 3.33
1.94 4.44 5.6 3.04
1.82 4.44 5.9 3.34
1.94 4.03 6.08 3.11
1.83 3.95 6.56 3.51
1.9 4.23 5.83 3.06
1.86 4.2 6.11 3.31
1.93 4.67 5.45 3.12
1.88 3.93 6.48 3.41
1.87 4.43 5.99 3.42
1.79 4.29 6.2 3.49
1.89 3.96 6.31 3.27
1.85 3.85 6.57 3.42
1.85 4.11 5.92 3.03
1.86 4.15 6.11 3.26
1.88 4.2 6.18 3.38
1.89 4.69 5.59 3.28
1.88 4.1 6.07 3.17
1.85 3.99 6.47 3.46
1.89 3.99 6.19 3.18
1.85 4.32 5.91 3.23
1.86 4.17 6.22 3.39
1.86 4.21 5.98 3.19
1.86 4.24 6.09 3.33
1.83 4.1 6.24 3.34
1.9 4.26 5.9 3.16
1.88 4.08 6.03 3.11
1.87 3.97 6.44 3.41
1.89 4.01 6.25 3.26
1.88 4.36 5.86 3.22
1.91 5.1 5.27 3.37
1.87 3.82 6.59 3.41
1.84 3.68 6.68 3.36
1.86 4.44 5.48 2.92
1.84 4.3 6.04 3.34
1.92 4.49 5.88 3.37
1.9 4.21 6.09 3.3
1.84 4.37 6.03 3.4
1.87 4.35 6.31 3.66
1.91 4.42 5.76 3.18
1.93 4.66 5.51 3.17
1.88 4.38 6.08 3.46
1.89 4.4 5.89 3.29
1.88 4.47 5.92 3.39
1.86 4.24 6.08 3.32
1.92 4.33 5.78 3.11
1.86 4.11 6.19 3.3
1.86 4.33 5.76 3.09
1.9 4.67 5.55 3.22
1.89 4.47 5.65 3.12
1.85 4.13 6.15 3.28
1.87 4.2 5.81 3.01
1.87 4.31 5.88 3.19
1.85 4.15 6.3 3.45
1.89 4.73 5.57 3.3
1.83 3.61 6.25 2.86
1.87 4.26 5.99 3.25
1.92 3.96 6.09 3.05
1.92 3.95 6.11 3.06
1.9 4.68 5.57 3.25
1.87 3.77 6.56 3.33
1.86 4.32 5.81 3.13
1.9 4.2 6.05 3.25
1.92 4.49 5.89 3.38
1.83 4.04 6.34 3.38
1.88 4.21 5.87 3.08
1.88 4.64 5.79 3.43
1.93 4.64 5.49 3.13
1.91 3.98 6.27 3.25
1.9 4.7 5.32 3.02
1.9 4.48 5.94 3.42
1.82 4.2 6.16 3.36
1.87 3.95 6.17 3.12
1.9 4.01 6.13 3.14
1.82 4.29 6.06 3.35
1.91 4.33 5.91 3.24
1.78 4.37 6.0 3.37
1.83 4.15 6.0 3.15
1.87 4.08 6.35 3.43
1.86 4.24 6.23 3.47
1.92 4.48 5.66 3.14
1.85 4.52 5.99 3.51
1.82 3.76 6.27 3.03
1.88 4.19 6.05 3.24
1.91 4.33 5.9 3.23
1.86 4.64 5.89 3.53
1.84 4.44 5.94 3.38
1.86 3.87 6.15 3.02
1.92 4.37 5.83 3.2
1.82 4.4 5.82 3.22
1.92 4.56 5.45 3.01
1.87 4.09 6.16 3.25
1.93 4.29 6.11 3.4
1.88 3.79 6.23 3.02
1.85 4.04 6.05 3.09
1.87 3.89 6.08 2.97
1.88 4.46 5.51 2.97
1.92 4.69 5.89 3.58
1.87 4.0 6.19 3.19
1.86 4.74 5.67 3.41
1.86 3.77 6.17 2.94
1.87 4.33 6.14 3.47
1.9 3.5 6.51 3.01
1.86 4.21 5.76 2.97
1.89 4.56 5.72 3.28
1.84 4.01 5.85 2.86
1.91 4.67 5.84 3.51
1.91 4.34 5.83 3.17
1.96 4.73 5.6 3.33
1.9 4.06 6.37 3.43
1.83 3.98 6.24 3.22
1.85 4.55 5.93 3.48
1.87 3.86 6.35 3.21
1.9 4.52 5.87 3.39
1.88 3.76 6.22 2.98
1.94 4.28 6.02 3.3
1.9 4.49 5.69 3.18
1.89 4.4 5.86 3.26
1.87 4.13 6.07 3.2
1.86 4.56 5.78 3.34
1.93 4.47 5.75 3.22
1.85 3.95 6.21 3.16
1.91 4.41 5.83 3.24
1.79 3.63 6.41 3.04
1.87 4.15 6.11 3.26
1.86 4.13 5.98 3.11
1.88 4.12 6.04 3.16
1.91 4.13 6.05 3.18
1.92 4.3 6.1 3.4
1.86 4.25 5.84 3.09
1.91 4.39 5.5 2.89
1.89 4.57 5.99 3.56
1.89 4.27 6.17 3.44
1.86 3.97 6.22 3.19
1.85 4.4 5.73 3.13
1.88 3.93 6.06 2.99
1.87 3.94 5.87 2.81
1.92 4.5 5.36 2.86
1.9 4.2 6.05 3.25
1.88 4.28 5.98 3.26
1.91 4.32 6.02 3.34
1.81 3.94 6.32 3.26
1.87 4.59 5.84 3.43
1.85 4.15 6.34 3.49
1.89 4.36 5.85 3.21
1.85 4.0 6.22 3.22
1.86 4.14 5.93 3.07
1.89 4.21 6.03 3.24
1.88 3.83 6.45 3.28
1.88 4.04 6.34 3.38
1.85 4.49 5.9 3.39
1.85 3.9 6.38 3.28
1.86 4.05 6.4 3.45
1.87 4.78 5.58 3.36
1.88 4.3 6.01 3.31
1.93 4.49 5.78 3.27
1.84 4.41 5.89 3.3
1.8 3.91 6.27 3.18
1.89 4.86 5.68 3.54
1.9 4.73 5.69 3.42
1.91 4.28 5.37 2.65
1.89 4.94 5.38 3.32
1.9 4.21 6.03 3.24
1.89 4.09 6.29 3.38
1.86 3.82 6.22 3.04
1.89 3.96 6.23 3.19
1.83 4.14 6.12 3.26
1.82 4.45 5.86 3.31
1.87 4.06 6.11 3.17
1.87 3.98 6.14 3.12
1.87 4.23 6.13 3.36
1.81 4.07 6.09 3.16
1.91 4.41 5.73 3.14
1.85 4.03 6.33 3.36
1.9 4.24 6.16 3.4
1.84 3.91 6.34 3.25
1.88 4.88 5.61 3.49
1.9 3.96 6.1 3.06
1.84 4.03 6.24 3.27
1.9 4.21 5.76 2.97
1.86 4.31 5.75 3.06
1.84 4.18 6.15 3.33
1.84 4.33 5.91 3.24
1.9 4.45 5.88 3.33
1.9 4.3 5.7 3.0
1.84 4.14 5.91 3.05
1.79 3.83 6.37 3.2
1.92 4.38 6.0 3.38
1.85 4.31 6.03 3.34
1.91 4.28 5.88 3.16
1.91 4.34 5.86 3.2
1.85 4.06 5.9 2.96
1.87 4.06 6.09 3.15
1.88 4.0 6.04 3.04
1.85 3.67 6.55 3.22
1.88 4.51 5.78 3.29
1.88 3.84 6.27 3.11
1.86 4.51 5.87 3.38
1.85 4.14 6.28 3.42
1.78 4.11 6.04 3.15
1.87 4.22 6.03 3.25
1.85 4.26 5.97 3.23
1.86 4.32 5.92 3.24
1.81 3.9 6.49 3.39
1.89 4.12 5.72 2.84
1.86 4.06 6.23 3.29
1.89 4.2 6.09 3.29
1.8 3.93 6.21 3.14
1.87 4.3 6.06 3.36
1.85 3.86 6.68 3.54
1.79 4.02 6.22 3.24
1.9 4.57 5.64 3.21
1.84 4.4 6.03 3.43
1.84 4.3 6.17 3.47
1.9 3.98 6.57 3.55
1.9 3.94 6.26 3.2
1.89 3.61 6.15 2.76
1.86 4.39 5.9 3.29
1.84 3.76 6.37 3.13
1.89 4.14 5.94 3.08
1.82 3.95 6.12 3.07
1.82 4.31 6.27 3.58
1.86 4.12 5.96 3.08
1.93 4.65 5.45 3.1
1.9 4.28 6.11 3.39
1.89 4.3 5.85 3.15
1.86 3.89 6.32 3.21
1.91 4.18 5.89 3.07
1.89 3.87 6.15 3.02
1.89 4.15 6.07 3.22
1.91 4.48 5.89 3.37
1.87 4.3 6.17 3.47
1.88 4.61 5.77 3.38
1.86 4.23 6.23 3.46
1.91 4.59 5.55 3.14
1.92 4.74 5.69 3.43
1.9 4.57 5.76 3.33
1.89 4.16 6.3 3.46
1.86 4.33 6.13 3.46
1.87 4.58 5.85 3.43
1.88 4.16 6.09 3.25
1.88 4.36 5.89 3.25
1.85 3.94 6.26 3.2
1.88 4.21 5.97 3.18
1.82 4.11 6.32 3.43
1.86 4.25 6.14 3.39
1.86 4.07 6.05 3.12
1.93 4.41 5.99 3.4
1.77 4.4 6.25 3.65
1.84 4.21 6.01 3.22
1.84 4.07 6.04 3.11
1.94 4.54 5.53 3.07
1.95 4.31 6.02 3.33
1.89 4.72 5.75 3.47
1.87 3.91 6.29 3.2
1.85 4.47 5.98 3.45
1.81 3.8 6.07 2.87
1.9 4.73 5.52 3.25
1.87 4.3 5.75 3.05
1.9 4.52 5.84 3.36
1.83 3.85 6.27 3.12
1.85 4.14 6.23 3.37
1.89 4.18 6.38 3.56
1.88 4.45 5.9 3.35
1.87 3.78 6.37 3.15
1.9 4.29 6.03 3.32
1.82 4.05 6.49 3.54
1.87 4.21 5.83 3.04
1.85 4.15 6.06 3.21
1.9 4.22 6.28 3.5
1.84 4.09 6.12 3.21
1.91 4.28 6.07 3.35
1.89 3.95 5.94 2.89
1.92 4.31 6.18 3.49
1.92 4.46 5.48 2.94
1.86 4.14 6.05 3.19
1.9 4.33 5.77 3.1
1.88 4.25 5.96 3.21
1.85 3.97 6.24 3.21
1.92 4.71 5.87 3.58
1.89 4.23 5.95 3.18
1.85 4.07 6.25 3.32
1.82 4.27 5.89 3.16
1.9 4.35 5.95 3.3
1.83 3.81 6.26 3.07
1.92 4.27 6.24 3.51
1.89 4.75 5.63 3.38
1.94 4.23 5.88 3.11
1.89 3.96 6.03 2.99
1.87 3.67 6.46 3.13
1.93 4.41 6.12 3.53
1.88 4.03 6.31 3.34
1.91 4.21 5.84 3.05
1.89 4.47 5.56 3.03
1.85 4.17 6.33 3.5
1.86 4.55 6.1 3.65
1.86 4.0 5.97 2.97
1.84 4.21 6.13 3.34
1.87 4.21 6.09 3.3
1.87 3.95 6.51 3.46
1.88 4.1 6.1 3.2
1.89 4.32 6.11 3.43
1.9 4.24 6.09 3.33
1.89 4.29 5.9 3.19
1.82 3.93 6.4 3.33
1.85 4.28 5.9 3.18
1.88 4.33 6.0 3.33
1.92 3.94 6.06 3.0
1.85 3.94 6.22 3.16
1.87 4.32 5.75 3.07
1.88 4.36 5.99 3.35
1.88 4.67 5.76 3.43
1.89 4.24 5.68 2.92
1.88 4.55 5.92 3.47
1.88 4.3 6.03 3.33
1.9 4.09 6.32 3.41
1.86 3.9 6.0 2.9
1.88 4.3 5.8 3.1
1.93 4.39 6.04 3.43
1.85 4.83 5.49 3.32
1.86 4.29 5.85 3.14
1.92 4.35 5.54 2.89
1.93 4.38 5.87 3.25
1.84 4.46 5.94 3.4
1.87 4.58 5.88 3.46
1.84 4.17 5.88 3.05
1.9 3.73 6.29 3.02
1.9 4.53 5.5 3.03
1.88 3.96 6.23 3.19
1.89 4.7 5.74 3.44
1.95 4.16 6.11 3.27
1.87 3.97 6.43 3.4
1.87 4.14 6.27 3.41
1.85 4.34 5.75 3.09
1.87 4.35 5.94 3.29
1.89 4.22 6.13 3.35
1.88 4.28 6.24 3.52
1.86 4.2 5.93 3.13
1.82 3.65 6.39 3.04
1.91 4.29 5.82 3.11
1.87 3.95 6.28 3.23
1.91 4.47 5.59 3.06
1.87 3.72 6.31 3.03
1.91 3.93 5.93 2.86
1.85 4.24 5.99 3.23
1.92 3.98 6.09 3.07
1.89 4.03 6.39 3.42
1.9 5.02 5.27 3.29
1.88 4.19 6.24 3.43
1.83 3.58 6.46 3.04
1.87 4.44 5.92 3.36
1.92 4.52 5.86 3.38
1.79 3.9 6.56 3.46
1.89 3.86 6.05 2.91
1.93 4.23 5.88 3.11
1.89 4.27 5.97 3.24
1.88 4.41 5.59 3.0
1.87 4.54 6.03 3.57
1.9 4.07 6.27 3.34
1.9 4.25 5.85 3.1
1.87 4.22 6.25 3.47
1.86 3.73 6.2 2.93
1.92 4.32 5.9 3.22
1.84 4.06 6.08 3.14
1.92 4.64 5.56 3.2
1.89 4.51 5.6 3.11
1.82 4.5 5.79 3.29
1.82 3.85 6.33 3.18
1.87 3.97 5.96 2.93
1.86 4.25 5.8 3.05
1.87 4.32 5.87 3.19
1.84 3.78 6.02 2.8
1.86 3.86 6.39 3.25
1.9 4.47 5.68 3.15
1.86 4.41 5.94 3.35
1.86 3.86 6.36 3.22
1.85 4.15 5.97 3.12
1.94 4.82 5.44 3.26
1.85 4.19 6.06 3.25
1.92 4.03 6.23 3.26
1.88 4.36 6.23 3.59
1.86 4.43 6.03 3.46
1.91 4.36 6.06 3.42
1.83 3.8 6.45 3.25
1.89 4.14 6.3 3.44
1.92 4.66 5.66 3.32
1.88 4.23 6.05 3.28
1.88 4.22 5.94 3.16
1.85 4.13 6.17 3.3
1.9 4.27 5.77 3.04
1.86 4.64 5.56 3.2
1.88 4.28 5.82 3.1
1.82 3.73 6.59 3.32
1.9 4.55 5.82 3.37
1.81 4.18 5.98 3.16
1.9 4.66 5.58 3.24
1.91 4.71 5.75 3.46
1.8 4.12 6.45 3.57
1.89 4.08 5.99 3.07
1.78 4.15 6.29 3.44
1.91 4.66 5.59 3.25
1.9 3.89 6.23 3.12
1.87 4.0 5.85 2.85
1.86 4.4 5.85 3.25
1.83 4.01 6.32 3.33
1.85 4.24 6.11 3.35
1.87 4.29 5.79 3.08
1.91 4.15 5.85 3.0
1.9 4.33 6.0 3.33
1.89 4.67 5.76 3.43
1.92 4.17 6.24 3.41
1.89 4.35 5.83 3.18
1.93 4.33 5.84 3.17
1.85 4.39 6.03 3.42
1.87 4.13 6.37 3.5
1.87 4.57 5.62 3.19
1.84 4.09 6.2 3.29
1.88 4.52 5.62 3.14
1.87 3.71 6.45 3.16
1.86 3.67 6.4 3.07
1.85 3.94 6.55 3.49
1.85 4.31 6.08 3.39
1.88 4.24 6.13 3.37
1.89 4.4 5.71 3.11
1.87 3.81 6.27 3.08
1.89 4.45 5.84 3.29
1.84 4.41 5.78 3.19
1.81 3.68 6.48 3.16
1.87 3.97 6.32 3.29
1.87 4.19 5.75 2.94
1.89 3.91 6.25 3.16
1.89 4.85 5.62 3.47
1.9 4.45 5.69 3.14
1.78 4.06 6.28 3.34
1.87 4.14 6.17 3.31
1.87 4.59 5.74 3.33
1.91 4.09 5.81 2.9
1.9 3.97 5.89 2.86
1.89 4.43 5.82 3.25
1.89 4.45 5.58 3.03
1.84 4.77 5.59 3.36
1.91 4.64 5.4 3.04
1.89 4.34 5.73 3.07
1.81 4.59 5.96 3.55
1.85 4.01 6.08 3.09
1.81 4.38 6.02 3.4
1.85 4.1 6.0 3.1
1.89 3.76 6.46 3.22
1.91 4.28 6.05 3.33
1.94 4.33 6.02 3.35
1.9 4.5 5.78 3.28
1.79 3.42 6.58 3.0
1.95 4.34 5.92 3.26
1.87 4.01 6.02 3.03
1.88 4.24 5.91 3.15
1.87 4.27 5.84 3.11
1.82 4.02 5.88 2.9
1.84 4.25 6.2 3.45
1.84 3.83 6.08 2.91
1.86 3.92 6.05 2.97
1.9 4.05 5.95 3.0
1.83 4.23 6.0 3.23
1.9 4.74 5.61 3.35
1.86 3.62 6.27 2.89
1.89 4.26 6.17 3.43
1.87 4.18 5.91 3.09
1.83 3.77 6.63 3.4
1.85 4.47 5.9 3.37
1.88 4.31 5.81 3.12
1.89 4.21 5.96 3.17
1.83 4.25 5.93 3.18
1.82 4.32 6.08 3.4
1.84 4.27 6.04 3.31
1.87 4.4 5.93 3.33
1.91 4.47 6.19 3.66
1.87 4.45 5.88 3.33
1.88 4.28 5.9 3.18
1.89 4.73 5.34 3.07
1.86 4.48 5.78 3.26
1.86 4.11 6.16 3.27
1.93 4.04 6.14 3.18
1.88 4.11 6.28 3.39
1.89 4.5 5.9 3.4
1.85 3.76 6.82 3.58
1.83 3.95 6.14 3.09
1.84 3.87 6.43 3.3
1.87 4.08 6.12 3.2
1.86 4.19 6.11 3.3
1.84 3.66 6.8 3.46
1.86 3.96 6.22 3.18
1.87 4.17 5.89 3.06
1.88 4.16 6.03 3.19
1.96 4.74 5.79 3.53
1.9 4.37 6.13 3.5
1.85 3.79 6.32 3.11
1.86 3.8 6.36 3.16
1.87 3.94 6.37 3.31
1.87 4.06 6.13 3.19
1.87 3.99 6.06 3.05
1.87 4.02 6.23 3.25
1.88 4.36 5.86 3.22
1.85 4.3 5.91 3.21
1.83 3.88 6.41 3.29
1.92 4.59 5.49 3.08
1.9 4.67 5.52 3.19
1.89 4.72 5.53 3.25
1.84 3.98 6.47 3.45
1.91 4.79 5.74 3.53
1.87 4.4 5.76 3.16
1.83 3.98 6.5 3.48
1.84 3.47 6.83 3.3
1.85 3.89 6.61 3.5
1.91 4.29 6.0 3.29
1.84 4.27 5.95 3.22
1.92 4.48 5.72 3.2
1.84 4.07 6.1 3.17
1.88 4.16 5.84 3.0
1.9 4.1 6.14 3.24
1.86 3.76 6.43 3.19
1.88 4.04 6.04 3.08
1.84 4.52 5.82 3.34
1.87 4.28 5.98 3.26
1.87 3.89 6.25 3.14
1.85 3.87 6.11 2.98
1.89 4.33 6.02 3.35
1.83 3.99 6.09 3.08
1.87 4.33 5.69 3.02
1.95 3.93 6.23 3.16
1.87 4.29 6.07 3.36
1.85 4.51 5.89 3.4
1.93 4.88 5.57 3.45
1.81 4.2 6.21 3.41
1.86 4.45 5.95 3.4
1.91 4.25 6.13 3.38
1.91 4.26 5.93 3.19
1.91 4.13 5.52 2.65
1.88 4.31 5.91 3.22
1.92 4.38 5.66 3.04
1.86 3.85 6.46 3.31
1.86 4.21 5.98 3.19
1.91 4.15 6.22 3.37
1.88 4.04 6.12 3.16
1.83 3.78 6.67 3.45
1.88 4.44 5.95 3.39
1.85 4.23 6.0 3.23
1.88 3.73 6.38 3.11
1.85 4.05 6.02 3.07
1.86 3.9 6.17 3.07
1.87 4.13 5.97 3.1
1.93 4.28 5.83 3.11
1.91 4.64 5.56 3.2
1.86 3.78 6.29 3.07
1.87 4.06 6.11 3.17
1.86 4.53 6.24 3.77
1.85 4.03 6.22 3.25
1.89 4.05 6.11 3.16
1.88 4.74 5.48 3.22
1.87 4.01 6.39 3.4
1.91 4.57 5.9 3.47
1.83 4.01 6.05 3.06
1.92 4.63 5.83 3.46
1.86 4.48 5.93 3.41
1.89 4.12 5.98 3.1
1.89 4.94 5.26 3.2
1.85 4.03 6.12 3.15
1.9 4.17 6.12 3.29
1.91 4.7 5.62 3.32
1.91 4.34 6.01 3.35
1.85 4.08 6.26 3.34
1.88 3.82 6.37 3.19
1.89 3.55 6.42 2.97
1.88 4.08 6.25 3.33
1.88 4.57 5.7 3.27
1.89 4.12 6.13 3.25
1.87 3.89 6.34 3.23
1.9 3.82 6.33 3.15
1.85 4.65 5.63 3.28
1.86 4.25 5.86 3.11
1.91 4.07 6.08 3.15
1.86 4.11 6.1 3.21
1.91 4.56 5.81 3.37
1.84 3.94 6.11 3.05
1.9 4.39 5.73 3.12
1.9 4.11 6.17 3.28
1.85 3.8 6.18 2.98
1.9 4.3 5.83 3.13
1.94 4.67 5.74 3.41
1.92 4.48 5.75 3.23
1.87 4.11 6.34 3.45
1.8 4.19 6.48 3.67
1.9 4.29 5.61 2.9
1.84 4.12 6.13 3.25
1.88 4.08 6.02 3.1
1.84 4.21 6.18 3.39
1.89 4.33 6.09 3.42
1.84 3.85 6.17 3.02
1.87 4.15 6.14 3.29
1.88 3.79 6.33 3.12
1.86 4.06 6.14 3.2
1.78 3.32 6.74 3.06
1.83 4.0 6.28 3.28
1.86 4.09 6.18 3.27
1.91 4.31 6.08 3.39
1.89 4.09 6.03 3.12
1.95 4.4 5.81 3.21
1.86 4.02 6.07 3.09
1.89 4.58 5.69 3.27
1.87 3.74 6.46 3.2
1.93 4.52 5.66 3.18
1.91 4.18 5.71 2.89
1.89 4.02 6.01 3.03
1.86 4.34 5.99 3.33
1.87 3.83 5.98 2.81
1.86 4.63 5.54 3.17
1.83 4.0 6.3 3.3
1.89 4.56 5.93 3.49
1.9 4.41 6.14 3.55
1.82 3.96 6.23 3.19
1.88 4.26 5.72 2.98
1.89 3.92 6.26 3.18
1.91 3.93 6.02 2.95
1.87 4.13 6.24 3.37
1.91 4.15 6.11 3.26
1.84 3.72 6.24 2.96
1.88 4.2 6.14 3.34
1.83 4.3 5.58 2.88
1.9 4.19 5.8 2.99
1.88 3.69 6.48 3.17
1.92 4.0 6.25 3.25
1.85 4.43 5.93 3.36
1.91 4.56 5.6 3.16
1.88 4.53 5.53 3.06
1.88 4.01 6.11 3.12
1.9 3.81 6.22 3.03
1.87 4.24 6.25 3.49
1.86 3.82 6.46 3.28
1.87 3.71 6.64 3.35
1.85 3.93 6.08 3.01
1.88 4.6 5.74 3.34
1.82 4.09 6.21 3.3
1.91 4.6 6.02 3.62
1.92 4.53 5.85 3.38
1.91 3.87 6.22 3.09
1.93 4.22 6.13 3.35
1.9 4.72 5.57 3.29
1.93 4.38 5.6 2.98
1.87 4.5 5.76 3.26
1.91 4.32 5.74 3.06
1.91 4.66 5.71 3.37
1.85 4.12 6.22 3.34
1.9 4.41 5.86 3.27
1.88 4.13 6.22 3.35
1.9 4.38 5.92 3.3
1.87 4.02 6.24 3.26
1.91 4.71 5.72 3.43
1.92 4.14 6.01 3.15
1.89 3.86 6.56 3.42
1.92 4.32 5.95 3.27
1.85 4.28 6.22 3.5
1.88 4.14 6.14 3.28
1.86 4.28 6.1 3.38
1.8 4.04 5.93 2.97
1.89 4.27 5.8 3.07
1.86 4.55 5.98 3.53
1.86 4.33 6.14 3.47
1.83 3.67 6.31 2.98
1.89 4.63 5.44 3.07
1.93 4.34 5.89 3.23
1.93 4.77 5.67 3.44
1.91 4.24 6.07 3.31
1.9 4.16 6.26 3.42
1.85 4.04 6.32 3.36
1.9 4.59 5.68 3.27
1.91 3.82 6.3 3.12
1.81 4.38 6.12 3.5
1.91 4.44 5.69 3.13
1.93 4.18 5.75 2.93
1.88 4.42 6.07 3.49
1.9 4.68 5.73 3.41
1.86 3.94 6.32 3.26
1.92 4.44 5.82 3.26
1.91 3.75 6.33 3.08
1.87 4.05 6.09 3.14
1.85 4.0 6.09 3.09
1.92 3.9 6.17 3.07
1.85 4.05 6.28 3.33
1.91 4.21 5.85 3.06
1.92 4.39 5.44 2.83
1.86 3.79 6.59 3.38
1.85 3.78 6.53 3.31
1.85 4.17 5.99 3.16
1.9 4.41 5.81 3.22
1.89 3.81 6.37 3.18
1.85 4.46 5.76 3.22
1.86 4.25 5.8 3.05
1.92 3.97 6.33 3.3
1.84 3.85 6.47 3.32
1.89 4.1 5.73 2.83
1.85 4.47 5.73 3.2
1.89 4.26 5.82 3.08
1.88 3.79 6.37 3.16
1.92 4.4 5.91 3.31
1.91 4.68 5.66 3.34
1.86 3.84 6.32 3.16
1.88 3.9 6.12 3.02
1.93 4.43 5.7 3.13
1.91 4.23 6.24 3.47
1.84 4.27 6.26 3.53
1.81 4.04 6.25 3.29
1.89 4.05 6.37 3.42
1.91 4.38 5.64 3.02
1.95 4.63 5.51 3.14
1.87 4.58 5.73 3.31
1.86 4.0 6.43 3.43
1.88 4.48 5.93 3.41
1.84 4.25 5.83 3.08
1.85 4.12 6.06 3.18
1.86 3.69 6.64 3.33
1.87 3.88 6.34 3.22
1.95 4.33 5.8 3.13
1.9 4.33 5.87 3.2
1.9 4.36 6.04 3.4
1.92 4.41 5.89 3.3
1.84 4.11 6.22 3.33
1.87 4.6 5.79 3.39
1.84 3.92 6.54 3.46
1.87 4.03 6.33 3.36
1.87 4.1 6.47 3.57
1.82 4.35 6.09 3.44
1.89 4.47 5.7 3.17
1.88 3.95 6.14 3.09
1.88 4.36 6.09 3.45
1.84 4.13 6.03 3.16
1.89 4.07 6.18 3.25
1.88 4.74 5.49 3.23
1.87 4.14 6.21 3.35
1.82 3.64 6.7 3.34
1.85 4.22 6.11 3.33
1.9 4.25 6.3 3.55
1.89 3.65 6.54 3.19
1.95 4.0 6.01 3.01
1.85 4.13 6.16 3.29
1.97 4.58 5.65 3.23
1.85 4.0 6.05 3.05
1.87 4.08 5.98 3.06
1.92 4.67 5.68 3.35
1.85 4.31 5.85 3.16
1.85 4.45 6.18 3.63
1.92 4.69 5.66 3.35
1.8 3.87 6.65 3.52
1.84 4.32 6.1 3.42
1.86 4.29 6.08 3.37
1.86 4.19 6.2 3.39
1.9 4.02 6.13 3.15
1.83 4.47 5.68 3.15
1.9 4.41 5.89 3.3
1.9 4.18 5.94 3.12
1.86 4.25 5.93 3.18
1.87 3.88 6.23 3.11
1.86 4.43 5.92 3.35
1.88 4.1 6.29 3.39
1.85 4.2 6.18 3.38
1.85 3.72 6.43 3.15
1.86 3.77 6.01 2.78
1.89 3.97 6.2 3.17
1.94 4.75 5.68 3.43
1.86 3.98 6.25 3.23
1.84 4.06 6.22 3.28
1.82 4.26 6.14 3.4
1.93 4.21 6.1 3.31
1.88 4.33 6.04 3.37
1.92 4.0 6.54 3.54
1.8 4.52 5.73 3.25
1.85 4.05 6.38 3.43
1.91 4.19 5.92 3.11
1.84 3.7 6.36 3.06
1.85 4.2 6.01 3.21
1.87 4.06 6.25 3.31
1.91 4.39 5.8 3.19
1.86 4.32 6.08 3.4
1.88 4.33 5.77 3.1
1.8 3.64 6.67 3.31
1.86 3.95 6.0 2.95
1.87 4.32 6.0 3.32
1.86 4.23 6.05 3.28
1.88 4.44 5.74 3.18
1.82 3.82 6.38 3.2
1.89 4.07 6.04 3.11
1.83 3.8 6.3 3.1
1.86 4.08 6.12 3.2
1.89 4.26 5.79 3.05
1.93 4.31 5.92 3.23
1.87 4.51 6.06 3.57
1.89 4.33 5.95 3.28
1.85 3.98 6.3 3.28
1.89 4.63 5.99 3.62
1.81 3.65 6.69 3.34
1.85 4.34 5.89 3.23
1.91 4.39 5.66 3.05
1.82 3.54 6.63 3.17
1.91 4.11 6.46 3.57
1.92 4.45 5.7 3.15
1.87 3.65 6.62 3.27
1.86 4.12 6.17 3.29
1.83 4.24 6.18 3.42
1.88 4.54 5.86 3.4
1.84 3.62 6.14 2.76
1.94 4.67 5.77 3.44
1.91 4.32 6.28 3.6
1.92 4.33 5.67 3.0
1.9 4.56 5.92 3.48
1.85 4.13 5.99 3.12
1.89 3.66 6.36 3.02
1.88 4.7 5.5 3.2
1.92 4.47 5.78 3.25
1.89 3.96 6.27 3.23
1.88 4.48 5.66 3.14
1.85 4.34 6.11 3.45
1.91 3.57 6.7 3.27
1.87 4.36 5.84 3.2
1.86 4.35 5.93 3.28
1.82 3.94 6.22 3.16
1.91 4.32 5.83 3.15
1.87 4.15 5.79 2.94
1.83 4.53 5.63 3.16
1.9 4.53 5.86 3.39
1.92 4.41 5.67 3.08
1.83 3.84 6.37 3.21
1.89 4.51 5.94 3.45
1.84 4.21 6.23 3.44
1.91 4.19 5.95 3.14
1.87 3.73 6.32 3.05
1.9 3.88 6.13 3.01
1.82 3.93 6.32 3.25
1.84 3.75 6.4 3.15
1.93 4.39 5.65 3.04
1.89 4.29 5.82 3.11
1.9 4.2 6.09 3.29
1.81 4.31 5.85 3.16
1.9 3.62 6.61 3.23
1.94 4.79 5.47 3.26
1.79 3.82 6.69 3.51
1.9 3.89 6.01 2.9
1.84 4.24 5.88 3.12
1.87 4.4 5.9 3.3
1.87 4.2 6.01 3.21
1.88 4.58 5.9 3.48
1.9 4.17 5.83 3.0
1.85 3.85 6.25 3.1
1.85 4.15 6.2 3.35
1.85 4.28 5.95 3.23
1.88 4.0 6.24 3.24
1.88 4.67 5.64 3.31
1.87 4.62 5.88 3.5
1.85 4.14 6.22 3.36
1.87 4.55 5.55 3.1
1.89 3.68 6.36 3.04
1.86 4.41 5.7 3.11
1.91 4.43 5.77 3.2
1.92 4.32 5.78 3.1
1.8 3.88 6.59 3.47
1.88 4.16 5.81 2.97
1.84 4.07 6.16 3.23
1.86 4.39 5.89 3.28
1.9 3.72 6.54 3.26
1.87 4.28 5.94 3.22
1.87 4.76 5.62 3.38
1.82 3.53 6.75 3.28
1.84 4.19 6.03 3.22
1.85 4.53 5.75 3.28
1.89 4.22 6.05 3.27
1.92 4.47 5.79 3.26
1.91 4.53 5.67 3.2
1.92 4.29 5.86 3.15
1.86 4.41 5.88 3.29
1.83 4.49 5.88 3.37
1.87 3.94 6.24 3.18
1.86 3.94 5.91 2.85
1.89 4.25 6.01 3.26
1.88 4.5 5.84 3.34
1.9 4.86 5.45 3.31
1.89 3.77 6.49 3.26
1.86 4.05 6.08 3.13
1.88 4.57 5.68 3.25
1.85 4.05 6.28 3.33
1.93 4.36 5.96 3.32
1.88 3.79 6.58 3.37
1.79 4.15 6.3 3.45
1.91 4.39 5.92 3.31
1.9 3.95 6.37 3.32
1.82 3.74 6.31 3.05
1.96 4.39 5.7 3.09
1.82 3.94 6.3 3.24
1.83 4.01 6.35 3.36
1.85 4.34 5.94 3.28
1.91 4.14 6.0 3.14
1.83 4.43 6.0 3.43
1.83 4.05 6.05 3.1
1.89 4.03 6.05 3.08
1.84 4.1 6.32 3.42
1.91 4.28 5.93 3.21
1.85 4.62 5.82 3.44
1.85 4.33 6.09 3.42
1.83 3.97 6.06 3.03
1.94 4.59 5.32 2.91
1.92 5.17 5.34 3.51
1.91 4.11 6.29 3.4
1.9 3.97 6.36 3.33
1.83 3.76 6.48 3.24
1.83 4.39 5.89 3.28
1.9 3.99 5.98 2.97
1.84 4.13 6.07 3.2
1.84 3.97 6.09 3.06
1.86 4.49 6.0 3.49
1.81 4.25 5.86 3.11
1.8 3.66 6.59 3.25
1.88 4.49 5.87 3.36
1.89 4.2 5.95 3.15
1.87 3.99 6.13 3.12
1.87 4.68 5.79 3.47
1.87 4.59 5.75 3.34
1.88 3.93 6.15 3.08
1.91 4.07 6.02 3.09
1.89 4.48 5.79 3.27
1.88 3.95 6.02 2.97
1.89 4.75 5.66 3.41
1.89 4.56 6.04 3.6
1.89 4.48 5.8 3.28
1.86 4.25 6.02 3.27
1.88 4.43 5.85 3.28
1.89 4.36 5.88 3.24
1.85 4.46 6.31 3.77
1.84 3.88 6.31 3.19
1.88 4.42 5.65 3.07
1.88 3.94 5.95 2.89
1.89 4.05 5.9 2.95
1.95 4.56 5.77 3.33
1.89 3.72 6.3 3.02
1.87 3.98 6.2 3.18
1.92 4.11 6.13 3.24
1.89 4.07 6.25 3.32
1.86 3.71 6.18 2.89
1.91 3.84 6.04 2.88
1.88 3.87 6.09 2.96
1.89 4.05 6.04 3.09
1.9 4.13 6.44 3.57
1.95 4.63 5.61 3.24
1.86 4.0 5.92 2.92
1.88 4.54 5.54 3.08
1.87 4.26 6.14 3.4
1.87 4.51 5.66 3.17
1.92 4.05 5.83 2.88
1.88 4.35 5.62 2.97
1.9 4.45 5.71 3.16
1.91 3.96 6.12 3.08
1.89 4.43 5.87 3.3
1.84 4.3 5.78 3.08
1.89 3.97 6.19 3.16
1.87 4.22 6.14 3.36
1.91 4.47 5.62 3.09
1.87 4.36 6.05 3.41
1.89 3.95 6.4 3.35
1.82 3.9 6.34 3.24
1.86 3.98 6.08 3.06
1.91 4.55 5.64 3.19
1.87 4.37 5.97 3.34
1.89 4.27 6.14 3.41
1.83 4.0 6.54 3.54
1.9 4.07 5.96 3.03
1.89 4.01 6.1 3.11
1.84 3.94 6.14 3.08
1.9 4.24 5.84 3.08
1.93 4.51 5.65 3.16
1.85 3.76 6.64 3.4
1.94 4.82 5.47 3.29
1.93 4.35 6.19 3.54
1.92 4.42 5.58 3.0
1.9 4.0 5.87 2.87
1.89 4.53 6.05 3.58
1.85 3.81 6.6 3.41
1.88 4.19 6.06 3.25
1.86 4.45 5.99 3.44
1.87 4.35 6.09 3.44
1.87 4.24 6.06 3.3
1.85 4.31 5.89 3.2
1.9 4.72 5.77 3.49
1.88 4.51 5.98 3.49
1.84 4.18 5.94 3.12
1.85 3.92 6.06 2.98
1.82 3.86 6.5 3.36
1.88 3.83 6.24 3.07
1.88 4.3 5.57 2.87
1.89 4.09 5.85 2.94
1.9 4.79 5.42 3.21
1.84 4.24 5.93 3.17
1.86 4.04 5.94 2.98
1.88 3.91 6.32 3.23
1.84 4.15 6.27 3.42
1.79 3.92 6.11 3.03
1.88 4.32 6.15 3.47
1.89 3.91 6.39 3.3
1.87 3.89 6.44 3.33
1.86 4.31 6.0 3.31
1.9 4.94 5.37 3.31
1.85 4.06 6.36 3.42
1.82 3.75 6.23 2.98
1.75 3.92 6.36 3.28
1.87 4.41 5.66 3.07
1.84 3.91 6.28 3.19
1.88 4.07 6.22 3.29
1.91 4.29 5.73 3.02
1.9 4.44 5.66 3.1
1.91 4.63 5.82 3.45
1.85 4.12 5.72 2.84
1.81 4.11 6.31 3.42
1.83 3.87 6.35 3.22
1.88 4.53 5.81 3.34
1.92 4.25 6.27 3.52
1.9 3.82 6.59 3.41
1.92 4.3 5.86 3.16
1.86 4.43 6.18 3.61
1.83 4.26 6.35 3.61
1.89 4.03 5.78 2.81
1.86 3.8 6.32 3.12
1.91 4.13 6.18 3.31
1.86 4.16 6.17 3.33
1.91 4.34 5.66 3.0
1.79 3.96 6.08 3.04
1.88 4.56 5.6 3.16
1.86 4.36 6.1 3.46
1.86 3.96 6.17 3.13
1.85 3.83 6.38 3.21
1.83 4.15 6.03 3.18
1.89 3.59 6.65 3.24
1.83 3.94 6.08 3.02
1.88 4.21 5.98 3.19
1.9 3.94 6.2 3.14
1.86 4.41 5.97 3.38
1.9 3.84 6.25 3.09
1.88 4.19 5.92 3.11
1.88 4.32 5.93 3.25
1.91 4.07 6.05 3.12
1.92 4.28 5.98 3.26
1.85 4.23 5.82 3.05
1.85 3.84 6.53 3.37
1.86 4.55 5.87 3.42
1.88 4.57 5.7 3.27
1.89 4.49 5.55 3.04
1.87 4.57 5.65 3.22
1.89 4.47 5.69 3.16
1.86 3.83 6.56 3.39
1.85 4.18 6.18 3.36
1.8 3.92 6.3 3.22
1.88 4.63 5.76 3.39
1.88 4.48 5.87 3.35
1.81 4.16 6.15 3.31
1.86 3.78 6.26 3.04
1.84 3.79 6.13 2.92
1.91 4.54 5.62 3.16
1.85 4.1 5.94 3.04
1.89 3.87 6.23 3.1
1.88 4.31 5.67 2.98
1.86 4.36 6.23 3.59
1.96 4.04 6.16 3.2
1.88 4.35 6.01 3.36
1.92 4.62 5.59 3.21
1.86 3.99 6.14 3.13
1.83 4.35 5.99 3.34
1.9 4.02 6.13 3.15
1.84 3.83 6.35 3.18
1.9 4.41 6.03 3.44
1.86 4.05 6.15 3.2
1.8 3.54 6.82 3.36
1.92 4.1 6.23 3.33
1.86 4.51 6.05 3.56
1.83 4.24 6.13 3.37
1.87 3.93 6.26 3.19
1.89 4.13 6.22 3.35
1.85 3.95 6.2 3.15
1.84 4.22 6.05 3.27
1.81 4.11 6.47 3.58
1.83 3.81 6.37 3.18
1.86 4.5 6.02 3.52
1.86 3.79 6.12 2.91
1.82 3.77 6.46 3.23
1.82 4.15 6.01 3.16
1.87 4.32 5.61 2.93
1.86 4.0 6.35 3.35
1.91 4.75 5.57 3.32
1.82 4.17 6.2 3.37
1.87 4.61 5.81 3.42
1.9 4.12 5.93 3.05
1.93 4.62 5.75 3.37
1.86 4.18 6.07 3.25
1.89 4.1 6.06 3.16
1.83 3.88 6.45 3.33
1.88 4.3 6.14 3.44
1.84 3.99 6.26 3.25
1.85 4.42 6.21 3.63
1.85 3.97 6.21 3.18
1.9 4.03 6.06 3.09
1.92 4.13 6.35 3.48
1.9 4.73 5.52 3.25
1.88 3.9 5.84 2.74
1.89 4.4 5.85 3.25
1.87 3.86 6.45 3.31
1.9 4.19 6.24 3.43
1.93 4.28 6.01 3.29
1.91 4.16 6.08 3.24
1.86 4.41 5.95 3.36
1.88 4.31 5.91 3.22
1.86 4.22 5.84 3.06
1.9 4.24 5.81 3.05
1.88 4.57 5.62 3.19
1.95 4.15 5.92 3.07
1.88 4.17 6.2 3.37
1.93 4.61 5.66 3.27
1.88 4.52 5.73 3.25
1.85 4.31 5.91 3.22
1.91 4.78 5.39 3.17
1.89 4.8 5.6 3.4
1.87 4.15 5.89 3.04
1.89 3.94 6.14 3.08
1.81 3.97 5.79 2.76
1.87 4.36 5.97 3.33
1.91 3.92 6.01 2.93
1.84 4.14 6.25 3.39
1.85 4.28 6.14 3.42
1.87 4.36 5.96 3.32
1.89 4.51 5.5 3.01
1.88 4.38 6.16 3.54
1.89 4.52 5.54 3.06
1.84 4.23 6.17 3.4
1.88 4.89 5.59 3.48
1.92 4.76 5.6 3.36
1.94 4.95 5.34 3.29
1.86 4.33 5.87 3.2
1.87 4.14 6.07 3.21
1.88 4.13 5.99 3.12
1.85 4.21 6.17 3.38
1.84 3.73 6.29 3.02
1.91 4.63 5.83 3.46
1.9 3.98 6.27 3.25
1.88 4.47 5.91 3.38
1.84 4.49 5.73 3.22
1.86 4.31 6.16 3.47
1.87 3.66 6.5 3.16
1.89 4.3 6.08 3.38
1.88 4.17 6.38 3.55
1.92 4.56 5.76 3.32
1.85 3.88 6.33 3.21
1.81 4.48 5.79 3.27
1.92 4.02 5.92 2.94
1.91 3.99 6.19 3.18
1.91 4.16 5.95 3.11
1.9 4.33 5.87 3.2
1.84 3.81 6.34 3.15
1.85 4.3 6.03 3.33
1.93 4.52 5.74 3.26
1.91 3.81 6.29 3.1
1.9 4.42 6.16 3.58
1.93 4.32 5.84 3.16
1.84 4.21 6.11 3.32
1.89 4.45 5.76 3.21
1.86 3.94 6.32 3.26
1.91 4.05 6.2 3.25
1.9 4.31 5.72 3.03
1.85 3.96 6.43 3.39
1.89 4.52 5.58 3.1
1.95 4.57 5.65 3.22
1.83 4.09 5.94 3.03
1.85 3.65 6.67 3.32
1.84 4.06 6.21 3.27
1.84 3.97 6.44 3.41
1.91 4.63 5.66 3.29
1.87 4.18 6.21 3.39
1.91 4.69 5.57 3.26
1.83 4.08 6.32 3.4
1.87 3.89 6.42 3.31
1.9 4.26 6.03 3.29
1.84 4.3 5.55 2.85
1.87 4.44 6.03 3.47
1.93 3.92 6.39 3.31
1.92 4.67 5.44 3.11
1.89 4.32 6.0 3.32
1.8 4.03 6.36 3.39
1.86 4.46 5.88 3.34
1.88 4.47 5.87 3.34
1.9 4.0 6.51 3.51
1.91 4.27 5.62 2.89
1.88 3.77 6.51 3.28
1.9 4.01 6.32 3.33
1.94 4.09 5.96 3.05
1.89 4.63 5.57 3.2
1.87 4.05 6.17 3.22
1.84 3.93 6.26 3.19
1.93 4.06 5.95 3.01
1.85 4.06 6.17 3.23
1.93 3.84 6.12 2.96
1.85 4.8 5.72 3.52
1.87 4.08 6.0 3.08
1.88 4.03 6.42 3.45
1.92 4.8 5.39 3.19
1.88 4.52 5.74 3.26
1.84 4.52 5.81 3.33
1.89 4.22 5.65 2.87
1.92 4.56 5.53 3.09
1.9 4.33 6.07 3.4
1.86 4.3 5.95 3.25
1.83 3.86 6.59 3.45
1.78 4.03 5.94 2.97
1.89 4.39 6.18 3.57
1.87 3.96 6.33 3.29
1.88 4.95 5.25 3.2
1.87 4.08 6.12 3.2
1.88 3.6 6.46 3.06
1.84 3.92 6.22 3.14
1.83 4.37 5.93 3.3
1.89 4.15 6.04 3.19
1.85 4.3 5.92 3.22
1.86 3.98 6.21 3.19
1.91 3.97 5.63 2.6
1.86 3.87 6.43 3.3
1.86 4.36 5.84 3.2
1.87 4.59 5.36 2.95
1.87 4.3 6.05 3.35
1.88 4.33 5.84 3.17
1.87 4.37 5.82 3.19
1.94 4.27 6.02 3.29
1.85 4.4 5.99 3.39
1.87 4.26 5.76 3.02
1.88 4.09 6.11 3.2
1.84 4.08 6.21 3.29
1.88 4.85 5.46 3.31
1.86 4.19 6.12 3.31
1.85 4.1 6.01 3.11
1.9 4.58 5.69 3.27
1.9 4.17 5.88 3.05
1.87 4.54 5.84 3.38
1.91 4.37 5.97 3.34
1.86 3.89 6.4 3.29
1.93 4.33 5.95 3.28
1.97 4.22 5.8 3.02
1.86 4.34 5.77 3.11
1.89 4.22 5.71 2.93
1.88 4.26 6.22 3.48
1.85 4.69 5.94 3.63
1.86 3.8 6.47 3.27
1.89 4.19 5.93 3.12
1.84 3.6 6.55 3.15
1.84 3.96 6.48 3.44
1.82 4.22 5.81 3.03
1.85 4.2 6.18 3.38
1.87 4.3 5.82 3.12
1.89 4.3 5.89 3.19
1.85 3.63 6.34 2.97
1.89 4.95 5.35 3.3
1.9 3.82 6.43 3.25
1.87 3.7 6.51 3.21
1.89 4.35 5.91 3.26
1.9 4.61 5.74 3.35
1.9 4.22 6.23 3.45
1.87 4.23 5.91 3.14
1.89 4.48 5.78 3.26
1.9 4.42 5.78 3.2
1.91 4.42 5.78 3.2
1.88 4.15 6.07 3.22
1.85 4.58 5.88 3.46
1.9 4.45 5.89 3.34
1.9 4.21 5.88 3.09
1.9 4.1 6.39 3.49
1.87 4.27 6.06 3.33
1.9 3.98 6.16 3.14
1.91 4.14 6.07 3.21
1.89 3.89 6.49 3.38
1.87 4.01 6.25 3.26
1.89 4.22 6.22 3.44
1.85 4.06 6.35 3.41
1.9 4.49 5.83 3.32
1.84 3.72 6.36 3.08
1.87 4.21 6.12 3.33
1.85 3.95 6.12 3.07
1.88 4.38 5.81 3.19
1.87 3.83 6.38 3.21
1.91 4.45 5.71 3.16
1.81 3.82 6.54 3.36
1.85 4.43 5.97 3.4
1.86 3.77 6.29 3.06
1.86 3.96 6.11 3.07
1.88 4.26 6.14 3.4
1.93 4.24 5.93 3.17
1.81 4.04 5.96 3.0
1.91 3.99 5.97 2.96
1.9 4.29 5.9 3.19
1.91 4.69 5.53 3.22
1.85 4.33 6.09 3.42
1.87 4.05 5.98 3.03
1.84 4.07 5.98 3.05
1.85 3.88 6.39 3.27
1.88 3.91 6.37 3.28
1.87 4.06 6.37 3.43
1.93 4.58 5.81 3.39
1.87 3.78 6.44 3.22
1.84 4.02 6.31 3.33
1.9 4.09 6.12 3.21
1.82 3.97 6.2 3.17
1.89 4.32 5.82 3.14
1.9 4.17 6.05 3.22
1.91 3.88 6.43 3.31
1.89 4.58 5.72 3.3
1.91 4.49 5.56 3.05
1.9 4.23 5.71 2.94
1.82 4.32 5.76 3.08
1.87 4.0 6.48 3.48
1.8 3.48 6.77 3.25
1.83 3.64 6.22 2.86
1.82 4.48 5.88 3.36
1.85 3.85 6.39 3.24
1.89 4.29 5.9 3.19
1.86 4.01 6.32 3.33
1.93 4.67 5.81 3.48
1.86 4.39 5.85 3.24
1.87 4.5 6.0 3.5
1.84 3.68 6.45 3.13
1.89 4.31 5.98 3.29
1.86 4.04 6.13 3.17
1.86 4.18 6.28 3.46
1.88 4.39 6.01 3.4
1.94 4.6 5.66 3.26
1.86 4.14 5.95 3.09
1.84 3.85 6.56 3.41
1.89 4.49 5.77 3.26
1.92 4.38 6.03 3.41
1.76 4.05 6.28 3.33
1.88 4.34 5.69 3.03
1.91 4.89 5.51 3.4
1.92 4.67 5.57 3.24
1.86 4.2 6.06 3.26
1.86 3.95 6.11 3.06
1.87 4.68 5.63 3.31
1.88 3.76 6.64 3.4
1.84 3.8 6.41 3.21
1.84 3.95 6.24 3.19
1.86 4.13 6.27 3.4
1.84 4.02 6.15 3.17
1.91 4.25 5.77 3.02
1.89 4.45 5.77 3.22
1.87 4.36 5.6 2.96
1.91 4.14 5.66 2.8
1.86 4.4 5.89 3.29
1.86 4.22 5.91 3.13
1.92 4.48 5.86 3.34
1.89 4.18 6.09 3.27
1.84 3.73 6.41 3.14
1.92 4.51 5.9 3.41
1.85 4.25 5.98 3.23
1.89 4.56 5.58 3.14
1.86 4.2 6.04 3.24
1.89 4.44 5.68 3.12
1.9 4.59 6.2 3.79
1.91 4.35 5.94 3.29
1.86 3.89 6.53 3.42
1.91 3.82 6.23 3.05
1.87 4.25 6.06 3.31
1.88 4.01 6.33 3.34
1.94 4.08 5.97 3.05
1.83 4.12 6.25 3.37
1.85 4.08 6.22 3.3
1.82 3.37 6.49 2.86
1.87 4.3 6.16 3.46
1.83 3.81 6.49 3.3
1.92 4.59 5.39 2.98
1.9 4.0 6.17 3.17
1.89 4.28 6.07 3.35
1.9 4.83 5.75 3.58
1.89 3.64 6.56 3.2
1.86 3.94 6.6 3.54
1.89 4.3 5.8 3.1
1.9 4.46 5.91 3.37
1.85 4.07 5.98 3.05
1.82 4.09 6.52 3.61
1.91 4.63 5.63 3.26
1.89 4.5 5.54 3.04
1.87 4.39 6.15 3.54
1.86 4.02 6.09 3.11
1.95 4.64 5.48 3.12
1.87 4.66 5.74 3.4
1.9 3.93 5.97 2.9
1.79 3.5 6.51 3.01
1.89 4.41 5.92 3.33
1.87 4.6 5.96 3.56
1.88 4.17 6.12 3.29
1.88 4.03 6.26 3.29
1.9 4.25 6.23 3.48
1.92 4.36 5.87 3.23
1.87 4.11 6.06 3.17
1.9 4.29 5.73 3.02
1.91 4.64 5.61 3.25
1.78 4.04 6.07 3.11
1.9 4.47 5.64 3.11
1.94 4.09 6.01 3.1
1.94 3.99 6.04 3.03
1.87 4.12 6.28 3.4
1.89 4.35 5.84 3.19
1.88 4.13 6.08 3.21
1.89 4.52 5.98 3.5
1.86 3.57 6.96 3.53
1.88 4.45 5.85 3.3
1.88 4.13 5.75 2.88
1.8 4.15 5.79 2.94
1.87 4.03 6.09 3.12
1.83 3.88 6.18 3.06
1.9 4.28 5.8 3.08
1.91 4.35 5.79 3.14
1.91 4.56 5.81 3.37
1.82 3.89 6.28 3.17
1.87 4.35 5.97 3.32
1.9 3.82 6.29 3.11
1.86 3.7 6.43 3.13
1.9 4.69 5.69 3.38
1.8 4.05 5.79 2.84
1.9 4.46 5.68 3.14
1.92 4.68 5.88 3.56
1.91 3.91 5.98 2.89
1.81 4.21 5.96 3.17
1.92 5.0 5.28 3.28
1.91 4.5 5.46 2.96
1.86 4.21 6.13 3.34
1.88 4.2 6.0 3.2
1.87 4.48 5.93 3.41
1.84 4.5 5.73 3.23
1.86 3.86 6.34 3.2
1.95 4.43 5.95 3.38
1.91 4.48 5.71 3.19
1.91 4.51 5.69 3.2
1.86 4.28 5.9 3.18
1.89 4.31 6.06 3.37
1.88 4.15 6.24 3.39
1.89 4.41 6.09 3.5
1.82 4.64 5.87 3.51
1.85 4.0 6.31 3.31
1.89 3.99 6.13 3.12
1.82 3.95 6.48 3.43
1.84 3.88 5.96 2.84
1.8 3.7 6.34 3.04
1.86 4.69 5.22 2.91
1.88 3.75 6.27 3.02
1.9 4.35 5.93 3.28
1.91 4.81 5.7 3.51
1.87 4.2 6.2 3.4
1.89 4.48 6.04 3.52
1.89 4.58 5.46 3.04
1.88 3.91 6.2 3.11
1.8 4.09 6.23 3.32
1.89 4.66 5.8 3.46
1.88 4.09 5.68 2.77
1.86 3.94 6.21 3.15
1.84 3.85 6.21 3.06
1.88 4.49 5.92 3.41
1.91 4.7 5.59 3.29
1.89 4.42 5.71 3.13
1.88 4.19 5.78 2.97
1.82 4.52 5.87 3.39
1.82 4.44 6.21 3.65
1.89 4.13 5.86 2.99
1.89 4.24 6.02 3.26
1.79 4.47 5.82 3.29
1.91 4.15 5.9 3.05
1.91 5.21 5.04 3.25
1.86 4.05 5.95 3.0
1.88 4.53 5.91 3.44
1.84 3.63 6.4 3.03
1.94 4.34 5.7 3.04
1.89 4.01 6.21 3.22
1.79 3.78 6.33 3.11
1.85 3.99 6.35 3.34
1.9 4.42 5.84 3.26
1.86 4.17 5.95 3.12
1.86 4.29 6.16 3.45
1.84 4.39 6.0 3.39
1.91 4.32 5.74 3.06
1.9 4.74 5.45 3.19
1.9 4.48 5.88 3.36
1.9 4.31 5.95 3.26
1.86 3.72 6.36 3.08
1.88 4.59 5.86 3.45
1.91 4.41 5.96 3.37
1.89 4.37 6.1 3.47
1.87 4.17 6.25 3.42
1.85 4.07 6.14 3.21
1.89 4.32 6.11 3.43
1.91 4.35 5.86 3.21
1.86 3.67 6.43 3.1
1.91 3.71 6.47 3.18
1.91 4.28 6.01 3.29
1.82 4.33 6.05 3.38
1.9 4.57 5.81 3.38
1.85 4.33 5.78 3.11
1.89 4.31 5.79 3.1
1.92 4.25 5.75 3.0
1.93 4.36 5.92 3.28
1.89 3.79 6.34 3.13
1.86 3.99 6.37 3.36
1.93 4.26 5.97 3.23
1.96 4.37 5.84 3.21
1.94 4.3 5.59 2.89
1.84 4.3 6.13 3.43
1.93 4.82 5.49 3.31
1.87 3.97 6.33 3.3
1.86 4.42 5.84 3.26
1.86 4.21 6.11 3.32
1.84 3.87 6.36 3.23
1.9 4.21 6.02 3.23
1.93 4.07 5.96 3.03
1.89 4.57 5.69 3.26
1.85 4.18 6.39 3.57
1.89 4.51 5.67 3.18
1.89 4.29 6.1 3.39
1.93 3.95 6.1 3.05
1.87 3.66 6.19 2.85
1.83 3.73 6.28 3.01
1.88 4.38 5.68 3.06
1.87 4.3 5.85 3.15
1.86 4.23 5.93 3.16
1.83 4.26 6.33 3.59
1.87 4.52 5.85 3.37
1.83 3.96 6.71 3.67
1.86 4.16 5.98 3.14
1.91 4.09 6.1 3.19
1.89 4.15 5.95 3.1
1.94 4.44 5.77 3.21
1.87 4.12 6.0 3.12
1.91 3.76 6.27 3.03
1.86 4.31 6.11 3.42
1.87 4.72 5.67 3.39
1.87 4.05 5.92 2.97
1.86 4.52 5.62 3.14
1.92 4.38 5.81 3.19
1.82 3.97 6.2 3.17
1.87 3.96 6.29 3.25
1.91 4.4 5.99 3.39
1.88 4.11 6.09 3.2
1.87 4.5 5.82 3.32
1.88 4.21 6.33 3.54
1.87 4.18 6.04 3.22
1.9 4.28 5.79 3.07
1.79 3.62 6.11 2.73
1.89 4.29 5.97 3.26
1.86 4.12 6.1 3.22
1.86 4.49 5.84 3.33
1.84 3.91 6.47 3.38
1.85 4.66 5.61 3.27
1.91 4.23 5.9 3.13
1.84 4.04 6.33 3.37
1.88 4.17 5.88 3.05
1.85 4.34 5.92 3.26
1.88 4.47 6.05 3.52
1.82 4.02 6.2 3.22
1.95 4.77 5.35 3.12
1.84 4.17 5.81 2.98
1.88 3.97 6.14 3.11
1.87 4.3 5.89 3.19
1.94 4.08 5.78 2.86
1.88 3.97 5.88 2.85
1.82 4.15 6.5 3.65
1.89 4.14 6.33 3.47
1.9 4.86 5.57 3.43
1.89 4.58 5.83 3.41
1.79 4.31 6.29 3.6
1.87 4.28 5.92 3.2
1.94 4.54 5.64 3.18
1.91 4.61 5.67 3.28
1.82 3.75 6.35 3.1
1.81 3.87 6.36 3.23
1.82 4.11 6.24 3.35
1.85 4.01 6.04 3.05
1.88 4.53 5.85 3.38
1.91 4.47 5.55 3.02
1.8 3.91 6.56 3.47
1.86 4.34 5.97 3.31
1.91 4.36 5.93 3.29
1.88 3.85 6.36 3.21
1.86 4.53 5.81 3.34
1.87 4.39 5.75 3.14
1.95 4.64 5.33 2.97
1.91 4.52 5.62 3.14
1.86 4.04 6.33 3.37
1.84 4.55 5.73 3.28
1.8 3.8 6.56 3.36
1.83 4.07 6.15 3.22
1.91 4.53 5.8 3.33
1.91 4.7 5.87 3.57
1.83 4.2 5.87 3.07
1.89 4.31 5.92 3.23
1.86 4.53 5.88 3.41
1.88 4.5 5.86 3.36
1.89 3.87 6.3 3.17
1.89 4.51 5.72 3.23
1.86 3.83 6.33 3.16
1.87 3.91 6.07 2.98
1.84 4.18 6.22 3.4
1.85 4.17 6.06 3.23
1.89 4.07 6.34 3.41
1.84 4.06 6.2 3.26
1.87 4.14 6.18 3.32
1.9 4.25 6.13 3.38
1.9 4.74 5.47 3.21
1.85 3.93 6.35 3.28
1.91 4.12 5.73 2.85
1.88 3.98 6.18 3.16
1.83 3.82 6.48 3.3
1.91 4.76 5.43 3.19
1.86 4.13 5.75 2.88
1.89 4.12 6.08 3.2
1.87 4.64 5.9 3.54
1.89 4.01 6.38 3.39
1.87 3.99 6.4 3.39
1.84 3.72 6.25 2.97
1.86 4.39 5.84 3.23
1.8 3.66 6.33 2.99
1.84 3.9 6.65 3.55
1.94 4.46 5.73 3.19
1.83 4.22 6.23 3.45
1.88 4.23 6.08 3.31
1.85 4.53 5.85 3.38
1.91 3.95 6.5 3.45
1.9 4.29 6.09 3.38
1.89 4.29 6.1 3.39
1.83 4.35 6.21 3.56
1.86 4.44 5.98 3.42
1.89 3.91 6.18 3.09
1.92 4.62 5.83 3.45
1.89 4.09 6.06 3.15
1.91 4.76 5.7 3.46
1.84 4.25 5.91 3.16
1.84 4.01 6.01 3.02
1.88 4.12 6.18 3.3
1.9 4.3 6.06 3.36
1.89 3.97 6.34 3.31
1.89 4.27 6.04 3.31
1.85 4.06 6.14 3.2
1.84 4.2 6.0 3.2
1.91 3.9 6.14 3.04
1.85 3.91 6.43 3.34
1.91 4.2 6.01 3.21
1.86 4.08 6.08 3.16
1.84 4.56 5.64 3.2
1.93 4.48 5.72 3.2
1.91 4.23 5.88 3.11
1.89 4.31 6.03 3.34
1.93 4.07 6.23 3.3
1.87 3.84 6.08 2.92
1.89 4.22 6.23 3.45
1.91 4.42 5.55 2.97
1.86 4.65 5.64 3.29
1.91 4.37 5.56 2.93
1.91 4.37 6.07 3.44
1.92 4.03 6.25 3.28
1.87 4.33 5.99 3.32
1.87 4.08 6.05 3.13
1.92 4.05 6.28 3.33
1.84 4.09 6.2 3.29
1.92 4.61 5.61 3.22
1.85 3.84 6.35 3.19
1.88 4.51 5.86 3.37
1.84 3.78 6.7 3.48
1.84 4.08 6.04 3.12
1.91 4.53 5.83 3.36
1.87 4.55 5.59 3.14
1.9 4.4 5.84 3.24
1.88 4.3 6.03 3.33
1.89 4.16 6.2 3.36
1.89 4.5 5.73 3.23
1.88 4.24 5.9 3.14
1.88 4.28 5.67 2.95
1.9 4.8 5.53 3.33
1.9 4.52 5.54 3.06
1.84 3.64 6.78 3.42
1.85 4.44 6.07 3.51
1.84 4.23 6.3 3.53
1.84 3.71 6.41 3.12
1.85 4.29 6.0 3.29
1.93 4.34 5.76 3.1
1.84 3.71 6.17 2.88
1.87 3.86 6.29 3.15
1.88 4.43 5.98 3.41
1.9 4.47 5.76 3.23
1.9 3.59 6.46 3.05
1.87 4.32 5.86 3.18
1.92 4.65 5.71 3.36
1.88 4.13 5.85 2.98
1.89 4.07 6.35 3.42
1.9 4.65 5.88 3.53
1.87 4.05 5.95 3.0
1.87 4.26 5.9 3.16
1.83 3.99 6.16 3.15
1.88 4.37 5.87 3.24
1.9 4.36 5.87 3.23
1.88 4.11 5.92 3.03
1.87 4.46 5.77 3.23
1.88 4.38 5.63 3.01
1.9 4.64 5.71 3.35
1.86 4.25 5.6 2.85
1.89 4.56 5.8 3.36
1.88 4.21 5.99 3.2
1.87 4.14 6.25 3.39
1.87 3.83 6.17 3.0
1.88 4.09 6.23 3.32
1.89 4.06 6.27 3.33
1.77 3.73 6.43 3.16
1.9 4.29 5.98 3.27
1.93 4.08 6.38 3.46
1.88 4.62 5.92 3.54
1.88 4.59 5.49 3.08
1.85 4.19 6.34 3.53
1.86 3.67 6.23 2.9
1.82 4.08 6.26 3.34
1.89 4.2 5.94 3.14
1.92 3.86 6.09 2.95
1.85 4.25 6.01 3.26
1.86 4.21 6.12 3.33
1.84 3.99 6.22 3.21
1.84 4.08 6.45 3.53
1.91 4.31 5.81 3.12
1.87 4.38 6.04 3.42
1.88 4.09 6.13 3.22
1.87 4.52 5.69 3.21
1.87 4.57 5.33 2.9
1.85 4.24 6.19 3.43
1.88 3.87 5.97 2.84
1.91 4.75 5.36 3.11
1.94 4.57 5.72 3.29
1.92 4.5 5.76 3.26
1.82 4.35 6.1 3.45
1.82 4.19 6.13 3.32
1.93 4.29 5.89 3.18
1.91 4.88 5.7 3.58
1.84 3.83 6.36 3.19
1.85 4.3 6.12 3.42
1.85 3.99 6.08 3.07
1.9 4.7 5.55 3.25
1.88 4.0 6.09 3.09
1.84 4.51 6.08 3.59
1.88 4.32 5.97 3.29
1.87 3.82 6.27 3.09
1.92 4.22 6.01 3.23
1.83 3.95 6.4 3.35
1.88 4.29 6.05 3.34
1.87 4.27 6.15 3.42
1.91 4.07 5.92 2.99
1.85 3.92 6.47 3.39
1.87 3.73 6.39 3.12
1.9 4.23 6.07 3.3
1.84 3.93 6.11 3.04
1.89 4.01 6.29 3.3
1.83 4.17 5.97 3.14
1.91 4.27 6.06 3.33
1.92 4.14 6.02 3.16
1.87 4.23 6.13 3.36
1.87 3.98 6.26 3.24
1.92 4.44 6.02 3.46
1.84 4.62 5.68 3.3
1.92 4.68 5.8 3.48
1.87 3.98 6.27 3.25
1.84 4.42 5.81 3.23
1.87 4.19 5.84 3.03
1.88 4.23 5.99 3.22
1.87 3.69 6.37 3.06
1.89 4.15 6.13 3.28
1.88 4.12 6.27 3.39
1.93 4.14 6.12 3.26
1.88 4.54 5.8 3.34
1.9 4.08 6.16 3.24
1.88 4.3 6.15 3.45
1.8 4.15 6.11 3.26
1.81 4.07 6.42 3.49
1.83 3.68 6.36 3.04
1.91 4.28 5.96 3.24
1.88 4.06 6.13 3.19
1.89 4.66 5.8 3.46
1.91 4.04 5.86 2.9
1.84 4.31 5.85 3.16
1.88 4.42 5.69 3.11
1.89 4.09 5.92 3.01
1.93 4.45 5.61 3.06
1.87 4.34 6.06 3.4
1.82 4.43 6.11 3.54
1.86 4.79 5.22 3.01
1.86 3.7 6.31 3.01
1.89 4.06 6.02 3.08
1.89 4.43 5.97 3.4
1.8 3.81 6.45 3.26
1.83 4.36 6.25 3.61
1.88 4.49 5.79 3.28
1.87 3.93 6.34 3.27
1.86 4.08 6.17 3.25
1.86 3.71 6.24 2.95
1.92 4.27 5.74 3.01
1.78 3.8 6.36 3.16
1.84 4.3 6.07 3.37
1.86 4.11 6.3 3.41
1.87 4.03 5.96 2.99
1.87 4.24 5.95 3.19
1.87 4.17 5.88 3.05
1.88 3.98 6.07 3.05
1.88 4.06 6.13 3.19
1.82 3.67 6.58 3.25
1.84 4.56 5.81 3.37
1.91 4.18 6.1 3.28
1.84 4.62 5.9 3.52
1.82 3.53 6.5 3.03
1.87 3.66 6.18 2.84
1.83 4.15 5.96 3.11
1.83 3.99 6.57 3.56
1.87 4.09 6.14 3.23
1.86 4.31 5.89 3.2
1.88 4.32 5.75 3.07
1.85 4.11 6.06 3.17
1.89 4.45 5.95 3.4
1.87 3.98 6.22 3.2
1.93 4.59 5.72 3.31
1.91 4.04 6.07 3.11
1.86 3.77 6.46 3.23
1.9 4.13 6.01 3.14
1.85 3.95 6.28 3.23
1.84 4.33 6.13 3.46
1.88 3.76 6.32 3.08
1.87 4.3 6.27 3.57
1.91 4.23 5.79 3.02
1.79 4.04 6.34 3.38
1.85 3.98 6.17 3.15
1.88 4.03 6.1 3.13
1.92 4.95 5.67 3.62
1.87 4.15 5.97 3.12
1.85 3.97 6.3 3.27
1.97 4.91 5.28 3.19
1.89 4.36 5.84 3.2
1.9 4.6 5.93 3.53
1.9 4.1 6.16 3.26
1.87 3.9 6.31 3.21
1.92 4.04 6.4 3.44
1.88 4.19 6.01 3.2
1.88 4.16 6.17 3.33
1.85 4.29 5.89 3.18
1.81 4.2 5.77 2.97
1.87 4.1 6.15 3.25
1.9 4.23 5.97 3.2
1.89 4.47 5.86 3.33
1.83 4.37 5.69 3.06
1.87 4.29 6.15 3.44
1.88 3.98 6.24 3.22
1.83 3.92 6.27 3.19
1.83 4.13 6.0 3.13
1.87 4.82 5.59 3.41
1.9 3.94 5.95 2.89
1.87 4.37 5.98 3.35
1.87 4.28 5.94 3.22
1.89 4.31 6.08 3.39
1.89 4.26 6.12 3.38
1.89 3.99 6.37 3.36
1.83 3.96 6.17 3.13
1.83 4.1 6.09 3.19
1.83 4.09 6.27 3.36
1.89 4.49 5.77 3.26
1.86 4.26 5.71 2.97
1.91 4.01 6.22 3.23
1.88 4.23 6.27 3.5
1.88 4.1 5.99 3.09
1.92 4.31 5.9 3.21
1.88 4.08 6.02 3.1
1.89 4.41 5.84 3.25
1.87 4.16 6.14 3.3
1.89 4.09 6.13 3.22
1.86 3.95 6.36 3.31
1.85 3.97 6.42 3.39
1.9 4.32 6.02 3.34
1.85 4.18 6.08 3.26
1.88 4.11 5.87 2.98
1.86 4.4 5.96 3.36
1.81 3.91 6.39 3.3
1.88 4.26 5.89 3.15
1.9 4.02 6.16 3.18
1.87 4.24 6.12 3.36
1.88 4.35 5.78 3.13
1.82 3.83 6.68 3.51
1.9 4.02 6.41 3.43
1.84 3.99 6.02 3.01
1.92 4.08 5.75 2.83
1.88 4.12 6.17 3.29
1.89 4.26 5.8 3.06
1.9 4.84 5.47 3.31
1.84 3.88 6.45 3.33
1.88 4.17 5.93 3.1
1.87 4.21 6.14 3.35
1.79 4.21 6.33 3.54
1.86 4.27 6.05 3.32
1.83 3.95 6.42 3.37
1.9 3.84 6.36 3.2
1.83 4.0 6.31 3.31
1.87 3.85 6.18 3.03
1.85 3.79 6.53 3.32
1.85 4.34 5.88 3.22
1.88 4.05 6.34 3.39
1.84 4.13 6.19 3.32
1.91 4.64 5.39 3.03
1.88 3.93 6.18 3.11
1.92 4.63 5.78 3.41
1.78 3.94 6.22 3.16
1.9 4.52 5.61 3.13
1.85 4.13 5.91 3.04
1.85 4.43 5.71 3.14
1.82 4.08 6.44 3.52
1.87 3.85 6.25 3.1
1.86 4.08 6.28 3.36
1.88 4.27 6.19 3.46
1.91 4.64 5.68 3.32
1.85 4.15 6.34 3.49
1.91 4.72 5.77 3.49
1.9 4.42 5.98 3.4
1.85 4.4 6.01 3.41
1.91 4.73 5.86 3.59
1.88 4.07 5.96 3.03
1.87 4.29 6.13 3.42
1.86 4.43 5.74 3.17
1.84 4.24 6.04 3.28
1.89 4.44 5.97 3.41
1.86 4.4 5.72 3.12
1.86 4.13 6.3 3.43
1.94 4.73 5.41 3.14
1.85 4.2 6.02 3.22
1.88 3.73 6.47 3.2
1.87 3.69 6.51 3.2
1.87 4.06 6.38 3.44
1.87 3.66 6.48 3.14
1.9 4.49 5.73 3.22
1.88 4.4 5.83 3.23
1.89 4.2 6.19 3.39
1.85 4.5 5.89 3.39
1.9 4.32 6.06 3.38
1.85 3.6 6.55 3.15
1.87 4.48 5.71 3.19
1.88 3.95 6.29 3.24
1.91 4.22 5.89 3.11
1.89 4.25 5.79 3.04
1.89 4.18 6.0 3.18
1.88 4.03 6.3 3.33
1.88 4.53 5.65 3.18
1.81 3.93 6.17 3.1
1.9 4.52 5.68 3.2
1.93 4.43 5.89 3.32
1.92 4.14 6.11 3.25
1.85 4.13 6.13 3.26
1.91 3.97 5.98 2.95
1.85 4.03 6.01 3.04
1.86 4.24 6.03 3.27
1.88 4.02 5.96 2.98
1.89 4.15 6.31 3.46
1.88 4.66 5.83 3.49
1.85 4.42 5.92 3.34
1.84 4.16 6.14 3.3
1.87 4.07 6.28 3.35
1.88 4.04 6.08 3.12
1.82 4.39 5.98 3.37
1.85 4.3 5.84 3.14
1.82 4.21 6.25 3.46
1.87 4.23 5.91 3.14
1.88 4.07 6.17 3.24
1.84 4.18 6.06 3.24
1.84 3.79 6.71 3.5
1.93 4.56 5.91 3.47
1.88 4.75 5.83 3.58
1.91 4.38 5.78 3.16
1.85 4.2 6.03 3.23
1.94 4.73 5.56 3.29
1.88 4.16 5.89 3.05
1.88 4.27 6.02 3.29
1.91 4.91 5.17 3.08
1.92 3.86 6.27 3.13
1.89 4.49 5.6 3.09
1.87 4.06 6.0 3.06
1.88 4.12 6.22 3.34
1.9 4.24 5.95 3.19
1.88 4.29 5.72 3.01
1.84 3.76 6.23 2.99
1.86 4.16 5.85 3.01
1.84 4.25 6.14 3.39
1.91 4.44 5.78 3.22
1.85 4.03 6.27 3.3
1.87 4.43 5.97 3.4
1.81 4.03 6.38 3.41
1.89 4.49 5.75 3.24
1.89 4.08 6.26 3.34
1.92 4.66 5.5 3.16
1.89 4.6 5.73 3.33
1.86 4.43 5.9 3.33
1.9 4.33 5.93 3.26
1.92 4.19 6.02 3.21
1.85 4.25 5.99 3.24
1.91 4.27 5.83 3.1
1.91 4.29 5.8 3.09
1.81 3.74 6.48 3.22
1.94 4.26 6.07 3.33
1.87 4.33 6.12 3.45
1.87 4.0 6.46 3.46
1.87 4.1 6.02 3.12
1.86 4.43 6.03 3.46
1.92 4.67 5.68 3.35
1.83 4.04 6.43 3.47
1.9 4.21 6.02 3.23
1.86 4.24 5.85 3.09
1.85 3.9 6.18 3.08
1.88 4.98 5.51 3.49
1.9 3.85 6.29 3.14
1.88 4.55 5.74 3.29
1.89 4.28 5.78 3.06
1.87 3.97 6.24 3.21
1.89 4.01 6.11 3.12
1.89 4.46 5.68 3.14
1.9 4.61 5.47 3.08
1.9 4.52 5.86 3.38
1.91 4.2 5.72 2.92
1.89 3.94 6.1 3.04
1.89 4.04 6.19 3.23
1.88 4.09 6.13 3.22
1.88 4.66 5.7 3.36
1.87 4.28 5.94 3.22
1.87 4.42 5.93 3.35
1.88 4.08 6.13 3.21
1.81 4.12 6.32 3.44
1.9 4.48 5.67 3.15
1.81 4.42 6.11 3.53
1.86 4.37 6.17 3.54
1.89 4.38 5.53 2.91
1.85 4.34 6.0 3.34
1.82 4.41 5.95 3.36
1.89 3.88 6.42 3.3
1.92 5.04 5.45 3.49
1.87 4.37 5.77 3.14
1.92 4.41 5.93 3.34
1.88 4.27 5.66 2.93
1.82 3.93 6.3 3.23
1.85 4.11 6.23 3.34
1.9 5.05 5.56 3.61
1.95 4.08 6.19 3.27
1.87 4.46 5.94 3.4
1.82 4.14 5.82 2.96
1.87 4.17 6.08 3.25
1.84 4.0 5.9 2.9
1.88 4.5 5.96 3.46
1.9 4.34 5.93 3.27
1.92 4.41 5.72 3.13
1.88 3.67 6.33 3.0
1.9 4.48 5.62 3.1
1.94 4.22 5.87 3.09
1.86 4.37 6.12 3.49
1.81 3.91 6.32 3.23
1.94 4.99 5.43 3.42
1.86 4.54 6.04 3.58
1.91 4.22 5.78 3.0
1.87 4.4 5.92 3.32
1.9 4.2 5.92 3.12
1.87 4.07 6.0 3.07
1.83 4.11 6.33 3.44
1.87 3.96 6.24 3.2
1.86 4.38 5.91 3.29
1.91 3.66 6.34 3.0
1.92 3.9 6.05 2.95
1.88 4.14 6.14 3.28
1.86 4.09 5.92 3.01
1.87 4.39 6.21 3.6
1.92 4.08 6.06 3.14
1.86 4.41 6.06 3.47
1.86 3.97 6.34 3.31
1.88 4.62 5.69 3.31
1.92 4.15 6.21 3.36
1.9 4.69 5.69 3.38
1.85 3.57 6.85 3.42
1.93 4.16 6.25 3.41
1.89 4.08 6.13 3.21
1.87 4.31 5.73 3.04
1.91 4.11 6.02 3.13
1.89 4.09 5.87 2.96
1.9 4.0 6.16 3.16
1.86 4.55 5.96 3.51
1.88 4.51 5.84 3.35
1.87 4.24 5.79 3.03
1.91 4.03 6.53 3.56
1.89 4.24 6.08 3.32
1.89 3.95 6.08 3.03
1.88 3.93 6.4 3.33
1.91 4.21 5.74 2.95
1.9 3.95 6.08 3.03
1.89 4.67 5.77 3.44
1.89 4.55 5.93 3.48
1.82 4.3 5.95 3.25
1.88 4.04 5.99 3.03
1.94 4.82 5.45 3.27
1.91 4.53 5.63 3.16
1.81 4.15 6.1 3.25
1.82 3.57 6.65 3.22
1.89 4.28 6.06 3.34
1.84 3.89 6.43 3.32
1.87 4.35 5.65 3.0
1.89 4.36 5.81 3.17
1.9 3.83 6.54 3.37
1.88 4.34 5.79 3.13
1.86 4.31 5.96 3.27
1.8 3.9 6.35 3.25
1.82 3.68 6.28 2.96
1.85 4.67 5.52 3.19
1.86 4.08 6.01 3.09
1.91 4.01 5.97 2.98
1.87 4.52 5.75 3.27
1.88 3.92 6.21 3.13
1.85 3.77 6.44 3.21
1.92 3.97 6.14 3.11
1.88 3.96 6.36 3.32
1.85 4.12 6.17 3.29
1.82 4.14 6.24 3.38
1.84 4.33 6.05 3.38
1.88 4.34 6.17 3.51
1.88 4.3 5.8 3.1
1.86 4.25 6.08 3.33
1.89 4.11 5.85 2.96
1.85 4.1 6.15 3.25
1.83 4.04 6.22 3.26
1.82 3.77 6.45 3.22
1.93 4.38 5.64 3.02
1.87 3.86 6.2 3.06
1.86 4.08 6.25 3.33
1.91 4.23 5.88 3.11
1.91 4.56 5.83 3.39
1.88 4.4 5.94 3.34
1.9 4.12 5.97 3.09
1.85 4.25 6.0 3.25
1.85 4.35 5.92 3.27
1.85 3.79 6.38 3.17
1.87 4.53 6.07 3.6
1.93 4.41 5.79 3.2
1.9 4.64 5.42 3.06
1.84 3.96 6.4 3.36
1.84 4.26 6.08 3.34
1.84 4.19 5.88 3.07
1.88 4.07 6.05 3.12
1.88 4.03 6.09 3.12
1.84 3.77 6.47 3.24
1.88 4.45 5.94 3.39
1.89 4.11 5.81 2.92
1.91 4.33 5.91 3.24
1.9 3.92 6.49 3.41
1.92 4.28 6.02 3.3
1.85 4.16 5.78 2.94
1.84 3.96 6.05 3.01
1.94 4.22 5.89 3.11
1.88 4.42 6.13 3.55
1.91 4.51 5.63 3.14
1.88 4.16 6.08 3.24
1.88 4.05 6.24 3.29
1.89 3.82 6.72 3.54
1.88 3.94 6.13 3.07
1.87 4.36 5.7 3.06
1.89 4.17 5.94 3.11
1.85 4.12 6.08 3.2
1.89 3.89 6.28 3.17
1.88 3.99 6.37 3.36
1.86 4.15 6.48 3.63
1.91 4.53 5.59 3.12
1.91 4.26 6.02 3.28
1.82 4.17 5.97 3.14
1.88 4.57 5.81 3.38
1.9 4.57 5.73 3.3
1.88 3.8 6.48 3.28
1.84 3.79 6.64 3.43
1.96 4.74 5.41 3.15
1.9 4.21 5.79 3.0
1.89 4.12 5.97 3.09
1.9 4.36 6.34 3.7
1.86 4.19 6.12 3.31
1.94 4.67 5.58 3.25
1.92 4.24 5.97 3.21
1.88 4.18 6.07 3.25
1.85 4.19 5.98 3.17
1.88 4.67 5.52 3.19
1.88 4.46 5.93 3.39
1.93 3.94 5.76 2.7
1.9 4.29 5.8 3.09
1.89 4.06 6.25 3.31
1.87 3.51 6.55 3.06
1.89 4.42 5.78 3.2
1.84 4.31 5.76 3.07
1.92 4.41 5.94 3.35
1.85 3.89 6.2 3.09
1.91 4.25 5.96 3.21
1.87 3.64 6.67 3.31
1.79 4.11 6.29 3.4
1.87 4.07 6.41 3.48
1.81 3.93 6.41 3.34
1.82 3.86 6.23 3.09
1.91 4.16 6.1 3.26
1.88 4.0 5.99 2.99
1.91 4.42 5.81 3.23
1.92 4.53 5.64 3.17
1.92 4.46 5.63 3.09
1.94 4.23 5.65 2.88
1.85 3.99 6.07 3.06
1.84 4.16 6.0 3.16
1.84 4.17 6.1 3.27
1.89 4.1 6.14 3.24
1.87 3.84 6.54 3.38
1.8 3.43 6.63 3.06
1.86 3.81 6.01 2.82
1.87 3.91 6.3 3.21
1.83 4.04 5.92 2.96
1.84 4.1 6.08 3.18
1.82 3.96 6.09 3.05
1.88 4.01 6.3 3.31
1.91 4.4 5.87 3.27
1.85 3.97 6.17 3.14
1.86 4.25 6.22 3.47
1.83 3.91 6.41 3.32
1.9 3.64 6.42 3.06
1.84 3.92 6.17 3.09
1.86 4.66 5.46 3.12
1.9 3.74 6.17 2.91
1.83 3.75 6.04 2.79
1.91 3.91 6.03 2.94
1.9 4.11 6.03 3.14
1.8 3.99 6.29 3.28
1.87 4.09 6.01 3.1
1.86 3.8 6.2 3.0
1.9 4.09 5.88 2.97
1.83 4.25 5.99 3.24
1.89 3.98 6.12 3.1
1.87 4.63 5.66 3.29
1.86 4.22 6.05 3.27
1.87 4.31 5.82 3.13
1.9 4.27 6.13 3.4
1.88 3.81 6.32 3.13
1.85 4.31 5.83 3.14
1.82 4.08 5.95 3.03
1.84 4.14 6.13 3.27
1.81 4.03 6.43 3.46
1.89 4.09 6.39 3.48
1.87 4.22 6.04 3.26
1.81 4.22 6.09 3.31
1.9 4.01 6.31 3.32
1.89 4.41 5.7 3.11
1.9 3.72 6.72 3.44
1.88 4.15 5.84 2.99
1.92 4.47 5.9 3.37
1.91 4.47 5.89 3.36
1.87 4.1 6.21 3.31
1.89 4.2 6.28 3.48
1.88 4.04 6.03 3.07
1.85 4.4 5.93 3.33
1.86 4.1 6.03 3.13
1.84 3.64 6.28 2.92
1.87 4.28 6.02 3.3
1.9 4.16 6.16 3.32
1.83 3.83 6.64 3.47
1.91 4.77 5.19 2.96
1.89 3.8 6.24 3.04
1.85 3.9 6.1 3.0
1.82 4.12 6.18 3.3
1.87 4.44 5.88 3.32
1.9 4.41 5.56 2.97
1.9 4.17 6.09 3.26
1.9 4.61 5.55 3.16
1.85 3.73 6.36 3.09
1.94 4.77 5.45 3.22
1.84 4.16 6.02 3.18
1.83 3.64 6.55 3.19
1.82 3.89 6.35 3.24
1.88 4.09 6.13 3.22
1.89 4.11 6.11 3.22
1.91 4.19 5.91 3.1
1.83 4.47 5.58 3.05
1.89 4.56 5.72 3.28
1.88 4.31 5.84 3.15
1.86 4.36 6.3 3.66
1.86 4.25 5.93 3.18
1.87 4.43 5.78 3.21
1.9 4.37 6.15 3.52
1.8 4.27 5.97 3.24
1.86 3.78 6.44 3.22
1.92 4.61 5.84 3.45
1.83 4.05 6.24 3.29
1.91 4.48 5.73 3.21
1.94 4.4 5.53 2.93
1.85 4.22 6.03 3.25
1.9 4.34 5.75 3.09
1.93 4.71 5.42 3.13
1.89 4.28 5.62 2.9
1.93 4.37 5.82 3.19
1.86 4.01 6.23 3.24
1.87 4.0 6.04 3.04
1.88 4.04 5.95 2.99
1.9 4.52 5.86 3.38
1.86 4.24 6.18 3.42
1.83 3.82 6.36 3.18
1.86 4.46 5.69 3.15
1.88 4.36 5.78 3.14
1.89 5.01 5.5 3.51
1.9 4.36 5.79 3.15
1.9 4.62 5.62 3.24
1.85 4.26 6.07 3.33
1.87 4.35 5.98 3.33
1.87 3.77 5.91 2.68
1.9 4.66 5.57 3.23
1.89 4.22 6.1 3.32
1.85 4.46 6.09 3.55
1.91 4.35 5.91 3.26
1.89 4.46 5.65 3.11
1.85 3.91 6.17 3.08
1.92 4.93 5.47 3.4
1.8 4.48 5.58 3.06
1.87 3.71 6.14 2.85
1.9 4.04 6.03 3.07
1.93 4.58 5.6 3.18
1.89 4.13 6.13 3.26
1.91 4.61 5.56 3.17
1.88 4.3 5.92 3.22
1.83 4.43 5.98 3.41
1.9 4.02 5.93 2.95
1.78 3.73 6.28 3.01
1.86 4.2 5.83 3.03
1.83 4.16 5.92 3.08
1.9 4.27 6.0 3.27
1.86 3.77 6.2 2.97
1.95 4.47 5.55 3.02
1.91 4.57 5.71 3.28
1.91 4.19 5.92 3.11
1.86 4.24 6.1 3.34
1.93 4.38 5.58 2.96
1.81 3.58 6.51 3.09
1.91 4.2 5.77 2.97
1.86 4.27 5.92 3.19
1.91 4.68 5.59 3.27
1.84 4.26 6.09 3.35
1.86 3.99 6.0 2.99
1.86 4.1 5.86 2.96
1.89 4.12 6.17 3.29
1.87 4.1 5.9 3.0
1.9 4.06 6.32 3.38
1.9 4.84 5.52 3.36
1.91 4.23 5.95 3.18
1.92 4.21 5.94 3.15
1.85 4.14 6.1 3.24
1.86 3.72 6.2 2.92
1.87 4.1 6.36 3.46
1.91 4.59 5.69 3.28
1.91 5.09 5.11 3.2
1.91 4.83 5.39 3.22
1.93 4.15 5.98 3.13
1.85 3.98 6.34 3.32
1.86 4.39 5.81 3.2
1.8 3.9 6.02 2.92
1.85 3.97 5.86 2.83
1.87 3.97 6.19 3.16
1.9 3.73 6.35 3.08
1.86 4.43 5.93 3.36
1.85 4.19 6.28 3.47
1.87 4.07 6.12 3.19
1.88 4.21 6.14 3.35
1.95 4.08 5.88 2.96
1.91 4.23 5.98 3.21
1.88 4.27 6.21 3.48
1.9 4.37 6.34 3.71
1.9 4.69 5.6 3.29
1.93 3.84 6.26 3.1
1.83 4.33 6.01 3.34
1.86 3.68 6.5 3.18
1.91 4.75 5.75 3.5
1.84 3.59 6.34 2.93
1.83 3.53 6.45 2.98
1.87 3.89 6.06 2.95
1.86 4.01 6.09 3.1
1.86 3.83 6.27 3.1
1.9 4.03 6.1 3.13
1.94 4.26 5.85 3.11
1.89 4.39 6.13 3.52
1.88 4.1 5.94 3.04
1.87 3.86 6.32 3.18
1.85 4.0 6.13 3.13
1.84 4.0 6.05 3.05
1.84 4.12 6.15 3.27
1.9 4.34 5.63 2.97
1.85 4.45 5.76 3.21
1.85 3.99 5.87 2.86
1.86 4.17 5.69 2.86
1.81 3.75 6.39 3.14
1.85 4.06 6.22 3.28
1.87 4.33 6.06 3.39
1.93 4.79 5.38 3.17
1.91 4.45 5.79 3.24
1.89 4.38 5.9 3.28
1.91 4.25 6.08 3.33
1.89 4.49 5.67 3.16
1.86 4.08 6.03 3.11
1.82 4.22 5.93 3.15
1.84 4.32 5.91 3.23
1.88 3.91 6.12 3.03
1.91 4.27 6.07 3.34
1.9 4.13 6.15 3.28
1.91 4.19 6.17 3.36
1.83 3.84 6.09 2.93
1.85 3.91 6.55 3.46
1.92 4.05 6.09 3.14
1.89 4.58 5.77 3.35
1.87 3.97 6.17 3.14
1.86 4.09 6.24 3.33
1.81 4.29 6.09 3.38
1.88 4.85 5.79 3.64
1.89 4.49 6.26 3.75
1.89 3.82 6.42 3.24
1.84 3.33 6.65 2.98
1.88 3.85 6.37 3.22
1.87 3.97 6.38 3.35
1.87 4.52 5.67 3.19
1.88 3.99 6.22 3.21
1.9 4.06 6.18 3.24
1.88 4.46 5.88 3.34
1.92 4.66 5.55 3.21
1.85 4.29 5.91 3.2
1.93 4.4 5.64 3.04
1.86 4.31 5.86 3.17
1.82 4.15 5.91 3.06
1.88 4.2 5.91 3.11
1.91 4.33 5.73 3.06
1.88 4.41 5.83 3.24
1.81 3.94 6.15 3.09
1.95 4.39 5.86 3.25
1.86 4.35 5.76 3.11
1.9 4.65 5.65 3.3
1.9 4.13 6.07 3.2
1.89 4.43 5.91 3.34
1.88 4.07 5.95 3.02
1.87 3.73 6.73 3.46
1.87 4.47 5.8 3.27
1.87 4.59 5.71 3.3
1.89 4.61 5.47 3.08
1.82 3.94 6.43 3.37
1.85 4.23 5.85 3.08
1.87 4.0 6.5 3.5
1.91 4.39 5.64 3.03
1.89 3.95 5.96 2.91
1.86 4.11 6.21 3.32
1.86 4.26 5.82 3.08
1.9 4.66 5.86 3.52
1.9 4.29 5.99 3.28
1.89 4.69 5.51 3.2
1.86 4.41 5.93 3.34
1.88 4.3 5.86 3.16
1.9 4.38 5.95 3.33
1.9 4.71 5.67 3.38
1.88 4.25 5.87 3.12
1.84 4.35 6.13 3.48
1.82 4.34 5.93 3.27
1.85 3.98 6.25 3.23
1.93 4.68 5.53 3.21
1.91 4.93 5.37 3.3
1.85 4.06 5.92 2.98
1.87 4.43 5.86 3.29
1.86 4.03 6.44 3.47
1.93 4.35 5.47 2.82
1.86 4.49 6.02 3.51
1.88 3.81 6.25 3.06
1.87 4.41 5.63 3.04
1.87 3.89 6.31 3.2
1.87 4.14 6.13 3.27
1.91 4.12 5.98 3.1
1.84 4.09 6.21 3.3
1.92 4.48 5.85 3.33
1.87 4.1 6.09 3.19
1.89 4.66 5.65 3.31
1.78 3.99 6.55 3.54
1.86 4.17 6.01 3.18
1.88 4.33 6.03 3.36
1.91 4.36 5.93 3.29
1.87 4.59 5.53 3.12
1.83 4.01 6.48 3.49
1.88 4.3 5.72 3.02
1.89 4.11 6.18 3.29
1.92 4.14 5.94 3.08
1.88 4.25 5.88 3.13
1.86 4.51 5.8 3.31
1.83 3.86 6.39 3.25
1.81 3.94 6.05 2.99
1.87 4.36 5.99 3.35
1.9 4.04 5.92 2.96
1.91 4.19 6.25 3.44
1.82 4.52 5.99 3.51
1.89 4.12 6.31 3.43
1.88 4.57 5.74 3.31
1.91 3.85 6.08 2.93
1.88 4.35 6.04 3.39
1.88 4.17 5.79 2.96
1.84 4.14 5.9 3.04
1.87 4.59 5.68 3.27
1.9 4.11 5.71 2.82
1.86 4.03 6.22 3.25
1.79 3.87 6.48 3.35
1.89 4.07 5.98 3.05
1.87 4.06 6.2 3.26
1.85 3.57 6.23 2.8
1.88 4.4 5.72 3.12
1.93 4.18 6.31 3.49
1.89 4.4 5.91 3.31
1.86 4.5 5.79 3.29
1.92 4.28 5.92 3.2
1.88 4.48 5.57 3.05
1.92 4.51 5.62 3.13
1.85 4.33 5.97 3.3
1.9 4.45 5.86 3.31
1.91 4.34 6.35 3.69
1.9 4.16 6.44 3.6
1.86 4.63 5.75 3.38
1.81 3.64 6.24 2.88
1.88 4.12 6.14 3.26
1.98 4.69 5.65 3.34
1.81 4.21 5.94 3.15
1.84 3.62 6.61 3.23
1.91 4.45 5.69 3.14
1.9 4.28 5.67 2.95
1.89 4.17 6.12 3.29
1.89 4.21 5.79 3.0
1.85 4.68 5.75 3.43
1.85 4.45 5.82 3.27
1.81 3.8 6.38 3.18
1.87 4.49 5.64 3.13
1.87 4.01 6.38 3.39
1.84 4.12 6.1 3.22
1.84 3.68 6.26 2.94
1.9 4.21 5.92 3.13
1.84 3.8 6.74 3.54
1.77 3.67 6.47 3.14
1.9 4.06 5.86 2.92
1.86 4.03 6.08 3.11
1.85 3.9 6.44 3.34
1.87 3.95 6.4 3.35
1.86 4.03 6.27 3.3
1.86 4.15 5.78 2.93
1.88 4.14 5.95 3.09
1.89 4.42 5.92 3.34
1.9 4.5 5.47 2.97
1.87 4.52 5.62 3.14
1.87 3.97 6.46 3.43
1.86 4.18 6.39 3.57
1.89 4.1 5.96 3.06
1.91 4.12 5.98 3.1
1.86 4.5 5.6 3.1
1.83 3.71 6.39 3.1
1.86 4.1 6.03 3.13
1.85 3.85 6.37 3.22
1.92 5.0 5.22 3.22
1.85 4.21 5.88 3.09
1.87 4.16 6.14 3.3
1.82 4.03 6.21 3.24
1.87 4.02 6.13 3.15
1.84 3.82 6.1 2.92
1.86 4.25 6.39 3.64
1.88 4.21 6.35 3.56
1.92 4.3 5.62 2.92
1.91 4.69 5.34 3.03
1.87 3.59 6.27 2.86
1.89 4.54 5.82 3.36
1.89 3.88 6.04 2.92
1.86 4.67 5.84 3.51
1.84 3.97 6.36 3.33
1.87 4.35 5.94 3.29
1.83 4.31 5.92 3.23
1.87 4.67 5.79 3.46
1.85 4.37 6.2 3.57
1.87 3.95 6.17 3.12
1.87 4.62 5.69 3.31
1.84 4.29 5.92 3.21
1.87 4.4 5.6 3.0
1.82 4.07 6.07 3.14
1.93 4.37 5.9 3.27
1.91 4.36 5.72 3.08
1.88 4.37 5.76 3.13
1.95 4.76 5.64 3.4
1.86 4.36 6.03 3.39
1.9 4.2 5.83 3.03
1.9 4.4 5.62 3.02
1.85 4.13 6.3 3.43
1.91 4.13 6.03 3.16
1.89 4.16 6.01 3.17
1.82 3.92 6.41 3.33
1.93 4.54 5.83 3.37
1.92 4.13 6.17 3.3
1.83 4.37 5.88 3.25
1.89 4.36 5.84 3.2
1.84 3.96 6.15 3.11
1.9 4.88 5.46 3.34
1.85 3.85 6.14 2.99
1.92 4.07 6.01 3.08
1.88 4.29 6.03 3.32
1.91 4.11 5.93 3.04
1.87 4.17 6.25 3.42
1.85 4.37 6.16 3.53
1.88 3.86 6.44 3.3
1.85 4.58 5.64 3.22
1.88 4.31 6.08 3.39
1.87 3.76 6.27 3.03
1.88 4.28 6.0 3.28
1.9 3.8 6.09 2.89
1.84 3.79 6.28 3.07
1.85 3.93 6.12 3.05
1.92 4.19 6.11 3.3
1.82 3.92 6.26 3.18
1.83 3.96 6.32 3.28
1.87 3.86 6.29 3.15
1.9 4.72 5.59 3.31
1.88 4.2 6.05 3.25
1.88 3.98 6.32 3.3
1.92 4.52 5.54 3.06
1.85 4.1 5.92 3.02
1.91 4.18 6.01 3.19
1.79 4.22 5.98 3.2
1.87 4.16 6.0 3.16
1.9 4.36 5.65 3.01
1.84 4.46 5.95 3.41
1.89 4.73 5.61 3.34
1.93 4.72 5.64 3.36
1.87 4.72 5.61 3.33
1.93 4.77 5.54 3.31
1.9 4.71 5.63 3.34
1.9 4.19 5.99 3.18
1.91 4.12 6.0 3.12
1.89 4.55 5.48 3.03
1.94 4.56 5.62 3.18
1.91 4.4 5.76 3.16
1.84 4.41 5.9 3.31
1.86 3.93 6.09 3.02
1.91 4.39 5.76 3.15
1.93 4.97 5.52 3.49
1.88 4.19 6.27 3.46
1.89 4.47 5.36 2.83
1.86 4.24 5.89 3.13
1.85 4.0 6.13 3.13
1.92 4.16 5.85 3.01
1.85 4.2 5.93 3.13
1.88 4.2 6.21 3.41
1.86 3.96 6.16 3.12
1.88 4.09 5.99 3.08
1.86 3.93 6.15 3.08
1.9 4.34 6.05 3.39
1.87 4.16 5.86 3.02
1.91 4.2 5.6 2.8
1.86 4.43 6.1 3.53
1.84 4.54 6.03 3.57
1.84 4.65 5.52 3.17
1.86 3.71 6.27 2.98
1.91 4.39 5.98 3.37
1.89 4.51 5.53 3.04
1.83 3.52 6.27 2.79
1.85 3.88 6.14 3.02
1.86 4.01 5.96 2.97
1.87 4.04 6.23 3.27
1.85 3.83 6.42 3.25
1.94 4.13 5.95 3.08
1.84 4.19 6.19 3.38
1.89 4.17 6.13 3.3
1.89 4.26 5.72 2.98
1.87 4.67 5.74 3.41
1.92 4.94 5.23 3.17
1.88 4.63 5.82 3.45
1.81 3.54 6.92 3.46
1.93 4.76 5.29 3.05
1.86 4.5 5.87 3.37
1.82 4.16 6.0 3.16
1.85 4.44 6.18 3.62
1.88 4.08 6.29 3.37
1.83 3.95 6.57 3.52
1.92 4.81 5.45 3.26
1.88 4.14 6.15 3.29
1.93 4.05 6.3 3.35
1.88 3.93 6.27 3.2
1.84 4.05 6.41 3.46
1.88 4.15 5.95 3.1
1.88 4.11 6.07 3.18
1.88 4.35 6.04 3.39
1.89 4.87 5.75 3.62
1.9 3.97 6.61 3.58
1.87 4.55 5.68 3.23
1.82 4.06 6.11 3.17
1.91 4.16 5.84 3.0
1.9 4.38 5.57 2.95
1.88 4.01 5.96 2.97
1.9 4.6 5.83 3.43
1.9 4.31 5.88 3.19
1.77 3.9 6.28 3.18
1.87 4.42 5.72 3.14
1.84 4.2 6.04 3.24
1.87 4.58 5.55 3.13
1.88 4.18 5.94 3.12
1.91 4.14 5.84 2.98
1.9 4.63 5.75 3.38
1.92 4.31 5.77 3.08
1.88 4.2 6.35 3.55
1.88 4.25 5.7 2.95
1.9 4.38 5.92 3.3
1.89 4.29 6.07 3.36
1.94 4.42 5.68 3.1
1.91 4.4 5.91 3.31
1.87 3.73 6.49 3.22
1.91 3.84 6.46 3.3
1.88 3.82 6.48 3.3
1.87 3.49 6.72 3.21
1.86 3.94 6.46 3.4
1.86 3.68 6.48 3.16
1.91 4.37 5.74 3.11
1.9 4.15 6.21 3.36
1.87 4.4 5.81 3.21
1.88 4.43 5.92 3.35
1.92 4.53 5.46 2.99
1.89 4.14 6.26 3.4
1.87 4.77 5.32 3.09
1.84 3.81 6.62 3.43
1.9 4.44 6.14 3.58
1.92 4.2 6.01 3.21
1.83 3.77 6.49 3.26
1.89 4.5 5.81 3.31
1.92 4.49 5.78 3.27
1.92 4.14 6.06 3.2
1.84 3.86 6.16 3.02
1.9 4.61 5.8 3.41
1.89 4.39 5.81 3.2
1.82 3.89 5.96 2.85
1.91 4.32 5.69 3.01
1.95 3.92 6.31 3.23
1.93 4.12 5.99 3.11
1.91 3.81 6.0 2.81
1.84 4.23 6.1 3.33
1.88 3.96 6.3 3.26
1.81 3.89 6.34 3.23
1.85 3.61 6.48 3.09
1.92 4.55 5.64 3.19
1.9 4.04 6.15 3.19
1.87 4.01 6.21 3.22
1.83 4.28 6.51 3.79
1.89 4.18 6.03 3.21
1.87 4.45 5.82 3.27
1.86 4.17 6.04 3.21
1.77 3.61 6.53 3.14
1.83 4.25 5.87 3.12
1.75 3.95 6.41 3.36
1.95 4.29 5.75 3.04
1.89 4.48 5.7 3.18
1.86 3.82 6.52 3.34
1.88 4.24 5.96 3.2
1.91 3.91 6.29 3.2
1.81 3.79 6.54 3.33
1.94 4.81 5.5 3.31
1.86 4.14 5.89 3.03
1.87 4.32 6.38 3.7
1.92 4.23 5.95 3.18
1.89 5.1 5.35 3.45
1.85 4.08 5.91 2.99
1.9 4.1 6.21 3.31
1.87 4.1 6.21 3.31
1.9 4.26 5.94 3.2
1.82 4.62 6.06 3.68
1.89 4.42 5.67 3.09
1.88 4.19 5.98 3.17
1.77 4.07 6.4 3.47
1.88 4.59 5.78 3.37
1.88 4.12 6.1 3.22
1.88 4.18 5.98 3.16
1.86 4.09 6.34 3.43
1.9 4.07 6.37 3.44
1.92 3.89 6.45 3.34
1.92 4.35 5.84 3.19
1.85 4.2 5.99 3.19
1.92 4.18 5.79 2.97
1.89 4.12 5.99 3.11
1.9 4.02 5.89 2.91
1.85 4.17 6.22 3.39
1.87 4.46 5.61 3.07
1.93 4.43 5.61 3.04
1.83 3.21 6.6 2.81
1.95 4.14 5.87 3.01
1.87 4.23 5.98 3.21
1.84 3.46 6.84 3.3
1.82 3.94 6.06 3.0
1.82 4.01 6.49 3.5
1.9 4.15 6.04 3.19
1.84 4.06 6.23 3.29
1.92 4.64 5.92 3.56
1.86 4.15 6.19 3.34
1.9 4.36 5.95 3.31
1.9 3.75 6.36 3.11
1.93 4.08 5.89 2.97
1.89 4.22 6.02 3.24
1.89 4.41 5.98 3.39
1.85 4.52 5.96 3.48
1.85 4.16 5.82 2.98
1.92 4.14 6.0 3.14
1.83 4.07 6.28 3.35
1.88 4.24 6.06 3.3
1.84 4.27 5.77 3.04
1.87 3.99 6.35 3.34
1.85 4.14 6.05 3.19
1.89 3.71 6.28 2.99
1.83 4.23 6.2 3.43
1.89 4.33 6.08 3.41
1.86 3.86 6.29 3.15
1.86 4.15 6.05 3.2
1.83 4.11 6.36 3.47
1.83 3.73 6.49 3.22
1.88 4.06 5.81 2.87
1.86 3.83 6.45 3.28
1.89 4.03 6.02 3.05
1.91 4.59 5.69 3.28
1.9 4.57 5.49 3.06
1.87 3.87 6.31 3.18
1.87 3.52 6.43 2.95
1.9 4.38 5.86 3.24
1.89 3.95 6.14 3.09
1.89 4.14 5.87 3.01
1.83 3.77 6.15 2.92
1.91 4.44 5.92 3.36
1.87 4.29 5.71 3.0
1.89 4.34 5.96 3.3
1.85 4.37 5.54 2.91
1.89 4.73 5.67 3.4
1.85 4.1 6.15 3.25
1.84 3.97 6.29 3.26
1.93 4.29 5.83 3.12
1.87 4.22 6.12 3.34
1.87 4.04 6.22 3.26
1.86 3.95 6.12 3.07
1.91 4.53 5.95 3.48
1.91 4.28 5.99 3.27
1.9 4.33 6.32 3.65
1.94 3.72 6.2 2.92
1.93 4.81 5.52 3.33
1.88 3.94 6.21 3.15
1.85 4.02 5.92 2.94
1.88 4.54 5.73 3.27
1.9 3.99 6.16 3.15
1.84 4.47 5.83 3.3
1.85 4.51 6.01 3.52
1.9 4.4 5.9 3.3
1.93 4.59 5.38 2.97
1.82 3.92 6.3 3.22
1.9 4.22 5.84 3.06
1.91 4.66 5.53 3.19
1.89 4.49 5.84 3.33
1.94 4.65 5.5 3.15
1.81 3.34 6.7 3.04
1.84 4.07 6.34 3.41
1.86 4.02 5.97 2.99
1.87 3.9 6.36 3.26
1.86 4.28 6.08 3.36
1.84 3.57 6.53 3.1
1.9 4.31 6.03 3.34
1.89 3.91 5.94 2.85
1.85 4.09 6.23 3.32
1.86 3.77 6.23 3.0
1.83 4.04 6.27 3.31
1.88 4.22 5.76 2.98
1.91 4.62 5.59 3.21
1.91 4.76 5.72 3.48
1.89 4.81 5.7 3.51
1.87 4.15 6.12 3.27
1.83 4.28 6.15 3.43
1.86 4.11 6.18 3.29
1.85 4.04 6.19 3.23
1.86 4.4 5.99 3.39
1.95 4.47 5.6 3.07
1.82 3.8 6.06 2.86
1.87 4.21 5.95 3.16
1.88 4.09 6.04 3.13
1.93 4.66 5.47 3.13
1.86 4.3 5.92 3.22
1.88 4.42 5.7 3.12
1.86 3.92 6.42 3.34
1.81 4.31 6.14 3.45
1.87 4.17 5.99 3.16
1.9 4.22 6.19 3.41
1.82 4.02 6.11 3.13
1.89 4.2 6.13 3.33
1.9 3.87 6.18 3.05
1.9 3.97 6.11 3.08
1.87 4.11 5.85 2.96
1.87 4.07 6.19 3.26
1.9 4.0 5.8 2.8
1.87 4.0 6.38 3.38
1.87 4.35 6.06 3.41
1.84 4.03 6.02 3.05
1.93 4.65 5.51 3.16
1.82 4.08 6.31 3.39
1.79 4.25 5.8 3.05
1.84 4.19 6.02 3.21
1.85 3.71 6.46 3.17
1.91 4.04 6.23 3.27
1.84 4.39 6.01 3.4
1.92 4.42 5.7 3.12
1.84 3.7 6.66 3.36
1.85 3.88 6.22 3.1
1.86 4.4 6.02 3.42
1.87 4.03 6.07 3.1
1.84 4.04 6.05 3.09
1.89 4.91 5.51 3.42
1.86 4.3 5.78 3.08
1.91 4.66 5.68 3.34
1.91 4.97 5.56 3.53
1.88 3.82 6.36 3.18
1.85 4.03 6.22 3.25
1.83 4.09 6.18 3.27
1.89 4.35 5.83 3.18
1.83 4.35 5.94 3.29
1.89 4.45 5.88 3.33
1.93 4.19 6.13 3.32
1.89 3.63 6.22 2.85
1.87 3.78 6.18 2.96
1.88 4.22 6.24 3.46
1.89 4.7 5.76 3.46
1.82 4.0 6.52 3.52
1.85 4.22 6.1 3.32
1.84 3.86 6.41 3.27
1.88 4.43 5.98 3.41
1.91 4.39 5.7 3.09
1.8 3.94 6.62 3.56
1.9 4.62 5.67 3.29
1.83 3.99 5.97 2.96
1.9 4.94 5.38 3.32
1.87 3.81 6.39 3.2
1.92 4.24 5.74 2.98
1.81 4.32 6.0 3.32
1.84 4.44 5.61 3.05
1.87 4.29 6.21 3.5
1.86 3.45 6.53 2.98
1.82 3.67 6.6 3.27
1.87 4.5 5.97 3.47
1.86 4.47 5.99 3.46
1.9 4.62 5.52 3.14
1.91 4.71 5.57 3.28
1.91 4.42 5.92 3.34
1.89 4.13 5.99 3.12
1.88 4.08 6.37 3.45
1.86 4.09 5.9 2.99
1.91 4.22 5.88 3.1
1.9 4.33 5.94 3.27
1.82 3.93 6.37 3.3
1.88 4.27 6.17 3.44
1.93 4.46 5.93 3.39
1.89 4.25 5.84 3.09
1.87 3.67 6.49 3.16
1.91 4.54 5.73 3.27
1.8 4.01 6.4 3.41
1.86 3.93 6.49 3.42
1.9 4.11 6.09 3.2
1.93 4.67 5.64 3.31
1.84 4.17 5.86 3.03
1.87 4.28 5.99 3.27
1.87 4.25 6.05 3.3
1.85 3.86 6.15 3.01
1.92 4.56 5.64 3.2
1.85 4.16 6.1 3.26
1.9 4.19 6.1 3.29
1.86 4.29 6.2 3.49
1.82 3.95 6.4 3.35
1.9 4.56 5.57 3.13
1.85 3.66 6.51 3.17
1.89 4.58 5.67 3.25
1.84 4.72 5.71 3.43
1.87 4.55 5.71 3.26
1.87 3.81 6.35 3.16
1.89 4.44 5.82 3.26
1.86 4.02 6.43 3.45
1.87 3.87 6.0 2.87
1.85 4.16 5.81 2.97
1.92 4.57 5.81 3.38
1.85 3.96 6.45 3.41
1.78 3.87 6.6 3.47
1.93 4.71 5.78 3.49
1.91 4.16 6.33 3.49
1.9 4.17 6.06 3.23
1.81 3.98 6.38 3.36
1.89 4.18 5.97 3.15
1.86 4.09 5.95 3.04
1.84 4.36 5.88 3.24
1.92 4.26 6.04 3.3
1.88 4.61 5.53 3.14
1.89 3.82 6.41 3.23
1.86 4.36 5.66 3.02
1.89 4.31 6.03 3.34
1.93 4.58 5.85 3.43
1.9 4.17 6.08 3.25
1.86 3.62 6.49 3.11
1.84 3.54 6.36 2.9
1.92 4.99 5.26 3.25
1.88 4.28 6.08 3.36
1.84 4.47 6.08 3.55
1.84 3.94 6.5 3.44
1.88 4.18 6.46 3.64
1.87 3.72 6.29 3.01
1.87 4.05 6.36 3.41
1.84 4.44 5.8 3.24
1.93 4.57 5.66 3.23
1.9 4.7 5.55 3.25
1.81 3.89 6.25 3.14
1.87 4.71 5.91 3.62
1.78 3.97 6.33 3.3
1.85 3.87 6.34 3.21
1.84 4.05 6.21 3.26
1.89 4.91 5.34 3.25
1.87 4.3 6.26 3.56
1.86 3.96 5.98 2.94
1.93 4.42 6.01 3.43
1.87 4.68 5.75 3.43
1.94 4.45 5.42 2.87
1.88 4.45 5.82 3.27
1.86 4.2 6.12 3.32
1.83 4.05 6.19 3.24
1.84 4.14 6.19 3.33
1.83 3.76 6.43 3.19
1.88 4.09 5.92 3.01
1.87 4.45 5.81 3.26
1.86 4.53 6.02 3.55
1.9 4.19 6.16 3.35
1.91 4.25 5.75 3.0
1.89 4.16 5.69 2.85
1.83 4.02 6.36 3.38
1.88 4.28 5.82 3.1
1.85 3.9 6.32 3.22
1.94 4.37 5.71 3.08
1.87 4.57 5.69 3.26
1.83 3.68 6.6 3.28
1.88 4.0 6.11 3.11
1.92 4.33 5.95 3.28
1.91 4.24 5.93 3.17
1.84 3.93 6.53 3.46
1.86 4.23 5.92 3.15
1.88 4.23 6.32 3.55
1.89 4.53 5.67 3.2
1.88 4.09 6.11 3.2
1.83 3.96 6.14 3.1
1.92 4.75 5.42 3.17
1.86 4.3 6.3 3.6
1.87 4.25 5.83 3.08
1.92 4.41 5.79 3.2
1.86 4.44 5.83 3.27
1.87 4.42 5.68 3.1
1.91 3.87 6.26 3.13
1.78 4.18 6.12 3.3
1.8 4.42 5.78 3.2
1.92 4.76 5.7 3.46
1.87 3.82 6.09 2.91
1.88 3.91 6.47 3.38
1.9 4.5 5.65 3.15
1.87 4.69 5.91 3.6
1.89 4.17 5.98 3.15
1.89 4.2 6.23 3.43
1.87 4.21 6.24 3.45
1.91 4.46 5.8 3.26
1.88 4.05 6.21 3.26
1.91 3.93 6.15 3.08
1.89 4.32 6.17 3.49
1.83 3.99 6.32 3.31
1.88 4.01 5.95 2.96
1.89 4.31 5.86 3.17
1.86 3.86 6.3 3.16
1.89 4.29 6.21 3.5
1.85 4.61 5.78 3.39
1.81 3.89 6.34 3.23
1.85 3.96 6.2 3.16
1.87 4.53 5.98 3.51
1.91 4.48 5.98 3.46
1.84 4.39 6.01 3.4
1.91 4.03 6.1 3.13
1.97 4.57 5.52 3.09
1.85 4.04 6.23 3.27
1.9 4.4 5.78 3.18
1.9 4.21 6.04 3.25
1.81 3.52 6.41 2.93
1.81 4.02 6.34 3.36
1.88 4.61 5.76 3.37
1.82 4.34 5.76 3.1
1.87 4.13 6.16 3.29
1.87 4.21 5.99 3.2
1.91 4.38 6.04 3.42
1.81 3.89 6.36 3.25
1.82 3.83 6.38 3.21
1.83 3.93 5.99 2.92
1.87 4.16 6.07 3.23
1.85 4.04 5.97 3.01
1.91 4.13 5.96 3.09
1.86 4.28 6.04 3.32
1.89 4.31 6.07 3.38
1.85 3.57 6.41 2.98
1.88 4.49 5.78 3.27
1.86 4.18 6.07 3.25
1.84 4.04 6.12 3.16
1.9 4.73 5.68 3.41
1.83 3.79 6.23 3.02
1.82 3.35 6.84 3.19
1.83 3.94 6.39 3.33
1.83 3.83 6.16 2.99
1.85 4.22 6.16 3.38
1.87 4.77 5.35 3.12
1.89 3.91 6.32 3.23
1.91 4.6 5.68 3.28
1.88 4.08 6.13 3.21
1.87 3.96 6.01 2.97
1.93 4.39 5.81 3.2
1.93 4.52 5.7 3.22
1.86 3.78 6.64 3.42
1.87 4.43 5.76 3.19
1.85 4.18 6.22 3.4
1.87 3.77 6.37 3.14
1.9 4.4 5.79 3.19
1.87 4.14 6.15 3.29
1.9 4.02 6.46 3.48
1.83 3.91 6.19 3.1
1.89 4.07 6.36 3.43
1.85 3.81 6.29 3.1
1.9 4.31 5.83 3.14
1.87 4.12 5.96 3.08
1.92 4.13 6.27 3.4
1.85 4.19 6.1 3.29
1.84 4.68 5.82 3.5
1.86 3.9 6.28 3.18
1.8 3.8 6.67 3.47
1.94 4.14 6.03 3.17
1.92 4.27 5.84 3.11
1.87 4.97 5.63 3.6
1.91 4.54 5.75 3.29
1.86 4.2 5.76 2.96
1.88 3.96 5.91 2.87
1.86 3.8 6.41 3.21
1.88 4.18 6.08 3.26
1.92 4.5 5.82 3.32
1.81 3.56 6.44 3.0
1.92 4.63 5.58 3.21
1.92 4.29 5.97 3.26
1.84 3.94 6.13 3.07
1.87 4.1 6.26 3.36
1.81 3.8 6.41 3.21
1.92 4.66 5.61 3.27
1.91 4.33 6.02 3.35
1.88 4.28 5.95 3.23
1.88 3.9 6.35 3.25
1.9 4.66 5.84 3.5
1.86 4.1 5.97 3.07
1.83 4.13 5.89 3.02
1.9 3.93 6.25 3.18
1.85 3.76 6.73 3.49
1.85 3.83 6.28 3.11
1.9 4.43 5.85 3.28
1.93 3.82 6.51 3.33
1.88 4.67 5.64 3.31
1.86 4.09 6.3 3.39
1.92 5.12 5.34 3.46
1.9 3.92 6.15 3.07
1.89 4.33 5.88 3.21
1.88 4.42 5.8 3.22
1.87 4.26 5.86 3.12
1.9 4.75 5.47 3.22
1.85 4.3 6.14 3.44
1.88 4.33 5.85 3.18
1.83 4.19 6.06 3.25
1.88 4.14 6.22 3.36
1.87 4.29 6.1 3.39
1.89 4.07 6.21 3.28
1.92 3.96 6.12 3.08
1.88 4.07 5.92 2.99
1.85 4.9 5.69 3.59
1.89 3.8 6.19 2.99
1.82 4.01 6.41 3.42
1.94 4.69 5.39 3.08
1.86 4.07 6.07 3.14
1.86 3.66 6.33 2.99
1.89 4.43 5.9 3.33
1.85 4.34 6.1 3.44
1.86 4.26 6.0 3.26
1.9 4.46 5.81 3.27
1.9 4.05 6.01 3.06
1.84 4.64 5.61 3.25
1.9 4.3 5.72 3.02
1.88 4.02 6.31 3.33
1.86 4.45 5.67 3.12
1.9 4.22 6.06 3.28
1.81 4.3 5.6 2.9
1.88 4.36 6.12 3.48
1.82 3.85 6.34 3.19
1.92 4.11 5.81 2.92
1.89 4.04 6.44 3.48
1.85 4.06 6.1 3.16
1.88 4.18 5.99 3.17
1.87 3.97 6.31 3.28
1.84 4.03 6.44 3.47
1.91 4.02 5.99 3.01
1.88 4.18 5.89 3.07
1.85 4.42 5.96 3.38
1.87 4.83 5.45 3.28
1.89 4.0 6.11 3.11
1.93 4.33 5.73 3.06
1.83 3.67 6.48 3.15
1.83 4.44 6.19 3.63
1.87 4.23 5.72 2.95
1.91 4.21 6.27 3.48
1.88 4.24 6.02 3.26
1.87 4.06 6.08 3.14
1.84 4.26 5.79 3.05
1.9 4.25 5.81 3.06
1.86 4.07 5.98 3.05
1.86 4.52 6.05 3.57
1.85 4.01 6.31 3.32
1.78 4.22 6.23 3.45
1.8 4.04 6.14 3.18
1.83 3.95 6.32 3.27
1.89 4.44 5.68 3.12
1.89 4.27 5.73 3.0
1.86 3.72 6.51 3.23
1.87 4.01 5.94 2.95
1.93 4.5 5.8 3.3
1.86 3.85 6.38 3.23
1.9 4.55 5.66 3.21
1.91 4.19 6.18 3.37
1.86 4.08 6.1 3.18
1.84 4.29 6.1 3.39
1.9 3.98 5.82 2.8
1.9 4.17 5.96 3.13
1.85 4.03 6.11 3.14
1.82 3.78 6.54 3.32
1.87 4.73 5.57 3.3
1.88 4.1 6.23 3.33
1.88 4.22 5.85 3.07
1.89 4.49 5.67 3.16
1.85 3.86 6.44 3.3
1.85 4.0 6.09 3.09
1.94 4.56 5.75 3.31
1.88 4.07 6.17 3.24
1.89 4.32 5.96 3.28
1.88 4.01 6.11 3.12
1.86 4.57 5.63 3.2
1.89 4.56 5.74 3.3
1.83 3.37 6.83 3.2
1.85 3.89 6.25 3.14
1.91 4.77 5.43 3.2
1.9 4.2 5.94 3.14
1.89 4.49 5.76 3.25
1.87 3.92 6.4 3.32
1.86 4.02 6.32 3.34
1.92 4.54 5.66 3.2
1.87 4.36 5.7 3.06
1.9 3.76 6.16 2.92
1.91 4.67 5.61 3.28
1.9 4.6 5.73 3.33
1.91 4.23 5.85 3.08
1.9 4.19 6.04 3.23
1.86 4.19 5.82 3.01
1.79 3.82 6.57 3.39
1.89 3.87 6.3 3.17
1.89 4.26 6.06 3.32
1.78 4.29 6.14 3.43
1.84 3.89 6.33 3.22
1.9 4.22 5.98 3.2
1.87 3.7 6.4 3.1
1.82 4.03 6.0 3.03
1.79 3.53 6.55 3.08
1.91 4.39 5.48 2.87
1.87 4.29 6.0 3.29
1.88 4.68 5.66 3.34
1.89 4.15 5.98 3.13
1.82 4.26 6.28 3.54
1.92 4.15 6.27 3.42
1.85 4.24 6.06 3.3
1.9 4.28 5.6 2.88
1.87 4.27 5.86 3.13
1.84 4.3 6.21 3.51
1.88 3.83 6.18 3.01
1.91 4.37 6.03 3.4
1.94 4.6 5.58 3.18
1.87 4.6 5.87 3.47
1.89 4.25 6.19 3.44
1.89 4.63 5.22 2.85
1.88 4.59 5.66 3.25
1.87 4.25 6.0 3.25
1.89 4.77 5.52 3.29
1.83 3.64 6.57 3.21
1.8 3.81 6.48 3.29
1.85 4.22 6.12 3.34
1.81 3.95 6.33 3.28
1.94 4.02 6.26 3.28
1.9 4.2 6.12 3.32
1.9 4.26 5.76 3.02
1.89 4.43 5.74 3.17
1.94 5.27 5.08 3.35
1.85 4.08 6.08 3.16
1.91 4.69 5.62 3.31
1.91 4.06 6.19 3.25
1.89 4.47 5.8 3.27
1.88 4.26 6.09 3.35
1.86 3.54 6.42 2.96
1.81 3.86 6.25 3.11
1.88 4.05 6.12 3.17
1.89 4.43 5.67 3.1
1.88 4.08 6.07 3.15
1.85 4.05 6.63 3.68
1.87 3.99 6.18 3.17
1.87 4.84 5.45 3.29
1.86 3.88 6.12 3.0
1.84 4.06 6.35 3.41
1.9 3.75 6.37 3.12
1.87 4.43 6.13 3.56
1.83 3.57 6.48 3.05
1.86 4.53 6.1 3.63
1.83 4.37 6.05 3.42
1.88 3.88 6.1 2.98
1.9 4.08 6.1 3.18
1.85 4.2 6.22 3.42
1.87 4.21 5.84 3.05
1.87 4.27 5.51 2.78
1.87 4.18 5.85 3.03
1.89 3.77 6.25 3.02
1.91 4.12 6.02 3.14
1.86 4.06 5.8 2.86
1.87 4.31 5.73 3.04
1.88 4.56 5.51 3.07
1.82 4.12 6.18 3.3
1.9 4.21 5.61 2.82
1.9 4.65 5.48 3.13
1.82 3.84 6.33 3.17
1.88 4.11 6.23 3.34
1.9 4.41 5.85 3.26
1.88 4.0 6.23 3.23
1.9 4.52 5.82 3.34
1.9 4.68 6.0 3.68
1.82 3.62 6.76 3.38
1.87 4.03 6.38 3.41
1.83 4.5 5.79 3.29
1.78 4.06 6.18 3.24
1.81 3.46 6.64 3.1
1.87 3.83 6.29 3.12
1.86 3.94 6.28 3.22
1.89 3.65 6.67 3.32
1.91 4.54 5.49 3.03
1.85 3.95 6.0 2.95
1.9 4.41 5.83 3.24
1.86 4.11 6.03 3.14
1.9 3.78 6.26 3.04
1.9 4.13 5.91 3.04
1.84 3.67 6.73 3.4
1.79 4.27 6.13 3.4
1.91 4.41 5.73 3.14
1.8 4.52 5.87 3.39
1.9 3.95 6.07 3.02
1.85 4.63 5.73 3.36
1.9 4.44 5.93 3.37
1.9 4.31 5.82 3.13
1.88 4.3 5.68 2.98
1.83 3.96 6.12 3.08
1.92 4.26 5.92 3.18
1.86 4.09 6.22 3.31
1.87 4.2 5.79 2.99
1.84 4.18 5.94 3.12
1.9 4.21 5.78 2.99
1.94 3.92 6.36 3.28
1.91 4.26 5.92 3.18
1.89 5.05 5.47 3.52
1.96 4.49 5.64 3.13
1.9 4.51 6.04 3.55
1.87 4.07 6.2 3.27
1.92 4.57 5.89 3.46
1.87 4.22 5.7 2.92
1.88 4.38 5.61 2.99
1.87 4.15 6.0 3.15
1.88 4.65 5.5 3.15
1.89 4.14 6.08 3.22
1.9 4.54 5.64 3.18
1.89 4.39 5.97 3.36
1.88 4.26 6.29 3.55
1.89 4.64 5.42 3.06
1.89 3.89 6.09 2.98
1.85 4.07 6.06 3.13
1.9 4.1 5.88 2.98
1.83 4.65 5.55 3.2
1.89 4.09 5.84 2.93
1.93 4.22 5.91 3.13
1.88 4.03 6.18 3.21
1.81 3.82 6.29 3.11
1.78 3.38 6.99 3.37
1.93 4.79 5.75 3.54
1.88 4.18 6.33 3.51
1.86 3.57 6.43 3.0
1.83 4.14 6.53 3.67
1.88 4.4 5.82 3.22
1.84 4.39 6.05 3.44
1.92 4.57 5.59 3.16
1.84 4.25 6.14 3.39
1.8 4.08 5.84 2.92
1.86 3.82 6.31 3.13
1.9 4.38 5.86 3.24
1.89 4.18 5.97 3.15
1.83 4.11 6.25 3.36
1.87 4.45 5.75 3.2
1.85 4.19 6.06 3.25
1.92 4.96 5.59 3.55
1.84 3.69 6.74 3.43
1.94 4.23 6.11 3.34
1.89 4.58 5.81 3.39
1.86 3.98 6.24 3.22
1.86 3.96 6.02 2.98
1.87 4.55 6.06 3.61
1.88 4.11 5.97 3.08
1.81 3.7 6.59 3.29
1.92 4.29 5.91 3.2
1.84 4.34 6.11 3.45
1.88 3.9 6.16 3.06
1.9 4.58 5.67 3.25
1.87 4.63 5.95 3.58
1.8 3.69 6.17 2.86
1.88 4.29 6.03 3.32
1.9 4.34 5.8 3.14
1.82 3.99 6.27 3.26
1.84 4.24 5.73 2.97
1.8 4.2 5.86 3.06
1.93 4.29 6.02 3.31
1.82 3.64 6.87 3.51
1.84 3.86 6.02 2.88
1.93 4.44 5.87 3.31
1.87 4.25 6.04 3.29
1.82 4.31 5.72 3.03
1.96 4.38 5.85 3.23
1.93 4.49 5.86 3.35
1.9 4.57 5.97 3.54
1.85 4.33 5.95 3.28
1.89 4.37 5.67 3.04
1.88 4.2 5.97 3.17
1.78 4.12 6.29 3.41
1.87 4.22 6.19 3.41
1.88 4.28 5.89 3.17
1.85 4.59 5.95 3.54
1.85 4.1 6.31 3.41
1.97 4.47 5.66 3.13
1.85 4.6 5.73 3.33
1.86 4.33 6.1 3.43
1.93 4.37 5.84 3.21
1.9 4.6 5.63 3.23
1.84 4.06 6.35 3.41
1.83 4.2 5.95 3.15
1.86 4.09 6.14 3.23
1.83 4.18 6.12 3.3
1.87 4.47 5.65 3.12
1.89 4.46 5.75 3.21
1.9 4.24 5.75 2.99
1.87 4.2 5.73 2.93
1.93 4.21 5.83 3.04
1.89 3.98 6.61 3.59
1.85 4.38 5.85 3.23
1.94 4.38 5.94 3.32
1.94 4.11 5.84 2.95
1.91 3.74 6.22 2.96
1.86 4.57 5.84 3.41
1.9 4.22 5.88 3.1
1.89 3.88 6.24 3.12
1.94 4.81 5.5 3.31
1.87 3.86 6.49 3.35
1.92 4.35 5.94 3.29
1.78 3.96 6.36 3.32
1.88 4.4 5.92 3.32
1.88 4.38 5.83 3.21
1.8 4.14 6.06 3.2
1.93 4.09 6.12 3.21
1.83 4.21 6.42 3.63
1.81 3.6 6.4 3.0
1.9 4.13 6.26 3.39
1.85 4.33 5.99 3.32
1.77 3.54 6.49 3.03
1.88 3.86 6.39 3.25
1.9 4.69 5.46 3.15
1.86 4.3 5.91 3.21
1.85 3.77 6.4 3.17
1.87 4.21 5.86 3.07
1.85 4.27 5.74 3.01
1.87 3.92 5.98 2.9
1.89 4.19 6.25 3.44
1.9 4.36 5.72 3.08
1.85 4.12 6.07 3.19
1.86 3.73 6.51 3.24
1.91 4.27 5.59 2.86
1.76 3.6 6.43 3.03
1.85 3.97 6.03 3.0
1.84 4.24 6.04 3.28
1.86 4.25 5.74 2.99
1.9 4.66 5.68 3.34
1.85 4.42 6.26 3.68
1.85 4.06 5.97 3.03
1.93 5.26 5.12 3.38
1.89 4.31 6.03 3.34
1.82 3.75 6.92 3.67
1.86 3.92 6.5 3.42
1.81 3.62 6.64 3.26
1.92 4.33 5.67 3.0
1.88 4.43 5.91 3.34
1.89 3.87 6.18 3.05
1.87 4.5 5.73 3.23
1.82 3.81 6.14 2.95
1.88 4.39 5.87 3.26
1.9 4.11 6.24 3.35
1.81 3.64 6.4 3.04
1.83 3.83 6.27 3.1
1.82 4.48 5.98 3.46
1.91 4.85 5.94 3.79
1.93 4.03 6.07 3.1
1.86 4.6 5.88 3.48
1.85 4.03 5.95 2.98
1.88 4.0 6.34 3.34
1.89 4.0 5.93 2.93
1.9 4.39 6.07 3.46
1.82 4.05 6.08 3.13
1.92 3.79 6.55 3.34
1.88 4.45 5.84 3.29
1.9 4.19 6.07 3.26
1.89 4.43 6.26 3.69
1.83 4.11 6.03 3.14
1.87 4.44 5.94 3.38
1.9 4.01 6.33 3.34
1.84 3.73 6.44 3.17
1.92 4.25 6.07 3.32
1.88 4.32 6.01 3.33
1.93 4.43 5.71 3.14
1.86 3.97 6.07 3.04
1.88 3.94 6.4 3.34
1.82 4.28 5.83 3.11
1.93 4.64 5.54 3.18
1.88 4.04 6.0 3.04
1.88 4.36 5.76 3.12
1.91 4.35 6.17 3.52
1.9 3.91 6.44 3.35
1.9 3.7 6.41 3.11
1.93 4.65 5.47 3.12
1.88 4.11 6.22 3.33
1.84 4.55 5.68 3.23
1.83 4.14 5.9 3.04
1.91 4.35 5.81 3.16
1.88 4.54 5.68 3.22
1.84 4.35 6.3 3.65
1.85 4.27 5.96 3.23
1.89 4.55 5.65 3.2
1.91 4.61 5.61 3.22
1.82 4.31 5.98 3.29
1.87 4.4 5.84 3.24
1.88 4.3 5.61 2.91
1.88 3.88 6.09 2.97
1.87 4.47 5.84 3.31
1.88 4.32 6.31 3.63
1.85 3.91 6.17 3.08
1.84 4.05 6.26 3.31
1.85 4.08 6.25 3.33
1.85 4.22 6.12 3.34
1.88 4.15 6.17 3.32
1.82 4.18 6.53 3.71
1.9 3.85 6.04 2.89
1.92 4.69 5.28 2.97
1.91 3.91 6.23 3.14
1.87 4.3 6.08 3.38
1.88 4.19 6.09 3.28
1.87 4.24 6.08 3.32
1.86 4.77 5.62 3.39
1.88 4.15 5.79 2.94
1.86 4.26 6.1 3.36
1.88 4.41 5.84 3.25
1.87 4.51 6.01 3.52
1.87 4.0 6.2 3.2
1.93 4.44 5.7 3.14
1.91 4.88 5.57 3.45
1.92 4.64 5.81 3.45
1.8 3.57 6.41 2.98
1.87 4.45 5.68 3.13
1.87 4.54 5.96 3.5
1.91 4.36 6.04 3.4
1.83 3.83 5.99 2.82
1.92 4.23 5.78 3.01
1.86 4.34 6.01 3.35
1.88 3.98 5.92 2.9
1.84 4.19 6.22 3.41
1.86 4.07 6.21 3.28
1.87 3.73 6.27 3.0
1.9 4.19 6.03 3.22
1.89 4.11 6.1 3.21
1.89 4.12 5.75 2.87
1.84 4.25 6.2 3.45
1.9 4.26 6.19 3.45
1.85 4.4 5.65 3.05
1.84 4.01 6.29 3.3
1.92 5.02 5.31 3.33
1.9 4.87 5.24 3.11
1.91 4.28 5.95 3.23
1.87 3.78 6.4 3.18
1.88 4.22 5.9 3.12
1.91 4.58 5.78 3.36
1.84 4.01 6.43 3.44
1.85 3.86 6.41 3.27
1.81 4.21 5.95 3.16
1.86 3.92 6.43 3.35
1.87 4.49 5.94 3.43
1.9 3.93 6.11 3.04
1.92 3.99 6.18 3.17
1.93 4.57 5.83 3.4
1.87 4.07 6.08 3.15
1.87 4.64 5.76 3.4
1.9 4.46 6.0 3.46
1.87 4.49 5.64 3.13
1.9 4.32 5.82 3.14
1.94 3.91 6.21 3.12
1.94 4.43 5.88 3.31
1.87 3.82 6.38 3.2
1.88 4.54 5.75 3.29
1.82 3.89 6.62 3.51
1.81 3.4 6.75 3.15
1.83 4.2 6.13 3.33
1.92 4.7 5.4 3.1
1.89 3.73 6.9 3.63
1.92 4.1 5.92 3.02
1.86 4.28 5.93 3.21
1.85 4.56 5.79 3.35
1.88 4.61 5.65 3.26
1.85 4.02 6.03 3.05
1.86 4.04 6.03 3.07
1.86 4.25 6.29 3.54
1.88 3.84 6.26 3.1
1.86 3.75 6.46 3.21
1.89 4.55 5.7 3.25
1.86 4.34 6.13 3.47
1.87 4.0 6.05 3.05
1.9 4.38 5.77 3.15
1.81 4.39 5.79 3.18
1.88 3.9 6.25 3.15
1.85 3.82 6.76 3.58
1.83 4.17 6.09 3.26
1.94 4.57 5.7 3.27
1.9 4.64 5.44 3.08
1.86 4.09 6.06 3.15
1.87 4.36 5.81 3.17
1.89 4.16 6.15 3.31
1.93 4.68 5.71 3.39
1.89 4.7 5.67 3.37
1.9 4.17 5.96 3.13
1.83 3.28 6.87 3.15
1.9 4.01 6.11 3.12
1.87 4.31 6.12 3.43
1.85 4.09 6.3 3.39
1.89 4.14 6.07 3.21
1.86 3.76 6.32 3.08
1.81 4.27 6.02 3.29
1.83 4.03 6.19 3.22
1.87 4.52 5.97 3.49
1.8 3.96 6.36 3.32
1.92 4.11 6.03 3.14
1.93 3.81 6.39 3.2
1.89 3.86 6.45 3.31
1.88 4.22 6.05 3.27
1.84 4.41 5.62 3.03
1.9 4.2 5.97 3.17
1.84 4.63 5.62 3.25
1.85 4.13 5.93 3.06
1.88 4.02 6.5 3.52
1.88 4.14 6.23 3.37
1.89 4.27 5.7 2.97
1.89 4.6 5.73 3.33
1.87 4.18 6.22 3.4
1.85 4.29 6.21 3.5
1.88 3.95 6.28 3.23
1.85 3.91 6.23 3.14
1.87 3.8 6.36 3.16
1.9 4.1 6.47 3.57
1.85 4.33 5.9 3.23
1.81 3.73 6.61 3.34
1.89 4.63 5.46 3.09
1.9 4.26 5.92 3.18
1.95 4.52 5.58 3.1
1.9 3.97 6.2 3.17
1.85 4.65 5.77 3.42
1.89 4.01 6.21 3.22
1.89 3.71 6.16 2.87
1.94 4.96 5.59 3.55
1.86 3.96 6.05 3.01
1.88 3.85 6.32 3.17
1.86 4.14 6.11 3.25
1.92 4.35 5.76 3.11
1.87 3.82 6.34 3.16
1.92 3.92 6.32 3.24
1.88 4.34 6.15 3.49
1.89 4.06 6.11 3.17
1.87 4.1 6.04 3.14
1.84 4.01 6.33 3.34
1.89 3.99 6.24 3.23
1.85 4.07 6.36 3.43
1.88 3.71 6.56 3.27
1.92 4.1 6.06 3.16
1.87 4.8 5.62 3.42
1.91 4.48 5.6 3.08
1.85 4.31 6.04 3.35
1.88 4.21 6.03 3.24
1.95 4.65 5.58 3.23
1.91 4.36 5.96 3.32
1.9 4.36 5.89 3.25
1.85 4.21 5.81 3.02
1.91 4.45 5.72 3.17
1.87 4.35 5.7 3.05
1.87 3.68 6.44 3.12
1.87 4.09 6.08 3.17
1.89 3.99 6.1 3.09
1.88 4.57 5.9 3.47
1.85 4.22 5.91 3.13
1.84 4.23 6.14 3.37
1.93 4.22 5.92 3.14
1.87 3.96 6.0 2.96
1.91 4.19 5.82 3.01
1.93 4.02 6.08 3.1
1.91 4.08 6.22 3.3
1.89 4.47 5.92 3.39
1.88 4.39 5.9 3.29
1.9 4.38 5.86 3.24
1.9 4.51 5.84 3.35
1.86 4.13 6.04 3.17
1.88 4.47 5.79 3.26
1.86 4.19 6.0 3.19
1.92 4.71 5.85 3.56
1.91 4.27 5.87 3.14
1.88 4.13 6.31 3.44
1.83 4.17 5.74 2.91
1.9 4.25 6.06 3.31
1.87 4.19 5.93 3.12
1.88 4.57 5.9 3.47
1.86 4.22 6.04 3.26
1.88 4.51 6.06 3.57
1.89 4.82 5.74 3.56
1.9 4.56 5.7 3.26
1.9 4.51 5.76 3.27
1.88 4.07 6.23 3.3
1.91 4.17 5.85 3.02
1.85 3.75 6.18 2.93
1.91 4.62 5.75 3.37
1.89 4.64 5.88 3.52
1.94 4.05 6.05 3.1
1.85 3.97 6.13 3.1
1.9 4.36 6.28 3.64
1.87 4.19 5.82 3.01
1.94 4.53 5.76 3.29
1.84 3.7 6.56 3.26
1.89 4.29 6.25 3.54
1.88 4.2 6.16 3.36
1.91 4.25 6.16 3.41
1.86 3.95 5.97 2.92
1.83 4.36 6.04 3.4
1.89 4.74 5.57 3.31
1.87 4.58 5.55 3.13
1.84 3.82 6.49 3.31
1.9 4.71 5.35 3.06
1.87 4.59 6.04 3.63
1.85 3.75 6.46 3.21
1.84 3.85 6.11 2.96
1.84 4.49 5.87 3.36
1.92 4.04 6.05 3.09
1.83 3.4 6.75 3.15
1.87 4.1 6.05 3.15
1.96 4.52 5.64 3.16
1.88 4.33 6.05 3.38
1.91 4.29 5.72 3.01
1.91 4.47 5.75 3.22
1.88 4.37 5.69 3.06
1.89 4.2 6.18 3.38
1.91 4.32 6.01 3.33
1.93 4.06 5.96 3.02
1.93 4.53 6.13 3.66
1.89 4.26 6.0 3.26
1.9 3.83 6.19 3.02
1.85 4.35 6.01 3.36
1.94 4.38 5.88 3.26
1.9 4.58 5.77 3.35
1.84 3.91 6.14 3.05
1.87 4.29 6.06 3.35
1.92 3.85 6.33 3.18
1.9 4.48 5.77 3.25
1.87 4.28 6.08 3.36
1.91 4.42 5.9 3.32
1.87 4.32 6.01 3.33
1.89 4.36 5.91 3.27
1.9 4.07 6.19 3.26
1.91 4.65 5.63 3.28
1.86 4.33 5.88 3.21
1.86 3.68 6.27 2.95
1.86 4.02 6.23 3.25
1.88 4.27 5.79 3.06
1.84 4.14 6.09 3.23
1.96 4.55 5.75 3.3
1.84 4.03 6.09 3.12
1.86 4.15 6.11 3.26
1.94 3.95 6.29 3.24
1.87 3.84 6.17 3.01
1.91 4.19 6.07 3.26
1.89 4.34 5.92 3.26
1.89 4.25 5.99 3.24
1.89 4.06 6.25 3.31
1.92 4.11 6.1 3.21
1.86 3.91 6.2 3.11
1.88 4.17 6.31 3.48
1.9 4.51 5.81 3.32
1.87 4.22 6.39 3.61
1.89 4.54 5.68 3.22
1.87 4.13 6.08 3.21
1.89 3.98 6.45 3.43
1.93 4.56 5.74 3.3
1.9 4.17 6.02 3.19
1.82 3.66 6.71 3.37
1.89 4.46 5.92 3.38
1.91 4.34 5.72 3.06
1.91 4.5 5.86 3.36
1.9 4.5 5.84 3.34
1.85 4.0 6.36 3.36
1.86 4.03 6.56 3.59
1.85 3.8 6.45 3.25
1.86 4.35 5.95 3.3
1.87 4.34 6.1 3.44
1.86 3.96 6.23 3.19
1.84 3.68 6.57 3.25
1.87 4.46 5.73 3.19
1.91 4.51 5.78 3.29
1.86 3.98 5.92 2.9
1.92 4.41 6.19 3.6
1.87 4.5 5.83 3.33
1.84 4.44 6.02 3.46
1.89 4.14 6.04 3.18
1.91 4.66 5.91 3.57
1.93 5.03 5.47 3.5
1.9 4.08 5.93 3.01
1.94 5.16 5.08 3.24
1.85 4.3 6.16 3.46
1.94 4.41 5.77 3.18
1.9 4.17 5.71 2.88
1.89 4.68 5.56 3.24
1.87 3.81 6.01 2.82
1.9 4.92 5.56 3.48
1.9 4.49 5.69 3.18
1.89 4.28 6.16 3.44
1.92 4.1 5.85 2.95
1.89 4.6 5.87 3.47
1.93 4.62 5.74 3.36
1.86 4.15 5.75 2.9
1.9 4.54 6.05 3.59
1.87 3.91 6.02 2.93
1.85 3.63 6.65 3.28
1.94 3.85 6.09 2.94
1.87 3.75 6.53 3.28
1.83 4.02 6.06 3.08
1.85 4.47 5.75 3.22
1.87 3.69 6.51 3.2
1.82 3.94 6.49 3.43
1.92 4.28 5.98 3.26
1.88 4.3 6.17 3.47
1.84 4.33 5.93 3.26
1.89 4.12 5.94 3.06
1.86 4.37 6.11 3.48
1.88 4.12 6.2 3.32
1.82 3.91 6.35 3.26
1.88 4.12 6.2 3.32
1.86 4.96 5.6 3.56
1.89 3.87 6.26 3.13
1.87 4.24 5.99 3.23
1.89 4.13 5.96 3.09
1.88 4.05 6.14 3.19
1.88 4.18 6.04 3.22
1.89 3.89 6.27 3.16
1.86 3.88 6.08 2.96
1.84 3.97 6.12 3.09
1.88 4.61 5.38 2.99
1.86 3.74 6.62 3.36
1.85 4.57 5.38 2.95
1.89 4.4 5.68 3.08
1.86 3.77 6.17 2.94
1.87551 4.216462 6.016218 3.23268
