2.77 2.93 4.72 3.65
2.69 3.03 4.43 3.46
2.68 3.03 4.21 3.24
2.76 3.11 4.34 3.45
2.74 3.21 4.3 3.51
2.77 3.11 4.15 3.26
2.73 3.08 4.53 3.61
2.8 3.3 4.28 3.58
2.71 3.49 4.03 3.52
2.77 2.83 4.76 3.59
2.62 3.54 3.95 3.49
2.65 3.22 4.2 3.42
2.72 2.96 4.42 3.38
2.73 3.27 4.29 3.56
2.71 2.93 4.33 3.26
2.72 3.22 4.22 3.44
2.69 3.28 4.0 3.28
2.82 3.27 4.39 3.66
2.66 3.29 3.89 3.18
2.68 3.19 4.05 3.24
2.79 3.08 4.52 3.6
2.64 3.17 3.99 3.16
2.76 3.46 4.11 3.57
2.77 3.55 3.79 3.34
2.65 3.41 4.08 3.49
2.63 3.41 4.0 3.41
2.66 2.7 4.56 3.26
2.79 3.06 4.49 3.55
2.78 2.71 4.91 3.62
2.7 2.94 4.29 3.23
2.81 2.69 4.78 3.47
2.7 3.35 4.0 3.35
2.7 2.88 4.49 3.37
2.71 3.05 4.19 3.24
2.69 3.28 3.86 3.14
2.67 2.84 4.67 3.51
2.7 3.29 4.14 3.43
2.72 3.08 4.5 3.58
2.68 3.35 4.07 3.42
2.71 3.02 4.4 3.42
2.64 3.2 3.9 3.1
2.7 3.05 4.13 3.18
2.73 3.5 4.16 3.66
2.75 3.07 4.54 3.61
2.73 3.59 3.87 3.46
2.77 3.23 4.43 3.66
2.75 3.3 4.07 3.37
2.73 3.19 4.2 3.39
2.75 3.13 4.19 3.32
2.71 3.14 4.2 3.34
2.71 3.01 4.26 3.27
2.65 3.39 3.9 3.29
2.73 3.34 4.03 3.37
2.7 3.14 4.19 3.33
2.7 3.12 4.19 3.31
2.79 3.33 4.37 3.7
2.72 3.04 4.5 3.54
2.75 3.18 4.22 3.4
2.76 2.91 4.55 3.46
2.68 2.97 4.42 3.39
2.73 3.24 4.11 3.35
2.78 3.28 4.22 3.5
2.67 3.29 4.16 3.45
2.78 3.06 4.22 3.28
2.69 3.34 4.1 3.44
2.73 3.14 4.36 3.5
2.65 2.81 4.35 3.16
2.75 3.19 4.37 3.56
2.67 3.16 4.02 3.18
2.74 3.11 4.42 3.53
2.72 3.23 4.26 3.49
2.65 3.2 4.13 3.33
2.62 3.14 4.05 3.19
2.78 3.52 4.01 3.53
2.69 2.83 4.64 3.47
2.72 3.35 4.23 3.58
2.69 3.37 4.06 3.43
2.77 3.06 4.46 3.52
2.77 3.23 4.21 3.44
2.77 3.18 4.34 3.52
2.76 3.34 4.14 3.48
2.62 2.96 4.16 3.12
2.71 2.92 4.52 3.44
2.74 3.22 4.31 3.53
2.62 3.03 4.18 3.21
2.64 2.7 4.46 3.16
2.72 3.38 3.95 3.33
2.74 3.17 4.31 3.48
2.79 3.46 4.07 3.53
2.72 2.84 4.59 3.43
2.78 3.13 4.34 3.47
2.71 3.13 4.44 3.57
2.67 3.48 3.87 3.35
2.69 2.99 4.49 3.48
2.64 2.83 4.25 3.08
2.71 3.18 4.25 3.43
2.68 3.05 4.11 3.16
2.78 3.29 4.17 3.46
2.7 3.29 4.18 3.47
2.71 3.21 4.18 3.39
2.67 3.46 3.84 3.3
2.72 3.22 4.06 3.28
2.7 2.98 4.25 3.23
2.7 3.37 3.96 3.33
2.68 2.97 4.39 3.36
2.81 3.07 4.55 3.62
2.79 3.23 4.22 3.45
2.75 3.34 4.23 3.57
2.73 3.28 4.11 3.39
2.63 2.95 4.41 3.36
2.73 3.02 4.32 3.34
2.75 3.34 4.13 3.47
2.61 2.99 4.21 3.2
2.7 2.91 4.54 3.45
2.7 3.17 4.43 3.6
2.74 3.15 4.23 3.38
2.76 3.91 3.55 3.46
2.6 2.78 4.3 3.08
2.72 3.14 4.14 3.28
2.73 3.1 4.4 3.5
2.64 3.06 4.22 3.28
2.65 2.98 4.36 3.34
2.64 3.29 3.95 3.24
2.66 3.21 4.19 3.4
2.73 3.12 4.35 3.47
2.8 3.32 4.07 3.39
2.68 3.1 4.34 3.44
2.66 3.07 4.22 3.29
2.7 3.1 4.39 3.49
2.67 3.22 3.98 3.2
2.7 3.44 3.97 3.41
2.77 2.87 4.51 3.38
2.7 3.25 4.1 3.35
2.74 2.99 4.34 3.33
2.73 3.24 3.97 3.21
2.76 3.17 4.24 3.41
2.68 3.29 3.98 3.27
2.71 3.05 4.44 3.49
2.67 3.14 4.13 3.27
2.68 3.23 4.19 3.42
2.71 3.17 4.3 3.47
2.8 3.17 4.28 3.45
2.64 3.1 4.12 3.22
2.82 3.07 4.56 3.63
2.68 3.25 4.06 3.31
2.77 3.3 4.13 3.43
2.77 3.51 4.06 3.57
2.74 2.97 4.59 3.56
2.76 2.93 4.36 3.29
2.68 3.36 4.13 3.49
2.75 3.11 4.15 3.26
2.81 3.33 4.09 3.42
2.75 3.02 4.44 3.46
2.8 3.35 4.39 3.74
2.75 3.51 3.88 3.39
2.75 3.16 4.28 3.44
2.7 3.4 4.24 3.64
2.69 3.17 4.27 3.44
2.67 3.06 4.15 3.21
2.68 3.4 3.9 3.3
2.75 3.43 4.0 3.43
2.69 2.88 4.7 3.58
2.73 3.08 4.33 3.41
2.65 2.89 4.19 3.08
2.7 3.36 4.09 3.45
2.76 3.2 4.24 3.44
2.8 2.78 4.64 3.42
2.73 3.11 4.19 3.3
2.7 2.92 4.26 3.18
2.7 2.96 4.49 3.45
2.63 2.99 4.21 3.2
2.72 3.25 4.08 3.33
2.65 3.01 4.29 3.3
2.66 3.14 3.96 3.1
2.8 3.49 4.16 3.65
2.62 2.93 4.15 3.08
2.78 3.22 4.15 3.37
2.66 3.23 4.1 3.33
2.76 3.33 4.11 3.44
2.76 3.34 4.26 3.6
2.72 3.05 4.41 3.46
2.69 3.16 4.38 3.54
2.69 3.03 4.2 3.23
2.73 3.18 4.35 3.53
2.68 3.21 4.08 3.29
2.79 3.2 4.24 3.44
2.84 3.45 4.14 3.59
2.67 3.36 3.88 3.24
2.71 3.02 4.44 3.46
2.76 2.96 4.57 3.53
2.73 3.43 4.02 3.45
2.68 3.03 4.19 3.22
2.8 3.16 4.24 3.4
2.62 3.23 4.16 3.39
2.64 3.21 4.14 3.35
2.73 2.88 4.44 3.32
2.77 2.98 4.27 3.25
2.7 2.6 4.77 3.37
2.73 2.99 4.44 3.43
2.78 3.05 4.56 3.61
2.62 3.12 4.09 3.21
2.67 3.16 4.28 3.44
2.67 3.1 4.29 3.39
2.81 3.49 4.21 3.7
2.66 3.14 4.15 3.29
2.79 3.4 4.0 3.4
2.64 3.22 3.82 3.04
2.63 3.32 4.12 3.44
2.71 3.3 4.32 3.62
2.74 2.94 4.49 3.43
2.73 2.89 4.46 3.35
2.77 3.05 4.2 3.25
2.71 3.32 4.06 3.38
2.64 2.91 4.21 3.12
2.7 3.13 3.99 3.12
2.82 3.58 3.97 3.55
2.82 3.18 4.43 3.61
2.66 3.11 4.02 3.13
2.71 3.49 4.02 3.51
2.67 3.05 4.02 3.07
2.7 3.53 3.79 3.32
2.71 3.21 4.13 3.34
2.7 2.78 4.66 3.44
2.72 3.07 4.15 3.22
2.67 3.04 4.38 3.42
2.76 3.49 3.98 3.47
2.79 3.11 4.44 3.55
2.67 3.19 4.13 3.32
2.68 3.36 4.01 3.37
2.7 2.94 4.48 3.42
2.76 3.1 4.11 3.21
2.72 3.27 3.96 3.23
2.72 2.92 4.41 3.33
2.74 2.98 4.58 3.56
2.78 3.4 4.14 3.54
2.75 3.01 4.58 3.59
2.75 2.97 4.45 3.42
2.78 2.98 4.53 3.51
2.71 2.89 4.63 3.52
2.7 3.55 3.77 3.32
2.66 3.01 4.09 3.1
2.7 3.48 3.9 3.38
2.68 3.06 4.26 3.32
2.77 3.3 4.18 3.48
2.74 3.27 4.2 3.47
2.63 3.46 3.81 3.27
2.74 3.39 3.8 3.19
2.67 2.93 4.12 3.05
2.67 2.98 4.1 3.08
2.76 3.55 4.0 3.55
2.68 3.28 4.03 3.31
2.7 3.24 4.26 3.5
2.73 2.98 4.45 3.43
2.69 3.24 4.14 3.38
2.64 3.41 3.72 3.13
2.72 3.39 4.35 3.74
2.68 2.87 4.53 3.4
2.73 2.84 4.53 3.37
2.78 3.07 4.36 3.43
2.66 2.95 4.09 3.04
2.68 2.99 4.38 3.37
2.85 3.12 4.32 3.44
2.71 3.31 4.1 3.41
2.71 3.05 4.38 3.43
2.73 2.95 4.54 3.49
2.71 3.14 4.05 3.19
2.78 3.35 4.07 3.42
2.71 3.34 3.88 3.22
2.73 3.0 4.21 3.21
2.75 3.12 4.46 3.58
2.64 3.57 3.94 3.51
2.73 3.35 4.21 3.56
2.67 3.25 4.08 3.33
2.8 3.07 4.32 3.39
2.72 3.18 4.22 3.4
2.71 3.33 4.17 3.5
2.69 3.34 4.15 3.49
2.68 3.06 4.44 3.5
2.71 3.18 4.37 3.55
2.66 3.1 4.18 3.28
2.77 3.43 3.9 3.33
2.78 3.3 4.14 3.44
2.65 2.99 4.39 3.38
2.68 2.93 4.41 3.34
2.68 3.05 4.29 3.34
2.65 3.12 4.19 3.31
2.85 3.3 4.28 3.58
2.71 3.27 4.01 3.28
2.66 3.26 4.05 3.31
2.65 3.02 4.31 3.33
2.69 2.91 4.48 3.39
2.76 3.05 4.54 3.59
2.67 3.31 4.08 3.39
2.62 2.86 4.35 3.21
2.74 3.21 4.18 3.39
2.7 3.04 4.27 3.31
2.75 3.45 3.96 3.41
2.81 3.16 4.43 3.59
2.66 2.94 4.44 3.38
2.69 3.45 3.95 3.4
2.7 3.32 4.07 3.39
2.81 3.43 4.3 3.73
2.66 3.05 4.01 3.06
2.66 3.14 4.14 3.28
2.75 3.26 4.25 3.51
2.62 3.15 4.2 3.35
2.71 2.95 4.38 3.33
2.8 3.4 4.15 3.55
2.66 2.81 4.62 3.43
2.71 3.24 4.13 3.37
2.75 3.05 4.41 3.46
2.74 3.04 4.34 3.38
2.8 3.13 4.44 3.57
2.67 3.01 4.4 3.41
2.69 3.02 4.59 3.61
2.71 2.89 4.34 3.23
2.74 3.03 4.17 3.2
2.76 3.44 4.32 3.76
2.83 3.12 4.46 3.58
2.59 2.92 4.19 3.11
2.69 2.98 4.31 3.29
2.71 3.04 4.27 3.31
2.75 3.13 4.41 3.54
2.77 2.91 4.51 3.42
2.73 2.76 4.58 3.34
2.69 2.93 4.35 3.28
2.74 3.02 4.42 3.44
2.78 3.17 4.37 3.54
2.73 3.1 4.28 3.38
2.64 3.38 4.05 3.43
2.86 3.59 4.0 3.59
2.73 3.32 4.21 3.53
2.64 3.06 4.12 3.18
2.75 3.06 4.24 3.3
2.65 3.09 4.1 3.19
2.61 3.33 4.06 3.39
2.7 3.63 3.77 3.4
2.68 3.04 4.21 3.25
2.76 3.52 3.87 3.39
2.72 3.21 4.15 3.36
2.68 3.0 4.39 3.39
2.69 3.48 3.86 3.34
2.8 3.4 4.24 3.64
2.66 2.77 4.43 3.2
2.76 3.36 4.23 3.59
2.64 3.09 4.18 3.27
2.68 3.08 4.19 3.27
2.64 3.41 3.99 3.4
2.69 3.26 4.01 3.27
2.73 3.31 4.06 3.37
2.66 3.05 4.17 3.22
2.65 3.22 4.05 3.27
2.61 3.16 4.01 3.17
2.71 3.34 4.04 3.38
2.73 3.33 4.1 3.43
2.78 2.9 4.5 3.4
2.78 3.19 4.22 3.41
2.75 3.14 4.45 3.59
2.7 2.82 4.55 3.37
2.72 3.15 4.23 3.38
2.7 3.32 3.97 3.29
2.7 3.07 4.4 3.47
2.68 2.98 4.3 3.28
2.75 3.18 4.52 3.7
2.75 2.9 4.44 3.34
2.68 2.91 4.54 3.45
2.77 3.09 4.61 3.7
2.73 3.06 4.14 3.2
2.74 2.92 4.54 3.46
2.65 3.28 4.02 3.3
2.75 2.94 4.4 3.34
2.68 2.99 4.09 3.08
2.68 3.26 4.12 3.38
2.68 3.16 4.34 3.5
2.71 2.78 4.52 3.3
2.8 3.5 4.09 3.59
2.7 3.36 3.88 3.24
2.75 3.23 3.84 3.07
2.77 3.03 4.69 3.72
2.72 3.2 4.15 3.35
2.64 3.27 3.86 3.13
2.72 3.41 4.14 3.55
2.77 3.0 4.51 3.51
2.72 3.58 3.96 3.54
2.63 3.16 4.23 3.39
2.81 2.92 4.54 3.46
2.69 2.87 4.38 3.25
2.73 3.07 4.12 3.19
2.75 3.33 4.14 3.47
2.72 3.05 4.55 3.6
2.64 3.35 3.97 3.32
2.72 3.22 4.05 3.27
2.68 3.1 4.15 3.25
2.66 3.15 4.07 3.22
2.78 3.51 3.98 3.49
2.62 3.08 4.11 3.19
2.78 2.94 4.49 3.43
2.67 2.82 4.36 3.18
2.77 2.92 4.44 3.36
2.72 3.32 4.23 3.55
2.77 2.86 4.37 3.23
2.65 3.11 4.4 3.51
2.74 2.96 4.38 3.34
2.68 3.02 4.32 3.34
2.79 2.74 4.76 3.5
2.73 3.42 3.88 3.3
2.73 2.95 4.23 3.18
2.66 2.96 4.42 3.38
2.69 3.26 4.14 3.4
2.63 2.83 4.43 3.26
2.65 3.1 4.0 3.1
2.72 3.32 4.15 3.47
2.71 3.18 4.1 3.28
2.66 3.11 4.14 3.25
2.73 3.48 4.08 3.56
2.73 3.17 4.13 3.3
2.71 3.2 4.1 3.3
2.66 2.97 4.21 3.18
2.67 3.14 4.08 3.22
2.65 3.02 4.14 3.16
2.7 3.49 3.93 3.42
2.74 2.98 4.42 3.4
2.79 3.38 4.24 3.62
2.65 3.15 4.06 3.21
2.69 3.3 4.01 3.31
2.73 3.0 4.48 3.48
2.66 3.24 3.91 3.15
2.7 3.33 3.77 3.1
2.69 3.49 3.93 3.42
2.71 3.6 3.89 3.49
2.67 3.55 3.63 3.18
2.67 3.15 4.3 3.45
2.63 3.36 3.68 3.04
2.66 3.85 3.64 3.49
2.74 3.53 4.04 3.57
2.74 3.06 4.35 3.41
2.75 2.86 4.57 3.43
2.75 3.6 4.0 3.6
2.75 3.92 3.62 3.54
2.69 3.15 4.21 3.36
2.59 2.96 4.1 3.06
2.73 3.04 4.36 3.4
2.61 3.24 4.0 3.24
2.66 3.07 4.24 3.31
2.68 3.33 3.82 3.15
2.66 2.75 4.66 3.41
2.65 3.09 4.2 3.29
2.69 3.38 4.22 3.6
2.77 3.22 4.23 3.45
2.69 3.12 4.34 3.46
2.71 3.56 4.1 3.66
2.61 3.26 4.01 3.27
2.77 3.11 4.42 3.53
2.67 3.02 4.29 3.31
2.78 3.01 4.36 3.37
2.67 2.7 4.62 3.32
2.62 2.66 4.46 3.12
2.79 3.13 4.48 3.61
2.67 3.19 4.27 3.46
2.79 3.16 4.33 3.49
2.73 3.37 4.1 3.47
2.7 2.97 4.3 3.27
2.7 3.05 4.53 3.58
2.79 2.81 4.62 3.43
2.62 3.22 4.0 3.22
2.74 3.33 4.07 3.4
2.68 3.52 3.98 3.5
2.71 3.39 4.03 3.42
2.73 3.16 4.42 3.58
2.73 3.15 4.3 3.45
2.65 3.22 3.99 3.21
2.67 3.17 4.07 3.24
2.71 3.24 4.0 3.24
2.68 3.09 4.29 3.38
2.72 3.25 3.96 3.21
2.66 3.13 4.13 3.26
2.71 2.74 4.7 3.44
2.67 3.09 4.33 3.42
2.59 3.36 3.78 3.14
2.73 3.13 4.29 3.42
2.75 3.2 4.25 3.45
2.68 3.45 3.85 3.3
2.74 3.31 4.24 3.55
2.78 2.89 4.49 3.38
2.75 3.18 4.41 3.59
2.66 3.11 4.07 3.18
2.7 3.17 4.22 3.39
2.65 2.68 4.58 3.26
2.68 3.08 4.16 3.24
2.75 2.9 4.62 3.52
2.76 3.23 4.3 3.53
2.72 3.1 4.35 3.45
2.64 2.88 4.34 3.22
2.77 3.31 4.13 3.44
2.58 2.95 4.16 3.11
2.74 3.25 4.26 3.51
2.77 3.02 4.44 3.46
2.76 2.99 4.44 3.43
2.69 3.35 3.99 3.34
2.65 3.29 3.95 3.24
2.82 3.36 4.06 3.42
2.67 2.91 4.33 3.24
2.71 2.96 4.38 3.34
2.81 3.06 4.59 3.65
2.67 3.17 4.29 3.46
2.7 3.29 3.97 3.26
2.65 2.97 4.29 3.26
2.75 2.97 4.47 3.44
2.66 2.99 4.25 3.24
2.72 3.6 3.88 3.48
2.72 3.21 4.2 3.41
2.67 3.31 3.97 3.28
2.68 2.9 4.24 3.14
2.81 3.27 3.95 3.22
2.67 3.1 4.29 3.39
2.82 3.31 4.39 3.7
2.69 3.33 4.16 3.49
2.81 2.94 4.63 3.57
2.73 3.01 4.64 3.65
2.76 3.31 4.35 3.66
2.64 2.94 4.15 3.09
2.64 2.75 4.38 3.13
2.71 2.94 4.55 3.49
2.72 3.1 4.36 3.46
2.66 3.23 4.2 3.43
2.81 2.93 4.72 3.65
2.75 3.26 4.21 3.47
2.72 3.41 4.1 3.51
2.66 2.95 4.3 3.25
2.79 3.48 3.99 3.47
2.72 3.34 4.1 3.44
2.74 3.62 3.9 3.52
2.76 3.28 4.23 3.51
2.59 3.35 3.7 3.05
2.62 2.94 4.47 3.41
2.66 3.17 4.08 3.25
2.69 3.5 3.99 3.49
2.74 3.28 4.46 3.74
2.72 3.32 4.21 3.53
2.69 3.32 4.11 3.43
2.67 3.29 4.16 3.45
2.8 2.97 4.45 3.42
2.77 2.79 4.48 3.27
2.65 3.33 3.97 3.3
2.67 3.39 3.93 3.32
2.69 3.05 4.38 3.43
2.72 2.82 4.39 3.21
2.65 3.06 4.16 3.22
2.65 3.28 4.17 3.45
2.66 3.23 4.03 3.26
2.66 2.96 4.08 3.04
2.68 3.21 4.08 3.29
2.74 3.43 4.23 3.66
2.67 3.01 4.1 3.11
2.76 3.12 4.44 3.56
2.79 3.5 3.94 3.44
2.69 3.1 4.45 3.55
2.78 3.3 4.27 3.57
2.69 3.1 4.27 3.37
2.72 3.19 4.33 3.52
2.63 3.01 4.24 3.25
2.8 3.05 4.59 3.64
2.55 3.15 4.09 3.24
2.78 3.2 4.09 3.29
2.73 2.89 4.6 3.49
2.73 3.18 4.44 3.62
2.71 2.85 4.38 3.23
2.78 2.66 4.83 3.49
2.65 2.94 4.13 3.07
2.69 3.19 4.01 3.2
2.73 3.18 4.15 3.33
2.69 2.64 4.82 3.46
2.69 3.02 4.39 3.41
2.73 3.35 3.89 3.24
2.72 3.25 4.09 3.34
2.78 3.43 3.99 3.42
2.68 3.13 4.11 3.24
2.71 3.34 4.04 3.38
2.8 3.31 4.39 3.7
2.62 3.2 4.11 3.31
2.72 2.92 4.22 3.14
2.63 3.04 4.2 3.24
2.76 3.16 4.25 3.41
2.76 3.45 3.94 3.39
2.8 3.25 4.48 3.73
2.66 2.98 4.28 3.26
2.67 2.95 4.28 3.23
2.81 3.34 4.09 3.43
2.68 2.99 4.32 3.31
2.74 3.41 3.86 3.27
2.65 3.3 4.02 3.32
2.76 3.09 4.28 3.37
2.59 3.06 4.23 3.29
2.68 3.21 4.15 3.36
2.74 3.29 4.07 3.36
2.7 3.34 4.18 3.52
2.69 2.99 4.35 3.34
2.72 3.24 4.34 3.58
2.69 3.07 4.2 3.27
2.68 3.22 4.18 3.4
2.73 3.11 4.47 3.58
2.76 3.18 4.18 3.36
2.82 3.18 4.33 3.51
2.66 3.17 4.16 3.33
2.55 2.69 4.42 3.11
2.73 3.03 4.51 3.54
2.72 3.24 4.08 3.32
2.74 3.09 4.31 3.4
2.69 3.19 3.97 3.16
2.72 3.48 3.97 3.45
2.8 3.27 4.04 3.31
2.75 3.26 3.98 3.24
2.72 3.25 4.11 3.36
2.63 3.17 4.37 3.54
2.75 2.93 4.23 3.16
2.79 3.09 4.37 3.46
2.74 3.36 3.96 3.32
2.7 3.28 4.15 3.43
2.77 3.47 4.07 3.54
2.77 3.63 3.98 3.61
2.76 3.25 4.03 3.28
2.75 3.09 4.45 3.54
2.69 3.26 4.33 3.59
2.72 3.51 4.19 3.7
2.75 3.17 4.16 3.33
2.78 3.28 4.33 3.61
2.76 3.2 4.07 3.27
2.58 3.44 3.78 3.22
2.63 3.4 3.83 3.23
2.73 3.32 4.26 3.58
2.75 3.15 4.32 3.47
2.76 3.11 4.2 3.31
2.75 3.52 4.14 3.66
2.73 3.32 4.12 3.44
2.74 3.07 4.37 3.44
2.75 3.43 4.31 3.74
2.66 3.09 4.11 3.2
2.62 2.9 4.26 3.16
2.64 2.95 4.44 3.39
2.74 3.1 4.44 3.54
2.78 3.4 4.26 3.66
2.63 3.33 3.71 3.04
2.73 3.47 3.9 3.37
2.73 3.23 4.04 3.27
2.75 3.31 4.04 3.35
2.81 3.34 4.16 3.5
2.69 2.86 4.32 3.18
2.72 3.23 4.16 3.39
2.7 2.98 4.44 3.42
2.7 3.13 4.32 3.45
2.8 3.03 4.59 3.62
2.63 3.22 4.07 3.29
2.69 3.33 3.83 3.16
2.7 3.17 4.15 3.32
2.7 2.88 4.41 3.29
2.68 3.35 4.14 3.49
2.71 3.2 4.24 3.44
2.73 3.13 4.41 3.54
2.7 3.32 3.99 3.31
2.79 3.18 4.26 3.44
2.7 2.81 4.31 3.12
2.75 3.16 4.26 3.42
2.72 3.14 4.4 3.54
2.71 3.09 4.27 3.36
2.75 3.06 4.47 3.53
2.66 3.07 4.26 3.33
2.74 3.25 4.19 3.44
2.69 3.05 4.43 3.48
2.72 3.21 4.3 3.51
2.8 3.31 4.42 3.73
2.7 3.58 4.02 3.6
2.63 3.14 3.98 3.12
2.67 3.18 3.91 3.09
2.67 3.12 4.22 3.34
2.76 3.24 4.06 3.3
2.73 3.0 4.18 3.18
2.75 3.16 4.2 3.36
2.72 2.96 4.6 3.56
2.72 3.08 4.45 3.53
2.7 2.9 4.44 3.34
2.61 3.24 4.13 3.37
2.69 3.27 4.14 3.41
2.74 3.53 4.08 3.61
2.69 3.24 4.28 3.52
2.74 3.21 4.33 3.54
2.81 3.32 4.18 3.5
2.7 3.18 3.99 3.17
2.76 3.0 4.23 3.23
2.64 3.0 4.22 3.22
2.74 3.09 4.28 3.37
2.71 2.86 4.35 3.21
2.69 3.19 4.32 3.51
2.64 2.87 4.27 3.14
2.57 3.11 4.02 3.13
2.72 3.32 4.29 3.61
2.76 2.86 4.81 3.67
2.67 3.34 4.08 3.42
2.72 2.93 4.43 3.36
2.72 3.09 4.5 3.59
2.69 3.34 4.15 3.49
2.77 3.01 4.71 3.72
2.68 3.4 3.93 3.33
2.62 2.85 4.12 2.97
2.72 3.01 4.53 3.54
2.6 3.11 4.02 3.13
2.71 3.26 4.08 3.34
2.64 3.26 3.87 3.13
2.67 3.23 4.0 3.23
2.74 3.11 4.14 3.25
2.74 3.19 4.3 3.49
2.74 3.06 4.44 3.5
2.74 2.88 4.63 3.51
2.69 3.04 4.23 3.27
2.79 3.07 4.09 3.16
2.69 3.3 4.09 3.39
2.71 3.01 4.11 3.12
2.7 3.26 4.2 3.46
2.67 3.16 3.98 3.14
2.75 2.99 4.43 3.42
2.65 3.38 3.95 3.33
2.85 3.19 4.31 3.5
2.75 3.22 4.3 3.52
2.76 3.2 4.36 3.56
2.75 3.15 4.08 3.23
2.71 3.49 3.96 3.45
2.67 2.81 4.44 3.25
2.78 3.4 3.91 3.31
2.65 3.08 4.03 3.11
2.71 2.92 4.39 3.31
2.68 3.18 4.34 3.52
2.77 3.29 4.21 3.5
2.73 3.3 4.07 3.37
2.69 3.47 4.0 3.47
2.69 3.1 4.24 3.34
2.69 3.08 4.4 3.48
2.7 3.11 4.17 3.28
2.69 3.37 3.9 3.27
2.74 3.35 4.24 3.59
2.67 3.27 4.18 3.45
2.72 3.47 3.95 3.42
2.7 3.59 3.97 3.56
2.73 3.38 4.06 3.44
2.71 3.14 4.01 3.15
2.71 3.3 3.91 3.21
2.64 3.31 3.88 3.19
2.75 3.01 4.45 3.46
2.7 3.17 4.5 3.67
2.7 2.88 4.23 3.11
2.63 2.96 4.22 3.18
2.76 3.47 3.99 3.46
2.73 3.49 4.23 3.72
2.68 3.17 3.92 3.09
2.65 3.11 4.42 3.53
2.64 3.25 4.07 3.32
2.74 3.21 4.28 3.49
2.63 2.97 4.19 3.16
2.71 3.33 4.15 3.48
2.65 3.28 3.98 3.26
2.71 2.86 4.7 3.56
2.67 3.11 4.26 3.37
2.71 2.82 4.64 3.46
2.66 3.37 4.05 3.42
2.66 3.08 4.26 3.34
2.71 3.26 4.38 3.64
2.68 3.0 4.18 3.18
2.59 3.03 4.07 3.1
2.65 3.19 4.14 3.33
2.66 3.06 4.26 3.32
2.75 3.41 4.0 3.41
2.76 3.19 4.37 3.56
2.75 3.23 4.2 3.43
2.7 3.14 4.21 3.35
2.69 3.04 4.44 3.48
2.74 3.37 4.04 3.41
2.75 3.53 3.94 3.47
2.74 3.42 4.12 3.54
2.7 2.87 4.49 3.36
2.79 3.2 4.09 3.29
2.73 3.19 4.15 3.34
2.72 3.45 4.06 3.51
2.68 2.94 4.29 3.23
2.66 3.14 4.16 3.3
2.64 3.22 3.83 3.05
2.7 3.27 4.2 3.47
2.76 3.03 4.34 3.37
2.71 3.06 4.17 3.23
2.81 3.3 4.15 3.45
2.75 3.22 4.09 3.31
2.75 3.1 4.42 3.52
2.7 2.96 4.51 3.47
2.78 3.29 4.23 3.52
2.69 3.16 4.1 3.26
2.8 3.24 4.52 3.76
2.8 3.12 4.44 3.56
2.78 3.1 4.4 3.5
2.73 3.22 4.13 3.35
2.7 3.32 4.04 3.36
2.65 3.26 3.96 3.22
2.77 3.26 4.36 3.62
2.63 2.94 4.28 3.22
2.71 3.36 4.2 3.56
2.73 3.04 4.48 3.52
2.66 3.35 3.82 3.17
2.71 3.08 4.43 3.51
2.77 2.76 4.54 3.3
2.86 3.13 4.7 3.83
2.68 3.34 4.14 3.48
2.71 3.1 4.14 3.24
2.74 3.34 4.26 3.6
2.7 2.87 4.4 3.27
2.74 3.18 4.21 3.39
2.73 3.2 4.15 3.35
2.73 3.23 3.84 3.07
2.69 3.27 3.99 3.26
2.75 3.05 4.34 3.39
2.75 3.12 4.55 3.67
2.8 3.05 4.25 3.3
2.77 3.09 4.19 3.28
2.66 3.15 4.18 3.33
2.77 3.24 4.22 3.46
2.7 2.86 4.57 3.43
2.73 3.24 4.08 3.32
2.74 3.02 4.46 3.48
2.7 3.15 4.3 3.45
2.74 3.15 4.17 3.32
2.75 2.87 4.58 3.45
2.68 3.12 4.16 3.28
2.68 3.3 4.08 3.38
2.68 3.33 4.08 3.41
2.79 3.14 4.43 3.57
2.71 3.37 4.03 3.4
2.63 3.11 4.23 3.34
2.8 3.33 4.41 3.74
2.64 3.3 3.82 3.12
2.75 2.89 4.48 3.37
2.79 3.13 4.41 3.54
2.68 3.39 3.98 3.37
2.77 3.29 4.29 3.58
2.64 2.75 4.38 3.13
2.79 3.13 4.36 3.49
2.63 3.18 4.21 3.39
2.67 3.52 3.92 3.44
2.71 3.39 4.02 3.41
2.72 3.03 4.38 3.41
2.7 3.07 4.26 3.33
2.71 3.35 4.26 3.61
2.66 3.23 4.14 3.37
2.72 3.2 4.34 3.54
2.77 3.14 4.39 3.53
2.66 3.19 4.11 3.3
2.64 3.16 4.12 3.28
2.71 3.25 3.88 3.13
2.73 3.26 4.14 3.4
2.75 3.25 4.08 3.33
2.77 3.35 3.96 3.31
2.8 3.26 4.56 3.82
2.77 3.41 4.14 3.55
2.71 3.2 4.19 3.39
2.69 3.37 3.96 3.33
2.73 2.82 4.5 3.32
2.7 2.97 4.24 3.21
2.66 3.17 4.06 3.23
2.71 3.3 4.42 3.72
2.67 3.19 4.29 3.48
2.79 3.37 4.15 3.52
2.74 3.17 4.19 3.36
2.79 3.47 4.3 3.77
2.71 3.16 4.06 3.22
2.63 3.02 4.32 3.34
2.79 3.09 4.36 3.45
2.69 3.25 3.86 3.11
2.77 3.29 4.26 3.55
2.67 3.12 4.38 3.5
2.75 3.1 4.04 3.14
2.76 3.05 4.19 3.24
2.77 3.23 4.17 3.4
2.63 3.41 3.84 3.25
2.72 3.42 4.03 3.45
2.74 3.2 4.19 3.39
2.61 3.18 3.96 3.14
2.68 2.77 4.48 3.25
2.69 3.29 4.13 3.42
2.81 3.48 4.02 3.5
2.71 3.25 4.05 3.3
2.69 3.01 4.33 3.34
2.73 3.16 4.13 3.29
2.7 3.05 4.29 3.34
2.7 3.21 4.13 3.34
2.74 2.99 4.36 3.35
2.73 3.4 4.06 3.46
2.65 3.16 4.19 3.35
2.69 3.15 4.15 3.3
2.7 2.98 4.43 3.41
2.73 3.04 4.38 3.42
2.73 3.38 4.09 3.47
2.69 3.24 4.33 3.57
2.65 2.86 4.43 3.29
2.77 3.17 4.12 3.29
2.7 3.1 4.13 3.23
2.76 3.25 4.16 3.41
2.73 2.99 4.17 3.16
2.8 3.26 4.21 3.47
2.64 2.87 4.42 3.29
2.69 3.3 4.1 3.4
2.79 3.13 4.29 3.42
2.74 3.25 4.22 3.47
2.66 2.88 4.52 3.4
2.76 2.87 4.79 3.66
2.71 3.42 4.1 3.52
2.71 3.32 3.84 3.16
2.7 3.44 4.19 3.63
2.73 3.14 4.21 3.35
2.65 3.07 4.29 3.36
2.72 2.92 4.25 3.17
2.74 3.57 3.8 3.37
2.66 3.28 4.11 3.39
2.68 3.19 4.18 3.37
2.67 3.43 3.8 3.23
2.7 3.23 4.06 3.29
2.73 3.08 4.23 3.31
2.64 3.2 4.27 3.47
2.72 3.57 4.04 3.61
2.73 3.35 4.01 3.36
2.78 3.41 4.12 3.53
2.71 3.01 4.27 3.28
2.69 3.24 4.04 3.28
2.71 3.3 4.23 3.53
2.58 3.42 3.78 3.2
2.72 3.15 4.18 3.33
2.76 2.92 4.41 3.33
2.72 3.17 4.23 3.4
2.69 2.93 4.3 3.23
2.77 3.41 4.3 3.71
2.78 3.21 4.3 3.51
2.72 3.54 4.04 3.58
2.71 3.17 4.28 3.45
2.74 3.49 4.14 3.63
2.67 3.5 4.06 3.56
2.76 3.03 4.32 3.35
2.73 2.79 4.33 3.12
2.74 3.1 4.59 3.69
2.71 3.29 4.11 3.4
2.73 3.23 3.86 3.09
2.67 3.22 4.04 3.26
2.79 3.15 4.41 3.56
2.73 2.91 4.47 3.38
2.73 3.13 4.38 3.51
2.67 3.03 4.11 3.14
2.71 2.97 4.34 3.31
2.69 2.77 4.4 3.17
2.71 3.18 4.1 3.28
2.75 3.26 4.4 3.66
2.76 3.12 4.22 3.34
2.69 3.33 4.13 3.46
2.7 3.28 4.07 3.35
2.65 3.1 4.12 3.22
2.72 3.02 4.42 3.44
2.65 2.92 4.27 3.19
2.62 2.97 4.32 3.29
2.77 3.35 3.82 3.17
2.63 3.07 4.3 3.37
2.68 3.3 4.14 3.44
2.69 3.36 4.03 3.39
2.74 2.97 4.45 3.42
2.69 2.89 4.44 3.33
2.83 3.66 3.92 3.58
2.61 3.17 4.13 3.3
2.71 3.18 4.15 3.33
2.77 3.22 4.39 3.61
2.78 3.36 4.1 3.46
2.73 3.04 4.32 3.36
2.68 2.98 4.33 3.31
2.74 3.28 4.26 3.54
2.74 2.72 4.61 3.33
2.72 3.22 4.04 3.26
2.67 3.25 4.22 3.47
2.7 3.36 3.97 3.33
2.74 3.19 4.25 3.44
2.73 2.92 4.47 3.39
2.72 2.68 4.56 3.24
2.69 3.72 3.69 3.41
2.76 3.06 4.44 3.5
2.77 2.92 4.39 3.31
2.66 3.16 4.1 3.26
2.66 2.87 4.52 3.39
2.63 3.28 4.1 3.38
2.67 3.21 4.14 3.35
2.78 3.2 4.18 3.38
2.66 3.03 4.18 3.21
2.7 3.24 4.16 3.4
2.74 3.49 4.04 3.53
2.69 3.2 4.14 3.34
2.75 2.97 4.35 3.32
2.77 3.42 3.91 3.33
2.59 3.13 3.87 3.0
2.78 3.15 4.26 3.41
2.88 3.0 4.6 3.6
2.72 3.15 4.0 3.15
2.64 3.04 4.22 3.26
2.66 3.04 4.18 3.22
2.8 3.54 3.97 3.51
2.67 3.07 4.4 3.47
2.69 3.08 4.2 3.28
2.85 3.18 4.46 3.64
2.73 3.16 4.21 3.37
2.74 3.07 4.3 3.37
2.68 3.05 4.1 3.15
2.8 3.1 4.63 3.73
2.67 3.44 4.04 3.48
2.73 3.26 4.2 3.46
2.71 3.54 3.85 3.39
2.82 3.8 3.91 3.71
2.81 3.11 4.43 3.54
2.69 3.14 4.27 3.41
2.6 3.2 4.06 3.26
2.73 3.24 4.42 3.66
2.77 3.5 3.98 3.48
2.73 3.39 4.1 3.49
2.8 3.31 4.29 3.6
2.71 3.11 4.19 3.3
2.71 3.3 4.13 3.43
2.67 3.04 4.39 3.43
2.65 3.31 4.01 3.32
2.65 3.26 4.16 3.42
2.64 3.14 3.97 3.11
2.76 3.14 4.2 3.34
2.78 3.44 4.2 3.64
2.73 2.76 4.54 3.3
2.69 3.13 4.17 3.3
2.66 3.23 4.11 3.34
2.73 3.03 4.16 3.19
2.61 3.31 3.88 3.19
2.77 3.12 4.34 3.46
2.8 3.08 4.42 3.5
2.67 3.03 4.22 3.25
2.72 3.02 4.43 3.45
2.78 3.2 4.21 3.41
2.76 3.47 3.95 3.42
2.72 3.57 3.77 3.34
2.78 3.38 4.12 3.5
2.79 3.16 4.33 3.49
2.75 3.27 4.09 3.36
2.77 3.14 4.43 3.57
2.76 3.25 4.05 3.3
2.64 3.17 4.01 3.18
2.67 2.98 4.28 3.26
2.72 3.4 4.06 3.46
2.77 3.4 4.26 3.66
2.76 3.14 4.16 3.3
2.7 2.88 4.57 3.45
2.68 3.13 4.18 3.31
2.63 3.04 4.24 3.28
2.68 3.21 3.94 3.15
2.79 3.37 4.03 3.4
2.67 3.39 3.99 3.38
2.68 3.46 3.92 3.38
2.63 3.26 4.14 3.4
2.75 3.18 4.33 3.51
2.67 3.3 3.93 3.23
2.72 3.04 4.41 3.45
2.69 3.26 3.95 3.21
2.81 3.31 4.13 3.44
2.79 3.18 4.21 3.39
2.67 3.19 4.41 3.6
2.74 3.17 4.28 3.45
2.72 3.13 4.28 3.41
2.77 3.09 4.47 3.56
2.7 3.32 3.96 3.28
2.7 3.4 3.81 3.21
2.66 3.53 3.79 3.32
2.67 3.15 4.14 3.29
2.76 3.16 4.39 3.55
2.74 3.01 4.13 3.14
2.65 2.73 4.67 3.4
2.69 3.15 4.09 3.24
2.77 3.12 4.35 3.47
2.74 2.71 4.68 3.39
2.74 3.42 4.13 3.55
2.76 3.29 4.24 3.53
2.69 3.18 4.03 3.21
2.68 3.05 4.21 3.26
2.74 2.88 4.36 3.24
2.75 3.14 4.31 3.45
2.78 3.47 4.0 3.47
2.77 3.05 4.44 3.49
2.73 3.41 4.03 3.44
2.76 2.97 4.68 3.65
2.68 3.21 4.12 3.33
2.72 3.74 3.8 3.54
2.72 3.06 4.25 3.31
2.69 3.41 3.95 3.36
2.66 3.15 4.3 3.45
2.75 3.12 4.32 3.44
2.72 3.65 3.68 3.33
2.7 3.05 4.32 3.37
2.71 2.98 4.35 3.33
2.78 3.02 4.46 3.48
2.7 3.17 4.08 3.25
2.77 2.88 4.4 3.28
2.83 3.09 4.77 3.86
2.82 2.75 4.75 3.5
2.64 2.94 4.47 3.41
2.72 3.05 4.36 3.41
2.71 3.16 4.32 3.48
2.74 3.3 4.12 3.42
2.82 3.05 4.6 3.65
2.68 2.99 4.24 3.23
2.81 3.09 4.49 3.58
2.75 3.04 4.28 3.32
2.78 3.34 4.32 3.66
2.67 3.14 4.06 3.2
2.71 2.85 4.47 3.32
2.77 3.37 4.31 3.68
2.78 3.39 4.24 3.63
2.78 3.25 4.11 3.36
2.69 3.05 4.22 3.27
2.73 2.8 4.42 3.22
2.69 3.15 4.4 3.55
2.71 2.98 4.37 3.35
2.65 3.2 3.97 3.17
2.73 3.23 3.78 3.01
2.77 3.45 4.01 3.46
2.66 3.14 4.25 3.39
2.7 3.02 4.29 3.31
2.82 3.11 4.45 3.56
2.67 3.41 3.85 3.26
2.76 2.97 4.39 3.36
2.72 2.9 4.4 3.3
2.69 3.19 4.13 3.32
2.66 2.92 4.27 3.19
2.68 3.03 3.96 2.99
2.66 3.0 4.22 3.22
2.6 3.13 4.39 3.52
2.77 3.1 4.29 3.39
2.75 3.49 4.04 3.53
2.66 3.0 4.29 3.29
2.65 2.85 4.31 3.16
2.62 3.14 4.17 3.31
2.74 3.44 3.86 3.3
2.78 3.32 4.13 3.45
2.75 3.48 4.0 3.48
2.76 2.93 4.48 3.41
2.71 3.13 4.17 3.3
2.66 3.26 4.21 3.47
2.75 3.08 4.48 3.56
2.79 3.29 4.16 3.45
2.76 2.94 4.35 3.29
2.67 3.05 4.28 3.33
2.81 3.11 4.4 3.51
2.71 3.11 4.34 3.45
2.82 3.26 4.26 3.52
2.64 3.41 4.07 3.48
2.75 3.08 4.51 3.59
2.62 2.99 4.23 3.22
2.72 3.41 3.94 3.35
2.68 3.18 4.12 3.3
2.73 3.26 4.12 3.38
2.61 3.27 3.87 3.14
2.68 3.16 4.09 3.25
2.75 3.08 4.49 3.57
2.73 3.3 4.06 3.36
2.78 3.66 3.98 3.64
2.77 2.93 4.46 3.39
2.68 3.28 4.05 3.33
2.74 3.55 3.98 3.53
2.79 3.18 4.5 3.68
2.73 2.94 4.68 3.62
2.6 2.96 4.09 3.05
2.69 3.25 4.23 3.48
2.62 2.94 4.34 3.28
2.78 3.09 4.28 3.37
2.77 3.53 4.05 3.58
2.69 3.13 4.19 3.32
2.74 3.03 4.32 3.35
2.72 2.96 4.42 3.38
2.76 3.12 4.48 3.6
2.68 2.91 4.36 3.27
2.68 3.1 4.3 3.4
2.79 3.48 4.17 3.65
2.76 3.36 4.39 3.75
2.73 2.84 4.57 3.41
2.51 2.83 4.16 2.99
2.73 3.32 4.08 3.4
2.81 3.05 4.29 3.34
2.69 3.2 4.26 3.46
2.67 3.2 4.11 3.31
2.7 2.82 4.41 3.23
2.64 3.16 4.3 3.46
2.81 3.41 4.16 3.57
2.76 3.32 4.26 3.58
2.72 3.33 4.08 3.41
2.69 3.08 4.11 3.19
2.7 2.85 4.36 3.21
2.75 3.15 4.11 3.26
2.66 3.03 4.17 3.2
2.66 3.11 4.26 3.37
2.7 2.78 4.66 3.44
2.68 3.29 4.01 3.3
2.75 3.4 3.94 3.34
2.81 3.25 4.13 3.38
2.72 3.23 4.44 3.67
2.77 3.13 4.29 3.42
2.75 3.32 4.17 3.49
2.64 2.8 4.53 3.33
2.67 2.93 4.36 3.29
2.72 3.06 4.46 3.52
2.75 3.27 4.19 3.46
2.67 3.33 4.1 3.43
2.75 2.86 4.46 3.32
2.62 2.84 4.36 3.2
2.63 2.97 4.18 3.15
2.81 2.84 4.62 3.46
2.69 2.95 4.31 3.26
2.77 3.09 4.45 3.54
2.78 3.25 4.32 3.57
2.77 3.49 3.83 3.32
2.71 3.12 4.21 3.33
2.73 2.97 4.42 3.39
2.69 2.71 4.54 3.25
2.74 2.95 4.57 3.52
2.68 3.18 3.96 3.14
2.79 3.29 4.2 3.49
2.76 3.34 4.0 3.34
2.71 3.3 4.15 3.45
2.66 3.34 4.0 3.34
2.75 3.25 4.35 3.6
2.69 3.05 4.35 3.4
2.78 3.25 4.28 3.53
2.83 3.35 4.26 3.61
2.81 3.53 4.0 3.53
2.66 3.0 4.35 3.35
2.71 3.06 4.41 3.47
2.62 3.18 4.15 3.33
2.75 3.19 4.18 3.37
2.77 3.21 4.3 3.51
2.81 3.08 4.62 3.7
2.73 3.29 4.14 3.43
2.74 3.32 4.04 3.36
2.77 3.32 4.23 3.55
2.83 3.31 4.09 3.4
2.69 3.12 4.18 3.3
2.73 3.19 4.42 3.61
2.73 3.24 4.22 3.46
2.77 3.09 4.31 3.4
2.71 3.15 4.04 3.19
2.79 2.99 4.51 3.5
2.66 3.2 4.23 3.43
2.74 2.86 4.84 3.7
2.72 3.26 3.99 3.25
2.66 3.07 4.38 3.45
2.74 3.44 4.13 3.57
2.67 3.09 4.22 3.31
2.77 3.34 4.07 3.41
2.71 3.32 3.96 3.28
2.81 3.12 4.2 3.32
2.74 2.94 4.48 3.42
2.71 3.21 4.32 3.53
2.66 3.33 4.0 3.33
2.67 2.99 4.4 3.39
2.61 2.84 4.39 3.23
2.73 3.09 4.29 3.38
2.81 3.3 4.31 3.61
2.79 3.1 4.33 3.43
2.78 3.51 3.91 3.42
2.7 2.94 4.19 3.13
2.69 3.29 4.19 3.48
2.72 3.26 4.14 3.4
2.66 2.9 4.13 3.03
2.67 3.32 3.88 3.2
2.69 3.25 4.11 3.36
2.73 2.76 4.62 3.38
2.75 3.1 4.32 3.42
2.84 3.46 4.3 3.76
2.72 2.98 4.38 3.36
2.7 3.38 4.0 3.38
2.73 3.25 4.07 3.32
2.74 3.03 4.38 3.41
2.71 3.0 4.38 3.38
2.68 3.22 4.08 3.3
2.74 3.04 4.51 3.55
2.65 3.04 4.28 3.32
2.8 3.04 4.27 3.31
2.68 2.72 4.74 3.46
2.75 3.25 4.37 3.62
2.72 3.39 3.98 3.37
2.69 3.21 4.19 3.4
2.75 3.17 4.29 3.46
2.77 3.19 4.33 3.52
2.69 2.84 4.54 3.38
2.73 3.14 4.02 3.16
2.79 3.57 4.19 3.76
2.64 3.04 4.39 3.43
2.75 3.16 4.4 3.56
2.72 3.09 4.29 3.38
2.75 3.37 4.23 3.6
2.71 3.23 4.09 3.32
2.68 2.95 4.2 3.15
2.79 3.1 4.44 3.54
2.69 3.36 3.8 3.16
2.77 2.99 4.42 3.41
2.78 3.38 3.96 3.34
2.71 3.26 4.13 3.39
2.66 3.21 4.12 3.33
2.68 3.09 4.14 3.23
2.72 3.35 3.72 3.07
2.63 2.94 4.44 3.38
2.81 3.31 4.17 3.48
2.67 3.12 4.2 3.32
2.68 3.34 3.86 3.2
2.68 3.06 4.33 3.39
2.67 3.2 3.88 3.08
2.7 3.07 4.25 3.32
2.69 3.23 4.09 3.32
2.59 3.08 4.19 3.27
2.75 3.08 4.21 3.29
2.81 3.42 4.31 3.73
2.78 3.26 4.14 3.4
2.67 3.14 4.25 3.39
2.6 3.07 4.23 3.3
2.67 3.18 4.0 3.18
2.66 3.25 3.88 3.13
2.61 3.14 3.98 3.12
2.69 3.34 3.98 3.32
2.76 3.16 4.2 3.36
2.77 3.5 3.9 3.4
2.76 3.3 4.08 3.38
2.76 3.2 4.4 3.6
2.66 2.73 4.6 3.33
2.68 3.17 4.18 3.35
2.75 3.09 4.41 3.5
2.7 3.12 4.17 3.29
2.63 3.51 3.78 3.29
2.78 3.16 4.32 3.48
2.72 3.4 4.05 3.45
2.67 3.27 4.02 3.29
2.73 2.95 4.4 3.35
2.72 3.36 4.03 3.39
2.62 3.16 4.06 3.22
2.78 2.93 4.58 3.51
2.73 3.27 4.03 3.3
2.74 3.22 4.32 3.54
2.77 3.07 4.28 3.35
2.72 3.16 4.23 3.39
2.76 2.99 4.71 3.7
2.71 3.13 4.19 3.32
2.56 3.06 3.95 3.01
2.71 3.14 4.11 3.25
2.66 2.88 4.27 3.15
2.79 2.93 4.6 3.53
2.74 3.34 4.09 3.43
2.66 3.42 3.9 3.32
2.73 3.24 4.16 3.4
2.67 2.88 4.48 3.36
2.73 2.99 4.63 3.62
2.76 3.28 4.11 3.39
2.73 2.98 4.34 3.32
2.74 3.19 4.4 3.59
2.79 3.2 4.26 3.46
2.66 3.34 4.01 3.35
2.74 2.9 4.45 3.35
2.71 3.09 4.14 3.23
2.76 3.04 4.43 3.47
2.72 3.19 4.23 3.42
2.7 2.75 4.52 3.27
2.7 2.8 4.47 3.27
2.76 3.29 4.09 3.38
2.7 3.21 4.14 3.35
2.7 3.34 3.92 3.26
2.77 2.96 4.33 3.29
2.72 2.84 4.65 3.49
2.7 3.34 3.98 3.32
2.77 3.12 4.48 3.6
2.59 3.05 4.04 3.09
2.64 3.29 3.9 3.19
2.74 3.09 4.12 3.21
2.65 3.29 3.88 3.17
2.85 3.1 4.64 3.74
2.72 3.49 4.02 3.51
2.69 3.25 4.15 3.4
2.67 3.44 3.94 3.38
2.75 3.22 4.35 3.57
2.75 2.85 4.54 3.39
2.77 3.23 4.17 3.4
2.7 2.77 4.63 3.4
2.61 3.18 3.96 3.14
2.66 3.2 4.08 3.28
2.69 3.22 4.01 3.23
2.72 3.14 4.23 3.37
2.65 2.94 4.24 3.18
2.82 3.24 4.35 3.59
2.69 3.17 3.99 3.16
2.7 3.3 4.13 3.43
2.75 3.45 4.26 3.71
2.74 2.98 4.45 3.43
2.79 3.38 4.24 3.62
2.77 3.27 4.22 3.49
2.7 2.52 4.89 3.41
2.67 2.93 4.26 3.19
2.74 2.95 4.6 3.55
2.8 3.31 4.17 3.48
2.71 3.17 4.09 3.26
2.73 3.29 4.29 3.58
2.72 3.07 4.4 3.47
2.81 3.35 4.26 3.61
2.7 3.36 3.98 3.34
2.7 3.09 4.19 3.28
2.74 2.93 4.43 3.36
2.7 3.29 4.13 3.42
2.73 3.46 4.1 3.56
2.73 2.95 4.56 3.51
2.69 3.32 4.0 3.32
2.78 2.99 4.6 3.59
2.66 3.12 4.07 3.19
2.7 3.08 4.45 3.53
2.67 3.21 4.06 3.27
2.66 3.32 4.0 3.32
2.72 3.0 4.38 3.38
2.74 3.36 4.06 3.42
2.8 2.88 4.71 3.59
2.7 3.17 4.19 3.36
2.71 2.88 4.56 3.44
2.71 3.31 4.01 3.32
2.7 2.96 4.36 3.32
2.66 3.2 4.08 3.28
2.69 3.09 4.0 3.09
2.73 3.24 4.17 3.41
2.71 3.15 4.35 3.5
2.78 2.97 4.34 3.31
2.82 2.9 4.53 3.43
2.74 3.03 4.27 3.3
2.72 3.05 4.52 3.57
2.69 2.89 4.23 3.12
2.75 3.22 4.3 3.52
2.7 2.92 4.42 3.34
2.73 3.19 4.28 3.47
2.7 2.69 4.61 3.3
2.81 3.57 4.12 3.69
2.75 3.49 3.92 3.41
2.74 3.16 4.29 3.45
2.63 3.1 4.1 3.2
2.66 3.02 4.41 3.43
2.81 3.28 4.19 3.47
2.76 2.9 4.63 3.53
2.75 3.1 4.44 3.54
2.78 2.96 4.27 3.23
2.69 3.08 4.23 3.31
2.72 3.21 4.06 3.27
2.73 3.1 4.32 3.42
2.79 3.17 4.6 3.77
2.68 3.28 4.08 3.36
2.72 2.82 4.67 3.49
2.66 3.33 4.05 3.38
2.76 3.34 4.2 3.54
2.79 3.15 4.27 3.42
2.76 3.5 3.98 3.48
2.76 3.07 4.2 3.27
2.7 3.35 3.9 3.25
2.81 3.0 4.55 3.55
2.69 3.07 4.2 3.27
2.7 2.98 4.2 3.18
2.66 3.29 3.86 3.15
2.67 3.15 4.31 3.46
2.61 3.1 4.08 3.18
2.63 2.78 4.54 3.32
2.71 3.3 3.87 3.17
2.69 3.03 4.36 3.39
2.77 3.16 4.31 3.47
2.67 3.14 4.18 3.32
2.65 2.92 4.43 3.35
2.65 3.05 4.11 3.16
2.71 3.14 4.26 3.4
2.69 3.12 4.09 3.21
2.75 3.01 4.27 3.28
2.77 3.56 4.01 3.57
2.74 2.95 4.28 3.23
2.7 3.21 4.08 3.29
2.73 2.79 4.64 3.43
2.73 3.36 4.01 3.37
2.75 3.44 4.08 3.52
2.76 3.0 4.45 3.45
2.7 3.11 4.29 3.4
2.76 3.07 4.13 3.2
2.72 3.42 3.96 3.38
2.63 3.22 4.18 3.4
2.74 2.87 4.58 3.45
2.77 2.8 4.67 3.47
2.66 3.14 4.13 3.27
2.79 3.25 4.12 3.37
2.66 3.21 3.87 3.08
2.69 3.33 3.95 3.28
2.73 3.16 4.28 3.44
2.75 3.16 4.39 3.55
2.79 3.26 3.93 3.19
2.74 3.11 4.4 3.51
2.74 3.21 4.24 3.45
2.69 3.05 4.4 3.45
2.67 3.21 4.05 3.26
2.62 3.14 4.15 3.29
2.63 3.2 4.14 3.34
2.72 3.11 4.16 3.27
2.68 3.1 4.12 3.22
2.74 3.01 4.44 3.45
2.67 3.14 4.07 3.21
2.77 3.2 4.27 3.47
2.72 3.0 4.41 3.41
2.76 3.52 4.02 3.54
2.65 3.08 4.19 3.27
2.83 3.2 4.14 3.34
2.71 3.21 4.16 3.37
2.67 3.18 3.96 3.14
2.72 3.09 4.28 3.37
2.71 3.27 4.0 3.27
2.73 3.26 4.39 3.65
2.67 3.02 4.25 3.27
2.68 3.05 4.35 3.4
2.69 2.96 4.41 3.37
2.69 3.57 3.95 3.52
2.7 3.14 4.17 3.31
2.74 3.25 4.16 3.41
2.78 3.32 4.27 3.59
2.69 3.18 4.26 3.44
2.72 3.42 4.09 3.51
2.69 2.76 4.75 3.51
2.67 3.13 4.09 3.22
2.74 2.91 4.48 3.39
2.7 3.09 4.44 3.53
2.61 2.98 4.12 3.1
2.7 3.23 4.09 3.32
2.68 3.31 4.09 3.4
2.77 3.3 4.24 3.54
2.68 3.21 4.11 3.32
2.75 3.37 4.26 3.63
2.76 3.3 4.16 3.46
2.69 2.83 4.46 3.29
2.81 3.24 4.17 3.41
2.64 3.04 3.94 2.98
2.66 2.93 4.26 3.19
2.66 2.96 4.28 3.24
2.8 3.16 4.19 3.35
2.71 3.12 4.23 3.35
2.72 3.43 3.82 3.25
2.81 3.3 4.38 3.68
2.78 3.14 4.21 3.35
2.66 2.96 4.2 3.16
2.69 3.11 4.14 3.25
2.78 3.46 4.03 3.49
2.65 3.07 4.14 3.21
2.71 2.98 4.5 3.48
2.71 3.35 3.96 3.31
2.68 3.17 4.18 3.35
2.74 2.8 4.69 3.49
2.71 3.13 4.22 3.35
2.73 3.74 3.82 3.56
2.77 3.12 4.57 3.69
2.75 2.97 4.31 3.28
2.78 3.33 4.45 3.78
2.81 3.15 4.28 3.43
2.6 2.89 4.31 3.2
2.76 2.77 4.55 3.32
2.79 3.36 4.08 3.44
2.75 3.26 4.39 3.65
2.63 2.96 4.42 3.38
2.73 3.42 4.17 3.59
2.56 3.12 3.99 3.11
2.77 2.88 4.57 3.45
2.66 3.32 4.09 3.41
2.79 3.14 4.13 3.27
2.67 3.17 4.18 3.35
2.8 3.14 4.28 3.42
2.73 3.01 4.29 3.3
2.6 3.38 3.87 3.25
2.86 3.22 4.37 3.59
2.8 3.08 4.48 3.56
2.68 3.07 4.08 3.15
2.75 2.9 4.73 3.63
2.64 3.42 4.05 3.47
2.73 3.12 4.22 3.34
2.73 3.06 4.3 3.36
2.74 3.36 3.79 3.15
2.81 2.97 4.69 3.66
2.67 3.21 4.17 3.38
2.67 3.25 4.05 3.3
2.68 2.92 4.4 3.32
2.63 2.85 4.39 3.24
2.77 3.19 4.45 3.64
2.68 3.2 4.09 3.29
2.69 3.16 4.33 3.49
2.78 3.32 4.02 3.34
2.67 3.01 4.48 3.49
2.73 3.48 4.01 3.49
2.76 3.45 4.2 3.65
2.63 3.07 4.04 3.11
2.77 3.37 4.21 3.58
2.81 3.22 4.37 3.59
2.79 3.08 4.18 3.26
2.74 3.36 4.15 3.51
2.74 3.18 4.17 3.35
2.72 3.43 4.05 3.48
2.69 3.33 3.97 3.3
2.63 2.9 4.2 3.1
2.69 3.26 4.22 3.48
2.71 3.03 4.24 3.27
2.68 3.03 4.31 3.34
2.64 3.24 3.96 3.2
2.77 3.19 4.48 3.67
2.68 2.92 4.47 3.39
2.72 2.94 4.32 3.26
2.69 3.09 4.4 3.49
2.76 3.33 4.15 3.48
2.82 3.2 4.4 3.6
2.69 2.95 4.29 3.24
2.78 3.33 4.14 3.47
2.75 2.8 4.46 3.26
2.67 3.3 4.11 3.41
2.66 3.13 4.14 3.27
2.78 3.06 4.57 3.63
2.68 3.07 4.15 3.22
2.73 3.21 4.1 3.31
2.72 3.08 4.43 3.51
2.74 3.37 3.96 3.33
2.67 3.34 3.95 3.29
2.68 3.25 4.15 3.4
2.69 3.14 4.09 3.23
2.7 3.15 4.23 3.38
2.67 2.9 4.45 3.35
2.68 2.92 4.44 3.36
2.69 3.15 4.07 3.22
2.67 3.26 3.88 3.14
2.79 3.55 4.16 3.71
2.77 3.17 4.1 3.27
2.68 2.9 4.46 3.36
2.66 3.38 3.98 3.36
2.68 3.01 4.31 3.32
2.81 3.28 4.24 3.52
2.74 3.18 4.2 3.38
2.73 3.1 4.23 3.33
2.62 2.76 4.35 3.11
2.71 3.01 4.31 3.32
2.75 3.01 4.3 3.31
2.69 3.27 4.04 3.31
2.71 3.2 4.31 3.51
2.7 3.07 4.22 3.29
2.75 2.97 4.58 3.55
2.65 3.27 3.99 3.26
2.7 3.16 4.24 3.4
2.68 3.06 4.26 3.32
2.7 3.04 4.28 3.32
2.71 3.05 4.29 3.34
2.71 3.08 4.28 3.36
2.79 3.16 4.49 3.65
2.64 3.04 4.07 3.11
2.8 3.14 4.43 3.57
2.68 3.36 3.9 3.26
2.68 3.06 4.24 3.3
2.69 3.07 4.2 3.27
2.79 3.37 4.23 3.6
2.76 2.94 4.53 3.47
2.76 3.4 4.03 3.43
2.73 3.06 4.52 3.58
2.78 3.21 4.46 3.67
2.77 3.23 4.19 3.42
2.66 3.38 4.02 3.4
2.66 3.11 4.02 3.13
2.7 2.97 4.36 3.33
2.72 3.45 3.82 3.27
2.74 3.09 4.33 3.42
2.67 3.13 4.16 3.29
2.74 3.15 4.41 3.56
2.66 3.15 4.13 3.28
2.67 2.8 4.56 3.36
2.74 3.28 4.18 3.46
2.65 3.13 4.22 3.35
2.64 3.22 3.91 3.13
2.64 3.09 4.27 3.36
2.68 3.1 4.22 3.32
2.62 2.78 4.49 3.27
2.74 3.5 4.07 3.57
2.72 2.86 4.38 3.24
2.8 3.04 4.71 3.75
2.59 3.0 4.2 3.2
2.69 3.41 3.98 3.39
2.67 3.13 4.17 3.3
2.76 2.91 4.55 3.46
2.66 3.1 4.08 3.18
2.67 3.3 4.04 3.34
2.72 3.61 4.01 3.62
2.75 3.09 4.36 3.45
2.71 3.11 4.26 3.37
2.59 3.28 3.95 3.23
2.76 3.37 4.13 3.5
2.79 2.8 4.59 3.39
2.73 3.31 4.1 3.41
2.76 3.17 4.18 3.35
2.7 3.22 4.17 3.39
2.67 2.8 4.59 3.39
2.73 3.35 4.15 3.5
2.67 2.99 4.19 3.18
2.7 3.27 4.29 3.56
2.8 3.29 4.19 3.48
2.58 3.25 3.8 3.05
2.68 3.01 4.41 3.42
2.78 3.21 4.34 3.55
2.78 3.26 4.25 3.51
2.71 3.39 3.99 3.38
2.74 2.95 4.58 3.53
2.67 2.48 4.68 3.16
2.66 2.9 4.39 3.29
2.75 3.45 4.06 3.51
2.71 3.16 4.23 3.39
2.79 3.12 4.29 3.41
2.62 3.27 3.89 3.16
2.68 2.98 4.41 3.39
2.7 3.58 3.9 3.48
2.67 3.21 4.26 3.47
2.72 3.28 4.27 3.55
2.72 3.24 4.18 3.42
2.69 3.25 3.97 3.22
2.75 2.99 4.43 3.42
2.77 3.04 4.32 3.36
2.69 3.24 4.11 3.35
2.74 3.06 4.4 3.46
2.7 2.94 4.55 3.49
2.66 3.31 3.96 3.27
2.8 3.28 4.35 3.63
2.75 3.32 4.19 3.51
2.67 2.88 4.34 3.22
2.64 3.41 3.88 3.29
2.76 3.11 4.17 3.28
2.77 3.47 4.1 3.57
2.62 2.99 4.26 3.25
2.72 2.79 4.78 3.57
2.73 3.15 4.36 3.51
2.76 3.34 4.15 3.49
2.74 3.05 4.18 3.23
2.67 3.05 4.21 3.26
2.74 3.16 4.42 3.58
2.73 3.18 4.34 3.52
2.75 2.76 4.79 3.55
2.76 3.45 4.16 3.61
2.74 3.33 4.11 3.44
2.64 2.96 4.29 3.25
2.76 3.31 4.17 3.48
2.68 3.4 4.09 3.49
2.73 3.13 4.21 3.34
2.74 3.16 4.21 3.37
2.79 3.04 4.37 3.41
2.66 3.18 3.82 3.0
2.81 3.1 4.43 3.53
2.69 3.26 3.95 3.21
2.66 3.19 4.21 3.4
2.74 3.42 3.88 3.3
2.68 3.58 3.68 3.26
2.71 3.31 4.19 3.5
2.75 3.36 4.14 3.5
2.64 2.85 4.36 3.21
2.68 3.16 4.16 3.32
2.72 2.99 4.47 3.46
2.68 3.16 4.2 3.36
2.77 3.23 4.45 3.68
2.73 3.12 4.08 3.2
2.78 3.06 4.44 3.5
2.81 3.75 4.0 3.75
2.75 3.18 4.03 3.21
2.72 2.79 4.72 3.51
2.72 2.99 4.3 3.29
2.68 3.08 4.19 3.27
2.77 3.44 4.16 3.6
2.77 2.98 4.63 3.61
2.75 2.86 4.79 3.65
2.66 3.08 4.11 3.19
2.71 3.05 4.42 3.47
2.78 3.37 4.0 3.37
2.72 2.91 4.53 3.44
2.69 3.37 3.89 3.26
2.69 2.78 4.5 3.28
2.7 3.41 4.05 3.46
2.71 2.96 4.28 3.24
2.57 2.84 4.23 3.07
2.66 3.12 4.2 3.32
2.68 2.74 4.42 3.16
2.57 3.02 4.12 3.14
2.76 3.56 3.94 3.5
2.75 2.96 4.31 3.27
2.66 3.4 3.91 3.31
2.69 2.85 4.7 3.55
2.76 2.83 4.47 3.3
2.71 3.18 4.21 3.39
2.64 3.13 4.14 3.27
2.78 2.84 4.6 3.44
2.76 3.36 4.09 3.45
2.64 2.89 4.2 3.09
2.79 3.59 3.91 3.5
2.68 3.2 4.28 3.48
2.72 3.19 4.3 3.49
2.71 3.19 4.12 3.31
2.66 3.32 3.96 3.28
2.73 3.17 4.01 3.18
2.74 3.05 4.26 3.31
2.74 3.5 3.88 3.38
2.72 3.04 4.32 3.36
2.67 3.01 4.37 3.38
2.62 3.41 3.82 3.23
2.78 3.03 4.38 3.41
2.71 2.97 4.23 3.2
2.73 3.14 4.26 3.4
2.66 3.36 3.78 3.14
2.72 2.87 4.51 3.38
2.67 3.04 4.19 3.23
2.71 3.35 4.02 3.37
2.7 2.84 4.32 3.16
2.77 2.91 4.72 3.63
2.73 2.7 4.65 3.35
2.74 3.34 4.1 3.44
2.72 3.47 3.82 3.29
2.76 3.06 4.5 3.56
2.72 3.28 4.12 3.4
2.61 3.01 4.37 3.38
2.66 3.1 3.89 2.99
2.78 3.31 4.45 3.76
2.78 3.11 4.29 3.4
2.71 3.28 3.95 3.23
2.68 3.49 3.84 3.33
2.64 2.93 4.3 3.23
2.83 3.49 4.1 3.59
2.77 2.97 4.6 3.57
2.69 3.11 4.05 3.16
2.79 3.23 4.42 3.65
2.68 3.38 4.13 3.51
2.69 2.98 4.47 3.45
2.76 3.04 4.43 3.47
2.7 3.4 4.0 3.4
2.69 3.0 4.4 3.4
2.65 2.76 4.45 3.21
2.71 3.03 4.08 3.11
2.69 3.27 4.14 3.41
2.72 3.12 4.17 3.29
2.75 3.16 4.3 3.46
2.73 2.97 4.38 3.35
2.69 3.03 4.28 3.31
2.71 3.2 4.21 3.41
2.8 3.25 4.18 3.43
2.77 3.09 4.46 3.55
2.77 3.28 4.25 3.53
2.64 3.33 3.93 3.26
2.64 2.91 4.34 3.25
2.71 2.95 4.35 3.3
2.65 3.15 4.05 3.2
2.78 3.18 4.34 3.52
2.72 3.01 4.37 3.38
2.61 3.22 4.03 3.25
2.69 2.76 4.56 3.32
2.67 3.1 4.32 3.42
2.72 2.96 4.51 3.47
2.61 3.2 4.13 3.33
2.78 2.98 4.52 3.5
2.68 3.19 4.24 3.43
2.6 3.4 3.84 3.24
2.84 3.28 4.39 3.67
2.68 3.12 4.33 3.45
2.73 3.35 4.12 3.47
2.71 3.17 4.27 3.44
2.77 3.12 4.44 3.56
2.61 3.15 4.03 3.18
2.74 3.68 3.81 3.49
2.71 3.46 3.98 3.44
2.75 3.14 4.38 3.52
2.67 2.93 4.29 3.22
2.78 3.13 4.41 3.54
2.74 2.58 4.67 3.25
2.69 3.45 3.73 3.18
2.73 3.13 4.21 3.34
2.68 2.95 4.29 3.24
2.64 3.19 4.03 3.22
2.64 3.02 3.91 2.93
2.71 2.91 4.54 3.45
2.73 2.92 4.33 3.25
2.69 3.49 3.76 3.25
2.7 3.3 4.12 3.42
2.7 3.42 4.07 3.49
2.59 3.2 4.02 3.22
2.65 2.79 4.39 3.18
2.75 3.06 4.49 3.55
2.73 3.01 4.28 3.29
2.68 3.31 4.19 3.5
2.77 3.51 4.17 3.68
2.79 3.44 3.95 3.39
2.75 3.26 4.38 3.64
2.71 3.02 4.27 3.29
2.76 2.84 4.46 3.3
2.66 3.12 4.11 3.23
2.8 3.57 4.07 3.64
2.78 2.8 4.8 3.6
2.78 2.96 4.67 3.63
2.71 3.19 4.0 3.19
2.8 3.34 4.42 3.76
2.79 3.34 4.27 3.61
2.73 3.43 3.97 3.4
2.66 2.93 4.34 3.27
2.61 3.12 4.06 3.18
2.69 3.29 4.14 3.43
2.66 3.3 4.27 3.57
2.74 2.74 4.53 3.27
2.67 3.3 3.89 3.19
2.77 3.12 4.35 3.47
2.76 3.6 4.0 3.6
2.8 3.26 4.23 3.49
2.7 3.13 4.21 3.34
2.64 3.54 3.79 3.33
2.8 3.11 4.46 3.57
2.74 3.25 4.23 3.48
2.68 3.31 3.91 3.22
2.8 3.14 4.36 3.5
2.67 3.01 4.44 3.45
2.74 2.99 4.28 3.27
2.68 3.3 3.81 3.11
2.76 2.96 4.52 3.48
2.67 2.84 4.29 3.13
2.82 3.58 4.13 3.71
2.72 2.86 4.37 3.23
2.66 3.02 4.13 3.15
2.77 3.17 4.28 3.45
2.7 3.2 4.39 3.59
2.67 3.08 4.24 3.32
2.72 3.3 4.17 3.47
2.77 3.32 4.02 3.34
2.76 3.48 3.99 3.47
2.64 3.62 3.78 3.4
2.73 3.48 4.0 3.48
2.68 3.2 4.04 3.24
2.78 3.14 4.37 3.51
2.62 2.94 4.3 3.24
2.75 3.52 3.86 3.38
2.69 3.08 4.07 3.15
2.62 3.32 4.05 3.37
2.78 3.14 4.42 3.56
2.68 3.26 4.05 3.31
2.74 3.24 4.26 3.5
2.77 3.31 4.12 3.43
2.77 3.65 3.88 3.53
2.76 3.5 3.98 3.48
2.79 3.3 4.26 3.56
2.67 3.43 3.94 3.37
2.76 2.9 4.36 3.26
2.72 3.01 4.13 3.14
2.75 3.07 4.48 3.55
2.65 3.14 4.16 3.3
2.68 3.22 4.1 3.32
2.71 3.48 4.13 3.61
2.73 3.07 4.22 3.29
2.8 3.48 4.07 3.55
2.76 3.01 4.42 3.43
2.74 3.13 4.24 3.37
2.73 3.3 4.04 3.34
2.71 3.06 4.23 3.29
2.7 3.45 3.99 3.44
2.67 3.34 3.92 3.26
2.79 3.43 4.29 3.72
2.72 2.89 4.6 3.49
2.65 3.22 4.07 3.29
2.59 3.1 4.1 3.2
2.62 2.85 4.25 3.1
2.69 3.19 4.03 3.22
2.63 2.97 4.3 3.27
2.73 3.25 4.15 3.4
2.63 2.8 4.16 2.96
2.71 3.33 4.17 3.5
2.75 3.01 4.59 3.6
2.68 3.23 4.06 3.29
2.61 3.03 4.14 3.17
2.75 3.21 4.24 3.45
2.81 3.15 4.17 3.32
2.88 3.0 4.57 3.57
2.61 2.91 4.24 3.15
2.72 3.27 4.2 3.47
2.74 3.12 4.5 3.62
2.68 3.62 3.74 3.36
2.72 3.41 4.07 3.48
2.81 3.02 4.62 3.64
2.8 3.29 4.08 3.37
2.73 3.32 4.26 3.58
2.78 3.19 4.36 3.55
2.64 3.01 4.26 3.27
2.68 3.29 4.33 3.62
2.67 3.09 4.09 3.18
2.68 3.22 3.94 3.16
2.74 2.96 4.29 3.25
2.72 3.25 4.3 3.55
2.8 3.06 4.43 3.49
2.67 3.26 4.09 3.35
2.69 2.69 4.63 3.32
2.68 3.4 3.79 3.19
2.68 3.1 4.22 3.32
2.67 2.98 4.28 3.26
2.63 2.9 4.43 3.33
2.72 3.06 4.32 3.38
2.68 2.96 4.28 3.24
2.69 3.09 4.15 3.24
2.76 3.23 4.47 3.7
2.71 3.31 3.98 3.29
2.73 3.1 4.38 3.48
2.79 3.23 4.46 3.69
2.63 3.03 4.2 3.23
2.64 3.27 3.94 3.21
2.8 3.27 4.23 3.5
2.77 3.59 3.95 3.54
2.77 3.08 4.44 3.52
2.76 3.19 4.14 3.33
2.63 3.1 4.16 3.26
2.76 3.21 4.31 3.52
2.77 3.34 4.24 3.58
2.67 3.02 4.26 3.28
2.67 3.19 4.19 3.38
2.78 3.55 3.9 3.45
2.7 2.91 4.06 2.97
2.75 3.6 3.86 3.46
2.81 3.12 4.43 3.55
2.78 2.88 4.41 3.29
2.67 3.47 4.08 3.55
2.73 3.46 3.86 3.32
2.64 3.21 4.08 3.29
2.69 3.19 4.04 3.23
2.81 3.11 4.44 3.55
2.67 3.17 3.99 3.16
2.8 3.01 4.52 3.53
2.73 3.23 4.13 3.36
2.68 3.28 4.03 3.31
2.64 3.28 3.86 3.14
2.6 3.21 3.97 3.18
2.7 2.95 4.32 3.27
2.67 3.15 4.09 3.24
2.72 3.45 4.23 3.68
2.72 2.97 4.11 3.08
2.73 3.18 4.38 3.56
2.68 2.95 4.28 3.23
2.75 3.19 4.16 3.35
2.72 3.04 4.18 3.22
2.81 2.94 4.49 3.43
2.71 3.02 4.49 3.51
2.78 3.1 4.49 3.59
2.7 3.08 4.45 3.53
2.77 2.56 4.82 3.38
2.65 3.31 3.87 3.18
2.68 3.15 4.13 3.28
2.65 3.43 3.95 3.38
2.7 2.88 4.28 3.16
2.72 3.02 4.39 3.41
2.79 2.71 4.76 3.47
2.67 2.86 4.49 3.35
2.75 3.22 4.15 3.37
2.76 3.24 4.14 3.38
2.69 3.41 3.85 3.26
2.74 3.27 3.99 3.26
2.78 3.25 4.07 3.32
2.73 3.21 4.1 3.31
2.67 3.17 3.97 3.14
2.71 3.11 4.26 3.37
2.69 2.98 4.22 3.2
2.72 3.0 4.47 3.47
2.79 3.41 4.14 3.55
2.59 3.11 4.09 3.2
2.9 3.18 4.69 3.87
2.71 3.17 4.37 3.54
2.71 2.96 4.42 3.38
2.6 3.1 4.06 3.16
2.65 3.19 4.18 3.37
2.73 3.61 3.78 3.39
2.75 3.21 4.18 3.39
2.78 3.09 4.36 3.45
2.55 3.09 4.17 3.26
2.75 3.46 3.94 3.4
2.76 3.55 4.01 3.56
2.7 3.11 4.49 3.6
2.77 3.42 4.27 3.69
2.68 2.94 4.2 3.14
2.72 3.41 3.94 3.35
2.7 2.94 4.47 3.41
2.76 2.96 4.48 3.44
2.68 3.34 3.95 3.29
2.78 3.26 4.33 3.59
2.67 3.05 4.27 3.32
2.73 3.25 4.15 3.4
2.75 2.86 4.54 3.4
2.68 3.17 4.37 3.54
2.7 3.19 4.28 3.47
2.73 2.9 4.49 3.39
2.75 3.1 4.3 3.4
2.61 3.16 4.09 3.25
2.69 3.03 4.31 3.34
2.76 3.0 4.57 3.57
2.67 2.96 4.24 3.2
2.73 3.01 4.38 3.39
2.76 3.38 4.29 3.67
2.67 3.28 3.78 3.06
2.67 3.28 4.07 3.35
2.74 3.01 4.41 3.42
2.61 3.11 3.96 3.07
2.75 3.52 4.08 3.6
2.63 3.05 4.28 3.33
2.7 3.22 4.05 3.27
2.66 3.38 3.9 3.28
2.76 3.09 4.54 3.63
2.83 3.33 4.6 3.93
2.72 3.21 4.33 3.54
2.78 3.48 3.94 3.42
2.69 3.11 3.99 3.1
2.65 3.32 4.02 3.34
2.68 2.9 4.38 3.28
2.78 3.06 4.37 3.43
2.69 3.03 4.3 3.33
2.79 3.0 4.37 3.37
2.73 3.24 4.29 3.53
2.72 3.24 4.11 3.35
2.68 3.03 4.31 3.34
2.7 3.54 3.97 3.51
2.66 3.09 4.3 3.39
2.78 3.31 4.33 3.64
2.73 3.36 4.02 3.38
2.73 2.96 4.35 3.31
2.75 3.47 4.2 3.67
2.65 2.98 4.26 3.24
2.72 3.11 4.37 3.48
2.67 3.21 4.16 3.37
2.75 3.41 3.99 3.4
2.81 2.8 4.72 3.52
2.72 3.06 4.24 3.3
2.75 3.06 4.26 3.32
2.79 3.32 4.29 3.61
2.75 2.98 4.53 3.51
2.75 3.02 4.41 3.43
2.7 3.4 4.11 3.51
2.57 2.89 4.23 3.12
2.78 2.98 4.62 3.6
2.72 3.33 3.95 3.28
2.82 3.19 4.39 3.58
2.68 3.41 4.01 3.42
2.73 2.94 4.54 3.48
2.72 3.16 4.28 3.44
2.7 2.6 4.47 3.07
2.7 3.06 4.25 3.31
2.71 3.03 4.33 3.36
2.56 3.13 4.09 3.22
2.75 2.97 4.37 3.34
2.68 3.14 4.34 3.48
2.65 3.38 3.94 3.32
2.75 3.11 4.16 3.27
2.85 2.99 4.73 3.72
2.69 3.13 3.94 3.07
2.77 3.18 4.36 3.54
2.64 3.03 4.18 3.21
2.77 3.04 4.2 3.24
2.77 3.01 4.65 3.66
2.79 3.05 4.27 3.32
2.69 3.23 4.05 3.28
2.8 3.06 4.45 3.51
2.75 3.24 4.17 3.41
2.79 3.01 4.61 3.62
2.72 3.04 4.39 3.43
2.56 3.52 3.67 3.19
2.79 3.26 4.43 3.69
2.69 3.28 3.94 3.22
2.72 3.14 4.11 3.25
2.76 2.99 4.34 3.33
2.75 3.07 4.32 3.39
2.74 3.32 4.1 3.42
2.69 3.15 4.14 3.29
2.8 3.51 4.24 3.75
2.79 3.46 3.93 3.39
2.71 3.17 4.17 3.34
2.71 3.05 4.23 3.28
2.81 3.07 4.63 3.7
2.67 3.08 4.19 3.27
2.65 3.07 4.26 3.33
2.76 3.2 4.15 3.35
2.78 2.92 4.58 3.5
2.72 3.41 3.88 3.29
2.56 3.06 4.03 3.09
2.66 2.84 4.09 2.93
2.72 3.32 4.29 3.61
2.73 3.29 4.1 3.39
2.7 3.07 4.46 3.53
2.65 3.02 4.12 3.14
2.67 3.2 4.09 3.29
2.83 2.78 4.81 3.59
2.71 3.29 4.05 3.34
2.67 3.19 4.11 3.3
2.6 3.0 4.15 3.15
2.75 3.26 4.17 3.43
2.77 3.26 4.32 3.58
2.81 3.19 4.38 3.57
2.73 3.21 4.18 3.39
2.59 3.24 3.93 3.17
2.62 2.88 4.29 3.17
2.75 3.25 4.09 3.34
2.66 3.15 4.34 3.49
2.64 2.99 4.14 3.13
2.64 3.08 4.2 3.28
2.68 3.18 4.35 3.53
2.74 3.15 4.21 3.36
2.74 3.18 4.32 3.5
2.7 3.08 4.16 3.24
2.76 3.37 3.73 3.1
2.73 3.38 3.97 3.35
2.7 2.86 4.56 3.42
2.7 3.3 4.19 3.49
2.76 2.92 4.58 3.5
2.65 2.89 4.08 2.97
2.72 2.97 4.39 3.36
2.72 3.08 4.19 3.27
2.68 3.13 4.39 3.52
2.7 3.39 3.84 3.23
2.71 3.35 3.94 3.29
2.73 3.17 4.3 3.47
2.66 3.27 4.03 3.3
2.76 3.05 4.42 3.47
2.7 2.96 4.46 3.42
2.71 2.88 4.48 3.36
2.76 2.87 4.6 3.47
2.64 3.37 3.85 3.22
2.78 3.47 4.26 3.73
2.73 3.1 4.23 3.33
2.63 3.29 3.78 3.07
2.77 3.24 3.98 3.22
2.67 3.1 4.32 3.42
2.68 3.16 4.18 3.34
2.8 3.36 4.22 3.58
2.73 2.93 4.3 3.23
2.71 3.21 4.27 3.48
2.75 3.23 4.08 3.31
2.64 2.81 4.42 3.23
2.73 3.63 3.88 3.51
2.67 2.91 4.41 3.32
2.68 3.14 4.29 3.43
2.81 3.24 4.48 3.72
2.69 3.39 4.05 3.44
2.58 3.12 3.99 3.11
2.72 2.98 4.3 3.28
2.67 3.3 4.07 3.37
2.71 3.18 4.1 3.28
2.69 3.34 3.99 3.33
2.68 3.1 4.36 3.46
2.74 3.09 4.44 3.53
2.66 3.3 4.1 3.4
2.75 3.13 4.16 3.29
2.78 2.97 4.52 3.49
2.8 3.28 4.22 3.5
2.82 3.09 4.48 3.57
2.8 3.26 4.36 3.62
2.79 2.95 4.42 3.37
2.7 3.09 4.37 3.46
2.73 2.71 4.64 3.35
2.74 3.07 4.31 3.38
2.65 2.81 4.27 3.08
2.79 3.46 3.93 3.39
2.71 3.25 4.23 3.48
2.78 3.04 4.32 3.36
2.82 3.15 4.43 3.58
2.79 3.29 4.24 3.53
2.63 3.3 4.04 3.34
2.73 3.05 4.41 3.46
2.66 3.05 4.29 3.34
2.7 3.1 4.21 3.31
2.63 3.19 4.09 3.28
2.68 2.78 4.51 3.29
2.77 3.52 4.13 3.65
2.69 3.47 4.09 3.56
2.72 3.14 4.33 3.47
2.72 3.07 4.34 3.41
2.68 3.06 4.16 3.22
2.7 3.03 4.16 3.19
2.65 3.04 4.18 3.22
2.71 3.24 4.13 3.37
2.71 2.95 4.5 3.45
2.64 2.97 4.31 3.28
2.69 3.26 4.13 3.39
2.65 3.07 4.34 3.41
2.63 3.23 4.07 3.3
2.72 3.16 4.12 3.28
2.81 3.16 4.7 3.86
2.62 3.0 4.13 3.13
2.73 2.94 4.42 3.36
2.83 3.56 3.92 3.48
2.74 2.65 4.65 3.3
2.65 3.27 3.94 3.21
2.72 3.38 4.2 3.58
2.68 3.06 4.14 3.2
2.71 3.35 4.03 3.38
2.71 3.34 4.13 3.47
2.74 3.17 4.18 3.35
2.71 3.25 4.07 3.32
2.64 2.85 4.51 3.36
2.75 3.01 4.3 3.31
2.76 3.14 4.31 3.45
2.75 3.02 4.55 3.57
2.68 3.36 3.84 3.2
2.67 2.86 4.54 3.4
2.7 3.43 4.01 3.44
2.7 3.49 4.02 3.51
2.72 3.36 3.89 3.25
2.69 3.03 4.34 3.37
2.71 3.16 4.19 3.35
2.69 3.51 3.93 3.44
2.69 3.19 4.09 3.28
2.72 2.93 4.21 3.14
2.72 2.84 4.57 3.41
2.8 3.34 4.16 3.5
2.72 3.24 4.24 3.48
2.64 2.97 4.06 3.03
2.76 2.92 4.34 3.26
2.71 3.01 4.19 3.2
2.69 3.34 4.0 3.34
2.76 3.29 4.27 3.56
2.74 3.32 4.23 3.55
2.64 3.19 3.86 3.05
2.83 3.14 4.35 3.49
2.83 3.09 4.43 3.52
2.71 3.19 4.16 3.35
2.69 3.2 4.19 3.39
2.77 2.97 4.61 3.58
2.79 2.9 4.38 3.28
2.67 3.2 4.12 3.32
2.75 4.07 3.65 3.72
2.6 2.85 4.15 3.0
2.75 3.02 4.27 3.29
2.72 3.03 4.33 3.36
2.62 2.88 4.21 3.09
2.69 3.08 4.27 3.35
2.77 2.88 4.5 3.38
2.69 3.01 4.43 3.44
2.77 3.29 4.02 3.31
2.66 3.58 3.79 3.37
2.77 3.11 4.41 3.52
2.69 3.19 3.95 3.14
2.74 3.2 4.26 3.46
2.78 3.28 3.96 3.24
2.71 3.12 4.28 3.4
2.67 2.94 4.13 3.07
2.74 3.47 3.89 3.36
2.73 2.95 4.62 3.57
2.69 3.03 4.25 3.28
2.75 2.97 4.47 3.44
2.74 3.16 4.12 3.28
2.7 3.09 4.15 3.24
2.73 3.19 4.26 3.45
2.78 2.97 4.42 3.39
2.74 3.55 3.79 3.34
2.76 3.14 4.3 3.44
2.71 3.17 4.18 3.35
2.76 3.46 3.97 3.43
2.68 3.03 4.33 3.36
2.69 3.16 4.18 3.34
2.85 3.46 4.25 3.71
2.71 2.92 4.48 3.4
2.7 3.0 4.33 3.33
2.65 2.94 4.24 3.18
2.64 3.03 4.04 3.07
2.62 3.18 3.99 3.17
2.6 2.73 4.47 3.2
2.78 3.22 4.13 3.35
2.59 2.81 4.12 2.93
2.73 3.27 4.22 3.49
2.78 3.55 4.02 3.57
2.82 3.26 4.5 3.76
2.76 3.28 4.21 3.49
2.67 3.61 3.75 3.36
2.75 3.44 3.93 3.37
2.8 2.76 4.81 3.57
2.76 3.39 4.16 3.55
2.79 3.2 4.25 3.45
2.68 3.11 4.09 3.2
2.66 2.78 4.33 3.11
2.73 2.98 4.38 3.36
2.75 3.35 4.05 3.4
2.78 3.37 4.19 3.56
2.62 3.01 4.22 3.23
2.73 3.22 4.35 3.57
2.8 3.4 4.06 3.46
2.72 3.09 4.15 3.24
2.63 3.18 3.98 3.16
2.68 3.1 4.29 3.39
2.72 3.3 4.15 3.45
2.63 2.72 4.29 3.01
2.68 3.32 4.02 3.34
2.68 3.28 4.11 3.39
2.74 3.46 3.67 3.13
2.61 3.09 4.18 3.27
2.66 3.18 4.07 3.25
2.74 3.06 4.37 3.43
2.63 3.29 4.11 3.4
2.69 3.33 4.09 3.42
2.72 3.07 4.32 3.39
2.73 2.89 4.39 3.28
2.72 3.15 4.16 3.31
2.75 3.02 4.26 3.28
2.67 2.87 4.36 3.23
2.63 3.52 3.72 3.24
2.69 3.41 3.78 3.19
2.77 3.3 4.29 3.59
2.77 3.08 4.28 3.36
2.73 3.3 3.9 3.2
2.67 2.79 4.35 3.14
2.74 3.19 4.17 3.36
2.67 3.19 4.02 3.21
2.7 3.24 3.96 3.2
2.75 3.31 3.95 3.26
2.73 3.29 4.19 3.48
2.77 2.95 4.4 3.35
2.67 3.05 4.22 3.27
2.7 3.06 4.26 3.32
2.68 3.09 4.14 3.23
2.6 3.24 3.96 3.2
2.74 3.4 4.27 3.67
2.74 3.07 4.3 3.37
2.73 3.1 4.32 3.42
2.65 3.06 4.09 3.15
2.68 2.91 4.43 3.34
2.7 3.65 3.85 3.5
2.61 3.19 4.09 3.28
2.7 3.18 4.39 3.57
2.67 2.93 4.23 3.16
2.7 3.18 4.07 3.25
2.73 3.14 4.32 3.46
2.75 3.36 4.01 3.37
2.58 3.1 3.99 3.09
2.73 3.06 4.27 3.33
2.66 3.2 3.96 3.16
2.69 3.33 3.89 3.22
2.63 3.21 4.1 3.31
2.71 3.42 3.82 3.24
2.69 3.2 4.23 3.43
2.72 2.91 4.66 3.57
2.73 3.09 4.48 3.57
2.66 2.62 4.79 3.41
2.77 3.24 4.19 3.43
2.69 3.18 4.23 3.41
2.63 3.31 4.07 3.38
2.76 3.27 4.5 3.77
2.65 3.55 3.77 3.32
2.73 3.04 4.38 3.42
2.68 3.45 4.07 3.52
2.75 3.16 4.32 3.48
2.77 3.55 3.94 3.49
2.73 3.42 4.06 3.48
2.78 3.29 4.25 3.54
2.71 3.02 4.44 3.46
2.73 2.96 4.48 3.44
2.82 3.18 4.2 3.38
2.66 3.02 4.34 3.36
2.76 3.21 4.48 3.69
2.65 3.09 4.25 3.34
2.78 3.23 4.22 3.45
2.59 3.06 3.97 3.03
2.61 3.2 3.96 3.16
2.77 3.31 4.0 3.31
2.69 2.84 4.2 3.04
2.74 3.34 4.11 3.45
2.77 3.07 4.4 3.47
2.77 3.1 4.46 3.56
2.72 3.35 4.09 3.44
2.67 3.05 4.2 3.25
2.74 3.15 4.34 3.49
2.72 3.27 4.2 3.47
2.73 3.1 4.29 3.39
2.7 3.01 4.2 3.21
2.72 3.16 4.03 3.19
2.7 3.34 3.93 3.27
2.73 3.27 4.3 3.57
2.73 3.18 4.19 3.37
2.64 3.03 4.11 3.14
2.74 3.25 4.23 3.48
2.79 3.51 4.14 3.65
2.74 3.28 4.17 3.45
2.78 2.97 4.33 3.3
2.66 3.18 3.91 3.09
2.71 2.85 4.45 3.3
2.7 2.9 4.49 3.39
2.74 2.98 4.47 3.45
2.65 3.06 4.18 3.24
2.71 2.89 4.63 3.52
2.63 3.39 3.79 3.18
2.7 3.42 3.99 3.41
2.75 3.32 4.14 3.46
2.69 3.17 4.01 3.18
2.72 2.88 4.67 3.55
2.81 2.83 4.58 3.41
2.59 3.11 4.3 3.41
2.69 3.12 4.14 3.26
2.74 3.19 4.36 3.55
2.69 3.1 4.16 3.26
2.7 2.87 4.44 3.31
2.74 3.16 4.09 3.25
2.73 3.12 4.53 3.65
2.69 3.31 4.1 3.41
2.71 3.24 4.01 3.25
2.68 3.44 4.09 3.53
2.7 3.48 3.9 3.38
2.62 3.4 4.03 3.43
2.76 2.98 4.45 3.43
2.69 3.16 4.25 3.41
2.74 3.13 4.17 3.3
2.7 3.4 4.09 3.49
2.78 3.71 3.82 3.53
2.71 3.15 4.21 3.36
2.78 3.14 4.41 3.55
2.72 3.08 4.25 3.33
2.75 3.21 4.14 3.35
2.74 3.36 4.16 3.52
2.74 3.26 4.3 3.56
2.67 3.17 4.18 3.35
2.68 2.96 4.36 3.32
2.77 2.72 4.49 3.21
2.66 3.14 4.0 3.14
2.79 2.98 4.53 3.51
2.79 3.13 4.45 3.58
2.65 3.17 4.17 3.34
2.75 3.06 4.18 3.24
2.66 2.99 4.4 3.39
2.69 3.32 4.1 3.42
2.68 3.11 4.09 3.2
2.69 3.07 4.33 3.4
2.75 3.4 4.09 3.49
2.67 3.32 3.92 3.24
2.79 3.03 4.49 3.52
2.74 3.13 4.2 3.33
2.68 2.99 4.06 3.05
2.73 3.12 4.27 3.39
2.63 3.05 4.17 3.22
2.74 3.34 4.35 3.69
2.71 3.06 4.48 3.54
2.72 3.19 4.31 3.5
2.74 3.28 3.99 3.27
2.73 3.09 4.33 3.42
2.76 3.26 4.24 3.5
2.73 3.35 3.91 3.26
2.66 3.26 4.1 3.36
2.63 2.98 4.29 3.27
2.59 2.81 4.33 3.14
2.7 3.03 4.45 3.48
2.7 3.06 4.25 3.31
2.67 2.92 4.26 3.18
2.67 2.8 4.47 3.27
2.7 3.06 4.4 3.46
2.71 3.24 4.13 3.37
2.73 2.96 4.51 3.47
2.64 3.06 4.12 3.18
2.68 3.19 4.45 3.64
2.79 2.99 4.71 3.7
2.76 2.96 4.61 3.57
2.69 3.2 4.04 3.24
2.72 3.11 4.46 3.57
2.64 3.39 3.88 3.27
2.79 3.12 4.26 3.38
2.69 2.94 4.3 3.24
2.73 3.32 3.97 3.29
2.76 3.18 4.25 3.43
2.68 3.28 4.01 3.29
2.71 3.0 4.52 3.52
2.84 2.93 4.61 3.54
2.79 3.19 4.35 3.54
2.74 3.14 4.23 3.37
2.76 3.01 4.52 3.53
2.69 3.28 4.0 3.28
2.67 3.12 4.25 3.37
2.72 3.41 4.23 3.64
2.62 2.97 4.19 3.16
2.7 3.24 4.07 3.31
2.82 2.9 4.68 3.58
2.69 3.04 4.31 3.35
2.67 3.22 4.2 3.42
2.8 3.57 4.1 3.67
2.69 3.23 3.93 3.16
2.67 3.4 4.02 3.42
2.68 3.22 4.19 3.41
2.74 2.92 4.35 3.27
2.71 3.3 4.29 3.59
2.55 3.08 3.9 2.98
2.69 3.5 3.67 3.17
2.73 3.08 4.31 3.39
2.67 3.18 4.26 3.44
2.75 2.89 4.51 3.4
2.68 2.9 4.52 3.42
2.66 3.01 4.42 3.43
2.7 3.25 4.24 3.49
2.76 3.37 4.18 3.55
2.74 3.26 4.21 3.47
2.68 3.29 3.95 3.24
2.75 3.16 4.27 3.43
2.81 3.0 4.57 3.57
2.72 3.1 4.17 3.27
2.76 2.95 4.36 3.31
2.72 3.39 4.1 3.49
2.78 3.07 4.69 3.76
2.64 2.8 4.55 3.35
2.74 3.28 4.26 3.54
2.71 3.23 4.21 3.44
2.74 3.37 3.95 3.32
2.7 3.53 3.81 3.34
2.73 3.11 4.17 3.28
2.79 3.08 4.32 3.4
2.77 3.1 4.27 3.37
2.79 3.08 4.47 3.55
2.69 3.05 4.28 3.33
2.79 3.15 4.33 3.48
2.72 3.3 4.08 3.38
2.66 3.66 3.74 3.4
2.84 3.2 4.42 3.62
2.72 3.29 4.25 3.54
2.68 2.93 4.38 3.31
2.71 3.2 4.28 3.48
2.75 3.28 4.15 3.43
2.68 3.23 4.02 3.25
2.8 3.24 4.24 3.48
2.71 3.24 4.33 3.57
2.74 3.23 4.22 3.45
2.64 3.22 4.04 3.26
2.7 2.93 4.26 3.19
2.64 3.11 4.16 3.27
2.75 3.3 4.24 3.54
2.64 2.8 4.65 3.45
2.71 3.1 4.29 3.39
2.7 3.24 3.97 3.21
2.76 3.14 4.2 3.34
2.71 3.09 4.19 3.28
2.82 3.18 4.41 3.59
2.57 3.2 3.81 3.01
2.69 3.15 4.15 3.3
2.65 3.18 4.12 3.3
2.8 3.15 4.32 3.47
2.74 3.0 4.45 3.45
2.8 3.33 4.23 3.56
2.75 3.07 4.4 3.47
2.69 3.07 4.24 3.31
2.76 2.89 4.52 3.41
2.78 3.05 4.63 3.68
2.71 3.17 4.06 3.23
2.68 3.24 3.92 3.16
2.76 3.11 4.49 3.6
2.72 3.15 4.28 3.43
2.69 3.04 4.38 3.42
2.62 3.25 4.08 3.33
2.81 3.25 4.38 3.63
2.72 3.15 4.12 3.27
2.68 3.38 3.98 3.36
2.74 3.32 4.23 3.55
2.74 3.21 3.99 3.2
2.68 3.56 3.92 3.48
2.65 3.22 4.03 3.25
2.7 3.47 3.96 3.43
2.64 2.91 4.2 3.11
2.74 3.04 4.32 3.36
2.68 3.3 3.88 3.18
2.71 2.71 4.29 3.0
2.74 3.08 4.22 3.3
2.77 2.95 4.55 3.5
2.69 2.75 4.54 3.29
2.7 3.0 4.39 3.39
2.66 3.21 4.12 3.33
2.72 2.86 4.42 3.28
2.69 3.21 4.24 3.45
2.81 3.36 4.06 3.42
2.73 3.2 4.15 3.35
2.79 3.44 4.19 3.63
2.63 2.82 4.24 3.06
2.62 2.82 4.64 3.46
2.7 3.23 4.23 3.46
2.75 3.34 4.09 3.43
2.69 3.17 4.06 3.23
2.77 2.94 4.72 3.66
2.78 3.14 4.18 3.32
2.74 3.18 4.2 3.38
2.61 3.14 3.88 3.02
2.67 3.2 3.99 3.19
2.67 3.31 4.01 3.32
2.83 3.24 4.35 3.59
2.79 3.42 4.07 3.49
2.73 3.0 4.28 3.28
2.58 2.99 4.17 3.16
2.69 3.13 3.99 3.12
2.71 3.05 4.06 3.11
2.71 3.41 4.08 3.49
2.89 3.11 4.95 4.06
2.73 3.46 4.06 3.52
2.79 3.33 4.23 3.56
2.68 3.3 4.27 3.57
2.64 3.4 3.69 3.09
2.72 3.49 3.82 3.31
2.76 2.97 4.38 3.35
2.65 3.41 3.9 3.31
2.74 3.22 4.25 3.47
2.74 3.05 4.39 3.44
2.62 3.22 4.22 3.44
2.79 2.88 4.48 3.36
2.61 3.42 3.96 3.38
2.72 3.42 4.0 3.42
2.64 3.1 4.06 3.16
2.76 3.25 4.01 3.26
2.68 3.14 4.18 3.32
2.78 3.45 3.97 3.42
2.76 3.2 4.46 3.66
2.68 3.21 3.99 3.2
2.76 3.05 4.37 3.42
2.71 3.11 4.18 3.29
2.66 2.99 4.13 3.12
2.75 3.37 3.98 3.35
2.8 2.97 4.47 3.44
2.79 3.17 4.34 3.51
2.68 3.08 4.27 3.35
2.77 3.28 4.32 3.6
2.7 3.34 3.89 3.23
2.68 2.86 4.35 3.21
2.77 3.39 3.93 3.32
2.79 2.96 4.37 3.33
2.72 3.1 4.26 3.36
2.63 2.96 4.19 3.15
2.82 3.18 4.54 3.72
2.69 3.52 4.11 3.63
2.77 2.9 4.47 3.37
2.77 3.35 4.2 3.55
2.84 3.41 4.21 3.62
2.66 3.38 4.11 3.49
2.59 3.33 3.99 3.32
2.85 3.37 4.19 3.56
2.77 3.15 4.27 3.42
2.64 3.24 3.95 3.19
2.67 3.12 4.34 3.46
2.74 2.79 4.67 3.46
2.72 3.01 4.24 3.25
2.81 3.46 4.01 3.47
2.7 3.21 4.33 3.54
2.69 3.03 4.21 3.24
2.62 3.17 3.94 3.11
2.83 3.25 4.41 3.66
2.68 3.53 3.66 3.19
2.74 3.29 4.21 3.5
2.72 2.89 4.54 3.43
2.7 3.32 4.04 3.36
2.67 3.27 4.09 3.36
2.75 3.24 4.18 3.42
2.74 3.14 4.31 3.45
2.71 3.42 3.85 3.27
2.68 3.59 3.82 3.41
2.72 3.22 4.13 3.35
2.71 3.21 4.3 3.51
2.73 3.02 4.57 3.59
2.71 3.51 3.87 3.38
2.74 3.0 4.45 3.45
2.68 2.74 4.46 3.2
2.69 2.67 4.78 3.45
2.72 3.04 4.46 3.5
2.7 3.1 4.34 3.44
2.76 3.33 4.03 3.36
2.79 3.12 4.47 3.59
2.8 3.37 4.24 3.61
2.66 3.06 4.28 3.34
2.73 3.12 4.3 3.42
2.67 3.15 4.15 3.3
2.76 2.82 4.64 3.46
2.74 3.21 4.32 3.53
2.67 3.1 3.99 3.09
2.68 2.89 4.34 3.23
2.73 3.53 3.94 3.47
2.68 3.13 4.22 3.35
2.78 3.38 4.29 3.67
2.74 3.23 4.2 3.43
2.85 3.05 4.54 3.59
2.72 2.7 4.48 3.18
2.7 3.38 3.94 3.32
2.79 3.05 4.33 3.38
2.68 3.16 4.06 3.22
2.8 3.05 4.47 3.52
2.73 2.83 4.4 3.23
2.73 3.14 4.11 3.25
2.65 3.09 4.14 3.23
2.68 2.64 4.57 3.21
2.64 2.87 4.5 3.37
2.72 3.0 4.37 3.37
2.75 3.42 4.08 3.5
2.75 3.45 4.05 3.5
2.8 2.92 4.4 3.32
2.68 3.14 4.24 3.38
2.81 2.93 4.69 3.62
2.66 3.15 4.2 3.35
2.76 3.23 4.14 3.37
2.71 2.8 4.55 3.35
2.57 3.07 4.18 3.25
2.7 2.91 4.56 3.47
2.78 3.37 4.4 3.77
2.76 3.33 4.23 3.56
2.73 2.87 4.36 3.23
2.7 3.27 3.88 3.15
2.72 3.32 4.26 3.58
2.73 3.3 4.15 3.45
2.75 3.43 4.16 3.59
2.72 2.69 4.75 3.44
2.64 2.88 4.33 3.21
2.64 2.86 4.17 3.03
2.8 3.38 4.19 3.57
2.7 3.17 4.29 3.46
2.69 2.89 4.48 3.37
2.64 3.15 4.27 3.42
2.74 3.24 4.26 3.5
2.69 3.57 3.82 3.39
2.72 3.18 4.27 3.45
2.66 3.24 4.03 3.27
2.67 3.16 4.32 3.48
2.67 3.19 4.09 3.28
2.77 3.08 4.35 3.43
2.76 3.16 4.15 3.31
2.73 3.58 3.83 3.41
2.71 3.32 4.14 3.46
2.77 3.17 4.52 3.69
2.81 3.2 4.25 3.45
2.67 3.4 4.0 3.4
2.76 3.38 4.04 3.42
2.69 3.53 3.74 3.27
2.75 2.94 4.41 3.35
2.75 3.1 4.38 3.48
2.67 2.84 4.43 3.27
2.66 2.85 4.33 3.18
2.72 3.14 4.2 3.34
2.72 3.18 4.05 3.23
2.63 3.47 3.86 3.33
2.66 3.08 4.06 3.14
2.76 3.17 4.27 3.44
2.78 3.15 4.31 3.46
2.7 3.06 4.22 3.28
2.72 2.83 4.4 3.23
2.8 3.26 4.22 3.48
2.78 3.05 4.4 3.45
2.65 3.09 4.16 3.25
2.79 3.29 4.42 3.71
2.66 3.15 4.29 3.44
2.69 2.84 4.55 3.39
2.69 3.3 3.99 3.29
2.77 3.31 4.33 3.64
2.76 3.51 3.84 3.35
2.67 3.06 4.2 3.26
2.73 3.46 4.21 3.67
2.71 3.01 4.16 3.17
2.83 3.08 4.42 3.5
2.65 3.04 4.16 3.2
2.76 3.01 4.53 3.54
2.64 3.13 4.04 3.17
2.73 3.16 4.27 3.43
2.75 3.08 4.2 3.28
2.68 3.39 3.89 3.28
2.8 3.28 4.17 3.45
2.75 3.16 4.14 3.3
2.7 3.07 4.1 3.17
2.7 3.29 4.1 3.39
2.67 3.28 4.15 3.43
2.69 3.17 4.28 3.45
2.68 3.38 4.04 3.42
2.72 3.35 3.97 3.32
2.77 3.04 4.21 3.25
2.7 3.14 4.27 3.41
2.83 3.53 3.94 3.47
2.73 3.17 4.15 3.32
2.8 3.19 4.29 3.48
2.72 3.31 4.08 3.39
2.67 3.12 4.29 3.41
2.7 3.33 3.95 3.28
2.76 3.12 4.4 3.52
2.76 3.5 3.76 3.26
2.7 3.26 4.22 3.48
2.7 2.96 4.54 3.5
2.71 3.06 4.39 3.45
2.65 2.98 4.1 3.08
2.79 3.14 4.41 3.55
2.74 3.32 4.05 3.37
2.69 3.18 3.94 3.12
2.75 2.98 4.44 3.42
2.79 2.99 4.46 3.45
2.71 2.98 4.25 3.23
2.66 3.44 3.78 3.22
2.78 2.97 4.57 3.54
2.68 3.27 4.04 3.31
2.77 2.86 4.47 3.33
2.75 3.48 4.07 3.55
2.76 3.27 4.1 3.37
2.7 3.01 4.4 3.41
2.69 2.94 4.42 3.36
2.68 3.21 4.19 3.4
2.7 3.48 3.97 3.45
2.71 3.09 4.17 3.26
2.71 2.89 4.5 3.39
2.74 3.12 4.12 3.24
2.83 3.35 4.3 3.65
2.65 3.0 4.31 3.31
2.72 3.08 4.44 3.52
2.75 3.27 4.21 3.48
2.75 3.29 4.26 3.55
2.67 3.42 4.08 3.5
2.7 2.83 4.62 3.45
2.66 3.12 4.14 3.26
2.66 2.91 4.27 3.18
2.77 3.34 4.16 3.5
2.74 3.21 4.27 3.48
2.75 3.39 4.31 3.7
2.71 3.18 4.42 3.6
2.69 3.03 4.43 3.46
2.61 3.11 3.94 3.05
2.62 3.01 4.0 3.01
2.7 3.24 4.02 3.26
2.74 3.2 4.34 3.54
2.69 2.98 4.38 3.36
2.71 3.29 4.29 3.58
2.7 3.24 4.29 3.53
2.69 3.4 4.13 3.53
2.74 3.19 4.52 3.71
2.72 3.25 4.26 3.51
2.61 3.36 3.89 3.25
2.61 2.93 4.43 3.36
2.68 2.97 4.43 3.4
2.66 3.55 3.99 3.54
2.74 3.07 4.22 3.29
2.66 3.23 4.03 3.26
2.66 3.04 4.24 3.28
2.69 2.97 4.15 3.12
2.75 3.1 4.22 3.32
2.72 3.4 4.04 3.44
2.71 3.14 4.19 3.33
2.72 3.14 4.1 3.24
2.75 3.23 4.08 3.31
2.64 2.94 4.47 3.41
2.78 3.18 4.13 3.31
2.72 3.25 4.15 3.4
2.78 3.03 4.48 3.51
2.72 3.46 4.0 3.46
2.72 3.26 3.96 3.22
2.69 2.77 4.57 3.34
2.67 2.85 4.44 3.29
2.77 3.26 4.25 3.51
2.73 3.26 4.2 3.46
2.69 2.87 4.39 3.26
2.79 3.19 4.23 3.42
2.69 2.77 4.68 3.45
2.74 3.42 4.15 3.57
2.77 3.31 4.12 3.43
2.65 2.9 4.08 2.98
2.79 2.93 4.48 3.41
2.65 3.45 3.86 3.31
2.77 3.19 4.24 3.43
2.77 3.37 4.01 3.38
2.74 3.01 4.37 3.38
2.7 3.05 4.33 3.38
2.82 3.45 4.35 3.8
2.75 3.42 4.19 3.61
2.7 2.82 4.57 3.39
2.67 3.53 3.86 3.39
2.77 3.08 4.35 3.43
2.7 2.96 4.5 3.46
2.64 3.14 4.14 3.28
2.72 3.01 4.39 3.4
2.67 2.88 4.42 3.3
2.7 3.01 4.39 3.4
2.71 3.33 4.16 3.49
2.66 2.95 4.35 3.3
2.72 3.31 3.88 3.19
2.74 3.05 4.33 3.38
2.71 2.99 4.48 3.47
2.7 3.2 4.27 3.47
2.74 3.22 4.16 3.38
2.67 3.36 4.08 3.44
2.77 3.05 4.1 3.15
2.7 3.26 4.17 3.43
2.75 3.34 4.12 3.46
2.66 3.25 4.14 3.39
2.77 3.38 4.12 3.5
2.67 3.12 4.2 3.32
2.57 3.09 4.14 3.23
2.7 2.99 4.38 3.37
2.7 3.0 4.39 3.39
2.75 3.09 4.63 3.72
2.76 3.15 4.43 3.58
2.66 3.16 4.13 3.29
2.79 3.0 4.59 3.59
2.78 3.04 4.42 3.46
2.76 2.77 4.65 3.42
2.64 3.08 4.26 3.34
2.73 3.31 4.12 3.43
2.7 2.9 4.44 3.34
2.67 3.03 4.34 3.37
2.77 3.28 4.54 3.82
2.75 2.9 4.48 3.38
2.86 3.2 4.27 3.47
2.76 3.41 3.88 3.29
2.7 3.17 4.1 3.27
2.71 3.12 4.27 3.39
2.77 3.15 4.21 3.36
2.74 3.18 4.42 3.6
2.78 3.41 4.3 3.71
2.76 2.91 4.46 3.37
2.62 2.7 4.62 3.32
2.69 2.8 4.53 3.33
2.71 3.18 4.28 3.46
2.76 3.08 4.29 3.37
2.75 3.37 4.05 3.42
2.61 3.13 3.96 3.09
2.71 2.92 4.41 3.33
2.69 3.36 3.96 3.32
2.78 3.19 4.43 3.62
2.66 3.1 4.39 3.49
2.77 3.07 4.2 3.27
2.75 3.11 4.33 3.44
2.65 2.93 4.2 3.13
2.69 2.98 4.4 3.38
2.65 2.78 4.45 3.23
2.8 2.87 4.66 3.53
2.79 3.1 4.34 3.44
2.72 3.45 3.92 3.37
2.7 3.18 4.34 3.52
2.69 3.41 4.05 3.46
2.77 3.14 4.41 3.55
2.8 2.77 4.75 3.52
2.73 2.9 4.39 3.29
2.64 2.83 4.4 3.23
2.77 3.09 4.25 3.34
2.67 2.99 4.22 3.21
2.77 3.2 4.36 3.56
2.67 3.05 4.12 3.17
2.71 2.86 4.38 3.24
2.71 3.43 4.0 3.43
2.73 3.12 4.2 3.32
2.77 2.8 4.61 3.41
2.74 3.11 4.37 3.48
2.75 3.21 4.23 3.44
2.78 3.37 4.15 3.52
2.68 3.45 3.86 3.31
2.71 3.52 3.93 3.45
2.64 3.1 4.16 3.26
2.75 3.44 3.97 3.41
2.75 2.94 4.42 3.36
2.73 2.91 4.51 3.42
2.73 3.08 4.44 3.52
2.69 3.31 3.94 3.25
2.71 3.02 4.29 3.31
2.75 2.95 4.48 3.43
2.66 3.32 3.98 3.3
2.68 3.12 4.44 3.56
2.68 3.12 4.11 3.23
2.75 3.35 4.15 3.5
2.71 3.04 4.24 3.28
2.82 3.12 4.63 3.75
2.74 3.05 4.33 3.38
2.66 3.11 4.05 3.16
2.74 3.41 3.98 3.39
2.67 3.06 4.34 3.4
2.66 3.59 3.98 3.57
2.73 2.89 4.44 3.33
2.67 3.17 4.26 3.43
2.69 3.28 4.23 3.51
2.73 3.1 4.29 3.39
2.84 3.54 4.27 3.81
2.75 3.43 4.15 3.58
2.73 2.96 4.25 3.21
2.64 3.12 4.18 3.3
2.73 3.1 4.3 3.4
2.69 3.14 4.17 3.31
2.75 3.58 3.79 3.37
2.59 3.08 4.19 3.27
2.76 3.24 4.38 3.62
2.64 3.17 4.11 3.28
2.76 3.54 4.06 3.6
2.66 3.05 4.35 3.4
2.64 3.13 4.18 3.31
2.76 3.06 4.33 3.39
2.72 3.33 4.01 3.34
2.7 3.14 4.32 3.46
2.76 2.99 4.41 3.4
2.73 2.69 4.75 3.44
2.62 3.47 3.89 3.36
2.7 3.12 4.19 3.31
2.7 3.39 4.05 3.44
2.67 2.94 4.5 3.44
2.7 2.91 4.43 3.34
2.62 3.01 4.44 3.45
2.7 3.17 4.29 3.46
2.75 3.46 4.03 3.49
2.65 2.84 4.53 3.37
2.71 3.0 4.55 3.55
2.72 3.5 4.03 3.53
2.66 3.0 4.43 3.43
2.76 3.34 4.02 3.36
2.67 3.12 4.02 3.14
2.73 2.72 4.65 3.37
2.87 3.19 4.36 3.55
2.77 2.99 4.29 3.28
2.66 2.79 4.45 3.24
2.71 3.35 4.07 3.42
2.74 3.35 4.31 3.66
2.72 3.1 4.36 3.46
2.74 2.84 4.53 3.37
2.77 3.36 4.21 3.57
2.67 3.21 4.13 3.34
2.75 3.08 4.18 3.26
2.65 2.9 4.34 3.24
2.79 3.26 4.31 3.57
2.73 3.3 3.92 3.22
2.73 3.46 3.97 3.43
2.68 2.99 4.02 3.01
2.75 3.27 4.12 3.39
2.63 3.05 4.26 3.31
2.76 3.14 4.18 3.32
2.7 3.1 4.2 3.3
2.63 3.24 4.06 3.3
2.77 2.85 4.63 3.48
2.64 3.06 4.18 3.24
2.71 3.18 4.09 3.27
2.7 3.73 3.58 3.31
2.72 2.95 4.47 3.42
2.6 2.91 4.13 3.04
2.79 3.5 3.93 3.43
2.65 3.02 4.39 3.41
2.68 2.97 4.45 3.42
2.69 2.86 4.31 3.17
2.72 3.07 4.23 3.3
2.75 2.9 4.58 3.48
2.78 3.19 4.24 3.43
2.67 3.49 3.86 3.35
2.68 3.27 3.94 3.21
2.74 3.55 3.77 3.32
2.77 3.12 4.13 3.25
2.71 3.38 4.05 3.43
2.72 2.65 4.83 3.48
2.71 3.13 4.24 3.37
2.66 3.39 3.92 3.31
2.7 3.04 4.37 3.41
2.79 3.28 4.29 3.57
2.81 3.52 4.08 3.6
2.77 3.08 4.39 3.47
2.68 3.04 4.25 3.29
2.68 3.25 4.16 3.41
2.67 3.22 4.23 3.45
2.61 3.07 4.04 3.11
2.7 2.84 4.54 3.38
2.74 3.17 4.03 3.2
2.74 2.78 4.72 3.5
2.73 3.21 4.23 3.44
2.73 2.99 4.47 3.46
2.63 2.86 4.44 3.3
2.7 3.18 4.33 3.51
2.79 3.2 4.15 3.35
2.74 3.0 4.24 3.24
2.65 3.61 3.72 3.33
2.67 3.08 4.25 3.33
2.69 3.2 4.1 3.3
2.71 3.08 4.37 3.45
2.73 3.2 4.35 3.55
2.76 2.79 4.67 3.46
2.62 3.07 4.21 3.28
2.74 3.26 4.15 3.41
2.69 3.05 4.28 3.33
2.71 3.54 4.01 3.55
2.75 3.32 4.32 3.64
2.81 3.24 4.33 3.57
2.7 3.2 4.23 3.43
2.76 2.98 4.5 3.48
2.7 3.07 4.29 3.36
2.71 3.11 4.42 3.53
2.6 2.96 4.23 3.19
2.68 3.18 4.16 3.34
2.62 3.13 4.13 3.26
2.66 3.18 4.07 3.25
2.65 3.13 4.09 3.22
2.84 2.95 4.54 3.49
2.75 3.2 4.27 3.47
2.75 3.13 4.26 3.39
2.78 2.98 4.59 3.57
2.64 2.97 3.98 2.95
2.72 3.29 3.79 3.08
2.62 3.2 4.15 3.35
2.58 3.25 3.78 3.03
2.75 3.36 4.16 3.52
2.71 3.14 4.16 3.3
2.74 3.41 4.21 3.62
2.65 3.24 3.98 3.22
2.82 3.12 4.43 3.55
2.68 3.14 4.26 3.4
2.7 3.51 3.9 3.41
2.69 2.92 4.54 3.46
2.67 3.03 4.27 3.3
2.78 3.13 4.25 3.38
2.6 2.74 4.37 3.11
2.77 3.45 4.05 3.5
2.75 3.15 4.24 3.39
2.67 2.94 4.42 3.36
2.78 3.28 4.01 3.29
2.6 3.15 4.06 3.21
2.68 3.26 4.16 3.42
2.67 3.23 4.0 3.23
2.66 3.12 4.07 3.19
2.62 3.1 4.13 3.23
2.75 3.03 4.3 3.33
2.72 3.42 4.03 3.45
2.7 3.41 3.82 3.23
2.64 3.14 4.16 3.3
2.71 2.92 4.26 3.18
2.65 3.27 4.04 3.31
2.62 3.44 3.82 3.26
2.76 2.98 4.15 3.13
2.65 3.26 4.11 3.37
2.75 3.06 4.31 3.37
2.7 3.1 4.45 3.55
2.64 2.81 4.44 3.25
2.72 3.09 4.37 3.46
2.78 3.49 4.27 3.76
2.58 3.14 4.06 3.2
2.65 2.9 4.39 3.29
2.76 3.17 4.31 3.48
2.62 3.36 3.87 3.23
2.63 2.71 4.43 3.14
2.73 3.11 4.34 3.45
2.75 2.96 4.56 3.52
2.77 3.41 4.12 3.53
2.64 3.03 3.99 3.02
2.67 3.39 3.96 3.35
2.69 3.14 4.29 3.43
2.76 2.87 4.57 3.44
2.72 3.18 4.07 3.25
2.69 3.11 4.13 3.24
2.76 3.35 4.14 3.49
2.68 3.24 4.13 3.37
2.7 3.21 4.35 3.56
2.69 3.28 4.24 3.52
2.73 3.44 3.75 3.19
2.68 3.22 4.11 3.33
2.67 3.38 3.97 3.35
2.68 3.11 4.29 3.4
2.7 3.01 4.14 3.15
2.74 3.2 4.16 3.36
2.8 3.0 4.33 3.33
2.67 3.12 4.14 3.26
2.82 3.34 4.41 3.75
2.76 3.17 4.25 3.42
2.76 3.15 4.19 3.34
2.79 3.26 4.3 3.56
2.65 3.09 4.16 3.25
2.7 2.91 4.55 3.46
2.74 3.22 4.32 3.54
2.73 3.18 4.23 3.41
2.67 3.11 4.2 3.31
2.67 2.89 4.31 3.2
2.63 3.21 4.14 3.35
2.62 3.13 4.04 3.17
2.59 2.91 4.3 3.21
2.73 3.15 4.34 3.49
2.67 2.79 4.53 3.32
2.74 3.16 4.21 3.37
2.64 3.05 4.32 3.37
2.64 3.34 3.94 3.28
2.68 3.07 4.26 3.33
2.78 3.32 4.14 3.46
2.7 3.08 4.21 3.29
2.76 3.22 4.17 3.39
2.7 3.3 4.03 3.33
2.73 2.95 4.4 3.35
2.74 2.99 4.39 3.38
2.65 3.25 4.09 3.34
2.73 3.01 4.4 3.41
2.69 3.4 3.95 3.35
2.76 3.02 4.26 3.28
2.58 2.94 4.21 3.15
2.64 3.23 3.89 3.12
2.72 3.25 4.15 3.4
2.74 2.82 4.46 3.28
2.72 2.99 4.5 3.49
2.8 3.45 4.22 3.67
2.69 3.25 4.02 3.27
2.73 2.97 4.45 3.42
2.76 3.2 4.36 3.56
2.72 3.2 4.25 3.45
2.72 3.06 4.5 3.56
2.71 3.51 3.84 3.35
2.64 2.95 4.22 3.17
2.67 3.34 3.92 3.26
2.67 3.16 4.2 3.36
2.64 3.11 4.29 3.4
2.71 3.31 4.16 3.47
2.67 3.08 4.23 3.31
2.73 3.19 4.2 3.39
2.69 3.02 4.29 3.31
2.78 3.28 4.22 3.5
2.75 3.11 4.14 3.25
2.73 3.17 4.36 3.53
2.65 2.92 4.53 3.45
2.75 3.04 4.35 3.39
2.68 2.96 4.17 3.13
2.73 3.13 4.31 3.44
2.69 2.88 4.49 3.37
2.75 3.59 3.9 3.49
2.73 3.32 4.0 3.32
2.77 3.27 4.06 3.33
2.66 2.78 4.44 3.22
2.74 3.29 4.12 3.41
2.69 3.42 4.01 3.43
2.67 3.17 4.02 3.19
2.72 3.3 4.09 3.39
2.76 3.36 4.1 3.46
2.75 3.63 3.97 3.6
2.66 3.15 4.13 3.28
2.67 3.13 4.24 3.37
2.73 3.07 4.05 3.12
2.62 3.33 4.06 3.39
2.75 3.5 4.04 3.54
2.57 3.34 3.8 3.14
2.73 3.2 4.06 3.26
2.72 3.12 4.38 3.5
2.72 2.93 4.38 3.31
2.85 3.14 4.39 3.53
2.71 3.18 4.15 3.33
2.65 2.98 4.35 3.33
2.71 3.24 4.25 3.49
2.6 2.77 4.37 3.14
2.73 2.98 4.45 3.43
2.72 3.4 4.25 3.65
2.7 2.96 4.25 3.21
2.72 3.0 4.54 3.54
2.7 3.17 4.05 3.22
2.69 3.0 4.58 3.58
2.64 3.22 3.92 3.14
2.67 3.16 4.22 3.38
2.73 3.95 3.74 3.69
2.76 3.01 4.34 3.35
2.73 3.22 4.06 3.28
2.73 3.09 4.26 3.35
2.72 3.27 3.93 3.2
2.68 3.29 4.01 3.3
2.84 3.08 4.49 3.57
2.68 2.99 4.45 3.44
2.7 3.31 4.1 3.41
2.7 3.29 4.17 3.46
2.67 2.98 4.23 3.21
2.74 3.15 4.24 3.39
2.69 3.18 4.04 3.22
2.75 3.26 3.91 3.17
2.74 3.05 4.49 3.54
2.62 3.3 4.04 3.34
2.73 3.36 4.06 3.42
2.74 3.03 4.59 3.62
2.66 3.41 3.98 3.39
2.73 3.44 4.05 3.49
2.77 3.32 4.2 3.52
2.62 3.01 4.07 3.08
2.71 3.09 4.34 3.43
2.68 3.32 4.12 3.44
2.8 3.26 4.58 3.84
2.7 3.23 4.01 3.24
2.69 3.44 4.25 3.69
2.78 3.46 4.32 3.78
2.67 2.89 4.11 3.0
2.76 3.55 4.13 3.68
2.74 3.32 4.18 3.5
2.76 3.18 4.12 3.3
2.8 3.05 4.4 3.45
2.62 3.07 4.23 3.3
2.72 3.28 4.17 3.45
2.81 2.92 4.62 3.54
2.65 2.86 4.29 3.15
2.72 3.22 4.14 3.36
2.68 2.99 4.37 3.36
2.71 3.19 4.03 3.22
2.66 2.91 4.48 3.39
2.69 3.2 4.05 3.25
2.74 3.33 4.15 3.48
2.8 3.51 4.11 3.62
2.63 2.91 4.34 3.25
2.81 3.31 4.18 3.49
2.8 3.24 4.26 3.5
2.73 3.0 4.42 3.42
2.68 2.82 4.49 3.31
2.75 3.43 3.91 3.34
2.69 3.05 4.16 3.21
2.76 2.98 4.49 3.47
2.73 3.37 4.13 3.5
2.67 3.08 4.33 3.41
2.67 3.34 3.86 3.2
2.67 2.92 4.06 2.98
2.74 3.15 4.3 3.45
2.7 2.82 4.39 3.21
2.79 3.52 4.24 3.76
2.74 3.3 3.95 3.25
2.65 2.99 4.32 3.31
2.59 3.0 4.06 3.06
2.68 3.07 4.06 3.13
2.74 2.72 4.73 3.45
2.73 3.51 4.01 3.52
2.78 2.92 4.45 3.37
2.77 3.52 4.03 3.55
2.71 3.13 4.25 3.38
2.75 2.88 4.64 3.52
2.73 3.19 4.25 3.44
2.66 2.91 4.51 3.42
2.71 3.28 4.32 3.6
2.72 3.25 4.08 3.33
2.65 3.4 3.95 3.35
2.64 2.99 4.28 3.27
2.73 3.31 4.14 3.45
2.7 3.36 4.15 3.51
2.64 2.94 4.3 3.24
2.71 3.1 4.49 3.59
2.74 2.99 4.43 3.42
2.82 3.24 4.24 3.48
2.73 3.16 4.48 3.64
2.77 3.44 4.04 3.48
2.74 3.31 4.14 3.45
2.7 3.18 4.08 3.26
2.67 3.14 4.13 3.27
2.74 3.1 4.15 3.25
2.69 3.42 3.91 3.33
2.8 3.25 4.1 3.35
2.78 3.15 4.57 3.72
2.67 3.18 4.26 3.44
2.61 2.92 4.21 3.13
2.72 2.73 4.58 3.31
2.69 3.09 4.31 3.4
2.67 2.77 4.36 3.13
2.7 3.14 4.19 3.33
2.63 2.97 4.15 3.12
2.76 3.37 4.16 3.53
2.67 3.22 4.14 3.36
2.74 3.08 4.2 3.28
2.72 3.37 3.94 3.31
2.75 3.07 4.4 3.47
2.68 2.97 4.37 3.34
2.63 3.14 4.16 3.3
2.73 3.19 4.24 3.43
2.73 3.36 3.97 3.33
2.77 3.24 4.44 3.68
2.74 3.33 4.01 3.34
2.74 3.45 4.17 3.62
2.81 3.51 4.06 3.57
2.65 3.14 4.3 3.44
2.68 3.27 4.03 3.3
2.75 3.03 4.38 3.41
2.68 3.25 4.06 3.31
2.78 3.49 4.1 3.59
2.75 3.5 3.83 3.33
2.71 3.26 4.01 3.27
2.74 3.14 4.33 3.47
2.77 3.55 3.92 3.47
2.66 3.17 3.9 3.07
2.76 3.14 4.34 3.48
2.76 3.0 4.64 3.64
2.77 2.94 4.48 3.42
2.77 3.12 4.36 3.48
2.68 3.24 4.1 3.34
2.78 3.0 4.4 3.4
2.74 3.1 4.36 3.46
2.76 3.26 4.25 3.51
2.74 3.23 4.27 3.5
2.78 2.94 4.48 3.42
2.73 3.23 4.3 3.53
2.74 3.08 4.39 3.47
2.66 3.32 3.95 3.27
2.68 3.22 4.13 3.35
2.68 3.12 4.28 3.4
2.71 2.67 4.57 3.24
2.72 3.0 4.12 3.12
2.7 2.99 4.34 3.33
2.73 3.15 4.26 3.41
2.75 3.29 4.18 3.47
2.77 3.38 4.12 3.5
2.66 3.07 4.35 3.42
2.75 2.99 4.57 3.56
2.76 3.4 4.12 3.52
2.78 2.97 4.39 3.36
2.67 2.97 4.15 3.12
2.73 3.38 4.06 3.44
2.74 2.84 4.45 3.29
2.76 3.25 4.11 3.36
2.73 3.5 3.97 3.47
2.7 3.1 4.28 3.38
2.65 3.15 4.1 3.25
2.68 3.21 3.97 3.18
2.79 3.02 4.62 3.64
2.68 3.27 4.16 3.43
2.66 3.34 3.92 3.26
2.7 2.88 4.22 3.1
2.7 3.28 4.09 3.37
2.66 3.23 4.02 3.25
2.71 3.19 4.33 3.52
2.76 3.36 4.18 3.54
2.63 3.08 4.02 3.1
2.61 3.15 4.18 3.33
2.77 3.09 4.41 3.5
2.76 2.93 4.68 3.61
2.72 3.28 4.43 3.71
2.77 3.04 4.6 3.64
2.85 3.13 4.35 3.48
2.74 3.19 4.38 3.57
2.71 3.07 4.31 3.38
2.77 3.16 4.38 3.54
2.84 2.99 4.48 3.47
2.69 2.92 4.47 3.39
2.64 3.41 3.91 3.32
2.64 3.35 3.97 3.32
2.7 3.2 4.25 3.45
2.6 2.84 4.17 3.01
2.69 3.11 4.14 3.25
2.79 3.01 4.54 3.55
2.73 3.11 4.47 3.58
2.76 3.02 4.34 3.36
2.68 3.09 4.19 3.28
2.75 3.17 4.24 3.41
2.64 3.04 4.15 3.19
2.75 3.05 4.12 3.17
2.71 3.38 3.9 3.28
2.75 3.28 4.2 3.48
2.66 2.95 4.24 3.19
2.72 3.52 3.93 3.45
2.64 3.28 3.86 3.14
2.78 3.06 4.43 3.49
2.71 3.2 4.25 3.45
2.69 3.24 4.13 3.37
2.65 3.27 3.84 3.11
2.78 3.05 4.45 3.5
2.69 3.42 3.93 3.35
2.77 3.1 4.41 3.51
2.67 3.31 4.04 3.35
2.8 3.4 4.21 3.61
2.59 3.28 3.77 3.05
2.73 3.11 4.34 3.45
2.8 3.33 4.35 3.68
2.86 3.11 4.62 3.73
2.66 3.15 4.29 3.44
2.76 3.09 4.39 3.48
2.71 3.03 4.38 3.41
2.68 2.85 4.46 3.31
2.71 3.22 4.09 3.31
2.75 2.92 4.39 3.31
2.72 3.17 4.15 3.32
2.66 3.09 4.35 3.44
2.68 2.87 4.39 3.26
2.67 3.38 4.03 3.41
2.81 3.31 4.29 3.6
2.71 3.12 4.17 3.29
2.73 2.87 4.37 3.24
2.71 3.11 4.14 3.25
2.69 3.4 3.76 3.16
2.61 3.02 4.16 3.18
2.74 3.29 4.21 3.5
2.67 3.18 4.26 3.44
2.7 3.39 4.02 3.41
2.72 3.47 4.11 3.58
2.71 3.23 4.24 3.47
2.69 3.27 3.98 3.25
2.76 3.13 4.36 3.49
2.78 3.3 4.41 3.71
2.66 3.17 4.1 3.27
2.72 3.11 4.25 3.36
2.7 3.62 3.7 3.32
2.64 3.33 3.93 3.26
2.71 3.0 4.48 3.48
2.75 3.37 3.91 3.28
2.58 2.96 4.31 3.27
2.69 3.12 3.92 3.04
2.75 3.23 4.27 3.5
2.74 3.18 4.27 3.45
2.77 3.05 4.4 3.45
2.67 3.59 3.9 3.49
2.73 3.04 4.25 3.29
2.79 3.39 4.31 3.7
2.7 3.54 3.75 3.29
2.73 3.29 4.02 3.31
2.66 3.07 4.22 3.29
2.71 3.03 4.45 3.48
2.74 3.21 4.17 3.38
2.75 3.62 3.83 3.45
2.64 3.14 4.06 3.2
2.76 3.12 4.49 3.61
2.74 2.95 4.46 3.41
2.72 3.05 4.3 3.35
2.72 3.25 3.98 3.23
2.62 3.04 4.05 3.09
2.78 3.22 4.27 3.49
2.66 3.28 4.17 3.45
2.78 3.34 3.92 3.26
2.68 3.09 4.17 3.26
2.77 2.68 4.81 3.49
2.64 3.07 4.1 3.17
2.77 3.57 3.85 3.42
2.66 3.21 3.91 3.12
2.68 3.13 4.33 3.46
2.73 2.99 4.43 3.42
2.8 3.44 4.14 3.58
2.73 2.97 4.33 3.3
2.66 3.36 3.9 3.26
2.77 3.31 3.96 3.27
2.67 2.93 4.35 3.28
2.7 3.32 4.09 3.41
2.6 3.05 4.18 3.23
2.67 3.06 4.13 3.19
2.75 2.72 4.68 3.4
2.73 3.7 3.63 3.33
2.71 3.4 3.85 3.25
2.78 3.04 4.54 3.58
2.71 3.14 4.17 3.31
2.67 2.99 4.2 3.19
2.76 3.3 4.28 3.58
2.79 3.23 4.37 3.6
2.73 3.11 4.15 3.26
2.74 3.13 4.01 3.14
2.76 3.43 4.07 3.5
2.71 3.32 3.82 3.14
2.71 3.21 4.14 3.35
2.73 3.0 4.5 3.5
2.81 3.49 4.25 3.74
2.77 3.19 4.39 3.58
2.79 3.31 4.26 3.57
2.63 3.28 4.04 3.32
2.71 3.35 4.07 3.42
2.73 3.17 4.5 3.67
2.71 2.95 4.34 3.29
2.66 3.09 4.01 3.1
2.74 3.34 4.22 3.56
2.74 3.55 3.93 3.48
2.66 3.11 4.08 3.19
2.77 3.22 4.12 3.34
2.66 3.16 4.14 3.3
2.63 3.16 4.02 3.18
2.67 3.13 4.14 3.27
2.7 2.95 4.49 3.44
2.67 3.34 4.08 3.42
2.65 3.29 4.04 3.33
2.64 3.28 3.84 3.12
2.71 2.97 4.31 3.28
2.79 3.11 4.42 3.53
2.65 3.16 4.11 3.27
2.75 3.11 4.25 3.36
2.8 2.96 4.79 3.75
2.78 3.54 3.89 3.43
2.61 3.43 3.82 3.25
2.72 3.22 4.19 3.41
2.67 3.36 4.01 3.37
2.68 3.09 4.36 3.45
2.63 3.16 4.17 3.33
2.65 2.94 4.27 3.21
2.67 3.25 4.18 3.43
2.72 3.3 4.08 3.38
2.7 3.31 3.96 3.27
2.74 3.2 4.31 3.51
2.66 3.47 3.98 3.45
2.65 3.08 4.16 3.24
2.67 3.21 4.25 3.46
2.74 3.45 3.95 3.4
2.74 3.13 4.3 3.43
2.7 3.14 4.18 3.32
2.69 3.07 4.19 3.26
2.73 3.19 4.45 3.64
2.68 3.23 4.17 3.4
2.68 3.36 3.95 3.31
2.74 3.24 4.38 3.62
2.66 3.0 4.04 3.04
2.69 3.09 4.32 3.41
2.83 3.31 4.22 3.53
2.8 3.4 4.02 3.42
2.64 3.55 3.61 3.16
2.68 2.96 4.47 3.43
2.75 3.15 4.25 3.4
2.55 2.85 4.19 3.04
2.71 2.79 4.41 3.2
2.76 3.19 4.14 3.33
2.61 3.28 3.93 3.21
2.63 3.17 4.29 3.46
2.71 3.15 4.19 3.34
2.65 3.31 3.99 3.3
2.62 3.12 4.02 3.14
2.63 3.11 4.14 3.25
2.78 3.24 4.23 3.47
2.67 2.93 4.19 3.12
2.59 3.14 3.81 2.95
2.79 3.1 4.52 3.62
2.62 3.29 4.16 3.45
2.68 3.34 4.03 3.37
2.77 3.13 4.35 3.48
2.74 3.25 4.29 3.54
2.66 3.56 3.92 3.48
2.74 2.83 4.49 3.32
2.67 3.07 4.32 3.39
2.68 2.98 4.23 3.21
2.74 3.12 4.45 3.57
2.81 3.61 3.7 3.31
2.69 3.26 4.17 3.43
2.6 3.21 3.96 3.17
2.77 3.16 4.3 3.46
2.64 2.92 4.39 3.31
2.82 3.27 4.17 3.44
2.78 3.07 4.29 3.36
2.64 3.08 4.18 3.26
2.62 3.34 3.97 3.31
2.66 3.19 4.11 3.3
2.77 3.06 4.58 3.64
2.63 3.55 3.81 3.36
2.74 3.5 4.12 3.62
2.77 3.57 3.94 3.51
2.69 3.35 3.95 3.3
2.73 2.76 4.58 3.34
2.78 3.42 4.09 3.51
2.64 3.15 3.97 3.12
2.68 3.07 4.43 3.5
2.7 3.07 4.13 3.2
2.72 3.43 4.02 3.45
2.79 3.28 4.47 3.75
2.78 3.45 4.12 3.57
2.71 3.25 4.28 3.53
2.67 3.26 4.1 3.36
2.66 2.77 4.31 3.08
2.65 3.25 4.09 3.34
2.72 3.06 4.59 3.65
2.76 2.99 4.38 3.37
2.75 2.96 4.33 3.29
2.64 3.39 4.02 3.41
2.76 3.45 4.21 3.66
2.61 3.01 4.27 3.28
2.85 3.28 4.46 3.74
2.74 3.07 4.15 3.22
2.65 3.16 4.18 3.34
2.8 3.11 4.43 3.54
2.65 2.87 4.45 3.32
2.76 3.24 4.02 3.26
2.7 3.43 3.92 3.35
2.67 3.05 4.36 3.41
2.76 3.32 4.02 3.34
2.73 2.84 4.64 3.48
2.63 2.97 4.23 3.2
2.68 3.33 3.97 3.3
2.69 3.08 4.13 3.21
2.74 3.06 4.36 3.42
2.65 2.85 4.52 3.37
2.62 2.93 4.36 3.29
2.68 3.13 4.15 3.28
2.73 3.41 4.06 3.47
2.7 3.75 3.82 3.57
2.64 3.28 4.04 3.32
2.79 3.27 4.17 3.44
2.71 3.16 4.2 3.36
2.73 3.14 4.31 3.45
2.75 3.17 4.07 3.24
2.62 2.94 4.35 3.29
2.84 3.07 4.49 3.56
2.74 3.17 4.27 3.44
2.76 3.5 3.87 3.37
2.75 3.03 4.31 3.34
2.7 3.24 4.05 3.29
2.68 3.26 4.07 3.33
2.69 2.84 4.63 3.47
2.62 2.92 4.36 3.28
2.66 3.33 3.98 3.31
2.76 2.85 4.73 3.58
2.71 3.21 4.13 3.34
2.7 2.86 4.47 3.33
2.72 3.23 4.29 3.52
2.72 2.98 4.46 3.44
2.63 3.38 3.78 3.16
2.82 3.21 4.55 3.76
2.7 3.78 3.69 3.47
2.79 3.02 4.58 3.6
2.66 3.38 4.11 3.49
2.73 3.52 4.13 3.65
2.76 3.39 4.03 3.42
2.67 3.62 3.75 3.37
2.75 3.26 4.3 3.56
2.69 3.26 4.15 3.41
2.72 3.1 4.39 3.49
2.67 3.28 4.02 3.3
2.69 3.16 4.19 3.35
2.76 3.25 4.25 3.5
2.72 3.57 4.11 3.68
2.71 2.77 4.5 3.27
2.71 3.44 4.14 3.58
2.74 3.67 3.74 3.41
2.73 3.24 4.27 3.51
2.76 3.26 4.0 3.26
2.75 3.25 4.08 3.33
2.64 2.89 4.43 3.32
2.75 3.17 4.13 3.3
2.6 3.0 4.01 3.01
2.66 3.26 3.91 3.17
2.69 3.02 4.35 3.37
2.73 3.1 4.38 3.48
2.77 3.09 4.3 3.39
2.68 3.0 4.4 3.4
2.63 3.23 4.03 3.26
2.73 3.35 4.12 3.47
2.7 3.28 4.34 3.62
2.72 3.59 3.97 3.56
2.8 3.37 4.13 3.5
2.78 3.15 4.39 3.54
2.7 3.03 4.28 3.31
2.74 2.93 4.31 3.24
2.75 3.23 4.14 3.37
2.69 2.96 4.35 3.31
2.63 3.11 4.13 3.24
2.7 3.05 4.25 3.3
2.66 3.07 4.12 3.19
2.61 3.31 3.93 3.24
2.65 3.35 4.11 3.46
2.79 3.21 4.31 3.52
2.77 3.14 4.28 3.42
2.69 3.5 3.92 3.42
2.72 3.18 4.38 3.56
2.74 3.03 4.36 3.39
2.76 3.48 4.09 3.57
2.76 3.35 4.11 3.46
2.68 3.16 4.27 3.43
2.73 3.2 4.18 3.38
2.63 3.18 4.0 3.18
2.75 3.08 4.25 3.33
2.7 2.92 4.43 3.35
2.66 2.84 4.38 3.22
2.65 3.28 4.13 3.41
2.74 3.45 4.16 3.61
2.73 3.22 4.15 3.37
2.76 3.4 4.16 3.56
2.78 3.33 4.2 3.53
2.71 3.15 4.54 3.69
2.59 2.68 4.32 3.0
2.71 3.28 3.92 3.2
2.71 3.3 3.82 3.12
2.74 3.14 4.34 3.48
2.74 3.37 4.01 3.38
2.71 3.18 4.27 3.45
2.77 2.91 4.58 3.49
2.69 3.25 4.05 3.3
2.67 3.16 4.03 3.19
2.77 3.02 4.54 3.56
2.73 2.8 4.4 3.2
2.75 3.0 4.63 3.63
2.71 3.25 4.08 3.33
2.78 3.16 4.47 3.63
2.63 3.01 4.28 3.29
2.69 3.15 4.05 3.2
2.66 3.14 4.21 3.35
2.81 3.24 4.08 3.32
2.62 2.89 4.2 3.09
2.73 3.2 4.03 3.23
2.73 3.17 4.41 3.58
2.68 3.74 3.7 3.44
2.72 3.21 4.06 3.27
2.78 3.17 4.27 3.44
2.64 3.28 4.04 3.32
2.65 3.38 3.93 3.31
2.63 3.22 3.97 3.19
2.76 3.0 4.22 3.22
2.63 3.35 4.07 3.42
2.63 2.71 4.55 3.26
2.66 3.13 4.17 3.3
2.69 3.14 4.33 3.47
2.68 3.03 4.12 3.15
2.75 3.04 4.34 3.38
2.69 3.08 4.31 3.39
2.6 2.61 4.19 2.8
2.81 3.06 4.71 3.77
2.77 3.09 4.4 3.49
2.66 3.25 3.84 3.09
2.68 3.4 4.21 3.61
2.65 2.91 4.32 3.23
2.8 3.19 4.21 3.4
2.72 3.14 4.04 3.18
2.61 3.35 3.83 3.18
2.73 3.27 4.13 3.4
2.66 3.17 4.19 3.36
2.71 3.15 4.41 3.56
2.79 3.19 4.33 3.52
2.64 3.0 4.17 3.17
2.6 2.89 4.41 3.3
2.74 3.32 4.28 3.6
2.77 3.21 4.34 3.55
2.73 2.72 4.7 3.42
2.79 3.2 4.28 3.48
2.82 3.21 4.36 3.57
2.69 3.15 4.14 3.29
2.78 3.15 4.2 3.35
2.64 3.53 3.74 3.27
2.75 3.21 4.05 3.26
2.73 3.24 4.05 3.29
2.64 3.02 4.13 3.15
2.75 3.17 4.21 3.38
2.74 3.02 4.34 3.36
2.79 3.11 4.44 3.55
2.75 3.08 4.53 3.61
2.69 3.25 4.21 3.46
2.79 3.35 4.42 3.77
2.72 3.18 4.4 3.58
2.8 3.14 4.33 3.47
2.71 3.04 4.31 3.35
2.58 3.09 4.13 3.22
2.72 2.98 4.37 3.35
2.68 3.1 4.15 3.25
2.72 3.26 4.09 3.35
2.74 3.22 4.19 3.41
2.72 2.96 4.28 3.24
2.76 3.09 4.21 3.3
2.65 3.14 4.05 3.19
2.77 3.0 4.51 3.51
2.75 2.85 4.54 3.39
2.69 3.15 4.34 3.49
2.64 3.23 3.96 3.19
2.81 3.04 4.43 3.47
2.68 3.19 3.99 3.18
2.8 3.04 4.48 3.52
2.57 3.34 3.78 3.12
2.67 3.11 4.46 3.57
2.72 3.2 4.35 3.55
2.74 3.2 4.36 3.56
2.72 3.24 4.03 3.27
2.7 3.01 4.55 3.56
2.64 3.06 4.09 3.15
2.78 2.94 4.41 3.35
2.76 3.33 4.26 3.59
2.81 3.41 4.3 3.71
2.78 3.17 4.58 3.75
2.76 3.01 4.41 3.42
2.78 3.18 4.46 3.64
2.76 3.14 4.26 3.4
2.71 3.19 4.18 3.37
2.7 3.21 4.1 3.31
2.77 3.42 4.24 3.66
2.77 2.89 4.54 3.43
2.74 3.17 4.3 3.47
2.77 2.89 4.41 3.3
2.57 3.55 3.85 3.4
2.66 3.19 4.21 3.4
2.61 3.04 4.05 3.09
2.68 3.46 3.96 3.42
2.69 3.18 4.31 3.49
2.65 2.92 4.3 3.22
2.82 3.59 3.8 3.39
2.67 2.96 4.12 3.08
2.66 2.86 4.09 2.95
2.67 3.49 3.97 3.46
2.67 3.03 4.06 3.09
2.73 3.19 4.09 3.28
2.79 2.96 4.6 3.56
2.71 3.45 3.97 3.42
2.73 3.22 4.26 3.48
2.69 3.38 3.71 3.09
2.75 3.19 4.65 3.84
2.81 3.19 4.06 3.25
2.79 3.26 4.26 3.52
2.62 3.09 3.97 3.06
2.69 3.42 3.86 3.28
2.68 2.84 4.44 3.28
2.69 3.68 3.81 3.49
2.72 2.76 4.61 3.37
2.71 2.99 4.34 3.33
2.69 2.84 4.35 3.19
2.76 3.25 4.04 3.29
2.72 3.52 4.03 3.55
2.67 3.28 3.83 3.11
2.76 3.27 4.38 3.65
2.77 3.27 4.34 3.61
2.75 3.01 4.34 3.35
2.73 3.18 4.43 3.61
2.73 3.02 4.2 3.22
2.76 3.2 4.11 3.31
2.76 3.47 4.02 3.49
2.75 2.75 4.52 3.27
2.7 3.35 3.88 3.23
2.68 2.83 4.58 3.41
2.67 3.01 4.37 3.38
2.69 3.07 4.35 3.42
2.77 3.22 4.17 3.39
2.71 3.29 4.16 3.45
2.71 2.86 4.67 3.53
2.74 3.37 3.96 3.33
2.71 2.99 4.38 3.37
2.78 3.01 4.5 3.51
2.59 3.0 4.2 3.2
2.76 3.39 4.16 3.55
2.75 3.06 4.31 3.37
2.66 3.29 4.1 3.39
2.73 3.16 4.2 3.36
2.65 3.13 4.32 3.45
2.79 3.32 4.27 3.59
2.81 3.07 4.47 3.54
2.83 3.01 4.78 3.79
2.68 3.06 4.36 3.42
2.68 3.0 4.05 3.05
2.77 3.02 4.55 3.57
2.75 2.88 4.61 3.49
2.67 3.28 4.05 3.33
2.66 2.83 4.28 3.11
2.71 3.41 4.07 3.48
2.76 3.03 4.44 3.47
2.79 2.95 4.45 3.4
2.64 2.82 4.34 3.16
2.73 3.18 4.38 3.56
2.72 3.34 4.11 3.45
2.78 3.21 4.63 3.84
2.7 3.13 4.16 3.29
2.81 3.09 4.49 3.58
2.7 3.09 4.28 3.37
2.66 3.14 4.29 3.43
2.78 2.95 4.49 3.44
2.69 3.33 3.91 3.24
2.67 2.97 4.44 3.41
2.64 3.3 4.0 3.3
2.68 3.14 4.19 3.33
2.65 3.26 4.03 3.29
2.77 2.76 4.74 3.5
2.72 3.26 4.07 3.33
2.68 3.05 4.31 3.36
2.72 3.16 4.19 3.35
2.7 3.19 4.12 3.31
2.8 3.22 4.3 3.52
2.69 3.25 3.94 3.19
2.65 2.85 4.24 3.09
2.71 3.29 4.06 3.35
2.74 3.05 4.36 3.41
2.7 3.34 3.98 3.32
2.76 2.97 4.53 3.5
2.75 3.19 4.36 3.55
2.74 3.05 4.34 3.39
2.82 3.18 4.37 3.55
2.7 3.02 4.5 3.52
2.77 2.97 4.45 3.42
2.69 3.27 4.0 3.27
2.7 2.88 4.27 3.15
2.67 3.39 4.01 3.4
2.66 3.36 4.02 3.38
2.76 3.18 4.35 3.53
2.7 3.18 4.45 3.63
2.63 2.99 4.06 3.05
2.79 3.14 4.43 3.57
2.7 3.36 4.04 3.4
2.66 3.17 4.01 3.18
2.75 3.31 4.11 3.42
2.77 3.32 4.03 3.35
2.71 3.06 4.32 3.38
2.77 3.15 4.19 3.34
2.77 3.09 4.35 3.44
2.66 2.86 4.43 3.29
2.64 3.13 4.03 3.16
2.7 2.9 4.36 3.26
2.68 3.14 4.3 3.44
2.7 2.96 4.44 3.4
2.77 3.22 4.29 3.51
2.74 2.96 4.49 3.45
2.63 3.01 4.29 3.3
2.61 3.01 4.26 3.27
2.72 3.11 4.25 3.36
2.61 3.37 3.78 3.15
2.77 2.96 4.52 3.48
2.66 3.41 3.94 3.35
2.78 3.17 4.11 3.28
2.63 2.88 4.32 3.2
2.77 3.14 4.27 3.41
2.73 3.15 4.28 3.43
2.71 2.99 4.2 3.19
2.7 3.31 4.14 3.45
2.63 2.96 4.41 3.37
2.66 3.03 3.97 3.0
2.69 3.2 4.14 3.34
2.77 3.33 4.2 3.53
2.66 2.99 4.3 3.29
2.72 3.15 4.27 3.42
2.73 3.06 4.5 3.56
2.67 3.19 4.17 3.36
2.69 3.27 3.95 3.22
2.68 3.02 4.39 3.41
2.66 3.22 4.14 3.36
2.76 3.73 3.9 3.63
2.7 3.41 4.14 3.55
2.68 3.08 4.29 3.37
2.7 3.17 4.15 3.32
2.72 3.19 4.23 3.42
2.75 3.5 4.03 3.53
2.75 3.46 4.07 3.53
2.7 3.18 4.18 3.36
2.75 3.14 4.09 3.23
2.68 2.98 4.5 3.48
2.76 3.24 4.43 3.67
2.7 3.21 4.14 3.35
2.69 3.1 4.2 3.3
2.66 3.34 4.14 3.48
2.71 3.46 3.77 3.23
2.74 3.11 4.33 3.44
2.71 3.0 4.25 3.25
2.76 3.13 4.27 3.4
2.65 3.23 4.09 3.32
2.78 3.1 4.39 3.49
2.78 3.46 4.32 3.78
2.76 2.82 4.65 3.47
2.71 3.04 4.34 3.38
2.7 3.02 4.42 3.44
2.67 3.17 4.26 3.43
2.67 3.42 3.93 3.35
2.74 2.91 4.59 3.5
2.73 2.93 4.4 3.33
2.68 3.23 3.88 3.11
2.73 2.98 4.35 3.33
2.69 3.12 4.26 3.38
2.64 3.21 3.97 3.18
2.7 3.19 4.18 3.37
2.77 3.21 4.12 3.33
2.68 2.88 4.42 3.3
2.69 3.23 4.01 3.24
2.68 2.88 4.5 3.38
2.74 3.32 4.18 3.5
2.71 3.03 4.25 3.28
2.72 3.39 4.2 3.59
2.67 3.04 4.25 3.29
2.74 3.27 4.29 3.56
2.73 3.21 4.27 3.48
2.71 3.05 4.41 3.46
2.76 3.53 4.11 3.64
2.74 3.48 4.1 3.58
2.67 3.08 4.08 3.16
2.62 2.85 4.11 2.96
2.79 2.99 4.51 3.5
2.73 3.2 4.22 3.42
2.63 3.15 3.93 3.08
2.8 3.15 4.43 3.58
2.74 3.39 4.12 3.51
2.69 3.33 3.86 3.19
2.68 2.98 4.4 3.38
2.64 3.2 4.18 3.38
2.75 3.07 4.33 3.4
2.72 3.08 4.29 3.37
2.6 2.76 4.29 3.05
2.78 3.07 4.47 3.54
2.75 2.97 4.5 3.47
2.71 3.16 4.41 3.57
2.8 3.22 4.19 3.41
2.73 3.11 4.28 3.39
2.69 3.49 3.99 3.48
2.76 3.31 3.97 3.28
2.67 3.01 4.34 3.35
2.65 3.15 4.01 3.16
2.65 2.85 4.29 3.14
2.72 3.1 4.25 3.35
2.68 3.19 4.28 3.47
2.63 2.84 4.26 3.1
2.63 3.03 4.35 3.38
2.71 3.59 3.7 3.29
2.71 3.12 4.2 3.32
2.75 3.17 4.29 3.46
2.71 3.43 3.92 3.35
2.72 3.57 3.93 3.5
2.78 3.28 4.1 3.38
2.81 2.91 4.66 3.57
2.76 2.95 4.46 3.41
2.75 3.31 4.35 3.66
2.69 3.12 4.46 3.58
2.68 3.12 4.49 3.61
2.79 3.13 4.54 3.67
2.68 3.21 4.08 3.29
2.68 2.95 4.38 3.33
2.76 2.9 4.61 3.51
2.71 3.04 4.18 3.22
2.63 3.06 4.16 3.22
2.86 3.29 4.39 3.68
2.72 3.39 3.98 3.37
2.75 3.14 4.48 3.62
2.71 3.58 4.0 3.58
2.66 3.36 4.04 3.4
2.76 2.97 4.55 3.52
2.73 3.32 4.12 3.44
2.73 3.2 4.19 3.39
2.65 3.31 4.05 3.36
2.74 3.25 4.29 3.54
2.68 3.65 3.87 3.52
2.76 2.97 4.6 3.57
2.73 3.21 4.14 3.35
2.71 2.98 4.4 3.38
2.65 3.18 4.22 3.4
2.66 3.07 4.27 3.34
2.72 3.19 4.34 3.53
2.72 3.12 4.26 3.38
2.69 3.39 4.08 3.47
2.84 3.26 4.31 3.57
2.78 3.03 4.37 3.4
2.76 3.44 4.24 3.68
2.72 3.16 4.07 3.23
2.75 2.82 4.38 3.2
2.61 3.24 4.05 3.29
2.69 3.14 4.06 3.2
2.79 3.05 4.56 3.61
2.78 2.95 4.62 3.57
2.71 2.91 4.43 3.34
2.67 3.32 3.78 3.1
2.78 3.43 4.39 3.82
2.64 3.34 3.92 3.26
2.69 3.24 4.05 3.29
2.72 3.43 3.94 3.37
2.71 3.03 4.44 3.47
2.82 3.3 4.21 3.51
2.66 3.09 4.2 3.29
2.68 3.47 3.82 3.29
2.72 2.85 4.56 3.41
2.69 3.12 4.3 3.42
2.76 3.08 4.53 3.61
2.81 3.3 4.29 3.59
2.8 3.31 4.18 3.49
2.74 3.22 4.28 3.5
2.63 3.33 3.99 3.32
2.69 3.05 4.31 3.36
2.69 3.06 4.25 3.31
2.77 3.13 4.44 3.57
2.76 3.13 4.44 3.57
2.7 3.1 4.31 3.41
2.73 2.94 4.37 3.31
2.66 3.26 4.11 3.37
2.7 3.03 4.37 3.4
2.68 2.99 4.32 3.31
2.64 3.09 4.34 3.43
2.66 3.0 4.25 3.25
2.72 2.97 4.26 3.23
2.78 2.96 4.37 3.33
2.73 3.18 4.42 3.6
2.69 3.21 3.93 3.14
2.72 3.2 4.17 3.37
2.63 3.19 4.17 3.36
2.73 3.11 4.17 3.28
2.71 3.11 4.36 3.47
2.62 3.47 3.76 3.23
2.75 3.29 4.13 3.42
2.68 3.48 3.92 3.4
2.66 3.14 4.01 3.15
2.7 2.74 4.62 3.36
2.67 3.12 4.13 3.25
2.72 3.01 4.24 3.25
2.69 3.11 4.14 3.25
2.72 3.21 4.15 3.36
2.7 3.18 4.11 3.29
2.71 3.03 4.15 3.18
2.7 2.89 4.48 3.37
2.74 2.91 4.4 3.31
2.73 3.44 4.19 3.63
2.7 3.1 4.29 3.39
2.78 3.44 4.14 3.58
2.69 3.11 4.11 3.22
2.74 2.98 4.35 3.33
2.65 3.16 3.96 3.12
2.68 3.43 4.09 3.52
2.69 3.18 4.04 3.22
2.77 3.04 4.44 3.48
2.71 3.21 3.99 3.2
2.66 3.25 4.02 3.27
2.72 3.05 4.36 3.41
2.62 3.5 3.82 3.32
2.68 2.89 4.34 3.23
2.66 2.95 4.48 3.43
2.78 3.42 3.94 3.36
2.7 3.27 4.19 3.46
2.84 3.33 4.39 3.72
2.75 3.34 4.09 3.43
2.79 2.88 4.61 3.49
2.74 3.13 4.21 3.34
2.73 3.3 3.96 3.26
2.71 2.92 4.41 3.33
2.71 3.04 4.17 3.21
2.72 3.34 4.01 3.35
2.71 3.34 4.02 3.36
2.75 3.41 4.04 3.45
2.8 3.18 4.51 3.69
2.73 3.03 4.41 3.44
2.66 3.15 4.46 3.61
2.72 3.12 4.11 3.23
2.72 3.41 3.98 3.39
2.73 3.14 4.45 3.59
2.67 3.1 4.23 3.33
2.76 3.02 4.58 3.6
2.74 2.97 4.22 3.19
2.73 3.22 4.16 3.38
2.7 2.96 4.39 3.35
2.76 3.07 4.21 3.28
2.68 3.4 3.85 3.25
2.72 3.13 4.07 3.2
2.74 3.08 4.45 3.53
2.57 3.09 3.9 2.99
2.66 3.14 4.19 3.33
2.7 3.39 4.11 3.5
2.72 2.85 4.54 3.39
2.66 3.28 3.91 3.19
2.66 3.09 4.27 3.36
2.79 3.25 4.38 3.63
2.74 3.26 4.19 3.45
2.75 3.1 4.39 3.49
2.74 3.08 3.92 3.0
2.75 3.34 4.08 3.42
2.65 3.03 4.23 3.26
2.62 3.09 4.04 3.13
2.76 3.11 4.51 3.62
2.78 2.88 4.78 3.66
2.76 3.38 3.83 3.21
2.66 3.1 4.17 3.27
2.76 3.11 4.25 3.36
2.66 2.88 4.21 3.09
2.71 3.1 4.36 3.46
2.72 3.11 4.14 3.25
2.74 3.11 4.31 3.42
2.71 3.22 4.11 3.33
2.64 3.2 3.88 3.08
2.76 3.23 4.2 3.43
2.65 2.95 4.3 3.25
2.76 3.37 4.3 3.67
2.7 3.03 4.33 3.36
2.83 3.31 4.18 3.49
2.84 2.95 4.63 3.58
2.64 3.33 4.22 3.55
2.79 3.31 4.2 3.51
2.78 3.28 4.24 3.52
2.6 2.98 4.05 3.03
2.74 2.75 4.82 3.57
2.7 3.07 4.35 3.42
2.74 3.03 4.48 3.51
2.57 2.91 4.33 3.24
2.78 2.96 4.52 3.48
2.69 2.97 4.25 3.22
2.61 3.33 3.82 3.15
2.71 3.3 4.01 3.31
2.71 3.32 4.18 3.5
2.67 3.25 4.11 3.36
2.74 3.23 4.05 3.28
2.81 3.04 4.53 3.57
2.69 2.92 4.43 3.35
2.75 3.64 3.87 3.51
2.74 3.18 4.02 3.2
2.66 2.87 4.3 3.17
2.66 3.21 4.13 3.34
2.69 3.09 4.31 3.4
2.8 2.94 4.63 3.57
2.7 3.36 3.93 3.29
2.7 3.2 4.18 3.38
2.68 3.5 3.74 3.24
2.74 3.65 3.74 3.39
2.66 2.87 4.4 3.27
2.69 2.53 4.57 3.1
2.74 3.09 4.28 3.37
2.72 3.08 4.2 3.28
2.67 2.88 4.29 3.17
2.77 2.94 4.53 3.47
2.75 3.41 3.83 3.24
2.82 3.03 4.31 3.34
2.75 3.16 4.12 3.28
2.68 2.88 4.45 3.33
2.75 3.0 4.31 3.31
2.77 3.11 4.27 3.38
2.67 3.3 3.94 3.24
2.74 3.01 4.41 3.42
2.69 3.06 4.28 3.34
2.65 3.37 3.7 3.07
2.66 3.35 3.89 3.24
2.69 3.15 4.26 3.41
2.73 2.97 4.56 3.53
2.65 3.01 4.37 3.38
2.75 2.91 4.39 3.3
2.72 3.06 4.42 3.48
2.67 3.24 4.19 3.43
2.82 3.19 4.39 3.58
2.64 3.08 4.27 3.35
2.77 3.34 4.28 3.62
2.75 2.94 4.3 3.24
2.76 2.97 4.57 3.54
2.73 3.3 4.31 3.61
2.68 3.05 4.14 3.19
2.74 3.21 4.17 3.38
2.78 3.48 4.16 3.64
2.64 3.07 4.04 3.11
2.86 3.38 4.3 3.68
2.71 3.14 4.31 3.45
2.74 3.31 4.01 3.32
2.65 3.07 4.07 3.14
2.74 3.23 4.05 3.28
2.65 3.04 4.32 3.36
2.73 3.11 4.37 3.48
2.8 3.14 4.24 3.38
2.72 3.06 4.3 3.36
2.8 3.15 4.34 3.49
2.66 3.29 4.12 3.41
2.67 3.16 4.15 3.31
2.63 3.18 4.0 3.18
2.64 3.01 4.05 3.06
2.79 3.31 4.22 3.53
2.7 3.2 4.29 3.49
2.66 3.18 3.85 3.03
2.7 2.98 4.21 3.19
2.76 3.1 4.52 3.62
2.65 3.26 4.22 3.48
2.73 3.18 4.09 3.27
2.66 3.16 4.23 3.39
2.75 3.13 4.15 3.28
2.8 2.98 4.59 3.57
2.79 3.12 4.32 3.44
2.75 3.1 4.41 3.51
2.7 3.35 4.13 3.48
2.7 3.08 4.41 3.49
2.72 2.91 4.45 3.36
2.78 3.17 4.37 3.54
2.61 3.12 3.95 3.07
2.72 3.0 4.43 3.43
2.75 3.0 4.42 3.42
2.75 3.06 4.38 3.44
2.61 3.01 4.17 3.18
2.73 3.33 4.08 3.41
2.71 3.1 4.31 3.41
2.75 3.14 4.23 3.37
2.73 3.49 4.09 3.58
2.71 2.99 4.27 3.26
2.73 3.3 4.2 3.5
2.77 3.21 4.19 3.4
2.71 3.22 4.35 3.57
2.76 3.21 4.39 3.6
2.72 3.13 4.22 3.35
2.61 3.09 4.19 3.28
2.71 3.52 4.05 3.57
2.74 3.6 3.71 3.31
2.67 2.95 4.36 3.31
2.58 2.95 4.3 3.25
2.76 3.3 3.89 3.19
2.71 3.2 4.22 3.42
2.7 3.29 4.01 3.3
2.75 2.99 4.63 3.62
2.77 3.19 4.39 3.58
2.73 3.17 4.33 3.5
2.8 3.15 4.33 3.48
2.72 3.22 4.14 3.36
2.69 2.91 4.34 3.25
2.71 3.54 3.88 3.42
2.67 3.19 4.17 3.36
2.73 3.22 4.27 3.49
2.74 3.1 4.29 3.39
2.73 3.01 4.59 3.6
2.86 3.02 4.54 3.56
2.68 3.11 4.26 3.37
2.75 3.63 3.97 3.6
2.67 3.42 3.81 3.23
2.73 3.38 4.01 3.39
2.7 2.92 4.61 3.53
2.6 3.29 3.74 3.03
2.67 3.02 4.34 3.36
2.67 3.2 4.01 3.21
2.64 2.92 4.42 3.34
2.74 3.16 4.26 3.42
2.68 3.23 4.24 3.47
2.71 3.39 3.87 3.26
2.79 3.14 4.29 3.43
2.68 3.19 4.23 3.42
2.7 3.1 4.16 3.26
2.66 3.03 4.35 3.38
2.73 2.96 4.45 3.41
2.73 3.19 3.92 3.11
2.73 3.16 4.24 3.4
2.8 3.52 4.01 3.53
2.68 3.21 3.96 3.17
2.69 2.88 4.24 3.12
2.78 3.48 4.2 3.68
2.77 3.29 4.28 3.57
2.7 3.07 4.25 3.32
2.77 3.43 4.11 3.54
2.68 3.13 4.23 3.36
2.63 3.14 3.96 3.1
2.73 3.31 4.1 3.41
2.76 3.11 4.19 3.3
2.7 3.21 4.17 3.38
2.6 3.19 4.17 3.36
2.67 2.92 4.37 3.29
2.71 3.13 4.16 3.29
2.74 3.14 4.13 3.27
2.74 3.18 4.23 3.41
2.78 3.43 3.92 3.35
2.7 3.43 4.02 3.45
2.74 2.94 4.32 3.26
2.71 3.13 4.29 3.42
2.74 2.97 4.49 3.46
2.66 3.0 4.23 3.23
2.76 3.28 4.17 3.45
2.75 3.32 3.98 3.3
2.73 3.04 4.39 3.43
2.78 2.77 4.68 3.45
2.68 3.01 4.27 3.28
2.65 3.51 3.83 3.34
2.68 3.18 4.11 3.29
2.73 3.12 4.37 3.49
2.75 3.25 4.22 3.47
2.72 2.92 4.46 3.38
2.65 3.24 4.13 3.37
2.7 3.43 3.79 3.22
2.81 3.06 4.43 3.49
2.71 3.27 4.33 3.6
2.75 2.99 4.56 3.55
2.71 3.07 4.24 3.31
2.81 3.41 4.02 3.43
2.65 3.05 4.32 3.37
2.75 2.9 4.61 3.51
2.79 3.04 4.35 3.39
2.71 2.86 4.42 3.28
2.72 3.3 4.12 3.42
2.76 3.35 4.18 3.53
2.69 3.12 4.16 3.28
2.68 3.41 3.85 3.26
2.72 3.02 4.42 3.44
2.65 3.1 4.21 3.31
2.72 3.22 4.15 3.37
2.76 3.17 4.25 3.42
2.74 3.08 4.1 3.18
2.69 3.0 4.41 3.41
2.79 3.39 4.11 3.5
2.71 3.4 4.06 3.46
2.73 3.33 4.16 3.49
2.77 3.12 4.48 3.6
2.76 3.05 4.44 3.49
2.68 3.24 4.12 3.36
2.63 3.39 3.93 3.32
2.66 3.33 3.96 3.29
2.68 3.33 4.2 3.53
2.66 2.96 4.23 3.19
2.72 3.3 3.91 3.21
2.83 3.37 4.23 3.6
2.79 3.48 4.14 3.62
2.7 3.23 4.04 3.27
2.8 3.02 4.56 3.58
2.73 3.31 4.19 3.5
2.65 3.23 4.05 3.28
2.67 3.41 3.95 3.36
2.7 3.27 4.34 3.61
2.79 3.15 4.48 3.63
2.65 2.75 4.3 3.05
2.7 3.0 4.21 3.21
2.76 3.03 4.46 3.49
2.75 3.49 3.91 3.4
2.68 3.09 4.22 3.31
2.72 3.2 4.05 3.25
2.63 3.04 4.18 3.22
2.68 3.13 4.02 3.15
2.77 2.9 4.59 3.49
2.67 2.84 4.35 3.19
2.73 3.62 3.86 3.48
2.71 3.17 3.84 3.01
2.7 2.94 4.49 3.43
2.77 3.05 4.39 3.44
2.73 3.16 4.33 3.49
2.71 2.86 4.41 3.27
2.69 3.1 4.36 3.46
2.71 2.8 4.52 3.32
2.65 3.37 3.98 3.35
2.79 3.1 4.26 3.36
2.75 3.23 4.22 3.45
2.76 3.27 4.16 3.43
2.78 3.46 4.04 3.5
2.77 2.99 4.32 3.31
2.75 2.97 4.43 3.4
2.7 3.33 4.15 3.48
2.69 3.03 4.35 3.38
2.73 3.0 4.14 3.14
2.69 3.25 4.3 3.55
2.75 3.23 4.01 3.24
2.77 3.39 4.24 3.63
2.66 3.27 4.08 3.35
2.67 2.87 4.42 3.29
2.68 3.39 3.75 3.14
2.65 2.98 4.3 3.28
2.75 3.5 3.9 3.4
2.76 3.11 4.02 3.13
2.66 3.01 4.5 3.51
2.75 3.33 4.1 3.43
2.69 3.31 4.12 3.43
2.64 3.15 4.19 3.34
2.74 3.08 4.23 3.31
2.64 3.3 3.91 3.21
2.61 3.01 4.2 3.21
2.82 3.5 4.08 3.58
2.77 3.06 4.54 3.6
2.76 2.78 4.63 3.41
2.77 3.22 4.29 3.51
2.78 3.0 4.21 3.21
2.71 3.06 4.29 3.35
2.73 3.19 4.14 3.33
2.67 2.9 4.59 3.49
2.78 3.23 4.36 3.59
2.67 3.21 4.27 3.48
2.69 2.97 4.4 3.37
2.69 3.23 4.4 3.63
2.69 3.26 4.02 3.28
2.81 2.98 4.63 3.61
2.72 3.24 4.11 3.35
2.62 2.89 4.42 3.31
2.69 3.45 4.02 3.47
2.71 3.63 3.7 3.33
2.74 3.26 4.3 3.56
2.78 3.12 4.43 3.55
2.79 3.21 4.28 3.49
2.74 3.41 3.83 3.24
2.77 3.28 4.22 3.5
2.63 3.04 4.12 3.16
2.68 3.33 4.09 3.42
2.68 3.5 3.94 3.44
2.72 2.97 4.35 3.32
2.66 2.95 4.32 3.27
2.78 3.47 4.18 3.65
2.69 2.82 4.47 3.29
2.68 3.47 3.63 3.1
2.79 3.02 4.47 3.49
2.68 2.96 4.38 3.34
2.79 3.12 4.23 3.35
2.7 3.3 4.24 3.54
2.72 3.22 4.18 3.4
2.72 3.15 4.14 3.29
2.77 3.11 4.46 3.57
2.76 2.88 4.51 3.39
2.68 3.28 4.17 3.45
2.77 2.91 4.61 3.52
2.7 3.13 4.31 3.44
2.73 3.24 4.26 3.5
2.59 3.08 3.88 2.96
2.61 3.08 4.01 3.09
2.81 3.33 4.39 3.72
2.69 3.59 3.77 3.36
2.68 3.54 3.67 3.21
2.71 3.39 4.01 3.4
2.6 2.64 4.41 3.05
2.8 3.19 4.46 3.65
2.78 3.37 4.27 3.64
2.68 3.21 4.18 3.39
2.69 3.01 4.27 3.28
2.74 3.14 4.43 3.57
2.7 2.96 4.36 3.32
2.77 3.25 4.07 3.32
2.63 3.23 3.85 3.08
2.67 3.36 4.04 3.4
2.71 3.18 4.15 3.33
2.79 3.41 4.24 3.65
2.72 3.11 4.39 3.5
2.72 3.18 4.43 3.61
2.66 3.06 4.29 3.35
2.6 3.34 3.79 3.13
2.78 2.83 4.73 3.56
2.72 3.15 3.89 3.04
2.77 3.29 4.33 3.62
2.63 3.41 3.91 3.32
2.67 3.03 4.12 3.15
2.7 3.35 4.1 3.45
2.78 3.09 4.13 3.22
2.7 2.9 4.35 3.25
2.7 3.02 4.21 3.23
2.75 3.33 4.23 3.56
2.73 3.2 4.25 3.45
2.78 3.1 4.38 3.48
2.77 3.1 4.34 3.44
2.78 3.26 4.23 3.49
2.72 3.24 4.07 3.31
2.72 3.1 4.21 3.31
2.73 2.96 4.48 3.44
2.79 3.25 4.24 3.49
2.72 2.92 4.43 3.35
2.82 3.58 3.97 3.55
2.73 3.38 4.09 3.47
2.76 3.26 4.28 3.54
2.75 2.72 4.61 3.33
2.74 3.08 4.5 3.58
2.71 3.21 4.09 3.3
2.68 3.26 4.18 3.44
2.7 3.47 3.88 3.35
2.61 3.06 4.06 3.12
2.68 3.32 4.1 3.42
2.74 3.47 3.98 3.45
2.76 3.22 4.29 3.51
2.73 3.2 4.19 3.39
2.74 2.95 4.7 3.65
2.66 3.21 4.08 3.29
2.67 3.17 4.1 3.27
2.64 3.2 4.12 3.32
2.71 3.29 4.02 3.31
2.84 3.47 4.08 3.55
2.74 3.24 3.99 3.23
2.75 3.48 4.24 3.72
2.71 3.04 4.47 3.51
2.7 3.4 4.04 3.44
2.71 3.25 4.15 3.4
2.71 3.05 4.42 3.47
2.78 3.14 4.29 3.43
2.72 3.05 4.3 3.35
2.73 3.01 4.14 3.15
2.73 2.83 4.69 3.52
2.75 3.08 4.35 3.43
2.78 3.37 4.18 3.55
2.73 3.0 4.35 3.35
2.74 3.41 4.09 3.5
2.7 3.2 4.24 3.44
2.8 3.14 4.24 3.38
2.69 3.09 4.37 3.46
2.79 3.5 3.94 3.44
2.69 3.1 4.19 3.29
2.72 3.35 4.0 3.35
2.68 3.08 4.44 3.52
2.76 3.2 4.15 3.35
2.68 2.88 4.23 3.11
2.78 3.12 4.46 3.58
2.75 3.03 4.43 3.46
2.75 3.04 4.32 3.36
2.74 3.4 4.1 3.5
2.7 2.84 4.4 3.24
2.74 2.87 4.43 3.3
2.76 3.01 4.42 3.43
2.68 3.06 4.3 3.36
2.67 3.08 4.36 3.44
2.73 3.17 4.03 3.2
2.68 3.07 4.13 3.2
2.64 2.83 4.17 3.0
2.77 2.97 4.47 3.44
2.7 2.99 4.25 3.24
2.76 3.14 4.37 3.51
2.72 3.1 4.24 3.34
2.76 3.28 4.26 3.54
2.67 3.21 4.14 3.35
2.68 3.11 4.13 3.24
2.67 3.13 4.21 3.34
2.74 2.86 4.49 3.35
2.76 2.93 4.42 3.35
2.72 3.33 3.91 3.24
2.79 3.12 4.23 3.35
2.68 3.22 4.18 3.4
2.71 3.36 3.99 3.35
2.75 3.23 4.24 3.47
2.72 3.32 3.98 3.3
2.68 3.2 4.2 3.4
2.73 2.86 4.39 3.25
2.69 3.04 4.26 3.3
2.75 3.2 4.1 3.3
2.76 3.45 4.19 3.64
2.7 3.36 3.85 3.21
2.7 3.01 4.31 3.32
2.61 3.31 3.76 3.07
2.79 3.5 4.17 3.67
2.74 3.08 4.29 3.37
2.71 3.08 4.13 3.21
2.69 3.13 4.07 3.2
2.67 3.43 3.86 3.29
2.7 3.08 4.27 3.35
2.65 3.1 3.91 3.01
2.8 2.9 4.43 3.33
2.8 3.47 3.91 3.38
2.66 2.88 4.51 3.39
2.66 3.0 4.38 3.38
2.79 3.17 4.41 3.58
2.61 3.06 4.23 3.29
2.68 3.18 4.18 3.36
2.6 3.03 4.11 3.14
2.74 3.35 4.04 3.39
2.57 3.04 4.02 3.06
2.73 2.94 4.26 3.2
2.79 3.34 4.21 3.55
2.72 3.0 4.46 3.46
2.72 3.4 3.84 3.24
2.68 3.16 4.2 3.36
2.78 3.45 4.24 3.69
2.75 3.41 4.12 3.53
2.7 3.08 4.26 3.34
2.69 3.22 4.26 3.48
2.65 3.36 3.94 3.3
2.84 2.99 4.54 3.53
2.69 3.21 4.43 3.64
2.64 3.09 4.08 3.17
2.69 2.77 4.48 3.25
2.73 3.64 3.73 3.37
2.73 3.29 4.12 3.41
2.65 3.11 4.06 3.17
2.75 3.31 4.12 3.43
2.7 3.09 4.3 3.39
2.79 3.13 4.39 3.52
2.59 3.15 3.81 2.96
2.74 3.2 4.34 3.54
2.75 3.11 4.46 3.57
2.66 3.05 4.35 3.4
2.77 2.98 4.5 3.48
2.71 3.33 4.07 3.4
2.66 3.23 4.05 3.28
2.71 3.34 4.05 3.39
2.71 3.41 3.9 3.31
2.75 3.41 4.0 3.41
2.74 2.95 4.4 3.35
2.74 3.71 3.7 3.41
2.61 3.07 4.1 3.17
2.75 3.45 4.12 3.57
2.66 3.19 4.2 3.39
2.66 3.05 4.18 3.23
2.82 2.96 4.72 3.68
2.62 2.79 4.48 3.27
2.68 2.97 4.1 3.07
2.74 3.18 4.23 3.41
2.64 3.32 4.0 3.32
2.7 3.06 4.27 3.33
2.62 2.92 4.31 3.23
2.7 3.28 4.06 3.34
2.79 3.16 4.36 3.52
2.67 3.18 4.21 3.39
2.74 3.72 3.96 3.68
2.7 3.31 4.03 3.34
2.72 3.46 4.08 3.54
2.88 3.2 4.47 3.67
2.67 3.5 3.85 3.35
2.67 2.99 4.48 3.47
2.7 2.97 4.33 3.3
2.79 3.38 3.99 3.37
2.8 3.26 4.32 3.58
2.63 3.22 3.91 3.13
2.67 2.75 4.45 3.2
2.72 3.4 3.9 3.3
2.77 3.32 4.08 3.4
2.75 3.25 4.19 3.44
2.73 3.59 3.95 3.54
2.77 2.96 4.56 3.52
2.68 2.97 4.28 3.25
2.76 3.21 4.24 3.45
2.62 3.28 4.04 3.32
2.69 3.07 4.37 3.44
2.7 3.34 3.9 3.24
2.78 3.3 4.15 3.45
2.64 2.83 4.4 3.23
2.81 3.32 4.22 3.54
2.67 3.14 4.33 3.47
2.65 3.08 3.92 3.0
2.71 3.26 4.27 3.53
2.69 3.23 3.76 2.99
2.69 2.91 4.36 3.27
2.71 3.39 4.15 3.54
2.67 3.21 3.92 3.13
2.72 3.14 4.29 3.43
2.71 3.2 4.17 3.37
2.72 3.4 3.94 3.34
2.67 3.36 3.89 3.25
2.73 3.3 4.16 3.46
2.71 3.19 4.13 3.32
2.69 3.38 4.09 3.47
2.71 3.16 4.15 3.31
2.73 3.22 4.2 3.42
2.74 3.43 3.97 3.4
2.69 3.29 4.11 3.4
2.71 3.14 4.22 3.36
2.78 3.54 3.81 3.35
2.72 3.04 4.21 3.25
2.69 3.05 4.26 3.31
2.72 3.22 4.13 3.35
2.77 3.16 4.15 3.31
2.76 3.26 4.33 3.59
2.74 3.22 4.14 3.36
2.81 2.9 4.73 3.63
2.64 2.94 4.2 3.14
2.62 3.38 4.24 3.62
2.65 3.32 3.92 3.24
2.72 3.17 4.15 3.32
2.74 3.37 4.23 3.6
2.76 3.19 4.37 3.56
2.67 3.27 4.06 3.33
2.76 3.03 4.29 3.32
2.7 3.38 3.91 3.29
2.68 3.19 4.1 3.29
2.72 3.04 4.34 3.38
2.81 3.37 4.14 3.51
2.66 2.95 4.24 3.19
2.77 2.98 4.44 3.42
2.66 3.18 4.27 3.45
2.69 2.92 4.4 3.32
2.7 3.19 4.15 3.34
2.59 3.11 4.03 3.14
2.7 3.31 3.99 3.3
2.72 2.97 4.33 3.3
2.73 3.14 4.28 3.42
2.73 3.05 4.33 3.38
2.64 3.03 3.99 3.02
2.73 2.94 4.33 3.27
2.76 2.98 4.33 3.31
2.68 3.1 4.12 3.22
2.73 3.02 4.48 3.5
2.62 2.88 4.38 3.26
2.75 3.37 4.06 3.43
2.73 2.99 4.43 3.42
2.58 3.2 4.2 3.4
2.77 3.27 3.98 3.25
2.63 3.03 4.18 3.21
2.75 3.06 4.29 3.35
2.67 3.1 4.11 3.21
2.71 3.27 4.13 3.4
2.71 3.09 4.45 3.54
2.75 3.37 4.07 3.44
2.76 3.25 4.23 3.48
2.69 2.87 4.52 3.39
2.74 2.98 4.47 3.45
2.71 3.06 4.22 3.28
2.73 3.44 3.94 3.38
2.75 3.37 4.33 3.7
2.69 3.37 4.0 3.37
2.85 3.29 4.26 3.55
2.71 3.19 4.18 3.37
2.69 3.04 4.25 3.29
2.65 3.04 4.49 3.53
2.71 3.17 4.13 3.3
2.71 3.59 3.82 3.41
2.76 2.76 4.62 3.38
2.75 3.02 4.51 3.53
2.74 3.3 4.15 3.45
2.72 3.11 4.28 3.39
2.64 2.88 4.29 3.17
2.69 2.9 4.5 3.4
2.84 3.22 4.42 3.64
2.73 3.42 3.8 3.22
2.75 3.34 4.14 3.48
2.77 3.18 4.27 3.45
2.68 3.15 4.23 3.38
2.68 3.17 4.1 3.27
2.72 3.12 4.35 3.47
2.78 3.1 4.21 3.31
2.67 3.08 4.14 3.22
2.7 3.06 4.22 3.28
2.68 3.14 4.34 3.48
2.67 3.24 4.12 3.36
2.66 2.86 4.32 3.18
2.71 3.23 4.32 3.55
2.77 2.9 4.59 3.49
2.59 3.09 4.08 3.17
2.66 3.09 4.13 3.22
2.65 3.21 4.1 3.31
2.7 3.21 4.08 3.29
2.8 2.81 4.74 3.55
2.79 2.95 4.54 3.49
2.67 3.02 4.08 3.1
2.71 3.47 3.91 3.38
2.66 3.26 4.1 3.36
2.7 3.39 4.08 3.47
2.78 3.46 3.96 3.42
2.73 3.28 3.84 3.12
2.81 3.68 3.98 3.66
2.64 3.23 3.97 3.2
2.75 3.22 4.18 3.4
2.67 2.96 4.19 3.15
2.77 3.21 4.17 3.38
2.7 2.76 4.36 3.12
2.6 2.87 4.3 3.17
2.71 3.01 4.31 3.32
2.65 2.98 4.24 3.22
2.75 3.36 4.21 3.57
2.77 3.13 4.39 3.52
2.84 3.28 4.49 3.77
2.72 3.08 4.24 3.32
2.72 3.08 4.22 3.3
2.61 3.55 3.68 3.23
2.78 3.02 4.44 3.46
2.74 3.29 4.01 3.3
2.76 3.14 4.25 3.39
2.72 3.0 4.47 3.47
2.74 3.07 4.14 3.21
2.76 3.48 4.21 3.69
2.81 3.28 4.21 3.49
2.79 3.29 4.36 3.65
2.68 3.15 4.31 3.46
2.74 2.82 4.62 3.44
2.74 3.17 4.01 3.18
2.73 3.03 4.4 3.43
2.68 3.48 4.02 3.5
2.72 2.96 4.45 3.41
2.65 2.89 4.4 3.29
2.64 2.9 4.16 3.06
2.83 3.03 4.58 3.61
2.72 3.34 4.32 3.66
2.73 3.28 4.41 3.69
2.77 3.34 4.27 3.61
2.68 2.91 4.41 3.32
2.77 3.26 4.13 3.39
2.71 2.92 4.44 3.36
2.65 2.9 4.41 3.31
2.68 3.39 3.82 3.21
2.74 2.83 4.37 3.2
2.78 3.14 4.32 3.46
2.76 3.04 4.5 3.54
2.73 3.23 4.44 3.67
2.73 3.21 4.22 3.43
2.67 3.22 4.42 3.64
2.78 3.13 4.42 3.55
2.72 3.26 3.99 3.25
2.8 2.91 4.65 3.56
2.76 3.27 4.27 3.54
2.67 3.25 4.09 3.34
2.65 3.0 4.24 3.24
2.73 3.18 4.05 3.23
2.72 3.08 4.28 3.36
2.68 3.22 4.08 3.3
2.75 3.09 4.15 3.24
2.76 3.07 4.31 3.38
2.72 2.84 4.59 3.43
2.7 3.54 3.96 3.5
2.73 3.33 3.85 3.18
2.74 2.92 4.47 3.39
2.74 2.92 4.42 3.34
2.69 2.74 4.6 3.34
2.75 3.55 3.73 3.28
2.66 2.73 4.37 3.1
2.7 3.28 4.04 3.32
2.71 3.21 4.25 3.46
2.7 3.18 4.07 3.25
2.83 3.09 4.27 3.36
2.79 3.01 4.39 3.4
2.71 3.19 4.41 3.6
2.75 3.1 4.24 3.34
2.67 3.45 3.74 3.19
2.66 3.34 4.11 3.45
2.71 2.93 4.39 3.32
2.7 3.13 4.21 3.34
2.67 3.18 4.17 3.35
2.714244 3.160546 4.221478 3.382024
