2.74 3.54 4.02 3.56
2.68 3.08 4.2 3.28
2.76 3.0 4.3 3.3
2.64 3.0 3.98 2.98
2.6 3.0 4.34 3.34
2.78 3.26 3.84 3.1
2.8 3.06 4.54 3.6
2.6 3.24 4.06 3.3
2.84 3.02 4.2 3.22
2.64 2.68 4.56 3.24
2.7 3.22 4.3 3.52
2.76 3.0 4.8 3.8
2.76 2.8 4.64 3.44
2.78 3.52 4.2 3.72
2.56 3.24 3.48 2.72
2.78 3.22 4.22 3.44
2.76 3.42 4.08 3.5
2.72 2.78 4.46 3.24
2.5 2.92 4.08 3.0
2.8 2.94 4.7 3.64
2.64 3.46 4.04 3.5
2.66 3.12 4.38 3.5
2.72 3.66 3.9 3.56
2.74 3.24 4.16 3.4
2.66 2.86 4.54 3.4
2.84 3.02 4.46 3.48
2.68 3.04 4.36 3.4
2.8 2.62 4.9 3.52
2.7 3.26 4.12 3.38
2.62 2.68 4.68 3.36
2.72 3.0 4.18 3.18
2.68 3.2 4.22 3.42
2.78 2.8 4.66 3.46
2.66 3.04 4.48 3.52
2.64 2.66 4.64 3.3
2.78 3.64 3.88 3.52
2.68 2.82 4.4 3.22
2.64 3.08 4.46 3.54
2.74 3.18 3.96 3.14
2.78 3.4 3.72 3.12
2.7 3.26 4.3 3.56
2.8 3.36 4.26 3.62
2.62 2.86 4.12 2.98
2.66 2.86 4.5 3.36
2.6 3.04 4.34 3.38
2.76 3.16 4.28 3.44
2.72 3.74 3.7 3.44
2.58 3.16 4.12 3.28
2.72 3.28 4.1 3.38
2.76 3.14 4.5 3.64
2.7 3.08 4.3 3.38
2.84 3.24 4.32 3.56
2.6 3.26 4.44 3.7
2.7 3.42 4.0 3.42
2.58 2.94 4.26 3.2
2.76 2.56 4.58 3.14
2.62 2.9 4.16 3.06
2.7 3.2 4.08 3.28
2.76 3.42 3.86 3.28
2.72 3.44 4.38 3.82
2.7 3.24 4.22 3.46
2.74 3.24 3.92 3.16
2.62 3.6 3.84 3.44
2.8 3.3 4.38 3.68
2.74 3.38 4.14 3.52
2.58 2.82 4.36 3.18
2.66 2.72 4.3 3.02
2.74 3.0 4.32 3.32
2.82 3.24 4.34 3.58
2.74 2.98 4.64 3.62
2.7 3.36 4.1 3.46
2.74 3.48 4.36 3.84
2.64 3.32 4.16 3.48
2.76 2.72 4.82 3.54
2.76 3.0 4.42 3.42
2.66 3.16 3.94 3.1
2.64 3.4 3.92 3.32
2.58 3.0 3.62 2.62
2.78 3.18 4.16 3.34
2.56 3.14 3.88 3.02
2.74 3.1 4.7 3.8
2.66 2.96 4.6 3.56
2.6 3.22 4.04 3.26
2.72 3.06 4.08 3.14
2.6 3.36 3.7 3.06
2.68 3.26 4.16 3.42
2.86 3.22 4.46 3.68
2.68 2.8 4.16 2.96
2.74 3.26 4.3 3.56
2.68 3.08 4.08 3.16
2.64 2.66 4.84 3.5
2.8 3.26 4.18 3.44
2.72 3.2 4.32 3.52
2.52 2.84 4.18 3.02
2.64 3.04 4.58 3.62
2.66 2.94 4.2 3.14
2.74 2.86 4.7 3.56
2.64 2.96 4.3 3.26
2.62 3.3 4.22 3.52
2.72 2.7 4.52 3.22
2.72 3.2 3.94 3.14
2.54 3.14 3.92 3.06
2.84 3.4 3.92 3.32
2.74 3.4 4.3 3.7
2.68 3.4 4.0 3.4
2.74 3.44 4.46 3.9
2.88 2.96 4.6 3.56
2.84 3.2 4.34 3.54
2.86 3.32 4.48 3.8
2.8 3.3 4.28 3.58
2.74 3.28 4.12 3.4
2.66 2.6 4.78 3.38
2.72 2.92 4.46 3.38
2.68 2.7 4.52 3.22
2.78 3.54 4.0 3.54
2.76 3.28 4.2 3.48
2.64 3.04 4.18 3.22
2.72 3.68 3.76 3.44
2.68 2.94 4.28 3.22
2.82 3.46 4.18 3.64
2.68 3.24 4.0 3.24
2.62 2.94 4.04 2.98
2.68 2.9 4.2 3.1
2.64 3.18 4.34 3.52
2.66 3.26 4.04 3.3
2.68 3.64 3.44 3.08
2.76 2.94 4.28 3.22
2.66 3.32 3.84 3.16
2.82 2.98 4.9 3.88
2.7 3.04 4.2 3.24
2.8 2.9 4.72 3.62
2.8 3.3 4.64 3.94
2.76 2.62 5.06 3.68
2.82 3.0 4.62 3.62
2.72 2.98 4.38 3.36
2.66 2.98 4.14 3.12
2.6 2.84 4.0 2.84
2.72 3.24 4.22 3.46
2.68 3.2 4.12 3.32
2.74 3.22 4.48 3.7
2.72 3.12 4.2 3.32
2.7 2.98 4.32 3.3
2.64 2.82 4.1 2.92
2.76 2.88 4.36 3.24
2.6 2.84 4.38 3.22
2.64 3.3 3.96 3.26
2.74 3.14 4.2 3.34
2.78 3.48 4.38 3.86
2.76 3.32 4.34 3.66
2.62 3.24 3.86 3.1
2.78 3.16 4.22 3.38
2.7 3.26 4.04 3.3
2.7 2.88 4.34 3.22
2.74 2.82 4.56 3.38
2.82 3.0 4.58 3.58
2.62 3.3 4.02 3.32
2.82 3.06 4.3 3.36
2.8 3.0 4.38 3.38
2.76 3.08 4.22 3.3
2.76 2.92 5.02 3.94
2.68 3.62 3.54 3.16
2.7 2.64 4.52 3.16
2.64 3.28 3.7 2.98
2.76 3.0 4.3 3.3
2.8 3.28 4.32 3.6
2.68 2.9 4.26 3.16
2.78 2.98 4.14 3.12
2.76 3.16 4.1 3.26
2.66 3.56 3.6 3.16
2.78 3.02 4.58 3.6
2.68 3.18 3.76 2.94
2.72 3.56 4.02 3.58
2.74 3.82 3.82 3.64
2.74 3.18 4.06 3.24
2.78 3.04 4.58 3.62
2.58 3.34 3.94 3.28
2.64 2.96 4.0 2.96
2.68 2.68 4.68 3.36
2.8 3.34 4.22 3.56
2.6 3.08 4.14 3.22
2.82 3.24 4.38 3.62
2.84 3.0 4.6 3.6
2.78 2.78 4.7 3.48
2.8 3.4 4.18 3.58
2.76 3.62 3.94 3.56
2.64 3.06 3.9 2.96
2.7 3.02 4.3 3.32
2.82 2.54 4.94 3.48
2.76 3.1 4.6 3.7
2.72 3.38 4.12 3.5
2.68 3.28 4.0 3.28
2.64 2.76 4.58 3.34
2.62 3.5 3.88 3.38
2.48 2.48 4.32 2.8
2.72 3.08 4.44 3.52
2.74 3.32 4.18 3.5
2.78 3.2 4.38 3.58
2.76 3.08 4.38 3.46
2.62 3.34 3.7 3.04
2.64 2.68 4.18 2.86
2.6 3.42 3.46 2.88
2.82 3.58 3.88 3.46
2.64 3.18 4.14 3.32
2.5 3.18 3.8 2.98
2.58 2.96 3.66 2.62
2.8 3.0 4.82 3.82
2.82 3.1 4.42 3.52
2.78 3.1 4.6 3.7
2.8 3.0 4.92 3.92
2.78 3.16 4.48 3.64
2.72 3.4 4.2 3.6
2.76 3.2 4.36 3.56
2.8 3.62 3.86 3.48
2.7 2.96 4.48 3.44
2.72 3.1 4.0 3.1
2.74 3.3 4.36 3.66
2.8 3.32 4.32 3.64
2.68 2.88 4.18 3.06
2.68 2.8 4.48 3.28
2.78 2.9 4.38 3.28
2.6 3.02 4.36 3.38
2.78 3.22 4.12 3.34
2.78 3.0 4.44 3.44
2.7 2.84 4.4 3.24
2.78 3.2 4.72 3.92
2.68 3.62 3.8 3.42
2.68 3.36 4.1 3.46
2.58 2.76 4.16 2.92
2.54 3.28 3.74 3.02
2.6 3.62 3.56 3.18
2.76 3.0 4.42 3.42
2.74 3.44 3.98 3.42
2.66 3.14 4.1 3.24
2.74 3.1 4.18 3.28
2.72 2.96 4.36 3.32
2.68 3.36 3.94 3.3
2.74 2.92 4.32 3.24
2.7 2.66 4.52 3.18
2.7 3.14 4.28 3.42
2.78 3.46 4.0 3.46
2.76 3.58 4.24 3.82
2.8 2.88 4.78 3.66
2.62 3.1 4.26 3.36
2.68 3.22 4.26 3.48
2.84 3.1 4.44 3.54
2.66 3.14 4.2 3.34
2.66 2.8 4.48 3.28
2.86 3.2 4.54 3.74
2.68 3.06 4.24 3.3
2.8 3.46 4.44 3.9
2.84 3.16 4.46 3.62
2.9 3.54 4.18 3.72
2.82 3.2 4.38 3.58
2.74 3.32 4.06 3.38
2.66 2.9 4.24 3.14
2.7 2.82 4.5 3.32
2.72 2.8 4.78 3.58
2.86 3.1 4.6 3.7
2.78 3.2 4.24 3.44
2.64 2.94 4.34 3.28
2.72 3.38 4.12 3.5
2.76 3.0 4.02 3.02
2.62 3.06 4.1 3.16
2.84 3.34 4.54 3.88
2.48 3.06 3.84 2.9
2.76 3.08 4.32 3.4
2.74 3.2 4.3 3.5
2.52 3.28 3.96 3.24
2.76 2.52 4.72 3.24
2.74 3.22 4.1 3.32
2.68 3.24 4.36 3.6
2.72 3.14 3.92 3.06
2.7 3.44 3.94 3.38
2.74 3.24 4.3 3.54
2.72 3.08 4.34 3.42
2.72 3.32 4.2 3.52
2.74 3.26 4.1 3.36
2.74 3.18 4.1 3.28
2.6 3.2 4.02 3.22
2.66 3.04 4.36 3.4
2.68 3.44 3.98 3.42
2.66 3.12 4.24 3.36
2.8 2.98 4.42 3.4
2.86 3.38 4.38 3.76
2.72 3.14 4.04 3.18
2.78 3.1 4.56 3.66
2.66 2.9 4.28 3.18
2.74 3.32 4.3 3.62
2.68 3.54 3.82 3.36
2.8 3.48 4.2 3.68
2.7 3.18 4.44 3.62
2.66 3.52 3.78 3.3
2.78 3.56 3.98 3.54
2.68 3.44 4.08 3.52
2.7 3.3 4.04 3.34
2.72 3.72 3.72 3.44
2.8 3.38 4.24 3.62
2.78 3.28 4.3 3.58
2.7 2.88 4.42 3.3
2.64 3.14 4.16 3.3
2.66 2.88 4.42 3.3
2.74 3.32 4.2 3.52
2.6 2.94 4.36 3.3
2.72 2.96 4.06 3.02
2.6 3.0 4.24 3.24
2.8 2.6 4.84 3.44
2.76 3.38 4.28 3.66
2.64 2.94 4.56 3.5
2.86 3.56 4.22 3.78
2.7 3.46 3.8 3.26
2.64 2.98 4.06 3.04
2.7 3.32 3.98 3.3
2.58 2.9 4.08 2.98
2.5 2.94 4.12 3.06
2.68 3.46 3.76 3.22
2.7 3.16 4.44 3.6
2.52 3.16 3.9 3.06
2.66 2.94 4.3 3.24
2.6 2.64 4.22 2.86
2.62 2.74 4.38 3.12
2.68 2.92 4.36 3.28
2.78 2.82 4.4 3.22
2.8 3.38 3.88 3.26
2.8 2.74 5.02 3.76
2.64 2.86 4.34 3.2
2.76 3.34 4.2 3.54
2.72 3.34 4.26 3.6
2.72 3.12 4.36 3.48
2.68 2.82 4.48 3.3
2.74 2.76 4.38 3.14
2.74 3.16 4.44 3.6
2.78 3.3 4.0 3.3
2.72 3.34 4.08 3.42
2.82 2.86 4.16 3.02
2.7 3.34 4.3 3.64
2.8 3.06 4.54 3.6
2.76 3.46 4.12 3.58
2.68 3.22 4.06 3.28
2.76 3.2 4.48 3.68
2.84 3.5 4.54 4.04
2.7 2.96 4.66 3.62
2.48 2.72 4.0 2.72
2.8 2.96 4.28 3.24
2.72 2.62 4.82 3.44
2.76 3.1 4.2 3.3
2.76 3.54 4.08 3.62
2.68 3.0 4.44 3.44
2.7 3.58 3.72 3.3
2.74 3.0 4.2 3.2
2.72 2.88 4.38 3.26
2.76 3.5 3.98 3.48
2.58 2.72 4.02 2.74
2.78 2.88 4.52 3.4
2.66 3.04 4.02 3.06
2.82 3.04 4.4 3.44
2.76 3.44 4.1 3.54
2.7 2.92 4.36 3.28
2.68 3.3 4.1 3.4
2.8 3.42 4.14 3.56
2.8 3.02 4.26 3.28
2.74 3.26 4.34 3.6
2.62 3.34 4.1 3.44
2.7 2.9 4.42 3.32
2.74 2.96 4.44 3.4
2.76 3.44 3.96 3.4
2.8 3.16 4.12 3.28
2.8 3.1 4.4 3.5
2.68 2.94 4.32 3.26
2.68 3.28 4.42 3.7
2.7 3.48 3.9 3.38
2.78 3.14 4.34 3.48
2.66 3.2 3.9 3.1
2.82 3.08 4.74 3.82
2.74 3.12 4.2 3.32
2.74 2.96 4.34 3.3
2.8 3.12 4.1 3.22
2.66 3.0 4.28 3.28
2.58 3.22 4.16 3.38
2.74 3.3 4.12 3.42
2.72 2.98 4.46 3.44
2.72 3.16 4.1 3.26
2.66 2.84 4.7 3.54
2.74 3.08 4.58 3.66
2.88 2.9 4.62 3.52
2.84 3.26 4.08 3.34
2.74 3.02 4.2 3.22
2.66 3.3 4.08 3.38
2.52 3.1 4.06 3.16
2.9 3.24 4.58 3.82
2.68 3.24 4.24 3.48
2.72 3.2 4.08 3.28
2.76 3.18 4.4 3.58
2.7 2.8 4.56 3.36
2.76 3.28 4.2 3.48
2.64 3.22 4.06 3.28
2.5 2.96 3.94 2.9
2.78 2.96 4.44 3.4
2.68 2.86 4.4 3.26
2.74 2.8 4.7 3.5
2.86 3.26 4.7 3.96
2.7 2.72 4.6 3.32
2.7 2.66 4.78 3.44
2.78 3.18 4.3 3.48
2.76 3.12 4.44 3.56
2.76 3.16 4.18 3.34
2.84 3.38 4.26 3.64
2.86 3.14 4.46 3.6
2.7 3.16 4.14 3.3
2.68 3.58 3.82 3.4
2.76 3.02 4.32 3.34
2.6 2.86 4.62 3.48
2.66 3.38 4.12 3.5
2.84 3.1 4.94 4.04
2.62 3.22 4.16 3.38
2.7 3.06 4.16 3.22
2.66 3.54 3.82 3.36
2.66 2.78 4.5 3.28
2.66 3.26 3.88 3.14
2.78 3.42 4.22 3.64
2.84 3.26 4.3 3.56
2.78 3.16 4.34 3.5
2.62 3.16 3.9 3.06
2.6 3.32 3.78 3.1
2.76 2.9 4.66 3.56
2.68 2.76 4.72 3.48
2.68 3.12 3.7 2.82
2.7 2.98 4.24 3.22
2.64 3.44 3.68 3.12
2.74 3.52 3.98 3.5
2.66 2.54 4.56 3.1
2.8 3.58 4.3 3.88
2.84 2.86 4.66 3.52
2.62 3.48 4.06 3.54
2.56 3.1 4.02 3.12
2.72 3.1 4.4 3.5
2.7 3.06 4.04 3.1
2.62 3.54 3.66 3.2
2.74 3.04 4.38 3.42
2.74 3.04 4.36 3.4
2.76 2.88 4.24 3.12
2.86 2.94 4.3 3.24
2.74 3.62 3.8 3.42
2.68 2.88 4.36 3.24
2.84 3.5 4.06 3.56
2.74 3.1 4.36 3.46
2.66 3.18 3.8 2.98
2.8 3.14 4.78 3.92
2.78 3.34 4.46 3.8
2.68 3.58 3.78 3.36
2.66 2.88 4.16 3.04
2.7 3.24 4.18 3.42
2.64 2.88 4.12 3.0
2.74 3.48 3.92 3.4
2.8 3.3 4.26 3.56
2.68 3.12 4.4 3.52
2.72 2.86 4.36 3.22
2.58 3.08 4.24 3.32
2.76 2.7 4.72 3.42
2.72 3.32 3.96 3.28
2.68 2.74 4.86 3.6
2.78 3.08 4.42 3.5
2.76 2.96 4.6 3.56
2.7 3.48 3.94 3.42
2.72 3.44 3.88 3.32
2.68 3.4 4.18 3.58
2.7 3.34 4.12 3.46
2.74 2.96 4.42 3.38
2.66 3.26 3.84 3.1
2.66 3.2 3.94 3.14
2.76 3.16 4.18 3.34
2.82 2.72 4.5 3.22
2.7 3.38 3.86 3.24
2.52 2.84 4.18 3.02
2.8 3.08 4.44 3.52
2.84 3.22 4.42 3.64
2.7 3.4 3.86 3.26
2.78 3.7 4.2 3.9
2.68 2.74 4.64 3.38
2.84 2.96 4.5 3.46
2.62 3.42 3.8 3.22
2.64 3.22 4.2 3.42
2.74 3.36 4.28 3.64
2.76 3.46 3.78 3.24
2.82 2.84 4.44 3.28
2.76 3.34 4.38 3.72
2.8 3.48 3.92 3.4
2.74 2.96 4.72 3.68
2.76 3.14 4.24 3.38
2.62 3.44 4.1 3.54
2.8 3.3 4.22 3.52
2.7 3.18 4.42 3.6
2.52 3.0 4.2 3.2
2.7 3.28 4.12 3.4
2.8 3.5 4.48 3.98
2.7 3.7 3.82 3.52
2.68 3.44 3.9 3.34
2.7 2.9 4.26 3.16
2.56 3.1 4.08 3.18
2.62 3.26 4.26 3.52
2.74 3.42 3.64 3.06
2.64 3.04 4.1 3.14
2.72 3.0 4.36 3.36
2.76 2.82 4.8 3.62
2.7 3.38 4.18 3.56
2.76 3.56 3.66 3.22
2.62 3.48 3.94 3.42
2.68 3.38 3.96 3.34
2.6 3.1 4.02 3.12
2.74 3.28 4.48 3.76
2.7 3.3 4.32 3.62
2.64 3.14 4.16 3.3
2.64 2.78 4.32 3.1
2.88 2.98 4.78 3.76
2.82 3.2 4.28 3.48
2.6 3.04 4.4 3.44
2.7 3.24 4.3 3.54
2.58 3.26 3.76 3.02
2.8 3.16 4.42 3.58
2.66 3.24 4.34 3.58
2.7 3.12 4.38 3.5
2.78 3.26 4.22 3.48
2.76 3.28 4.12 3.4
2.72 3.06 4.48 3.54
2.62 3.04 4.3 3.34
2.56 3.02 4.02 3.04
2.68 3.26 4.06 3.32
2.8 3.1 4.74 3.84
2.52 3.04 3.9 2.94
2.74 3.18 4.04 3.22
2.84 2.98 4.34 3.32
2.64 3.24 4.16 3.4
2.46 3.06 3.88 2.94
2.86 3.18 4.66 3.84
2.76 3.3 4.0 3.3
2.64 3.34 4.1 3.44
2.64 3.16 4.0 3.16
2.64 3.26 4.04 3.3
2.74 3.0 4.48 3.48
2.66 3.5 3.72 3.22
2.7 3.28 4.42 3.7
2.6 3.36 3.76 3.12
2.8 3.34 4.08 3.42
2.82 2.84 4.64 3.48
2.64 3.06 4.46 3.52
2.8 3.12 4.16 3.28
2.7 3.06 4.24 3.3
2.64 2.94 4.48 3.42
2.66 3.26 4.06 3.32
2.88 3.48 4.34 3.82
2.82 3.58 3.98 3.56
2.7 3.1 4.16 3.26
2.68 3.46 4.16 3.62
2.76 2.92 4.6 3.52
2.8 3.4 4.22 3.62
2.7 3.28 4.44 3.72
2.84 3.24 4.24 3.48
2.82 3.5 4.36 3.86
2.6 2.9 4.54 3.44
2.84 3.68 3.82 3.5
2.68 2.74 4.58 3.32
2.72 2.74 4.64 3.38
2.76 3.34 4.12 3.46
2.76 3.32 4.18 3.5
2.66 3.12 3.92 3.04
2.64 3.34 4.04 3.38
2.76 3.46 4.14 3.6
2.66 3.02 4.34 3.36
2.76 3.28 4.42 3.7
2.72 3.8 3.54 3.34
2.58 3.1 4.04 3.14
2.6 2.96 4.32 3.28
2.7 3.08 4.26 3.34
2.66 3.0 4.46 3.46
2.78 3.14 4.4 3.54
2.62 3.26 4.06 3.32
2.76 3.28 4.22 3.5
2.76 2.96 4.78 3.74
2.8 3.06 4.2 3.26
2.66 3.06 4.08 3.14
2.62 3.14 4.24 3.38
2.8 3.44 3.8 3.24
2.8 3.18 4.42 3.6
2.7 3.5 3.78 3.28
2.62 3.16 4.26 3.42
2.66 3.02 4.26 3.28
2.74 3.32 4.16 3.48
2.7 2.92 4.14 3.06
2.62 3.22 4.24 3.46
2.68 3.24 4.38 3.62
2.7 3.26 3.88 3.14
2.76 2.68 4.76 3.44
2.66 3.2 4.26 3.46
2.76 3.04 4.5 3.54
2.72 3.5 3.94 3.44
2.72 2.86 4.4 3.26
2.66 3.22 4.06 3.28
2.82 3.26 4.06 3.32
2.66 3.18 4.3 3.48
2.78 3.38 4.38 3.76
2.64 3.44 3.98 3.42
2.72 3.18 4.26 3.44
2.82 2.96 4.46 3.42
2.72 3.0 4.34 3.34
2.66 3.06 4.3 3.36
2.8 3.02 4.58 3.6
2.78 3.16 4.32 3.48
2.8 3.28 4.46 3.74
2.76 3.38 4.24 3.62
2.68 3.3 4.0 3.3
2.52 2.8 4.22 3.02
2.54 2.74 4.36 3.1
2.64 2.84 4.26 3.1
2.64 3.22 4.1 3.32
2.66 3.24 4.04 3.28
2.72 3.82 3.78 3.6
2.8 2.7 4.6 3.3
2.56 3.04 4.12 3.16
2.88 3.14 4.6 3.74
2.72 3.04 4.36 3.4
2.74 3.42 4.18 3.6
2.76 3.14 4.24 3.38
2.66 3.06 4.4 3.46
2.86 3.48 4.02 3.5
2.66 3.32 3.94 3.26
2.56 3.4 3.88 3.28
2.76 3.16 4.16 3.32
2.76 2.56 4.76 3.32
2.82 3.42 4.18 3.6
2.68 2.98 4.12 3.1
2.78 2.94 4.68 3.62
2.72 3.18 4.38 3.56
2.86 4.16 3.82 3.98
2.78 2.78 4.64 3.42
2.7 3.84 3.64 3.48
2.68 3.16 3.9 3.06
2.76 3.3 4.04 3.34
2.7 3.2 4.04 3.24
2.7 3.0 4.48 3.48
2.72 2.92 4.4 3.32
2.62 3.18 3.94 3.12
2.84 3.16 4.6 3.76
2.7 2.92 4.52 3.44
2.74 3.1 4.08 3.18
2.8 3.54 3.88 3.42
2.66 2.76 4.6 3.36
2.66 3.12 4.24 3.36
2.7 2.94 4.28 3.22
2.72 3.1 4.14 3.24
2.7 3.08 4.04 3.12
2.7 3.08 4.6 3.68
2.94 3.34 4.66 4.0
2.74 3.42 4.02 3.44
2.68 2.86 4.44 3.3
2.78 3.22 4.06 3.28
2.88 2.94 4.32 3.26
2.72 3.28 4.02 3.3
2.66 3.56 3.64 3.2
2.7 3.4 3.96 3.36
2.76 3.5 4.1 3.6
2.7 3.18 4.0 3.18
2.64 2.98 4.36 3.34
2.74 3.22 4.26 3.48
2.78 3.02 4.32 3.34
2.7 3.32 3.9 3.22
2.74 2.96 4.32 3.28
2.62 2.92 4.46 3.38
2.76 3.06 4.62 3.68
2.76 3.58 4.0 3.58
2.7 3.18 4.14 3.32
2.7 3.28 4.26 3.54
2.48 3.32 3.52 2.84
2.7 2.96 4.36 3.32
2.82 3.6 3.78 3.38
2.78 3.38 4.24 3.62
2.78 3.3 3.92 3.22
2.62 3.3 4.16 3.46
2.78 3.12 4.34 3.46
2.74 3.2 4.2 3.4
2.58 3.38 3.56 2.94
2.66 2.86 4.28 3.14
2.72 3.04 4.38 3.42
2.72 3.46 4.2 3.66
2.68 3.12 4.26 3.38
2.74 2.9 4.66 3.56
2.72 2.76 4.44 3.2
2.68 3.22 4.12 3.34
2.78 2.7 4.94 3.64
2.68 3.54 3.54 3.08
2.6 3.18 4.12 3.3
2.86 3.36 4.3 3.66
2.74 3.5 3.74 3.24
2.74 3.06 4.42 3.48
2.72 3.12 4.34 3.46
2.8 3.38 4.16 3.54
2.68 3.08 4.36 3.44
2.68 3.04 4.28 3.32
2.8 2.96 4.56 3.52
2.74 3.44 4.4 3.84
2.72 3.04 4.38 3.42
2.7 2.76 4.36 3.12
2.62 3.66 3.68 3.34
2.72 2.98 4.36 3.34
2.74 3.14 4.12 3.26
2.78 3.0 4.44 3.44
2.72 3.38 4.18 3.56
2.68 2.98 4.4 3.38
2.74 3.34 4.0 3.34
2.7 3.32 4.0 3.32
2.74 2.92 4.38 3.3
2.78 3.36 4.28 3.64
2.66 3.32 3.94 3.26
2.8 3.22 4.4 3.62
2.66 3.46 4.3 3.76
2.46 2.82 3.96 2.78
2.68 3.54 3.8 3.34
2.8 3.36 4.46 3.82
2.8 3.16 4.42 3.58
2.8 3.14 4.1 3.24
2.58 2.92 4.4 3.32
2.7 3.32 4.14 3.46
2.58 2.94 4.08 3.02
2.62 3.22 3.9 3.12
2.82 3.24 4.46 3.7
2.76 3.32 4.04 3.36
2.72 3.18 4.12 3.3
2.76 2.98 4.44 3.42
2.66 3.42 4.04 3.46
2.72 3.14 4.0 3.14
2.76 3.1 4.46 3.56
2.6 2.92 4.02 2.94
2.78 3.04 4.38 3.42
2.68 3.84 3.68 3.52
2.74 3.5 3.92 3.42
2.7 3.4 4.24 3.64
2.68 3.36 4.3 3.66
2.8 3.06 4.56 3.62
2.62 3.36 3.96 3.32
2.84 2.84 4.58 3.42
2.7 2.92 4.34 3.26
2.76 2.96 4.32 3.28
2.72 3.36 4.06 3.42
2.68 3.06 4.18 3.24
2.76 3.46 3.74 3.2
2.68 3.02 4.44 3.46
2.82 3.42 4.14 3.56
2.62 3.06 3.98 3.04
2.76 3.02 4.44 3.46
2.64 2.82 4.4 3.22
2.64 3.2 3.82 3.02
2.84 4.14 3.54 3.68
2.68 3.32 4.02 3.34
2.52 2.92 3.92 2.84
2.64 2.76 4.16 2.92
2.82 3.1 4.28 3.38
2.7 3.28 4.24 3.52
2.84 3.38 3.86 3.24
2.66 3.38 4.3 3.68
2.62 3.02 3.94 2.96
2.8 3.88 3.78 3.66
2.44 2.82 4.12 2.94
2.76 2.88 4.62 3.5
2.72 3.1 4.02 3.12
2.74 3.28 4.22 3.5
2.72 3.3 4.34 3.64
2.74 3.16 3.84 3.0
2.78 3.24 4.4 3.64
2.78 3.24 4.24 3.48
2.76 3.02 4.66 3.68
2.74 3.58 3.78 3.36
2.74 3.22 4.3 3.52
2.76 2.98 4.54 3.52
2.74 3.14 4.56 3.7
2.68 3.38 4.16 3.54
2.62 3.12 4.1 3.22
2.6 3.1 4.26 3.36
2.76 3.04 4.36 3.4
2.76 3.1 4.06 3.16
2.76 3.4 4.08 3.48
2.8 3.7 3.88 3.58
2.8 3.0 4.2 3.2
2.76 3.0 4.78 3.78
2.64 3.12 4.08 3.2
2.76 3.64 3.92 3.56
2.66 3.18 4.12 3.3
2.74 3.42 3.82 3.24
2.76 3.1 3.94 3.04
2.7 2.9 4.7 3.6
2.56 3.2 3.9 3.1
2.86 2.58 4.7 3.28
2.72 3.18 4.26 3.44
2.56 2.68 4.14 2.82
2.82 3.52 4.08 3.6
2.54 3.5 3.36 2.86
2.62 3.56 3.8 3.36
2.86 2.84 4.84 3.68
2.58 2.96 4.54 3.5
2.72 2.96 4.74 3.7
2.68 3.36 3.94 3.3
2.78 3.68 3.84 3.52
2.68 2.94 4.34 3.28
2.78 3.14 4.24 3.38
2.72 3.66 3.74 3.4
2.64 2.54 4.68 3.22
2.72 3.34 3.84 3.18
2.78 2.98 4.7 3.68
2.56 2.92 4.0 2.92
2.66 2.9 4.38 3.28
2.72 3.38 4.18 3.56
2.86 3.58 4.18 3.76
2.7 3.4 4.06 3.46
2.62 2.84 4.2 3.04
2.6 2.98 4.26 3.24
2.82 3.48 4.14 3.62
2.68 2.56 4.58 3.14
2.68 3.08 3.98 3.06
2.56 2.92 4.22 3.14
2.76 3.42 4.14 3.56
2.62 3.26 4.16 3.42
2.86 3.3 4.32 3.62
2.74 3.18 4.4 3.58
2.76 3.6 3.86 3.46
2.72 3.16 4.14 3.3
2.8 3.38 4.38 3.76
2.62 3.16 3.84 3.0
2.72 3.66 3.78 3.44
2.84 3.36 3.8 3.16
2.56 3.68 3.6 3.28
2.72 2.8 4.52 3.32
2.78 3.4 4.1 3.5
2.78 2.88 4.66 3.54
2.6 3.26 4.24 3.5
2.62 2.86 4.28 3.14
2.94 3.2 4.24 3.44
2.66 3.14 4.08 3.22
2.66 3.3 4.02 3.32
2.62 3.2 3.9 3.1
2.78 3.08 4.18 3.26
2.5 3.32 3.96 3.28
2.76 3.24 4.02 3.26
2.78 3.26 4.32 3.58
2.84 2.8 4.84 3.64
2.76 3.3 4.14 3.44
2.84 3.58 4.0 3.58
2.64 3.1 4.18 3.28
2.76 3.22 4.58 3.8
2.7 3.02 4.32 3.34
2.76 3.3 4.18 3.48
2.76 3.0 4.44 3.44
2.64 2.76 4.32 3.08
2.8 2.58 4.88 3.46
2.58 3.26 4.2 3.46
2.84 3.58 4.12 3.7
2.58 2.84 4.14 2.98
2.54 2.8 4.12 2.92
2.68 2.88 4.64 3.52
2.64 2.56 4.88 3.44
2.78 3.38 4.32 3.7
2.72 3.34 4.08 3.42
2.72 3.24 4.38 3.62
2.76 2.68 4.56 3.24
2.84 3.3 4.46 3.76
2.58 2.9 4.02 2.92
2.68 2.52 5.14 3.66
2.68 3.2 4.08 3.28
2.82 3.38 4.34 3.72
2.72 3.16 4.46 3.62
2.78 2.72 4.56 3.28
2.74 3.06 4.4 3.46
2.72 3.64 3.96 3.6
2.8 2.88 4.64 3.52
2.84 3.02 4.42 3.44
2.8 3.26 4.1 3.36
2.74 3.1 4.48 3.58
2.8 3.28 4.22 3.5
2.7 3.32 3.92 3.24
2.7 2.92 4.22 3.14
2.58 2.88 4.24 3.12
2.62 3.02 3.96 2.98
2.76 3.76 3.56 3.32
2.64 3.54 3.74 3.28
2.72 3.24 3.96 3.2
2.84 2.94 4.58 3.52
2.58 3.28 3.98 3.26
2.8 3.44 4.48 3.92
2.82 2.92 4.64 3.56
2.68 2.84 4.5 3.34
2.86 3.54 4.06 3.6
2.78 3.08 4.44 3.52
2.76 3.36 4.0 3.36
2.66 2.84 4.58 3.42
2.68 3.08 3.92 3.0
2.56 2.76 4.4 3.16
2.7 2.94 4.48 3.42
2.62 2.46 4.72 3.18
2.8 3.34 4.36 3.7
2.7 3.16 4.08 3.24
2.76 2.96 4.32 3.28
2.76 3.48 4.26 3.74
2.66 3.18 4.06 3.24
2.82 2.98 4.36 3.34
2.84 2.72 4.8 3.52
2.78 3.22 4.08 3.3
2.74 3.4 4.28 3.68
2.72 3.54 4.12 3.66
2.58 2.96 4.04 3.0
2.72 3.1 4.1 3.2
2.64 2.86 4.28 3.14
2.66 3.18 4.38 3.56
2.74 3.28 4.38 3.66
2.82 2.94 4.68 3.62
2.72 2.68 4.48 3.16
2.5 2.92 3.8 2.72
2.5 2.96 3.96 2.92
2.72 2.48 5.06 3.54
2.78 2.88 4.52 3.4
2.72 2.82 4.24 3.06
2.7 3.18 4.12 3.3
2.74 3.3 4.22 3.52
2.72 3.14 4.34 3.48
2.64 3.36 3.72 3.08
2.62 2.66 4.6 3.26
2.78 3.14 4.42 3.56
2.68 3.4 3.96 3.36
2.7 3.42 4.06 3.48
2.72 2.6 4.76 3.36
2.64 2.64 4.68 3.32
2.68 3.86 3.72 3.58
2.48 2.54 4.52 3.06
2.8 3.48 4.2 3.68
2.82 3.14 4.56 3.7
2.58 2.96 4.02 2.98
2.64 3.04 4.14 3.18
2.7 3.44 4.06 3.5
2.64 2.92 4.3 3.22
2.74 3.04 4.4 3.44
2.62 2.88 4.22 3.1
2.8 3.5 3.86 3.36
2.7 3.32 4.2 3.52
2.78 3.26 4.1 3.36
2.74 2.76 4.84 3.6
2.68 3.32 3.92 3.24
2.68 3.22 4.08 3.3
2.46 2.88 4.08 2.96
2.64 3.06 3.82 2.88
2.62 2.9 4.16 3.06
2.62 2.98 4.18 3.16
2.78 3.06 4.3 3.36
2.74 3.46 3.98 3.44
2.8 3.12 4.14 3.26
2.7 3.64 3.94 3.58
2.66 3.24 3.92 3.16
2.72 3.44 3.86 3.3
2.72 3.7 3.86 3.56
2.84 2.66 4.72 3.38
2.72 3.18 4.34 3.52
2.44 2.92 3.82 2.74
2.7 3.18 4.12 3.3
2.72 2.88 4.5 3.38
2.78 2.92 4.38 3.3
2.46 3.08 3.9 2.98
2.78 3.32 4.38 3.7
2.68 3.06 4.44 3.5
2.76 3.2 4.14 3.34
2.78 3.64 3.78 3.42
2.76 3.56 3.7 3.26
2.68 3.0 4.4 3.4
2.74 2.9 4.58 3.48
2.78 3.12 4.28 3.4
2.8 3.52 3.9 3.42
2.76 3.04 4.34 3.38
2.66 3.28 4.26 3.54
2.78 3.02 4.56 3.58
2.56 3.06 3.8 2.86
2.64 4.16 3.48 3.64
2.68 3.74 3.9 3.64
2.88 3.08 4.6 3.68
2.78 2.64 4.7 3.34
2.84 3.42 4.12 3.54
2.54 3.08 4.22 3.3
2.54 2.52 4.54 3.06
2.8 3.36 4.32 3.68
2.74 2.9 4.46 3.36
2.8 3.32 4.32 3.64
2.78 3.42 4.38 3.8
2.76 3.06 4.38 3.44
2.8 3.44 4.22 3.66
2.74 3.44 4.04 3.48
2.82 3.24 4.42 3.66
2.62 3.0 4.28 3.28
2.8 3.06 4.44 3.5
2.7 2.92 4.4 3.32
2.68 2.94 4.0 2.94
2.8 3.16 4.08 3.24
2.62 2.86 4.26 3.12
2.84 3.28 4.14 3.42
2.76 3.42 4.24 3.66
2.78 3.1 4.36 3.46
2.76 2.84 4.54 3.38
2.66 3.3 4.14 3.44
2.76 3.3 4.1 3.4
2.72 3.06 4.3 3.36
2.68 3.0 4.52 3.52
2.74 3.06 4.02 3.08
2.6 3.22 3.88 3.1
2.62 3.12 4.28 3.4
2.84 3.16 4.82 3.98
2.82 3.0 4.76 3.76
2.78 2.96 4.4 3.36
2.78 2.82 4.46 3.28
2.6 2.98 4.14 3.12
2.76 3.06 4.16 3.22
2.7 2.94 4.32 3.26
2.56 2.82 4.3 3.12
2.8 3.32 4.3 3.62
2.66 3.18 3.78 2.96
2.64 3.32 3.9 3.22
2.8 3.06 4.5 3.56
2.72 3.16 4.02 3.18
2.64 3.44 3.72 3.16
2.78 3.34 4.22 3.56
2.76 3.68 3.92 3.6
2.54 3.6 3.66 3.26
2.78 3.18 4.48 3.66
2.72 3.32 4.04 3.36
2.66 3.84 3.38 3.22
2.84 2.98 4.36 3.34
2.72 3.1 4.02 3.12
2.68 3.06 4.26 3.32
2.64 2.92 4.4 3.32
2.76 2.88 4.42 3.3
2.7 2.82 4.6 3.42
2.76 3.52 4.0 3.52
2.74 3.36 4.08 3.44
2.74 2.84 4.66 3.5
2.66 2.76 4.6 3.36
2.66 2.98 3.94 2.92
2.76 3.88 3.76 3.64
2.6 3.54 3.78 3.32
2.58 3.38 4.02 3.4
2.72 3.58 3.84 3.42
2.62 3.18 3.86 3.04
2.7 3.08 4.52 3.6
2.66 2.74 4.32 3.06
2.68 3.54 4.14 3.68
2.78 3.16 4.26 3.42
2.68 2.78 4.48 3.26
2.72 3.06 4.44 3.5
2.68 2.94 4.2 3.14
2.84 3.18 4.34 3.52
2.72 3.38 4.06 3.44
2.84 3.36 4.4 3.76
2.74 2.68 4.58 3.26
2.76 3.12 4.56 3.68
2.64 2.94 4.02 2.96
2.78 3.26 4.54 3.8
2.6 3.2 4.14 3.34
2.76 3.48 4.26 3.74
2.66 2.94 4.08 3.02
2.58 3.18 4.06 3.24
2.62 3.4 3.88 3.28
2.68 3.7 3.26 2.96
2.84 2.96 4.62 3.58
2.84 3.58 4.02 3.6
2.78 2.98 4.3 3.28
2.8 2.94 4.72 3.66
2.68 2.66 4.68 3.34
2.82 3.38 4.02 3.4
2.68 3.18 4.26 3.44
2.86 2.6 5.1 3.7
2.52 2.74 4.16 2.9
2.54 3.3 3.72 3.02
2.62 3.28 4.12 3.4
2.82 2.92 4.26 3.18
2.6 3.04 4.08 3.12
2.64 2.66 4.62 3.28
2.74 3.32 4.26 3.58
2.66 3.52 3.92 3.44
2.66 3.08 4.04 3.12
2.62 3.1 4.26 3.36
2.68 3.02 4.4 3.42
2.68 3.5 4.16 3.66
2.72 3.64 3.56 3.2
2.78 3.76 3.7 3.46
2.84 3.06 4.56 3.62
2.56 2.96 4.0 2.96
2.84 2.92 4.48 3.4
2.58 3.38 3.86 3.24
2.72 3.54 3.7 3.24
2.66 3.3 3.8 3.1
2.72 3.3 4.04 3.34
2.68 3.18 4.04 3.22
2.76 3.36 4.24 3.6
2.84 3.36 4.4 3.76
2.76 3.08 4.72 3.8
2.76 3.32 4.3 3.62
2.76 2.84 4.84 3.68
2.64 2.88 4.3 3.18
2.78 3.46 3.66 3.12
2.82 3.02 4.48 3.5
2.8 3.24 4.12 3.36
2.82 2.14 5.1 3.24
2.8 3.74 3.84 3.58
2.78 3.12 4.36 3.48
2.7 3.22 4.18 3.4
2.72 3.18 4.4 3.58
2.54 3.08 4.1 3.18
2.66 3.12 4.1 3.22
2.8 3.28 4.04 3.32
2.66 3.1 4.02 3.12
2.74 3.0 4.44 3.44
2.72 3.16 3.94 3.1
2.84 3.24 4.08 3.32
2.76 2.84 4.48 3.32
2.72 3.2 3.9 3.1
2.74 3.06 4.52 3.58
2.74 3.24 3.86 3.1
2.76 2.96 4.5 3.46
2.62 3.3 3.96 3.26
2.7 3.42 4.0 3.42
2.86 3.18 4.72 3.9
2.72 3.08 4.42 3.5
2.7 3.36 3.82 3.18
2.68 3.0 4.24 3.24
2.74 3.66 4.04 3.7
2.84 3.26 4.34 3.6
2.76 2.6 4.86 3.46
2.68 2.52 4.58 3.1
2.68 3.22 4.08 3.3
2.8 3.42 4.08 3.5
2.64 2.76 4.44 3.2
2.72 3.3 4.3 3.6
2.8 3.06 4.54 3.6
2.7 3.94 3.24 3.18
2.74 3.36 4.12 3.48
2.68 3.02 4.12 3.14
2.8 3.44 4.04 3.48
2.66 3.48 4.04 3.52
2.7 3.36 3.8 3.16
2.8 2.76 4.5 3.26
2.76 3.0 4.46 3.46
2.86 3.18 4.74 3.92
2.72 2.9 4.3 3.2
2.72 3.66 3.64 3.3
2.66 2.68 4.6 3.28
2.64 2.94 4.28 3.22
2.76 3.24 4.52 3.76
2.64 2.66 4.64 3.3
2.74 2.94 4.18 3.12
2.66 3.5 3.56 3.06
2.6 2.94 4.16 3.1
2.82 3.4 4.16 3.56
2.7 2.64 4.82 3.46
2.6 3.12 4.08 3.2
2.64 3.66 3.64 3.3
2.8 2.76 4.4 3.16
2.76 3.36 4.3 3.66
2.78 3.24 4.16 3.4
2.78 2.84 4.28 3.12
2.84 3.32 4.44 3.76
2.76 3.28 4.1 3.38
2.72 2.98 4.38 3.36
2.58 3.08 3.82 2.9
2.64 2.8 4.58 3.38
2.66 3.58 3.82 3.4
2.76 3.08 4.18 3.26
2.72 2.78 4.7 3.48
2.74 2.98 4.9 3.88
2.68 3.28 4.28 3.56
2.78 2.98 4.42 3.4
2.86 3.3 4.42 3.72
2.7 3.3 4.26 3.56
2.72 3.34 3.54 2.88
2.84 3.26 4.12 3.38
2.74 3.48 3.88 3.36
2.76 3.06 4.46 3.52
2.78 3.34 4.48 3.82
2.62 3.12 3.96 3.08
2.74 3.08 4.36 3.44
2.66 3.6 3.68 3.28
2.7 2.94 4.48 3.42
2.66 3.02 4.34 3.36
2.76 2.98 4.38 3.36
2.66 2.86 4.22 3.08
2.7 3.68 4.06 3.74
2.8 3.16 4.28 3.44
2.78 3.52 4.02 3.54
2.78 2.8 4.62 3.42
2.68 3.2 4.12 3.32
2.78 3.18 4.3 3.48
2.74 3.26 4.26 3.52
2.74 2.98 4.52 3.5
2.66 3.08 4.12 3.2
2.58 2.84 4.38 3.22
2.64 2.68 4.44 3.12
2.66 3.24 3.84 3.08
2.74 2.84 4.86 3.7
2.74 3.14 4.44 3.58
2.62 3.24 3.78 3.02
2.72 3.1 4.1 3.2
2.66 2.82 4.34 3.16
2.64 2.8 4.34 3.14
2.7 3.1 4.18 3.28
2.84 3.12 4.34 3.46
2.8 3.24 4.1 3.34
2.82 3.4 4.2 3.6
2.74 2.96 4.4 3.36
2.74 3.12 4.02 3.14
2.74 3.2 3.92 3.12
2.74 3.02 4.48 3.5
2.72 2.68 4.56 3.24
2.7 3.72 3.78 3.5
2.64 3.46 3.98 3.44
2.86 3.28 4.32 3.6
2.76 3.0 4.54 3.54
2.78 3.22 4.3 3.52
2.66 3.04 4.24 3.28
2.62 3.44 3.92 3.36
2.66 3.54 3.74 3.28
2.66 3.08 4.2 3.28
2.78 3.42 3.9 3.32
2.68 3.0 4.28 3.28
2.66 3.16 3.94 3.1
2.66 3.36 3.8 3.16
2.66 3.4 4.04 3.44
2.6 3.4 3.84 3.24
2.76 3.5 3.88 3.38
2.64 2.98 4.38 3.36
2.72 2.96 4.4 3.36
2.84 2.82 4.86 3.68
2.86 3.52 4.06 3.58
2.74 2.84 4.64 3.48
2.78 3.32 4.26 3.58
2.56 2.54 4.74 3.28
2.74 3.16 3.92 3.08
2.82 3.02 4.56 3.58
2.76 2.92 4.48 3.4
2.76 3.1 4.12 3.22
2.66 3.24 4.14 3.38
2.7 3.18 4.28 3.46
2.84 3.26 4.32 3.58
2.74 3.82 3.64 3.46
2.78 3.6 3.94 3.54
2.66 2.86 4.6 3.46
2.64 3.12 3.8 2.92
2.64 2.78 4.7 3.48
2.62 3.08 3.8 2.88
2.64 3.3 4.0 3.3
2.8 3.54 4.1 3.64
2.6 3.38 4.02 3.4
2.8 2.86 4.52 3.38
2.72 3.16 4.54 3.7
2.84 3.42 4.02 3.44
2.88 3.26 4.18 3.44
2.7 2.64 4.5 3.14
2.74 2.82 4.6 3.42
2.7 3.24 4.1 3.34
2.78 3.2 4.22 3.42
2.72 3.34 4.08 3.42
2.7 2.8 4.54 3.34
2.68 3.66 3.92 3.58
2.86 3.52 4.08 3.6
2.76 3.3 4.0 3.3
2.68 3.14 4.16 3.3
2.82 3.56 4.24 3.8
2.7 3.78 3.88 3.66
2.72 3.32 4.18 3.5
2.64 3.58 3.58 3.16
2.66 3.38 4.08 3.46
2.66 3.48 3.98 3.46
2.76 3.3 4.12 3.42
2.78 3.18 4.46 3.64
2.74 3.14 4.1 3.24
2.64 2.98 4.04 3.02
2.78 3.0 4.4 3.4
2.64 3.3 4.12 3.42
2.74 3.2 4.2 3.4
2.72 3.26 4.54 3.8
2.82 2.76 4.7 3.46
2.68 2.82 4.44 3.26
2.78 3.16 4.1 3.26
2.8 3.2 4.04 3.24
2.76 3.08 4.36 3.44
2.82 3.28 4.26 3.54
2.68 3.08 4.52 3.6
2.78 2.9 4.38 3.28
2.68 3.18 4.0 3.18
2.84 2.88 4.46 3.34
2.68 3.16 4.14 3.3
2.54 2.74 4.26 3.0
2.74 2.96 4.44 3.4
2.6 3.4 3.78 3.18
2.7 3.36 4.06 3.42
2.64 2.92 4.1 3.02
2.84 3.54 4.06 3.6
2.68 3.22 3.9 3.12
2.72 3.18 4.38 3.56
2.68 3.18 4.12 3.3
2.62 3.42 3.46 2.88
2.74 3.06 4.42 3.48
2.8 3.4 4.04 3.44
2.84 3.32 4.38 3.7
2.74 2.7 4.36 3.06
2.82 3.38 4.28 3.66
2.74 3.24 4.26 3.5
2.72 3.24 3.88 3.12
2.8 3.18 4.62 3.8
2.68 3.12 4.12 3.24
2.6 3.38 3.78 3.16
2.64 2.96 4.14 3.1
2.6 2.8 4.48 3.28
2.6 3.18 3.78 2.96
2.76 3.44 4.02 3.46
2.72 3.3 4.32 3.62
2.58 3.22 3.94 3.16
2.68 3.2 3.88 3.08
2.64 3.06 4.06 3.12
2.74 3.18 4.18 3.36
2.78 3.28 4.38 3.66
2.7 3.18 4.22 3.4
2.6 3.5 3.8 3.3
2.62 3.04 4.06 3.1
2.9 3.0 4.5 3.5
2.66 3.18 4.5 3.68
2.82 3.76 4.24 4.0
2.74 3.36 3.94 3.3
2.76 3.28 4.1 3.38
2.58 3.08 4.32 3.4
2.7 3.24 3.98 3.22
2.74 2.94 4.06 3.0
2.84 3.08 4.34 3.42
2.66 2.96 4.32 3.28
2.6 2.94 3.86 2.8
2.7 3.16 4.26 3.42
2.72 3.08 4.36 3.44
2.72 3.1 4.32 3.42
2.52 3.24 3.9 3.14
2.66 2.8 4.54 3.34
2.66 3.08 4.0 3.08
2.7 3.16 4.24 3.4
2.68 3.22 4.12 3.34
2.68 3.08 4.3 3.38
2.94 3.72 4.16 3.88
2.76 2.82 4.74 3.56
2.7 3.2 4.38 3.58
2.7 2.62 4.82 3.44
2.74 3.12 4.32 3.44
2.68 3.18 4.28 3.46
2.7 2.94 4.7 3.64
2.72 3.1 4.5 3.6
2.7 2.68 4.7 3.38
2.74 3.36 4.42 3.78
2.72 3.04 4.46 3.5
2.72 3.32 4.0 3.32
2.5 3.06 4.06 3.12
2.66 2.82 4.26 3.08
2.72 3.14 4.44 3.58
2.88 3.7 4.34 4.04
2.76 3.12 4.18 3.3
2.66 3.32 3.96 3.28
2.68 3.34 3.94 3.28
2.6 3.12 4.28 3.4
2.72 3.5 3.8 3.3
2.82 3.24 4.36 3.6
2.72 2.98 4.72 3.7
2.72 3.38 3.94 3.32
2.84 3.24 4.4 3.64
2.68 3.14 4.32 3.46
2.76 2.58 5.0 3.58
2.8 2.92 4.62 3.54
2.66 2.84 4.16 3.0
2.74 3.26 4.58 3.84
2.74 3.18 4.28 3.46
2.72 2.66 4.7 3.36
2.72 2.92 4.36 3.28
2.8 3.22 4.1 3.32
2.62 3.18 3.94 3.12
2.82 3.1 4.44 3.54
2.78 2.96 4.34 3.3
2.84 2.98 4.8 3.78
2.56 3.14 3.86 3.0
2.66 3.16 4.2 3.36
2.74 3.28 4.5 3.78
2.72 2.98 4.48 3.46
2.82 2.82 4.86 3.68
2.72 3.76 3.9 3.66
2.7 2.92 4.54 3.46
2.78 3.04 4.22 3.26
2.7 2.74 4.68 3.42
2.7 3.1 4.58 3.68
2.64 3.16 4.08 3.24
2.7 3.08 4.06 3.14
2.7 2.84 4.66 3.5
2.74 3.52 3.74 3.26
2.72 3.14 4.32 3.46
2.66 3.22 4.1 3.32
2.76 2.66 4.8 3.46
2.82 3.44 4.1 3.54
2.68 3.0 4.52 3.52
2.76 3.24 4.12 3.36
2.74 3.38 4.12 3.5
2.88 3.36 4.36 3.72
2.68 3.38 4.1 3.48
2.6 2.9 4.2 3.1
2.78 3.2 4.24 3.44
2.76 3.26 4.24 3.5
2.8 2.88 4.58 3.46
2.68 3.12 4.2 3.32
2.6 3.32 3.88 3.2
2.66 3.2 4.18 3.38
2.72 3.18 4.34 3.52
2.78 3.74 3.9 3.64
2.76 3.38 4.3 3.68
2.58 2.84 4.24 3.08
2.6 2.82 4.3 3.12
2.56 3.16 3.92 3.08
2.76 3.5 3.98 3.48
2.78 3.1 4.48 3.58
2.78 3.96 3.92 3.88
2.7 2.64 4.72 3.36
2.66 3.44 4.08 3.52
2.72 3.4 3.98 3.38
2.68 3.06 4.0 3.06
2.66 3.06 4.2 3.26
2.82 3.06 4.3 3.36
2.66 3.22 4.02 3.24
2.72 3.3 4.12 3.42
2.54 2.94 4.24 3.18
2.6 2.92 4.12 3.04
2.64 3.36 3.94 3.3
2.7 2.88 4.24 3.12
2.78 3.2 4.58 3.78
2.8 3.48 4.0 3.48
2.66 3.36 3.7 3.06
2.7 3.38 3.84 3.22
2.7 3.0 4.32 3.32
2.84 3.16 4.42 3.58
2.76 3.14 4.52 3.66
2.82 3.48 4.1 3.58
2.7 3.4 4.06 3.46
2.64 2.9 4.22 3.12
2.72 3.1 4.58 3.68
2.72 3.48 3.9 3.38
2.58 3.12 3.96 3.08
2.8 3.3 4.32 3.62
2.76 2.8 4.78 3.58
2.72 2.74 4.64 3.38
2.74 3.5 4.06 3.56
2.76 2.92 4.4 3.32
2.62 3.26 3.9 3.16
2.72 2.8 4.42 3.22
2.6 3.1 3.86 2.96
2.68 2.66 4.78 3.44
2.64 2.7 4.8 3.5
2.62 2.92 4.12 3.04
2.7 3.44 4.08 3.52
2.78 3.14 4.42 3.56
2.78 3.56 3.78 3.34
2.74 3.06 4.36 3.42
2.8 3.36 3.84 3.2
2.5 3.46 3.28 2.74
2.66 2.94 4.34 3.28
2.72 2.6 4.78 3.38
2.72 3.44 4.06 3.5
2.74 3.48 3.86 3.34
2.86 3.9 3.52 3.42
2.76 3.1 4.24 3.34
2.66 3.24 4.18 3.42
2.78 2.86 4.62 3.48
2.68 3.1 4.58 3.68
2.78 3.16 4.3 3.46
2.64 2.78 4.38 3.16
2.6 2.8 4.12 2.92
2.68 2.82 4.56 3.38
2.7 3.08 4.2 3.28
2.82 3.24 4.36 3.6
2.66 3.36 4.06 3.42
2.68 2.58 4.52 3.1
2.6 3.4 3.76 3.16
2.66 3.38 3.64 3.02
2.72 3.32 4.12 3.44
2.82 3.34 4.08 3.42
2.8 2.9 4.38 3.28
2.82 3.4 4.2 3.6
2.78 2.82 4.62 3.44
2.8 3.08 4.5 3.58
2.56 2.6 4.58 3.18
2.58 3.26 3.98 3.24
2.74 2.98 4.76 3.74
2.74 2.68 4.42 3.1
2.7 3.2 4.22 3.42
2.72 3.42 4.06 3.48
2.72 3.28 4.1 3.38
2.8 3.14 4.3 3.44
2.78 2.86 4.42 3.28
2.74 3.1 4.42 3.52
2.72 2.66 4.5 3.16
2.7 3.58 3.88 3.46
2.7 3.32 3.78 3.1
2.62 3.3 3.82 3.12
2.62 3.22 3.98 3.2
2.6 2.84 4.14 2.98
2.76 3.4 3.88 3.28
2.8 2.92 4.38 3.3
2.76 2.78 4.66 3.44
2.72 3.26 4.18 3.44
2.64 3.54 3.52 3.06
2.76 3.3 4.4 3.7
2.62 3.18 3.92 3.1
2.76 3.02 4.42 3.44
2.88 3.34 4.24 3.58
2.68 3.16 3.84 3.0
2.66 3.3 4.16 3.46
2.74 2.56 4.8 3.36
2.88 3.18 4.52 3.7
2.7 3.76 3.68 3.44
2.76 3.44 4.1 3.54
2.56 3.04 4.1 3.14
2.54 2.7 4.54 3.24
2.76 3.02 4.3 3.32
2.72 3.22 4.16 3.38
2.8 3.5 4.12 3.62
2.64 3.2 4.08 3.28
2.7 3.14 4.16 3.3
2.68 3.32 4.14 3.46
2.86 2.88 4.66 3.54
2.64 3.18 4.42 3.6
2.74 3.16 4.32 3.48
2.72 2.9 4.14 3.04
2.74 3.2 4.36 3.56
2.72 2.72 4.74 3.46
2.7 3.1 4.36 3.46
2.72 3.28 4.34 3.62
2.74 2.84 4.66 3.5
2.78 2.94 4.14 3.08
2.78 3.32 4.36 3.68
2.6 3.1 4.1 3.2
2.56 3.28 3.78 3.06
2.66 3.12 4.02 3.14
2.76 3.26 4.04 3.3
2.74 3.5 3.86 3.36
2.66 3.44 3.98 3.42
2.56 3.22 3.98 3.2
2.6 2.8 4.28 3.08
2.74 2.98 4.42 3.4
2.84 3.0 4.62 3.62
2.74 2.9 4.26 3.16
2.62 2.8 4.32 3.12
2.74 3.5 3.54 3.04
2.76 3.14 4.26 3.4
2.7 3.12 4.44 3.56
2.62 3.12 4.24 3.36
2.68 3.06 4.3 3.36
2.7 3.12 4.36 3.48
2.7 3.26 4.3 3.56
2.82 2.84 4.72 3.56
2.68 2.86 4.42 3.28
2.82 2.98 4.32 3.3
2.72 3.1 4.2 3.3
2.84 3.18 4.24 3.42
2.76 2.82 4.64 3.46
2.7 3.12 4.14 3.26
2.68 3.02 4.48 3.5
2.6 3.12 4.1 3.22
2.58 3.16 4.2 3.36
2.6 3.18 4.2 3.38
2.76 3.06 4.2 3.26
2.76 3.32 4.3 3.62
2.74 3.12 4.32 3.44
2.8 2.9 4.36 3.26
2.7 2.72 4.66 3.38
2.74 3.22 3.7 2.92
2.78 3.52 4.2 3.72
2.66 2.86 4.36 3.22
2.7 3.6 3.92 3.52
2.8 3.26 4.48 3.74
2.66 3.1 3.98 3.08
2.74 3.18 4.28 3.46
2.78 3.12 4.66 3.78
2.7 3.12 4.16 3.28
2.66 3.56 3.64 3.2
2.78 3.32 4.12 3.44
2.64 3.16 3.9 3.06
2.66 3.36 3.72 3.08
2.66 3.04 4.04 3.08
2.68 3.48 3.7 3.18
2.64 2.7 4.54 3.24
2.7 2.76 4.62 3.38
2.74 3.08 4.16 3.24
2.88 3.6 3.86 3.46
2.72 3.36 3.94 3.3
2.82 3.5 4.04 3.54
2.7 2.96 4.6 3.56
2.76 2.7 4.68 3.38
2.76 2.76 4.64 3.4
2.7 2.92 4.5 3.42
2.82 2.92 4.76 3.68
2.66 3.24 3.84 3.08
2.78 3.24 4.38 3.62
2.6 3.4 3.74 3.14
2.76 2.9 4.74 3.64
2.88 3.26 4.46 3.72
2.82 3.18 4.7 3.88
2.74 3.74 4.0 3.74
2.68 2.86 4.26 3.12
2.7 3.28 3.92 3.2
2.66 2.92 4.38 3.3
2.76 3.74 3.68 3.42
2.6 3.14 3.94 3.08
2.68 2.88 4.6 3.48
2.62 3.04 4.22 3.26
2.68 2.88 4.16 3.04
2.76 2.74 4.5 3.24
2.8 3.4 4.0 3.4
2.8 3.42 4.16 3.58
2.74 3.04 4.36 3.4
2.72 3.28 4.14 3.42
2.72 3.22 4.2 3.42
2.64 3.48 4.06 3.54
2.66 3.2 3.96 3.16
2.76 3.1 4.44 3.54
2.64 2.84 4.26 3.1
2.74 3.36 4.24 3.6
2.84 3.28 4.2 3.48
2.78 3.58 3.82 3.4
2.88 3.58 4.34 3.92
2.78 3.44 3.84 3.28
2.76 3.24 4.34 3.58
2.74 3.22 4.52 3.74
2.74 3.2 4.3 3.5
2.78 3.0 4.8 3.8
2.84 2.94 4.68 3.62
2.76 3.58 3.6 3.18
2.86 3.28 4.64 3.92
2.78 2.66 4.66 3.32
2.66 3.22 4.2 3.42
2.72 2.56 4.8 3.36
2.72 3.28 4.02 3.3
2.8 3.28 4.42 3.7
2.72 3.2 4.38 3.58
2.58 3.02 4.06 3.08
2.84 3.36 4.14 3.5
2.76 3.36 3.96 3.32
2.72 2.92 4.62 3.54
2.66 3.24 4.02 3.26
2.56 2.88 4.24 3.12
2.64 3.58 3.82 3.4
2.6 3.46 3.68 3.14
2.78 3.0 4.32 3.32
2.72 3.58 4.04 3.62
2.68 2.94 4.42 3.36
2.68 3.06 4.4 3.46
2.74 2.72 4.54 3.26
2.78 3.56 3.92 3.48
2.64 3.18 4.22 3.4
2.72 3.0 4.2 3.2
2.74 3.04 4.5 3.54
2.74 2.9 4.88 3.78
2.66 2.94 4.4 3.34
2.82 2.88 4.68 3.56
2.5 2.82 4.16 2.98
2.7 3.1 3.94 3.04
2.76 3.2 4.38 3.58
2.76 3.36 4.26 3.62
2.58 2.96 4.2 3.16
2.72 2.62 4.96 3.58
2.76 2.66 4.5 3.16
2.64 2.82 4.38 3.2
2.78 3.14 4.72 3.86
2.78 3.12 4.28 3.4
2.78 2.9 4.26 3.16
2.74 3.16 4.36 3.52
2.58 3.6 3.52 3.12
2.74 2.84 4.58 3.42
2.62 3.1 4.12 3.22
2.8 3.24 3.84 3.08
2.68 3.08 4.12 3.2
2.74 3.34 3.9 3.24
2.72 3.6 3.78 3.38
2.7 2.84 4.38 3.22
2.76 3.4 4.2 3.6
2.54 3.14 4.1 3.24
2.62 3.4 3.7 3.1
2.74 2.62 4.8 3.42
2.66 2.76 4.32 3.08
2.78 3.46 4.18 3.64
2.68 3.36 3.98 3.34
2.64 3.26 3.8 3.06
2.74 3.36 3.9 3.26
2.76 2.84 4.62 3.46
2.7 3.38 4.14 3.52
2.64 3.02 4.06 3.08
2.82 3.1 4.48 3.58
2.76 3.5 4.06 3.56
2.84 3.22 4.26 3.48
2.72 3.24 4.1 3.34
2.82 3.32 4.32 3.64
2.74 3.14 4.26 3.4
2.66 3.0 4.44 3.44
2.78 3.28 4.18 3.46
2.7 3.0 4.26 3.26
2.68 3.52 3.78 3.3
2.74 3.12 4.28 3.4
2.6 3.4 3.88 3.28
2.64 3.0 4.0 3.0
2.52 2.8 4.16 2.96
2.7 2.84 4.4 3.24
2.7 3.08 4.24 3.32
2.64 3.22 3.98 3.2
2.7 2.86 4.3 3.16
2.78 2.9 4.36 3.26
2.82 3.62 3.48 3.1
2.64 3.42 3.98 3.4
2.66 2.78 4.48 3.26
2.74 3.22 4.12 3.34
2.8 2.94 4.48 3.42
2.66 2.96 4.3 3.26
2.72 3.64 3.7 3.34
2.76 3.06 4.58 3.64
2.74 3.06 4.12 3.18
2.7 3.02 4.16 3.18
2.62 3.48 3.58 3.06
2.74 3.46 4.18 3.64
2.64 3.24 4.1 3.34
2.76 3.06 4.32 3.38
2.7 3.24 4.2 3.44
2.72 3.26 3.96 3.22
2.9 3.2 4.38 3.58
2.72 3.14 4.34 3.48
2.8 2.96 4.5 3.46
2.6 3.02 4.28 3.3
2.76 3.12 4.26 3.38
2.52 3.7 3.62 3.32
2.68 3.4 3.66 3.06
2.66 2.94 4.26 3.2
2.72 2.86 4.62 3.48
2.62 2.72 4.38 3.1
2.74 2.92 4.34 3.26
2.74 3.06 4.08 3.14
2.76 2.88 4.56 3.44
2.68 3.02 4.3 3.32
2.78 3.4 4.02 3.42
2.6 3.18 3.7 2.88
2.78 3.88 3.92 3.8
2.8 3.02 4.28 3.3
2.72 3.04 4.0 3.04
2.84 3.1 4.58 3.68
2.7 2.94 4.36 3.3
2.82 3.08 4.64 3.72
2.8 3.06 4.18 3.24
2.72 3.32 4.02 3.34
2.74 2.98 4.42 3.4
2.66 3.38 4.02 3.4
2.76 3.36 3.84 3.2
2.72 2.98 4.44 3.42
2.52 2.98 4.3 3.28
2.8 3.06 4.22 3.28
2.62 3.5 3.64 3.14
2.74 3.64 3.68 3.32
2.66 3.0 4.34 3.34
2.58 3.64 3.84 3.48
2.54 3.22 4.02 3.24
2.74 3.56 4.0 3.56
2.68 3.38 4.1 3.48
2.56 3.34 3.62 2.96
2.7 2.84 4.58 3.42
2.58 3.62 3.46 3.08
2.72 2.84 4.68 3.52
2.62 2.92 4.32 3.24
2.84 3.02 4.64 3.66
2.8 3.1 4.36 3.46
2.82 3.0 4.16 3.16
2.66 3.52 4.08 3.6
2.74 3.24 4.06 3.3
2.84 3.1 4.46 3.56
2.78 3.32 4.06 3.38
2.78 2.82 4.84 3.66
2.68 2.88 4.46 3.34
2.62 3.28 4.1 3.38
2.64 3.14 4.12 3.26
2.72 2.78 4.58 3.36
2.6 3.98 3.26 3.24
2.82 3.54 4.14 3.68
2.74 3.08 4.4 3.48
2.72 3.34 3.8 3.14
2.7 3.24 4.06 3.3
2.62 3.0 4.3 3.3
2.6 3.1 3.98 3.08
2.78 2.6 4.78 3.38
2.74 3.38 4.0 3.38
2.64 3.74 3.48 3.22
2.74 3.12 4.32 3.44
2.72 2.92 4.32 3.24
2.78 3.8 3.76 3.56
2.84 3.16 4.44 3.6
2.72 3.02 4.0 3.02
2.7 3.14 4.38 3.52
2.7 3.06 4.42 3.48
2.68 2.76 4.28 3.04
2.76 3.22 4.38 3.6
2.66 3.3 3.8 3.1
2.82 2.88 4.74 3.62
2.76 2.68 4.86 3.54
2.72 3.24 4.08 3.32
2.78 2.98 4.22 3.2
2.64 3.22 3.6 2.82
2.72 3.2 4.28 3.48
2.68 3.42 3.94 3.36
2.62 3.6 3.64 3.24
2.76 3.6 3.9 3.5
2.88 3.54 4.26 3.8
2.68 2.94 4.48 3.42
2.78 3.48 4.0 3.48
2.68 3.7 3.76 3.46
2.78 3.18 4.42 3.6
2.7 2.8 4.5 3.3
2.68 3.08 4.1 3.18
2.86 3.56 3.74 3.3
2.78 3.04 4.58 3.62
2.76 3.38 4.18 3.56
2.82 2.64 4.88 3.52
2.66 3.1 4.34 3.44
2.52 2.74 3.88 2.62
2.74 2.88 4.66 3.54
2.8 2.94 4.38 3.32
2.7 3.18 4.1 3.28
2.74 2.96 4.44 3.4
2.64 3.4 4.1 3.5
2.62 3.38 3.64 3.02
2.7 3.02 4.42 3.44
2.84 3.56 4.0 3.56
2.64 3.06 4.2 3.26
2.72 3.34 3.9 3.24
2.78 3.38 3.76 3.14
2.7 3.2 4.4 3.6
2.78 2.96 4.36 3.32
2.66 3.04 4.32 3.36
2.76 3.36 4.48 3.84
2.68 3.86 3.74 3.6
2.82 3.72 3.88 3.6
2.68 3.48 4.16 3.64
2.66 2.74 4.46 3.2
2.76 2.88 4.52 3.4
2.6 2.8 3.94 2.74
2.68 2.5 4.88 3.38
2.76 3.82 3.9 3.72
2.68 3.16 4.5 3.66
2.78 2.98 4.62 3.6
2.76 3.14 4.26 3.4
2.66 3.32 4.04 3.36
2.84 3.1 4.58 3.68
2.62 2.9 4.2 3.1
2.74 3.48 4.0 3.48
2.64 3.5 3.52 3.02
2.86 2.82 4.76 3.58
2.5 3.4 3.64 3.04
2.8 3.72 3.88 3.6
2.76 3.42 4.08 3.5
2.76 3.04 4.44 3.48
2.58 3.18 3.98 3.16
2.68 3.26 3.7 2.96
2.68 3.14 4.02 3.16
2.7 3.14 4.26 3.4
2.68 2.96 4.36 3.32
2.64 2.88 4.26 3.14
2.54 2.7 4.28 2.98
2.74 3.2 4.38 3.58
2.8 3.24 4.54 3.78
2.76 2.94 4.34 3.28
2.74 2.76 4.42 3.18
2.74 3.24 4.28 3.52
2.76 2.74 4.78 3.52
2.84 3.36 4.12 3.48
2.88 3.2 4.56 3.76
2.74 3.12 4.22 3.34
2.7 3.52 3.64 3.16
2.78 3.26 4.02 3.28
2.6 3.26 3.68 2.94
2.6 3.28 3.86 3.14
2.66 3.1 4.04 3.14
2.72 3.22 3.88 3.1
2.78 3.38 3.96 3.34
2.78 3.26 4.44 3.7
2.66 2.94 3.96 2.9
2.72 3.86 3.68 3.54
2.72 2.76 4.52 3.28
2.82 3.46 4.28 3.74
2.78 3.0 4.48 3.48
2.64 2.96 4.22 3.18
2.78 2.86 4.6 3.46
2.64 3.24 3.76 3.0
2.78 3.08 4.28 3.36
2.76 3.02 4.22 3.24
2.72 2.94 4.58 3.52
2.62 3.18 4.1 3.28
2.8 3.56 4.08 3.64
2.74 3.34 3.88 3.22
2.8 3.44 3.9 3.34
2.82 3.52 3.98 3.5
2.58 3.4 3.64 3.04
2.74 3.22 4.62 3.84
2.78 3.12 4.22 3.34
2.78 3.18 4.34 3.52
2.68 3.06 4.28 3.34
2.72 3.9 3.58 3.48
2.76 2.78 4.56 3.34
2.68 2.86 4.38 3.24
2.7 2.88 4.42 3.3
2.84 2.78 4.6 3.38
2.88 3.64 3.98 3.62
2.66 3.36 3.92 3.28
2.62 3.12 3.98 3.1
2.72 3.28 3.94 3.22
2.78 3.36 4.16 3.52
2.76 2.86 4.44 3.3
2.76 3.32 4.26 3.58
2.58 3.1 4.42 3.52
2.82 3.02 4.46 3.48
2.84 3.14 4.36 3.5
2.56 2.56 4.22 2.78
2.7 2.78 4.8 3.58
2.72 3.46 4.12 3.58
2.74 3.18 3.82 3.0
2.68 3.52 3.88 3.4
2.7 3.52 4.08 3.6
2.66 3.84 3.6 3.44
2.78 3.48 3.62 3.1
2.74 3.34 4.26 3.6
2.78 3.04 4.28 3.32
2.72 3.2 4.2 3.4
2.68 2.92 4.48 3.4
2.66 3.56 3.86 3.42
2.76 3.3 4.44 3.74
2.7 3.08 4.26 3.34
2.68 2.74 4.22 2.96
2.68 2.7 4.72 3.42
2.84 2.88 4.64 3.52
2.62 3.5 3.88 3.38
2.6 3.34 3.96 3.3
2.76 3.22 4.54 3.76
2.62 2.84 4.02 2.86
2.88 3.32 4.36 3.68
2.72 3.62 3.84 3.46
2.76 3.54 4.04 3.58
2.7 3.26 4.5 3.76
2.8 2.8 4.56 3.36
2.68 2.88 4.6 3.48
2.74 3.12 4.26 3.38
2.74 3.62 4.14 3.76
2.82 2.52 4.96 3.48
2.8 3.52 3.86 3.38
2.76 3.36 4.14 3.5
2.74 3.44 4.04 3.48
2.66 2.82 4.58 3.4
2.76 3.38 4.16 3.54
2.74 2.78 4.12 2.9
2.7 3.48 3.9 3.38
2.66 3.3 4.08 3.38
2.68 3.46 4.08 3.54
2.66 3.3 4.34 3.64
2.62 2.68 4.48 3.16
2.62 3.12 4.08 3.2
2.7 3.16 3.9 3.06
2.74 3.52 3.82 3.34
2.8 3.06 4.7 3.76
2.86 2.92 4.42 3.34
2.62 3.44 4.06 3.5
2.74 2.92 4.16 3.08
2.72 3.7 4.16 3.86
2.62 3.28 3.98 3.26
2.62 3.0 4.22 3.22
2.74 3.44 4.06 3.5
2.6 3.12 4.14 3.26
2.66 3.0 4.38 3.38
2.78 3.24 4.32 3.56
2.62 3.24 3.72 2.96
2.76 3.2 3.98 3.18
2.74 3.68 3.7 3.38
2.74 3.08 4.12 3.2
2.6 3.14 3.88 3.02
2.82 3.16 4.34 3.5
2.8 2.9 4.72 3.62
2.86 2.84 4.66 3.5
2.64 3.34 3.78 3.12
2.72 3.6 3.94 3.54
2.7 3.36 4.1 3.46
2.72 3.46 3.92 3.38
2.78 3.66 3.88 3.54
2.64 3.0 3.98 2.98
2.74 3.68 3.92 3.6
2.78 2.92 4.7 3.62
2.78 3.1 4.2 3.3
2.66 3.3 3.86 3.16
2.7 3.46 4.1 3.56
2.84 3.54 3.64 3.18
2.76 3.12 4.7 3.82
2.76 3.3 4.28 3.58
2.6 3.08 4.02 3.1
2.72 3.42 3.82 3.24
2.78 3.06 4.3 3.36
2.82 3.56 3.96 3.52
2.72 3.38 4.14 3.52
2.62 3.12 4.1 3.22
2.7 3.46 3.84 3.3
2.78 3.46 4.4 3.86
2.78 3.24 4.56 3.8
2.72 2.44 4.78 3.22
2.74 3.16 4.0 3.16
2.82 3.18 4.56 3.74
2.74 2.52 4.66 3.18
2.82 3.08 4.2 3.28
2.76 2.7 4.74 3.44
2.66 2.98 3.98 2.96
2.6 2.9 4.0 2.9
2.68 3.22 4.32 3.54
2.76 3.22 4.38 3.6
2.62 3.16 4.1 3.26
2.7 3.58 3.92 3.5
2.7 3.18 4.36 3.54
2.74 3.02 4.34 3.36
2.7 3.3 4.38 3.68
2.64 2.96 4.42 3.38
2.76 3.0 4.44 3.44
2.76 3.38 4.06 3.44
2.54 3.7 3.8 3.5
2.72 2.92 4.56 3.48
2.58 3.14 4.06 3.2
2.82 3.34 4.54 3.88
2.64 3.12 4.32 3.44
2.74 3.42 3.96 3.38
2.7 3.0 4.28 3.28
2.68 2.84 4.32 3.16
2.78 3.34 4.28 3.62
2.9 2.72 5.16 3.88
2.68 3.36 4.26 3.62
2.72 3.04 4.5 3.54
2.72 3.28 4.06 3.34
2.76 3.1 4.4 3.5
2.78 3.26 4.18 3.44
2.58 3.34 3.9 3.24
2.66 3.68 3.94 3.62
2.64 3.04 4.0 3.04
2.76 3.58 4.12 3.7
2.76 2.62 4.68 3.3
2.62 3.22 4.04 3.26
2.72 3.28 4.18 3.46
2.74 3.16 4.38 3.54
2.56 3.5 3.76 3.26
2.72 3.14 4.22 3.36
2.7 3.22 4.34 3.56
2.64 2.78 4.5 3.28
2.6 3.06 4.14 3.2
2.8 2.88 4.72 3.6
2.72 2.92 4.4 3.32
2.74 2.78 4.52 3.3
2.78 3.04 4.46 3.5
2.66 3.06 4.16 3.22
2.68 3.52 3.78 3.3
2.62 3.1 3.92 3.02
2.84 3.28 4.32 3.6
2.88 3.18 4.5 3.68
2.88 3.16 4.46 3.62
2.78 3.02 4.26 3.28
2.64 2.88 4.44 3.32
2.74 3.0 4.24 3.24
2.74 3.56 4.12 3.68
2.62 3.28 4.02 3.3
2.7 3.32 3.88 3.2
2.62 3.16 4.18 3.34
2.74 2.82 4.56 3.38
2.78 3.36 4.14 3.5
2.7 3.12 4.08 3.2
2.78 3.1 4.3 3.4
2.7 3.22 4.2 3.42
2.7 3.32 4.34 3.66
2.54 3.58 3.74 3.32
2.66 3.02 4.34 3.36
2.76 3.32 4.2 3.52
2.6 3.08 4.22 3.3
2.6 2.86 4.36 3.22
2.76 2.74 4.5 3.24
2.84 3.22 4.1 3.32
2.74 2.98 4.58 3.56
2.68 3.0 4.06 3.06
2.68 2.86 4.28 3.14
2.7 3.16 4.2 3.36
2.72 3.08 4.3 3.38
2.76 3.54 3.88 3.42
2.7 3.58 3.7 3.28
2.7 3.42 4.22 3.64
2.72 3.3 3.98 3.28
2.62 2.78 4.44 3.22
2.7 2.36 4.88 3.24
2.84 3.5 4.16 3.66
2.82 2.86 4.42 3.28
2.7 2.84 4.16 3.0
2.78 2.76 4.26 3.02
2.78 3.48 4.0 3.48
2.7 2.8 4.56 3.36
2.78 2.96 4.82 3.78
2.7 3.2 4.06 3.26
2.74 3.22 4.4 3.62
2.7 3.08 4.32 3.4
2.76 2.76 4.62 3.38
2.76 3.22 4.26 3.48
2.74 3.26 4.72 3.98
2.76 3.12 4.5 3.62
2.66 3.1 4.18 3.28
2.74 3.24 4.2 3.44
2.72 2.9 4.74 3.64
2.6 3.2 3.86 3.06
2.88 3.48 4.28 3.76
2.8 3.14 4.06 3.2
2.68 3.68 3.86 3.54
2.82 3.12 4.68 3.8
2.72 3.32 4.1 3.42
2.86 3.4 3.96 3.36
2.68 3.08 4.42 3.5
2.66 3.18 4.04 3.22
2.64 2.8 4.28 3.08
2.78 3.58 4.0 3.58
2.68 3.0 4.52 3.52
2.7 3.58 3.96 3.54
2.78 3.32 4.06 3.38
2.68 2.9 4.36 3.26
2.64 2.54 4.4 2.94
2.74 3.22 3.84 3.06
2.68 2.98 4.52 3.5
2.76 3.34 4.08 3.42
2.8 3.36 3.96 3.32
2.78 3.54 3.74 3.28
2.62 3.4 3.9 3.3
2.76 3.2 4.68 3.88
2.64 3.46 3.94 3.4
2.72 3.68 3.88 3.56
2.66 2.74 4.4 3.14
2.78 3.58 3.74 3.32
2.8 3.36 4.4 3.76
2.82 3.56 4.04 3.6
2.74 3.84 3.98 3.82
2.72 3.18 4.24 3.42
2.82 2.8 4.84 3.64
2.76 3.12 4.52 3.64
2.7 3.14 4.1 3.24
2.74 3.14 4.06 3.2
2.66 3.14 4.04 3.18
2.78 2.74 4.88 3.62
2.68 3.16 4.18 3.34
2.64 3.54 3.72 3.26
2.8 3.4 4.0 3.4
2.62 3.08 4.06 3.14
2.7 3.02 4.44 3.46
2.7 3.44 3.88 3.32
2.7 3.24 4.3 3.54
2.74 2.86 4.6 3.46
2.64 3.16 4.34 3.5
2.6 2.62 4.58 3.2
2.74 3.2 4.2 3.4
2.74 3.18 4.34 3.52
2.74 3.0 4.44 3.44
2.8 2.86 4.66 3.52
2.68 2.84 4.62 3.46
2.78 3.24 4.08 3.32
2.82 3.66 4.32 3.98
2.7 3.38 3.96 3.34
2.74 2.98 4.32 3.3
2.68 3.1 4.2 3.3
2.74 3.16 4.4 3.56
2.82 2.96 4.62 3.58
2.78 2.82 4.5 3.32
2.7 3.48 3.82 3.3
2.64 3.08 4.32 3.4
2.62 3.16 3.86 3.02
2.68 3.26 3.92 3.18
2.8 3.52 3.92 3.44
2.74 3.34 4.4 3.74
2.7 2.8 4.7 3.5
2.72 3.4 3.92 3.32
2.58 3.32 3.98 3.3
2.7 3.4 4.0 3.4
2.64 2.96 4.08 3.04
2.68 3.7 3.64 3.34
2.86 3.64 4.06 3.7
2.52 3.18 4.12 3.3
2.72 3.38 3.82 3.2
2.74 2.88 4.56 3.44
2.74 3.36 4.08 3.44
2.6 2.92 4.18 3.1
2.62 3.28 3.88 3.16
2.62 3.06 4.18 3.24
2.82 3.4 4.06 3.46
2.68 3.24 4.06 3.3
2.88 3.16 4.78 3.94
2.7 2.94 4.36 3.3
2.8 3.16 4.46 3.62
2.72 3.02 4.48 3.5
2.68 3.46 4.02 3.48
2.66 2.58 4.92 3.5
2.74 2.82 4.6 3.42
2.72 3.62 3.62 3.24
2.74 3.0 4.36 3.36
2.84 3.28 4.12 3.4
2.78 2.96 4.62 3.58
2.72 3.3 4.16 3.46
2.7 3.18 4.28 3.46
2.72 2.6 4.82 3.42
2.74 3.5 3.92 3.42
2.68 3.52 3.96 3.48
2.64 3.38 4.06 3.44
2.7 3.28 4.34 3.62
2.7 3.42 3.88 3.3
2.7 3.16 4.1 3.26
2.68 2.7 4.4 3.1
2.54 3.66 3.5 3.16
2.68 3.32 4.16 3.48
2.78 3.6 4.0 3.6
2.76 3.38 4.34 3.72
2.7 3.18 4.16 3.34
2.68 3.2 4.38 3.58
2.7 2.78 4.16 2.94
2.74 2.68 4.86 3.54
2.6 3.0 4.28 3.28
2.78 2.92 4.44 3.36
2.62 3.12 3.94 3.06
2.6 2.56 4.66 3.22
2.62 3.26 3.78 3.04
2.72 4.08 3.5 3.58
2.78 3.54 4.14 3.68
2.74 3.02 4.36 3.38
2.72 3.04 4.0 3.04
2.8 3.44 4.0 3.44
2.66 3.28 3.78 3.06
2.7 3.2 3.94 3.14
2.74 3.68 3.98 3.66
2.7 3.0 4.48 3.48
2.84 3.02 4.54 3.56
2.78 2.76 4.66 3.42
2.7 3.32 4.26 3.58
2.6 3.56 3.78 3.34
2.8 2.74 4.72 3.46
2.72 3.22 4.18 3.4
2.74 2.98 4.3 3.28
2.7 3.68 3.76 3.44
2.58 3.02 4.22 3.24
2.76 3.86 3.58 3.44
2.82 3.3 4.42 3.72
2.68 3.54 4.12 3.66
2.68 3.4 4.22 3.62
2.76 2.6 5.34 3.94
2.78 3.32 3.94 3.26
2.74 3.14 4.2 3.34
2.62 3.1 4.02 3.12
2.6 3.32 3.9 3.22
2.72 3.38 4.22 3.6
2.68 3.46 3.88 3.34
2.66 3.48 4.12 3.6
2.74 3.14 4.2 3.34
2.74 2.94 4.34 3.28
2.66 3.18 4.06 3.24
2.74 3.08 4.56 3.64
2.74 3.14 4.4 3.54
2.72 3.24 4.08 3.32
2.76 3.48 3.88 3.36
2.78 3.24 4.28 3.52
2.74 2.88 4.72 3.6
2.78 3.22 4.18 3.4
2.84 3.68 4.02 3.7
2.74 3.14 4.58 3.72
2.72 3.24 4.32 3.56
2.66 3.26 4.24 3.5
2.7 3.28 4.26 3.54
2.82 2.86 4.68 3.54
2.7 3.46 3.9 3.36
2.76 2.82 4.68 3.5
2.78 3.72 3.96 3.68
2.64 3.1 4.66 3.76
2.66 2.94 4.36 3.3
2.76 3.64 4.1 3.74
2.72 3.28 4.08 3.36
2.76 2.82 4.78 3.6
2.66 3.3 3.92 3.22
2.88 3.18 4.38 3.56
2.76 3.16 4.24 3.4
2.74 3.68 3.8 3.48
2.9 3.62 4.08 3.7
2.84 3.46 4.42 3.88
2.8 3.26 4.04 3.3
2.78 2.98 4.48 3.46
2.76 3.1 4.08 3.18
2.76 3.4 3.92 3.32
2.7 3.5 3.58 3.08
2.76 3.36 4.24 3.6
2.76 3.04 4.32 3.36
2.62 3.4 3.84 3.24
2.62 3.42 3.48 2.9
2.66 2.7 4.46 3.16
2.78 3.22 4.26 3.48
2.66 3.04 4.5 3.54
2.76 3.52 3.94 3.46
2.84 3.2 4.66 3.86
2.74 3.72 3.66 3.38
2.66 3.16 4.0 3.16
2.74 3.46 3.84 3.3
2.8 3.16 4.06 3.22
2.6 2.78 4.5 3.28
2.64 3.46 3.96 3.42
2.7 3.2 4.3 3.5
2.78 3.24 4.08 3.32
2.78 2.92 4.42 3.34
2.74 2.92 4.28 3.2
2.78 3.14 4.32 3.46
2.84 3.6 3.76 3.36
2.76 3.42 4.38 3.8
2.86 3.3 4.52 3.82
2.76 2.84 4.78 3.62
2.68 3.0 4.54 3.54
2.56 2.8 3.98 2.78
2.76 3.66 4.28 3.94
2.6 3.18 3.78 2.96
2.74 2.66 4.94 3.6
2.74 2.56 4.78 3.34
2.76 3.52 4.22 3.74
2.76 3.0 4.48 3.48
2.72 3.04 4.66 3.7
2.66 2.62 4.56 3.18
2.76 3.04 4.32 3.36
2.64 2.92 4.16 3.08
2.56 3.32 3.96 3.28
2.72 3.46 4.26 3.72
2.7 3.08 4.22 3.3
2.76 3.14 4.32 3.46
2.8 3.66 4.0 3.66
2.68 3.28 4.08 3.36
2.78 3.82 4.0 3.82
2.72 3.48 4.04 3.52
2.78 3.48 4.06 3.54
2.72 3.48 4.08 3.56
2.66 3.44 3.94 3.38
2.62 3.18 4.08 3.26
2.7 2.72 4.38 3.1
2.64 3.02 4.04 3.06
2.82 3.42 4.26 3.68
2.78 3.32 4.3 3.62
2.76 2.94 4.4 3.34
2.86 3.36 3.92 3.28
2.74 2.9 4.66 3.56
2.82 3.3 4.2 3.5
2.62 2.7 4.44 3.14
2.78 3.14 4.28 3.42
2.76 3.36 4.08 3.44
2.9 2.98 4.66 3.64
2.76 3.14 4.02 3.16
2.78 3.06 4.28 3.34
2.8 2.86 4.34 3.2
2.72 2.84 4.6 3.44
2.68 2.86 4.26 3.12
2.78 2.62 4.88 3.5
2.74 3.0 4.42 3.42
2.58 2.96 4.18 3.14
2.8 3.22 4.2 3.42
2.72 3.46 3.8 3.26
2.66 3.32 3.92 3.24
2.76 3.16 4.2 3.36
2.62 3.02 4.12 3.14
2.72 3.12 4.36 3.48
2.62 2.86 4.42 3.28
2.7 3.08 4.16 3.24
2.62 3.38 4.14 3.52
2.62 3.04 4.32 3.36
2.76 2.84 4.24 3.08
2.66 3.6 3.7 3.3
2.76 2.92 4.46 3.38
2.74 3.4 4.2 3.6
2.7 3.48 4.06 3.54
2.66 2.48 4.72 3.2
2.7 3.06 4.2 3.26
2.7 3.04 4.56 3.6
2.72 3.08 4.34 3.42
2.66 2.86 4.14 3.0
2.68 3.42 4.02 3.44
2.66 3.46 3.78 3.24
2.64 3.02 4.44 3.46
2.68 3.4 4.14 3.54
2.86 3.22 4.3 3.52
2.62 2.92 4.14 3.06
2.78 3.22 4.16 3.38
2.56 3.0 4.02 3.02
2.7 3.38 3.84 3.22
2.76 3.54 4.48 4.02
2.7 2.94 4.5 3.44
2.72 2.98 4.36 3.34
2.72 3.08 4.2 3.28
2.72 3.06 4.22 3.28
2.74 3.08 4.38 3.46
2.6 2.96 4.24 3.2
2.72 2.82 4.58 3.4
2.76 3.52 3.96 3.48
2.76 3.74 3.84 3.58
2.66 3.26 4.1 3.36
2.62 2.98 4.36 3.34
2.58 3.32 3.94 3.26
2.64 3.26 4.08 3.34
2.74 3.16 4.2 3.36
2.62 3.0 4.2 3.2
2.76 3.28 4.22 3.5
2.66 3.06 4.0 3.06
2.68 2.88 4.42 3.3
2.7 2.72 4.66 3.38
2.64 2.74 4.56 3.3
2.62 3.12 4.02 3.14
2.58 2.98 4.0 2.98
2.66 3.72 3.34 3.06
2.66 2.9 4.3 3.2
2.8 4.36 3.12 3.48
2.64 3.44 3.78 3.22
2.76 3.02 3.96 2.98
2.76 3.06 4.52 3.58
2.68 3.52 4.16 3.68
2.68 3.12 4.26 3.38
2.72 3.38 3.94 3.32
2.68 3.02 4.3 3.32
2.7 2.96 4.34 3.3
2.72 3.42 4.16 3.58
2.66 3.26 3.88 3.14
2.78 2.82 4.94 3.76
2.48 2.94 3.6 2.54
2.7 3.44 4.0 3.44
2.64 2.62 4.62 3.24
2.74 2.88 4.64 3.52
2.68 3.22 4.38 3.6
2.68 3.02 4.54 3.56
2.9 3.3 4.72 4.02
2.84 3.06 4.76 3.82
2.7 3.4 3.64 3.04
2.82 3.14 4.34 3.48
2.76 3.2 4.36 3.56
2.7 2.92 4.28 3.2
2.74 3.1 4.18 3.28
2.58 3.34 3.62 2.96
2.72 3.44 4.0 3.44
2.64 2.82 4.24 3.06
2.6 3.16 4.1 3.26
2.72 3.44 4.08 3.52
2.7 2.72 4.78 3.5
2.64 2.92 4.26 3.18
2.72 3.58 3.96 3.54
2.78 2.92 4.56 3.48
2.86 3.82 3.9 3.72
2.68 2.96 4.26 3.22
2.84 3.48 4.08 3.56
2.72 3.14 4.34 3.48
2.76 3.24 4.26 3.5
2.76 2.82 4.8 3.62
2.62 2.72 4.4 3.12
2.8 3.3 3.96 3.26
2.7 3.0 3.98 2.98
2.72 3.42 4.2 3.62
2.82 3.7 3.74 3.44
2.62 3.1 4.18 3.28
2.7 3.32 4.2 3.52
2.78 3.14 4.78 3.92
2.72 3.26 3.94 3.2
2.68 3.46 3.88 3.34
2.68 3.0 4.38 3.38
2.82 3.28 4.38 3.66
2.84 3.06 4.62 3.68
2.8 3.54 3.86 3.4
2.72 3.32 4.04 3.36
2.78 3.24 4.18 3.42
2.78 3.34 4.36 3.7
2.58 2.78 4.42 3.2
2.68 3.26 4.08 3.34
2.84 3.42 4.34 3.76
2.7 3.26 4.18 3.44
2.8 3.04 4.36 3.4
2.82 3.34 4.16 3.5
2.68 2.94 4.02 2.96
2.56 3.3 4.02 3.32
2.8 2.92 4.42 3.34
2.58 3.2 3.8 3.0
2.66 3.22 3.66 2.88
2.6 3.24 3.9 3.14
2.76 3.2 4.28 3.48
2.6 3.14 4.02 3.16
2.7 3.2 3.98 3.18
2.82 3.06 4.44 3.5
2.7 2.64 4.36 3.0
2.66 3.4 4.04 3.44
2.78 3.3 4.3 3.6
2.74 3.0 4.56 3.56
2.72 3.18 4.24 3.42
2.64 2.98 4.24 3.22
2.76 3.48 3.84 3.32
2.58 3.18 3.64 2.82
2.86 3.28 4.58 3.86
2.68 2.9 4.4 3.3
2.74 3.16 4.22 3.38
2.6 3.42 3.6 3.02
2.68 2.82 4.48 3.3
2.88 3.54 4.06 3.6
2.78 3.42 4.26 3.68
2.68 3.18 4.16 3.34
2.64 3.24 4.12 3.36
2.7 2.98 4.42 3.4
2.8 3.64 4.12 3.76
2.74 3.0 4.22 3.22
2.7 3.52 4.06 3.58
2.88 3.24 4.4 3.64
2.7 3.14 4.28 3.42
2.56 3.12 3.68 2.8
2.7 3.18 4.08 3.26
2.62 3.04 4.38 3.42
2.68 3.0 4.26 3.26
2.74 3.62 4.06 3.68
2.76 3.54 3.98 3.52
2.82 2.62 4.92 3.54
2.64 2.76 4.36 3.12
2.84 3.72 4.2 3.92
2.84 3.22 4.68 3.9
2.64 3.06 4.34 3.4
2.76 2.98 4.4 3.38
2.78 2.96 4.84 3.8
2.6 3.58 3.88 3.46
2.82 3.14 4.6 3.74
2.7 3.38 4.14 3.52
2.68 2.94 4.26 3.2
2.74 3.18 4.14 3.32
2.64 2.9 4.46 3.36
2.8 3.48 4.06 3.54
2.6 3.12 3.82 2.94
2.62 3.08 4.22 3.3
2.7 3.62 3.66 3.28
2.62 3.42 4.06 3.48
2.66 3.08 4.18 3.26
2.76 3.54 4.22 3.76
2.66 2.78 4.76 3.54
2.62 3.08 3.98 3.06
2.78 3.0 4.2 3.2
2.68 2.68 4.68 3.36
2.82 2.9 4.46 3.36
2.86 3.58 3.94 3.52
2.8 2.58 4.82 3.4
2.78 3.36 4.3 3.66
2.8 3.36 3.98 3.34
2.64 2.96 4.2 3.16
2.76 3.06 4.36 3.42
2.74 3.52 4.08 3.6
2.8 3.06 4.24 3.3
2.68 3.7 3.9 3.6
2.74 3.1 3.98 3.08
2.76 3.14 4.58 3.72
2.76 2.94 4.78 3.72
2.76 3.3 4.08 3.38
2.68 3.4 4.08 3.48
2.68 3.44 3.98 3.42
2.76 3.04 4.5 3.54
2.68 2.98 4.58 3.56
2.84 3.38 4.06 3.44
2.64 3.02 4.24 3.26
2.74 3.16 4.3 3.46
2.8 3.12 4.26 3.38
2.82 3.08 4.5 3.58
2.68 3.24 3.9 3.14
2.76 2.6 4.72 3.32
2.56 3.1 3.9 3.0
2.74 3.28 4.14 3.42
2.58 3.18 4.02 3.2
2.64 3.04 4.02 3.06
2.76 3.08 4.4 3.48
2.76 3.28 4.44 3.72
2.76 2.74 4.56 3.3
2.7 3.52 3.98 3.5
2.66 3.78 3.76 3.54
2.7 3.24 4.1 3.34
2.84 2.96 4.7 3.66
2.64 2.92 4.38 3.3
2.88 3.24 4.36 3.6
2.66 3.1 4.22 3.32
2.68 3.42 4.04 3.46
2.74 2.72 4.78 3.5
2.8 3.2 4.16 3.36
2.74 3.26 4.3 3.56
2.78 3.5 3.8 3.3
2.74 2.96 4.6 3.56
2.8 3.22 4.22 3.44
2.58 3.04 4.32 3.36
2.7 3.28 4.46 3.74
2.64 3.14 4.02 3.16
2.7 3.34 4.08 3.42
2.8 3.12 4.4 3.52
2.74 3.52 4.0 3.52
2.72 3.34 3.9 3.24
2.7 2.64 4.76 3.4
2.84 3.2 4.6 3.8
2.64 3.18 3.98 3.16
2.78 3.12 4.54 3.66
2.78 3.34 4.26 3.6
2.52 2.84 4.32 3.16
2.74 3.08 4.26 3.34
2.78 3.02 4.58 3.6
2.66 2.74 4.4 3.14
2.7 3.46 3.94 3.4
2.68 3.2 4.02 3.22
2.66 3.38 3.78 3.16
2.74 2.96 4.6 3.56
2.66 2.92 4.24 3.16
2.86 3.46 4.36 3.82
2.66 2.84 4.44 3.28
2.66 2.84 4.34 3.18
2.78 2.76 4.66 3.42
2.7 3.56 3.82 3.38
2.74 2.7 4.8 3.5
2.66 3.32 4.06 3.38
2.66 3.1 4.34 3.44
2.76 2.94 4.44 3.38
2.6 3.1 4.02 3.12
2.62 3.12 3.92 3.04
2.68 2.84 4.58 3.42
2.68 3.28 4.4 3.68
2.78 3.28 4.48 3.76
2.64 2.76 4.42 3.18
2.66 3.3 4.14 3.44
2.74 3.64 3.74 3.38
2.88 2.64 4.68 3.32
2.66 3.3 4.28 3.58
2.76 2.98 4.42 3.4
2.74 3.34 4.24 3.58
2.74 3.34 4.3 3.64
2.74 3.2 4.46 3.66
2.74 3.5 4.12 3.62
2.72 3.36 3.82 3.18
2.86 3.08 4.44 3.52
2.68 2.66 4.44 3.1
2.9 3.12 4.64 3.76
2.7 2.9 4.54 3.44
2.78 3.42 4.04 3.46
2.72 3.18 4.22 3.4
2.76 3.46 4.12 3.58
2.74 3.54 3.94 3.48
2.88 3.04 4.66 3.7
2.6 3.22 4.12 3.34
2.66 3.24 4.08 3.32
2.6 3.38 3.68 3.06
2.76 3.08 4.3 3.38
2.8 3.04 4.26 3.3
2.64 3.1 3.84 2.94
2.76 3.18 4.28 3.46
2.74 3.54 3.94 3.48
2.66 2.9 4.32 3.22
2.64 3.44 3.92 3.36
2.76 2.96 4.32 3.28
2.72 3.46 3.82 3.28
2.66 3.82 3.46 3.28
2.76 3.48 4.06 3.54
2.88 2.78 4.98 3.76
2.72 3.26 4.08 3.34
2.7 3.36 4.04 3.4
2.74 3.1 4.46 3.56
2.68 3.26 4.42 3.68
2.66 2.86 4.2 3.06
2.74 2.98 4.52 3.5
2.82 2.9 4.58 3.48
2.8 3.0 4.56 3.56
2.62 3.34 3.88 3.22
2.66 3.26 4.14 3.4
2.74 2.88 4.34 3.22
2.5 3.22 3.62 2.84
2.68 2.98 4.54 3.52
2.74 3.4 3.86 3.26
2.6 3.02 4.18 3.2
2.86 2.86 4.86 3.72
2.8 3.06 4.2 3.26
2.76 3.26 4.18 3.44
2.68 2.56 4.62 3.18
2.64 2.64 4.64 3.28
2.88 3.28 4.18 3.46
2.72 3.6 3.7 3.3
2.66 2.96 4.06 3.02
2.66 3.46 3.96 3.42
2.66 3.0 4.54 3.54
2.74 3.16 4.28 3.44
2.66 2.66 4.54 3.2
2.66 2.92 4.5 3.42
2.76 3.54 3.94 3.48
2.76 3.26 4.34 3.6
2.62 3.54 3.62 3.16
2.76 2.92 4.36 3.28
2.74 3.02 4.34 3.36
2.78 2.78 4.76 3.54
2.78 3.18 4.62 3.8
2.68 3.04 4.26 3.3
2.76 3.1 3.76 2.86
2.6 3.16 4.2 3.36
2.84 3.14 4.48 3.62
2.72 2.9 4.34 3.24
2.78 3.12 4.52 3.64
2.6 3.12 4.1 3.22
2.82 3.28 4.38 3.66
2.74 3.04 4.46 3.5
2.72 3.34 4.38 3.72
2.76 3.28 4.1 3.38
2.74 2.88 4.62 3.5
2.78 3.2 4.46 3.66
2.74 2.6 4.8 3.4
2.62 3.04 3.98 3.02
2.68 3.16 3.88 3.04
2.7 2.96 4.42 3.38
2.8 3.18 4.1 3.28
2.6 2.58 4.76 3.34
2.58 2.9 4.0 2.9
2.62 2.74 4.52 3.26
2.58 3.4 3.98 3.38
2.72 3.16 4.46 3.62
2.66 3.14 4.22 3.36
2.7 3.32 3.98 3.3
2.8 3.3 4.16 3.46
2.8 2.6 4.78 3.38
2.74 3.18 4.28 3.46
2.74 3.1 4.34 3.44
2.56 3.0 4.12 3.12
2.64 2.98 4.34 3.32
2.62 2.54 4.54 3.08
2.64 3.08 4.0 3.08
2.68 2.86 4.52 3.38
2.7 2.98 4.66 3.64
2.72 2.92 4.5 3.42
2.52 2.56 4.48 3.04
2.9 3.36 4.38 3.74
2.62 3.4 3.96 3.36
2.62 3.14 4.26 3.4
2.62 3.14 3.92 3.06
2.66 3.36 3.86 3.22
2.62 3.62 3.6 3.22
2.78 3.7 3.8 3.5
2.62 3.2 4.14 3.34
2.6 3.26 4.04 3.3
2.7 3.32 4.12 3.44
2.66 3.48 4.02 3.5
2.76 2.68 4.64 3.32
2.82 2.92 4.74 3.66
2.82 3.4 4.34 3.74
2.76 3.14 4.42 3.56
2.72 3.12 4.26 3.38
2.68 3.18 4.1 3.28
2.62 3.38 4.02 3.4
2.76 3.26 4.42 3.68
2.6 2.6 4.7 3.3
2.78 2.58 4.68 3.26
2.68 3.04 4.58 3.62
2.74 2.76 4.62 3.38
2.7 3.16 4.14 3.3
2.76 3.16 4.34 3.5
2.7 3.68 3.82 3.5
2.7 3.42 4.02 3.44
2.7 3.26 4.24 3.5
2.74 3.22 4.28 3.5
2.76 3.22 3.96 3.18
2.92 3.18 4.52 3.7
2.52 3.12 4.2 3.32
2.74 3.2 4.24 3.44
2.78 2.84 4.5 3.34
2.78 2.84 4.76 3.6
2.62 3.02 4.26 3.28
2.8 3.32 4.32 3.64
2.74 2.88 4.26 3.14
2.8 3.06 4.4 3.46
2.82 3.28 4.02 3.3
2.7 2.82 4.66 3.48
2.72 3.22 4.16 3.38
2.78 2.74 4.84 3.58
2.62 3.06 4.18 3.24
2.86 2.74 4.86 3.6
2.66 3.12 4.28 3.4
2.78 3.08 4.48 3.56
2.62 3.04 4.12 3.16
2.76 3.34 3.96 3.3
2.68 3.04 4.0 3.04
2.82 3.2 4.6 3.8
2.7 3.4 3.9 3.3
2.58 3.38 4.04 3.42
2.66 3.22 4.02 3.24
2.68 3.32 4.1 3.42
2.76 3.44 3.88 3.32
2.76 3.54 4.12 3.66
2.76 2.94 4.48 3.42
2.8 3.36 4.42 3.78
2.82 3.38 4.24 3.62
2.78 2.96 4.56 3.52
2.72 2.74 4.6 3.34
2.8 3.5 3.96 3.46
2.66 3.28 3.96 3.24
2.76 3.14 4.34 3.48
2.42 3.44 3.5 2.94
2.66 3.18 4.44 3.62
2.62 3.42 3.98 3.4
2.84 3.06 4.48 3.54
2.64 3.36 3.82 3.18
2.76 2.86 4.48 3.34
2.78 2.96 4.52 3.48
2.66 3.46 3.98 3.44
2.72 2.74 4.84 3.58
2.84 3.64 3.76 3.4
2.8 2.94 4.66 3.6
2.74 3.38 4.04 3.42
2.7 3.26 4.28 3.54
2.86 2.48 5.04 3.52
2.68 2.94 4.22 3.16
2.76 2.88 4.62 3.5
2.72 2.9 4.28 3.18
2.72 2.92 4.4 3.32
2.68 2.64 4.92 3.56
2.78 2.86 4.5 3.36
2.72 2.98 4.42 3.4
2.78 3.1 4.16 3.26
2.84 3.08 4.52 3.6
2.68 3.28 4.0 3.28
2.7 3.48 3.94 3.42
2.76 2.92 4.58 3.5
2.7 3.06 4.12 3.18
2.66 3.08 4.44 3.52
2.72 2.52 4.82 3.34
2.58 2.96 4.18 3.14
2.74 3.16 3.9 3.06
2.72 3.12 4.34 3.46
2.64 3.56 3.98 3.54
2.64 3.14 3.94 3.08
2.68 2.78 4.6 3.38
2.76 2.66 4.64 3.3
2.68 3.02 4.44 3.46
2.72 3.44 3.86 3.3
2.82 3.42 4.24 3.66
2.5 3.02 4.14 3.16
2.66 3.3 4.06 3.36
2.76 3.24 4.44 3.68
2.74 3.48 4.08 3.56
2.76 3.8 3.78 3.58
2.8 2.86 4.74 3.6
2.74 3.38 4.16 3.54
2.68 2.86 4.32 3.18
2.82 3.38 3.62 3.0
2.64 2.78 4.3 3.08
2.7 3.06 4.36 3.42
2.78 3.38 3.76 3.14
2.64 2.92 4.46 3.38
2.78 3.06 4.68 3.74
2.6 3.14 4.24 3.38
2.84 3.4 4.54 3.94
2.7 3.08 4.28 3.36
2.78 3.04 4.04 3.08
2.6 3.3 3.66 2.96
2.66 2.54 4.76 3.3
2.8 3.84 3.76 3.6
2.7 3.22 3.9 3.12
2.82 3.34 4.44 3.78
2.8 3.06 4.32 3.38
2.7 3.12 4.1 3.22
2.74 3.2 4.08 3.28
2.74 3.6 3.84 3.44
2.72 3.7 3.7 3.4
2.78 2.96 4.58 3.54
2.8 3.28 4.46 3.74
2.7 3.42 4.02 3.44
2.64 3.2 3.8 3.0
2.86 3.3 4.24 3.54
2.66 3.34 4.0 3.34
2.8 3.22 4.28 3.5
2.7 3.26 3.98 3.24
2.82 3.38 4.18 3.56
2.84 3.18 4.5 3.68
2.76 3.1 4.34 3.44
2.7 3.24 4.2 3.44
2.72 3.1 4.22 3.32
2.62 3.36 3.94 3.3
2.72 3.38 3.88 3.26
2.78 3.22 4.08 3.3
2.74 2.92 4.62 3.54
2.72 3.28 3.98 3.26
2.84 3.62 3.94 3.56
2.74 3.22 4.24 3.46
2.6 3.36 3.66 3.02
2.76 3.16 4.28 3.44
2.7 3.28 4.12 3.4
2.76 3.38 3.72 3.1
2.84 3.06 4.14 3.2
2.64 3.12 4.18 3.3
2.82 2.88 5.02 3.9
2.74 3.22 4.24 3.46
2.7 2.92 4.52 3.44
2.76 2.96 4.28 3.24
2.82 3.66 4.18 3.84
2.68 3.06 4.14 3.2
2.52 2.64 4.2 2.84
2.72 2.78 4.54 3.32
2.72 3.34 4.16 3.5
2.8 3.34 4.26 3.6
2.7 2.94 4.12 3.06
2.72 2.88 4.54 3.42
2.6 2.76 4.48 3.24
2.76 2.96 4.52 3.48
2.74 2.64 4.98 3.62
2.8 3.82 3.64 3.46
2.72 2.82 4.44 3.26
2.78 3.44 3.98 3.42
2.72 2.78 4.44 3.22
2.64 2.84 4.74 3.58
2.64 3.44 3.98 3.42
2.62 3.12 3.88 3.0
2.7 2.84 4.26 3.1
2.84 3.28 4.2 3.48
2.76 3.78 3.5 3.28
2.62 3.22 3.72 2.94
2.8 2.98 4.7 3.68
2.76 3.02 4.18 3.2
2.78 3.36 4.14 3.5
2.64 3.28 3.98 3.26
2.68 3.2 4.26 3.46
2.72 3.58 4.22 3.8
2.74 3.4 3.92 3.32
2.68 2.8 4.42 3.22
2.74 3.24 4.12 3.36
2.78 2.94 4.68 3.62
2.72 3.44 4.3 3.74
2.7 3.0 4.18 3.18
2.76 3.18 4.16 3.34
2.78 2.9 4.34 3.24
2.66 3.42 3.78 3.2
2.68 3.12 4.2 3.32
2.74 3.16 4.36 3.52
2.76 3.5 3.9 3.4
2.68 3.18 4.28 3.46
2.72 3.22 4.44 3.66
2.68 3.38 4.24 3.62
2.76 2.98 4.44 3.42
2.6 3.04 4.26 3.3
2.68 3.4 3.9 3.3
2.68 3.12 4.14 3.26
2.74 2.88 4.3 3.18
2.74 2.96 4.42 3.38
2.64 2.68 4.34 3.02
2.58 2.92 4.22 3.14
2.7 2.84 4.28 3.12
2.46 2.96 3.98 2.94
2.7 3.06 4.34 3.4
2.74 3.18 4.2 3.38
2.7 2.98 4.32 3.3
2.7 3.0 4.62 3.62
2.68 3.7 3.34 3.04
2.66 3.44 4.06 3.5
2.72 3.54 3.62 3.16
2.68 2.58 4.9 3.48
2.84 3.18 4.28 3.46
2.74 3.36 4.18 3.54
2.8 3.26 4.32 3.58
2.62 2.94 3.98 2.92
2.82 2.84 4.74 3.58
2.6 3.28 3.96 3.24
2.78 3.62 3.82 3.44
2.78 3.22 4.16 3.38
2.7 3.0 4.1 3.1
2.7 3.24 4.28 3.52
2.76 3.48 3.8 3.28
2.8 3.28 4.42 3.7
2.8 3.02 4.48 3.5
2.72 3.5 4.12 3.62
2.78 3.42 3.88 3.3
2.76 3.32 4.08 3.4
2.82 3.64 4.26 3.9
2.8 3.38 4.16 3.54
2.78 3.16 4.58 3.74
2.72 3.18 4.34 3.52
2.62 2.94 4.2 3.14
2.8 3.62 3.96 3.58
2.74 3.64 3.98 3.62
2.66 3.06 4.24 3.3
2.82 3.08 4.62 3.7
2.68 3.12 3.94 3.06
2.58 2.98 4.22 3.2
2.76 3.1 4.04 3.14
2.7 3.5 3.66 3.16
2.72 3.74 3.8 3.54
2.7 3.4 4.02 3.42
2.66 3.08 4.14 3.22
2.74 3.12 4.38 3.5
2.8 3.06 4.48 3.54
2.68 3.48 3.86 3.34
2.86 3.72 4.06 3.78
2.7 3.48 4.2 3.68
2.7 3.1 4.2 3.3
2.62 3.44 3.84 3.28
2.7 3.0 4.26 3.26
2.74 3.0 4.4 3.4
2.64 3.04 4.08 3.12
2.52 2.78 4.16 2.94
2.54 2.72 4.34 3.06
2.78 3.14 4.22 3.36
2.82 2.86 4.7 3.56
2.62 3.14 4.0 3.14
2.72 3.06 3.94 3.0
2.74 2.9 4.38 3.28
2.7 3.08 4.22 3.3
2.64 3.2 4.04 3.24
2.7 3.56 3.84 3.4
2.78 3.04 4.4 3.44
2.74 2.86 4.54 3.4
2.8 2.9 4.48 3.38
2.78 2.76 5.06 3.82
2.8 3.34 3.98 3.32
2.68 3.54 3.88 3.42
2.68 3.08 4.1 3.18
2.74 3.12 4.56 3.68
2.56 2.86 4.38 3.24
2.84 2.9 4.22 3.12
2.6 3.44 3.68 3.12
2.78 2.92 4.84 3.76
2.62 3.3 4.16 3.46
2.6 3.28 3.82 3.1
2.82 3.26 4.52 3.78
2.66 3.34 4.2 3.54
2.72 3.12 4.22 3.34
2.78 3.44 4.0 3.44
2.74 2.88 4.54 3.42
2.74 3.18 4.32 3.5
2.6 3.16 3.8 2.96
2.68 3.16 4.4 3.56
2.78 3.18 4.48 3.66
2.86 2.94 4.72 3.66
2.78 3.1 4.54 3.64
2.68 3.06 4.28 3.34
2.72 3.48 3.72 3.2
2.7 3.24 4.0 3.24
2.74 3.42 4.34 3.76
2.76 3.12 4.38 3.5
2.68 3.52 4.0 3.52
2.7 3.08 4.2 3.28
2.68 3.08 4.32 3.4
2.64 3.14 3.88 3.02
2.72 2.94 4.22 3.16
2.66 2.84 4.5 3.34
2.7 3.28 4.36 3.64
2.66 2.62 4.74 3.36
2.66 3.42 3.64 3.06
2.64 3.28 4.0 3.28
2.74 2.8 4.7 3.5
2.74 2.86 4.2 3.06
2.72 3.0 4.12 3.12
2.78 3.12 4.6 3.72
2.78 3.5 3.58 3.08
2.78 3.7 3.74 3.44
2.84 3.32 4.42 3.74
2.7 2.98 4.34 3.32
2.76 3.08 4.68 3.76
2.74 3.16 4.28 3.44
2.84 3.16 4.3 3.46
2.86 3.3 4.52 3.82
2.78 2.98 4.42 3.4
2.68 2.9 4.24 3.14
2.64 3.02 4.36 3.38
2.62 3.1 4.18 3.28
2.74 3.26 4.06 3.32
2.74 3.34 4.28 3.62
2.64 3.98 3.6 3.58
2.76 2.68 4.56 3.24
2.72 3.24 4.22 3.46
2.68 3.06 4.28 3.34
2.74 2.76 4.48 3.24
2.66 3.26 4.06 3.32
2.72 2.9 4.52 3.42
2.62 2.86 4.4 3.26
2.66 3.24 4.32 3.56
2.92 3.34 4.2 3.54
2.74 3.22 4.22 3.44
2.7 3.08 4.24 3.32
2.72 2.8 4.62 3.42
2.78 3.9 3.56 3.46
2.7 2.86 4.42 3.28
2.58 3.12 4.22 3.34
2.7 2.94 4.22 3.16
2.76 3.44 4.26 3.7
2.76 3.14 3.9 3.04
2.72 3.02 4.24 3.26
2.8 2.94 4.74 3.68
2.66 3.28 3.92 3.2
2.74 2.94 4.48 3.42
2.62 3.16 3.76 2.92
2.48 2.9 4.06 2.96
2.78 3.06 4.5 3.56
2.82 3.46 4.06 3.52
2.68 3.52 4.1 3.62
2.6 2.72 4.5 3.22
2.74 3.54 3.72 3.26
2.66 3.0 4.32 3.32
2.76 3.1 4.2 3.3
2.72 2.9 4.72 3.62
2.56 3.38 3.54 2.92
2.72 3.5 3.78 3.28
2.84 2.92 4.52 3.44
2.66 3.08 4.08 3.16
2.84 3.24 4.32 3.56
2.76 3.34 3.9 3.24
2.78 3.58 3.9 3.48
2.68 3.14 4.26 3.4
2.64 2.9 4.42 3.32
2.62 3.68 3.84 3.52
2.72 2.9 4.74 3.64
2.82 3.72 3.98 3.7
2.66 2.78 4.48 3.26
2.68 3.36 3.78 3.14
2.76 2.86 4.42 3.28
2.74 3.4 3.74 3.14
2.8 3.14 4.24 3.38
2.72 3.0 4.28 3.28
2.78 2.8 4.62 3.42
2.7 3.36 4.32 3.68
2.76 3.6 3.8 3.4
2.68 3.3 3.92 3.22
2.72 3.28 4.54 3.82
2.76 3.18 4.22 3.4
2.6 3.68 3.68 3.36
2.68 3.36 3.9 3.26
2.64 3.04 4.16 3.2
2.8 3.36 4.26 3.62
2.68 3.14 4.38 3.52
2.66 3.4 3.84 3.24
2.8 3.08 4.38 3.46
2.8 3.22 4.46 3.68
2.76 3.08 4.16 3.24
2.7 2.5 4.76 3.26
2.7 3.12 4.24 3.36
2.74 3.28 4.26 3.54
2.6 3.44 3.58 3.02
2.64 2.86 3.76 2.62
2.64 3.56 4.0 3.56
2.78 3.76 3.68 3.44
2.56 3.16 3.96 3.12
2.62 3.42 3.56 2.98
2.58 2.76 4.3 3.06
2.7 2.68 4.4 3.08
2.76 3.4 4.18 3.58
2.58 3.16 4.08 3.24
2.74 3.2 4.24 3.44
2.56 3.2 4.12 3.32
2.66 3.58 3.92 3.5
2.68 3.24 4.26 3.5
2.76 3.16 4.38 3.54
2.46 2.88 4.12 3.0
2.74 3.84 3.32 3.16
2.7 3.44 4.02 3.46
2.72 3.36 4.2 3.56
2.68 3.54 3.92 3.46
2.7 2.74 4.54 3.28
2.74 3.12 4.34 3.46
2.74 3.08 4.14 3.22
2.74 3.04 4.58 3.62
2.84 3.06 4.58 3.64
2.76 3.04 4.46 3.5
2.72 3.24 4.48 3.72
2.58 3.3 3.78 3.08
2.64 3.22 4.1 3.32
2.62 3.06 4.34 3.4
2.86 3.3 4.32 3.62
2.66 2.96 4.4 3.36
2.72 2.7 4.36 3.06
2.72 3.0 4.3 3.3
2.66 3.46 3.96 3.42
2.76 3.26 4.62 3.88
2.64 2.82 4.24 3.06
2.82 3.32 4.2 3.52
2.76 2.94 4.64 3.58
2.68 3.4 3.8 3.2
2.8 3.0 4.74 3.74
2.66 3.5 3.94 3.44
2.7 3.12 3.98 3.1
2.64 3.64 3.88 3.52
2.78 3.2 4.34 3.54
2.62 2.88 4.34 3.22
2.68 3.48 3.94 3.42
2.66 3.04 4.28 3.32
2.82 3.26 4.26 3.52
2.8 3.5 4.08 3.58
2.78 3.3 4.18 3.48
2.74 3.4 4.1 3.5
2.6 3.48 3.74 3.22
2.8 3.44 4.22 3.66
2.64 2.7 4.78 3.48
2.7 3.8 3.78 3.58
2.78 3.08 4.78 3.86
2.72 3.44 3.94 3.38
2.68 3.1 4.56 3.66
2.68 2.8 4.58 3.38
2.68 3.14 4.1 3.24
2.84 3.42 4.16 3.58
2.64 2.66 4.74 3.4
2.7 2.88 4.3 3.18
2.78 2.96 4.48 3.44
2.78 3.18 4.3 3.48
2.76 3.2 4.12 3.32
2.72 2.76 4.8 3.56
2.8 3.08 4.34 3.42
2.8 2.94 4.74 3.68
2.82 3.48 4.1 3.58
2.76 3.1 4.64 3.74
2.82 3.08 4.3 3.38
2.78 3.24 4.06 3.3
2.56 3.0 4.28 3.28
2.74 3.2 4.22 3.42
2.66 3.0 4.38 3.38
2.68 2.94 4.44 3.38
2.86 3.22 4.44 3.66
2.56 2.94 4.24 3.18
2.68 3.08 4.28 3.36
2.74 2.56 4.92 3.48
2.78 3.04 4.6 3.64
2.6 2.82 4.7 3.52
2.78 2.66 4.86 3.52
2.62 3.12 3.8 2.92
2.7 3.1 4.14 3.24
2.66 3.48 3.9 3.38
2.66 3.4 3.84 3.24
2.68 3.32 3.82 3.14
2.58 3.32 3.78 3.1
2.8 3.06 4.54 3.6
2.7 3.08 4.38 3.46
2.66 2.72 4.36 3.08
2.68 2.7 4.8 3.5
2.74 3.24 4.36 3.6
2.8 3.0 4.54 3.54
2.66 3.34 3.92 3.26
2.7 2.96 4.26 3.22
2.74 3.32 4.36 3.68
2.78 2.94 4.42 3.36
2.76 2.74 4.72 3.46
2.68 2.78 4.64 3.42
2.72 3.24 4.02 3.26
2.72 3.04 4.34 3.38
2.76 2.88 4.52 3.4
2.82 3.5 3.78 3.28
2.68 3.2 4.24 3.44
2.66 2.96 4.34 3.3
2.66 3.54 4.02 3.56
2.84 3.22 4.46 3.68
2.74 2.88 4.48 3.36
2.66 3.38 3.52 2.9
2.68 3.62 4.02 3.64
2.72 3.14 3.98 3.12
2.72 3.04 4.3 3.34
2.8 3.12 4.44 3.56
2.72 2.72 4.4 3.12
2.78 2.94 4.4 3.34
2.8 3.2 4.26 3.46
2.76 2.9 4.66 3.56
2.7 3.02 4.54 3.56
2.8 3.12 4.3 3.42
2.76 3.6 3.98 3.58
2.72 3.42 3.98 3.4
2.68 3.24 4.28 3.52
2.62 3.1 4.04 3.14
2.7 2.84 4.8 3.64
2.54 3.22 4.04 3.26
2.78 2.92 4.66 3.58
2.78 3.4 4.2 3.6
2.76 3.34 4.1 3.44
2.58 3.16 3.78 2.94
2.7 3.0 4.14 3.14
2.74 3.72 3.94 3.66
2.78 2.86 4.64 3.5
2.66 2.94 4.02 2.96
2.7 3.18 4.2 3.38
2.66 3.48 3.68 3.16
2.58 2.88 4.14 3.02
2.8 3.22 4.42 3.64
2.68 2.9 4.68 3.58
2.6 3.12 4.3 3.42
2.56 3.28 3.94 3.22
2.66 2.84 4.48 3.32
2.68 3.22 4.06 3.28
2.6 3.14 4.0 3.14
2.78 2.74 4.9 3.64
2.82 3.3 3.94 3.24
2.68 3.36 4.1 3.46
2.76 3.04 4.38 3.42
2.76 3.32 4.38 3.7
2.64 3.46 3.7 3.16
2.6 3.1 4.0 3.1
2.64 3.32 3.92 3.24
2.66 3.34 4.16 3.5
2.72 2.72 4.46 3.18
2.66 3.02 4.16 3.18
2.72 3.5 3.74 3.24
2.68 3.44 3.92 3.36
2.68 3.18 4.18 3.36
2.74 2.96 4.56 3.52
2.7 3.42 3.96 3.38
2.74 3.1 4.62 3.72
2.72 3.32 3.94 3.26
2.78 3.48 4.04 3.52
2.62 3.5 3.84 3.34
2.72 3.36 4.08 3.44
2.76 3.54 3.94 3.48
2.74 3.36 4.38 3.74
2.62 2.6 4.2 2.8
2.72 2.8 4.28 3.08
2.76 2.64 4.54 3.18
2.68 3.12 4.32 3.44
2.68 3.06 4.1 3.16
2.8 3.02 4.38 3.4
2.82 3.3 4.1 3.4
2.7 3.24 4.34 3.58
2.7 3.34 4.32 3.66
2.8 3.46 4.04 3.5
2.74 3.26 4.14 3.4
2.82 3.14 4.52 3.66
2.72 3.14 4.24 3.38
2.84 2.98 4.48 3.46
2.78 3.5 3.88 3.38
2.88 3.32 4.14 3.46
2.74 2.92 4.56 3.48
2.74 3.02 4.52 3.54
2.62 3.64 3.98 3.62
2.76 3.72 3.88 3.6
2.74 2.8 4.32 3.12
2.6 2.76 4.24 3.0
2.58 2.9 4.16 3.06
2.76 3.46 4.06 3.52
2.88 2.96 4.72 3.68
2.72 3.08 4.3 3.38
2.6 3.26 4.1 3.36
2.76 3.12 4.42 3.54
2.66 2.78 4.38 3.16
2.7 2.78 4.52 3.3
2.7 2.98 4.66 3.64
2.72 3.12 4.12 3.24
2.86 3.34 3.98 3.32
2.54 3.14 4.12 3.26
2.7 3.38 4.28 3.66
2.7 2.92 4.5 3.42
2.76 3.34 4.36 3.7
2.7 2.8 4.5 3.3
2.72 3.26 4.38 3.64
2.72 3.36 4.1 3.46
2.74 3.42 4.06 3.48
2.48 2.74 4.18 2.92
2.72 2.8 4.5 3.3
2.66 2.72 4.6 3.32
2.74 2.8 4.26 3.06
2.68 2.74 4.72 3.46
2.74 3.04 4.38 3.42
2.92 3.36 4.34 3.7
2.66 3.22 3.78 3.0
2.82 2.58 4.92 3.5
2.68 2.54 4.74 3.28
2.62 2.74 4.6 3.34
2.76 3.08 4.28 3.36
2.74 3.84 3.74 3.58
2.64 2.94 4.08 3.02
2.78 3.2 4.52 3.72
2.62 3.58 3.78 3.36
2.7 2.84 4.4 3.24
2.6 3.2 4.18 3.38
2.66 2.82 4.26 3.08
2.76 3.12 4.48 3.6
2.68 2.8 4.62 3.42
2.6 3.1 3.76 2.86
2.68 3.18 4.16 3.34
2.78 3.3 4.06 3.36
2.88 3.54 4.08 3.62
2.88 3.32 4.16 3.48
2.62 3.64 3.34 2.98
2.7 3.1 3.94 3.04
2.76 3.24 4.18 3.42
2.64 2.94 4.18 3.12
2.72 3.16 3.92 3.08
2.78 3.16 4.48 3.64
2.78 3.02 4.58 3.6
2.76 3.52 3.8 3.32
2.6 3.04 4.48 3.52
2.82 3.12 4.62 3.74
2.84 3.3 4.3 3.6
2.66 3.36 3.7 3.06
2.7 2.74 4.62 3.36
2.7 3.28 4.2 3.48
2.78 3.08 4.12 3.2
2.76 3.34 4.14 3.48
2.7 3.22 4.3 3.52
2.72 2.94 4.18 3.12
2.74 2.84 4.64 3.48
2.62 2.9 4.0 2.9
2.78 3.04 4.24 3.28
2.7 2.96 4.3 3.26
2.6 2.96 4.28 3.24
2.74 3.14 4.18 3.32
2.76 3.24 3.88 3.12
2.72 2.76 4.6 3.36
2.52 3.48 3.54 3.02
2.7 2.86 4.42 3.28
2.6 2.5 4.94 3.44
2.74 2.92 4.44 3.36
2.68 3.46 4.24 3.7
2.64 3.26 4.0 3.26
2.74 3.54 4.08 3.62
2.76 3.46 3.9 3.36
2.66 2.8 4.56 3.36
2.76 3.02 4.44 3.46
2.74 3.34 4.02 3.36
2.8 3.32 4.2 3.52
2.74 3.4 4.08 3.48
2.8 3.38 4.24 3.62
2.62 3.1 4.1 3.2
2.82 3.48 4.46 3.94
2.52 2.88 4.1 2.98
2.66 2.82 4.76 3.58
2.7 3.38 4.06 3.44
2.66 3.5 4.0 3.5
2.78 3.04 4.34 3.38
2.7 3.24 4.24 3.48
2.82 3.24 4.18 3.42
2.74 2.94 4.48 3.42
2.72 2.88 4.18 3.06
2.64 2.64 4.58 3.22
2.76 3.48 3.98 3.46
2.74 3.14 4.24 3.38
2.7 3.32 4.26 3.58
2.62 3.08 4.3 3.38
2.74 3.22 4.08 3.3
2.64 3.36 3.82 3.18
2.7 3.0 4.36 3.36
2.72 3.2 4.02 3.22
2.78 3.26 3.94 3.2
2.82 3.06 4.32 3.38
2.66 3.44 3.82 3.26
2.62 3.22 4.22 3.44
2.58 3.48 3.84 3.32
2.8 3.24 4.56 3.8
2.72 2.94 4.78 3.72
2.68 3.1 4.32 3.42
2.72 4.04 3.14 3.18
2.68 3.1 4.22 3.32
2.62 3.1 4.18 3.28
2.8 3.5 4.42 3.92
2.72 3.42 4.28 3.7
2.74 3.2 4.22 3.42
2.64 3.36 3.94 3.3
2.62 2.62 4.7 3.32
2.78 2.9 4.6 3.5
2.78 3.32 4.1 3.42
2.62 3.3 3.9 3.2
2.7 2.98 4.58 3.56
2.44 2.86 3.86 2.72
2.66 3.72 3.68 3.4
2.52 3.3 3.9 3.2
2.78 3.26 3.84 3.1
2.6 3.06 4.42 3.48
2.62 3.32 4.3 3.62
2.68 2.94 4.3 3.24
2.74 3.64 3.72 3.36
2.72 3.46 4.24 3.7
2.6 3.26 3.7 2.96
2.7 2.94 4.46 3.4
2.74 2.86 4.46 3.32
2.64 3.04 3.88 2.92
2.48 2.94 4.12 3.06
2.78 3.48 4.24 3.72
2.76 3.32 4.18 3.5
2.82 3.04 4.68 3.72
2.76 2.96 4.42 3.38
2.78 3.02 4.32 3.34
2.72 2.34 4.96 3.3
2.72 2.92 4.54 3.46
2.7 3.24 4.02 3.26
2.68 3.28 4.38 3.66
2.74 3.66 3.64 3.3
2.68 2.88 4.38 3.26
2.68 3.06 4.3 3.36
2.72 3.04 4.4 3.44
2.7 3.12 4.42 3.54
2.76 3.28 4.08 3.36
2.52 3.02 4.2 3.22
2.76 2.96 4.16 3.12
2.74 2.7 4.86 3.56
2.74 3.18 4.08 3.26
2.7 3.68 4.0 3.68
2.68 2.96 4.22 3.18
2.64 2.96 4.1 3.06
2.66 2.94 4.42 3.36
2.72 3.04 4.42 3.46
2.72 3.4 3.96 3.36
2.52 2.72 4.06 2.78
2.74 3.78 3.66 3.44
2.72 3.76 3.58 3.34
2.62 2.72 4.3 3.02
2.8 3.44 4.36 3.8
2.86 3.76 3.94 3.7
2.68 2.94 4.14 3.08
2.7 3.16 3.98 3.14
2.6 2.8 4.44 3.24
2.76 3.34 4.0 3.34
2.72 3.32 4.02 3.34
2.7 3.14 4.12 3.26
2.68 2.94 4.46 3.4
2.78 2.9 4.94 3.84
2.64 2.7 4.3 3.0
2.76 3.46 4.3 3.76
2.72 3.38 4.06 3.44
2.74 3.34 4.24 3.58
2.68 3.04 4.24 3.28
2.74 3.3 4.26 3.56
2.76 3.0 4.42 3.42
2.84 3.46 4.26 3.72
2.72 3.02 4.46 3.48
2.74 3.14 4.26 3.4
2.66 2.76 4.68 3.44
2.68 2.7 4.7 3.4
2.8 2.92 4.46 3.38
2.84 2.82 4.66 3.48
2.64 2.66 4.78 3.44
2.76 3.04 4.52 3.56
2.8 2.94 4.54 3.48
2.7 2.96 4.66 3.62
2.92 3.14 4.56 3.7
2.66 3.06 4.24 3.3
2.6 3.62 4.08 3.7
2.82 3.28 4.26 3.54
2.68 2.94 4.08 3.02
2.76 3.1 4.5 3.6
2.68 3.62 3.8 3.42
2.68 2.62 4.42 3.04
2.66 3.66 3.8 3.46
2.74 3.2 4.3 3.5
2.78 3.62 4.12 3.74
2.68 2.72 4.48 3.2
2.58 3.08 3.84 2.92
2.64 3.16 4.12 3.28
2.48 3.2 3.78 2.98
2.72 2.8 4.7 3.5
2.62 2.9 4.1 3.0
2.68 2.76 4.4 3.16
2.78 3.2 4.3 3.5
2.66 3.1 4.42 3.52
2.52 2.88 4.3 3.18
2.66 3.02 4.24 3.26
2.7 3.46 4.16 3.62
2.74 2.94 4.04 2.98
2.84 2.72 4.76 3.48
2.82 2.98 4.52 3.5
2.78 2.9 4.56 3.46
2.6 3.08 4.1 3.18
2.7 3.2 4.16 3.36
2.78 3.16 4.3 3.46
2.76 3.18 4.02 3.2
2.66 3.58 3.76 3.34
2.68 3.36 4.22 3.58
2.7 2.82 4.56 3.38
2.8 3.54 4.2 3.74
2.7 3.52 4.04 3.56
2.68 3.02 4.2 3.22
2.92 2.8 4.8 3.6
2.66 3.06 4.24 3.3
2.74 2.88 4.36 3.24
2.68 3.28 4.04 3.32
2.72 2.64 4.78 3.42
2.74 3.58 3.82 3.4
2.78 3.08 4.44 3.52
2.86 3.02 4.88 3.9
2.68 3.2 3.58 2.78
2.5 3.04 3.92 2.96
2.8 3.16 4.26 3.42
2.68 3.14 4.64 3.78
2.82 3.58 4.16 3.74
2.7 3.4 3.96 3.36
2.74 2.9 4.42 3.32
2.72 3.2 4.26 3.46
2.74 3.26 4.16 3.42
2.76 3.34 4.24 3.58
2.72 3.24 3.84 3.08
2.68 2.96 4.16 3.12
2.78 3.32 4.14 3.46
2.74 2.98 4.38 3.36
2.78 3.56 3.94 3.5
2.72 3.14 4.22 3.36
2.82 3.06 4.38 3.44
2.74 3.14 3.94 3.08
2.8 3.36 4.12 3.48
2.52 3.02 3.9 2.92
2.78 3.1 4.3 3.4
2.74 2.96 4.3 3.26
2.7 3.74 3.88 3.62
2.6 3.4 3.9 3.3
2.74 3.64 3.58 3.22
2.66 3.04 4.16 3.2
2.78 3.4 4.02 3.42
2.72 3.24 4.28 3.52
2.72 2.96 4.28 3.24
2.78 3.26 4.32 3.58
2.66 3.56 3.92 3.48
2.7 3.24 4.16 3.4
2.66 3.06 4.34 3.4
2.72 3.1 4.58 3.68
2.74 3.1 4.22 3.32
2.72 3.2 4.38 3.58
2.78 3.24 3.94 3.18
2.58 3.82 3.02 2.84
2.7 3.1 3.96 3.06
2.74 2.92 4.44 3.36
2.76 3.14 4.12 3.26
2.88 3.5 4.0 3.5
2.62 3.26 4.22 3.48
2.66 2.98 4.24 3.22
2.6 3.52 3.72 3.24
2.74 3.48 3.7 3.18
2.68 2.86 4.46 3.32
2.72 2.94 4.2 3.14
2.76 2.74 4.46 3.2
2.66 3.24 4.1 3.34
2.62 2.78 4.2 2.98
2.66 3.36 4.06 3.42
2.62 3.3 4.08 3.38
2.66 2.98 4.36 3.34
2.68 3.8 3.86 3.66
2.8 2.84 4.8 3.64
2.64 3.32 3.78 3.1
2.76 2.82 4.7 3.52
2.78 3.12 4.62 3.74
2.74 3.6 4.12 3.72
2.64 3.22 4.04 3.26
2.62 3.2 3.72 2.92
2.66 2.8 4.56 3.36
2.72 3.3 4.4 3.7
2.7 3.3 4.18 3.48
2.7 3.06 4.5 3.56
2.68 2.72 4.66 3.38
2.56 3.18 3.96 3.14
2.8 3.1 4.16 3.26
2.76 3.28 4.1 3.38
2.64 2.9 4.2 3.1
2.76 3.18 4.48 3.66
2.78 3.12 4.64 3.76
2.72 3.58 3.72 3.3
2.7 2.66 4.3 2.96
2.68 2.44 4.88 3.32
2.72 3.1 4.36 3.46
2.86 2.92 4.64 3.56
2.76 2.82 4.54 3.36
2.84 3.38 4.16 3.54
2.84 3.2 4.4 3.6
2.76 2.9 4.58 3.48
2.74 2.84 4.48 3.32
2.8 3.34 4.2 3.54
2.74 2.76 4.68 3.44
2.72 3.16 4.14 3.3
2.58 3.16 4.08 3.24
2.78 3.56 4.06 3.62
2.78 3.54 3.92 3.46
2.72 2.84 4.38 3.22
2.74 3.14 4.26 3.4
2.8 3.5 4.1 3.6
2.82 3.34 4.24 3.58
2.78 3.18 4.44 3.62
2.64 3.36 4.1 3.46
2.72 3.92 3.76 3.68
2.74 2.94 4.16 3.1
2.66 3.64 3.82 3.46
2.74 3.2 4.26 3.46
2.76 3.92 3.84 3.76
2.74 2.78 4.64 3.42
2.66 3.16 4.02 3.18
2.76 3.02 4.48 3.5
2.78 3.84 3.28 3.12
2.64 2.94 4.42 3.36
2.7 3.18 4.12 3.3
2.62 3.44 3.54 2.98
2.86 3.34 4.54 3.88
2.7 2.64 4.92 3.56
2.76 3.18 4.46 3.64
2.74 3.04 4.04 3.08
2.76 3.32 4.16 3.48
2.74 3.14 4.18 3.32
2.64 2.64 4.64 3.28
2.72 2.74 4.6 3.34
2.74 2.92 4.64 3.56
2.76 3.22 4.22 3.44
2.6 3.26 4.08 3.34
2.86 3.66 4.08 3.74
2.66 3.12 4.06 3.18
2.68 3.46 4.04 3.5
2.76 3.5 4.14 3.64
2.72 2.58 4.88 3.46
2.8 2.98 4.5 3.48
2.68 3.02 4.34 3.36
2.8 3.48 4.26 3.74
2.72 2.58 4.62 3.2
2.66 3.26 4.2 3.46
2.8 2.84 4.4 3.24
2.7 3.18 4.44 3.62
2.66 3.34 4.26 3.6
2.64 2.9 4.54 3.44
2.78 3.24 4.28 3.52
2.82 3.14 4.6 3.74
2.6 2.72 4.46 3.18
2.8 3.26 4.44 3.7
2.76 2.84 4.9 3.74
2.7 2.96 4.28 3.24
2.58 3.2 4.14 3.34
2.8 3.14 4.02 3.16
2.78 3.02 4.26 3.28
2.82 3.4 4.2 3.6
2.68 3.0 3.88 2.88
2.72 2.76 4.74 3.5
2.74 3.36 4.18 3.54
2.8 2.8 4.94 3.74
2.66 2.88 4.3 3.18
2.72 3.3 4.22 3.52
2.72 3.24 4.1 3.34
2.66 3.14 4.2 3.34
2.82 3.02 4.42 3.44
2.58 3.12 3.78 2.9
2.72 2.88 4.34 3.22
2.68 2.96 4.38 3.34
2.8 3.44 4.38 3.82
2.58 2.86 4.36 3.22
2.76 4.0 3.56 3.56
2.78 3.02 4.46 3.48
2.82 3.26 4.36 3.62
2.74 3.18 4.04 3.22
2.7 3.04 4.36 3.4
2.64 3.22 3.86 3.08
2.66 3.1 4.22 3.32
2.8 3.14 4.22 3.36
2.74 2.98 4.46 3.44
2.64 3.3 4.16 3.46
2.7 3.0 4.42 3.42
2.82 2.96 4.56 3.52
2.56 2.76 4.38 3.14
2.66 3.08 4.26 3.34
2.62 2.9 4.3 3.2
2.78 3.5 4.2 3.7
2.6 3.32 3.92 3.24
2.86 3.86 3.8 3.66
2.76 2.94 4.6 3.54
2.68 3.04 4.08 3.12
2.62 3.14 4.36 3.5
2.72 3.38 4.12 3.5
2.7 3.5 3.84 3.34
2.66 3.26 4.12 3.38
2.7 3.32 4.02 3.34
2.88 2.78 4.52 3.3
2.8 3.48 4.38 3.86
2.68 2.92 4.32 3.24
2.72 3.5 4.14 3.64
2.64 3.58 3.82 3.4
2.72 2.96 4.38 3.34
2.76 3.1 4.18 3.28
2.72 3.3 3.98 3.28
2.76 2.9 4.36 3.26
2.64 3.4 3.76 3.16
2.72 3.36 3.96 3.32
2.7 2.64 5.0 3.64
2.84 3.36 4.28 3.64
2.6 2.48 4.8 3.28
2.82 3.54 4.04 3.58
2.74 3.22 4.06 3.28
2.8 3.44 3.96 3.4
2.6 3.36 4.2 3.56
2.64 3.08 4.1 3.18
2.72 3.02 4.36 3.38
2.84 3.08 4.52 3.6
2.76 3.12 4.06 3.18
2.72 3.06 4.34 3.4
2.72 3.12 4.32 3.44
2.6 3.24 4.24 3.48
2.76 2.84 4.52 3.36
2.86 2.86 4.76 3.62
2.62 3.4 3.96 3.36
2.74 3.46 4.0 3.46
2.84 2.74 4.48 3.22
2.76 3.24 4.44 3.68
2.66 3.26 3.72 2.98
2.66 3.24 3.92 3.16
2.78 3.36 3.98 3.34
2.6 2.86 4.2 3.06
2.58 2.76 4.52 3.28
2.74 2.84 4.64 3.48
2.74 3.2 4.0 3.2
2.8 2.88 4.46 3.34
2.7 3.12 4.26 3.38
2.7 2.76 4.26 3.02
2.88 3.36 4.32 3.68
2.66 2.64 4.56 3.2
2.68 2.94 4.42 3.36
2.7 3.9 3.58 3.48
2.64 3.04 4.18 3.22
2.74 3.2 4.08 3.28
2.78 3.4 4.18 3.58
2.72 3.04 4.06 3.1
2.72 2.94 4.64 3.58
2.82 3.16 4.12 3.28
2.68 3.1 4.28 3.38
2.68 3.46 4.02 3.48
2.74 3.16 4.32 3.48
2.84 2.78 4.58 3.36
2.8 2.9 4.56 3.46
2.7 3.22 4.16 3.38
2.68 3.5 3.76 3.26
2.72 3.3 4.18 3.48
2.74 3.58 4.24 3.82
2.66 3.26 3.78 3.04
2.78 3.34 4.42 3.76
2.66 3.0 4.42 3.42
2.62 3.24 3.66 2.9
2.84 3.4 4.2 3.6
2.72 3.04 4.64 3.68
2.68 2.94 4.58 3.52
2.58 2.98 4.2 3.18
2.64 3.2 3.8 3.0
2.68 3.08 4.46 3.54
2.8 2.94 4.6 3.54
2.66 3.18 4.02 3.2
2.68 3.04 4.12 3.16
2.62 2.8 4.46 3.26
2.68 3.1 4.48 3.58
2.72 3.08 4.34 3.42
2.82 3.1 4.66 3.76
2.62 3.32 4.0 3.32
2.7 2.7 4.5 3.2
2.66 2.8 4.18 2.98
2.84 3.1 4.54 3.64
2.84 3.74 3.98 3.72
2.78 2.56 4.74 3.3
2.56 2.92 4.28 3.2
2.7 3.6 3.68 3.28
2.62 3.3 3.62 2.92
2.76 3.14 4.26 3.4
2.64 2.98 4.12 3.1
2.66 2.88 4.32 3.2
2.82 2.68 4.94 3.62
2.7 3.36 3.76 3.12
2.8 2.96 4.74 3.7
2.72 3.28 3.88 3.16
2.74 3.22 4.22 3.44
2.78 3.1 4.66 3.76
2.82 2.9 4.68 3.58
2.66 2.9 4.14 3.04
2.72 3.04 4.04 3.08
2.76 3.28 3.96 3.24
2.72 2.96 4.26 3.22
2.76 2.9 4.42 3.32
2.62 2.58 4.42 3.0
2.68 3.3 3.96 3.26
2.7 3.28 3.82 3.1
2.7 2.82 4.34 3.16
2.78 3.18 4.54 3.72
2.78 3.26 4.06 3.32
2.7 2.86 4.34 3.2
2.8 3.46 4.2 3.66
2.74 3.36 4.38 3.74
2.68 2.96 4.32 3.28
2.84 3.24 4.16 3.4
2.72 2.98 4.5 3.48
2.56 3.08 4.2 3.28
2.76 3.08 4.56 3.64
2.64 3.08 3.96 3.04
2.82 2.96 4.6 3.56
2.8 3.36 4.1 3.46
2.82 3.06 4.16 3.22
2.76 3.14 4.26 3.4
2.8 2.92 4.72 3.64
2.68 3.08 4.16 3.24
2.76 3.28 3.76 3.04
2.62 3.22 3.96 3.18
2.74 3.12 4.2 3.32
2.74 3.36 4.24 3.6
2.82 3.28 4.38 3.66
2.9 3.36 4.68 4.04
2.68 2.88 4.46 3.34
2.76 3.18 4.36 3.54
2.76 2.74 4.66 3.4
2.68 3.04 4.22 3.26
2.72 2.98 4.14 3.12
2.76 3.18 4.4 3.58
2.78 3.2 4.4 3.6
2.68 2.94 4.44 3.38
2.74 3.12 4.34 3.46
2.74 2.88 4.54 3.42
2.76 3.46 3.98 3.44
2.82 3.26 4.88 4.14
2.6 2.62 4.36 2.98
2.66 3.2 3.98 3.18
2.8 3.66 3.86 3.52
2.7 3.38 4.02 3.4
2.64 3.04 4.42 3.46
2.8 3.12 4.42 3.54
2.7 2.92 4.28 3.2
2.82 3.64 3.9 3.54
2.66 3.06 4.22 3.28
2.7 3.06 4.24 3.3
2.78 2.6 4.78 3.38
2.7 3.32 4.0 3.32
2.8 3.1 4.58 3.68
2.72 3.56 3.94 3.5
2.72 3.02 4.16 3.18
2.76 3.48 4.0 3.48
2.76 2.96 4.52 3.48
2.58 2.92 4.46 3.38
2.58 2.76 4.16 2.92
2.72 3.14 4.32 3.46
2.74 3.0 4.4 3.4
2.72 3.14 4.24 3.38
2.72 3.16 4.32 3.48
2.68 3.24 3.98 3.22
2.74 2.7 4.5 3.2
2.68 3.04 4.04 3.08
2.64 3.0 4.06 3.06
2.84 2.98 4.4 3.38
2.76 3.78 3.98 3.76
2.66 2.84 4.32 3.16
2.72 2.96 4.66 3.62
2.68 2.68 4.7 3.38
2.68 2.8 4.48 3.28
2.72 3.42 4.08 3.5
2.86 3.0 4.9 3.9
2.6 2.96 4.44 3.4
2.74 3.04 4.1 3.14
2.72 3.66 3.76 3.42
2.8 3.7 3.94 3.64
2.72 3.16 4.24 3.4
2.72 3.14 4.18 3.32
2.7 3.14 4.02 3.16
2.88 3.14 4.36 3.5
2.64 2.7 4.46 3.16
2.62 2.78 4.28 3.06
2.72 2.98 4.34 3.32
2.64 3.16 4.24 3.4
2.68 3.24 4.24 3.48
2.7 3.0 4.56 3.56
2.7 2.74 4.58 3.32
2.64 3.12 4.32 3.44
2.78 3.16 4.36 3.52
2.66 3.32 4.02 3.34
2.78 3.6 4.14 3.74
2.8 3.18 4.02 3.2
2.74 3.68 4.06 3.74
2.74 3.26 4.36 3.62
2.7 3.58 4.04 3.62
2.78 3.26 4.22 3.48
2.64 3.0 4.14 3.14
2.62 2.98 4.16 3.14
2.64 2.94 4.1 3.04
2.7 2.54 4.86 3.4
2.68 3.42 4.0 3.42
2.86 3.14 3.9 3.04
2.64 2.66 4.42 3.08
2.68 2.92 4.2 3.12
2.68 2.88 4.4 3.28
2.66 3.7 3.72 3.42
2.7 3.22 4.12 3.34
2.86 3.48 4.18 3.66
2.64 3.3 3.96 3.26
2.72 3.0 4.24 3.24
2.7 2.92 4.22 3.14
2.76 3.24 4.16 3.4
2.7 3.06 4.56 3.62
2.78 2.94 4.14 3.08
2.8 3.4 4.56 3.96
2.74 3.06 4.46 3.52
2.68 3.04 4.62 3.66
2.72 3.06 4.4 3.46
2.72 3.18 4.18 3.36
2.76 3.42 4.04 3.46
2.64 3.22 3.88 3.1
2.72 3.04 4.18 3.22
2.68 3.6 3.78 3.38
2.68 3.2 3.92 3.12
2.66 3.12 4.34 3.46
2.84 3.36 4.38 3.74
2.74 3.54 3.78 3.32
2.68 3.2 3.98 3.18
2.8 2.88 4.54 3.42
2.76 2.98 4.42 3.4
2.78 3.54 3.86 3.4
2.86 3.12 4.28 3.4
2.74 2.88 4.66 3.54
2.68 2.98 4.3 3.28
2.62 2.68 4.58 3.26
2.7 3.4 3.96 3.36
2.72 2.82 4.84 3.66
2.82 3.64 3.88 3.52
2.56 3.54 3.7 3.24
2.72 3.32 4.36 3.68
2.84 3.12 4.12 3.24
2.68 3.42 3.66 3.08
2.7 2.94 4.58 3.52
2.64 3.18 4.02 3.2
2.78 2.84 4.62 3.46
2.62 2.52 4.66 3.18
2.68 3.22 4.28 3.5
2.7 3.06 4.16 3.22
2.78 3.7 3.84 3.54
2.6 3.1 4.16 3.26
2.72 3.02 4.08 3.1
2.76 3.2 4.22 3.42
2.8 2.8 4.68 3.48
2.66 2.54 4.66 3.2
2.66 3.02 4.26 3.28
2.8 2.74 4.72 3.46
2.56 3.28 3.84 3.12
2.78 3.64 3.74 3.38
2.8 3.18 4.48 3.66
2.82 3.08 4.32 3.4
2.68 3.1 4.28 3.38
2.66 3.14 3.92 3.06
2.8 3.08 4.5 3.58
2.7 2.8 4.56 3.36
2.62 3.18 3.88 3.06
2.72 2.8 4.46 3.26
2.7 3.12 4.32 3.44
2.84 3.18 4.06 3.24
2.72 3.38 4.08 3.46
2.68 3.0 4.2 3.2
2.6 3.18 4.08 3.26
2.7 2.84 4.28 3.12
2.72 3.36 4.16 3.52
2.82 3.72 4.18 3.9
2.64 2.74 4.2 2.94
2.76 3.02 4.32 3.34
2.74 3.62 3.94 3.56
2.7 3.1 4.28 3.38
2.8 3.7 4.14 3.84
2.82 3.56 3.96 3.52
2.72 3.2 4.12 3.32
2.8 2.94 4.34 3.28
2.7 3.3 4.04 3.34
2.68 2.86 4.26 3.12
2.64 2.92 4.26 3.18
2.78 3.34 4.4 3.74
2.66 3.22 3.96 3.18
2.78 3.22 4.18 3.4
2.68 3.36 4.1 3.46
2.74 3.56 3.78 3.34
2.64 3.0 4.22 3.22
2.7 3.1 4.18 3.28
2.78 4.02 3.5 3.52
2.82 2.92 4.44 3.36
2.68 2.76 4.52 3.28
2.76 2.86 4.52 3.38
2.74 3.14 4.36 3.5
2.64 3.38 4.14 3.52
2.64 3.44 3.86 3.3
2.8 3.02 4.5 3.52
2.78 3.44 4.16 3.6
2.7 3.24 4.1 3.34
2.78 3.56 4.24 3.8
2.78 3.3 4.04 3.34
2.7 3.44 4.14 3.58
2.74 3.32 4.1 3.42
2.74 3.4 3.96 3.36
2.64 3.06 4.38 3.44
2.76 3.22 4.46 3.68
2.82 2.86 4.72 3.58
2.78 3.02 4.5 3.52
2.82 2.74 4.9 3.64
2.74 3.04 4.36 3.4
2.72 3.74 4.2 3.94
2.68 3.26 4.0 3.26
2.64 3.18 4.18 3.36
2.76 3.12 4.4 3.52
2.54 2.5 4.58 3.08
2.8 3.4 4.06 3.46
2.64 2.84 4.34 3.18
2.74 2.72 4.82 3.54
2.82 2.74 4.62 3.36
2.7 2.84 4.4 3.24
2.74 3.3 4.2 3.5
2.7 3.82 3.78 3.6
2.88 2.64 5.04 3.68
2.6 2.62 4.62 3.24
2.64 3.4 4.02 3.42
2.72 3.24 4.0 3.24
2.78 3.0 4.2 3.2
2.64 3.34 4.02 3.36
2.7 2.7 4.66 3.36
2.74 3.24 4.16 3.4
2.62 3.26 3.86 3.12
2.62 2.78 4.32 3.1
2.68 3.1 4.4 3.5
2.74 3.04 4.0 3.04
2.68 3.46 3.92 3.38
2.78 3.04 4.64 3.68
2.8 3.04 4.22 3.26
2.72 2.8 4.74 3.54
2.9 3.14 4.4 3.54
2.62 3.9 3.42 3.32
2.64 3.0 4.26 3.26
2.68 2.9 4.56 3.46
2.76 3.14 4.3 3.44
2.66 2.9 3.94 2.84
2.76 3.0 4.12 3.12
2.86 3.06 4.38 3.44
2.68 3.2 4.04 3.24
2.72 2.9 4.28 3.18
2.54 2.82 4.24 3.06
2.66 3.24 4.08 3.32
2.7 3.16 4.12 3.28
2.52 3.36 3.72 3.08
2.62 3.18 4.0 3.18
2.74 3.5 3.96 3.46
2.74 2.54 4.62 3.16
2.78 2.82 4.6 3.42
2.74 3.14 4.24 3.38
2.72 2.92 4.34 3.26
2.76 3.52 3.82 3.34
2.62 2.94 4.14 3.08
2.66 3.14 4.2 3.34
2.66 3.22 4.1 3.32
2.66 3.18 4.24 3.42
2.68 2.94 4.4 3.34
2.8 3.32 4.38 3.7
2.76 2.8 4.38 3.18
2.74 3.1 4.52 3.62
2.76 3.16 4.16 3.32
2.74 3.58 3.54 3.12
2.74 3.06 4.32 3.38
2.76 3.44 4.0 3.44
2.78 2.8 4.48 3.28
2.8 3.72 3.94 3.66
2.76 3.38 4.26 3.64
2.6 3.16 3.98 3.14
2.88 3.02 4.68 3.7
2.8 3.14 4.18 3.32
2.7 3.1 4.74 3.84
2.74 2.88 4.82 3.7
2.78 3.0 4.02 3.02
2.64 2.7 4.5 3.2
2.78 3.04 4.34 3.38
2.82 3.2 4.38 3.58
2.7 3.14 4.32 3.46
2.6 3.24 4.06 3.3
2.74 3.34 4.18 3.52
2.54 3.12 4.0 3.12
2.68 3.02 4.4 3.42
2.62 3.12 4.16 3.28
2.72 3.26 4.32 3.58
2.78 3.48 3.82 3.3
2.7 2.66 4.66 3.32
2.74 3.34 4.14 3.48
2.7 3.06 4.12 3.18
2.68 3.3 3.94 3.24
2.6 2.72 4.54 3.26
2.74 3.46 3.88 3.34
2.68 3.0 4.2 3.2
2.72 2.94 4.2 3.14
2.64 2.98 4.42 3.4
2.74 3.24 4.24 3.48
2.72 3.06 4.24 3.3
2.86 3.46 4.44 3.9
2.72 3.5 3.84 3.34
2.68 3.04 4.18 3.22
2.72 2.94 4.62 3.56
2.74 3.36 3.88 3.24
2.7 3.02 4.66 3.68
2.78 2.94 4.54 3.48
2.64 2.96 4.3 3.26
2.84 3.42 4.2 3.62
2.7 3.12 4.64 3.76
2.74 3.42 4.18 3.6
2.62 3.18 4.1 3.28
2.58 3.44 3.32 2.76
2.72 2.98 4.32 3.3
2.8 3.52 4.24 3.76
2.8 3.26 4.26 3.52
2.68 3.42 3.68 3.1
2.76 3.48 3.86 3.34
2.7 3.2 4.34 3.54
2.7 3.08 4.48 3.56
2.66 2.82 4.24 3.06
2.58 2.66 4.32 2.98
2.68 3.26 4.04 3.3
2.82 3.46 4.0 3.46
2.78 3.6 3.86 3.46
2.7 2.8 4.4 3.2
2.78 3.0 4.76 3.76
2.7 3.74 3.96 3.7
2.54 3.54 3.48 3.02
2.72 3.12 4.3 3.42
2.68 3.2 4.14 3.34
2.72 3.32 3.98 3.3
2.56 2.78 4.42 3.2
2.48 2.78 4.12 2.9
2.76 3.16 4.12 3.28
2.68 3.52 3.84 3.36
2.76 3.32 4.32 3.64
2.76 3.48 4.14 3.62
2.76 3.34 3.92 3.26
2.66 3.26 3.78 3.04
2.7 3.06 3.88 2.94
2.64 3.22 3.98 3.2
2.74 3.68 3.88 3.56
2.68 3.22 4.0 3.22
2.58 2.84 4.22 3.06
2.76 3.42 4.3 3.72
2.72 3.28 4.34 3.62
2.8 3.44 4.26 3.7
2.58 2.96 4.42 3.38
2.66 2.64 4.5 3.14
2.66 3.18 4.12 3.3
2.76 3.2 4.14 3.34
2.8 3.42 4.0 3.42
2.74 2.84 4.78 3.62
2.56 3.3 3.66 2.96
2.78 3.38 4.24 3.62
2.78 3.12 4.7 3.82
2.78 3.08 4.38 3.46
2.76 3.46 3.76 3.22
2.66 3.46 3.98 3.44
2.64 2.74 4.52 3.26
2.7 3.4 3.9 3.3
2.8 2.92 4.64 3.56
2.72 3.36 3.92 3.28
2.82 3.46 3.94 3.4
2.74 2.9 4.36 3.26
2.74 2.82 4.36 3.18
2.64 2.92 4.12 3.04
2.76 3.3 4.38 3.68
2.82 2.72 4.52 3.24
2.74 3.08 4.22 3.3
2.72 3.24 4.22 3.46
2.8 3.0 4.68 3.68
2.76 3.38 3.88 3.26
2.78 2.98 4.36 3.34
2.66 2.78 4.48 3.26
2.7 3.14 4.06 3.2
2.76 3.32 4.08 3.4
2.58 3.46 3.74 3.2
2.68 3.4 3.96 3.36
2.8 3.16 4.16 3.32
2.68 3.86 3.58 3.44
2.46 3.06 3.84 2.9
2.74 3.9 3.86 3.76
2.64 2.66 4.52 3.18
2.68 3.12 4.26 3.38
2.88 3.22 4.24 3.46
2.78 3.2 4.34 3.54
2.88 2.9 4.44 3.34
2.6 3.08 4.0 3.08
2.66 2.7 4.52 3.22
2.64 3.4 4.16 3.56
2.62 3.46 4.08 3.54
2.72 3.12 4.46 3.58
2.62 3.3 4.04 3.34
2.68 3.04 4.24 3.28
2.68 3.02 3.94 2.96
2.7 2.68 4.62 3.3
2.72 3.3 4.2 3.5
2.84 3.48 4.26 3.74
2.7 3.2 3.82 3.02
2.72 3.24 4.2 3.44
2.68 3.3 3.94 3.24
2.72 3.3 4.08 3.38
2.74 2.8 4.52 3.32
2.9 3.6 4.2 3.8
2.72 3.42 3.88 3.3
2.62 3.02 3.94 2.96
2.72 3.38 3.98 3.36
2.7 3.18 4.22 3.4
2.66 3.52 3.84 3.36
2.68 2.76 4.74 3.5
2.66 3.08 4.2 3.28
2.66 3.02 4.0 3.02
2.82 3.0 4.72 3.72
2.68 3.12 4.38 3.5
2.6 3.08 4.16 3.24
2.62 2.88 4.52 3.4
2.6 2.78 4.18 2.96
2.6 3.16 4.1 3.26
2.64 2.9 4.24 3.14
2.76 3.14 4.2 3.34
2.66 3.06 4.06 3.12
2.6 3.22 3.96 3.18
2.72 2.8 4.74 3.54
2.72 3.5 3.96 3.46
2.76 3.26 3.96 3.22
2.6 2.7 4.4 3.1
2.76 3.06 4.28 3.34
2.62 2.8 4.6 3.4
2.62 3.16 4.04 3.2
2.64 2.7 4.64 3.34
2.84 3.6 4.2 3.8
2.7 3.3 4.0 3.3
2.62 2.98 4.12 3.1
2.78 3.18 4.44 3.62
2.76 3.3 4.24 3.54
2.78 3.08 4.5 3.58
2.74 3.54 4.14 3.68
2.72 2.86 4.68 3.54
2.64 2.66 4.56 3.22
2.74 3.7 4.12 3.82
2.78 3.2 4.4 3.6
2.64 2.94 4.22 3.16
2.7 3.48 3.86 3.34
2.78 3.54 4.26 3.8
2.64 2.98 4.4 3.38
2.82 3.42 4.36 3.78
2.66 3.04 4.22 3.26
2.72 3.3 3.94 3.24
2.82 3.18 4.36 3.54
2.7 3.1 4.36 3.46
2.7 3.38 3.86 3.24
2.76 3.0 4.36 3.36
2.7 3.34 4.0 3.34
2.78 3.62 3.98 3.6
2.82 2.78 4.9 3.68
2.68 3.04 4.34 3.38
2.66 3.4 4.26 3.66
2.74 3.46 4.18 3.64
2.78 2.68 4.6 3.28
2.7 3.0 4.58 3.58
2.76 3.26 4.08 3.34
2.8 3.32 3.78 3.1
2.8 2.98 4.64 3.62
2.68 2.9 4.58 3.48
2.74 3.48 4.26 3.74
2.6 3.2 4.2 3.4
2.84 3.3 4.42 3.72
2.74 3.44 4.2 3.64
2.74 3.32 3.84 3.16
2.8 3.32 4.44 3.76
2.68 3.56 3.98 3.54
2.68 3.14 4.34 3.48
2.7 3.14 4.12 3.26
2.72 3.04 4.08 3.12
2.62 3.54 3.54 3.08
2.82 3.14 4.64 3.78
2.68 3.4 4.08 3.48
2.72 2.86 4.78 3.64
2.66 3.34 4.0 3.34
2.66 3.06 3.88 2.94
2.7 3.06 4.06 3.12
2.74 3.4 4.04 3.44
2.74 3.48 3.72 3.2
2.66 2.82 4.52 3.34
2.78 3.16 4.54 3.7
2.7 3.02 4.44 3.46
2.72 2.88 4.58 3.46
2.7 2.96 4.14 3.1
2.74 2.74 4.76 3.5
2.82 3.64 4.18 3.82
2.82 3.12 4.42 3.54
2.72 3.46 3.9 3.36
2.76 3.08 4.16 3.24
2.68 3.28 4.16 3.44
2.72 3.16 4.32 3.48
2.7 3.44 3.64 3.08
2.82 3.28 4.36 3.64
2.74 2.82 4.3 3.12
2.78 3.36 4.34 3.7
2.78 3.36 4.1 3.46
2.64 3.2 3.84 3.04
2.72 3.64 3.92 3.56
2.66 3.8 3.76 3.56
2.66 2.76 4.54 3.3
2.7 2.78 4.42 3.2
2.78 2.76 4.7 3.46
2.52 2.88 4.24 3.12
2.78 2.74 4.72 3.46
2.7 3.4 3.7 3.1
2.68 3.24 3.98 3.22
2.8 2.78 5.0 3.78
2.78 3.3 4.12 3.42
2.68 2.54 4.56 3.1
2.6 3.36 3.76 3.12
2.84 3.92 3.82 3.74
2.72 3.64 3.62 3.26
2.76 3.0 4.56 3.56
2.88 3.28 4.36 3.64
2.64 3.26 4.24 3.5
2.8 3.36 4.38 3.74
2.66 3.42 4.02 3.44
2.76 3.46 4.14 3.6
2.68 3.64 3.68 3.32
2.56 3.3 3.94 3.24
2.74 3.4 3.78 3.18
2.76 3.66 3.86 3.52
2.76 2.68 4.62 3.3
2.58 3.04 4.14 3.18
2.78 3.12 4.52 3.64
2.76 3.46 4.2 3.66
2.68 3.64 3.8 3.44
2.76 3.08 4.24 3.32
2.68 2.9 4.32 3.22
2.82 3.04 4.4 3.44
2.7 2.96 4.58 3.54
2.68 3.16 4.0 3.16
2.66 2.88 4.08 2.96
2.64 2.88 4.46 3.34
2.58 2.94 4.4 3.34
2.74 3.2 4.18 3.38
2.64 3.7 3.86 3.56
2.64 2.94 4.24 3.18
2.78 3.02 4.4 3.42
2.82 3.22 4.38 3.6
2.7 3.3 4.22 3.52
2.7 3.06 4.44 3.5
2.62 3.1 4.2 3.3
2.88 3.36 4.32 3.68
2.74 3.08 4.3 3.38
2.58 3.12 3.86 2.98
2.62 3.04 3.98 3.02
2.68 3.54 3.96 3.5
2.7 3.02 4.54 3.56
2.76 3.62 3.76 3.38
2.8 2.9 4.56 3.46
2.78 3.58 3.88 3.46
2.74 2.88 4.56 3.44
2.84 3.3 4.42 3.72
2.82 3.5 4.24 3.74
2.7 2.94 4.48 3.42
2.7 3.2 4.24 3.44
2.68 3.32 4.14 3.46
2.66 3.36 3.86 3.22
2.76 3.28 4.58 3.86
2.54 3.36 3.84 3.2
2.76 3.5 4.02 3.52
2.68 3.2 4.02 3.22
2.62 3.16 4.1 3.26
2.72 2.94 4.2 3.14
2.72 3.1 4.24 3.34
2.7 3.76 3.46 3.22
2.8 3.42 3.88 3.3
2.88 3.02 4.62 3.64
2.76 3.02 4.58 3.6
2.78 3.66 3.82 3.48
2.8 3.42 4.04 3.46
2.72 3.18 4.4 3.58
2.66 2.74 4.46 3.2
2.62 3.04 4.14 3.18
2.62 3.1 4.32 3.42
2.74 3.24 4.24 3.48
2.82 3.2 4.4 3.6
2.74 3.42 4.02 3.44
2.7 2.94 4.38 3.32
2.66 3.46 3.86 3.32
2.76 3.22 4.26 3.48
2.66 3.42 4.08 3.5
2.68 2.82 4.5 3.32
2.72 3.22 4.2 3.42
2.7 3.04 4.54 3.58
2.72 2.54 4.96 3.5
2.6 3.08 4.28 3.36
2.84 3.48 4.4 3.88
2.72 3.48 3.86 3.34
2.78 2.84 4.42 3.26
2.82 3.22 4.08 3.3
2.82 3.1 4.5 3.6
2.78 2.96 4.3 3.26
2.74 3.92 3.7 3.62
2.56 3.68 3.44 3.12
2.6 3.2 4.18 3.38
2.8 2.62 4.7 3.32
2.76 3.22 4.0 3.22
2.74 3.06 4.56 3.62
2.88 3.3 4.3 3.6
2.72 3.0 4.64 3.64
2.62 3.36 3.86 3.22
2.66 3.14 4.16 3.3
2.82 2.76 4.6 3.36
2.7 3.08 4.34 3.42
2.7 3.16 4.12 3.28
2.66 3.38 4.24 3.62
2.62 2.9 4.1 3.0
2.64 3.48 3.9 3.38
2.62 3.16 3.74 2.9
2.92 3.02 4.66 3.68
2.84 3.18 4.44 3.62
2.72 3.0 4.44 3.44
2.74 3.22 4.18 3.4
2.66 3.1 4.06 3.16
2.8 3.16 4.4 3.56
2.82 3.38 4.04 3.42
2.72 3.16 4.28 3.44
2.7 3.14 4.18 3.32
2.82 3.16 4.08 3.24
2.58 3.3 3.78 3.08
2.76 3.68 3.78 3.46
2.88 3.12 4.56 3.68
2.84 3.4 4.2 3.6
2.74 2.74 4.6 3.34
2.62 3.32 4.1 3.42
2.76 3.08 4.1 3.18
2.86 3.12 4.68 3.8
2.66 3.28 3.86 3.14
2.8 3.24 4.28 3.52
2.64 2.76 4.46 3.22
2.7 3.22 4.1 3.32
2.84 3.58 4.18 3.76
2.64 3.38 3.68 3.06
2.58 3.04 3.98 3.02
2.62 3.5 3.6 3.1
2.72 3.16 4.44 3.6
2.76 3.02 4.64 3.66
2.72 2.82 4.48 3.3
2.72 3.36 4.02 3.38
2.72 3.56 4.2 3.76
2.66 3.1 4.32 3.42
2.72 2.82 4.76 3.58
2.76 3.3 3.96 3.26
2.82 3.32 4.3 3.62
2.9 3.0 4.94 3.94
2.7 3.36 3.74 3.1
2.72 3.64 3.96 3.6
2.56 3.14 3.96 3.1
2.7 3.12 4.26 3.38
2.56 2.92 4.1 3.02
2.74 3.52 3.9 3.42
2.64 2.94 4.46 3.4
2.66 3.6 3.82 3.42
2.68 3.42 3.92 3.34
2.7 3.0 4.48 3.48
2.82 3.72 3.84 3.56
2.64 3.18 3.92 3.1
2.8 3.18 4.36 3.54
2.66 2.68 4.28 2.96
2.82 3.24 4.08 3.32
2.82 3.06 4.6 3.66
2.72 3.04 4.26 3.3
2.88 3.62 3.92 3.54
2.8 3.34 4.24 3.58
2.74 3.34 3.88 3.22
2.68 2.98 4.36 3.34
2.7 2.98 4.48 3.46
2.56 2.98 4.18 3.16
2.74 2.72 4.88 3.6
2.68 3.18 4.34 3.52
2.8 3.48 4.24 3.72
2.72 3.4 3.96 3.36
2.8 3.12 4.34 3.46
2.62 3.24 4.04 3.28
2.74 3.44 3.36 2.8
2.8 2.48 4.98 3.46
2.8 3.5 4.12 3.62
2.78 2.96 4.22 3.18
2.66 3.2 4.14 3.34
2.74 3.04 4.66 3.7
2.72 2.84 4.36 3.2
2.66 3.06 3.8 2.86
2.74 2.96 4.56 3.52
2.58 3.52 3.92 3.44
2.76 2.8 4.8 3.6
2.66 3.2 4.06 3.26
2.74 2.9 4.68 3.58
2.72 3.0 4.38 3.38
2.74 3.24 4.0 3.24
2.76 3.24 4.14 3.38
2.74 3.64 3.76 3.4
2.76 3.54 4.04 3.58
2.8 3.22 4.26 3.48
2.56 2.72 4.42 3.14
2.62 3.16 4.04 3.2
2.58 3.38 3.84 3.22
2.84 3.42 4.3 3.72
2.74 3.08 4.42 3.5
2.82 3.5 3.94 3.44
2.68 3.46 4.02 3.48
2.62 2.84 4.16 3.0
2.7 3.22 3.9 3.12
2.72 3.44 4.04 3.48
2.72 3.12 4.58 3.7
2.74 3.02 4.68 3.7
2.68 3.22 4.04 3.26
2.76 3.16 4.3 3.46
2.64 3.26 4.1 3.36
2.74 3.28 4.28 3.56
2.76 3.06 4.42 3.48
2.68 2.28 5.0 3.28
2.58 2.9 4.24 3.14
2.68 3.06 4.04 3.1
2.68 3.04 4.42 3.46
2.74 3.08 4.18 3.26
2.78 2.88 4.6 3.48
2.9 2.76 4.98 3.74
2.72 3.38 4.04 3.42
2.8 2.94 4.34 3.28
2.72 2.92 4.42 3.34
2.76 2.92 4.42 3.34
2.8 3.46 4.02 3.48
2.8 3.22 4.08 3.3
2.7 3.18 4.36 3.54
2.78 3.16 4.42 3.58
2.84 3.6 3.76 3.36
2.7 3.72 3.64 3.36
2.64 2.98 4.26 3.24
2.72 2.6 4.76 3.36
2.78 3.42 4.08 3.5
2.68 2.9 4.26 3.16
2.72 2.82 4.3 3.12
2.82 2.8 5.16 3.96
2.84 3.24 4.3 3.54
2.76 2.88 4.38 3.26
2.62 3.18 3.9 3.08
2.58 3.5 3.64 3.14
2.74 3.14 4.2 3.34
2.76 3.36 4.04 3.4
2.82 3.56 3.86 3.42
2.54 3.24 3.8 3.04
2.74 3.52 4.02 3.54
2.68 3.64 4.08 3.72
2.74 3.18 4.24 3.42
2.72 3.08 4.3 3.38
2.78 3.28 4.24 3.52
2.92 3.28 4.34 3.62
2.74 3.58 4.06 3.64
2.74 2.92 4.4 3.32
2.66 3.14 4.14 3.28
2.68 3.36 4.0 3.36
2.64 2.96 4.16 3.12
2.68 2.78 4.76 3.54
2.7 3.06 4.32 3.38
2.7 3.3 4.26 3.56
2.72 3.34 4.14 3.48
2.74 3.18 3.8 2.98
2.78 3.28 4.18 3.46
2.68 3.04 4.52 3.56
2.74 3.06 4.28 3.34
2.72 3.34 3.86 3.2
2.76 2.76 4.62 3.38
2.72 3.4 4.16 3.56
2.62 2.98 4.36 3.34
2.76 3.92 3.88 3.8
2.72 3.58 3.94 3.52
2.74 3.4 4.04 3.44
2.84 3.04 4.6 3.64
2.66 3.28 3.68 2.96
2.58 2.8 4.3 3.1
2.72 3.36 3.88 3.24
2.66 3.2 3.82 3.02
2.8 3.16 4.2 3.36
2.64 2.84 4.1 2.94
2.78 3.1 4.52 3.62
2.72 3.22 4.12 3.34
2.84 3.1 4.64 3.74
2.7 3.24 4.14 3.38
2.8 3.16 4.5 3.66
2.64 3.16 3.92 3.08
2.8 3.4 4.28 3.68
2.72 3.16 4.02 3.18
2.78 3.4 4.2 3.6
2.6 3.42 3.84 3.26
2.78 3.24 4.0 3.24
2.64 3.02 4.5 3.52
2.74 3.58 4.0 3.58
2.76 3.16 4.32 3.48
2.6 3.4 3.72 3.12
2.68 3.48 3.76 3.24
2.76 3.12 4.44 3.56
2.78 3.54 3.9 3.44
2.76 2.94 4.38 3.32
2.8 2.88 4.82 3.7
2.84 2.78 5.24 4.02
2.7 2.98 4.06 3.04
2.78 2.92 4.82 3.74
2.68 2.94 4.14 3.08
2.86 3.58 4.32 3.9
2.66 3.72 3.68 3.4
2.72 3.54 3.86 3.4
2.66 3.36 3.96 3.32
2.74 3.04 4.32 3.36
2.8 3.56 3.88 3.44
2.62 3.08 4.12 3.2
2.78 3.52 3.96 3.48
2.74 2.74 4.38 3.12
2.74 3.12 4.18 3.3
2.74 3.14 4.32 3.46
2.8 3.02 4.4 3.42
2.72 2.74 4.36 3.1
2.7 3.0 4.58 3.58
2.64 2.86 4.26 3.12
2.68 3.24 4.32 3.56
2.62 2.94 4.36 3.3
2.72 3.2 4.2 3.4
2.64 3.06 4.26 3.32
2.74 3.16 4.72 3.88
2.68 2.84 4.56 3.4
2.7 3.46 3.96 3.42
2.66 2.58 4.36 2.94
2.56 3.08 4.14 3.22
2.76 3.36 4.22 3.58
2.62 3.4 3.8 3.2
2.74 3.5 4.02 3.52
2.7 2.98 4.58 3.56
2.58 3.44 3.68 3.12
2.74 3.16 4.32 3.48
2.72 3.28 4.3 3.58
2.62 3.02 4.32 3.34
2.68 3.56 4.06 3.62
2.68 3.34 4.08 3.42
2.68 3.18 4.24 3.42
2.72 2.94 4.7 3.64
2.86 3.28 4.28 3.56
2.72 2.76 4.36 3.12
2.74 3.08 4.46 3.54
2.7 3.54 3.9 3.44
2.72 3.1 4.66 3.76
2.64 2.98 4.28 3.26
2.7 3.92 3.64 3.56
2.7 3.54 3.98 3.52
2.66 3.42 3.94 3.36
2.86 3.58 3.92 3.5
2.74 3.08 4.46 3.54
2.48 3.2 3.9 3.1
2.58 2.7 4.56 3.26
2.74 3.44 4.08 3.52
2.78 3.28 4.42 3.7
2.72 3.38 4.36 3.74
2.7 3.44 3.96 3.4
2.76 2.96 4.58 3.54
2.78 2.8 4.48 3.28
2.76 3.16 4.74 3.9
2.62 3.08 4.18 3.26
2.72 3.14 4.2 3.34
2.86 3.44 4.36 3.8
2.66 3.08 4.34 3.42
2.78 3.34 4.36 3.7
2.68 3.02 4.22 3.24
2.66 2.92 4.12 3.04
2.9 3.32 4.4 3.72
2.74 3.32 3.92 3.24
2.76 3.16 4.2 3.36
2.54 3.12 4.04 3.16
2.66 3.54 3.7 3.24
2.78 3.28 4.32 3.6
2.68 2.78 4.44 3.22
2.74 3.14 4.52 3.66
2.58 3.64 3.76 3.4
2.84 3.4 4.24 3.64
2.66 3.32 3.86 3.18
2.66 3.2 4.04 3.24
2.82 3.14 4.48 3.62
2.66 3.32 4.06 3.38
2.68 2.9 4.4 3.3
2.56 2.84 4.02 2.86
2.74 2.9 4.54 3.44
2.72 3.18 4.54 3.72
2.72 3.1 4.36 3.46
2.54 3.02 4.04 3.06
2.58 3.08 4.06 3.14
2.68 2.6 4.76 3.36
2.7 2.7 4.84 3.54
2.82 2.88 4.66 3.54
2.78 3.08 4.3 3.38
2.78 3.14 4.38 3.52
2.68 2.82 4.28 3.1
2.72 3.36 4.22 3.58
2.78 2.92 4.58 3.5
2.78 3.0 4.92 3.92
2.64 3.04 4.24 3.28
2.74 3.26 4.08 3.34
2.68 3.06 4.22 3.28
2.78 3.24 4.3 3.54
2.68 3.28 4.12 3.4
2.8 3.26 4.3 3.56
2.72 3.02 4.12 3.14
2.68 3.34 4.28 3.62
2.76 3.12 4.32 3.44
2.66 2.74 4.48 3.22
2.88 3.28 4.4 3.68
2.74 3.08 4.3 3.38
2.68 3.6 3.9 3.5
2.8 3.1 4.08 3.18
2.66 3.1 4.14 3.24
2.78 2.94 4.38 3.32
2.58 3.4 3.86 3.26
2.64 2.92 4.34 3.26
2.74 3.84 4.0 3.84
2.68 3.36 4.08 3.44
2.48 2.82 4.36 3.18
2.74 2.84 4.58 3.42
2.68 2.94 4.4 3.34
2.62 2.98 4.28 3.26
2.92 3.34 4.14 3.48
2.82 3.26 4.38 3.64
2.82 3.44 4.04 3.48
2.72 3.2 4.0 3.2
2.62 3.5 3.8 3.3
2.8 3.76 3.82 3.58
2.68 3.0 4.32 3.32
2.78 3.1 4.42 3.52
2.64 3.08 4.1 3.18
2.78 3.68 4.1 3.78
2.74 3.14 4.16 3.3
2.78 3.0 4.66 3.66
2.82 3.46 4.24 3.7
2.82 3.1 4.6 3.7
2.68 3.18 3.96 3.14
2.84 3.62 4.16 3.78
2.78 3.08 4.38 3.46
2.66 2.94 4.6 3.54
2.7 3.36 4.0 3.36
2.72 2.86 4.46 3.32
2.72 3.1 4.4 3.5
2.68 3.06 4.24 3.3
2.82 3.1 4.6 3.7
2.58 2.66 4.6 3.26
2.64 3.42 3.9 3.32
2.66 3.14 4.54 3.68
2.68 3.1 4.08 3.18
2.82 3.12 4.46 3.58
2.78 3.14 4.44 3.58
2.68 3.64 3.68 3.32
2.66 3.26 4.18 3.44
2.68 3.46 4.3 3.76
2.86 2.6 5.0 3.6
2.74 2.9 4.14 3.04
2.84 3.08 4.5 3.58
2.7 3.36 3.98 3.34
2.8 3.28 4.24 3.52
2.6 3.32 3.72 3.04
2.62 3.62 3.42 3.04
2.58 2.92 4.4 3.32
2.7 3.24 3.9 3.14
2.74 3.06 4.4 3.46
2.7 2.98 4.12 3.1
2.76 3.12 4.22 3.34
2.86 3.08 4.38 3.46
2.76 3.0 4.2 3.2
2.66 3.12 4.12 3.24
2.8 2.76 4.96 3.72
2.8 3.12 4.24 3.36
2.78 3.36 4.18 3.54
2.68 3.06 4.44 3.5
2.76 3.14 4.4 3.54
2.74 2.7 4.52 3.22
2.64 3.08 4.34 3.42
2.68 3.06 4.16 3.22
2.8 2.96 4.58 3.54
2.64 2.98 4.26 3.24
2.74 2.94 4.22 3.16
2.86 3.58 3.92 3.5
2.72 3.06 4.24 3.3
2.7 3.36 3.98 3.34
2.74 2.9 4.36 3.26
2.76 2.88 4.68 3.56
2.66 3.24 3.98 3.22
2.86 2.82 4.86 3.68
2.66 2.9 4.22 3.12
2.78 3.64 3.98 3.62
2.66 3.26 4.06 3.32
2.76 3.02 4.44 3.46
2.74 3.12 4.32 3.44
2.78 3.64 4.04 3.68
2.7 3.5 4.0 3.5
2.78 3.1 4.34 3.44
2.58 3.36 3.8 3.16
2.78 4.1 3.7 3.8
2.72 3.1 4.28 3.38
2.78 3.24 4.46 3.7
2.82 3.32 4.42 3.74
2.56 2.84 4.54 3.38
2.54 3.06 3.98 3.04
2.74 3.44 4.02 3.46
2.76 3.24 4.16 3.4
2.76 3.46 4.2 3.66
2.68 3.22 4.1 3.32
2.6 3.02 3.96 2.98
2.74 3.42 3.64 3.06
2.76 3.5 3.96 3.46
2.7 2.98 4.14 3.12
2.72 3.16 3.94 3.1
2.72 3.16 4.24 3.4
2.78 3.24 4.22 3.46
2.74 3.3 3.94 3.24
2.82 3.2 4.5 3.7
2.78 3.28 4.08 3.36
2.76 3.9 3.56 3.46
2.78 3.22 4.32 3.54
2.68 2.72 4.5 3.22
2.78 2.94 4.22 3.16
2.64 3.0 3.88 2.88
2.64 3.1 3.94 3.04
2.76 2.8 4.62 3.42
2.72 3.6 3.62 3.22
2.7 3.3 3.92 3.22
2.6 3.28 4.1 3.38
2.74 3.48 4.12 3.6
2.64 2.96 4.22 3.18
2.64 3.2 3.96 3.16
2.7 2.94 4.24 3.18
2.78 3.18 4.38 3.56
2.7 3.1 4.44 3.54
2.68 2.84 4.52 3.36
2.74 3.34 4.04 3.38
2.68 2.68 5.02 3.7
2.68 3.26 4.24 3.5
2.64 3.12 4.14 3.26
2.54 3.44 3.74 3.18
2.84 3.08 4.62 3.7
2.66 3.04 3.98 3.02
2.7 3.2 3.94 3.14
2.58 3.26 3.84 3.1
2.66 3.16 4.08 3.24
2.68 3.0 4.54 3.54
2.76 3.36 4.04 3.4
2.62 2.52 4.48 3.0
2.72 3.52 3.78 3.3
2.78 3.3 4.22 3.52
2.72 3.26 4.1 3.36
2.74 2.74 4.36 3.1
2.84 3.58 4.06 3.64
2.76 3.28 3.88 3.16
2.74 3.1 4.42 3.52
2.68 2.94 4.04 2.98
2.84 3.36 4.1 3.46
2.54 3.0 4.08 3.08
2.68 3.08 4.24 3.32
2.66 3.24 4.32 3.56
2.68 2.88 4.46 3.34
2.74 3.46 3.86 3.32
2.72 3.72 3.8 3.52
2.68 2.78 4.5 3.28
2.62 3.26 4.08 3.34
2.6 2.84 4.1 2.94
2.62 3.32 4.08 3.4
2.78 3.16 4.3 3.46
2.66 2.9 4.06 2.96
2.76 3.42 4.34 3.76
2.74 3.18 4.24 3.42
2.56 2.64 4.28 2.92
2.66 3.2 4.16 3.36
2.72 2.96 4.44 3.4
2.76 3.0 4.4 3.4
2.86 3.32 4.6 3.92
2.72 3.14 4.44 3.58
2.76 2.86 4.5 3.36
2.74 3.02 4.38 3.4
2.76 2.92 4.56 3.48
2.82 3.12 4.42 3.54
2.74 2.94 4.4 3.34
2.8 3.48 4.34 3.82
2.84 3.2 4.52 3.72
2.74 3.18 4.2 3.38
2.68 3.68 3.44 3.12
2.66 3.68 3.7 3.38
2.74 3.16 4.24 3.4
2.78 3.2 4.3 3.5
2.86 2.92 4.7 3.62
2.64 2.66 4.5 3.16
2.76 3.2 3.98 3.18
2.62 2.66 4.36 3.02
2.62 2.9 4.44 3.34
2.76 3.28 4.34 3.62
2.6 2.98 4.54 3.52
2.72 3.12 4.24 3.36
2.72 3.32 4.12 3.44
2.72 2.76 4.98 3.74
2.76 3.08 4.18 3.26
2.64 3.24 3.88 3.12
2.54 2.92 4.3 3.22
2.72 3.06 4.26 3.32
2.74 3.46 3.9 3.36
2.72 3.4 4.14 3.54
2.74 3.46 4.04 3.5
2.6 3.02 3.68 2.7
2.72 2.96 4.3 3.26
2.64 2.62 4.92 3.54
2.82 3.04 4.6 3.64
2.7 3.16 4.28 3.44
2.9 3.66 4.28 3.94
2.72 2.88 4.32 3.2
2.76 3.32 4.36 3.68
2.8 3.28 4.26 3.54
2.8 2.9 4.14 3.04
2.64 3.74 3.22 2.96
2.68 2.88 4.42 3.3
2.74 3.12 4.34 3.46
2.74 3.16 4.08 3.24
2.66 3.24 4.2 3.44
2.76 3.18 4.26 3.44
2.72 2.88 4.48 3.36
2.82 3.34 4.48 3.82
2.5 2.9 3.96 2.86
2.66 3.0 4.2 3.2
2.56 3.0 4.04 3.04
2.78 3.08 4.46 3.54
2.7 3.66 3.48 3.14
2.78 3.2 4.28 3.48
2.62 3.4 3.8 3.2
2.58 3.28 4.1 3.38
2.72 3.32 4.38 3.7
2.62 2.46 4.64 3.1
2.62 3.06 4.34 3.4
2.7 3.04 4.42 3.46
2.7 3.56 4.08 3.64
2.78 2.84 4.7 3.54
2.7 3.24 4.14 3.38
2.86 3.2 4.38 3.58
2.76 3.04 4.34 3.38
2.82 3.2 4.66 3.86
2.74 3.86 3.62 3.48
2.66 3.26 4.2 3.46
2.76 3.5 4.2 3.7
2.7 3.3 3.82 3.12
2.74 3.2 4.32 3.52
2.8 3.14 4.58 3.72
2.78 3.22 4.38 3.6
2.68 2.86 4.64 3.5
2.82 3.22 4.46 3.68
2.715896 3.158428 4.226476 3.384904
