3.65 3.45 7.15 5.6
3.75 4.65 7.3 6.95
3.7 3.1 8.5 6.6
3.65 3.1 7.85 5.95
3.85 2.5 9.25 6.75
3.85 3.95 7.1 6.05
3.95 4.4 6.95 6.35
3.7 3.55 7.1 5.65
3.65 2.45 8.55 6.0
3.75 3.75 7.15 5.9
3.6 3.1 8.25 6.35
3.85 3.85 6.7 5.55
3.7 2.55 9.5 7.05
3.65 2.8 8.75 6.55
3.85 3.85 7.85 6.7
3.85 3.55 7.7 6.25
3.65 3.45 7.9 6.35
3.75 4.0 7.6 6.6
3.7 4.15 7.25 6.4
3.8 3.75 7.5 6.25
3.85 3.3 8.05 6.35
3.7 2.65 9.35 7.0
3.8 3.95 7.6 6.55
3.9 3.8 7.3 6.1
3.85 4.4 6.75 6.15
3.75 3.55 7.55 6.1
3.9 4.2 7.05 6.25
3.85 3.85 6.2 5.05
3.85 3.05 8.0 6.05
3.7 3.2 8.25 6.45
3.8 3.75 7.75 6.5
3.75 3.25 8.25 6.5
3.85 3.85 7.75 6.6
3.9 4.45 6.55 6.0
3.75 3.1 7.6 5.7
3.65 3.8 7.35 6.15
3.55 3.0 8.6 6.6
3.65 3.7 8.25 6.95
3.9 3.4 6.6 5.0
3.85 4.1 6.55 5.65
3.8 3.2 8.5 6.7
3.6 2.7 8.9 6.6
3.75 3.5 7.85 6.35
3.75 2.55 8.25 5.8
3.75 2.95 8.2 6.15
3.85 3.65 6.75 5.4
3.95 2.75 7.4 5.15
3.7 3.1 7.7 5.8
3.85 2.95 8.6 6.55
3.75 3.35 7.4 5.75
3.85 3.2 7.35 5.55
3.8 3.2 8.5 6.7
3.75 2.9 8.2 6.1
3.7 3.55 7.85 6.4
3.75 3.85 7.8 6.65
3.6 2.55 9.3 6.85
3.8 3.35 8.5 6.85
3.85 3.6 7.65 6.25
3.8 2.3 8.6 5.9
3.8 3.75 7.2 5.95
3.8 2.85 8.85 6.7
3.9 3.75 7.45 6.2
3.75 3.5 7.25 5.75
3.65 3.5 8.1 6.6
3.85 4.2 6.1 5.3
3.9 4.35 6.45 5.8
3.85 2.45 8.5 5.95
3.85 2.85 8.0 5.85
3.7 3.55 8.15 6.7
3.95 3.35 7.6 5.95
3.85 4.0 7.75 6.75
3.45 3.45 8.8 7.25
3.65 3.55 7.75 6.3
3.85 4.4 7.45 6.85
3.65 2.85 8.0 5.85
3.65 3.25 8.9 7.15
3.85 3.65 8.15 6.8
3.85 4.1 7.5 6.6
3.9 2.95 7.3 5.25
3.75 2.8 7.35 5.15
3.55 2.5 9.25 6.75
3.9 3.85 7.25 6.1
3.65 3.2 8.9 7.1
3.55 2.45 9.15 6.6
3.8 4.75 8.05 7.8
3.75 4.15 6.75 5.9
3.85 3.4 7.8 6.2
3.75 3.8 7.85 6.65
3.9 3.35 8.25 6.6
3.95 4.1 7.1 6.2
3.6 2.95 8.7 6.65
3.85 5.0 6.35 6.35
3.8 3.45 7.85 6.3
3.5 1.9 9.7 6.6
3.75 3.75 8.15 6.9
3.75 3.1 8.1 6.2
3.85 3.2 8.75 6.95
3.8 2.55 9.35 6.9
3.75 4.8 6.3 6.1
3.8 4.3 6.9 6.2
3.6 3.4 7.8 6.2
3.8 4.0 7.5 6.5
3.85 3.45 7.55 6.0
3.9 3.35 7.5 5.85
3.75 4.25 6.85 6.1
3.55 2.65 8.75 6.4
3.75 3.55 7.95 6.5
3.85 3.6 7.3 5.9
3.6 3.0 9.65 7.65
3.7 3.1 8.65 6.75
3.85 4.3 6.6 5.9
3.8 3.6 8.05 6.65
3.95 4.3 7.1 6.4
3.75 2.6 8.95 6.55
3.45 2.75 8.9 6.65
3.6 2.8 8.5 6.3
3.85 3.55 7.7 6.25
3.8 3.4 7.95 6.35
3.75 3.55 7.75 6.3
3.65 3.25 8.05 6.3
3.8 4.0 6.75 5.75
3.6 2.85 8.95 6.8
3.7 2.95 7.5 5.45
3.7 3.05 8.35 6.4
3.7 3.2 8.15 6.35
3.6 2.15 8.6 5.75
3.8 4.0 7.4 6.4
3.65 3.3 7.95 6.25
3.8 4.65 6.95 6.6
3.75 4.0 6.45 5.45
3.8 3.75 8.4 7.15
3.9 3.7 6.55 5.25
3.65 3.75 7.55 6.3
3.65 3.55 7.55 6.1
3.8 3.5 8.25 6.75
3.9 3.75 7.75 6.5
3.85 3.4 7.0 5.4
3.65 3.6 8.15 6.75
3.65 2.45 7.55 5.0
3.9 3.2 7.95 6.15
3.6 3.85 7.35 6.2
3.75 3.65 7.05 5.7
3.65 3.4 7.95 6.35
3.7 2.35 8.45 5.8
3.9 4.2 7.5 6.7
3.6 3.0 8.65 6.65
3.75 2.95 7.7 5.65
3.8 4.2 5.9 5.1
3.9 3.6 8.0 6.6
3.9 3.7 7.55 6.25
3.9 3.85 7.9 6.75
3.7 3.15 7.8 5.95
3.9 2.95 7.5 5.45
3.8 3.7 7.0 5.7
3.85 3.25 7.5 5.75
3.75 4.1 7.85 6.95
3.7 3.1 8.6 6.7
3.7 3.1 7.9 6.0
3.9 3.5 7.95 6.45
3.9 2.75 8.6 6.35
3.8 3.2 8.3 6.5
3.65 2.55 7.65 5.2
3.6 3.45 7.35 5.8
3.7 2.8 8.5 6.3
3.75 3.65 7.3 5.95
3.8 2.9 8.6 6.5
3.9 4.55 6.7 6.25
3.8 3.05 7.8 5.85
3.6 3.65 7.2 5.85
3.65 3.25 7.7 5.95
3.75 3.9 7.45 6.35
3.75 4.4 6.75 6.15
3.7 3.25 7.1 5.35
3.85 3.8 8.0 6.8
3.75 2.85 8.2 6.05
3.75 3.6 7.8 6.4
3.85 3.55 6.9 5.45
3.7 3.35 7.75 6.1
3.75 2.95 8.25 6.2
3.9 4.55 6.75 6.3
3.6 3.55 7.95 6.5
3.75 3.35 7.35 5.7
3.6 2.75 9.05 6.8
3.75 3.1 7.65 5.75
3.9 3.3 7.8 6.1
3.65 3.85 7.4 6.25
3.65 3.3 8.35 6.65
3.65 3.05 7.95 6.0
3.75 4.05 7.5 6.55
3.9 2.75 7.95 5.7
3.95 4.3 6.55 5.85
3.75 3.05 8.15 6.2
3.7 3.7 7.15 5.85
3.7 2.85 8.0 5.85
3.85 4.0 7.7 6.7
3.75 3.05 8.35 6.4
3.75 3.7 7.1 5.8
3.7 3.6 7.35 5.95
3.8 3.7 7.15 5.85
3.6 3.4 8.9 7.3
3.8 3.4 7.65 6.05
3.65 3.6 8.4 7.0
3.75 4.0 7.25 6.25
3.8 2.75 8.75 6.5
3.85 3.15 8.0 6.15
3.85 3.6 8.75 7.35
3.9 4.35 7.6 6.95
3.65 2.55 8.75 6.3
3.75 3.15 7.4 5.55
3.75 3.0 7.15 5.15
3.8 3.45 7.1 5.55
3.85 4.55 7.1 6.65
3.75 4.75 6.55 6.3
3.55 3.0 8.2 6.2
3.8 3.2 7.95 6.15
3.6 3.2 8.0 6.2
3.75 2.9 7.7 5.6
3.8 3.45 7.85 6.3
3.6 3.25 8.15 6.4
3.9 3.45 7.75 6.2
3.65 3.75 8.1 6.85
3.7 3.15 7.7 5.85
3.9 4.9 7.0 6.9
3.7 3.35 8.65 7.0
3.65 2.85 8.45 6.3
3.8 3.85 6.95 5.8
3.5 3.4 8.05 6.45
3.85 3.05 8.2 6.25
3.7 4.95 5.65 5.6
3.7 3.8 7.15 5.95
3.95 3.95 7.3 6.25
3.65 4.0 7.3 6.3
3.75 3.15 7.9 6.05
3.55 3.25 8.45 6.7
3.65 3.0 8.9 6.9
3.75 3.4 7.2 5.6
3.6 4.6 7.4 7.0
3.9 4.0 7.45 6.45
3.7 4.25 7.8 7.05
3.7 2.8 8.75 6.55
3.8 3.5 7.6 6.1
3.85 3.6 7.25 5.85
3.55 2.95 9.3 7.25
3.85 2.9 8.6 6.5
3.8 4.05 6.6 5.65
3.75 2.7 8.45 6.15
3.9 4.35 7.45 6.8
3.75 3.25 7.45 5.7
3.55 2.8 8.3 6.1
3.85 3.8 7.25 6.05
3.75 3.55 7.95 6.5
3.9 4.2 7.65 6.85
3.7 3.85 6.9 5.75
3.75 3.85 8.0 6.85
3.7 4.1 7.15 6.25
3.85 2.4 8.55 5.95
3.85 3.95 7.45 6.4
3.9 3.15 8.15 6.3
3.9 4.0 7.4 6.4
3.65 3.1 7.45 5.55
3.65 3.85 8.0 6.85
3.9 3.9 6.85 5.75
3.8 3.1 8.45 6.55
3.75 3.0 8.95 6.95
3.8 3.5 7.55 6.05
3.7 2.95 8.4 6.35
3.55 2.75 8.15 5.9
3.45 2.4 9.8 7.2
3.95 3.6 7.7 6.3
3.85 3.0 7.95 5.95
3.95 4.3 6.4 5.7
3.7 3.7 7.55 6.25
3.55 3.0 7.05 5.05
3.75 3.55 7.6 6.15
3.85 3.95 6.85 5.8
3.6 3.2 8.0 6.2
3.5 4.0 7.65 6.65
3.55 3.45 8.55 7.0
3.95 3.9 6.95 5.85
3.85 4.1 6.7 5.8
3.65 2.65 8.65 6.3
3.8 3.3 7.5 5.8
3.8 3.15 7.05 5.2
3.8 3.8 7.25 6.05
3.85 3.65 7.05 5.7
3.85 2.5 8.45 5.95
3.7 3.0 9.35 7.35
3.95 3.55 8.05 6.6
3.8 2.75 8.15 5.9
3.7 3.45 8.0 6.45
3.9 3.1 7.05 5.15
3.9 3.9 7.75 6.65
3.75 3.35 7.7 6.05
3.85 2.9 8.7 6.6
3.7 4.55 7.45 7.0
3.65 2.95 8.0 5.95
3.85 4.0 7.4 6.4
3.7 3.1 8.2 6.3
3.75 3.2 8.15 6.35
3.8 3.45 7.55 6.0
3.65 3.35 8.75 7.1
3.7 3.25 9.05 7.3
3.5 2.0 10.25 7.25
3.85 3.65 8.25 6.9
3.7 2.9 9.05 6.95
3.9 3.75 7.25 6.0
3.7 4.35 7.65 7.0
3.6 3.45 8.7 7.15
3.75 4.45 7.05 6.5
3.7 2.95 8.35 6.3
3.7 2.45 9.15 6.6
3.75 3.45 8.0 6.45
3.9 3.7 7.1 5.8
3.8 3.8 7.7 6.5
3.75 4.65 6.9 6.55
3.8 3.4 8.15 6.55
3.8 3.5 8.15 6.65
3.6 2.55 9.15 6.7
3.75 3.05 7.55 5.6
3.5 2.9 8.8 6.7
3.95 3.4 7.4 5.8
3.7 3.25 8.95 7.2
3.6 2.45 8.4 5.85
3.9 3.15 7.95 6.1
3.75 3.65 7.8 6.45
3.8 3.35 8.2 6.55
3.9 3.6 7.6 6.2
3.9 3.5 7.25 5.75
3.8 2.9 8.1 6.0
3.65 2.55 9.25 6.8
3.65 3.1 8.45 6.55
3.6 2.8 8.4 6.2
3.7 2.85 9.1 6.95
3.7 3.85 7.75 6.6
3.75 3.45 8.3 6.75
3.45 2.65 8.95 6.6
3.85 3.4 8.1 6.5
3.6 2.75 8.7 6.45
3.65 3.45 7.35 5.8
3.75 3.75 7.7 6.45
3.7 3.35 8.45 6.8
3.9 4.1 8.4 7.5
3.7 4.25 6.5 5.75
3.7 2.65 8.0 5.65
3.85 3.1 8.15 6.25
3.95 4.0 6.9 5.9
3.85 4.3 6.75 6.05
3.8 4.2 7.8 7.0
3.6 3.9 8.3 7.2
3.75 2.35 8.05 5.4
3.75 3.1 8.2 6.3
3.75 3.7 7.1 5.8
3.85 3.55 7.05 5.6
3.95 4.25 7.2 6.45
3.9 2.9 8.15 6.05
3.9 3.65 7.1 5.75
3.7 3.7 7.45 6.15
3.8 3.4 8.25 6.65
3.9 3.45 8.95 7.4
3.75 3.3 7.35 5.65
3.8 4.2 7.55 6.75
3.95 3.6 7.05 5.65
3.7 3.4 8.85 7.25
3.85 3.45 7.9 6.35
3.65 2.8 9.25 7.05
3.8 2.8 7.9 5.7
3.85 4.0 6.7 5.7
3.85 4.05 7.5 6.55
3.8 3.1 8.85 6.95
3.75 3.25 7.95 6.2
3.7 3.6 7.8 6.4
3.65 3.5 8.45 6.95
3.95 3.85 7.0 5.85
3.6 3.0 8.25 6.25
3.7 2.5 8.6 6.1
3.8 2.85 7.55 5.4
3.7 3.25 7.7 5.95
3.9 2.65 8.25 5.9
3.7 3.4 8.3 6.7
4.0 3.2 7.6 5.8
3.75 3.85 6.75 5.6
3.9 3.25 7.65 5.9
3.45 2.15 9.45 6.6
3.95 2.75 8.45 6.2
3.65 3.55 7.8 6.35
3.8 3.35 7.6 5.95
3.6 3.15 7.95 6.1
3.75 4.05 7.1 6.15
3.7 3.15 8.6 6.75
3.9 3.2 7.65 5.85
3.65 3.6 7.55 6.15
3.7 2.95 9.2 7.15
4.0 5.15 6.3 6.45
3.75 2.1 9.45 6.55
3.85 3.4 8.45 6.85
3.5 3.25 7.8 6.05
3.55 2.15 9.35 6.5
3.7 3.6 7.4 6.0
3.5 3.8 8.3 7.1
3.85 3.75 6.4 5.15
3.8 3.0 7.6 5.6
3.7 3.2 7.45 5.65
3.75 3.55 8.45 7.0
3.75 2.75 8.1 5.85
3.6 2.95 8.7 6.65
3.8 3.0 7.85 5.85
3.8 2.55 8.8 6.35
3.7 3.1 9.1 7.2
3.6 2.5 8.4 5.9
3.75 2.9 8.55 6.45
3.85 2.0 9.25 6.25
3.7 4.05 7.4 6.45
3.8 4.1 7.55 6.65
3.65 2.55 8.3 5.85
3.7 3.4 7.25 5.65
3.8 3.25 7.45 5.7
3.65 3.25 7.4 5.65
3.6 3.55 7.85 6.4
3.7 2.7 8.95 6.65
3.6 3.2 7.6 5.8
3.8 2.8 8.45 6.25
3.75 3.25 8.3 6.55
3.7 1.95 9.2 6.15
3.8 2.85 8.15 6.0
3.85 3.65 7.85 6.5
3.95 4.55 6.1 5.65
3.8 4.15 7.25 6.4
3.8 3.3 7.5 5.8
3.65 4.05 8.1 7.15
3.8 3.8 7.7 6.5
3.85 3.35 6.95 5.3
3.8 3.65 7.4 6.05
3.9 4.65 6.75 6.4
3.95 3.55 7.9 6.45
3.85 3.45 7.15 5.6
3.7 3.05 7.6 5.65
3.9 3.4 7.75 6.15
3.85 2.85 8.5 6.35
3.7 3.55 8.15 6.7
3.85 3.4 8.1 6.5
3.65 3.3 7.95 6.25
3.55 2.45 9.4 6.85
3.9 3.3 7.1 5.4
3.6 2.8 8.75 6.55
3.8 3.2 7.75 5.95
3.8 3.15 8.0 6.15
3.8 4.15 7.4 6.55
3.8 3.7 7.35 6.05
3.75 3.65 8.3 6.95
3.85 3.5 7.75 6.25
3.75 3.8 7.2 6.0
3.85 3.45 7.6 6.05
3.85 3.95 7.0 5.95
3.55 3.4 8.3 6.7
3.6 3.45 7.6 6.05
3.75 4.4 7.6 7.0
3.55 3.75 8.0 6.75
3.3 3.4 8.2 6.6
3.9 3.6 7.55 6.15
3.85 3.55 8.0 6.55
3.6 2.6 8.85 6.45
3.8 3.7 6.8 5.5
4.0 3.7 7.05 5.75
3.85 3.8 7.15 5.95
3.6 2.75 8.35 6.1
3.85 3.15 7.8 5.95
3.6 3.25 8.25 6.5
3.85 3.1 7.8 5.9
3.75 2.95 9.15 7.1
3.9 3.7 8.15 6.85
3.65 3.4 7.65 6.05
4.0 4.2 7.0 6.2
3.55 2.3 9.1 6.4
3.75 3.1 8.15 6.25
3.65 3.3 7.9 6.2
3.85 3.3 7.9 6.2
3.8 3.45 8.3 6.75
3.75 3.6 7.05 5.65
3.8 3.95 8.2 7.15
3.8 2.65 7.75 5.4
3.8 3.45 7.4 5.85
3.7 3.35 8.3 6.65
3.5 2.6 9.0 6.6
3.65 3.35 7.9 6.25
3.7 3.1 8.05 6.15
3.8 4.4 7.1 6.5
3.7 2.45 8.75 6.2
3.75 3.45 7.45 5.9
3.7 3.4 8.6 7.0
3.8 4.15 6.95 6.1
3.8 4.55 7.05 6.6
3.9 4.45 6.65 6.1
3.9 3.65 7.75 6.4
3.85 3.25 7.55 5.8
3.8 2.95 8.65 6.6
3.65 2.9 9.05 6.95
3.85 3.0 8.4 6.4
3.8 3.5 8.05 6.55
3.95 2.85 8.35 6.2
3.6 2.25 8.85 6.1
3.6 3.4 8.35 6.75
3.75 2.7 8.85 6.55
3.65 4.15 7.35 6.5
3.8 4.15 6.6 5.75
3.65 3.1 8.15 6.25
3.85 4.65 6.0 5.65
3.85 4.05 7.75 6.8
4.0 3.3 7.9 6.2
3.85 3.55 7.15 5.7
3.8 3.7 7.05 5.75
3.6 2.85 8.25 6.1
3.65 3.25 8.5 6.75
3.85 2.85 7.9 5.75
3.75 4.6 7.0 6.6
3.65 3.9 8.25 7.15
3.8 3.75 6.8 5.55
3.9 2.95 8.6 6.55
3.9 3.25 8.15 6.4
3.8 3.25 8.1 6.35
3.8 3.35 7.85 6.2
3.75 4.25 6.3 5.55
3.65 3.0 7.35 5.35
3.75 2.95 8.25 6.2
3.6 3.75 7.65 6.4
3.5 3.5 8.45 6.95
3.85 2.55 7.25 4.8
3.8 3.9 8.25 7.15
3.9 3.45 8.05 6.5
3.65 3.0 8.9 6.9
3.55 3.2 8.3 6.5
3.85 2.65 8.05 5.7
3.75 2.7 8.45 6.15
3.85 4.0 7.9 6.9
3.6 2.6 9.2 6.8
3.6 3.0 8.25 6.25
3.75 4.55 6.8 6.35
3.85 3.75 8.25 7.0
3.7 3.65 7.3 5.95
3.75 3.3 8.3 6.6
3.6 3.05 8.9 6.95
3.7 2.6 8.85 6.45
3.65 2.9 8.45 6.35
3.95 3.75 7.15 5.9
3.7 2.6 8.55 6.15
3.65 3.75 7.9 6.65
3.9 3.7 7.85 6.55
3.85 3.4 8.15 6.55
3.75 2.95 8.2 6.15
3.9 3.85 7.05 5.9
3.7 3.15 8.9 7.05
3.75 4.15 6.65 5.8
3.8 3.4 7.95 6.35
3.6 3.05 8.2 6.25
3.7 3.45 7.8 6.25
3.75 3.75 7.1 5.85
3.8 3.7 7.55 6.25
3.7 2.9 8.6 6.5
3.9 3.2 7.7 5.9
3.6 3.4 8.05 6.45
3.75 1.95 9.5 6.45
3.6 3.35 7.1 5.45
3.6 3.15 7.55 5.7
4.0 3.65 7.35 6.0
3.9 4.35 8.05 7.4
3.8 4.45 7.6 7.05
3.65 3.15 8.5 6.65
3.9 3.45 7.2 5.65
3.65 3.7 7.15 5.85
3.8 3.1 8.85 6.95
3.7 3.05 8.25 6.3
3.75 2.7 8.2 5.9
3.65 3.35 7.85 6.2
3.5 2.95 8.05 6.0
3.9 2.75 8.15 5.9
3.8 3.9 7.8 6.7
3.95 3.4 8.25 6.65
3.8 3.0 8.5 6.5
3.5 3.0 8.55 6.55
3.9 3.4 6.35 4.75
3.8 4.05 7.45 6.5
3.65 3.35 8.05 6.4
3.9 4.05 7.15 6.2
3.7 3.9 7.05 5.95
3.9 2.45 8.5 5.95
3.8 3.4 7.95 6.35
3.8 3.95 7.05 6.0
3.4 3.45 8.7 7.15
3.65 2.85 8.05 5.9
3.7 3.35 8.8 7.15
3.8 2.85 8.95 6.8
3.9 4.0 7.0 6.0
3.7 4.9 7.2 7.1
3.65 3.45 7.4 5.85
3.75 3.35 7.15 5.5
3.6 3.9 7.0 5.9
3.8 4.05 6.95 6.0
3.6 2.4 8.5 5.9
3.65 3.7 7.1 5.8
3.75 3.2 7.05 5.25
3.8 3.85 7.9 6.75
3.75 3.5 7.6 6.1
3.65 3.4 7.7 6.1
3.7 3.6 7.85 6.45
3.55 3.25 8.0 6.25
3.75 3.8 6.8 5.6
3.7 3.45 8.05 6.5
3.75 2.6 9.4 7.0
3.85 3.9 7.5 6.4
3.8 2.9 8.6 6.5
3.85 3.35 7.7 6.05
3.85 3.55 7.45 6.0
3.55 2.85 9.55 7.4
3.65 3.1 8.9 7.0
3.8 3.05 8.35 6.4
3.4 2.15 9.75 6.9
3.7 3.15 8.2 6.35
3.55 2.3 9.05 6.35
3.8 3.5 7.55 6.05
3.65 2.6 8.2 5.8
3.75 3.3 7.85 6.15
3.7 3.2 7.8 6.0
3.8 4.2 6.15 5.35
3.95 5.1 6.3 6.4
3.85 3.85 7.05 5.9
3.85 4.65 6.4 6.05
3.9 4.05 7.2 6.25
3.85 3.1 7.4 5.5
3.85 3.8 6.85 5.65
3.8 3.55 7.3 5.85
3.85 3.2 8.3 6.5
3.65 3.25 8.9 7.15
3.9 3.5 6.6 5.1
3.75 3.35 7.2 5.55
3.8 2.55 8.3 5.85
3.85 3.55 6.95 5.5
3.8 4.35 7.3 6.65
3.7 2.45 8.3 5.75
3.5 3.2 8.6 6.8
3.9 3.15 8.45 6.6
3.75 3.65 8.45 7.1
3.65 3.35 8.2 6.55
3.7 3.8 7.75 6.55
3.6 3.5 7.7 6.2
3.65 3.3 8.3 6.6
3.75 2.55 8.1 5.65
3.75 2.75 9.1 6.85
3.75 3.7 7.3 6.0
3.8 3.05 7.7 5.75
3.6 2.75 9.35 7.1
3.95 4.65 6.4 6.05
3.65 2.65 9.2 6.85
3.75 3.25 8.4 6.65
3.9 3.15 8.15 6.3
3.75 4.3 6.7 6.0
3.95 3.35 6.9 5.25
3.5 3.3 8.15 6.45
3.55 2.85 8.4 6.25
3.9 4.15 7.2 6.35
3.9 3.4 7.15 5.55
3.4 3.15 8.5 6.65
3.85 3.35 8.45 6.8
3.75 2.95 8.35 6.3
3.75 3.1 7.5 5.6
3.8 3.35 7.8 6.15
3.95 3.15 8.35 6.5
3.9 3.7 7.35 6.05
3.6 4.1 6.95 6.05
3.8 3.45 7.65 6.1
3.85 4.45 6.7 6.15
3.75 3.7 7.0 5.7
3.7 2.95 8.55 6.5
3.85 5.15 6.7 6.85
3.9 3.4 7.6 6.0
3.65 3.1 8.2 6.3
3.8 4.0 6.75 5.75
3.9 3.9 7.1 6.0
3.8 3.4 7.5 5.9
3.9 4.5 7.5 7.0
3.7 3.45 7.55 6.0
3.7 3.1 9.0 7.1
3.8 4.05 7.2 6.25
3.85 3.75 7.65 6.4
3.65 3.95 7.6 6.55
3.65 3.0 8.45 6.45
3.85 3.95 7.25 6.2
3.75 3.05 7.45 5.5
3.55 3.05 7.35 5.4
3.9 5.1 5.95 6.05
3.8 3.3 7.6 5.9
3.75 3.2 8.05 6.25
3.85 2.85 8.1 5.95
3.7 2.65 8.75 6.4
3.65 3.15 8.15 6.3
3.8 3.65 7.45 6.1
3.85 3.25 8.3 6.55
3.8 3.5 8.05 6.55
3.95 4.05 7.45 6.5
3.8 3.85 7.2 6.05
3.8 3.5 7.65 6.15
3.8 4.15 8.1 7.25
3.7 3.95 7.7 6.65
3.85 3.65 7.4 6.05
3.75 3.0 7.85 5.85
3.8 3.35 7.75 6.1
3.75 2.95 8.1 6.05
3.8 4.3 8.05 7.35
3.65 4.0 7.7 6.7
3.9 2.9 8.25 6.15
3.8 3.9 7.3 6.2
3.75 3.0 8.25 6.25
3.85 3.85 6.2 5.05
3.75 3.1 7.35 5.45
3.85 3.85 7.4 6.25
3.75 3.6 8.35 6.95
3.75 3.4 7.65 6.05
3.55 3.3 8.3 6.6
3.65 3.1 8.15 6.25
3.65 3.45 7.6 6.05
3.75 3.2 7.95 6.15
3.65 3.1 7.95 6.05
3.75 3.95 8.2 7.15
3.75 3.3 7.2 5.5
3.95 3.25 8.0 6.25
3.6 2.85 8.25 6.1
3.8 2.95 7.5 5.45
3.85 2.8 9.2 7.0
3.8 3.1 7.55 5.65
3.8 3.6 7.15 5.75
3.8 3.45 8.25 6.7
3.75 3.2 7.75 5.95
3.75 3.9 7.75 6.65
3.7 3.5 7.7 6.2
3.9 3.15 8.3 6.45
3.75 4.5 7.25 6.75
3.85 3.9 6.85 5.75
3.8 2.5 9.2 6.7
3.75 3.2 8.35 6.55
3.7 3.45 8.5 6.95
3.85 4.2 6.9 6.1
3.8 2.75 8.95 6.7
3.75 4.3 6.55 5.85
3.65 3.2 8.1 6.3
3.8 2.95 8.4 6.35
3.55 3.45 7.7 6.15
3.7 3.6 7.1 5.7
3.8 2.85 8.05 5.9
3.9 3.9 7.1 6.0
3.8 2.6 8.8 6.4
3.85 3.1 8.55 6.65
3.9 4.7 5.7 5.4
3.65 3.4 8.15 6.55
3.8 2.65 8.0 5.65
3.85 2.9 8.6 6.5
3.8 3.55 7.5 6.05
3.65 2.75 9.15 6.9
3.8 3.95 7.15 6.1
3.95 4.55 6.1 5.65
3.7 2.75 8.6 6.35
3.85 3.15 8.35 6.5
3.75 3.45 7.8 6.25
3.75 3.8 8.2 7.0
3.5 2.9 9.2 7.1
3.8 3.0 8.4 6.4
3.8 3.65 6.75 5.4
3.75 3.3 8.35 6.65
3.85 4.85 6.65 6.5
3.9 4.15 6.55 5.7
4.0 4.65 6.6 6.25
3.45 2.95 8.15 6.1
3.8 2.95 8.35 6.3
3.85 3.8 7.3 6.1
3.75 3.25 8.25 6.5
3.5 3.15 7.7 5.85
3.85 4.05 6.5 5.55
3.55 3.3 8.7 7.0
3.95 3.1 8.0 6.1
3.85 3.55 8.05 6.6
3.9 3.4 8.45 6.85
3.9 5.15 6.8 6.95
3.25 3.15 8.15 6.3
3.95 3.7 7.35 6.05
3.55 2.6 8.3 5.9
3.75 3.7 7.4 6.1
3.9 3.75 6.8 5.55
3.85 3.75 8.6 7.35
3.75 4.2 6.85 6.05
3.8 3.5 7.35 5.85
3.65 2.7 8.6 6.3
3.85 2.5 9.8 7.3
3.75 2.9 8.1 6.0
3.75 2.6 8.85 6.45
3.75 3.9 6.85 5.75
3.85 4.05 8.05 7.1
3.7 4.65 6.4 6.05
3.65 2.95 7.8 5.75
3.9 3.55 8.35 6.9
3.7 3.4 7.95 6.35
3.75 3.95 7.35 6.3
3.9 3.0 8.05 6.05
3.8 3.5 7.15 5.65
3.6 3.45 9.15 7.6
3.85 3.8 7.5 6.3
3.45 2.85 8.15 6.0
3.8 3.3 8.35 6.65
3.75 3.65 8.05 6.7
3.7 3.35 8.1 6.45
3.9 4.1 6.25 5.35
3.9 3.45 7.7 6.15
3.45 2.9 8.6 6.5
3.55 2.35 9.95 7.3
3.85 3.05 8.0 6.05
3.7 2.95 7.6 5.55
3.8 3.55 7.4 5.95
3.95 2.8 8.15 5.95
3.85 2.65 7.95 5.6
3.55 3.25 8.25 6.5
3.75 3.6 8.65 7.25
3.6 1.8 10.0 6.8
3.8 3.85 7.85 6.7
3.75 3.55 7.65 6.2
3.55 3.0 8.1 6.1
3.8 3.1 7.6 5.7
3.8 2.45 8.35 5.8
3.7 2.35 8.75 6.1
3.9 3.1 7.85 5.95
3.8 2.85 8.7 6.55
3.8 3.6 7.8 6.4
3.8 3.0 7.5 5.5
3.65 3.2 8.35 6.55
3.75 3.45 7.45 5.9
3.7 2.55 8.95 6.5
3.75 2.75 8.6 6.35
3.8 3.55 8.1 6.65
3.7 4.0 8.0 7.0
3.8 3.0 8.6 6.6
3.55 2.25 10.05 7.3
3.75 2.85 8.2 6.05
3.85 3.4 7.4 5.8
3.75 3.25 7.8 6.05
3.7 3.2 7.8 6.0
3.85 3.25 8.85 7.1
3.65 3.3 7.55 5.85
3.9 3.95 7.5 6.45
3.75 2.75 9.0 6.75
3.85 3.7 7.55 6.25
3.85 2.95 7.85 5.8
3.65 2.65 8.7 6.35
3.75 4.15 7.05 6.2
3.7 3.0 8.25 6.25
3.8 2.95 8.0 5.95
3.8 3.45 7.85 6.3
3.55 3.2 8.9 7.1
3.8 2.6 9.3 6.9
3.9 3.35 8.35 6.7
3.6 3.25 7.45 5.7
3.6 2.6 8.3 5.9
3.95 4.8 7.15 6.95
3.9 4.0 6.8 5.8
3.85 3.65 8.05 6.7
3.85 3.15 8.1 6.25
3.65 3.35 8.65 7.0
3.85 3.75 8.0 6.75
3.8 4.2 8.2 7.4
3.45 2.65 9.4 7.05
3.95 3.1 8.1 6.2
3.75 3.2 8.0 6.2
3.65 2.75 8.1 5.85
3.75 3.0 9.3 7.3
3.65 3.45 7.5 5.95
3.85 4.3 6.6 5.9
3.9 3.8 7.0 5.8
3.7 2.2 9.05 6.25
3.75 2.5 8.5 6.0
3.8 3.7 7.5 6.2
3.7 3.85 7.0 5.85
3.85 3.65 7.15 5.8
3.5 2.5 9.65 7.15
3.8 3.7 7.15 5.85
3.75 3.65 7.6 6.25
3.65 2.65 8.15 5.8
3.75 2.8 8.55 6.35
3.75 3.45 7.75 6.2
3.9 3.5 7.65 6.15
3.6 2.95 8.2 6.15
3.8 4.15 7.3 6.45
3.8 3.3 7.95 6.25
3.6 3.5 7.8 6.3
3.8 3.4 7.85 6.25
3.8 3.95 6.15 5.1
3.8 2.95 7.85 5.8
3.8 3.9 7.1 6.0
3.95 4.3 7.35 6.65
3.9 4.15 6.9 6.05
3.7 3.3 7.95 6.25
3.9 3.65 7.8 6.45
3.85 2.95 7.5 5.45
3.65 4.0 6.7 5.7
3.8 4.0 7.9 6.9
3.6 4.25 7.4 6.65
3.6 3.95 7.7 6.65
3.65 3.35 8.25 6.6
3.9 3.2 7.95 6.15
3.85 2.2 8.9 6.1
3.9 3.35 6.95 5.3
3.75 3.4 7.6 6.0
3.7 2.95 8.15 6.1
3.7 3.15 8.0 6.15
3.6 3.15 8.75 6.9
3.9 3.85 7.0 5.85
3.6 3.45 7.8 6.25
3.8 4.0 7.55 6.55
3.7 2.85 8.4 6.25
3.75 3.1 7.3 5.4
3.6 2.65 8.6 6.25
3.75 2.6 9.4 7.0
3.95 3.1 7.1 5.2
3.9 3.65 7.45 6.1
3.8 4.15 6.65 5.8
3.65 3.0 8.8 6.8
3.9 3.05 8.3 6.35
3.75 2.95 9.0 6.95
3.75 3.3 7.55 5.85
3.7 3.3 8.55 6.85
3.8 2.85 8.25 6.1
3.7 4.25 7.8 7.05
3.8 3.4 7.65 6.05
3.65 2.4 9.1 6.5
3.8 3.9 7.45 6.35
3.8 3.75 7.0 5.75
3.75 3.05 8.65 6.7
3.75 4.15 7.5 6.65
3.8 4.05 7.25 6.3
3.75 2.95 8.2 6.15
3.85 2.9 8.15 6.05
3.9 3.6 7.0 5.6
3.8 3.25 7.8 6.05
3.95 4.3 7.15 6.45
3.75 4.65 7.15 6.8
3.85 3.85 6.6 5.45
3.55 3.2 8.55 6.75
3.7 3.75 7.8 6.55
3.85 3.45 7.3 5.75
3.65 3.7 8.0 6.7
3.8 3.0 8.35 6.35
3.7 2.85 8.95 6.8
3.9 3.85 6.9 5.75
3.85 3.8 7.25 6.05
3.65 4.2 7.3 6.5
3.75 3.95 7.8 6.75
3.9 3.6 7.0 5.6
3.8 3.15 8.45 6.6
3.7 3.6 7.5 6.1
3.95 3.15 7.55 5.7
3.7 3.7 8.35 7.05
3.8 3.75 7.6 6.35
3.75 3.15 8.6 6.75
3.75 4.8 6.15 5.95
3.8 3.55 7.55 6.1
3.85 3.95 7.4 6.35
3.8 4.25 7.25 6.5
3.85 2.7 8.05 5.75
3.8 4.1 7.15 6.25
3.8 3.0 8.05 6.05
3.85 2.8 8.7 6.5
3.55 3.15 8.3 6.45
3.65 3.45 7.5 5.95
3.8 4.0 6.55 5.55
3.6 3.05 7.75 5.8
3.75 4.2 6.6 5.8
3.65 3.45 7.95 6.4
3.75 2.75 9.25 7.0
3.6 3.85 7.8 6.65
3.65 3.75 8.5 7.25
3.9 2.9 8.7 6.6
3.85 3.65 7.75 6.4
3.9 3.95 7.6 6.55
3.75 3.55 7.75 6.3
3.65 4.75 7.0 6.75
3.75 3.1 8.4 6.5
3.6 3.15 8.0 6.15
3.6 4.1 7.05 6.15
3.85 3.0 7.65 5.65
3.8 3.95 7.35 6.3
3.7 2.85 7.65 5.5
3.95 3.75 7.65 6.4
3.85 2.75 8.25 6.0
3.8 2.8 8.05 5.85
3.8 3.6 6.55 5.15
3.6 3.55 7.9 6.45
3.7 3.35 7.9 6.25
3.75 2.95 8.65 6.6
3.9 3.8 7.45 6.25
3.8 4.1 6.9 6.0
3.9 3.7 7.35 6.05
3.6 2.45 8.95 6.4
3.8 3.15 7.55 5.7
3.9 4.1 7.4 6.5
3.75 3.1 8.7 6.8
3.6 3.25 8.2 6.45
3.85 3.6 7.55 6.15
3.7 2.65 7.85 5.5
3.65 3.1 7.75 5.85
3.75 3.0 8.3 6.3
3.8 2.3 8.75 6.05
3.75 2.9 8.25 6.15
3.8 3.2 8.65 6.85
3.8 4.25 7.75 7.0
3.85 3.5 8.0 6.5
3.75 3.05 7.95 6.0
3.9 2.9 8.0 5.9
3.7 3.6 7.35 5.95
3.45 2.6 9.05 6.65
3.7 3.7 7.1 5.8
3.6 2.55 8.85 6.4
3.75 3.3 7.55 5.85
3.45 3.2 8.25 6.45
3.85 3.2 7.9 6.1
3.75 3.35 6.8 5.15
3.7 3.45 7.5 5.95
3.8 4.5 6.6 6.1
3.9 3.9 7.65 6.55
3.55 3.5 7.75 6.25
3.9 4.35 6.55 5.9
3.75 3.65 7.75 6.4
3.65 3.0 8.05 6.05
3.65 2.85 8.05 5.9
3.75 2.6 7.9 5.5
3.55 3.15 7.6 5.75
3.95 5.7 6.0 6.7
3.85 4.2 7.8 7.0
3.7 3.15 8.25 6.4
3.6 2.85 8.75 6.6
3.6 3.35 7.8 6.15
3.9 4.5 6.95 6.45
3.6 3.6 8.25 6.85
3.9 2.95 8.75 6.7
3.8 3.35 8.75 7.1
3.55 3.9 6.55 5.45
3.75 3.6 7.2 5.8
3.95 3.7 7.9 6.6
3.75 3.15 8.05 6.2
3.65 3.15 8.75 6.9
3.85 3.9 6.1 5.0
3.85 4.15 7.1 6.25
3.85 3.25 7.85 6.1
3.5 2.55 8.5 6.05
3.75 3.15 7.95 6.1
3.9 3.05 7.9 5.95
3.9 4.0 6.7 5.7
3.9 3.5 7.85 6.35
3.75 2.65 8.2 5.85
3.85 3.55 7.95 6.5
3.55 2.75 8.55 6.3
3.85 3.7 7.6 6.3
3.65 3.45 8.7 7.15
3.6 3.8 8.25 7.05
3.7 3.85 7.35 6.2
3.35 2.6 10.05 7.65
3.95 4.9 6.5 6.4
3.75 3.05 8.1 6.15
3.65 3.25 7.8 6.05
3.8 2.95 9.35 7.3
3.7 2.6 9.05 6.65
3.9 4.35 6.6 5.95
3.75 3.65 8.05 6.7
3.8 3.15 8.55 6.7
3.95 4.0 6.9 5.9
3.65 2.85 8.3 6.15
3.7 3.1 9.35 7.45
3.75 2.85 7.45 5.3
3.75 3.15 8.35 6.5
3.85 3.55 8.15 6.7
3.55 3.55 8.1 6.65
3.9 3.95 7.6 6.55
3.75 3.75 8.0 6.75
3.8 3.4 8.5 6.9
3.9 3.95 6.45 5.4
3.7 3.05 7.95 6.0
3.8 3.7 8.4 7.1
3.75 3.8 7.75 6.55
3.8 2.8 8.8 6.6
3.8 4.7 6.65 6.35
3.7 3.2 7.9 6.1
3.8 3.35 7.1 5.45
3.85 3.8 6.35 5.15
3.85 4.55 7.1 6.65
3.8 2.9 8.4 6.3
3.75 3.65 7.25 5.9
3.8 2.65 8.9 6.55
3.9 4.2 7.5 6.7
3.75 2.9 8.65 6.55
3.75 4.15 6.65 5.8
3.75 3.45 7.9 6.35
3.8 3.1 8.0 6.1
3.6 2.7 9.25 6.95
3.65 2.75 8.8 6.55
3.55 3.0 9.1 7.1
3.75 3.25 8.45 6.7
3.75 2.65 8.55 6.2
3.8 3.65 7.65 6.3
3.85 4.35 6.05 5.4
3.95 3.7 7.25 5.95
3.65 2.0 8.75 5.75
3.85 3.45 7.95 6.4
3.75 4.35 6.7 6.05
3.8 3.95 6.55 5.5
3.8 4.2 5.95 5.15
3.65 3.9 6.95 5.85
3.5 3.0 9.15 7.15
3.95 2.7 8.55 6.25
3.85 3.0 8.45 6.45
3.7 2.85 8.45 6.3
3.75 4.1 7.05 6.15
3.85 3.55 8.35 6.9
3.8 3.05 8.65 6.7
3.8 3.85 7.0 5.85
3.6 2.7 8.15 5.85
3.85 3.15 9.05 7.2
3.7 4.45 6.75 6.2
3.85 2.9 7.6 5.5
3.75 2.95 7.55 5.5
3.55 4.2 7.45 6.65
3.85 3.65 8.0 6.65
3.8 3.9 7.45 6.35
3.85 3.0 8.2 6.2
3.7 2.9 8.0 5.9
3.85 3.8 7.6 6.4
3.7 3.1 8.3 6.4
3.9 4.45 7.05 6.5
3.65 4.05 7.0 6.05
3.7 2.75 8.15 5.9
3.7 3.25 8.15 6.4
4.0 4.45 6.75 6.2
3.9 4.05 7.65 6.7
3.75 4.25 6.75 6.0
3.8 4.1 6.95 6.05
3.45 2.9 8.7 6.6
3.8 3.95 8.4 7.35
3.6 3.35 8.15 6.5
3.9 4.05 7.5 6.55
3.7 3.3 8.7 7.0
3.8 2.6 8.25 5.85
3.55 3.3 8.35 6.65
3.7 3.65 7.95 6.6
3.85 3.05 8.0 6.05
3.55 3.25 8.15 6.4
3.65 2.8 8.6 6.4
3.85 3.8 7.15 5.95
3.95 4.65 6.1 5.75
3.75 3.65 7.35 6.0
3.8 4.05 6.75 5.8
3.6 3.4 7.65 6.05
3.55 3.3 8.15 6.45
3.85 4.45 6.75 6.2
3.9 3.05 8.35 6.4
3.8 3.2 7.6 5.8
3.4 3.05 8.5 6.55
3.7 3.75 7.8 6.55
3.8 3.4 7.9 6.3
3.9 5.1 7.25 7.35
3.8 3.8 6.3 5.1
3.95 3.7 7.95 6.65
3.75 3.5 8.1 6.6
3.85 3.4 7.95 6.35
3.9 4.2 6.75 5.95
3.65 3.55 6.9 5.45
3.6 3.6 7.7 6.3
3.85 3.1 7.9 6.0
3.75 3.15 7.95 6.1
3.6 2.9 8.9 6.8
3.9 3.1 7.65 5.75
3.8 4.15 6.75 5.9
3.45 2.55 8.0 5.55
3.75 3.4 7.6 6.0
3.8 3.15 8.2 6.35
3.85 3.55 8.0 6.55
3.85 3.2 6.9 5.1
3.7 3.9 8.05 6.95
3.6 3.2 8.3 6.5
3.75 2.55 8.0 5.55
3.85 3.4 7.8 6.2
3.8 3.5 7.8 6.3
3.6 2.85 8.7 6.55
3.7 3.5 8.15 6.65
3.75 2.9 8.35 6.25
3.65 2.95 8.35 6.3
3.85 3.55 7.55 6.1
3.8 3.85 7.15 6.0
3.75 3.6 7.75 6.35
3.85 3.25 7.4 5.65
3.85 4.15 7.4 6.55
3.65 2.7 8.45 6.15
3.85 3.9 6.9 5.8
3.65 3.3 7.3 5.6
3.8 2.75 8.15 5.9
3.95 4.7 6.2 5.9
3.75 3.25 8.35 6.6
3.55 2.9 8.75 6.65
3.4 2.7 8.7 6.4
3.65 2.95 8.2 6.15
3.4 2.85 8.75 6.6
3.8 3.45 8.8 7.25
3.75 3.35 8.9 7.25
3.9 3.8 7.95 6.75
3.75 2.15 9.1 6.25
3.7 3.25 8.6 6.85
3.6 2.8 8.6 6.4
3.75 3.05 8.7 6.75
3.75 3.5 8.7 7.2
3.75 4.0 7.4 6.4
3.7 3.65 7.65 6.3
3.95 3.8 7.25 6.05
3.85 3.2 7.6 5.8
3.85 4.95 6.45 6.4
3.8 3.35 8.05 6.4
3.5 3.6 7.5 6.1
3.85 3.05 7.65 5.7
3.9 3.4 7.35 5.75
3.65 3.25 9.1 7.35
4.0 3.7 7.4 6.1
3.65 2.75 9.05 6.8
3.8 4.2 7.5 6.7
3.8 4.15 6.6 5.75
3.8 4.05 6.6 5.65
3.8 3.4 7.8 6.2
3.75 3.65 7.65 6.3
3.7 3.5 7.45 5.95
3.9 3.0 7.6 5.6
3.85 3.25 7.55 5.8
3.65 3.7 8.1 6.8
3.75 3.35 8.45 6.8
3.75 3.3 7.9 6.2
3.75 3.35 8.2 6.55
3.75 3.5 6.55 5.05
3.85 3.7 7.9 6.6
3.55 2.95 8.8 6.75
3.75 2.1 9.35 6.45
3.65 3.55 7.1 5.65
3.75 2.85 7.85 5.7
3.8 4.1 6.7 5.8
3.65 3.3 7.6 5.9
3.7 2.85 8.1 5.95
3.9 4.15 6.2 5.35
3.8 2.1 9.1 6.2
3.8 2.6 8.95 6.55
3.9 3.1 8.6 6.7
4.0 5.4 4.9 5.3
3.75 3.9 6.7 5.6
3.9 3.6 7.7 6.3
3.7 2.6 8.55 6.15
3.75 2.85 7.9 5.75
3.8 4.0 6.5 5.5
3.8 2.85 8.25 6.1
3.85 3.85 7.1 5.95
3.6 3.25 7.9 6.15
3.8 3.85 7.2 6.05
3.75 4.25 7.1 6.35
3.85 4.0 7.4 6.4
3.95 4.8 6.9 6.7
3.8 4.25 6.85 6.1
3.65 3.05 8.4 6.45
3.7 3.45 8.5 6.95
3.55 3.0 8.1 6.1
4.0 4.2 7.15 6.35
3.65 3.05 7.7 5.75
3.75 4.05 7.35 6.4
3.85 4.35 6.5 5.85
3.85 3.6 7.65 6.25
3.85 3.7 7.45 6.15
3.75 3.0 8.25 6.25
3.85 3.55 7.45 6.0
3.5 3.0 9.1 7.1
3.85 3.65 7.25 5.9
3.75 3.15 8.4 6.55
3.85 3.4 7.6 6.0
3.75 3.45 8.0 6.45
3.7 2.65 8.95 6.6
3.9 3.1 8.2 6.3
3.75 2.85 8.35 6.2
3.75 3.15 8.25 6.4
3.9 4.0 7.5 6.5
3.95 4.85 7.05 6.9
3.95 4.5 6.6 6.1
3.75 3.15 7.55 5.7
3.9 3.1 8.3 6.4
3.65 2.6 9.25 6.85
3.8 3.35 7.95 6.3
3.9 3.85 7.55 6.4
3.55 2.95 7.95 5.9
3.7 3.15 8.1 6.25
3.9 4.0 6.6 5.6
3.65 3.9 8.1 7.0
3.95 4.45 7.2 6.65
3.65 3.5 8.2 6.7
3.8 4.15 6.25 5.4
3.8 3.85 7.7 6.55
3.8 3.15 8.25 6.4
3.45 2.2 9.6 6.8
3.7 3.8 7.7 6.5
3.7 3.4 8.4 6.8
3.7 2.95 8.65 6.6
3.8 3.05 8.1 6.15
3.9 3.5 7.55 6.05
3.75 4.05 7.25 6.3
3.7 3.15 8.25 6.4
3.9 3.05 7.75 5.8
3.75 3.0 8.05 6.05
3.9 4.0 6.45 5.45
3.9 4.15 6.7 5.85
3.65 3.0 8.1 6.1
3.8 3.85 7.85 6.7
3.9 4.5 7.4 6.9
3.7 3.2 7.4 5.6
3.6 3.3 8.25 6.55
3.75 3.1 7.85 5.95
3.85 2.7 8.55 6.25
3.75 3.8 7.7 6.5
3.75 3.05 8.75 6.8
3.85 4.4 7.35 6.75
3.95 3.9 7.1 6.0
3.85 3.0 7.8 5.8
3.9 2.65 7.65 5.3
3.6 3.15 7.95 6.1
3.85 4.0 7.95 6.95
3.85 3.45 7.75 6.2
3.7 3.5 7.6 6.1
3.85 3.6 8.6 7.2
3.75 3.0 8.45 6.45
3.6 2.6 8.55 6.15
3.8 4.35 6.35 5.7
3.65 3.05 7.9 5.95
3.65 4.45 6.5 5.95
3.85 3.05 7.9 5.95
3.8 3.8 8.2 7.0
3.9 3.1 8.15 6.25
3.75 2.85 8.8 6.65
3.8 3.8 7.4 6.2
3.55 2.9 9.7 7.6
3.6 3.1 8.15 6.25
3.7 3.0 9.55 7.55
3.55 2.7 9.15 6.85
3.85 3.8 7.8 6.6
3.6 3.05 8.1 6.15
3.95 4.4 6.95 6.35
3.75 3.15 7.85 6.0
3.85 5.45 7.0 7.45
3.75 3.55 7.8 6.35
3.7 3.4 7.35 5.75
3.9 3.1 9.0 7.1
3.75 2.95 8.15 6.1
3.8 3.05 7.75 5.8
3.7 3.1 8.95 7.05
3.85 3.7 7.0 5.7
3.75 3.95 6.5 5.45
3.95 3.25 8.0 6.25
3.65 3.3 8.2 6.5
3.6 2.9 8.45 6.35
3.7 2.5 9.5 7.0
3.75 3.25 8.3 6.55
3.75 2.05 9.65 6.7
3.9 4.35 6.75 6.1
3.75 2.9 7.75 5.65
3.65 2.75 7.9 5.65
3.85 4.15 7.95 7.1
3.8 4.2 7.3 6.5
3.7 3.35 7.75 6.1
3.65 3.95 7.1 6.05
3.9 3.0 7.95 5.95
3.75 3.95 7.35 6.3
3.65 3.6 7.75 6.35
3.8 4.05 7.2 6.25
3.45 2.35 8.9 6.25
3.95 4.25 6.25 5.5
3.75 3.45 7.2 5.65
3.55 2.5 8.7 6.2
3.75 3.2 8.2 6.4
3.55 3.05 8.7 6.75
3.9 5.0 6.95 6.95
3.75 3.3 7.95 6.25
3.8 3.4 7.4 5.8
3.65 3.0 9.15 7.15
4.0 4.6 6.3 5.9
3.6 2.65 9.15 6.8
3.75 3.2 8.5 6.7
3.65 4.75 6.75 6.5
3.65 3.05 8.7 6.75
3.8 3.4 9.2 7.6
3.75 3.6 7.85 6.45
3.9 3.8 7.1 5.9
3.65 2.25 9.05 6.3
3.75 3.75 7.4 6.15
3.8 3.35 7.6 5.95
3.75 3.3 8.2 6.5
3.9 3.15 7.0 5.15
3.75 3.45 8.4 6.85
3.7 3.9 8.05 6.95
3.45 3.2 8.7 6.9
3.75 3.25 8.45 6.7
3.75 3.45 7.7 6.15
3.9 3.3 7.9 6.2
3.9 2.95 8.55 6.5
3.8 2.85 7.15 5.0
3.9 3.95 7.9 6.85
3.85 5.45 4.85 5.3
3.8 4.65 6.4 6.05
3.75 3.0 8.0 6.0
3.8 2.95 8.65 6.6
3.35 3.2 8.85 7.05
3.85 4.2 7.55 6.75
3.85 3.85 8.0 6.85
3.65 3.2 7.6 5.8
3.95 3.15 8.2 6.35
3.65 3.55 8.4 6.95
3.7 3.6 6.95 5.55
3.7 3.3 8.3 6.6
3.65 4.2 7.2 6.4
3.95 4.1 8.35 7.45
3.8 3.95 7.2 6.15
3.65 3.75 7.2 5.95
3.55 2.5 9.3 6.8
3.85 3.9 6.8 5.7
3.75 3.75 7.75 6.5
3.55 3.6 7.3 5.9
3.8 3.15 8.3 6.45
3.65 3.6 7.6 6.2
3.75 3.2 8.8 7.0
3.85 3.7 7.4 6.1
3.55 2.75 8.35 6.1
3.6 3.1 9.05 7.15
3.8 3.3 9.0 7.3
3.85 3.5 7.85 6.35
3.5 2.65 8.3 5.95
3.6 4.1 8.25 7.35
3.5 2.9 8.4 6.3
3.7 3.95 6.6 5.55
3.9 3.05 8.15 6.2
3.8 3.25 8.8 7.05
3.55 3.1 8.85 6.95
3.7 3.75 7.6 6.35
3.7 3.4 6.85 5.25
3.85 3.65 7.3 5.95
3.7 3.05 7.95 6.0
3.75 3.4 7.65 6.05
3.4 2.85 8.65 6.5
3.8 2.45 8.55 6.0
3.85 4.0 7.55 6.55
3.7 2.85 8.5 6.35
3.65 3.45 7.2 5.65
3.6 3.45 8.45 6.9
3.7 3.25 7.7 5.95
3.65 4.55 7.05 6.6
3.8 2.45 9.05 6.5
3.7 3.05 9.0 7.05
3.55 2.7 9.1 6.8
3.8 4.4 6.95 6.35
3.75 4.9 5.9 5.8
3.4 2.4 9.85 7.25
3.85 4.85 7.7 7.55
3.85 4.1 7.2 6.3
3.55 3.75 7.45 6.2
3.45 2.95 8.15 6.1
3.85 3.7 7.1 5.8
3.85 3.6 6.9 5.5
3.8 3.4 8.35 6.75
3.85 3.15 7.75 5.9
3.8 3.55 7.95 6.5
3.8 2.75 9.2 6.95
3.7 3.55 8.05 6.6
3.7 3.15 8.45 6.6
3.6 2.9 7.85 5.75
3.65 3.65 7.6 6.25
3.65 3.5 7.9 6.4
3.75 3.3 8.25 6.55
3.8 3.5 8.05 6.55
3.5 2.7 8.35 6.05
3.65 3.2 8.9 7.1
3.6 2.9 8.45 6.35
3.65 4.35 7.25 6.6
3.7 3.15 8.05 6.2
3.75 2.75 8.5 6.25
3.7 3.1 7.9 6.0
3.8 2.7 8.45 6.15
3.9 4.05 6.85 5.9
3.7 2.6 8.5 6.1
3.8 3.35 7.6 5.95
3.8 3.15 8.15 6.3
3.75 3.35 8.3 6.65
3.95 3.4 7.45 5.85
3.85 3.65 8.05 6.7
3.7 1.45 10.25 6.7
3.75 4.7 6.15 5.85
3.6 3.9 7.85 6.75
3.75 3.2 8.1 6.3
3.85 2.65 8.55 6.2
3.4 3.0 8.25 6.25
3.85 3.4 8.5 6.9
3.65 2.9 8.6 6.5
3.65 4.15 7.2 6.35
3.75 4.2 7.35 6.55
3.95 3.25 8.35 6.6
3.75 2.85 7.75 5.6
3.95 3.6 6.95 5.55
3.65 2.55 8.55 6.1
3.75 3.7 6.9 5.6
3.7 2.65 9.1 6.75
3.65 3.9 7.55 6.45
3.75 2.9 8.15 6.05
3.95 3.95 7.2 6.15
3.6 3.25 7.85 6.1
3.7 2.95 8.4 6.35
3.75 2.9 8.1 6.0
3.55 2.15 9.65 6.8
3.65 2.85 8.55 6.4
3.75 3.3 7.85 6.15
3.85 2.95 8.1 6.05
3.85 3.3 7.75 6.05
4.0 4.3 6.85 6.15
3.8 2.95 7.9 5.85
3.9 3.9 7.35 6.25
3.7 2.8 8.35 6.15
3.8 2.85 8.2 6.05
3.85 3.65 7.8 6.45
3.75 3.8 6.5 5.3
3.75 2.7 8.9 6.6
3.7 3.85 8.1 6.95
3.8 2.8 8.3 6.1
3.9 2.85 8.5 6.35
3.95 3.7 8.1 6.8
3.9 3.8 7.05 5.85
3.65 3.8 9.1 7.9
3.8 3.4 7.95 6.35
3.75 3.6 7.85 6.45
3.75 2.9 8.35 6.25
3.65 2.5 8.6 6.1
3.85 3.75 7.8 6.55
3.35 2.85 8.5 6.35
3.75 3.1 7.8 5.9
3.75 3.35 7.8 6.15
3.9 4.3 6.65 5.95
3.8 3.95 6.85 5.8
3.85 4.85 6.45 6.3
3.8 3.15 7.1 5.25
3.6 2.7 8.15 5.85
3.7 3.4 7.6 6.0
3.7 3.1 8.05 6.15
3.6 3.05 7.7 5.75
3.7 3.3 8.25 6.55
3.8 3.6 8.45 7.05
3.7 2.95 8.3 6.25
4.0 4.3 6.5 5.8
3.9 3.45 8.0 6.45
3.55 2.1 9.3 6.4
3.95 3.9 6.4 5.3
3.8 3.75 6.75 5.5
3.85 4.4 6.65 6.05
3.75 3.05 8.05 6.1
3.65 3.55 8.05 6.6
3.75 3.6 7.95 6.55
3.75 3.35 7.8 6.15
3.75 4.1 7.0 6.1
3.9 4.15 7.4 6.55
3.8 3.4 7.4 5.8
3.45 3.35 8.6 6.95
3.8 4.2 7.3 6.5
3.55 2.2 8.8 6.0
3.7 3.5 7.15 5.65
3.65 2.75 7.55 5.3
3.7 2.35 9.4 6.75
3.75 2.8 8.1 5.9
3.55 2.45 8.55 6.0
3.9 3.05 7.7 5.75
3.7 3.55 7.85 6.4
3.55 2.6 8.1 5.7
3.85 2.65 8.95 6.6
3.7 4.8 6.8 6.6
3.7 2.7 8.2 5.9
3.7 4.3 6.95 6.25
3.75 3.55 7.1 5.65
3.65 3.75 7.15 5.9
3.5 3.4 7.75 6.15
3.8 3.25 8.0 6.25
3.8 4.25 6.8 6.05
3.75 3.45 8.3 6.75
3.85 3.5 7.6 6.1
3.55 3.0 8.1 6.1
3.65 3.15 8.85 7.0
3.7 3.25 7.6 5.85
3.8 2.75 8.3 6.05
3.75 3.4 6.9 5.3
3.5 2.9 8.25 6.15
3.95 3.75 8.3 7.05
3.65 3.2 7.9 6.1
3.85 2.75 8.25 6.0
3.85 4.45 6.35 5.8
3.75 3.6 7.7 6.3
3.75 3.95 7.6 6.55
3.8 3.8 7.65 6.45
3.85 3.8 6.9 5.7
3.8 4.05 6.85 5.9
3.65 2.6 8.7 6.3
3.9 4.1 6.15 5.25
3.9 4.25 6.9 6.15
3.65 3.7 7.35 6.05
3.65 3.15 7.85 6.0
3.65 3.6 7.7 6.3
3.8 3.95 8.05 7.0
3.75 3.65 8.2 6.85
3.65 3.05 7.95 6.0
3.65 3.1 8.55 6.65
3.5 2.7 8.1 5.8
3.55 3.4 8.9 7.3
3.8 2.95 8.35 6.3
3.7 3.15 8.35 6.5
3.75 4.5 6.65 6.15
3.7 3.35 7.4 5.75
3.85 3.05 7.4 5.45
3.75 3.75 7.4 6.15
3.85 4.95 6.65 6.6
3.65 3.55 8.4 6.95
3.75 3.5 7.75 6.25
3.8 3.5 7.5 6.0
3.7 3.25 8.25 6.5
3.75 3.85 7.15 6.0
3.75 4.65 7.2 6.85
3.85 3.45 7.45 5.9
3.95 3.95 6.15 5.1
3.85 4.3 7.6 6.9
3.75 4.45 7.25 6.7
3.6 2.7 7.95 5.65
3.7 2.95 7.85 5.8
3.85 6.25 5.3 6.55
3.75 4.45 6.85 6.3
3.7 2.9 8.65 6.55
3.75 3.5 7.0 5.5
3.8 3.0 8.5 6.5
3.75 2.5 8.15 5.65
3.65 3.6 7.65 6.25
3.75 3.75 7.1 5.85
3.9 5.25 5.9 6.15
3.7 2.1 10.0 7.1
3.9 4.25 6.75 6.0
3.9 2.45 9.0 6.45
3.7 2.8 8.6 6.4
3.9 3.15 7.85 6.0
3.95 5.65 6.25 6.9
3.6 3.65 7.75 6.4
3.8 3.4 7.85 6.25
3.7 3.65 7.25 5.9
3.65 4.4 7.3 6.7
3.4 3.05 9.45 7.5
3.6 2.75 9.35 7.1
3.75 3.3 7.7 6.0
3.7 2.5 9.1 6.6
3.8 3.45 7.65 6.1
3.85 2.8 7.9 5.7
3.75 3.45 6.9 5.35
3.85 4.4 6.25 5.65
3.7 2.95 8.4 6.35
3.8 3.7 7.1 5.8
3.95 3.75 6.6 5.35
3.7 2.85 7.95 5.8
3.7 2.7 8.2 5.9
3.7 3.1 8.25 6.35
4.0 4.0 7.1 6.1
3.7 3.05 8.3 6.35
3.75 3.45 7.5 5.95
3.6 4.55 7.3 6.85
3.65 2.85 8.55 6.4
3.95 4.55 6.5 6.05
3.8 3.55 8.15 6.7
3.75 3.65 7.15 5.8
3.9 4.8 6.8 6.6
3.8 2.9 8.4 6.3
3.8 3.7 7.4 6.1
3.9 4.05 6.9 5.95
3.75 3.8 8.1 6.9
3.6 2.5 8.8 6.3
3.8 3.5 8.0 6.5
3.5 3.9 7.2 6.1
3.85 3.35 8.1 6.45
3.6 3.45 8.05 6.5
3.8 3.5 7.55 6.05
3.85 4.25 7.35 6.6
3.7 2.7 8.7 6.4
3.7 2.8 8.9 6.7
3.8 3.75 7.2 5.95
3.55 3.05 8.8 6.85
3.5 2.7 9.85 7.55
3.9 3.3 8.0 6.3
3.8 2.95 7.5 5.45
4.0 4.2 6.5 5.7
3.6 3.3 8.25 6.55
3.8 4.7 6.25 5.95
3.75 3.4 7.8 6.2
3.7 4.25 6.65 5.9
3.8 3.95 7.4 6.35
3.9 3.95 6.55 5.5
3.8 3.55 6.85 5.4
3.75 2.75 8.1 5.85
3.8 3.4 7.7 6.1
3.75 2.85 7.7 5.55
3.85 3.75 7.4 6.15
3.6 2.5 8.8 6.3
3.95 4.0 7.2 6.2
3.8 3.85 7.3 6.15
3.85 3.2 8.45 6.65
3.8 3.15 8.0 6.15
3.95 4.45 7.1 6.55
3.65 3.15 8.1 6.25
3.7 3.7 8.0 6.7
3.6 3.2 8.2 6.4
3.8 3.15 7.8 5.95
3.65 3.5 7.5 6.0
3.8 3.5 8.5 7.0
3.6 2.95 8.3 6.25
3.65 3.25 7.8 6.05
3.95 3.5 8.0 6.5
3.8 3.4 7.75 6.15
3.75 3.35 7.7 6.05
3.8 3.75 7.8 6.55
3.4 2.55 8.85 6.4
3.75 3.0 8.5 6.5
3.65 3.15 8.3 6.45
3.9 3.25 7.6 5.85
3.85 3.4 8.45 6.85
3.65 3.25 7.8 6.05
3.85 3.45 6.6 5.05
3.9 3.1 8.6 6.7
3.8 3.2 7.9 6.1
3.6 2.9 7.8 5.7
3.8 3.4 8.5 6.9
3.85 2.75 7.8 5.55
3.95 4.1 7.15 6.25
3.85 4.85 5.7 5.55
3.85 4.25 7.0 6.25
3.8 3.4 6.65 5.05
3.8 2.85 8.55 6.4
3.65 3.15 7.8 5.95
3.8 2.9 9.0 6.9
3.7 3.5 8.05 6.55
3.75 3.8 7.7 6.5
4.0 2.75 8.6 6.35
3.65 3.7 8.3 7.0
3.6 2.65 8.55 6.2
3.8 3.85 7.85 6.7
3.9 3.95 6.75 5.7
3.6 3.7 7.9 6.6
3.7 3.65 7.2 5.85
3.75 2.9 8.8 6.7
3.85 4.3 6.7 6.0
3.75 3.15 8.0 6.15
3.8 3.75 7.55 6.3
3.7 3.35 7.0 5.35
3.6 2.95 8.5 6.45
3.75 2.3 9.3 6.6
3.75 3.1 8.3 6.4
3.75 3.4 8.65 7.05
3.75 3.3 7.7 6.0
3.85 3.5 7.0 5.5
3.85 4.3 6.9 6.2
3.65 3.35 8.7 7.05
3.85 3.7 7.7 6.4
3.65 3.25 8.25 6.5
3.75 3.4 7.95 6.35
3.9 2.95 7.75 5.7
3.6 2.65 8.95 6.6
3.7 3.45 7.55 6.0
3.8 4.8 6.4 6.2
3.75 2.45 8.55 6.0
3.55 2.3 9.8 7.1
3.35 2.8 9.75 7.55
3.75 3.35 8.1 6.45
3.9 3.95 7.6 6.55
3.9 3.9 6.8 5.7
3.95 4.45 6.85 6.3
3.75 3.75 7.35 6.1
3.95 3.45 7.2 5.65
3.95 4.15 6.4 5.55
3.7 2.7 8.25 5.95
3.9 3.75 7.65 6.4
3.75 2.55 8.4 5.95
3.8 3.3 8.15 6.45
3.8 3.05 8.3 6.35
3.75 2.9 8.85 6.75
3.8 4.05 7.1 6.15
3.8 3.5 7.15 5.65
3.75 3.45 7.85 6.3
3.55 3.05 9.4 7.45
3.75 3.45 8.35 6.8
3.75 3.2 8.8 7.0
3.6 3.75 7.55 6.3
3.6 2.5 9.05 6.55
3.75 3.45 7.5 5.95
3.85 3.2 7.7 5.9
3.8 2.45 8.75 6.2
3.9 3.85 7.9 6.75
3.9 4.65 6.2 5.85
3.7 2.55 8.1 5.65
3.7 3.3 7.95 6.25
3.85 3.7 7.25 5.95
3.7 4.1 7.2 6.3
3.75 3.15 7.95 6.1
3.75 3.85 6.8 5.65
3.7 3.8 7.5 6.3
3.75 3.35 7.65 6.0
3.6 3.3 7.7 6.0
3.65 2.9 8.95 6.85
3.8 3.25 8.3 6.55
3.8 3.3 8.05 6.35
3.85 3.85 6.55 5.4
3.95 3.25 8.6 6.85
3.65 2.8 8.95 6.75
3.8 2.8 8.5 6.3
3.95 3.4 7.7 6.1
3.85 3.1 8.15 6.25
3.7 4.8 6.75 6.55
3.7 3.25 8.2 6.45
3.95 3.85 7.55 6.4
3.5 3.5 8.25 6.75
3.9 3.65 7.65 6.3
3.65 2.6 9.45 7.05
3.75 3.85 7.0 5.85
3.75 3.45 7.45 5.9
3.85 3.55 8.05 6.6
3.75 3.4 7.2 5.6
3.75 4.05 6.7 5.75
3.8 3.45 8.35 6.8
3.85 2.85 8.85 6.7
3.85 3.8 6.9 5.7
3.7 2.95 9.0 6.95
3.95 4.15 6.2 5.35
3.95 3.75 8.3 7.05
3.85 3.1 8.4 6.5
3.6 3.15 8.7 6.85
3.65 2.65 8.75 6.4
3.85 3.25 7.8 6.05
3.5 4.1 8.3 7.4
3.7 3.1 7.45 5.55
3.75 3.85 7.75 6.6
3.75 3.65 7.3 5.95
3.75 2.65 8.25 5.9
3.55 2.65 8.5 6.15
3.8 4.3 7.1 6.4
3.75 3.7 8.2 6.9
3.75 2.75 8.0 5.75
3.75 3.6 8.05 6.65
3.85 4.15 6.7 5.85
3.7 3.25 8.4 6.65
3.85 4.0 7.65 6.65
3.6 3.35 7.95 6.3
3.7 2.95 8.35 6.3
3.6 2.8 8.7 6.5
3.9 3.3 8.55 6.85
3.95 3.1 8.55 6.65
3.75 1.95 9.6 6.55
3.8 4.25 7.4 6.65
3.65 3.9 7.1 6.0
3.7 2.45 9.1 6.55
3.5 2.45 9.15 6.6
3.75 2.5 8.95 6.45
3.85 3.55 7.45 6.0
3.7 3.2 7.95 6.15
3.85 3.1 7.1 5.2
3.95 3.85 7.0 5.85
3.7 2.75 8.65 6.4
3.9 4.0 6.65 5.65
3.75 4.0 7.4 6.4
3.85 3.5 7.75 6.25
3.9 3.7 7.4 6.1
3.8 3.7 7.8 6.5
3.8 4.55 6.75 6.3
3.85 3.05 7.95 6.0
3.75 3.15 7.6 5.75
3.75 3.8 7.35 6.15
3.85 3.5 8.0 6.5
3.65 3.3 8.55 6.85
3.55 3.35 8.55 6.9
3.55 2.85 8.3 6.15
3.7 3.0 8.65 6.65
3.5 2.6 8.35 5.95
3.95 3.6 7.65 6.25
3.9 3.55 6.8 5.35
3.7 2.5 8.65 6.15
3.9 3.4 8.0 6.4
3.9 4.55 6.6 6.15
4.0 4.8 6.5 6.3
3.8 2.4 7.95 5.35
3.8 3.1 8.05 6.15
3.85 3.6 7.65 6.25
3.75 3.15 7.8 5.95
3.45 3.4 7.9 6.3
3.75 3.1 8.55 6.65
3.8 3.7 7.8 6.5
3.8 2.8 8.75 6.55
3.95 3.95 7.45 6.4
3.5 2.45 9.1 6.55
3.45 2.8 9.25 7.05
3.8 3.55 7.55 6.1
3.45 3.05 8.35 6.4
4.0 3.7 7.3 6.0
3.8 3.35 7.35 5.7
3.85 3.8 7.85 6.65
3.75 3.95 7.75 6.7
3.8 3.6 7.4 6.0
3.7 3.15 8.35 6.5
3.65 2.9 7.75 5.65
3.8 2.8 8.4 6.2
3.65 4.15 7.05 6.2
3.9 4.35 6.45 5.8
3.85 3.55 6.85 5.4
3.65 2.7 8.1 5.8
3.75 3.4 7.65 6.05
3.8 2.95 8.15 6.1
3.55 3.15 8.7 6.85
3.65 3.75 8.55 7.3
3.7 3.4 8.5 6.9
3.75 4.4 6.4 5.8
3.9 3.65 7.05 5.7
3.85 3.3 7.65 5.95
3.8 4.35 7.25 6.6
3.75 3.85 6.75 5.6
3.75 2.95 7.75 5.7
3.8 3.05 8.5 6.55
3.95 4.65 6.1 5.75
3.7 2.65 8.6 6.25
3.65 3.5 8.15 6.65
3.75 3.75 7.5 6.25
3.85 2.7 7.9 5.6
3.65 3.25 7.65 5.9
3.85 3.35 7.35 5.7
3.8 4.35 6.75 6.1
3.8 3.7 8.15 6.85
3.65 3.0 7.75 5.75
3.85 3.3 8.1 6.4
3.7 3.6 7.3 5.9
3.95 3.2 7.35 5.55
3.8 3.2 7.75 5.95
3.8 3.6 7.5 6.1
3.7 3.2 8.6 6.8
3.9 3.85 7.9 6.75
3.6 2.55 8.3 5.85
3.7 3.2 8.45 6.65
3.65 3.55 8.85 7.4
3.8 3.25 7.65 5.9
3.95 4.35 7.1 6.45
3.75 3.45 7.75 6.2
3.9 4.1 6.8 5.9
3.55 3.3 8.45 6.75
3.75 2.5 8.2 5.7
3.85 3.65 7.45 6.1
3.95 3.05 7.45 5.5
3.75 2.8 8.65 6.45
3.8 4.15 6.55 5.7
3.75 3.75 8.0 6.75
3.8 4.0 6.95 5.95
3.85 2.6 8.4 6.0
3.75 4.2 6.9 6.1
3.65 3.0 8.65 6.65
3.9 3.65 7.35 6.0
3.8 3.45 8.05 6.5
4.0 3.2 7.8 6.0
3.6 3.95 6.9 5.85
3.7 4.3 6.95 6.25
3.75 3.15 8.3 6.45
3.6 3.55 8.05 6.6
3.8 2.85 8.75 6.6
3.65 2.95 8.1 6.05
3.95 4.0 6.65 5.65
3.9 3.95 7.35 6.3
3.9 4.6 6.65 6.25
3.65 4.1 7.9 7.0
3.7 3.0 8.25 6.25
3.55 2.95 8.7 6.65
3.6 4.0 7.7 6.7
3.85 3.45 7.9 6.35
3.9 3.65 7.6 6.25
3.9 3.1 7.4 5.5
3.6 3.6 7.35 5.95
3.75 3.35 8.0 6.35
3.8 3.2 7.95 6.15
3.9 3.6 7.05 5.65
3.75 3.15 8.4 6.55
3.85 3.85 7.55 6.4
3.9 3.8 6.65 5.45
3.75 3.45 8.0 6.45
3.75 3.1 8.15 6.25
4.0 4.6 6.85 6.45
3.9 4.45 7.05 6.5
3.95 3.75 7.2 5.95
3.85 4.5 6.9 6.4
3.8 4.0 6.9 5.9
3.65 3.6 8.2 6.8
3.9 3.65 7.2 5.85
3.6 3.65 7.4 6.05
3.7 2.45 8.8 6.25
3.65 3.25 8.1 6.35
3.75 3.3 7.55 5.85
3.85 4.15 6.5 5.65
3.95 3.5 6.8 5.3
3.5 2.7 8.5 6.2
3.85 3.8 7.25 6.05
3.7 2.4 8.4 5.8
3.5 2.9 8.6 6.5
3.6 3.15 8.45 6.6
3.75 3.55 7.55 6.1
3.65 3.35 8.05 6.4
3.8 3.0 8.55 6.55
3.85 3.0 8.45 6.45
3.8 3.45 7.95 6.4
3.85 3.75 7.1 5.85
3.45 2.35 9.45 6.8
3.85 3.45 7.8 6.25
3.9 4.45 6.65 6.1
3.8 3.15 8.55 6.7
3.65 2.55 9.4 6.95
3.85 3.5 6.7 5.2
3.85 3.55 8.05 6.6
3.85 3.25 7.2 5.45
3.6 3.45 7.75 6.2
3.9 4.05 6.95 6.0
3.8 3.15 7.35 5.5
3.8 4.0 7.6 6.6
3.95 2.7 8.25 5.95
3.65 2.95 8.85 6.8
3.8 4.5 6.65 6.15
3.65 2.95 7.25 5.2
3.3 3.65 8.65 7.3
3.7 3.1 7.85 5.95
3.65 3.35 8.75 7.1
3.85 3.9 7.85 6.75
3.85 3.85 7.6 6.45
3.55 3.15 8.6 6.75
3.7 2.8 8.2 6.0
3.65 3.4 8.1 6.5
3.7 2.75 9.05 6.8
3.85 3.0 8.35 6.35
3.9 3.25 7.95 6.2
3.85 3.45 7.7 6.15
3.9 3.15 8.1 6.25
3.75 2.65 8.35 6.0
3.8 3.6 7.85 6.45
3.75 3.15 8.3 6.45
3.6 3.05 8.4 6.45
3.6 3.05 8.15 6.2
3.85 4.05 7.05 6.1
3.8 3.35 7.4 5.75
3.75 3.7 7.15 5.85
3.95 3.4 6.95 5.35
3.9 3.45 7.3 5.75
3.75 3.4 8.55 6.95
3.7 3.55 7.0 5.55
3.65 4.0 7.8 6.8
3.75 4.05 7.7 6.75
3.75 3.5 7.65 6.15
3.95 5.25 6.55 6.8
3.8 3.95 7.3 6.25
3.75 4.45 6.95 6.4
3.75 3.45 7.9 6.35
3.8 3.3 7.25 5.55
3.8 3.2 8.7 6.9
3.75 3.35 7.25 5.6
3.85 3.8 7.15 5.95
3.9 2.85 8.85 6.7
3.85 3.75 7.45 6.2
3.65 3.8 7.25 6.05
3.75 3.7 7.2 5.9
3.75 3.85 7.25 6.1
3.7 3.85 7.3 6.15
3.9 3.75 6.65 5.4
3.8 3.25 6.85 5.1
3.8 4.3 7.4 6.7
3.9 3.5 7.35 5.85
3.85 3.05 7.9 5.95
3.8 4.5 7.2 6.7
3.55 2.4 8.6 6.0
3.75 4.05 6.65 5.7
3.9 3.6 7.9 6.5
3.85 3.15 7.6 5.75
3.85 2.7 9.45 7.15
3.8 3.55 8.1 6.65
3.8 3.65 7.7 6.35
3.95 4.75 5.4 5.15
3.7 2.8 8.6 6.4
3.7 3.45 7.85 6.3
3.75 2.75 8.9 6.65
3.6 2.85 8.3 6.15
3.95 3.3 8.0 6.3
3.85 3.65 6.75 5.4
3.85 4.0 7.0 6.0
3.6 3.4 8.25 6.65
3.8 3.6 7.9 6.5
3.75 3.4 7.9 6.3
3.75 3.25 8.05 6.3
3.85 3.2 7.75 5.95
3.9 3.8 6.95 5.75
3.75 4.2 7.15 6.35
3.65 2.75 8.3 6.05
3.8 3.8 8.25 7.05
3.85 4.05 7.8 6.85
3.8 3.2 8.15 6.35
3.6 2.95 7.75 5.7
3.9 3.15 7.8 5.95
3.9 4.0 7.55 6.55
3.9 4.0 6.65 5.65
3.8 3.05 8.05 6.1
3.75 3.1 8.55 6.65
3.6 2.8 7.45 5.25
3.65 3.0 8.6 6.6
3.75 3.4 7.55 5.95
3.7 2.75 8.85 6.6
3.85 3.2 7.8 6.0
3.85 3.1 8.1 6.2
3.6 3.9 7.4 6.3
3.8 4.35 6.35 5.7
3.8 3.6 7.35 5.95
3.75 2.55 9.35 6.9
3.65 4.05 7.7 6.75
3.75 3.7 7.6 6.3
3.9 2.85 8.8 6.65
3.8 3.05 8.3 6.35
3.85 3.75 7.0 5.75
3.85 4.5 7.2 6.7
3.75 3.3 8.5 6.8
3.85 4.05 8.5 7.55
3.55 3.4 8.25 6.65
3.8 3.6 7.35 5.95
3.8 3.85 7.0 5.85
3.9 4.25 7.1 6.35
3.75 2.7 8.45 6.15
3.8 3.4 8.25 6.65
3.75 3.15 7.25 5.4
3.65 2.0 9.8 6.8
3.85 3.3 6.95 5.25
3.85 3.15 7.95 6.1
3.7 3.75 7.1 5.85
3.75 4.35 7.5 6.85
3.6 3.15 7.5 5.65
3.9 3.2 7.95 6.15
3.8 4.55 7.45 7.0
3.6 2.8 9.0 6.8
3.9 3.65 7.4 6.05
3.8 3.3 7.5 5.8
3.65 3.25 8.5 6.75
3.65 3.1 7.5 5.6
3.9 4.5 7.65 7.15
3.75 3.7 7.2 5.9
3.75 3.5 7.7 6.2
3.65 3.95 8.0 6.95
4.0 3.8 6.6 5.4
3.7 2.9 8.45 6.35
3.7 4.6 6.95 6.55
3.9 3.4 7.25 5.65
3.95 3.45 7.95 6.4
3.75 3.15 8.55 6.7
3.75 4.25 7.4 6.65
3.8 4.05 8.4 7.45
3.85 3.25 8.4 6.65
3.6 2.8 8.65 6.45
3.65 4.5 6.25 5.75
3.6 3.1 8.55 6.65
3.75 3.5 7.5 6.0
3.8 3.2 8.75 6.95
3.9 3.8 7.0 5.8
3.6 2.7 9.2 6.9
3.8 3.6 7.3 5.9
3.7 3.45 7.95 6.4
3.95 3.6 7.45 6.05
3.75 2.6 8.4 6.0
3.8 4.05 7.25 6.3
3.65 2.85 8.9 6.75
3.9 3.6 7.85 6.45
3.95 4.05 6.95 6.0
3.5 2.45 9.7 7.15
3.85 2.9 7.7 5.6
3.95 3.25 7.2 5.45
3.6 3.0 8.25 6.25
3.8 3.05 8.15 6.2
3.55 2.65 9.0 6.65
3.85 3.7 7.3 6.0
3.75 3.9 7.15 6.05
3.85 3.85 7.0 5.85
3.7 3.4 7.25 5.65
3.85 3.45 7.2 5.65
3.8 3.25 7.4 5.65
3.75 2.95 7.85 5.8
3.7 3.3 7.85 6.15
3.7 3.65 7.95 6.6
3.8 3.35 7.4 5.75
3.8 3.25 7.8 6.05
3.7 3.3 6.9 5.2
3.9 3.45 7.45 5.9
3.85 3.8 7.05 5.85
3.8 2.8 7.95 5.75
3.9 3.5 8.85 7.35
3.55 3.35 8.1 6.45
3.8 3.7 7.85 6.55
3.8 3.35 7.5 5.85
3.8 3.15 7.55 5.7
3.65 3.45 7.75 6.2
3.7 2.8 8.7 6.5
3.7 2.25 9.5 6.75
3.65 4.95 6.4 6.35
3.95 3.4 8.55 6.95
3.9 4.25 6.85 6.1
3.9 3.35 7.95 6.3
3.6 2.85 8.65 6.5
3.85 4.3 6.05 5.35
3.9 4.35 7.0 6.35
3.6 2.95 9.5 7.45
3.65 2.6 8.7 6.3
3.95 4.05 7.1 6.15
3.85 4.3 6.95 6.25
3.8 4.3 6.65 5.95
3.6 2.85 7.9 5.75
3.9 3.4 8.1 6.5
3.75 3.65 7.9 6.55
3.6 3.15 8.3 6.45
3.55 3.0 8.75 6.75
3.7 3.45 7.75 6.2
3.75 2.8 8.35 6.15
3.8 3.25 7.85 6.1
3.85 4.0 7.1 6.1
3.9 4.55 7.0 6.55
3.65 2.35 8.4 5.75
3.85 2.75 8.9 6.65
3.75 4.05 7.3 6.35
3.7 4.0 7.45 6.45
3.95 2.95 9.15 7.1
3.8 3.25 7.75 6.0
3.85 3.05 8.05 6.1
3.55 3.3 8.4 6.7
3.9 3.6 7.15 5.75
3.75 3.75 7.6 6.35
3.9 3.35 7.6 5.95
3.85 3.95 6.8 5.75
3.65 4.4 7.2 6.6
3.75 2.8 8.4 6.2
3.65 2.3 9.75 7.05
3.75 3.3 7.95 6.25
3.55 4.25 6.7 5.95
3.65 2.95 8.45 6.4
3.75 3.4 7.55 5.95
3.75 2.8 8.55 6.35
3.8 3.95 6.95 5.9
3.75 3.25 7.5 5.75
3.75 3.8 7.4 6.2
3.6 3.45 7.85 6.3
3.85 3.5 7.05 5.55
3.7 3.95 7.0 5.95
4.0 3.9 7.4 6.3
3.75 3.55 7.85 6.4
3.6 2.65 9.55 7.2
3.9 3.15 7.95 6.1
3.75 3.3 7.75 6.05
3.7 3.15 8.3 6.45
3.75 3.25 8.15 6.4
3.85 3.45 7.65 6.1
3.6 2.1 9.2 6.3
3.65 3.55 7.85 6.4
3.75 3.15 7.95 6.1
4.0 4.55 6.25 5.8
3.8 4.05 7.9 6.95
3.8 3.35 7.7 6.05
3.85 3.2 8.35 6.55
3.8 3.9 6.7 5.6
3.55 2.6 9.15 6.75
3.65 2.8 8.45 6.25
3.75 3.9 7.2 6.1
3.85 4.4 6.15 5.55
3.75 4.75 6.45 6.2
3.6 3.35 8.15 6.5
3.75 4.25 7.45 6.7
3.9 3.1 7.8 5.9
3.35 2.9 8.6 6.5
3.8 3.65 7.85 6.5
3.75 3.65 7.85 6.5
3.7 3.75 7.5 6.25
3.75 2.95 7.75 5.7
3.85 3.9 7.6 6.5
3.85 3.75 8.1 6.85
3.75 2.65 8.4 6.05
3.6 3.2 7.55 5.75
3.9 3.4 6.95 5.35
3.55 3.2 7.5 5.7
3.75 2.25 8.65 5.9
3.6 4.25 7.55 6.8
3.55 2.3 9.2 6.5
3.8 2.95 7.85 5.8
3.8 3.75 7.4 6.15
3.6 2.45 9.6 7.05
3.3 2.2 9.75 6.95
3.85 2.85 9.2 7.05
3.45 2.6 9.5 7.1
3.9 3.2 7.55 5.75
3.8 3.7 7.7 6.4
3.65 2.15 8.0 5.15
3.7 3.45 7.6 6.05
3.7 2.9 8.45 6.35
3.7 3.7 6.85 5.55
3.85 3.25 8.45 6.7
3.7 2.6 8.25 5.85
3.9 3.35 8.4 6.75
3.65 3.25 7.9 6.15
3.85 4.3 7.6 6.9
3.95 4.3 6.75 6.05
3.8 3.1 7.15 5.25
3.75 3.2 7.75 5.95
3.75 3.9 7.55 6.45
3.9 4.7 6.1 5.8
3.7 3.2 8.2 6.4
3.8 2.8 9.1 6.9
3.8 2.95 8.25 6.2
3.75 4.2 7.85 7.05
3.5 3.0 8.45 6.45
3.6 3.1 8.35 6.45
3.7 2.5 9.2 6.7
3.7 3.2 8.1 6.3
3.75 3.2 8.05 6.25
3.65 2.9 8.25 6.15
3.8 4.05 7.6 6.65
3.8 3.85 7.25 6.1
3.7 3.5 8.6 7.1
3.75 2.95 8.05 6.0
3.85 3.2 7.3 5.5
3.8 3.55 9.0 7.55
3.9 3.55 7.2 5.75
3.45 2.9 8.5 6.4
3.7 2.4 8.85 6.25
3.95 3.7 7.7 6.4
3.8 3.8 7.05 5.85
3.7 2.7 8.1 5.8
3.9 4.25 7.2 6.45
3.6 3.2 8.55 6.75
3.75 3.6 8.4 7.0
3.5 4.25 8.1 7.35
3.65 3.2 7.75 5.95
4.0 4.05 6.85 5.9
3.65 4.0 7.6 6.6
3.75 3.35 7.75 6.1
3.8 4.0 7.75 6.75
3.85 2.55 8.55 6.1
3.85 3.75 7.65 6.4
3.75 3.5 8.55 7.05
3.2 3.1 9.35 7.45
3.7 3.45 7.6 6.05
3.95 3.75 7.6 6.35
3.6 3.95 7.8 6.75
3.75 3.1 7.55 5.65
3.85 2.9 8.05 5.95
3.9 3.65 7.55 6.2
3.75 2.55 7.8 5.35
3.9 4.35 6.5 5.85
3.6 2.3 7.95 5.25
3.8 3.25 7.85 6.1
3.6 3.1 8.35 6.45
3.9 3.25 8.25 6.5
3.8 2.65 9.0 6.65
3.9 2.45 8.6 6.05
3.65 2.95 8.3 6.25
3.9 4.15 6.9 6.05
3.65 2.55 8.25 5.8
3.4 2.65 9.6 7.25
3.95 3.4 8.1 6.5
3.8 3.7 7.95 6.65
3.4 3.3 8.75 7.05
3.7 2.55 9.6 7.15
3.9 2.5 8.75 6.25
3.7 3.9 6.9 5.8
3.75 3.2 7.85 6.05
3.75 3.15 8.2 6.35
3.8 2.75 8.65 6.4
3.75 2.35 8.5 5.85
3.75 2.95 8.2 6.15
3.75 2.15 8.4 5.55
3.9 3.15 6.8 4.95
3.8 4.05 7.75 6.8
3.8 3.45 8.8 7.25
3.55 2.0 9.1 6.1
3.55 2.75 8.6 6.35
3.75 3.65 6.6 5.25
3.85 4.25 8.05 7.3
3.85 5.6 7.0 7.6
3.7 3.55 7.9 6.45
3.6 3.75 7.8 6.55
3.7 2.75 8.25 6.0
3.8 2.55 8.2 5.75
3.5 1.85 9.65 6.5
3.8 4.15 7.4 6.55
3.75 3.2 7.95 6.15
3.6 3.5 7.7 6.2
3.85 3.95 7.45 6.4
3.7 2.95 8.05 6.0
3.75 3.4 8.05 6.45
3.85 2.75 8.85 6.6
3.75 2.55 8.0 5.55
3.8 4.55 7.1 6.65
3.7 3.0 8.2 6.2
3.9 4.95 5.8 5.75
3.85 4.1 6.75 5.85
3.75 3.2 7.95 6.15
3.65 2.9 8.9 6.8
3.8 2.3 8.45 5.75
3.75 3.8 7.85 6.65
3.7 3.7 7.55 6.25
3.9 2.9 8.25 6.15
3.75 3.7 7.7 6.4
3.8 2.8 7.7 5.5
3.55 3.15 8.3 6.45
3.5 3.1 8.6 6.7
3.55 2.85 7.9 5.75
3.8 2.9 8.1 6.0
3.8 4.1 7.5 6.6
3.65 5.2 6.9 7.1
3.85 3.15 7.8 5.95
3.7 3.3 8.1 6.4
3.7 3.05 9.4 7.45
3.8 4.0 8.05 7.05
3.9 4.2 7.1 6.3
3.85 4.1 6.7 5.8
3.75 3.5 7.5 6.0
3.7 2.8 8.5 6.3
3.6 3.05 8.3 6.35
3.8 4.5 6.8 6.3
3.8 4.2 6.7 5.9
3.75 3.35 8.55 6.9
3.9 4.55 5.8 5.35
3.8 3.2 8.0 6.2
3.75 3.75 7.85 6.6
3.8 2.95 8.0 5.95
3.7 3.3 7.35 5.65
3.8 2.95 8.2 6.15
3.85 3.05 6.6 4.65
3.9 3.95 7.15 6.1
3.7 4.05 6.6 5.65
3.7 3.25 7.6 5.85
3.65 3.65 8.2 6.85
3.8 3.4 7.0 5.4
3.8 2.95 8.25 6.2
3.75 3.65 7.1 5.75
3.85 4.1 7.0 6.1
3.75 3.55 7.75 6.3
3.8 3.6 7.7 6.3
3.75 2.85 8.05 5.9
3.7 3.3 8.05 6.35
3.7 3.3 7.7 6.0
3.8 4.65 7.0 6.65
3.85 3.95 7.85 6.8
3.75 3.55 7.15 5.7
3.85 3.8 7.5 6.3
3.6 3.15 8.1 6.25
3.7 3.7 7.9 6.6
3.65 3.5 7.45 5.95
3.65 2.15 9.15 6.3
3.85 3.05 7.8 5.85
3.75 4.2 7.2 6.4
3.55 2.75 8.8 6.55
3.75 3.3 8.1 6.4
3.9 3.1 8.2 6.3
3.9 4.4 6.2 5.6
3.8 3.2 7.9 6.1
3.7 4.15 6.8 5.95
3.8 4.2 6.75 5.95
3.85 3.3 6.95 5.25
3.75 3.15 8.8 6.95
3.75 3.1 8.0 6.1
3.65 4.15 7.55 6.7
3.8 3.0 8.5 6.5
3.7 2.85 8.2 6.05
3.8 3.3 8.25 6.55
3.8 3.95 7.55 6.5
3.7 2.65 8.4 6.05
3.8 3.35 8.25 6.6
3.8 3.15 8.35 6.5
3.7 2.8 9.4 7.2
3.95 3.9 6.9 5.8
3.65 2.85 7.85 5.7
3.9 3.05 8.3 6.35
3.75 5.0 5.85 5.85
3.7 2.9 8.1 6.0
3.6 2.15 9.95 7.1
3.65 2.95 9.3 7.25
3.9 2.95 7.8 5.75
3.65 4.1 7.6 6.7
3.65 3.65 7.9 6.55
3.9 3.65 6.85 5.5
3.8 3.4 8.6 7.0
3.55 2.85 8.75 6.6
3.8 3.75 7.3 6.05
3.8 4.3 7.05 6.35
3.65 3.7 7.3 6.0
3.85 4.3 7.0 6.3
3.5 3.35 7.85 6.2
3.8 2.75 8.25 6.0
3.55 3.85 8.65 7.5
3.7 2.8 8.7 6.5
3.8 4.8 6.7 6.5
3.3 1.6 11.0 7.6
3.85 3.1 7.85 5.95
3.9 4.85 6.15 6.0
3.8 2.75 8.3 6.05
3.85 3.5 7.65 6.15
3.5 2.3 9.2 6.5
3.65 3.75 7.95 6.7
3.6 3.6 8.45 7.05
3.8 2.65 9.2 6.85
3.85 4.8 6.85 6.65
3.6 3.5 7.8 6.3
3.95 3.25 8.4 6.65
3.75 3.3 7.5 5.8
3.7 4.1 7.5 6.6
3.65 2.65 8.6 6.25
3.6 2.75 8.5 6.25
3.9 3.6 7.1 5.7
3.7 2.7 8.6 6.3
3.75 3.3 7.7 6.0
3.75 2.5 8.35 5.85
3.85 3.85 7.35 6.2
3.75 3.65 7.25 5.9
3.55 2.6 8.3 5.9
3.9 3.45 8.5 6.95
3.8 3.15 7.35 5.5
3.95 5.45 5.2 5.65
3.65 2.55 8.8 6.35
3.65 3.3 8.7 7.0
3.85 3.65 7.95 6.6
3.55 2.9 8.4 6.3
3.7 3.15 7.9 6.05
4.0 4.15 7.0 6.15
3.75 4.55 6.6 6.15
3.55 3.35 8.15 6.5
3.9 4.1 7.35 6.45
3.8 2.7 8.45 6.15
3.7 3.7 7.3 6.0
3.9 4.3 7.1 6.4
3.75 2.75 8.75 6.5
3.9 3.15 7.8 5.95
3.8 3.5 8.3 6.8
3.95 3.95 6.65 5.6
3.9 3.1 8.4 6.5
3.75 3.2 7.5 5.7
3.85 3.25 7.7 5.95
3.85 4.8 5.65 5.45
3.75 3.1 8.2 6.3
3.7 3.55 7.65 6.2
3.65 2.2 9.8 7.0
3.65 4.4 7.4 6.8
3.5 3.2 8.5 6.7
3.95 3.75 7.5 6.25
3.75 3.25 9.1 7.35
3.85 3.0 8.2 6.2
3.5 3.45 7.8 6.25
3.85 3.5 7.3 5.8
3.8 3.4 7.85 6.25
3.65 3.25 8.0 6.25
3.75 2.7 8.8 6.5
3.9 3.85 7.9 6.75
4.0 4.85 6.95 6.8
3.95 4.0 7.1 6.1
3.95 3.7 6.8 5.5
3.75 3.0 8.55 6.55
3.85 4.1 7.35 6.45
3.85 3.65 7.05 5.7
3.55 3.45 8.35 6.8
3.95 3.65 7.3 5.95
3.65 3.65 8.5 7.15
3.8 3.75 6.85 5.6
3.85 3.3 7.35 5.65
3.55 3.3 7.4 5.7
3.85 4.3 7.0 6.3
3.9 3.15 8.1 6.25
3.7 2.8 8.0 5.8
3.75 3.75 7.25 6.0
3.8 3.55 7.45 6.0
3.8 3.55 8.15 6.7
3.75 3.8 6.45 5.25
3.9 3.8 6.8 5.6
3.85 3.45 7.65 6.1
3.95 3.95 7.75 6.7
3.75 3.85 7.5 6.35
3.8 3.2 8.05 6.25
3.65 3.5 8.15 6.65
3.95 3.8 7.3 6.1
3.75 2.95 7.2 5.15
3.8 3.85 6.6 5.45
3.75 3.8 7.3 6.1
3.8 2.8 8.4 6.2
3.85 3.2 7.35 5.55
3.8 4.35 7.3 6.65
3.8 3.5 7.75 6.25
3.85 3.95 7.05 6.0
3.9 3.6 7.55 6.15
3.75 4.2 6.55 5.75
3.75 3.5 7.35 5.85
3.7 4.15 6.45 5.6
3.65 3.1 7.9 6.0
3.6 2.9 8.55 6.45
3.85 3.85 7.65 6.5
3.8 3.4 8.15 6.55
3.7 3.35 7.65 6.0
3.9 4.6 7.35 6.95
3.7 3.45 8.1 6.55
3.8 4.1 6.85 5.95
3.6 3.05 8.55 6.6
3.7 3.2 8.35 6.55
3.65 3.35 7.7 6.05
3.65 3.25 8.0 6.25
3.8 2.6 9.15 6.75
3.7 3.6 7.9 6.5
3.85 3.4 8.0 6.4
3.55 3.15 7.75 5.9
3.9 4.35 7.5 6.85
3.8 3.5 7.65 6.15
3.8 3.5 8.15 6.65
3.7 3.8 7.05 5.85
3.6 3.7 7.5 6.2
3.7 4.25 7.5 6.75
3.75 3.6 8.45 7.05
3.85 3.95 7.45 6.4
3.75 3.55 7.35 5.9
3.8 3.15 7.6 5.75
3.95 3.9 7.25 6.15
3.65 3.55 8.05 6.6
3.85 3.75 7.5 6.25
3.65 3.65 8.4 7.05
3.8 4.3 6.95 6.25
3.7 3.35 7.95 6.3
3.8 3.65 7.15 5.8
3.8 4.8 6.5 6.3
3.5 2.55 9.15 6.7
3.65 3.35 8.1 6.45
3.7 3.3 8.15 6.45
3.85 3.7 8.3 7.0
3.75 3.9 8.05 6.95
3.9 3.55 6.65 5.2
3.75 3.7 7.3 6.0
3.75 3.45 7.85 6.3
3.55 3.1 8.05 6.15
3.75 3.6 7.3 5.9
3.6 4.2 7.75 6.95
3.6 2.45 8.6 6.05
3.8 2.75 8.3 6.05
3.6 2.6 8.15 5.75
3.8 3.8 7.1 5.9
3.85 3.45 7.05 5.5
3.75 3.65 7.6 6.25
3.7 3.15 8.35 6.5
3.9 4.1 7.25 6.35
3.9 2.95 7.4 5.35
3.9 3.85 6.55 5.4
3.7 3.45 7.85 6.3
3.9 5.25 5.5 5.75
3.65 2.75 9.2 6.95
3.9 4.2 7.35 6.55
3.8 3.65 7.55 6.2
3.85 3.25 8.15 6.4
3.65 3.3 8.0 6.3
3.65 3.35 7.3 5.65
3.6 3.15 8.75 6.9
3.75 3.1 8.05 6.15
3.4 2.5 9.55 7.05
3.75 3.7 7.15 5.85
3.6 3.05 8.15 6.2
3.85 3.65 7.3 5.95
3.8 3.25 7.0 5.25
3.7 3.8 7.8 6.6
3.9 4.0 5.95 4.95
3.55 3.05 7.8 5.85
3.9 4.2 6.6 5.8
3.8 4.45 6.55 6.0
3.8 3.85 7.55 6.4
3.8 3.55 7.8 6.35
3.8 3.05 8.0 6.05
3.45 2.55 8.4 5.95
3.75 2.15 9.15 6.3
3.85 3.4 7.3 5.7
3.85 4.3 6.3 5.6
3.8 3.45 7.5 5.95
3.6 2.85 9.0 6.85
3.85 3.85 7.6 6.45
3.75 3.45 7.95 6.4
3.95 3.0 7.9 5.9
3.5 3.8 8.2 7.0
3.8 3.1 7.45 5.55
3.8 4.3 6.85 6.15
3.55 2.45 8.55 6.0
3.75 2.85 8.75 6.6
3.95 4.35 6.75 6.1
3.7 3.8 7.25 6.05
3.6 3.2 8.35 6.55
3.8 2.9 8.05 5.95
3.9 4.4 5.65 5.05
3.9 4.3 7.2 6.5
3.85 3.1 6.75 4.85
3.6 2.75 8.55 6.3
3.55 3.1 8.1 6.2
3.75 3.5 7.1 5.6
3.7 4.7 6.3 6.0
3.8 2.85 8.35 6.2
3.85 4.9 7.1 7.0
3.8 4.4 7.75 7.15
3.8 4.3 7.15 6.45
3.7 2.8 8.85 6.65
3.9 2.95 7.85 5.8
3.7 3.6 8.6 7.2
3.85 3.55 7.55 6.1
3.7 3.7 8.45 7.15
3.65 3.1 8.55 6.65
3.75 4.1 7.2 6.3
3.8 2.55 9.1 6.65
3.75 3.55 8.2 6.75
3.4 3.25 9.15 7.4
3.7 4.3 6.55 5.85
3.85 3.3 8.3 6.6
3.9 3.7 7.6 6.3
4.0 3.65 6.85 5.5
3.75 2.9 8.1 6.0
3.8 3.55 8.0 6.55
3.75 3.45 7.35 5.8
3.8 3.0 8.0 6.0
3.7 3.35 8.5 6.85
3.8 3.2 7.95 6.15
3.75 4.25 7.1 6.35
3.7 2.8 9.0 6.8
3.7 3.65 7.65 6.3
3.8 3.7 6.55 5.25
3.75 3.45 7.5 5.95
3.7 2.55 8.35 5.9
3.7 3.05 7.4 5.45
3.95 3.8 7.25 6.05
3.7 3.35 7.3 5.65
3.95 3.55 8.65 7.2
3.75 3.3 8.45 6.75
3.9 4.05 7.2 6.25
3.8 4.2 8.05 7.25
3.6 3.2 7.95 6.15
3.9 5.4 6.2 6.6
3.9 2.9 8.05 5.95
3.65 3.05 8.95 7.0
3.85 4.45 7.2 6.65
3.65 3.85 7.45 6.3
3.9 3.05 8.4 6.45
3.9 3.2 7.9 6.1
3.85 4.4 7.15 6.55
3.9 4.0 7.3 6.3
3.75 2.65 7.9 5.55
3.85 3.35 7.85 6.2
3.8 2.8 8.35 6.15
3.7 4.2 8.2 7.4
3.8 3.6 8.35 6.95
3.6 3.1 8.2 6.3
3.7 3.8 7.55 6.35
3.65 3.3 8.05 6.35
3.75 2.55 8.85 6.4
3.75 2.55 8.5 6.05
3.85 3.45 7.8 6.25
3.9 3.15 8.15 6.3
3.85 3.25 7.95 6.2
3.8 2.6 9.1 6.7
3.95 2.85 8.7 6.55
3.7 3.0 8.45 6.45
3.9 3.75 7.5 6.25
3.55 2.7 9.2 6.9
3.7 2.8 8.5 6.3
3.8 3.8 7.05 5.85
3.75 3.4 8.3 6.7
3.75 3.0 7.9 5.9
3.85 3.2 8.5 6.7
3.65 3.2 9.1 7.3
3.9 4.15 7.5 6.65
3.55 3.5 7.55 6.05
3.9 4.65 6.25 5.9
3.9 2.9 9.05 6.95
3.65 4.25 8.0 7.25
3.95 3.85 6.2 5.05
3.9 3.8 7.85 6.65
3.95 3.85 7.25 6.1
3.85 4.6 6.75 6.35
3.9 3.8 7.3 6.1
3.85 3.45 7.6 6.05
3.9 3.9 7.35 6.25
3.7 4.3 6.0 5.3
3.85 3.0 8.25 6.25
3.75 3.05 7.25 5.3
3.8 2.95 8.9 6.85
3.8 3.4 8.05 6.45
3.85 3.3 8.35 6.65
3.85 3.5 7.25 5.75
3.8 4.4 6.75 6.15
3.75 3.6 8.25 6.85
3.75 4.1 7.7 6.8
3.75 4.3 6.55 5.85
3.95 3.5 7.65 6.15
3.75 3.0 8.1 6.1
3.9 3.2 7.6 5.8
3.75 3.05 8.4 6.45
3.8 2.45 8.85 6.3
3.6 2.45 8.7 6.15
3.8 3.5 8.15 6.65
3.75 3.6 7.4 6.0
3.95 3.8 7.7 6.5
3.85 2.8 8.75 6.55
3.85 3.75 7.15 5.9
3.85 4.0 7.65 6.65
3.8 3.15 7.15 5.3
3.75 2.25 9.9 7.15
3.8 3.45 8.35 6.8
3.65 2.95 8.45 6.4
3.95 5.65 5.65 6.3
3.8 3.5 7.4 5.9
3.8 3.35 7.65 6.0
3.65 2.5 8.35 5.85
3.75 3.6 6.8 5.4
3.7 3.1 7.9 6.0
3.65 2.0 9.8 6.8
3.8 3.65 8.4 7.05
3.85 3.65 7.45 6.1
4.0 4.45 6.8 6.25
3.7 2.6 8.4 6.0
3.8 3.45 8.15 6.6
3.7 3.25 7.65 5.9
3.85 3.95 6.7 5.65
3.75 3.35 7.95 6.3
3.9 4.05 8.0 7.05
3.65 4.0 7.8 6.8
3.7 3.55 7.95 6.5
3.85 4.4 6.2 5.6
3.7 3.55 7.8 6.35
3.75 4.45 7.05 6.5
3.75 4.05 7.1 6.15
3.75 3.95 7.8 6.75
3.55 2.75 8.6 6.35
3.7 3.45 7.75 6.2
3.8 3.9 7.6 6.5
3.55 1.7 9.3 6.0
3.8 2.95 8.0 5.95
3.7 3.6 6.65 5.25
3.7 3.0 7.85 5.85
3.55 3.3 7.6 5.9
3.65 4.2 7.85 7.05
3.7 3.75 6.9 5.65
3.6 3.25 8.6 6.85
3.6 2.9 8.75 6.65
3.85 3.8 7.0 5.8
3.8 3.9 7.2 6.1
3.7 3.3 8.6 6.9
3.8 4.0 7.05 6.05
3.75 2.7 7.9 5.6
3.85 2.9 8.3 6.2
3.75 4.35 6.55 5.9
3.75 3.0 7.5 5.5
3.6 3.5 7.7 6.2
3.9 4.0 6.95 5.95
3.9 4.0 7.25 6.25
3.6 3.0 8.4 6.4
3.85 4.0 7.3 6.3
3.85 4.0 7.55 6.55
3.7 2.6 8.15 5.75
3.75 4.1 7.15 6.25
3.55 2.75 7.75 5.5
3.85 3.6 7.7 6.3
3.6 2.5 8.6 6.1
3.65 3.0 8.65 6.65
3.75 4.1 7.9 7.0
3.75 4.25 6.65 5.9
3.85 2.95 8.25 6.2
3.8 4.2 7.75 6.95
3.9 4.55 6.35 5.9
3.8 2.6 8.45 6.05
3.7 4.05 7.6 6.65
3.7 3.5 7.85 6.35
3.9 3.15 8.2 6.35
3.7 2.45 8.45 5.9
3.8 4.95 6.8 6.75
3.85 4.75 6.5 6.25
3.8 3.4 7.8 6.2
3.65 2.5 8.5 6.0
3.45 3.1 8.8 6.9
3.65 2.35 9.0 6.35
3.9 3.55 7.9 6.45
3.5 1.8 9.85 6.65
3.75 3.4 8.0 6.4
3.8 4.05 6.85 5.9
3.7 4.5 7.1 6.6
3.7 3.25 8.0 6.25
3.8 3.65 7.6 6.25
3.8 2.35 8.7 6.05
3.8 3.85 7.25 6.1
3.8 3.25 8.2 6.45
3.8 3.3 6.65 4.95
3.75 3.8 8.3 7.1
3.55 3.0 9.0 7.0
3.6 3.35 8.5 6.85
3.75 2.95 8.75 6.7
3.75 3.8 7.15 5.95
3.8 3.1 7.75 5.85
3.65 2.9 8.4 6.3
3.75 3.1 7.8 5.9
3.7 3.6 7.5 6.1
3.6 3.1 8.35 6.45
3.8 3.1 7.5 5.6
3.85 3.9 7.35 6.25
3.7 3.55 7.0 5.55
3.7 3.4 8.3 6.7
3.75 3.25 7.75 6.0
3.8 3.65 7.2 5.85
3.6 3.25 7.9 6.15
3.7 4.1 6.75 5.85
3.65 3.1 7.75 5.85
3.85 4.65 7.05 6.7
3.65 3.55 8.45 7.0
3.8 3.65 7.25 5.9
3.9 3.1 8.0 6.1
3.7 2.95 9.2 7.15
3.6 3.15 8.4 6.55
3.65 2.85 8.4 6.25
3.8 3.8 8.05 6.85
3.65 3.3 8.1 6.4
3.9 4.15 7.6 6.75
3.85 2.45 8.9 6.35
3.9 3.85 7.0 5.85
3.85 3.55 7.4 5.95
3.8 2.4 8.25 5.65
3.95 3.95 7.3 6.25
3.65 3.65 7.6 6.25
3.8 4.25 7.5 6.75
3.7 3.05 8.4 6.45
3.65 3.55 8.05 6.6
3.9 3.6 7.05 5.65
3.65 3.55 7.3 5.85
3.8 3.1 8.0 6.1
3.65 3.05 8.75 6.8
3.6 2.45 9.0 6.45
3.75 3.45 7.85 6.3
3.85 4.9 6.6 6.5
3.65 2.8 8.8 6.6
3.65 3.15 8.5 6.65
3.3 2.35 9.7 7.05
3.75 4.3 7.05 6.35
3.45 2.95 9.05 7.0
3.9 3.1 7.5 5.6
3.7 2.6 9.1 6.7
3.85 3.7 7.45 6.15
3.45 2.5 8.85 6.35
3.75 4.05 7.55 6.6
3.95 4.1 6.65 5.75
3.7 3.4 7.65 6.05
3.65 3.0 8.2 6.2
3.65 4.2 6.6 5.8
3.7 3.4 8.7 7.1
3.85 3.6 6.4 5.0
3.6 3.65 7.9 6.55
3.95 4.4 7.05 6.45
3.7 2.6 8.5 6.1
3.7 3.65 8.4 7.05
3.75 3.15 7.8 5.95
3.9 3.2 8.45 6.65
3.6 2.85 8.6 6.45
3.7 3.4 8.7 7.1
3.45 4.0 7.95 6.95
3.8 2.9 7.95 5.85
3.7 3.7 7.45 6.15
3.9 3.9 6.95 5.85
3.65 3.0 7.85 5.85
3.65 3.5 8.65 7.15
3.7 2.8 8.15 5.95
3.65 4.1 6.8 5.9
3.75 3.7 7.25 5.95
3.9 4.1 6.8 5.9
3.75 2.55 9.15 6.7
3.9 3.0 8.95 6.95
3.75 3.45 7.35 5.8
3.55 3.1 8.5 6.6
3.65 3.15 7.9 6.05
4.0 3.7 7.2 5.9
3.7 2.95 7.3 5.25
3.8 4.2 6.85 6.05
3.95 3.5 7.75 6.25
3.7 3.65 7.2 5.85
3.75 3.85 7.05 5.9
3.95 4.3 6.05 5.35
3.75 3.5 7.55 6.05
3.7 3.1 8.4 6.5
3.85 3.4 7.8 6.2
3.9 4.05 7.45 6.5
3.85 3.1 8.25 6.35
3.85 3.55 8.65 7.2
3.8 3.4 7.75 6.15
3.6 2.45 9.0 6.45
3.6 2.8 8.75 6.55
3.7 3.55 8.35 6.9
3.8 4.15 6.75 5.9
3.65 2.95 9.55 7.5
3.9 3.95 7.6 6.55
3.6 3.6 8.5 7.1
3.8 3.8 7.5 6.3
3.75 3.0 7.7 5.7
3.6 2.6 8.3 5.9
3.85 3.1 7.5 5.6
3.8 2.95 8.4 6.35
3.65 2.75 8.85 6.6
3.75 3.4 8.1 6.5
3.9 3.7 6.8 5.5
3.8 3.9 7.35 6.25
3.7 2.5 9.5 7.0
3.75 2.95 7.9 5.85
3.8 3.95 7.45 6.4
3.65 1.9 9.65 6.55
3.65 3.3 8.5 6.8
3.65 3.25 6.7 4.95
3.65 3.7 7.6 6.3
3.85 4.4 7.1 6.5
3.85 3.25 7.8 6.05
3.8 2.5 8.0 5.5
3.9 3.9 7.7 6.6
3.75 3.0 7.8 5.8
3.7 4.15 6.75 5.9
3.75 3.85 7.8 6.65
3.85 3.85 7.4 6.25
4.0 3.65 7.65 6.3
3.8 3.2 8.4 6.6
3.7 4.05 7.1 6.15
3.6 3.75 7.2 5.95
3.85 4.25 6.6 5.85
3.65 2.75 7.25 5.0
3.9 3.8 6.75 5.55
3.85 3.6 6.75 5.35
3.35 2.4 9.6 7.0
3.8 1.95 8.55 5.5
3.8 2.3 8.85 6.15
3.75 3.65 7.1 5.75
3.5 2.95 8.3 6.25
3.75 3.15 7.9 6.05
3.9 4.4 7.35 6.75
3.85 4.05 7.1 6.15
4.0 4.15 6.9 6.05
3.55 3.3 8.35 6.65
3.8 3.05 8.6 6.65
3.9 3.55 7.95 6.5
3.9 3.4 7.3 5.7
3.65 2.55 9.75 7.3
3.75 3.45 7.7 6.15
3.85 3.45 7.9 6.35
3.5 3.5 8.15 6.65
3.9 3.7 7.95 6.65
3.75 3.6 6.7 5.3
3.7 3.95 8.0 6.95
3.85 3.3 7.45 5.75
3.85 4.5 6.05 5.55
3.65 3.3 7.85 6.15
3.85 3.4 7.2 5.6
3.8 4.2 7.75 6.95
3.65 3.15 7.85 6.0
3.7 3.45 7.2 5.65
3.7 3.5 7.85 6.35
3.9 3.05 8.1 6.15
3.8 3.9 7.45 6.35
3.8 3.25 7.05 5.3
3.75 3.65 7.6 6.25
3.5 2.4 9.3 6.7
3.9 3.85 7.25 6.1
3.7 2.9 8.05 5.95
3.85 3.0 7.8 5.8
3.7 2.7 7.55 5.25
3.5 2.55 8.4 5.95
3.8 3.45 7.4 5.85
3.85 2.6 8.5 6.1
3.75 3.0 8.4 6.4
3.85 3.85 7.35 6.2
3.7 4.75 6.8 6.55
3.8 4.15 6.75 5.9
3.75 3.15 8.1 6.25
3.9 3.0 8.0 6.0
3.85 3.0 7.35 5.35
3.85 3.95 7.55 6.5
3.9 3.6 7.9 6.5
3.5 2.65 8.25 5.9
3.7 3.2 8.0 6.2
3.65 2.5 9.0 6.5
3.8 2.7 8.85 6.55
3.8 3.45 7.6 6.05
3.65 3.8 8.4 7.2
3.65 3.6 7.85 6.45
3.75 3.05 7.95 6.0
3.75 3.4 7.25 5.65
3.5 3.0 9.2 7.2
3.85 4.35 6.65 6.0
3.9 3.35 7.6 5.95
3.65 3.25 8.15 6.4
3.9 3.05 7.25 5.3
3.65 2.65 8.7 6.35
3.8 3.6 7.95 6.55
3.85 3.95 7.85 6.8
3.85 3.85 7.1 5.95
3.85 3.3 8.15 6.45
3.6 3.2 7.9 6.1
3.85 3.35 7.15 5.5
3.95 3.5 7.6 6.1
3.5 3.8 7.75 6.55
3.65 2.2 8.55 5.75
3.85 3.15 7.45 5.6
3.8 3.5 7.25 5.75
3.5 2.6 9.05 6.65
3.75 3.25 8.35 6.6
3.7 3.15 7.8 5.95
3.85 3.35 7.15 5.5
3.5 3.75 7.6 6.35
3.7 3.2 8.15 6.35
3.8 2.8 7.7 5.5
3.75 3.5 8.4 6.9
3.65 3.75 7.5 6.25
3.7 3.75 7.55 6.3
3.7 2.9 8.45 6.35
3.75 3.5 6.9 5.4
3.85 3.75 7.25 6.0
3.9 3.25 8.25 6.5
3.8 4.2 8.05 7.25
3.8 4.3 7.8 7.1
3.85 2.4 8.55 5.95
3.7 3.1 8.05 6.15
3.65 3.05 7.8 5.85
3.9 4.0 6.7 5.7
3.8 4.0 7.3 6.3
3.9 3.2 7.35 5.55
3.75 3.0 9.1 7.1
3.6 2.85 8.65 6.5
3.75 2.5 8.35 5.85
3.7 4.05 7.65 6.7
3.9 3.9 7.35 6.25
3.75 3.5 8.0 6.5
3.8 3.25 7.65 5.9
3.7 3.8 7.65 6.45
3.85 3.65 8.25 6.9
3.55 3.55 9.05 7.6
3.9 3.6 6.8 5.4
3.85 3.15 7.55 5.7
3.55 2.35 8.5 5.85
3.8 2.9 8.05 5.95
3.55 2.7 8.95 6.65
3.75 3.8 7.7 6.5
3.85 2.25 9.1 6.35
3.65 3.35 8.05 6.4
3.8 3.4 7.9 6.3
3.6 3.25 8.6 6.85
3.6 2.2 9.25 6.45
3.85 3.75 7.2 5.95
3.9 3.35 7.7 6.05
3.7 3.55 7.9 6.45
3.55 3.1 8.45 6.55
4.0 4.7 6.55 6.25
3.7 3.65 8.2 6.85
3.85 2.9 7.4 5.3
3.7 4.05 7.85 6.9
3.5 2.5 9.05 6.55
3.8 3.85 7.9 6.75
3.7 4.1 7.25 6.35
3.7 3.65 7.9 6.55
3.8 3.0 8.0 6.0
3.85 3.95 6.8 5.75
3.95 3.05 8.65 6.7
3.95 3.95 7.25 6.2
3.95 3.5 6.4 4.9
3.7 2.95 7.85 5.8
3.8 3.15 8.15 6.3
3.7 3.6 8.3 6.9
3.75 2.65 9.05 6.7
3.55 4.05 7.5 6.55
3.65 3.05 7.85 5.9
3.7 2.85 8.9 6.75
3.75 3.65 7.35 6.0
3.8 3.5 7.65 6.15
3.65 2.9 8.45 6.35
3.7 3.05 8.4 6.45
3.85 4.4 7.2 6.6
3.6 3.1 7.55 5.65
3.5 3.7 7.75 6.45
3.65 2.7 8.65 6.35
3.9 3.8 7.65 6.45
3.8 3.15 8.2 6.35
3.65 3.3 7.85 6.15
3.85 3.7 6.5 5.2
3.8 3.0 8.65 6.65
3.75 2.85 7.95 5.8
3.8 4.2 6.7 5.9
3.6 3.0 9.0 7.0
3.8 4.0 6.75 5.75
3.7 3.75 7.95 6.7
3.8 3.3 7.5 5.8
3.8 3.2 7.8 6.0
3.7 3.6 8.1 6.7
3.85 2.95 8.45 6.4
3.6 3.5 7.15 5.65
3.85 3.1 7.5 5.6
3.95 3.7 7.6 6.3
3.5 2.85 8.35 6.2
3.75 2.95 8.65 6.6
3.85 4.2 7.05 6.25
3.5 3.35 7.35 5.7
3.7 3.2 7.65 5.85
3.75 3.4 8.05 6.45
3.8 2.7 8.95 6.65
3.6 3.1 8.2 6.3
3.9 3.4 7.3 5.7
3.8 3.4 7.3 5.7
3.85 3.65 7.15 5.8
3.55 2.5 9.7 7.2
3.85 2.95 8.25 6.2
3.65 2.0 9.1 6.1
3.75 3.5 7.45 5.95
3.85 3.3 7.5 5.8
3.55 3.15 7.7 5.85
3.9 3.6 8.2 6.8
3.75 3.0 8.45 6.45
3.8 4.1 7.4 6.5
3.65 3.95 7.55 6.5
3.65 3.3 7.15 5.45
3.85 2.45 8.2 5.65
3.9 3.75 7.5 6.25
3.9 3.9 7.35 6.25
3.6 3.7 7.55 6.25
3.75 3.5 7.3 5.8
3.7 2.45 8.6 6.05
3.65 3.2 8.4 6.6
3.65 3.55 7.75 6.3
3.85 4.55 5.95 5.5
3.55 3.55 8.95 7.5
3.7 4.15 6.85 6.0
3.85 3.85 7.3 6.15
3.75 3.9 7.7 6.6
3.65 2.45 8.65 6.1
3.95 3.6 8.3 6.9
3.75 3.25 7.25 5.5
3.65 2.75 8.85 6.6
3.95 3.5 8.2 6.7
3.65 3.65 7.85 6.5
3.65 1.95 10.25 7.2
3.6 2.9 8.6 6.5
3.8 2.9 8.15 6.05
3.9 4.65 6.65 6.3
3.6 2.9 8.95 6.85
3.55 2.15 9.45 6.6
3.9 4.9 5.95 5.85
3.8 4.7 6.35 6.05
3.7 2.55 9.0 6.55
3.7 4.1 7.4 6.5
3.75 3.7 7.25 5.95
3.75 3.0 8.15 6.15
3.7 3.85 7.9 6.75
3.7 3.2 7.7 5.9
3.85 2.8 8.15 5.95
3.65 4.15 7.55 6.7
3.7 3.25 8.35 6.6
3.85 2.9 8.2 6.1
3.75 3.0 8.85 6.85
3.85 3.95 7.05 6.0
3.9 2.6 7.95 5.55
3.8 3.25 7.9 6.15
3.75 3.7 7.85 6.55
3.7 2.5 7.35 4.85
3.65 3.25 8.4 6.65
3.85 3.95 8.1 7.05
3.85 3.9 7.4 6.3
3.95 3.05 8.35 6.4
3.65 3.05 8.3 6.35
3.5 3.7 7.5 6.2
4.0 3.85 7.3 6.15
3.6 3.25 8.0 6.25
3.65 2.1 8.75 5.85
3.8 2.85 8.1 5.95
3.95 3.65 7.9 6.55
3.85 3.1 8.1 6.2
3.7 3.3 7.9 6.2
3.8 3.7 6.65 5.35
3.8 3.95 7.85 6.8
3.9 3.9 7.2 6.1
3.9 3.5 7.15 5.65
3.8 3.65 7.55 6.2
3.85 3.2 8.35 6.55
3.65 3.85 7.6 6.45
3.7 3.2 8.7 6.9
3.75 3.3 7.9 6.2
3.8 3.45 6.75 5.2
3.75 4.35 6.8 6.15
3.6 3.65 8.25 6.9
3.6 4.45 7.4 6.85
3.75 4.15 7.1 6.25
3.85 2.6 8.4 6.0
3.8 3.7 7.45 6.15
3.75 3.6 7.75 6.35
3.7 2.9 8.65 6.55
3.7 3.7 8.2 6.9
3.95 3.2 7.55 5.75
3.8 3.2 8.45 6.65
3.95 3.85 6.95 5.8
3.75 2.5 8.7 6.2
3.6 2.85 8.6 6.45
3.75 3.45 8.1 6.55
3.75 3.05 8.1 6.15
3.8 3.5 8.1 6.6
3.8 2.7 8.35 6.05
3.7 4.1 7.1 6.2
3.7 3.75 7.0 5.75
3.5 3.4 8.25 6.65
3.9 4.6 6.25 5.85
3.9 3.9 8.35 7.25
3.65 3.7 7.35 6.05
3.9 3.55 7.05 5.6
3.85 3.55 7.5 6.05
3.75 3.6 7.45 6.05
3.85 2.75 8.15 5.9
3.75 3.1 8.0 6.1
3.8 3.05 7.9 5.95
3.65 3.4 8.0 6.4
3.9 3.25 7.7 5.95
3.8 3.4 8.65 7.05
3.9 4.0 7.65 6.65
3.75 3.9 7.65 6.55
3.75 4.35 6.95 6.3
3.75 3.3 7.65 5.95
3.45 3.0 8.6 6.6
3.65 4.05 7.25 6.3
3.7 4.25 7.45 6.7
3.75 3.85 8.05 6.9
3.75 3.55 7.95 6.5
3.75 3.45 7.75 6.2
3.75 3.9 7.4 6.3
3.65 2.9 8.1 6.0
3.75 3.65 9.1 7.75
3.8 3.2 7.95 6.15
3.8 3.05 8.15 6.2
3.95 3.95 7.35 6.3
3.7 2.35 8.75 6.1
3.85 3.05 8.1 6.15
3.7 3.05 8.4 6.45
3.95 4.0 6.95 5.95
3.85 3.45 7.75 6.2
3.85 3.3 8.85 7.15
3.95 3.55 7.45 6.0
3.75 2.8 8.2 6.0
3.7 3.55 8.1 6.65
3.8 3.3 7.95 6.25
3.6 3.1 9.05 7.15
3.85 3.25 8.5 6.75
3.7 2.75 8.2 5.95
3.7 3.4 7.9 6.3
3.85 3.1 8.35 6.45
3.75 3.2 7.95 6.15
3.8 2.8 7.7 5.5
3.8 3.55 7.8 6.35
3.95 4.1 6.5 5.6
3.75 4.45 6.7 6.15
3.75 3.95 7.05 6.0
3.55 2.6 8.0 5.6
3.9 3.05 7.2 5.25
3.7 3.55 8.3 6.85
3.85 4.25 7.15 6.4
3.6 2.7 8.6 6.3
3.85 3.3 7.6 5.9
3.8 3.4 7.35 5.75
3.9 2.85 9.2 7.05
3.7 3.2 7.2 5.4
3.7 2.35 9.15 6.5
3.7 3.25 8.65 6.9
3.6 2.25 9.5 6.75
3.85 2.85 7.75 5.6
3.75 4.15 7.75 6.9
3.85 4.4 7.2 6.6
3.75 3.25 8.05 6.3
3.8 3.7 7.25 5.95
3.8 4.85 6.95 6.8
3.75 4.4 7.3 6.7
3.6 3.3 8.45 6.75
3.6 3.0 8.35 6.35
3.8 3.5 8.05 6.55
3.85 3.5 6.65 5.15
3.8 2.85 8.6 6.45
3.55 2.75 8.15 5.9
3.85 3.1 7.4 5.5
3.75 2.5 8.7 6.2
3.9 3.6 6.6 5.2
3.9 3.55 7.15 5.7
3.85 3.3 7.6 5.9
3.75 3.6 8.45 7.05
3.55 3.95 7.1 6.05
3.7 3.2 8.55 6.75
3.8 3.15 8.0 6.15
3.8 3.2 7.6 5.8
3.95 3.45 7.55 6.0
3.8 3.85 7.4 6.25
3.8 4.75 7.1 6.85
3.95 4.9 5.95 5.85
3.9 3.4 6.95 5.35
3.9 3.7 7.35 6.05
3.65 3.05 8.3 6.35
3.7 3.8 8.05 6.85
3.6 3.0 9.05 7.05
3.5 3.25 8.0 6.25
3.85 2.9 8.75 6.65
3.8 3.2 8.2 6.4
3.8 3.35 8.0 6.35
3.7 2.75 8.1 5.85
3.9 3.05 7.25 5.3
3.55 3.5 8.1 6.6
3.7 2.9 8.85 6.75
3.75 3.8 6.9 5.7
3.6 3.1 8.4 6.5
3.55 2.15 9.1 6.25
3.75 3.65 7.3 5.95
3.85 2.9 8.65 6.55
3.8 3.3 7.65 5.95
3.65 5.05 7.05 7.1
3.75 3.75 8.55 7.3
3.7 3.65 7.2 5.85
3.75 3.0 8.8 6.8
3.85 2.85 7.55 5.4
3.65 2.95 8.55 6.5
3.65 3.35 8.15 6.5
3.8 3.25 8.4 6.65
3.7 2.95 8.65 6.6
3.75 3.5 8.6 7.1
3.8 3.15 7.35 5.5
3.8 3.25 8.6 6.85
3.8 3.5 7.1 5.6
3.6 3.45 7.45 5.9
3.7 3.5 7.2 5.7
3.8 2.5 8.25 5.75
3.9 3.75 7.2 5.95
3.65 2.5 8.8 6.3
3.6 2.75 8.95 6.7
3.45 2.45 9.6 7.05
3.8 3.0 8.15 6.15
3.7 3.65 8.35 7.0
3.65 4.0 7.55 6.55
3.75 3.1 8.8 6.9
3.75 3.55 7.9 6.45
3.95 3.8 6.6 5.4
3.85 3.65 7.3 5.95
3.5 2.5 8.8 6.3
3.65 4.05 7.15 6.2
3.6 3.05 7.95 6.0
3.7 2.75 7.85 5.6
3.7 3.1 7.8 5.9
3.6 3.35 8.2 6.55
3.85 3.9 6.9 5.8
3.85 3.3 8.1 6.4
3.65 2.8 8.8 6.6
3.85 4.0 7.25 6.25
3.8 2.8 9.05 6.85
3.8 2.25 8.6 5.85
3.75 3.15 8.0 6.15
3.7 3.95 7.65 6.6
3.95 3.35 7.9 6.25
3.8 3.25 7.7 5.95
3.9 3.1 8.4 6.5
3.8 3.85 8.1 6.95
3.9 3.3 8.2 6.5
3.7 4.0 7.45 6.45
3.45 3.1 8.8 6.9
3.55 3.2 8.25 6.45
3.75 3.5 7.65 6.15
3.85 3.75 7.4 6.15
3.65 3.1 8.3 6.4
3.7 3.8 8.15 6.95
3.85 2.75 9.0 6.75
3.95 3.9 6.65 5.55
3.7 2.95 8.85 6.8
3.7 3.1 8.0 6.1
3.65 3.15 8.7 6.85
3.8 2.95 8.05 6.0
3.7 3.15 7.5 5.65
3.7 3.1 8.15 6.25
3.55 4.0 7.1 6.1
3.85 3.4 8.05 6.45
3.85 3.0 8.05 6.05
3.85 4.1 6.25 5.35
3.9 3.9 7.5 6.4
3.75 4.3 7.05 6.35
3.85 3.55 7.55 6.1
3.55 3.2 8.15 6.35
3.95 4.0 7.2 6.2
3.8 3.25 8.25 6.5
3.55 2.55 9.4 6.95
3.8 2.7 9.0 6.7
3.7 2.75 8.9 6.65
3.8 2.8 9.0 6.8
3.8 3.2 7.95 6.15
3.8 3.6 7.1 5.7
3.8 3.8 8.05 6.85
3.7 2.7 8.3 6.0
3.9 4.3 6.4 5.7
3.7 3.15 7.8 5.95
3.55 3.4 8.45 6.85
3.75 3.4 7.85 6.25
3.5 3.25 8.05 6.3
3.65 3.35 8.4 6.75
3.7 3.4 7.45 5.85
3.85 4.85 6.8 6.65
3.95 4.45 6.15 5.6
3.65 4.15 7.15 6.3
3.75 2.65 8.15 5.8
3.75 3.5 7.6 6.1
3.9 4.2 6.7 5.9
3.7 3.9 7.2 6.1
4.0 3.55 7.1 5.65
3.75 3.6 8.1 6.7
3.75 4.05 7.55 6.6
3.8 4.05 7.15 6.2
3.75 3.25 8.35 6.6
3.95 3.8 8.15 6.95
3.9 4.2 7.15 6.35
3.5 3.2 7.9 6.1
3.8 3.7 7.7 6.4
3.75 3.1 7.5 5.6
3.6 2.65 8.2 5.85
3.65 3.2 8.25 6.45
3.8 3.15 8.25 6.4
3.8 4.05 5.9 4.95
3.7 3.3 7.45 5.75
3.7 3.3 7.6 5.9
3.85 4.05 7.2 6.25
3.75 2.65 8.15 5.8
3.6 3.65 7.6 6.25
3.9 4.65 7.15 6.8
3.65 3.05 8.5 6.55
3.75 4.15 7.65 6.8
3.65 3.4 8.45 6.85
3.95 3.5 7.55 6.05
3.9 2.9 7.05 4.95
3.75 3.0 7.75 5.75
3.9 3.3 7.55 5.85
3.75 3.0 8.75 6.75
3.6 3.25 7.55 5.8
3.85 3.3 7.3 5.6
3.8 3.35 7.9 6.25
3.9 4.5 6.25 5.75
3.65 2.6 8.25 5.85
3.8 3.35 8.1 6.45
3.9 4.1 7.2 6.3
3.9 3.75 7.3 6.05
3.85 3.7 7.35 6.05
3.45 3.4 8.45 6.85
3.8 3.4 8.3 6.7
3.7 5.05 5.75 5.8
3.6 2.85 8.55 6.4
3.8 4.25 7.35 6.6
3.7 2.9 8.3 6.2
3.9 4.85 5.8 5.65
3.7 2.3 9.8 7.1
3.8 3.2 7.8 6.0
3.75 4.45 7.3 6.75
3.8 3.95 7.9 6.85
3.65 3.5 7.7 6.2
3.85 3.25 7.6 5.85
3.8 4.25 7.2 6.45
3.85 2.95 8.1 6.05
3.9 3.25 8.3 6.55
3.9 3.55 7.35 5.9
3.5 3.55 7.5 6.05
3.85 3.0 6.95 4.95
3.7 3.85 7.55 6.4
3.75 3.75 6.95 5.7
3.5 3.5 7.55 6.05
3.55 3.35 8.4 6.75
3.85 3.4 6.9 5.3
3.95 4.3 6.85 6.15
3.9 3.9 6.7 5.6
3.9 2.55 8.7 6.25
3.75 2.35 8.85 6.2
3.45 2.7 8.65 6.35
3.95 4.1 6.95 6.05
3.65 2.6 9.8 7.4
3.75 3.6 7.7 6.3
3.65 3.5 7.9 6.4
3.95 5.25 5.5 5.75
3.85 3.3 7.6 5.9
3.7 2.9 8.55 6.45
3.7 2.55 7.85 5.4
3.75 3.5 7.65 6.15
3.55 3.35 8.3 6.65
3.9 3.15 8.05 6.2
3.65 3.65 7.6 6.25
3.85 3.8 7.45 6.25
3.8 4.0 7.7 6.7
3.75 3.55 7.7 6.25
3.7 4.05 6.85 5.9
3.85 3.35 7.7 6.05
3.85 3.75 7.2 5.95
3.9 4.6 6.6 6.2
3.6 3.1 8.5 6.6
3.65 2.65 9.45 7.1
3.95 3.85 7.15 6.0
3.7 3.3 7.65 5.95
3.85 3.0 8.6 6.6
3.8 3.45 7.7 6.15
3.95 3.55 7.35 5.9
3.85 3.95 7.3 6.25
3.85 3.3 7.95 6.25
3.95 3.65 8.1 6.75
3.75 3.15 7.45 5.6
3.75 3.45 8.45 6.9
3.55 3.3 8.3 6.6
3.75 2.7 8.6 6.3
3.65 3.6 7.9 6.5
3.5 3.6 7.9 6.5
3.95 4.1 7.1 6.2
3.9 3.4 7.75 6.15
3.85 2.95 8.4 6.35
3.75 2.9 6.8 4.7
3.7 4.0 8.05 7.05
3.65 3.7 7.55 6.25
3.8 3.3 8.15 6.45
3.8 3.55 8.05 6.6
3.9 3.3 7.75 6.05
3.75 3.55 7.7 6.25
3.75 3.05 8.5 6.55
3.75 3.25 6.9 5.15
3.85 4.35 7.65 7.0
4.0 3.8 6.9 5.7
3.6 3.9 7.25 6.15
3.9 4.6 7.25 6.85
3.65 3.05 8.35 6.4
3.9 4.15 7.15 6.3
3.65 3.15 8.0 6.15
3.8 3.9 7.85 6.75
3.85 3.8 8.4 7.2
3.85 2.9 7.65 5.55
3.6 3.55 7.65 6.2
3.8 3.4 7.55 5.95
3.7 3.85 7.0 5.85
3.7 3.25 7.65 5.9
3.9 4.4 6.75 6.15
3.8 2.9 7.7 5.6
3.9 3.45 7.5 5.95
3.7 2.95 8.45 6.4
3.6 3.55 7.4 5.95
3.75 3.15 7.95 6.1
3.65 2.85 8.9 6.75
3.8 3.5 7.95 6.45
3.85 4.3 7.2 6.5
3.45 3.0 9.3 7.3
3.9 3.7 7.55 6.25
3.85 3.95 7.45 6.4
3.95 3.95 8.05 7.0
3.95 3.9 6.4 5.3
3.6 2.55 9.2 6.75
3.85 3.95 6.6 5.55
3.8 3.05 7.65 5.7
3.85 3.3 7.55 5.85
3.6 3.05 8.65 6.7
3.65 3.45 8.05 6.5
3.55 2.9 8.45 6.35
3.7 3.3 7.35 5.65
3.75 3.0 7.75 5.75
3.8 3.3 8.35 6.65
3.95 3.95 7.4 6.35
3.7 3.75 7.8 6.55
3.8 3.25 7.95 6.2
3.8 2.9 8.95 6.85
3.85 2.75 8.1 5.85
3.75 3.75 8.05 6.8
3.95 4.0 7.55 6.55
3.8 3.25 7.85 6.1
3.8 4.1 7.4 6.5
3.75 3.0 7.65 5.65
3.65 3.6 7.85 6.45
3.7 3.6 7.7 6.3
3.75 3.2 8.2 6.4
3.85 3.75 7.8 6.55
3.65 2.8 8.3 6.1
3.35 2.05 9.4 6.45
3.8 3.55 7.2 5.75
3.7 2.85 8.4 6.25
3.7 3.25 8.35 6.6
3.85 2.4 8.6 6.0
3.8 4.4 6.45 5.85
3.65 2.6 8.25 5.85
4.0 4.85 5.85 5.7
3.75 3.55 8.45 7.0
3.75 3.75 6.75 5.5
3.9 3.15 8.2 6.35
3.9 3.45 7.8 6.25
3.7 3.05 9.1 7.15
3.6 2.9 8.15 6.05
3.75 3.4 6.9 5.3
3.55 2.8 8.25 6.05
3.75 3.05 7.8 5.85
3.45 3.45 9.35 7.8
3.8 3.1 8.8 6.9
3.9 3.05 8.15 6.2
3.55 3.3 7.7 6.0
3.6 3.25 7.65 5.9
3.55 2.55 8.65 6.2
4.0 4.05 7.0 6.05
3.55 2.75 9.1 6.85
3.9 3.4 8.2 6.6
3.6 3.2 8.15 6.35
3.7 3.95 7.75 6.7
3.85 3.8 8.25 7.05
3.85 4.5 6.3 5.8
3.8 3.65 6.8 5.45
3.65 2.85 8.1 5.95
3.8 3.55 6.65 5.2
3.65 2.3 8.8 6.1
3.7 2.6 7.95 5.55
3.9 3.6 8.15 6.75
3.7 3.3 8.4 6.7
3.7 3.25 8.55 6.8
3.65 2.85 8.75 6.6
3.95 3.3 6.8 5.1
3.6 3.25 8.15 6.4
3.95 3.4 7.9 6.3
3.75 3.4 8.15 6.55
3.95 3.6 7.25 5.85
3.85 3.2 8.5 6.7
3.25 3.1 8.75 6.85
3.75 3.6 8.2 6.8
3.8 2.95 8.55 6.5
3.9 4.15 6.4 5.55
3.9 5.0 5.85 5.85
3.6 2.6 8.3 5.9
3.9 4.2 8.05 7.25
3.9 3.75 7.6 6.35
3.7 3.5 7.4 5.9
3.75 4.2 7.8 7.0
3.85 3.45 7.1 5.55
3.65 3.4 8.05 6.45
3.7 3.15 8.05 6.2
3.7 2.8 8.45 6.25
3.75 3.55 7.9 6.45
3.6 3.3 7.45 5.75
3.8 3.3 7.15 5.45
3.45 2.4 9.25 6.65
3.75 4.05 7.7 6.75
3.85 2.15 9.45 6.6
3.75 3.75 7.95 6.7
3.8 3.6 6.25 4.85
3.65 3.65 7.55 6.2
3.7 3.25 8.9 7.15
3.6 2.75 8.9 6.65
3.85 3.5 7.65 6.15
3.65 2.6 9.8 7.4
3.7 4.75 6.6 6.35
3.85 4.2 7.1 6.3
3.45 2.3 9.8 7.1
3.6 3.05 7.8 5.85
3.8 3.65 6.95 5.6
3.55 3.05 8.7 6.75
3.8 3.2 7.45 5.65
3.65 3.2 7.8 6.0
3.75 2.4 8.6 6.0
3.8 3.1 8.1 6.2
3.65 3.2 7.9 6.1
3.8 3.15 8.0 6.15
3.75 3.45 7.3 5.75
3.85 3.0 8.25 6.25
3.65 2.6 9.25 6.85
3.85 3.25 7.45 5.7
3.8 3.8 6.85 5.65
3.75 2.75 8.2 5.95
3.8 4.0 6.35 5.35
3.85 3.65 7.95 6.6
3.8 3.9 7.05 5.95
3.7 3.05 7.2 5.25
3.75 2.8 8.9 6.7
3.75 3.25 8.15 6.4
3.75 3.55 9.0 7.55
3.75 2.4 8.85 6.25
3.65 3.85 7.95 6.8
3.85 3.7 7.6 6.3
3.9 4.1 6.6 5.7
3.8 3.4 8.0 6.4
3.6 3.4 7.7 6.1
3.85 4.0 7.8 6.8
3.7 4.7 7.45 7.15
3.9 3.65 6.9 5.55
3.75 3.45 7.4 5.85
3.55 3.5 7.7 6.2
3.75 3.8 8.45 7.25
3.75 2.3 9.05 6.35
3.65 3.0 8.45 6.45
3.7 4.25 7.95 7.2
3.85 2.5 8.1 5.6
3.65 3.2 8.2 6.4
3.6 3.9 8.7 7.6
3.65 3.45 7.55 6.0
3.85 3.7 7.05 5.75
3.85 3.65 7.8 6.45
3.8 3.6 7.35 5.95
3.85 5.05 5.7 5.75
4.0 3.3 8.05 6.35
3.6 2.55 8.9 6.45
3.9 3.55 7.9 6.45
3.8 3.35 8.15 6.5
3.8 3.3 7.6 5.9
3.95 3.45 8.05 6.5
3.75 3.35 8.25 6.6
3.7 2.9 8.1 6.0
3.8 3.35 8.75 7.1
3.75 3.6 7.95 6.55
3.7 3.25 8.35 6.6
3.5 2.7 9.3 7.0
3.75 2.85 8.25 6.1
3.8 4.35 5.75 5.1
3.6 3.0 8.25 6.25
3.7 3.15 8.0 6.15
3.65 2.45 9.15 6.6
3.75 3.6 8.35 6.95
3.9 3.4 7.55 5.95
3.45 2.9 8.5 6.4
3.85 3.4 7.0 5.4
3.9 3.7 7.15 5.85
3.9 3.45 6.9 5.35
3.85 3.1 8.3 6.4
3.9 3.8 7.25 6.05
3.85 2.75 8.6 6.35
3.7 3.85 7.95 6.8
3.75 4.5 6.65 6.15
3.9 3.3 7.6 5.9
3.95 5.4 6.65 7.05
3.85 4.5 6.3 5.8
3.9 4.3 7.45 6.75
3.8 3.05 8.15 6.2
3.85 3.85 9.0 7.85
3.95 4.1 6.85 5.95
3.8 4.2 7.2 6.4
3.95 4.2 6.95 6.15
3.75 3.5 6.8 5.3
3.75 4.25 6.8 6.05
3.85 3.5 7.7 6.2
3.65 3.4 8.0 6.4
3.75 3.3 7.15 5.45
3.75 3.4 7.65 6.05
3.6 4.0 8.0 7.0
3.55 3.7 8.15 6.85
3.8 3.45 7.3 5.75
3.75 3.0 8.9 6.9
3.75 3.25 8.25 6.5
3.9 4.05 7.4 6.45
3.65 3.85 8.0 6.85
3.7 3.3 8.0 6.3
3.45 3.35 7.85 6.2
3.6 2.25 9.0 6.25
3.8 3.7 7.4 6.1
3.85 4.05 8.25 7.3
3.8 3.7 7.25 5.95
3.8 3.15 8.35 6.5
3.8 5.2 6.65 6.85
3.75 3.2 7.9 6.1
3.9 3.3 7.6 5.9
3.7 2.45 8.9 6.35
3.65 2.95 8.35 6.3
3.85 2.95 8.05 6.0
3.75 3.35 7.5 5.85
3.7 2.9 8.25 6.15
3.75 3.25 8.0 6.25
3.85 4.55 7.05 6.6
3.6 2.7 9.65 7.35
3.75 4.0 7.0 6.0
3.65 3.6 8.5 7.1
3.75 3.45 7.15 5.6
3.8 2.75 8.6 6.35
3.8 2.9 8.4 6.3
3.8 2.8 8.65 6.45
3.85 3.3 7.3 5.6
3.7 2.95 8.15 6.1
3.7 4.45 6.55 6.0
3.75 2.85 7.9 5.75
3.7 3.15 8.25 6.4
3.85 3.3 6.85 5.15
3.75 2.3 9.55 6.85
3.7 3.4 8.2 6.6
3.8 5.0 6.9 6.9
3.85 3.65 8.15 6.8
3.8 3.5 7.6 6.1
3.65 3.1 8.45 6.55
3.55 2.55 8.2 5.75
3.9 3.3 7.6 5.9
3.7 3.65 7.95 6.6
3.8 3.55 7.1 5.65
3.9 4.1 6.8 5.9
3.85 3.05 8.05 6.1
3.85 3.65 7.5 6.15
3.7 3.85 7.35 6.2
3.75 4.15 6.2 5.35
3.6 3.1 8.25 6.35
3.75 3.5 7.25 5.75
3.8 3.15 7.65 5.8
3.85 3.85 7.4 6.25
3.65 3.65 8.4 7.05
3.85 2.85 8.85 6.7
4.0 3.3 7.7 6.0
3.55 2.3 9.75 7.05
3.85 3.8 6.9 5.7
3.7 3.05 8.7 6.75
3.7 3.95 7.35 6.3
3.8 3.9 8.0 6.9
3.7 3.15 8.55 6.7
3.85 3.75 8.15 6.9
3.7 3.85 7.0 5.85
3.8 3.15 8.5 6.65
3.65 3.6 7.5 6.1
3.8 3.85 7.4 6.25
3.7 3.15 7.75 5.9
3.8 3.6 7.15 5.75
3.8 3.95 6.75 5.7
3.5 3.55 7.35 5.9
3.65 3.9 6.8 5.7
3.85 3.8 6.3 5.1
3.65 2.7 8.55 6.25
3.95 3.4 7.0 5.4
3.9 3.85 7.15 6.0
3.9 3.15 7.95 6.1
3.75 2.85 7.7 5.55
3.75 3.15 8.4 6.55
3.75 3.1 7.65 5.75
3.85 3.45 6.7 5.15
3.7 4.2 6.9 6.1
3.85 3.4 8.35 6.75
3.75 4.2 7.65 6.85
3.8 2.55 8.9 6.45
3.65 2.7 9.15 6.85
3.9 3.85 7.35 6.2
3.85 4.25 6.95 6.2
3.85 3.75 7.3 6.05
3.8 3.55 8.5 7.05
3.9 4.7 6.8 6.5
3.75 2.55 8.8 6.35
3.85 2.95 8.4 6.35
3.85 4.35 7.65 7.0
3.9 3.3 7.5 5.8
3.75 2.9 8.55 6.45
3.95 4.2 7.5 6.7
3.7 3.4 7.95 6.35
3.7 2.7 9.35 7.05
3.85 4.3 5.95 5.25
3.9 4.15 7.3 6.45
3.8 2.5 8.05 5.55
3.4 3.3 8.7 7.0
4.0 4.0 6.45 5.45
3.65 3.25 7.85 6.1
3.95 3.5 7.35 5.85
3.9 3.95 7.4 6.35
3.75 3.15 8.7 6.85
3.85 3.85 7.9 6.75
3.8 3.1 8.4 6.5
3.8 4.5 6.55 6.05
3.55 3.25 7.8 6.05
3.9 3.25 9.2 7.45
3.8 3.6 6.75 5.35
3.65 3.0 7.75 5.75
3.55 2.55 8.4 5.95
3.65 3.1 8.1 6.2
3.7 3.6 6.95 5.55
3.95 4.7 6.25 5.95
3.6 3.15 8.8 6.95
3.75 3.7 6.8 5.5
3.75 2.9 7.95 5.85
3.6 3.45 7.4 5.85
3.8 3.65 7.6 6.25
3.8 4.3 7.55 6.85
3.55 2.75 8.55 6.3
3.7 2.5 8.4 5.9
3.6 1.8 10.0 6.8
3.5 2.3 9.3 6.6
3.75 2.8 8.4 6.2
3.9 4.6 7.4 7.0
3.85 3.5 7.75 6.25
3.85 4.55 6.45 6.0
3.8 2.85 7.7 5.55
3.8 3.7 7.8 6.5
3.8 3.0 8.35 6.35
3.85 2.9 8.7 6.6
3.45 2.25 9.3 6.55
3.85 3.95 6.7 5.65
3.55 2.35 9.2 6.55
3.7 3.9 7.0 5.9
3.8 3.65 6.9 5.55
3.75 2.55 8.5 6.05
3.85 2.7 7.5 5.2
3.75 3.85 8.1 6.95
3.9 4.1 6.55 5.65
3.95 3.85 7.1 5.95
3.55 3.3 8.55 6.85
3.65 2.7 8.4 6.1
3.7 2.65 8.55 6.2
3.95 4.45 6.35 5.8
3.8 3.7 7.15 5.85
3.7 3.05 8.8 6.85
3.7 3.1 7.8 5.9
3.9 4.1 7.35 6.45
3.7 3.95 6.8 5.75
3.85 3.5 7.3 5.8
3.9 3.45 7.95 6.4
3.65 3.4 8.4 6.8
4.0 3.45 8.2 6.65
3.45 2.25 9.25 6.5
3.8 3.2 7.3 5.5
3.9 3.35 8.4 6.75
3.85 3.65 7.1 5.75
4.0 4.35 7.75 7.1
3.85 2.7 7.8 5.5
3.85 3.5 8.35 6.85
3.8 3.9 7.8 6.7
3.9 3.55 7.05 5.6
3.95 3.85 7.2 6.05
3.8 3.95 8.35 7.3
3.75 3.1 8.1 6.2
3.75 3.5 8.1 6.6
3.5 3.45 9.1 7.55
3.85 3.75 7.1 5.85
3.7 2.6 9.0 6.6
3.7 3.4 8.35 6.75
3.9 4.85 6.35 6.2
3.85 3.1 8.1 6.2
3.9 4.95 6.45 6.4
3.9 2.7 8.75 6.45
3.85 4.25 7.8 7.05
3.8 3.55 7.0 5.55
3.7 2.5 8.9 6.4
3.75 3.4 8.55 6.95
3.75 3.05 7.6 5.65
3.8 3.0 8.1 6.1
3.65 3.75 7.8 6.55
3.95 3.75 7.5 6.25
3.65 2.65 9.15 6.8
3.8 3.6 7.55 6.15
3.75 3.3 7.55 5.85
3.65 2.15 9.75 6.9
3.85 3.45 7.3 5.75
3.9 3.05 7.7 5.75
3.75 3.2 8.05 6.25
3.85 3.6 7.2 5.8
3.75 3.75 7.45 6.2
3.75 4.15 7.25 6.4
3.65 3.4 8.45 6.85
3.8 3.35 8.15 6.5
3.85 4.05 6.15 5.2
3.8 4.3 6.9 6.2
3.85 4.15 7.15 6.3
3.65 3.7 8.25 6.95
3.9 3.95 6.35 5.3
3.65 2.3 9.15 6.45
3.7 3.15 8.0 6.15
3.8 4.45 6.75 6.2
3.8 3.1 7.3 5.4
3.6 2.55 9.4 6.95
3.75 3.05 8.35 6.4
3.8 2.85 7.9 5.75
3.6 3.3 8.6 6.9
3.85 4.7 6.95 6.65
3.6 4.45 7.8 7.25
3.6 2.65 9.0 6.65
3.75 2.8 8.45 6.25
3.55 3.25 7.6 5.85
3.5 2.8 8.2 6.0
3.65 2.45 8.45 5.9
3.75 3.5 7.75 6.25
3.55 2.6 8.3 5.9
3.9 2.85 8.7 6.55
3.65 2.75 8.15 5.9
3.8 2.65 8.35 6.0
3.9 3.15 8.05 6.2
3.7 4.45 7.2 6.65
3.7 3.3 9.2 7.5
3.75 3.25 7.7 5.95
3.8 4.5 7.5 7.0
3.8 3.65 7.25 5.9
3.75 3.7 7.25 5.95
3.85 2.55 8.5 6.05
3.8 3.85 6.7 5.55
3.65 3.4 7.8 6.2
3.8 3.15 8.15 6.3
3.55 2.7 8.55 6.25
3.9 3.45 7.5 5.95
3.8 3.95 6.65 5.6
3.7 4.05 6.35 5.4
3.8 2.5 9.15 6.65
3.75 3.8 7.35 6.15
3.95 3.6 7.25 5.85
3.85 3.35 8.4 6.75
3.55 4.1 7.65 6.75
3.5 2.6 8.55 6.15
3.85 4.05 6.9 5.95
3.8 3.8 8.1 6.9
3.8 3.75 7.5 6.25
3.85 3.8 7.7 6.5
3.6 2.6 8.05 5.65
3.8 3.35 8.2 6.55
3.9 4.3 6.7 6.0
3.9 3.5 7.45 5.95
3.85 3.65 8.05 6.7
3.8 3.6 7.95 6.55
3.85 3.6 7.55 6.15
3.5 2.4 8.35 5.75
3.75 2.8 8.1 5.9
3.65 2.5 8.75 6.25
3.75 3.95 7.9 6.85
3.7 4.7 7.1 6.8
3.7 4.05 7.6 6.65
3.85 3.05 8.55 6.6
3.7 3.4 8.1 6.5
3.55 3.6 7.95 6.55
3.7 3.6 7.9 6.5
3.7 2.8 8.25 6.05
3.65 2.55 8.95 6.5
4.0 3.75 7.95 6.7
3.6 3.05 7.6 5.65
3.6 2.25 8.35 5.6
3.65 2.6 8.3 5.9
3.8 3.7 7.2 5.9
3.75 2.5 9.25 6.75
3.65 3.0 9.2 7.2
3.65 2.85 8.65 6.5
3.85 3.2 8.2 6.4
3.75 3.8 6.85 5.65
3.9 3.7 6.95 5.65
3.65 3.65 7.45 6.1
3.6 2.8 8.25 6.05
3.8 2.8 7.9 5.7
3.7 3.8 7.7 6.5
3.65 3.3 7.45 5.75
3.8 3.55 6.85 5.4
3.7 3.2 8.05 6.25
3.9 3.55 8.05 6.6
3.95 3.6 6.9 5.5
3.95 4.3 5.55 4.85
3.9 4.25 6.15 5.4
3.65 2.55 8.6 6.15
3.8 3.5 8.15 6.65
3.9 4.05 7.85 6.9
3.75 3.85 6.9 5.75
3.65 2.7 8.85 6.55
3.6 2.6 9.05 6.65
3.8 3.35 7.9 6.25
3.85 3.8 7.4 6.2
3.8 3.4 8.15 6.55
3.85 3.15 7.25 5.4
3.85 3.6 7.25 5.85
3.6 3.05 8.9 6.95
3.7 3.65 8.4 7.05
3.85 3.4 8.35 6.75
3.65 3.5 7.7 6.2
3.65 3.15 8.35 6.5
3.95 3.5 8.25 6.75
3.9 3.65 7.55 6.2
3.8 3.35 7.95 6.3
3.75 3.95 7.5 6.45
3.7 3.05 8.4 6.45
3.75 3.25 7.15 5.4
3.8 4.1 7.4 6.5
3.8 3.9 8.8 7.7
3.8 3.1 7.7 5.8
3.65 3.35 8.25 6.6
3.8 3.35 7.6 5.95
3.8 3.3 8.15 6.45
3.7 3.6 7.45 6.05
3.8 4.85 6.55 6.4
3.65 3.5 8.15 6.65
3.95 3.35 8.55 6.9
3.9 3.9 7.45 6.35
3.45 2.35 8.8 6.15
3.8 4.3 6.8 6.1
3.85 2.65 7.6 5.25
3.9 4.2 7.05 6.25
3.85 2.6 8.4 6.0
3.9 4.1 7.2 6.3
3.85 4.95 5.75 5.7
3.75 3.2 7.95 6.15
3.75 3.95 8.05 7.0
3.6 3.5 7.7 6.2
3.8 3.6 7.35 5.95
3.7 3.3 8.25 6.55
3.8 3.45 8.45 6.9
3.8 4.1 6.4 5.5
3.7 3.0 9.05 7.05
3.75 3.1 8.25 6.35
3.85 4.3 6.65 5.95
3.8 4.0 7.55 6.55
3.8 3.4 8.1 6.5
3.75 2.8 7.95 5.75
3.55 3.2 8.25 6.45
3.9 3.8 6.95 5.75
3.8 4.95 6.05 6.0
3.9 4.25 7.2 6.45
3.45 2.75 8.8 6.55
3.85 2.7 9.35 7.05
3.85 4.15 7.55 6.7
3.7 2.7 8.8 6.5
3.7 3.75 7.95 6.7
3.7 3.15 8.35 6.5
3.65 3.45 8.85 7.3
3.7 4.1 7.05 6.15
3.7 3.65 7.25 5.9
3.75 3.25 7.65 5.9
3.6 3.0 8.95 6.95
3.65 3.25 7.4 5.65
3.75 3.4 8.1 6.5
3.6 3.2 8.05 6.25
3.8 3.2 7.8 6.0
3.75 3.2 8.4 6.6
3.85 4.05 7.3 6.35
3.85 3.4 8.35 6.75
3.65 3.2 8.6 6.8
3.85 2.95 7.2 5.15
3.8 3.05 7.85 5.9
3.7 3.1 8.35 6.45
3.55 2.6 8.6 6.2
3.85 3.8 7.95 6.75
3.85 3.3 7.4 5.7
3.75 4.1 7.15 6.25
3.85 3.4 7.6 6.0
3.85 3.35 6.85 5.2
3.75 2.95 8.1 6.05
3.9 4.1 7.55 6.65
3.8 3.2 7.45 5.65
3.55 3.3 8.7 7.0
3.5 3.7 8.4 7.1
3.65 3.2 8.25 6.45
3.6 2.55 8.15 5.7
3.65 4.0 8.05 7.05
3.7 3.9 7.95 6.85
3.85 3.5 7.25 5.75
3.75 4.4 7.75 7.15
3.8 2.35 9.65 7.0
3.85 4.6 6.45 6.05
3.6 3.35 7.6 5.95
3.9 3.3 8.2 6.5
3.7 3.25 8.1 6.35
3.75 3.1 7.95 6.05
3.75 3.8 7.55 6.35
3.55 3.6 8.2 6.8
3.8 4.15 6.35 5.5
3.85 4.55 6.5 6.05
3.95 4.55 7.1 6.65
3.9 4.1 6.95 6.05
3.65 3.75 7.6 6.35
3.9 3.4 8.0 6.4
3.85 3.7 7.9 6.6
3.65 2.7 8.85 6.55
3.7 3.7 8.0 6.7
3.75 2.6 8.15 5.75
3.65 3.3 9.1 7.4
3.75 3.3 7.6 5.9
3.8 2.75 8.45 6.2
3.95 2.85 8.9 6.75
3.75 3.0 8.5 6.5
3.8 3.6 7.5 6.1
3.8 3.35 7.2 5.55
3.95 2.75 8.2 5.95
3.7 3.45 7.8 6.25
3.8 3.25 7.65 5.9
3.65 3.6 7.95 6.55
3.8 3.1 8.05 6.15
3.9 3.85 6.8 5.65
3.65 3.05 8.8 6.85
3.8 3.9 7.15 6.05
3.55 3.35 8.4 6.75
3.75 3.0 7.8 5.8
3.75 3.5 7.95 6.45
3.8 4.6 6.8 6.4
3.9 3.75 7.5 6.25
3.95 4.1 8.1 7.2
3.85 4.95 6.95 6.9
3.9 2.75 8.55 6.3
3.65 3.95 8.4 7.35
3.8 2.95 7.8 5.75
3.9 3.7 7.9 6.6
3.55 2.85 8.85 6.7
3.8 4.05 7.25 6.3
3.8 2.9 8.15 6.05
3.65 2.85 8.6 6.45
3.8 4.35 6.7 6.05
3.9 4.3 6.8 6.1
3.7 3.25 7.65 5.9
3.55 2.8 8.65 6.45
3.7 3.65 8.05 6.7
3.75 3.7 7.25 5.95
3.9 4.3 6.3 5.6
3.75 2.7 7.95 5.65
3.9 4.05 6.8 5.85
3.65 3.15 8.25 6.4
3.9 4.95 6.25 6.2
3.75 2.9 8.85 6.75
3.55 2.65 8.9 6.55
3.8 3.65 7.65 6.3
3.8 3.35 7.8 6.15
3.75 2.45 8.6 6.05
3.55 3.25 8.25 6.5
3.85 3.15 7.55 5.7
3.5 2.35 9.4 6.75
3.85 3.25 7.25 5.5
3.65 2.15 9.15 6.3
3.7 2.8 9.05 6.85
3.85 3.3 8.3 6.6
3.6 2.65 8.95 6.6
3.85 3.5 8.15 6.65
3.6 4.05 7.55 6.6
3.85 4.1 6.85 5.95
3.65 3.4 7.6 6.0
3.55 3.15 9.0 7.15
3.75 2.4 8.85 6.25
4.0 3.95 7.0 5.95
3.9 2.85 8.5 6.35
3.8 4.05 7.15 6.2
3.75 3.65 7.75 6.4
3.8 3.25 8.25 6.5
3.7 3.45 8.3 6.75
3.75 3.25 8.2 6.45
3.8 3.1 8.0 6.1
3.85 3.45 8.65 7.1
3.75 2.6 8.65 6.25
3.75 3.4 7.95 6.35
3.6 3.3 9.0 7.3
3.9 3.55 7.6 6.15
3.9 3.55 7.05 5.6
3.5 2.25 8.75 6.0
3.5 2.75 8.6 6.35
3.95 4.4 5.35 4.75
3.8 3.25 8.2 6.45
3.8 2.65 8.85 6.5
3.9 2.65 7.85 5.5
3.8 4.45 6.95 6.4
3.65 3.2 9.0 7.2
3.7 2.8 8.4 6.2
3.6 2.65 8.6 6.25
3.85 4.1 6.75 5.85
3.55 2.9 8.05 5.95
3.75 3.6 7.35 5.95
3.7 2.3 8.35 5.65
3.65 3.15 8.5 6.65
3.8 3.6 8.15 6.75
3.9 3.4 7.75 6.15
3.85 3.9 6.45 5.35
3.65 2.95 8.4 6.35
3.65 3.45 7.85 6.3
3.7 3.7 8.0 6.7
3.75 3.4 7.3 5.7
3.6 3.15 8.55 6.7
3.9 3.4 6.85 5.25
3.7 3.1 7.6 5.7
3.85 3.25 6.65 4.9
3.95 4.35 6.25 5.6
4.0 3.3 7.65 5.95
3.9 3.45 8.05 6.5
3.85 3.8 6.85 5.65
3.7 2.2 8.65 5.85
3.9 3.85 6.35 5.2
3.7 3.35 7.35 5.7
3.85 2.65 8.6 6.25
3.75 3.2 8.6 6.8
3.6 3.15 7.65 5.8
3.7 3.15 8.0 6.15
3.75 2.75 8.65 6.4
3.95 3.3 8.15 6.45
3.7 2.75 8.2 5.95
3.7 5.45 5.9 6.35
3.45 2.95 8.5 6.45
3.75 2.7 8.4 6.1
3.85 3.55 7.25 5.8
3.9 2.9 8.35 6.25
3.8 3.25 7.8 6.05
3.65 3.0 8.35 6.35
3.7 3.55 7.35 5.9
3.8 3.25 8.5 6.75
3.65 2.95 8.9 6.85
3.7 2.95 8.15 6.1
3.7 2.85 7.8 5.65
3.85 3.35 8.15 6.5
3.7 2.95 8.1 6.05
3.85 3.95 6.6 5.55
3.9 4.6 6.0 5.6
3.8 4.15 7.65 6.8
3.8 4.05 6.9 5.95
3.6 2.9 8.7 6.6
3.85 4.2 7.9 7.1
3.75 2.7 8.65 6.35
3.7 4.7 6.8 6.5
3.65 2.7 8.5 6.2
3.85 3.35 8.25 6.6
3.85 2.35 8.65 6.0
3.9 3.3 7.65 5.95
3.85 2.6 8.75 6.35
3.7 3.8 7.8 6.6
3.75 3.7 7.35 6.05
3.75 2.95 8.5 6.45
3.6 2.5 8.75 6.25
3.75 3.6 7.4 6.0
3.7 3.4 8.4 6.8
3.6 2.95 8.7 6.65
3.75 3.65 7.4 6.05
3.65 2.95 9.2 7.15
3.6 4.4 6.9 6.3
3.85 3.3 7.65 5.95
3.95 3.05 7.6 5.65
3.65 3.95 7.5 6.45
3.75 4.1 7.35 6.45
3.9 3.0 7.45 5.45
3.8 2.85 9.9 7.75
3.6 2.2 9.95 7.15
3.8 3.4 7.85 6.25
3.75 3.1 7.55 5.65
3.6 2.8 9.3 7.1
3.75 2.45 8.7 6.15
3.9 4.0 7.1 6.1
3.8 3.55 7.75 6.3
3.85 3.7 7.5 6.2
3.85 3.95 8.15 7.1
3.7 2.85 8.25 6.1
3.85 4.45 6.65 6.1
3.6 3.0 8.2 6.2
3.85 3.65 7.4 6.05
3.7 3.9 7.75 6.65
3.65 2.85 8.55 6.4
3.8 4.25 6.65 5.9
3.7 2.9 8.75 6.65
3.9 3.9 7.35 6.25
3.85 3.75 7.55 6.3
3.8 3.6 7.75 6.35
3.75 3.5 7.0 5.5
3.8 3.4 7.65 6.05
3.8 2.95 7.85 5.8
3.65 3.1 7.8 5.9
3.7 3.7 8.5 7.2
3.75 2.75 8.5 6.25
3.95 3.2 7.25 5.45
3.95 4.15 6.25 5.4
3.75 3.75 7.75 6.5
3.65 2.85 8.75 6.6
3.7 3.55 7.3 5.85
3.55 2.3 8.85 6.15
3.85 3.95 7.45 6.4
3.75 3.5 7.75 6.25
3.6 3.95 8.3 7.25
3.9 3.15 8.15 6.3
3.65 2.65 8.5 6.15
3.8 3.9 7.25 6.15
3.8 4.35 7.25 6.6
3.85 4.3 7.0 6.3
3.8 2.9 8.8 6.7
3.5 3.45 8.3 6.75
3.65 3.25 8.0 6.25
3.85 4.4 7.15 6.55
3.75 3.45 6.6 5.05
3.85 2.8 8.0 5.8
3.85 3.4 8.3 6.7
3.9 4.65 7.35 7.0
3.9 3.45 7.2 5.65
3.8 2.35 9.2 6.55
3.9 2.7 8.5 6.2
3.65 2.95 8.5 6.45
3.75 3.3 7.35 5.65
3.85 3.9 7.75 6.65
3.75 2.55 9.6 7.15
4.0 3.9 7.2 6.1
3.6 3.25 8.15 6.4
3.7 3.15 8.3 6.45
3.75 3.05 8.35 6.4
3.85 3.8 7.2 6.0
3.65 2.5 8.9 6.4
3.75 3.55 7.4 5.95
3.8 3.4 8.3 6.7
3.8 3.9 7.65 6.55
3.8 3.4 7.3 5.7
3.7 3.4 7.95 6.35
3.7 3.2 8.3 6.5
3.85 3.25 7.9 6.15
3.9 3.45 7.4 5.85
3.8 3.75 6.7 5.45
3.65 4.3 7.15 6.45
3.95 3.15 7.75 5.9
3.7 3.85 7.75 6.6
3.85 3.45 7.65 6.1
3.9 4.3 7.35 6.65
3.75 4.05 7.3 6.35
3.85 3.2 8.0 6.2
3.8 3.85 6.75 5.6
3.85 2.6 8.35 5.95
3.7 3.6 8.2 6.8
3.85 4.55 6.6 6.15
3.8 3.7 8.1 6.8
3.6 3.8 7.45 6.25
3.75 4.6 6.8 6.4
3.85 3.2 7.6 5.8
3.95 4.25 6.05 5.3
4.0 3.95 6.85 5.8
3.75 3.8 6.75 5.55
3.7 2.85 8.45 6.3
3.6 2.35 8.9 6.25
3.75 3.15 7.8 5.95
3.7 3.25 8.05 6.3
3.8 3.35 8.15 6.5
3.65 3.0 8.25 6.25
3.65 3.3 7.9 6.2
3.9 4.55 6.6 6.15
3.8 3.3 7.75 6.05
3.65 3.55 8.5 7.05
3.8 3.95 7.2 6.15
3.6 2.5 9.55 7.05
3.65 4.25 7.6 6.85
3.7 2.45 8.9 6.35
3.55 3.55 7.5 6.05
3.8 3.3 7.25 5.55
3.8 4.1 7.7 6.8
3.95 4.15 6.4 5.55
3.7 2.9 8.2 6.1
3.55 3.1 7.95 6.05
3.85 3.8 6.9 5.7
3.75 3.1 8.35 6.45
3.8 2.7 8.1 5.8
3.95 5.25 5.7 5.95
3.65 3.35 7.95 6.3
3.9 3.3 7.95 6.25
3.55 2.8 9.25 7.05
3.8 3.0 7.6 5.6
3.9 4.2 7.15 6.35
3.5 2.7 9.95 7.65
3.7 2.8 7.75 5.55
3.9 3.45 8.05 6.5
3.85 2.85 8.25 6.1
3.7 3.2 8.3 6.5
3.7 3.8 6.2 5.0
3.75 4.2 7.4 6.6
3.65 4.5 6.4 5.9
3.85 4.25 7.25 6.5
3.75 3.4 8.25 6.65
3.9 3.65 7.9 6.55
3.9 3.9 7.9 6.8
3.8 3.2 7.8 6.0
3.8 3.45 8.4 6.85
3.9 4.1 6.65 5.75
3.7 2.35 8.7 6.05
3.6 3.15 7.65 5.8
3.9 2.95 8.05 6.0
3.6 2.95 8.8 6.75
3.8 4.25 7.65 6.9
3.65 2.85 8.1 5.95
3.75 3.75 7.75 6.5
3.8 3.2 8.35 6.55
3.8 5.85 5.5 6.35
3.75 3.25 8.85 7.1
3.75 3.45 7.35 5.8
3.8 3.45 8.65 7.1
3.75 3.1 8.4 6.5
3.45 2.85 8.5 6.35
3.65 2.65 8.1 5.75
3.8 4.25 6.65 5.9
3.95 3.65 7.3 5.95
3.7 3.7 7.95 6.65
3.7 2.8 8.4 6.2
3.65 2.25 8.8 6.05
3.85 3.15 8.25 6.4
3.8 3.55 7.2 5.75
3.7 3.05 8.5 6.55
3.8 3.05 8.0 6.05
3.55 2.55 9.75 7.3
3.85 3.1 7.4 5.5
3.6 3.0 8.5 6.5
3.9 3.35 8.15 6.5
3.85 3.3 8.45 6.75
3.75 3.0 8.05 6.05
3.8 2.95 7.9 5.85
3.9 2.7 8.65 6.35
3.65 4.0 7.15 6.15
3.8 3.65 7.95 6.6
3.8 3.2 7.9 6.1
3.7 3.85 7.9 6.75
3.75 3.3 7.35 5.65
3.9 4.3 6.25 5.55
3.9 3.5 7.1 5.6
3.75 5.2 7.15 7.35
3.9 3.35 7.4 5.75
3.8 3.75 6.9 5.65
3.75 4.5 7.75 7.25
3.7 3.55 7.55 6.1
3.55 3.05 8.7 6.75
3.75 3.45 7.6 6.05
3.65 2.95 7.95 5.9
3.85 3.25 7.75 6.0
3.9 3.9 7.6 6.5
3.85 3.35 7.75 6.1
3.8 4.3 7.25 6.55
3.75 3.3 8.3 6.6
3.7 2.95 8.65 6.6
3.75 3.35 7.5 5.85
3.65 3.25 9.2 7.45
3.85 3.1 7.8 5.9
3.6 3.7 7.0 5.7
3.85 3.25 7.55 5.8
3.75 3.7 8.2 6.9
3.8 3.2 8.25 6.45
3.65 3.2 7.75 5.95
3.8 3.05 8.2 6.25
3.55 3.2 7.65 5.85
3.85 3.6 7.45 6.05
3.75 3.75 7.95 6.7
3.75 2.7 7.85 5.55
3.7 3.35 8.6 6.95
3.6 2.85 7.95 5.8
3.8 3.2 8.2 6.4
3.75 3.05 7.25 5.3
3.95 3.9 6.75 5.65
3.6 3.0 8.3 6.3
3.75 4.25 6.85 6.1
3.6 3.2 8.35 6.55
3.8 3.7 7.5 6.2
3.9 3.1 7.75 5.85
3.6 2.35 8.25 5.6
3.55 3.15 9.2 7.35
3.9 4.0 7.4 6.4
3.7 3.15 8.9 7.05
3.7 3.2 8.05 6.25
3.7 3.85 8.15 7.0
3.65 3.1 8.0 6.1
3.5 2.7 8.5 6.2
3.5 2.85 9.6 7.45
3.8 4.8 6.75 6.55
3.5 3.3 8.25 6.55
3.8 3.95 7.25 6.2
3.65 3.2 7.65 5.85
3.9 4.05 7.25 6.3
3.6 3.8 7.75 6.55
3.8 3.5 7.2 5.7
3.5 3.75 7.3 6.05
3.8 2.3 8.7 6.0
3.8 3.75 7.7 6.45
3.7 4.6 7.0 6.6
3.75 4.55 7.65 7.2
3.95 4.65 6.4 6.05
3.75 2.55 8.25 5.8
3.8 2.9 9.0 6.9
3.65 3.25 7.7 5.95
3.95 4.55 6.3 5.85
3.75 3.8 7.0 5.8
3.85 3.7 7.55 6.25
3.95 3.75 7.3 6.05
3.55 2.15 10.1 7.25
3.85 4.15 6.75 5.9
3.7 2.9 8.0 5.9
3.8 4.1 6.8 5.9
3.75 3.5 7.1 5.6
3.85 3.05 6.75 4.8
3.8 3.25 8.3 6.55
3.95 3.5 8.05 6.55
3.7 3.4 8.45 6.85
3.75 3.3 7.6 5.9
3.75 3.25 8.75 7.0
3.65 2.3 9.8 7.1
3.75 4.2 7.75 6.95
3.65 3.85 8.0 6.85
3.85 3.4 7.35 5.75
3.8 3.95 6.15 5.1
3.9 3.4 7.3 5.7
3.5 3.3 8.4 6.7
3.7 3.1 8.35 6.45
3.95 3.5 7.25 5.75
3.85 3.65 7.9 6.55
3.95 4.05 6.7 5.75
3.75 3.25 8.65 6.9
3.9 3.7 7.15 5.85
3.9 4.45 7.6 7.05
3.75 3.35 7.75 6.1
3.9 4.15 7.6 6.75
3.75 3.6 7.25 5.85
3.9 2.85 8.5 6.35
3.8 3.05 8.05 6.1
3.65 2.95 8.85 6.8
3.75 3.1 6.8 4.9
3.85 3.45 8.05 6.5
3.8 3.55 7.2 5.75
3.7 2.3 9.15 6.45
3.5 3.2 8.25 6.45
3.8 3.3 8.9 7.2
3.75 3.65 6.75 5.4
3.85 3.95 6.35 5.3
3.8 4.1 6.95 6.05
3.8 3.75 7.45 6.2
3.9 4.1 7.95 7.05
3.75 2.9 8.4 6.3
3.7 3.5 8.0 6.5
3.75 4.1 7.35 6.45
3.9 4.2 7.4 6.6
3.6 2.7 9.65 7.35
3.7 2.5 8.55 6.05
3.6 2.3 9.2 6.5
3.9 3.95 7.25 6.2
3.85 4.6 6.5 6.1
3.9 3.35 7.85 6.2
3.9 3.95 7.7 6.65
3.6 3.0 8.7 6.7
3.7 3.3 8.3 6.6
3.65 2.6 8.95 6.55
3.7 4.05 6.1 5.15
3.6 2.35 9.3 6.65
3.85 3.45 8.5 6.95
3.65 2.8 8.5 6.3
3.85 2.7 8.0 5.7
3.75 4.45 6.0 5.45
3.85 4.25 6.35 5.6
3.8 3.35 7.95 6.3
3.9 2.75 8.1 5.85
3.7 2.2 8.65 5.85
3.75 3.4 7.9 6.3
3.9 4.25 6.85 6.1
3.85 2.7 8.65 6.35
3.75 2.85 8.3 6.15
3.7 3.85 6.95 5.8
3.8 3.4 7.4 5.8
3.7 2.5 8.85 6.35
3.95 3.8 6.85 5.65
3.85 3.65 7.95 6.6
3.9 3.7 7.6 6.3
3.9 4.65 6.25 5.9
3.95 3.65 7.35 6.0
3.6 3.05 9.15 7.2
3.6 2.7 7.8 5.5
3.9 3.9 6.55 5.45
3.65 2.6 8.2 5.8
3.8 2.55 9.1 6.65
3.55 2.5 8.45 5.95
3.7 3.35 7.7 6.05
3.8 3.4 7.4 5.8
3.85 4.5 6.3 5.8
3.85 4.1 7.6 6.7
3.8 3.9 7.2 6.1
3.8 4.1 7.0 6.1
3.55 3.15 8.7 6.85
3.9 3.05 8.4 6.45
3.8 2.65 8.5 6.15
3.95 3.15 8.05 6.2
3.75 3.25 7.75 6.0
3.75 4.55 6.9 6.45
3.85 3.35 8.15 6.5
3.9 4.2 6.7 5.9
3.8 2.95 8.15 6.1
3.75 2.85 8.45 6.3
3.75 3.2 8.05 6.25
3.75 3.25 7.75 6.0
3.8 3.7 8.05 6.75
3.85 2.6 8.95 6.55
3.7 2.0 10.15 7.15
3.75 2.8 8.45 6.25
3.8 3.75 7.0 5.75
3.85 3.25 8.3 6.55
3.85 3.2 7.25 5.45
4.0 4.3 6.65 5.95
3.8 3.7 7.75 6.45
3.85 3.75 7.45 6.2
3.65 4.4 7.45 6.85
3.5 3.25 8.65 6.9
3.7 3.75 8.25 7.0
3.85 2.65 8.4 6.05
3.45 2.75 8.5 6.25
3.85 3.9 7.1 6.0
3.65 2.85 8.65 6.5
3.9 3.45 7.55 6.0
3.6 3.25 8.2 6.45
3.75 3.3 8.4 6.7
3.65 3.4 7.85 6.25
3.95 4.05 6.65 5.7
3.85 2.95 8.7 6.65
3.75 2.15 9.8 6.95
3.35 2.1 9.45 6.55
3.9 3.0 8.65 6.65
3.8 3.0 7.25 5.25
3.75 3.0 8.65 6.65
3.75 3.1 7.55 5.65
3.95 3.9 8.2 7.1
3.75 4.45 6.45 5.9
3.65 3.25 8.1 6.35
3.75 3.05 8.8 6.85
3.7 3.05 8.2 6.25
3.8 4.2 7.2 6.4
3.8 2.7 8.1 5.8
3.7 3.45 8.4 6.85
3.75 3.2 7.45 5.65
3.6 2.75 8.2 5.95
3.85 4.2 6.55 5.75
3.85 3.1 8.4 6.5
3.65 3.4 7.5 5.9
3.7 2.9 8.25 6.15
3.85 4.75 6.75 6.5
3.5 1.9 9.75 6.65
3.85 3.4 7.5 5.9
3.7 3.75 7.0 5.75
3.85 3.15 8.45 6.6
3.85 3.3 7.9 6.2
3.85 2.9 9.25 7.15
3.75 3.65 8.55 7.2
3.9 4.3 6.35 5.65
3.6 2.95 8.65 6.6
3.7 3.5 7.6 6.1
3.6 2.65 9.4 7.05
3.75 3.95 6.75 5.7
3.7 2.8 8.05 5.85
3.7 2.9 7.8 5.7
3.6 2.7 8.5 6.2
3.8 3.65 7.3 5.95
3.85 3.85 6.85 5.7
3.65 3.5 7.7 6.2
3.9 3.4 6.9 5.3
3.7 2.8 8.25 6.05
3.8 3.5 7.4 5.9
3.8 2.9 9.1 7.0
3.9 3.9 8.15 7.05
3.55 3.25 9.05 7.3
3.6 3.05 9.4 7.45
3.8 3.4 7.7 6.1
3.75 3.85 7.0 5.85
3.7 3.8 7.15 5.95
3.8 4.1 7.5 6.6
3.5 3.15 9.05 7.2
3.75 3.8 8.1 6.9
3.75 3.0 7.95 5.95
3.75 3.85 7.6 6.45
3.75 3.75 7.05 5.8
3.55 2.75 9.5 7.25
3.8 3.55 7.85 6.4
3.8 3.8 7.85 6.65
3.9 3.45 7.7 6.15
3.85 4.2 7.35 6.55
3.6 2.4 9.15 6.55
3.75 3.7 7.75 6.45
3.75 2.2 9.2 6.4
3.65 3.7 7.35 6.05
3.8 2.3 8.4 5.7
3.75 4.6 6.8 6.4
3.75 3.35 7.65 6.0
3.9 4.15 6.2 5.35
3.85 3.8 6.7 5.5
3.7 3.2 7.6 5.8
3.75 3.25 7.95 6.2
3.9 3.65 7.6 6.25
3.8 4.0 7.25 6.25
3.6 2.8 9.65 7.45
3.6 3.25 8.95 7.2
3.85 3.6 6.6 5.2
3.8 2.55 9.5 7.05
3.85 3.1 7.65 5.75
3.65 2.95 8.65 6.6
3.9 4.75 6.15 5.9
3.85 3.2 7.5 5.7
3.8 4.05 7.1 6.15
3.75 2.75 8.7 6.45
3.85 3.6 8.0 6.6
3.85 3.1 7.9 6.0
3.75 3.55 7.9 6.45
3.85 4.05 7.85 6.9
3.65 3.3 7.35 5.65
3.6 2.9 8.65 6.55
3.9 3.9 7.45 6.35
3.85 4.15 7.3 6.45
3.8 4.05 7.15 6.2
3.85 3.7 7.95 6.65
3.95 3.75 6.75 5.5
3.75 3.0 7.15 5.15
3.9 3.15 8.55 6.7
3.6 3.75 8.95 7.7
3.55 3.25 8.75 7.0
3.7 3.2 8.2 6.4
3.75 2.65 9.0 6.65
3.85 3.7 7.45 6.15
3.7 2.15 8.8 5.95
3.85 3.65 7.0 5.65
3.85 3.25 8.8 7.05
3.6 3.05 8.3 6.35
3.95 4.0 6.9 5.9
3.65 3.25 8.45 6.7
3.8 3.0 8.75 6.75
3.8 3.7 7.3 6.0
3.7 3.75 6.55 5.3
3.65 2.45 8.85 6.3
3.75 3.15 7.8 5.95
3.6 3.3 8.8 7.1
3.9 3.25 8.05 6.3
3.75 2.9 8.1 6.0
3.75 4.2 6.85 6.05
3.65 3.55 7.5 6.05
3.55 2.35 8.9 6.25
3.7 3.7 7.35 6.05
3.8 4.65 7.25 6.9
3.75 3.15 8.5 6.65
3.75 3.15 8.05 6.2
3.6 3.5 8.3 6.8
3.8 4.6 6.35 5.95
3.65 2.75 8.45 6.2
3.6 2.35 9.4 6.75
3.55 2.9 8.8 6.7
3.8 3.4 8.75 7.15
3.85 4.2 7.0 6.2
3.55 3.05 8.0 6.05
3.75 4.25 7.25 6.5
3.85 2.25 9.4 6.65
3.85 3.6 6.7 5.3
3.9 3.95 7.4 6.35
3.65 3.4 8.55 6.95
3.75 4.05 6.9 5.95
3.65 3.15 8.9 7.05
3.9 4.3 7.65 6.95
3.75 2.95 8.9 6.85
3.8 4.85 5.7 5.55
3.7 3.15 7.7 5.85
3.8 3.05 7.85 5.9
3.8 2.4 8.3 5.7
3.85 3.65 8.1 6.75
3.8 3.8 8.35 7.15
3.4 2.95 8.2 6.15
3.8 3.45 7.75 6.2
3.8 4.2 7.5 6.7
3.55 3.0 7.8 5.8
3.75 3.7 7.2 5.9
3.8 3.85 7.65 6.5
3.7 3.85 7.35 6.2
3.7 3.65 6.75 5.4
3.65 4.0 7.85 6.85
3.8 5.4 6.0 6.4
3.5 3.55 8.3 6.85
3.75 3.7 7.4 6.1
3.85 3.2 7.85 6.05
3.8 4.25 7.0 6.25
3.65 3.4 7.8 6.2
3.9 4.55 6.15 5.7
3.75 5.6 6.7 7.3
3.55 2.75 9.1 6.85
3.85 3.15 7.6 5.75
3.8 3.4 8.35 6.75
3.95 2.95 8.6 6.55
3.55 3.6 7.85 6.45
3.9 3.15 7.8 5.95
3.75 2.85 7.95 5.8
3.8 3.75 7.8 6.55
3.85 4.9 6.6 6.5
3.7 2.65 8.85 6.5
3.55 3.0 8.5 6.5
3.85 3.45 7.4 5.85
3.65 3.0 8.0 6.0
3.55 2.5 9.45 6.95
3.85 3.85 7.05 5.9
3.8 2.45 8.5 5.95
3.85 3.5 7.75 6.25
3.8 3.55 7.9 6.45
3.8 3.9 7.4 6.3
3.75 3.7 7.35 6.05
3.75 3.2 8.4 6.6
3.8 4.05 6.85 5.9
3.75 2.7 8.1 5.8
3.55 3.15 8.75 6.9
3.75 3.45 8.65 7.1
3.7 3.95 7.25 6.2
3.9 4.95 6.15 6.1
3.8 2.55 8.85 6.4
3.95 4.5 6.2 5.7
3.95 4.1 7.05 6.15
3.65 3.0 8.65 6.65
3.8 2.9 7.45 5.35
3.65 2.6 8.5 6.1
3.55 3.8 7.8 6.6
3.85 3.4 8.5 6.9
3.85 4.25 6.5 5.75
3.7 3.3 8.2 6.5
3.85 3.65 7.35 6.0
3.75 3.3 8.45 6.75
3.75 3.0 7.45 5.45
3.8 2.7 8.8 6.5
3.7 3.75 6.9 5.65
3.45 3.45 8.0 6.45
3.8 3.5 7.1 5.6
3.55 3.2 7.4 5.6
3.75 3.25 7.95 6.2
3.85 4.6 7.35 6.95
3.8 4.25 6.9 6.15
3.85 3.85 7.35 6.2
3.95 3.55 8.1 6.65
3.7 3.2 8.45 6.65
3.85 3.5 7.15 5.65
3.45 2.9 9.2 7.1
3.7 3.25 9.05 7.3
3.8 3.35 7.05 5.4
3.85 2.1 8.85 5.95
3.95 3.65 8.3 6.95
3.85 3.3 7.05 5.35
3.6 3.25 7.5 5.75
3.55 3.8 7.55 6.35
3.75 3.25 8.05 6.3
3.9 3.75 7.3 6.05
3.65 2.35 9.25 6.6
3.95 3.8 7.25 6.05
3.6 2.8 9.15 6.95
3.8 3.85 7.1 5.95
3.35 1.85 10.7 7.55
3.8 3.6 7.35 5.95
3.65 2.2 10.0 7.2
3.8 4.45 7.05 6.5
3.8 3.8 6.55 5.35
3.75 3.2 8.3 6.5
3.95 3.8 7.3 6.1
3.9 3.8 6.8 5.6
3.65 3.95 8.2 7.15
3.75 4.4 7.8 7.2
3.65 4.5 6.9 6.4
3.75 2.75 7.95 5.7
3.65 4.4 6.7 6.1
3.75673 3.42279 7.83773 6.26052
