3.72 3.34 7.94 6.28
3.72 3.62 7.88 6.5
3.8 3.64 7.46 6.1
3.7 3.18 7.8 5.98
3.74 3.82 6.9 5.72
3.76 3.4 7.96 6.36
3.74 3.04 7.9 5.94
3.66 3.12 8.26 6.38
3.82 3.74 8.1 6.84
3.64 3.16 8.26 6.42
3.58 2.68 8.5 6.18
3.72 4.1 6.7 5.8
3.74 3.28 7.9 6.18
3.74 2.94 8.38 6.32
3.78 3.44 7.76 6.2
3.74 3.22 8.12 6.34
3.7 3.72 7.28 6.0
3.84 3.6 7.76 6.36
3.66 3.14 8.14 6.28
3.58 3.18 8.84 7.02
3.72 3.18 8.52 6.7
3.82 3.56 7.78 6.34
3.64 2.84 8.36 6.2
3.86 3.3 7.1 5.4
3.66 3.04 8.08 6.12
3.74 3.62 7.54 6.16
3.78 3.26 8.16 6.42
3.68 3.04 8.16 6.2
3.76 3.92 7.2 6.12
3.76 3.24 7.96 6.2
3.72 3.7 7.42 6.12
3.82 3.8 7.82 6.62
3.76 4.94 6.24 6.18
3.82 2.96 8.08 6.04
3.64 3.22 7.78 6.0
3.78 2.8 8.54 6.34
3.76 3.26 8.3 6.56
3.84 3.38 7.96 6.34
3.8 4.4 6.96 6.36
3.76 2.88 8.22 6.1
3.9 3.62 7.16 5.78
3.88 4.02 6.7 5.72
3.74 3.68 8.34 7.02
3.8 3.26 7.98 6.24
3.86 3.9 7.16 6.06
3.8 3.38 8.36 6.74
3.56 2.86 8.52 6.38
3.86 3.48 7.96 6.44
3.74 3.22 8.28 6.5
3.74 3.62 7.82 6.44
3.78 3.92 7.36 6.28
3.8 2.88 7.8 5.68
3.76 3.5 7.16 5.66
3.8 3.3 7.8 6.1
3.82 3.28 7.84 6.12
3.86 3.68 7.68 6.36
3.82 3.48 7.36 5.84
3.78 3.5 8.44 6.94
3.88 3.92 7.34 6.26
3.74 3.32 7.84 6.16
3.74 2.88 8.54 6.42
3.72 2.94 8.74 6.68
3.88 3.9 7.36 6.26
3.7 3.14 7.9 6.04
3.74 3.54 7.56 6.1
3.74 3.3 7.86 6.16
3.7 3.46 8.0 6.46
3.88 3.92 6.88 5.8
3.68 3.22 8.0 6.22
3.76 3.64 7.88 6.52
3.68 3.28 8.04 6.32
3.7 3.46 8.14 6.6
3.74 3.82 8.04 6.86
3.86 3.7 7.74 6.44
3.9 3.88 8.26 7.14
3.68 3.0 8.64 6.64
3.68 2.9 8.8 6.7
3.66 2.98 8.74 6.72
3.74 3.46 7.64 6.1
3.76 2.84 8.34 6.18
3.82 3.44 7.92 6.36
3.62 3.14 8.4 6.54
3.66 3.08 8.2 6.28
3.76 4.68 6.82 6.5
3.76 3.5 8.46 6.96
3.76 3.34 8.14 6.48
3.62 3.06 8.06 6.12
3.84 3.66 7.5 6.16
3.86 3.12 7.82 5.94
3.8 3.42 7.66 6.08
3.74 2.98 7.66 5.64
3.76 3.34 7.44 5.78
3.72 3.14 7.62 5.76
3.7 3.44 8.0 6.44
3.62 3.2 8.26 6.46
3.82 3.34 8.16 6.5
3.78 3.72 7.96 6.68
3.78 4.64 6.18 5.82
3.72 3.48 7.7 6.18
3.84 4.1 6.8 5.9
3.86 3.82 7.38 6.2
3.74 3.3 7.9 6.2
3.78 3.14 7.92 6.06
3.72 3.76 7.86 6.62
3.82 3.72 7.28 6.0
3.84 3.32 8.0 6.32
3.92 4.08 6.96 6.04
3.84 2.84 7.98 5.82
3.72 2.94 7.82 5.76
3.78 3.18 7.94 6.12
3.76 3.72 7.66 6.38
3.76 3.08 8.38 6.46
3.66 3.46 8.18 6.64
3.74 3.22 8.12 6.34
3.76 2.9 7.96 5.86
3.7 3.14 8.52 6.66
3.72 3.88 7.0 5.88
3.88 3.9 7.06 5.96
3.74 3.1 8.12 6.22
3.72 3.4 8.24 6.64
3.76 3.24 7.72 5.96
3.84 3.5 7.28 5.78
3.76 3.1 8.8 6.9
3.82 3.64 7.38 6.02
3.7 3.28 7.78 6.06
3.8 2.8 8.76 6.56
3.64 3.46 8.0 6.46
3.76 3.16 8.02 6.18
3.82 3.62 7.46 6.08
3.74 4.1 7.4 6.5
3.66 3.46 8.12 6.58
3.8 3.12 8.06 6.18
3.7 3.48 8.02 6.5
3.74 3.52 7.1 5.62
3.68 3.0 8.36 6.36
3.84 3.52 7.5 6.02
3.8 3.8 7.74 6.54
3.66 3.02 8.7 6.72
3.74 3.96 7.88 6.84
3.78 3.2 8.0 6.2
3.66 3.4 8.06 6.46
3.8 3.46 7.44 5.9
3.76 2.76 8.4 6.16
3.66 3.12 8.14 6.26
3.78 3.48 7.46 5.94
3.78 3.36 7.84 6.2
3.74 3.04 8.44 6.48
3.64 3.28 8.6 6.88
3.78 3.32 7.66 5.98
3.7 3.14 7.92 6.06
3.8 3.72 7.6 6.32
3.76 3.32 7.54 5.86
3.8 3.14 7.36 5.5
3.76 3.4 7.92 6.32
3.78 4.6 6.98 6.58
3.78 3.62 7.78 6.4
3.62 3.38 8.16 6.54
3.74 3.0 8.18 6.18
3.86 3.54 7.92 6.46
3.82 3.46 7.52 5.98
3.64 3.46 8.02 6.48
3.9 4.64 6.18 5.82
3.76 3.76 7.62 6.38
3.86 3.98 7.3 6.28
3.7 3.5 7.98 6.48
3.72 2.94 8.2 6.14
3.64 3.62 7.66 6.28
3.68 3.86 7.82 6.68
3.8 3.52 7.78 6.3
3.74 3.68 7.36 6.04
3.72 3.92 7.56 6.48
3.78 3.82 7.38 6.2
3.78 3.1 8.36 6.46
3.7 3.5 8.58 7.08
3.66 2.54 8.62 6.16
3.88 4.58 6.56 6.14
3.82 3.4 7.54 5.94
3.74 3.1 7.86 5.96
3.8 3.8 7.36 6.16
3.78 3.66 7.12 5.78
3.68 3.8 7.54 6.34
3.78 3.64 7.72 6.36
3.82 4.0 7.5 6.5
3.64 3.08 8.38 6.46
3.8 3.9 7.34 6.24
3.82 3.44 7.06 5.5
3.72 3.3 7.8 6.1
3.8 3.0 8.14 6.14
3.78 3.2 7.8 6.0
3.7 3.64 7.58 6.22
3.68 3.3 8.12 6.42
3.72 2.82 8.28 6.1
3.62 2.56 8.94 6.5
3.76 3.32 8.0 6.32
3.74 3.88 7.2 6.08
3.8 3.44 7.7 6.14
3.68 3.32 8.5 6.82
3.8 3.78 7.3 6.08
3.66 3.56 7.84 6.4
3.76 3.22 8.08 6.3
3.78 4.4 7.22 6.62
3.72 3.14 7.74 5.88
3.68 3.22 8.06 6.28
3.8 3.32 8.12 6.44
3.66 2.96 8.62 6.58
3.74 3.58 8.0 6.58
3.7 3.28 8.12 6.4
3.74 3.1 7.82 5.92
3.64 3.0 8.02 6.02
3.8 3.98 6.9 5.88
3.8 3.98 7.34 6.32
3.74 3.86 7.98 6.84
3.74 3.58 8.14 6.72
3.66 3.12 7.84 5.96
3.68 3.32 7.96 6.28
3.78 4.0 7.46 6.46
3.8 3.34 8.2 6.54
3.8 3.32 8.72 7.04
3.78 3.38 7.98 6.36
3.68 3.62 7.6 6.22
3.64 3.08 8.48 6.56
3.6 3.08 8.08 6.16
3.86 3.14 8.16 6.3
3.82 3.16 8.38 6.54
3.74 3.2 7.54 5.74
3.7 3.18 8.2 6.38
3.78 3.84 7.18 6.02
3.82 3.96 7.9 6.86
3.74 3.34 8.04 6.38
3.66 2.9 8.52 6.42
3.78 3.38 8.18 6.56
3.88 3.86 7.28 6.14
3.8 3.6 7.6 6.2
3.7 3.42 8.52 6.94
3.84 3.38 7.62 6.0
3.8 3.2 7.64 5.84
3.78 3.66 7.6 6.26
3.72 3.54 7.98 6.52
3.56 3.04 7.72 5.76
3.78 2.98 8.38 6.36
3.58 3.42 7.84 6.26
3.86 4.16 6.72 5.88
3.84 3.18 7.84 6.02
3.8 3.42 7.96 6.38
3.74 3.66 7.6 6.26
3.76 3.24 7.8 6.04
3.74 3.1 8.0 6.1
3.72 2.46 9.28 6.74
3.84 3.9 7.3 6.2
3.68 3.32 8.26 6.58
3.8 3.36 8.1 6.46
3.7 3.36 7.98 6.34
3.68 2.78 8.9 6.68
3.84 3.18 7.34 5.52
3.66 3.44 8.32 6.76
3.6 3.42 7.58 6.0
3.74 3.76 7.22 5.98
3.82 4.08 6.68 5.76
3.76 3.5 7.68 6.18
3.64 2.96 8.34 6.3
3.82 3.24 7.8 6.04
3.82 3.54 7.58 6.12
3.56 2.76 9.1 6.86
3.7 3.42 7.58 6.0
3.68 3.2 7.92 6.12
3.76 2.76 8.24 6.0
3.88 3.74 7.52 6.26
3.6 3.24 8.82 7.06
3.82 3.56 7.78 6.34
3.56 3.1 8.42 6.52
3.82 3.14 8.32 6.46
3.7 3.8 7.36 6.16
3.68 3.0 8.8 6.8
3.76 3.62 7.1 5.72
3.76 4.08 7.64 6.72
3.78 4.32 7.08 6.4
3.78 3.88 7.42 6.3
3.76 3.5 7.62 6.12
3.62 3.4 8.2 6.6
3.9 3.74 8.02 6.76
3.68 3.42 7.64 6.06
3.76 3.18 7.78 5.96
3.82 3.62 7.38 6.0
3.66 3.26 8.42 6.68
3.74 3.48 7.98 6.46
3.68 2.36 9.22 6.58
3.84 3.3 7.78 6.08
3.76 3.54 7.56 6.1
3.74 3.54 7.76 6.3
3.78 3.66 8.06 6.72
3.8 3.52 7.56 6.08
3.68 3.12 8.18 6.3
3.6 2.72 8.64 6.36
3.78 3.5 8.1 6.6
3.86 3.12 7.9 6.02
3.62 3.16 8.3 6.46
3.68 3.5 7.52 6.02
3.78 3.78 8.02 6.8
3.66 3.04 8.48 6.52
3.72 3.92 7.48 6.4
3.76 3.58 7.78 6.36
3.8 3.42 7.58 6.0
3.76 3.76 7.34 6.1
3.8 3.7 7.1 5.8
3.78 2.94 8.32 6.26
3.86 4.04 7.36 6.4
3.7 2.86 8.26 6.12
3.8 3.66 8.02 6.68
3.78 3.56 7.96 6.52
3.84 3.7 7.2 5.9
3.82 3.14 8.3 6.44
3.66 3.32 7.78 6.1
3.76 3.6 7.88 6.48
3.84 3.4 7.84 6.24
3.86 3.48 7.58 6.06
3.9 4.08 6.78 5.86
3.8 3.82 7.74 6.56
3.76 3.96 7.58 6.54
3.78 3.5 7.54 6.04
3.8 3.08 8.16 6.24
3.82 3.66 7.78 6.44
3.82 3.56 7.66 6.22
3.7 3.38 8.46 6.84
3.68 3.12 8.42 6.54
3.66 3.16 8.22 6.38
3.78 3.98 7.6 6.58
3.82 4.08 6.94 6.02
3.64 3.12 8.08 6.2
3.74 3.22 7.88 6.1
3.72 3.04 8.04 6.08
3.8 3.68 7.48 6.16
3.76 3.14 8.16 6.3
3.64 2.94 8.28 6.22
3.84 4.12 7.32 6.44
3.6 3.54 8.14 6.68
3.7 3.84 7.74 6.58
3.74 3.2 7.68 5.88
3.62 3.02 8.46 6.48
3.84 3.7 7.64 6.34
3.82 3.14 8.92 7.06
3.88 3.44 8.14 6.58
3.84 3.78 7.26 6.04
3.78 3.52 8.0 6.52
3.78 3.6 7.74 6.34
3.74 3.44 8.28 6.72
3.78 3.74 7.36 6.1
3.72 3.2 8.5 6.7
3.82 3.34 8.2 6.54
3.86 3.88 7.44 6.32
3.66 3.46 8.2 6.66
3.8 3.8 7.16 5.96
3.68 4.12 7.52 6.64
3.8 2.6 8.3 5.9
3.74 3.4 7.34 5.74
3.7 3.6 7.6 6.2
3.68 3.48 7.8 6.28
3.68 3.58 7.48 6.06
3.74 3.1 8.68 6.78
3.54 2.78 8.78 6.56
3.8 3.58 7.46 6.04
3.68 3.52 7.68 6.2
3.78 3.88 7.24 6.12
3.72 3.52 8.36 6.88
3.76 4.02 6.82 5.84
3.66 3.42 7.88 6.3
3.7 3.46 8.16 6.62
3.7 3.12 8.1 6.22
3.74 3.36 8.18 6.54
3.78 3.18 8.22 6.4
3.82 3.12 8.4 6.52
3.58 2.84 8.22 6.06
3.7 2.82 8.86 6.68
3.72 3.18 8.28 6.46
3.76 3.34 7.64 5.98
3.86 3.72 7.34 6.06
3.88 3.52 7.3 5.82
3.8 3.1 8.16 6.26
3.7 3.1 7.98 6.08
3.74 3.36 7.82 6.18
3.72 3.74 8.1 6.84
3.84 3.88 6.6 5.48
3.74 3.26 8.12 6.38
3.62 3.68 7.44 6.12
3.68 3.52 7.38 5.9
3.76 3.44 7.88 6.32
3.86 3.9 7.08 5.98
3.82 3.04 8.3 6.34
3.68 2.88 7.86 5.74
3.78 3.66 7.04 5.7
3.68 2.86 7.94 5.8
3.82 3.68 7.12 5.8
3.62 2.94 8.38 6.32
3.72 3.76 7.62 6.38
3.76 3.34 8.44 6.78
3.76 3.4 8.02 6.42
3.82 2.76 8.66 6.42
3.78 3.62 7.98 6.6
3.66 3.56 7.32 5.88
3.74 3.4 8.32 6.72
3.74 3.24 8.26 6.5
3.8 3.54 7.8 6.34
3.74 3.44 7.78 6.22
3.7 3.42 8.26 6.68
3.84 3.02 7.9 5.92
3.74 4.04 7.62 6.66
3.68 3.52 7.82 6.34
3.82 3.82 7.34 6.16
3.92 3.56 7.46 6.02
3.78 3.14 7.7 5.84
3.86 3.72 7.42 6.14
3.82 4.16 7.56 6.72
3.78 3.72 7.62 6.34
3.7 3.34 8.22 6.56
3.74 3.46 8.04 6.5
3.78 3.3 7.9 6.2
3.74 3.3 8.04 6.34
3.62 2.92 8.92 6.84
3.7 3.46 7.78 6.24
3.72 3.78 7.76 6.54
3.78 3.5 8.18 6.68
3.84 3.98 7.12 6.1
3.74 3.42 8.24 6.66
3.78 2.82 8.42 6.24
3.78 3.86 7.08 5.94
3.72 3.34 7.5 5.84
3.7 2.9 7.92 5.82
3.74 3.38 8.12 6.5
3.92 3.42 7.8 6.22
3.78 2.86 8.84 6.7
3.8 3.28 8.16 6.44
3.8 3.46 7.26 5.72
3.74 3.24 7.86 6.1
3.8 3.16 7.82 5.98
3.84 3.22 8.4 6.62
3.82 3.3 7.78 6.08
3.7 2.94 8.06 6.0
3.74 3.48 7.6 6.08
3.44 3.06 8.34 6.4
3.76 3.02 8.34 6.36
3.76 3.48 7.98 6.46
3.78 3.88 7.64 6.52
3.72 3.26 7.74 6.0
3.88 3.86 7.34 6.2
3.72 3.66 7.58 6.24
3.82 3.36 7.56 5.92
3.68 3.28 8.3 6.58
3.74 3.96 7.68 6.64
3.72 3.78 7.58 6.36
3.86 4.08 7.04 6.12
3.82 3.28 7.3 5.58
3.72 2.84 8.8 6.64
3.68 3.36 8.12 6.48
3.76 3.58 7.34 5.92
3.88 4.44 6.76 6.2
3.8 3.3 7.84 6.14
3.72 3.34 7.44 5.78
3.82 3.66 7.18 5.84
3.76 2.9 8.2 6.1
3.8 3.42 7.58 6.0
3.88 3.86 7.32 6.18
3.64 3.54 7.84 6.38
3.78 3.96 6.92 5.88
3.76 2.88 8.5 6.38
3.86 3.28 7.9 6.18
3.7 3.4 8.06 6.46
3.88 3.52 7.78 6.3
3.66 3.34 8.42 6.76
3.72 3.76 7.64 6.4
3.82 3.12 8.26 6.38
3.74 3.6 7.8 6.4
3.72 2.88 8.48 6.36
3.74 2.86 8.62 6.48
3.62 2.88 8.32 6.2
3.8 3.68 7.78 6.46
3.72 2.9 8.2 6.1
3.8 3.7 7.54 6.24
3.82 3.6 7.54 6.14
3.68 2.76 8.42 6.18
3.6 3.02 8.28 6.3
3.66 2.94 8.5 6.44
3.74 4.14 7.08 6.22
3.68 3.28 8.04 6.32
3.8 2.88 8.54 6.42
3.76 3.92 7.38 6.3
3.56 3.84 7.42 6.26
3.74 3.12 8.7 6.82
3.62 3.12 8.04 6.16
3.84 2.98 8.5 6.48
3.68 3.36 7.94 6.3
3.76 3.44 8.06 6.5
3.7 3.26 8.18 6.44
3.82 3.2 8.2 6.4
3.7 3.68 7.56 6.24
3.72 3.32 7.94 6.26
3.86 3.68 7.32 6.0
3.72 3.24 8.38 6.62
3.66 3.62 8.16 6.78
3.64 3.2 8.48 6.68
3.72 3.24 7.76 6.0
3.58 3.28 8.44 6.72
3.92 3.48 7.22 5.7
3.76 3.06 8.04 6.1
3.6 2.92 8.34 6.26
3.74 2.88 8.86 6.74
3.92 3.82 6.8 5.62
3.78 3.0 7.64 5.64
3.64 2.86 8.38 6.24
3.76 3.46 7.58 6.04
3.62 3.64 8.54 7.18
3.62 2.82 8.68 6.5
3.66 3.44 8.0 6.44
3.82 3.78 7.66 6.44
3.78 3.52 7.96 6.48
3.68 3.02 7.96 5.98
3.82 3.0 8.14 6.14
3.76 3.64 7.8 6.44
3.84 3.4 7.72 6.12
3.66 3.0 8.72 6.72
3.86 3.54 7.4 5.94
3.82 3.92 7.74 6.66
3.7 3.6 7.92 6.52
3.66 3.22 8.06 6.28
3.72 3.38 8.22 6.6
3.8 3.6 7.52 6.12
3.82 3.6 7.34 5.94
3.84 3.82 6.92 5.74
3.84 3.46 7.38 5.84
3.84 3.52 7.46 5.98
3.68 3.86 8.06 6.92
3.8 3.4 7.84 6.24
3.7 3.4 7.76 6.16
3.68 3.2 7.78 5.98
3.82 4.36 6.82 6.18
3.7 3.24 7.94 6.18
3.68 3.56 7.3 5.86
3.88 3.92 7.48 6.4
3.9 4.12 7.02 6.14
3.62 2.88 8.74 6.62
3.7 3.64 7.8 6.44
3.74 3.06 8.12 6.18
3.72 3.4 7.78 6.18
3.7 2.88 8.64 6.52
3.84 4.04 7.12 6.16
3.72 3.68 7.4 6.08
3.82 3.8 7.1 5.9
3.86 3.98 7.44 6.42
3.78 3.58 7.1 5.68
3.7 3.56 8.26 6.82
3.64 2.76 8.14 5.9
3.74 3.5 7.82 6.32
3.7 3.26 7.9 6.16
3.78 3.0 7.74 5.74
3.72 3.12 7.66 5.78
3.76 3.12 7.78 5.9
3.7 3.24 8.02 6.26
3.8 3.16 8.54 6.7
3.78 3.32 7.42 5.74
3.6 2.78 9.06 6.84
3.88 3.62 7.8 6.42
3.74 2.98 8.44 6.42
3.76 3.2 8.52 6.72
3.7 3.0 8.44 6.44
3.8 3.18 8.04 6.22
3.72 3.22 7.72 5.94
3.7 3.18 8.02 6.2
3.78 3.32 7.26 5.58
3.74 3.76 7.22 5.98
3.78 3.82 7.86 6.68
3.7 3.32 7.78 6.1
3.8 3.86 7.3 6.16
3.68 2.78 8.24 6.02
3.56 3.02 8.28 6.3
3.78 4.02 7.26 6.28
3.76 3.52 7.58 6.1
3.78 3.54 7.46 6.0
3.74 2.74 8.26 6.0
3.7 3.54 7.72 6.26
3.74 3.16 7.94 6.1
3.68 3.48 7.04 5.52
3.68 3.06 8.14 6.2
3.8 3.46 8.02 6.48
3.7 3.14 7.7 5.84
3.62 3.78 7.72 6.5
3.6 3.22 8.08 6.3
3.7 3.04 8.08 6.12
3.78 3.92 7.48 6.4
3.7 3.14 7.94 6.08
3.78 3.44 7.26 5.7
3.7 3.3 7.7 6.0
3.84 3.4 8.24 6.64
3.88 3.32 8.06 6.38
3.74 3.3 7.86 6.16
3.74 4.1 6.84 5.94
3.76 3.38 8.18 6.56
3.78 4.04 7.46 6.5
3.8 3.46 7.6 6.06
3.64 3.32 8.2 6.52
3.68 3.48 7.78 6.26
3.74 3.1 8.2 6.3
3.82 4.02 7.38 6.4
3.76 3.3 8.1 6.4
3.68 3.2 8.28 6.48
3.8 3.3 7.48 5.78
3.42 2.64 8.9 6.54
3.58 2.66 9.14 6.8
3.8 3.78 7.14 5.92
3.76 3.56 7.7 6.26
3.78 3.62 7.84 6.46
3.62 2.72 8.8 6.52
3.64 3.24 8.22 6.46
3.68 3.0 8.32 6.32
3.88 3.8 6.64 5.44
3.78 3.92 7.1 6.02
3.88 3.42 8.8 7.22
3.6 2.4 9.12 6.52
3.8 3.82 6.7 5.52
3.86 3.74 7.72 6.46
3.82 3.52 7.48 6.0
3.78 3.14 8.38 6.52
3.66 3.2 7.98 6.18
3.74 2.78 8.82 6.6
3.78 3.44 7.68 6.12
3.74 3.04 8.7 6.74
3.8 3.56 7.24 5.8
3.62 3.2 7.9 6.1
3.8 3.5 8.06 6.56
3.78 3.6 7.5 6.1
3.72 3.08 7.98 6.06
3.76 2.94 7.8 5.74
3.7 3.48 8.08 6.56
3.68 2.9 8.78 6.68
3.7 3.62 7.72 6.34
3.72 2.92 8.16 6.08
3.7 3.34 8.2 6.54
3.86 3.74 7.18 5.92
3.78 3.54 8.02 6.56
3.78 3.56 7.92 6.48
3.84 3.82 6.68 5.5
3.64 3.42 8.38 6.8
3.84 3.26 7.74 6.0
3.74 3.42 8.04 6.46
3.78 3.7 7.76 6.46
3.62 3.08 8.42 6.5
3.64 3.08 8.44 6.52
3.7 3.06 8.42 6.48
3.9 3.14 7.54 5.68
3.66 3.28 8.4 6.68
3.8 4.0 7.44 6.44
3.8 3.04 8.32 6.36
3.74 2.98 8.14 6.12
3.62 3.48 8.52 7.0
3.64 3.48 7.7 6.18
3.82 3.9 7.3 6.2
3.7 3.26 8.1 6.36
3.78 3.38 7.8 6.18
3.9 3.8 6.84 5.64
3.7 3.6 8.0 6.6
3.58 2.66 9.18 6.84
3.62 3.0 8.8 6.8
3.86 4.08 6.6 5.68
3.88 3.54 7.66 6.2
3.74 3.5 8.24 6.74
3.74 2.98 8.44 6.42
3.84 4.18 6.82 6.0
3.56 3.16 8.32 6.48
3.72 2.86 8.16 6.02
3.66 3.14 7.74 5.88
3.82 3.3 7.8 6.1
3.82 3.86 7.38 6.24
3.74 3.76 7.66 6.42
3.88 4.04 6.82 5.86
3.7 3.4 7.8 6.2
3.82 3.62 8.14 6.76
3.72 2.98 8.62 6.6
3.66 2.92 8.14 6.06
3.7 3.2 8.42 6.62
3.92 3.84 7.28 6.12
3.78 3.06 7.84 5.9
3.84 3.28 7.52 5.8
3.76 3.14 8.08 6.22
3.76 3.26 8.34 6.6
3.6 2.7 7.74 5.44
3.74 2.56 8.92 6.48
3.86 3.8 6.9 5.7
3.78 3.1 8.38 6.48
3.74 3.88 7.28 6.16
3.86 3.14 8.32 6.46
3.72 3.4 8.04 6.44
3.86 3.16 7.88 6.04
3.68 3.16 8.44 6.6
3.8 3.92 7.06 5.98
3.88 3.46 7.78 6.24
3.74 3.8 7.42 6.22
3.58 3.58 8.12 6.7
3.86 3.3 7.56 5.86
3.74 3.82 7.52 6.34
3.8 3.48 7.88 6.36
3.8 3.9 7.28 6.18
3.64 3.28 7.9 6.18
3.72 3.96 7.66 6.62
3.78 3.48 7.58 6.06
3.52 3.02 8.72 6.74
3.8 3.04 7.92 5.96
3.7 3.66 8.2 6.86
3.78 3.4 7.46 5.86
3.86 4.02 7.18 6.2
3.6 2.94 8.06 6.0
3.66 4.22 7.42 6.64
3.84 4.02 7.1 6.12
3.78 3.34 8.06 6.4
3.86 3.24 7.42 5.66
3.6 3.3 8.0 6.3
3.76 3.44 7.14 5.58
3.84 3.38 8.56 6.94
3.64 2.68 8.56 6.24
3.78 4.14 7.18 6.32
3.68 2.54 8.76 6.3
3.66 3.5 7.54 6.04
3.78 3.6 7.28 5.88
3.8 4.24 7.1 6.34
3.74 3.62 7.98 6.6
3.84 3.14 8.54 6.68
3.66 3.32 7.96 6.28
3.8 3.34 7.66 6.0
3.66 3.18 8.68 6.86
3.72 3.24 8.84 7.08
3.66 3.16 8.22 6.38
3.76 3.48 7.74 6.22
3.66 3.4 7.68 6.08
3.78 2.88 8.86 6.74
3.64 3.26 8.04 6.3
3.82 3.74 7.82 6.56
3.78 3.8 7.58 6.38
3.74 2.66 8.8 6.46
3.78 3.24 8.16 6.4
3.84 3.26 8.02 6.28
3.58 3.28 7.8 6.08
3.64 2.68 8.68 6.36
3.86 3.36 7.92 6.28
3.68 2.92 7.72 5.64
3.76 3.66 7.92 6.58
3.78 3.16 7.96 6.12
3.72 3.56 7.58 6.14
3.7 3.8 7.7 6.5
3.82 2.74 8.18 5.92
3.68 3.28 8.16 6.44
3.72 3.18 7.9 6.08
3.76 3.56 7.14 5.7
3.68 3.42 7.8 6.22
3.82 3.36 8.18 6.54
3.76 3.64 7.7 6.34
3.66 3.34 8.24 6.58
3.74 2.86 7.78 5.64
3.76 3.26 8.24 6.5
3.7 3.46 8.08 6.54
3.88 3.8 6.62 5.42
3.88 3.5 7.22 5.72
3.7 2.92 7.98 5.9
3.78 3.34 7.78 6.12
3.72 3.22 8.06 6.28
3.64 3.38 8.34 6.72
3.7 3.44 8.16 6.6
3.84 3.5 7.38 5.88
3.68 3.14 8.18 6.32
3.78 3.14 8.14 6.28
3.82 3.44 7.94 6.38
3.54 2.68 9.0 6.68
3.76 3.3 7.62 5.92
3.82 3.34 7.92 6.26
3.76 4.26 6.9 6.16
3.74 3.74 7.84 6.58
3.7 3.46 7.64 6.1
3.8 3.46 7.52 5.98
3.84 3.38 7.2 5.58
3.82 4.48 6.82 6.3
3.74 3.54 7.88 6.42
3.7 2.98 8.52 6.5
3.8 3.7 7.72 6.42
3.7 3.22 8.12 6.34
3.78 4.18 6.86 6.04
3.72 3.12 8.08 6.2
3.8 3.68 7.76 6.44
3.76 4.24 7.46 6.7
3.72 3.54 8.3 6.84
3.8 3.38 8.46 6.84
3.76 3.38 8.06 6.44
3.72 3.38 7.3 5.68
3.86 3.66 7.54 6.2
3.78 3.26 7.88 6.14
3.8 3.62 7.2 5.82
3.82 2.8 9.1 6.9
3.78 3.18 8.16 6.34
3.76 3.66 7.62 6.28
3.68 3.02 8.08 6.1
3.74 3.4 7.32 5.72
3.82 3.2 7.84 6.04
3.62 2.74 8.72 6.46
3.84 4.06 6.62 5.68
3.76 3.52 7.5 6.02
3.78 3.16 7.84 6.0
3.82 3.66 7.52 6.18
3.82 3.42 7.52 5.94
3.74 3.44 8.0 6.44
3.76 3.36 8.16 6.52
3.84 3.26 7.68 5.94
3.8 3.96 7.6 6.56
3.8 3.86 7.66 6.52
3.88 3.7 7.5 6.2
3.82 3.86 6.88 5.74
3.92 3.38 7.78 6.16
3.82 3.68 7.58 6.26
3.7 3.24 8.36 6.6
3.82 3.4 7.46 5.86
3.8 3.7 7.18 5.88
3.7 3.16 7.58 5.74
3.8 3.38 8.5 6.88
3.78 3.04 8.12 6.16
3.84 3.48 7.7 6.18
3.72 3.56 7.48 6.04
3.74 3.52 7.64 6.16
3.66 3.54 7.38 5.92
3.86 3.62 7.86 6.48
3.66 3.1 8.72 6.82
3.76 3.96 7.48 6.44
3.68 2.76 8.2 5.96
3.82 3.76 6.88 5.64
3.72 2.76 8.68 6.44
3.66 3.1 8.08 6.18
3.9 4.06 7.18 6.24
3.76 3.66 7.7 6.36
3.76 3.4 7.76 6.16
3.74 2.58 8.1 5.68
3.76 3.38 7.68 6.06
3.74 3.26 7.84 6.1
3.82 3.44 7.38 5.82
3.78 3.14 8.54 6.68
3.66 3.08 8.52 6.6
3.82 3.42 7.76 6.18
3.62 3.46 8.18 6.64
3.82 3.04 7.78 5.82
3.64 3.04 8.46 6.5
3.74 3.84 7.36 6.2
3.8 3.06 7.9 5.96
3.68 3.46 7.72 6.18
3.88 3.74 7.2 5.94
3.68 2.64 8.62 6.26
3.78 3.42 7.52 5.94
3.66 3.6 7.66 6.26
3.76 3.26 7.68 5.94
3.74 3.6 7.86 6.46
3.62 3.5 7.9 6.4
3.8 3.68 7.18 5.86
3.7 3.38 8.18 6.56
3.84 3.1 8.22 6.32
3.82 2.84 8.38 6.22
3.72 2.82 8.46 6.28
3.76 3.8 7.22 6.02
3.7 3.18 8.74 6.92
3.72 3.62 7.5 6.12
3.88 4.1 7.28 6.38
3.86 3.36 7.64 6.0
3.74 3.26 7.94 6.2
3.82 3.64 7.82 6.46
3.82 3.1 7.96 6.06
3.72 3.22 8.18 6.4
3.7 2.92 8.44 6.36
3.46 2.76 8.44 6.2
3.82 3.68 8.16 6.84
3.92 3.2 8.12 6.32
3.64 2.6 8.76 6.36
3.66 3.16 7.98 6.14
3.82 3.0 8.24 6.24
3.8 3.32 7.74 6.06
3.7 2.78 8.5 6.28
3.66 3.4 8.2 6.6
3.7 3.22 8.0 6.22
3.74 3.12 7.88 6.0
3.84 3.46 7.48 5.94
3.76 3.46 7.94 6.4
3.72 3.42 8.3 6.72
3.82 3.48 8.12 6.6
3.78 3.08 8.22 6.3
3.86 3.7 7.22 5.92
3.72 3.18 7.88 6.06
3.82 3.22 8.2 6.42
3.74 3.7 7.62 6.32
3.8 3.48 7.74 6.22
3.68 3.08 8.98 7.06
3.62 3.02 8.18 6.2
3.84 3.92 7.14 6.06
3.74 3.06 8.28 6.34
3.82 2.92 8.1 6.02
3.88 3.48 7.86 6.34
3.7 3.2 7.56 5.76
3.8 2.96 8.34 6.3
3.72 3.28 8.8 7.08
3.82 3.86 7.32 6.18
3.9 4.44 6.42 5.86
3.86 3.88 7.02 5.9
3.66 2.62 8.52 6.14
3.68 3.42 7.62 6.04
3.7 3.46 7.9 6.36
3.68 3.04 8.1 6.14
3.82 3.4 8.04 6.44
3.74 3.88 7.6 6.48
3.78 3.24 7.66 5.9
3.8 4.0 7.12 6.12
3.64 3.14 8.06 6.2
3.82 3.82 7.54 6.36
3.84 3.16 7.92 6.08
3.76 3.92 7.12 6.04
3.66 3.08 8.12 6.2
3.82 3.68 8.0 6.68
3.8 4.1 7.22 6.32
3.7 3.64 8.44 7.08
3.7 2.92 8.3 6.22
3.7 3.38 7.98 6.36
3.84 4.02 7.44 6.46
3.76 3.48 7.88 6.36
3.76 3.24 8.7 6.94
3.7 3.64 7.88 6.52
3.74 3.16 7.92 6.08
3.8 3.32 8.32 6.64
3.66 3.0 8.6 6.6
3.74 3.52 7.94 6.46
3.8 3.46 7.74 6.2
3.88 4.28 6.8 6.08
3.8 3.24 8.1 6.34
3.72 3.44 7.68 6.12
3.74 3.64 7.76 6.4
3.74 3.54 8.06 6.6
3.7 3.58 7.78 6.36
3.8 3.74 7.54 6.28
3.72 3.5 8.06 6.56
3.84 3.48 7.26 5.74
3.78 3.3 8.14 6.44
3.78 3.56 8.1 6.66
3.68 3.16 8.56 6.72
3.82 3.02 7.88 5.9
3.68 3.22 8.4 6.62
3.74 3.64 7.86 6.5
3.78 3.42 7.66 6.08
3.74 3.68 7.4 6.08
3.74 2.84 8.62 6.46
3.76 3.7 7.86 6.56
3.86 3.44 7.9 6.34
3.7 3.22 8.12 6.34
3.7 3.08 8.28 6.36
3.68 4.48 7.38 6.86
3.78 3.64 7.64 6.28
3.82 4.02 7.22 6.24
3.84 3.48 7.68 6.16
3.8 4.04 7.12 6.16
3.66 3.38 7.82 6.2
3.84 3.06 7.6 5.66
3.84 3.84 7.04 5.88
3.86 3.22 7.96 6.18
3.74 3.76 7.9 6.66
3.66 3.4 8.24 6.64
3.72 3.24 8.28 6.52
3.72 3.52 7.3 5.82
3.82 3.8 7.62 6.42
3.64 2.88 8.22 6.1
3.8 3.1 7.8 5.9
3.84 2.92 8.8 6.72
3.66 3.22 7.64 5.86
3.72 3.12 7.84 5.96
3.86 3.32 7.18 5.5
3.68 3.16 8.04 6.2
3.66 2.86 8.3 6.16
3.7 3.4 7.86 6.26
3.82 3.6 7.82 6.42
3.78 3.06 7.9 5.96
3.76 2.58 8.82 6.4
3.82 3.88 7.4 6.28
3.8 3.32 8.22 6.54
3.72 3.5 7.78 6.28
3.62 3.98 7.54 6.52
3.72 3.34 8.14 6.48
3.8 3.88 7.02 5.9
3.7 3.1 8.14 6.24
3.76 3.6 8.18 6.78
3.76 3.22 8.06 6.28
3.76 3.42 7.9 6.32
3.72 3.44 8.12 6.56
3.8 3.32 7.96 6.28
3.72 3.4 7.48 5.88
3.76 4.28 7.1 6.38
3.68 3.04 8.9 6.94
3.84 3.54 7.18 5.72
3.72 3.32 8.04 6.36
3.66 3.02 8.26 6.28
3.72 3.4 7.4 5.8
3.92 3.26 7.9 6.16
3.72 3.3 8.14 6.44
3.82 3.42 7.3 5.72
3.86 3.74 7.08 5.82
3.76 3.3 7.42 5.72
3.66 3.26 7.96 6.22
3.68 3.24 7.9 6.14
3.76 3.14 7.56 5.7
3.84 3.34 7.38 5.72
3.76 3.46 8.04 6.5
3.82 3.44 7.5 5.94
3.74 3.14 7.4 5.54
3.66 2.86 8.5 6.36
3.8 3.54 7.76 6.3
3.82 3.68 7.76 6.44
3.86 3.54 7.3 5.84
3.82 3.76 7.22 5.98
3.8 3.7 7.4 6.1
3.7 3.06 8.74 6.8
3.82 3.6 7.24 5.84
3.72 3.02 8.3 6.32
3.78 3.42 7.48 5.9
3.84 3.64 7.34 5.98
3.74 3.52 7.34 5.86
3.7 2.98 8.3 6.28
3.64 3.48 8.06 6.54
3.62 3.18 8.0 6.18
3.8 3.42 8.24 6.66
3.68 3.6 8.06 6.66
3.82 3.54 7.96 6.5
3.76 3.22 8.14 6.36
3.8 3.64 7.42 6.06
3.74 3.68 7.66 6.34
3.72 3.2 8.02 6.22
3.84 3.36 8.16 6.52
3.66 3.4 7.98 6.38
3.72 3.24 7.8 6.04
3.72 3.6 7.46 6.06
3.76 3.46 7.4 5.86
3.7 3.16 8.64 6.8
3.76 3.46 8.04 6.5
3.8 3.1 8.32 6.42
3.76 3.32 8.1 6.42
3.74 3.76 7.76 6.52
3.74 3.64 8.28 6.92
3.78 2.7 8.64 6.34
3.78 3.32 7.82 6.14
3.82 3.6 7.56 6.16
3.92 3.7 7.7 6.4
3.74 3.94 7.24 6.18
3.74 3.02 8.02 6.04
3.8 3.96 6.84 5.8
3.76 2.82 8.9 6.72
3.58 3.44 7.68 6.12
3.84 4.44 6.5 5.94
3.72 3.34 7.86 6.2
3.78 3.9 7.4 6.3
3.74 3.48 7.4 5.88
3.74 3.42 7.86 6.28
3.7 3.26 7.7 5.96
3.82 3.68 7.54 6.22
3.82 4.04 7.04 6.08
3.76 3.76 7.3 6.06
3.84 3.56 7.92 6.48
3.7 3.32 8.3 6.62
3.78 3.4 7.82 6.22
3.64 2.9 8.42 6.32
3.84 3.42 7.04 5.46
3.84 3.26 8.02 6.28
3.72 2.94 8.36 6.3
3.74 3.48 7.46 5.94
3.84 3.68 7.22 5.9
3.64 3.0 8.5 6.5
3.72 2.88 8.56 6.44
3.78 3.98 8.1 7.08
3.8 4.1 7.46 6.56
3.76 3.26 8.0 6.26
3.72 3.82 7.46 6.28
3.86 3.22 7.72 5.94
3.78 3.74 7.72 6.46
3.8 2.82 8.42 6.24
3.76 2.68 8.56 6.24
3.74 3.8 7.56 6.36
3.76 3.04 8.12 6.16
3.7 3.36 7.84 6.2
3.78 3.24 7.96 6.2
3.8 3.14 7.62 5.76
3.84 3.94 6.96 5.9
3.7 3.36 7.96 6.32
3.84 4.48 6.72 6.2
3.84 3.42 7.66 6.08
3.74 3.12 8.16 6.28
3.7 3.06 8.72 6.78
3.8 3.16 8.38 6.54
3.88 3.28 7.4 5.68
3.84 3.32 7.66 5.98
3.82 3.62 7.1 5.72
3.6 3.08 8.08 6.16
3.66 3.46 7.74 6.2
3.78 3.98 7.46 6.44
3.62 3.34 8.56 6.9
3.72 3.76 7.94 6.7
3.76 3.24 7.62 5.86
3.66 3.54 7.9 6.44
3.76 3.98 7.62 6.6
3.7 3.64 7.52 6.16
3.54 2.88 8.98 6.86
3.72 3.9 7.38 6.28
3.72 3.46 7.9 6.36
3.72 3.92 7.48 6.4
3.74 3.02 7.98 6.0
3.68 3.38 8.1 6.48
3.6 3.52 8.06 6.58
3.76 4.18 6.9 6.08
3.62 3.66 7.98 6.64
3.9 2.96 8.48 6.44
3.82 4.12 6.88 6.0
3.74 3.02 8.04 6.06
3.6 3.48 8.12 6.6
3.72 3.22 7.64 5.86
3.52 3.02 8.58 6.6
3.84 3.14 7.7 5.84
3.72 3.44 7.68 6.12
3.76 3.86 6.8 5.66
3.78 3.32 8.16 6.48
3.8 4.08 7.44 6.52
3.78 3.04 8.14 6.18
3.66 3.28 8.02 6.3
3.64 3.5 7.9 6.4
3.78 3.44 7.64 6.08
3.88 3.44 7.28 5.72
3.74 3.1 8.24 6.34
3.76 3.54 7.92 6.46
3.82 3.38 7.82 6.2
3.72 2.94 8.12 6.06
3.84 3.64 7.64 6.28
3.82 3.6 7.5 6.1
3.84 3.44 7.24 5.68
3.8 3.58 7.62 6.2
3.74 3.42 7.72 6.14
3.82 3.5 7.64 6.14
3.76 3.46 8.0 6.46
3.68 3.44 7.72 6.16
3.82 3.72 7.54 6.26
3.68 3.36 7.84 6.2
3.66 3.74 7.92 6.66
3.78 4.26 6.76 6.02
3.88 3.86 7.04 5.9
3.82 3.06 8.06 6.12
3.82 3.36 7.66 6.02
3.76 4.02 7.04 6.06
3.74 3.3 7.96 6.26
3.84 3.3 7.76 6.06
3.68 3.72 8.02 6.74
3.74 3.36 7.96 6.32
3.74 3.58 7.78 6.36
3.7 3.16 7.92 6.08
3.84 3.24 7.3 5.54
3.88 3.8 7.24 6.04
3.66 3.62 8.04 6.66
3.9 3.68 7.86 6.54
3.7 3.7 7.72 6.42
3.84 3.18 8.4 6.58
3.82 3.06 8.26 6.32
3.74 3.7 7.62 6.32
3.64 3.36 8.64 7.0
3.84 3.84 7.1 5.94
3.7 3.76 7.44 6.2
3.76 3.54 7.8 6.34
3.88 3.32 7.94 6.26
3.78 2.94 8.04 5.98
3.88 4.22 7.18 6.4
3.76 3.86 7.76 6.62
3.82 4.42 6.92 6.34
3.66 3.06 8.4 6.46
3.78 2.68 8.38 6.06
3.88 3.36 7.76 6.12
3.8 3.12 7.84 5.96
3.7 3.0 8.2 6.2
3.6 2.8 9.22 7.02
3.8 3.62 7.34 5.96
3.68 3.7 7.64 6.34
3.68 3.32 7.66 5.98
3.84 3.04 8.22 6.26
3.82 2.9 8.36 6.26
3.7 3.8 7.6 6.4
3.68 3.2 8.4 6.6
3.64 3.84 7.62 6.46
3.72 3.52 8.1 6.62
3.8 3.5 7.96 6.46
3.74 4.14 7.26 6.4
3.76 3.52 7.62 6.14
3.88 3.1 7.48 5.58
3.86 3.62 7.6 6.22
3.66 3.12 8.34 6.46
3.8 3.8 7.16 5.96
3.76 3.58 7.46 6.04
3.78 3.02 8.16 6.18
3.86 4.02 7.26 6.28
3.76 3.62 7.82 6.44
3.76 3.32 8.04 6.36
3.62 3.56 7.9 6.46
3.8 3.38 7.64 6.02
3.86 3.44 7.52 5.96
3.76 3.04 8.16 6.2
3.66 2.8 8.88 6.68
3.88 3.76 7.16 5.92
3.82 3.66 7.18 5.84
3.7 3.06 8.1 6.16
3.66 3.42 7.7 6.12
3.88 3.7 7.28 5.98
3.78 3.12 8.12 6.24
3.88 3.48 7.52 6.0
3.54 3.08 8.28 6.36
3.8 3.12 8.02 6.14
3.68 3.24 7.76 6.0
3.68 3.2 7.78 5.98
3.54 3.16 8.18 6.34
3.76 3.12 8.24 6.36
3.6 2.98 8.18 6.16
3.78 3.52 7.12 5.64
3.94 3.92 6.94 5.86
3.78 3.08 7.9 5.98
3.76 3.32 7.84 6.16
3.76 3.54 7.74 6.28
3.82 3.12 8.48 6.6
3.7 3.74 7.1 5.84
3.78 3.36 8.2 6.56
3.7 3.06 8.42 6.48
3.8 3.54 7.76 6.3
3.82 3.18 8.18 6.36
3.82 3.48 8.32 6.8
3.76 3.86 7.16 6.02
3.76 3.64 7.32 5.96
3.82 3.58 7.78 6.36
3.76 3.08 8.46 6.54
3.66 3.06 8.54 6.6
3.84 3.34 8.04 6.38
3.66 2.96 8.96 6.92
3.72 3.52 7.54 6.06
3.68 3.12 7.56 5.68
3.88 3.42 7.6 6.02
3.64 3.38 7.86 6.24
3.74 3.3 8.14 6.44
3.66 3.42 7.94 6.36
3.66 2.86 8.38 6.24
3.86 3.62 7.46 6.08
3.94 3.9 7.04 5.94
3.78 2.92 7.76 5.68
3.82 3.12 8.28 6.4
3.64 3.0 8.88 6.88
3.76 3.36 7.74 6.1
3.8 3.22 7.62 5.84
3.76 3.36 7.58 5.94
3.8 3.88 7.82 6.7
3.76 3.5 7.52 6.02
3.86 3.14 8.5 6.64
3.7 2.98 8.2 6.18
3.72 3.48 7.44 5.92
3.82 3.24 8.24 6.48
3.64 2.9 8.78 6.68
3.66 3.1 8.02 6.12
3.74 3.8 7.4 6.2
3.72 3.24 7.64 5.88
3.7 3.02 8.2 6.22
3.64 3.54 7.98 6.52
3.72 4.02 7.4 6.42
3.76 3.8 7.76 6.56
3.74 2.72 8.32 6.04
3.7 3.28 8.0 6.28
3.7 2.86 8.36 6.22
3.78 3.44 8.02 6.46
3.96 4.14 7.18 6.32
3.74 3.04 8.4 6.44
3.76 3.44 7.64 6.08
3.72 3.38 8.02 6.4
3.84 3.68 7.66 6.34
3.8 3.94 7.4 6.34
3.8 3.36 7.9 6.26
3.72 3.54 8.06 6.6
3.74 3.22 8.06 6.28
3.74 3.36 7.8 6.16
3.74 4.0 7.34 6.34
3.7 3.82 7.7 6.52
3.7 3.64 8.12 6.76
3.76 3.22 7.7 5.92
3.76 3.72 7.74 6.46
3.7 3.6 7.46 6.06
3.84 3.6 7.84 6.44
3.82 3.1 8.38 6.48
3.82 3.4 7.62 6.02
3.72 3.12 7.62 5.74
3.74 3.74 7.6 6.34
3.62 2.76 8.38 6.14
3.9 3.92 7.54 6.46
3.66 3.16 7.58 5.74
3.62 3.16 8.5 6.66
3.7 3.52 8.0 6.52
3.72 3.36 7.86 6.22
3.78 3.6 7.42 6.02
3.82 3.98 7.14 6.12
3.7 3.28 7.96 6.24
3.66 3.32 8.1 6.42
3.78 3.54 7.92 6.46
3.66 2.92 8.26 6.18
3.66 3.52 7.76 6.28
3.7 2.98 8.52 6.5
3.82 3.42 8.22 6.64
3.8 3.36 7.96 6.32
3.54 2.74 8.58 6.32
3.9 3.24 7.72 5.96
3.86 3.18 8.02 6.2
3.82 3.76 7.88 6.64
3.7 3.86 6.84 5.7
3.9 3.7 7.48 6.18
3.7 3.3 8.2 6.5
3.82 3.84 7.04 5.88
3.74 2.94 8.0 5.94
3.86 3.5 7.54 6.04
3.76 3.32 7.82 6.14
3.66 3.4 7.58 5.98
3.8 3.8 7.54 6.34
3.86 3.82 7.26 6.08
3.88 3.4 8.02 6.42
3.82 4.2 7.42 6.62
3.66 3.22 8.26 6.48
3.6 3.3 7.94 6.24
3.84 3.8 7.62 6.42
3.74 3.0 8.16 6.16
3.72 3.86 7.62 6.48
3.84 3.06 8.48 6.54
3.8 3.52 8.36 6.88
3.86 3.92 6.9 5.82
3.8 3.42 7.62 6.04
3.82 4.0 7.8 6.8
3.78 3.62 7.16 5.78
3.6 2.94 8.3 6.24
3.52 2.92 8.5 6.42
3.64 2.56 8.62 6.18
3.78 3.68 7.46 6.14
3.88 3.8 7.2 6.0
3.9 3.32 7.88 6.2
3.84 3.86 7.56 6.42
3.7 2.3 9.18 6.48
3.62 3.8 7.86 6.66
3.72 3.56 8.12 6.68
3.74 3.62 7.56 6.18
3.88 3.8 7.06 5.86
3.82 3.58 7.36 5.94
3.74 3.74 7.64 6.38
3.54 2.62 9.14 6.76
3.72 3.68 7.36 6.04
3.86 3.8 7.96 6.76
3.74 3.72 7.52 6.24
3.68 3.38 8.6 6.98
3.88 3.46 7.6 6.06
3.66 2.88 8.1 5.98
3.76 3.22 7.7 5.92
3.74 3.6 7.58 6.18
3.74 3.1 8.06 6.16
3.8 3.62 7.2 5.82
3.6 3.02 8.14 6.16
3.72 3.46 7.68 6.14
3.74 3.34 7.88 6.22
3.82 3.66 7.82 6.48
3.76 3.64 8.16 6.8
3.78 3.28 7.8 6.08
3.74 3.58 7.46 6.04
3.98 4.36 6.04 5.4
3.64 3.38 8.18 6.56
3.78 3.14 8.14 6.28
3.78 3.9 7.58 6.48
3.82 3.48 7.42 5.9
3.72 3.02 8.06 6.08
3.82 3.28 7.82 6.1
3.8 3.08 8.08 6.16
3.82 3.24 7.88 6.12
3.66 3.8 7.48 6.28
3.82 3.32 7.64 5.96
3.74 3.32 7.8 6.12
3.66 3.74 7.34 6.08
3.56 3.14 8.3 6.44
3.7 3.58 7.86 6.44
3.64 3.04 8.26 6.3
3.86 3.66 7.08 5.74
3.86 3.66 7.64 6.3
3.8 3.08 8.04 6.12
3.74 3.5 7.42 5.92
3.8 3.0 7.98 5.98
3.82 3.32 7.72 6.04
3.82 3.54 7.78 6.32
3.68 3.84 7.42 6.26
3.48 2.96 8.24 6.2
3.82 3.8 7.88 6.68
3.82 3.54 7.46 6.0
3.82 3.38 8.06 6.44
3.72 3.36 8.28 6.64
3.7 3.8 8.04 6.84
3.7 3.56 7.62 6.18
3.64 3.22 8.02 6.24
3.6 3.5 7.46 5.96
3.66 3.32 7.36 5.68
3.8 3.2 7.72 5.92
3.7 3.12 7.76 5.88
3.82 3.2 8.42 6.62
3.66 3.28 8.06 6.34
3.82 3.66 7.6 6.26
3.82 4.06 7.48 6.54
3.7 3.32 7.78 6.1
3.88 3.36 7.92 6.28
3.74 3.02 8.14 6.16
3.32 2.24 9.52 6.76
3.72 3.1 8.0 6.1
3.7 3.1 8.64 6.74
3.76 3.74 7.5 6.24
3.74 3.26 8.04 6.3
3.78 3.6 7.6 6.2
3.82 3.38 7.86 6.24
3.82 3.46 7.48 5.94
3.82 3.24 7.9 6.14
3.76 3.58 7.8 6.38
3.78 3.6 8.08 6.68
3.78 4.2 6.86 6.06
3.74 3.66 8.04 6.7
3.74 3.2 7.8 6.0
3.72 3.92 6.88 5.8
3.78 2.92 8.42 6.34
3.76 3.4 7.98 6.38
3.8 3.88 7.44 6.32
3.74 3.2 7.36 5.56
3.84 3.72 7.16 5.88
3.78 3.36 7.82 6.18
3.74 3.84 7.18 6.02
3.62 3.02 8.34 6.36
3.7 3.94 7.74 6.68
3.82 3.8 8.32 7.12
3.76 4.46 6.9 6.36
3.76 3.56 7.7 6.26
3.62 2.86 8.0 5.86
3.7 3.22 8.98 7.2
3.78 3.9 7.6 6.5
3.92 3.48 6.92 5.4
3.8 3.6 7.18 5.78
3.74 4.04 6.98 6.02
3.74 3.62 7.64 6.26
3.68 3.3 7.98 6.28
3.74 3.64 7.88 6.52
3.86 3.64 7.2 5.84
3.78 3.76 7.3 6.06
3.82 3.44 8.14 6.58
3.78 4.0 7.16 6.16
3.74 3.42 7.84 6.26
3.74 3.44 7.76 6.2
3.8 3.5 7.32 5.82
3.7 3.16 7.74 5.9
3.7 2.9 8.36 6.26
3.9 3.4 7.72 6.12
3.82 3.66 7.96 6.62
3.7 2.88 8.04 5.92
3.9 3.94 7.76 6.7
3.84 3.4 8.04 6.44
3.76 3.2 8.08 6.28
3.8 3.48 7.76 6.24
3.7 3.38 7.34 5.72
3.68 3.34 7.62 5.96
3.72 3.24 8.58 6.82
3.7 3.46 7.48 5.94
3.7 2.98 8.1 6.08
3.76 3.2 8.12 6.32
3.84 3.72 7.76 6.48
3.8 3.92 7.7 6.62
3.9 3.08 7.86 5.94
3.74 3.3 8.34 6.64
3.62 3.92 7.48 6.4
3.86 4.02 6.98 6.0
3.74 3.0 8.14 6.14
3.72 3.7 7.32 6.02
3.8 3.8 7.96 6.76
3.7 3.12 8.3 6.42
3.74 3.14 8.52 6.66
3.74 3.08 8.26 6.34
3.78 2.68 8.32 6.0
3.78 2.7 8.36 6.06
3.78 3.38 7.7 6.08
3.62 3.22 8.3 6.52
3.86 3.7 7.3 6.0
3.8 3.4 8.0 6.4
3.6 3.38 8.06 6.44
3.72 2.72 8.7 6.42
3.78 3.28 8.08 6.36
3.86 3.46 8.14 6.6
3.68 3.6 7.56 6.16
3.82 3.18 8.08 6.26
3.7 2.98 8.36 6.34
3.72 3.14 7.96 6.1
3.76 3.54 8.1 6.64
3.78 2.94 8.62 6.56
3.72 3.1 7.9 6.0
3.66 3.52 7.78 6.3
3.84 4.1 7.3 6.4
3.88 3.82 7.3 6.12
3.86 3.42 7.46 5.88
3.78 3.4 7.68 6.08
3.54 2.48 8.94 6.42
3.8 3.46 7.84 6.3
3.72 3.92 7.92 6.84
3.78 3.5 7.94 6.44
3.82 4.08 7.34 6.42
3.76 3.98 6.92 5.9
3.74 4.14 7.2 6.34
3.8 3.62 8.32 6.94
3.66 3.56 7.94 6.5
3.86 4.04 7.34 6.38
3.9 4.16 6.9 6.06
3.72 3.02 8.0 6.02
3.76 3.18 7.9 6.08
3.82 3.78 7.48 6.26
3.76 2.9 8.0 5.9
3.6 2.84 8.72 6.56
3.68 3.12 7.84 5.96
3.8 3.58 7.28 5.86
3.8 3.7 7.12 5.82
3.74 3.54 7.78 6.32
3.8 3.3 7.92 6.22
3.82 4.14 7.36 6.5
3.78 3.86 7.24 6.1
3.74 3.26 7.86 6.12
3.6 3.36 8.18 6.54
3.76 3.46 8.66 7.12
3.82 3.8 7.24 6.04
3.8 4.14 7.22 6.36
3.76 3.6 7.92 6.52
3.78 3.36 7.88 6.24
3.78 3.56 7.2 5.76
3.68 2.62 8.6 6.22
3.72 3.36 7.72 6.08
3.92 4.02 7.12 6.14
3.68 2.92 7.96 5.88
3.78 3.32 7.88 6.2
3.78 3.0 8.4 6.4
3.82 3.32 8.22 6.54
3.86 3.14 7.42 5.56
3.68 3.18 8.32 6.5
3.7 3.44 8.08 6.52
3.74 3.88 7.26 6.14
3.58 2.8 8.42 6.22
3.86 3.2 8.06 6.26
3.74 2.92 8.52 6.44
3.78 3.12 9.18 7.3
3.78 3.58 8.28 6.86
3.74 3.8 7.62 6.42
3.66 3.64 7.72 6.36
3.76 3.14 7.9 6.04
3.88 3.76 7.04 5.8
3.78 3.68 8.22 6.9
3.54 3.16 8.06 6.22
3.58 3.28 8.36 6.64
3.76 3.4 8.12 6.52
3.72 3.94 7.22 6.16
3.8 3.62 8.18 6.8
3.88 3.38 8.1 6.48
3.72 3.32 7.88 6.2
3.78 3.12 7.8 5.92
3.68 2.66 8.78 6.44
3.7 3.54 8.28 6.82
3.62 3.22 7.8 6.02
3.86 3.62 7.4 6.02
3.74 3.4 7.96 6.36
3.82 3.1 8.62 6.72
3.72 3.46 8.08 6.54
3.64 3.16 8.16 6.32
3.74 3.96 7.36 6.32
3.8 3.0 8.5 6.5
3.8 3.16 7.92 6.08
3.76 3.78 8.12 6.9
3.84 4.36 7.26 6.62
3.8 3.5 7.52 6.02
3.8 3.4 7.68 6.08
3.74 3.42 7.28 5.7
3.5 3.2 8.52 6.72
3.76 3.16 7.72 5.88
3.78 3.52 8.12 6.64
3.84 3.82 7.6 6.42
3.82 4.38 6.66 6.04
3.92 4.04 7.7 6.74
3.84 3.46 7.28 5.74
3.76 3.08 8.12 6.2
3.82 3.04 8.5 6.54
3.72 3.4 7.9 6.3
3.66 3.4 7.88 6.28
3.76 3.86 7.24 6.1
3.8 3.54 7.4 5.94
3.76 3.14 8.36 6.5
3.68 3.6 8.2 6.8
3.84 3.3 7.98 6.28
3.74 3.8 7.24 6.04
3.66 3.08 8.14 6.22
3.8 3.48 8.42 6.9
3.76 3.22 7.36 5.58
3.8 3.86 7.58 6.44
3.7 2.86 8.48 6.34
3.72 2.92 8.84 6.76
3.7 3.44 8.5 6.94
3.82 3.86 7.16 6.02
3.7 3.1 8.32 6.42
3.54 2.78 8.56 6.34
3.84 4.12 7.0 6.12
3.8 3.28 7.68 5.96
3.8 3.34 8.16 6.5
3.8 3.3 7.16 5.46
3.76 3.44 7.66 6.1
3.72 3.72 8.18 6.9
3.8 2.96 8.38 6.34
3.8 3.3 7.78 6.08
3.9 3.32 8.02 6.34
3.78 2.84 8.34 6.18
3.78 3.62 7.44 6.06
3.7 3.38 7.68 6.06
3.68 3.44 7.26 5.7
3.72 3.64 7.8 6.44
3.76 3.36 8.04 6.4
3.76 3.64 7.7 6.34
3.74 3.62 8.16 6.78
3.72 3.02 7.7 5.72
3.74 3.58 7.58 6.16
3.74 4.04 7.34 6.38
3.78 3.72 6.88 5.6
3.8 4.06 7.5 6.56
3.86 3.16 7.92 6.08
3.76 3.4 7.96 6.36
3.68 3.06 8.06 6.12
3.78 3.4 7.44 5.84
3.8 3.78 7.22 6.0
3.78 3.34 7.7 6.04
3.7 3.74 7.54 6.28
3.76 3.08 8.06 6.14
3.74 3.96 7.3 6.26
3.74 3.24 7.92 6.16
3.84 3.82 6.8 5.62
3.68 3.72 7.82 6.54
3.72 3.54 7.52 6.06
3.76 3.56 8.14 6.7
3.72 3.6 7.62 6.22
3.76 3.88 7.28 6.16
3.78 3.42 7.4 5.82
3.86 3.44 7.82 6.26
3.8 3.12 7.32 5.44
3.68 3.52 8.02 6.54
3.84 2.88 7.98 5.86
3.7 3.48 8.06 6.54
3.84 3.18 8.64 6.82
3.72 3.6 8.06 6.66
3.74 3.94 7.44 6.38
3.86 3.8 7.04 5.84
3.7 3.5 8.06 6.56
3.78 3.56 8.22 6.78
3.76 3.18 8.28 6.46
3.74 3.38 7.72 6.1
3.82 3.7 7.46 6.16
3.8 3.88 6.88 5.76
3.82 3.76 7.2 5.96
3.74 3.62 7.68 6.3
3.84 3.94 7.6 6.54
3.78 2.68 8.14 5.82
3.7 3.64 8.24 6.88
3.66 3.48 7.74 6.22
3.72 3.3 8.62 6.92
3.88 3.82 7.12 5.94
3.62 3.12 8.14 6.26
3.7 3.0 8.42 6.42
3.64 3.4 7.88 6.28
3.78 3.4 7.18 5.58
3.68 3.54 8.02 6.56
3.54 3.0 8.3 6.3
3.82 3.88 6.96 5.84
3.7 3.4 7.74 6.14
3.74 3.34 7.64 5.98
3.84 3.24 7.72 5.96
3.78 3.38 7.86 6.24
3.74 3.6 7.76 6.36
3.82 3.54 7.86 6.4
3.8 3.88 7.6 6.48
3.78 3.66 7.72 6.38
3.84 3.68 7.44 6.12
3.76 3.68 7.54 6.22
3.78 3.72 7.5 6.22
3.74 3.14 8.12 6.26
3.72 3.92 7.82 6.74
3.64 3.04 8.46 6.5
3.68 2.86 8.9 6.76
3.66 3.08 8.42 6.5
3.9 3.3 7.66 5.96
3.6 3.28 8.22 6.5
3.62 2.82 8.94 6.76
3.7 3.42 8.44 6.86
3.82 3.64 7.86 6.5
3.78 3.9 6.82 5.72
3.76 3.82 7.9 6.72
3.74 3.46 7.1 5.56
3.64 3.46 7.96 6.42
3.74 3.52 7.72 6.24
3.7 3.0 8.36 6.36
3.82 3.76 7.7 6.46
3.74 3.34 7.96 6.3
3.74 3.42 7.9 6.32
3.72 3.16 7.48 5.64
3.78 3.7 7.56 6.26
3.68 4.1 7.68 6.78
3.84 3.66 7.58 6.24
3.7 2.94 7.94 5.88
3.74 3.64 7.76 6.4
3.86 3.3 7.8 6.1
3.66 3.58 8.4 6.98
3.78 3.5 7.78 6.28
3.72 3.52 7.92 6.44
3.72 2.88 8.12 6.0
3.86 3.36 8.12 6.48
3.78 4.14 7.12 6.26
3.72 4.1 7.48 6.58
3.76 3.2 8.04 6.24
3.8 3.54 8.04 6.58
3.76 3.08 7.72 5.8
3.88 3.46 7.56 6.02
3.8 3.52 7.84 6.36
3.64 2.76 8.28 6.04
3.8 2.98 8.62 6.6
3.74 3.06 8.14 6.2
3.82 3.92 7.2 6.12
3.84 3.48 7.7 6.18
3.84 4.66 6.96 6.62
3.7 3.34 7.44 5.78
3.66 3.44 7.2 5.64
3.62 3.34 7.96 6.3
3.7 3.28 8.1 6.38
3.88 3.84 7.18 6.02
3.64 3.54 7.78 6.32
3.88 4.0 6.88 5.88
3.76 3.72 7.06 5.78
3.78 4.1 7.28 6.38
3.74 3.58 7.56 6.14
3.78 3.98 7.12 6.1
3.72 3.62 8.1 6.72
3.74 3.46 7.72 6.18
3.72 3.1 8.22 6.32
3.76 4.12 6.84 5.96
3.76 3.74 7.84 6.58
3.64 3.28 7.76 6.04
3.76 3.76 7.54 6.3
3.74 3.44 7.4 5.84
3.78 3.84 7.78 6.62
3.8 3.74 7.34 6.08
3.76 3.94 7.38 6.32
3.68 3.28 8.14 6.42
3.68 3.14 8.14 6.28
3.68 3.1 8.08 6.18
3.7 3.06 8.54 6.6
3.72 3.74 8.14 6.88
3.88 3.5 7.44 5.94
3.74 3.32 8.26 6.58
3.74 3.9 7.58 6.48
3.66 2.64 8.5 6.14
3.64 3.46 8.08 6.54
3.82 3.34 7.7 6.04
3.68 3.48 7.26 5.74
3.8 3.4 7.52 5.92
3.7 3.26 8.08 6.34
3.72 3.26 8.02 6.28
3.78 3.48 7.88 6.36
3.72 3.46 7.72 6.18
3.92 3.94 6.76 5.7
3.72 3.56 7.4 5.96
3.82 3.02 8.2 6.22
3.74 3.02 8.14 6.16
3.88 3.82 6.92 5.74
3.7 3.22 7.76 5.98
3.74 3.3 7.98 6.28
3.66 2.68 8.14 5.82
3.72 3.28 7.96 6.24
3.8 3.16 7.98 6.14
3.9 3.48 7.68 6.16
3.74 3.42 7.94 6.36
3.74 3.68 7.26 5.94
3.78 3.28 8.32 6.6
3.68 3.04 7.94 5.98
3.78 3.24 7.9 6.14
3.78 3.68 6.84 5.52
3.78 3.32 8.02 6.34
3.68 3.38 8.2 6.58
3.82 3.48 7.9 6.38
3.76 3.34 8.1 6.44
3.68 3.52 8.1 6.62
3.78 3.12 8.14 6.26
3.84 3.78 7.32 6.1
3.76 3.94 7.66 6.6
3.84 3.34 7.82 6.16
3.72 3.48 7.36 5.84
3.84 3.32 8.38 6.7
3.72 3.32 7.9 6.22
3.78 3.36 8.34 6.7
3.7 3.52 7.8 6.32
3.76 3.24 7.82 6.06
3.58 2.76 8.6 6.36
3.78 4.22 7.26 6.48
3.78 3.3 7.76 6.06
3.84 3.66 7.7 6.36
3.7 3.4 7.82 6.22
3.84 3.52 7.38 5.9
3.78 3.98 7.1 6.08
3.84 4.16 6.8 5.96
3.78 3.2 7.72 5.92
3.9 3.6 7.38 5.98
3.82 3.26 8.04 6.3
3.74 3.82 7.46 6.28
3.9 3.26 7.94 6.2
3.76 3.12 7.46 5.58
3.82 3.5 8.24 6.74
3.74 4.0 7.42 6.42
3.76 3.5 7.84 6.34
3.72 3.5 8.52 7.02
3.68 3.22 8.1 6.32
3.74 3.32 7.94 6.26
3.66 3.72 7.66 6.38
3.92 3.48 7.64 6.12
3.68 3.52 7.72 6.24
3.7 3.12 8.2 6.32
3.8 3.58 7.32 5.9
3.78 3.7 7.1 5.8
3.74 3.28 7.62 5.9
3.64 2.88 8.52 6.4
3.74 3.02 8.36 6.38
3.74 3.26 7.9 6.16
3.68 3.46 7.5 5.96
3.7 3.14 8.54 6.68
3.64 2.56 8.24 5.8
3.8 3.42 7.3 5.72
3.78 4.04 7.22 6.26
3.88 3.74 7.48 6.22
3.84 3.8 8.0 6.8
3.76 3.5 7.68 6.18
3.68 3.28 8.1 6.38
3.76 3.34 7.78 6.12
3.82 3.74 7.34 6.08
3.84 3.4 7.88 6.28
3.72 3.36 7.9 6.26
3.76 3.8 7.66 6.46
3.62 3.52 8.12 6.64
3.72 3.32 8.7 7.02
3.62 3.32 8.08 6.4
3.68 3.3 8.2 6.5
3.74 3.48 7.8 6.28
3.78 4.32 6.98 6.3
3.76 3.5 7.8 6.3
3.78 3.5 7.52 6.02
3.88 3.62 7.46 6.08
3.84 2.74 8.16 5.9
3.74 3.16 7.96 6.12
3.64 3.82 7.82 6.64
3.78 3.78 7.48 6.26
3.72 3.28 7.46 5.74
3.94 3.98 7.12 6.1
3.8 3.68 7.4 6.08
3.58 2.48 8.74 6.22
3.76 3.74 7.54 6.28
3.8 4.06 6.76 5.82
3.82 2.98 8.56 6.54
3.7 3.38 7.48 5.86
3.74 3.26 7.68 5.94
3.88 3.82 8.06 6.88
3.66 2.84 8.66 6.5
3.78 3.46 7.9 6.36
3.84 3.9 7.08 5.98
3.58 3.36 7.62 5.98
3.9 3.92 7.0 5.92
3.84 3.64 8.02 6.66
3.8 3.02 8.18 6.2
3.74 3.26 7.7 5.96
3.78 4.06 7.76 6.82
3.68 3.58 7.86 6.44
3.78 3.02 7.8 5.82
3.74 3.84 7.56 6.4
3.7 3.42 7.66 6.08
3.66 3.42 8.32 6.74
3.92 3.58 8.12 6.7
3.74 2.84 8.34 6.18
3.88 3.76 7.88 6.64
3.6 2.58 9.06 6.64
3.68 3.74 7.74 6.48
3.68 3.2 8.0 6.2
3.74 3.98 7.24 6.22
3.66 3.06 8.6 6.66
3.76 3.2 7.96 6.16
3.78 3.44 8.48 6.92
3.7 3.32 8.24 6.56
3.7 3.22 8.32 6.54
3.58 3.12 8.38 6.5
3.7 3.52 7.9 6.42
3.82 3.7 8.12 6.82
3.86 4.06 7.32 6.38
3.84 3.54 7.74 6.28
3.72 3.58 7.82 6.4
3.72 3.22 7.9 6.12
3.84 3.84 7.6 6.44
3.56 3.8 7.74 6.54
3.76 4.36 7.12 6.48
3.7 3.44 7.82 6.26
3.7 3.6 8.02 6.62
3.72 3.34 7.32 5.66
3.78 3.48 7.9 6.38
3.64 3.76 7.42 6.18
3.76 3.74 7.38 6.12
3.74 3.16 8.42 6.58
3.74 3.72 7.34 6.06
3.84 3.42 7.36 5.78
3.8 3.82 7.22 6.04
3.76 3.7 7.96 6.66
3.78 3.62 7.12 5.74
3.76 3.0 8.46 6.46
3.6 3.38 8.28 6.66
3.78 3.36 7.64 6.0
3.82 3.28 8.06 6.34
3.88 3.26 7.7 5.96
3.68 3.46 8.14 6.6
3.82 3.2 7.6 5.8
3.76 3.28 8.56 6.84
3.74 3.56 7.84 6.4
3.78 3.64 7.74 6.38
3.68 2.88 8.5 6.38
3.92 3.9 7.28 6.18
3.78 3.08 8.26 6.34
3.76 3.48 7.58 6.06
3.72 3.1 8.24 6.34
3.82 3.42 7.56 5.98
3.8 3.52 8.16 6.68
3.74 3.72 7.88 6.6
3.64 2.72 8.26 5.98
3.7 3.42 8.08 6.5
3.7 3.12 7.92 6.04
3.82 3.28 8.4 6.68
3.76 3.44 7.86 6.3
3.76 3.24 7.98 6.22
3.84 3.72 7.6 6.32
3.72 3.44 7.88 6.32
3.82 3.26 8.2 6.46
3.86 3.48 7.78 6.26
3.8 3.76 7.32 6.08
3.76 3.3 8.12 6.42
3.6 3.32 8.02 6.34
3.66 3.0 8.82 6.82
3.72 3.96 7.5 6.46
3.68 3.38 8.48 6.86
3.78 3.96 7.1 6.06
3.72 3.12 8.08 6.2
3.7 2.88 8.42 6.3
3.66 3.08 8.1 6.18
3.74 3.18 7.8 5.98
3.86 4.04 6.74 5.78
3.74 3.26 8.3 6.56
3.74 2.82 9.16 6.98
3.64 2.92 8.4 6.32
3.78 3.34 8.52 6.86
3.56 3.5 7.86 6.36
3.86 3.6 7.14 5.74
3.72 2.98 7.82 5.8
3.7 3.32 7.96 6.28
3.84 3.68 8.14 6.82
3.74 3.26 7.84 6.1
3.82 4.12 6.94 6.06
3.72 3.42 7.56 5.98
3.86 3.72 7.14 5.86
3.8 3.04 7.8 5.84
3.72 3.6 8.28 6.88
3.76 2.68 8.62 6.3
3.76 3.38 7.36 5.74
3.78 3.9 7.5 6.4
3.76 3.66 7.28 5.94
3.84 3.4 7.7 6.1
3.76 3.36 7.62 5.98
3.72 3.08 8.34 6.42
3.94 3.46 6.82 5.28
3.74 3.52 7.8 6.32
3.7 2.96 7.98 5.94
3.64 3.46 7.88 6.34
3.8 3.94 7.5 6.44
3.82 3.48 7.54 6.02
3.78 4.1 7.16 6.26
3.76 3.2 8.06 6.26
3.82 3.84 7.32 6.16
3.74 2.66 9.06 6.72
3.62 3.14 8.32 6.46
3.8 3.86 7.12 5.98
3.68 2.6 8.48 6.08
3.76 3.6 7.58 6.18
3.86 3.72 6.64 5.36
3.68 2.68 8.74 6.42
3.72 3.16 8.54 6.7
3.76 3.32 7.68 6.0
3.72 3.48 7.78 6.26
3.74 3.68 7.62 6.3
3.84 3.06 8.46 6.52
3.84 3.96 8.04 7.0
3.74 2.9 8.34 6.24
3.72 3.08 8.08 6.16
3.76 2.96 8.1 6.06
3.76 4.14 6.88 6.02
3.64 3.16 8.34 6.5
3.72 3.16 7.84 6.0
3.7 2.96 8.64 6.6
3.8 3.5 7.26 5.76
3.72 3.82 7.76 6.58
3.72 3.44 7.8 6.24
3.76 3.34 8.4 6.74
3.82 3.32 7.94 6.26
3.62 2.94 8.38 6.32
3.66 3.48 7.96 6.44
3.8 3.4 8.52 6.92
3.78 3.1 7.44 5.54
3.68 3.3 7.88 6.18
3.66 2.9 8.36 6.26
3.78 3.08 8.44 6.52
3.84 3.94 7.42 6.36
3.74 3.18 8.08 6.26
3.84 3.88 7.12 6.0
3.74 3.16 8.34 6.5
3.58 3.68 8.06 6.74
3.62 3.18 7.9 6.08
3.7 3.64 8.02 6.66
3.72 2.9 8.3 6.2
3.66 3.14 8.42 6.56
3.74 3.38 8.08 6.46
3.7 3.2 7.58 5.78
3.8 4.34 7.08 6.42
3.76 3.62 7.54 6.16
3.88 3.76 7.3 6.06
3.84 3.54 7.64 6.18
3.76 2.96 8.34 6.3
3.7 2.84 8.78 6.62
3.78 4.18 6.98 6.16
3.8 3.14 8.04 6.18
3.72 3.68 7.02 5.7
3.54 2.34 8.94 6.28
3.78 3.4 7.76 6.16
3.76 3.12 8.22 6.34
3.8 3.62 7.38 6.0
3.8 3.66 7.0 5.66
3.66 3.6 7.26 5.86
3.64 3.12 8.02 6.14
3.8 3.14 8.3 6.44
3.8 3.92 7.54 6.46
3.88 4.1 6.92 6.02
3.68 3.44 7.56 6.0
3.72 3.26 8.04 6.3
3.78 4.12 7.12 6.24
3.7 2.88 8.7 6.58
3.82 3.78 7.78 6.56
3.62 3.12 8.32 6.44
3.64 3.78 7.84 6.62
3.82 4.26 6.82 6.08
3.82 3.74 7.38 6.12
3.76 3.2 7.56 5.76
3.62 3.14 8.0 6.14
3.8 2.74 7.76 5.5
3.84 3.44 7.86 6.3
3.68 4.0 7.46 6.46
3.9 3.72 6.9 5.62
3.68 3.04 8.86 6.9
3.66 3.3 7.3 5.6
3.72 3.54 7.18 5.72
3.78 3.74 7.4 6.14
3.76 3.48 7.72 6.2
3.78 3.98 7.9 6.88
3.78 3.02 8.02 6.04
3.64 3.9 7.36 6.26
3.88 3.28 7.76 6.04
3.66 3.46 8.08 6.54
3.8 3.32 7.78 6.1
3.72 3.3 7.88 6.18
3.66 3.46 7.3 5.76
3.66 3.44 8.14 6.58
3.68 2.7 9.06 6.76
3.76 3.36 8.24 6.6
3.8 2.88 8.28 6.16
3.8 3.1 8.54 6.64
3.62 3.0 8.38 6.38
3.74 3.52 7.76 6.28
3.66 2.96 8.34 6.3
3.86 3.4 7.74 6.14
3.74 3.32 7.78 6.1
3.8 3.08 8.4 6.48
3.74 3.74 7.96 6.7
3.78 3.28 8.02 6.3
3.84 4.04 7.32 6.36
3.82 3.94 7.38 6.32
3.78 4.04 6.94 5.98
3.86 2.78 8.68 6.46
3.68 3.34 7.58 5.92
3.7 3.16 8.12 6.28
3.74 3.18 7.6 5.78
3.72 3.0 8.74 6.74
3.6 2.96 8.34 6.3
3.84 4.02 7.34 6.36
3.74 3.44 7.98 6.42
3.66 3.28 8.24 6.52
3.78 3.68 7.54 6.22
3.64 3.32 8.2 6.52
3.78 4.04 7.08 6.12
3.78 2.7 8.44 6.14
3.8 3.44 8.24 6.68
3.8 3.66 7.6 6.26
3.72 3.24 8.14 6.38
3.82 3.4 7.98 6.38
3.86 4.16 6.46 5.62
3.86 2.8 8.4 6.2
3.78 3.48 7.52 6.0
3.82 3.18 7.5 5.68
3.78 3.22 8.02 6.24
3.78 3.46 7.34 5.8
3.72 3.16 8.14 6.3
3.52 3.28 8.56 6.84
3.76 2.96 8.06 6.02
3.82 3.54 7.96 6.5
3.86 3.62 7.18 5.8
3.68 3.44 7.98 6.42
3.92 3.72 7.24 5.96
3.86 3.62 7.24 5.86
3.86 3.46 8.16 6.62
3.7 3.2 7.58 5.78
3.72 3.5 7.58 6.08
3.76 3.24 8.36 6.6
3.66 3.7 7.74 6.44
3.8 3.96 6.88 5.84
3.78 3.68 7.84 6.52
3.72 3.06 7.88 5.94
3.82 3.34 8.82 7.16
3.88 3.78 7.18 5.96
3.66 2.96 7.98 5.94
3.64 3.12 8.12 6.24
3.64 3.12 8.38 6.5
3.54 3.08 8.22 6.3
3.7 3.8 8.06 6.86
3.8 3.64 7.26 5.9
3.76 4.04 7.14 6.18
3.86 3.84 7.52 6.36
3.6 3.28 7.94 6.22
3.76 3.64 7.68 6.32
3.8 3.6 7.46 6.06
3.72 3.32 8.2 6.52
3.74 3.8 7.38 6.18
3.78 3.16 8.68 6.84
3.7 3.3 8.26 6.56
3.86 3.54 8.02 6.56
3.74 3.66 7.62 6.28
3.78 3.28 8.2 6.48
3.74 2.96 8.02 5.98
3.84 3.06 8.52 6.58
3.8 3.76 7.02 5.78
3.78 3.52 7.56 6.08
3.76 2.94 8.18 6.12
3.72 3.34 8.1 6.44
3.74 3.66 7.86 6.52
3.64 2.9 8.24 6.14
3.68 3.54 7.84 6.38
3.76 3.34 8.22 6.56
3.66 3.08 8.12 6.2
3.78 3.06 7.74 5.8
3.7 2.72 8.84 6.56
3.82 3.2 8.18 6.38
3.74 3.96 7.16 6.12
3.74 3.2 8.14 6.34
3.64 3.58 7.46 6.04
3.72 3.26 8.28 6.54
3.76 3.98 6.7 5.68
3.76 4.18 7.8 6.98
3.66 2.84 8.7 6.54
3.72 3.48 8.2 6.68
3.7 3.06 8.76 6.82
3.66 3.64 7.22 5.86
3.76 3.32 8.0 6.32
3.92 3.36 8.08 6.44
3.72 3.28 7.68 5.96
3.7 3.18 8.26 6.44
3.68 2.84 8.3 6.14
3.68 2.36 8.66 6.02
3.78 3.84 7.32 6.16
3.7 2.9 8.74 6.64
3.82 3.52 7.8 6.32
3.88 3.74 7.54 6.28
3.76 3.18 8.08 6.26
3.82 2.96 8.12 6.08
3.92 3.68 8.12 6.8
3.76 3.62 7.76 6.38
3.76 3.42 7.64 6.06
3.66 2.58 8.78 6.36
3.78 3.28 8.16 6.44
3.84 3.36 7.64 6.0
3.88 4.22 6.82 6.04
3.74 3.7 7.74 6.44
3.76 3.36 8.4 6.76
3.78 3.44 7.62 6.06
3.82 3.84 7.62 6.46
3.7 3.5 8.06 6.56
3.8 3.42 7.6 6.02
3.76 3.18 8.44 6.62
3.74 3.3 8.26 6.56
3.76 4.02 7.66 6.68
3.78 3.24 8.3 6.54
3.78 3.7 7.6 6.3
3.84 3.8 7.84 6.64
3.94 4.4 6.62 6.02
3.66 3.36 7.82 6.18
3.86 3.16 7.84 6.0
3.86 3.54 7.84 6.38
3.72 3.44 7.62 6.06
3.78 3.66 7.68 6.34
3.7 4.14 7.2 6.34
3.82 4.28 6.76 6.04
3.72 3.56 7.88 6.44
3.74 3.54 7.7 6.24
3.88 3.24 7.16 5.4
3.76 3.54 7.42 5.96
3.82 3.34 7.42 5.76
3.68 3.02 8.92 6.94
3.7 3.02 8.26 6.28
3.64 3.56 8.42 6.98
3.76 3.24 7.98 6.22
3.74 3.44 7.68 6.12
3.82 3.74 7.44 6.18
3.82 3.94 7.06 6.0
3.62 3.18 7.84 6.02
3.66 3.22 7.74 5.96
3.78 4.22 7.18 6.4
3.9 3.64 7.76 6.4
3.72 3.2 7.88 6.08
3.78 3.4 8.7 7.1
3.76 3.46 8.1 6.56
3.74 3.44 8.06 6.5
3.78 3.22 7.66 5.88
3.82 3.66 7.34 6.0
3.82 3.68 8.3 6.98
3.84 4.22 6.9 6.12
3.78 3.86 7.44 6.3
3.62 2.48 9.66 7.14
3.72 3.5 7.9 6.4
3.74 2.96 8.48 6.44
3.76 3.38 7.78 6.16
3.78 3.64 7.5 6.14
3.72 3.68 8.0 6.68
3.64 3.64 7.5 6.14
3.78 3.0 8.3 6.3
3.86 3.1 7.9 6.0
3.84 3.38 7.54 5.92
3.72 4.06 7.18 6.24
3.76 3.34 7.86 6.2
3.74 3.5 7.38 5.88
3.8 3.46 7.76 6.22
3.78 3.78 7.6 6.38
3.86 3.06 7.9 5.96
3.84 3.4 7.52 5.92
3.84 3.72 7.88 6.6
3.76 3.08 7.78 5.86
3.86 3.54 7.48 6.02
3.68 3.16 8.44 6.6
3.66 2.92 8.34 6.26
3.6 2.82 8.62 6.44
3.7 2.96 7.68 5.64
3.82 3.8 7.76 6.56
3.7 3.2 7.6 5.8
3.68 3.48 7.5 5.98
3.76 3.28 8.3 6.58
3.74 3.38 7.82 6.2
3.9 4.7 6.7 6.4
3.68 3.24 8.32 6.56
3.82 3.32 7.68 6.0
3.82 4.0 7.48 6.48
3.8 3.48 7.54 6.02
3.92 3.62 7.78 6.4
3.8 3.36 8.22 6.58
3.88 3.9 7.28 6.18
3.7 3.54 7.68 6.22
3.78 3.18 7.96 6.14
3.78 3.02 8.32 6.34
3.8 3.3 8.22 6.52
3.7 3.44 7.52 5.96
3.68 3.34 8.44 6.78
3.76 3.4 7.92 6.32
3.82 3.36 8.02 6.38
3.72 3.3 7.92 6.22
3.82 3.86 7.14 6.0
3.76 3.12 7.98 6.1
3.78 3.52 8.06 6.58
3.76 3.88 7.58 6.46
3.88 3.44 8.04 6.48
3.86 3.82 7.28 6.1
3.72 3.82 8.22 7.04
3.8 3.04 7.56 5.6
3.82 3.74 7.58 6.32
3.8 3.9 7.32 6.22
3.78 3.18 7.92 6.1
3.82 3.66 7.48 6.14
3.76 3.78 7.34 6.12
3.72 3.42 7.84 6.26
3.86 3.78 6.98 5.76
3.64 3.22 8.32 6.54
3.78 3.34 8.28 6.62
3.56 3.24 8.08 6.32
3.7 3.62 8.26 6.88
3.64 3.48 7.8 6.28
3.64 3.14 8.58 6.72
3.72 2.98 8.42 6.4
3.66 3.18 8.3 6.48
3.84 3.68 7.44 6.12
3.82 3.4 7.76 6.16
3.8 3.38 7.84 6.22
3.76 3.14 7.9 6.04
3.7 3.06 7.76 5.82
3.68 2.62 8.54 6.16
3.78 3.58 7.26 5.84
3.68 3.14 7.98 6.12
3.82 3.5 8.0 6.5
3.72 4.2 7.62 6.82
3.68 3.4 7.98 6.38
3.82 3.86 7.34 6.2
3.72 4.12 7.32 6.44
3.66 2.62 8.36 5.98
3.62 3.72 7.76 6.48
3.74 3.3 7.98 6.28
3.68 2.8 8.68 6.48
3.66 3.54 7.9 6.44
3.76 3.88 7.06 5.94
3.72 3.36 7.72 6.08
3.74 3.8 7.02 5.82
3.68 3.18 8.24 6.42
3.66 3.08 8.12 6.2
3.8 3.42 7.52 5.94
3.62 3.04 8.42 6.46
3.84 3.52 7.4 5.92
3.84 3.26 7.66 5.92
3.76 3.84 7.42 6.26
3.8 3.38 8.04 6.42
3.72 4.3 6.74 6.04
3.8 3.32 8.0 6.32
3.76 3.46 8.06 6.52
3.84 4.3 6.84 6.14
3.74 3.16 8.22 6.38
3.8 3.14 7.9 6.04
3.8 3.52 7.44 5.96
3.72 3.62 7.54 6.16
3.72 3.42 7.62 6.04
3.72 3.2 8.6 6.8
3.84 3.18 8.16 6.34
3.78 3.24 7.98 6.22
3.7 3.06 8.46 6.52
3.78 3.22 8.02 6.24
3.82 3.08 7.9 5.98
3.68 3.16 8.68 6.84
3.64 3.14 8.52 6.66
3.78 3.42 7.64 6.06
3.82 3.64 7.66 6.3
3.64 3.36 8.14 6.5
3.86 3.44 7.8 6.24
3.72 3.52 7.72 6.24
3.72 3.56 7.9 6.46
3.76 3.28 8.12 6.4
3.68 3.26 8.62 6.88
3.78 3.58 7.56 6.14
3.7 3.58 7.24 5.82
3.84 3.16 8.04 6.2
3.72 3.7 7.04 5.74
3.78 3.96 7.66 6.62
3.84 3.94 7.16 6.1
3.78 3.36 8.38 6.74
3.7 2.82 8.28 6.1
3.6 3.74 7.82 6.56
3.7 2.74 8.68 6.42
3.64 3.08 8.44 6.52
3.82 3.58 7.78 6.36
3.62 3.36 7.64 6.0
3.68 3.42 7.46 5.88
3.76 3.74 7.86 6.6
3.7 4.08 7.2 6.28
3.94 4.0 6.92 5.92
3.72 3.6 7.6 6.2
3.78 3.92 7.36 6.28
3.66 3.18 7.9 6.08
3.74 3.44 8.18 6.62
3.74 3.28 8.1 6.38
3.8 3.28 8.0 6.28
3.72 3.54 8.18 6.72
3.8 3.9 7.26 6.16
3.82 3.36 8.12 6.48
3.86 3.6 7.28 5.88
3.84 4.14 7.5 6.64
3.64 2.82 8.56 6.38
3.78 3.46 7.44 5.9
3.68 3.16 8.32 6.48
3.66 3.32 7.96 6.28
3.6 3.04 8.22 6.26
3.76 2.74 8.44 6.18
3.86 3.36 7.68 6.04
3.74 3.3 8.52 6.82
3.8 2.76 8.6 6.36
3.78 3.38 8.5 6.88
3.8 3.62 7.62 6.24
3.7 3.9 7.44 6.34
3.76 3.66 7.4 6.06
3.68 3.38 8.16 6.54
3.76 3.38 7.6 5.98
3.74 3.24 8.18 6.42
3.82 3.78 7.24 6.02
3.72 3.14 8.08 6.22
3.72 3.16 7.84 6.0
3.7 3.38 7.72 6.1
3.8 3.44 7.68 6.12
3.76 3.26 7.86 6.12
3.62 3.14 8.22 6.36
3.82 3.6 7.56 6.16
3.78 3.8 7.66 6.46
3.8 3.56 7.88 6.44
3.78 3.48 7.82 6.3
3.8 3.36 7.8 6.16
3.86 2.82 8.12 5.94
3.8 3.1 7.68 5.78
3.82 3.56 7.12 5.68
3.76 3.04 7.98 6.02
3.66 3.86 7.9 6.76
3.82 2.98 8.26 6.24
3.72 3.22 7.92 6.14
3.7 3.68 8.36 7.04
3.72 3.4 7.68 6.08
3.82 3.5 7.46 5.96
3.7 3.62 7.74 6.36
3.72 3.4 7.98 6.38
3.76 3.7 7.22 5.92
3.7 3.7 7.78 6.48
3.74 3.96 7.52 6.48
3.8 3.88 7.46 6.34
3.78 3.86 7.66 6.52
3.74 2.84 8.42 6.26
3.68 2.72 8.74 6.46
3.76 3.1 8.14 6.24
3.86 3.96 7.14 6.1
3.72 3.7 7.44 6.14
3.84 3.14 8.22 6.36
3.86 3.78 7.14 5.92
3.88 3.12 7.72 5.84
3.76 3.32 8.0 6.32
3.9 3.48 7.5 5.98
3.86 3.94 7.1 6.04
3.78 3.56 7.52 6.08
3.72 3.76 7.62 6.38
3.72 3.6 7.62 6.22
3.68 2.98 8.56 6.54
3.74 3.68 7.58 6.26
3.72 3.5 7.88 6.38
3.76 3.3 7.68 5.98
3.86 3.24 7.68 5.92
3.84 4.0 7.06 6.06
3.72 3.14 8.36 6.5
3.78 3.26 8.12 6.38
3.74 3.6 7.96 6.56
3.76 3.04 8.5 6.54
3.72 3.44 7.66 6.1
3.84 4.06 7.34 6.4
3.76 3.4 7.7 6.1
3.8 3.7 7.76 6.46
3.76 3.72 7.72 6.44
3.88 3.78 7.4 6.18
3.9 4.34 7.46 6.8
3.84 3.52 7.5 6.02
3.82 3.76 7.3 6.06
3.66 2.92 8.58 6.5
3.86 3.94 7.4 6.34
3.82 4.1 6.68 5.78
3.92 4.26 6.7 5.96
3.74 3.98 7.3 6.28
3.72 2.66 8.9 6.56
3.82 3.22 8.06 6.28
3.64 3.6 7.7 6.3
3.82 3.42 7.8 6.22
3.72 3.44 7.96 6.4
3.74 3.92 7.88 6.8
3.86 3.4 8.42 6.82
3.68 3.54 7.78 6.32
3.74 3.86 7.7 6.56
3.68 2.86 8.88 6.74
3.82 3.74 7.18 5.92
3.76 3.36 7.7 6.06
3.82 3.74 7.64 6.38
3.7 3.0 8.8 6.8
3.74 2.98 8.58 6.56
3.72 3.72 7.9 6.62
3.86 3.32 7.86 6.18
3.76 3.18 8.14 6.32
3.8 3.3 7.94 6.24
3.82 3.32 7.78 6.1
3.7 3.66 7.66 6.32
3.74 2.94 8.52 6.46
3.8 3.42 7.6 6.02
3.78 3.86 7.18 6.04
3.76 3.36 7.62 5.98
3.68 2.84 8.46 6.3
3.86 3.6 6.72 5.32
3.78 3.32 7.5 5.82
3.82 3.18 8.42 6.6
3.66 3.38 8.0 6.38
3.7 3.42 7.96 6.38
3.82 3.2 7.76 5.96
3.68 3.24 7.66 5.9
3.7 3.64 7.62 6.26
3.74 3.06 8.38 6.44
3.84 4.14 7.42 6.56
3.84 3.46 7.7 6.16
3.8 3.42 7.74 6.16
3.82 3.8 7.32 6.12
3.84 3.86 7.18 6.04
3.78 2.84 8.8 6.64
3.7 3.2 8.04 6.24
3.56 2.9 8.44 6.34
3.62 2.82 8.54 6.36
3.8 3.24 8.42 6.66
3.76 3.06 8.04 6.1
3.78 4.32 7.46 6.78
3.7 3.52 7.68 6.2
3.82 3.0 8.38 6.38
3.8 3.32 8.02 6.34
3.72 3.04 8.06 6.1
3.74 3.62 7.46 6.08
3.78 2.7 8.74 6.44
3.76 3.42 7.8 6.22
3.82 3.6 7.7 6.3
3.72 4.16 7.2 6.36
3.7 2.98 8.56 6.54
3.78 3.72 7.7 6.42
3.7 3.2 8.44 6.64
3.7 3.44 7.74 6.18
3.58 2.92 8.64 6.56
3.68 3.88 7.92 6.8
3.7 2.96 8.56 6.52
3.72 3.26 8.28 6.54
3.64 3.02 8.26 6.28
3.64 3.2 7.58 5.78
3.86 3.62 7.1 5.72
3.72 3.74 7.28 6.02
3.68 3.38 8.14 6.52
3.86 3.62 7.72 6.34
3.78 3.48 8.28 6.76
3.54 2.62 9.04 6.66
3.84 3.74 7.64 6.38
3.7 3.42 8.02 6.44
3.84 3.36 7.6 5.96
3.7 3.06 7.84 5.9
3.76 3.4 7.76 6.16
3.76 2.9 8.52 6.42
3.88 4.02 7.1 6.12
3.78 3.7 7.34 6.04
3.82 3.0 8.02 6.02
3.84 3.58 7.56 6.14
3.72 3.06 8.04 6.1
3.62 3.32 7.88 6.2
3.86 3.58 7.44 6.02
3.68 2.92 8.34 6.26
3.76 3.42 8.36 6.78
3.74 3.58 7.6 6.18
3.76 3.4 8.54 6.94
3.68 2.96 8.64 6.6
3.7 3.74 7.22 5.96
3.78 2.68 8.86 6.54
3.82 4.24 7.12 6.36
3.78 3.82 8.08 6.9
3.74 3.56 7.62 6.18
3.68 3.02 7.68 5.7
3.84 3.9 7.38 6.28
3.68 3.38 8.12 6.5
3.66 3.14 8.34 6.48
3.8 3.56 7.92 6.48
3.74 2.98 8.3 6.28
3.82 3.28 7.68 5.96
3.72 3.16 8.1 6.26
3.82 3.72 6.96 5.68
3.8 3.3 7.34 5.64
3.74 3.5 7.8 6.3
3.84 3.28 7.26 5.54
3.78 3.62 7.52 6.14
3.66 3.32 7.82 6.14
3.78 3.36 8.04 6.4
3.7 2.96 8.42 6.38
3.78 3.1 8.38 6.48
3.82 3.16 7.6 5.76
3.8 2.98 8.28 6.26
3.76 3.14 7.58 5.72
3.68 3.44 7.6 6.04
3.68 3.5 8.46 6.96
3.7 3.06 8.22 6.28
3.74 3.12 7.78 5.9
3.66 3.34 8.08 6.42
3.72 2.68 8.78 6.46
3.72 3.0 8.64 6.64
3.76 3.46 7.32 5.78
3.72 3.08 7.96 6.04
3.84 3.22 7.72 5.94
3.84 3.66 7.32 5.98
3.82 3.62 7.04 5.66
3.68 3.02 8.46 6.48
3.72 4.08 7.52 6.6
3.82 3.22 7.94 6.16
3.72 3.64 8.24 6.88
3.78 3.34 7.92 6.26
3.82 4.28 7.12 6.4
3.86 4.04 6.82 5.86
3.74 3.52 7.64 6.16
3.8 3.74 7.3 6.04
3.68 3.26 8.1 6.36
3.7 3.2 8.16 6.36
3.6 3.42 8.1 6.52
3.82 3.42 8.22 6.64
3.92 3.98 6.8 5.78
3.7 3.18 7.9 6.08
3.7 2.98 8.64 6.62
3.78 3.0 7.86 5.86
3.86 3.72 7.36 6.08
3.82 3.4 7.5 5.9
3.68 3.08 8.1 6.18
3.78 3.16 7.96 6.12
3.74 2.92 8.3 6.22
3.68 3.32 7.9 6.22
3.88 3.5 7.58 6.08
3.78 3.58 8.36 6.94
3.8 3.9 7.04 5.94
3.86 3.52 7.28 5.8
3.72 3.94 7.66 6.6
3.76 2.86 8.18 6.04
3.82 3.46 8.1 6.56
3.78 3.18 7.56 5.74
3.78 3.86 7.56 6.42
3.8 3.22 7.6 5.82
3.84 3.46 8.36 6.82
3.74 2.74 8.4 6.14
3.72 3.36 8.1 6.46
3.78 4.12 7.8 6.92
3.74 3.68 7.72 6.4
3.74 3.94 7.82 6.76
3.78 3.44 7.8 6.24
3.6 3.06 8.4 6.46
3.7 3.22 8.34 6.56
3.7 3.06 7.9 5.96
3.74 2.84 8.38 6.22
3.72 3.12 8.5 6.62
3.76 3.2 8.0 6.2
3.8 3.74 7.92 6.66
3.74 3.52 7.96 6.48
3.58 2.7 8.52 6.22
3.7 3.62 7.42 6.04
3.62 3.3 8.12 6.42
3.74 2.86 7.96 5.82
3.72 3.16 8.0 6.16
3.9 4.0 7.06 6.06
3.82 3.4 7.54 5.94
3.76 3.1 8.14 6.24
3.82 3.26 8.12 6.38
3.78 3.36 7.78 6.14
3.7 2.66 8.86 6.52
3.72 3.3 7.68 5.98
3.72 2.94 8.4 6.34
3.82 4.04 7.86 6.9
3.62 2.98 8.56 6.54
3.72 3.12 8.32 6.44
3.64 3.58 7.9 6.48
3.82 3.76 8.1 6.86
3.84 3.44 7.8 6.24
3.56 2.76 8.82 6.58
3.7 3.52 8.04 6.56
3.74 4.04 7.38 6.42
3.78 3.46 7.9 6.36
3.72 3.08 8.32 6.4
3.72 3.58 7.52 6.1
3.64 3.18 7.98 6.16
3.72 3.66 7.4 6.06
3.66 3.62 7.92 6.54
3.9 3.74 7.8 6.54
3.74 3.34 8.0 6.34
3.62 3.4 8.14 6.54
3.7 3.12 8.46 6.58
3.52 2.92 8.88 6.8
3.66 3.02 8.64 6.66
3.8 3.56 7.44 6.0
3.88 4.18 6.8 5.98
3.74 3.46 7.36 5.82
3.9 3.38 7.88 6.26
3.86 3.32 7.38 5.7
3.7 3.38 7.84 6.22
3.78 3.34 7.66 6.0
3.76 3.5 7.94 6.44
3.84 3.3 8.08 6.38
3.64 3.0 8.58 6.58
3.8 3.26 7.7 5.96
3.68 3.84 7.56 6.4
3.78 3.5 7.36 5.86
3.9 3.42 7.28 5.7
3.76 2.82 8.12 5.94
3.7 2.88 8.04 5.92
3.88 4.08 7.1 6.18
3.82 3.86 7.74 6.6
3.76 3.66 7.38 6.04
3.76 3.14 7.44 5.58
3.9 3.5 7.88 6.38
3.76 3.16 7.92 6.08
3.68 3.24 8.02 6.26
3.92 3.82 6.72 5.54
3.68 2.92 8.58 6.5
3.74 4.04 7.58 6.62
3.84 4.0 7.02 6.02
3.74 3.3 7.98 6.28
3.76 3.64 6.98 5.62
3.84 3.94 7.78 6.72
3.78 2.8 8.2 6.0
3.78 3.16 8.1 6.26
3.88 3.38 7.58 5.96
3.78 3.32 8.44 6.76
3.66 3.0 8.7 6.7
3.72 2.92 8.56 6.48
3.7 2.96 8.08 6.04
3.9 3.98 7.1 6.08
3.76 3.26 8.26 6.52
3.74 3.58 8.14 6.72
3.86 3.24 7.08 5.32
3.64 3.58 7.52 6.1
3.84 3.3 7.86 6.16
3.64 3.62 7.48 6.1
3.82 4.04 7.86 6.9
3.86 2.94 8.3 6.24
3.82 3.82 7.32 6.14
3.76 3.14 8.22 6.36
3.82 3.48 7.88 6.36
3.68 3.26 8.56 6.82
3.84 3.52 7.2 5.72
3.7 2.96 8.12 6.08
3.76 3.88 8.04 6.92
3.84 3.4 7.98 6.38
3.78 3.48 7.52 6.0
3.62 2.48 9.16 6.64
3.82 3.42 7.96 6.38
3.78 3.32 8.12 6.44
3.78 3.54 8.4 6.94
3.86 3.34 7.44 5.78
3.78 3.26 8.4 6.66
3.82 3.74 7.8 6.54
3.76 3.08 8.36 6.44
3.78 3.44 8.44 6.88
3.84 3.42 7.98 6.4
3.82 3.42 7.58 6.0
3.76 3.56 7.96 6.52
3.68 3.1 8.46 6.56
3.66 3.2 7.96 6.16
3.74 3.32 7.66 5.98
3.72 3.84 7.62 6.46
3.58 2.7 9.04 6.74
3.66 2.76 8.66 6.42
3.72 3.46 8.0 6.46
3.78 3.56 8.0 6.56
3.8 3.44 7.76 6.2
3.76 3.08 8.26 6.34
3.88 3.62 7.64 6.26
3.86 3.82 7.2 6.02
3.78 3.26 7.9 6.16
3.76 2.88 8.3 6.18
3.84 3.56 7.62 6.18
3.72 3.52 7.7 6.22
3.88 4.14 7.0 6.14
3.74 3.52 7.28 5.8
3.62 2.9 8.62 6.52
3.66 3.32 7.82 6.14
3.8 3.64 7.44 6.08
3.72 3.66 7.78 6.44
3.84 3.44 7.84 6.28
3.78 4.02 7.36 6.38
3.68 3.12 8.42 6.54
3.8 3.34 8.16 6.5
3.76 3.52 7.5 6.02
3.82 3.48 7.4 5.88
3.84 3.3 7.64 5.94
3.76 3.56 7.98 6.54
3.84 3.92 7.06 5.98
3.76 3.56 7.96 6.52
3.66 2.92 8.74 6.66
3.7 2.94 8.24 6.18
3.7 3.6 7.74 6.34
3.84 3.78 8.06 6.84
3.68 3.86 7.8 6.66
3.68 3.04 7.8 5.84
3.74 3.48 7.78 6.26
3.7 3.38 8.54 6.92
3.78 3.14 8.28 6.42
3.7 2.94 8.64 6.58
3.78 3.64 7.92 6.56
3.7 3.36 8.06 6.42
3.66 2.54 8.34 5.88
3.78 3.1 8.18 6.28
3.72 3.38 7.84 6.22
3.9 3.76 7.24 6.0
3.7 3.44 8.14 6.58
3.74 3.72 7.58 6.3
3.7 3.7 8.18 6.88
3.82 3.68 7.54 6.22
3.76 3.88 7.06 5.94
3.5 2.94 8.5 6.44
3.8 3.34 7.84 6.18
3.8 3.58 7.68 6.26
3.76 3.68 7.14 5.82
3.8 2.92 7.68 5.6
3.7 3.32 8.22 6.54
3.6 2.96 8.56 6.52
3.7 2.56 7.98 5.54
3.66 2.98 7.8 5.78
3.76 3.18 8.18 6.36
3.74 3.84 7.82 6.66
3.78 3.04 8.32 6.36
3.88 3.3 8.44 6.74
3.76 3.7 7.94 6.64
3.8 3.9 7.44 6.34
3.78 3.22 8.64 6.86
3.82 3.1 7.7 5.8
3.7 3.18 8.1 6.28
3.7 2.92 8.28 6.2
3.88 3.5 8.16 6.66
3.76 3.4 7.36 5.76
3.82 3.54 8.06 6.6
3.78 2.52 8.54 6.06
3.82 3.92 7.32 6.24
3.84 3.96 7.38 6.34
3.58 2.96 8.42 6.38
3.76 3.48 7.52 6.0
3.6 3.36 7.76 6.12
3.62 3.3 8.04 6.34
3.74 3.1 8.14 6.24
3.54 3.12 8.4 6.52
3.78 3.26 8.06 6.32
3.74 3.14 7.84 5.98
3.84 3.62 7.24 5.86
3.68 4.16 7.46 6.62
3.78 3.4 7.92 6.32
3.88 3.68 7.24 5.92
3.74 2.68 8.64 6.32
3.72 3.86 7.48 6.34
3.78 2.88 8.7 6.58
3.82 3.64 7.46 6.1
3.82 3.42 8.0 6.42
3.8 3.18 7.66 5.84
3.62 3.02 8.3 6.32
3.8 3.84 7.28 6.12
3.86 3.42 7.66 6.08
3.66 3.46 7.82 6.28
3.84 3.64 7.56 6.2
3.74 3.7 7.82 6.52
3.74 3.88 7.14 6.02
3.64 3.38 7.94 6.32
3.88 3.96 6.72 5.68
3.86 3.78 7.32 6.1
3.68 3.06 8.12 6.18
3.74 3.04 8.04 6.08
3.78 3.58 7.08 5.66
3.7 3.4 8.52 6.92
3.68 2.76 8.8 6.56
3.82 3.54 7.78 6.32
3.82 3.54 7.84 6.38
3.52 3.02 9.04 7.06
3.84 4.04 6.76 5.8
3.78 3.4 8.76 7.16
3.78 3.1 8.2 6.3
3.84 3.52 7.5 6.02
3.7 3.42 7.72 6.14
3.6 3.32 8.34 6.66
3.48 2.94 8.58 6.52
3.62 2.92 8.66 6.58
3.7 3.08 7.78 5.86
3.6 2.98 8.68 6.66
3.8 3.86 7.52 6.38
3.88 4.18 6.84 6.02
3.72 3.72 7.22 5.94
3.74 3.64 7.72 6.36
3.68 3.28 8.22 6.5
3.84 3.44 7.66 6.1
3.74 3.36 7.92 6.28
3.82 3.26 7.72 5.98
3.68 3.36 8.06 6.42
3.58 3.7 7.64 6.34
3.78 3.46 8.46 6.92
3.68 3.12 8.64 6.76
3.8 3.46 7.8 6.26
3.78 3.74 7.68 6.42
3.76 3.1 8.24 6.34
3.64 3.18 8.16 6.34
3.66 3.34 7.42 5.76
3.64 2.78 8.82 6.6
3.84 3.54 7.7 6.24
3.86 3.92 7.02 5.94
3.7 3.24 8.08 6.32
3.76 3.06 8.1 6.16
3.88 3.08 8.06 6.14
3.84 3.68 7.22 5.9
3.78 3.18 7.96 6.14
3.86 3.1 7.96 6.06
3.74 2.9 7.98 5.88
3.8 3.24 8.18 6.42
3.78 3.6 7.84 6.44
3.76 2.74 8.24 5.98
3.88 3.48 8.14 6.62
3.68 2.98 8.36 6.34
3.82 3.56 7.46 6.02
3.8 3.94 7.1 6.04
3.72 3.36 7.3 5.66
3.8 2.9 8.9 6.8
3.7 3.42 8.08 6.5
3.76 3.5 7.72 6.22
3.68 3.56 7.88 6.44
3.74 3.06 8.28 6.34
3.74 2.94 7.94 5.88
3.78 3.44 8.16 6.6
3.72 3.2 8.54 6.74
3.78 3.08 8.12 6.2
3.74 2.9 8.52 6.42
3.82 3.74 7.88 6.62
3.76 3.08 7.74 5.82
3.74 3.8 7.62 6.42
3.8 3.76 7.36 6.12
3.62 3.34 8.26 6.6
3.66 3.34 7.88 6.22
3.7 2.72 8.72 6.44
3.8 3.72 7.62 6.34
3.86 3.38 7.76 6.14
3.7 2.78 9.12 6.9
3.62 3.02 8.52 6.54
3.78 3.36 8.36 6.72
3.7 3.82 7.32 6.14
3.78 3.36 7.86 6.22
3.82 3.26 7.98 6.24
3.68 3.54 7.84 6.38
3.76 3.66 7.14 5.8
3.64 3.56 7.72 6.28
3.68 3.0 7.62 5.62
3.7 3.44 8.26 6.7
3.76 3.8 7.58 6.38
3.84 3.78 7.52 6.3
3.8 3.48 7.64 6.12
3.78 3.12 7.56 5.68
3.84 3.92 7.4 6.32
3.62 3.36 8.0 6.36
3.78 3.14 8.06 6.2
3.76 4.16 7.1 6.26
3.68 3.3 7.86 6.16
3.72 3.3 8.08 6.38
3.78 3.64 7.62 6.26
3.82 3.58 7.78 6.36
3.78 3.34 8.26 6.6
3.72 3.28 8.14 6.42
3.84 3.8 7.2 6.0
3.86 3.78 7.66 6.44
3.68 3.18 7.8 5.98
3.74 3.6 7.2 5.8
3.64 3.4 7.9 6.3
3.86 3.58 7.56 6.14
3.88 3.72 8.16 6.88
3.8 4.02 7.18 6.2
3.76 3.22 7.42 5.64
3.78 3.68 7.18 5.86
3.7 3.84 8.06 6.9
3.84 2.68 8.42 6.1
3.8 3.36 7.48 5.84
3.76 3.7 7.3 6.0
3.84 3.5 7.2 5.7
3.62 3.98 7.64 6.62
3.94 3.92 7.26 6.18
3.74 3.72 7.9 6.62
3.78 3.42 7.96 6.38
3.66 3.68 7.96 6.64
3.78 3.68 7.84 6.52
3.76 3.88 8.16 7.04
3.82 3.64 7.22 5.86
3.72 2.94 8.3 6.24
3.72 3.22 8.24 6.46
3.68 3.48 7.38 5.86
3.72 3.08 7.7 5.78
3.74 3.92 7.76 6.68
3.8 3.4 7.46 5.86
3.86 3.46 7.74 6.2
3.72 3.32 7.76 6.08
3.76 3.5 7.76 6.26
3.68 3.48 7.8 6.28
3.8 3.54 7.52 6.06
3.72 2.94 8.08 6.02
3.84 3.14 8.08 6.22
3.68 3.4 7.78 6.18
3.76 3.28 7.9 6.18
3.84 3.36 8.3 6.66
3.92 3.86 7.08 5.94
3.8 3.4 7.56 5.96
3.76 3.58 8.02 6.6
3.74 3.26 8.44 6.7
3.78 3.14 8.06 6.2
3.78 3.38 7.9 6.28
3.78 3.3 7.88 6.18
3.72 3.34 7.4 5.74
3.9 4.4 6.54 5.94
3.7 3.08 8.76 6.84
3.72 3.64 7.4 6.04
3.76 4.0 6.98 5.98
3.68 3.32 8.1 6.42
3.78 3.32 7.86 6.18
3.66 3.08 8.26 6.34
3.7 3.44 7.92 6.36
3.78 3.66 7.7 6.36
3.88 3.4 7.76 6.16
3.84 3.04 8.62 6.66
3.72 3.32 8.1 6.42
3.8 3.06 8.4 6.46
3.78 3.34 7.4 5.74
3.84 3.62 7.88 6.5
3.84 3.92 7.32 6.24
3.8 3.04 8.26 6.3
3.76 3.34 7.96 6.3
3.72 3.2 8.1 6.3
3.82 3.16 8.06 6.22
3.74 3.34 7.98 6.32
3.76 4.02 7.22 6.24
3.84 3.34 7.72 6.06
3.66 2.82 8.4 6.22
3.8 3.64 7.48 6.12
3.76 3.28 8.54 6.82
3.82 3.5 7.36 5.86
3.72 3.4 7.54 5.94
3.76 4.08 7.42 6.5
3.74 3.18 8.16 6.34
3.66 2.84 8.44 6.28
3.74 2.62 8.6 6.22
3.8 3.54 7.76 6.3
3.82 4.02 7.18 6.2
3.78 3.14 7.94 6.08
3.8 3.04 7.64 5.68
3.6 3.4 8.08 6.48
3.78 3.24 7.82 6.06
3.68 3.92 7.48 6.4
3.88 3.52 8.22 6.74
3.74 3.26 8.12 6.38
3.86 3.24 8.14 6.38
3.8 3.82 7.56 6.38
3.84 4.24 7.08 6.32
3.68 3.38 8.06 6.44
3.8 3.62 8.2 6.82
3.7 3.8 7.9 6.7
3.74 4.02 7.52 6.54
3.76 3.02 8.08 6.1
3.84 3.88 7.76 6.64
3.8 3.38 8.12 6.5
3.76 3.62 7.4 6.02
3.86 4.08 7.5 6.58
3.76 3.1 8.3 6.4
3.88 3.7 7.46 6.16
3.76 3.1 8.34 6.44
3.84 4.2 6.86 6.06
3.84 3.52 7.14 5.66
3.72 3.5 7.28 5.78
3.68 2.86 8.22 6.08
3.84 3.02 7.94 5.96
3.86 3.8 7.0 5.8
3.58 3.08 8.12 6.2
3.76 3.34 8.26 6.6
3.76 3.52 7.6 6.12
3.68 3.66 7.54 6.2
3.76 3.72 7.18 5.9
3.84 3.12 8.24 6.36
3.64 2.9 8.68 6.58
3.8 2.98 8.42 6.4
3.72 3.66 7.6 6.26
3.82 3.64 7.84 6.48
3.78 3.22 8.06 6.28
3.76 3.72 7.1 5.82
3.68 3.12 7.92 6.04
3.76 3.36 7.98 6.34
3.6 3.24 8.72 6.96
3.76 4.16 7.44 6.6
3.84 3.42 7.66 6.08
3.82 3.84 7.52 6.36
3.76 3.84 7.14 5.98
3.84 3.82 7.1 5.92
3.82 3.82 7.52 6.34
3.74 3.72 7.96 6.68
3.74 3.18 7.72 5.9
3.84 3.4 7.36 5.76
3.78 2.84 8.26 6.1
3.84 3.3 7.76 6.06
3.72 3.16 8.0 6.16
3.78 3.1 8.32 6.42
3.72 3.08 8.18 6.26
3.68 3.5 8.54 7.04
3.86 3.46 7.74 6.2
3.76 3.62 8.1 6.72
3.8 3.5 7.6 6.1
3.72 3.3 8.04 6.34
3.7 3.22 8.12 6.34
3.66 3.98 8.2 7.18
3.84 3.38 7.34 5.72
3.84 3.84 7.82 6.66
3.88 3.76 7.66 6.42
3.68 3.42 8.1 6.52
3.84 3.78 7.48 6.26
3.72 3.38 8.3 6.68
3.84 4.0 7.18 6.18
3.72 3.84 7.92 6.76
3.84 3.82 7.36 6.18
3.76 3.54 7.86 6.4
3.74 3.22 8.12 6.34
3.68 3.34 7.88 6.22
3.7 3.1 8.24 6.34
3.7 3.78 7.88 6.66
3.54 2.74 8.68 6.42
3.82 3.04 8.44 6.48
3.74 3.38 8.04 6.42
3.78 3.48 7.46 5.94
3.88 3.7 6.94 5.64
3.68 3.52 7.4 5.92
3.72 3.26 8.14 6.4
3.78 3.38 7.84 6.22
3.64 2.84 8.58 6.42
3.82 3.74 7.28 6.02
3.78 2.82 8.34 6.16
3.8 3.5 7.2 5.7
3.76 3.3 7.86 6.16
3.64 3.3 8.0 6.3
3.7 3.5 7.96 6.46
3.6 3.26 8.36 6.62
3.76 3.66 7.14 5.8
3.62 2.92 8.4 6.32
3.8 3.76 7.68 6.44
3.82 3.32 8.16 6.48
3.72 3.26 8.16 6.42
3.88 3.54 7.66 6.2
3.88 4.08 7.04 6.12
3.76 3.48 7.88 6.36
3.58 3.4 7.68 6.08
3.82 3.78 7.44 6.22
3.68 3.86 7.68 6.54
3.7 3.3 7.5 5.8
3.8 3.26 7.68 5.94
3.76 3.2 7.8 6.0
3.74 3.94 7.36 6.3
3.92 3.76 7.62 6.38
3.74 3.54 7.74 6.28
3.76 3.78 7.46 6.24
3.78 3.02 7.78 5.8
3.76 3.56 7.78 6.34
3.68 3.08 8.1 6.18
3.74 3.08 8.34 6.42
3.64 3.66 7.66 6.32
3.74 3.78 7.84 6.62
3.82 3.62 7.7 6.32
3.74 3.14 8.48 6.62
3.8 3.3 8.06 6.36
3.74 3.8 7.24 6.04
3.74 3.38 8.06 6.44
3.86 3.54 7.58 6.12
3.78 3.42 7.82 6.24
3.72 3.12 7.96 6.08
3.76 3.24 7.98 6.22
3.78 2.56 8.52 6.08
3.7 2.94 8.36 6.3
3.7 3.5 7.64 6.14
3.82 3.64 7.7 6.34
3.72 3.64 7.44 6.08
3.72 3.16 8.44 6.6
3.9 3.86 7.16 6.02
3.84 3.58 7.46 6.04
3.76 3.94 7.12 6.06
3.54 3.0 8.5 6.5
3.74 3.24 8.16 6.4
3.68 2.62 8.58 6.2
3.76 3.86 7.9 6.76
3.76 3.22 7.84 6.06
3.66 3.72 7.74 6.46
3.78 2.86 8.42 6.28
3.82 3.96 7.72 6.68
3.7 3.1 8.2 6.3
3.76 3.26 8.04 6.3
3.8 3.9 6.96 5.86
3.68 3.24 8.28 6.52
3.78 3.42 7.8 6.22
3.7 2.96 8.56 6.52
3.76 3.28 7.72 6.0
3.74 3.14 8.74 6.88
3.74 3.28 8.16 6.44
3.84 3.58 7.38 5.96
3.7 3.72 7.46 6.18
3.56 3.54 8.2 6.74
3.74 3.08 7.9 5.98
3.84 3.3 7.82 6.12
3.82 3.54 7.54 6.08
3.82 2.76 8.36 6.12
3.68 3.0 8.18 6.18
3.86 3.66 7.92 6.58
3.78 3.34 7.8 6.14
3.7 3.2 8.34 6.54
3.76 3.18 7.68 5.86
3.74 3.34 8.4 6.74
3.64 2.88 8.64 6.52
3.7 3.18 8.08 6.26
3.72 3.0 8.58 6.58
3.74 2.86 8.6 6.46
3.9 4.14 7.24 6.38
3.84 3.68 7.56 6.24
3.76 3.72 7.5 6.22
3.6 3.14 8.02 6.16
3.74 2.88 8.22 6.1
3.76 3.28 8.46 6.74
3.82 3.52 7.3 5.82
3.78 3.28 7.64 5.92
3.74 2.78 8.36 6.14
3.84 3.44 7.7 6.14
3.72 4.26 7.14 6.4
3.7 3.38 7.92 6.3
3.88 4.08 6.88 5.96
3.7 3.34 8.36 6.7
3.82 3.74 6.78 5.52
3.82 3.0 8.04 6.04
3.84 3.46 7.86 6.32
3.84 3.24 8.12 6.36
3.78 3.7 7.84 6.54
3.86 2.94 8.64 6.58
3.86 4.1 7.1 6.2
3.78 3.42 7.78 6.2
3.84 4.06 7.62 6.68
3.66 3.22 8.64 6.86
3.82 3.56 7.56 6.12
3.7 3.2 8.14 6.34
3.84 4.0 7.1 6.1
3.7 3.62 7.68 6.3
3.88 3.72 7.62 6.34
3.8 3.28 8.12 6.4
3.78 3.66 7.72 6.38
3.9 3.96 7.16 6.12
3.74 3.18 7.82 6.0
3.72 3.7 7.4 6.1
3.72 3.4 7.72 6.12
3.66 2.88 8.28 6.16
3.8 3.26 8.08 6.34
3.8 3.82 7.4 6.22
3.72 2.9 8.5 6.4
3.84 3.72 7.72 6.44
3.68 3.1 8.34 6.44
3.76 3.82 6.86 5.68
3.8 3.6 8.06 6.66
3.74 2.9 8.3 6.2
3.76 3.4 7.74 6.14
3.78 3.5 7.94 6.44
3.76 3.24 7.52 5.76
3.66 2.82 8.74 6.56
3.44 2.82 9.12 6.94
3.86 3.64 7.5 6.14
3.84 3.1 7.76 5.86
3.84 4.02 6.74 5.76
3.8 3.1 7.8 5.9
3.68 2.94 8.6 6.54
3.82 3.54 7.7 6.24
3.68 3.26 7.96 6.22
3.88 3.34 7.4 5.74
3.72 3.32 8.34 6.66
3.78 3.54 7.82 6.36
3.76 4.0 7.26 6.26
3.62 3.08 8.14 6.22
3.74 3.22 7.82 6.04
3.8 3.54 7.64 6.18
3.88 3.74 7.62 6.36
3.76 3.7 8.04 6.74
3.7 3.24 8.24 6.48
3.78 3.08 7.82 5.9
3.78 3.56 7.58 6.14
3.78 3.32 8.04 6.36
3.66 3.06 8.16 6.22
3.8 2.96 8.18 6.14
3.68 3.28 8.28 6.56
3.56 3.12 8.26 6.38
3.68 3.76 7.82 6.58
3.86 3.86 7.22 6.08
3.7 3.6 7.68 6.28
3.92 3.32 8.16 6.48
3.68 3.18 7.7 5.88
3.84 3.88 7.16 6.04
3.66 3.38 8.24 6.62
3.78 3.14 8.38 6.52
3.82 3.94 7.4 6.34
3.68 3.3 8.12 6.42
3.82 3.08 8.06 6.14
3.78 3.72 7.36 6.08
3.8 3.0 8.64 6.64
3.62 2.68 8.66 6.34
3.7 3.3 7.94 6.24
3.7 3.5 7.3 5.8
3.82 3.32 7.42 5.74
3.82 3.64 7.6 6.24
3.82 3.86 7.9 6.76
3.82 4.24 8.0 7.24
3.68 2.8 8.4 6.2
3.78 3.6 7.28 5.88
3.8 3.44 7.48 5.92
3.8 2.9 8.64 6.54
3.68 2.8 8.46 6.26
3.8 3.72 7.78 6.5
3.72 3.28 8.2 6.48
3.84 3.3 8.06 6.36
3.78 3.12 7.76 5.88
3.82 3.4 7.9 6.3
3.8 3.44 7.92 6.36
3.78 3.94 7.18 6.12
3.86 3.66 6.88 5.54
3.74 3.4 8.1 6.5
3.72 4.08 7.2 6.28
3.84 3.34 7.78 6.12
3.76 3.06 7.98 6.04
3.86 3.34 8.1 6.44
3.6 3.12 8.46 6.58
3.78 3.46 8.38 6.84
3.8 3.78 7.78 6.56
3.76 3.08 7.82 5.9
3.88 3.68 7.38 6.06
3.72 3.12 8.3 6.42
3.74 2.72 8.3 6.02
3.8 3.5 8.18 6.68
3.72 3.66 7.44 6.1
3.7 3.02 8.38 6.4
3.76 3.14 8.22 6.36
3.84 3.68 7.56 6.24
3.64 4.08 7.46 6.54
3.74 3.78 7.28 6.06
3.76 3.48 7.68 6.16
3.8 3.26 7.78 6.04
3.64 3.12 7.88 6.0
3.64 3.14 8.26 6.4
3.64 2.72 8.18 5.9
3.82 4.24 7.16 6.4
3.76 3.2 8.56 6.76
3.82 4.02 7.12 6.14
3.78 3.18 8.26 6.44
3.72 3.9 7.62 6.52
3.74 3.96 7.64 6.6
3.84 3.92 7.62 6.54
3.7 3.04 8.26 6.3
3.7 3.26 8.14 6.4
3.78 3.48 7.5 5.98
3.68 3.36 7.84 6.2
3.68 3.78 7.84 6.62
3.78 3.26 7.92 6.18
3.88 3.66 7.22 5.88
3.86 3.48 7.32 5.8
3.72 3.76 7.82 6.58
3.78 3.9 7.58 6.48
3.88 4.06 7.42 6.48
3.76 3.06 8.08 6.14
3.64 2.98 8.84 6.82
3.72 3.16 8.36 6.52
3.74 3.24 8.22 6.46
3.74 3.1 8.24 6.34
3.72 3.36 7.6 5.96
3.78 3.34 7.9 6.24
3.9 3.72 6.94 5.66
3.78 3.7 7.2 5.9
3.74 3.04 8.48 6.52
3.74 3.12 8.44 6.56
3.76 3.16 8.0 6.16
3.78 3.38 7.96 6.34
3.76 3.34 7.76 6.1
3.84 3.7 7.82 6.52
3.64 2.96 8.32 6.28
3.6 3.14 8.04 6.18
3.84 3.24 7.66 5.9
3.72 3.08 8.36 6.44
3.7 3.24 8.28 6.52
3.7 2.96 8.78 6.74
3.78 2.78 7.96 5.74
3.72 4.38 6.8 6.18
3.72 3.78 7.64 6.42
3.76 3.96 7.22 6.18
3.78 3.3 7.64 5.94
3.6 2.96 8.22 6.18
3.86 3.4 7.64 6.04
3.78 3.48 7.76 6.24
3.74 3.26 7.78 6.04
3.86 3.68 7.24 5.92
3.74 2.78 8.7 6.48
3.74 2.96 7.92 5.88
3.84 3.1 7.74 5.84
3.86 3.9 7.06 5.96
3.78 3.96 7.34 6.3
3.74 3.28 7.58 5.86
3.86 3.74 7.54 6.28
3.64 3.12 8.08 6.2
3.64 3.46 8.2 6.66
3.86 3.06 8.4 6.46
3.7 3.1 7.96 6.06
3.74 3.6 8.34 6.94
3.8 3.28 7.86 6.14
3.7 2.94 8.2 6.14
3.78 3.72 7.9 6.62
3.78 3.68 7.26 5.94
3.78 3.18 7.48 5.66
3.72 3.46 8.04 6.5
3.84 3.64 7.62 6.26
3.72 3.14 8.04 6.18
3.66 3.38 7.78 6.16
3.66 2.9 8.46 6.36
3.72 3.54 7.84 6.38
3.68 3.16 8.18 6.34
3.84 3.84 7.52 6.36
3.76 3.02 8.38 6.4
3.82 3.22 7.66 5.88
3.78 3.12 8.24 6.36
3.76 3.16 8.18 6.34
3.74 3.48 7.9 6.38
3.8 3.9 7.6 6.5
3.76 3.84 7.3 6.14
3.7 3.32 8.04 6.36
3.8 3.34 7.46 5.8
3.82 3.32 8.28 6.6
3.68 3.02 7.98 6.0
3.88 3.84 7.2 6.04
3.82 4.14 7.1 6.24
3.66 2.84 8.54 6.38
3.78 3.76 7.26 6.02
3.74 3.62 7.8 6.42
3.78 3.02 8.22 6.24
3.72 3.32 7.76 6.08
3.74 3.14 7.52 5.66
3.74 3.26 7.88 6.14
3.72 3.14 8.32 6.46
3.84 3.46 7.3 5.76
3.88 2.76 8.18 5.94
3.6 3.46 8.16 6.62
3.62 3.76 7.4 6.16
3.82 3.14 7.68 5.82
3.68 2.76 9.22 6.98
3.96 4.42 6.44 5.86
3.78 3.44 7.76 6.2
3.74 2.72 8.68 6.4
3.86 3.88 7.56 6.44
3.74 3.22 7.98 6.2
3.84 3.44 7.72 6.16
3.68 3.52 7.5 6.02
3.88 3.74 7.38 6.12
3.8 3.58 7.66 6.24
3.88 4.28 6.96 6.24
3.88 4.26 7.04 6.3
3.78 3.6 8.32 6.92
3.76 3.46 7.6 6.06
3.74 3.76 7.96 6.72
3.68 3.3 7.66 5.96
3.72 3.32 8.46 6.78
3.7 3.16 8.16 6.32
3.64 2.88 8.22 6.1
3.82 3.08 8.1 6.18
3.72 3.62 7.56 6.18
3.82 3.36 7.58 5.94
3.74 3.7 8.02 6.72
3.82 3.28 7.56 5.84
3.78 3.68 8.02 6.7
3.84 3.44 7.4 5.84
3.8 3.3 7.76 6.06
3.8 3.64 7.76 6.4
3.92 3.56 8.34 6.9
3.74 3.44 7.76 6.2
3.86 3.72 7.62 6.34
3.74 3.62 8.14 6.76
3.66 3.22 7.72 5.94
3.72 3.02 7.72 5.74
3.74 3.42 7.38 5.8
3.76 3.38 7.94 6.32
3.78 2.84 8.12 5.96
3.8 3.42 7.9 6.32
3.62 3.2 8.2 6.4
3.66 3.02 8.34 6.36
3.82 3.88 7.28 6.16
3.82 3.56 7.7 6.26
3.84 3.34 7.42 5.76
3.8 3.92 7.18 6.1
3.72 3.48 7.8 6.28
3.68 3.04 8.2 6.24
3.68 2.96 7.9 5.86
3.72 3.78 7.58 6.36
3.82 4.12 7.32 6.44
3.84 3.66 7.66 6.32
3.82 3.5 8.12 6.62
3.74 3.04 8.04 6.08
3.74 3.92 7.16 6.08
3.88 3.42 7.94 6.36
3.84 3.48 7.24 5.72
3.7 2.4 9.54 6.94
3.7 2.96 8.18 6.14
3.7 3.32 8.2 6.52
3.82 3.4 8.3 6.7
3.84 4.16 7.08 6.24
3.82 3.88 7.44 6.32
3.74 3.3 8.2 6.5
3.66 3.44 7.68 6.12
3.66 3.56 7.92 6.48
3.74 3.18 8.16 6.34
3.74 3.4 7.48 5.88
3.74 3.54 8.02 6.56
3.8 3.24 8.2 6.44
3.72 3.3 7.62 5.92
3.84 3.16 8.0 6.16
3.78 3.08 8.26 6.34
3.78 3.54 8.36 6.9
3.9 3.54 7.78 6.32
3.7 3.18 7.88 6.06
3.82 3.5 7.58 6.08
3.68 3.08 8.42 6.5
3.9 3.04 7.86 5.9
3.7 4.08 7.1 6.18
3.7 3.6 7.66 6.26
3.78 3.64 6.8 5.44
3.78 3.36 7.52 5.88
3.72 3.86 7.4 6.26
3.82 3.38 7.28 5.66
3.6 3.28 8.62 6.9
3.74 3.2 8.12 6.32
3.66 3.48 7.74 6.22
3.74 2.96 8.14 6.1
3.72 3.32 8.34 6.66
3.76 2.52 8.94 6.46
3.84 3.72 7.58 6.3
3.66 2.84 8.56 6.4
3.8 3.58 8.12 6.7
3.64 3.62 7.62 6.24
3.74 3.52 7.6 6.12
3.86 3.72 7.38 6.1
3.74 3.12 8.2 6.32
3.72 3.0 8.38 6.38
3.72 3.26 8.04 6.3
3.72 3.5 8.54 7.04
3.86 3.98 7.06 6.04
3.78 3.48 7.88 6.36
3.9 3.68 7.64 6.32
3.68 3.6 7.54 6.14
3.94 3.58 7.78 6.36
3.9 4.32 6.74 6.06
3.62 3.9 7.52 6.42
3.86 4.4 7.24 6.64
3.76 3.54 8.2 6.74
3.68 3.24 8.36 6.6
3.8 3.3 7.8 6.1
3.82 4.0 6.86 5.86
3.7 3.52 7.72 6.24
3.82 3.36 7.86 6.22
3.84 4.16 7.04 6.2
3.74 3.14 7.74 5.88
3.84 3.18 7.68 5.86
3.58 2.84 8.78 6.62
3.68 3.18 8.02 6.2
3.74 4.02 7.1 6.12
3.82 3.34 7.58 5.92
3.66 3.02 8.42 6.44
3.62 3.92 7.62 6.54
3.82 3.38 8.06 6.44
3.74 3.16 8.38 6.54
3.64 2.78 8.72 6.5
3.86 3.86 7.24 6.1
3.8 3.7 7.36 6.06
3.8 3.04 8.1 6.14
3.86 3.5 8.58 7.08
3.84 3.78 7.24 6.02
3.8 3.36 8.48 6.84
3.64 3.28 8.1 6.38
3.66 3.28 8.76 7.04
3.66 3.12 8.62 6.74
3.8 3.12 8.3 6.42
3.68 3.48 7.92 6.4
3.74 3.92 7.56 6.48
3.68 3.74 7.5 6.24
3.78 3.94 7.14 6.08
3.64 3.12 8.08 6.2
3.72 3.52 7.8 6.32
3.88 3.9 6.92 5.82
3.78 4.18 7.46 6.64
3.78 3.14 7.66 5.8
3.76 2.68 8.42 6.1
3.72 3.44 7.92 6.36
3.68 3.3 7.92 6.22
3.58 2.86 8.34 6.2
3.74 3.24 8.04 6.28
3.68 3.52 7.2 5.72
3.72 3.64 7.82 6.46
3.74 3.16 7.78 5.94
3.74 4.02 7.32 6.34
3.64 3.34 8.4 6.74
3.64 3.62 7.34 5.96
3.74 3.08 8.02 6.1
3.86 3.9 7.58 6.48
3.78 3.32 8.22 6.54
3.86 3.58 7.64 6.22
3.7 2.78 8.44 6.22
3.64 3.3 7.92 6.22
3.82 3.52 7.98 6.5
3.72 3.2 7.98 6.18
3.74 3.5 7.06 5.56
3.78 4.02 7.12 6.14
3.82 3.2 7.54 5.74
3.74 3.3 7.5 5.8
3.8 3.24 7.9 6.14
3.76 3.04 7.98 6.02
3.68 3.4 8.12 6.52
3.84 3.88 7.1 5.98
3.78 3.7 7.02 5.72
3.68 3.18 8.26 6.44
3.7 3.1 7.96 6.06
3.74 3.82 7.52 6.34
3.72 2.74 8.08 5.82
3.74 3.56 7.74 6.3
3.66 3.48 7.76 6.24
3.78 3.16 8.72 6.88
3.8 3.72 7.7 6.42
3.72 3.32 7.74 6.06
3.72 3.3 7.86 6.16
3.84 3.28 7.98 6.26
3.8 3.56 7.94 6.5
3.78 3.14 8.4 6.54
3.74 3.32 7.48 5.8
3.74 2.74 8.26 6.0
3.78 3.72 7.02 5.74
3.8 3.48 7.06 5.54
3.72 2.68 8.52 6.2
3.68 3.28 8.22 6.5
3.82 3.56 7.96 6.52
3.74 2.96 8.26 6.22
3.78 3.52 7.0 5.52
3.84 3.54 7.66 6.2
3.8 3.58 8.22 6.8
3.54 3.16 8.72 6.88
3.74 3.54 7.56 6.1
3.86 3.94 7.22 6.16
3.9 4.38 6.76 6.14
3.74 3.34 7.7 6.04
3.8 3.02 8.18 6.2
3.88 3.5 7.54 6.04
3.78 3.46 8.14 6.6
3.74 3.02 7.76 5.78
3.72 3.54 6.94 5.48
3.7 2.9 8.9 6.8
3.78 2.84 8.78 6.62
3.88 3.48 7.34 5.82
3.8 3.72 7.52 6.24
3.7 3.54 7.4 5.94
3.8 3.92 8.0 6.92
3.72 3.1 8.36 6.46
3.78 3.92 7.42 6.34
3.7 2.56 8.18 5.74
3.78 3.56 8.3 6.86
3.76 3.62 7.72 6.34
3.82 3.12 7.76 5.88
3.68 2.84 8.38 6.22
3.84 4.06 7.74 6.8
3.76 3.78 7.82 6.6
3.74 3.6 8.32 6.92
3.66 3.08 8.28 6.36
3.76 3.08 7.88 5.96
3.78 3.64 7.62 6.26
3.78 3.24 7.54 5.78
3.68 3.54 7.78 6.32
3.78 3.64 7.84 6.48
3.82 3.6 7.42 6.02
3.72 3.9 7.5 6.4
3.76 3.54 8.54 7.08
3.76 3.58 8.06 6.64
3.86 2.98 7.82 5.8
3.78 3.2 8.46 6.66
3.72 3.98 7.62 6.6
3.78 3.68 7.2 5.88
3.76 3.5 8.14 6.64
3.78 3.96 7.82 6.78
3.78 3.74 7.58 6.32
3.68 3.52 7.92 6.44
3.8 3.48 7.56 6.04
3.8 3.16 7.98 6.14
3.7 3.16 8.48 6.64
3.78 4.1 6.78 5.88
3.66 2.92 8.38 6.3
3.54 3.36 8.32 6.68
3.8 3.42 7.86 6.28
3.76 3.52 8.06 6.58
3.74 3.84 7.12 5.96
3.8 3.14 8.54 6.68
3.84 3.16 8.28 6.44
3.6 3.12 8.42 6.54
3.68 2.92 8.56 6.48
3.8 3.82 7.12 5.94
3.62 3.34 8.42 6.76
3.8 2.96 7.98 5.94
3.74 3.44 7.66 6.1
3.76 3.7 8.04 6.74
3.92 4.14 6.84 5.98
3.6 2.96 8.24 6.2
3.84 3.9 7.3 6.2
3.86 3.16 7.76 5.92
3.74 3.58 8.0 6.58
3.84 3.78 7.36 6.14
3.82 3.36 8.06 6.42
3.72 3.32 7.44 5.76
3.72 3.68 7.3 5.98
3.84 3.36 7.42 5.78
3.82 3.62 7.4 6.02
3.78 3.44 7.52 5.96
3.68 3.1 8.42 6.52
3.86 4.28 7.04 6.32
3.84 3.8 6.84 5.64
3.74 3.74 7.58 6.32
3.78 3.48 7.26 5.74
3.88 3.66 7.48 6.14
3.8 4.34 6.6 5.94
3.7 2.9 8.72 6.62
3.8 3.48 7.94 6.42
3.78 3.36 8.08 6.44
3.78 3.26 8.0 6.26
3.72 3.24 7.78 6.02
3.76 3.7 7.28 5.98
3.86 3.7 7.68 6.38
3.76 4.06 6.98 6.04
3.72 3.48 8.12 6.6
3.82 3.92 7.54 6.46
3.66 3.24 8.4 6.64
3.72 3.2 8.5 6.7
3.74 3.06 8.12 6.18
3.76 3.22 7.8 6.02
3.68 2.58 8.72 6.3
3.62 3.82 8.16 6.98
3.86 3.62 8.2 6.82
3.74 2.78 8.34 6.12
3.76 3.52 7.4 5.92
3.68 3.16 8.06 6.22
3.78 3.0 8.36 6.36
3.74 3.34 7.96 6.3
3.84 3.34 7.86 6.2
3.76 3.44 7.88 6.32
3.76 4.1 7.66 6.76
3.86 3.54 7.5 6.04
3.8 3.82 6.96 5.78
3.74 3.56 7.14 5.7
3.76 4.38 6.64 6.02
3.86 3.22 7.92 6.14
3.7 3.38 7.68 6.06
3.64 3.48 7.46 5.94
3.66 3.3 7.84 6.14
3.78 3.34 8.18 6.52
3.82 3.96 7.34 6.3
3.74 3.76 7.56 6.32
3.72 3.62 7.74 6.36
3.88 3.68 7.28 5.96
3.78 3.86 7.42 6.28
3.76 3.62 7.82 6.44
3.66 2.9 8.78 6.68
3.7 3.9 6.92 5.82
3.7 2.88 8.86 6.74
3.72 3.36 7.86 6.22
3.84 4.18 6.82 6.0
3.72 2.9 8.56 6.46
3.8 3.22 7.94 6.16
3.84 3.66 7.14 5.8
3.78 3.54 7.66 6.2
3.68 3.18 8.18 6.36
3.78 3.42 7.42 5.84
3.62 2.78 8.76 6.54
3.84 3.32 8.24 6.56
3.76 2.96 8.44 6.4
3.8 4.02 6.96 5.98
3.74 3.52 7.58 6.1
3.72 3.52 7.92 6.44
3.66 2.9 8.4 6.3
3.6 2.62 8.88 6.5
3.68 3.12 8.6 6.72
3.6 3.4 7.96 6.36
3.82 3.96 7.46 6.42
3.74 3.14 7.82 5.96
3.8 4.0 7.26 6.26
3.7 3.54 8.26 6.8
3.76 2.84 8.38 6.22
3.8 2.62 8.66 6.28
3.74 3.52 7.74 6.26
3.82 3.48 7.78 6.26
3.62 2.82 8.82 6.64
3.74 3.3 8.28 6.58
3.66 2.62 8.34 5.96
3.86 3.32 8.32 6.64
3.64 3.46 8.24 6.7
3.74 3.5 7.6 6.1
3.64 2.9 8.6 6.5
3.68 3.56 8.18 6.74
3.62 3.0 8.62 6.62
3.72 3.32 7.72 6.04
3.7 3.28 7.9 6.18
3.8 3.32 7.82 6.14
3.78 3.28 8.06 6.34
3.6 2.96 8.02 5.98
3.76 3.66 7.8 6.46
3.82 3.44 8.18 6.62
3.78 3.2 7.84 6.04
3.74 2.94 8.08 6.02
3.76 3.86 7.42 6.28
3.78 3.28 7.9 6.18
3.78 3.72 7.26 5.98
3.68 3.84 7.6 6.44
3.66 3.26 8.1 6.36
3.84 3.26 8.1 6.36
3.86 3.62 7.44 6.06
3.76 3.3 8.18 6.48
3.78 3.68 7.4 6.08
3.9 3.66 7.34 6.0
3.86 3.24 7.28 5.52
3.74 3.24 8.02 6.26
3.68 3.2 8.12 6.32
3.7 3.3 8.3 6.6
3.78 3.52 7.34 5.86
3.78 2.9 8.3 6.2
3.72 3.24 8.2 6.44
3.76 3.22 8.18 6.4
3.82 3.88 6.86 5.74
3.84 3.7 7.94 6.64
3.88 3.84 7.26 6.1
3.8 3.14 7.68 5.82
3.72 3.24 7.48 5.72
3.7 3.34 7.94 6.28
3.76 3.78 7.76 6.54
3.78 4.06 7.42 6.48
3.66 3.08 8.5 6.58
3.8 3.08 8.64 6.72
3.96 4.2 7.12 6.32
3.76 3.12 8.32 6.44
3.84 3.84 7.32 6.16
3.96 3.98 7.38 6.36
3.74 3.62 7.74 6.36
3.82 3.1 8.12 6.22
3.76 3.0 8.16 6.16
3.74 3.56 7.94 6.5
3.7 3.14 8.84 6.98
3.72 2.92 7.7 5.62
3.8 3.66 7.2 5.86
3.7 3.44 8.16 6.6
3.84 3.24 7.66 5.9
3.8 3.26 8.22 6.48
3.78 2.92 8.3 6.22
3.64 2.72 8.82 6.54
3.8 3.68 7.42 6.1
3.8 4.04 7.28 6.32
3.82 4.08 7.74 6.82
3.8 3.08 8.02 6.1
3.66 3.26 8.42 6.68
3.72 3.64 7.78 6.42
3.8 3.12 7.94 6.06
3.76 3.3 7.68 5.98
3.88 3.92 7.46 6.38
3.78 3.14 8.2 6.34
3.96 3.88 7.26 6.14
3.72 3.0 8.74 6.74
3.64 3.22 8.3 6.52
3.66 3.22 8.06 6.28
3.72 3.46 8.16 6.62
3.82 3.08 8.54 6.62
3.78 3.02 8.56 6.58
3.78 3.36 7.84 6.2
3.74 3.88 7.52 6.4
3.62 2.84 8.12 5.96
3.76 3.38 7.36 5.74
3.66 3.86 6.92 5.78
3.78 3.28 8.6 6.88
3.7 3.42 8.16 6.58
3.82 3.36 8.44 6.8
3.72 2.96 8.48 6.44
3.86 4.36 6.72 6.08
3.76 3.8 7.58 6.38
3.64 3.76 7.9 6.66
3.62 2.62 8.72 6.34
3.72 3.34 7.94 6.28
3.72 3.52 7.98 6.5
3.64 2.92 8.94 6.86
3.7 3.46 7.48 5.94
3.78 3.22 7.92 6.14
3.62 2.88 8.74 6.62
3.76 3.5 7.32 5.82
3.64 3.46 8.38 6.84
3.6 2.82 8.72 6.54
3.74 3.34 7.52 5.86
3.78 3.48 7.58 6.06
3.72 3.4 7.9 6.3
3.8 2.78 8.54 6.32
3.64 3.14 8.14 6.28
3.82 3.52 7.5 6.02
3.74 3.34 7.84 6.18
3.74 3.64 7.52 6.16
3.82 3.36 8.06 6.42
3.76 3.7 7.7 6.4
3.7 3.24 7.9 6.14
3.78 3.28 7.54 5.82
3.86 3.4 7.54 5.94
3.86 3.54 7.84 6.38
3.86 3.5 8.18 6.68
3.78 3.28 8.2 6.48
3.78 3.48 7.74 6.22
3.86 4.08 7.22 6.3
3.78 4.3 7.04 6.34
3.64 2.66 8.52 6.18
3.76 3.58 7.18 5.76
3.78 3.46 7.8 6.26
3.8 3.44 7.52 5.96
3.66 2.92 8.34 6.26
3.58 2.68 8.96 6.64
3.76 3.7 7.22 5.92
3.74 3.5 8.06 6.56
3.74 3.42 8.18 6.6
3.72 3.62 8.04 6.66
3.7 4.58 6.34 5.92
3.78 3.38 7.82 6.2
3.86 4.08 7.24 6.32
3.7 3.74 6.98 5.72
3.78 3.32 7.58 5.9
3.84 4.06 6.98 6.04
3.58 3.1 8.24 6.34
3.74 3.0 8.4 6.4
3.76 3.74 7.22 5.96
3.74 3.44 7.46 5.9
3.76 3.68 7.5 6.18
3.84 3.76 7.52 6.28
3.68 3.3 8.5 6.8
3.62 3.1 8.64 6.74
3.78 3.52 7.84 6.36
3.82 3.32 7.48 5.8
3.8 3.54 8.1 6.64
3.76 2.92 8.26 6.18
3.68 3.0 8.14 6.14
3.7 3.2 8.04 6.24
3.76 3.7 7.78 6.48
3.58 2.86 8.96 6.82
3.7 3.88 7.24 6.12
3.8 3.64 7.8 6.44
3.62 3.48 7.42 5.9
3.74 3.96 7.6 6.56
3.82 3.28 7.76 6.04
3.76 3.06 8.3 6.36
3.88 3.5 8.14 6.64
3.72 2.96 8.22 6.18
3.74 3.74 7.0 5.74
3.68 3.24 8.22 6.46
3.76 2.9 8.2 6.1
3.66 3.26 8.12 6.38
3.62 3.04 8.62 6.66
3.66 3.0 8.68 6.68
3.74 3.2 7.98 6.18
3.72 3.38 7.86 6.24
3.8 3.28 8.08 6.36
3.7 3.58 8.16 6.74
3.74 3.24 8.22 6.46
3.66 3.04 8.44 6.48
3.84 3.78 7.64 6.42
3.68 2.88 8.28 6.16
3.8 4.16 7.0 6.16
3.76 3.18 7.44 5.62
3.88 3.24 8.18 6.42
3.78 3.18 8.68 6.86
3.78 3.32 7.6 5.92
3.64 2.7 8.2 5.9
3.74 3.24 8.0 6.24
3.78 3.06 8.16 6.22
3.64 3.42 7.72 6.14
3.68 3.5 7.42 5.92
3.82 3.14 8.18 6.32
3.82 3.08 7.86 5.94
3.78 3.58 7.8 6.38
3.72 3.66 7.76 6.42
3.7 3.4 7.6 6.0
3.78 3.26 7.92 6.18
3.72 3.38 7.84 6.22
3.72 3.56 7.7 6.26
3.8 3.98 7.32 6.3
3.74 3.38 7.48 5.86
3.72 3.12 8.06 6.18
3.78 3.74 7.92 6.66
3.8 3.46 7.44 5.9
3.72 2.76 8.42 6.18
3.64 3.1 7.8 5.9
3.68 3.28 8.82 7.1
3.8 3.78 7.38 6.16
3.74 3.22 8.08 6.3
3.72 3.12 8.24 6.36
3.66 3.08 8.32 6.4
3.86 3.98 7.34 6.32
3.78 3.64 7.4 6.04
3.7 3.26 7.9 6.16
3.76 3.16 7.88 6.04
3.9 4.14 6.74 5.88
3.84 3.3 8.02 6.32
3.68 2.96 8.76 6.72
3.64 2.84 8.36 6.2
3.72 3.3 8.12 6.42
3.86 3.8 7.7 6.5
3.84 3.98 6.76 5.74
3.76 3.4 7.94 6.34
3.72 3.24 8.26 6.5
3.7 3.28 7.94 6.22
3.5 3.14 8.58 6.72
3.8 3.42 7.72 6.14
3.68 3.1 8.2 6.3
3.76 2.96 8.44 6.4
3.86 3.88 7.0 5.88
3.84 3.68 7.42 6.1
3.76 2.78 8.52 6.3
3.8 3.58 7.24 5.82
3.72 3.32 7.52 5.84
3.76 3.66 8.14 6.8
3.8 3.14 7.52 5.66
3.82 3.6 7.48 6.08
3.78 3.52 7.66 6.18
3.84 4.04 7.34 6.38
3.66 2.96 8.1 6.06
3.84 3.28 7.76 6.04
3.78 3.54 7.82 6.36
3.76 3.62 7.76 6.38
3.7 3.0 8.74 6.74
3.7 3.58 7.92 6.5
3.58 3.02 8.08 6.1
3.62 3.52 8.2 6.72
3.84 3.2 8.1 6.3
3.8 3.4 8.12 6.52
3.74 3.4 7.7 6.1
3.86 3.56 7.7 6.26
3.9 4.24 6.62 5.86
3.82 3.14 7.94 6.08
3.7 3.12 8.72 6.84
3.74 3.32 8.48 6.8
3.76 3.48 7.66 6.14
3.7 3.2 8.38 6.58
3.76 3.26 7.22 5.48
3.76 2.96 8.38 6.34
3.82 3.58 7.7 6.28
3.76 3.14 7.82 5.96
3.8 4.48 6.58 6.06
3.68 2.78 8.64 6.42
3.8 3.96 6.96 5.92
3.74 3.46 7.86 6.32
3.72 3.52 7.56 6.08
3.72 3.18 7.84 6.02
3.82 3.54 7.54 6.08
3.82 3.4 7.58 5.98
3.68 3.08 8.66 6.74
3.66 3.3 7.52 5.82
3.84 3.88 7.6 6.48
3.82 3.2 7.44 5.64
3.78 4.1 7.5 6.6
3.74 2.94 8.22 6.16
3.66 3.08 7.7 5.78
3.88 3.92 7.16 6.08
3.8 3.78 7.14 5.92
3.9 3.28 7.56 5.84
3.86 3.5 7.82 6.32
3.76 3.32 7.92 6.24
3.78 3.4 8.16 6.56
3.82 3.26 8.2 6.46
3.78 3.14 7.84 5.98
3.7 3.42 7.62 6.04
3.8 4.1 7.06 6.16
3.7 2.92 8.96 6.88
3.74 3.36 8.22 6.58
3.76 3.56 7.32 5.88
3.62 2.76 8.74 6.5
3.76 3.12 8.12 6.24
3.8 3.5 8.0 6.5
3.68 2.58 8.62 6.2
3.66 3.12 8.78 6.9
3.84 3.4 7.42 5.82
3.82 3.52 7.28 5.8
3.68 3.52 7.96 6.48
3.72 3.6 7.64 6.24
3.7 2.76 8.7 6.46
3.7 4.18 7.62 6.8
3.78 2.84 8.48 6.32
3.7 3.28 7.62 5.9
3.72 3.5 7.76 6.26
3.8 3.36 7.62 5.98
3.84 3.18 7.3 5.48
3.92 3.46 7.2 5.66
3.78 3.74 7.64 6.38
3.74 3.48 7.88 6.36
3.86 2.92 7.6 5.52
3.66 3.14 8.36 6.5
3.82 3.48 7.42 5.9
3.64 2.56 9.06 6.62
3.66 3.4 7.66 6.06
3.8 3.68 7.78 6.46
3.74 3.16 7.98 6.14
3.82 4.4 6.74 6.14
3.74 3.78 7.26 6.04
3.82 3.6 7.76 6.36
3.78 3.4 7.98 6.38
3.78 3.6 7.22 5.82
3.72 3.14 8.34 6.48
3.72 3.0 7.92 5.92
3.8 3.58 7.88 6.46
3.78 3.28 7.82 6.1
3.74 3.2 8.06 6.26
3.78 3.26 7.64 5.9
3.78 3.62 7.72 6.34
3.78 3.36 8.0 6.36
3.8 3.5 7.82 6.32
3.84 3.62 7.3 5.92
3.72 3.14 8.1 6.24
3.78 3.46 7.82 6.28
3.74 4.0 6.94 5.94
3.8 3.52 7.68 6.2
3.74 3.48 7.62 6.1
3.82 3.18 7.88 6.06
3.68 3.14 8.0 6.14
3.78 3.28 7.92 6.2
3.72 3.66 8.04 6.7
3.84 3.78 7.64 6.42
3.82 3.4 7.38 5.78
3.88 3.84 7.58 6.42
3.68 3.04 7.64 5.68
3.82 3.04 7.96 6.0
3.86 3.38 7.82 6.2
3.68 2.84 7.92 5.76
3.8 3.48 8.16 6.64
3.7 2.68 8.32 6.0
3.62 2.82 8.9 6.72
3.76 3.24 8.42 6.66
3.74 3.68 7.64 6.32
3.72 3.42 7.46 5.88
3.6 3.38 8.5 6.88
3.64 3.82 7.32 6.14
3.78 3.38 7.8 6.18
3.76 3.46 7.76 6.22
3.78 3.36 7.58 5.94
3.76 3.64 7.34 5.98
3.8 3.66 7.24 5.9
3.7 3.5 8.48 6.98
3.78 2.94 8.44 6.38
3.56 3.26 8.48 6.74
3.72 3.3 8.04 6.34
3.92 3.64 7.94 6.58
3.74 3.2 7.92 6.12
3.68 3.26 7.96 6.22
3.62 3.28 8.04 6.32
3.78 3.44 7.74 6.18
3.76 3.4 7.92 6.32
3.78 3.42 7.94 6.36
3.88 3.36 7.98 6.34
3.88 3.28 8.16 6.44
3.78 3.24 7.78 6.02
3.6 3.02 8.52 6.54
3.64 2.84 8.42 6.26
3.74 2.98 7.74 5.72
3.64 3.84 7.64 6.48
3.8 3.48 8.2 6.68
3.78 3.44 8.08 6.52
3.78 4.18 7.16 6.34
3.92 3.96 6.78 5.74
3.64 3.88 8.12 7.0
3.74 3.64 7.98 6.62
3.78 3.24 7.42 5.66
3.7 3.8 7.38 6.18
3.74 4.22 7.0 6.22
3.84 4.18 7.28 6.46
3.9 4.34 6.86 6.2
3.8 3.26 8.48 6.74
3.68 3.96 7.28 6.24
3.82 3.94 7.78 6.72
3.86 3.2 7.9 6.1
3.82 3.28 7.64 5.92
3.74 3.28 8.3 6.58
3.72 3.28 7.78 6.06
3.78 3.36 7.68 6.04
3.84 2.98 8.36 6.34
3.86 2.66 8.68 6.34
3.86 3.56 7.5 6.06
3.78 3.54 7.64 6.18
3.9 4.1 6.82 5.92
3.74 3.26 8.78 7.04
3.72 3.5 7.46 5.96
3.78 3.26 8.42 6.68
3.82 3.06 8.02 6.08
3.7 3.56 7.62 6.18
3.7 3.62 7.7 6.32
3.82 3.12 7.72 5.84
3.68 3.74 7.48 6.22
3.88 4.18 6.8 5.98
3.76 4.14 6.72 5.86
3.7 3.18 8.36 6.54
3.62 2.92 8.6 6.52
3.66 3.24 8.36 6.6
3.84 3.42 7.34 5.76
3.82 3.48 7.48 5.96
3.7 3.46 7.56 6.02
3.74 3.26 8.16 6.42
3.82 3.34 7.56 5.9
3.82 2.84 8.8 6.64
3.84 3.68 7.06 5.74
3.88 3.38 7.68 6.06
3.78 3.82 6.86 5.68
3.7 3.0 8.58 6.58
3.62 3.02 7.9 5.92
3.86 3.16 8.18 6.34
3.76 3.62 7.22 5.84
3.9 4.2 7.1 6.3
3.76 3.74 7.58 6.32
3.76 3.72 7.76 6.48
3.72 3.32 8.32 6.64
3.88 4.04 7.38 6.42
3.76 3.44 7.86 6.3
3.76 3.22 7.92 6.14
3.84 3.48 7.1 5.58
3.88 3.42 7.04 5.46
3.76 3.08 7.76 5.84
3.68 3.22 8.32 6.54
3.8 3.02 8.16 6.18
3.74 3.7 7.86 6.56
3.82 3.72 7.54 6.26
3.68 2.76 8.82 6.58
3.86 3.9 6.96 5.86
3.82 3.98 7.26 6.24
3.84 3.36 7.88 6.24
3.84 4.16 7.32 6.48
3.8 3.26 7.52 5.78
3.78 4.0 7.68 6.68
3.74 3.44 8.28 6.72
3.64 3.78 7.3 6.08
3.8 3.32 7.72 6.04
3.68 3.1 8.38 6.48
3.8 3.88 7.48 6.36
3.84 3.86 7.04 5.9
3.74 3.0 8.56 6.56
3.74 3.26 7.88 6.14
3.8 3.06 8.42 6.48
3.7 4.26 6.72 5.98
3.74 3.46 8.16 6.62
3.68 3.2 8.58 6.78
3.76 3.26 8.32 6.58
3.66 3.0 8.82 6.82
3.9 3.3 8.08 6.38
3.66 3.74 8.1 6.84
3.7 2.9 8.4 6.3
3.82 3.2 7.74 5.94
3.78 3.24 8.78 7.02
3.76 3.56 7.6 6.16
3.76 2.96 8.46 6.42
3.88 3.88 7.02 5.9
3.68 3.24 7.88 6.12
3.78 3.6 7.92 6.52
3.82 3.16 8.74 6.9
3.82 3.66 7.82 6.48
3.78 2.96 7.78 5.74
3.82 3.08 7.96 6.04
3.74 3.7 8.0 6.7
3.82 3.66 7.08 5.74
3.72 3.7 7.56 6.26
3.8 2.98 8.06 6.04
3.82 3.36 8.24 6.6
3.7 2.94 8.26 6.2
3.78 3.5 7.84 6.34
3.74 3.14 8.76 6.9
3.78 3.04 8.42 6.46
3.8 3.4 8.02 6.42
3.78 4.12 7.4 6.52
3.84 3.66 7.52 6.18
3.7 2.9 8.6 6.5
3.74 3.34 8.2 6.54
3.8 3.58 7.86 6.44
3.68 3.92 7.36 6.28
3.8 3.14 7.78 5.92
3.68 3.88 7.38 6.26
3.78 3.32 8.14 6.46
3.76 3.34 8.18 6.52
3.6 3.32 8.24 6.56
3.76 4.58 6.94 6.52
3.72 3.84 7.76 6.6
3.7 3.94 7.84 6.78
3.6 3.2 8.02 6.22
3.74 3.22 8.62 6.84
3.92 3.64 7.72 6.36
3.78 4.16 7.52 6.68
3.8 3.52 7.6 6.12
3.78 3.66 7.4 6.06
3.84 3.56 7.48 6.04
3.78 3.28 7.92 6.2
3.8 3.56 7.38 5.94
3.64 3.06 8.3 6.36
3.76 4.06 7.08 6.14
3.88 3.34 7.48 5.82
3.8 4.04 7.12 6.16
3.78 3.88 6.82 5.7
3.76 2.64 8.12 5.76
3.88 3.88 7.48 6.36
3.78 3.52 8.34 6.86
3.68 3.74 7.36 6.1
3.82 3.2 7.46 5.66
3.72 2.76 8.22 5.98
3.76 3.3 8.26 6.56
3.76 2.86 7.52 5.38
3.66 3.66 7.22 5.88
3.68 3.38 7.9 6.28
3.7 3.48 7.8 6.28
3.84 3.26 7.72 5.98
3.74 3.14 8.34 6.48
3.82 3.44 7.64 6.08
3.84 3.32 7.66 5.98
3.84 3.62 7.86 6.48
3.88 3.88 7.1 5.98
3.76 3.48 8.26 6.74
3.54 3.18 8.44 6.62
3.78 3.66 7.4 6.06
3.68 2.94 8.88 6.82
3.88 3.88 7.06 5.94
3.88 3.94 7.38 6.32
3.76 3.22 8.26 6.48
3.54 2.8 8.58 6.38
3.88 3.92 7.62 6.54
3.84 3.58 7.3 5.88
3.88 3.74 7.7 6.44
3.64 3.4 8.08 6.48
3.64 3.02 8.46 6.48
3.84 3.52 7.64 6.16
3.94 4.28 6.16 5.44
3.74 3.18 8.14 6.32
3.68 3.6 7.42 6.02
3.8 2.9 8.62 6.52
3.78 3.12 8.04 6.16
3.94 3.7 7.74 6.44
3.82 3.4 7.9 6.3
3.8 3.2 8.2 6.4
3.7 3.22 8.1 6.32
3.66 3.26 7.98 6.24
3.86 3.22 7.74 5.96
3.64 2.88 8.94 6.82
3.66 3.12 8.32 6.44
3.74 3.3 7.58 5.88
3.6 2.9 8.18 6.08
3.78 3.48 7.66 6.14
3.74 2.72 8.4 6.12
3.58 3.44 8.32 6.76
3.72 3.5 7.98 6.48
3.78 3.1 8.52 6.62
3.72 3.3 7.94 6.24
3.7 2.92 8.38 6.3
3.7 2.86 8.48 6.34
3.68 3.42 8.04 6.46
3.62 2.86 8.78 6.64
3.72 2.98 8.98 6.96
3.82 3.5 7.88 6.38
3.82 3.22 8.04 6.26
3.76 3.38 8.0 6.38
3.74 3.72 7.1 5.82
3.88 3.46 7.74 6.2
3.8 3.42 7.52 5.94
3.86 3.86 6.58 5.44
3.8 3.78 7.08 5.86
3.72 3.44 8.14 6.58
3.76 3.26 7.76 6.02
3.74 3.1 8.74 6.84
3.64 3.4 8.1 6.5
3.7 3.18 8.16 6.34
3.84 4.06 7.06 6.12
3.78 3.7 7.66 6.36
3.9 4.04 6.76 5.8
3.86 3.42 7.76 6.18
3.78 3.4 7.88 6.28
3.8 3.7 7.92 6.62
3.6 3.0 8.7 6.7
3.7 3.58 7.62 6.2
3.82 4.32 7.0 6.32
3.8 3.5 8.2 6.7
3.76 3.08 8.12 6.2
3.66 3.22 8.1 6.32
3.76 3.36 7.98 6.34
3.58 2.86 8.54 6.4
3.76 3.36 7.8 6.16
3.62 3.24 7.5 5.74
3.78 3.42 7.36 5.78
3.7 3.58 7.9 6.48
3.74 3.22 8.12 6.34
3.78 3.02 8.0 6.02
3.8 3.68 7.28 5.96
3.8 3.88 7.64 6.52
3.72 3.28 8.04 6.32
3.84 3.56 7.34 5.9
3.8 3.54 8.36 6.9
3.78 3.88 7.16 6.04
3.8 3.42 7.58 6.0
3.68 3.72 7.9 6.62
3.74 3.26 7.6 5.86
3.72 3.34 7.98 6.32
3.82 3.4 7.9 6.3
3.8 3.48 6.9 5.38
3.8 2.96 7.9 5.86
3.88 3.26 7.86 6.12
3.8 3.2 7.82 6.02
3.72 2.86 8.58 6.44
3.84 3.7 7.5 6.2
3.82 3.6 8.04 6.64
3.74 2.76 8.38 6.14
3.8 3.6 7.6 6.2
3.8 3.5 8.1 6.6
3.78 2.66 8.6 6.26
3.74 3.4 8.5 6.9
3.72 3.44 7.94 6.38
3.72 3.32 7.56 5.88
3.88 3.82 7.08 5.9
3.82 3.24 7.98 6.22
3.84 4.22 7.22 6.44
3.8 3.26 7.68 5.94
3.74 3.56 7.9 6.46
3.78 3.52 7.38 5.9
3.7 3.64 7.28 5.92
3.68 3.56 8.36 6.92
3.88 3.64 7.36 6.0
3.78 3.16 8.54 6.7
3.82 3.44 7.9 6.34
3.72 3.54 7.54 6.08
3.56 3.24 8.12 6.36
3.9 3.56 6.98 5.54
3.74 2.92 8.16 6.08
3.74 3.72 7.68 6.4
3.72 3.42 7.86 6.28
3.62 3.04 8.2 6.24
3.72 3.16 7.98 6.14
3.86 4.04 6.78 5.82
3.8 3.54 7.68 6.22
3.7 3.32 8.3 6.62
3.7 2.46 8.34 5.8
3.7 3.58 7.68 6.26
3.66 3.2 7.8 6.0
3.76 4.02 7.2 6.22
3.8 3.24 7.9 6.14
3.84 3.36 8.54 6.9
3.66 3.26 7.96 6.22
3.86 4.04 7.52 6.56
3.78 3.88 7.48 6.36
3.74 3.02 8.28 6.3
3.64 3.12 8.38 6.5
3.64 3.18 8.42 6.6
3.74 3.48 8.06 6.54
3.68 3.44 7.94 6.38
3.76 3.86 7.08 5.94
3.68 3.26 8.06 6.32
3.74 3.44 8.1 6.54
3.76 3.44 7.96 6.4
3.68 3.84 7.62 6.46
3.76 3.38 8.1 6.48
3.7 3.68 7.82 6.5
3.74 3.48 7.84 6.32
3.8 3.8 7.46 6.26
3.58 2.72 8.74 6.46
3.72 2.76 8.0 5.76
3.76 3.48 8.04 6.52
3.76 3.58 7.3 5.88
3.8 3.36 7.48 5.84
3.66 3.14 7.92 6.06
3.7 3.68 7.84 6.52
3.64 3.16 8.8 6.96
3.82 2.72 8.28 6.0
3.76 2.88 8.18 6.06
3.6 3.46 8.14 6.6
3.9 3.4 7.98 6.38
3.76 3.6 7.72 6.32
3.78 3.58 7.3 5.88
3.62 3.16 8.6 6.76
3.78 3.08 7.82 5.9
3.7 3.76 7.88 6.64
3.74 3.26 8.32 6.58
3.8 3.28 7.9 6.18
3.76 3.06 8.24 6.3
3.78 3.36 7.84 6.2
3.8 3.28 8.1 6.38
3.7 3.18 7.74 5.92
3.78 3.42 7.68 6.1
3.8 3.2 7.64 5.84
3.82 3.56 7.68 6.24
3.76 3.94 7.62 6.56
3.86 3.48 6.92 5.4
3.78 3.26 7.7 5.96
3.76 3.8 7.34 6.14
3.72 2.92 7.86 5.78
3.7 3.56 7.6 6.16
3.82 3.42 7.32 5.74
3.8 3.26 7.92 6.18
3.84 3.82 7.82 6.64
3.88 2.96 8.3 6.26
3.74 3.92 7.04 5.96
3.8 3.26 7.36 5.62
3.76 3.22 8.24 6.46
3.66 3.2 8.0 6.2
3.8 4.42 6.98 6.4
3.7 3.72 8.3 7.02
3.74 3.44 7.4 5.84
3.64 3.4 8.26 6.66
3.74 2.88 8.1 5.98
3.74 3.22 7.94 6.16
3.74 2.92 8.06 5.98
3.78 3.54 7.6 6.14
3.68 2.9 8.82 6.72
3.8 3.2 8.12 6.32
3.72 3.36 7.72 6.08
3.76 3.36 7.44 5.8
3.84 3.4 7.66 6.06
3.66 3.6 7.4 6.0
3.7 3.86 7.9 6.76
3.76 3.42 7.42 5.84
3.52 2.9 8.66 6.56
3.76 3.1 8.5 6.6
3.78 2.94 8.16 6.1
3.68 3.04 8.5 6.54
3.76 3.56 7.98 6.54
3.74 3.52 8.16 6.68
3.68 3.16 8.14 6.3
3.78 3.46 8.2 6.66
3.8 3.84 7.14 5.98
3.82 3.5 7.38 5.88
3.78 3.46 7.6 6.06
3.88 3.88 7.48 6.36
3.76 3.04 8.1 6.14
3.8 3.48 7.98 6.46
3.84 3.22 7.84 6.06
3.8 3.34 7.32 5.66
3.82 3.26 8.02 6.28
3.94 3.62 7.7 6.32
3.8 4.22 6.8 6.02
3.78 4.08 7.4 6.48
3.72 3.68 7.68 6.36
3.74 3.4 8.1 6.5
3.88 4.58 6.86 6.44
3.9 3.24 8.04 6.28
3.76 3.24 7.88 6.12
3.92 3.28 7.54 5.82
3.66 3.32 8.38 6.7
3.76 3.38 7.58 5.96
3.74 3.02 8.82 6.84
3.82 2.98 9.26 7.24
3.7 3.62 7.92 6.54
3.66 2.84 8.22 6.06
3.72 3.56 7.42 5.98
3.78 4.28 7.32 6.6
3.74 3.54 8.1 6.64
3.8 3.4 8.12 6.52
3.8 3.5 8.1 6.6
3.78 3.68 7.52 6.2
3.54 3.12 8.74 6.86
3.76 3.2 7.52 5.72
3.82 3.44 8.0 6.44
3.84 3.96 7.3 6.26
3.66 3.38 8.14 6.52
3.68 3.28 7.86 6.14
3.8 3.1 8.04 6.14
3.76 3.08 8.1 6.18
3.78 3.32 7.66 5.98
3.84 3.16 8.0 6.16
3.76 3.4 7.62 6.02
3.76 3.42 7.88 6.3
3.64 3.1 8.12 6.22
3.76 4.06 7.32 6.38
3.72 3.3 8.08 6.38
3.76 3.4 7.46 5.86
3.76 3.26 7.8 6.06
3.76 3.46 8.06 6.52
3.76 3.98 7.42 6.4
3.68 3.68 7.46 6.14
3.82 3.54 7.62 6.16
3.74 3.88 7.28 6.16
3.68 3.1 8.5 6.6
3.68 3.78 7.9 6.68
3.64 3.32 7.64 5.96
3.88 3.88 6.86 5.74
3.64 3.06 8.18 6.24
3.76 3.56 7.88 6.44
3.78 3.76 7.26 6.02
3.72 3.4 8.0 6.4
3.74 4.3 7.1 6.4
3.78 3.28 8.04 6.32
3.82 3.8 7.5 6.3
3.74 3.14 8.26 6.4
3.8 3.92 7.16 6.08
3.76 2.88 8.92 6.8
3.8 4.06 6.78 5.84
3.64 3.04 8.46 6.5
3.78 3.46 7.4 5.86
3.76 3.12 8.12 6.24
3.86 3.5 8.04 6.54
3.86 4.1 6.78 5.88
3.82 3.38 7.74 6.12
3.74 3.4 7.64 6.04
3.7 3.8 7.18 5.98
3.72 3.26 8.26 6.52
3.76 3.82 7.56 6.38
3.8 4.0 7.24 6.24
3.8 3.48 7.72 6.2
3.84 3.86 7.42 6.28
3.6 4.08 7.64 6.72
3.74 3.66 7.38 6.04
3.8 3.94 7.4 6.34
3.82 3.16 8.2 6.36
3.72 3.0 8.62 6.62
3.92 4.2 6.38 5.58
3.66 2.98 8.2 6.18
3.72 3.0 7.74 5.74
3.64 3.4 7.92 6.32
3.74 3.58 7.52 6.1
3.82 3.74 7.6 6.34
3.82 3.54 8.22 6.76
3.8 3.74 7.54 6.28
3.92 4.14 7.16 6.3
3.8 3.72 7.54 6.26
3.66 2.96 7.8 5.76
3.72 3.16 7.9 6.06
3.74 3.84 7.38 6.22
3.66 3.38 8.1 6.48
3.8 3.2 8.1 6.3
3.76 3.92 7.08 6.0
3.7 3.16 8.08 6.24
3.78 2.92 8.86 6.78
3.82 3.9 7.06 5.96
3.8 3.2 8.04 6.24
3.76 3.04 7.52 5.56
3.74 3.4 7.8 6.2
3.8 3.64 6.92 5.56
3.72 3.26 8.14 6.4
3.8 3.92 7.12 6.04
3.84 3.78 7.4 6.18
3.72 2.9 8.5 6.4
3.8 3.06 8.12 6.18
3.78 3.74 7.1 5.84
3.78 4.16 6.72 5.88
3.58 2.76 8.9 6.66
3.82 2.72 8.4 6.12
3.76 3.64 7.36 6.0
3.84 3.86 6.94 5.8
3.78 3.24 8.04 6.28
3.72 3.22 8.04 6.26
3.64 3.56 8.36 6.92
3.64 3.12 8.18 6.3
3.82 3.22 7.88 6.1
3.82 3.48 7.84 6.32
3.68 3.78 7.5 6.28
3.62 2.88 8.2 6.08
3.64 3.32 8.24 6.56
3.74 3.42 7.76 6.18
3.86 3.62 7.56 6.18
3.78 3.72 7.4 6.12
3.78 4.2 7.14 6.34
3.82 3.32 7.92 6.24
3.8 4.18 7.3 6.48
3.7 3.68 8.14 6.82
3.7 3.32 8.0 6.32
3.84 3.58 7.54 6.12
3.84 4.12 6.76 5.88
3.7 3.3 8.12 6.42
3.78 3.24 7.9 6.14
3.78 3.26 7.68 5.94
3.82 3.58 7.42 6.0
3.74 3.52 8.1 6.62
3.72 2.76 8.78 6.54
3.76 3.48 7.84 6.32
3.82 3.28 7.5 5.78
3.64 3.3 8.52 6.82
3.86 3.64 7.42 6.06
3.9 3.18 8.0 6.18
3.88 3.92 7.34 6.26
3.78 3.56 7.48 6.04
3.8 3.18 8.64 6.82
3.8 3.64 7.84 6.48
3.7 3.5 8.18 6.68
3.72 2.96 8.4 6.36
3.7 3.6 7.8 6.4
3.82 3.4 8.52 6.92
3.78 3.28 8.12 6.4
3.86 3.6 6.88 5.48
3.8 3.68 7.68 6.36
3.6 2.96 8.36 6.32
3.66 3.6 7.66 6.26
3.8 3.54 7.9 6.44
3.86 3.78 7.22 6.0
3.56 2.66 8.7 6.36
3.8 3.48 7.66 6.14
3.72 3.42 8.08 6.5
3.76 2.88 8.54 6.42
3.82 3.9 7.36 6.26
3.74 3.18 8.08 6.26
3.86 3.42 7.62 6.04
3.84 3.58 7.62 6.2
3.64 3.18 8.0 6.18
3.72 3.62 7.98 6.6
3.7 3.1 8.4 6.5
3.82 3.42 7.56 5.98
3.9 3.84 7.14 5.98
3.78 3.56 7.84 6.4
3.76 3.52 8.04 6.56
3.74 3.68 7.34 6.02
3.78 3.9 7.26 6.16
3.84 4.12 7.02 6.14
3.9 3.92 6.86 5.78
3.62 3.06 8.36 6.42
3.74 3.3 8.0 6.3
3.82 4.06 7.66 6.72
3.78 4.04 7.3 6.34
3.86 3.3 7.66 5.96
3.62 2.96 8.14 6.1
3.76 3.26 7.86 6.12
3.66 3.06 7.96 6.02
3.68 3.1 8.42 6.52
3.78 3.18 7.78 5.96
3.7 3.6 7.62 6.22
3.9 3.26 7.78 6.04
3.8 4.12 6.74 5.86
3.78 3.42 7.52 5.94
3.82 3.5 7.46 5.96
3.7 3.3 8.0 6.3
3.7 3.34 7.42 5.76
3.7 3.74 7.18 5.92
3.82 3.46 7.96 6.42
3.82 3.32 8.34 6.66
3.78 3.76 7.84 6.6
3.88 3.48 7.32 5.8
3.78 3.42 8.06 6.48
3.5 3.32 8.46 6.78
3.64 3.12 7.62 5.74
3.7 3.64 7.36 6.0
3.78 3.18 8.04 6.22
3.66 3.08 8.62 6.7
3.74 2.88 8.38 6.26
3.7 3.34 8.4 6.74
3.78 3.18 8.24 6.42
3.76 3.42 8.08 6.5
3.82 3.98 7.18 6.16
3.78 3.24 7.2 5.44
3.68 3.26 7.7 5.96
3.8 3.56 7.7 6.26
3.66 3.34 8.78 7.12
3.86 3.4 7.6 6.0
3.78 3.34 7.88 6.22
3.78 3.32 7.4 5.72
3.76 3.14 7.72 5.86
3.66 3.5 8.08 6.58
3.62 3.08 8.36 6.44
3.88 3.42 7.5 5.92
3.66 3.16 8.36 6.52
3.78 2.86 8.32 6.18
3.78 3.16 8.32 6.48
3.86 3.3 7.88 6.18
3.82 3.24 8.4 6.64
3.66 3.12 8.2 6.32
3.64 3.3 8.02 6.32
3.68 2.92 8.38 6.3
3.92 3.98 7.14 6.12
3.82 3.38 8.24 6.62
3.82 3.42 7.34 5.76
3.68 3.24 7.54 5.78
3.78 3.52 7.88 6.4
3.92 3.58 7.66 6.24
3.58 3.38 8.38 6.76
3.86 3.94 6.52 5.46
3.64 3.64 7.8 6.44
3.7 3.32 8.2 6.52
3.84 4.2 6.58 5.78
3.78 3.12 8.4 6.52
3.86 2.86 8.28 6.14
3.78 3.34 7.88 6.22
3.74 3.72 8.08 6.8
3.7 3.08 8.12 6.2
3.8 4.02 7.26 6.28
3.76 4.2 6.88 6.08
3.78 3.18 8.54 6.72
3.7 3.02 8.54 6.56
3.7 3.66 8.52 7.18
3.74 3.88 7.74 6.62
3.74 3.48 7.94 6.42
3.66 4.18 7.36 6.54
3.8 3.18 7.72 5.9
3.72 4.2 7.2 6.4
3.78 3.3 7.68 5.98
3.64 3.04 8.3 6.34
3.7 3.82 7.72 6.54
3.7 2.82 8.6 6.42
3.74 3.54 8.26 6.8
3.68 3.56 7.54 6.1
3.86 3.64 8.08 6.72
3.7 2.96 8.68 6.64
3.74 3.08 8.18 6.26
3.8 4.14 7.16 6.3
3.8 3.78 7.48 6.26
3.66 3.38 8.14 6.52
3.7 2.92 7.8 5.72
3.62 2.76 8.8 6.56
3.78 3.44 7.9 6.34
3.82 3.48 7.94 6.42
3.72 3.24 7.88 6.12
3.68 3.3 8.18 6.48
3.68 3.3 8.26 6.56
3.68 3.22 8.22 6.44
3.76 3.48 7.7 6.18
3.7 3.28 8.16 6.44
3.82 3.42 7.44 5.86
3.76 3.74 7.5 6.24
3.74 4.16 7.24 6.4
3.76 3.0 8.08 6.08
3.82 2.66 8.64 6.3
3.8 3.7 7.3 6.0
3.86 3.24 7.64 5.88
3.8 3.34 7.48 5.82
3.82 3.64 7.6 6.24
3.68 3.4 7.96 6.36
3.8 3.24 8.24 6.48
3.74 2.98 9.0 6.98
3.86 4.02 7.12 6.14
3.82 4.16 7.4 6.56
3.84 3.84 7.52 6.36
3.84 3.88 7.12 6.0
3.7 3.34 8.04 6.38
3.8 3.02 8.16 6.18
3.74 3.04 7.74 5.78
3.82 4.12 6.72 5.84
3.6 2.78 8.82 6.6
3.8 2.74 7.86 5.6
3.78 3.1 8.06 6.16
3.68 3.04 8.24 6.28
3.74 3.08 8.32 6.4
3.84 3.66 7.84 6.5
3.8 3.72 7.52 6.24
3.7 3.46 7.7 6.16
3.66 3.56 7.9 6.46
3.84 3.34 7.78 6.12
3.86 3.72 7.6 6.32
3.7 2.66 8.94 6.6
3.84 3.94 7.3 6.24
3.84 3.32 7.82 6.14
3.68 3.1 7.88 5.98
3.82 3.42 7.28 5.7
3.62 3.06 8.12 6.18
3.78 3.98 7.5 6.48
3.62 3.74 7.28 6.02
3.88 3.54 7.36 5.9
3.6 2.6 9.0 6.6
3.9 3.72 7.3 6.02
3.9 3.46 7.2 5.66
3.84 3.3 7.64 5.94
3.76 3.4 8.18 6.58
3.66 3.18 8.5 6.68
3.66 2.98 8.6 6.58
3.72 3.2 7.88 6.08
3.82 4.14 7.44 6.58
3.74 3.34 7.5 5.84
3.74 3.32 7.96 6.28
3.76 3.16 8.2 6.36
3.7 3.58 7.76 6.34
3.8 3.38 7.18 5.56
3.6 3.26 8.06 6.32
3.78 3.54 7.36 5.9
3.76 3.78 7.62 6.4
3.64 3.54 8.34 6.88
3.68 2.72 8.92 6.64
3.84 3.6 7.76 6.36
3.76 3.3 7.94 6.24
3.74 3.04 7.7 5.74
3.68 2.82 8.44 6.26
3.66 2.9 8.96 6.86
3.76 3.76 7.48 6.24
3.76 3.76 7.42 6.18
3.74 3.98 7.28 6.26
3.8 3.64 7.78 6.42
3.8 2.94 8.26 6.2
3.82 4.28 6.44 5.72
3.7 3.9 7.6 6.5
3.78 4.02 7.44 6.46
3.84 4.5 6.98 6.48
3.8 3.1 8.06 6.16
3.7 2.82 8.24 6.06
3.82 3.56 7.94 6.5
3.78 3.7 7.54 6.24
3.74 4.04 7.1 6.14
3.86 4.04 7.42 6.46
3.6 3.22 8.34 6.56
3.7 3.52 8.06 6.58
3.72 2.94 8.1 6.04
3.7 3.3 7.8 6.1
3.82 3.82 7.64 6.46
3.74 3.38 7.7 6.08
3.68 3.14 8.24 6.38
3.82 3.44 7.74 6.18
3.82 3.9 7.58 6.48
3.86 3.9 7.7 6.6
3.72 3.28 8.34 6.62
3.7 3.06 8.34 6.4
3.7 3.28 8.24 6.52
3.74 3.6 7.84 6.44
3.76 3.96 7.12 6.08
3.66 2.98 8.04 6.02
3.66 3.48 8.48 6.96
3.88 3.56 7.4 5.96
3.78 3.66 7.7 6.36
3.84 3.36 7.56 5.92
3.8 3.1 7.58 5.68
3.74 3.88 7.46 6.34
3.82 4.16 6.62 5.78
3.86 4.4 6.8 6.2
3.78 3.7 7.96 6.66
3.9 3.92 6.92 5.84
3.82 3.78 7.82 6.6
3.52 3.2 8.38 6.58
3.74 3.7 8.02 6.72
3.78 3.0 8.04 6.04
3.86 3.7 7.62 6.32
3.84 3.48 7.76 6.24
3.78 3.46 7.6 6.06
3.6 3.34 8.02 6.36
3.78 3.26 7.98 6.24
3.84 2.94 7.86 5.8
3.76 2.72 8.14 5.86
3.8 3.6 7.4 6.0
3.74 3.64 8.1 6.74
3.8 3.84 7.4 6.24
3.78 2.82 8.0 5.82
3.7 3.06 8.52 6.58
3.64 3.2 7.98 6.18
3.86 3.48 8.14 6.62
3.84 2.92 8.44 6.36
3.7 2.98 8.24 6.22
3.68 3.06 8.08 6.14
3.68 3.76 7.52 6.28
3.76 3.3 8.0 6.3
3.8 3.12 7.92 6.04
3.78 3.84 7.36 6.2
3.68 2.94 8.16 6.1
3.74 3.74 7.9 6.64
3.7 3.24 8.6 6.84
3.7 3.34 7.6 5.94
3.86 3.76 7.52 6.28
3.86 3.66 7.62 6.28
3.72 2.72 8.8 6.52
3.66 2.9 8.5 6.4
3.64 3.44 8.56 7.0
3.78 3.56 7.72 6.28
3.76 3.5 7.44 5.94
3.8 3.64 7.88 6.52
3.72 3.16 8.28 6.44
3.88 3.58 7.74 6.32
3.74 3.12 8.22 6.34
3.7 3.18 8.6 6.78
3.76 3.26 8.22 6.48
3.66 3.02 8.7 6.72
3.68 3.24 8.0 6.24
3.78 3.96 7.52 6.48
3.66 3.14 8.02 6.16
3.76 3.04 8.14 6.18
3.7 2.92 8.42 6.34
3.88 3.44 7.98 6.42
3.7 3.46 7.86 6.32
3.74 3.7 7.76 6.46
3.7 3.14 8.34 6.48
3.76 3.56 7.78 6.34
3.78 3.18 7.88 6.06
3.74 2.68 8.62 6.3
3.82 3.74 7.44 6.18
3.8 3.32 7.66 5.98
3.66 3.08 8.54 6.62
3.62 3.32 7.84 6.16
3.78 3.54 7.9 6.44
3.72 3.3 8.4 6.7
3.7 3.38 7.76 6.14
3.72 2.86 8.74 6.6
3.72 3.16 7.94 6.1
3.72 3.12 8.28 6.4
3.72 3.48 7.86 6.34
3.88 3.86 7.4 6.26
3.74 4.06 7.46 6.52
3.78 3.78 7.68 6.46
3.7 3.7 7.78 6.48
3.82 3.48 7.6 6.08
3.86 3.44 7.96 6.4
3.78 3.46 7.88 6.34
3.8 3.14 7.66 5.8
3.74 3.68 7.7 6.38
3.78 4.04 7.56 6.6
3.92 4.2 6.76 5.96
3.76 3.76 7.68 6.44
3.86 2.82 8.66 6.48
3.76 3.02 8.28 6.3
3.8 4.04 7.36 6.4
3.84 3.36 8.2 6.56
3.78 3.44 7.88 6.32
3.78 3.96 6.92 5.88
3.82 3.16 8.1 6.26
3.74 3.3 7.7 6.0
3.78 4.02 7.56 6.58
3.84 3.14 7.58 5.72
3.84 3.18 8.26 6.44
3.68 2.52 8.46 5.98
3.84 4.14 7.66 6.8
3.6 3.4 7.78 6.18
3.82 3.28 7.24 5.52
3.84 3.48 8.3 6.78
3.82 3.32 7.62 5.94
3.78 3.94 6.8 5.74
3.74 3.44 7.46 5.9
3.76 3.34 7.58 5.92
3.72 3.04 8.5 6.54
3.76 4.18 6.84 6.02
3.8 3.6 7.5 6.1
3.68 3.5 7.94 6.44
3.8 3.3 8.12 6.42
3.84 3.44 8.12 6.56
3.66 3.62 8.3 6.92
3.76 3.3 7.96 6.26
3.66 3.24 8.18 6.42
3.86 3.62 7.92 6.54
3.75502 3.41868 7.84802 6.2667
