3.84 3.74 7.45 6.19
3.78 3.4 7.86 6.26
3.8 3.83 7.44 6.27
3.83 3.35 8.2 6.55
3.75 3.45 7.66 6.11
3.74 3.43 7.72 6.15
3.85 3.6 7.92 6.52
3.59 2.97 8.54 6.51
3.69 2.85 8.8 6.65
3.75 3.36 8.32 6.68
3.73 3.0 8.6 6.6
3.75 3.27 8.31 6.58
3.76 4.04 6.89 5.93
3.68 2.77 8.55 6.32
3.85 3.68 7.55 6.23
3.75 3.08 8.07 6.15
3.79 3.6 7.51 6.11
3.81 4.03 7.38 6.41
3.78 3.47 8.09 6.56
3.83 3.57 7.66 6.23
3.82 3.8 7.6 6.4
3.72 3.14 8.36 6.5
3.78 3.14 7.96 6.1
3.73 3.55 7.4 5.95
3.83 3.29 7.93 6.22
3.81 3.17 7.9 6.07
3.76 3.75 7.25 6.0
3.71 3.42 8.16 6.58
3.8 3.67 7.33 6.0
3.68 3.38 8.24 6.62
3.72 3.19 7.92 6.11
3.78 3.73 7.58 6.31
3.78 2.71 8.51 6.22
3.84 3.69 7.16 5.85
3.8 3.45 7.58 6.03
3.74 3.23 7.87 6.1
3.75 3.41 7.93 6.34
3.77 3.32 7.63 5.95
3.77 3.62 7.48 6.1
3.66 3.26 8.12 6.38
3.88 3.57 7.66 6.23
3.8 3.66 8.11 6.77
3.72 3.05 8.09 6.14
3.68 2.92 8.45 6.37
3.77 3.33 7.73 6.06
3.79 3.83 7.1 5.93
3.75 3.46 8.08 6.54
3.76 3.5 7.7 6.2
3.74 3.29 8.03 6.32
3.81 3.03 8.44 6.47
3.72 3.2 8.06 6.26
3.84 3.41 7.71 6.12
3.78 3.49 7.65 6.14
3.77 2.94 8.19 6.13
3.72 3.6 7.6 6.2
3.79 3.98 7.86 6.84
3.72 3.29 8.14 6.43
3.74 3.34 7.86 6.2
3.74 3.37 7.76 6.13
3.74 3.4 8.07 6.47
3.83 3.75 7.73 6.48
3.82 3.58 7.74 6.32
3.84 3.59 7.6 6.19
3.65 3.39 7.88 6.27
3.74 3.43 7.6 6.03
3.79 3.1 7.77 5.87
3.74 3.52 8.04 6.56
3.77 3.54 7.71 6.25
3.77 3.26 8.05 6.31
3.68 3.25 8.13 6.38
3.7 3.37 8.29 6.66
3.75 3.66 7.57 6.23
3.74 3.06 7.72 5.78
3.71 3.83 7.76 6.59
3.75 3.52 7.44 5.96
3.8 3.42 7.71 6.13
3.73 3.76 7.55 6.31
3.8 3.63 7.53 6.16
3.72 3.3 7.81 6.11
3.74 3.72 7.7 6.42
3.77 3.46 7.89 6.35
3.75 3.68 7.44 6.12
3.76 3.56 7.82 6.38
3.72 3.1 7.89 5.99
3.75 3.42 7.57 5.99
3.71 3.21 7.85 6.06
3.74 3.25 7.99 6.24
3.73 3.78 7.76 6.54
3.74 3.67 7.6 6.27
3.83 4.09 7.16 6.25
3.81 3.84 7.57 6.41
3.82 3.13 8.07 6.2
3.77 3.51 8.04 6.55
3.67 3.27 8.21 6.48
3.72 3.08 8.52 6.6
3.73 3.14 7.98 6.12
3.74 3.61 7.34 5.95
3.67 3.27 7.97 6.24
3.78 3.6 7.51 6.11
3.85 3.34 7.51 5.85
3.84 3.93 7.36 6.29
3.81 3.61 7.66 6.27
3.69 3.47 7.95 6.42
3.82 3.48 7.63 6.11
3.83 3.37 7.6 5.97
3.84 3.87 7.64 6.51
3.74 3.69 7.47 6.16
3.71 3.22 7.85 6.07
3.66 3.24 8.3 6.54
3.78 3.35 8.21 6.56
3.75 3.81 7.42 6.23
3.8 3.6 7.61 6.21
3.68 3.4 8.14 6.54
3.8 3.33 7.91 6.24
3.68 3.1 8.13 6.23
3.71 3.2 7.9 6.1
3.75 3.66 7.6 6.26
3.78 3.54 7.69 6.23
3.7 3.35 7.91 6.26
3.73 3.42 8.06 6.48
3.83 3.5 7.48 5.98
3.73 3.46 7.96 6.42
3.84 3.49 7.5 5.99
3.74 3.12 7.87 5.99
3.65 3.56 7.66 6.22
3.76 3.53 7.64 6.17
3.74 3.3 8.25 6.55
3.83 3.38 7.89 6.27
3.76 3.72 7.63 6.35
3.79 3.76 7.21 5.97
3.66 3.51 7.71 6.22
3.8 3.53 7.56 6.09
3.82 3.4 7.5 5.9
3.78 3.43 7.61 6.04
3.77 3.49 7.98 6.47
3.77 3.18 8.25 6.43
3.8 3.76 7.6 6.36
3.72 3.1 8.63 6.73
3.85 3.68 7.26 5.94
3.66 3.56 7.74 6.3
3.72 3.67 7.57 6.24
3.74 3.45 7.68 6.13
3.71 3.74 7.54 6.28
3.83 3.28 8.24 6.52
3.74 3.05 8.28 6.33
3.74 3.29 7.71 6.0
3.73 3.58 7.88 6.46
3.79 3.51 8.04 6.55
3.69 3.85 7.59 6.44
3.7 3.07 8.0 6.07
3.73 3.04 8.19 6.23
3.71 3.15 8.18 6.33
3.78 3.5 7.37 5.87
3.8 3.94 7.2 6.14
3.76 3.51 7.72 6.23
3.75 3.34 8.36 6.7
3.79 3.57 7.54 6.11
3.71 3.3 8.05 6.35
3.73 3.68 7.5 6.18
3.81 3.79 7.28 6.07
3.69 3.27 8.17 6.44
3.68 2.86 8.25 6.11
3.73 3.48 8.32 6.8
3.87 3.61 7.53 6.14
3.75 3.34 7.89 6.23
3.81 3.38 7.98 6.36
3.65 3.37 7.63 6.0
3.76 3.17 7.72 5.89
3.67 3.07 8.47 6.54
3.78 3.34 8.01 6.35
3.72 3.31 8.0 6.31
3.73 3.32 8.11 6.43
3.77 3.15 8.5 6.65
3.81 3.33 7.87 6.2
3.72 3.21 8.07 6.28
3.73 3.48 7.97 6.45
3.83 3.4 7.38 5.78
3.77 2.98 8.4 6.38
3.76 3.79 7.42 6.21
3.73 3.77 7.79 6.56
3.78 3.51 7.72 6.23
3.8 3.84 7.39 6.23
3.84 3.97 7.19 6.16
3.72 3.42 7.82 6.24
3.72 3.83 7.26 6.09
3.67 3.46 7.64 6.1
3.7 3.36 8.2 6.56
3.8 3.22 8.44 6.66
3.72 3.36 7.89 6.25
3.75 3.96 7.36 6.32
3.72 3.4 8.12 6.52
3.69 3.46 7.32 5.78
3.73 3.46 7.9 6.36
3.69 2.95 8.59 6.54
3.7 3.52 7.93 6.45
3.77 3.11 7.97 6.08
3.69 3.56 7.55 6.11
3.8 3.56 8.07 6.63
3.8 3.72 7.94 6.66
3.76 3.57 7.75 6.32
3.78 3.26 7.98 6.24
3.81 3.48 8.02 6.5
3.77 3.34 7.95 6.29
3.74 3.4 7.93 6.33
3.83 3.18 7.92 6.1
3.77 3.45 7.9 6.35
3.76 3.67 7.66 6.33
3.78 3.71 7.94 6.65
3.76 3.21 7.73 5.94
3.7 3.16 8.26 6.42
3.82 3.59 7.67 6.26
3.81 3.36 8.13 6.49
3.85 3.77 7.35 6.12
3.71 3.6 7.44 6.04
3.82 3.63 7.61 6.24
3.86 3.68 7.43 6.11
3.62 3.49 7.85 6.34
3.75 3.57 7.6 6.17
3.77 3.49 7.71 6.2
3.79 3.14 8.48 6.62
3.67 3.28 8.05 6.33
3.75 3.91 7.5 6.41
3.75 3.55 8.05 6.6
3.79 3.8 7.23 6.03
3.81 3.78 7.13 5.91
3.69 3.1 8.15 6.25
3.75 3.32 7.84 6.16
3.76 3.18 8.28 6.46
3.65 3.22 7.88 6.1
3.8 3.93 7.33 6.26
3.73 3.19 8.35 6.54
3.73 2.8 8.71 6.51
3.75 3.46 8.0 6.46
3.77 3.38 7.56 5.94
3.81 3.73 7.57 6.3
3.76 2.97 8.27 6.24
3.69 3.2 7.93 6.13
3.76 3.32 7.87 6.19
3.75 3.66 7.45 6.11
3.71 3.19 8.06 6.25
3.85 3.86 7.21 6.07
3.75 3.56 7.36 5.92
3.8 3.83 7.34 6.17
3.7 3.17 8.29 6.46
3.7 2.87 8.36 6.23
3.77 3.61 7.85 6.46
3.73 3.02 8.38 6.4
3.77 3.7 7.28 5.98
3.79 3.56 7.39 5.95
3.73 3.31 8.48 6.79
3.69 3.35 7.9 6.25
3.76 3.63 7.81 6.44
3.8 3.76 7.6 6.36
3.71 3.29 7.98 6.27
3.69 3.29 8.33 6.62
3.78 3.87 7.35 6.22
3.84 3.92 7.24 6.16
3.72 3.2 7.93 6.13
3.73 3.53 7.29 5.82
3.81 3.66 7.37 6.03
3.68 3.24 7.95 6.19
3.69 2.92 8.49 6.41
3.76 3.53 7.8 6.33
3.65 3.65 7.51 6.16
3.76 3.27 7.97 6.24
3.76 3.89 7.51 6.4
3.86 3.85 7.81 6.66
3.73 3.09 8.14 6.23
3.75 2.87 8.33 6.2
3.81 3.71 7.6 6.31
3.82 3.53 7.69 6.22
3.78 3.42 7.7 6.12
3.69 3.12 7.96 6.08
3.76 3.48 7.7 6.18
3.82 3.22 7.95 6.17
3.77 3.65 7.4 6.05
3.7 3.25 7.98 6.23
3.83 3.66 8.14 6.8
3.7 2.91 8.34 6.25
3.75 3.27 7.96 6.23
3.75 2.84 8.57 6.41
3.7 3.77 7.96 6.73
3.74 3.73 7.25 5.98
3.74 3.64 7.59 6.23
3.72 3.33 8.0 6.33
3.7 2.98 8.12 6.1
3.71 3.41 7.83 6.24
3.76 3.42 8.07 6.49
3.75 3.53 7.77 6.3
3.76 3.81 7.19 6.0
3.73 3.19 8.08 6.27
3.78 3.45 7.55 6.0
3.67 2.86 8.39 6.25
3.78 3.43 8.18 6.61
3.69 3.07 7.84 5.91
3.8 3.27 7.66 5.93
3.8 3.47 7.68 6.15
3.87 3.92 7.38 6.3
3.77 3.6 7.69 6.29
3.79 3.44 7.69 6.13
3.76 3.1 8.06 6.16
3.7 3.28 8.06 6.34
3.84 3.47 7.85 6.32
3.71 3.27 8.38 6.65
3.79 3.36 7.76 6.12
3.77 3.73 7.14 5.87
3.8 3.59 7.66 6.25
3.73 2.83 8.26 6.09
3.74 3.52 7.31 5.83
3.7 3.2 7.9 6.1
3.85 3.59 7.86 6.45
3.84 3.51 7.72 6.23
3.83 3.42 7.81 6.23
3.77 3.1 8.4 6.5
3.81 3.48 7.62 6.1
3.79 3.1 8.19 6.29
3.7 3.21 8.42 6.63
3.8 3.58 7.01 5.59
3.85 3.41 7.77 6.18
3.8 3.21 7.91 6.12
3.82 3.87 7.43 6.3
3.81 2.98 7.91 5.89
3.87 3.64 7.28 5.92
3.82 3.23 8.05 6.28
3.83 3.69 7.75 6.44
3.63 3.37 7.94 6.31
3.73 3.36 8.26 6.62
3.68 3.28 8.1 6.38
3.72 3.35 7.7 6.05
3.73 3.29 7.88 6.17
3.7 2.97 8.44 6.41
3.66 3.35 7.98 6.33
3.8 3.63 7.31 5.94
3.75 3.52 7.46 5.98
3.74 3.13 8.26 6.39
3.82 3.67 7.4 6.07
3.77 3.34 8.06 6.4
3.72 3.39 7.88 6.27
3.75 3.39 7.6 5.99
3.81 3.45 7.72 6.17
3.74 3.77 7.44 6.21
3.79 3.73 7.25 5.98
3.82 3.21 8.2 6.41
3.78 3.69 7.35 6.04
3.75 3.41 7.79 6.2
3.78 3.73 7.6 6.33
3.71 3.45 7.66 6.11
3.71 3.72 7.69 6.41
3.83 3.64 7.76 6.4
3.82 3.61 7.61 6.22
3.74 3.35 7.78 6.13
3.78 3.39 7.87 6.26
3.65 3.3 8.14 6.44
3.77 3.22 7.9 6.12
3.75 3.75 7.5 6.25
3.76 3.68 7.65 6.33
3.79 3.49 7.77 6.26
3.78 3.31 8.17 6.48
3.78 3.49 7.61 6.1
3.83 3.14 7.66 5.8
3.75 3.38 7.8 6.18
3.76 3.29 7.98 6.27
3.74 3.82 7.67 6.49
3.64 3.22 8.57 6.79
3.79 3.25 8.31 6.56
3.65 3.43 8.0 6.43
3.72 3.35 7.78 6.13
3.76 3.47 7.63 6.1
3.7 3.21 8.1 6.31
3.74 3.62 7.89 6.51
3.78 3.43 8.11 6.54
3.69 3.03 8.52 6.55
3.71 3.23 7.96 6.19
3.7 3.55 7.71 6.26
3.75 3.18 8.05 6.23
3.77 3.11 8.28 6.39
3.74 3.37 8.23 6.6
3.67 3.49 7.88 6.37
3.77 3.65 7.77 6.42
3.76 3.42 7.81 6.23
3.74 3.57 7.52 6.09
3.77 3.46 7.3 5.76
3.85 3.14 8.23 6.37
3.81 3.41 7.85 6.26
3.64 2.93 8.51 6.44
3.76 2.91 8.12 6.03
3.67 2.97 8.58 6.55
3.81 3.28 8.09 6.37
3.76 3.66 7.71 6.37
3.78 3.65 7.47 6.12
3.84 3.59 7.97 6.56
3.81 3.49 7.66 6.15
3.64 3.14 8.13 6.27
3.8 3.33 7.99 6.32
3.8 3.47 7.61 6.08
3.78 3.46 7.92 6.38
3.79 3.54 7.85 6.39
3.72 3.53 7.58 6.11
3.85 3.49 7.59 6.08
3.75 3.21 7.93 6.14
3.76 3.21 7.9 6.11
3.76 3.24 7.91 6.15
3.71 3.59 7.63 6.22
3.86 3.36 7.77 6.13
3.71 3.34 8.19 6.53
3.7 3.27 7.9 6.17
3.78 3.71 7.68 6.39
3.76 3.88 7.12 6.0
3.82 3.98 7.12 6.1
3.74 3.68 7.55 6.23
3.75 3.14 8.03 6.17
3.6 3.05 8.28 6.33
3.77 3.58 7.72 6.3
3.73 2.91 8.23 6.14
3.8 3.67 7.49 6.16
3.76 3.34 7.46 5.8
3.57 3.62 7.78 6.4
3.7 3.43 8.22 6.65
3.77 3.7 7.46 6.16
3.8 3.55 7.57 6.12
3.75 3.87 7.74 6.61
3.84 3.44 7.75 6.19
3.74 3.2 8.32 6.52
3.76 3.35 7.71 6.06
3.79 3.64 7.53 6.17
3.8 3.39 7.59 5.98
3.78 3.7 7.7 6.4
3.88 3.66 7.14 5.8
3.73 3.28 7.89 6.17
3.77 3.34 7.86 6.2
3.68 2.69 8.58 6.27
3.78 3.3 7.95 6.25
3.76 2.83 8.19 6.02
3.74 3.05 8.11 6.16
3.78 3.42 7.47 5.89
3.71 3.28 8.32 6.6
3.72 3.28 7.69 5.97
3.85 3.42 7.82 6.24
3.75 3.46 8.01 6.47
3.72 3.16 8.05 6.21
3.59 2.77 8.65 6.42
3.72 3.27 8.26 6.53
3.73 3.23 7.97 6.2
3.61 3.07 8.13 6.2
3.78 3.48 7.79 6.27
3.7 3.8 7.84 6.64
3.72 3.36 7.78 6.14
3.7 3.57 7.6 6.17
3.76 3.69 7.65 6.34
3.74 3.31 8.11 6.42
3.73 3.19 8.09 6.28
3.77 3.45 7.64 6.09
3.66 3.61 7.53 6.14
3.62 3.12 8.48 6.6
3.78 3.34 8.4 6.74
3.87 4.2 6.89 6.09
3.79 3.96 7.39 6.35
3.69 3.55 7.68 6.23
3.76 3.87 7.72 6.59
3.71 3.47 7.79 6.26
3.73 3.53 7.81 6.34
3.76 3.36 7.94 6.3
3.76 3.32 7.91 6.23
3.67 3.39 7.74 6.13
3.77 3.45 7.81 6.26
3.69 3.12 7.77 5.89
3.76 3.36 8.0 6.36
3.76 3.4 7.96 6.36
3.69 3.75 7.84 6.59
3.74 3.84 7.5 6.34
3.78 3.33 7.48 5.81
3.72 3.58 7.64 6.22
3.76 3.39 8.27 6.66
3.65 3.02 8.56 6.58
3.79 3.95 7.38 6.33
3.73 3.28 7.62 5.9
3.7 3.6 7.98 6.58
3.78 3.27 7.9 6.17
3.75 3.48 7.89 6.37
3.74 3.09 8.14 6.23
3.69 3.64 7.68 6.32
3.74 3.24 8.13 6.37
3.79 3.37 7.87 6.24
3.84 3.47 7.89 6.36
3.78 3.49 7.78 6.27
3.83 2.99 7.87 5.86
3.8 3.79 7.24 6.03
3.66 3.24 8.27 6.51
3.78 3.54 7.41 5.95
3.72 3.6 7.28 5.88
3.82 3.52 7.59 6.11
3.8 3.2 7.75 5.95
3.74 3.39 7.68 6.07
3.82 3.46 7.56 6.02
3.71 3.43 8.26 6.69
3.8 3.35 7.58 5.93
3.7 3.63 7.64 6.27
3.77 3.9 7.2 6.1
3.74 3.47 7.53 6.0
3.76 3.54 7.83 6.37
3.82 3.99 7.16 6.15
3.8 3.49 7.59 6.08
3.74 3.23 8.29 6.52
3.86 3.9 7.52 6.42
3.67 3.62 7.57 6.19
3.74 3.36 7.78 6.14
3.81 3.28 7.98 6.26
3.79 3.47 7.88 6.35
3.79 3.42 7.94 6.36
3.8 3.62 7.5 6.12
3.77 3.38 7.96 6.34
3.79 3.89 7.52 6.41
3.85 3.33 7.91 6.24
3.76 3.64 7.48 6.12
3.78 3.32 7.6 5.92
3.77 3.78 7.25 6.03
3.74 3.24 8.15 6.39
3.76 3.83 7.42 6.25
3.79 3.64 7.67 6.31
3.67 3.33 7.97 6.3
3.65 3.34 7.78 6.12
3.7 3.42 7.77 6.19
3.78 3.36 8.12 6.48
3.79 3.37 7.79 6.16
3.76 3.28 7.87 6.15
3.79 3.37 7.46 5.83
3.74 3.11 8.05 6.16
3.84 3.44 7.73 6.17
3.75 3.45 7.78 6.23
3.74 3.56 8.16 6.72
3.73 3.67 7.73 6.4
3.74 2.98 8.14 6.12
3.82 3.22 7.96 6.18
3.8 3.38 7.86 6.24
3.72 3.51 7.77 6.28
3.75 3.64 7.89 6.53
3.74 3.37 8.12 6.49
3.76 3.67 7.54 6.21
3.75 3.25 8.22 6.47
3.7 3.29 8.04 6.33
3.75 3.38 7.7 6.08
3.93 3.51 7.64 6.15
3.7 3.34 8.21 6.55
3.77 3.41 7.67 6.08
3.77 3.43 7.99 6.42
3.81 3.53 7.64 6.17
3.82 3.52 7.69 6.21
3.68 3.2 8.26 6.46
3.73 2.93 8.65 6.58
3.74 3.38 8.02 6.4
3.68 3.58 7.89 6.47
3.67 3.51 7.66 6.17
3.71 3.26 7.7 5.96
3.8 3.15 8.12 6.27
3.71 2.9 8.45 6.35
3.86 3.68 7.33 6.01
3.74 3.58 7.32 5.9
3.74 3.39 7.96 6.35
3.78 3.0 8.49 6.49
3.72 3.33 7.76 6.09
3.75 3.27 7.71 5.98
3.78 3.84 7.37 6.21
3.82 3.45 8.03 6.48
3.72 3.12 8.19 6.31
3.82 3.49 7.85 6.34
3.71 3.06 8.02 6.08
3.81 4.06 7.59 6.65
3.78 3.33 8.17 6.5
3.73 3.4 7.89 6.29
3.74 3.51 7.86 6.37
3.75 3.77 7.71 6.48
3.8 3.63 7.99 6.62
3.8 3.55 7.48 6.03
3.85 4.07 7.38 6.45
3.78 3.54 7.7 6.24
3.75 4.06 7.09 6.15
3.71 3.53 7.92 6.45
3.7 3.67 7.37 6.04
3.81 3.24 8.16 6.4
3.76 3.48 7.69 6.17
3.66 3.3 7.79 6.09
3.62 3.2 8.25 6.45
3.81 3.42 8.04 6.46
3.76 3.18 8.22 6.4
3.71 3.31 7.78 6.09
3.81 3.6 7.39 5.99
3.79 3.5 7.87 6.37
3.72 3.43 7.89 6.32
3.74 2.97 8.45 6.42
3.66 3.27 7.81 6.08
3.72 3.26 8.52 6.78
3.77 3.44 7.83 6.27
3.74 3.6 8.02 6.62
3.84 3.83 6.87 5.7
3.71 2.96 8.53 6.49
3.74 3.05 8.32 6.37
3.67 3.74 7.44 6.18
3.79 3.6 7.45 6.05
3.76 3.75 7.45 6.2
3.69 3.07 8.48 6.55
3.77 3.43 7.56 5.99
3.83 3.21 7.83 6.04
3.74 3.7 7.68 6.38
3.71 3.37 7.94 6.31
3.69 3.17 8.22 6.39
3.63 3.08 8.23 6.31
3.66 3.32 7.91 6.23
3.77 3.33 7.76 6.09
3.76 3.91 7.45 6.36
3.82 3.57 7.47 6.04
3.69 3.16 7.97 6.13
3.71 3.47 8.0 6.47
3.78 3.52 7.88 6.4
3.83 3.67 7.82 6.49
3.75 3.95 7.51 6.46
3.78 3.52 7.88 6.4
3.75 3.49 7.67 6.16
3.84 3.46 7.77 6.23
3.73 3.63 7.47 6.1
3.67 3.04 8.13 6.17
3.82 3.03 8.48 6.51
3.76 3.97 7.26 6.23
3.75 3.61 7.79 6.4
3.72 3.32 7.68 6.0
3.76 3.36 7.66 6.02
3.7 3.18 8.29 6.47
3.8 4.07 7.1 6.17
3.7 3.32 7.77 6.09
3.67 2.95 8.29 6.24
3.69 3.6 7.69 6.29
3.76 3.3 7.98 6.28
3.72 3.77 7.66 6.43
3.73 3.45 8.1 6.55
3.72 3.15 8.61 6.76
3.83 3.15 8.47 6.62
3.82 3.74 7.06 5.8
3.72 3.25 8.0 6.25
3.77 3.25 7.76 6.01
3.8 3.4 7.59 5.99
3.79 3.36 7.66 6.02
3.74 3.43 7.77 6.2
3.73 3.01 7.99 6.0
3.74 3.52 7.76 6.28
3.71 3.62 7.89 6.51
3.79 3.6 7.24 5.84
3.74 3.04 7.88 5.92
3.66 2.76 8.95 6.71
3.71 3.37 8.0 6.37
3.69 3.34 7.98 6.32
3.78 3.07 7.98 6.05
3.65 3.65 7.47 6.12
3.78 3.48 7.75 6.23
3.67 3.3 8.49 6.79
3.71 3.37 7.58 5.95
3.68 3.1 8.18 6.28
3.78 3.4 7.8 6.2
3.72 2.97 8.47 6.44
3.72 3.28 8.17 6.45
3.73 3.45 7.95 6.4
3.84 3.62 7.6 6.22
3.64 3.17 7.96 6.13
3.81 3.56 7.68 6.24
3.76 3.51 7.7 6.21
3.72 3.37 7.75 6.12
3.77 3.65 7.74 6.39
3.81 3.52 7.53 6.05
3.85 3.31 7.77 6.08
3.83 3.14 8.08 6.22
3.8 3.51 7.74 6.25
3.77 3.28 8.0 6.28
3.78 3.33 7.97 6.3
3.83 3.3 7.71 6.01
3.7 3.12 8.05 6.17
3.72 3.36 7.44 5.8
3.75 3.4 7.65 6.05
3.73 3.32 8.27 6.59
3.7 3.24 7.91 6.15
3.84 3.81 7.25 6.06
3.7 3.71 7.36 6.07
3.73 3.07 7.78 5.85
3.79 3.46 8.01 6.47
3.79 3.73 7.37 6.1
3.79 3.86 7.28 6.14
3.78 3.71 7.33 6.04
3.78 3.67 7.89 6.56
3.59 3.65 8.14 6.79
3.75 3.69 7.94 6.63
3.71 3.22 8.23 6.45
3.74 3.5 7.88 6.38
3.85 3.49 7.47 5.96
3.77 3.2 7.76 5.96
3.76 3.24 7.97 6.21
3.82 3.65 7.77 6.42
3.75 3.07 8.53 6.6
3.75 3.38 7.95 6.33
3.76 3.35 8.03 6.38
3.79 3.35 7.84 6.19
3.77 3.52 7.82 6.34
3.83 3.33 8.15 6.48
3.87 3.92 7.52 6.44
3.83 3.73 7.32 6.05
3.8 3.43 7.63 6.06
3.78 3.51 8.1 6.61
3.81 3.78 7.46 6.24
3.73 3.33 8.04 6.37
3.76 3.42 7.53 5.95
3.73 3.8 7.83 6.63
3.8 3.27 7.84 6.11
3.8 3.12 7.97 6.09
3.77 3.28 7.93 6.21
3.79 3.46 7.77 6.23
3.72 3.28 7.87 6.15
3.79 3.55 8.08 6.63
3.77 3.77 7.63 6.4
3.69 3.14 8.26 6.4
3.75 3.3 8.0 6.3
3.8 3.97 7.73 6.7
3.71 3.91 7.33 6.24
3.79 3.81 7.39 6.2
3.68 3.29 7.92 6.21
3.73 3.26 7.72 5.98
3.79 3.35 8.0 6.35
3.8 3.46 7.85 6.31
3.81 3.49 7.68 6.17
3.82 4.01 7.26 6.27
3.76 3.35 7.9 6.25
3.76 3.34 7.68 6.02
3.72 3.5 7.7 6.2
3.7 3.18 8.27 6.45
3.73 3.17 8.13 6.3
3.75 3.6 8.02 6.62
3.82 3.16 7.95 6.11
3.73 3.54 7.42 5.96
3.75 2.99 8.21 6.2
3.74 4.02 7.64 6.66
3.75 3.55 7.69 6.24
3.71 3.14 8.14 6.28
3.69 3.46 7.57 6.03
3.7 3.98 7.47 6.45
3.77 3.26 8.12 6.38
3.69 3.49 8.22 6.71
3.73 3.56 7.86 6.42
3.66 3.31 7.98 6.29
3.72 2.94 8.55 6.49
3.77 3.41 8.14 6.55
3.79 3.27 7.69 5.96
3.77 3.91 7.15 6.06
3.82 3.96 6.97 5.93
3.83 3.09 8.03 6.12
3.77 3.4 8.0 6.4
3.76 3.43 7.95 6.38
3.79 4.03 7.17 6.2
3.72 3.35 7.98 6.33
3.73 3.08 8.47 6.55
3.79 3.55 7.68 6.23
3.73 3.42 7.98 6.4
3.85 3.72 7.23 5.95
3.75 3.56 7.77 6.33
3.73 2.95 8.14 6.09
3.84 3.55 7.41 5.96
3.73 3.74 7.95 6.69
3.74 3.47 7.51 5.98
3.63 3.0 8.07 6.07
3.73 3.3 7.97 6.27
3.75 3.52 7.8 6.32
3.72 3.12 8.24 6.36
3.8 3.32 7.87 6.19
3.73 3.34 7.93 6.27
3.74 3.21 8.03 6.24
3.69 3.18 7.89 6.07
3.75 3.44 7.94 6.38
3.86 3.21 7.57 5.78
3.7 3.57 7.36 5.93
3.74 3.31 8.21 6.52
3.77 3.68 7.7 6.38
3.8 3.18 8.07 6.25
3.76 3.38 7.6 5.98
3.7 3.11 8.15 6.26
3.73 3.27 7.93 6.2
3.79 3.5 7.52 6.02
3.79 3.59 7.61 6.2
3.72 3.2 8.14 6.34
3.72 3.55 7.77 6.32
3.75 3.3 8.07 6.37
3.82 3.76 7.54 6.3
3.9 3.67 7.4 6.07
3.77 3.42 7.73 6.15
3.77 3.19 8.15 6.34
3.69 3.21 7.98 6.19
3.68 3.44 7.87 6.31
3.82 3.66 7.21 5.87
3.83 3.58 7.74 6.32
3.79 3.6 7.7 6.3
3.68 3.14 8.52 6.66
3.76 3.55 7.78 6.33
3.73 3.5 7.93 6.43
3.83 3.65 7.29 5.94
3.77 3.51 7.54 6.05
3.75 3.67 7.62 6.29
3.78 2.99 8.29 6.28
3.72 3.3 7.9 6.2
3.75 3.14 8.11 6.25
3.8 3.2 8.04 6.24
3.71 3.08 8.27 6.35
3.81 3.96 7.26 6.22
3.7 3.33 7.74 6.07
3.73 3.54 7.87 6.41
3.83 3.35 7.74 6.09
3.64 2.8 8.3 6.1
3.81 3.35 8.07 6.42
3.8 3.7 7.89 6.59
3.77 3.3 7.78 6.08
3.79 3.95 7.72 6.67
3.81 3.82 7.31 6.13
3.77 3.47 7.76 6.23
3.67 3.43 7.52 5.95
3.7 3.11 8.18 6.29
3.74 3.17 8.06 6.23
3.79 3.27 8.06 6.33
3.75 3.27 7.94 6.21
3.78 3.55 7.34 5.89
3.8 3.99 7.53 6.52
3.76 3.36 8.15 6.51
3.81 3.41 7.98 6.39
3.81 3.79 7.28 6.07
3.79 3.62 7.76 6.38
3.8 3.75 7.83 6.58
3.86 3.76 7.75 6.51
3.74 3.73 7.5 6.23
3.71 3.4 8.07 6.47
3.78 3.85 7.14 5.99
3.76 3.26 7.95 6.21
3.72 3.52 7.94 6.46
3.72 3.29 7.92 6.21
3.78 3.48 8.1 6.58
3.72 3.47 7.55 6.02
3.57 3.04 8.5 6.54
3.76 3.13 8.57 6.7
3.77 3.27 7.74 6.01
3.76 3.12 8.45 6.57
3.78 3.61 7.91 6.52
3.8 3.44 7.4 5.84
3.84 3.61 7.64 6.25
3.73 3.17 7.88 6.05
3.78 3.4 7.73 6.13
3.71 3.6 7.57 6.17
3.82 3.05 7.99 6.04
3.78 3.18 8.2 6.38
3.86 3.95 7.06 6.01
3.71 3.55 7.56 6.11
3.76 3.36 7.87 6.23
3.8 3.37 7.9 6.27
3.72 3.23 8.1 6.33
3.77 3.29 7.92 6.21
3.75 3.89 7.84 6.73
3.73 3.67 7.46 6.13
3.81 3.61 7.35 5.96
3.77 3.22 7.84 6.06
3.78 3.49 7.87 6.36
3.72 3.55 7.92 6.47
3.81 3.21 7.82 6.03
3.77 3.66 7.53 6.19
3.73 4.03 6.92 5.95
3.82 3.56 7.26 5.82
3.76 3.34 8.12 6.46
3.74 3.18 8.29 6.47
3.66 3.06 8.2 6.26
3.82 3.51 7.82 6.33
3.82 3.31 7.91 6.22
3.82 3.49 7.44 5.93
3.72 3.46 7.85 6.31
3.83 3.97 7.1 6.07
3.74 3.0 8.37 6.37
3.77 3.43 7.73 6.16
3.69 3.22 8.11 6.33
3.76 3.27 8.06 6.33
3.73 3.38 7.8 6.18
3.7 3.24 8.43 6.67
3.78 3.21 8.17 6.38
3.84 3.57 7.86 6.43
3.74 3.16 8.57 6.73
3.77 2.89 8.45 6.34
3.73 3.69 7.73 6.42
3.81 3.41 8.41 6.82
3.75 3.57 7.51 6.08
3.73 3.44 7.86 6.3
3.73 3.61 8.01 6.62
3.77 3.45 7.74 6.19
3.62 2.69 8.65 6.34
3.84 3.7 7.73 6.43
3.76 3.67 7.66 6.33
3.7 3.38 7.82 6.2
3.64 3.52 7.91 6.43
3.74 3.66 7.43 6.09
3.78 3.79 7.35 6.14
3.71 3.37 8.0 6.37
3.67 2.9 8.01 5.91
3.68 2.99 8.17 6.16
3.83 3.59 7.21 5.8
3.71 3.32 8.06 6.38
3.71 3.51 7.84 6.35
3.76 3.74 7.3 6.04
3.63 3.33 8.03 6.36
3.64 3.22 7.97 6.19
3.78 3.87 7.27 6.14
3.75 3.55 7.4 5.95
3.74 3.12 8.36 6.48
3.74 3.08 7.96 6.04
3.79 3.68 7.55 6.23
3.72 3.13 8.15 6.28
3.74 3.62 8.22 6.84
3.8 3.66 7.34 6.0
3.76 4.0 7.62 6.62
3.82 3.82 7.36 6.18
3.75 3.16 8.24 6.4
3.7 3.39 8.16 6.55
3.86 3.42 7.74 6.16
3.8 4.13 7.38 6.51
3.73 3.71 7.67 6.38
3.74 3.2 7.74 5.94
3.79 2.89 8.38 6.27
3.79 3.54 7.61 6.15
3.75 3.69 7.76 6.45
3.76 3.34 8.07 6.41
3.7 3.63 7.63 6.26
3.83 2.93 8.27 6.2
3.72 3.57 8.0 6.57
3.7 3.2 8.24 6.44
3.64 3.65 8.08 6.73
3.58 3.08 8.45 6.53
3.81 3.46 7.66 6.12
3.74 3.45 7.74 6.19
3.75 3.27 8.18 6.45
3.81 3.87 7.39 6.26
3.76 3.77 7.38 6.15
3.73 3.14 8.11 6.25
3.67 3.58 8.06 6.64
3.84 4.03 7.21 6.24
3.67 3.18 8.36 6.54
3.68 3.34 7.99 6.33
3.73 3.54 7.72 6.26
3.78 3.58 7.76 6.34
3.68 3.09 8.09 6.18
3.75 3.4 8.46 6.86
3.78 3.29 8.02 6.31
3.6 3.08 8.57 6.65
3.75 3.44 7.91 6.35
3.71 3.24 8.14 6.38
3.73 3.81 7.31 6.12
3.68 3.53 7.82 6.35
3.76 3.58 7.51 6.09
3.82 3.56 7.46 6.02
3.85 3.79 7.94 6.73
3.8 2.99 7.94 5.93
3.77 3.51 7.82 6.33
3.74 3.31 7.88 6.19
3.76 3.64 7.62 6.26
3.72 2.97 8.19 6.16
3.81 3.88 7.5 6.38
3.77 3.25 8.0 6.25
3.81 3.57 7.67 6.24
3.71 3.34 7.65 5.99
3.76 3.22 7.8 6.02
3.65 3.41 8.25 6.66
3.71 3.25 8.32 6.57
3.77 3.45 7.87 6.32
3.75 3.45 7.81 6.26
3.75 3.11 8.11 6.22
3.75 3.5 7.74 6.24
3.68 3.05 8.31 6.36
3.77 3.34 7.88 6.22
3.75 3.44 7.92 6.36
3.78 3.33 7.91 6.24
3.68 3.56 7.87 6.43
3.71 3.35 7.97 6.32
3.83 3.93 7.07 6.0
3.72 3.1 8.42 6.52
3.76 3.43 7.75 6.18
3.79 3.63 7.77 6.4
3.65 3.18 8.62 6.8
3.75 3.61 7.47 6.08
3.74 3.53 8.02 6.55
3.64 3.53 8.0 6.53
3.83 3.71 7.3 6.01
3.86 3.79 7.38 6.17
3.74 3.54 7.7 6.24
3.74 3.36 7.7 6.06
3.79 3.61 7.73 6.34
3.77 3.58 8.02 6.6
3.7 3.44 8.03 6.47
3.79 3.43 7.82 6.25
3.78 3.62 7.45 6.07
3.83 3.81 7.18 5.99
3.83 4.08 6.92 6.0
3.8 3.33 7.83 6.16
3.73 3.29 7.86 6.15
3.85 3.61 7.54 6.15
3.68 3.27 8.25 6.52
3.78 3.37 7.77 6.14
3.84 3.79 7.49 6.28
3.7 2.97 8.16 6.13
3.68 3.24 7.97 6.21
3.89 3.58 7.8 6.38
3.8 3.5 7.3 5.8
3.71 3.31 7.85 6.16
3.73 3.69 7.63 6.32
3.76 3.48 8.04 6.52
3.81 3.41 7.84 6.25
3.7 3.02 8.09 6.11
3.73 3.46 8.01 6.47
3.76 3.93 7.73 6.66
3.83 3.6 7.76 6.36
3.82 3.31 7.51 5.82
3.74 3.52 7.94 6.46
3.77 3.12 8.26 6.38
3.67 3.28 8.21 6.49
3.83 3.88 7.57 6.45
3.82 3.76 7.69 6.45
3.74 3.26 8.07 6.33
3.81 3.21 8.33 6.54
3.77 3.28 8.07 6.35
3.7 3.56 7.87 6.43
3.8 3.8 7.19 5.99
3.77 3.76 7.22 5.98
3.82 3.52 7.75 6.27
3.73 3.81 7.3 6.11
3.76 3.1 8.08 6.18
3.77 3.38 7.74 6.12
3.77 3.22 8.16 6.38
3.72 3.22 7.86 6.08
3.69 3.45 7.36 5.81
3.77 3.48 7.9 6.38
3.82 3.32 8.0 6.32
3.78 3.4 7.86 6.26
3.71 3.21 8.23 6.44
3.75 3.49 7.87 6.36
3.76 3.25 7.86 6.11
3.76 3.46 8.27 6.73
3.7 3.55 7.76 6.31
3.75 3.54 7.81 6.35
3.77 3.39 8.1 6.49
3.73 3.63 8.04 6.67
3.82 3.37 7.61 5.98
3.87 3.72 7.33 6.05
3.69 3.44 7.96 6.4
3.73 3.16 8.22 6.38
3.79 3.44 7.66 6.1
3.78 3.94 7.48 6.42
3.81 3.27 7.98 6.25
3.79 3.34 7.99 6.33
3.77 3.42 7.71 6.13
3.82 3.82 7.29 6.11
3.8 3.66 7.14 5.8
3.84 3.57 7.44 6.01
3.76 2.99 8.26 6.25
3.74 3.43 7.79 6.22
3.7 2.98 8.35 6.33
3.73 3.36 7.64 6.0
3.79 3.37 7.76 6.13
3.76 3.88 7.88 6.76
3.79 3.41 7.78 6.19
3.78 3.7 7.93 6.63
3.79 3.31 7.75 6.06
3.74 3.64 7.82 6.46
3.75 3.31 8.17 6.48
3.61 3.69 8.23 6.92
3.72 3.57 7.73 6.3
3.82 3.6 7.61 6.21
3.74 3.89 7.39 6.28
3.76 3.54 8.0 6.54
3.78 3.32 7.82 6.14
3.72 3.43 7.56 5.99
3.76 3.41 7.73 6.14
3.67 3.42 7.81 6.23
3.81 3.39 7.93 6.32
3.81 3.3 8.2 6.5
3.83 3.18 8.15 6.33
3.87 3.82 7.53 6.35
3.78 3.44 7.54 5.98
3.76 2.77 8.6 6.37
3.71 3.2 7.97 6.17
3.75 3.03 8.31 6.34
3.77 3.44 7.21 5.65
3.7 3.35 8.1 6.45
3.78 3.33 8.21 6.54
3.79 3.48 7.73 6.21
3.8 3.76 7.67 6.43
3.6 2.7 8.65 6.35
3.75 3.43 7.76 6.19
3.76 3.08 8.22 6.3
3.81 3.89 7.13 6.02
3.78 3.13 8.61 6.74
3.81 3.66 7.7 6.36
3.77 3.0 8.18 6.18
3.77 3.28 8.01 6.29
3.8 3.46 7.42 5.88
3.68 3.09 8.14 6.23
3.69 2.98 8.42 6.4
3.81 3.52 7.76 6.28
3.84 3.76 7.56 6.32
3.75 3.67 7.39 6.06
3.78 3.1 8.16 6.26
3.77 3.28 8.13 6.41
3.79 3.05 8.06 6.11
3.62 3.32 8.02 6.34
3.77 4.09 7.04 6.13
3.76 3.87 7.36 6.23
3.83 3.62 7.53 6.15
3.75 3.6 8.08 6.68
3.81 3.24 7.98 6.22
3.8 3.42 7.9 6.32
3.85 3.23 7.69 5.92
3.79 3.96 7.49 6.45
3.85 3.21 7.99 6.2
3.73 3.28 8.34 6.62
3.81 3.61 7.47 6.08
3.76 3.45 7.58 6.03
3.78 3.3 7.92 6.22
3.73 3.71 7.78 6.49
3.79 3.29 7.83 6.12
3.8 4.2 7.3 6.5
3.79 3.86 7.25 6.11
3.73 3.24 7.54 5.78
3.74 3.65 7.29 5.94
3.71 2.78 8.17 5.95
3.72 3.17 8.3 6.47
3.74 3.35 8.3 6.65
3.65 3.3 7.86 6.16
3.71 3.36 8.08 6.44
3.8 3.2 7.89 6.09
3.71 3.28 7.97 6.25
3.76 3.38 7.87 6.25
3.8 3.32 7.99 6.31
3.76 3.69 7.44 6.13
3.71 3.12 8.06 6.18
3.72 3.36 8.22 6.58
3.79 3.44 7.59 6.03
3.8 3.41 8.06 6.47
3.83 3.8 7.46 6.26
3.74 3.39 7.32 5.71
3.79 3.97 7.51 6.48
3.84 3.85 7.84 6.69
3.73 3.32 8.29 6.61
3.73 3.56 7.91 6.47
3.77 2.92 8.54 6.46
3.79 3.76 7.28 6.04
3.75 3.34 7.9 6.24
3.74 3.3 8.15 6.45
3.83 3.33 7.57 5.9
3.86 3.66 7.42 6.08
3.79 3.4 7.82 6.22
3.69 3.43 7.67 6.1
3.66 2.95 8.5 6.45
3.8 3.52 7.73 6.25
3.72 3.3 8.19 6.49
3.76 3.23 8.06 6.29
3.67 3.13 8.04 6.17
3.83 3.94 7.25 6.19
3.74 3.33 7.81 6.14
3.71 3.78 7.68 6.46
3.81 3.69 7.45 6.14
3.84 4.3 6.84 6.14
3.78 3.53 7.64 6.17
3.79 3.5 7.52 6.02
3.75 3.36 7.78 6.14
3.82 3.42 7.66 6.08
3.7 3.28 8.0 6.28
3.76 3.54 7.61 6.15
3.65 3.0 8.21 6.21
3.81 3.68 7.63 6.31
3.79 3.36 7.52 5.88
3.71 3.27 8.13 6.4
3.77 3.85 7.39 6.24
3.8 3.49 7.88 6.37
3.8 3.6 7.6 6.2
3.77 3.49 7.96 6.45
3.76 2.95 8.47 6.42
3.74 3.46 7.77 6.23
3.72 3.14 8.48 6.62
3.8 3.1 7.67 5.77
3.84 3.55 7.82 6.37
3.73 3.54 7.71 6.25
3.72 3.19 7.96 6.15
3.8 3.58 7.34 5.92
3.8 3.49 7.52 6.01
3.72 3.36 8.05 6.41
3.71 3.42 8.12 6.54
3.79 3.16 7.65 5.81
3.74 3.57 7.32 5.89
3.79 3.77 7.89 6.66
3.81 3.79 7.34 6.13
3.77 3.33 7.62 5.95
3.73 3.13 8.28 6.41
3.7 3.33 7.84 6.17
3.74 3.7 7.77 6.47
3.73 3.66 7.88 6.54
3.75 3.31 8.15 6.46
3.75 3.51 7.33 5.84
3.85 3.32 7.65 5.97
3.8 3.58 7.51 6.09
3.76 3.19 8.28 6.47
3.73 3.52 7.92 6.44
3.74 3.21 8.07 6.28
3.79 2.74 8.66 6.4
3.8 3.75 7.64 6.39
3.66 3.38 7.67 6.05
3.7 3.39 7.78 6.17
3.84 3.4 7.9 6.3
3.81 3.33 7.6 5.93
3.72 3.14 8.18 6.32
3.79 3.59 7.71 6.3
3.72 3.73 7.98 6.71
3.73 3.47 7.7 6.17
3.72 3.17 8.32 6.49
3.79 3.58 7.47 6.05
3.76 3.46 7.41 5.87
3.73 3.34 7.9 6.24
3.76 3.62 7.72 6.34
3.69 3.6 7.82 6.42
3.81 3.44 7.96 6.4
3.72 3.55 7.7 6.25
3.77 3.6 7.67 6.27
3.85 3.43 7.54 5.97
3.71 3.47 7.5 5.97
3.74 3.64 7.52 6.16
3.7 3.61 7.97 6.58
3.79 3.8 7.47 6.27
3.72 3.81 7.96 6.77
3.78 3.23 7.94 6.17
3.63 3.17 8.26 6.43
3.72 3.17 8.11 6.28
3.76 3.37 7.95 6.32
3.82 3.32 7.73 6.05
3.77 3.45 8.01 6.46
3.77 3.55 7.85 6.4
3.78 3.14 8.25 6.39
3.78 3.04 7.88 5.92
3.85 3.15 7.74 5.89
3.73 3.25 7.96 6.21
3.71 3.04 8.03 6.07
3.81 3.88 7.05 5.93
3.73 3.79 7.82 6.61
3.79 3.53 7.75 6.28
3.69 3.95 7.52 6.47
3.87 3.58 7.44 6.02
3.77 3.28 7.84 6.12
3.87 4.01 7.52 6.53
3.76 3.56 7.67 6.23
3.76 3.29 7.8 6.09
3.77 2.76 8.62 6.38
3.72 3.32 8.24 6.56
3.65 3.0 8.32 6.32
3.74 3.52 7.85 6.37
3.69 3.14 8.3 6.44
3.76 3.42 7.65 6.07
3.82 3.47 7.46 5.93
3.79 3.28 7.93 6.21
3.67 3.46 7.67 6.13
3.68 3.27 7.77 6.04
3.78 3.31 8.15 6.46
3.72 3.04 8.19 6.23
3.73 3.17 8.21 6.38
3.57 3.08 8.41 6.49
3.71 2.89 8.34 6.23
3.74 3.1 8.34 6.44
3.8 3.48 7.81 6.29
3.79 3.24 8.08 6.32
3.72 3.5 7.57 6.07
3.64 3.26 8.36 6.62
3.79 3.61 7.83 6.44
3.85 3.43 7.94 6.37
3.72 3.14 8.33 6.47
3.69 3.23 8.19 6.42
3.79 3.48 7.57 6.05
3.68 3.61 7.81 6.42
3.75 3.54 7.78 6.32
3.78 3.43 7.66 6.09
3.7 3.16 8.13 6.29
3.77 3.04 8.02 6.06
3.73 3.57 7.78 6.35
3.73 3.39 7.91 6.3
3.72 3.42 7.87 6.29
3.69 3.57 7.57 6.14
3.7 3.29 7.68 5.97
3.77 3.73 7.44 6.17
3.75 3.53 7.71 6.24
3.83 3.64 7.3 5.94
3.75 3.77 7.43 6.2
3.84 3.79 7.08 5.87
3.77 3.71 7.76 6.47
3.67 2.93 8.58 6.51
3.78 3.77 7.56 6.33
3.75 3.48 7.76 6.24
3.71 3.46 7.83 6.29
3.71 3.01 8.6 6.61
3.71 3.21 8.08 6.29
3.81 3.15 7.79 5.94
3.71 3.88 7.58 6.46
3.75 3.33 8.13 6.46
3.63 3.12 8.37 6.49
3.82 3.11 7.95 6.06
3.78 3.5 7.39 5.89
3.72 3.36 8.37 6.73
3.71 3.33 8.03 6.36
3.79 4.12 7.16 6.28
3.72 3.69 7.51 6.2
3.79 3.37 8.1 6.47
3.75 3.67 7.67 6.34
3.79 3.63 7.67 6.3
3.75 2.87 8.43 6.3
3.75 3.27 8.12 6.39
3.73 3.13 7.94 6.07
3.76 3.16 8.52 6.68
3.69 3.61 7.38 5.99
3.74 3.5 7.64 6.14
3.79 4.06 7.01 6.07
3.83 3.71 7.41 6.12
3.82 3.7 7.3 6.0
3.8 3.02 7.75 5.77
3.75 3.52 7.59 6.11
3.8 3.6 7.47 6.07
3.72 3.1 8.39 6.49
3.76 3.53 7.78 6.31
3.7 3.07 8.58 6.65
3.69 3.46 7.9 6.36
3.64 3.11 8.11 6.22
3.84 3.27 8.03 6.3
3.84 3.81 7.74 6.55
3.7 3.37 8.15 6.52
3.72 3.87 7.48 6.35
3.75 3.3 8.34 6.64
3.72 3.54 7.74 6.28
3.76 3.31 7.85 6.16
3.76 3.48 7.97 6.45
3.73 3.2 7.81 6.01
3.76 2.92 8.4 6.32
3.76 3.28 7.54 5.82
3.81 3.87 7.51 6.38
3.69 3.22 8.22 6.44
3.7 3.15 8.1 6.25
3.77 3.68 7.72 6.4
3.75 3.06 8.23 6.29
3.75 2.96 8.4 6.36
3.79 3.43 7.37 5.8
3.77 3.46 7.63 6.09
3.67 3.07 8.06 6.13
3.8 3.51 7.81 6.32
3.73 3.25 7.94 6.19
3.75 3.19 7.93 6.12
3.72 3.11 8.02 6.13
3.77 3.55 7.41 5.96
3.65 3.32 8.1 6.42
3.77 3.5 7.97 6.47
3.75 2.92 8.11 6.03
3.71 3.48 7.65 6.13
3.82 3.12 8.14 6.26
3.77 3.48 7.52 6.0
3.79 3.69 7.6 6.29
3.66 2.97 8.31 6.28
3.79 3.65 6.97 5.62
3.9 3.32 7.84 6.16
3.77 3.1 8.17 6.27
3.67 3.49 7.92 6.41
3.77 3.32 7.94 6.26
3.82 3.26 8.12 6.38
3.77 3.24 8.09 6.33
3.74 3.51 8.05 6.56
3.81 3.69 7.41 6.1
3.8 3.73 7.53 6.26
3.79 3.64 7.62 6.26
3.81 3.07 7.95 6.02
3.82 4.1 7.47 6.57
3.79 3.83 7.28 6.11
3.71 3.7 7.58 6.28
3.86 3.58 7.78 6.36
3.69 3.5 7.99 6.49
3.71 3.03 8.63 6.66
3.71 2.81 8.5 6.31
3.7 3.41 8.49 6.9
3.77 3.61 7.92 6.53
3.73 3.13 8.0 6.13
3.79 3.39 7.71 6.1
3.7 2.98 8.49 6.47
3.78 3.54 7.39 5.93
3.72 3.44 7.51 5.95
3.73 3.4 7.78 6.18
3.69 3.38 8.16 6.54
3.8 3.54 7.77 6.31
3.67 3.73 7.5 6.23
3.68 3.37 7.72 6.09
3.76 3.17 8.14 6.31
3.77 3.36 7.97 6.33
3.73 3.28 7.89 6.17
3.77 3.14 7.99 6.13
3.72 3.13 8.34 6.47
3.69 3.48 7.93 6.41
3.79 3.67 7.39 6.06
3.78 3.24 7.57 5.81
3.83 3.58 7.64 6.22
3.75 3.31 8.07 6.38
3.7 3.13 7.9 6.03
3.77 3.58 7.58 6.16
3.75 3.44 7.87 6.31
3.74 2.92 8.06 5.98
3.69 3.14 7.99 6.13
3.86 3.86 7.58 6.44
3.87 3.63 7.55 6.18
3.78 3.71 7.86 6.57
3.82 3.72 7.44 6.16
3.73 3.54 7.71 6.25
3.78 3.04 7.87 5.91
3.75 3.78 7.66 6.44
3.66 3.45 7.89 6.34
3.79 3.72 7.26 5.98
3.74 3.31 8.2 6.51
3.77 3.76 7.4 6.16
3.78 3.77 7.23 6.0
3.83 3.79 7.33 6.12
3.76 3.51 7.69 6.2
3.77 3.24 7.97 6.21
3.85 3.53 8.29 6.82
3.72 3.5 7.6 6.1
3.78 3.3 8.11 6.41
3.74 3.53 7.68 6.21
3.83 3.47 7.55 6.02
3.73 3.41 8.04 6.45
3.63 3.31 8.21 6.52
3.67 3.35 7.96 6.31
3.73 3.51 7.65 6.16
3.79 3.42 8.01 6.43
3.69 3.18 8.01 6.19
3.81 3.94 6.99 5.93
3.69 3.08 8.56 6.64
3.79 3.43 7.53 5.96
3.69 3.05 8.07 6.12
3.7 3.68 7.74 6.42
3.84 3.7 7.38 6.08
3.82 3.64 7.55 6.19
3.82 3.85 7.42 6.27
3.81 3.74 7.32 6.06
3.73 3.5 7.84 6.34
3.77 3.33 8.07 6.4
3.81 3.76 7.74 6.5
3.69 3.3 7.96 6.26
3.74 3.26 7.97 6.23
3.75 3.48 7.58 6.06
3.73 3.35 7.77 6.12
3.74 3.45 7.83 6.28
3.72 3.7 7.39 6.09
3.81 3.78 7.28 6.06
3.8 3.69 7.65 6.34
3.8 3.99 7.5 6.49
3.82 3.48 7.97 6.45
3.73 3.27 8.17 6.44
3.73 3.46 8.03 6.49
3.71 3.07 8.49 6.56
3.79 3.51 7.59 6.1
3.81 3.01 7.85 5.86
3.74 3.32 7.81 6.13
3.76 3.51 7.95 6.46
3.71 3.46 7.83 6.29
3.81 3.31 7.52 5.83
3.79 3.52 7.5 6.02
3.64 3.29 8.16 6.45
3.82 3.62 7.73 6.35
3.89 3.94 7.03 5.97
3.83 3.57 7.7 6.27
3.86 3.39 7.98 6.37
3.81 3.53 7.84 6.37
3.84 3.52 7.71 6.23
3.77 3.41 7.9 6.31
3.8 4.04 7.04 6.08
3.74 3.36 7.57 5.93
3.73 3.07 8.58 6.65
3.8 3.59 7.66 6.25
3.82 3.51 7.45 5.96
3.75 3.22 7.84 6.06
3.77 3.1 8.29 6.39
3.77 3.53 8.0 6.53
3.79 3.48 7.91 6.39
3.74 3.29 7.78 6.07
3.83 3.14 8.03 6.17
3.73 3.4 7.51 5.91
3.59 3.04 8.13 6.17
3.75 2.97 8.21 6.18
3.8 3.59 7.16 5.75
3.7 3.22 8.41 6.63
3.77 3.4 7.79 6.19
3.73 3.56 8.2 6.76
3.78 3.02 8.41 6.43
3.79 3.09 8.43 6.52
3.8 3.63 7.52 6.15
3.72 3.27 8.26 6.53
3.78 3.53 8.0 6.53
3.66 3.47 7.87 6.34
3.67 3.17 8.68 6.85
3.64 2.9 8.49 6.39
3.82 3.15 8.05 6.2
3.83 4.21 6.91 6.12
3.64 3.07 8.15 6.22
3.75 3.42 7.72 6.14
3.79 3.24 7.89 6.13
3.79 3.64 7.75 6.39
3.85 3.72 7.71 6.43
3.78 3.32 7.92 6.24
3.68 3.46 7.81 6.27
3.62 3.13 7.94 6.07
3.67 2.9 8.42 6.32
3.59 2.99 8.38 6.37
3.79 3.18 7.98 6.16
3.8 3.62 7.59 6.21
3.78 3.44 7.8 6.24
3.72 2.97 8.4 6.37
3.79 3.5 7.48 5.98
3.81 3.23 7.8 6.03
3.72 3.1 8.13 6.23
3.67 3.54 7.77 6.31
3.69 3.36 7.82 6.18
3.77 3.57 7.63 6.2
3.78 3.67 7.57 6.24
3.77 3.4 7.7 6.1
3.82 3.74 7.23 5.97
3.8 3.23 8.01 6.24
3.81 3.4 7.55 5.95
3.83 3.85 7.36 6.21
3.84 3.53 7.86 6.39
3.74 3.56 7.59 6.15
3.8 3.64 7.64 6.28
3.7 3.32 8.16 6.48
3.79 3.41 8.14 6.55
3.77 3.46 7.96 6.42
3.71 3.16 8.05 6.21
3.78 3.19 8.47 6.66
3.79 3.8 7.66 6.46
3.83 3.47 7.79 6.26
3.69 3.21 8.07 6.28
3.81 3.24 7.93 6.17
3.79 3.33 7.6 5.93
3.68 3.59 7.36 5.95
3.73 3.03 8.06 6.09
3.76 3.23 7.89 6.12
3.79 3.57 7.86 6.43
3.78 3.37 7.82 6.19
3.79 3.36 7.98 6.34
3.78 3.56 7.78 6.34
3.63 2.91 8.52 6.43
3.83 3.44 8.13 6.57
3.76 3.48 7.85 6.33
3.81 3.97 7.26 6.23
3.57 3.1 8.6 6.7
3.74 3.14 8.03 6.17
3.79 3.46 7.98 6.44
3.69 2.81 8.37 6.18
3.8 3.34 7.86 6.2
3.88 3.61 7.71 6.32
3.69 3.16 8.38 6.54
3.86 3.93 7.41 6.34
3.77 3.06 7.98 6.04
3.75 3.45 7.9 6.35
3.7 3.52 7.82 6.34
3.7 3.31 7.93 6.24
3.75 3.01 8.36 6.37
3.79 3.68 7.68 6.36
3.67 3.19 8.04 6.23
3.75 3.24 8.28 6.52
3.81 3.45 8.01 6.46
3.84 3.81 7.17 5.98
3.82 3.13 7.95 6.08
3.72 3.61 7.66 6.27
3.76 3.48 7.66 6.14
3.74 3.51 7.77 6.28
3.8 3.79 7.64 6.43
3.77 3.39 7.74 6.13
3.75 3.41 7.77 6.18
3.86 3.57 7.84 6.41
3.8 3.24 8.0 6.24
3.73 3.79 7.79 6.58
3.8 3.53 7.43 5.96
3.8 3.71 7.4 6.11
3.86 3.47 8.03 6.5
3.85 3.57 7.59 6.16
3.74 3.76 7.87 6.63
3.7 3.65 7.78 6.43
3.72 3.55 7.91 6.46
3.7 3.18 7.89 6.07
3.82 3.48 7.6 6.08
3.79 3.37 7.72 6.09
3.73 3.49 7.68 6.17
3.79 3.52 7.83 6.35
3.74 3.26 7.67 5.93
3.79 3.64 7.39 6.03
3.61 2.94 8.82 6.76
3.63 3.33 8.08 6.41
3.67 3.64 7.74 6.38
3.78 3.42 7.68 6.1
3.78 3.44 7.53 5.97
3.83 3.73 7.3 6.03
3.69 3.33 7.71 6.04
3.86 3.6 8.04 6.64
3.78 3.18 8.12 6.3
3.8 3.7 7.35 6.05
3.72 3.29 7.63 5.92
3.7 3.35 8.15 6.5
3.81 3.76 7.71 6.47
3.74 3.18 7.81 5.99
3.73 3.43 8.1 6.53
3.7 3.24 8.33 6.57
3.79 3.38 7.55 5.93
3.8 3.17 8.25 6.42
3.7 3.66 7.46 6.12
3.76 3.78 7.85 6.63
3.74 3.82 7.52 6.34
3.74 3.62 7.77 6.39
3.75 3.25 8.19 6.44
3.65 3.31 7.76 6.07
3.68 3.36 8.02 6.38
3.73 3.1 8.36 6.46
3.81 3.22 8.04 6.26
3.84 3.5 7.64 6.14
3.83 3.98 7.02 6.0
3.73 3.64 7.46 6.1
3.79 3.48 7.69 6.17
3.74 3.36 7.69 6.05
3.77 3.83 7.7 6.53
3.74 3.17 8.29 6.46
3.68 3.5 8.51 7.01
3.72 3.47 7.55 6.02
3.79 3.44 8.21 6.65
3.83 3.53 7.69 6.22
3.79 3.93 7.2 6.13
3.71 2.86 8.4 6.26
3.78 3.39 7.77 6.16
3.76 3.31 7.65 5.96
3.67 3.63 7.8 6.43
3.74 3.42 7.83 6.25
3.78 3.33 8.27 6.6
3.72 3.78 7.95 6.73
3.8 4.27 6.87 6.14
3.69 3.08 8.1 6.18
3.75 3.7 7.77 6.47
3.79 3.94 7.43 6.37
3.74 2.94 8.72 6.66
3.76 3.2 8.54 6.74
3.78 3.81 7.62 6.43
3.7 3.02 8.12 6.14
3.67 3.46 8.01 6.47
3.8 3.35 7.63 5.98
3.68 3.47 7.72 6.19
3.74 3.49 7.82 6.31
3.7 3.41 7.63 6.04
3.78 3.14 8.02 6.16
3.74 3.09 8.24 6.33
3.75 3.05 8.46 6.51
3.79 3.41 7.63 6.04
3.75 3.38 8.2 6.58
3.7 3.32 8.11 6.43
3.74 3.59 7.67 6.26
3.74 3.71 7.66 6.37
3.76 3.77 7.12 5.89
3.85 3.72 7.6 6.32
3.66 3.15 8.3 6.45
3.72 3.27 8.31 6.58
3.57 3.65 8.01 6.66
3.77 3.0 8.19 6.19
3.71 3.03 8.28 6.31
3.84 3.94 7.38 6.32
3.72 3.38 7.77 6.15
3.81 3.5 8.06 6.56
3.82 3.69 7.51 6.2
3.8 3.69 7.66 6.35
3.81 3.6 7.93 6.53
3.8 4.07 7.13 6.2
3.74 3.26 7.85 6.11
3.7 3.25 8.04 6.29
3.78 3.9 7.22 6.12
3.79 3.25 8.04 6.29
3.8 3.76 7.59 6.35
3.66 3.15 8.01 6.16
3.7 3.2 8.28 6.48
3.72 3.42 7.71 6.13
3.74 3.15 8.25 6.4
3.82 3.58 7.44 6.02
3.72 3.24 8.08 6.32
3.75 3.4 7.74 6.14
3.81 3.81 7.55 6.36
3.73 3.58 7.62 6.2
3.78 3.85 7.63 6.48
3.84 3.6 7.42 6.02
3.84 3.69 7.3 5.99
3.76 3.78 7.69 6.47
3.78 2.99 8.28 6.27
3.71 3.6 7.36 5.96
3.77 3.02 8.03 6.05
3.75 3.7 7.48 6.18
3.82 3.5 7.22 5.72
3.69 3.14 8.43 6.57
3.77 3.58 7.57 6.15
3.75 3.5 7.64 6.14
3.79 3.43 7.59 6.02
3.82 3.05 8.23 6.28
3.71 3.3 8.38 6.68
3.67 3.64 8.01 6.65
3.88 3.58 7.23 5.81
3.82 3.48 8.0 6.48
3.75 3.1 8.41 6.51
3.84 3.58 7.82 6.4
3.57 2.91 8.55 6.46
3.82 3.29 7.98 6.27
3.72 3.68 7.78 6.46
3.77 3.95 7.17 6.12
3.78 3.4 7.9 6.3
3.76 3.23 7.88 6.11
3.9 3.6 7.84 6.44
3.72 3.35 8.14 6.49
3.79 3.79 7.55 6.34
3.75 3.45 7.81 6.26
3.73 3.35 7.82 6.17
3.77 3.63 7.56 6.19
3.79 3.49 7.61 6.1
3.82 3.27 7.76 6.03
3.75 3.57 7.78 6.35
3.68 3.7 7.72 6.42
3.76 3.81 7.65 6.46
3.82 3.38 7.84 6.22
3.77 3.61 7.82 6.43
3.73 3.25 7.99 6.24
3.81 3.09 7.99 6.08
3.77 3.31 8.24 6.55
3.76 3.3 8.07 6.37
3.85 3.56 7.41 5.97
3.82 2.99 8.04 6.03
3.71 3.45 7.76 6.21
3.78 3.73 7.4 6.13
3.78 3.45 7.94 6.39
3.7 3.2 8.26 6.46
3.74 3.43 7.58 6.01
3.73 3.53 7.6 6.13
3.75 3.24 8.13 6.37
3.72 3.47 7.94 6.41
3.72 3.58 7.86 6.44
3.82 4.05 7.15 6.2
3.83 3.8 7.92 6.72
3.75 3.48 7.9 6.38
3.78 3.45 7.56 6.01
3.68 4.0 7.54 6.54
3.77 3.76 7.53 6.29
3.69 3.82 7.58 6.4
3.73 3.45 8.12 6.57
3.78 4.0 7.22 6.22
3.72 3.27 8.25 6.52
3.76 3.2 8.05 6.25
3.82 3.65 7.89 6.54
3.73 3.04 8.34 6.38
3.61 3.96 7.29 6.25
3.81 3.58 7.21 5.79
3.72 3.46 7.72 6.18
3.74 3.6 7.85 6.45
3.76 3.86 7.61 6.47
3.8 3.53 7.67 6.2
3.65 2.99 8.57 6.56
3.88 3.51 7.44 5.95
3.73 2.77 8.7 6.47
3.62 3.4 8.35 6.75
3.76 3.47 7.81 6.28
3.77 3.44 7.78 6.22
3.77 3.59 7.7 6.29
3.82 4.12 7.21 6.33
3.78 3.43 8.16 6.59
3.74 3.35 7.52 5.87
3.84 3.86 7.47 6.33
3.75 3.37 7.95 6.32
3.81 3.83 7.22 6.05
3.84 3.44 7.48 5.92
3.79 3.09 8.22 6.31
3.67 3.41 8.15 6.56
3.81 3.27 8.17 6.44
3.76 3.29 7.7 5.99
3.68 3.37 7.86 6.23
3.76 3.42 8.12 6.54
3.81 3.44 7.79 6.23
3.76 3.52 7.74 6.26
3.78 3.84 7.3 6.14
3.68 3.39 7.88 6.27
3.79 3.95 7.4 6.35
3.71 3.75 7.6 6.35
3.79 3.67 7.9 6.57
3.76 3.21 7.82 6.03
3.83 3.24 7.93 6.17
3.77 3.28 7.98 6.26
3.79 3.11 7.89 6.0
3.76 3.3 7.91 6.21
3.72 3.27 8.11 6.38
3.75 3.56 7.97 6.53
3.73 3.38 8.17 6.55
3.75 3.45 8.13 6.58
3.77 2.97 8.2 6.17
3.79 3.65 7.5 6.15
3.77 3.44 7.84 6.28
3.76 3.86 7.5 6.36
3.74 3.43 8.05 6.48
3.77 3.3 8.0 6.3
3.86 3.16 7.93 6.09
3.8 3.81 7.26 6.07
3.81 3.62 7.45 6.07
3.81 3.5 7.61 6.11
3.79 3.47 7.65 6.12
3.78 3.53 7.79 6.32
3.75 2.77 8.48 6.25
3.66 3.22 7.97 6.19
3.72 3.45 8.01 6.46
3.8 3.78 7.56 6.34
3.67 2.89 8.37 6.26
3.77 3.51 7.78 6.29
3.75 3.38 7.98 6.36
3.63 3.03 8.49 6.52
3.82 3.61 7.86 6.47
3.77 3.56 8.1 6.66
3.74 3.59 7.7 6.29
3.71 3.79 7.66 6.45
3.79 3.63 7.81 6.44
3.79 3.83 7.34 6.17
3.8 3.07 8.44 6.51
3.74 3.21 8.27 6.48
3.74 3.45 7.89 6.34
3.79 2.88 8.54 6.42
3.72 3.67 7.55 6.22
3.74 3.24 8.11 6.35
3.66 3.33 8.06 6.39
3.79 3.18 8.07 6.25
3.61 3.18 8.22 6.4
3.75 3.67 7.41 6.08
3.68 3.72 7.91 6.63
3.84 3.51 7.63 6.14
3.78 3.82 7.61 6.43
3.72 3.22 7.96 6.18
3.79 3.26 8.11 6.37
3.74 3.53 7.77 6.3
3.67 2.98 8.59 6.57
3.79 3.33 7.5 5.83
3.71 2.93 8.37 6.3
3.74 3.83 7.67 6.5
3.76 3.61 7.81 6.42
3.76 3.09 8.08 6.17
3.72 3.27 8.04 6.31
3.71 3.67 7.6 6.27
3.69 3.31 8.25 6.56
3.69 3.0 8.02 6.02
3.75 3.06 8.5 6.56
3.7 3.15 8.2 6.35
3.86 4.23 7.05 6.28
3.68 3.24 7.85 6.09
3.77 3.73 7.74 6.47
3.81 3.64 7.52 6.16
3.72 3.72 7.51 6.23
3.82 3.74 7.57 6.31
3.75 3.47 7.76 6.23
3.84 3.81 7.24 6.05
3.74 3.46 7.84 6.3
3.72 4.22 6.84 6.06
3.78 3.59 7.42 6.01
3.73 3.32 8.03 6.35
3.76 3.39 7.58 5.97
3.77 3.09 7.69 5.78
3.87 3.71 7.23 5.94
3.76 3.25 8.36 6.61
3.71 3.03 8.59 6.62
3.69 3.38 8.05 6.43
3.74 3.56 7.76 6.32
3.78 3.78 7.86 6.64
3.68 3.17 7.87 6.04
3.77 3.49 7.68 6.17
3.83 3.16 8.28 6.44
3.8 3.51 7.69 6.2
3.73 3.45 7.84 6.29
3.74 3.15 8.3 6.45
3.68 3.29 8.19 6.48
3.78 3.38 7.97 6.35
3.84 3.75 7.16 5.91
3.72 3.46 7.94 6.4
3.8 3.64 7.52 6.16
3.83 3.43 7.55 5.98
3.55 3.02 8.19 6.21
3.8 3.64 7.64 6.28
3.72 3.24 8.28 6.52
3.75 3.59 7.59 6.18
3.74 3.47 7.8 6.27
3.8 3.5 7.32 5.82
3.87 3.58 7.59 6.17
3.75 3.12 7.96 6.08
3.64 2.72 8.71 6.43
3.73 3.44 7.84 6.28
3.77 3.5 7.79 6.29
3.77 3.4 7.71 6.11
3.74 3.34 7.75 6.09
3.85 3.65 7.8 6.45
3.78 3.7 7.84 6.54
3.69 3.44 8.0 6.44
3.83 3.46 7.95 6.41
3.74 3.22 8.03 6.25
3.83 3.78 7.95 6.73
3.7 3.57 7.65 6.22
3.75 3.67 7.7 6.37
3.71 3.59 7.59 6.18
3.68 2.81 8.66 6.47
3.73 3.38 7.88 6.26
3.78 3.64 7.6 6.24
3.79 3.96 7.06 6.02
3.8 3.69 7.64 6.33
3.83 3.7 7.4 6.1
3.72 3.68 7.74 6.42
3.66 3.19 8.24 6.43
3.71 3.82 7.51 6.33
3.79 4.04 7.05 6.09
3.75 3.46 7.86 6.32
3.81 3.63 7.77 6.4
3.91 3.62 7.86 6.48
3.72 3.43 7.85 6.28
3.73 3.54 7.39 5.93
3.8 3.49 7.59 6.08
3.78 3.57 7.53 6.1
3.8 3.56 7.35 5.91
3.71 3.22 7.88 6.1
3.75 3.51 7.82 6.33
3.68 3.04 8.57 6.61
3.77 3.45 7.79 6.24
3.82 3.43 7.89 6.32
3.75 3.37 8.17 6.54
3.74 3.37 7.94 6.31
3.67 3.15 8.51 6.66
3.84 3.53 7.74 6.27
3.77 2.95 8.36 6.31
3.71 3.09 8.23 6.32
3.77 3.52 7.54 6.06
3.76 3.18 8.09 6.27
3.74 3.44 7.86 6.3
3.72 3.3 8.18 6.48
3.74 3.42 7.96 6.38
3.78 3.94 7.37 6.31
3.68 2.94 7.99 5.93
3.7 3.43 8.08 6.51
3.73 3.45 8.03 6.48
3.75 3.4 7.7 6.1
3.83 3.28 7.83 6.11
3.73 3.49 7.97 6.46
3.79 3.66 7.52 6.18
3.75 3.82 7.69 6.51
3.81 3.03 8.3 6.33
3.78 3.55 7.71 6.26
3.76 2.99 8.22 6.21
3.8 3.33 7.96 6.29
3.69 3.3 7.88 6.18
3.75 3.15 8.28 6.43
3.66 3.15 8.17 6.32
3.82 3.56 7.89 6.45
3.76 3.45 7.66 6.11
3.69 3.32 7.52 5.84
3.74 3.56 7.9 6.46
3.76 3.61 7.71 6.32
3.72 3.41 7.84 6.25
3.81 3.27 8.13 6.4
3.8 3.57 7.82 6.39
3.76 3.62 7.94 6.56
3.65 3.05 8.01 6.06
3.77 4.02 7.48 6.5
3.81 3.66 7.62 6.28
3.77 3.24 7.83 6.07
3.84 3.5 7.45 5.95
3.73 3.14 8.18 6.32
3.75 3.3 7.95 6.25
3.8 3.39 8.0 6.39
3.75 3.46 7.63 6.09
3.79 3.47 7.4 5.87
3.82 3.75 7.51 6.26
3.73 3.23 8.33 6.56
3.69 3.01 8.26 6.27
3.75 3.1 8.17 6.27
3.8 3.39 7.61 6.0
3.73 3.07 8.17 6.24
3.69 3.33 7.73 6.06
3.73 3.29 8.04 6.33
3.78 3.22 7.64 5.86
3.68 3.35 8.19 6.54
3.78 3.65 7.93 6.58
3.81 3.77 7.29 6.06
3.8 3.48 7.57 6.05
3.72 3.24 8.14 6.38
3.7 3.48 7.61 6.09
3.56 3.23 8.17 6.4
3.7 3.28 8.13 6.41
3.75 3.12 8.17 6.29
3.7 3.28 7.92 6.2
3.76 3.39 7.79 6.18
3.75 3.19 8.29 6.48
3.82 3.64 7.29 5.93
3.77 3.66 7.65 6.31
3.82 3.27 8.13 6.4
3.75 3.42 7.92 6.34
3.76 3.36 7.99 6.35
3.73 3.43 7.79 6.22
3.83 3.7 7.34 6.04
3.8 3.05 8.17 6.22
3.81 4.01 7.38 6.39
3.78 3.67 7.63 6.3
3.82 3.66 7.49 6.15
3.77 3.24 7.63 5.87
3.76 3.61 7.67 6.28
3.68 3.33 7.95 6.28
3.8 4.13 7.46 6.59
3.74 3.05 8.28 6.33
3.75 3.14 7.87 6.01
3.69 3.33 8.02 6.35
3.74 3.37 7.72 6.09
3.79 3.36 7.48 5.84
3.78 3.97 7.34 6.31
3.76 3.15 7.85 6.0
3.73 3.37 7.97 6.34
3.69 3.32 7.97 6.29
3.7 3.09 8.53 6.62
3.77 3.21 8.08 6.29
3.82 3.56 7.78 6.34
3.78 3.68 7.17 5.85
3.68 3.49 7.99 6.48
3.82 4.05 7.28 6.33
3.79 3.57 7.76 6.33
3.85 3.88 6.75 5.63
3.74 3.34 8.25 6.59
3.81 3.59 7.79 6.38
3.77 3.29 8.03 6.32
3.77 3.43 8.04 6.47
3.7 3.22 8.26 6.48
3.78 3.56 7.78 6.34
3.8 3.82 7.72 6.54
3.76 3.64 7.76 6.4
3.77 3.55 7.56 6.11
3.82 3.42 7.5 5.92
3.82 3.83 7.34 6.17
3.72 3.68 7.8 6.48
3.81 3.73 7.58 6.31
3.67 3.07 8.28 6.35
3.68 3.25 8.16 6.41
3.72 3.47 7.48 5.95
3.72 3.22 7.75 5.97
3.8 3.36 7.71 6.07
3.78 3.34 8.06 6.4
3.72 3.13 8.11 6.24
3.7 3.42 7.69 6.11
3.75 3.37 7.82 6.19
3.79 3.03 8.11 6.14
3.69 3.34 8.14 6.48
3.72 3.59 7.54 6.13
3.81 3.78 7.73 6.51
3.81 3.11 8.28 6.39
3.7 3.67 7.79 6.46
3.72 3.31 8.16 6.47
3.77 3.71 7.49 6.2
3.82 3.55 7.45 6.0
3.81 3.69 8.09 6.78
3.75 3.4 7.61 6.01
3.79 3.47 7.54 6.01
3.67 3.35 8.13 6.48
3.73 3.35 7.7 6.05
3.74 3.74 8.04 6.78
3.86 3.79 7.35 6.14
3.7 3.35 8.12 6.47
3.69 3.38 7.76 6.14
3.7 3.59 7.82 6.41
3.73 3.41 8.22 6.63
3.72 3.26 8.01 6.27
3.67 3.44 8.04 6.48
3.75 3.56 7.77 6.33
3.72 3.66 7.32 5.98
3.7 3.29 8.05 6.34
3.75 3.39 7.64 6.03
3.8 3.66 7.52 6.18
3.69 3.43 7.61 6.04
3.72 3.43 7.81 6.24
3.66 3.33 8.14 6.47
3.73 2.93 8.13 6.06
3.77 3.92 7.64 6.56
3.81 3.17 7.9 6.07
3.8 3.78 7.67 6.45
3.67 2.96 8.23 6.19
3.84 3.33 8.01 6.34
3.73 3.64 7.63 6.27
3.7 3.73 7.2 5.93
3.83 3.49 7.79 6.28
3.8 3.47 7.76 6.23
3.8 3.48 8.03 6.51
3.76 3.51 7.89 6.4
3.77 3.25 7.97 6.22
3.74 3.47 7.75 6.22
3.75 3.22 8.14 6.36
3.8 3.49 7.75 6.24
3.79 3.37 7.72 6.09
3.67 2.97 8.54 6.51
3.76 3.29 7.81 6.1
3.81 3.34 7.62 5.96
3.8 3.29 7.7 5.99
3.73 3.68 7.71 6.39
3.77 3.47 7.64 6.11
3.76 3.9 7.24 6.14
3.8 3.73 7.71 6.44
3.73 3.34 8.2 6.54
3.73 3.07 8.06 6.13
3.79 3.64 7.37 6.01
3.75 3.89 7.66 6.55
3.81 3.64 7.78 6.42
3.77 3.47 7.67 6.14
3.69 3.31 7.85 6.16
3.72 3.47 7.65 6.12
3.77 3.29 7.91 6.2
3.71 3.3 7.99 6.29
3.78 3.38 8.18 6.56
3.7 3.35 7.89 6.24
3.85 3.51 7.36 5.87
3.77 3.22 7.72 5.94
3.8 3.86 7.16 6.02
3.67 2.96 8.7 6.66
3.79 3.17 8.3 6.47
3.76 3.11 8.08 6.19
3.75 3.51 7.8 6.31
3.77 3.34 7.62 5.96
3.71 3.32 8.29 6.61
3.76 3.55 7.56 6.11
3.72 3.57 7.63 6.2
3.8 3.38 7.76 6.14
3.68 3.15 8.3 6.45
3.77 3.7 6.95 5.65
3.76 3.25 7.68 5.93
3.75 3.09 8.1 6.19
3.76 3.17 8.14 6.31
3.76 2.86 8.05 5.91
3.78 3.48 8.03 6.51
3.75 3.3 7.81 6.11
3.75 3.15 8.14 6.29
3.73 3.53 7.84 6.37
3.78 3.45 7.87 6.32
3.75 3.71 7.96 6.67
3.77 3.52 7.64 6.16
3.77 3.64 7.35 5.99
3.74 3.33 7.94 6.27
3.76 3.28 7.72 6.0
3.79 3.41 7.85 6.26
3.75 3.71 7.6 6.31
3.85 3.59 7.39 5.98
3.76 3.96 7.08 6.04
3.86 3.55 7.6 6.15
3.74 3.43 7.8 6.23
3.84 3.77 7.34 6.11
3.77 3.74 7.66 6.4
3.75 3.62 7.94 6.56
3.86 3.67 7.37 6.04
3.76 3.75 7.73 6.48
3.76 3.77 7.47 6.24
3.7 3.38 8.03 6.41
3.75 3.2 8.04 6.24
3.71 3.3 7.9 6.2
3.8 3.42 7.71 6.13
3.8 3.3 7.79 6.09
3.67 3.41 8.13 6.54
3.81 3.39 7.92 6.31
3.82 3.55 7.55 6.1
3.8 3.86 7.25 6.11
3.71 3.33 7.89 6.22
3.87 3.75 7.48 6.23
3.74 3.05 8.35 6.4
3.83 3.77 7.6 6.37
3.74 3.31 8.5 6.81
3.78 3.36 7.67 6.03
3.77 3.67 7.96 6.63
3.8 3.64 7.32 5.96
3.74 3.27 8.32 6.59
3.76 3.09 7.86 5.95
3.79 3.09 8.38 6.47
3.8 3.99 7.0 5.99
3.69 3.46 8.11 6.57
3.81 3.2 7.85 6.05
3.8 3.09 8.23 6.32
3.81 3.25 7.8 6.05
3.8 3.5 8.03 6.53
3.73 3.69 7.43 6.12
3.75 3.54 7.67 6.21
3.67 3.02 8.56 6.58
3.72 3.09 8.15 6.24
3.76 3.6 8.07 6.67
3.71 2.86 8.37 6.23
3.82 3.42 7.85 6.27
3.82 3.59 7.77 6.36
3.76 3.29 7.89 6.18
3.78 3.38 7.79 6.17
3.79 3.9 7.11 6.01
3.82 3.85 7.49 6.34
3.73 3.08 8.49 6.57
3.76 3.36 7.95 6.31
3.82 3.34 7.7 6.04
3.76 3.43 8.0 6.43
3.76 3.31 7.9 6.21
3.82 3.17 7.97 6.14
3.69 2.89 8.25 6.14
3.7 3.39 7.95 6.34
3.8 3.24 7.95 6.19
3.74 3.28 8.09 6.37
3.79 3.21 8.25 6.46
3.84 3.58 7.55 6.13
3.73 3.91 7.48 6.39
3.85 3.6 7.7 6.3
3.84 3.24 8.08 6.32
3.72 3.84 7.4 6.24
3.78 3.36 7.92 6.28
3.68 3.29 8.04 6.33
3.75 3.34 7.88 6.22
3.73 2.96 8.31 6.27
3.72 3.5 7.79 6.29
3.67 3.5 7.82 6.32
3.78 3.46 7.99 6.45
3.81 3.31 7.65 5.96
3.79 3.73 7.38 6.11
3.75 3.42 7.82 6.24
3.78 3.15 8.27 6.42
3.74 3.46 7.79 6.25
3.66 2.96 8.42 6.38
3.73 3.02 8.1 6.12
3.71 3.51 7.71 6.22
3.81 3.57 7.76 6.33
3.75 3.51 7.68 6.19
3.74 3.32 8.03 6.35
3.69 2.99 8.49 6.48
3.73 3.2 7.82 6.02
3.77 3.75 7.72 6.47
3.84 3.02 8.25 6.27
3.74 3.58 7.7 6.28
3.8 3.17 7.61 5.78
3.73 3.76 7.61 6.37
3.77 3.07 8.21 6.28
3.82 3.61 7.08 5.69
3.87 3.29 8.13 6.42
3.7 3.55 8.02 6.57
3.79 3.9 7.52 6.42
3.8 3.1 7.93 6.03
3.75 3.56 7.92 6.48
3.67 3.53 7.73 6.26
3.77 3.24 8.27 6.51
3.74 3.56 7.48 6.04
3.8 3.21 8.25 6.46
3.69 3.39 8.01 6.4
3.79 3.24 7.61 5.85
3.78 3.22 8.18 6.4
3.79 3.35 7.95 6.3
3.75 3.35 7.86 6.21
3.74 3.66 7.62 6.28
3.77 3.12 7.91 6.03
3.73 3.47 8.13 6.6
3.83 3.36 8.05 6.41
3.85 3.73 7.54 6.27
3.76 3.55 7.84 6.39
3.66 2.53 8.36 5.89
3.74 3.27 8.01 6.28
3.81 3.78 7.27 6.05
3.79 3.53 7.51 6.04
3.76 2.94 8.07 6.01
3.64 3.48 7.87 6.35
3.82 3.53 7.36 5.89
3.84 3.46 7.82 6.28
3.74 3.19 8.2 6.39
3.76 3.62 7.51 6.13
3.68 3.23 8.28 6.51
3.69 3.24 7.71 5.95
3.7 3.37 7.96 6.33
3.68 3.41 8.05 6.46
3.81 3.18 8.02 6.2
3.8 3.66 8.17 6.83
3.79 3.45 7.45 5.9
3.75 3.25 7.82 6.07
3.84 3.22 7.66 5.88
3.84 2.99 8.26 6.25
3.69 3.17 8.51 6.68
3.66 3.3 8.09 6.39
3.76 3.38 7.68 6.06
3.78 3.54 7.74 6.28
3.72 3.36 8.27 6.63
3.78 3.28 7.93 6.21
3.75 3.55 8.02 6.57
3.79 3.2 7.9 6.1
3.64 2.87 8.38 6.25
3.75 3.48 7.63 6.11
3.71 3.56 7.74 6.3
3.8 3.26 8.01 6.27
3.75 3.31 7.97 6.28
3.74 3.09 7.98 6.07
3.71 3.19 8.0 6.19
3.8 3.52 7.86 6.38
3.75 3.12 8.1 6.22
3.72 3.2 7.86 6.06
3.75 3.53 7.89 6.42
3.71 3.3 7.93 6.23
3.77 3.54 7.73 6.27
3.75 3.42 7.51 5.93
3.72 3.48 7.75 6.23
3.63 3.31 8.1 6.41
3.72 3.92 7.48 6.4
3.72 3.43 8.12 6.55
3.72 3.57 7.66 6.23
3.81 3.77 7.32 6.09
3.73 3.05 7.84 5.89
3.79 3.3 7.82 6.12
3.74 3.55 7.77 6.32
3.8 3.74 7.12 5.86
3.76 3.6 7.35 5.95
3.76 3.38 8.04 6.42
3.8 3.58 7.84 6.42
3.77 3.06 7.87 5.93
3.72 3.09 8.14 6.23
3.68 3.13 7.88 6.01
3.73 3.58 7.51 6.09
3.8 3.35 8.1 6.45
3.73 3.22 7.58 5.8
3.79 3.51 7.77 6.28
3.69 3.32 8.25 6.57
3.75 3.18 8.24 6.42
3.74 3.33 7.84 6.17
3.71 3.31 8.21 6.52
3.77 3.64 7.44 6.08
3.85 3.35 8.15 6.5
3.7 3.01 8.2 6.21
3.76 3.39 7.88 6.27
3.87 3.46 7.76 6.22
3.85 4.35 6.96 6.31
3.81 3.52 7.55 6.07
3.81 3.49 7.71 6.2
3.73 3.96 7.75 6.71
3.8 3.51 7.63 6.14
3.79 4.34 6.77 6.11
3.74 3.07 8.42 6.49
3.8 3.35 7.85 6.2
3.81 3.2 8.24 6.44
3.77 3.52 7.52 6.04
3.63 3.3 8.43 6.73
3.87 3.6 7.41 6.01
3.81 3.49 7.59 6.08
3.75 3.09 8.4 6.49
3.71 3.1 7.86 5.96
3.79 3.75 7.61 6.36
3.64 3.46 8.23 6.69
3.67 3.5 7.9 6.4
3.82 3.95 7.0 5.95
3.7 3.17 8.0 6.17
3.83 3.44 7.44 5.88
3.78 3.13 7.97 6.1
3.71 3.35 7.39 5.74
3.76 3.78 7.57 6.35
3.82 3.55 7.67 6.22
3.66 3.44 8.3 6.74
3.72 3.06 8.28 6.34
3.75 3.15 7.96 6.11
3.75 3.1 8.24 6.34
3.75 3.88 7.58 6.46
3.66 3.41 7.57 5.98
3.8 3.62 7.58 6.2
3.71 3.38 7.98 6.36
3.65 3.07 8.53 6.6
3.83 3.67 7.42 6.09
3.77 3.69 7.72 6.41
3.74 3.27 7.74 6.01
3.67 3.32 8.17 6.49
3.74 3.28 8.25 6.53
3.81 3.43 7.69 6.12
3.7 3.2 8.35 6.55
3.71 3.52 7.8 6.32
3.63 3.46 8.08 6.54
3.76 3.36 8.01 6.37
3.77 3.36 7.75 6.11
3.74 3.46 8.23 6.69
3.78 3.69 7.4 6.09
3.8 3.51 7.66 6.17
3.79 3.61 7.71 6.32
3.68 3.56 8.06 6.62
3.75 3.09 8.08 6.17
3.7 3.5 8.06 6.56
3.67 3.49 7.77 6.26
3.72 3.32 7.93 6.25
3.73 3.69 7.92 6.61
3.78 4.07 7.47 6.54
3.76 2.99 8.5 6.49
3.76 3.11 8.66 6.77
3.74 3.36 7.89 6.25
3.79 3.68 7.22 5.9
3.76 3.91 7.49 6.4
3.76 3.52 7.77 6.29
3.71 3.49 7.76 6.25
3.73 3.05 8.55 6.6
3.76 3.21 8.12 6.33
3.74 3.18 8.0 6.18
3.75 3.39 7.74 6.13
3.68 3.25 8.31 6.56
3.71 3.26 8.42 6.68
3.78 3.37 7.99 6.36
3.66 3.55 8.52 7.07
3.76 3.76 7.51 6.27
3.75 3.56 7.4 5.96
3.76 3.84 7.78 6.62
3.86 3.67 7.28 5.95
3.77 3.69 7.67 6.36
3.79 3.47 8.05 6.52
3.7 3.4 7.48 5.88
3.8 3.45 7.46 5.91
3.73 2.99 7.8 5.79
3.71 3.17 7.91 6.08
3.78 3.16 7.78 5.94
3.75 3.2 7.92 6.12
3.7 3.49 7.46 5.95
3.83 3.16 7.87 6.03
3.79 3.47 7.8 6.27
3.77 3.63 7.82 6.45
3.78 3.55 7.75 6.3
3.66 3.19 7.87 6.06
3.77 3.63 7.45 6.08
3.8 3.31 8.05 6.36
3.78 3.45 7.55 6.0
3.82 3.28 8.01 6.29
3.78 3.3 8.23 6.53
3.69 3.02 8.27 6.29
3.84 3.54 7.41 5.95
3.75 3.33 7.94 6.27
3.72 3.44 7.68 6.12
3.69 3.05 8.58 6.63
3.73 3.13 8.24 6.37
3.8 3.46 7.73 6.19
3.83 3.47 7.58 6.05
3.71 3.46 7.86 6.32
3.8 3.31 7.89 6.2
3.79 3.05 7.95 6.0
3.73 3.16 8.14 6.3
3.76 3.28 7.83 6.11
3.75 3.32 7.86 6.18
3.81 3.43 7.88 6.31
3.72 3.31 7.76 6.07
3.74 3.26 7.92 6.18
3.81 3.91 7.61 6.52
3.79 3.21 8.1 6.31
3.81 3.6 7.51 6.11
3.79 3.5 7.68 6.18
3.82 3.03 7.7 5.73
3.76 3.81 7.61 6.42
3.72 3.53 7.88 6.41
3.76 3.16 8.06 6.22
3.76 3.29 7.9 6.19
3.67 3.36 8.2 6.56
3.57 3.73 7.86 6.59
3.73 3.49 8.01 6.5
3.77 3.4 8.21 6.61
3.76 3.2 7.86 6.06
3.75 3.13 7.94 6.07
3.81 3.63 7.49 6.12
3.8 3.61 7.74 6.35
3.74 3.51 7.88 6.39
3.7 3.29 8.24 6.53
3.8 3.45 8.15 6.6
3.74 2.98 8.29 6.27
3.77 3.58 7.8 6.38
3.74 2.93 8.36 6.29
3.77 3.53 7.85 6.38
3.8 3.78 7.5 6.28
3.78 3.48 7.67 6.15
3.78 3.65 7.81 6.46
3.75 3.4 7.85 6.25
3.8 4.03 7.38 6.41
3.69 3.33 7.84 6.17
3.79 3.46 7.69 6.15
3.77 3.16 7.66 5.82
3.76 3.21 7.81 6.02
3.73 3.39 7.87 6.26
3.83 3.62 7.51 6.13
3.66 3.34 7.95 6.29
3.7 3.13 7.89 6.02
3.63 3.26 8.28 6.54
3.69 3.04 8.14 6.18
3.65 2.98 8.65 6.63
3.81 3.37 7.39 5.76
3.73 3.35 8.26 6.61
3.7 3.25 8.4 6.65
3.8 3.58 7.97 6.55
3.75 3.24 7.95 6.19
3.84 3.83 7.02 5.85
3.65 3.25 8.43 6.68
3.82 3.5 7.89 6.39
3.67 3.46 7.86 6.32
3.8 3.3 7.71 6.01
3.82 3.3 7.93 6.23
3.83 3.76 7.37 6.13
3.78 3.92 7.54 6.46
3.78 3.71 7.4 6.11
3.76 3.49 7.84 6.33
3.76 3.8 7.51 6.31
3.69 3.4 7.86 6.26
3.77 3.62 7.82 6.44
3.78 3.8 7.47 6.27
3.73 3.61 7.76 6.37
3.76 3.54 7.8 6.34
3.82 3.9 7.83 6.73
3.71 3.25 8.07 6.32
3.78 3.13 8.21 6.34
3.79 3.46 7.42 5.88
3.77 3.07 8.11 6.18
3.73 3.47 8.13 6.6
3.77 3.53 7.91 6.44
3.74 3.38 7.88 6.26
3.68 2.98 8.18 6.16
3.71 3.4 8.08 6.48
3.81 3.82 7.04 5.86
3.75 3.07 8.4 6.47
3.72 2.75 8.57 6.32
3.75 3.15 8.16 6.31
3.68 3.2 8.17 6.37
3.85 3.54 7.52 6.06
3.87 3.43 7.55 5.98
3.65 3.4 8.0 6.4
3.69 3.33 8.07 6.4
3.77 3.52 7.98 6.5
3.73 3.47 8.02 6.49
3.78 3.31 7.85 6.16
3.72 3.64 7.5 6.14
3.66 3.43 7.88 6.31
3.66 3.13 8.46 6.59
3.81 3.55 7.72 6.27
3.83 3.46 7.24 5.7
3.74 3.31 7.94 6.25
3.68 3.04 8.17 6.21
3.73 3.6 8.18 6.78
3.72 4.06 7.2 6.26
3.62 3.35 7.96 6.31
3.77 3.35 8.2 6.55
3.79 3.69 7.67 6.36
3.85 3.34 7.95 6.29
3.76 3.12 8.44 6.56
3.79 3.67 7.66 6.33
3.76 3.52 7.38 5.9
3.75 3.45 7.74 6.19
3.74 3.47 7.75 6.22
3.75 3.28 8.08 6.36
3.8 3.83 7.27 6.1
3.85 3.44 7.47 5.91
3.85 3.56 7.5 6.06
3.65 3.03 8.68 6.71
3.8 3.97 6.97 5.94
3.75 3.61 7.53 6.14
3.85 3.54 8.16 6.7
3.78 3.63 7.58 6.21
3.77 3.57 7.48 6.05
3.72 3.54 8.33 6.87
3.69 3.1 8.39 6.49
3.82 3.6 7.13 5.73
3.76 3.53 7.95 6.48
3.73 3.63 7.58 6.21
3.72 3.49 8.18 6.67
3.72 3.14 7.92 6.06
3.8 3.3 7.86 6.16
3.67 3.53 8.03 6.56
3.78 3.1 8.19 6.29
3.81 3.79 7.19 5.98
3.75 3.58 8.22 6.8
3.79 4.01 7.25 6.26
3.7 3.25 7.97 6.22
3.77 3.22 8.01 6.23
3.69 3.65 8.21 6.86
3.77 3.36 7.77 6.13
3.68 3.18 8.0 6.18
3.79 3.81 7.46 6.27
3.73 2.94 8.52 6.46
3.89 3.62 7.62 6.24
3.68 3.49 7.52 6.01
3.69 3.39 7.72 6.11
3.83 3.73 7.62 6.35
3.68 3.04 8.28 6.32
3.71 3.64 7.66 6.3
3.76 3.36 8.05 6.41
3.72 3.09 8.1 6.19
3.7 3.13 8.34 6.47
3.78 3.51 7.97 6.48
3.76 3.31 8.06 6.37
3.83 3.74 7.26 6.0
3.74 3.57 7.65 6.22
3.82 3.47 7.71 6.18
3.76 3.32 8.08 6.4
3.72 3.24 8.14 6.38
3.74 3.49 7.7 6.19
3.79 3.61 7.39 6.0
3.73 3.39 7.97 6.36
3.77 3.55 7.19 5.74
3.73 3.67 8.05 6.72
3.8 3.79 7.48 6.27
3.73 3.2 8.01 6.21
3.74 3.31 8.0 6.31
3.74 3.77 7.56 6.33
3.8 3.6 7.57 6.17
3.79 3.68 7.35 6.03
3.86 3.37 7.99 6.36
3.7 3.2 8.27 6.47
3.79 2.79 8.37 6.16
3.74 3.34 8.21 6.55
3.66 3.4 7.49 5.89
3.75 3.63 7.57 6.2
3.58 3.29 8.54 6.83
3.73 3.14 7.96 6.1
3.78 3.33 7.88 6.21
3.8 3.73 8.07 6.8
3.72 3.12 8.18 6.3
3.73 3.48 8.15 6.63
3.69 2.93 8.21 6.14
3.81 3.56 7.42 5.98
3.8 3.78 7.27 6.05
3.75 3.79 7.58 6.37
3.78 3.33 7.86 6.19
3.73 2.97 8.14 6.11
3.7 3.29 8.31 6.6
3.72 3.5 8.19 6.69
3.71 3.33 7.74 6.07
3.69 2.99 8.53 6.52
3.73 3.29 8.05 6.34
3.76 3.06 8.04 6.1
3.85 3.69 7.53 6.22
3.76 3.24 7.83 6.07
3.62 3.33 8.29 6.62
3.7 3.57 7.6 6.17
3.81 3.42 7.65 6.07
3.78 3.72 7.37 6.09
3.72 3.61 7.9 6.51
3.75 3.11 8.27 6.38
3.8 3.11 8.14 6.25
3.72 3.12 8.06 6.18
3.69 3.52 8.01 6.53
3.84 3.62 7.47 6.09
3.71 3.16 8.09 6.25
3.66 3.14 8.49 6.63
3.76 3.46 8.04 6.5
3.68 3.05 7.91 5.96
3.72 2.86 8.88 6.74
3.76 3.47 7.82 6.29
3.82 3.48 7.87 6.35
3.68 3.31 7.88 6.19
3.77 3.43 7.75 6.18
3.83 3.63 7.47 6.1
3.72 3.66 7.77 6.43
3.76 3.51 7.6 6.11
3.73 3.3 7.9 6.2
3.73 3.72 8.03 6.75
3.84 3.41 7.71 6.12
3.82 3.77 7.43 6.2
3.82 3.84 7.5 6.34
3.74 2.98 8.23 6.21
3.79 3.5 7.91 6.41
3.72 3.23 8.33 6.56
3.85 3.44 7.47 5.91
3.76 3.31 8.18 6.49
3.71 2.91 8.56 6.47
3.75 3.24 7.86 6.1
3.75 3.3 7.94 6.24
3.75 3.27 8.04 6.31
3.75 3.06 8.38 6.44
3.77 3.51 7.68 6.19
3.7 3.3 7.85 6.15
3.75 3.35 7.87 6.22
3.8 3.75 7.57 6.32
3.78 3.07 7.75 5.82
3.78 3.43 7.94 6.37
3.82 3.31 8.12 6.43
3.78 3.31 7.72 6.03
3.71 3.52 7.88 6.4
3.68 2.99 8.19 6.18
3.77 3.68 7.94 6.62
3.61 3.37 7.85 6.22
3.78 3.52 7.48 6.0
3.74 3.69 7.57 6.26
3.63 3.26 7.89 6.15
3.69 3.05 8.35 6.4
3.81 3.71 7.75 6.46
3.71 3.4 8.15 6.55
3.71 3.33 7.59 5.92
3.7 3.38 7.8 6.18
3.72 3.7 8.17 6.87
3.57 2.81 8.38 6.19
3.78 3.04 7.98 6.02
3.66 3.24 7.82 6.06
3.73 3.35 8.23 6.58
3.8 3.25 8.06 6.31
3.86 3.8 7.76 6.56
3.82 3.69 7.62 6.31
3.7 3.13 8.23 6.36
3.76 3.26 8.11 6.37
3.76 3.72 7.45 6.17
3.81 3.51 7.55 6.06
3.75 3.74 7.46 6.2
3.77 2.96 8.26 6.22
3.79 3.32 7.83 6.15
3.71 3.69 7.69 6.38
3.7 3.39 7.97 6.36
3.78 3.62 7.32 5.94
3.76 3.4 7.68 6.08
3.81 3.89 7.63 6.52
3.84 3.92 7.27 6.19
3.81 3.76 7.59 6.35
3.84 3.68 7.65 6.33
3.78 3.32 7.96 6.28
3.77 3.9 7.4 6.3
3.73 3.21 7.94 6.15
3.79 3.22 7.99 6.21
3.81 3.39 8.02 6.41
3.71 3.79 7.64 6.43
3.85 3.49 7.76 6.25
3.88 3.67 7.54 6.21
3.78 3.51 7.66 6.17
3.75 3.51 7.63 6.14
3.76 3.28 7.75 6.03
3.65 3.48 7.67 6.15
3.79 3.71 7.71 6.42
3.75 3.56 7.89 6.45
3.82 3.75 7.67 6.42
3.73 3.1 8.5 6.6
3.74 2.83 8.36 6.19
3.82 3.5 7.77 6.27
3.78 3.16 8.4 6.56
3.77 3.55 7.44 5.99
3.76 3.51 8.21 6.72
3.8 3.81 7.5 6.31
3.71 3.36 7.88 6.24
3.78 3.84 7.31 6.15
3.79 3.67 7.74 6.41
3.82 3.93 7.72 6.65
3.79 3.47 7.81 6.28
3.79 3.57 7.6 6.17
3.73 3.02 8.53 6.55
3.75 3.27 7.99 6.26
3.7 3.12 8.05 6.17
3.77 3.26 7.79 6.05
3.76 3.25 7.51 5.76
3.79 3.45 7.5 5.95
3.71 3.37 7.87 6.24
3.71 2.99 8.18 6.17
3.73 3.52 7.81 6.33
3.74 3.55 7.44 5.99
3.74 3.48 8.16 6.64
3.66 3.11 8.38 6.49
3.7 3.28 7.94 6.22
3.75 3.64 7.54 6.18
3.71 3.54 7.75 6.29
3.73 3.4 7.66 6.06
3.73 3.62 7.82 6.44
3.73 3.38 8.24 6.62
3.75 3.15 8.1 6.25
3.85 3.91 7.2 6.11
3.76 3.45 7.74 6.19
3.8 3.53 7.38 5.91
3.64 3.37 7.76 6.13
3.71 3.48 8.12 6.6
3.77 3.8 7.6 6.4
3.77 3.44 7.87 6.31
3.78 3.3 8.0 6.3
3.77 3.25 8.33 6.58
3.72 3.22 7.93 6.15
3.78 3.66 7.25 5.91
3.77 3.85 7.27 6.12
3.79 3.64 7.72 6.36
3.78 4.02 7.13 6.15
3.76 3.35 7.98 6.33
3.73 3.77 7.08 5.85
3.78 3.56 7.85 6.41
3.85 3.43 8.0 6.43
3.74 3.9 7.74 6.64
3.73 3.58 7.82 6.4
3.7 3.4 7.79 6.19
3.71 3.37 7.77 6.14
3.71 3.42 7.76 6.18
3.82 3.37 7.76 6.13
3.87 3.66 7.34 6.0
3.79 3.39 7.62 6.01
3.77 3.37 7.8 6.17
3.76 3.24 7.7 5.94
3.79 3.41 8.03 6.44
3.78 3.17 7.7 5.87
3.8 3.38 8.15 6.53
3.75 3.14 8.08 6.22
3.7 3.2 7.73 5.93
3.77 3.35 7.66 6.01
3.78 3.39 7.9 6.29
3.75 3.32 7.7 6.02
3.84 3.56 7.64 6.2
3.74 3.56 7.77 6.33
3.73 3.53 7.69 6.22
3.78 3.17 7.8 5.97
3.78 3.38 8.25 6.63
3.78 3.64 7.64 6.28
3.72 3.39 8.27 6.66
3.81 3.33 7.89 6.22
3.82 3.55 7.53 6.08
3.75 3.15 8.12 6.27
3.74 3.6 7.58 6.18
3.84 3.52 7.64 6.16
3.88 3.79 7.2 5.99
3.73 3.17 8.11 6.28
3.7 3.42 7.71 6.13
3.73 3.1 8.44 6.54
3.82 3.57 7.72 6.29
3.82 3.37 7.67 6.04
3.83 3.47 7.78 6.25
3.75 3.4 7.56 5.96
3.75 3.43 7.84 6.27
3.8 3.54 7.61 6.15
3.62 3.03 8.65 6.68
3.74 3.52 7.7 6.22
3.8 3.74 7.38 6.12
3.68 3.49 8.17 6.66
3.7 3.22 8.2 6.42
3.68 3.34 8.11 6.45
3.79 3.44 8.09 6.53
3.7 4.04 7.32 6.36
3.77 3.36 7.97 6.33
3.74 3.31 7.65 5.96
3.74 3.65 7.33 5.98
3.72 3.5 7.98 6.48
3.85 3.45 7.7 6.15
3.69 3.68 7.93 6.61
3.85 3.57 7.85 6.42
3.79 3.35 8.0 6.35
3.83 3.59 7.79 6.38
3.76 3.27 7.87 6.14
3.76 3.8 7.74 6.54
3.77 3.08 8.09 6.17
3.79 3.52 7.89 6.41
3.73 3.95 7.54 6.49
3.79 3.74 8.04 6.78
3.77 3.42 7.86 6.28
3.8 3.65 7.78 6.43
3.81 3.51 7.57 6.08
3.81 4.06 7.3 6.36
3.8 3.25 7.95 6.2
3.82 3.62 7.53 6.15
3.8 3.81 7.07 5.88
3.81 3.7 7.44 6.14
3.78 3.5 7.7 6.2
3.72 3.53 8.14 6.67
3.72 3.37 8.02 6.39
3.79 3.91 7.05 5.96
3.7 3.82 7.49 6.31
3.65 3.27 8.06 6.33
3.8 3.29 7.91 6.2
3.69 2.88 8.4 6.28
3.7 3.18 7.75 5.93
3.78 3.49 7.4 5.89
3.8 3.9 7.76 6.66
3.72 3.59 7.89 6.48
3.61 2.93 8.38 6.31
3.68 3.07 8.27 6.34
3.75 3.36 7.93 6.29
3.71 3.51 7.33 5.84
3.69 3.24 8.1 6.34
3.7 3.3 8.22 6.52
3.67 3.28 8.15 6.43
3.74 3.38 7.67 6.05
3.69 3.08 8.18 6.26
3.74 3.47 7.67 6.14
3.7 3.2 8.04 6.24
3.7 3.67 7.44 6.11
3.71 3.28 7.88 6.16
3.72 3.28 7.68 5.96
3.73 3.41 8.01 6.42
3.76 3.43 7.62 6.05
3.76 3.72 7.79 6.51
3.81 3.17 7.87 6.04
3.82 3.36 7.58 5.94
3.8 3.3 7.58 5.88
3.77 3.61 7.89 6.5
3.74 2.99 8.32 6.31
3.8 3.59 7.56 6.15
3.75 3.37 7.61 5.98
3.78 3.49 7.85 6.34
3.82 3.55 7.84 6.39
3.78 3.57 7.87 6.44
3.76 3.53 7.91 6.44
3.73 3.49 7.99 6.48
3.67 3.33 8.16 6.49
3.66 3.29 8.38 6.67
3.68 3.62 7.95 6.57
3.76 3.33 7.82 6.15
3.78 3.46 8.29 6.75
3.75 3.44 8.12 6.56
3.69 3.68 7.85 6.53
3.69 2.9 8.29 6.19
3.83 3.15 7.58 5.73
3.78 3.78 7.67 6.45
3.8 3.91 7.16 6.07
3.8 3.4 7.57 5.97
3.71 3.64 8.11 6.75
3.69 3.63 7.88 6.51
3.82 3.31 7.87 6.18
3.74 3.5 7.73 6.23
3.73 3.28 7.66 5.94
3.77 3.54 7.69 6.23
3.73 3.11 8.07 6.18
3.8 3.73 7.62 6.35
3.75 3.24 7.93 6.17
3.8 3.18 7.75 5.93
3.77 3.22 8.3 6.52
3.8 3.46 7.56 6.02
3.81 3.3 7.69 5.99
3.78 3.73 7.65 6.38
3.8 3.72 7.45 6.17
3.73 3.25 8.5 6.75
3.71 3.44 7.81 6.25
3.79 3.22 7.74 5.96
3.8 3.29 7.65 5.94
3.83 3.53 7.61 6.14
3.7 3.47 7.81 6.28
3.69 3.12 8.45 6.57
3.76 3.63 8.02 6.65
3.74 3.27 7.99 6.26
3.7 3.36 7.95 6.31
3.77 3.19 8.41 6.6
3.76 3.4 7.82 6.22
3.73 3.62 7.58 6.2
3.78 3.45 7.86 6.31
3.7 2.92 8.49 6.41
3.78 3.24 8.12 6.36
3.75 3.46 7.66 6.12
3.8 4.03 7.3 6.33
3.8 3.81 7.65 6.46
3.74 3.06 8.06 6.12
3.77 3.5 7.67 6.17
3.84 2.96 7.96 5.92
3.84 4.18 6.98 6.16
3.73 3.44 8.07 6.51
3.78 3.51 8.07 6.58
3.72 3.71 7.35 6.06
3.84 3.39 7.94 6.33
3.72 3.68 7.57 6.25
3.68 3.29 7.81 6.1
3.77 3.57 7.13 5.7
3.73 3.24 7.79 6.03
3.86 3.63 7.98 6.61
3.75 3.3 8.69 6.99
3.82 3.5 7.67 6.17
3.74 3.32 8.12 6.44
3.76 3.37 7.71 6.08
3.8 3.58 7.32 5.9
3.78 3.54 7.87 6.41
3.79 3.0 8.2 6.2
3.79 3.39 7.34 5.73
3.84 3.77 7.2 5.97
3.86 3.64 7.67 6.31
3.77 3.62 7.74 6.36
3.8 3.19 8.02 6.21
3.61 3.28 7.96 6.24
3.71 3.48 7.79 6.27
3.77 3.56 7.44 6.0
3.67 3.15 7.83 5.98
3.79 3.29 7.79 6.08
3.78 3.28 7.85 6.13
3.65 3.37 7.83 6.2
3.82 3.23 8.09 6.32
3.67 3.36 7.55 5.91
3.7 3.49 7.98 6.47
3.82 3.25 7.57 5.82
3.81 3.42 7.86 6.28
3.83 3.62 7.86 6.48
3.82 3.57 7.48 6.05
3.74 3.82 7.61 6.43
3.72 3.17 8.13 6.3
3.83 3.19 8.12 6.31
3.77 3.62 7.57 6.19
3.79 3.39 7.84 6.23
3.87 3.56 7.37 5.93
3.76 3.29 8.02 6.31
3.77 3.47 7.5 5.97
3.73 3.37 7.81 6.18
3.83 3.66 7.46 6.12
3.71 3.13 7.89 6.02
3.87 3.9 7.23 6.13
3.84 3.22 7.53 5.75
3.86 3.59 7.65 6.24
3.75 3.01 8.25 6.26
3.81 3.07 8.09 6.16
3.77 3.3 7.63 5.93
3.74 3.51 7.7 6.21
3.76 3.39 8.3 6.69
3.7 3.44 7.86 6.3
3.84 3.36 7.74 6.1
3.71 3.07 8.25 6.32
3.79 3.41 7.76 6.17
3.76 3.58 7.5 6.08
3.81 3.93 7.54 6.47
3.64 3.03 8.28 6.31
3.76 3.7 7.5 6.2
3.74 3.18 8.24 6.42
3.82 3.62 7.48 6.1
3.75 3.81 7.32 6.13
3.72 3.31 8.14 6.45
3.79 3.85 7.37 6.22
3.66 3.1 8.45 6.55
3.8 3.98 7.3 6.28
3.75 3.72 7.64 6.36
3.7 3.22 8.31 6.53
3.73 3.35 7.86 6.21
3.74 3.48 7.88 6.36
3.76 3.8 7.79 6.59
3.72 3.12 8.07 6.19
3.72 3.43 8.11 6.54
3.78 3.47 7.64 6.11
3.76 3.29 8.02 6.31
3.75 3.73 7.5 6.23
3.77 3.44 7.83 6.27
3.73 3.4 8.25 6.65
3.75 3.25 8.26 6.51
3.86 3.4 7.96 6.36
3.76 3.3 7.74 6.04
3.75 3.49 7.92 6.41
3.78 3.51 7.51 6.02
3.7 3.76 7.83 6.59
3.7 3.66 7.6 6.26
3.75 3.52 7.89 6.41
3.76 3.54 7.66 6.2
3.71 3.66 7.58 6.24
3.75 3.12 8.14 6.26
3.75 3.31 7.94 6.25
3.82 3.56 7.32 5.88
3.73 3.24 7.91 6.15
3.72 3.2 8.38 6.58
3.8 3.5 7.32 5.82
3.8 3.66 7.61 6.27
3.71 2.85 8.32 6.17
3.62 3.32 8.2 6.52
3.72 3.33 7.88 6.21
3.77 3.57 7.76 6.33
3.73 3.38 7.95 6.33
3.79 3.57 7.55 6.12
3.73 3.28 8.02 6.3
3.82 3.59 7.53 6.12
3.69 3.16 8.24 6.4
3.81 3.74 7.44 6.18
3.86 3.65 7.47 6.12
3.82 3.53 7.42 5.95
3.79 3.34 7.99 6.33
3.77 3.64 7.7 6.34
3.71 3.32 7.76 6.08
3.78 3.56 7.95 6.51
3.75 3.54 8.07 6.61
3.76 3.24 7.66 5.9
3.83 4.13 6.98 6.11
3.74 3.6 7.79 6.39
3.79 3.19 8.23 6.42
3.72 3.53 7.57 6.1
3.7 3.23 8.09 6.32
3.63 2.84 8.5 6.34
3.79 3.8 7.69 6.49
3.68 3.44 7.8 6.24
3.74 3.24 8.08 6.32
3.72 3.12 8.03 6.15
3.76 3.64 7.52 6.16
3.76 3.25 8.13 6.38
3.72 2.99 8.35 6.34
3.8 3.34 8.17 6.51
3.75 3.75 7.54 6.29
3.69 3.26 7.93 6.19
3.72 3.42 7.74 6.16
3.81 3.29 8.15 6.44
3.82 3.08 8.3 6.38
3.75 3.47 7.65 6.12
3.8 3.63 7.42 6.05
3.78 3.39 7.47 5.86
3.63 3.03 8.55 6.58
3.86 3.5 7.52 6.02
3.75 3.29 8.12 6.41
3.69 3.29 8.29 6.58
3.74 3.44 7.9 6.34
3.83 3.67 7.13 5.8
3.79 3.63 7.74 6.37
3.7 3.38 8.02 6.4
3.82 3.71 7.45 6.16
3.65 2.85 8.3 6.15
3.82 3.31 7.79 6.1
3.81 3.64 7.48 6.12
3.73 3.12 7.98 6.1
3.76 3.92 7.39 6.31
3.7 3.28 7.81 6.09
3.74 3.19 8.24 6.43
3.8 3.47 8.02 6.49
3.72 3.16 8.18 6.34
3.68 3.19 8.37 6.56
3.78 3.69 7.46 6.15
3.81 3.69 7.75 6.44
3.78 3.3 8.05 6.35
3.68 3.18 7.74 5.92
3.66 2.88 8.45 6.33
3.67 3.14 8.24 6.38
3.77 3.76 7.86 6.62
3.81 3.84 7.2 6.04
3.77 3.31 8.17 6.48
3.82 4.2 7.08 6.28
3.73 3.16 7.88 6.04
3.77 3.34 7.78 6.12
3.8 3.36 7.87 6.23
3.82 3.07 8.06 6.13
3.79 3.75 7.7 6.45
3.64 3.31 7.92 6.23
3.78 3.84 7.3 6.14
3.76 3.8 7.49 6.29
3.75 3.16 7.76 5.92
3.79 3.36 8.01 6.37
3.76 3.36 7.77 6.13
3.75 3.51 7.72 6.23
3.79 3.24 7.87 6.11
3.71 3.13 8.18 6.31
3.75 3.92 7.0 5.92
3.77 3.41 7.9 6.31
3.81 3.88 7.21 6.09
3.73 3.36 7.84 6.2
3.7 3.7 7.75 6.45
3.63 3.12 8.65 6.77
3.7 3.05 8.52 6.57
3.75 3.38 8.08 6.46
3.76 3.94 7.25 6.19
3.79 3.15 7.82 5.97
3.78 3.53 7.95 6.48
3.78 3.43 7.56 5.99
3.81 3.23 7.95 6.18
3.74 3.29 8.18 6.47
3.76 3.92 7.4 6.32
3.78 3.32 7.91 6.23
3.81 3.03 8.23 6.26
3.78 3.0 8.16 6.16
3.77 3.18 7.49 5.67
3.76 3.37 7.86 6.23
3.82 3.17 8.2 6.37
3.71 3.32 7.82 6.14
3.64 3.03 8.38 6.41
3.8 3.85 7.54 6.39
3.78 3.19 8.15 6.34
3.82 3.45 7.4 5.85
3.73 3.48 7.89 6.37
3.86 3.69 7.65 6.34
3.69 2.82 8.36 6.18
3.7 3.31 8.35 6.66
3.83 3.51 7.49 6.0
3.76 3.06 8.44 6.5
3.66 3.14 8.5 6.64
3.88 3.33 7.74 6.07
3.82 3.63 7.56 6.19
3.78 3.65 7.52 6.17
3.77 3.38 7.77 6.15
3.71 3.4 7.89 6.29
3.76 3.29 7.83 6.12
3.83 3.15 7.86 6.01
3.73 3.64 7.45 6.09
3.81 3.32 8.02 6.34
3.6 3.14 8.14 6.28
3.77 3.51 7.98 6.49
3.83 3.96 7.08 6.04
3.76 3.73 7.64 6.37
3.73 3.43 7.89 6.32
3.79 3.05 8.21 6.26
3.8 3.37 8.21 6.58
3.82 3.44 7.32 5.76
3.79 3.31 7.99 6.3
3.73 3.61 7.86 6.47
3.81 3.34 8.12 6.46
3.68 3.38 7.73 6.11
3.79 3.5 7.55 6.05
3.7 3.99 7.65 6.64
3.79 3.41 8.05 6.46
3.78 3.52 8.02 6.54
3.79 3.76 7.71 6.47
3.66 3.35 8.0 6.35
3.76 3.6 7.48 6.08
3.79 3.6 7.24 5.84
3.75 2.98 8.14 6.12
3.83 3.64 7.49 6.13
3.75 3.27 7.91 6.18
3.87 3.72 7.63 6.35
3.77 3.49 7.61 6.1
3.83 3.24 7.78 6.02
3.62 3.1 8.31 6.41
3.8 3.36 7.8 6.16
3.78 3.92 7.54 6.46
3.77 3.54 7.96 6.5
3.82 3.87 7.29 6.16
3.74 3.34 7.96 6.3
3.76 3.52 7.33 5.85
3.72 3.47 7.65 6.12
3.8 3.6 7.65 6.25
3.73 3.23 8.14 6.37
3.77 3.04 8.27 6.31
3.7 2.98 8.5 6.48
3.77 3.53 7.46 5.99
3.79 3.37 8.12 6.49
3.72 3.1 8.18 6.28
3.66 3.39 7.78 6.17
3.82 3.56 7.47 6.03
3.8 3.55 7.69 6.24
3.75 3.34 8.0 6.34
3.75 3.74 7.62 6.36
3.72 3.66 7.6 6.26
3.75 3.11 8.37 6.48
3.78 2.96 8.31 6.27
3.74 3.39 8.16 6.55
3.82 3.8 7.53 6.33
3.69 3.26 8.0 6.26
3.81 3.65 7.49 6.14
3.59 2.89 8.05 5.94
3.78 3.23 8.11 6.34
3.63 3.58 8.02 6.6
3.81 3.67 7.56 6.23
3.8 3.65 7.65 6.3
3.78 3.44 7.68 6.12
3.67 3.26 8.05 6.31
3.71 3.27 7.87 6.14
3.78 3.27 8.22 6.49
3.72 3.39 7.97 6.36
3.75 3.79 7.63 6.42
3.84 3.9 7.02 5.92
3.79 3.59 8.04 6.63
3.76 3.63 7.23 5.86
3.72 3.54 7.4 5.94
3.81 3.32 7.83 6.15
3.72 3.58 7.84 6.42
3.7 3.19 7.88 6.07
3.73 3.62 7.76 6.38
3.77 3.06 7.94 6.0
3.73 3.46 8.0 6.46
3.7 3.17 7.9 6.07
3.74 3.69 8.01 6.7
3.75 3.33 7.94 6.27
3.66 3.33 8.05 6.38
3.71 3.11 7.97 6.08
3.82 3.7 7.57 6.27
3.71 3.21 8.25 6.46
3.76 3.68 7.53 6.21
3.79 3.36 7.84 6.2
3.7 3.44 8.09 6.53
3.67 3.04 8.17 6.21
3.67 3.08 8.16 6.24
3.72 3.61 7.48 6.09
3.72 3.47 7.91 6.38
3.64 3.25 8.17 6.42
3.71 3.13 8.0 6.13
3.71 3.46 8.03 6.49
3.82 3.55 7.75 6.3
3.81 3.76 7.51 6.27
3.8 3.42 7.76 6.18
3.81 3.61 7.31 5.92
3.69 3.47 7.7 6.17
3.8 3.72 7.58 6.3
3.78 3.51 7.72 6.23
3.77 3.24 8.39 6.63
3.72 3.53 7.9 6.43
3.7 3.4 7.95 6.35
3.74 3.69 7.66 6.35
3.82 3.41 7.85 6.26
3.82 3.81 7.57 6.38
3.62 3.24 8.17 6.41
3.77 3.65 7.6 6.25
3.72 3.29 8.34 6.63
3.76 3.76 7.32 6.08
3.75 3.09 8.25 6.34
3.67 4.01 7.46 6.47
3.71 3.28 8.07 6.35
3.8 3.45 7.7 6.15
3.72 3.17 8.15 6.32
3.69 3.28 8.56 6.84
3.76 4.0 7.23 6.23
3.77 3.29 7.47 5.76
3.78 3.65 7.53 6.18
3.72 3.5 7.73 6.23
3.74 3.5 7.57 6.07
3.8 3.07 7.98 6.05
3.81 3.33 7.64 5.97
3.68 3.65 8.09 6.74
3.8 3.35 8.02 6.37
3.66 3.88 7.86 6.74
3.7 3.12 8.12 6.24
3.74 3.4 7.49 5.89
3.83 3.87 6.92 5.79
3.74 3.53 7.75 6.28
3.67 3.43 7.93 6.36
3.7 3.69 7.54 6.23
3.73 3.63 7.91 6.54
3.76 3.29 8.03 6.32
3.68 2.99 8.02 6.01
3.71 3.21 8.41 6.62
3.75 3.68 7.69 6.37
3.6 3.3 7.99 6.29
3.79 3.55 7.85 6.4
3.68 3.23 8.0 6.23
3.77 3.38 7.95 6.33
3.75 3.3 7.87 6.17
3.67 3.35 7.92 6.27
3.84 3.44 7.88 6.32
3.68 3.17 8.22 6.39
3.71 3.31 7.85 6.16
3.79 3.31 8.01 6.32
3.67 3.38 8.01 6.39
3.7 3.56 7.78 6.34
3.76 3.05 7.98 6.03
3.76 3.72 7.91 6.63
3.79 3.96 7.26 6.22
3.78 3.47 8.28 6.75
3.7 3.17 7.81 5.98
3.73 3.54 7.63 6.17
3.81 3.55 7.71 6.26
3.77 3.53 7.81 6.34
3.61 3.37 7.74 6.11
3.79 3.58 7.97 6.55
3.69 3.45 7.92 6.37
3.8 3.59 7.58 6.17
3.92 4.26 6.78 6.04
3.76 3.67 7.81 6.48
3.78 3.34 8.15 6.49
3.79 3.58 7.75 6.33
3.87 3.48 7.7 6.18
3.82 3.89 7.55 6.44
3.68 3.54 7.45 5.99
3.79 3.63 7.46 6.09
3.84 3.79 7.46 6.25
3.8 2.94 8.49 6.43
3.66 3.58 7.83 6.41
3.6 3.28 8.0 6.28
3.72 3.37 8.19 6.56
3.76 3.59 7.56 6.15
3.83 3.66 7.58 6.24
3.76 3.68 7.17 5.85
3.77 3.28 7.71 5.99
3.76 3.2 8.1 6.3
3.73 3.1 8.17 6.27
3.74 3.27 8.17 6.44
3.76 2.95 8.27 6.22
3.75 3.12 8.23 6.35
3.84 3.6 7.41 6.01
3.84 3.46 7.79 6.25
3.82 3.64 7.71 6.35
3.68 2.98 8.2 6.18
3.79 3.64 7.55 6.19
3.79 3.13 7.88 6.01
3.73 3.42 8.02 6.44
3.81 3.17 8.21 6.38
3.7 3.56 7.51 6.07
3.76 3.46 7.67 6.13
3.75 2.97 8.51 6.48
3.77 3.6 7.87 6.47
3.74 3.53 7.98 6.51
3.79 3.39 8.0 6.39
3.79 3.6 7.68 6.28
3.73 2.73 8.32 6.05
3.77 3.31 7.74 6.05
3.69 3.36 8.22 6.58
3.76 2.91 8.48 6.39
3.76 3.64 8.21 6.85
3.87 3.8 7.53 6.33
3.81 3.34 8.04 6.38
3.61 3.24 8.44 6.68
3.82 3.56 7.31 5.87
3.75 3.24 8.13 6.37
3.69 2.91 8.6 6.51
3.77 3.41 7.77 6.18
3.71 3.21 7.84 6.05
3.73 3.09 8.14 6.23
3.78 3.24 7.83 6.07
3.82 3.21 8.39 6.6
3.68 3.47 7.8 6.27
3.85 3.83 7.66 6.49
3.77 2.99 7.91 5.9
3.76 3.32 7.85 6.17
3.7 3.01 8.65 6.66
3.72 3.58 8.13 6.71
3.7 3.32 8.04 6.36
3.81 3.55 7.74 6.29
3.69 3.13 8.37 6.5
3.74 3.14 7.93 6.07
3.82 3.65 7.59 6.24
3.8 3.29 7.83 6.12
3.83 3.13 8.0 6.13
3.68 2.98 8.52 6.5
3.71 3.4 8.23 6.63
3.78 3.4 7.52 5.92
3.76 3.61 7.73 6.34
3.78 3.56 7.68 6.24
3.85 4.0 7.4 6.4
3.7 3.5 7.98 6.48
3.74 3.45 7.78 6.23
3.74 3.49 7.61 6.1
3.75 3.47 7.65 6.12
3.69 3.55 7.68 6.23
3.73 3.24 8.15 6.39
3.77 3.62 7.4 6.02
3.71 3.15 7.89 6.04
3.77 3.22 7.94 6.16
3.81 3.5 7.9 6.4
3.8 3.16 7.91 6.07
3.72 3.3 8.26 6.56
3.69 3.21 8.41 6.62
3.81 3.45 7.6 6.05
3.75 3.05 8.57 6.62
3.71 3.13 7.97 6.1
3.8 3.15 7.96 6.11
3.79 3.41 7.61 6.02
3.7 3.06 8.36 6.42
3.75 3.71 7.51 6.22
3.78 3.52 7.83 6.35
3.7 3.41 8.09 6.5
3.86 3.62 7.55 6.17
3.71 3.53 8.03 6.56
3.83 3.39 7.81 6.2
3.74 3.96 7.13 6.09
3.74 3.58 7.54 6.12
3.75 3.44 7.53 5.97
3.73 2.78 8.43 6.21
3.8 3.28 7.97 6.25
3.69 3.1 8.34 6.44
3.71 3.02 8.16 6.18
3.79 3.51 7.88 6.39
3.69 3.19 8.19 6.38
3.78 3.62 7.27 5.89
3.75 3.17 8.01 6.18
3.76 3.73 7.46 6.19
3.79 3.53 7.72 6.25
3.74 3.35 7.27 5.62
3.71 3.32 8.03 6.35
3.76 3.17 7.96 6.13
3.7 3.41 7.94 6.35
3.77 3.31 8.14 6.45
3.77 3.47 7.82 6.29
3.73 3.54 7.79 6.33
3.8 3.5 7.75 6.25
3.79 3.79 7.36 6.15
3.72 3.25 7.65 5.9
3.79 3.07 8.29 6.36
3.82 3.52 7.39 5.91
3.75 3.15 8.28 6.43
3.78 3.66 7.17 5.83
3.71 3.48 7.56 6.04
3.72 3.08 8.11 6.19
3.69 3.3 8.5 6.8
3.82 3.65 7.71 6.36
3.83 3.17 7.95 6.12
3.7 3.31 7.94 6.25
3.79 3.4 7.59 5.99
3.76 3.53 7.8 6.33
3.67 3.3 7.83 6.13
3.84 3.88 7.13 6.01
3.85 3.44 7.67 6.11
3.7 3.45 7.92 6.37
3.72 3.37 8.18 6.55
3.71 3.66 7.86 6.52
3.75 3.06 8.06 6.12
3.75 3.28 8.1 6.38
3.8 3.16 7.24 5.4
3.76 3.43 7.55 5.98
3.71 3.8 7.68 6.48
3.78 3.58 7.41 5.99
3.72 3.29 7.75 6.04
3.76 3.37 7.77 6.14
3.78 3.67 7.52 6.19
3.74 3.18 8.0 6.18
3.81 3.44 7.69 6.13
3.78 3.97 7.26 6.23
3.77 3.57 7.16 5.73
3.8 3.32 7.84 6.16
3.74 3.51 7.65 6.16
3.73 3.52 7.99 6.51
3.72 3.46 7.82 6.28
3.76 3.18 7.91 6.09
3.76 3.66 7.4 6.06
3.86 3.86 7.16 6.02
3.73 3.53 7.9 6.43
3.85 3.62 7.43 6.05
3.8 3.4 8.19 6.59
3.77 3.23 8.14 6.37
3.73 3.51 8.2 6.71
3.75 3.66 7.56 6.22
3.75 3.37 8.16 6.53
3.73 3.41 8.19 6.6
3.72 3.36 7.83 6.19
3.79 3.61 7.64 6.25
3.67 3.23 8.22 6.45
3.77 3.46 7.97 6.43
3.85 3.5 7.69 6.19
3.62 3.22 8.48 6.7
3.74 3.5 8.24 6.74
3.72 2.76 8.33 6.09
3.68 3.28 7.85 6.13
3.77 3.39 7.63 6.02
3.77 3.43 7.56 5.99
3.79 3.4 7.66 6.06
3.74 3.66 7.67 6.33
3.77 3.78 7.53 6.31
3.74 3.67 7.68 6.35
3.72 3.57 7.57 6.14
3.75 3.4 7.87 6.27
3.74 3.52 7.8 6.32
3.74 3.2 8.47 6.67
3.85 3.75 7.3 6.05
3.78 3.31 7.95 6.26
3.71 3.33 8.27 6.6
3.7 3.04 8.46 6.5
3.78 3.6 7.77 6.37
3.73 3.4 7.89 6.29
3.83 3.99 7.4 6.39
3.77 3.35 7.56 5.91
3.75 3.36 7.66 6.02
3.71 3.07 8.25 6.32
3.73 2.9 8.7 6.6
3.7 3.06 8.23 6.29
3.75 3.28 7.9 6.18
3.79 3.24 7.93 6.17
3.84 3.58 7.52 6.1
3.71 3.51 7.85 6.36
3.7 2.97 8.44 6.41
3.79 3.39 7.84 6.23
3.76 3.39 7.74 6.13
3.74 3.49 7.6 6.09
3.74 3.32 7.7 6.02
3.74 3.36 7.77 6.13
3.79 3.7 7.39 6.09
3.75 3.19 8.36 6.55
3.86 3.69 7.77 6.46
3.69 3.41 8.3 6.71
3.74 3.67 7.61 6.28
3.77 3.6 7.56 6.16
3.75 3.09 8.33 6.42
3.83 3.74 7.34 6.08
3.76 3.29 7.81 6.1
3.72 3.27 7.95 6.22
3.75 3.02 8.07 6.09
3.8 3.46 7.58 6.04
3.7 3.16 8.28 6.44
3.76 3.52 7.77 6.29
3.76 3.19 7.94 6.13
3.71 3.17 7.99 6.16
3.71 3.19 8.37 6.56
3.76 3.35 7.83 6.18
3.69 3.46 7.86 6.32
3.75 3.77 7.76 6.53
3.69 3.58 7.77 6.35
3.75 3.67 7.09 5.76
3.77 3.69 7.91 6.6
3.8 3.56 7.97 6.53
3.69 3.58 7.66 6.24
3.75 3.48 8.14 6.62
3.88 3.74 7.15 5.89
3.71 3.07 8.68 6.75
3.74 3.05 7.96 6.01
3.78 3.32 7.99 6.31
3.78 3.55 7.57 6.12
3.84 3.35 7.59 5.94
3.76 3.52 7.24 5.76
3.76 3.21 8.04 6.25
3.8 3.79 7.61 6.4
3.73 3.01 7.76 5.77
3.74 3.23 8.07 6.3
3.68 3.14 8.09 6.23
3.88 3.99 7.33 6.32
3.84 3.62 7.51 6.13
3.78 3.52 7.72 6.24
3.79 3.34 8.11 6.45
3.79 3.52 7.63 6.15
3.84 3.45 7.52 5.97
3.76 3.47 7.79 6.26
3.75 3.19 8.0 6.19
3.61 3.53 8.25 6.78
3.76 3.18 8.22 6.4
3.82 3.8 7.29 6.09
3.71 3.66 7.77 6.43
3.66 3.07 8.77 6.84
3.74 3.48 7.84 6.32
3.75 3.34 7.79 6.13
3.75 3.58 7.55 6.13
3.8 3.36 7.94 6.3
3.69 3.4 7.9 6.3
3.8 3.74 7.5 6.24
3.78 3.32 8.29 6.61
3.88 3.51 7.73 6.24
3.77 3.23 8.11 6.34
3.72 3.26 8.22 6.48
3.79 3.54 7.87 6.41
3.77 3.37 7.93 6.3
3.67 3.04 8.4 6.44
3.71 3.16 7.94 6.1
3.76 3.17 7.94 6.11
3.84 3.75 7.18 5.93
3.73 3.97 7.11 6.08
3.79 3.28 7.69 5.97
3.76 3.37 7.93 6.3
3.73 3.11 8.09 6.2
3.86 3.74 7.21 5.95
3.71 3.34 8.3 6.64
3.67 3.8 7.66 6.46
3.82 3.54 7.82 6.36
3.7 3.64 7.97 6.61
3.81 3.68 7.35 6.03
3.76 3.22 8.07 6.29
3.76 3.74 7.66 6.4
3.7 3.41 7.59 6.0
3.87 3.36 8.16 6.52
3.73 3.49 7.94 6.43
3.79 3.48 7.67 6.15
3.83 3.64 7.71 6.35
3.65 3.29 8.17 6.46
3.68 3.64 7.9 6.54
3.85 3.65 7.71 6.36
3.72 3.37 7.67 6.04
3.79 2.91 8.1 6.01
3.69 2.75 8.53 6.28
3.73 3.73 7.48 6.21
3.76 3.17 7.98 6.15
3.68 3.29 8.23 6.52
3.71 3.15 8.1 6.25
3.82 3.4 7.9 6.3
3.78 3.66 7.4 6.06
3.74 3.66 7.68 6.34
3.71 3.68 7.72 6.4
3.78 3.7 7.35 6.05
3.74 3.58 7.44 6.02
3.83 3.56 7.33 5.89
3.7 3.34 7.91 6.25
3.78 3.25 8.06 6.31
3.69 3.14 8.2 6.34
3.72 3.06 8.01 6.07
3.82 3.69 7.61 6.3
3.79 3.51 7.71 6.22
3.79 3.46 7.25 5.71
3.72 3.42 8.06 6.48
3.75 3.4 8.19 6.59
3.74 3.75 7.12 5.87
3.81 3.24 7.82 6.06
3.77 3.34 8.06 6.4
3.68 3.28 8.53 6.81
3.77 3.42 8.12 6.54
3.76 3.02 7.91 5.93
3.85 3.81 7.15 5.96
3.85 3.18 8.45 6.63
3.81 3.12 8.34 6.46
3.72 3.16 8.07 6.23
3.69 3.0 8.24 6.24
3.71 3.29 8.51 6.8
3.67 3.07 7.96 6.03
3.7 3.02 8.4 6.42
3.79 3.35 8.36 6.71
3.8 3.7 7.63 6.33
3.76 3.13 8.12 6.25
3.76 2.96 8.17 6.13
3.78 3.5 7.66 6.16
3.75 3.44 7.98 6.42
3.79 3.63 7.31 5.94
3.77 3.76 7.2 5.96
3.79 3.95 7.25 6.2
3.8 3.53 7.52 6.05
3.68 3.32 8.1 6.42
3.75 2.86 8.38 6.24
3.72 3.44 7.75 6.19
3.75 3.51 7.8 6.31
3.76 3.25 7.83 6.08
3.75 3.31 7.91 6.22
3.81 3.41 7.85 6.26
3.73 3.09 8.28 6.37
3.8 3.77 7.29 6.06
3.65 3.43 7.79 6.22
3.69 3.03 8.15 6.18
3.78 3.46 7.65 6.11
3.7 3.57 7.66 6.23
3.74 3.22 7.66 5.88
3.75 3.77 7.95 6.72
3.8 3.52 7.74 6.26
3.81 3.38 7.98 6.36
3.83 3.74 7.65 6.39
3.82 3.46 7.72 6.18
3.68 3.12 8.09 6.21
3.74 3.59 7.44 6.03
3.76 3.63 7.86 6.49
3.66 3.14 8.26 6.4
3.81 3.36 7.51 5.87
3.81 3.46 7.66 6.12
3.76 3.18 7.84 6.02
3.82 4.17 6.83 6.0
3.7 3.73 7.24 5.97
3.68 3.08 8.34 6.42
3.75 3.29 7.78 6.07
3.81 3.59 7.62 6.21
3.77 3.79 7.43 6.22
3.76 3.29 7.9 6.19
3.8 3.68 7.8 6.48
3.71 3.12 8.17 6.29
3.64 3.36 7.9 6.26
3.75 3.53 7.41 5.94
3.79 3.42 8.18 6.6
3.73 3.13 7.75 5.88
3.7 3.9 7.03 5.93
3.83 3.54 7.85 6.39
3.81 3.41 7.81 6.22
3.74 3.64 7.47 6.11
3.76 3.14 7.66 5.8
3.76 3.6 7.63 6.23
3.76 3.7 7.84 6.54
3.76 3.75 7.49 6.24
3.72 3.28 8.15 6.43
3.74 3.4 8.14 6.54
3.86 3.56 7.47 6.03
3.77 3.25 8.31 6.56
3.71 3.42 7.99 6.41
3.82 3.4 7.77 6.17
3.7 3.42 7.83 6.25
3.83 3.14 8.3 6.44
3.73 3.15 7.77 5.92
3.74 3.61 7.59 6.2
3.75 3.07 8.22 6.29
3.77 3.5 7.72 6.22
3.73 3.15 8.12 6.27
3.8 3.15 8.54 6.69
3.82 3.36 7.66 6.02
3.67 3.62 7.65 6.27
3.73 3.56 7.54 6.1
3.71 3.41 7.79 6.2
3.67 3.29 7.83 6.12
3.81 3.41 7.6 6.01
3.75 3.64 8.22 6.86
3.76 3.26 8.0 6.26
3.78 3.36 7.79 6.15
3.77 3.47 7.99 6.46
3.71 3.15 8.16 6.31
3.7 3.35 8.04 6.39
3.74 3.45 7.61 6.06
3.68 3.13 8.31 6.44
3.78 2.92 8.36 6.28
3.74 3.87 7.16 6.03
3.7 3.05 8.48 6.53
3.74 3.52 7.59 6.11
3.83 3.99 7.24 6.23
3.79 3.71 7.65 6.36
3.78 3.44 8.13 6.57
3.75 3.45 7.91 6.36
3.76 3.58 7.63 6.21
3.78 3.63 7.7 6.33
3.77 3.23 7.93 6.16
3.85 3.83 7.19 6.02
3.8 3.2 8.03 6.23
3.71 3.37 8.03 6.4
3.71 3.34 8.17 6.51
3.74 3.55 7.55 6.1
3.72 3.36 8.02 6.38
3.86 4.03 7.25 6.28
3.8 3.22 7.92 6.14
3.78 3.49 8.13 6.62
3.77 3.69 8.2 6.89
3.83 3.04 8.04 6.08
3.76 3.24 7.74 5.98
3.72 3.28 7.96 6.24
3.77 3.67 7.5 6.17
3.76 3.1 8.23 6.33
3.64 3.16 8.2 6.36
3.8 4.27 6.95 6.22
3.76 3.36 8.1 6.46
3.8 3.65 7.44 6.09
3.81 3.48 8.01 6.49
3.76 3.42 8.29 6.71
3.73 3.08 8.19 6.27
3.74 3.57 7.74 6.31
3.72 3.73 7.31 6.04
3.72 3.45 8.12 6.57
3.66 3.12 8.15 6.27
3.77 3.26 7.48 5.74
3.79 3.75 7.86 6.61
3.7 3.84 7.67 6.51
3.79 3.86 7.48 6.34
3.79 3.41 7.93 6.34
3.66 3.09 8.61 6.7
3.79 3.51 7.64 6.15
3.83 3.16 8.0 6.16
3.84 3.87 7.34 6.21
3.73 3.51 7.47 5.98
3.72 3.43 7.6 6.03
3.74 3.18 8.29 6.47
3.76 3.47 8.07 6.54
3.64 3.11 7.94 6.05
3.81 3.51 7.54 6.05
3.77 3.34 7.92 6.26
3.79 3.57 7.84 6.41
3.81 3.81 7.73 6.54
3.73 3.82 7.21 6.03
3.76 3.3 8.08 6.38
3.8 3.03 8.3 6.33
3.78 3.67 7.65 6.32
3.75 3.33 8.27 6.6
3.78 4.12 7.26 6.38
3.72 3.23 8.39 6.62
3.71 3.33 7.86 6.19
3.71 3.31 8.41 6.72
3.77 3.34 7.86 6.2
3.83 3.47 7.77 6.24
3.76 3.03 8.16 6.19
3.78 3.35 7.76 6.11
3.78 3.47 7.56 6.03
3.8 3.4 8.07 6.47
3.79 3.46 7.72 6.18
3.72 3.47 8.13 6.6
3.79 3.84 7.54 6.38
3.78 3.58 7.76 6.34
3.73 3.44 8.36 6.8
3.8 3.38 7.64 6.02
3.69 3.35 7.9 6.25
3.81 3.85 7.34 6.19
3.73 3.32 7.65 5.97
3.68 3.38 8.15 6.53
3.8 3.55 8.16 6.71
3.84 3.77 7.46 6.23
3.75 3.44 8.13 6.57
3.76 3.28 7.87 6.15
3.69 2.89 8.49 6.38
3.76 3.44 7.83 6.27
3.74 3.49 7.88 6.37
3.75 3.31 7.99 6.3
3.83 3.54 7.36 5.9
3.75 3.21 7.74 5.95
3.78 2.9 8.36 6.26
3.68 3.62 7.91 6.53
3.75 3.65 7.43 6.08
3.79 3.25 8.47 6.72
3.81 3.47 7.82 6.29
3.81 3.8 7.6 6.4
3.74 3.42 7.69 6.11
3.75 3.25 8.34 6.59
3.7 2.98 8.27 6.25
3.78 3.5 7.46 5.96
3.79 3.48 7.31 5.79
3.79 3.3 8.04 6.34
3.72 3.22 7.8 6.02
3.82 3.4 7.92 6.32
3.73 3.09 7.92 6.01
3.86 3.77 7.69 6.46
3.69 2.98 8.26 6.24
3.7 3.45 7.45 5.9
3.79 3.4 7.89 6.29
3.87 3.98 7.21 6.19
3.79 3.19 7.67 5.86
3.87 3.83 7.14 5.97
3.69 3.81 7.28 6.09
3.83 3.67 7.52 6.19
3.87 3.71 7.15 5.86
3.74 3.75 7.22 5.97
3.74 3.33 7.82 6.15
3.79 3.12 8.18 6.3
3.71 3.25 7.68 5.93
3.7 3.26 8.07 6.33
3.81 3.25 8.15 6.4
3.82 3.27 7.72 5.99
3.75 3.47 7.42 5.89
3.87 3.91 7.06 5.97
3.76 3.06 8.36 6.42
3.8 3.25 7.97 6.22
3.8 3.97 7.24 6.21
3.75 3.25 8.06 6.31
3.82 3.43 7.6 6.03
3.78 3.18 8.1 6.28
3.74 3.69 7.67 6.36
3.68 3.21 7.9 6.11
3.75 3.22 7.78 6.0
3.8 3.89 7.55 6.44
3.74 3.4 8.27 6.67
3.8 2.87 8.36 6.23
3.84 3.45 8.0 6.45
3.85 3.22 7.76 5.98
3.76 3.51 7.71 6.22
3.81 3.83 7.21 6.04
3.75 3.39 8.43 6.82
3.83 3.59 7.49 6.08
3.73 3.33 8.16 6.49
3.67 3.4 7.8 6.2
3.76 3.65 7.64 6.29
3.72 3.85 7.49 6.34
3.78 3.49 7.87 6.36
3.75 3.38 7.65 6.03
3.79 3.49 7.94 6.43
3.76 3.31 8.06 6.37
3.75 3.18 8.07 6.25
3.74 3.37 7.77 6.14
3.84 3.33 7.71 6.04
3.79 3.66 7.53 6.19
3.72 3.62 7.56 6.18
3.72 3.46 7.88 6.34
3.73 3.69 7.56 6.25
3.78 3.16 7.86 6.02
3.71 3.23 8.29 6.52
3.75 3.61 7.85 6.46
3.85 3.91 7.0 5.91
3.75 3.46 7.82 6.28
3.82 3.46 7.61 6.07
3.81 3.6 7.84 6.44
3.71 3.33 7.9 6.23
3.72 3.15 8.22 6.37
3.78 3.32 7.61 5.93
3.78 3.38 7.47 5.85
3.72 3.54 7.79 6.33
3.78 3.54 7.56 6.1
3.71 3.59 7.6 6.19
3.77 3.28 7.83 6.11
3.65 3.17 8.26 6.43
3.67 2.97 8.41 6.38
3.71 3.26 8.05 6.31
3.86 3.7 7.4 6.1
3.77 3.78 7.65 6.43
3.77 3.28 8.27 6.55
3.77 3.26 7.93 6.19
3.62 3.0 8.56 6.56
3.74 3.81 7.66 6.47
3.74 3.52 7.94 6.46
3.69 3.28 7.79 6.07
3.87 3.72 7.51 6.23
3.79 3.46 7.96 6.42
3.77 3.26 7.99 6.25
3.7 3.39 7.93 6.32
3.73 3.4 8.18 6.58
3.75 3.45 7.78 6.23
3.87 3.54 7.61 6.15
3.71 3.57 8.17 6.74
3.75 3.63 7.45 6.08
3.75 3.1 8.1 6.2
3.76 3.31 7.85 6.16
3.79 3.26 7.69 5.95
3.78 3.74 7.97 6.71
3.71 3.19 8.44 6.63
3.75 3.96 7.33 6.29
3.79 3.62 7.64 6.26
3.74 3.31 8.07 6.38
3.82 3.79 7.63 6.42
3.76 3.86 7.55 6.41
3.75 3.27 7.84 6.11
3.78 3.46 7.82 6.28
3.83 3.4 7.6 6.0
3.74 3.41 7.5 5.91
3.7 3.37 7.9 6.27
3.77 3.47 7.81 6.28
3.76 3.47 7.84 6.31
3.86 3.12 7.9 6.02
3.84 3.57 7.5 6.07
3.87 4.03 7.39 6.42
3.77 3.42 7.55 5.97
3.77 3.19 7.96 6.15
3.83 3.44 7.93 6.37
3.71 3.11 8.13 6.24
3.67 3.12 8.28 6.4
3.73 3.43 8.0 6.43
3.87 4.09 7.11 6.2
3.74 3.47 7.93 6.4
3.73 3.17 8.14 6.31
3.74 3.2 7.95 6.15
3.79 3.63 7.57 6.2
3.71 3.74 7.75 6.49
3.63 3.22 8.32 6.54
3.7 3.46 7.45 5.91
3.73 3.44 7.56 6.0
3.74 3.47 8.25 6.72
3.73 3.52 7.74 6.26
3.84 3.4 7.42 5.82
3.75 3.62 7.46 6.08
3.67 3.17 8.06 6.23
3.76 3.2 8.08 6.28
3.73 3.53 7.69 6.22
3.73 3.51 7.58 6.09
3.86 3.43 7.77 6.2
3.7 3.46 7.88 6.34
3.77 3.51 7.55 6.06
3.81 3.44 7.71 6.15
3.66 3.19 8.3 6.49
3.71 3.39 7.95 6.34
3.89 3.92 7.17 6.09
3.76 3.34 7.7 6.04
3.73 3.03 8.45 6.48
3.68 3.22 8.32 6.54
3.71 2.96 8.66 6.62
3.71 3.4 7.87 6.27
3.8 3.53 7.46 5.99
3.74 3.2 7.88 6.08
3.73 3.22 7.95 6.17
3.69 3.24 8.23 6.47
3.87 3.76 7.18 5.94
3.69 3.37 7.87 6.24
3.85 3.99 6.85 5.84
3.72 3.47 7.53 6.0
3.75 3.35 7.91 6.26
3.8 3.13 8.05 6.18
3.68 3.1 8.37 6.47
3.79 3.28 7.88 6.16
3.74 3.26 8.13 6.39
3.76 3.92 7.64 6.56
3.79 3.16 7.97 6.13
3.71 3.43 7.88 6.31
3.79 3.5 7.88 6.38
3.64 3.36 7.8 6.16
3.75 3.39 7.8 6.19
3.83 3.5 7.53 6.03
3.76 3.78 7.48 6.26
3.73 3.28 7.88 6.16
3.74 3.51 7.7 6.21
3.82 3.48 7.85 6.33
3.8 3.07 8.15 6.22
3.78 3.8 7.77 6.57
3.8 3.51 7.94 6.45
3.77 3.57 8.11 6.68
3.68 3.38 8.27 6.65
3.78 3.49 7.91 6.4
3.84 3.34 8.19 6.53
3.71 3.25 8.11 6.36
3.71 3.12 8.13 6.25
3.86 3.86 7.09 5.95
3.79 3.12 8.24 6.36
3.77 2.96 8.16 6.12
3.7 3.21 8.07 6.28
3.77 3.42 7.64 6.06
3.78 3.33 8.02 6.35
3.84 3.61 7.55 6.16
3.77 3.45 7.57 6.02
3.75 3.54 7.88 6.42
3.76 2.84 8.31 6.15
3.75 3.29 7.71 6.0
3.72 3.16 8.37 6.53
3.77 3.52 7.62 6.14
3.72 3.38 7.98 6.36
3.72 3.13 7.97 6.1
3.69 3.14 7.96 6.1
3.84 3.56 7.27 5.83
3.68 3.52 7.49 6.01
3.82 3.53 7.55 6.08
3.76 3.39 7.9 6.29
3.7 2.98 8.16 6.14
3.76 3.28 7.97 6.25
3.86 3.64 7.4 6.04
3.77 3.38 7.95 6.33
3.76 3.39 8.11 6.5
3.79 3.44 7.8 6.24
3.83 3.43 8.01 6.44
3.75 3.27 8.03 6.3
3.75 3.31 7.98 6.29
3.85 3.32 7.49 5.81
3.81 3.17 7.64 5.81
3.83 3.47 7.91 6.38
3.78 3.43 7.32 5.75
3.86 3.91 7.07 5.98
3.82 3.69 7.44 6.13
3.75 3.18 8.33 6.51
3.72 3.64 7.71 6.35
3.89 3.57 7.7 6.27
3.73 2.91 8.56 6.47
3.76 3.19 7.79 5.98
3.63 3.12 8.44 6.56
3.77 3.58 7.49 6.07
3.79 3.8 7.76 6.56
3.8 3.39 7.64 6.03
3.65 3.25 8.29 6.54
3.8 3.17 8.04 6.21
3.65 3.2 8.05 6.25
3.72 3.3 7.85 6.15
3.74 2.81 8.03 5.84
3.74 3.31 8.08 6.39
3.67 3.14 7.98 6.12
3.77 3.25 8.09 6.34
3.72 3.72 7.82 6.54
3.72 3.25 8.26 6.51
3.73 3.29 7.97 6.26
3.64 3.06 8.27 6.33
3.8 3.61 7.8 6.41
3.7 3.43 7.96 6.39
3.66 3.11 8.4 6.51
3.76 3.58 7.64 6.22
3.82 4.02 7.1 6.12
3.7 3.29 7.93 6.22
3.72 3.57 7.59 6.16
3.69 3.4 7.9 6.3
3.73 3.67 7.57 6.24
3.83 3.51 7.92 6.43
3.69 3.17 7.95 6.12
3.74 3.3 7.63 5.93
3.85 3.96 7.57 6.53
3.8 3.01 8.07 6.08
3.7 3.4 7.81 6.21
3.83 3.27 7.8 6.07
3.77 3.17 8.2 6.37
3.69 3.15 8.19 6.34
3.75 3.32 7.92 6.24
3.85 3.84 6.92 5.76
3.74 3.76 7.45 6.21
3.75 3.24 7.72 5.96
3.78 3.29 8.04 6.33
3.75 3.46 7.47 5.93
3.83 3.44 7.97 6.41
3.74 3.72 7.86 6.58
3.88 3.37 7.71 6.08
3.74 3.74 7.44 6.18
3.82 3.61 7.68 6.29
3.76 3.47 8.11 6.58
3.74 3.35 7.76 6.11
3.8 3.65 7.84 6.49
3.75 3.82 7.3 6.12
3.78 3.29 7.87 6.16
3.76 3.3 8.2 6.5
3.81 3.39 7.85 6.24
3.8 3.37 8.13 6.5
3.76 3.31 7.91 6.22
3.77 3.41 7.97 6.38
3.67 3.28 7.84 6.12
3.85 3.81 7.57 6.38
3.7 3.32 7.72 6.04
3.75 3.34 8.18 6.52
3.66 2.91 8.39 6.3
3.7 3.35 7.82 6.17
3.7 3.53 7.54 6.07
3.74 3.55 8.05 6.6
3.73 3.63 7.59 6.22
3.74 3.57 7.78 6.35
3.82 3.91 7.58 6.49
3.74 3.18 7.89 6.07
3.75 3.49 7.8 6.29
3.62 3.0 8.62 6.62
3.8 3.6 7.4 6.0
3.76 3.61 7.85 6.46
3.69 3.16 8.4 6.56
3.73 3.27 7.83 6.1
3.76 3.44 7.81 6.25
3.76 3.31 7.8 6.11
3.72 3.93 7.27 6.2
3.71 2.99 8.57 6.56
3.72 3.11 8.27 6.38
3.75 3.66 7.74 6.4
3.72 3.56 7.62 6.18
3.74 3.15 7.99 6.14
3.82 3.47 7.71 6.18
3.84 3.59 7.55 6.14
3.71 3.44 7.99 6.43
3.77 3.46 7.61 6.07
3.76 3.42 7.69 6.11
3.73 3.48 7.4 5.88
3.8 3.34 7.71 6.05
3.7 2.92 8.43 6.35
3.75 4.1 7.27 6.37
3.77 3.53 7.75 6.28
3.77 3.77 7.75 6.52
3.79 3.63 7.99 6.62
3.75 3.55 7.76 6.31
3.84 3.75 7.07 5.82
3.81 3.57 7.18 5.75
3.64 2.96 8.72 6.68
3.78 3.56 8.17 6.73
3.78 3.59 7.4 5.99
3.74 3.36 8.1 6.46
3.81 3.42 7.61 6.03
3.73 3.49 7.71 6.2
3.71 3.51 7.93 6.44
3.9 3.66 7.75 6.41
3.81 3.23 8.19 6.42
3.69 2.98 8.4 6.38
3.78 3.22 8.13 6.35
3.72 3.46 7.86 6.32
3.76 3.25 8.12 6.37
3.74 3.01 8.44 6.45
3.74 3.65 7.71 6.36
3.79 3.68 7.44 6.12
3.75 3.37 7.87 6.24
3.73 3.42 7.61 6.03
3.71 3.29 7.91 6.2
3.69 3.11 7.86 5.97
3.82 3.54 7.94 6.48
3.85 3.58 8.01 6.59
3.79 3.33 7.73 6.06
3.77 3.12 8.01 6.13
3.72 3.28 8.07 6.35
3.76 4.04 7.19 6.23
3.76 3.61 7.77 6.38
3.78 3.77 7.76 6.53
3.74 3.62 7.79 6.41
3.93 3.99 7.17 6.16
3.77 3.23 7.84 6.07
3.76 3.38 8.05 6.43
3.85 4.0 7.24 6.24
3.79 3.47 7.61 6.08
3.76 3.57 7.34 5.91
3.79 3.14 7.95 6.09
3.79 3.55 7.67 6.22
3.72 3.36 8.26 6.62
3.79 3.33 7.81 6.14
3.82 3.76 7.63 6.39
3.75 3.3 8.2 6.5
3.78 3.68 7.57 6.25
3.72 3.25 8.2 6.45
3.87 3.62 7.2 5.82
3.7 3.43 7.73 6.16
3.74 3.16 8.17 6.33
3.78 3.59 7.47 6.06
3.74 3.53 7.73 6.26
3.76 3.59 8.22 6.81
3.78 3.18 8.49 6.67
3.78 3.56 7.82 6.38
3.74 3.36 7.73 6.09
3.84 3.73 7.66 6.39
3.87 3.6 7.54 6.14
3.77 3.36 7.82 6.18
3.8 3.72 7.71 6.43
3.69 3.48 7.54 6.02
3.67 3.35 8.14 6.49
3.77 3.37 7.91 6.28
3.81 3.74 7.53 6.27
3.73 3.36 7.94 6.3
3.77 3.57 7.62 6.19
3.69 2.89 8.46 6.35
3.77 3.09 7.95 6.04
3.7 3.69 7.64 6.33
3.68 2.88 8.2 6.08
3.85 3.77 7.43 6.2
3.82 3.75 7.75 6.5
3.72 3.53 7.98 6.51
3.75 3.44 7.82 6.26
3.81 3.48 7.92 6.4
3.73 3.55 7.71 6.26
3.77 3.34 7.92 6.26
3.78 3.55 7.73 6.28
3.79 3.77 7.68 6.45
3.73 3.45 7.63 6.08
3.76 3.85 7.4 6.25
3.79 3.3 7.73 6.03
3.82 3.79 7.54 6.33
3.78 3.63 7.51 6.14
3.83 3.47 7.58 6.05
3.75 3.37 8.06 6.43
3.75 3.45 8.04 6.49
3.79 3.3 7.84 6.14
3.72 3.3 8.08 6.38
3.8 3.26 8.14 6.4
3.72 2.83 8.17 6.0
3.76 3.97 6.91 5.88
3.76 3.41 8.09 6.5
3.79 3.11 8.22 6.33
3.73 3.48 7.89 6.37
3.74 3.26 8.03 6.29
3.76 3.78 7.79 6.57
3.69 3.32 7.9 6.22
3.67 3.45 7.89 6.34
3.75 3.84 7.95 6.79
3.78 4.02 7.37 6.39
3.79 3.2 8.04 6.24
3.87 4.05 6.91 5.96
3.76 3.27 8.13 6.4
3.71 3.41 8.12 6.53
3.77 3.33 7.62 5.95
3.79 3.32 8.07 6.39
3.79 3.75 7.45 6.2
3.79 3.39 7.98 6.37
3.7 3.71 7.52 6.23
3.82 3.63 7.49 6.12
3.72 2.92 8.31 6.23
3.74 3.13 8.06 6.19
3.84 3.9 7.3 6.2
3.77 3.74 7.27 6.01
3.7 3.52 8.02 6.54
3.82 3.15 8.0 6.15
3.73 3.67 7.62 6.29
3.77 3.06 8.27 6.33
3.73 3.14 8.08 6.22
3.72 3.17 8.26 6.43
3.73 3.53 7.58 6.11
3.71 3.25 7.74 5.99
3.86 3.83 7.61 6.44
3.81 3.79 7.6 6.39
3.82 3.52 7.81 6.33
3.81 3.43 7.5 5.93
3.74 3.6 7.66 6.26
3.68 3.02 8.42 6.44
3.69 3.43 8.08 6.51
3.74 3.24 8.18 6.42
3.7 3.11 8.0 6.11
3.78 3.28 8.07 6.35
3.68 3.28 7.96 6.24
3.77 3.21 7.8 6.01
3.71 3.53 7.62 6.15
3.8 3.54 7.58 6.12
3.74 3.52 7.97 6.49
3.74 3.72 7.54 6.26
3.78 3.14 8.13 6.27
3.73 3.39 8.07 6.46
3.77 3.63 7.89 6.52
3.75 3.41 7.74 6.15
3.66 3.38 7.75 6.13
3.73 2.84 8.32 6.16
3.74 3.48 8.01 6.49
3.69 3.33 8.07 6.4
3.67 3.41 7.9 6.31
3.71 3.3 7.66 5.96
3.75 3.61 7.81 6.42
3.77 3.58 7.95 6.53
3.75 3.35 7.4 5.75
3.83 3.59 7.59 6.18
3.8 3.76 7.3 6.06
3.77 3.26 8.01 6.27
3.77 3.35 7.64 5.99
3.76 3.49 7.68 6.17
3.85 3.76 7.46 6.22
3.76 3.34 7.67 6.01
3.77 3.3 8.01 6.31
3.71 2.84 8.48 6.32
3.72 3.57 7.71 6.28
3.73 2.85 8.33 6.18
3.68 3.64 7.77 6.41
3.82 3.02 8.27 6.29
3.7 3.25 8.19 6.44
3.64 3.22 7.81 6.03
3.72 3.32 7.98 6.3
3.78 3.22 8.39 6.61
3.71 3.45 7.69 6.14
3.67 3.45 7.83 6.28
3.77 3.64 7.34 5.98
3.68 3.21 8.45 6.66
3.72 3.21 8.3 6.51
3.66 3.07 8.34 6.41
3.86 3.32 7.9 6.22
3.72 3.26 7.95 6.21
3.8 3.39 7.74 6.13
3.73 3.68 7.86 6.54
3.78 2.83 8.6 6.43
3.75 3.21 7.84 6.05
3.8 3.22 8.04 6.26
3.77 3.31 8.21 6.52
3.7 3.5 7.91 6.41
3.73 3.71 7.21 5.92
3.69 3.64 7.81 6.45
3.76 3.37 8.03 6.4
3.75 3.45 8.5 6.95
3.62 3.25 8.3 6.55
3.78 3.53 7.74 6.27
3.73 3.58 7.84 6.42
3.83 3.53 7.62 6.15
3.84 3.94 7.12 6.06
3.82 4.11 7.34 6.45
3.58 3.28 7.97 6.25
3.66 3.22 8.4 6.62
3.77 3.26 7.92 6.18
3.77 3.27 8.43 6.7
3.75 3.7 7.65 6.35
3.76 3.0 8.1 6.1
3.75 3.23 7.78 6.01
3.77 3.77 7.4 6.17
3.74 3.04 8.16 6.2
3.77 3.47 7.72 6.19
3.83 3.33 7.62 5.95
3.75 3.37 7.92 6.29
3.81 3.45 7.72 6.17
3.73 3.34 8.02 6.36
3.79 3.87 7.18 6.05
3.77 3.65 7.82 6.47
3.73 2.96 8.11 6.07
3.64 3.56 7.9 6.46
3.77 3.42 7.77 6.19
3.8 3.37 7.56 5.93
3.78 3.6 7.32 5.92
3.78 3.11 8.06 6.17
3.78 3.39 7.84 6.23
3.76 3.25 8.17 6.42
3.81 3.67 7.71 6.38
3.66 3.53 7.81 6.34
3.84 3.65 7.72 6.37
3.77 3.44 8.31 6.75
3.72 3.27 7.9 6.17
3.74 3.34 7.98 6.32
3.83 3.32 7.67 5.99
3.8 3.64 7.46 6.1
3.71 3.02 8.25 6.27
3.74 3.6 7.39 5.99
3.75 3.27 7.97 6.24
3.68 3.29 7.99 6.28
3.73 3.69 7.77 6.46
3.67 2.99 8.7 6.69
3.74 3.45 7.78 6.23
3.71 3.29 7.99 6.28
3.78 3.41 7.97 6.38
3.79 3.3 8.0 6.3
3.84 3.48 7.4 5.88
3.75 3.5 7.65 6.15
3.77 3.09 8.01 6.1
3.79 3.9 7.39 6.29
3.73 3.13 8.16 6.29
3.73 3.41 7.56 5.97
3.85 3.54 7.48 6.02
3.81 3.41 7.88 6.29
3.76 3.09 8.38 6.47
3.66 3.38 8.13 6.51
3.73 3.42 7.87 6.29
3.77 3.29 8.19 6.48
3.74 3.51 7.67 6.18
3.71 3.25 8.06 6.31
3.67 2.8 8.26 6.06
3.8 3.32 7.61 5.93
3.68 3.28 7.96 6.24
3.54 3.09 8.38 6.47
3.7 3.1 8.37 6.47
3.82 3.22 8.25 6.47
3.84 3.75 7.78 6.53
3.76 3.73 7.95 6.68
3.78 3.41 7.81 6.22
3.72 4.0 7.54 6.54
3.82 3.52 7.52 6.04
3.77 3.33 7.72 6.05
3.71 3.02 8.31 6.33
3.74 3.07 7.81 5.88
3.8 3.39 8.07 6.46
3.74 3.43 7.69 6.12
3.75 3.19 7.85 6.04
3.79 3.63 7.53 6.16
3.68 3.51 7.67 6.18
3.73 3.44 7.99 6.43
3.72 3.5 7.99 6.49
3.73 3.71 7.72 6.43
3.86 3.86 7.29 6.15
3.78 3.21 7.73 5.94
3.73 3.74 7.59 6.33
3.75 3.56 7.83 6.39
3.67 3.43 7.74 6.17
3.76 3.14 7.95 6.09
3.74 3.22 7.85 6.07
3.75 3.84 7.38 6.22
3.85 3.29 7.84 6.13
3.71 3.22 7.88 6.1
3.75 3.42 7.55 5.97
3.72 3.6 7.79 6.39
3.86 3.54 7.91 6.45
3.83 3.6 7.84 6.44
3.8 3.49 7.72 6.21
3.71 2.82 8.73 6.55
3.68 3.27 8.25 6.52
3.83 3.72 7.33 6.05
3.79 3.09 8.2 6.29
3.77 3.55 7.55 6.1
3.82 3.96 7.32 6.28
3.8 3.72 6.99 5.71
3.68 2.9 8.56 6.46
3.72 3.45 7.64 6.09
3.78 3.69 7.48 6.17
3.74 3.56 7.42 5.98
3.64 3.25 8.01 6.26
3.85 3.18 7.66 5.84
3.76 3.52 7.6 6.12
3.77 3.56 7.71 6.27
3.67 3.25 7.99 6.24
3.78 3.76 7.84 6.6
3.76 2.95 7.85 5.8
3.79 3.34 7.55 5.89
3.72 3.66 7.6 6.26
3.76 3.26 7.99 6.25
3.82 3.38 7.63 6.01
3.78 3.26 7.88 6.14
3.68 3.74 7.83 6.57
3.76 3.47 7.31 5.78
3.77 3.25 7.93 6.18
3.8 3.74 7.57 6.31
3.76 3.23 7.66 5.89
3.82 3.38 7.55 5.93
3.71 3.09 8.43 6.52
3.82 3.67 7.82 6.49
3.75 3.58 7.51 6.09
3.68 2.81 8.44 6.25
3.78 3.49 7.41 5.9
3.79 3.84 7.31 6.15
3.7 3.42 7.62 6.04
3.85 3.88 7.24 6.12
3.84 4.04 7.21 6.25
3.84 3.89 7.4 6.29
3.78 3.15 7.88 6.03
3.75 3.55 8.09 6.64
3.81 3.34 7.47 5.81
3.82 3.63 7.35 5.98
3.78 3.58 7.84 6.42
3.7 3.17 7.97 6.14
3.74 3.29 8.27 6.56
3.77 3.45 7.82 6.27
3.69 3.38 7.86 6.24
3.78 3.67 7.76 6.43
3.84 3.11 8.11 6.22
3.66 3.09 8.27 6.36
3.64 3.19 8.3 6.49
3.72 3.38 7.74 6.12
3.7 3.61 8.06 6.67
3.64 2.87 8.83 6.7
3.68 3.29 8.14 6.43
3.81 3.81 7.72 6.53
3.71 3.24 7.96 6.2
3.78 3.41 7.77 6.18
3.76 3.46 8.02 6.48
3.83 3.41 7.81 6.22
3.76 3.56 7.87 6.43
3.82 3.47 7.75 6.22
3.74 3.43 8.1 6.53
3.78 3.58 7.68 6.26
3.78 3.25 8.18 6.43
3.82 3.71 7.5 6.21
3.83 3.94 7.43 6.37
3.86 3.87 7.23 6.1
3.73 3.31 8.05 6.36
3.75 2.71 8.63 6.34
3.65 3.08 8.29 6.37
3.66 3.25 8.31 6.56
3.77 3.3 8.12 6.42
3.71 3.52 7.71 6.23
3.82 3.69 7.22 5.91
3.78 3.15 8.57 6.72
3.72 3.55 7.8 6.35
3.74 3.36 7.82 6.18
3.79 3.75 7.74 6.49
3.8 3.42 7.92 6.34
3.77 3.42 7.79 6.21
3.79 3.49 7.93 6.42
3.76 3.37 7.87 6.24
3.84 3.48 7.78 6.26
3.82 4.02 7.24 6.26
3.8 3.62 7.31 5.93
3.75 3.15 8.03 6.18
3.69 3.07 8.32 6.39
3.82 3.64 7.7 6.34
3.71 2.54 9.08 6.62
3.81 3.71 7.33 6.04
3.73 3.83 7.56 6.39
3.73 3.74 7.69 6.43
3.78 3.6 7.62 6.22
3.77 3.5 7.9 6.4
3.68 2.92 8.16 6.08
3.75 3.22 8.25 6.47
3.79 3.37 7.8 6.17
3.81 3.42 7.82 6.24
3.78 3.4 7.79 6.19
3.71 3.34 8.02 6.36
3.73 3.56 7.64 6.2
3.66 3.11 8.17 6.28
3.85 3.74 7.91 6.65
3.75 3.59 7.62 6.21
3.74 3.26 7.69 5.95
3.82 4.23 7.2 6.43
3.84 3.34 8.12 6.46
3.69 3.56 7.65 6.21
3.76 3.73 7.69 6.42
3.63 2.93 8.19 6.12
3.69 3.21 8.01 6.22
3.67 3.51 8.0 6.51
3.7 3.18 8.09 6.27
3.85 3.75 7.5 6.25
3.82 3.71 7.9 6.61
3.77 3.55 7.65 6.2
3.77 3.76 7.45 6.21
3.73 3.33 8.19 6.52
3.7 3.81 7.8 6.61
3.81 3.22 7.82 6.04
3.75 3.35 7.74 6.09
3.83 3.72 7.69 6.41
3.77 3.6 7.38 5.98
3.77 3.65 8.0 6.65
3.68 3.63 7.65 6.28
3.69 3.49 8.04 6.53
3.78 3.05 7.78 5.83
3.79 3.21 8.1 6.31
3.76 3.52 7.82 6.34
3.64 3.33 7.67 6.0
3.78 3.74 7.23 5.97
3.76 2.99 8.07 6.06
3.78 3.32 7.67 5.99
3.76 3.28 7.56 5.84
3.8 3.46 7.8 6.26
3.74 3.66 8.13 6.79
3.82 3.53 7.82 6.35
3.75 3.29 7.87 6.16
3.72 3.15 7.87 6.02
3.73 3.58 7.88 6.46
3.78 3.51 7.35 5.86
3.81 3.53 7.55 6.08
3.82 3.61 7.31 5.92
3.8 3.75 7.32 6.07
3.75 3.17 8.31 6.48
3.77 3.69 7.54 6.23
3.79 3.59 7.42 6.01
3.75 3.53 7.9 6.43
3.79 3.57 7.92 6.49
3.68 3.4 8.1 6.5
3.71 3.47 7.4 5.87
3.78 3.58 7.46 6.04
3.83 3.42 7.81 6.23
3.72 3.39 7.66 6.05
3.82 3.43 7.97 6.4
3.76 3.56 7.97 6.53
3.7 3.16 7.89 6.05
3.7 3.41 7.64 6.05
3.84 3.76 7.49 6.25
3.76 3.41 7.53 5.94
3.77 3.28 7.83 6.11
3.76 3.12 8.18 6.3
3.81 3.74 7.31 6.05
3.69 3.7 7.91 6.61
3.81 3.28 7.9 6.18
3.79 3.58 7.9 6.48
3.77 3.46 8.17 6.63
3.8 3.6 7.57 6.17
3.68 3.68 7.76 6.44
3.75 3.84 7.63 6.47
3.66 3.15 8.29 6.44
3.7 3.59 7.41 6.0
3.84 3.56 7.67 6.23
3.87 3.76 7.4 6.16
3.72 3.35 8.17 6.52
3.83 3.63 7.5 6.13
3.79 3.56 7.78 6.34
3.72 3.42 8.0 6.42
3.71 3.08 8.16 6.24
3.76 3.56 7.93 6.49
3.76 3.65 7.56 6.21
3.74 3.61 7.74 6.35
3.77 3.47 7.89 6.36
3.82 3.98 7.3 6.28
3.72 3.24 8.19 6.43
3.82 3.22 8.09 6.31
3.71 3.43 7.86 6.29
3.75 3.44 8.22 6.66
3.75 3.73 7.8 6.53
3.79 4.06 7.36 6.42
3.72 3.12 8.29 6.41
3.82 3.42 7.46 5.88
3.85 3.68 7.69 6.37
3.8 3.47 8.02 6.49
3.69 3.39 7.62 6.01
3.69 3.26 8.23 6.49
3.69 3.41 8.06 6.47
3.76 3.04 8.31 6.35
3.78 3.36 7.75 6.11
3.74 3.44 7.89 6.33
3.62 3.31 7.9 6.21
3.71 3.4 7.79 6.19
3.71 3.36 7.97 6.33
3.75 3.2 8.06 6.26
3.8 3.82 7.7 6.52
3.67 3.34 8.18 6.52
3.71 3.18 8.18 6.36
3.71 3.21 8.08 6.29
3.84 3.76 7.39 6.15
3.68 3.34 8.14 6.48
3.8 3.49 7.8 6.29
3.82 3.44 8.01 6.45
3.83 3.84 7.36 6.2
3.79 3.36 8.13 6.49
3.76 3.35 8.07 6.42
3.72 3.31 8.46 6.77
3.83 3.45 7.44 5.89
3.74 3.38 8.07 6.45
3.78 3.7 7.17 5.87
3.82 3.0 8.05 6.05
3.7 3.4 7.69 6.09
3.81 3.43 7.82 6.25
3.81 3.2 7.87 6.07
3.79 3.17 7.96 6.13
3.77 3.69 7.58 6.27
3.74 3.28 8.23 6.51
3.74 3.44 7.92 6.36
3.61 3.36 7.85 6.21
3.8 3.37 7.84 6.21
3.76 3.37 7.66 6.03
3.77 3.38 8.01 6.39
3.73 3.23 8.2 6.43
3.76 3.22 8.02 6.24
3.72 3.34 8.1 6.44
3.76 3.36 7.77 6.13
3.65 3.1 8.38 6.48
3.77 3.42 7.83 6.25
3.71 3.35 8.01 6.36
3.71 3.48 7.8 6.28
3.78 3.51 7.66 6.17
3.75 3.39 7.88 6.27
3.68 3.27 8.23 6.5
3.73 3.64 7.79 6.43
3.81 3.68 7.44 6.12
3.72 3.16 8.13 6.29
3.76 3.79 7.28 6.07
3.88 3.74 7.59 6.33
3.78 3.81 7.77 6.58
3.79 3.81 7.4 6.21
3.76 3.56 7.38 5.94
3.74 2.77 8.62 6.39
3.85 3.69 7.86 6.55
3.87 3.22 7.71 5.93
3.75 3.42 7.54 5.96
3.71 3.15 8.39 6.54
3.78 3.47 8.55 7.02
3.76 3.06 8.33 6.39
3.75 3.32 7.97 6.29
3.8 3.45 7.79 6.24
3.71 2.97 8.63 6.6
3.8 3.17 8.29 6.46
3.72 3.15 8.26 6.41
3.7 3.15 8.41 6.56
3.74 3.67 7.86 6.53
3.71 3.75 7.39 6.14
3.78 3.47 8.01 6.48
3.75 3.32 7.84 6.16
3.75 2.93 8.25 6.18
3.71 3.51 7.85 6.36
3.74 3.95 7.24 6.19
3.67 3.48 7.59 6.07
3.7 3.48 7.77 6.25
3.86 3.66 7.64 6.3
3.8 3.56 7.64 6.2
3.7 3.14 8.08 6.22
3.82 3.83 7.51 6.34
3.69 3.16 8.08 6.24
3.69 3.53 7.65 6.18
3.79 3.12 8.14 6.26
3.7 3.02 8.1 6.12
3.75 3.44 7.54 5.98
3.74 3.7 7.72 6.42
3.81 3.36 8.06 6.42
3.78 3.52 7.92 6.44
3.74 3.21 8.41 6.62
3.82 3.32 8.01 6.33
3.77 3.57 7.6 6.17
3.79 3.51 7.94 6.45
3.79 3.98 7.41 6.39
3.75 3.42 7.81 6.23
3.81 3.69 7.26 5.95
3.72 3.39 8.22 6.61
3.65 3.39 7.63 6.02
3.78 3.58 7.8 6.38
3.8 3.45 7.57 6.02
3.85 3.06 8.14 6.2
3.73 3.63 7.84 6.47
3.67 3.24 8.03 6.27
3.77 3.53 7.89 6.42
3.74 3.1 8.3 6.4
3.82 3.43 7.65 6.08
3.82 3.5 7.87 6.37
3.77 3.41 7.92 6.33
3.69 3.53 7.57 6.1
3.66 3.34 8.11 6.45
3.68 3.08 8.04 6.12
3.65 3.23 8.13 6.36
3.72 3.29 8.35 6.64
3.79 3.43 7.62 6.05
3.79 3.64 7.73 6.37
3.75 3.33 8.07 6.4
3.73 3.77 7.72 6.49
3.77 3.47 7.6 6.07
3.75 3.44 8.19 6.63
3.68 2.99 8.38 6.37
3.72 3.38 7.72 6.1
3.78 3.67 7.48 6.15
3.76 3.24 7.78 6.02
3.73 3.17 7.91 6.08
3.81 3.52 7.77 6.29
3.69 3.13 8.49 6.62
3.67 3.02 8.19 6.21
3.73 3.75 7.41 6.16
3.79 3.53 7.11 5.64
3.78 3.56 7.33 5.89
3.77 3.3 7.88 6.18
3.75 3.38 7.95 6.33
3.74 3.52 7.57 6.09
3.73 3.52 7.48 6.0
3.72 4.17 7.4 6.57
3.77 3.21 8.29 6.5
3.67 2.89 8.25 6.14
3.79 3.64 7.38 6.02
3.77 3.96 7.53 6.49
3.78 3.57 7.68 6.25
3.83 3.52 8.07 6.59
3.72 3.27 8.03 6.3
3.8 3.31 7.91 6.22
3.73 3.48 7.82 6.3
3.77 3.56 7.57 6.13
3.73 3.37 8.01 6.38
3.68 3.16 8.01 6.17
3.72 3.17 8.3 6.47
3.89 3.6 7.26 5.86
3.78 3.74 7.27 6.01
3.79 3.9 7.61 6.51
3.77 4.17 7.14 6.31
3.76 3.6 7.48 6.08
3.75 3.57 7.45 6.02
3.81 3.19 8.21 6.4
3.78 4.1 7.33 6.43
3.73 3.46 7.85 6.31
3.77 3.63 7.41 6.04
3.81 3.33 8.02 6.35
3.87 3.85 7.5 6.35
3.82 3.55 7.84 6.39
3.65 3.06 8.42 6.48
3.74 3.07 8.16 6.23
3.76 3.38 7.14 5.52
3.63 3.5 7.53 6.03
3.84 3.1 7.9 6.0
3.73 3.46 7.82 6.28
3.76 3.71 7.77 6.48
3.69 2.78 8.51 6.29
3.73 3.95 7.45 6.4
3.73 3.2 7.93 6.13
3.87 3.56 7.7 6.26
3.8 3.44 7.61 6.05
3.82 3.33 7.85 6.18
3.85 3.51 7.72 6.23
3.75 3.38 7.52 5.9
3.72 3.44 7.94 6.38
3.83 3.79 7.39 6.18
3.8 2.81 8.54 6.35
3.69 3.15 8.74 6.89
3.78 4.03 7.19 6.22
3.82 3.54 7.49 6.03
3.83 3.66 7.08 5.74
3.71 3.56 7.78 6.34
3.76 3.37 8.07 6.44
3.79 3.78 7.74 6.52
3.74 3.44 7.87 6.31
3.64 3.19 8.2 6.39
3.73 3.12 7.88 6.0
3.8 3.69 7.59 6.28
3.72 3.41 8.43 6.84
3.79 3.23 8.12 6.35
3.65 3.41 8.31 6.72
3.76 3.22 8.15 6.37
3.7 3.17 8.46 6.63
3.77 3.69 8.03 6.72
3.72 2.9 8.26 6.16
3.62 2.68 8.65 6.33
3.65 3.11 8.5 6.61
3.79 3.4 7.42 5.82
3.75 3.59 7.73 6.32
3.67 3.39 8.15 6.54
3.72 3.78 7.53 6.31
3.7 3.26 8.03 6.29
3.83 3.45 7.81 6.26
3.78 3.58 7.61 6.19
3.81 3.28 8.31 6.59
3.8 3.48 7.92 6.4
3.65 3.46 8.08 6.54
3.76 3.57 7.5 6.07
3.71 3.61 7.45 6.06
3.68 3.56 7.78 6.34
3.76 3.76 7.45 6.21
3.78 3.78 7.59 6.37
3.79 3.58 7.52 6.1
3.65 3.1 8.5 6.6
3.81 3.5 7.82 6.32
3.78 3.54 7.68 6.22
3.79 3.68 7.29 5.97
3.74 3.31 7.68 5.99
3.73 3.45 7.84 6.29
3.73 3.78 7.61 6.39
3.74 3.54 7.75 6.29
3.84 3.54 7.55 6.09
3.8 3.4 7.58 5.98
3.76 3.19 8.11 6.3
3.72 3.27 7.89 6.16
3.72 3.02 8.15 6.17
3.75 3.23 8.56 6.79
3.73 3.38 7.88 6.26
3.85 3.79 7.64 6.43
3.83 3.57 7.37 5.94
3.67 3.58 7.59 6.17
3.74 3.69 7.78 6.47
3.79 3.55 7.63 6.18
3.71 3.45 7.86 6.31
3.72 3.77 7.59 6.36
3.79 3.48 7.93 6.41
3.82 3.88 7.44 6.32
3.67 3.48 7.83 6.31
3.77 3.18 7.65 5.83
3.87 3.5 7.55 6.05
3.75 3.68 7.47 6.15
3.68 3.51 7.96 6.47
3.75 3.48 7.7 6.18
3.74 3.55 7.45 6.0
3.78 3.28 7.9 6.18
3.7 3.33 8.12 6.45
3.69 2.82 8.41 6.23
3.83 4.0 7.34 6.34
3.78 3.39 7.86 6.25
3.76 3.65 7.31 5.96
3.76 3.71 7.68 6.39
3.55 3.23 8.37 6.6
3.7 3.11 8.1 6.21
3.75 3.43 7.73 6.16
3.78 3.29 7.6 5.89
3.75 3.19 8.0 6.19
3.63 3.08 7.96 6.04
3.76 3.78 7.55 6.33
3.75 3.1 8.02 6.12
3.78 3.98 7.36 6.34
3.85 3.65 6.99 5.64
3.69 3.29 7.96 6.25
3.7 3.19 8.0 6.19
3.77 2.91 8.41 6.32
3.77 3.45 7.9 6.35
3.74 3.98 7.27 6.25
3.75 3.45 7.98 6.43
3.7 3.27 7.95 6.22
3.78 3.17 8.09 6.26
3.8 3.22 8.09 6.31
3.62 3.39 8.31 6.7
3.76 3.09 8.14 6.23
3.72 3.3 7.83 6.13
3.79 3.6 7.89 6.49
3.74 3.14 8.71 6.85
3.7 3.53 8.07 6.6
3.83 3.76 7.53 6.29
3.8 3.26 7.55 5.81
3.82 3.44 8.16 6.6
3.68 2.81 8.85 6.66
3.83 3.69 7.55 6.24
3.78 3.67 7.22 5.89
3.72 3.53 7.9 6.43
3.75 3.27 7.77 6.04
3.69 3.3 8.15 6.45
3.71 3.29 8.14 6.43
3.76 3.13 8.23 6.36
3.8 3.81 7.44 6.25
3.77 3.98 7.4 6.38
3.71 3.28 8.0 6.28
3.72 3.22 8.12 6.34
3.76 3.28 7.69 5.97
3.73 3.57 7.14 5.71
3.75 3.36 7.87 6.23
3.69 3.34 8.25 6.59
3.76 3.78 7.5 6.28
3.83 3.92 7.21 6.13
3.79 3.71 7.38 6.09
3.71 3.07 8.38 6.45
3.74 3.58 7.85 6.43
3.79 3.43 7.64 6.07
3.74 3.19 7.87 6.06
3.73 3.28 7.91 6.19
3.71 3.24 7.95 6.19
3.81 3.35 7.88 6.23
3.8 3.92 7.4 6.32
3.78 3.52 7.88 6.4
3.77 3.25 8.02 6.27
3.71 3.21 8.27 6.48
3.7 2.93 8.22 6.15
3.79 3.6 8.18 6.78
3.85 3.8 7.4 6.2
3.78 3.67 7.39 6.06
3.81 3.33 8.0 6.33
3.7 3.0 8.55 6.55
3.72 3.2 8.1 6.3
3.76 3.04 7.95 5.99
3.68 3.17 7.99 6.16
3.83 3.51 7.85 6.36
3.75 2.85 8.6 6.45
3.78 3.74 7.22 5.96
3.7 3.46 7.4 5.86
3.68 3.81 7.37 6.18
3.7 3.63 8.11 6.74
3.7 3.35 7.88 6.23
3.82 3.59 7.44 6.03
3.76 3.41 8.02 6.43
3.73 3.52 7.95 6.47
3.76 3.1 8.1 6.2
3.79 4.13 7.23 6.36
3.83 3.94 7.26 6.2
3.76 3.53 7.78 6.31
3.64 3.34 8.24 6.58
3.8 3.63 7.66 6.29
3.72 3.33 8.04 6.37
3.77 3.51 7.46 5.97
3.74 3.42 8.24 6.66
3.78 3.33 7.62 5.95
3.81 3.74 7.51 6.25
3.75 3.58 7.73 6.31
3.8 3.33 7.74 6.07
3.78 3.4 7.74 6.14
3.74 2.69 8.63 6.32
3.72 3.73 7.69 6.42
3.68 3.25 8.06 6.31
3.71 3.21 8.05 6.26
3.78 3.53 7.82 6.35
3.79 3.67 7.84 6.51
3.85 3.18 7.93 6.11
3.75 3.33 7.88 6.21
3.79 3.65 7.56 6.21
3.8 4.13 6.94 6.07
3.8 3.94 7.28 6.22
3.76 3.38 8.17 6.55
3.75 3.17 7.94 6.11
3.74 3.14 8.34 6.48
3.77 3.7 7.36 6.06
3.8 3.77 7.17 5.94
3.71 3.33 7.96 6.29
3.72 3.61 7.83 6.44
3.83 3.87 7.76 6.63
3.76 3.31 7.71 6.02
3.68 3.13 8.17 6.3
3.74 3.19 8.09 6.28
3.8 3.49 7.67 6.16
3.74 3.73 7.54 6.27
3.85 3.77 7.39 6.16
3.72 3.73 7.91 6.64
3.76 3.76 7.49 6.25
3.79 3.25 7.96 6.21
3.77 3.16 7.94 6.1
3.81 3.29 7.8 6.09
3.81 3.55 7.46 6.01
3.81 3.92 7.16 6.08
3.74 3.39 7.85 6.24
3.75 3.56 7.5 6.06
3.75612 3.42819 7.838314 6.266504
