4.72 3.27 6.71 5.98
4.56 3.29 6.18 5.47
4.68 3.52 6.44 5.96
4.71 3.52 6.81 6.33
4.69 3.35 6.71 6.06
4.69 3.25 6.65 5.9
4.75 3.31 6.67 5.98
4.62 3.32 6.27 5.59
4.67 3.69 6.35 6.04
4.66 3.62 6.4 6.02
4.58 3.56 6.74 6.3
4.66 3.64 6.54 6.18
4.72 3.6 6.6 6.2
4.73 3.63 6.34 5.97
4.71 3.71 6.52 6.23
4.75 3.51 6.57 6.08
4.57 3.06 6.74 5.8
4.66 3.5 6.32 5.82
4.74 3.04 6.85 5.89
4.59 3.52 6.51 6.03
4.64 3.59 6.2 5.79
4.76 3.44 6.73 6.17
4.63 3.31 6.81 6.12
4.71 3.47 6.57 6.04
4.65 3.24 6.51 5.75
4.68 3.67 6.15 5.82
4.74 3.66 6.32 5.98
4.65 3.2 6.97 6.17
4.73 3.68 6.6 6.28
4.76 3.9 6.14 6.04
4.7 3.43 6.74 6.17
4.75 3.18 6.92 6.1
4.68 3.33 6.65 5.98
4.82 3.51 6.71 6.22
4.73 3.55 6.37 5.92
4.62 3.28 6.98 6.26
4.79 3.61 6.48 6.09
4.65 3.33 6.5 5.83
4.7 3.7 6.14 5.84
4.71 3.66 6.39 6.05
4.7 3.65 6.31 5.96
4.61 3.41 5.94 5.35
4.69 3.79 6.2 5.99
4.65 3.51 6.48 5.99
4.71 3.4 6.8 6.2
4.69 3.3 6.64 5.94
4.57 3.21 6.4 5.61
4.73 3.17 7.07 6.24
4.71 3.41 6.63 6.04
4.57 3.42 6.45 5.87
4.76 3.84 6.23 6.07
4.52 3.22 6.27 5.49
4.64 4.01 5.83 5.84
4.79 3.61 6.54 6.15
4.67 3.57 6.28 5.85
4.65 3.46 6.37 5.83
4.79 3.36 6.66 6.02
4.61 3.18 6.84 6.02
4.74 3.3 6.82 6.12
4.74 3.36 6.97 6.33
4.58 3.45 6.37 5.82
4.69 3.79 6.03 5.82
4.52 3.34 6.72 6.06
4.67 3.19 6.91 6.1
4.65 3.03 7.0 6.03
4.68 3.5 6.29 5.79
4.61 3.19 6.77 5.96
4.73 3.09 6.84 5.93
4.73 3.77 6.14 5.91
4.64 3.62 6.63 6.25
4.57 3.5 6.49 5.99
4.64 3.29 6.65 5.94
4.8 3.42 7.0 6.42
4.75 3.04 6.84 5.88
4.68 3.46 6.55 6.01
4.74 3.29 6.71 6.0
4.67 3.58 6.44 6.02
4.65 3.61 6.38 5.99
4.72 3.14 7.01 6.15
4.75 3.95 6.36 6.31
4.72 3.46 6.41 5.87
4.68 3.44 6.53 5.97
4.72 3.09 6.85 5.94
4.74 3.59 6.44 6.03
4.71 3.35 6.59 5.94
4.6 3.42 6.48 5.9
4.59 3.76 6.37 6.13
4.77 3.21 6.45 5.66
4.67 3.62 6.24 5.86
4.74 3.49 6.35 5.84
4.62 3.5 6.58 6.08
4.65 3.24 6.76 6.0
4.65 3.51 6.22 5.73
4.62 3.43 6.52 5.95
4.7 3.4 6.14 5.54
4.68 3.41 6.69 6.1
4.75 3.41 6.72 6.13
4.65 3.46 6.51 5.97
4.74 3.55 6.59 6.14
4.7 3.44 6.53 5.97
4.67 3.2 7.03 6.23
4.7 3.75 6.45 6.2
4.59 3.47 6.45 5.92
4.57 3.29 6.53 5.82
4.76 3.57 6.92 6.49
4.7 3.54 6.55 6.09
4.7 3.33 6.7 6.03
4.64 3.37 6.52 5.89
4.58 3.28 6.59 5.87
4.68 3.8 6.22 6.02
4.73 3.69 6.6 6.29
4.75 3.33 6.68 6.01
4.67 3.66 6.32 5.98
4.68 3.6 6.6 6.2
4.61 3.44 6.71 6.15
4.73 3.54 6.61 6.15
4.58 3.75 6.39 6.14
4.63 2.87 7.05 5.92
4.64 3.3 6.51 5.81
4.66 3.24 6.65 5.89
4.65 3.99 5.97 5.96
4.62 3.35 6.47 5.82
4.57 3.65 5.82 5.47
4.61 2.92 6.68 5.6
4.74 3.4 6.66 6.06
4.74 3.37 6.25 5.62
4.71 3.51 6.56 6.07
4.71 3.41 6.22 5.63
4.6 3.55 6.49 6.04
4.77 3.43 6.67 6.1
4.65 3.95 5.76 5.71
4.61 3.1 7.08 6.18
4.73 3.29 7.07 6.36
4.66 3.24 6.85 6.09
4.39 3.1 6.62 5.72
4.66 3.53 6.65 6.18
4.71 3.53 6.8 6.33
4.79 3.43 7.26 6.69
4.68 3.27 6.46 5.73
4.69 4.11 6.06 6.17
4.56 3.77 6.13 5.9
4.66 3.2 6.68 5.88
4.69 3.43 6.69 6.12
4.84 3.49 6.39 5.88
4.69 3.47 6.73 6.2
4.61 2.98 6.97 5.95
4.66 3.43 6.37 5.8
4.61 3.42 6.52 5.94
4.63 3.52 6.87 6.39
4.76 3.38 6.78 6.16
4.72 3.42 6.84 6.26
4.72 2.7 7.47 6.17
4.6 3.04 7.05 6.09
4.71 3.85 6.34 6.19
4.69 3.39 6.54 5.93
4.69 3.4 6.83 6.23
4.73 3.37 6.91 6.28
4.59 3.5 6.31 5.81
4.7 3.48 6.38 5.86
4.71 3.4 6.5 5.9
4.73 3.48 6.43 5.91
4.65 3.68 6.32 6.0
4.62 3.3 6.94 6.24
4.72 3.37 6.57 5.94
4.66 3.27 6.73 6.0
4.67 3.5 6.48 5.98
4.63 3.48 6.41 5.89
4.65 3.24 6.57 5.81
4.71 3.45 6.52 5.97
4.55 3.29 6.38 5.67
4.75 3.49 6.48 5.97
4.61 3.96 6.22 6.18
4.68 3.48 6.35 5.83
4.72 3.34 7.01 6.35
4.65 3.42 6.93 6.35
4.76 3.18 6.63 5.81
4.69 3.48 6.68 6.16
4.76 3.25 6.79 6.04
4.64 3.47 6.56 6.03
4.65 3.24 6.8 6.04
4.63 3.37 6.29 5.66
4.69 3.55 6.31 5.86
4.74 3.34 6.47 5.81
4.61 3.21 6.53 5.74
4.69 3.36 6.67 6.03
4.76 3.72 6.19 5.91
4.69 3.56 6.22 5.78
4.68 3.66 6.58 6.24
4.65 3.39 6.35 5.74
4.67 3.46 7.07 6.53
4.8 3.47 7.01 6.48
4.67 3.31 6.5 5.81
4.51 3.29 6.42 5.71
4.69 3.46 6.12 5.58
4.7 4.05 5.78 5.83
4.61 3.71 6.52 6.23
4.57 3.7 6.37 6.07
4.58 3.71 6.27 5.98
4.66 3.13 7.17 6.3
4.63 3.47 6.51 5.98
4.71 3.31 6.72 6.03
4.82 3.56 6.56 6.12
4.69 3.49 6.57 6.06
4.67 3.18 6.74 5.92
4.67 3.2 6.39 5.59
4.7 3.36 6.33 5.69
4.5 3.38 6.28 5.66
4.76 3.64 6.23 5.87
4.6 3.36 6.6 5.96
4.65 3.33 7.16 6.49
4.63 2.92 6.93 5.85
4.69 3.37 6.8 6.17
4.66 3.36 6.65 6.01
4.62 3.2 6.74 5.94
4.58 3.23 6.59 5.82
4.78 3.24 6.73 5.97
4.76 3.45 6.39 5.84
4.54 4.13 6.04 6.17
4.8 3.44 6.41 5.85
4.6 3.53 6.61 6.14
4.58 3.32 6.72 6.04
4.75 3.34 6.82 6.16
4.65 3.34 6.63 5.97
4.64 3.47 6.66 6.13
4.76 3.82 6.02 5.84
4.69 3.79 6.41 6.2
4.7 3.28 6.68 5.96
4.6 3.9 6.14 6.04
4.68 3.39 6.52 5.91
4.59 3.37 6.75 6.12
4.78 3.87 6.05 5.92
4.75 3.05 6.72 5.77
4.68 3.65 6.11 5.76
4.67 3.34 6.4 5.74
4.69 3.44 6.36 5.8
4.58 3.13 6.49 5.62
4.69 3.39 6.82 6.21
4.66 3.11 6.8 5.91
4.75 3.06 7.03 6.09
4.63 3.72 6.17 5.89
4.67 3.13 7.08 6.21
4.83 3.09 7.34 6.43
4.72 3.27 6.54 5.81
4.73 3.58 6.49 6.07
4.77 3.65 6.49 6.14
4.57 3.55 6.09 5.64
4.74 3.54 6.16 5.7
4.56 3.82 6.03 5.85
4.69 3.68 6.43 6.11
4.63 3.48 6.43 5.91
4.69 2.96 7.52 6.48
4.7 3.14 6.9 6.04
4.76 3.78 6.35 6.13
4.78 3.35 6.81 6.16
4.66 3.53 6.4 5.93
4.58 3.26 6.41 5.67
4.53 3.23 6.68 5.91
4.63 3.66 6.55 6.21
4.57 3.26 6.49 5.75
4.74 3.89 6.27 6.16
4.73 3.41 7.03 6.44
4.64 3.53 6.18 5.71
4.68 3.43 6.62 6.05
4.49 3.53 6.31 5.84
4.72 3.19 6.89 6.08
4.7 3.24 6.59 5.83
4.68 3.57 6.82 6.39
4.64 3.07 6.83 5.9
4.67 3.32 6.67 5.99
4.73 3.6 6.94 6.54
4.64 3.47 6.32 5.79
4.69 3.11 6.73 5.84
4.67 3.11 6.58 5.69
4.74 3.43 6.76 6.19
4.73 3.87 6.56 6.43
4.77 3.62 6.43 6.05
4.61 3.67 6.52 6.19
4.76 3.58 6.59 6.17
4.67 3.41 6.3 5.71
4.58 3.48 6.22 5.7
4.6 3.29 6.55 5.84
4.61 3.34 6.5 5.84
4.64 3.18 7.09 6.27
4.52 3.72 6.28 6.0
4.7 3.28 6.8 6.08
4.69 3.42 6.78 6.2
4.61 3.9 6.2 6.1
4.66 3.46 6.51 5.97
4.71 3.62 6.95 6.57
4.62 3.68 6.13 5.81
4.4 3.78 6.16 5.94
4.67 3.18 6.92 6.1
4.64 3.63 5.98 5.61
4.66 3.25 6.27 5.52
4.7 3.35 6.58 5.93
4.61 3.56 6.15 5.71
4.62 3.31 6.77 6.08
4.78 3.26 7.01 6.27
4.65 3.4 6.61 6.01
4.73 3.73 6.23 5.96
4.65 3.36 6.64 6.0
4.65 3.13 6.78 5.91
4.68 3.51 6.34 5.85
4.53 3.49 6.38 5.87
4.63 3.12 6.48 5.6
4.61 3.56 6.28 5.84
4.74 3.57 6.74 6.31
4.59 3.58 5.94 5.52
4.68 3.44 6.57 6.01
4.61 3.92 5.97 5.89
4.6 3.77 6.21 5.98
4.75 3.61 6.42 6.03
4.63 3.49 6.7 6.19
4.68 3.46 6.43 5.89
4.72 3.62 6.6 6.22
4.62 2.71 7.07 5.78
4.67 3.57 6.57 6.14
4.62 3.52 6.33 5.85
4.55 3.25 6.41 5.66
4.7 3.13 6.8 5.93
4.66 3.32 6.7 6.02
4.6 3.08 6.95 6.03
4.68 3.27 6.88 6.15
4.69 4.0 6.01 6.01
4.68 3.3 6.93 6.23
4.68 3.44 6.69 6.13
4.59 3.8 6.19 5.99
4.67 3.2 6.91 6.11
4.66 3.76 6.52 6.28
4.67 3.1 6.71 5.81
4.79 3.75 6.74 6.49
4.68 3.1 6.77 5.87
4.64 3.77 6.44 6.21
4.81 3.1 7.05 6.15
4.65 3.31 6.78 6.09
4.7 3.51 6.75 6.26
4.7 3.45 6.44 5.89
4.7 3.29 7.06 6.35
4.65 3.69 6.14 5.83
4.69 3.32 6.88 6.2
4.68 3.37 6.74 6.11
4.71 3.74 6.65 6.39
4.68 3.44 6.59 6.03
4.7 3.28 6.85 6.13
4.59 3.53 6.37 5.9
4.59 3.35 6.59 5.94
4.7 3.32 6.86 6.18
4.63 3.94 6.19 6.13
4.73 3.64 6.18 5.82
4.69 3.38 6.81 6.19
4.64 3.52 6.54 6.06
4.73 3.85 6.15 6.0
4.76 3.55 6.51 6.06
4.69 3.44 6.53 5.97
4.6 3.37 6.67 6.04
4.7 3.23 6.77 6.0
4.67 4.03 5.81 5.84
4.71 3.59 6.47 6.06
4.53 3.36 6.53 5.89
4.68 3.0 6.88 5.88
4.68 3.24 6.73 5.97
4.58 3.6 6.35 5.95
4.63 3.28 6.67 5.95
4.71 3.38 6.86 6.24
4.58 3.43 6.46 5.89
4.62 3.35 6.27 5.62
4.67 3.42 6.76 6.18
4.69 3.29 6.83 6.12
4.8 3.7 6.51 6.21
4.76 3.55 6.45 6.0
4.58 3.55 5.92 5.47
4.62 3.43 6.43 5.86
4.68 3.24 6.79 6.03
4.7 3.76 6.19 5.95
4.58 3.5 6.5 6.0
4.74 3.53 6.53 6.06
4.57 3.33 6.66 5.99
4.72 3.88 6.34 6.22
4.77 3.55 6.61 6.16
4.64 3.4 6.31 5.71
4.79 3.3 6.48 5.78
4.65 3.29 6.79 6.08
4.66 3.59 6.64 6.23
4.72 3.2 6.83 6.03
4.75 3.39 6.7 6.09
4.61 3.6 6.11 5.71
4.62 3.63 6.43 6.06
4.72 3.27 6.6 5.87
4.66 3.21 6.79 6.0
4.61 3.17 6.9 6.07
4.64 3.23 6.56 5.79
4.62 3.45 6.51 5.96
4.62 3.2 6.92 6.12
4.7 3.33 6.66 5.99
4.77 3.34 6.6 5.94
4.62 3.49 6.73 6.22
4.67 3.05 6.78 5.83
4.76 3.44 6.67 6.11
4.64 3.48 6.4 5.88
4.71 3.36 6.75 6.11
4.65 3.73 6.48 6.21
4.65 3.31 6.72 6.03
4.78 3.15 6.77 5.92
4.73 3.41 6.72 6.13
4.71 3.38 6.5 5.88
4.75 3.28 6.69 5.97
4.63 3.25 6.62 5.87
4.7 2.87 7.02 5.89
4.7 3.49 6.3 5.79
4.63 3.38 6.43 5.81
4.7 3.56 7.05 6.61
4.74 3.41 6.72 6.13
4.65 3.53 6.16 5.69
4.8 3.25 7.13 6.38
4.52 3.53 6.18 5.71
4.68 3.45 6.63 6.08
4.57 3.37 6.58 5.95
4.64 3.49 6.66 6.15
4.7 3.96 6.1 6.06
4.65 3.41 6.55 5.96
4.77 3.75 6.51 6.26
4.77 3.17 6.74 5.91
4.77 3.71 6.65 6.36
4.61 3.25 6.56 5.81
4.66 3.4 6.81 6.21
4.7 3.47 6.61 6.08
4.59 3.47 6.47 5.94
4.55 3.07 6.87 5.94
4.58 2.92 7.52 6.44
4.71 3.55 6.47 6.02
4.68 3.8 6.49 6.29
4.67 3.58 6.45 6.03
4.69 3.66 6.53 6.19
4.7 3.38 6.81 6.19
4.63 3.67 6.44 6.11
4.63 3.58 6.57 6.15
4.75 3.64 6.54 6.18
4.62 3.35 6.6 5.95
4.69 3.27 6.42 5.69
4.64 3.08 6.43 5.51
4.53 3.63 6.43 6.06
4.72 3.08 7.06 6.14
4.7 3.43 6.52 5.95
4.64 3.44 6.63 6.07
4.7 3.36 6.45 5.81
4.61 3.4 6.73 6.13
4.69 3.44 6.65 6.09
4.66 3.36 6.57 5.93
4.67 3.23 6.72 5.95
4.64 3.69 6.53 6.22
4.6 3.54 6.35 5.89
4.65 3.57 6.52 6.09
4.67 2.88 7.11 5.99
4.76 3.53 6.42 5.95
4.76 3.67 6.16 5.83
4.69 3.35 6.35 5.7
4.77 3.35 6.82 6.17
4.71 3.35 6.9 6.25
4.7 3.54 6.69 6.23
4.73 3.15 7.13 6.28
4.66 3.41 6.84 6.25
4.55 3.25 6.15 5.4
4.62 3.76 6.28 6.04
4.74 3.59 6.56 6.15
4.61 3.27 6.65 5.92
4.62 3.51 6.17 5.68
4.66 3.22 6.78 6.0
4.72 3.63 6.69 6.32
4.74 3.35 6.87 6.22
4.7 3.5 6.96 6.46
4.7 3.37 6.44 5.81
4.66 3.52 6.34 5.86
4.69 3.52 6.67 6.19
4.53 3.15 6.43 5.58
4.61 3.6 6.14 5.74
4.66 3.75 6.1 5.85
4.62 3.33 6.58 5.91
4.69 3.57 6.42 5.99
4.54 3.85 6.29 6.14
4.58 3.47 6.26 5.73
4.68 3.41 6.54 5.95
4.65 3.08 6.91 5.99
4.72 3.51 6.79 6.3
4.72 3.16 6.87 6.03
4.62 3.66 6.46 6.12
4.65 3.92 6.0 5.92
4.75 3.52 6.69 6.21
4.6 3.69 6.3 5.99
4.68 3.95 5.94 5.89
4.69 3.2 6.43 5.63
4.68 3.43 7.08 6.51
4.65 3.74 6.52 6.26
4.6 3.53 6.38 5.91
4.68 3.43 6.61 6.04
4.7 3.42 6.22 5.64
4.57 3.57 6.57 6.14
4.63 3.19 6.85 6.04
4.72 3.56 6.48 6.04
4.67 3.39 6.56 5.95
4.69 3.5 6.35 5.85
4.69 3.28 6.68 5.96
4.74 3.15 7.21 6.36
4.74 3.35 6.87 6.22
4.71 3.6 6.5 6.1
4.65 3.22 6.66 5.88
4.63 3.61 6.5 6.11
4.71 3.29 6.8 6.09
4.69 3.2 6.77 5.97
4.67 3.56 6.51 6.07
4.63 3.72 6.28 6.0
4.67 3.43 6.32 5.75
4.75 3.12 7.19 6.31
4.79 3.66 6.58 6.24
4.72 3.41 6.69 6.1
4.66 3.66 6.1 5.76
4.66 3.34 6.84 6.18
4.57 2.99 6.59 5.58
4.75 3.3 6.99 6.29
4.73 3.35 6.82 6.17
4.54 3.46 6.31 5.77
4.72 3.75 6.53 6.28
4.65 3.73 5.93 5.66
4.65 3.43 6.38 5.81
4.68 3.33 6.86 6.19
4.75 3.25 7.07 6.32
4.66 3.38 6.63 6.01
4.7 3.49 6.42 5.91
4.73 3.46 6.87 6.33
4.74 3.1 6.8 5.9
4.77 2.81 7.27 6.08
4.68 3.2 6.82 6.02
4.66 3.56 6.41 5.97
4.63 3.54 6.45 5.99
4.64 3.82 6.15 5.97
4.61 3.46 6.35 5.81
4.68 3.36 6.45 5.81
4.69 3.59 6.77 6.36
4.68 3.76 6.21 5.97
4.67 3.48 6.26 5.74
4.78 3.56 6.69 6.25
4.67 3.77 6.15 5.92
4.64 3.57 6.37 5.94
4.67 3.15 7.11 6.26
4.8 3.48 6.9 6.38
4.64 3.1 6.97 6.07
4.59 3.74 5.98 5.72
4.78 3.62 6.35 5.97
4.63 3.7 6.19 5.89
4.81 3.45 7.01 6.46
4.58 3.6 6.42 6.02
4.55 4.16 6.08 6.24
4.7 3.89 6.34 6.23
4.67 3.17 6.35 5.52
4.55 3.37 6.13 5.5
4.68 3.4 6.4 5.8
4.6 3.58 6.3 5.88
4.75 3.31 6.91 6.22
4.68 3.49 6.89 6.38
4.67 3.65 6.59 6.24
4.78 3.37 6.69 6.06
4.71 3.61 6.51 6.12
4.71 3.52 6.66 6.18
4.66 3.16 6.88 6.04
4.75 3.59 6.59 6.18
4.76 3.32 6.61 5.93
4.55 3.61 6.27 5.88
4.68 3.4 6.62 6.02
4.73 3.6 6.22 5.82
4.64 3.78 6.46 6.24
4.72 3.49 6.59 6.08
4.67 3.6 6.62 6.22
4.67 3.81 6.39 6.2
4.54 3.63 6.53 6.16
4.65 3.47 6.29 5.76
4.7 2.99 7.2 6.19
4.74 3.03 6.86 5.89
4.63 3.31 6.72 6.03
4.71 3.5 6.53 6.03
4.52 3.4 6.23 5.63
4.7 3.52 6.94 6.46
4.69 3.87 6.35 6.22
4.69 3.53 6.95 6.48
4.7 3.42 6.52 5.94
4.73 3.39 6.74 6.13
4.75 3.82 6.27 6.09
4.57 3.48 6.34 5.82
4.74 3.82 6.46 6.28
4.58 3.46 6.32 5.78
4.61 3.19 6.6 5.79
4.59 3.05 7.01 6.06
4.65 3.34 6.48 5.82
4.7 3.39 6.66 6.05
4.65 2.84 7.13 5.97
4.68 3.74 6.81 6.55
4.67 3.51 6.4 5.91
4.76 2.99 7.35 6.34
4.64 2.99 7.01 6.0
4.67 3.04 7.11 6.15
4.6 3.35 6.64 5.99
4.64 3.58 6.49 6.07
4.62 3.47 6.55 6.02
4.59 3.39 6.69 6.08
4.57 3.71 6.3 6.01
4.65 3.75 6.38 6.13
4.58 3.66 6.41 6.07
4.65 3.29 6.72 6.01
4.68 3.39 6.42 5.81
4.59 3.4 6.3 5.7
4.73 3.63 6.53 6.16
4.65 3.83 6.42 6.25
4.64 3.6 6.08 5.68
4.53 3.63 6.16 5.79
4.68 3.34 6.86 6.2
4.65 3.53 6.47 6.0
4.69 3.29 6.57 5.86
4.69 3.54 6.83 6.37
4.72 3.62 6.62 6.24
4.68 3.68 6.54 6.22
4.61 3.15 6.68 5.83
4.71 3.29 6.63 5.92
4.76 3.44 6.76 6.2
4.73 3.69 6.26 5.95
4.73 3.36 6.51 5.87
4.71 2.98 6.99 5.97
4.67 3.55 6.45 6.0
4.62 3.36 6.6 5.96
4.65 3.4 6.7 6.1
4.66 3.05 6.92 5.97
4.74 3.31 6.94 6.25
4.6 3.11 6.95 6.06
4.68 3.71 6.26 5.97
4.74 3.69 6.41 6.1
4.66 3.24 6.4 5.64
4.64 4.11 5.69 5.8
4.59 3.8 6.05 5.85
4.58 3.16 6.74 5.9
4.72 3.71 6.09 5.8
4.74 3.32 6.74 6.06
4.74 3.25 6.62 5.87
4.61 3.57 6.24 5.81
4.69 3.33 6.76 6.09
4.63 3.62 6.38 6.0
4.71 3.66 6.51 6.17
4.65 3.73 6.47 6.2
4.62 3.35 6.39 5.74
4.73 3.33 6.82 6.15
4.64 3.14 6.33 5.47
4.75 3.45 6.25 5.7
4.56 3.23 6.6 5.83
4.63 3.96 6.45 6.41
4.8 3.12 7.1 6.22
4.71 3.51 6.81 6.32
4.65 3.61 6.62 6.23
4.71 3.38 6.53 5.91
4.66 3.32 6.61 5.93
4.72 3.81 6.08 5.89
4.71 3.25 6.78 6.03
4.66 3.61 6.27 5.88
4.63 4.19 5.58 5.77
4.65 3.34 6.52 5.86
4.68 3.36 6.84 6.2
4.61 3.37 6.55 5.92
4.7 3.18 6.74 5.92
4.7 3.45 6.23 5.68
4.77 3.96 6.36 6.32
4.63 3.59 6.14 5.73
4.66 3.51 6.39 5.9
4.67 3.19 6.72 5.91
4.64 3.5 6.02 5.52
4.61 3.1 6.65 5.75
4.63 3.45 6.75 6.2
4.55 2.91 6.85 5.76
4.63 3.32 6.5 5.82
4.67 3.62 6.36 5.98
4.74 3.4 6.82 6.22
4.67 3.3 6.68 5.98
4.72 3.53 6.65 6.18
4.7 3.51 6.52 6.03
4.7 3.91 6.11 6.02
4.7 3.7 6.27 5.97
4.6 3.31 6.49 5.8
4.71 3.29 6.99 6.28
4.68 3.5 6.32 5.82
4.71 3.38 7.03 6.41
4.72 3.8 6.56 6.36
4.75 3.4 6.62 6.02
4.62 3.41 6.65 6.06
4.72 3.55 6.38 5.93
4.66 3.09 7.33 6.42
4.64 3.69 6.59 6.28
4.64 3.44 6.49 5.93
4.62 2.96 6.83 5.79
4.61 3.23 6.29 5.52
4.7 3.68 6.29 5.97
4.65 3.48 6.5 5.98
4.73 3.05 7.43 6.48
4.73 3.76 6.35 6.11
4.63 3.11 6.8 5.91
4.72 3.54 6.51 6.05
4.77 3.66 6.36 6.02
4.73 3.33 6.53 5.86
4.66 3.28 6.59 5.87
4.77 3.33 6.78 6.11
4.63 3.11 6.66 5.77
4.64 3.35 6.7 6.05
4.75 3.33 7.02 6.35
4.62 3.59 6.24 5.83
4.73 3.55 6.54 6.09
4.63 3.41 6.54 5.95
4.73 3.11 6.92 6.03
4.7 3.11 6.77 5.88
4.64 3.32 6.77 6.09
4.72 3.6 6.29 5.89
4.64 3.33 6.7 6.03
4.68 3.73 6.13 5.86
4.77 3.23 7.03 6.26
4.54 3.86 5.94 5.8
4.69 2.89 7.42 6.31
4.54 3.22 6.52 5.74
4.75 3.93 6.4 6.33
4.79 3.12 7.11 6.23
4.69 3.45 6.71 6.16
4.59 3.44 6.35 5.79
4.58 3.32 6.45 5.77
4.7 3.06 7.33 6.39
4.59 3.5 6.61 6.11
4.56 3.21 6.66 5.87
4.63 2.89 6.92 5.81
4.62 3.17 6.7 5.87
4.69 3.3 6.88 6.18
4.68 3.61 6.28 5.89
4.75 3.47 6.78 6.25
4.58 3.33 6.44 5.77
4.68 3.57 6.5 6.07
4.63 3.71 6.25 5.96
4.58 3.29 6.62 5.91
4.74 3.24 6.97 6.21
4.6 3.32 6.61 5.93
4.61 3.62 6.44 6.06
4.72 3.25 6.83 6.08
4.65 3.54 6.32 5.86
4.7 3.19 6.95 6.14
4.67 3.62 6.35 5.97
4.59 4.03 6.02 6.05
4.63 3.7 6.24 5.94
4.68 3.67 6.31 5.98
4.65 3.68 6.49 6.17
4.57 3.32 6.39 5.71
4.61 3.38 6.61 5.99
4.74 3.53 6.84 6.37
4.63 3.02 7.09 6.11
4.78 3.34 6.75 6.09
4.57 2.98 6.75 5.73
4.76 3.55 6.71 6.26
4.73 3.67 6.33 6.0
4.76 3.76 6.31 6.07
4.63 3.46 6.63 6.09
4.75 3.36 6.58 5.94
4.72 3.47 6.87 6.34
4.61 3.74 6.23 5.97
4.71 3.35 6.65 6.0
4.68 3.89 5.9 5.79
4.6 4.01 5.97 5.98
4.56 3.74 6.41 6.15
4.8 3.07 7.23 6.3
4.6 3.56 6.47 6.03
4.6 3.11 6.86 5.97
4.74 3.22 6.79 6.01
4.68 3.65 6.32 5.97
4.69 3.32 6.92 6.24
4.65 3.78 6.07 5.85
4.65 3.68 6.35 6.03
4.62 3.56 6.19 5.75
4.69 3.49 6.7 6.19
4.61 3.3 6.3 5.6
4.78 3.28 7.06 6.34
4.61 3.2 6.68 5.88
4.77 3.34 6.73 6.07
4.71 3.37 6.63 6.0
4.62 3.17 6.94 6.11
4.75 3.51 6.71 6.22
4.74 3.49 6.59 6.08
4.69 3.34 6.52 5.86
4.71 3.33 6.54 5.87
4.73 3.49 6.59 6.08
4.78 3.53 6.63 6.16
4.76 3.57 6.75 6.32
4.71 4.01 6.33 6.34
4.68 2.99 6.63 5.62
4.73 3.31 6.57 5.88
4.72 3.24 6.65 5.89
4.65 3.34 6.58 5.92
4.66 3.51 6.27 5.78
4.66 3.66 6.53 6.19
4.69 3.19 6.91 6.1
4.59 3.68 6.08 5.76
4.73 3.51 6.91 6.42
4.66 3.47 6.08 5.55
4.66 3.28 6.72 6.0
4.54 3.79 6.27 6.06
4.7 3.1 6.86 5.96
4.74 3.74 6.54 6.28
4.69 3.73 6.5 6.23
4.65 3.32 6.61 5.93
4.64 3.35 6.65 6.0
4.65 3.37 6.97 6.34
4.73 3.13 6.82 5.95
4.67 3.25 6.52 5.77
4.68 3.75 6.36 6.11
4.64 3.01 6.99 6.0
4.64 3.42 7.06 6.48
4.71 3.6 6.42 6.02
4.75 3.34 6.84 6.18
4.69 3.5 6.59 6.09
4.62 3.42 6.54 5.96
4.74 3.1 7.0 6.1
4.63 3.65 6.32 5.97
4.7 3.3 6.56 5.86
4.47 3.35 6.44 5.79
4.66 3.26 6.83 6.09
4.67 3.3 6.58 5.88
4.65 3.28 6.52 5.8
4.75 3.22 6.8 6.02
4.67 3.66 6.32 5.98
4.66 3.57 6.44 6.01
4.63 3.31 6.97 6.28
4.51 3.6 6.1 5.7
4.65 3.62 6.47 6.09
4.73 3.64 6.47 6.11
4.62 3.72 6.19 5.91
4.69 3.15 6.67 5.82
4.64 3.48 6.7 6.18
4.66 3.24 6.91 6.15
4.74 3.46 6.3 5.76
4.75 3.74 6.71 6.45
4.63 3.43 6.17 5.6
4.74 3.83 6.69 6.52
4.54 3.44 6.3 5.74
4.71 3.46 6.72 6.18
4.71 3.22 6.67 5.89
4.78 3.38 6.78 6.16
4.62 2.91 7.05 5.96
4.67 3.41 6.56 5.97
4.69 3.7 6.0 5.7
4.68 3.67 6.26 5.93
4.61 3.48 6.4 5.88
4.68 3.43 6.25 5.68
4.62 3.01 7.15 6.16
4.67 3.57 6.11 5.68
4.56 3.27 6.56 5.83
4.68 3.39 6.79 6.18
4.72 3.46 6.44 5.9
4.68 3.52 6.29 5.81
4.57 2.99 6.96 5.95
4.57 3.67 6.18 5.85
4.77 3.19 6.92 6.11
4.7 3.39 6.68 6.07
4.62 3.38 6.63 6.01
4.71 3.85 6.09 5.94
4.74 3.52 6.39 5.91
4.83 3.39 6.76 6.15
4.61 3.35 6.53 5.88
4.64 3.52 6.39 5.91
4.54 3.68 6.45 6.13
4.7 3.41 7.08 6.49
4.71 3.47 6.57 6.04
4.76 3.49 6.51 6.0
4.65 3.32 6.71 6.03
4.61 3.25 6.62 5.87
4.77 3.07 6.79 5.86
4.7 3.4 6.5 5.9
4.71 3.33 6.95 6.28
4.59 3.53 6.5 6.03
4.65 3.6 6.21 5.81
4.62 3.4 6.75 6.15
4.63 3.93 5.94 5.87
4.54 3.21 6.47 5.68
4.71 3.69 6.44 6.13
4.67 3.47 6.77 6.24
4.78 3.37 6.92 6.29
4.74 3.68 6.36 6.04
4.75 3.49 6.53 6.02
4.66 3.59 6.28 5.87
4.63 3.36 6.71 6.07
4.6 3.89 5.87 5.76
4.69 3.67 6.48 6.15
4.7 3.45 6.53 5.98
4.49 3.35 6.03 5.38
4.7 3.47 6.31 5.78
4.75 3.33 6.86 6.19
4.75 3.66 6.55 6.21
4.58 3.58 6.32 5.9
4.65 3.52 6.61 6.13
4.62 3.48 6.64 6.12
4.66 3.07 6.75 5.82
4.78 3.7 6.44 6.14
4.64 3.37 6.3 5.67
4.67 3.39 6.49 5.88
4.68 3.37 6.52 5.89
4.71 3.1 6.4 5.5
4.78 3.79 6.5 6.29
4.58 3.71 6.25 5.96
4.65 3.51 6.32 5.83
4.67 3.2 6.81 6.01
4.81 2.93 7.06 5.99
4.72 3.8 6.35 6.15
4.7 3.39 7.01 6.4
4.76 3.54 6.28 5.82
4.7 3.45 6.58 6.03
4.8 3.34 6.59 5.93
4.59 3.46 6.83 6.29
4.66 3.19 6.51 5.7
4.69 3.01 6.85 5.86
4.69 3.71 6.28 5.99
4.69 3.5 6.77 6.27
4.57 3.94 5.99 5.93
4.59 3.89 5.97 5.86
4.8 3.52 6.68 6.2
4.76 3.73 6.36 6.09
4.81 3.67 6.31 5.98
4.61 3.49 6.48 5.97
4.8 3.54 6.94 6.48
4.53 3.39 6.5 5.89
4.6 3.59 6.11 5.7
4.64 3.37 6.75 6.12
4.52 3.6 6.47 6.07
4.7 4.03 5.75 5.78
4.67 3.49 6.47 5.96
4.77 3.87 6.14 6.01
4.59 3.19 6.58 5.77
4.81 3.19 6.97 6.16
4.72 3.35 6.61 5.96
4.73 3.69 6.45 6.14
4.7 3.79 6.29 6.08
4.66 3.46 6.57 6.03
4.71 4.14 6.15 6.29
4.58 3.04 6.9 5.94
4.69 3.51 6.62 6.13
4.58 3.92 6.03 5.95
4.65 3.31 6.5 5.81
4.74 3.45 6.85 6.3
4.68 3.63 6.51 6.14
4.65 3.37 6.56 5.93
4.58 3.58 6.24 5.82
4.67 3.33 6.77 6.1
4.76 3.32 6.82 6.14
4.52 3.66 6.04 5.7
4.67 3.5 6.43 5.93
4.63 3.53 6.62 6.15
4.67 3.55 6.56 6.11
4.63 2.97 6.81 5.78
4.76 3.44 6.81 6.25
4.71 3.81 6.31 6.12
4.64 4.17 5.84 6.01
4.59 3.67 6.1 5.77
4.69 3.59 6.47 6.06
4.48 3.39 6.31 5.7
4.51 3.86 5.8 5.66
4.55 3.64 6.4 6.04
4.67 2.94 6.78 5.72
4.66 3.55 6.21 5.76
4.73 3.59 6.43 6.02
4.75 3.62 6.65 6.27
4.76 3.36 6.62 5.98
4.58 3.62 6.17 5.79
4.72 3.39 6.18 5.57
4.71 3.55 6.19 5.74
4.63 3.53 6.35 5.88
4.78 3.58 6.73 6.31
4.68 3.39 6.89 6.28
4.63 3.69 5.88 5.57
4.58 3.21 6.73 5.94
4.67 3.55 6.37 5.92
4.63 4.14 6.35 6.49
4.64 3.5 6.61 6.11
4.66 3.43 6.47 5.9
4.7 3.27 6.69 5.96
4.68 3.28 6.59 5.87
4.64 3.51 6.6 6.11
4.7 3.11 6.63 5.74
4.68 3.06 6.65 5.71
4.7 3.32 6.52 5.84
4.69 3.43 6.73 6.16
4.63 3.28 6.65 5.93
4.61 3.51 6.28 5.79
4.69 4.04 5.67 5.71
4.59 3.34 6.28 5.62
4.78 3.27 6.93 6.2
4.61 3.59 6.48 6.07
4.64 3.54 6.17 5.71
4.67 3.64 6.14 5.78
4.62 3.41 6.52 5.93
4.71 3.16 7.04 6.2
4.72 3.58 6.48 6.06
4.65 3.32 6.26 5.58
4.66 3.3 6.84 6.14
4.79 3.45 6.55 6.0
4.56 3.59 6.21 5.8
4.7 3.47 6.36 5.83
4.66 3.38 6.82 6.2
4.66 3.49 6.55 6.04
4.79 3.53 6.44 5.97
4.57 3.82 6.0 5.82
4.63 3.54 6.24 5.78
4.55 3.35 6.83 6.18
4.64 3.36 6.57 5.93
4.69 3.31 6.57 5.88
4.68 3.29 6.99 6.28
4.64 3.18 6.9 6.08
4.68 3.42 6.17 5.59
4.83 3.46 6.85 6.31
4.68 3.5 6.53 6.03
4.61 3.7 6.22 5.92
4.77 2.99 7.03 6.02
4.67 3.47 6.69 6.16
4.73 3.22 6.88 6.1
4.7 3.55 6.68 6.23
4.76 3.57 6.71 6.28
4.67 3.12 6.65 5.77
4.59 3.8 6.26 6.06
4.5 3.39 6.56 5.95
4.81 3.49 6.66 6.15
4.73 3.44 6.56 6.0
4.72 3.51 6.58 6.09
4.72 3.59 6.93 6.52
4.66 3.59 6.48 6.07
4.69 3.38 6.72 6.1
4.71 4.14 6.13 6.27
4.73 3.44 6.95 6.39
4.78 3.21 7.13 6.34
4.59 3.49 6.6 6.09
4.69 3.42 6.73 6.15
4.82 3.29 6.49 5.78
4.67 3.38 6.76 6.14
4.75 3.48 6.7 6.18
4.81 3.94 6.35 6.29
4.73 3.57 6.48 6.05
4.54 3.18 7.1 6.28
4.7 3.45 6.61 6.06
4.6 3.59 6.16 5.75
4.69 3.82 6.36 6.18
4.56 3.68 6.25 5.93
4.62 3.38 6.45 5.83
4.72 3.3 7.07 6.37
4.74 3.16 6.86 6.02
4.67 3.46 6.67 6.13
4.66 3.29 6.57 5.86
4.8 3.82 6.5 6.32
4.62 3.93 6.25 6.18
4.65 4.06 6.14 6.2
4.57 3.22 6.87 6.09
4.69 3.31 7.06 6.37
4.68 3.5 6.32 5.82
4.74 3.38 6.77 6.15
4.68 3.24 6.62 5.86
4.73 3.38 6.68 6.06
4.67 3.63 6.36 5.99
4.73 3.56 6.45 6.01
4.71 3.49 6.68 6.17
4.58 3.95 6.03 5.98
4.69 3.2 7.05 6.25
4.64 3.32 6.74 6.06
4.75 3.64 6.67 6.31
4.68 3.78 6.49 6.27
4.74 3.38 6.94 6.32
4.76 3.61 6.53 6.14
4.69 3.28 6.43 5.71
4.61 3.74 5.96 5.7
4.73 3.34 7.01 6.35
4.77 3.27 6.93 6.2
4.69 3.25 6.69 5.94
4.48 3.19 6.51 5.7
4.66 3.88 5.88 5.76
4.55 3.11 6.59 5.7
4.77 3.35 6.34 5.69
4.61 3.47 6.34 5.81
4.7 3.06 6.81 5.87
4.82 3.48 6.59 6.07
4.53 3.75 5.93 5.68
4.74 3.62 6.26 5.88
4.78 3.35 6.71 6.06
4.74 3.85 6.44 6.29
4.77 3.11 7.04 6.15
4.57 3.37 6.45 5.82
4.7 3.65 6.35 6.0
4.64 3.47 6.58 6.05
4.76 3.41 6.79 6.2
4.78 3.57 6.59 6.16
4.61 3.41 6.45 5.86
4.63 3.23 6.62 5.85
4.56 3.33 6.68 6.01
4.66 3.51 6.71 6.22
4.75 3.42 6.45 5.87
4.72 3.44 7.01 6.45
4.71 3.58 6.58 6.16
4.58 3.66 6.42 6.08
4.58 3.53 6.17 5.7
4.53 3.2 6.5 5.7
4.76 4.02 5.94 5.96
4.5 3.34 6.61 5.95
4.59 3.54 6.18 5.72
4.7 3.5 6.5 6.0
4.67 3.4 6.91 6.31
4.68 3.57 6.83 6.4
4.69 3.99 6.37 6.36
4.66 3.6 6.51 6.11
4.76 3.61 6.64 6.25
4.52 3.61 6.14 5.75
4.69 3.39 6.75 6.14
4.75 3.11 7.12 6.23
4.67 3.5 6.6 6.1
4.65 3.66 6.26 5.92
4.63 3.45 6.69 6.14
4.62 3.6 6.39 5.99
4.75 3.76 6.66 6.42
4.66 3.63 6.4 6.03
4.62 3.74 6.41 6.15
4.7 3.33 6.57 5.9
4.61 3.28 6.25 5.53
4.81 3.29 6.83 6.12
4.75 3.3 6.8 6.1
4.65 3.36 6.79 6.15
4.74 3.35 6.66 6.01
4.7 4.0 6.62 6.62
4.74 3.18 6.72 5.9
4.69 3.43 6.42 5.85
4.61 3.26 6.67 5.93
4.57 3.55 6.07 5.62
4.57 3.39 6.45 5.84
4.77 3.4 6.91 6.31
4.68 3.5 6.65 6.15
4.64 3.59 6.31 5.9
4.6 3.38 6.39 5.77
4.67 3.56 6.38 5.94
4.67 3.76 6.06 5.82
4.58 3.75 6.22 5.97
4.69 3.56 6.63 6.19
4.8 3.43 6.87 6.3
4.76 3.54 5.98 5.52
4.56 3.18 6.7 5.88
4.69 3.96 6.17 6.13
4.67 3.64 6.48 6.12
4.72 3.67 6.63 6.3
4.66 3.53 6.36 5.89
4.71 3.76 6.12 5.88
4.67 3.38 6.2 5.58
4.72 3.45 6.67 6.12
4.63 3.08 6.81 5.89
4.72 3.75 6.45 6.2
4.7 3.54 6.17 5.71
4.59 3.35 6.87 6.22
4.77 3.27 6.39 5.66
4.63 3.54 6.62 6.16
4.76 3.13 6.93 6.06
4.64 3.66 6.53 6.19
4.79 3.75 6.54 6.29
4.78 3.38 6.86 6.24
4.72 3.51 6.4 5.91
4.61 3.71 6.42 6.13
4.7 3.45 6.55 6.0
4.67 3.44 6.74 6.18
4.72 3.76 6.17 5.93
4.65 3.1 6.81 5.91
4.73 3.68 5.95 5.63
4.74 3.62 6.38 6.0
4.66 3.43 6.55 5.98
4.58 3.34 6.38 5.72
4.71 3.37 6.41 5.78
4.62 3.22 6.69 5.91
4.69 3.44 6.4 5.84
4.7 3.4 6.4 5.8
4.72 3.65 6.26 5.91
4.66 3.65 6.4 6.05
4.7 3.63 6.41 6.04
4.65 3.16 6.89 6.05
4.63 3.11 6.85 5.96
4.56 3.45 6.41 5.86
4.72 3.46 6.77 6.23
4.66 3.4 6.82 6.22
4.74 3.1 7.3 6.4
4.73 3.71 6.19 5.9
4.7 3.62 6.56 6.18
4.7 3.45 6.61 6.06
4.67 3.66 6.43 6.09
4.71 3.51 6.8 6.31
4.66 3.3 6.52 5.82
4.67 3.29 6.73 6.02
4.76 3.68 6.46 6.14
4.67 3.48 6.55 6.03
4.75 3.56 6.02 5.58
4.6 3.53 6.57 6.1
4.8 3.68 6.13 5.81
4.71 3.74 6.65 6.39
4.78 3.07 6.82 5.89
4.72 3.25 6.64 5.89
4.66 3.52 6.38 5.9
4.56 3.74 5.89 5.63
4.68 3.36 6.62 5.98
4.68 3.19 6.4 5.59
4.64 3.55 6.58 6.13
4.75 3.07 7.21 6.28
4.68 2.9 7.16 6.06
4.71 3.58 6.54 6.12
4.63 3.24 6.81 6.05
4.66 3.23 7.03 6.26
4.63 3.39 6.4 5.79
4.65 3.48 6.73 6.21
4.59 3.22 6.57 5.79
4.57 3.42 6.36 5.78
4.66 3.98 6.22 6.2
4.51 3.21 6.65 5.86
4.69 3.47 6.42 5.89
4.65 3.79 5.99 5.78
4.64 3.55 5.87 5.42
4.61 3.58 6.55 6.13
4.63 3.51 6.53 6.04
4.58 3.93 5.79 5.72
4.79 3.59 6.31 5.9
4.71 3.51 6.42 5.93
4.64 3.34 6.77 6.11
4.54 3.09 6.98 6.07
4.68 3.54 6.32 5.86
4.61 3.55 6.18 5.73
4.62 3.36 6.57 5.93
4.62 3.46 6.26 5.72
4.69 3.38 6.88 6.26
4.72 3.49 6.79 6.28
4.66 3.55 6.25 5.8
4.68 3.91 5.97 5.88
4.63 3.35 6.66 6.01
4.65 3.83 5.97 5.8
4.73 3.49 6.5 5.99
4.69 3.73 6.0 5.73
4.74 4.22 6.14 6.36
4.73 3.26 6.8 6.06
4.61 3.21 6.37 5.58
4.7 3.2 7.03 6.23
4.72 3.66 6.58 6.24
4.62 3.36 6.57 5.93
4.68 3.77 6.25 6.02
4.71 3.32 6.57 5.89
4.72 3.55 6.39 5.94
4.61 3.7 6.2 5.9
4.63 3.88 6.22 6.1
4.77 3.53 6.85 6.38
4.71 3.31 6.96 6.27
4.56 3.54 6.4 5.94
4.69 3.7 6.68 6.38
4.8 3.35 6.52 5.87
4.71 3.74 6.0 5.74
4.68 3.68 6.44 6.12
4.74 2.89 7.07 5.96
4.73 3.23 6.64 5.87
4.77 3.35 7.07 6.42
4.68 3.48 6.64 6.12
4.76 3.55 6.77 6.32
4.57 3.08 6.78 5.86
4.6 3.8 6.3 6.1
4.73 3.23 6.75 5.98
4.57 3.71 5.95 5.66
4.64 3.39 6.37 5.76
4.61 3.48 6.1 5.58
4.59 3.52 6.38 5.9
4.58 3.36 6.57 5.93
4.82 3.5 6.96 6.46
4.61 3.41 6.5 5.91
4.62 3.11 6.54 5.65
4.73 3.66 6.21 5.87
4.64 3.62 6.33 5.95
4.62 3.8 6.29 6.09
4.68 3.3 6.95 6.25
4.68 3.44 6.58 6.02
4.67 3.53 6.64 6.17
4.71 3.36 6.78 6.14
4.64 3.28 6.15 5.43
4.52 3.23 6.72 5.95
4.68 3.56 6.18 5.74
4.66 3.08 6.96 6.04
4.6 3.3 6.53 5.83
4.75 3.48 6.91 6.39
4.59 3.13 6.6 5.73
4.71 3.42 6.96 6.38
4.78 3.6 6.99 6.59
4.73 3.07 7.02 6.09
4.6 3.61 6.58 6.19
4.7 3.61 6.86 6.47
4.6 3.39 6.74 6.13
4.67 3.37 6.48 5.85
4.6 3.28 6.7 5.98
4.68 3.71 6.22 5.93
4.65 3.21 6.82 6.03
4.7 3.31 6.6 5.91
4.8 3.53 6.71 6.24
4.6 3.21 6.6 5.81
4.65 3.08 6.71 5.79
4.69 3.44 6.78 6.22
4.7 3.96 6.17 6.13
4.48 3.7 6.29 5.99
4.76 3.38 6.73 6.11
4.73 3.56 6.77 6.33
4.61 3.5 6.35 5.85
4.7 3.28 6.55 5.83
4.61 3.69 6.06 5.75
4.67 3.31 6.75 6.06
4.51 3.21 6.48 5.69
4.61 3.32 6.67 5.99
4.72 3.46 6.57 6.03
4.57 3.48 6.44 5.92
4.68 3.36 6.64 6.0
4.72 3.23 6.74 5.97
4.69 3.4 6.86 6.26
4.63 3.28 6.33 5.61
4.73 3.77 6.44 6.21
4.59 3.6 6.32 5.92
4.72 3.27 6.81 6.08
4.64 3.16 6.65 5.81
4.72 3.48 6.6 6.08
4.53 3.48 6.42 5.9
4.6 3.62 6.47 6.09
4.8 3.31 6.76 6.07
4.66 3.56 6.44 6.0
4.66 3.68 6.31 5.99
4.65 2.97 6.51 5.48
4.54 3.37 6.46 5.83
4.59 3.25 6.59 5.84
4.66 3.52 6.23 5.75
4.69 3.45 6.82 6.27
4.63 3.5 6.73 6.23
4.75 3.15 6.91 6.06
4.76 3.37 6.6 5.97
4.68 3.38 6.52 5.9
4.69 3.25 6.32 5.57
4.65 3.65 6.32 5.97
4.72 3.31 6.57 5.88
4.6 3.67 6.09 5.76
4.7 3.26 6.37 5.63
4.64 3.52 6.51 6.03
4.58 3.28 6.88 6.16
4.64 3.25 6.88 6.13
4.64 3.9 6.16 6.06
4.77 3.44 6.83 6.27
4.75 3.47 6.59 6.06
4.73 3.46 6.37 5.83
4.67 4.02 6.15 6.17
4.62 3.69 6.33 6.02
4.69 3.32 6.59 5.91
4.75 3.72 6.27 5.99
4.74 3.72 6.59 6.31
4.79 3.62 6.4 6.02
4.63 4.08 5.81 5.89
4.68 3.42 6.74 6.16
4.63 3.01 6.93 5.94
4.6 3.53 6.09 5.62
4.75 3.58 6.44 6.02
4.71 3.12 6.92 6.04
4.5 2.99 6.89 5.88
4.62 3.6 6.61 6.21
4.7 3.42 6.87 6.29
4.68 3.33 6.64 5.97
4.66 3.75 6.21 5.96
4.73 3.64 6.55 6.19
4.73 3.47 6.35 5.82
4.66 3.33 6.68 6.01
4.6 3.83 6.35 6.18
4.71 3.34 6.79 6.13
4.67 3.54 6.32 5.86
4.68 3.2 6.99 6.19
4.75 3.52 6.75 6.27
4.66 3.21 6.9 6.11
4.73 3.59 6.75 6.34
4.7 3.64 6.58 6.22
4.62 3.36 6.84 6.2
4.58 3.63 6.28 5.91
4.54 3.48 6.06 5.54
4.76 3.46 6.66 6.12
4.67 3.43 6.68 6.11
4.59 3.27 6.93 6.2
4.7 3.19 6.86 6.05
4.59 3.18 6.82 6.0
4.69 3.4 6.29 5.69
4.56 3.67 6.44 6.11
4.62 3.67 6.39 6.06
4.84 3.31 6.48 5.79
4.62 3.38 6.39 5.77
4.72 3.31 6.97 6.28
4.58 3.47 6.39 5.86
4.58 3.23 6.78 6.01
4.57 3.2 6.66 5.86
4.59 3.66 6.21 5.87
4.5 3.59 6.0 5.59
4.68 3.24 6.98 6.22
4.72 3.45 6.66 6.11
4.63 3.43 6.3 5.73
4.66 3.37 6.44 5.81
4.7 3.51 6.45 5.96
4.64 3.57 6.42 5.99
4.58 3.26 6.83 6.09
4.62 3.47 6.34 5.81
4.7 3.47 6.7 6.17
4.66 3.2 6.56 5.76
4.62 3.5 6.66 6.16
4.68 3.85 6.68 6.53
4.48 3.5 6.3 5.8
4.77 3.97 5.96 5.93
4.62 3.51 6.43 5.94
4.7 3.26 6.62 5.88
4.68 3.24 6.84 6.08
4.71 3.59 6.71 6.3
4.69 3.35 6.82 6.17
4.75 3.92 6.72 6.64
4.5 3.22 6.59 5.81
4.66 3.33 6.63 5.96
4.61 3.53 6.43 5.96
4.72 3.57 6.51 6.08
4.51 3.32 6.27 5.59
4.66 3.44 6.55 5.99
4.59 3.65 6.34 5.99
4.65 3.31 6.73 6.04
4.61 3.6 6.05 5.65
4.68 3.18 6.87 6.05
4.65 3.75 6.36 6.11
4.73 3.3 6.85 6.15
4.71 3.23 6.86 6.09
4.72 3.46 6.42 5.88
4.74 3.84 6.0 5.84
4.74 3.01 6.99 6.0
4.54 2.83 6.87 5.7
4.72 3.01 6.99 6.0
4.72 3.34 6.83 6.17
4.71 3.63 6.57 6.2
4.7 3.45 6.49 5.94
4.71 3.31 6.92 6.23
4.66 3.64 6.3 5.94
4.67 3.48 6.62 6.1
4.78 3.64 5.81 5.45
4.68 3.24 6.61 5.85
4.69 3.27 6.84 6.11
4.68 3.21 7.04 6.25
4.61 3.19 6.66 5.85
4.68 3.73 6.72 6.45
4.69 3.68 6.7 6.38
4.66 3.47 6.67 6.14
4.81 3.32 6.99 6.31
4.71 3.16 6.8 5.96
4.68 3.4 6.88 6.28
4.71 3.55 6.23 5.78
4.68 3.29 6.37 5.66
4.68 3.28 6.42 5.7
4.61 3.94 6.09 6.03
4.75 3.29 6.58 5.87
4.72 3.46 6.44 5.9
4.61 3.33 6.53 5.86
4.71 3.38 6.39 5.77
4.49 3.15 6.63 5.78
4.68 3.43 6.82 6.25
4.69 3.39 6.4 5.79
4.7 3.29 6.92 6.21
4.75 3.31 6.81 6.12
4.66 3.75 6.16 5.91
4.7 3.72 6.53 6.25
4.72 3.71 6.53 6.24
4.61 3.61 6.54 6.15
4.77 3.93 6.19 6.12
4.63 3.87 6.25 6.12
4.68 3.84 6.24 6.08
4.65 3.83 5.95 5.78
4.71 3.7 6.56 6.26
4.79 3.6 6.68 6.28
4.62 3.35 6.22 5.57
4.59 3.39 6.97 6.36
4.81 3.56 6.87 6.43
4.59 3.49 6.31 5.8
4.78 3.72 6.22 5.94
4.65 3.16 6.82 5.98
4.61 3.26 6.48 5.74
4.67 3.4 6.35 5.75
4.68 3.88 6.1 5.98
4.7 3.19 7.02 6.21
4.75 3.72 6.13 5.85
4.62 4.19 5.78 5.97
4.61 3.4 6.53 5.93
4.64 3.25 6.98 6.23
4.79 3.67 6.36 6.03
4.65 3.1 6.82 5.92
4.75 3.53 6.54 6.07
4.75 3.73 6.1 5.83
4.7 3.5 6.8 6.3
4.7 3.54 6.58 6.12
4.7 3.76 6.53 6.29
4.63 3.51 6.34 5.85
4.69 3.21 6.82 6.03
4.67 3.5 6.65 6.15
4.69 3.61 6.46 6.07
4.6 3.53 6.35 5.88
4.6 3.67 6.55 6.22
4.75 3.36 6.28 5.64
4.56 2.99 6.84 5.83
4.7 3.53 6.82 6.35
4.68 3.43 6.47 5.9
4.74 3.02 7.27 6.29
4.68 3.49 6.81 6.3
4.66 3.69 6.24 5.93
4.63 3.64 6.51 6.15
4.81 3.59 6.88 6.47
4.65 3.11 6.82 5.93
4.68 3.27 7.01 6.28
4.74 3.13 6.38 5.51
4.72 3.54 6.85 6.39
4.64 3.55 6.5 6.05
4.66 3.89 5.97 5.86
4.59 2.87 7.02 5.89
4.76 3.68 6.66 6.34
4.66 3.61 6.24 5.85
4.67 3.93 6.41 6.34
4.71 3.34 6.62 5.96
4.7 3.43 6.35 5.78
4.7 3.03 7.13 6.16
4.67 3.57 6.5 6.07
4.56 3.12 6.91 6.03
4.76 4.08 6.46 6.54
4.57 3.6 6.43 6.03
4.71 3.47 6.37 5.84
4.73 3.27 6.56 5.83
4.68 3.45 6.35 5.8
4.73 3.29 7.18 6.47
4.7 3.96 6.14 6.1
4.69 3.79 6.12 5.91
4.59 3.36 6.41 5.77
4.56 3.24 6.61 5.85
4.74 3.32 7.23 6.55
4.72 3.34 6.94 6.28
4.74 3.45 6.6 6.05
4.62 3.69 6.33 6.02
4.7 3.63 6.37 6.0
4.72 3.22 6.92 6.14
4.73 3.34 6.35 5.69
4.72 3.39 6.83 6.22
4.67 3.23 6.83 6.06
4.73 3.66 6.7 6.36
4.64 3.27 6.21 5.48
4.61 3.49 6.26 5.75
4.71 3.17 6.93 6.1
4.7 3.44 6.68 6.12
4.7 3.36 6.41 5.77
4.76 3.32 6.86 6.18
4.6 3.62 6.55 6.17
4.55 3.29 6.78 6.07
4.68 3.45 6.69 6.14
4.64 3.49 6.4 5.89
4.7 3.37 6.56 5.93
4.76 3.53 6.81 6.34
4.67 3.36 6.52 5.88
4.69 3.53 6.58 6.11
4.7 3.33 6.93 6.26
4.69 3.1 6.95 6.05
4.69 3.59 6.41 6.0
4.67 3.5 6.6 6.1
4.69 3.36 6.47 5.83
4.68 3.53 6.45 5.98
4.74 3.64 6.66 6.3
4.82 3.86 6.09 5.95
4.62 3.62 6.45 6.07
4.71 3.63 6.54 6.17
4.73 3.55 6.33 5.88
4.73 3.4 6.74 6.14
4.68 3.64 6.41 6.05
4.66 3.15 6.53 5.68
4.7 3.58 6.6 6.18
4.67 3.32 6.56 5.88
4.65 3.64 6.4 6.04
4.74 3.32 6.71 6.03
4.71 3.28 6.77 6.05
4.64 2.98 6.87 5.85
4.57 3.49 6.92 6.41
4.67 3.36 6.82 6.18
4.76 3.4 6.41 5.81
4.67 3.53 6.69 6.22
4.69 3.2 6.86 6.06
4.77 3.32 6.95 6.27
4.7 3.49 6.56 6.05
4.77 3.79 6.4 6.19
4.62 3.58 6.38 5.96
4.65 3.42 6.48 5.9
4.62 2.95 6.72 5.67
4.66 3.72 6.13 5.85
4.71 3.4 6.77 6.17
4.69 3.82 6.38 6.2
4.82 3.5 6.95 6.45
4.73 3.6 6.46 6.06
4.62 3.46 6.47 5.93
4.73 3.57 6.26 5.83
4.77 3.4 6.92 6.32
4.58 3.16 6.81 5.97
4.68 3.27 6.5 5.77
4.68 3.15 6.74 5.89
4.58 3.33 6.53 5.86
4.78 3.58 6.5 6.08
4.59 3.4 6.58 5.98
4.61 3.15 6.66 5.81
4.71 3.25 6.95 6.2
4.68 3.53 6.5 6.03
4.74 3.48 6.46 5.94
4.8 3.59 6.64 6.23
4.78 3.28 6.85 6.13
4.72 3.06 7.01 6.07
4.71 3.47 6.64 6.11
4.68 3.7 6.39 6.09
4.75 3.54 6.31 5.85
4.7 3.7 6.28 5.98
4.63 3.18 7.06 6.24
4.76 3.61 6.46 6.07
4.68 3.21 6.62 5.83
4.66 3.45 6.93 6.38
4.68 3.48 6.59 6.07
4.63 3.27 6.31 5.58
4.65 3.54 6.49 6.03
4.65 3.37 6.56 5.93
4.71 3.21 6.82 6.03
4.73 3.2 6.76 5.96
4.69 3.78 6.36 6.14
4.58 3.28 6.73 6.01
4.64 3.35 6.63 5.98
4.75 3.52 6.7 6.22
4.8 3.42 6.99 6.41
4.61 3.88 6.23 6.11
4.52 3.46 6.49 5.95
4.62 3.38 6.45 5.83
4.61 3.6 6.3 5.9
4.71 3.96 6.36 6.32
4.68 3.58 6.7 6.28
4.6 3.36 6.54 5.9
4.62 3.7 6.18 5.88
4.58 3.43 6.39 5.82
4.72 3.45 6.32 5.77
4.65 3.46 6.43 5.89
4.71 3.68 6.34 6.02
4.75 3.37 6.78 6.15
4.7 3.81 5.99 5.8
4.51 3.5 6.49 5.99
4.63 3.56 6.62 6.18
4.72 3.37 6.47 5.84
4.71 3.16 6.94 6.1
4.57 3.66 6.0 5.66
4.69 3.4 6.77 6.17
4.64 3.57 6.5 6.07
4.66 3.54 6.33 5.87
4.74 3.53 6.58 6.11
4.65 3.38 6.73 6.11
4.71 3.76 6.4 6.16
4.62 3.66 6.54 6.2
4.62 3.98 6.1 6.08
4.74 3.14 7.06 6.2
4.58 3.64 6.21 5.85
4.69 3.67 6.21 5.88
4.68 3.69 6.0 5.69
4.66 3.45 6.43 5.88
4.81 3.92 6.24 6.16
4.67 3.66 6.4 6.06
4.63 3.77 6.39 6.16
4.67 3.22 7.14 6.36
4.66 3.55 6.51 6.06
4.69 3.77 6.36 6.13
4.73 3.17 7.51 6.68
4.64 3.72 6.39 6.11
4.7 3.79 6.27 6.06
4.6 3.5 6.41 5.91
4.61 3.45 6.56 6.01
4.69 3.54 6.74 6.28
4.6 3.84 6.08 5.92
4.66 3.26 6.83 6.09
4.76 3.3 6.8 6.1
4.6 3.35 6.64 5.99
4.68 3.61 6.49 6.1
4.63 3.39 6.93 6.32
4.78 3.38 6.69 6.07
4.56 3.28 6.7 5.98
4.58 3.69 6.37 6.06
4.67 3.53 6.66 6.19
4.68 3.32 6.39 5.71
4.62 3.39 6.24 5.63
4.59 3.6 6.09 5.69
4.79 3.36 6.73 6.09
4.69 3.72 6.6 6.32
4.76 3.17 6.94 6.11
4.65 3.3 6.66 5.96
4.56 3.6 6.63 6.23
4.76 3.16 6.87 6.03
4.64 3.33 6.53 5.86
4.77 3.31 7.03 6.34
4.62 3.15 6.93 6.08
4.59 3.62 6.26 5.88
4.68 3.35 6.59 5.94
4.56 3.67 6.32 5.99
4.54 3.2 6.64 5.84
4.56 3.41 6.66 6.07
4.61 3.3 6.71 6.01
4.69 3.78 6.22 6.0
4.6 3.2 6.41 5.61
4.7 3.12 6.85 5.97
4.58 3.46 6.53 5.99
4.62 3.81 6.03 5.84
4.61 3.21 6.89 6.1
4.73 3.15 6.82 5.97
4.64 3.54 6.34 5.88
4.77 3.27 6.96 6.23
4.6 3.43 7.01 6.44
4.66 3.85 6.2 6.05
4.64 3.49 6.5 5.99
4.78 3.52 6.61 6.13
4.7 3.35 6.67 6.02
4.69 3.2 6.9 6.1
4.68 3.17 6.85 6.02
4.75 3.66 6.36 6.02
4.74 3.15 6.63 5.78
4.66 3.62 6.77 6.39
4.77 3.66 6.67 6.33
4.65 3.44 6.39 5.83
4.64 3.39 6.32 5.71
4.74 3.38 6.94 6.32
4.66 3.24 6.65 5.89
4.63 3.33 6.66 5.99
4.57 3.49 6.49 5.98
4.75 3.2 7.04 6.24
4.74 3.53 6.72 6.25
4.71 3.57 6.36 5.93
4.74 3.54 6.78 6.32
4.75 3.86 6.66 6.52
4.62 3.75 6.01 5.76
4.63 3.86 6.34 6.2
4.62 3.49 6.51 6.0
4.68 3.79 6.3 6.09
4.51 3.12 6.76 5.88
4.69 3.14 7.04 6.18
4.69 3.07 6.99 6.06
4.72 3.45 6.63 6.08
4.65 3.83 5.95 5.78
4.67 3.37 6.97 6.34
4.68 3.84 6.34 6.18
4.78 3.47 6.37 5.84
4.74 2.99 6.82 5.81
4.59 3.26 6.75 6.01
4.56 3.18 6.66 5.84
4.61 3.32 6.6 5.92
4.61 3.22 6.8 6.02
4.73 3.73 6.56 6.29
4.58 3.53 6.52 6.05
4.73 3.3 6.73 6.03
4.7 3.39 6.81 6.2
4.77 3.57 6.46 6.03
4.7 3.22 6.81 6.03
4.67 3.3 6.99 6.29
4.65 3.77 6.25 6.02
4.72 3.42 6.9 6.32
4.74 3.3 7.0 6.3
4.78 3.5 6.72 6.22
4.67 3.36 6.54 5.9
4.55 3.76 6.15 5.91
4.65 3.54 6.39 5.93
4.6 3.73 6.3 6.03
4.74 3.45 6.57 6.02
4.64 3.55 6.44 5.99
4.73 3.48 6.76 6.24
4.68 3.66 6.59 6.25
4.61 3.78 5.94 5.72
4.63 3.49 6.32 5.81
4.61 3.53 6.48 6.01
4.72 3.54 6.0 5.54
4.68 3.76 6.25 6.01
4.63 3.69 5.91 5.6
4.67 3.26 6.65 5.91
4.72 3.42 6.54 5.96
4.64 2.95 7.12 6.07
4.67 3.61 6.91 6.52
4.77 3.1 6.92 6.02
4.57 3.07 6.66 5.73
4.61 3.19 7.02 6.21
4.62 3.44 6.18 5.62
4.7 3.64 6.51 6.15
4.68 3.55 6.49 6.04
4.62 3.15 6.51 5.66
4.78 3.22 7.12 6.34
4.65 3.52 6.54 6.06
4.71 3.44 6.91 6.35
4.66 3.52 6.46 5.98
4.75 3.56 6.72 6.28
4.65 3.57 6.75 6.32
4.71 3.82 6.34 6.16
4.73 3.4 6.58 5.98
4.72 3.71 6.66 6.37
4.71 3.76 6.14 5.9
4.72 3.5 6.4 5.9
4.37 3.55 6.07 5.62
4.71 3.32 6.88 6.2
4.71 2.94 6.83 5.77
4.65 3.44 6.74 6.18
4.64 3.29 6.69 5.98
4.71 3.7 6.37 6.07
4.7 3.7 6.35 6.05
4.71 3.48 6.6 6.08
4.68 3.28 6.82 6.1
4.59 3.75 6.0 5.75
4.64 3.59 6.39 5.98
4.66 3.86 6.26 6.12
4.69 3.38 6.37 5.75
4.71 3.63 6.55 6.18
4.74 3.3 6.74 6.04
4.69 3.37 6.5 5.87
4.67 3.27 6.74 6.01
4.67 3.67 6.32 5.99
4.69 3.46 6.38 5.84
4.71 3.8 6.2 6.0
4.58 3.68 6.0 5.68
4.63 3.21 6.72 5.93
4.59 3.24 6.38 5.62
4.62 3.47 6.53 6.0
4.62 3.17 7.04 6.21
4.73 3.27 6.82 6.09
4.57 3.32 6.48 5.8
4.63 3.78 6.07 5.85
4.73 3.23 6.93 6.16
4.7 3.65 6.39 6.04
4.69 3.05 7.07 6.12
4.58 3.74 6.44 6.18
4.58 3.72 6.03 5.75
4.65 3.47 6.47 5.94
4.53 3.36 6.18 5.54
4.64 3.46 6.49 5.95
4.59 3.52 6.22 5.74
4.74 3.46 6.72 6.18
4.58 3.52 6.62 6.14
4.71 2.74 7.28 6.02
4.6 3.72 6.04 5.76
4.67 3.13 6.69 5.82
4.64 3.32 7.02 6.34
4.82 3.36 7.12 6.48
4.75 3.81 6.4 6.21
4.62 2.95 6.83 5.78
4.76 2.95 7.05 6.0
4.59 3.15 6.52 5.67
4.7 3.44 6.81 6.25
4.81 3.91 5.89 5.8
4.67 3.23 6.58 5.81
4.72 3.35 6.55 5.9
4.65 3.24 6.61 5.85
4.63 3.27 6.46 5.73
4.79 3.56 6.79 6.35
4.77 3.64 6.64 6.28
4.68 3.26 6.75 6.01
4.68 3.43 6.61 6.04
4.71 3.46 6.66 6.12
4.68 3.16 7.07 6.23
4.61 3.29 6.62 5.91
4.73 3.53 6.47 6.0
4.56 3.31 6.4 5.71
4.59 3.56 6.49 6.05
4.75 3.48 6.6 6.08
4.74 3.42 6.53 5.95
4.69 3.61 6.48 6.09
4.65 3.46 6.12 5.58
4.74 3.8 6.65 6.45
4.69 3.6 6.54 6.14
4.69 3.68 6.29 5.97
4.71 3.55 6.55 6.1
4.74 3.18 6.94 6.12
4.68 3.82 6.17 5.99
4.7 3.87 6.29 6.16
4.59 3.52 6.43 5.95
4.7 3.56 6.99 6.55
4.68 3.29 6.67 5.96
4.71 3.46 6.61 6.07
4.65 3.07 7.02 6.09
4.63 3.71 6.12 5.83
4.71 3.71 6.35 6.06
4.76 3.23 7.04 6.27
4.75 3.53 6.34 5.87
4.65 3.54 6.36 5.9
4.6 3.69 6.32 6.01
4.66 3.17 6.93 6.1
4.65 3.39 6.63 6.02
4.67 3.54 6.63 6.17
4.74 3.61 6.45 6.06
4.6 3.15 7.25 6.4
4.66 3.47 6.42 5.89
4.61 4.12 6.18 6.3
4.6 2.97 6.97 5.94
4.64 3.15 7.03 6.18
4.64 3.23 6.79 6.02
4.63 3.64 6.42 6.06
4.79 3.52 7.08 6.6
4.67 3.28 6.77 6.05
4.63 3.59 6.38 5.97
4.65 3.22 6.62 5.84
4.6 3.44 6.55 5.99
4.63 3.59 6.37 5.96
4.64 3.69 6.09 5.78
4.65 3.55 6.25 5.8
4.56 3.04 6.69 5.73
4.62 3.31 6.46 5.77
4.63 3.64 6.58 6.22
4.65 3.47 6.5 5.97
4.67 3.76 6.45 6.21
4.82 3.5 6.83 6.33
4.57 3.18 6.85 6.03
4.71 3.68 5.95 5.63
4.66 3.36 6.37 5.73
4.7 3.75 6.2 5.95
4.66 3.56 6.47 6.03
4.72 3.54 6.36 5.9
4.68 3.43 6.61 6.04
4.78 3.69 6.68 6.37
4.64 3.23 7.25 6.48
4.65 3.66 6.1 5.76
4.66 3.82 6.12 5.94
4.66 3.16 6.83 5.99
4.57 3.62 6.23 5.85
4.58 3.42 6.06 5.48
4.7 3.58 6.42 6.0
4.73 3.11 6.62 5.73
4.69 3.29 6.7 5.99
4.58 3.49 6.35 5.84
4.75 3.76 6.5 6.26
4.72 3.32 6.66 5.98
4.6 3.45 6.74 6.19
4.67 3.78 6.51 6.29
4.68 3.38 6.49 5.87
4.53 3.46 6.22 5.68
4.71 3.93 6.26 6.19
4.71 3.31 6.56 5.87
4.74 3.43 7.06 6.49
4.73 3.71 6.38 6.09
4.6 3.31 6.33 5.64
4.57 3.47 6.31 5.78
4.67 3.61 6.51 6.12
4.64 3.34 6.94 6.28
4.68 3.23 6.73 5.96
4.57 3.08 6.7 5.78
4.68 3.52 6.4 5.92
4.7 3.82 6.02 5.84
4.72 3.44 6.97 6.41
4.66 3.19 6.34 5.53
4.59 3.02 6.84 5.86
4.6 3.48 6.51 5.99
4.71 3.06 7.38 6.44
4.66 3.48 6.28 5.76
4.72 3.49 6.45 5.94
4.51 3.58 6.14 5.72
4.59 3.51 6.46 5.97
4.61 3.2 6.75 5.95
4.73 3.4 7.0 6.4
4.62 3.31 6.74 6.05
4.65 3.33 6.47 5.8
4.64 2.9 7.13 6.03
4.73 3.13 7.29 6.42
4.65 4.09 5.88 5.97
4.66 3.54 6.29 5.83
4.66 3.44 7.07 6.51
4.89 3.29 7.21 6.5
4.63 3.68 6.11 5.79
4.74 3.43 6.8 6.23
4.63 3.31 6.64 5.95
4.58 3.85 5.7 5.55
4.52 3.21 6.51 5.72
4.77 3.42 6.34 5.76
4.76 3.21 6.74 5.95
4.69 3.14 6.87 6.01
4.76 3.52 6.39 5.91
4.67 3.53 6.33 5.86
4.74 3.77 6.61 6.38
4.71 3.59 6.99 6.58
4.72 3.32 6.54 5.86
4.63 3.66 6.33 5.99
4.69 3.67 6.35 6.02
4.73 3.4 6.36 5.76
4.62 3.42 6.75 6.17
4.73 3.37 6.44 5.81
4.77 3.73 6.53 6.26
4.67 3.63 6.5 6.13
4.61 4.03 5.82 5.85
4.55 3.55 6.41 5.96
4.69 3.22 6.87 6.09
4.67 3.47 6.29 5.76
4.71 3.8 6.93 6.73
4.63 3.66 6.03 5.69
4.77 3.37 6.6 5.97
4.75 3.3 6.92 6.22
4.79 3.31 6.59 5.9
4.71 3.44 6.6 6.04
4.54 3.51 6.26 5.77
4.66 3.95 6.09 6.04
4.67 3.51 6.53 6.04
4.78 3.16 6.88 6.04
4.7 3.32 6.98 6.3
4.83 3.27 7.05 6.32
4.74 3.39 6.74 6.13
4.6 3.39 6.27 5.66
4.72 3.72 5.75 5.47
4.63 3.08 6.62 5.7
4.58 3.7 6.38 6.08
4.8 3.19 7.07 6.26
4.58 3.6 6.58 6.18
4.69 3.33 6.86 6.19
4.67 3.2 6.93 6.13
4.78 4.07 5.89 5.96
4.74 3.6 6.58 6.18
4.68 3.76 6.47 6.23
4.64 3.54 6.61 6.15
4.77 3.45 6.56 6.01
4.76 3.71 6.4 6.11
4.75 3.78 6.32 6.1
4.66 3.58 6.81 6.39
4.66 3.13 6.71 5.84
4.68 3.71 6.49 6.2
4.81 3.8 6.34 6.14
4.72 3.64 6.83 6.47
4.7 3.67 6.5 6.17
4.66 3.41 6.52 5.93
4.69 3.58 6.32 5.9
4.66 3.72 6.57 6.29
4.63 3.03 6.68 5.71
4.6 3.4 6.36 5.76
4.72 3.38 6.82 6.2
4.77 3.78 6.45 6.23
4.77 3.55 6.28 5.83
4.61 3.52 6.33 5.85
4.58 3.67 6.42 6.09
4.78 3.37 6.72 6.09
4.69 3.41 6.85 6.26
4.68 3.63 6.38 6.01
4.55 3.42 6.34 5.76
4.59 3.25 6.68 5.93
4.82 3.45 7.08 6.53
4.69 3.32 6.55 5.87
4.73 3.39 6.78 6.17
4.69 3.37 7.02 6.39
4.64 3.46 6.28 5.74
4.7 3.23 7.1 6.33
4.74 3.33 7.12 6.45
4.62 3.49 6.51 6.0
4.63 2.87 7.02 5.89
4.73 3.4 6.68 6.08
4.74 3.21 6.77 5.98
4.64 3.43 6.64 6.07
4.61 3.23 6.86 6.09
4.58 3.52 6.59 6.11
4.66 3.49 6.48 5.97
4.55 3.22 6.64 5.86
4.68 3.38 6.56 5.94
4.7 3.61 6.6 6.21
4.71 3.25 6.91 6.16
4.73 3.48 6.59 6.07
4.67 3.62 6.12 5.74
4.7 3.74 6.47 6.21
4.65 3.55 6.38 5.93
4.6 3.67 6.63 6.3
4.62 3.5 6.2 5.7
4.62 3.52 6.33 5.85
4.63 3.33 6.22 5.55
4.59 3.17 6.66 5.83
4.68 3.19 6.66 5.85
4.75 3.22 7.15 6.37
4.64 3.61 6.14 5.75
4.67 3.46 6.31 5.77
4.72 3.97 6.33 6.3
4.62 3.24 6.73 5.97
4.7 3.56 6.24 5.8
4.67 3.38 6.6 5.98
4.67 3.64 6.67 6.31
4.43 3.26 6.61 5.87
4.73 3.34 7.08 6.42
4.66 3.21 6.83 6.04
4.76 3.47 6.53 6.0
4.69 3.36 6.73 6.09
4.71 4.16 6.17 6.33
4.71 3.2 6.89 6.09
4.54 3.26 7.03 6.29
4.59 3.53 6.51 6.04
4.68 2.89 7.08 5.97
4.74 3.34 6.45 5.79
4.71 3.35 6.73 6.08
4.74 3.05 7.19 6.24
4.7 3.43 6.7 6.13
4.63 3.69 6.14 5.83
4.63 3.31 6.53 5.84
4.77 3.23 7.37 6.6
4.74 3.53 6.62 6.15
4.64 3.52 6.1 5.62
4.75 3.24 6.83 6.07
4.73 3.23 6.88 6.11
4.72 3.17 6.62 5.79
4.64 3.39 6.54 5.93
4.76 3.41 6.97 6.38
4.67 3.28 6.55 5.83
4.75 3.22 6.78 6.0
4.67 3.56 6.52 6.08
4.65 3.2 6.87 6.07
4.61 3.78 6.47 6.25
4.76 3.79 6.5 6.29
4.6 3.18 6.46 5.64
4.72 3.24 6.95 6.19
4.67 3.58 6.56 6.14
4.7 3.16 6.75 5.91
4.76 3.44 6.68 6.12
4.68 3.05 7.02 6.07
4.74 3.27 7.18 6.45
4.64 3.16 6.85 6.01
4.73 3.6 6.64 6.24
4.59 3.11 6.9 6.01
4.64 3.51 6.32 5.83
4.75 3.37 6.65 6.02
4.68 3.19 6.84 6.03
4.72 3.43 6.49 5.92
4.69 3.49 6.49 5.98
4.71 3.89 6.25 6.14
4.64 3.54 6.46 6.0
4.62 3.37 6.71 6.08
4.7 3.47 6.6 6.07
4.64 3.44 6.23 5.67
4.68 3.45 6.76 6.21
4.76 3.49 6.95 6.44
4.51 3.71 5.99 5.7
4.7 3.56 6.75 6.31
4.61 3.58 6.22 5.8
4.69 3.58 6.32 5.9
4.64 3.25 6.39 5.64
4.52 3.54 5.97 5.51
4.58 3.56 6.23 5.79
4.64 3.73 6.07 5.8
4.57 3.52 6.39 5.91
4.69 3.64 6.42 6.06
4.56 3.11 6.79 5.9
4.67 3.53 6.81 6.34
4.68 3.07 7.17 6.24
4.67 3.6 6.44 6.04
4.73 3.85 6.4 6.25
4.5 3.96 5.91 5.87
4.64 3.51 6.06 5.57
4.57 3.31 6.48 5.79
4.69 3.23 6.97 6.2
4.66 3.39 6.67 6.06
4.66 3.38 6.44 5.82
4.68 3.57 6.5 6.07
4.7 3.23 6.82 6.05
4.61 3.34 6.81 6.15
4.61 3.69 6.03 5.72
4.68 3.82 5.97 5.79
4.65 3.43 6.76 6.19
4.69 3.23 6.68 5.91
4.68 3.37 6.78 6.15
4.57 3.74 6.14 5.88
4.7 3.67 6.68 6.35
4.6 3.26 6.57 5.83
4.65 3.28 6.81 6.09
4.63 4.13 5.99 6.12
4.67 3.59 6.43 6.02
4.7 3.31 6.77 6.08
4.6 3.66 6.28 5.94
4.65 3.25 6.65 5.9
4.67 3.32 6.35 5.67
4.74 3.2 6.85 6.05
4.7 3.6 6.69 6.29
4.68 3.62 6.49 6.11
4.62 3.27 6.68 5.95
4.84 3.52 6.63 6.15
4.62 3.49 6.39 5.88
4.7 3.18 6.87 6.05
4.58 3.56 6.39 5.95
4.58 3.11 6.35 5.46
4.68 3.23 6.55 5.78
4.74 3.66 6.98 6.64
4.76 3.34 6.67 6.01
4.67 3.78 6.06 5.84
4.72 3.26 6.88 6.14
4.74 3.49 6.35 5.84
4.66 3.52 6.56 6.08
4.75 3.32 6.59 5.91
4.77 3.43 6.76 6.19
4.71 3.29 6.89 6.18
4.66 3.13 6.86 5.99
4.82 3.64 6.48 6.12
4.67 3.69 6.09 5.78
4.71 3.3 6.82 6.12
4.73 3.4 6.73 6.13
4.62 3.08 6.83 5.91
4.59 3.54 6.13 5.67
4.74 3.44 6.93 6.37
4.65 3.45 6.49 5.94
4.67 3.49 6.45 5.94
4.71 3.19 7.34 6.53
4.62 3.45 6.46 5.91
4.59 3.13 6.76 5.89
4.79 3.43 6.38 5.81
4.66 3.63 6.92 6.55
4.45 3.26 6.92 6.18
4.72 3.29 7.05 6.34
4.66 3.69 6.26 5.95
4.65 3.43 6.73 6.16
4.73 3.82 6.11 5.93
4.66 3.73 6.13 5.86
4.67 3.18 6.89 6.07
4.68 3.31 6.7 6.01
4.59 3.52 6.61 6.13
4.71 2.91 7.13 6.04
4.45 3.32 6.14 5.46
4.68 3.27 6.72 5.99
4.7 3.73 6.52 6.25
4.72 3.22 6.72 5.94
4.73 3.63 6.8 6.43
4.8 3.53 6.83 6.36
4.75 3.32 6.98 6.3
4.66 3.24 6.47 5.71
4.68 3.76 6.42 6.18
4.57 3.17 6.83 6.0
4.76 2.95 7.0 5.95
4.74 3.58 6.45 6.03
4.67 3.89 6.13 6.02
4.64 3.6 6.33 5.93
4.62 3.47 6.73 6.2
4.64 2.94 7.13 6.07
4.58 3.67 6.22 5.89
4.73 3.49 6.79 6.28
4.74 3.89 6.15 6.04
4.66 3.71 6.22 5.93
4.65 3.44 6.51 5.95
4.62 3.64 6.05 5.69
4.75 3.82 6.41 6.23
4.64 3.54 6.36 5.9
4.57 3.67 6.12 5.79
4.72 3.62 6.43 6.05
4.74 3.73 6.4 6.13
4.6 3.76 5.84 5.6
4.58 3.42 6.38 5.8
4.58 3.26 6.72 5.98
4.73 3.22 6.69 5.91
4.76 3.52 6.86 6.38
4.75 3.58 6.67 6.25
4.71 3.24 6.73 5.97
4.64 3.52 6.3 5.82
4.64 3.31 6.87 6.18
4.81 3.3 6.96 6.26
4.75 3.26 6.31 5.57
4.69 3.34 6.46 5.8
4.66 3.3 6.74 6.04
4.63 3.37 6.53 5.9
4.65 3.99 5.74 5.73
4.64 3.43 6.81 6.24
4.68 3.09 6.68 5.77
4.68 3.69 6.39 6.08
4.78 3.5 6.71 6.21
4.66 3.29 6.51 5.8
4.58 3.06 6.8 5.86
4.66 3.26 6.49 5.75
4.62 3.37 6.53 5.9
4.57 3.11 6.45 5.56
4.72 3.6 6.3 5.9
4.69 3.69 6.58 6.27
4.7 3.05 6.85 5.9
4.67 3.4 6.64 6.04
4.63 3.54 6.43 5.97
4.62 3.48 6.78 6.26
4.63 2.94 6.8 5.74
4.79 3.94 6.46 6.4
4.72 3.29 7.06 6.35
4.59 3.45 6.69 6.14
4.74 3.91 6.28 6.19
4.65 3.66 6.41 6.07
4.72 3.38 6.79 6.17
4.68 3.04 6.69 5.73
4.66 3.49 6.51 6.0
4.73 3.26 6.83 6.09
4.69 3.37 6.49 5.86
4.8 3.18 7.2 6.38
4.53 3.57 5.98 5.55
4.67 3.46 6.43 5.89
4.66 3.88 5.62 5.5
4.64 3.69 6.42 6.11
4.72 3.21 7.35 6.56
4.62 3.81 6.15 5.96
4.7 3.53 6.58 6.11
4.55 3.78 6.42 6.2
4.81 3.14 7.19 6.33
4.72 3.3 6.7 6.0
4.8 3.49 6.76 6.25
4.76 3.3 6.95 6.25
4.73 3.41 6.77 6.18
4.65 3.32 6.49 5.81
4.71 3.67 6.58 6.25
4.72 3.28 6.53 5.81
4.68 3.32 6.7 6.02
4.71 3.28 6.65 5.93
4.52 3.7 6.11 5.81
4.75 3.58 6.37 5.95
4.61 3.71 6.4 6.11
4.76 3.36 6.72 6.08
4.62 3.0 6.88 5.88
4.67 3.58 6.56 6.14
4.63 3.34 6.63 5.97
4.79 3.63 6.57 6.2
4.71 3.46 6.86 6.32
4.65 3.5 6.37 5.87
4.75 3.48 6.99 6.47
4.57 3.42 6.38 5.8
4.73 3.3 6.72 6.02
4.69 3.42 6.45 5.87
4.71 3.5 6.58 6.08
4.8 3.74 6.07 5.81
4.66 3.33 6.61 5.94
4.65 3.31 6.66 5.97
4.63 3.39 6.73 6.12
4.57 3.65 6.01 5.66
4.75 3.57 6.33 5.9
4.65 3.29 6.64 5.93
4.77 3.12 6.93 6.05
4.67 3.3 6.42 5.72
4.72 3.86 6.19 6.05
4.63 3.6 6.4 6.0
4.59 3.42 6.26 5.68
4.66 3.3 6.64 5.94
4.62 3.51 6.49 6.0
4.5 3.3 6.75 6.05
4.67 3.36 6.65 6.01
4.67 3.27 6.71 5.98
4.63 3.38 6.48 5.86
4.68 3.08 6.73 5.81
4.66 3.45 6.47 5.92
4.69 3.31 6.6 5.91
4.73 3.34 6.88 6.22
4.66 3.33 6.49 5.82
4.64 3.41 6.41 5.82
4.62 3.43 6.26 5.69
4.67 3.34 6.76 6.1
4.59 3.21 6.48 5.69
4.55 3.58 6.15 5.73
4.64 3.6 6.51 6.11
4.69 3.31 6.92 6.23
4.78 3.6 6.95 6.55
4.5 3.57 6.37 5.94
4.69 3.26 6.93 6.19
4.68 3.55 6.42 5.97
4.7 3.25 6.92 6.17
4.65 3.54 6.59 6.13
4.78 3.5 6.36 5.86
4.71 3.45 6.16 5.61
4.64 3.9 6.21 6.11
4.64 3.61 6.47 6.08
4.68 3.04 6.86 5.9
4.63 3.45 6.23 5.68
4.72 3.64 6.56 6.2
4.74 3.29 7.15 6.44
4.68 3.74 5.82 5.56
4.52 3.88 6.08 5.96
4.69 3.64 6.58 6.22
4.57 3.26 6.85 6.11
4.74 3.75 6.59 6.34
4.64 3.49 6.37 5.86
4.65 3.77 6.23 6.0
4.66 2.84 7.09 5.93
4.59 3.64 6.22 5.86
4.63 3.52 6.42 5.94
4.67 3.2 6.26 5.46
4.71 3.77 6.65 6.42
4.66 3.71 6.17 5.88
4.63 3.53 6.43 5.96
4.72 3.18 7.18 6.36
4.68 3.52 6.3 5.82
4.64 3.3 6.77 6.07
4.69 3.61 6.25 5.86
4.6 3.52 6.18 5.7
4.68 3.26 6.77 6.03
4.64 3.69 6.24 5.93
4.65 3.29 6.74 6.03
4.74 3.45 6.75 6.2
4.59 3.27 6.79 6.06
4.7 3.54 6.17 5.71
4.49 3.52 6.21 5.73
4.69 3.21 6.47 5.68
4.69 3.66 6.48 6.14
4.66 3.7 6.27 5.97
4.67 3.97 6.02 5.99
4.7 3.54 6.77 6.31
4.7 3.34 6.83 6.17
4.67 3.2 6.89 6.09
4.69 3.43 6.81 6.24
4.67 3.64 6.09 5.73
4.61 3.58 6.44 6.02
4.66 3.68 6.51 6.19
4.75 3.63 6.58 6.21
4.56 3.88 6.15 6.03
4.66 3.48 6.67 6.15
4.66 3.83 6.29 6.12
4.62 3.3 6.89 6.19
4.7 3.58 6.41 5.99
4.75 3.6 6.45 6.05
4.7 3.65 6.46 6.11
4.68 3.47 6.44 5.91
4.61 3.37 6.87 6.24
4.66 3.72 6.43 6.15
4.69 3.26 6.79 6.05
4.65 3.64 6.37 6.01
4.63 3.35 6.74 6.09
4.63 3.12 6.52 5.64
4.79 3.17 6.79 5.96
4.53 3.08 6.65 5.73
4.68 3.55 6.41 5.96
4.61 3.24 6.19 5.43
4.71 3.21 6.81 6.02
4.77 3.18 6.68 5.86
4.77 3.49 6.42 5.91
4.68 3.44 6.8 6.24
4.7 3.35 6.36 5.71
4.66 3.2 6.74 5.94
4.64 3.92 6.16 6.08
4.73 3.42 6.55 5.97
4.67 3.7 6.15 5.85
4.6 2.98 6.9 5.88
4.64 3.68 6.63 6.31
4.7 3.71 6.14 5.85
4.64 3.27 6.41 5.68
4.81 3.74 6.41 6.15
4.72 3.55 6.45 6.0
4.7 2.98 7.16 6.14
4.64 3.54 6.43 5.97
4.73 3.73 6.5 6.23
4.7 3.57 6.89 6.46
4.63 4.06 5.97 6.03
4.6 3.26 6.45 5.71
4.71 3.26 6.63 5.89
4.68 3.16 6.76 5.92
4.67 3.61 6.57 6.18
4.59 3.8 6.03 5.83
4.64 3.28 6.78 6.06
4.53 3.43 6.22 5.65
4.68 3.55 6.54 6.09
4.6 3.12 6.64 5.76
4.72 3.61 6.73 6.34
4.71 3.27 6.88 6.15
4.83 3.43 6.89 6.32
4.68 3.54 6.47 6.01
4.67 3.43 6.81 6.24
4.67 3.49 6.28 5.77
4.75 3.52 6.53 6.05
4.59 3.88 6.07 5.95
4.67 3.46 6.56 6.02
4.7 3.79 6.31 6.1
4.73 3.2 6.92 6.12
4.67 3.54 7.05 6.59
4.73 3.41 6.47 5.88
4.72 3.15 7.07 6.22
4.61 3.52 6.51 6.03
4.63 3.97 6.13 6.1
4.66 3.42 6.79 6.21
4.68 3.47 6.58 6.05
4.56 3.57 6.2 5.77
4.84 3.42 6.83 6.25
4.46 3.56 6.3 5.86
4.62 3.26 6.86 6.12
4.73 3.66 6.22 5.88
4.65 3.14 6.58 5.72
4.63 3.31 6.69 6.0
4.66 3.03 6.81 5.84
4.74 3.4 6.87 6.27
4.74 3.71 6.39 6.1
4.68 3.77 6.83 6.6
4.55 3.41 6.38 5.79
4.55 3.67 6.3 5.97
4.72 3.82 6.43 6.25
4.65 3.37 6.48 5.85
4.62 3.38 6.66 6.04
4.61 3.99 5.81 5.8
4.59 3.28 6.56 5.84
4.72 3.56 6.11 5.67
4.58 3.1 6.58 5.68
4.68 3.58 6.4 5.98
4.69 3.26 6.7 5.96
4.68 3.56 6.91 6.47
4.68 3.58 6.72 6.3
4.79 3.2 7.01 6.21
4.65 3.39 6.61 6.0
4.77 3.29 7.17 6.46
4.71 3.24 6.78 6.02
4.67 3.21 7.1 6.31
4.64 3.58 6.45 6.03
4.6 3.21 6.66 5.87
4.7 3.78 6.3 6.08
4.64 3.35 6.62 5.97
4.68 3.56 6.74 6.3
4.68 3.38 6.47 5.85
4.65 3.59 6.42 6.01
4.69 3.21 6.99 6.2
4.7 3.48 6.53 6.01
4.63 3.3 6.61 5.91
4.67 3.76 6.11 5.87
4.6 3.4 6.65 6.05
4.79 2.96 6.76 5.72
4.61 3.33 6.29 5.62
4.63 3.51 6.48 5.99
4.53 3.44 6.58 6.02
4.6 3.36 6.42 5.78
4.72 3.56 6.31 5.87
4.68 3.38 6.85 6.23
4.66 3.19 6.98 6.17
4.67 3.46 6.49 5.95
4.67 3.46 6.65 6.11
4.65 3.56 6.35 5.91
4.78 3.44 6.75 6.19
4.72 3.49 6.65 6.14
4.81 3.16 7.03 6.19
4.72 3.61 6.54 6.15
4.8 3.01 7.23 6.24
4.69 3.82 6.27 6.09
4.67 3.33 6.3 5.63
4.59 3.43 6.9 6.33
4.61 3.28 6.87 6.15
4.69 3.43 6.44 5.87
4.71 3.35 6.61 5.96
4.67 3.31 6.68 5.99
4.64 3.8 6.44 6.24
4.62 3.28 6.67 5.95
4.72 3.41 6.71 6.12
4.63 3.2 6.65 5.85
4.7 3.9 6.06 5.96
4.69 3.53 6.6 6.13
4.65 3.52 6.21 5.73
4.71 3.37 6.77 6.14
4.61 2.92 7.03 5.95
4.69 3.7 6.05 5.75
4.76 3.54 6.57 6.11
4.67 3.01 7.02 6.03
4.65 3.17 7.1 6.27
4.68 3.44 6.88 6.32
4.74 3.73 6.51 6.24
4.57 3.23 6.5 5.73
4.72 3.61 6.25 5.86
4.66 3.57 6.67 6.24
4.76 3.67 6.82 6.49
4.71 3.19 6.95 6.14
4.74 3.37 6.7 6.07
4.69 3.31 6.99 6.3
4.71 3.6 6.61 6.21
4.75 3.38 6.55 5.93
4.55 3.54 6.33 5.87
4.64 3.27 6.6 5.87
4.68 3.1 6.88 5.98
4.7 3.81 6.18 5.99
4.71 3.45 6.48 5.93
4.72 3.22 7.02 6.24
4.6 3.57 6.41 5.98
4.78 3.65 6.22 5.87
4.65 3.58 6.47 6.05
4.71 3.65 6.52 6.17
4.64 2.91 6.95 5.86
4.65 3.69 6.38 6.07
4.72 3.13 6.74 5.87
4.73 3.37 6.6 5.97
4.74 3.45 6.86 6.31
4.64 3.35 6.65 6.0
4.71 3.7 6.61 6.31
4.65 3.62 6.3 5.92
4.71 3.43 6.4 5.83
4.64 3.33 7.0 6.33
4.7 3.5 6.15 5.65
4.65 3.55 6.36 5.91
4.71 3.27 6.76 6.03
4.74 3.92 6.25 6.17
4.58 3.62 6.14 5.76
4.65 3.83 5.91 5.74
4.68 3.53 6.64 6.17
4.66 3.0 7.15 6.15
4.61 3.3 6.83 6.13
4.62 3.22 6.63 5.85
4.63 3.47 6.65 6.12
4.77 3.87 6.4 6.27
4.81 3.07 7.07 6.14
4.66 3.39 6.47 5.86
4.75 3.94 6.15 6.09
4.67 3.28 6.76 6.04
4.72 3.52 6.43 5.95
4.72 3.24 6.81 6.05
4.65 3.54 6.48 6.02
4.61 3.1 6.77 5.87
4.55 3.7 6.0 5.7
4.57 3.14 6.39 5.53
4.63 3.13 6.9 6.03
4.62 3.27 6.59 5.86
4.71 3.92 5.97 5.89
4.69 3.82 6.3 6.12
4.71 3.61 6.82 6.43
4.48 3.35 6.34 5.69
4.63 3.52 6.2 5.72
4.79 3.83 6.67 6.5
4.67 3.43 6.65 6.08
4.65 3.85 5.78 5.63
4.59 3.18 6.93 6.11
4.59 3.23 6.81 6.04
4.61 3.12 6.64 5.76
4.71 3.49 6.62 6.11
4.65 3.44 6.55 5.99
4.65 3.78 6.36 6.14
4.61 3.38 6.67 6.05
4.65 3.48 6.29 5.77
4.59 3.38 6.84 6.22
4.68 3.32 6.78 6.1
4.55 3.46 6.19 5.65
4.67 3.27 6.97 6.24
4.75 3.35 6.95 6.3
4.71 3.69 6.38 6.07
4.59 3.31 6.73 6.04
4.55 3.6 6.25 5.85
4.7 3.67 6.46 6.13
4.73 3.32 7.09 6.41
4.72 3.87 6.27 6.14
4.58 3.98 6.0 5.98
4.76 3.64 6.6 6.24
4.65 3.08 6.74 5.82
4.73 3.7 6.38 6.08
4.64 3.61 6.46 6.07
4.73 3.65 6.21 5.86
4.66 3.58 6.56 6.14
4.6 3.38 6.77 6.15
4.74 3.34 6.84 6.18
4.65 3.23 6.83 6.06
4.73 3.35 6.64 5.99
4.67 3.78 6.63 6.41
4.54 3.18 6.55 5.73
4.66 3.14 6.82 5.96
4.64 3.49 6.44 5.93
4.62 3.35 6.32 5.67
4.75 3.6 6.4 6.0
4.67 3.78 6.19 5.97
4.57 3.37 6.79 6.16
4.66 3.74 6.08 5.82
4.72 3.59 6.26 5.85
4.74 3.34 6.85 6.19
4.62 3.21 6.66 5.87
4.7 3.22 6.64 5.86
4.49 3.28 6.22 5.5
4.74 3.53 6.48 6.01
4.63 3.53 6.43 5.96
4.74 3.42 6.63 6.05
4.72 3.58 6.25 5.83
4.53 3.06 6.79 5.85
4.67 3.38 6.31 5.69
4.6 3.32 6.46 5.78
4.61 3.84 6.2 6.04
4.69 3.68 6.34 6.02
4.6 3.45 6.37 5.82
4.65 3.28 6.72 6.0
4.77 3.46 6.49 5.95
4.55 3.48 6.56 6.04
4.69 3.43 6.18 5.61
4.66 3.0 7.03 6.03
4.64 3.14 6.98 6.12
4.68 3.82 5.88 5.7
4.61 3.55 6.44 5.99
4.7 3.4 6.59 5.99
4.67 3.52 6.44 5.96
4.58 3.69 5.95 5.64
4.66 3.41 6.68 6.09
4.69 3.47 6.53 6.0
4.62 3.46 6.49 5.95
4.66 3.71 6.56 6.27
4.68 3.41 6.19 5.6
4.64 3.38 6.26 5.64
4.63 3.35 6.48 5.83
4.63 3.63 6.22 5.85
4.69 3.65 6.15 5.8
4.69 3.14 6.75 5.89
4.58 3.55 6.44 5.99
4.69 3.92 6.16 6.08
4.75 3.25 6.79 6.04
4.69 3.72 6.18 5.9
4.68 3.36 6.84 6.2
4.72 3.5 6.45 5.95
4.68 3.08 6.8 5.88
4.59 3.58 6.34 5.92
4.76 3.3 6.57 5.87
4.66 3.75 6.08 5.83
4.72 3.41 6.48 5.89
4.68 3.52 6.55 6.07
4.65 3.42 6.55 5.97
4.71 3.3 6.82 6.12
4.6 3.53 6.38 5.91
4.56 2.83 6.66 5.49
4.61 3.36 6.77 6.13
4.62 3.29 6.81 6.1
4.7 3.47 6.79 6.26
4.68 3.15 6.91 6.06
4.71 3.33 6.69 6.02
4.65 3.32 6.37 5.69
4.74 3.47 6.91 6.38
4.67 3.61 6.63 6.24
4.63 3.29 6.51 5.8
4.71 3.12 6.76 5.88
4.8 3.27 6.89 6.16
4.72 3.53 6.28 5.81
4.76 3.21 6.84 6.05
4.77 3.04 6.77 5.81
4.65 3.53 6.38 5.91
4.62 3.52 6.62 6.14
4.72 3.57 6.17 5.74
4.7 3.68 6.21 5.89
4.54 3.3 6.8 6.1
4.62 3.07 6.79 5.86
4.6 3.52 6.53 6.05
4.62 3.14 6.61 5.75
4.7 3.5 6.75 6.25
4.6 3.67 6.35 6.02
4.7 3.18 6.89 6.07
4.63 3.44 6.55 5.99
4.73 3.38 6.7 6.08
4.63 3.61 6.65 6.26
4.63 3.58 6.34 5.92
4.79 3.46 6.94 6.4
4.7 3.49 6.65 6.14
4.66 3.33 6.66 5.99
4.52 3.84 5.95 5.79
4.76 3.55 6.86 6.41
4.75 4.11 6.14 6.25
4.65 3.07 6.82 5.89
4.58 3.32 6.63 5.95
4.71 3.56 6.55 6.11
4.68 3.6 6.39 5.99
4.62 3.28 6.73 6.01
4.73 3.47 6.63 6.1
4.68 3.5 6.71 6.21
4.65 3.6 6.76 6.36
4.69 3.51 6.42 5.93
4.76 3.93 6.39 6.32
4.6 2.87 7.08 5.95
4.7 3.16 6.84 6.0
4.78 2.98 6.88 5.86
4.6 3.28 6.27 5.55
4.64 3.38 6.37 5.75
4.68 3.43 6.65 6.08
4.62 3.16 6.63 5.79
4.69 3.7 6.25 5.95
4.76 3.38 6.64 6.02
4.71 3.2 6.72 5.92
4.66 3.34 6.6 5.94
4.67 3.47 6.56 6.03
4.73 3.41 6.87 6.28
4.76 3.18 7.12 6.3
4.7 3.42 6.51 5.93
4.59 3.44 6.1 5.54
4.64 3.34 6.69 6.03
4.69 3.93 5.88 5.81
4.7 3.41 6.84 6.25
4.74 3.47 6.67 6.14
4.67 3.47 6.39 5.86
4.64 3.38 6.43 5.81
4.66 3.23 6.65 5.88
4.71 3.41 7.12 6.53
4.69 3.18 6.43 5.61
4.7 3.17 6.93 6.1
4.79 3.36 6.66 6.02
4.71 3.41 6.7 6.11
4.6 3.51 6.51 6.02
4.66 3.48 6.94 6.42
4.59 3.2 6.53 5.73
4.64 3.5 6.31 5.81
4.67 3.44 6.43 5.87
4.71 3.5 6.78 6.28
4.72 3.45 6.5 5.95
4.64 3.45 6.27 5.72
4.67 3.52 6.89 6.41
4.46 3.49 6.41 5.9
4.67 3.4 6.3 5.7
4.47 3.48 6.3 5.78
4.72 3.73 6.2 5.93
4.59 3.56 6.49 6.05
4.69 3.02 6.85 5.87
4.68 3.17 6.75 5.92
4.7 3.45 6.46 5.91
4.63 3.62 6.29 5.91
4.71 3.71 6.52 6.23
4.67 3.52 6.84 6.36
4.63 3.12 7.02 6.14
4.62 3.66 6.37 6.03
4.7 3.69 6.23 5.92
4.66 3.12 6.8 5.92
4.67 3.86 6.59 6.45
4.72 3.08 6.81 5.89
4.68 3.3 6.45 5.75
4.63 3.44 6.48 5.92
4.66 3.39 6.51 5.9
4.79 3.49 6.42 5.91
4.68 3.63 6.27 5.9
4.66 3.15 6.87 6.02
4.61 3.56 6.44 6.0
4.71 3.45 6.5 5.95
4.63 3.37 6.64 6.01
4.66 3.49 6.77 6.26
4.71 3.5 6.59 6.09
4.67 3.57 6.39 5.96
4.63 3.46 5.98 5.44
4.66 3.55 6.44 5.99
4.7 3.86 6.16 6.02
4.68 3.04 6.6 5.64
4.72 3.43 6.26 5.69
4.6 3.39 6.5 5.89
4.74 3.28 6.55 5.83
4.72 3.64 6.6 6.24
4.79 3.42 6.73 6.15
4.62 3.44 6.08 5.52
4.63 3.3 6.76 6.06
4.63 3.48 6.66 6.14
4.82 3.44 6.7 6.14
4.61 3.56 6.24 5.8
4.75 3.29 6.62 5.91
4.73 3.23 7.11 6.34
4.74 3.28 6.64 5.92
4.7 3.6 6.56 6.16
4.66 3.28 6.72 6.0
4.74 3.33 6.84 6.17
4.62 2.97 7.02 5.99
4.63 3.37 6.72 6.09
4.65 3.46 6.58 6.04
4.63 3.65 6.68 6.33
4.74 3.76 6.21 5.97
4.72 3.64 6.4 6.04
4.7 3.45 6.45 5.9
4.58 3.49 6.55 6.04
4.72 3.55 6.9 6.45
4.55 3.42 6.54 5.96
4.68 3.57 6.51 6.08
4.61 3.47 6.48 5.95
4.58 3.35 6.69 6.04
4.74 3.37 6.39 5.76
4.67 3.11 6.77 5.88
4.76 3.84 6.34 6.18
4.66 3.59 6.63 6.22
4.63 3.44 6.73 6.17
4.55 3.46 6.48 5.94
4.72 3.58 6.49 6.07
4.67 3.31 6.46 5.77
4.6 3.1 6.87 5.97
4.72 3.94 6.09 6.03
4.66 3.46 6.62 6.08
4.73 3.81 6.29 6.1
4.6 3.41 6.33 5.74
4.72 3.49 7.29 6.78
4.56 3.81 6.11 5.92
4.7 3.23 6.74 5.97
4.74 3.24 6.85 6.09
4.65 3.73 6.6 6.33
4.75 3.41 6.9 6.31
4.67 3.42 6.47 5.89
4.66 3.95 6.32 6.27
4.65 3.49 6.5 5.99
4.65 3.43 6.17 5.6
4.68 3.54 6.65 6.19
4.6 3.73 6.57 6.3
4.67 3.03 6.71 5.74
4.75 3.42 6.32 5.74
4.69 3.28 6.75 6.03
4.62 3.28 6.51 5.79
4.72 3.27 6.53 5.8
4.65 3.23 6.46 5.69
4.68 3.47 7.07 6.54
4.75 3.77 6.87 6.64
4.67 3.71 6.47 6.18
4.69 3.52 6.47 5.99
4.62 3.18 6.68 5.86
4.68 3.1 7.18 6.28
4.72 3.43 6.37 5.8
4.63 3.35 6.79 6.14
4.7 3.3 6.66 5.96
4.72 3.2 6.72 5.92
4.73 3.51 6.44 5.95
4.67 3.53 6.1 5.63
4.53 3.5 6.28 5.78
4.67 3.16 6.39 5.55
4.61 3.28 6.59 5.87
4.62 2.98 6.97 5.95
4.71 3.4 6.41 5.81
4.63 3.4 6.77 6.17
4.65 3.53 6.68 6.21
4.65 3.61 6.61 6.22
4.6 3.36 6.38 5.74
4.56 3.42 6.37 5.79
4.53 3.2 6.58 5.78
4.75 3.42 6.6 6.02
4.7 3.51 6.69 6.2
4.63 2.97 6.78 5.75
4.57 3.05 6.47 5.52
4.66 3.61 6.53 6.14
4.77 3.77 6.61 6.38
4.64 3.24 6.88 6.12
4.53 3.51 6.47 5.98
4.68 3.33 6.77 6.1
4.7 3.57 6.67 6.24
4.69 3.18 6.48 5.66
4.62 3.26 6.33 5.59
4.65 3.64 6.59 6.23
4.59 3.61 6.51 6.12
4.65 3.3 6.54 5.84
4.63 3.37 6.41 5.78
4.66 3.58 6.39 5.97
4.62 3.62 6.08 5.7
4.7 3.65 6.38 6.03
4.64 3.37 6.72 6.09
4.49 3.39 6.15 5.54
4.62 3.26 6.78 6.04
4.7 3.56 6.36 5.92
4.64 3.5 6.88 6.38
4.66 3.41 6.67 6.08
4.58 3.75 5.95 5.7
4.74 3.41 6.86 6.27
4.64 3.55 6.42 5.97
4.73 3.57 6.69 6.26
4.71 3.58 6.57 6.15
4.61 3.38 6.5 5.88
4.73 3.67 6.51 6.18
4.67 3.4 6.66 6.06
4.73 3.31 6.75 6.06
4.64 3.28 6.38 5.66
4.64 3.49 5.95 5.44
4.74 3.56 6.36 5.92
4.61 4.03 5.99 6.02
4.76 3.07 7.05 6.12
4.68 3.39 6.64 6.03
4.73 3.34 7.29 6.63
4.72 3.45 6.55 6.0
4.68 3.32 6.9 6.22
4.75 3.51 6.77 6.28
4.75 3.47 6.31 5.78
4.56 3.3 6.94 6.24
4.63 3.5 6.29 5.79
4.75 3.78 6.29 6.07
4.75 3.51 6.88 6.39
4.73 3.81 6.76 6.57
4.56 3.46 6.32 5.78
4.65 3.67 6.44 6.11
4.69 3.32 6.71 6.03
4.68 3.67 6.36 6.03
4.78 3.47 6.51 5.98
4.61 3.47 6.46 5.93
4.66 3.39 6.62 6.01
4.55 3.39 6.56 5.95
4.77 3.98 6.38 6.36
4.57 3.53 6.26 5.79
4.69 3.67 6.31 5.98
4.69 3.82 6.31 6.13
4.69 3.41 6.64 6.05
4.82 3.09 7.0 6.09
4.65 3.34 6.58 5.92
4.79 3.43 6.77 6.2
4.78 3.47 6.72 6.19
4.61 3.25 6.68 5.93
4.71 3.41 6.46 5.87
4.69 3.48 6.64 6.12
4.65 3.28 6.63 5.91
4.73 3.25 6.84 6.09
4.63 3.5 6.48 5.98
4.68 3.27 6.8 6.07
4.56 3.68 6.5 6.18
4.62 3.7 6.18 5.88
4.71 3.57 6.54 6.11
4.67 3.21 6.5 5.71
4.75 3.78 6.24 6.02
4.75 3.24 6.79 6.03
4.7 3.61 6.46 6.07
4.57 3.19 6.63 5.82
4.62 3.59 6.09 5.68
4.59 3.45 6.6 6.05
4.68 3.82 6.63 6.45
4.6 3.5 6.51 6.01
4.64 3.38 6.71 6.09
4.78 3.39 6.92 6.31
4.73 3.75 6.52 6.27
4.7 3.65 6.7 6.35
4.72 3.36 6.85 6.21
4.59 3.84 6.15 5.99
4.62 3.08 6.83 5.91
4.71 3.44 6.61 6.05
4.7 3.33 6.87 6.2
4.76 3.3 6.77 6.07
4.68 3.62 6.66 6.28
4.67 3.19 6.85 6.04
4.64 3.3 6.87 6.17
4.84 3.27 7.03 6.3
4.78 3.41 6.98 6.39
4.76 3.23 6.81 6.04
4.64 4.01 6.1 6.11
4.68 3.03 7.03 6.06
4.71 3.49 6.37 5.86
4.64 3.72 6.49 6.21
4.66 3.38 6.42 5.8
4.61 3.26 6.73 5.99
4.66 3.35 6.49 5.84
4.71 3.57 6.42 5.99
4.61 3.53 6.7 6.23
4.74 2.87 7.26 6.13
4.62 3.17 6.67 5.84
4.65 3.44 6.38 5.82
4.72 3.26 7.04 6.3
4.6 3.59 6.38 5.97
4.68 3.27 6.94 6.21
4.8 3.75 6.49 6.24
4.58 2.92 6.45 5.37
4.74 3.14 6.55 5.69
4.58 3.66 6.64 6.3
4.65 3.55 6.8 6.35
4.69 3.64 6.63 6.27
4.75 3.15 6.48 5.63
4.59 3.05 6.96 6.01
4.58 3.13 6.88 6.01
4.69 3.15 6.92 6.07
4.67 3.38 6.63 6.01
4.69 3.61 6.38 5.99
4.7 3.33 6.88 6.21
4.8 3.47 6.63 6.1
4.62 3.12 6.69 5.81
4.58 3.4 6.51 5.91
4.67 3.03 7.05 6.08
4.61 3.36 6.68 6.04
4.62 3.57 6.51 6.08
4.74 3.17 6.83 6.0
4.68 3.42 6.44 5.86
4.78 3.12 6.71 5.83
4.64 3.14 6.97 6.11
4.65 3.37 6.53 5.9
4.61 3.18 6.54 5.72
4.7 3.74 6.76 6.5
4.72 3.45 6.65 6.1
4.6 3.36 6.38 5.74
4.6 3.55 6.39 5.94
4.72 3.73 6.24 5.97
4.71 3.53 6.51 6.04
4.68 3.32 6.75 6.07
4.76 2.89 7.64 6.53
4.64 3.35 6.34 5.69
4.59 3.56 6.52 6.08
4.58 3.16 6.67 5.83
4.79 3.41 6.8 6.21
4.55 3.56 6.14 5.7
4.66 3.4 6.57 5.97
4.66 3.24 6.78 6.02
4.71 3.51 6.25 5.76
4.58 3.37 6.32 5.69
4.69 3.44 6.06 5.5
4.78 3.45 6.84 6.29
4.71 3.66 6.24 5.9
4.71 3.29 6.95 6.24
4.6 3.63 6.24 5.87
4.63 3.66 6.13 5.79
4.56 3.59 6.48 6.07
4.66 3.19 6.71 5.9
4.65 3.07 6.43 5.5
4.68 3.37 6.68 6.05
4.8 3.48 6.47 5.95
4.56 3.75 6.55 6.3
4.82 3.06 7.25 6.31
4.61 3.65 6.52 6.17
4.65 3.64 6.33 5.97
4.75 3.58 6.4 5.98
4.67 3.64 6.35 5.99
4.57 3.34 6.36 5.7
4.63 3.01 6.92 5.93
4.66 3.76 6.17 5.93
4.69 3.16 6.65 5.81
4.6 3.29 6.65 5.94
4.58 3.93 6.03 5.96
4.51 3.49 6.59 6.08
4.59 3.78 6.27 6.05
4.58 3.73 6.25 5.98
4.7 3.63 6.37 6.0
4.75 3.48 6.52 6.0
4.52 3.3 6.38 5.68
4.54 3.58 6.47 6.05
4.73 3.34 6.88 6.22
4.69 3.5 6.77 6.27
4.72 3.69 6.37 6.06
4.76 3.21 6.88 6.09
4.63 3.54 6.21 5.75
4.68 3.78 6.38 6.16
4.64 3.49 6.46 5.95
4.63 3.39 6.61 6.0
4.6 3.5 6.41 5.91
4.61 3.24 6.61 5.85
4.74 3.73 6.48 6.21
4.61 3.27 6.44 5.71
4.73 3.64 6.55 6.19
4.75 3.02 7.41 6.43
4.67 3.5 6.51 6.01
4.72 3.67 6.64 6.31
4.56 3.59 6.19 5.78
4.72 3.6 6.34 5.94
4.62 3.89 6.09 5.98
4.72 3.74 6.66 6.4
4.72 3.68 6.69 6.37
4.6 3.52 6.47 5.99
4.58 3.46 6.2 5.66
4.66 3.26 6.58 5.84
4.66 3.19 7.01 6.2
4.61 3.35 6.61 5.96
4.62 3.24 6.78 6.02
4.55 3.26 6.64 5.9
4.72 3.53 6.33 5.86
4.59 3.65 6.38 6.03
4.69 3.56 6.37 5.93
4.73 3.64 6.33 5.97
4.64 3.59 6.33 5.92
4.7 3.26 6.91 6.17
4.72 3.18 6.81 5.99
4.76 3.19 6.91 6.1
4.65 3.73 6.38 6.11
4.73 3.3 6.62 5.92
4.75 3.29 6.78 6.07
4.69 3.45 6.79 6.24
4.65 3.47 6.11 5.58
4.68 3.57 6.41 5.98
4.59 3.74 6.15 5.89
4.62 3.68 6.59 6.27
4.69 3.56 6.7 6.26
4.67 3.4 6.65 6.05
4.57 3.06 6.75 5.81
4.76 3.49 6.93 6.42
4.63 3.21 6.57 5.78
4.74 3.56 6.05 5.61
4.58 3.36 6.72 6.08
4.64 3.33 6.45 5.78
4.66 3.29 6.23 5.52
4.66 3.66 6.41 6.07
4.72 3.29 6.92 6.21
4.69 3.42 6.36 5.78
4.71 3.59 6.54 6.13
4.8 3.13 7.16 6.29
4.71 3.38 7.08 6.46
4.74 3.39 6.7 6.09
4.7 3.79 6.35 6.14
4.66 3.42 6.94 6.36
4.77 3.3 6.63 5.93
4.54 2.87 6.97 5.84
4.74 3.23 6.47 5.7
4.8 3.52 6.44 5.96
4.63 3.37 6.36 5.73
4.62 3.04 6.91 5.95
4.7 3.38 6.4 5.78
4.68 3.32 6.61 5.93
4.66 4.03 6.3 6.33
4.6 3.08 7.06 6.14
4.66 3.1 6.91 6.01
4.62 3.42 6.68 6.1
4.64 3.64 6.31 5.95
4.7 3.27 6.92 6.19
4.7 3.21 6.93 6.14
4.72 3.62 6.76 6.38
4.64 3.04 6.82 5.86
4.73 3.59 6.27 5.86
4.78 3.17 6.91 6.08
4.66 3.64 5.98 5.62
4.66 3.24 6.75 5.99
4.7 3.51 6.46 5.97
4.62 3.41 6.37 5.78
4.63 3.32 6.61 5.93
4.62 3.77 6.22 5.99
4.77 3.38 6.64 6.02
4.63 3.47 6.76 6.23
4.76 3.19 7.17 6.36
4.75 3.23 6.51 5.74
4.67 3.6 6.19 5.79
4.72 3.3 6.3 5.6
4.62 3.62 6.7 6.32
4.66 3.41 6.93 6.34
4.67 3.29 6.8 6.09
4.71 3.52 6.81 6.33
4.68 3.22 6.75 5.97
4.67 3.57 6.57 6.14
4.72 3.21 6.51 5.72
4.73 3.25 6.53 5.78
4.7 3.19 7.01 6.2
4.72 3.6 6.67 6.27
4.72 3.52 6.81 6.33
4.8 2.97 7.13 6.1
4.61 3.22 6.62 5.84
4.64 3.19 6.7 5.89
4.64 3.56 6.49 6.05
4.63 3.12 6.83 5.95
4.68 3.41 6.45 5.86
4.59 3.11 6.43 5.54
4.59 3.18 6.76 5.94
4.6 3.38 6.66 6.04
4.56 3.51 6.29 5.8
4.68 3.64 6.34 5.98
4.69 3.76 6.31 6.07
4.81 3.68 6.51 6.19
4.64 3.42 6.52 5.94
4.68 3.19 6.6 5.79
4.66 3.47 6.38 5.85
4.71 3.03 6.83 5.86
4.69 3.4 6.67 6.07
4.6 3.95 6.18 6.13
4.7 3.54 6.51 6.05
4.61 3.66 6.26 5.92
4.72 3.78 6.64 6.42
4.69 3.39 7.04 6.43
4.68 3.25 6.59 5.84
4.69 3.88 6.5 6.38
4.76 3.63 6.5 6.13
4.7 3.47 6.37 5.84
4.81 3.35 6.92 6.27
4.62 3.31 6.8 6.11
4.57 3.23 6.63 5.86
4.66 3.55 6.65 6.2
4.63 3.49 5.95 5.44
4.72 3.39 6.78 6.17
4.69 3.46 6.81 6.27
4.74 3.48 6.45 5.93
4.7 3.41 6.7 6.11
4.54 3.67 6.45 6.12
4.67 2.95 6.98 5.93
4.65 3.06 6.69 5.75
4.69 3.29 6.6 5.89
4.61 3.32 6.5 5.82
4.74 3.46 6.6 6.06
4.75 3.47 6.72 6.19
4.56 3.28 6.42 5.7
4.83 3.37 6.83 6.2
4.62 3.54 6.11 5.65
4.6 3.03 6.8 5.83
4.71 3.54 6.53 6.07
4.76 3.41 6.57 5.98
4.68 3.73 6.41 6.14
4.63 3.46 6.48 5.94
4.81 3.52 6.86 6.38
4.69 3.51 6.48 5.99
4.74 3.37 6.54 5.91
4.7 3.21 6.65 5.86
4.63 3.28 6.61 5.89
4.82 3.32 7.08 6.4
4.69 3.27 6.45 5.72
4.57 3.26 6.43 5.69
4.72 3.32 6.65 5.97
4.72 3.25 7.02 6.27
4.69 3.6 6.54 6.14
4.79 3.89 6.33 6.22
4.73 3.71 6.52 6.23
4.62 3.67 6.4 6.07
4.71 3.47 6.62 6.09
4.73 3.43 6.47 5.9
4.71 3.69 6.39 6.08
4.71 3.44 6.67 6.11
4.63 3.56 6.65 6.21
4.67 3.56 6.83 6.39
4.67 3.58 6.65 6.23
4.63 3.34 6.96 6.3
4.65 3.32 6.51 5.83
4.65 4.18 5.88 6.06
4.76 3.6 6.43 6.03
4.79 3.23 6.88 6.11
4.72 3.77 6.16 5.93
4.73 3.93 6.37 6.3
4.63 3.5 6.43 5.93
4.69 3.92 6.15 6.07
4.65 3.57 6.51 6.08
4.59 3.31 6.69 6.0
4.78 3.54 6.5 6.04
4.65 3.5 6.42 5.92
4.69 3.67 6.32 5.99
4.59 3.34 6.24 5.58
4.81 3.84 6.1 5.94
4.65 3.44 6.51 5.95
4.68 3.22 6.66 5.88
4.78 3.54 6.85 6.39
4.55 3.68 5.78 5.46
4.7 3.27 6.73 6.0
4.69 3.3 6.87 6.17
4.61 3.65 6.35 6.0
4.68 3.4 6.73 6.13
4.61 3.7 6.31 6.01
4.69 3.47 6.67 6.14
4.62 3.51 6.51 6.02
4.68 3.41 6.75 6.16
4.74 3.77 6.67 6.44
4.65 3.61 6.49 6.1
4.58 3.72 6.22 5.94
4.79 3.46 6.96 6.42
4.7 3.29 6.62 5.91
4.68 3.15 7.05 6.2
4.66 3.31 6.58 5.89
4.62 3.63 6.25 5.88
4.71 3.42 6.57 5.99
4.71 3.26 6.92 6.18
4.67 3.31 6.69 6.0
4.74 3.8 6.17 5.97
4.63 3.33 6.85 6.18
4.58 3.89 6.0 5.89
4.65 3.84 6.05 5.89
4.7 3.23 7.05 6.28
4.69 3.26 6.82 6.08
4.7 3.45 6.71 6.16
4.73 3.49 6.36 5.85
4.56 3.7 5.98 5.68
4.69 3.32 6.74 6.06
4.66 3.63 6.42 6.05
4.73 4.23 5.92 6.15
4.69 3.63 6.45 6.08
4.66 3.29 6.97 6.26
4.68 3.65 6.41 6.06
4.69 3.71 6.29 6.0
4.76 3.65 6.7 6.35
4.73 3.43 6.83 6.26
4.65 3.29 6.62 5.91
4.67 3.84 6.6 6.44
4.69 3.15 6.94 6.09
4.67 3.4 6.7 6.1
4.7 3.66 6.43 6.09
4.72 3.48 6.61 6.09
4.57 3.45 6.39 5.84
4.76 3.44 6.44 5.88
4.61 3.51 6.27 5.78
4.59 3.67 6.11 5.78
4.73 3.82 6.23 6.05
4.67 3.76 6.09 5.85
4.64 3.31 6.92 6.23
4.68 3.54 6.56 6.1
4.7 3.46 6.51 5.97
4.61 3.36 6.7 6.06
4.77 3.43 6.8 6.23
4.73 3.66 6.34 6.0
4.62 3.36 6.56 5.92
4.7 3.5 6.66 6.16
4.58 3.3 6.65 5.95
4.58 3.37 6.52 5.89
4.7 3.47 6.72 6.19
4.76 3.33 6.81 6.14
4.79 3.41 6.57 5.98
4.65 3.61 6.59 6.2
4.73 3.38 6.58 5.96
4.66 3.29 6.92 6.21
4.77 3.22 7.04 6.26
4.62 3.96 6.23 6.19
4.65 3.64 6.56 6.2
4.73 3.52 6.29 5.81
4.61 3.9 6.14 6.04
4.67 3.28 6.72 6.0
4.62 3.3 6.82 6.12
4.71 3.76 6.34 6.1
4.65 3.46 6.42 5.88
4.64 3.47 6.54 6.01
4.68 3.13 6.86 5.99
4.58 3.5 6.45 5.95
4.61 3.66 6.56 6.22
4.62 3.54 6.52 6.06
4.68 3.34 6.59 5.93
4.58 3.45 6.61 6.06
4.58 3.32 6.33 5.65
4.72 3.5 6.42 5.92
4.66 3.46 6.61 6.07
4.68 3.19 6.93 6.12
4.72 3.34 6.73 6.07
4.65 3.45 6.21 5.66
4.64 3.97 6.15 6.12
4.7 3.58 6.23 5.81
4.62 3.63 6.64 6.27
4.64 3.07 6.89 5.96
4.69 2.91 6.68 5.59
4.78 3.31 7.55 6.86
4.66 3.41 6.59 6.0
4.77 3.36 6.79 6.15
4.75 3.74 6.67 6.41
4.7 3.46 7.13 6.59
4.62 3.34 6.83 6.17
4.55 3.73 6.28 6.01
4.6 3.31 6.63 5.94
4.66 3.61 6.41 6.02
4.67 3.64 6.44 6.08
4.71 3.52 6.43 5.95
4.66 3.31 6.64 5.95
4.63 3.25 6.62 5.87
4.65 3.66 6.36 6.02
4.71 3.61 6.58 6.19
4.65 3.59 6.65 6.24
4.68 3.46 6.61 6.07
4.72 3.57 6.36 5.93
4.8 3.02 7.2 6.22
4.63 3.27 7.04 6.31
4.63 3.17 6.6 5.77
4.7 3.4 6.47 5.87
4.74 3.18 6.59 5.77
4.7 3.27 6.77 6.04
4.71 3.71 6.15 5.86
4.7 3.41 6.64 6.05
4.64 3.29 6.52 5.81
4.55 3.57 6.36 5.93
4.73 3.46 6.46 5.92
4.77 3.02 7.15 6.17
4.56 3.54 6.31 5.85
4.66 3.66 6.14 5.8
4.54 3.29 6.3 5.59
4.72 3.51 6.41 5.92
4.67 3.58 6.54 6.12
4.65 3.22 6.69 5.91
4.63 3.54 6.75 6.29
4.71 3.5 6.77 6.27
4.72 3.5 6.5 6.0
4.62 3.46 6.28 5.74
4.69 3.26 6.96 6.22
4.65 3.26 6.6 5.86
4.59 3.38 6.5 5.88
4.72 3.48 6.57 6.05
4.79 3.92 6.46 6.38
4.59 3.76 6.07 5.83
4.76 3.53 6.69 6.22
4.65 3.25 6.94 6.19
4.73 3.5 6.4 5.9
4.65 3.7 6.11 5.81
4.7 3.36 6.86 6.22
4.59 3.47 6.46 5.93
4.68 3.24 6.78 6.02
4.67 3.89 6.01 5.9
4.7 3.18 6.97 6.15
4.59 3.19 6.37 5.56
4.76 3.45 6.83 6.28
4.54 3.64 6.45 6.09
4.71 3.51 6.65 6.16
4.75 3.48 6.55 6.03
4.66 3.22 6.96 6.18
4.71 3.67 6.44 6.11
4.69 3.31 6.67 5.98
4.76 3.49 6.69 6.18
4.75 3.55 6.34 5.89
4.69 3.42 6.58 6.0
4.51 3.74 6.02 5.76
4.69 3.53 6.58 6.11
4.76 3.78 6.35 6.13
4.59 3.44 6.38 5.82
4.75 3.55 6.5 6.05
4.63 3.39 6.4 5.79
4.72 3.77 6.08 5.85
4.77 3.68 6.46 6.14
4.7 3.84 6.15 5.99
4.71 3.63 6.68 6.31
4.77 3.33 6.61 5.94
4.8 3.37 6.45 5.82
4.74 3.46 6.8 6.26
4.61 3.58 6.32 5.9
4.55 3.41 6.49 5.9
4.76 3.51 6.64 6.15
4.63 3.66 6.38 6.04
4.61 3.67 6.42 6.09
4.59 3.23 6.61 5.84
4.68 3.74 6.31 6.05
4.66 3.35 6.68 6.03
4.79 3.75 6.74 6.49
4.67 3.46 6.47 5.93
4.71 3.69 6.21 5.9
4.69 3.78 6.36 6.14
4.61 3.31 6.76 6.07
4.57 3.33 6.3 5.63
4.69 3.29 7.0 6.29
4.6 3.58 6.27 5.85
4.78 3.3 6.7 6.0
4.57 3.49 6.33 5.82
4.71 3.41 6.61 6.02
4.72 3.41 6.46 5.87
4.65 3.04 7.0 6.04
4.68 3.67 6.69 6.36
4.61 3.44 6.7 6.14
4.56 3.34 6.52 5.86
4.64 3.48 6.26 5.74
4.65 3.23 6.81 6.04
4.69 3.65 6.24 5.89
4.61 3.43 6.74 6.17
4.71 3.42 6.78 6.2
4.57 3.5 6.42 5.92
4.61 3.7 6.17 5.87
4.58 3.27 6.69 5.96
4.68 3.61 6.48 6.09
4.58 3.47 6.41 5.88
4.7 3.52 6.41 5.93
4.48 3.63 6.36 5.99
4.66 3.32 6.57 5.89
4.74 3.53 6.47 6.0
4.63 3.2 6.57 5.77
4.64 3.46 6.15 5.61
4.71 3.02 6.87 5.89
4.65 3.77 6.49 6.26
4.64 3.08 7.01 6.09
4.76 3.7 6.76 6.46
4.64 3.39 6.73 6.12
4.62 3.62 6.1 5.72
4.5 3.23 6.58 5.81
4.76 3.56 6.67 6.23
4.62 3.65 6.46 6.11
4.67 3.35 6.95 6.3
4.71 3.14 6.88 6.02
4.48 3.88 5.81 5.69
4.62 3.25 6.56 5.81
4.64 3.56 6.53 6.09
4.72 3.44 6.49 5.93
4.76 3.24 6.76 6.0
4.64 3.58 6.15 5.73
4.69 3.67 6.23 5.9
4.63 3.44 6.66 6.1
4.73 3.75 6.42 6.17
4.65 3.25 6.68 5.93
4.72 3.45 6.31 5.76
4.59 3.41 6.67 6.08
4.57 3.35 6.33 5.68
4.65 3.34 6.53 5.87
4.61 3.33 6.69 6.02
4.66 3.31 6.73 6.04
4.63 3.41 6.46 5.87
4.67 3.2 6.87 6.07
4.64 3.45 6.29 5.74
4.68 3.33 6.87 6.2
4.69 3.67 6.33 6.0
4.68 3.45 6.48 5.93
4.71 3.66 6.62 6.28
4.68 3.66 6.21 5.87
4.64 3.44 6.52 5.96
4.74 3.49 6.58 6.07
4.64 3.32 6.68 6.0
4.57 3.31 6.78 6.09
4.64 3.8 6.13 5.93
4.72 3.21 6.99 6.2
4.57 3.93 6.04 5.97
4.6 3.91 5.97 5.88
4.68 2.97 6.73 5.7
4.54 3.1 6.81 5.91
4.75 3.43 6.78 6.21
4.73 3.77 6.59 6.36
4.68 3.2 6.68 5.88
4.82 3.2 6.81 6.01
4.71 3.07 6.8 5.87
4.65 3.34 6.87 6.21
4.66 3.47 6.28 5.75
4.62 2.98 6.84 5.82
4.55 3.51 6.13 5.64
4.65 3.71 6.34 6.05
4.65 3.52 6.55 6.07
4.74 3.38 6.78 6.16
4.75 3.55 6.43 5.98
4.72 3.23 6.76 5.99
4.66 3.68 6.3 5.98
4.67 3.33 6.77 6.1
4.68 3.12 7.22 6.34
4.54 3.32 6.52 5.84
4.76 2.93 7.29 6.22
4.66 3.43 6.43 5.86
4.69 3.74 6.13 5.87
4.73 3.53 6.84 6.37
4.63 3.44 6.3 5.74
4.65 3.48 6.38 5.86
4.78 3.09 7.17 6.26
4.67 3.61 6.26 5.87
4.65 3.51 6.57 6.08
4.64 3.36 6.32 5.68
4.6 3.7 6.21 5.91
4.69 3.75 6.31 6.06
4.72 2.8 7.01 5.81
4.73 3.54 6.7 6.24
4.73 3.41 6.52 5.93
4.66 3.55 6.26 5.81
4.62 3.35 6.58 5.93
4.62 3.59 6.25 5.84
4.77 3.27 6.85 6.12
4.72 3.3 6.77 6.07
4.7 3.57 6.31 5.88
4.74 3.31 6.79 6.1
4.71 3.31 6.74 6.05
4.71 3.4 6.76 6.16
4.75 3.35 6.55 5.9
4.7 3.19 6.43 5.62
4.71 3.68 6.39 6.07
4.67 3.35 6.66 6.01
4.56 3.18 6.57 5.75
4.67 3.27 6.54 5.81
4.69 3.62 6.38 6.0
4.58 3.14 6.56 5.7
4.73 3.43 6.33 5.76
4.74 3.06 7.17 6.23
4.57 3.6 6.19 5.79
4.69 3.5 6.8 6.3
4.68 3.62 6.09 5.71
4.75 3.41 6.4 5.81
4.79 3.79 6.08 5.87
4.66 3.79 6.3 6.09
4.65 3.94 5.86 5.8
4.6 3.5 6.5 6.0
4.66 3.31 6.85 6.16
4.62 3.57 6.42 5.99
4.69 3.17 6.87 6.04
4.79 3.64 6.61 6.25
4.62 3.58 6.4 5.98
4.73 3.67 6.35 6.02
4.65 3.58 6.28 5.86
4.72 3.31 6.73 6.04
4.72 3.3 6.63 5.93
4.63 3.39 6.39 5.78
4.69 3.02 7.01 6.03
4.66 3.5 6.26 5.76
4.77 3.82 6.38 6.2
4.67 3.17 6.38 5.55
4.67 3.47 6.56 6.03
4.72 3.33 6.28 5.61
4.62 3.37 6.61 5.98
4.72 3.86 6.12 5.98
4.71 3.08 7.14 6.22
4.76 3.89 6.24 6.13
4.69 4.02 6.21 6.23
4.74 3.48 6.75 6.23
4.69 3.25 6.76 6.01
4.67 3.78 6.37 6.15
4.56 3.45 6.44 5.89
4.6 3.35 6.35 5.7
4.55 3.25 6.41 5.66
4.77 3.18 6.53 5.71
4.67 3.73 6.46 6.19
4.59 3.53 6.1 5.63
4.62 3.45 6.4 5.85
4.69 3.38 6.44 5.82
4.66 3.69 6.47 6.16
4.64 3.44 6.59 6.03
4.57 3.42 6.76 6.18
4.47 3.35 6.54 5.89
4.67 3.58 6.61 6.19
4.63 3.72 6.24 5.96
4.77 3.6 6.53 6.13
4.6 3.15 6.67 5.82
4.7 3.18 6.83 6.01
4.68 2.99 6.88 5.87
4.64 3.49 6.33 5.82
4.59 3.18 6.23 5.41
4.64 3.29 6.64 5.93
4.7 3.41 6.69 6.1
4.65 3.44 6.73 6.17
4.69 3.41 6.39 5.8
4.63 3.79 6.14 5.93
4.69 3.46 6.55 6.01
4.72 3.22 7.29 6.51
4.55 3.75 6.16 5.91
4.76 3.51 6.52 6.03
4.72 3.37 6.94 6.31
4.69 3.54 6.24 5.78
4.61 3.94 5.6 5.54
4.65 3.41 6.12 5.53
4.66 3.97 6.15 6.12
4.78 3.9 6.15 6.05
4.75 3.24 6.8 6.04
4.62 3.65 6.33 5.98
4.59 3.69 6.5 6.19
4.61 3.43 6.76 6.19
4.69 3.03 6.87 5.9
4.64 3.36 6.53 5.89
4.69 3.46 6.39 5.85
4.69 3.47 6.57 6.04
4.67 3.59 6.31 5.9
4.65 3.43 6.56 5.99
4.57 3.46 6.46 5.92
4.74 3.35 6.5 5.85
4.7 3.78 6.38 6.16
4.71 3.19 6.83 6.02
4.77 3.52 6.37 5.89
4.68 3.82 6.19 6.01
4.63 3.49 6.5 5.99
4.59 3.5 6.38 5.88
4.74 3.2 7.03 6.23
4.77 2.94 7.24 6.18
4.66 3.53 6.47 6.0
4.69 3.2 6.59 5.79
4.75 3.6 6.72 6.32
4.65 3.15 6.88 6.03
4.66 3.18 7.06 6.24
4.71 3.84 6.12 5.96
4.7 3.58 6.37 5.95
4.66 3.6 6.25 5.85
4.59 3.39 6.65 6.04
4.6 3.48 6.3 5.78
4.61 3.41 6.37 5.78
4.69 3.81 6.45 6.26
4.68 3.56 6.64 6.2
4.63 3.81 6.07 5.88
4.83 3.92 6.49 6.41
4.71 3.26 6.38 5.64
4.63 3.45 6.53 5.98
4.67 3.33 6.78 6.11
4.61 3.54 6.6 6.14
4.67 3.33 6.67 6.0
4.58 3.38 6.49 5.87
4.63 3.35 6.73 6.08
4.62 3.17 6.42 5.59
4.67 3.36 6.41 5.77
4.59 3.14 6.77 5.91
4.65 3.38 6.37 5.75
4.64 3.76 6.05 5.81
4.64 3.47 6.53 6.0
4.62 3.62 6.6 6.22
4.75 3.5 6.35 5.85
4.62 3.68 6.53 6.21
4.68 3.16 6.79 5.95
4.64 3.47 6.36 5.83
4.71 3.5 6.26 5.76
4.7 3.57 6.82 6.39
4.65 3.45 6.59 6.04
4.79 3.64 6.62 6.26
4.83 3.94 6.51 6.45
4.7 3.24 6.48 5.72
4.67 3.61 6.3 5.91
4.73 3.65 6.71 6.36
4.64 3.87 6.13 6.0
4.61 3.22 6.58 5.8
4.66 3.89 6.2 6.09
4.65 3.59 6.3 5.89
4.67 3.29 6.93 6.22
4.49 3.73 6.25 5.98
4.65 4.03 6.02 6.05
4.66 3.5 6.49 5.99
4.55 3.57 6.22 5.79
4.76 3.25 6.76 6.01
4.72 3.31 6.87 6.18
4.71 3.29 6.9 6.19
4.57 3.4 6.64 6.04
4.69 3.36 6.7 6.06
4.7 3.75 6.37 6.12
4.63 3.58 6.58 6.16
4.67 3.59 6.32 5.91
4.74 3.75 6.56 6.31
4.64 3.65 6.42 6.07
4.75 3.41 6.43 5.84
4.71 3.26 6.9 6.16
4.74 3.4 6.68 6.08
4.74 3.47 6.55 6.02
4.56 3.36 6.33 5.69
4.72 3.81 5.96 5.77
4.65 3.84 6.46 6.3
4.65 3.32 6.47 5.79
4.67 3.82 6.02 5.84
4.69 3.42 6.66 6.08
4.73 3.79 6.36 6.15
4.61 3.39 6.55 5.94
4.62 3.6 6.41 6.01
4.71 3.74 6.37 6.11
4.82 3.64 6.54 6.18
4.61 3.51 5.94 5.45
4.76 3.54 6.67 6.21
4.65 3.7 6.33 6.03
4.72 3.6 6.82 6.42
4.71 3.21 6.84 6.05
4.74 3.21 6.83 6.04
4.72 3.59 6.65 6.24
4.71 3.53 6.34 5.87
4.69 3.41 6.49 5.9
4.69 3.31 6.5 5.81
4.64 3.32 6.87 6.19
4.66 3.46 6.7 6.16
4.66 3.36 6.41 5.77
4.72 3.46 6.2 5.66
4.69 3.48 6.67 6.15
4.68 3.35 6.85 6.2
4.69 3.63 6.59 6.22
4.64 3.58 6.37 5.95
4.73 2.99 6.97 5.96
4.65 3.21 6.8 6.01
4.8 3.53 6.77 6.3
4.61 3.37 6.52 5.89
4.7 3.24 6.57 5.81
4.72 3.49 5.99 5.48
4.62 3.69 6.05 5.74
4.68 2.99 6.88 5.87
4.64 3.08 6.64 5.72
4.63 3.33 6.53 5.86
4.67 2.87 7.09 5.96
4.6 3.15 6.69 5.84
4.68 3.53 6.35 5.88
4.71 3.52 6.64 6.16
4.67 3.94 6.2 6.14
4.64 3.76 6.14 5.9
4.76 3.58 6.53 6.11
4.69 3.38 6.61 5.99
4.71 3.33 6.58 5.91
4.79 3.45 6.7 6.15
4.66 3.78 6.28 6.06
4.75 3.65 6.35 6.0
4.71 3.48 6.53 6.01
4.76 3.74 6.12 5.86
4.7 2.94 6.79 5.73
4.65 3.59 6.38 5.97
4.77 3.49 6.5 5.99
4.67 3.05 6.62 5.67
4.71 3.7 6.48 6.18
4.61 3.4 6.25 5.65
4.65 3.42 6.75 6.17
4.64 3.21 6.92 6.13
4.7 3.48 6.64 6.12
4.61 3.27 6.56 5.83
4.57 3.14 6.89 6.03
4.66 3.0 6.84 5.84
4.56 3.37 6.84 6.21
4.7 3.54 6.73 6.27
4.62 3.88 5.97 5.85
4.72 3.39 6.89 6.28
4.65 3.53 6.5 6.03
4.54 3.2 6.54 5.74
4.68 3.25 6.69 5.94
4.63 3.38 6.61 5.99
4.78 3.46 6.67 6.13
4.67 3.42 6.53 5.95
4.69 3.4 6.61 6.01
4.64 3.62 6.27 5.89
4.61 3.51 6.28 5.79
4.71 3.25 6.47 5.72
4.69 3.29 6.72 6.01
4.78 3.58 6.37 5.95
4.71 3.42 6.51 5.93
4.69 3.25 6.47 5.72
4.54 3.35 6.6 5.95
4.61 3.29 6.76 6.05
4.79 3.48 6.53 6.01
4.55 3.5 6.67 6.17
4.66 3.42 6.57 5.99
4.66 3.53 6.41 5.94
4.67 3.3 6.9 6.2
4.68 3.32 6.73 6.05
4.67 3.61 6.58 6.19
4.64 3.74 6.28 6.02
4.68 3.15 6.65 5.8
4.76 3.35 6.48 5.83
4.7 3.89 6.13 6.02
4.77 3.46 6.93 6.39
4.73 3.47 6.61 6.08
4.71 3.16 6.88 6.04
4.59 3.4 6.41 5.81
4.74 3.38 6.94 6.32
4.67 3.15 6.6 5.75
4.68 3.66 6.53 6.19
4.61 3.67 6.4 6.07
4.61 3.71 6.35 6.06
4.68 3.45 6.35 5.8
4.65 3.52 6.84 6.36
4.7 3.31 6.85 6.16
4.65 3.4 6.79 6.19
4.56 3.08 6.72 5.8
4.72 3.66 6.69 6.35
4.71 3.54 6.79 6.33
4.62 3.5 6.65 6.15
4.67 3.07 7.12 6.19
4.76 3.16 7.1 6.26
4.62 3.21 6.49 5.7
4.69 3.45 6.59 6.04
4.6 3.45 6.29 5.74
4.71 3.26 6.71 5.97
4.53 3.57 5.54 5.11
4.7 3.14 6.9 6.04
4.68 3.41 6.53 5.94
4.72 3.43 6.66 6.09
4.74 3.3 6.88 6.18
4.8 3.3 6.81 6.11
4.76 3.4 6.52 5.92
4.76 3.37 6.69 6.06
4.71 3.52 6.31 5.83
4.77 3.65 6.5 6.15
4.62 3.24 6.61 5.85
4.6 3.43 6.18 5.61
4.72 3.81 6.61 6.42
4.7 3.8 6.43 6.23
4.65 3.28 6.51 5.79
4.78 3.19 7.07 6.26
4.71 3.28 6.68 5.96
4.73 3.4 6.83 6.23
4.69 3.14 6.6 5.74
4.65 3.53 6.56 6.09
4.72 3.66 6.66 6.32
4.68 3.18 6.64 5.82
4.65 3.21 6.67 5.88
4.67 3.5 6.5 6.0
4.71 3.23 6.77 6.0
4.66 3.18 6.38 5.56
4.62 3.84 6.08 5.92
4.73 3.38 6.56 5.94
4.57 3.11 6.75 5.86
4.64 3.76 6.03 5.79
4.77 3.21 6.76 5.97
4.69 3.5 6.52 6.02
4.67 3.32 6.73 6.05
4.7 3.48 6.54 6.02
4.79 3.5 6.61 6.11
4.66 3.21 6.52 5.73
4.68 3.37 6.66 6.03
4.71 3.21 6.54 5.75
4.68 3.42 6.81 6.23
4.67 3.17 6.95 6.12
4.6 3.69 6.46 6.15
4.66 3.32 6.57 5.89
4.8 3.16 7.23 6.39
4.63 3.74 6.28 6.02
4.71 2.96 6.57 5.53
4.66 2.94 7.11 6.05
4.78 3.78 6.26 6.04
4.69 3.49 6.56 6.05
4.62 3.5 6.46 5.96
4.63 3.47 6.53 6.0
4.68 3.15 6.65 5.8
4.78 3.56 6.52 6.08
4.69 3.56 6.55 6.11
4.57 3.03 6.86 5.89
4.61 3.35 6.46 5.81
4.7 3.53 6.54 6.07
4.66 3.41 6.2 5.61
4.63 3.8 6.56 6.36
4.67 3.25 6.96 6.21
4.61 3.22 6.82 6.04
4.77 3.89 6.18 6.07
4.64 3.4 6.56 5.96
4.77 3.17 7.07 6.24
4.78 3.41 6.5 5.91
4.71 3.22 6.55 5.77
4.76 3.07 6.93 6.0
4.72 3.23 6.46 5.69
4.65 4.06 6.03 6.09
4.74 3.9 6.41 6.31
4.76 3.42 6.81 6.23
4.65 2.96 7.25 6.21
4.64 3.75 6.5 6.25
4.69 3.35 6.56 5.91
4.76 3.0 7.01 6.01
4.72 3.6 6.39 5.99
4.65 3.18 6.6 5.78
4.69 3.43 6.85 6.28
4.69 3.45 6.47 5.92
4.56 3.06 6.68 5.74
4.72 3.51 6.08 5.59
4.74 3.49 6.29 5.78
4.57 3.63 6.27 5.9
4.62 3.24 6.73 5.97
4.69 3.32 6.28 5.6
4.71 2.8 7.35 6.15
4.7 3.39 6.52 5.91
4.7 3.52 6.8 6.32
4.63 3.22 6.56 5.78
4.6 3.71 6.06 5.77
4.67 3.4 6.31 5.71
4.68 3.44 6.73 6.17
4.76 3.64 6.31 5.95
4.72 3.7 6.58 6.28
4.7 3.27 6.92 6.19
4.71 3.34 6.45 5.79
4.72 3.51 6.75 6.26
4.67 3.21 7.07 6.28
4.7 3.33 6.87 6.2
4.75 3.9 6.44 6.34
4.69 3.44 6.74 6.18
4.72 3.55 6.53 6.08
4.5 2.92 6.91 5.83
4.6 3.68 6.34 6.02
4.69 3.65 6.45 6.1
4.57 3.57 6.61 6.18
4.68 3.4 6.7 6.1
4.66 3.52 6.4 5.92
4.64 3.69 6.41 6.1
4.63 3.24 6.74 5.98
4.71 3.72 6.11 5.83
4.66 3.36 6.37 5.73
4.68 3.63 6.17 5.8
4.58 3.17 6.68 5.85
4.64 3.27 6.11 5.38
4.76 3.3 7.07 6.37
4.56 3.25 6.71 5.96
4.73 3.81 6.39 6.2
4.67 3.9 6.3 6.2
4.7 3.29 6.64 5.93
4.64 3.16 6.7 5.86
4.71 3.31 7.1 6.41
4.62 3.83 5.96 5.79
4.62 3.61 6.33 5.94
4.69 3.2 6.62 5.82
4.65 3.92 6.59 6.51
4.71 3.22 6.89 6.11
4.71 3.37 6.69 6.06
4.76 3.34 6.82 6.16
4.67 3.12 6.63 5.75
4.66 3.5 6.4 5.9
4.68 3.43 6.44 5.87
4.61 3.86 5.65 5.51
4.64 3.43 6.32 5.75
4.75 3.63 6.49 6.12
4.67 3.54 6.24 5.78
4.73 3.65 6.39 6.04
4.63 3.37 6.57 5.94
4.64 3.53 6.65 6.18
4.67 3.45 6.46 5.91
4.62 3.84 6.55 6.39
4.66 3.21 6.88 6.09
4.58 3.6 6.13 5.73
4.62 3.49 6.34 5.83
4.63 3.21 6.73 5.94
4.71 3.61 6.65 6.26
4.75 3.42 6.86 6.28
4.65 3.53 6.46 5.99
4.66 3.54 6.75 6.29
4.57 3.05 6.84 5.89
4.67 3.4 6.47 5.87
4.58 3.12 6.82 5.94
4.52 3.24 6.37 5.61
4.6 3.45 6.32 5.77
4.62 3.43 6.59 6.02
4.64 3.43 6.58 6.01
4.73 3.27 6.82 6.09
4.54 3.32 6.64 5.96
4.71 3.49 6.49 5.98
4.61 3.56 6.34 5.9
4.71 3.72 6.1 5.82
4.73 3.67 6.27 5.94
4.67 3.85 6.02 5.87
4.69 3.45 6.6 6.05
4.5 3.84 5.97 5.81
4.5 3.52 6.19 5.71
4.73 3.29 6.78 6.07
4.66 3.2 6.8 6.0
4.71 3.4 6.5 5.9
4.57 3.42 6.57 5.99
4.7 3.31 6.5 5.81
4.63 3.34 6.69 6.03
4.68 3.29 6.55 5.84
4.66 3.23 6.93 6.16
4.69 3.5 6.81 6.31
4.63 3.37 6.68 6.05
4.63 3.47 6.46 5.93
4.72 3.25 6.77 6.02
4.6 3.43 6.63 6.06
4.66 3.5 6.49 5.99
4.71 3.62 6.71 6.33
4.78 3.74 6.63 6.37
4.58 3.5 6.41 5.91
4.69 3.46 6.59 6.05
4.62 3.79 6.27 6.06
4.73 3.49 6.91 6.4
4.6 3.74 6.21 5.95
4.73 3.37 6.78 6.15
4.71 3.4 6.59 5.99
4.66 3.39 6.82 6.21
4.78 3.26 6.85 6.11
4.65 3.68 6.7 6.38
4.66 3.8 6.26 6.06
4.69 3.41 6.5 5.91
4.69 3.43 6.31 5.74
4.67 3.32 6.7 6.02
4.79 3.51 6.46 5.97
4.72 3.53 5.95 5.48
4.63 3.7 6.16 5.86
4.77 3.35 6.43 5.78
4.84 3.49 6.68 6.17
4.72 3.64 6.65 6.29
4.82 3.65 6.79 6.44
4.72 3.53 6.56 6.09
4.68 3.86 6.16 6.02
4.71 3.44 6.74 6.18
4.52 3.32 6.52 5.84
4.65 3.46 6.7 6.16
4.64 3.46 6.34 5.8
4.72 3.46 6.21 5.67
4.72 3.58 6.72 6.3
4.73 3.41 6.84 6.25
4.55 3.41 6.48 5.89
4.76 3.23 6.82 6.05
4.67 3.5 6.48 5.98
4.74 3.48 6.55 6.03
4.64 3.13 6.94 6.07
4.69 3.44 6.45 5.89
4.6 3.38 6.34 5.72
4.71 3.29 6.76 6.05
4.75 3.34 6.52 5.86
4.71 3.32 6.67 5.99
4.75 3.18 6.72 5.9
4.7 3.51 6.71 6.22
4.65 2.98 6.95 5.93
4.58 3.42 6.31 5.73
4.68 3.41 7.2 6.61
4.68 3.48 6.24 5.72
4.63 3.65 6.3 5.95
4.63 3.61 6.16 5.77
4.54 3.46 6.04 5.5
4.72 3.52 6.62 6.14
4.77 3.26 6.88 6.14
4.78 3.54 6.64 6.18
4.75 3.32 6.71 6.03
4.62 3.11 6.77 5.88
4.77 3.36 6.62 5.98
4.67 3.62 6.23 5.85
4.74 3.62 6.45 6.07
4.61 3.82 5.99 5.81
4.76 3.47 6.48 5.95
4.59 3.48 6.29 5.77
4.67 3.79 6.08 5.87
4.66 3.54 6.65 6.19
4.65 3.64 6.61 6.25
4.57 3.37 6.67 6.04
4.66 3.45 6.68 6.13
4.52 3.52 6.29 5.81
4.63 3.4 6.34 5.74
4.65 3.43 6.45 5.88
4.6 3.84 5.96 5.8
4.69 3.49 6.69 6.18
4.71 3.69 6.51 6.2
4.64 3.48 6.53 6.01
4.72 3.81 6.57 6.38
4.74 3.52 6.51 6.03
4.59 3.26 6.7 5.96
4.6 2.83 7.19 6.02
4.75 3.79 6.77 6.56
4.63 3.83 5.69 5.52
4.71 3.79 6.3 6.09
4.67 3.59 6.42 6.01
4.5 3.79 6.17 5.96
4.66 3.63 6.19 5.82
4.71 3.54 6.51 6.05
4.71 3.3 6.91 6.21
4.67 3.54 6.24 5.78
4.6 3.14 6.32 5.46
4.69 3.67 6.28 5.95
4.69 3.52 6.46 5.98
4.68 3.94 6.07 6.01
4.75 3.34 6.87 6.21
4.55 3.51 6.49 6.0
4.68 3.73 6.36 6.09
4.65 3.43 6.35 5.78
4.62 3.83 6.03 5.86
4.69 3.17 6.72 5.89
4.64 3.26 6.66 5.92
4.69 3.65 6.34 5.99
4.73 3.36 6.52 5.88
4.73 3.57 6.74 6.31
4.62 3.6 6.36 5.96
4.79 3.83 6.27 6.1
4.74 3.49 6.43 5.92
4.72 3.33 6.66 5.99
4.66 3.55 6.69 6.24
4.72 3.22 6.7 5.92
4.62 3.19 6.75 5.94
4.73 3.36 6.48 5.84
4.74 3.44 6.62 6.06
4.65 3.23 6.82 6.05
4.7 3.2 6.92 6.12
4.69 3.52 6.62 6.14
4.77 3.5 6.67 6.17
4.8 3.27 7.09 6.36
4.65 3.41 6.56 5.97
4.71 3.67 6.49 6.16
4.66 4.02 6.05 6.07
4.77 3.82 6.48 6.3
4.65 3.48 6.39 5.87
4.61 3.39 6.29 5.68
4.67 3.77 6.59 6.36
4.76 3.41 6.76 6.17
4.63 3.26 6.93 6.19
4.66 3.68 6.56 6.24
4.76 3.52 6.55 6.07
4.59 3.64 6.19 5.83
4.56 2.96 6.7 5.66
4.67 3.57 6.44 6.01
4.73 3.3 6.49 5.79
4.67 3.61 6.32 5.93
4.73 3.69 6.68 6.37
4.69 3.47 6.49 5.96
4.67 3.02 7.28 6.3
4.69 3.63 6.4 6.03
4.67 3.06 6.91 5.97
4.8 3.26 6.7 5.96
4.6 3.29 6.58 5.87
4.76 3.46 6.49 5.95
4.69 3.6 6.56 6.16
4.8 3.79 6.51 6.3
4.62 3.36 6.5 5.86
4.63 3.65 6.28 5.93
4.73 3.27 6.74 6.01
4.66 3.73 6.39 6.12
4.61 3.35 6.16 5.51
4.7 2.87 7.35 6.22
4.66 3.49 6.19 5.68
4.65 3.48 6.63 6.11
4.63 3.73 5.86 5.59
4.69 3.74 6.08 5.82
4.72 3.33 7.03 6.36
4.65 3.71 6.18 5.89
4.73 3.53 6.54 6.07
4.7 3.89 6.32 6.21
4.69 3.57 6.41 5.98
4.63 3.92 6.33 6.25
4.69 3.56 6.7 6.26
4.61 3.25 6.58 5.83
4.68 2.95 6.91 5.86
4.66 3.42 6.37 5.79
4.7 3.33 6.6 5.93
4.67 3.53 6.61 6.14
4.66 3.39 6.7 6.09
4.68 3.25 6.71 5.96
4.52 3.16 6.51 5.67
4.64 3.38 6.4 5.78
4.73 3.73 6.33 6.06
4.66 3.46 6.36 5.82
4.65 3.19 6.78 5.97
4.75 3.15 6.9 6.05
4.63 3.23 6.57 5.8
4.64 3.44 6.55 5.99
4.66 3.46 6.58 6.04
4.67 3.44 6.33 5.77
4.52 2.92 6.65 5.57
4.7 3.47 6.79 6.26
4.66 3.35 6.6 5.95
4.66 3.06 6.56 5.62
4.76 3.5 6.72 6.22
4.68 3.47 6.52 5.99
4.65 3.37 6.47 5.84
4.69 3.62 6.41 6.03
4.62 3.42 6.59 6.01
4.58 3.6 6.38 5.98
4.65 3.22 6.59 5.81
4.69 3.76 6.23 5.99
4.57 3.84 6.31 6.15
4.59 3.52 6.27 5.79
4.54 3.61 6.41 6.02
4.67 3.6 6.1 5.7
4.69 3.31 6.84 6.15
4.69 3.13 6.56 5.69
4.63 3.66 6.02 5.68
4.58 3.67 6.08 5.75
4.69 3.83 6.12 5.95
4.63 3.67 5.86 5.53
4.72 3.37 6.47 5.84
4.54 3.64 6.16 5.8
4.58 3.61 6.3 5.91
4.67 3.51 7.01 6.52
4.72 3.24 6.79 6.03
4.58 3.35 6.48 5.83
4.69 3.33 6.65 5.98
4.7 3.86 6.47 6.33
4.67 3.8 6.02 5.82
4.68 3.66 6.64 6.3
4.74 3.68 6.68 6.36
4.61 3.19 6.51 5.7
4.65 3.36 6.48 5.84
4.67 3.46 6.99 6.45
4.65 3.12 6.61 5.73
4.7 3.54 6.76 6.3
4.73 3.27 6.87 6.14
4.65 3.64 6.61 6.25
4.66 3.41 6.67 6.08
4.55 3.19 6.47 5.66
4.78 3.03 7.09 6.12
4.74 2.87 7.17 6.04
4.63 3.27 6.33 5.6
4.71 3.07 7.04 6.11
4.56 3.43 6.6 6.03
4.64 3.45 6.24 5.69
4.74 3.58 6.85 6.43
4.65 3.12 6.6 5.72
4.71 3.29 6.72 6.01
4.68 3.27 6.66 5.93
4.66 3.85 6.22 6.07
4.66 3.75 6.27 6.02
4.7 3.17 6.67 5.84
4.69 3.47 6.69 6.16
4.66 3.57 6.53 6.1
4.75 3.34 6.77 6.11
4.61 3.84 6.03 5.87
4.74 3.59 6.5 6.09
4.7 3.25 6.72 5.97
4.68 3.41 6.44 5.85
4.57 3.59 6.2 5.79
4.59 3.63 6.23 5.86
4.71 3.47 6.53 6.0
4.67 3.51 6.55 6.06
4.7 3.49 6.47 5.96
4.85 3.52 7.03 6.55
4.7 3.56 6.73 6.29
4.68 3.83 6.23 6.06
4.58 3.79 6.39 6.18
4.57 3.69 5.95 5.64
4.68 3.5 6.57 6.07
4.64 3.29 6.65 5.94
4.6 3.29 6.47 5.76
4.52 3.64 6.05 5.69
4.76 3.74 6.41 6.15
4.64 3.45 6.55 6.0
4.65 3.96 6.29 6.25
4.58 3.38 6.2 5.58
4.68 2.88 6.99 5.87
4.67 3.55 6.62 6.17
4.74 3.23 7.26 6.49
4.64 3.22 6.46 5.68
4.7 3.25 6.82 6.07
4.73 2.95 7.24 6.19
4.75 3.3 6.74 6.04
4.53 2.89 7.38 6.27
4.61 3.49 6.57 6.06
4.63 3.67 6.64 6.31
4.67 3.16 6.92 6.08
4.76 3.72 6.64 6.36
4.61 3.74 6.41 6.15
4.69 3.48 6.79 6.27
4.68 3.68 6.11 5.79
4.67 3.34 6.58 5.92
4.73 3.27 6.72 5.99
4.63 3.35 6.55 5.9
4.6 3.29 6.91 6.2
4.73 3.62 6.21 5.83
4.64 3.79 6.37 6.16
4.67 3.86 6.53 6.39
4.67 3.12 6.85 5.97
4.7 2.88 6.74 5.62
4.72 3.42 6.75 6.17
4.45 3.77 5.92 5.69
4.57 3.73 6.07 5.8
4.72 3.43 6.81 6.24
4.6 3.79 6.82 6.61
4.67 3.08 6.82 5.9
4.65 3.68 5.82 5.5
4.76 2.97 7.06 6.03
4.69 3.42 6.81 6.23
4.65 3.55 6.23 5.78
4.7 3.43 6.78 6.21
4.68 3.23 6.84 6.07
4.65 3.27 6.62 5.89
4.72 3.76 6.5 6.26
4.76 3.55 6.72 6.27
4.71 3.43 6.76 6.19
4.62 3.4 6.79 6.19
4.61 3.38 6.46 5.84
4.79 2.99 6.9 5.89
4.65 3.51 6.35 5.86
4.67 3.27 7.16 6.43
4.67 3.18 6.95 6.13
4.68 2.9 7.33 6.23
4.59 3.76 6.58 6.34
4.61 3.52 6.42 5.94
4.68 3.03 6.49 5.52
4.66 3.77 6.5 6.27
4.73 3.34 6.73 6.07
4.57 3.26 6.94 6.2
4.65 3.41 6.57 5.98
4.68 3.19 6.64 5.83
4.63 3.2 6.61 5.81
4.66 3.08 6.78 5.86
4.73 3.37 7.09 6.46
4.71 3.61 6.58 6.19
4.71 3.54 6.66 6.2
4.67 3.68 6.52 6.2
4.67 3.38 6.49 5.87
4.53 3.5 6.56 6.06
4.72 3.31 6.49 5.8
4.64 3.9 6.5 6.4
4.68 3.49 6.34 5.83
4.7 3.87 6.32 6.19
4.65 3.35 6.51 5.86
4.57 3.3 6.5 5.8
4.68 3.35 6.85 6.2
4.68 3.22 6.75 5.97
4.76 3.32 7.03 6.35
4.71 3.34 6.61 5.95
4.63 3.4 6.84 6.24
4.8 3.15 6.81 5.96
4.74 3.59 6.4 5.99
4.58 3.83 6.1 5.93
4.67 3.68 6.65 6.33
4.74 3.18 6.99 6.17
4.64 3.73 5.85 5.58
4.58 3.25 6.7 5.95
4.58 3.8 6.13 5.93
4.58 3.34 6.64 5.98
4.68 3.17 7.02 6.19
4.67 3.2 7.32 6.52
4.73 3.57 5.97 5.54
4.74 3.6 6.71 6.31
4.66 3.36 6.34 5.7
4.74 3.32 6.8 6.12
4.72 3.52 6.64 6.16
4.54 3.72 6.05 5.77
4.78 3.25 7.22 6.47
4.67 3.65 6.27 5.92
4.67 3.71 6.27 5.98
4.61 3.46 6.61 6.07
4.7 3.48 6.44 5.92
4.68 3.53 6.57 6.1
4.62 3.37 6.45 5.82
4.66 3.17 6.77 5.94
4.63 3.63 6.37 6.0
4.59 3.34 6.53 5.87
4.71 3.58 6.83 6.41
4.7 3.93 6.53 6.46
4.66 3.46 6.6 6.06
4.56 3.46 6.45 5.91
4.76 3.47 6.62 6.09
4.74 3.48 6.4 5.88
4.77 3.56 6.61 6.17
4.67 3.46 6.63 6.09
4.62 3.31 6.73 6.04
4.72 3.53 6.3 5.83
4.68 3.34 6.77 6.11
4.66 3.3 6.73 6.03
4.77 3.71 6.94 6.65
4.65 3.26 6.22 5.48
4.64 3.23 6.55 5.78
4.66 3.13 7.08 6.21
4.59 3.09 6.85 5.94
4.69 3.36 6.8 6.16
4.64 3.8 6.28 6.08
4.67 3.27 6.9 6.17
4.65 3.72 6.38 6.1
4.59 3.24 6.87 6.11
4.66 3.64 6.51 6.15
4.75 3.3 7.02 6.32
4.68 3.48 6.76 6.24
4.75 3.6 6.52 6.12
4.65 3.88 6.24 6.12
4.72 3.82 6.53 6.35
4.72 3.64 6.28 5.92
4.71 3.51 6.39 5.9
4.72 3.47 6.61 6.08
4.66 3.59 6.32 5.91
4.67 3.44 6.72 6.16
4.8 3.62 6.77 6.39
4.56 3.34 6.53 5.87
4.72 3.08 7.12 6.2
4.73 3.64 6.78 6.42
4.74 3.27 6.9 6.17
4.6 3.76 6.11 5.87
4.65 3.63 6.37 6.0
4.51 3.54 6.47 6.01
4.79 3.32 6.95 6.27
4.72 3.42 6.63 6.05
4.61 3.45 6.48 5.93
4.75 3.45 6.89 6.34
4.58 3.8 6.25 6.05
4.75 3.67 6.4 6.07
4.66 3.49 6.68 6.17
4.73 3.25 6.72 5.97
4.81 3.43 6.74 6.17
4.64 3.47 6.46 5.93
4.71 3.27 6.59 5.86
4.72 3.72 6.51 6.23
4.68 3.46 6.93 6.39
4.67 3.66 6.52 6.18
4.75 3.53 6.47 6.0
4.61 3.46 6.26 5.72
4.67 3.3 6.95 6.25
4.76 3.59 6.57 6.16
4.7 3.36 6.49 5.85
4.6 3.23 6.73 5.96
4.68 3.22 7.06 6.28
4.66 3.58 6.46 6.04
4.75 3.61 6.9 6.51
4.59 3.23 6.59 5.82
4.7 3.6 6.57 6.17
4.61 3.66 6.47 6.13
4.73 3.43 6.66 6.09
4.55 3.81 5.9 5.71
4.6 3.48 6.12 5.6
4.64 3.5 6.59 6.09
4.7 3.12 6.85 5.97
4.59 3.12 6.62 5.74
4.71 3.3 6.72 6.02
4.77 3.75 6.3 6.05
4.51 3.5 6.7 6.2
4.76 3.4 6.68 6.08
4.65 3.3 6.27 5.57
4.6 3.38 6.77 6.15
4.66 3.35 7.04 6.39
4.73 3.56 6.52 6.08
4.61 3.23 6.77 6.0
4.6 3.41 6.57 5.98
4.68 3.73 6.64 6.37
4.67 3.53 6.63 6.16
4.65 3.14 6.72 5.86
4.73 3.64 6.51 6.15
4.6 3.38 6.63 6.01
4.65 3.32 6.89 6.21
4.75 3.3 6.31 5.61
4.6 3.14 6.83 5.97
4.79 3.47 6.93 6.4
4.63 3.25 6.89 6.14
4.73 3.68 6.46 6.14
4.68 3.13 6.66 5.79
4.74 3.3 6.34 5.64
4.72 3.15 6.74 5.89
4.63 3.85 6.12 5.97
4.74 3.38 6.7 6.08
4.79 3.43 6.59 6.02
4.71 3.47 6.72 6.19
4.67 3.17 6.83 6.0
4.76 3.53 6.41 5.94
4.64 3.44 6.75 6.19
4.66 2.93 6.99 5.92
4.58 3.37 6.53 5.9
4.74 3.13 6.91 6.04
4.65 3.43 6.46 5.89
4.67 3.61 6.25 5.86
4.7 3.38 6.32 5.7
4.63 2.99 7.11 6.1
4.62 3.48 6.68 6.16
4.71 3.24 6.9 6.14
4.63 3.42 6.63 6.05
4.66 3.31 6.72 6.03
4.7 3.49 6.69 6.18
4.76 3.39 6.4 5.79
4.69 3.37 6.73 6.1
4.64 3.45 6.7 6.15
4.57 3.34 6.3 5.64
4.68 3.33 6.95 6.28
4.53 3.11 6.31 5.42
4.59 3.68 6.67 6.35
4.65 3.41 6.69 6.1
4.65 3.45 6.39 5.84
4.7 3.42 6.85 6.27
4.76 3.42 6.66 6.08
4.61 3.26 6.58 5.84
4.64 3.43 6.74 6.17
4.63 3.96 5.83 5.79
4.71 3.6 6.5 6.1
4.71 3.6 6.41 6.01
4.63 3.07 7.08 6.15
4.7 3.54 6.49 6.03
4.7 3.51 6.5 6.01
4.57 3.16 7.02 6.18
4.62 3.22 6.49 5.71
4.72 3.39 6.76 6.15
4.63 3.47 6.48 5.95
4.68 3.21 6.83 6.04
4.69 3.19 6.78 5.97
4.68 3.57 6.42 5.99
4.69 3.67 6.5 6.17
4.64 3.32 6.45 5.77
4.67 3.55 6.38 5.93
4.71 3.78 6.61 6.39
4.7 3.4 6.53 5.93
4.72 3.49 6.74 6.23
4.66 3.25 6.73 5.98
4.75 3.37 6.56 5.93
4.66 3.52 6.8 6.32
4.65 3.22 6.9 6.12
4.67 3.21 6.82 6.03
4.77 3.55 6.42 5.97
4.56 3.81 5.85 5.66
4.76 3.46 6.62 6.08
4.62 3.45 7.1 6.55
4.62 3.48 6.49 5.97
4.63 3.76 6.34 6.1
4.71 3.11 6.95 6.06
4.61 3.71 6.26 5.97
4.6 3.73 6.02 5.75
4.57 3.19 6.3 5.49
4.64 3.63 6.43 6.06
4.73 3.29 7.04 6.33
4.75 3.55 6.6 6.15
4.63 3.04 6.95 5.99
4.65 3.37 6.5 5.87
4.68 3.89 6.07 5.96
4.66 3.77 6.41 6.18
4.64 3.54 6.68 6.22
4.61 3.52 6.61 6.13
4.7 3.32 6.62 5.94
4.77 3.61 6.07 5.68
4.7 3.63 6.27 5.9
4.53 3.0 6.71 5.71
4.65 3.59 6.39 5.98
4.58 3.9 6.02 5.92
4.63 3.56 6.24 5.8
4.73 3.15 7.24 6.39
4.65 3.12 6.69 5.81
4.69 3.16 7.05 6.21
4.65 3.05 6.89 5.94
4.77 3.45 6.85 6.3
4.72 3.3 6.79 6.09
4.63 3.45 6.54 5.99
4.67 3.11 6.95 6.06
4.58 3.28 6.79 6.07
4.65 3.7 6.28 5.98
4.6 3.89 6.17 6.06
4.76 4.02 6.35 6.37
4.66 3.34 6.69 6.03
4.67 3.06 6.77 5.83
4.73 3.51 6.83 6.34
4.75 3.71 6.5 6.21
4.6 3.37 6.54 5.91
4.79 3.89 6.04 5.93
4.61 3.14 6.52 5.66
4.66 3.45 6.79 6.24
4.57 3.16 6.77 5.93
4.69 3.73 6.17 5.9
4.7 3.48 6.21 5.69
4.6 3.7 6.13 5.83
4.66 3.35 6.58 5.93
4.74 3.71 6.55 6.26
4.57 3.62 6.52 6.14
4.52 3.14 6.76 5.9
4.66 3.66 6.13 5.79
4.59 3.38 6.4 5.78
4.62 3.54 6.14 5.68
4.76 3.43 6.45 5.88
4.74 3.64 6.36 6.0
4.69 3.25 6.7 5.95
4.6 3.44 6.53 5.97
4.66 3.55 6.29 5.84
4.73 3.25 6.63 5.88
4.73 3.52 6.47 5.99
4.59 3.24 6.37 5.61
4.69 3.6 6.43 6.03
4.65 3.51 6.77 6.28
4.81 3.65 6.49 6.14
4.72 3.51 6.89 6.4
4.76 3.38 6.83 6.21
4.58 3.84 6.13 5.97
4.79 3.67 6.64 6.31
4.6 3.53 6.31 5.84
4.58 3.71 6.12 5.83
4.7 3.36 6.66 6.02
4.69 3.53 6.17 5.7
4.68 3.11 6.91 6.02
4.58 3.37 6.29 5.66
4.68 3.6 6.15 5.75
4.68 3.35 6.7 6.05
4.66 3.71 6.37 6.08
4.72 3.78 6.46 6.24
4.77 3.46 6.63 6.09
4.76 3.36 6.65 6.01
4.65 3.4 6.38 5.78
4.66 3.29 6.83 6.12
4.73 3.41 6.61 6.02
4.72 3.69 6.3 5.99
4.65 3.46 6.35 5.81
4.72 3.78 6.36 6.14
4.64 3.23 6.91 6.14
4.64 3.24 6.91 6.15
4.6 3.36 6.51 5.87
4.67 3.59 6.38 5.97
4.56 3.61 6.41 6.02
4.66 2.95 7.12 6.07
4.68 3.87 6.4 6.27
4.77 3.58 6.84 6.42
4.77 3.57 6.8 6.37
4.69 3.5 6.47 5.97
4.62 3.42 6.49 5.91
4.67 3.84 6.3 6.14
4.63 3.83 5.84 5.67
4.7 3.25 6.82 6.07
4.72 3.49 6.94 6.43
4.8 2.97 7.42 6.39
4.64 3.76 6.41 6.17
4.62 3.55 6.2 5.75
4.78 3.67 6.4 6.07
4.74 3.57 6.14 5.71
4.7 3.51 6.72 6.23
4.72 3.25 6.44 5.69
4.64 3.65 6.64 6.29
4.7 3.55 6.47 6.02
4.76 3.4 6.64 6.04
4.7 3.27 6.76 6.03
4.66 3.55 6.16 5.71
4.68 3.55 6.47 6.02
4.61 3.49 6.22 5.71
4.76 3.58 6.52 6.1
4.57 3.5 6.44 5.94
4.66 3.36 6.79 6.15
4.7 3.21 6.77 5.98
4.61 3.33 6.91 6.24
4.63 3.06 6.6 5.66
4.72 3.62 6.51 6.13
4.73 3.34 6.58 5.92
4.66 3.72 6.25 5.97
4.56 3.68 6.12 5.8
4.66 3.4 6.43 5.83
4.74 3.33 6.88 6.21
4.59 3.48 6.36 5.84
4.59 3.83 6.42 6.25
4.7 3.42 6.47 5.89
4.66 3.21 6.59 5.8
4.76 3.67 6.93 6.6
4.72 3.41 6.44 5.85
4.67 3.39 6.47 5.86
4.74 3.27 6.88 6.15
4.75 3.23 6.63 5.86
4.65 3.43 6.83 6.26
4.59 3.5 6.17 5.67
4.59 3.23 6.48 5.71
4.65 3.3 6.49 5.79
4.63 3.8 6.01 5.81
4.64 3.28 6.88 6.16
4.69 3.54 6.39 5.93
4.58 3.32 6.77 6.09
4.62 3.84 6.16 6.0
4.46 3.34 5.96 5.3
4.72 3.85 6.29 6.14
4.6 3.66 6.04 5.7
4.64 3.43 6.46 5.89
4.75 3.72 6.37 6.09
4.76 3.7 6.46 6.16
4.59 3.34 6.74 6.08
4.75 3.47 6.93 6.4
4.64 3.36 6.61 5.97
4.66 3.45 6.58 6.03
4.66 3.44 6.48 5.92
4.83 3.53 7.01 6.54
4.67 3.64 6.52 6.16
4.71 3.43 7.26 6.69
4.62 3.72 6.25 5.97
4.7 3.25 7.08 6.33
4.66 3.65 6.46 6.11
4.62 3.13 6.64 5.77
4.68 3.34 6.76 6.1
4.57 3.14 6.98 6.12
4.68 3.59 6.45 6.04
4.7 3.43 6.57 6.0
4.68 4.21 6.15 6.36
4.52 3.47 6.05 5.52
4.59 3.41 6.33 5.74
4.64 3.66 6.32 5.98
4.57 2.96 6.75 5.71
4.63 3.56 6.27 5.83
4.68 3.55 6.53 6.08
4.68 3.27 6.42 5.69
4.68 3.2 6.93 6.13
4.66 3.36 6.87 6.23
4.68 3.78 6.59 6.37
4.61 3.63 6.42 6.05
4.78 3.37 6.61 5.98
4.73 3.27 6.67 5.94
4.72 3.57 6.55 6.12
4.69 3.57 6.67 6.24
4.7 3.34 6.57 5.91
4.59 3.3 6.4 5.7
4.59 3.34 6.39 5.73
4.66 3.24 7.24 6.48
4.74 3.81 6.28 6.09
4.64 3.43 6.83 6.26
4.6 3.03 6.89 5.92
4.7 3.98 6.02 6.0
4.83 3.53 6.88 6.41
4.65 3.55 6.29 5.84
4.61 3.41 6.65 6.06
4.7 3.4 6.59 5.99
4.58 3.57 6.51 6.08
4.58 3.52 6.47 5.99
4.63 3.11 6.58 5.69
4.65 3.7 6.48 6.18
4.66 3.53 6.57 6.1
4.64 3.3 6.54 5.84
4.59 3.54 6.13 5.67
4.6 3.35 6.68 6.03
4.73 3.17 6.75 5.92
4.68 3.45 6.71 6.16
4.62 3.38 6.9 6.28
4.79 3.83 6.37 6.2
4.71 3.81 6.2 6.01
4.68 3.25 6.51 5.76
4.69 3.44 6.68 6.12
4.7 3.55 6.56 6.11
4.61 3.44 6.54 5.98
4.65 3.76 5.85 5.61
4.7 3.5 6.64 6.14
4.65 3.17 6.86 6.03
4.74 3.22 6.65 5.87
4.65 3.35 6.86 6.21
4.62 3.27 6.53 5.8
4.62 3.46 6.72 6.18
4.72 3.31 6.64 5.95
4.61 3.24 6.8 6.04
4.75 3.22 6.96 6.18
4.58 3.41 6.56 5.97
4.76 3.35 6.99 6.34
4.69 3.45 6.55 6.0
4.65 3.26 6.77 6.03
4.72 3.5 6.22 5.72
4.64 3.6 6.66 6.26
4.75 3.0 6.75 5.75
4.65 3.4 6.78 6.18
4.77 3.97 6.18 6.15
4.72 2.97 6.82 5.79
4.67 3.57 6.49 6.06
4.58 3.35 6.37 5.72
4.65 3.48 6.26 5.74
4.72 3.87 6.46 6.33
4.62 3.35 6.64 5.99
4.63 3.81 6.13 5.94
4.66 3.53 6.58 6.11
4.65 3.68 6.46 6.14
4.69 3.59 6.54 6.13
4.61 3.29 6.63 5.92
4.65 3.28 6.59 5.87
4.68 3.73 6.2 5.93
4.74 3.69 6.36 6.05
4.67 3.51 6.26 5.77
4.7 3.23 7.09 6.32
4.64 3.54 6.25 5.79
4.6 3.03 7.06 6.09
4.6 3.21 6.62 5.83
4.66 3.55 6.32 5.87
4.6 3.63 6.04 5.67
4.79 3.65 6.24 5.89
4.67 3.44 6.69 6.13
4.74 3.36 6.88 6.24
4.69 3.19 7.03 6.22
4.69 3.71 5.88 5.59
4.65 3.52 6.32 5.84
4.73 3.07 7.04 6.11
4.7 3.22 6.97 6.19
4.6 3.62 6.44 6.06
4.7 3.74 6.44 6.18
4.65 3.4 6.56 5.96
4.62 3.42 6.48 5.9
4.78 3.36 6.61 5.97
4.71 3.32 6.6 5.92
4.66 3.65 6.26 5.91
4.69 3.59 6.73 6.32
4.75 3.32 6.83 6.15
4.73 3.8 6.26 6.06
4.73 2.99 6.6 5.59
4.63 3.33 6.95 6.28
4.59 3.61 6.61 6.22
4.77 3.56 7.21 6.77
4.68 3.38 6.38 5.76
4.68 3.27 6.77 6.04
4.59 3.37 6.34 5.71
4.74 3.45 6.49 5.94
4.65 3.48 6.41 5.89
4.72 3.22 6.72 5.94
4.68 3.23 6.94 6.17
4.62 3.15 6.75 5.9
4.54 3.52 6.25 5.77
4.67 3.21 6.67 5.88
4.57 3.41 6.31 5.72
4.75 3.41 6.63 6.04
4.66 3.54 6.54 6.08
4.48 3.5 6.44 5.94
4.65 3.68 6.26 5.94
4.65 3.54 6.51 6.05
4.63 3.26 6.71 5.97
4.74 3.74 6.45 6.19
4.62 3.59 6.1 5.69
4.69 3.63 6.42 6.05
4.65 3.37 6.83 6.2
4.67 4.08 6.13 6.21
4.68 3.34 6.66 6.0
4.69 3.45 6.59 6.04
4.62 3.58 6.64 6.22
4.54 3.79 6.1 5.89
4.69 3.16 6.75 5.91
4.72 3.69 6.13 5.82
4.6 3.69 6.14 5.83
4.65 3.55 6.53 6.08
4.73 3.72 6.37 6.09
4.59 3.07 6.97 6.04
4.68 3.48 6.32 5.8
4.78 3.58 6.67 6.25
4.75 3.49 6.6 6.09
4.62 3.32 6.17 5.49
4.77 3.33 6.29 5.62
4.67 3.39 6.44 5.83
4.76 3.7 6.29 5.99
4.66 3.77 6.12 5.89
4.69 4.03 6.07 6.1
4.59 3.36 6.33 5.69
4.69 3.64 6.21 5.85
4.68 3.22 6.85 6.07
4.66 3.34 6.5 5.84
4.75 3.37 6.91 6.28
4.72 3.01 6.67 5.68
4.65 3.48 6.53 6.01
4.63 3.51 6.48 5.99
4.6 3.28 6.72 6.0
4.65 3.41 6.54 5.95
4.68 3.58 6.13 5.71
4.68 3.3 6.74 6.04
4.67 3.32 6.78 6.1
4.64 3.57 6.87 6.44
4.66 2.97 6.59 5.56
4.66 3.44 6.45 5.89
4.76 3.38 6.93 6.31
4.71 3.35 6.64 5.99
4.66 3.53 6.55 6.08
4.57 3.19 6.8 5.99
4.73 3.86 6.54 6.4
4.64 3.38 6.43 5.81
4.79 3.28 6.78 6.06
4.71 3.34 6.39 5.73
4.66 3.4 6.79 6.19
4.67 3.3 6.7 6.0
4.63 3.32 6.46 5.78
4.79 3.33 6.76 6.09
4.57 3.43 6.44 5.87
4.64 3.41 6.49 5.9
4.7 3.29 6.67 5.96
4.68 3.42 6.31 5.73
4.65 3.58 6.29 5.87
4.72 3.5 6.71 6.21
4.71 3.44 6.69 6.13
4.64 3.48 6.62 6.1
4.81 3.21 6.97 6.18
4.75 3.29 6.85 6.14
4.74 3.27 6.69 5.96
4.66 3.23 6.8 6.03
4.73 2.98 7.25 6.23
4.59 3.59 6.32 5.91
4.66 3.36 6.62 5.98
4.67 3.77 6.67 6.44
4.67 3.28 6.65 5.93
4.72 3.66 6.03 5.69
4.62 3.55 6.75 6.3
4.69 3.53 6.65 6.18
4.58 3.61 6.14 5.75
4.78 3.21 7.28 6.49
4.65 3.43 6.54 5.97
4.72 3.64 6.37 6.01
4.66 4.05 6.05 6.1
4.65 3.74 6.03 5.77
4.65 3.46 6.78 6.24
4.6 3.4 6.55 5.95
4.59 3.77 6.24 6.01
4.72 3.59 6.71 6.3
4.68 3.33 6.95 6.28
4.72 3.51 6.47 5.98
4.68 3.2 6.88 6.08
4.6 3.45 6.47 5.92
4.67 3.65 6.61 6.26
4.46 3.51 6.26 5.77
4.77 3.26 6.8 6.06
4.64 3.82 6.31 6.13
4.6 3.28 6.81 6.09
4.64 3.16 6.55 5.71
4.84 3.79 6.58 6.37
4.74 3.73 6.8 6.53
4.74 3.88 6.32 6.2
4.6 3.43 6.64 6.07
4.56 3.67 6.23 5.9
4.69 3.39 6.7 6.09
4.67 3.79 6.64 6.43
4.68 3.2 6.76 5.96
4.65 3.77 6.16 5.93
4.69 3.29 6.49 5.78
4.59 3.31 6.71 6.02
4.65 3.62 6.68 6.3
4.74 3.42 6.51 5.93
4.73 3.53 6.89 6.42
4.69 3.06 7.13 6.19
4.69 3.12 6.76 5.88
4.66 3.6 6.62 6.22
4.63 3.35 6.34 5.69
4.7 3.62 6.21 5.83
4.74 3.53 6.74 6.27
4.61 3.24 6.86 6.1
4.69 3.45 6.59 6.04
4.64 3.5 6.46 5.96
4.67 3.29 6.77 6.06
4.65 3.27 6.8 6.07
4.61 3.07 7.01 6.08
4.72 3.24 6.38 5.62
4.76 3.5 6.68 6.18
4.63 3.6 6.31 5.91
4.6 3.26 6.48 5.74
4.62 3.17 6.85 6.02
4.66 3.27 6.65 5.92
4.7 3.27 6.53 5.8
4.67 3.34 6.94 6.28
4.7 3.65 6.08 5.73
4.68 3.23 6.81 6.04
4.56 3.52 6.32 5.84
4.57 3.66 6.22 5.88
4.65 3.28 6.73 6.01
4.7 3.23 7.14 6.37
4.67 3.01 6.89 5.9
4.63 3.38 6.35 5.73
4.75 3.61 6.36 5.97
4.64 3.55 6.26 5.81
4.71 3.79 6.51 6.3
4.61 3.14 6.89 6.03
4.59 3.77 6.12 5.89
4.65 3.24 6.76 6.0
4.67 3.79 6.09 5.88
4.68 3.85 6.25 6.1
4.64 3.11 6.7 5.81
4.72 3.23 6.84 6.07
4.66 3.63 6.33 5.96
4.54 3.75 6.09 5.84
4.66 3.16 6.73 5.89
4.72 3.74 6.58 6.32
4.65 3.28 6.53 5.81
4.6 3.64 6.11 5.75
4.8 3.67 6.39 6.06
4.65 3.47 6.59 6.06
4.72 3.15 7.29 6.44
4.77 3.44 6.45 5.89
4.68 3.61 6.31 5.92
4.6 3.18 6.73 5.91
4.62 3.25 6.33 5.58
4.63 3.71 6.25 5.96
4.58 3.35 6.58 5.93
4.66 3.34 6.62 5.96
4.71 3.6 6.17 5.77
4.75 3.42 6.59 6.01
4.74 3.37 6.76 6.13
4.7 3.07 7.37 6.44
4.59 3.79 5.95 5.74
4.71 3.33 6.41 5.74
4.71 3.42 6.77 6.19
4.75 3.71 5.88 5.59
4.58 3.44 5.97 5.41
4.58 3.23 6.92 6.15
4.76 3.37 6.59 5.96
4.58 3.49 6.08 5.57
4.69 3.24 6.96 6.2
4.52 3.41 6.29 5.7
4.671556 3.451446 6.55864 6.010086
