2.38 1.42 2.3 1.72
2.34 1.53 2.3 1.83
2.48 1.37 2.23 1.6
2.45 1.55 2.19 1.74
2.43 1.4 2.33 1.73
2.36 1.46 2.3 1.76
2.53 1.48 2.22 1.7
2.46 1.43 2.27 1.7
2.43 1.37 2.34 1.71
2.5 1.44 2.26 1.7
2.41 1.45 2.25 1.7
2.4 1.44 2.2 1.64
2.44 1.34 2.32 1.66
2.22 1.25 2.42 1.67
2.35 1.43 2.29 1.72
2.48 1.44 2.29 1.73
2.44 1.46 2.25 1.71
2.32 1.38 2.31 1.69
2.43 1.47 2.26 1.73
2.39 1.48 2.24 1.72
2.48 1.58 2.2 1.78
2.44 1.47 2.24 1.71
2.35 1.44 2.37 1.81
2.4 1.43 2.27 1.7
2.36 1.46 2.27 1.73
2.29 1.33 2.31 1.64
2.45 1.51 2.19 1.7
2.51 1.41 2.33 1.74
2.39 1.32 2.35 1.67
2.43 1.49 2.2 1.69
2.42 1.4 2.23 1.63
2.49 1.48 2.21 1.69
2.51 1.43 2.32 1.75
2.49 1.53 2.24 1.77
2.53 1.56 2.19 1.75
2.41 1.34 2.38 1.72
2.5 1.39 2.28 1.67
2.45 1.34 2.41 1.75
2.44 1.37 2.31 1.68
2.46 1.48 2.26 1.74
2.46 1.42 2.27 1.69
2.35 1.31 2.38 1.69
2.53 1.43 2.19 1.62
2.46 1.56 2.11 1.67
2.33 1.43 2.35 1.78
2.35 1.42 2.27 1.69
2.54 1.53 2.25 1.78
2.53 1.46 2.23 1.69
2.47 1.5 2.31 1.81
2.32 1.29 2.4 1.69
2.34 1.36 2.35 1.71
2.47 1.36 2.27 1.63
2.48 1.38 2.33 1.71
2.36 1.35 2.44 1.79
2.63 1.5 2.24 1.74
2.37 1.49 2.27 1.76
2.51 1.35 2.29 1.64
2.47 1.3 2.38 1.68
2.45 1.36 2.32 1.68
2.42 1.43 2.24 1.67
2.5 1.56 2.14 1.7
2.49 1.35 2.34 1.69
2.47 1.44 2.29 1.73
2.35 1.33 2.34 1.67
2.45 1.4 2.21 1.61
2.39 1.49 2.27 1.76
2.39 1.39 2.26 1.65
2.41 1.45 2.3 1.75
2.36 1.47 2.29 1.76
2.47 1.48 2.3 1.78
2.38 1.41 2.23 1.64
2.45 1.39 2.33 1.72
2.5 1.39 2.26 1.65
2.39 1.37 2.44 1.81
2.47 1.51 2.24 1.75
2.34 1.45 2.23 1.68
2.41 1.4 2.3 1.7
2.33 1.31 2.42 1.73
2.52 1.54 2.19 1.73
2.3 1.26 2.45 1.71
2.47 1.31 2.27 1.58
2.43 1.3 2.41 1.71
2.43 1.41 2.33 1.74
2.41 1.44 2.23 1.67
2.42 1.34 2.33 1.67
2.46 1.49 2.25 1.74
2.35 1.4 2.21 1.61
2.47 1.42 2.24 1.66
2.51 1.5 2.2 1.7
2.44 1.51 2.18 1.69
2.33 1.3 2.37 1.67
2.52 1.44 2.38 1.82
2.4 1.27 2.39 1.66
2.41 1.44 2.3 1.74
2.45 1.34 2.37 1.71
2.47 1.34 2.37 1.71
2.46 1.43 2.27 1.7
2.48 1.53 2.21 1.74
2.53 1.47 2.24 1.71
2.38 1.35 2.37 1.72
2.38 1.34 2.39 1.73
2.4 1.48 2.29 1.77
2.43 1.41 2.29 1.7
2.45 1.49 2.18 1.67
2.19 1.39 2.36 1.75
2.56 1.49 2.27 1.76
2.42 1.37 2.31 1.68
2.42 1.4 2.29 1.69
2.46 1.47 2.28 1.75
2.37 1.4 2.31 1.71
2.56 1.47 2.27 1.74
2.48 1.48 2.15 1.63
2.51 1.44 2.24 1.68
2.5 1.37 2.24 1.61
2.32 1.47 2.27 1.74
2.3 1.31 2.42 1.73
2.35 1.44 2.22 1.66
2.44 1.3 2.35 1.65
2.48 1.52 2.27 1.79
2.34 1.43 2.31 1.74
2.37 1.36 2.35 1.71
2.45 1.35 2.34 1.69
2.45 1.43 2.32 1.75
2.37 1.42 2.28 1.7
2.36 1.47 2.33 1.8
2.45 1.37 2.39 1.76
2.45 1.44 2.28 1.72
2.56 1.46 2.29 1.75
2.48 1.44 2.33 1.77
2.34 1.4 2.29 1.69
2.43 1.53 2.18 1.71
2.59 1.54 2.15 1.69
2.46 1.38 2.35 1.73
2.53 1.58 2.17 1.75
2.5 1.47 2.21 1.68
2.51 1.45 2.22 1.67
2.44 1.45 2.3 1.75
2.35 1.39 2.39 1.78
2.49 1.41 2.34 1.75
2.43 1.46 2.23 1.69
2.5 1.64 2.12 1.76
2.3 1.35 2.33 1.68
2.38 1.47 2.37 1.84
2.37 1.38 2.3 1.68
2.53 1.49 2.27 1.76
2.48 1.49 2.2 1.69
2.47 1.42 2.35 1.77
2.49 1.4 2.32 1.72
2.43 1.46 2.25 1.71
2.31 1.36 2.32 1.68
2.42 1.47 2.21 1.68
2.48 1.36 2.44 1.8
2.31 1.44 2.28 1.72
2.39 1.4 2.3 1.7
2.45 1.46 2.25 1.71
2.48 1.46 2.19 1.65
2.37 1.46 2.31 1.77
2.34 1.38 2.29 1.67
2.3 1.36 2.36 1.72
2.52 1.54 2.22 1.76
2.41 1.43 2.28 1.71
2.46 1.48 2.17 1.65
2.36 1.4 2.27 1.67
2.33 1.35 2.37 1.72
2.51 1.39 2.36 1.75
2.5 1.41 2.28 1.69
2.31 1.35 2.43 1.78
2.38 1.35 2.29 1.64
2.46 1.43 2.31 1.74
2.34 1.25 2.41 1.66
2.34 1.38 2.4 1.78
2.35 1.3 2.38 1.68
2.39 1.42 2.3 1.72
2.48 1.52 2.25 1.77
2.41 1.37 2.34 1.71
2.41 1.38 2.32 1.7
2.38 1.43 2.38 1.81
2.44 1.41 2.29 1.7
2.4 1.35 2.39 1.74
2.47 1.4 2.31 1.71
2.31 1.34 2.38 1.72
2.45 1.5 2.25 1.75
2.45 1.44 2.2 1.64
2.36 1.51 2.23 1.74
2.42 1.33 2.37 1.7
2.38 1.43 2.32 1.75
2.36 1.37 2.39 1.76
2.43 1.4 2.36 1.76
2.38 1.41 2.31 1.72
2.42 1.42 2.32 1.74
2.3 1.41 2.33 1.74
2.23 1.32 2.35 1.67
2.43 1.39 2.3 1.69
2.5 1.5 2.25 1.75
2.4 1.45 2.25 1.7
2.51 1.59 2.09 1.68
2.47 1.38 2.35 1.73
2.3 1.36 2.41 1.77
2.38 1.44 2.28 1.72
2.52 1.49 2.23 1.72
2.4 1.37 2.33 1.7
2.48 1.41 2.25 1.66
2.5 1.38 2.27 1.65
2.48 1.48 2.2 1.68
2.49 1.42 2.31 1.73
2.45 1.36 2.28 1.64
2.59 1.49 2.14 1.63
2.54 1.55 2.19 1.74
2.51 1.33 2.34 1.67
2.48 1.51 2.19 1.7
2.46 1.43 2.27 1.7
2.49 1.41 2.33 1.74
2.41 1.48 2.21 1.69
2.46 1.49 2.17 1.66
2.38 1.46 2.26 1.72
2.46 1.51 2.2 1.71
2.49 1.52 2.25 1.77
2.37 1.29 2.39 1.68
2.53 1.5 2.15 1.65
2.39 1.37 2.34 1.71
2.46 1.38 2.32 1.7
2.43 1.35 2.36 1.71
2.34 1.37 2.33 1.7
2.4 1.39 2.31 1.7
2.63 1.47 2.28 1.75
2.27 1.39 2.33 1.72
2.46 1.41 2.23 1.64
2.45 1.33 2.34 1.67
2.35 1.41 2.31 1.72
2.43 1.37 2.4 1.77
2.48 1.55 2.14 1.69
2.56 1.35 2.32 1.67
2.33 1.42 2.3 1.72
2.46 1.43 2.3 1.73
2.48 1.41 2.32 1.73
2.43 1.4 2.24 1.64
2.36 1.54 2.22 1.76
2.44 1.37 2.36 1.73
2.36 1.4 2.33 1.73
2.26 1.28 2.51 1.79
2.45 1.33 2.35 1.68
2.48 1.41 2.37 1.78
2.38 1.48 2.24 1.72
2.48 1.48 2.27 1.75
2.35 1.44 2.24 1.68
2.34 1.39 2.31 1.7
2.32 1.39 2.33 1.72
2.37 1.46 2.3 1.76
2.54 1.5 2.14 1.64
2.5 1.31 2.24 1.55
2.45 1.37 2.26 1.63
2.41 1.43 2.3 1.73
2.37 1.34 2.36 1.7
2.47 1.51 2.23 1.74
2.5 1.37 2.32 1.69
2.44 1.52 2.26 1.78
2.49 1.42 2.21 1.63
2.45 1.51 2.23 1.74
2.32 1.42 2.29 1.71
2.42 1.43 2.33 1.76
2.52 1.44 2.25 1.69
2.48 1.55 2.23 1.78
2.36 1.47 2.28 1.75
2.49 1.29 2.38 1.67
2.42 1.43 2.25 1.68
2.44 1.43 2.31 1.74
2.42 1.45 2.22 1.67
2.46 1.51 2.23 1.74
2.4 1.48 2.27 1.75
2.47 1.48 2.19 1.67
2.42 1.46 2.29 1.75
2.48 1.45 2.32 1.77
2.35 1.38 2.35 1.73
2.3 1.27 2.39 1.66
2.48 1.34 2.35 1.69
2.45 1.39 2.33 1.72
2.41 1.65 2.14 1.79
2.52 1.54 2.19 1.73
2.32 1.35 2.39 1.74
2.26 1.35 2.35 1.7
2.39 1.39 2.3 1.69
2.35 1.35 2.25 1.6
2.53 1.41 2.26 1.67
2.47 1.36 2.38 1.74
2.44 1.42 2.24 1.66
2.44 1.42 2.25 1.67
2.35 1.31 2.3 1.61
2.51 1.45 2.23 1.68
2.44 1.41 2.31 1.72
2.37 1.41 2.34 1.75
2.43 1.47 2.22 1.69
2.42 1.43 2.25 1.68
2.38 1.38 2.35 1.73
2.36 1.39 2.27 1.66
2.23 1.42 2.26 1.68
2.43 1.53 2.2 1.73
2.41 1.36 2.32 1.68
2.41 1.5 2.27 1.77
2.49 1.52 2.22 1.74
2.45 1.5 2.23 1.73
2.35 1.28 2.33 1.61
2.53 1.43 2.33 1.76
2.36 1.43 2.24 1.67
2.42 1.57 2.21 1.78
2.45 1.36 2.33 1.69
2.28 1.26 2.44 1.7
2.54 1.49 2.21 1.7
2.57 1.5 2.17 1.67
2.27 1.4 2.34 1.74
2.48 1.5 2.24 1.74
2.38 1.35 2.39 1.74
2.55 1.35 2.29 1.64
2.48 1.54 2.2 1.74
2.61 1.43 2.18 1.61
2.33 1.45 2.24 1.69
2.34 1.43 2.32 1.75
2.38 1.43 2.29 1.72
2.36 1.36 2.3 1.66
2.43 1.47 2.31 1.78
2.32 1.41 2.36 1.77
2.37 1.39 2.26 1.65
2.53 1.35 2.34 1.69
2.56 1.34 2.29 1.63
2.53 1.51 2.27 1.78
2.23 1.3 2.38 1.68
2.53 1.45 2.18 1.63
2.47 1.45 2.22 1.67
2.36 1.32 2.41 1.73
2.37 1.31 2.32 1.63
2.46 1.42 2.36 1.78
2.39 1.47 2.3 1.77
2.46 1.46 2.31 1.77
2.42 1.49 2.2 1.69
2.5 1.36 2.29 1.65
2.47 1.55 2.2 1.75
2.46 1.49 2.23 1.72
2.43 1.44 2.33 1.77
2.41 1.3 2.37 1.67
2.31 1.26 2.43 1.69
2.41 1.41 2.34 1.75
2.44 1.47 2.17 1.64
2.41 1.42 2.33 1.75
2.48 1.4 2.27 1.67
2.34 1.46 2.28 1.74
2.39 1.38 2.3 1.68
2.47 1.54 2.23 1.77
2.44 1.3 2.34 1.64
2.47 1.42 2.25 1.67
2.41 1.39 2.34 1.73
2.32 1.5 2.22 1.72
2.47 1.48 2.3 1.78
2.35 1.27 2.4 1.67
2.47 1.55 2.21 1.76
2.3 1.34 2.35 1.69
2.43 1.41 2.29 1.7
2.48 1.36 2.38 1.74
2.46 1.4 2.27 1.67
2.47 1.4 2.24 1.64
2.47 1.55 2.27 1.82
2.42 1.4 2.39 1.79
2.41 1.34 2.39 1.73
2.5 1.47 2.27 1.74
2.48 1.56 2.21 1.77
2.57 1.37 2.34 1.71
2.3 1.3 2.35 1.65
2.32 1.42 2.35 1.77
2.39 1.38 2.42 1.8
2.3 1.34 2.33 1.67
2.44 1.48 2.23 1.71
2.53 1.5 2.22 1.72
2.26 1.39 2.32 1.71
2.42 1.5 2.28 1.78
2.42 1.39 2.34 1.73
2.49 1.38 2.27 1.65
2.31 1.37 2.32 1.69
2.44 1.41 2.27 1.68
2.45 1.46 2.33 1.79
2.46 1.48 2.23 1.71
2.3 1.33 2.41 1.74
2.55 1.54 2.19 1.73
2.28 1.34 2.41 1.75
2.49 1.46 2.22 1.68
2.49 1.48 2.21 1.69
2.48 1.6 2.18 1.78
2.6 1.5 2.24 1.74
2.46 1.41 2.28 1.69
2.39 1.43 2.26 1.69
2.41 1.49 2.2 1.69
2.46 1.55 2.17 1.72
2.48 1.47 2.23 1.7
2.43 1.38 2.37 1.75
2.44 1.38 2.29 1.67
2.64 1.55 2.18 1.73
2.59 1.5 2.2 1.7
2.37 1.38 2.39 1.77
2.39 1.44 2.3 1.74
2.43 1.39 2.27 1.66
2.26 1.35 2.4 1.75
2.57 1.58 2.19 1.77
2.33 1.43 2.32 1.75
2.4 1.44 2.26 1.7
2.41 1.43 2.32 1.75
2.51 1.5 2.28 1.78
2.31 1.41 2.37 1.78
2.42 1.3 2.38 1.68
2.43 1.43 2.29 1.72
2.26 1.41 2.32 1.73
2.48 1.41 2.27 1.68
2.39 1.44 2.36 1.8
2.46 1.35 2.3 1.65
2.42 1.36 2.41 1.77
2.48 1.45 2.23 1.68
2.51 1.42 2.31 1.73
2.51 1.53 2.24 1.77
2.52 1.51 2.21 1.72
2.42 1.47 2.3 1.77
2.47 1.43 2.21 1.64
2.46 1.36 2.34 1.7
2.35 1.48 2.27 1.75
2.42 1.48 2.34 1.82
2.34 1.42 2.29 1.71
2.4 1.4 2.32 1.72
2.32 1.29 2.45 1.74
2.44 1.4 2.34 1.74
2.42 1.31 2.32 1.63
2.53 1.51 2.28 1.79
2.46 1.48 2.23 1.71
2.41 1.37 2.29 1.66
2.49 1.47 2.21 1.68
2.34 1.38 2.38 1.76
2.39 1.32 2.27 1.59
2.42 1.43 2.34 1.77
2.46 1.48 2.23 1.71
2.37 1.44 2.24 1.68
2.46 1.47 2.22 1.69
2.35 1.48 2.22 1.7
2.48 1.45 2.27 1.72
2.32 1.28 2.37 1.65
2.47 1.52 2.24 1.76
2.45 1.46 2.29 1.75
2.38 1.53 2.18 1.71
2.32 1.46 2.25 1.71
2.28 1.41 2.33 1.74
2.49 1.54 2.24 1.78
2.43 1.46 2.19 1.65
2.57 1.43 2.3 1.73
2.52 1.5 2.23 1.73
2.32 1.32 2.31 1.63
2.4 1.5 2.27 1.77
2.39 1.43 2.24 1.67
2.42 1.45 2.25 1.7
2.53 1.37 2.29 1.66
2.34 1.3 2.37 1.67
2.45 1.39 2.27 1.66
2.51 1.47 2.15 1.62
2.49 1.38 2.39 1.77
2.39 1.33 2.43 1.76
2.51 1.48 2.19 1.67
2.41 1.46 2.29 1.75
2.51 1.4 2.25 1.65
2.45 1.38 2.34 1.72
2.34 1.47 2.26 1.73
2.52 1.51 2.21 1.72
2.43 1.36 2.3 1.66
2.49 1.32 2.41 1.73
2.53 1.53 2.23 1.76
2.31 1.43 2.34 1.77
2.47 1.46 2.25 1.71
2.45 1.58 2.2 1.78
2.43 1.35 2.29 1.64
2.46 1.37 2.32 1.69
2.53 1.49 2.25 1.74
2.4 1.34 2.4 1.74
2.45 1.29 2.29 1.58
2.4 1.56 2.19 1.75
2.34 1.32 2.33 1.65
2.44 1.4 2.34 1.74
2.44 1.49 2.21 1.7
2.45 1.41 2.27 1.68
2.49 1.45 2.25 1.7
2.48 1.47 2.25 1.72
2.42 1.4 2.34 1.74
2.51 1.34 2.39 1.73
2.49 1.39 2.29 1.68
2.33 1.45 2.34 1.79
2.41 1.38 2.31 1.69
2.31 1.38 2.37 1.75
2.47 1.51 2.25 1.76
2.32 1.34 2.29 1.63
2.43 1.35 2.35 1.7
2.38 1.32 2.32 1.64
2.42 1.41 2.32 1.73
2.46 1.34 2.33 1.67
2.42 1.56 2.18 1.74
2.4 1.51 2.27 1.78
2.45 1.53 2.21 1.74
2.5 1.44 2.22 1.66
2.41 1.49 2.2 1.69
2.3 1.28 2.39 1.67
2.6 1.59 2.1 1.69
2.39 1.34 2.32 1.66
2.33 1.27 2.38 1.65
2.6 1.45 2.23 1.68
2.5 1.55 2.2 1.75
2.44 1.48 2.22 1.7
2.38 1.32 2.42 1.74
2.36 1.43 2.28 1.71
2.47 1.42 2.27 1.69
2.41 1.24 2.4 1.64
2.37 1.42 2.27 1.69
2.4 1.45 2.27 1.72
2.39 1.43 2.28 1.71
2.28 1.4 2.37 1.77
2.33 1.32 2.42 1.74
2.4 1.49 2.23 1.72
2.45 1.36 2.32 1.68
2.37 1.47 2.2 1.67
2.49 1.57 2.14 1.71
2.4 1.38 2.34 1.72
2.49 1.45 2.34 1.79
2.24 1.26 2.48 1.74
2.43 1.31 2.33 1.64
2.28 1.43 2.26 1.69
2.38 1.29 2.45 1.74
2.49 1.57 2.18 1.75
2.36 1.42 2.27 1.69
2.5 1.53 2.21 1.74
2.45 1.46 2.28 1.74
2.41 1.43 2.27 1.7
2.41 1.46 2.27 1.73
2.4 1.36 2.34 1.7
2.45 1.42 2.31 1.73
2.54 1.49 2.2 1.69
2.31 1.37 2.37 1.74
2.48 1.42 2.21 1.63
2.34 1.44 2.25 1.69
2.51 1.48 2.17 1.65
2.46 1.46 2.29 1.75
2.52 1.59 2.12 1.71
2.41 1.33 2.39 1.72
2.46 1.32 2.35 1.67
2.48 1.44 2.27 1.71
2.47 1.42 2.24 1.66
2.39 1.45 2.33 1.78
2.54 1.51 2.2 1.71
2.48 1.39 2.35 1.74
2.43 1.38 2.36 1.74
2.48 1.37 2.24 1.61
2.4 1.4 2.32 1.72
2.47 1.45 2.31 1.76
2.36 1.43 2.32 1.75
2.38 1.34 2.35 1.69
2.43 1.45 2.23 1.68
2.42 1.52 2.17 1.69
2.49 1.46 2.27 1.73
2.36 1.35 2.34 1.69
2.38 1.43 2.33 1.76
2.33 1.39 2.38 1.77
2.46 1.44 2.26 1.7
2.54 1.41 2.32 1.73
2.4 1.43 2.31 1.74
2.45 1.5 2.25 1.75
2.31 1.45 2.24 1.69
2.49 1.45 2.18 1.63
2.46 1.38 2.37 1.75
2.18 1.37 2.43 1.8
2.55 1.45 2.23 1.68
2.3 1.31 2.38 1.69
2.42 1.48 2.21 1.69
2.43 1.48 2.17 1.65
2.55 1.5 2.26 1.76
2.43 1.39 2.33 1.72
2.5 1.41 2.26 1.67
2.23 1.4 2.37 1.77
2.47 1.39 2.34 1.73
2.49 1.54 2.2 1.74
2.47 1.51 2.15 1.66
2.4 1.52 2.26 1.78
2.48 1.51 2.23 1.74
2.48 1.45 2.29 1.74
2.38 1.37 2.35 1.72
2.42 1.41 2.28 1.69
2.44 1.32 2.39 1.71
2.43 1.45 2.28 1.73
2.43 1.43 2.28 1.71
2.44 1.39 2.38 1.77
2.32 1.33 2.46 1.79
2.52 1.49 2.27 1.76
2.31 1.32 2.3 1.62
2.41 1.31 2.35 1.66
2.36 1.32 2.32 1.64
2.56 1.44 2.24 1.68
2.49 1.51 2.21 1.72
2.55 1.42 2.2 1.62
2.44 1.49 2.28 1.77
2.54 1.53 2.3 1.83
2.41 1.53 2.17 1.7
2.56 1.49 2.24 1.73
2.45 1.39 2.32 1.71
2.4 1.4 2.33 1.73
2.35 1.41 2.3 1.71
2.42 1.48 2.23 1.71
2.5 1.55 2.19 1.74
2.55 1.46 2.26 1.72
2.47 1.41 2.3 1.71
2.37 1.36 2.28 1.64
2.46 1.37 2.36 1.73
2.45 1.31 2.29 1.6
2.45 1.43 2.29 1.72
2.41 1.35 2.28 1.63
2.4 1.37 2.29 1.66
2.44 1.5 2.26 1.76
2.4 1.41 2.28 1.69
2.51 1.31 2.34 1.65
2.3 1.35 2.45 1.8
2.55 1.49 2.17 1.66
2.44 1.38 2.31 1.69
2.47 1.47 2.19 1.66
2.37 1.32 2.36 1.68
2.24 1.27 2.45 1.72
2.43 1.34 2.28 1.62
2.4 1.42 2.33 1.75
2.39 1.42 2.25 1.67
2.51 1.6 2.18 1.78
2.52 1.51 2.17 1.68
2.4 1.43 2.3 1.73
2.36 1.42 2.24 1.66
2.3 1.39 2.39 1.78
2.55 1.52 2.22 1.74
2.34 1.31 2.31 1.62
2.48 1.41 2.28 1.69
2.44 1.4 2.36 1.76
2.43 1.46 2.21 1.67
2.46 1.34 2.3 1.64
2.39 1.38 2.32 1.7
2.42 1.48 2.34 1.82
2.42 1.48 2.21 1.69
2.44 1.45 2.23 1.68
2.4 1.29 2.4 1.69
2.45 1.42 2.35 1.77
2.35 1.3 2.39 1.69
2.43 1.49 2.25 1.74
2.34 1.34 2.37 1.71
2.36 1.41 2.28 1.69
2.46 1.38 2.29 1.67
2.56 1.54 2.18 1.72
2.52 1.49 2.25 1.74
2.38 1.4 2.33 1.73
2.28 1.36 2.31 1.67
2.39 1.48 2.2 1.68
2.49 1.48 2.29 1.77
2.26 1.34 2.37 1.71
2.41 1.46 2.29 1.75
2.36 1.31 2.31 1.62
2.5 1.49 2.19 1.68
2.46 1.41 2.29 1.7
2.5 1.47 2.26 1.73
2.33 1.34 2.36 1.7
2.48 1.42 2.37 1.79
2.32 1.38 2.41 1.79
2.43 1.36 2.33 1.69
2.48 1.43 2.3 1.73
2.38 1.45 2.29 1.74
2.41 1.53 2.28 1.81
2.44 1.43 2.29 1.72
2.46 1.48 2.25 1.73
2.37 1.37 2.27 1.64
2.36 1.36 2.33 1.69
2.42 1.38 2.34 1.72
2.27 1.39 2.4 1.79
2.53 1.64 2.16 1.8
2.32 1.43 2.29 1.72
2.44 1.47 2.23 1.7
2.56 1.49 2.23 1.72
2.36 1.36 2.35 1.71
2.36 1.35 2.36 1.71
2.46 1.49 2.29 1.78
2.43 1.43 2.28 1.71
2.44 1.44 2.29 1.73
2.51 1.52 2.26 1.78
2.56 1.46 2.21 1.67
2.43 1.51 2.22 1.73
2.4 1.32 2.44 1.76
2.4 1.45 2.28 1.73
2.39 1.55 2.21 1.76
2.43 1.41 2.33 1.74
2.42 1.55 2.2 1.75
2.4 1.47 2.27 1.74
2.48 1.36 2.31 1.67
2.41 1.37 2.36 1.73
2.45 1.42 2.31 1.73
2.45 1.37 2.32 1.69
2.32 1.35 2.4 1.75
2.46 1.47 2.28 1.75
2.47 1.53 2.23 1.76
2.4 1.46 2.24 1.7
2.35 1.34 2.35 1.69
2.53 1.35 2.27 1.62
2.43 1.41 2.37 1.78
2.43 1.49 2.29 1.78
2.45 1.5 2.26 1.76
2.33 1.39 2.36 1.75
2.4 1.47 2.28 1.75
2.48 1.47 2.26 1.73
2.53 1.42 2.33 1.75
2.42 1.39 2.33 1.72
2.5 1.36 2.36 1.72
2.41 1.3 2.34 1.64
2.38 1.46 2.28 1.74
2.63 1.59 2.09 1.68
2.47 1.48 2.23 1.71
2.54 1.46 2.23 1.69
2.32 1.44 2.31 1.75
2.32 1.36 2.41 1.77
2.27 1.4 2.37 1.77
2.3 1.44 2.31 1.75
2.4 1.33 2.39 1.72
2.44 1.41 2.35 1.76
2.38 1.49 2.24 1.73
2.57 1.58 2.15 1.73
2.39 1.39 2.33 1.72
2.38 1.25 2.43 1.68
2.48 1.41 2.32 1.73
2.5 1.43 2.23 1.66
2.4 1.46 2.2 1.66
2.37 1.32 2.48 1.8
2.52 1.41 2.24 1.65
2.42 1.36 2.29 1.65
2.5 1.54 2.19 1.73
2.51 1.43 2.27 1.7
2.33 1.41 2.43 1.84
2.47 1.44 2.32 1.76
2.34 1.38 2.37 1.75
2.39 1.51 2.21 1.72
2.36 1.41 2.33 1.74
2.37 1.38 2.38 1.76
2.33 1.33 2.31 1.64
2.67 1.64 2.1 1.74
2.27 1.36 2.38 1.74
2.42 1.41 2.33 1.74
2.31 1.34 2.36 1.7
2.46 1.35 2.35 1.7
2.5 1.5 2.27 1.77
2.56 1.64 2.13 1.77
2.51 1.35 2.33 1.68
2.4 1.4 2.31 1.71
2.4 1.43 2.23 1.66
2.36 1.51 2.23 1.74
2.37 1.39 2.29 1.68
2.35 1.35 2.37 1.72
2.46 1.4 2.27 1.67
2.42 1.3 2.35 1.65
2.48 1.35 2.29 1.64
2.41 1.44 2.29 1.73
2.49 1.49 2.24 1.73
2.51 1.46 2.21 1.67
2.39 1.49 2.25 1.74
2.51 1.51 2.24 1.75
2.31 1.41 2.38 1.79
2.54 1.42 2.27 1.69
2.38 1.53 2.27 1.8
2.4 1.43 2.27 1.7
2.42 1.5 2.26 1.76
2.42 1.56 2.21 1.77
2.48 1.35 2.43 1.78
2.42 1.41 2.31 1.72
2.51 1.44 2.28 1.72
2.36 1.29 2.35 1.64
2.41 1.42 2.21 1.63
2.45 1.48 2.19 1.67
2.42 1.37 2.31 1.68
2.43 1.49 2.29 1.78
2.46 1.45 2.25 1.7
2.36 1.38 2.29 1.67
2.51 1.57 2.23 1.8
2.33 1.41 2.31 1.72
2.51 1.48 2.26 1.74
2.35 1.45 2.28 1.73
2.42 1.52 2.19 1.71
2.38 1.39 2.33 1.72
2.43 1.39 2.26 1.65
2.37 1.45 2.26 1.71
2.48 1.43 2.28 1.71
2.48 1.41 2.23 1.64
2.39 1.41 2.17 1.58
2.44 1.45 2.27 1.72
2.34 1.55 2.19 1.74
2.41 1.41 2.35 1.76
2.65 1.63 2.05 1.68
2.52 1.46 2.34 1.8
2.6 1.47 2.33 1.8
2.39 1.51 2.33 1.84
2.3 1.4 2.37 1.77
2.33 1.34 2.35 1.69
2.45 1.5 2.27 1.77
2.42 1.44 2.23 1.67
2.46 1.49 2.27 1.76
2.54 1.58 2.17 1.75
2.44 1.31 2.39 1.7
2.36 1.37 2.31 1.68
2.46 1.38 2.3 1.68
2.45 1.36 2.28 1.64
2.49 1.38 2.34 1.72
2.36 1.4 2.45 1.85
2.47 1.44 2.29 1.73
2.54 1.47 2.22 1.69
2.38 1.37 2.33 1.7
2.44 1.46 2.26 1.72
2.31 1.31 2.37 1.68
2.51 1.6 2.15 1.75
2.56 1.58 2.14 1.72
2.45 1.46 2.26 1.72
2.46 1.33 2.35 1.68
2.41 1.51 2.25 1.76
2.57 1.39 2.33 1.72
2.44 1.43 2.33 1.76
2.47 1.39 2.38 1.77
2.29 1.41 2.41 1.82
2.42 1.51 2.2 1.71
2.35 1.33 2.38 1.71
2.47 1.41 2.33 1.74
2.53 1.4 2.33 1.73
2.38 1.35 2.31 1.66
2.42 1.37 2.33 1.7
2.41 1.32 2.4 1.72
2.55 1.46 2.26 1.72
2.33 1.44 2.31 1.75
2.4 1.46 2.28 1.74
2.29 1.39 2.34 1.73
2.52 1.62 2.09 1.71
2.5 1.53 2.2 1.73
2.36 1.41 2.42 1.83
2.45 1.44 2.29 1.73
2.37 1.5 2.26 1.76
2.45 1.44 2.22 1.66
2.35 1.47 2.25 1.72
2.4 1.32 2.42 1.74
2.47 1.41 2.29 1.7
2.52 1.46 2.24 1.7
2.57 1.48 2.25 1.73
2.59 1.46 2.19 1.65
2.49 1.44 2.24 1.68
2.33 1.4 2.32 1.72
2.46 1.38 2.31 1.69
2.51 1.43 2.25 1.68
2.41 1.52 2.23 1.75
2.37 1.42 2.36 1.78
2.33 1.38 2.37 1.75
2.46 1.55 2.2 1.75
2.38 1.42 2.33 1.75
2.51 1.35 2.29 1.64
2.5 1.55 2.18 1.73
2.5 1.57 2.24 1.81
2.36 1.36 2.3 1.66
2.48 1.34 2.44 1.78
2.56 1.53 2.24 1.77
2.46 1.42 2.4 1.82
2.48 1.43 2.35 1.78
2.46 1.46 2.23 1.69
2.38 1.43 2.26 1.69
2.45 1.54 2.24 1.78
2.51 1.53 2.17 1.7
2.42 1.29 2.34 1.63
2.55 1.48 2.19 1.67
2.36 1.47 2.19 1.66
2.45 1.39 2.39 1.78
2.57 1.37 2.32 1.69
2.62 1.52 2.23 1.75
2.45 1.34 2.32 1.66
2.5 1.38 2.34 1.72
2.47 1.49 2.22 1.71
2.42 1.45 2.29 1.74
2.34 1.37 2.34 1.71
2.46 1.58 2.22 1.8
2.39 1.52 2.19 1.71
2.51 1.43 2.3 1.73
2.44 1.41 2.29 1.7
2.44 1.56 2.23 1.79
2.28 1.23 2.43 1.66
2.46 1.57 2.14 1.71
2.49 1.46 2.27 1.73
2.47 1.37 2.33 1.7
2.52 1.46 2.26 1.72
2.42 1.37 2.28 1.65
2.51 1.5 2.19 1.69
2.38 1.42 2.28 1.7
2.37 1.38 2.35 1.73
2.37 1.4 2.29 1.69
2.39 1.4 2.33 1.73
2.4 1.37 2.33 1.7
2.34 1.34 2.37 1.71
2.51 1.61 2.12 1.73
2.55 1.49 2.28 1.77
2.6 1.57 2.15 1.72
2.45 1.49 2.26 1.75
2.39 1.47 2.36 1.83
2.45 1.43 2.27 1.7
2.57 1.62 2.08 1.7
2.3 1.37 2.4 1.77
2.43 1.46 2.34 1.8
2.32 1.31 2.44 1.75
2.29 1.42 2.3 1.72
2.38 1.47 2.26 1.73
2.37 1.37 2.32 1.69
2.28 1.41 2.37 1.78
2.44 1.49 2.29 1.78
2.47 1.49 2.2 1.69
2.45 1.31 2.35 1.66
2.35 1.42 2.37 1.79
2.44 1.36 2.36 1.72
2.45 1.59 2.17 1.76
2.4 1.27 2.4 1.67
2.47 1.4 2.31 1.71
2.49 1.34 2.28 1.62
2.26 1.29 2.39 1.68
2.5 1.49 2.23 1.72
2.42 1.42 2.32 1.74
2.36 1.45 2.29 1.74
2.44 1.49 2.2 1.69
2.47 1.44 2.35 1.79
2.53 1.39 2.36 1.75
2.43 1.46 2.26 1.72
2.46 1.36 2.31 1.67
2.47 1.41 2.25 1.66
2.41 1.37 2.27 1.64
2.32 1.45 2.36 1.81
2.38 1.46 2.34 1.8
2.47 1.46 2.27 1.73
2.4 1.34 2.35 1.69
2.33 1.46 2.29 1.75
2.36 1.26 2.4 1.66
2.52 1.45 2.23 1.68
2.42 1.41 2.32 1.73
2.5 1.53 2.17 1.7
2.42 1.3 2.39 1.69
2.41 1.39 2.37 1.76
2.37 1.44 2.3 1.74
2.42 1.38 2.31 1.69
2.37 1.39 2.39 1.78
2.31 1.34 2.41 1.75
2.29 1.45 2.33 1.78
2.51 1.38 2.27 1.65
2.44 1.54 2.16 1.7
2.47 1.52 2.28 1.8
2.36 1.42 2.32 1.74
2.45 1.41 2.31 1.72
2.54 1.51 2.24 1.75
2.41 1.3 2.34 1.64
2.39 1.33 2.35 1.68
2.44 1.35 2.27 1.62
2.33 1.32 2.42 1.74
2.38 1.31 2.4 1.71
2.37 1.47 2.21 1.68
2.51 1.43 2.26 1.69
2.39 1.41 2.25 1.66
2.39 1.28 2.37 1.65
2.33 1.33 2.35 1.68
2.49 1.52 2.18 1.7
2.36 1.31 2.42 1.73
2.5 1.36 2.32 1.68
2.3 1.41 2.28 1.69
2.32 1.41 2.33 1.74
2.41 1.4 2.27 1.67
2.43 1.48 2.31 1.79
2.5 1.48 2.2 1.68
2.35 1.3 2.3 1.6
2.49 1.44 2.19 1.63
2.49 1.47 2.27 1.74
2.33 1.44 2.34 1.78
2.44 1.45 2.27 1.72
2.25 1.39 2.34 1.73
2.49 1.53 2.21 1.74
2.39 1.46 2.23 1.69
2.39 1.38 2.33 1.71
2.47 1.57 2.16 1.73
2.48 1.43 2.29 1.72
2.4 1.42 2.32 1.74
2.33 1.42 2.36 1.78
2.46 1.47 2.3 1.77
2.41 1.41 2.23 1.64
2.39 1.38 2.31 1.69
2.59 1.54 2.16 1.7
2.39 1.36 2.37 1.73
2.6 1.47 2.2 1.67
2.36 1.44 2.29 1.73
2.44 1.5 2.24 1.74
2.46 1.44 2.23 1.67
2.44 1.46 2.3 1.76
2.38 1.32 2.37 1.69
2.45 1.48 2.31 1.79
2.43 1.49 2.3 1.79
2.45 1.43 2.29 1.72
2.56 1.39 2.3 1.69
2.42 1.44 2.24 1.68
2.44 1.39 2.23 1.62
2.31 1.34 2.26 1.6
2.45 1.5 2.25 1.75
2.45 1.46 2.28 1.74
2.5 1.45 2.24 1.69
2.55 1.55 2.17 1.72
2.52 1.4 2.23 1.63
2.48 1.37 2.38 1.75
2.34 1.37 2.34 1.71
2.51 1.38 2.35 1.73
2.4 1.43 2.27 1.7
2.36 1.37 2.35 1.72
2.46 1.54 2.16 1.7
2.41 1.42 2.35 1.77
2.41 1.47 2.31 1.78
2.43 1.42 2.3 1.72
2.37 1.41 2.32 1.73
2.41 1.39 2.3 1.69
2.49 1.36 2.28 1.64
2.33 1.32 2.35 1.67
2.44 1.33 2.29 1.62
2.41 1.5 2.3 1.8
2.45 1.53 2.21 1.74
2.53 1.35 2.33 1.68
2.35 1.38 2.34 1.72
2.49 1.46 2.19 1.65
2.49 1.36 2.42 1.78
2.5 1.47 2.25 1.72
2.43 1.43 2.33 1.76
2.46 1.51 2.22 1.73
2.37 1.37 2.32 1.69
2.61 1.64 2.14 1.78
2.39 1.49 2.22 1.71
2.52 1.35 2.33 1.68
2.31 1.29 2.37 1.66
2.49 1.45 2.25 1.7
2.5 1.39 2.29 1.68
2.38 1.39 2.29 1.68
2.46 1.44 2.18 1.62
2.43 1.44 2.31 1.75
2.44 1.6 2.19 1.79
2.36 1.37 2.32 1.69
2.5 1.53 2.23 1.76
2.45 1.55 2.19 1.74
2.37 1.39 2.37 1.76
2.56 1.51 2.19 1.7
2.43 1.37 2.36 1.73
2.44 1.41 2.35 1.76
2.43 1.42 2.28 1.7
2.47 1.51 2.21 1.72
2.39 1.42 2.27 1.69
2.48 1.41 2.29 1.7
2.28 1.35 2.36 1.71
2.44 1.47 2.23 1.7
2.4 1.42 2.27 1.69
2.39 1.35 2.39 1.74
2.37 1.47 2.3 1.77
2.41 1.5 2.19 1.69
2.4 1.34 2.34 1.68
2.38 1.46 2.31 1.77
2.52 1.36 2.37 1.73
2.39 1.46 2.28 1.74
2.37 1.43 2.26 1.69
2.45 1.47 2.21 1.68
2.47 1.48 2.19 1.67
2.46 1.35 2.34 1.69
2.5 1.45 2.29 1.74
2.44 1.41 2.27 1.68
2.45 1.36 2.32 1.68
2.43 1.37 2.33 1.7
2.48 1.51 2.24 1.75
2.48 1.49 2.19 1.68
2.46 1.49 2.23 1.72
2.45 1.46 2.29 1.75
2.4 1.31 2.34 1.65
2.34 1.44 2.31 1.75
2.26 1.3 2.37 1.67
2.43 1.51 2.21 1.72
2.35 1.41 2.28 1.69
2.5 1.45 2.3 1.75
2.48 1.48 2.27 1.75
2.35 1.39 2.38 1.77
2.42 1.34 2.36 1.7
2.36 1.35 2.32 1.67
2.5 1.48 2.29 1.77
2.41 1.47 2.16 1.63
2.45 1.35 2.38 1.73
2.42 1.41 2.34 1.75
2.27 1.33 2.35 1.68
2.36 1.45 2.22 1.67
2.38 1.31 2.37 1.68
2.4 1.44 2.26 1.7
2.57 1.5 2.22 1.72
2.33 1.39 2.32 1.71
2.5 1.47 2.28 1.75
2.47 1.38 2.37 1.75
2.37 1.41 2.32 1.73
2.4 1.44 2.28 1.72
2.61 1.38 2.42 1.8
2.44 1.4 2.23 1.63
2.42 1.43 2.34 1.77
2.52 1.43 2.25 1.68
2.44 1.44 2.36 1.8
2.47 1.45 2.3 1.75
2.52 1.42 2.31 1.73
2.35 1.5 2.28 1.78
2.44 1.4 2.31 1.71
2.25 1.29 2.47 1.76
2.42 1.41 2.3 1.71
2.4 1.42 2.34 1.76
2.39 1.38 2.37 1.75
2.51 1.52 2.16 1.68
2.39 1.37 2.38 1.75
2.43 1.4 2.23 1.63
2.38 1.36 2.38 1.74
2.47 1.47 2.33 1.8
2.35 1.56 2.28 1.84
2.51 1.51 2.26 1.77
2.41 1.45 2.3 1.75
2.41 1.52 2.23 1.75
2.45 1.42 2.28 1.7
2.45 1.42 2.23 1.65
2.41 1.54 2.26 1.8
2.23 1.33 2.35 1.68
2.53 1.44 2.3 1.74
2.44 1.57 2.21 1.78
2.44 1.31 2.4 1.71
2.39 1.36 2.34 1.7
2.56 1.43 2.26 1.69
2.43 1.35 2.28 1.63
2.34 1.46 2.24 1.7
2.42 1.4 2.33 1.73
2.34 1.29 2.38 1.67
2.45 1.52 2.21 1.73
2.42 1.39 2.32 1.71
2.47 1.46 2.24 1.7
2.46 1.34 2.29 1.63
2.48 1.42 2.22 1.64
2.59 1.48 2.26 1.74
2.34 1.49 2.23 1.72
2.46 1.49 2.28 1.77
2.53 1.54 2.19 1.73
2.36 1.41 2.23 1.64
2.37 1.45 2.27 1.72
2.47 1.39 2.28 1.67
2.41 1.39 2.32 1.71
2.45 1.39 2.35 1.74
2.34 1.27 2.29 1.56
2.26 1.32 2.34 1.66
2.43 1.46 2.29 1.75
2.38 1.33 2.3 1.63
2.47 1.5 2.17 1.67
2.42 1.51 2.2 1.71
2.47 1.51 2.22 1.73
2.44 1.48 2.29 1.77
2.38 1.47 2.27 1.74
2.31 1.37 2.33 1.7
2.43 1.36 2.31 1.67
2.48 1.56 2.1 1.66
2.38 1.42 2.3 1.72
2.45 1.4 2.37 1.77
2.38 1.3 2.41 1.71
2.3 1.32 2.39 1.71
2.28 1.4 2.33 1.73
2.48 1.53 2.21 1.74
2.44 1.42 2.3 1.72
2.45 1.42 2.3 1.72
2.45 1.48 2.22 1.7
2.51 1.45 2.22 1.67
2.45 1.48 2.24 1.72
2.46 1.44 2.3 1.74
2.36 1.52 2.24 1.76
2.44 1.49 2.2 1.69
2.39 1.4 2.33 1.73
2.41 1.42 2.19 1.61
2.39 1.42 2.21 1.63
2.47 1.5 2.28 1.78
2.36 1.29 2.42 1.71
2.45 1.27 2.43 1.7
2.52 1.4 2.28 1.68
2.34 1.36 2.33 1.69
2.44 1.5 2.23 1.73
2.34 1.43 2.3 1.73
2.44 1.33 2.35 1.68
2.45 1.44 2.21 1.65
2.43 1.37 2.32 1.69
2.4 1.44 2.28 1.72
2.41 1.51 2.28 1.79
2.49 1.5 2.23 1.73
2.3 1.27 2.42 1.69
2.36 1.39 2.35 1.74
2.45 1.51 2.17 1.68
2.3 1.39 2.39 1.78
2.44 1.43 2.27 1.7
2.51 1.35 2.26 1.61
2.51 1.42 2.27 1.69
2.36 1.51 2.2 1.71
2.46 1.38 2.32 1.7
2.52 1.46 2.25 1.71
2.37 1.46 2.29 1.75
2.53 1.45 2.23 1.68
2.46 1.36 2.25 1.61
2.5 1.47 2.25 1.72
2.41 1.35 2.36 1.71
2.46 1.39 2.28 1.67
2.41 1.38 2.31 1.69
2.38 1.28 2.36 1.64
2.51 1.45 2.24 1.69
2.35 1.47 2.33 1.8
2.32 1.3 2.3 1.6
2.33 1.41 2.34 1.75
2.4 1.46 2.27 1.73
2.36 1.43 2.3 1.73
2.37 1.45 2.33 1.78
2.52 1.45 2.26 1.71
2.41 1.38 2.35 1.73
2.27 1.31 2.44 1.75
2.44 1.37 2.31 1.68
2.43 1.47 2.25 1.72
2.43 1.45 2.26 1.71
2.38 1.31 2.41 1.72
2.44 1.42 2.36 1.78
2.41 1.48 2.24 1.72
2.4 1.37 2.37 1.74
2.47 1.47 2.23 1.7
2.33 1.28 2.38 1.66
2.36 1.42 2.31 1.73
2.45 1.4 2.34 1.74
2.45 1.43 2.33 1.76
2.39 1.43 2.28 1.71
2.35 1.39 2.32 1.71
2.31 1.38 2.45 1.83
2.6 1.56 2.13 1.69
2.29 1.37 2.38 1.75
2.45 1.46 2.22 1.68
2.4 1.28 2.37 1.65
2.38 1.52 2.23 1.75
2.53 1.34 2.34 1.68
2.32 1.35 2.36 1.71
2.38 1.36 2.4 1.76
2.42 1.39 2.33 1.72
2.37 1.5 2.31 1.81
2.51 1.51 2.24 1.75
2.41 1.41 2.36 1.77
2.34 1.4 2.32 1.72
2.45 1.49 2.26 1.75
2.38 1.39 2.35 1.74
2.4 1.37 2.3 1.67
2.35 1.42 2.25 1.67
2.46 1.39 2.34 1.73
2.37 1.34 2.29 1.63
2.31 1.27 2.37 1.64
2.25 1.33 2.44 1.77
2.4 1.41 2.3 1.71
2.27 1.34 2.34 1.68
2.41 1.53 2.24 1.77
2.34 1.55 2.28 1.83
2.47 1.52 2.2 1.72
2.41 1.46 2.27 1.73
2.44 1.42 2.26 1.68
2.62 1.56 2.21 1.77
2.3 1.49 2.22 1.71
2.48 1.54 2.17 1.71
2.4 1.32 2.37 1.69
2.38 1.35 2.31 1.66
2.35 1.43 2.28 1.71
2.31 1.34 2.37 1.71
2.55 1.49 2.17 1.66
2.51 1.46 2.28 1.74
2.51 1.43 2.3 1.73
2.42 1.4 2.37 1.77
2.38 1.23 2.43 1.66
2.45 1.49 2.3 1.79
2.43 1.53 2.17 1.7
2.27 1.22 2.47 1.69
2.52 1.52 2.24 1.76
2.6 1.5 2.21 1.71
2.35 1.42 2.32 1.74
2.57 1.45 2.28 1.73
2.52 1.45 2.26 1.71
2.43 1.5 2.24 1.74
2.38 1.36 2.35 1.71
2.42 1.48 2.23 1.71
2.53 1.39 2.3 1.69
2.42 1.34 2.37 1.71
2.54 1.42 2.34 1.76
2.37 1.46 2.32 1.78
2.52 1.44 2.23 1.67
2.38 1.51 2.24 1.75
2.45 1.52 2.24 1.76
2.41 1.44 2.31 1.75
2.36 1.53 2.2 1.73
2.39 1.36 2.39 1.75
2.45 1.46 2.27 1.73
2.27 1.31 2.37 1.68
2.39 1.44 2.27 1.71
2.49 1.47 2.29 1.76
2.44 1.47 2.25 1.72
2.47 1.45 2.23 1.68
2.45 1.48 2.3 1.78
2.44 1.35 2.29 1.64
2.48 1.54 2.22 1.76
2.5 1.4 2.34 1.74
2.27 1.31 2.37 1.68
2.39 1.48 2.23 1.71
2.42 1.47 2.25 1.72
2.48 1.46 2.31 1.77
2.3 1.51 2.28 1.79
2.44 1.48 2.27 1.75
2.43 1.44 2.31 1.75
2.5 1.42 2.27 1.69
2.4 1.45 2.24 1.69
2.52 1.57 2.21 1.78
2.68 1.57 2.19 1.76
2.53 1.4 2.29 1.69
2.27 1.44 2.29 1.73
2.38 1.45 2.26 1.71
2.42 1.29 2.38 1.67
2.33 1.44 2.3 1.74
2.39 1.41 2.26 1.67
2.45 1.44 2.35 1.79
2.42 1.43 2.27 1.7
2.39 1.33 2.27 1.6
2.39 1.37 2.28 1.65
2.38 1.4 2.34 1.74
2.48 1.53 2.2 1.73
2.42 1.43 2.25 1.68
2.47 1.36 2.3 1.66
2.48 1.52 2.25 1.77
2.3 1.4 2.35 1.75
2.35 1.32 2.39 1.71
2.44 1.39 2.29 1.68
2.42 1.4 2.3 1.7
2.48 1.47 2.24 1.71
2.34 1.23 2.5 1.73
2.4 1.54 2.21 1.75
2.46 1.35 2.39 1.74
2.45 1.36 2.3 1.66
2.45 1.47 2.27 1.74
2.38 1.54 2.25 1.79
2.46 1.44 2.31 1.75
2.37 1.44 2.34 1.78
2.34 1.43 2.24 1.67
2.41 1.45 2.27 1.72
2.49 1.43 2.29 1.72
2.46 1.44 2.25 1.69
2.56 1.56 2.13 1.69
2.37 1.44 2.27 1.71
2.5 1.4 2.36 1.76
2.4 1.34 2.36 1.7
2.45 1.42 2.29 1.71
2.46 1.49 2.26 1.75
2.55 1.58 2.23 1.81
2.43 1.49 2.25 1.74
2.31 1.36 2.4 1.76
2.53 1.59 2.17 1.76
2.37 1.34 2.35 1.69
2.45 1.31 2.37 1.68
2.64 1.65 2.12 1.77
2.45 1.38 2.35 1.73
2.39 1.43 2.22 1.65
2.48 1.44 2.24 1.68
2.39 1.46 2.27 1.73
2.3 1.35 2.35 1.7
2.37 1.42 2.28 1.7
2.45 1.43 2.3 1.73
2.51 1.55 2.19 1.74
2.54 1.46 2.32 1.78
2.45 1.39 2.28 1.67
2.46 1.44 2.32 1.76
2.43 1.54 2.15 1.69
2.45 1.43 2.28 1.71
2.53 1.46 2.24 1.7
2.43 1.38 2.34 1.72
2.33 1.53 2.24 1.77
2.29 1.38 2.37 1.75
2.54 1.51 2.17 1.68
2.37 1.27 2.41 1.68
2.28 1.44 2.31 1.75
2.49 1.46 2.25 1.71
2.42 1.39 2.27 1.66
2.37 1.4 2.29 1.69
2.44 1.52 2.2 1.72
2.48 1.38 2.33 1.71
2.49 1.47 2.28 1.75
2.41 1.47 2.3 1.77
2.56 1.45 2.28 1.73
2.36 1.48 2.25 1.73
2.29 1.41 2.3 1.71
2.58 1.53 2.19 1.72
2.48 1.52 2.24 1.76
2.48 1.44 2.25 1.69
2.46 1.48 2.24 1.72
2.46 1.48 2.23 1.71
2.4 1.45 2.36 1.81
2.31 1.44 2.28 1.72
2.45 1.39 2.27 1.66
2.32 1.4 2.37 1.77
2.43 1.5 2.26 1.76
2.36 1.4 2.34 1.74
2.4 1.38 2.25 1.63
2.46 1.54 2.23 1.77
2.39 1.38 2.32 1.7
2.48 1.56 2.29 1.85
2.42 1.5 2.24 1.74
2.53 1.47 2.29 1.76
2.38 1.38 2.34 1.72
2.43 1.41 2.24 1.65
2.42 1.38 2.25 1.63
2.56 1.43 2.29 1.72
2.41 1.45 2.25 1.7
2.51 1.45 2.31 1.76
2.36 1.41 2.39 1.8
2.31 1.43 2.27 1.7
2.44 1.5 2.22 1.72
2.45 1.49 2.28 1.77
2.38 1.46 2.26 1.72
2.32 1.41 2.33 1.74
2.45 1.36 2.3 1.66
2.52 1.42 2.28 1.7
2.37 1.35 2.37 1.72
2.43 1.36 2.4 1.76
2.37 1.47 2.32 1.79
2.47 1.48 2.27 1.75
2.54 1.49 2.17 1.66
2.42 1.42 2.32 1.74
2.55 1.43 2.3 1.73
2.43 1.41 2.32 1.73
2.47 1.47 2.23 1.7
2.4 1.28 2.41 1.69
2.44 1.43 2.35 1.78
2.41 1.46 2.27 1.73
2.46 1.38 2.26 1.64
2.41 1.38 2.33 1.71
2.26 1.33 2.34 1.67
2.5 1.51 2.23 1.74
2.62 1.51 2.15 1.66
2.48 1.46 2.35 1.81
2.41 1.36 2.35 1.71
2.39 1.37 2.36 1.73
2.46 1.44 2.31 1.75
2.33 1.39 2.41 1.8
2.42 1.47 2.21 1.68
2.42 1.43 2.27 1.7
2.32 1.5 2.26 1.76
2.35 1.45 2.32 1.77
2.5 1.37 2.25 1.62
2.44 1.41 2.28 1.69
2.32 1.37 2.28 1.65
2.48 1.5 2.19 1.69
2.26 1.34 2.47 1.81
2.4 1.49 2.26 1.75
2.34 1.49 2.22 1.71
2.55 1.52 2.23 1.75
2.46 1.41 2.34 1.75
2.38 1.48 2.25 1.73
2.56 1.57 2.19 1.76
2.31 1.36 2.32 1.68
2.39 1.48 2.27 1.75
2.42 1.42 2.36 1.78
2.33 1.25 2.46 1.71
2.4 1.38 2.37 1.75
2.37 1.41 2.29 1.7
2.39 1.4 2.36 1.76
2.5 1.51 2.19 1.7
2.52 1.5 2.23 1.73
2.41 1.47 2.26 1.73
2.53 1.52 2.24 1.76
2.56 1.48 2.24 1.72
2.37 1.3 2.46 1.76
2.39 1.4 2.34 1.74
2.42 1.46 2.28 1.74
2.55 1.45 2.2 1.65
2.51 1.42 2.34 1.76
2.38 1.36 2.34 1.7
2.52 1.36 2.3 1.66
2.5 1.43 2.23 1.66
2.44 1.45 2.29 1.74
2.44 1.44 2.25 1.69
2.41 1.39 2.29 1.68
2.4 1.37 2.35 1.72
2.32 1.45 2.39 1.84
2.34 1.46 2.32 1.78
2.41 1.37 2.3 1.67
2.4 1.38 2.3 1.68
2.47 1.44 2.22 1.66
2.34 1.46 2.26 1.72
2.39 1.35 2.4 1.75
2.45 1.55 2.24 1.79
2.36 1.37 2.25 1.62
2.36 1.46 2.3 1.76
2.58 1.44 2.22 1.66
2.38 1.32 2.37 1.69
2.45 1.34 2.34 1.68
2.34 1.46 2.3 1.76
2.44 1.42 2.29 1.71
2.43 1.4 2.36 1.76
2.4 1.28 2.37 1.65
2.44 1.61 2.17 1.78
2.39 1.48 2.29 1.77
2.44 1.42 2.29 1.71
2.4 1.45 2.27 1.72
2.45 1.4 2.32 1.72
2.55 1.46 2.26 1.72
2.36 1.39 2.27 1.66
2.47 1.39 2.38 1.77
2.44 1.5 2.27 1.77
2.51 1.46 2.24 1.7
2.39 1.4 2.28 1.68
2.35 1.35 2.36 1.71
2.49 1.39 2.38 1.77
2.34 1.4 2.25 1.65
2.56 1.59 2.1 1.69
2.53 1.52 2.24 1.76
2.42 1.55 2.2 1.75
2.5 1.51 2.26 1.77
2.55 1.45 2.26 1.71
2.53 1.42 2.24 1.66
2.51 1.34 2.31 1.65
2.33 1.29 2.4 1.69
2.41 1.41 2.24 1.65
2.38 1.44 2.31 1.75
2.47 1.44 2.21 1.65
2.43 1.43 2.23 1.66
2.36 1.41 2.25 1.66
2.37 1.36 2.29 1.65
2.45 1.38 2.28 1.66
2.4 1.32 2.37 1.69
2.45 1.43 2.26 1.69
2.37 1.42 2.32 1.74
2.53 1.37 2.38 1.75
2.42 1.41 2.21 1.62
2.57 1.44 2.28 1.72
2.41 1.43 2.28 1.71
2.41 1.55 2.22 1.77
2.45 1.4 2.33 1.73
2.46 1.52 2.16 1.68
2.54 1.47 2.18 1.65
2.43 1.41 2.37 1.78
2.47 1.49 2.18 1.67
2.41 1.54 2.18 1.72
2.41 1.25 2.38 1.63
2.39 1.31 2.36 1.67
2.46 1.44 2.27 1.71
2.44 1.38 2.35 1.73
2.47 1.46 2.25 1.71
2.45 1.41 2.41 1.82
2.41 1.48 2.25 1.73
2.44 1.47 2.26 1.73
2.47 1.44 2.19 1.63
2.39 1.34 2.43 1.77
2.55 1.47 2.23 1.7
2.42 1.43 2.35 1.78
2.4 1.46 2.22 1.68
2.48 1.53 2.17 1.7
2.39 1.37 2.37 1.74
2.52 1.62 2.12 1.74
2.39 1.39 2.41 1.8
2.5 1.51 2.19 1.7
2.39 1.35 2.32 1.67
2.47 1.47 2.26 1.73
2.53 1.49 2.21 1.7
2.48 1.39 2.3 1.69
2.55 1.64 2.13 1.77
2.35 1.41 2.29 1.7
2.65 1.44 2.2 1.64
2.38 1.43 2.32 1.75
2.29 1.32 2.42 1.74
2.47 1.39 2.37 1.76
2.41 1.39 2.38 1.77
2.38 1.3 2.44 1.74
2.43 1.48 2.25 1.73
2.47 1.53 2.23 1.76
2.44 1.52 2.25 1.77
2.56 1.44 2.33 1.77
2.41 1.4 2.31 1.71
2.44 1.47 2.2 1.67
2.45 1.51 2.18 1.69
2.33 1.32 2.31 1.63
2.45 1.45 2.21 1.66
2.33 1.31 2.34 1.65
2.29 1.37 2.34 1.71
2.5 1.39 2.25 1.64
2.45 1.52 2.15 1.67
2.39 1.42 2.33 1.75
2.42 1.35 2.37 1.72
2.48 1.5 2.22 1.72
2.35 1.39 2.34 1.73
2.38 1.34 2.36 1.7
2.41 1.43 2.3 1.73
2.56 1.59 2.15 1.74
2.42 1.35 2.33 1.68
2.52 1.56 2.21 1.77
2.48 1.44 2.22 1.66
2.48 1.48 2.23 1.71
2.42 1.41 2.26 1.67
2.4 1.37 2.38 1.75
2.43 1.37 2.31 1.68
2.62 1.6 2.03 1.63
2.36 1.4 2.35 1.75
2.47 1.53 2.24 1.77
2.42 1.49 2.18 1.67
2.59 1.4 2.3 1.7
2.49 1.45 2.23 1.68
2.47 1.38 2.25 1.63
2.4 1.46 2.24 1.7
2.34 1.43 2.31 1.74
2.4 1.43 2.27 1.7
2.45 1.37 2.33 1.7
2.55 1.49 2.3 1.79
2.46 1.41 2.31 1.72
2.48 1.5 2.25 1.75
2.47 1.49 2.29 1.78
2.28 1.42 2.36 1.78
2.31 1.44 2.26 1.7
2.38 1.38 2.4 1.78
2.37 1.35 2.38 1.73
2.42 1.56 2.12 1.68
2.41 1.45 2.18 1.63
2.38 1.39 2.34 1.73
2.43 1.39 2.32 1.71
2.4 1.39 2.24 1.63
2.24 1.34 2.42 1.76
2.49 1.34 2.32 1.66
2.43 1.49 2.3 1.79
2.36 1.33 2.38 1.71
2.45 1.44 2.28 1.72
2.51 1.57 2.2 1.77
2.61 1.52 2.15 1.67
2.36 1.39 2.34 1.73
2.38 1.41 2.36 1.77
2.42 1.41 2.27 1.68
2.31 1.35 2.42 1.77
2.31 1.41 2.36 1.77
2.34 1.43 2.26 1.69
2.51 1.64 2.14 1.78
2.6 1.64 2.12 1.76
2.5 1.48 2.24 1.72
2.31 1.51 2.27 1.78
2.4 1.35 2.36 1.71
2.47 1.51 2.18 1.69
2.37 1.51 2.21 1.72
2.4 1.43 2.2 1.63
2.42 1.47 2.27 1.74
2.49 1.57 2.24 1.81
2.59 1.46 2.27 1.73
2.49 1.5 2.14 1.64
2.33 1.41 2.4 1.81
2.35 1.34 2.27 1.61
2.56 1.47 2.17 1.64
2.46 1.36 2.25 1.61
2.28 1.28 2.38 1.66
2.41 1.55 2.19 1.74
2.45 1.51 2.23 1.74
2.43 1.41 2.31 1.72
2.55 1.48 2.2 1.68
2.63 1.56 2.12 1.68
2.43 1.43 2.29 1.72
2.4 1.38 2.3 1.68
2.3 1.38 2.39 1.77
2.53 1.4 2.27 1.67
2.49 1.41 2.27 1.68
2.44 1.45 2.28 1.73
2.39 1.4 2.27 1.67
2.32 1.45 2.27 1.72
2.49 1.53 2.21 1.74
2.39 1.46 2.28 1.74
2.38 1.43 2.28 1.71
2.49 1.35 2.3 1.65
2.5 1.5 2.18 1.68
2.53 1.51 2.16 1.67
2.4 1.37 2.33 1.7
2.43 1.41 2.26 1.67
2.49 1.55 2.19 1.74
2.36 1.41 2.37 1.78
2.51 1.47 2.23 1.7
2.3 1.39 2.34 1.73
2.5 1.55 2.31 1.86
2.33 1.44 2.36 1.8
2.43 1.46 2.31 1.77
2.38 1.43 2.24 1.67
2.46 1.52 2.18 1.7
2.44 1.52 2.21 1.73
2.44 1.33 2.36 1.69
2.34 1.43 2.25 1.68
2.37 1.41 2.31 1.72
2.49 1.52 2.3 1.82
2.39 1.45 2.23 1.68
2.27 1.42 2.36 1.78
2.42 1.43 2.27 1.7
2.44 1.51 2.19 1.7
2.47 1.49 2.23 1.72
2.34 1.36 2.42 1.78
2.48 1.54 2.19 1.73
2.42 1.42 2.32 1.74
2.37 1.4 2.34 1.74
2.41 1.42 2.28 1.7
2.46 1.4 2.28 1.68
2.39 1.39 2.34 1.73
2.49 1.47 2.25 1.72
2.42 1.49 2.26 1.75
2.44 1.43 2.34 1.77
2.43 1.41 2.34 1.75
2.26 1.44 2.26 1.7
2.43 1.37 2.38 1.75
2.45 1.45 2.33 1.78
2.41 1.31 2.37 1.68
2.29 1.36 2.39 1.75
2.47 1.43 2.29 1.72
2.53 1.39 2.28 1.67
2.48 1.41 2.29 1.7
2.48 1.46 2.26 1.72
2.4 1.45 2.27 1.72
2.18 1.32 2.41 1.73
2.44 1.41 2.19 1.6
2.41 1.43 2.3 1.73
2.39 1.36 2.34 1.7
2.44 1.46 2.25 1.71
2.38 1.44 2.29 1.73
2.41 1.31 2.32 1.63
2.44 1.45 2.21 1.66
2.36 1.31 2.4 1.71
2.41 1.48 2.27 1.75
2.51 1.42 2.28 1.7
2.31 1.38 2.29 1.67
2.38 1.42 2.28 1.7
2.51 1.41 2.25 1.66
2.28 1.42 2.24 1.66
2.52 1.4 2.31 1.71
2.45 1.39 2.31 1.7
2.43 1.4 2.29 1.69
2.49 1.49 2.24 1.73
2.38 1.46 2.25 1.71
2.55 1.47 2.21 1.68
2.39 1.36 2.31 1.67
2.4 1.43 2.22 1.65
2.38 1.49 2.3 1.79
2.54 1.51 2.22 1.73
2.36 1.41 2.38 1.79
2.39 1.48 2.27 1.75
2.48 1.45 2.25 1.7
2.4 1.44 2.15 1.59
2.39 1.29 2.43 1.72
2.41 1.5 2.21 1.71
2.52 1.44 2.35 1.79
2.41 1.4 2.31 1.71
2.45 1.47 2.24 1.71
2.41 1.47 2.29 1.76
2.36 1.3 2.37 1.67
2.38 1.4 2.29 1.69
2.5 1.42 2.32 1.74
2.31 1.42 2.31 1.73
2.33 1.45 2.29 1.74
2.3 1.34 2.31 1.65
2.32 1.45 2.31 1.76
2.33 1.35 2.37 1.72
2.41 1.48 2.24 1.72
2.43 1.39 2.29 1.68
2.34 1.42 2.34 1.76
2.42 1.43 2.26 1.69
2.34 1.39 2.35 1.74
2.35 1.37 2.3 1.67
2.32 1.4 2.34 1.74
2.38 1.4 2.39 1.79
2.25 1.3 2.43 1.73
2.48 1.38 2.28 1.66
2.44 1.42 2.27 1.69
2.62 1.5 2.14 1.64
2.32 1.44 2.2 1.64
2.38 1.47 2.22 1.69
2.41 1.37 2.32 1.69
2.41 1.4 2.34 1.74
2.56 1.43 2.25 1.68
2.31 1.43 2.31 1.74
2.43 1.42 2.33 1.75
2.48 1.39 2.32 1.71
2.43 1.36 2.33 1.69
2.51 1.4 2.31 1.71
2.42 1.4 2.36 1.76
2.33 1.47 2.27 1.74
2.49 1.42 2.36 1.78
2.43 1.38 2.41 1.79
2.43 1.48 2.22 1.7
2.48 1.53 2.19 1.72
2.49 1.45 2.23 1.68
2.4 1.4 2.39 1.79
2.33 1.28 2.34 1.62
2.5 1.47 2.25 1.72
2.45 1.46 2.19 1.65
2.4 1.39 2.33 1.72
2.3 1.46 2.28 1.74
2.48 1.57 2.16 1.73
2.37 1.44 2.27 1.71
2.29 1.34 2.32 1.66
2.52 1.42 2.25 1.67
2.42 1.36 2.33 1.69
2.58 1.53 2.2 1.73
2.56 1.61 2.14 1.75
2.43 1.43 2.23 1.66
2.4 1.4 2.37 1.77
2.39 1.41 2.39 1.8
2.46 1.4 2.26 1.66
2.47 1.46 2.26 1.72
2.41 1.47 2.31 1.78
2.39 1.33 2.38 1.71
2.54 1.39 2.17 1.56
2.41 1.34 2.28 1.62
2.38 1.32 2.42 1.74
2.47 1.56 2.19 1.75
2.37 1.5 2.2 1.7
2.29 1.43 2.29 1.72
2.45 1.3 2.35 1.65
2.48 1.54 2.23 1.77
2.43 1.31 2.32 1.63
2.45 1.39 2.37 1.76
2.4 1.42 2.3 1.72
2.36 1.33 2.32 1.65
2.54 1.51 2.22 1.73
2.43 1.37 2.31 1.68
2.42 1.37 2.38 1.75
2.43 1.42 2.34 1.76
2.49 1.58 2.17 1.75
2.45 1.41 2.33 1.74
2.48 1.49 2.25 1.74
2.46 1.46 2.24 1.7
2.49 1.38 2.29 1.67
2.33 1.37 2.32 1.69
2.42 1.5 2.16 1.66
2.41 1.44 2.32 1.76
2.39 1.51 2.22 1.73
2.39 1.4 2.35 1.75
2.44 1.49 2.24 1.73
2.52 1.65 2.09 1.74
2.42 1.36 2.3 1.66
2.42 1.56 2.19 1.75
2.36 1.36 2.31 1.67
2.41 1.48 2.3 1.78
2.47 1.46 2.22 1.68
2.55 1.5 2.14 1.64
2.47 1.43 2.22 1.65
2.42 1.36 2.36 1.72
2.27 1.34 2.39 1.73
2.49 1.3 2.38 1.68
2.37 1.34 2.36 1.7
2.45 1.5 2.26 1.76
2.5 1.44 2.29 1.73
2.35 1.34 2.4 1.74
2.32 1.3 2.36 1.66
2.35 1.49 2.33 1.82
2.56 1.53 2.21 1.74
2.51 1.5 2.2 1.7
2.47 1.45 2.28 1.73
2.49 1.31 2.32 1.63
2.32 1.49 2.27 1.76
2.3 1.46 2.34 1.8
2.48 1.36 2.37 1.73
2.4 1.44 2.23 1.67
2.44 1.59 2.19 1.78
2.38 1.52 2.23 1.75
2.43 1.41 2.27 1.68
2.48 1.58 2.09 1.67
2.42 1.48 2.14 1.62
2.48 1.52 2.21 1.73
2.3 1.36 2.29 1.65
2.37 1.32 2.34 1.66
2.45 1.49 2.21 1.7
2.45 1.4 2.23 1.63
2.53 1.55 2.15 1.7
2.42 1.52 2.25 1.77
2.31 1.31 2.42 1.73
2.49 1.36 2.3 1.66
2.51 1.38 2.32 1.7
2.33 1.44 2.27 1.71
2.32 1.54 2.17 1.71
2.46 1.39 2.37 1.76
2.53 1.37 2.27 1.64
2.49 1.4 2.23 1.63
2.5 1.52 2.17 1.69
2.39 1.42 2.28 1.7
2.36 1.3 2.37 1.67
2.41 1.43 2.3 1.73
2.44 1.42 2.23 1.65
2.39 1.4 2.34 1.74
2.47 1.67 2.14 1.81
2.45 1.38 2.31 1.69
2.37 1.39 2.31 1.7
2.49 1.43 2.27 1.7
2.34 1.37 2.36 1.73
2.46 1.43 2.23 1.66
2.3 1.37 2.35 1.72
2.33 1.37 2.31 1.68
2.55 1.53 2.21 1.74
2.37 1.35 2.33 1.68
2.37 1.35 2.37 1.72
2.38 1.41 2.37 1.78
2.41 1.29 2.39 1.68
2.47 1.51 2.21 1.72
2.34 1.41 2.3 1.71
2.34 1.39 2.37 1.76
2.53 1.38 2.25 1.63
2.44 1.44 2.32 1.76
2.46 1.45 2.24 1.69
2.41 1.49 2.27 1.76
2.49 1.43 2.23 1.66
2.42 1.34 2.35 1.69
2.47 1.41 2.25 1.66
2.47 1.37 2.33 1.7
2.37 1.46 2.27 1.73
2.37 1.36 2.26 1.62
2.4 1.51 2.23 1.74
2.54 1.59 2.14 1.73
2.36 1.31 2.35 1.66
2.21 1.4 2.33 1.73
2.56 1.47 2.27 1.74
2.53 1.55 2.18 1.73
2.54 1.51 2.23 1.74
2.38 1.48 2.22 1.7
2.49 1.38 2.3 1.68
2.38 1.52 2.24 1.76
2.49 1.5 2.22 1.72
2.38 1.32 2.34 1.66
2.4 1.44 2.25 1.69
2.48 1.48 2.3 1.78
2.44 1.52 2.29 1.81
2.53 1.42 2.27 1.69
2.43 1.41 2.26 1.67
2.44 1.47 2.28 1.75
2.34 1.33 2.41 1.74
2.44 1.41 2.28 1.69
2.34 1.42 2.29 1.71
2.33 1.46 2.33 1.79
2.35 1.4 2.23 1.63
2.47 1.4 2.29 1.69
2.4 1.41 2.3 1.71
2.57 1.38 2.32 1.7
2.42 1.5 2.2 1.7
2.47 1.47 2.27 1.74
2.57 1.49 2.23 1.72
2.5 1.4 2.26 1.66
2.51 1.48 2.2 1.68
2.58 1.3 2.26 1.56
2.32 1.47 2.32 1.79
2.43 1.41 2.3 1.71
2.35 1.43 2.27 1.7
2.51 1.38 2.29 1.67
2.34 1.32 2.33 1.65
2.47 1.49 2.32 1.81
2.5 1.47 2.26 1.73
2.45 1.43 2.26 1.69
2.47 1.36 2.37 1.73
2.58 1.47 2.2 1.67
2.42 1.28 2.35 1.63
2.42 1.35 2.3 1.65
2.38 1.31 2.41 1.72
2.44 1.46 2.26 1.72
2.55 1.49 2.21 1.7
2.32 1.28 2.45 1.73
2.41 1.3 2.37 1.67
2.38 1.44 2.35 1.79
2.43 1.53 2.18 1.71
2.52 1.45 2.25 1.7
2.53 1.46 2.31 1.77
2.39 1.45 2.3 1.75
2.47 1.49 2.31 1.8
2.27 1.27 2.38 1.65
2.57 1.52 2.16 1.68
2.34 1.3 2.37 1.67
2.55 1.44 2.19 1.63
2.4 1.37 2.37 1.74
2.34 1.39 2.31 1.7
2.6 1.64 2.12 1.76
2.4 1.34 2.28 1.62
2.42 1.39 2.33 1.72
2.45 1.41 2.34 1.75
2.44 1.53 2.22 1.75
2.41 1.53 2.18 1.71
2.36 1.46 2.26 1.72
2.47 1.52 2.22 1.74
2.55 1.52 2.19 1.71
2.39 1.44 2.29 1.73
2.57 1.44 2.24 1.68
2.4 1.46 2.28 1.74
2.49 1.56 2.19 1.75
2.3 1.33 2.4 1.73
2.56 1.48 2.22 1.7
2.43 1.42 2.34 1.76
2.47 1.43 2.3 1.73
2.48 1.5 2.23 1.73
2.41 1.37 2.38 1.75
2.42 1.45 2.35 1.8
2.49 1.38 2.41 1.79
2.44 1.38 2.36 1.74
2.37 1.41 2.31 1.72
2.41 1.45 2.3 1.75
2.41 1.31 2.39 1.7
2.44 1.41 2.35 1.76
2.48 1.47 2.25 1.72
2.35 1.35 2.42 1.77
2.45 1.48 2.21 1.69
2.42 1.38 2.26 1.64
2.47 1.47 2.26 1.73
2.32 1.44 2.28 1.72
2.24 1.38 2.35 1.73
2.39 1.38 2.43 1.81
2.43 1.45 2.25 1.7
2.46 1.37 2.32 1.69
2.45 1.42 2.41 1.83
2.53 1.53 2.11 1.64
2.5 1.41 2.32 1.73
2.38 1.36 2.33 1.69
2.34 1.35 2.37 1.72
2.62 1.56 2.19 1.75
2.41 1.41 2.27 1.68
2.39 1.43 2.32 1.75
2.46 1.33 2.3 1.63
2.43 1.4 2.35 1.75
2.5 1.45 2.27 1.72
2.47 1.51 2.24 1.75
2.37 1.4 2.32 1.72
2.41 1.44 2.25 1.69
2.47 1.49 2.33 1.82
2.43 1.51 2.22 1.73
2.55 1.52 2.24 1.76
2.54 1.46 2.21 1.67
2.39 1.45 2.3 1.75
2.37 1.44 2.29 1.73
2.47 1.44 2.27 1.71
2.45 1.5 2.17 1.67
2.29 1.32 2.38 1.7
2.42 1.55 2.19 1.74
2.39 1.38 2.28 1.66
2.48 1.53 2.22 1.75
2.48 1.45 2.32 1.77
2.37 1.35 2.39 1.74
2.36 1.3 2.29 1.59
2.44 1.57 2.17 1.74
2.56 1.4 2.27 1.67
2.37 1.39 2.3 1.69
2.51 1.61 2.14 1.75
2.45 1.55 2.19 1.74
2.39 1.47 2.27 1.74
2.43 1.43 2.26 1.69
2.28 1.33 2.42 1.75
2.49 1.48 2.28 1.76
2.48 1.35 2.33 1.68
2.41 1.48 2.23 1.71
2.43 1.37 2.31 1.68
2.4 1.44 2.24 1.68
2.36 1.41 2.34 1.75
2.32 1.4 2.35 1.75
2.44 1.37 2.39 1.76
2.48 1.48 2.27 1.75
2.4 1.4 2.32 1.72
2.53 1.43 2.29 1.72
2.5 1.53 2.21 1.74
2.32 1.33 2.33 1.66
2.39 1.47 2.31 1.78
2.46 1.49 2.28 1.77
2.36 1.38 2.39 1.77
2.31 1.38 2.35 1.73
2.54 1.39 2.34 1.73
2.41 1.55 2.22 1.77
2.53 1.38 2.26 1.64
2.51 1.31 2.36 1.67
2.53 1.5 2.22 1.72
2.42 1.47 2.22 1.69
2.41 1.45 2.25 1.7
2.5 1.38 2.26 1.64
2.29 1.34 2.34 1.68
2.36 1.39 2.31 1.7
2.37 1.46 2.18 1.64
2.41 1.38 2.3 1.68
2.49 1.41 2.26 1.67
2.25 1.25 2.46 1.71
2.45 1.42 2.29 1.71
2.4 1.38 2.25 1.63
2.55 1.51 2.15 1.66
2.47 1.43 2.32 1.75
2.49 1.54 2.16 1.7
2.5 1.42 2.22 1.64
2.43 1.45 2.2 1.65
2.44 1.37 2.34 1.71
2.44 1.51 2.21 1.72
2.37 1.41 2.3 1.71
2.36 1.44 2.29 1.73
2.33 1.36 2.37 1.73
2.37 1.36 2.37 1.73
2.38 1.36 2.25 1.61
2.41 1.37 2.34 1.71
2.45 1.5 2.24 1.74
2.5 1.43 2.27 1.7
2.5 1.33 2.32 1.65
2.42 1.39 2.31 1.7
2.43 1.45 2.25 1.7
2.42 1.45 2.26 1.71
2.49 1.47 2.3 1.77
2.38 1.42 2.3 1.72
2.51 1.45 2.28 1.73
2.38 1.46 2.28 1.74
2.44 1.44 2.26 1.7
2.57 1.52 2.23 1.75
2.49 1.57 2.22 1.79
2.54 1.36 2.37 1.73
2.5 1.36 2.3 1.66
2.38 1.35 2.44 1.79
2.28 1.29 2.49 1.78
2.47 1.5 2.27 1.77
2.38 1.34 2.4 1.74
2.44 1.46 2.19 1.65
2.31 1.41 2.3 1.71
2.37 1.39 2.31 1.7
2.38 1.45 2.28 1.73
2.37 1.38 2.32 1.7
2.47 1.47 2.17 1.64
2.46 1.43 2.29 1.72
2.55 1.49 2.2 1.69
2.48 1.46 2.31 1.77
2.33 1.28 2.41 1.69
2.39 1.42 2.33 1.75
2.44 1.45 2.32 1.77
2.41 1.4 2.36 1.76
2.46 1.53 2.13 1.66
2.41 1.36 2.32 1.68
2.44 1.39 2.33 1.72
2.42 1.45 2.24 1.69
2.39 1.39 2.25 1.64
2.44 1.45 2.3 1.75
2.32 1.38 2.31 1.69
2.38 1.41 2.24 1.65
2.44 1.45 2.3 1.75
2.5 1.4 2.33 1.73
2.26 1.37 2.29 1.66
2.44 1.4 2.26 1.66
2.44 1.46 2.25 1.71
2.5 1.44 2.3 1.74
2.4 1.35 2.4 1.75
2.63 1.4 2.34 1.74
2.39 1.35 2.3 1.65
2.4 1.44 2.3 1.74
2.47 1.41 2.28 1.69
2.51 1.53 2.17 1.7
2.55 1.47 2.26 1.73
2.36 1.45 2.28 1.73
2.55 1.62 2.12 1.74
2.4 1.27 2.38 1.65
2.47 1.46 2.26 1.72
2.45 1.4 2.27 1.67
2.48 1.42 2.33 1.75
2.43 1.36 2.37 1.73
2.4 1.37 2.35 1.72
2.49 1.5 2.26 1.76
2.36 1.34 2.35 1.69
2.37 1.44 2.32 1.76
2.44 1.51 2.22 1.73
2.49 1.51 2.22 1.73
2.42 1.43 2.22 1.65
2.4 1.43 2.17 1.6
2.42 1.42 2.31 1.73
2.44 1.43 2.23 1.66
2.4 1.37 2.4 1.77
2.46 1.43 2.28 1.71
2.36 1.32 2.33 1.65
2.5 1.44 2.27 1.71
2.28 1.42 2.28 1.7
2.25 1.38 2.37 1.75
2.41 1.49 2.21 1.7
2.53 1.52 2.28 1.8
2.41 1.44 2.28 1.72
2.44 1.39 2.33 1.72
2.45 1.36 2.36 1.72
2.43 1.52 2.2 1.72
2.47 1.43 2.23 1.66
2.33 1.35 2.29 1.64
2.38 1.39 2.29 1.68
2.34 1.41 2.36 1.77
2.46 1.48 2.27 1.75
2.4 1.32 2.35 1.67
2.34 1.34 2.33 1.67
2.35 1.37 2.32 1.69
2.42 1.59 2.12 1.71
2.48 1.47 2.22 1.69
2.44 1.43 2.27 1.7
2.26 1.38 2.36 1.74
2.43 1.42 2.29 1.71
2.33 1.44 2.36 1.8
2.45 1.37 2.31 1.68
2.42 1.4 2.27 1.67
2.38 1.57 2.18 1.75
2.43 1.45 2.27 1.72
2.53 1.48 2.25 1.73
2.39 1.43 2.26 1.69
2.49 1.38 2.33 1.71
2.46 1.48 2.28 1.76
2.47 1.41 2.28 1.69
2.4 1.35 2.4 1.75
2.52 1.37 2.34 1.71
2.52 1.46 2.26 1.72
2.48 1.48 2.14 1.62
2.37 1.52 2.24 1.76
2.54 1.44 2.32 1.76
2.36 1.32 2.34 1.66
2.32 1.29 2.35 1.64
2.44 1.51 2.26 1.77
2.37 1.37 2.39 1.76
2.49 1.53 2.2 1.73
2.51 1.52 2.26 1.78
2.35 1.41 2.32 1.73
2.33 1.45 2.33 1.78
2.37 1.37 2.3 1.67
2.23 1.44 2.34 1.78
2.44 1.42 2.23 1.65
2.37 1.49 2.31 1.8
2.39 1.43 2.3 1.73
2.57 1.72 2.01 1.73
2.41 1.43 2.25 1.68
2.49 1.57 2.18 1.75
2.44 1.47 2.24 1.71
2.36 1.32 2.34 1.66
2.49 1.34 2.31 1.65
2.4 1.47 2.34 1.81
2.3 1.49 2.31 1.8
2.38 1.37 2.29 1.66
2.34 1.36 2.32 1.68
2.37 1.48 2.27 1.75
2.53 1.51 2.26 1.77
2.52 1.35 2.29 1.64
2.26 1.36 2.35 1.71
2.23 1.43 2.24 1.67
2.45 1.39 2.28 1.67
2.41 1.42 2.32 1.74
2.52 1.5 2.17 1.67
2.53 1.45 2.31 1.76
2.41 1.35 2.32 1.67
2.5 1.57 2.15 1.72
2.44 1.48 2.22 1.7
2.43 1.33 2.31 1.64
2.43 1.41 2.28 1.69
2.34 1.43 2.31 1.74
2.38 1.49 2.22 1.71
2.4 1.44 2.29 1.73
2.41 1.46 2.3 1.76
2.45 1.41 2.36 1.77
2.42 1.29 2.46 1.75
2.35 1.51 2.28 1.79
2.47 1.35 2.34 1.69
2.49 1.33 2.29 1.62
2.54 1.43 2.29 1.72
2.4 1.38 2.27 1.65
2.45 1.45 2.24 1.69
2.41 1.44 2.32 1.76
2.39 1.39 2.31 1.7
2.37 1.43 2.22 1.65
2.5 1.57 2.16 1.73
2.49 1.47 2.32 1.79
2.37 1.42 2.31 1.73
2.36 1.35 2.31 1.66
2.51 1.43 2.28 1.71
2.3 1.29 2.37 1.66
2.41 1.43 2.25 1.68
2.54 1.46 2.26 1.72
2.55 1.45 2.28 1.73
2.35 1.34 2.34 1.68
2.34 1.42 2.37 1.79
2.37 1.34 2.29 1.63
2.49 1.42 2.29 1.71
2.45 1.4 2.28 1.68
2.41 1.36 2.28 1.64
2.43 1.4 2.3 1.7
2.42 1.46 2.31 1.77
2.46 1.56 2.18 1.74
2.43 1.39 2.32 1.71
2.45 1.47 2.22 1.69
2.46 1.39 2.37 1.76
2.51 1.48 2.17 1.65
2.3 1.42 2.35 1.77
2.46 1.37 2.38 1.75
2.53 1.54 2.17 1.71
2.48 1.52 2.23 1.75
2.46 1.43 2.34 1.77
2.38 1.34 2.4 1.74
2.45 1.4 2.38 1.78
2.46 1.37 2.3 1.67
2.55 1.57 2.15 1.72
2.48 1.42 2.33 1.75
2.47 1.52 2.26 1.78
2.38 1.37 2.37 1.74
2.49 1.46 2.25 1.71
2.42 1.49 2.23 1.72
2.37 1.37 2.34 1.71
2.34 1.39 2.3 1.69
2.4 1.46 2.25 1.71
2.42 1.39 2.29 1.68
2.17 1.49 2.28 1.77
2.55 1.41 2.25 1.66
2.44 1.47 2.25 1.72
2.45 1.39 2.36 1.75
2.42 1.37 2.34 1.71
2.55 1.5 2.24 1.74
2.33 1.44 2.32 1.76
2.35 1.36 2.37 1.73
2.4 1.43 2.3 1.73
2.4 1.43 2.3 1.73
2.55 1.59 2.15 1.74
2.52 1.45 2.3 1.75
2.33 1.38 2.31 1.69
2.42 1.48 2.24 1.72
2.42 1.36 2.33 1.69
2.4 1.44 2.27 1.71
2.5 1.46 2.25 1.71
2.44 1.38 2.33 1.71
2.41 1.44 2.26 1.7
2.45 1.46 2.29 1.75
2.39 1.47 2.3 1.77
2.42 1.46 2.2 1.66
2.35 1.42 2.25 1.67
2.4 1.5 2.23 1.73
2.48 1.49 2.25 1.74
2.53 1.57 2.17 1.74
2.42 1.42 2.31 1.73
2.35 1.38 2.32 1.7
2.19 1.27 2.43 1.7
2.4 1.52 2.22 1.74
2.37 1.33 2.29 1.62
2.37 1.36 2.32 1.68
2.39 1.35 2.33 1.68
2.49 1.47 2.22 1.69
2.54 1.46 2.23 1.69
2.54 1.45 2.19 1.64
2.39 1.38 2.33 1.71
2.4 1.43 2.33 1.76
2.58 1.47 2.19 1.66
2.47 1.51 2.24 1.75
2.42 1.37 2.27 1.64
2.48 1.43 2.4 1.83
2.37 1.4 2.34 1.74
2.42 1.37 2.3 1.67
2.5 1.55 2.18 1.73
2.3 1.32 2.36 1.68
2.41 1.41 2.28 1.69
2.33 1.47 2.3 1.77
2.48 1.58 2.18 1.76
2.38 1.41 2.28 1.69
2.32 1.43 2.32 1.75
2.43 1.44 2.34 1.78
2.41 1.4 2.27 1.67
2.48 1.46 2.22 1.68
2.36 1.39 2.34 1.73
2.44 1.39 2.27 1.66
2.49 1.44 2.2 1.64
2.47 1.38 2.4 1.78
2.54 1.47 2.24 1.71
2.45 1.56 2.14 1.7
2.35 1.39 2.3 1.69
2.35 1.36 2.3 1.66
2.47 1.35 2.39 1.74
2.51 1.48 2.2 1.68
2.44 1.36 2.32 1.68
2.49 1.4 2.32 1.72
2.29 1.31 2.38 1.69
2.44 1.49 2.21 1.7
2.48 1.46 2.26 1.72
2.42 1.45 2.25 1.7
2.43 1.38 2.26 1.64
2.34 1.45 2.28 1.73
2.48 1.6 2.26 1.86
2.44 1.5 2.27 1.77
2.4 1.3 2.42 1.72
2.33 1.37 2.36 1.73
2.42 1.36 2.38 1.74
2.4 1.43 2.27 1.7
2.52 1.45 2.24 1.69
2.32 1.23 2.44 1.67
2.43 1.38 2.41 1.79
2.41 1.43 2.35 1.78
2.48 1.53 2.25 1.78
2.4 1.46 2.3 1.76
2.34 1.31 2.4 1.71
2.38 1.46 2.24 1.7
2.41 1.3 2.37 1.67
2.5 1.38 2.31 1.69
2.47 1.42 2.29 1.71
2.45 1.41 2.32 1.73
2.55 1.42 2.24 1.66
2.22 1.29 2.41 1.7
2.37 1.44 2.27 1.71
2.36 1.4 2.26 1.66
2.36 1.36 2.34 1.7
2.41 1.39 2.36 1.75
2.44 1.47 2.25 1.72
2.52 1.42 2.21 1.63
2.45 1.39 2.34 1.73
2.54 1.52 2.19 1.71
2.56 1.58 2.22 1.8
2.41 1.46 2.25 1.71
2.51 1.47 2.16 1.63
2.52 1.48 2.16 1.64
2.54 1.4 2.24 1.64
2.5 1.57 2.16 1.73
2.36 1.48 2.23 1.71
2.55 1.41 2.26 1.67
2.33 1.36 2.28 1.64
2.5 1.55 2.21 1.76
2.38 1.46 2.26 1.72
2.46 1.54 2.21 1.75
2.55 1.36 2.32 1.68
2.4 1.53 2.21 1.74
2.4 1.47 2.26 1.73
2.51 1.57 2.23 1.8
2.46 1.43 2.25 1.68
2.41 1.5 2.23 1.73
2.41 1.56 2.26 1.82
2.35 1.32 2.35 1.67
2.55 1.42 2.29 1.71
2.49 1.46 2.26 1.72
2.36 1.46 2.32 1.78
2.52 1.48 2.28 1.76
2.46 1.41 2.23 1.64
2.34 1.41 2.35 1.76
2.4 1.49 2.26 1.75
2.53 1.45 2.32 1.77
2.52 1.42 2.24 1.66
2.32 1.28 2.43 1.71
2.35 1.38 2.35 1.73
2.31 1.31 2.4 1.71
2.47 1.36 2.32 1.68
2.42 1.55 2.22 1.77
2.36 1.37 2.36 1.73
2.44 1.41 2.37 1.78
2.45 1.39 2.29 1.68
2.47 1.45 2.28 1.73
2.36 1.36 2.32 1.68
2.44 1.47 2.32 1.79
2.5 1.4 2.31 1.71
2.46 1.47 2.3 1.77
2.39 1.46 2.29 1.75
2.44 1.35 2.38 1.73
2.37 1.48 2.21 1.69
2.33 1.36 2.4 1.76
2.28 1.42 2.27 1.69
2.28 1.44 2.28 1.72
2.45 1.5 2.26 1.76
2.34 1.4 2.35 1.75
2.46 1.37 2.33 1.7
2.39 1.31 2.49 1.8
2.4 1.39 2.27 1.66
2.37 1.46 2.29 1.75
2.61 1.55 2.18 1.73
2.4 1.36 2.38 1.74
2.45 1.36 2.27 1.63
2.46 1.42 2.2 1.62
2.4 1.4 2.32 1.72
2.51 1.5 2.29 1.79
2.48 1.48 2.3 1.78
2.41 1.45 2.3 1.75
2.49 1.42 2.4 1.82
2.51 1.44 2.24 1.68
2.47 1.52 2.22 1.74
2.54 1.44 2.31 1.75
2.33 1.52 2.28 1.8
2.47 1.45 2.28 1.73
2.4 1.34 2.36 1.7
2.5 1.47 2.26 1.73
2.48 1.47 2.23 1.7
2.5 1.38 2.27 1.65
2.33 1.36 2.4 1.76
2.37 1.4 2.22 1.62
2.44 1.39 2.3 1.69
2.43 1.54 2.23 1.77
2.52 1.51 2.23 1.74
2.3 1.35 2.35 1.7
2.34 1.42 2.31 1.73
2.42 1.47 2.34 1.81
2.46 1.52 2.15 1.67
2.49 1.41 2.33 1.74
2.55 1.53 2.2 1.73
2.51 1.43 2.32 1.75
2.34 1.45 2.3 1.75
2.45 1.47 2.33 1.8
2.53 1.4 2.25 1.65
2.47 1.43 2.3 1.73
2.51 1.46 2.23 1.69
2.27 1.28 2.42 1.7
2.35 1.51 2.23 1.74
2.37 1.4 2.33 1.73
2.37 1.44 2.24 1.68
2.43 1.43 2.25 1.68
2.39 1.41 2.28 1.69
2.33 1.38 2.36 1.74
2.29 1.39 2.32 1.71
2.37 1.39 2.27 1.66
2.31 1.36 2.33 1.69
2.44 1.41 2.3 1.71
2.47 1.46 2.37 1.83
2.34 1.37 2.31 1.68
2.32 1.4 2.35 1.75
2.54 1.43 2.27 1.7
2.38 1.4 2.3 1.7
2.37 1.53 2.26 1.79
2.53 1.6 2.15 1.75
2.53 1.43 2.25 1.68
2.43 1.48 2.3 1.78
2.4 1.3 2.42 1.72
2.32 1.4 2.3 1.7
2.38 1.41 2.4 1.81
2.23 1.27 2.4 1.67
2.4 1.43 2.29 1.72
2.44 1.52 2.24 1.76
2.37 1.44 2.29 1.73
2.46 1.34 2.36 1.7
2.58 1.47 2.25 1.72
2.46 1.59 2.16 1.75
2.37 1.38 2.31 1.69
2.3 1.23 2.42 1.65
2.49 1.43 2.29 1.72
2.34 1.46 2.22 1.68
2.49 1.36 2.31 1.67
2.38 1.37 2.29 1.66
2.47 1.34 2.36 1.7
2.47 1.56 2.24 1.8
2.32 1.34 2.37 1.71
2.39 1.37 2.45 1.82
2.46 1.46 2.26 1.72
2.41 1.41 2.37 1.78
2.46 1.39 2.32 1.71
2.43 1.4 2.3 1.7
2.45 1.36 2.28 1.64
2.37 1.5 2.26 1.76
2.37 1.43 2.32 1.75
2.26 1.32 2.43 1.75
2.48 1.48 2.21 1.69
2.45 1.43 2.28 1.71
2.48 1.55 2.19 1.74
2.49 1.27 2.37 1.64
2.55 1.45 2.28 1.73
2.52 1.49 2.22 1.71
2.47 1.49 2.27 1.76
2.33 1.41 2.39 1.8
2.33 1.38 2.33 1.71
2.41 1.44 2.16 1.6
2.43 1.52 2.18 1.7
2.59 1.54 2.2 1.74
2.37 1.39 2.3 1.69
2.57 1.58 2.11 1.69
2.32 1.4 2.35 1.75
2.5 1.32 2.33 1.65
2.25 1.41 2.3 1.71
2.38 1.4 2.34 1.74
2.4 1.37 2.35 1.72
2.39 1.35 2.38 1.73
2.3 1.37 2.35 1.72
2.42 1.58 2.2 1.78
2.36 1.5 2.24 1.74
2.4 1.44 2.3 1.74
2.36 1.39 2.31 1.7
2.36 1.33 2.35 1.68
2.4 1.51 2.22 1.73
2.49 1.49 2.21 1.7
2.48 1.63 2.15 1.78
2.36 1.5 2.21 1.71
2.49 1.4 2.32 1.72
2.41 1.48 2.24 1.72
2.41 1.51 2.27 1.78
2.42 1.47 2.22 1.69
2.61 1.39 2.28 1.67
2.39 1.26 2.34 1.6
2.37 1.37 2.32 1.69
2.49 1.4 2.32 1.72
2.44 1.39 2.26 1.65
2.46 1.52 2.27 1.79
2.3 1.45 2.35 1.8
2.44 1.47 2.21 1.68
2.4 1.41 2.34 1.75
2.4 1.47 2.25 1.72
2.39 1.44 2.26 1.7
2.52 1.39 2.26 1.65
2.3 1.36 2.38 1.74
2.38 1.37 2.36 1.73
2.5 1.43 2.21 1.64
2.46 1.41 2.24 1.65
2.39 1.4 2.38 1.78
2.4 1.36 2.32 1.68
2.49 1.43 2.26 1.69
2.38 1.36 2.34 1.7
2.41 1.54 2.13 1.67
2.43 1.34 2.32 1.66
2.53 1.48 2.22 1.7
2.44 1.4 2.23 1.63
2.42 1.37 2.3 1.67
2.45 1.41 2.27 1.68
2.38 1.49 2.26 1.75
2.46 1.49 2.27 1.76
2.44 1.41 2.29 1.7
2.46 1.4 2.33 1.73
2.43 1.45 2.27 1.72
2.35 1.44 2.36 1.8
2.49 1.48 2.29 1.77
2.46 1.42 2.33 1.75
2.43 1.4 2.29 1.69
2.53 1.47 2.2 1.67
2.43 1.45 2.3 1.75
2.41 1.37 2.37 1.74
2.36 1.39 2.33 1.72
2.45 1.45 2.22 1.67
2.37 1.47 2.21 1.68
2.46 1.37 2.26 1.63
2.58 1.49 2.21 1.7
2.51 1.37 2.37 1.74
2.26 1.32 2.43 1.75
2.46 1.53 2.23 1.76
2.54 1.51 2.22 1.73
2.45 1.28 2.36 1.64
2.54 1.53 2.22 1.75
2.56 1.44 2.23 1.67
2.4 1.4 2.31 1.71
2.4 1.57 2.17 1.74
2.45 1.36 2.38 1.74
2.48 1.49 2.23 1.72
2.33 1.36 2.3 1.66
2.45 1.49 2.25 1.74
2.52 1.54 2.27 1.81
2.34 1.3 2.38 1.68
2.43 1.36 2.27 1.63
2.42 1.58 2.19 1.77
2.51 1.5 2.21 1.71
2.36 1.44 2.26 1.7
2.38 1.47 2.24 1.71
2.45 1.46 2.24 1.7
2.37 1.35 2.35 1.7
2.53 1.41 2.25 1.66
2.36 1.44 2.26 1.7
2.45 1.42 2.32 1.74
2.44 1.41 2.28 1.69
2.51 1.45 2.28 1.73
2.45 1.38 2.31 1.69
2.44 1.43 2.27 1.7
2.32 1.36 2.37 1.73
2.4 1.43 2.29 1.72
2.42 1.53 2.21 1.74
2.47 1.46 2.31 1.77
2.39 1.39 2.31 1.7
2.37 1.4 2.31 1.71
2.42 1.45 2.21 1.66
2.58 1.57 2.27 1.84
2.36 1.42 2.31 1.73
2.32 1.46 2.28 1.74
2.42 1.46 2.29 1.75
2.44 1.42 2.22 1.64
2.49 1.46 2.23 1.69
2.47 1.5 2.25 1.75
2.43 1.38 2.33 1.71
2.36 1.37 2.36 1.73
2.36 1.53 2.3 1.83
2.38 1.41 2.2 1.61
2.34 1.36 2.31 1.67
2.4 1.39 2.32 1.71
2.36 1.38 2.31 1.69
2.51 1.49 2.28 1.77
2.45 1.47 2.28 1.75
2.42 1.51 2.24 1.75
2.35 1.36 2.27 1.63
2.44 1.51 2.16 1.67
2.6 1.55 2.18 1.73
2.4 1.45 2.29 1.74
2.49 1.5 2.14 1.64
2.47 1.47 2.28 1.75
2.39 1.32 2.34 1.66
2.49 1.53 2.22 1.75
2.47 1.59 2.2 1.79
2.38 1.34 2.21 1.55
2.5 1.52 2.15 1.67
2.49 1.6 2.15 1.75
2.56 1.51 2.26 1.77
2.34 1.52 2.24 1.76
2.45 1.49 2.23 1.72
2.42 1.37 2.32 1.69
2.46 1.47 2.28 1.75
2.48 1.52 2.22 1.74
2.3 1.34 2.44 1.78
2.43 1.48 2.27 1.75
2.49 1.38 2.35 1.73
2.41 1.4 2.36 1.76
2.55 1.54 2.18 1.72
2.43 1.49 2.26 1.75
2.43 1.43 2.31 1.74
2.48 1.55 2.21 1.76
2.47 1.54 2.21 1.75
2.46 1.39 2.38 1.77
2.4 1.42 2.3 1.72
2.35 1.38 2.34 1.72
2.36 1.28 2.37 1.65
2.51 1.47 2.22 1.69
2.37 1.44 2.31 1.75
2.39 1.46 2.25 1.71
2.41 1.43 2.33 1.76
2.31 1.36 2.35 1.71
2.44 1.44 2.27 1.71
2.53 1.41 2.29 1.7
2.37 1.44 2.31 1.75
2.46 1.53 2.14 1.67
2.39 1.44 2.23 1.67
2.39 1.59 2.18 1.77
2.5 1.43 2.33 1.76
2.39 1.28 2.42 1.7
2.24 1.37 2.42 1.79
2.28 1.3 2.38 1.68
2.55 1.43 2.24 1.67
2.39 1.46 2.24 1.7
2.43 1.29 2.31 1.6
2.44 1.48 2.19 1.67
2.39 1.36 2.43 1.79
2.45 1.37 2.22 1.59
2.44 1.46 2.26 1.72
2.38 1.54 2.16 1.7
2.44 1.42 2.29 1.71
2.41 1.35 2.4 1.75
2.41 1.46 2.28 1.74
2.46 1.49 2.28 1.77
2.49 1.52 2.27 1.79
2.47 1.63 2.2 1.83
2.36 1.41 2.29 1.7
2.39 1.27 2.39 1.66
2.44 1.46 2.23 1.69
2.33 1.35 2.37 1.72
2.39 1.33 2.36 1.69
2.4 1.34 2.35 1.69
2.34 1.31 2.44 1.75
2.44 1.51 2.21 1.72
2.48 1.59 2.24 1.83
2.45 1.56 2.26 1.82
2.4 1.38 2.39 1.77
2.29 1.31 2.39 1.7
2.4 1.54 2.23 1.77
2.47 1.38 2.35 1.73
2.43 1.4 2.32 1.72
2.41 1.36 2.33 1.69
2.43 1.48 2.26 1.74
2.46 1.45 2.26 1.71
2.42 1.37 2.26 1.63
2.34 1.31 2.35 1.66
2.31 1.4 2.36 1.76
2.5 1.41 2.33 1.74
2.48 1.46 2.2 1.66
2.39 1.36 2.34 1.7
2.49 1.48 2.25 1.73
2.58 1.56 2.25 1.81
2.37 1.39 2.26 1.65
2.43 1.35 2.35 1.7
2.45 1.43 2.26 1.69
2.45 1.38 2.34 1.72
2.45 1.55 2.22 1.77
2.47 1.64 2.19 1.83
2.63 1.59 2.2 1.79
2.25 1.21 2.39 1.6
2.52 1.45 2.18 1.63
2.26 1.3 2.35 1.65
2.5 1.37 2.3 1.67
2.47 1.58 2.21 1.79
2.42 1.35 2.34 1.69
2.43 1.48 2.21 1.69
2.56 1.35 2.43 1.78
2.47 1.44 2.31 1.75
2.37 1.49 2.29 1.78
2.45 1.46 2.19 1.65
2.37 1.49 2.23 1.72
2.43 1.52 2.16 1.68
2.42 1.24 2.37 1.61
2.49 1.43 2.31 1.74
2.43 1.35 2.35 1.7
2.49 1.42 2.28 1.7
2.29 1.52 2.23 1.75
2.46 1.4 2.34 1.74
2.53 1.51 2.19 1.7
2.44 1.41 2.32 1.73
2.48 1.39 2.26 1.65
2.4 1.45 2.24 1.69
2.49 1.48 2.25 1.73
2.55 1.48 2.26 1.74
2.41 1.34 2.35 1.69
2.4 1.36 2.35 1.71
2.36 1.46 2.29 1.75
2.48 1.39 2.36 1.75
2.56 1.49 2.18 1.67
2.36 1.39 2.37 1.76
2.5 1.52 2.19 1.71
2.46 1.44 2.31 1.75
2.4 1.46 2.3 1.76
2.41 1.39 2.33 1.72
2.51 1.46 2.24 1.7
2.53 1.32 2.39 1.71
2.47 1.46 2.27 1.73
2.54 1.5 2.19 1.69
2.48 1.47 2.21 1.68
2.38 1.45 2.29 1.74
2.4 1.46 2.24 1.7
2.51 1.3 2.34 1.64
2.34 1.33 2.4 1.73
2.38 1.34 2.28 1.62
2.4 1.42 2.33 1.75
2.46 1.43 2.3 1.73
2.5 1.41 2.31 1.72
2.44 1.47 2.24 1.71
2.35 1.48 2.23 1.71
2.49 1.45 2.22 1.67
2.44 1.43 2.28 1.71
2.4 1.43 2.27 1.7
2.45 1.48 2.19 1.67
2.49 1.48 2.26 1.74
2.5 1.39 2.32 1.71
2.36 1.35 2.28 1.63
2.4 1.38 2.32 1.7
2.37 1.44 2.26 1.7
2.43 1.43 2.31 1.74
2.47 1.34 2.41 1.75
2.44 1.42 2.34 1.76
2.25 1.49 2.27 1.76
2.41 1.46 2.31 1.77
2.43 1.4 2.35 1.75
2.41 1.44 2.3 1.74
2.36 1.37 2.34 1.71
2.53 1.44 2.27 1.71
2.36 1.39 2.31 1.7
2.34 1.33 2.34 1.67
2.49 1.38 2.42 1.8
2.44 1.43 2.32 1.75
2.33 1.35 2.39 1.74
2.43 1.42 2.25 1.67
2.4 1.36 2.27 1.63
2.53 1.52 2.19 1.71
2.52 1.46 2.21 1.67
2.52 1.57 2.11 1.68
2.45 1.52 2.32 1.84
2.42 1.47 2.32 1.79
2.47 1.54 2.18 1.72
2.28 1.4 2.36 1.76
2.41 1.44 2.29 1.73
2.49 1.54 2.22 1.76
2.41 1.38 2.3 1.68
2.54 1.4 2.3 1.7
2.59 1.43 2.27 1.7
2.4 1.37 2.31 1.68
2.53 1.53 2.2 1.73
2.46 1.46 2.29 1.75
2.4 1.4 2.31 1.71
2.42 1.37 2.31 1.68
2.44 1.41 2.27 1.68
2.5 1.6 2.24 1.84
2.44 1.41 2.31 1.72
2.55 1.41 2.23 1.64
2.42 1.4 2.36 1.76
2.44 1.47 2.23 1.7
2.62 1.54 2.19 1.73
2.35 1.41 2.32 1.73
2.38 1.4 2.37 1.77
2.51 1.42 2.27 1.69
2.54 1.49 2.24 1.73
2.43 1.44 2.23 1.67
2.41 1.43 2.29 1.72
2.51 1.53 2.22 1.75
2.5 1.38 2.36 1.74
2.3 1.48 2.26 1.74
2.49 1.49 2.29 1.78
2.45 1.41 2.28 1.69
2.6 1.47 2.31 1.78
2.43 1.36 2.37 1.73
2.45 1.49 2.29 1.78
2.47 1.38 2.31 1.69
2.39 1.56 2.23 1.79
2.3 1.4 2.34 1.74
2.44 1.42 2.33 1.75
2.47 1.55 2.21 1.76
2.52 1.41 2.27 1.68
2.52 1.5 2.21 1.71
2.43 1.41 2.25 1.66
2.32 1.27 2.44 1.71
2.28 1.34 2.39 1.73
2.52 1.47 2.28 1.75
2.41 1.62 2.21 1.83
2.35 1.41 2.23 1.64
2.46 1.55 2.22 1.77
2.45 1.43 2.25 1.68
2.42 1.31 2.27 1.58
2.3 1.36 2.32 1.68
2.39 1.29 2.4 1.69
2.49 1.59 2.16 1.75
2.48 1.37 2.25 1.62
2.42 1.48 2.27 1.75
2.57 1.43 2.18 1.61
2.5 1.5 2.2 1.7
2.51 1.44 2.37 1.81
2.43 1.55 2.18 1.73
2.49 1.38 2.31 1.69
2.52 1.53 2.19 1.72
2.49 1.41 2.23 1.64
2.41 1.51 2.32 1.83
2.43 1.45 2.25 1.7
2.34 1.42 2.3 1.72
2.44 1.49 2.24 1.73
2.38 1.34 2.38 1.72
2.51 1.45 2.25 1.7
2.32 1.31 2.36 1.67
2.42 1.41 2.34 1.75
2.43 1.51 2.23 1.74
2.4 1.42 2.33 1.75
2.34 1.47 2.29 1.76
2.43 1.33 2.27 1.6
2.38 1.44 2.31 1.75
2.48 1.46 2.23 1.69
2.28 1.43 2.25 1.68
2.45 1.56 2.22 1.78
2.44 1.47 2.28 1.75
2.43 1.45 2.35 1.8
2.51 1.48 2.2 1.68
2.49 1.49 2.32 1.81
2.54 1.44 2.33 1.77
2.31 1.42 2.28 1.7
2.51 1.52 2.2 1.72
2.63 1.57 2.2 1.77
2.46 1.44 2.3 1.74
2.47 1.5 2.25 1.75
2.35 1.36 2.35 1.71
2.55 1.55 2.15 1.7
2.48 1.47 2.24 1.71
2.35 1.42 2.33 1.75
2.48 1.45 2.24 1.69
2.36 1.37 2.33 1.7
2.3 1.38 2.31 1.69
2.45 1.48 2.24 1.72
2.46 1.5 2.22 1.72
2.45 1.51 2.2 1.71
2.42 1.31 2.41 1.72
2.4 1.43 2.33 1.76
2.47 1.49 2.26 1.75
2.48 1.35 2.35 1.7
2.45 1.49 2.24 1.73
2.45 1.46 2.23 1.69
2.45 1.41 2.25 1.66
2.48 1.5 2.19 1.69
2.45 1.3 2.27 1.57
2.53 1.43 2.24 1.67
2.38 1.44 2.28 1.72
2.5 1.44 2.28 1.72
2.64 1.61 2.15 1.76
2.36 1.52 2.25 1.77
2.32 1.38 2.31 1.69
2.41 1.48 2.22 1.7
2.46 1.44 2.26 1.7
2.47 1.41 2.31 1.72
2.53 1.52 2.22 1.74
2.46 1.54 2.13 1.67
2.4 1.32 2.31 1.63
2.39 1.34 2.39 1.73
2.38 1.51 2.24 1.75
2.47 1.56 2.24 1.8
2.43 1.35 2.29 1.64
2.38 1.53 2.24 1.77
2.41 1.42 2.27 1.69
2.35 1.42 2.31 1.73
2.47 1.4 2.35 1.75
2.4 1.33 2.37 1.7
2.34 1.43 2.34 1.77
2.36 1.36 2.41 1.77
2.42 1.43 2.24 1.67
2.35 1.45 2.23 1.68
2.43 1.41 2.28 1.69
2.42 1.46 2.22 1.68
2.48 1.51 2.22 1.73
2.47 1.5 2.3 1.8
2.5 1.49 2.16 1.65
2.45 1.43 2.32 1.75
2.45 1.44 2.3 1.74
2.28 1.32 2.45 1.77
2.41 1.5 2.27 1.77
2.35 1.33 2.29 1.62
2.38 1.28 2.42 1.7
2.46 1.45 2.27 1.72
2.44 1.38 2.33 1.71
2.4 1.45 2.26 1.71
2.43 1.44 2.3 1.74
2.41 1.39 2.35 1.74
2.46 1.44 2.3 1.74
2.33 1.43 2.3 1.73
2.55 1.46 2.27 1.73
2.37 1.38 2.32 1.7
2.42 1.31 2.39 1.7
2.34 1.32 2.33 1.65
2.19 1.32 2.4 1.72
2.52 1.34 2.34 1.68
2.45 1.43 2.32 1.75
2.41 1.46 2.24 1.7
2.39 1.46 2.31 1.77
2.3 1.48 2.3 1.78
2.39 1.37 2.38 1.75
2.31 1.46 2.26 1.72
2.49 1.49 2.2 1.69
2.34 1.29 2.38 1.67
2.43 1.32 2.33 1.65
2.47 1.36 2.34 1.7
2.49 1.34 2.28 1.62
2.45 1.36 2.37 1.73
2.34 1.29 2.45 1.74
2.51 1.45 2.28 1.73
2.27 1.26 2.47 1.73
2.48 1.51 2.28 1.79
2.37 1.35 2.31 1.66
2.55 1.53 2.15 1.68
2.41 1.35 2.27 1.62
2.46 1.44 2.2 1.64
2.4 1.4 2.35 1.75
2.34 1.36 2.26 1.62
2.43 1.45 2.33 1.78
2.46 1.51 2.2 1.71
2.42 1.44 2.32 1.76
2.38 1.45 2.27 1.72
2.36 1.33 2.36 1.69
2.43 1.54 2.14 1.68
2.48 1.46 2.24 1.7
2.45 1.47 2.12 1.59
2.41 1.41 2.28 1.69
2.35 1.31 2.32 1.63
2.32 1.27 2.4 1.67
2.45 1.42 2.27 1.69
2.4 1.23 2.4 1.63
2.47 1.42 2.28 1.7
2.46 1.51 2.25 1.76
2.4 1.3 2.35 1.65
2.42 1.59 2.13 1.72
2.44 1.43 2.34 1.77
2.39 1.45 2.24 1.69
2.32 1.33 2.33 1.66
2.3 1.41 2.34 1.75
2.32 1.39 2.32 1.71
2.32 1.3 2.34 1.64
2.49 1.43 2.23 1.66
2.43 1.46 2.25 1.71
2.22 1.28 2.48 1.76
2.3 1.41 2.36 1.77
2.49 1.49 2.24 1.73
2.39 1.38 2.33 1.71
2.47 1.51 2.21 1.72
2.46 1.4 2.23 1.63
2.4 1.42 2.25 1.67
2.49 1.41 2.24 1.65
2.39 1.36 2.33 1.69
2.58 1.5 2.23 1.73
2.36 1.36 2.37 1.73
2.45 1.38 2.32 1.7
2.38 1.36 2.34 1.7
2.39 1.38 2.31 1.69
2.39 1.45 2.27 1.72
2.54 1.5 2.3 1.8
2.38 1.35 2.31 1.66
2.61 1.53 2.17 1.7
2.48 1.35 2.29 1.64
2.46 1.51 2.22 1.73
2.41 1.51 2.27 1.78
2.35 1.41 2.33 1.74
2.46 1.34 2.33 1.67
2.37 1.42 2.3 1.72
2.42 1.36 2.31 1.67
2.41 1.33 2.36 1.69
2.25 1.3 2.38 1.68
2.35 1.41 2.34 1.75
2.25 1.53 2.21 1.74
2.54 1.52 2.27 1.79
2.3 1.37 2.36 1.73
2.43 1.5 2.27 1.77
2.39 1.31 2.4 1.71
2.38 1.31 2.39 1.7
2.36 1.37 2.34 1.71
2.37 1.48 2.22 1.7
2.5 1.36 2.34 1.7
2.46 1.46 2.21 1.67
2.5 1.33 2.27 1.6
2.48 1.53 2.22 1.75
2.3 1.4 2.36 1.76
2.44 1.42 2.29 1.71
2.39 1.45 2.32 1.77
2.51 1.51 2.21 1.72
2.41 1.4 2.3 1.7
2.46 1.44 2.27 1.71
2.4 1.3 2.35 1.65
2.62 1.43 2.19 1.62
2.41 1.52 2.18 1.7
2.37 1.35 2.36 1.71
2.46 1.44 2.34 1.78
2.48 1.37 2.31 1.68
2.39 1.49 2.28 1.77
2.5 1.41 2.29 1.7
2.46 1.47 2.19 1.66
2.38 1.35 2.35 1.7
2.48 1.54 2.11 1.65
2.51 1.36 2.3 1.66
2.3 1.34 2.37 1.71
2.49 1.45 2.31 1.76
2.38 1.31 2.36 1.67
2.39 1.38 2.3 1.68
2.4 1.43 2.28 1.71
2.26 1.33 2.44 1.77
2.46 1.45 2.25 1.7
2.38 1.42 2.28 1.7
2.48 1.48 2.25 1.73
2.47 1.58 2.17 1.75
2.56 1.57 2.18 1.75
2.41 1.37 2.25 1.62
2.34 1.44 2.36 1.8
2.43 1.43 2.27 1.7
2.35 1.26 2.36 1.62
2.42 1.42 2.28 1.7
2.4 1.42 2.33 1.75
2.51 1.38 2.35 1.73
2.47 1.38 2.25 1.63
2.46 1.42 2.29 1.71
2.45 1.43 2.2 1.63
2.52 1.44 2.22 1.66
2.39 1.35 2.34 1.69
2.35 1.44 2.28 1.72
2.45 1.48 2.24 1.72
2.48 1.42 2.29 1.71
2.46 1.39 2.22 1.61
2.34 1.38 2.31 1.69
2.31 1.45 2.3 1.75
2.48 1.44 2.25 1.69
2.51 1.5 2.26 1.76
2.41 1.41 2.3 1.71
2.49 1.42 2.33 1.75
2.33 1.29 2.32 1.61
2.39 1.42 2.27 1.69
2.38 1.46 2.3 1.76
2.41 1.41 2.31 1.72
2.42 1.52 2.17 1.69
2.47 1.44 2.31 1.75
2.49 1.42 2.33 1.75
2.47 1.43 2.32 1.75
2.34 1.36 2.38 1.74
2.4 1.48 2.33 1.81
2.37 1.42 2.33 1.75
2.31 1.29 2.45 1.74
2.35 1.22 2.4 1.62
2.39 1.46 2.28 1.74
2.46 1.51 2.22 1.73
2.39 1.37 2.19 1.56
2.41 1.41 2.27 1.68
2.54 1.44 2.2 1.64
2.43 1.34 2.37 1.71
2.39 1.55 2.18 1.73
2.35 1.33 2.33 1.66
2.54 1.44 2.21 1.65
2.47 1.33 2.43 1.76
2.51 1.45 2.25 1.7
2.48 1.38 2.33 1.71
2.3 1.28 2.36 1.64
2.29 1.36 2.34 1.7
2.5 1.47 2.3 1.77
2.29 1.33 2.38 1.71
2.35 1.41 2.3 1.71
2.34 1.51 2.25 1.76
2.5 1.46 2.25 1.71
2.43 1.46 2.26 1.72
2.44 1.39 2.29 1.68
2.24 1.42 2.34 1.76
2.48 1.41 2.35 1.76
2.41 1.41 2.32 1.73
2.48 1.47 2.31 1.78
2.35 1.38 2.35 1.73
2.4 1.38 2.27 1.65
2.31 1.39 2.34 1.73
2.42 1.45 2.24 1.69
2.43 1.48 2.26 1.74
2.35 1.28 2.35 1.63
2.51 1.51 2.23 1.74
2.48 1.41 2.28 1.69
2.43 1.49 2.27 1.76
2.42 1.34 2.37 1.71
2.49 1.5 2.23 1.73
2.36 1.3 2.35 1.65
2.41 1.32 2.31 1.63
2.53 1.39 2.27 1.66
2.38 1.37 2.33 1.7
2.52 1.64 2.08 1.72
2.39 1.44 2.26 1.7
2.34 1.36 2.38 1.74
2.54 1.49 2.2 1.69
2.4 1.56 2.23 1.79
2.51 1.46 2.25 1.71
2.45 1.3 2.37 1.67
2.38 1.44 2.31 1.75
2.45 1.4 2.31 1.71
2.49 1.41 2.23 1.64
2.49 1.58 2.17 1.75
2.16 1.4 2.39 1.79
2.44 1.53 2.17 1.7
2.38 1.34 2.33 1.67
2.46 1.4 2.25 1.65
2.43 1.48 2.27 1.75
2.44 1.48 2.22 1.7
2.56 1.52 2.19 1.71
2.58 1.46 2.2 1.66
2.38 1.5 2.3 1.8
2.29 1.3 2.38 1.68
2.5 1.49 2.25 1.74
2.23 1.43 2.28 1.71
2.47 1.33 2.4 1.73
2.54 1.5 2.19 1.69
2.5 1.55 2.19 1.74
2.47 1.39 2.4 1.79
2.51 1.44 2.25 1.69
2.46 1.4 2.27 1.67
2.5 1.56 2.2 1.76
2.46 1.41 2.29 1.7
2.54 1.48 2.24 1.72
2.42 1.46 2.23 1.69
2.47 1.37 2.36 1.73
2.42 1.28 2.36 1.64
2.42 1.44 2.36 1.8
2.46 1.49 2.23 1.72
2.44 1.29 2.41 1.7
2.52 1.49 2.2 1.69
2.51 1.53 2.18 1.71
2.4 1.38 2.34 1.72
2.45 1.36 2.38 1.74
2.38 1.4 2.27 1.67
2.48 1.46 2.25 1.71
2.34 1.51 2.27 1.78
2.5 1.52 2.17 1.69
2.5 1.51 2.22 1.73
2.41 1.31 2.33 1.64
2.49 1.46 2.27 1.73
2.36 1.38 2.27 1.65
2.4 1.43 2.2 1.63
2.39 1.5 2.18 1.68
2.33 1.35 2.33 1.68
2.46 1.46 2.24 1.7
2.39 1.41 2.33 1.74
2.46 1.54 2.27 1.81
2.46 1.39 2.3 1.69
2.4 1.45 2.27 1.72
2.46 1.41 2.36 1.77
2.36 1.56 2.16 1.72
2.42 1.41 2.32 1.73
2.42 1.4 2.29 1.69
2.36 1.32 2.29 1.61
2.54 1.63 2.12 1.75
2.54 1.43 2.3 1.73
2.55 1.44 2.3 1.74
2.43 1.5 2.25 1.75
2.53 1.5 2.24 1.74
2.45 1.42 2.24 1.66
2.37 1.29 2.43 1.72
2.53 1.44 2.29 1.73
2.47 1.42 2.3 1.72
2.37 1.36 2.27 1.63
2.33 1.51 2.25 1.76
2.47 1.59 2.15 1.74
2.4 1.44 2.2 1.64
2.39 1.46 2.25 1.71
2.39 1.35 2.38 1.73
2.36 1.4 2.37 1.77
2.4 1.34 2.38 1.72
2.45 1.48 2.23 1.71
2.42 1.51 2.16 1.67
2.46 1.36 2.41 1.77
2.44 1.41 2.32 1.73
2.51 1.53 2.19 1.72
2.49 1.53 2.16 1.69
2.47 1.56 2.15 1.71
2.38 1.41 2.33 1.74
2.36 1.33 2.44 1.77
2.4 1.43 2.34 1.77
2.47 1.62 2.13 1.75
2.29 1.45 2.32 1.77
2.38 1.47 2.26 1.73
2.43 1.38 2.3 1.68
2.47 1.33 2.4 1.73
2.5 1.39 2.3 1.69
2.43 1.39 2.31 1.7
2.24 1.28 2.44 1.72
2.5 1.46 2.29 1.75
2.43 1.44 2.29 1.73
2.49 1.58 2.18 1.76
2.34 1.4 2.29 1.69
2.58 1.41 2.28 1.69
2.4 1.58 2.15 1.73
2.47 1.49 2.28 1.77
2.4 1.44 2.27 1.71
2.39 1.55 2.2 1.75
2.46 1.41 2.32 1.73
2.32 1.39 2.3 1.69
2.37 1.4 2.27 1.67
2.6 1.58 2.13 1.71
2.5 1.41 2.26 1.67
2.49 1.33 2.34 1.67
2.35 1.36 2.33 1.69
2.44 1.32 2.31 1.63
2.45 1.43 2.29 1.72
2.29 1.35 2.36 1.71
2.43 1.45 2.32 1.77
2.47 1.51 2.23 1.74
2.31 1.44 2.3 1.74
2.46 1.41 2.31 1.72
2.32 1.41 2.33 1.74
2.46 1.29 2.43 1.72
2.29 1.38 2.35 1.73
2.42 1.39 2.3 1.69
2.53 1.38 2.34 1.72
2.5 1.48 2.24 1.72
2.5 1.4 2.34 1.74
2.43 1.52 2.26 1.78
2.31 1.29 2.44 1.73
2.51 1.52 2.12 1.64
2.54 1.48 2.27 1.75
2.43 1.44 2.22 1.66
2.3 1.47 2.23 1.7
2.39 1.41 2.29 1.7
2.36 1.3 2.41 1.71
2.43 1.41 2.33 1.74
2.41 1.52 2.25 1.77
2.41 1.33 2.44 1.77
2.32 1.38 2.45 1.83
2.31 1.35 2.42 1.77
2.45 1.47 2.27 1.74
2.38 1.43 2.29 1.72
2.52 1.47 2.24 1.71
2.33 1.34 2.39 1.73
2.39 1.41 2.26 1.67
2.48 1.43 2.26 1.69
2.37 1.38 2.38 1.76
2.44 1.51 2.17 1.68
2.57 1.43 2.27 1.7
2.46 1.43 2.31 1.74
2.3 1.38 2.39 1.77
2.28 1.32 2.36 1.68
2.48 1.51 2.23 1.74
2.37 1.39 2.31 1.7
2.4 1.4 2.33 1.73
2.49 1.41 2.35 1.76
2.48 1.55 2.18 1.73
2.36 1.29 2.43 1.72
2.34 1.41 2.26 1.67
2.38 1.49 2.27 1.76
2.44 1.36 2.32 1.68
2.42 1.54 2.25 1.79
2.45 1.53 2.21 1.74
2.4 1.47 2.28 1.75
2.37 1.35 2.35 1.7
2.35 1.34 2.39 1.73
2.47 1.39 2.35 1.74
2.41 1.38 2.3 1.68
2.37 1.3 2.45 1.75
2.56 1.37 2.28 1.65
2.32 1.46 2.36 1.82
2.35 1.37 2.36 1.73
2.42 1.49 2.2 1.69
2.49 1.44 2.2 1.64
2.41 1.47 2.23 1.7
2.54 1.55 2.18 1.73
2.44 1.5 2.17 1.67
2.56 1.49 2.31 1.8
2.4 1.31 2.39 1.7
2.29 1.41 2.42 1.83
2.42 1.54 2.26 1.8
2.57 1.5 2.19 1.69
2.49 1.47 2.26 1.73
2.45 1.46 2.13 1.59
2.34 1.41 2.38 1.79
2.38 1.42 2.25 1.67
2.36 1.3 2.36 1.66
2.44 1.42 2.33 1.75
2.29 1.37 2.31 1.68
2.47 1.41 2.31 1.72
2.36 1.38 2.34 1.72
2.5 1.42 2.32 1.74
2.54 1.64 2.1 1.74
2.49 1.56 2.18 1.74
2.46 1.45 2.24 1.69
2.45 1.37 2.3 1.67
2.42 1.49 2.26 1.75
2.53 1.41 2.28 1.69
2.49 1.33 2.34 1.67
2.45 1.46 2.3 1.76
2.4 1.43 2.3 1.73
2.28 1.23 2.5 1.73
2.39 1.29 2.31 1.6
2.54 1.44 2.24 1.68
2.4 1.46 2.22 1.68
2.33 1.37 2.33 1.7
2.42 1.37 2.3 1.67
2.23 1.31 2.35 1.66
2.44 1.5 2.22 1.72
2.58 1.61 2.14 1.75
2.4 1.39 2.26 1.65
2.44 1.4 2.3 1.7
2.46 1.44 2.27 1.71
2.53 1.47 2.21 1.68
2.43 1.39 2.34 1.73
2.44 1.44 2.23 1.67
2.48 1.48 2.26 1.74
2.38 1.36 2.4 1.76
2.4 1.37 2.31 1.68
2.41 1.53 2.28 1.81
2.41 1.4 2.35 1.75
2.41 1.38 2.34 1.72
2.36 1.34 2.37 1.71
2.53 1.39 2.27 1.66
2.41 1.39 2.29 1.68
2.47 1.49 2.17 1.66
2.51 1.63 2.19 1.82
2.4 1.47 2.27 1.74
2.48 1.37 2.33 1.7
2.51 1.42 2.36 1.78
2.5 1.39 2.29 1.68
2.43 1.41 2.34 1.75
2.32 1.41 2.32 1.73
2.35 1.27 2.43 1.7
2.41 1.38 2.33 1.71
2.53 1.53 2.25 1.78
2.42 1.47 2.33 1.8
2.46 1.34 2.31 1.65
2.56 1.54 2.22 1.76
2.4 1.37 2.35 1.72
2.43 1.36 2.33 1.69
2.45 1.48 2.2 1.68
2.43 1.51 2.28 1.79
2.39 1.36 2.35 1.71
2.47 1.52 2.19 1.71
2.44 1.53 2.16 1.69
2.45 1.49 2.29 1.78
2.33 1.54 2.19 1.73
2.45 1.37 2.32 1.69
2.54 1.47 2.16 1.63
2.56 1.47 2.24 1.71
2.5 1.62 2.17 1.79
2.43 1.6 2.13 1.73
2.29 1.35 2.37 1.72
2.41 1.48 2.27 1.75
2.51 1.42 2.24 1.66
2.44 1.41 2.25 1.66
2.42 1.46 2.29 1.75
2.49 1.6 2.13 1.73
2.4 1.4 2.33 1.73
2.49 1.51 2.2 1.71
2.38 1.48 2.29 1.77
2.52 1.52 2.19 1.71
2.52 1.51 2.21 1.72
2.51 1.47 2.25 1.72
2.4 1.51 2.24 1.75
2.48 1.59 2.15 1.74
2.47 1.47 2.31 1.78
2.43 1.38 2.28 1.66
2.39 1.41 2.34 1.75
2.48 1.39 2.32 1.71
2.31 1.39 2.33 1.72
2.4 1.51 2.24 1.75
2.52 1.43 2.32 1.75
2.4 1.4 2.29 1.69
2.57 1.57 2.17 1.74
2.44 1.5 2.18 1.68
2.48 1.49 2.21 1.7
2.45 1.43 2.36 1.79
2.4 1.51 2.28 1.79
2.45 1.44 2.31 1.75
2.4 1.31 2.36 1.67
2.34 1.43 2.26 1.69
2.29 1.48 2.29 1.77
2.46 1.5 2.18 1.68
2.31 1.41 2.3 1.71
2.37 1.48 2.26 1.74
2.48 1.45 2.29 1.74
2.31 1.4 2.34 1.74
2.4 1.49 2.28 1.77
2.3 1.29 2.45 1.74
2.4 1.43 2.3 1.73
2.38 1.46 2.28 1.74
2.27 1.35 2.38 1.73
2.4 1.45 2.25 1.7
2.49 1.55 2.17 1.72
2.38 1.31 2.38 1.69
2.34 1.34 2.39 1.73
2.48 1.56 2.19 1.75
2.41 1.49 2.24 1.73
2.39 1.41 2.32 1.73
2.33 1.43 2.31 1.74
2.28 1.27 2.37 1.64
2.46 1.43 2.24 1.67
2.31 1.38 2.36 1.74
2.4 1.34 2.33 1.67
2.46 1.43 2.26 1.69
2.41 1.43 2.25 1.68
2.33 1.48 2.27 1.75
2.52 1.46 2.28 1.74
2.34 1.33 2.43 1.76
2.36 1.52 2.17 1.69
2.3 1.33 2.43 1.76
2.49 1.37 2.31 1.68
2.52 1.42 2.3 1.72
2.53 1.46 2.22 1.68
2.56 1.62 2.13 1.75
2.42 1.41 2.34 1.75
2.36 1.42 2.26 1.68
2.52 1.4 2.31 1.71
2.42 1.5 2.18 1.68
2.53 1.46 2.2 1.66
2.43 1.38 2.31 1.69
2.48 1.43 2.27 1.7
2.39 1.4 2.35 1.75
2.4 1.59 2.13 1.72
2.49 1.54 2.28 1.82
2.41 1.38 2.35 1.73
2.46 1.44 2.29 1.73
2.47 1.32 2.33 1.65
2.49 1.45 2.26 1.71
2.38 1.34 2.43 1.77
2.41 1.34 2.33 1.67
2.38 1.47 2.29 1.76
2.47 1.45 2.24 1.69
2.54 1.49 2.22 1.71
2.38 1.43 2.32 1.75
2.37 1.32 2.37 1.69
2.41 1.31 2.35 1.66
2.39 1.48 2.26 1.74
2.51 1.43 2.28 1.71
2.51 1.52 2.22 1.74
2.48 1.42 2.22 1.64
2.44 1.44 2.24 1.68
2.54 1.51 2.22 1.73
2.54 1.43 2.3 1.73
2.35 1.35 2.31 1.66
2.34 1.54 2.28 1.82
2.43 1.43 2.26 1.69
2.4 1.45 2.24 1.69
2.38 1.38 2.24 1.62
2.58 1.5 2.2 1.7
2.46 1.3 2.37 1.67
2.5 1.41 2.2 1.61
2.37 1.37 2.29 1.66
2.52 1.44 2.27 1.71
2.49 1.5 2.23 1.73
2.47 1.46 2.28 1.74
2.44 1.36 2.36 1.72
2.41 1.49 2.26 1.75
2.35 1.37 2.3 1.67
2.59 1.57 2.13 1.7
2.46 1.51 2.22 1.73
2.45 1.35 2.33 1.68
2.53 1.43 2.34 1.77
2.44 1.44 2.28 1.72
2.45 1.35 2.36 1.71
2.6 1.43 2.22 1.65
2.45 1.39 2.29 1.68
2.44 1.32 2.41 1.73
2.34 1.32 2.4 1.72
2.43 1.28 2.41 1.69
2.37 1.41 2.26 1.67
2.4 1.38 2.28 1.66
2.4 1.35 2.38 1.73
2.39 1.47 2.25 1.72
2.58 1.44 2.19 1.63
2.44 1.54 2.26 1.8
2.5 1.41 2.32 1.73
2.36 1.39 2.36 1.75
2.39 1.3 2.44 1.74
2.39 1.26 2.39 1.65
2.47 1.48 2.3 1.78
2.41 1.41 2.27 1.68
2.5 1.5 2.25 1.75
2.44 1.45 2.23 1.68
2.39 1.48 2.21 1.69
2.45 1.3 2.33 1.63
2.41 1.38 2.37 1.75
2.49 1.43 2.26 1.69
2.44 1.36 2.4 1.76
2.45 1.41 2.31 1.72
2.41 1.43 2.33 1.76
2.52 1.4 2.26 1.66
2.4 1.38 2.35 1.73
2.43 1.54 2.21 1.75
2.32 1.41 2.27 1.68
2.44 1.48 2.22 1.7
2.37 1.42 2.29 1.71
2.47 1.45 2.31 1.76
2.37 1.47 2.3 1.77
2.48 1.45 2.23 1.68
2.45 1.52 2.18 1.7
2.38 1.44 2.32 1.76
2.46 1.49 2.3 1.79
2.35 1.35 2.31 1.66
2.43 1.45 2.32 1.77
2.41 1.47 2.23 1.7
2.55 1.43 2.28 1.71
2.4 1.34 2.36 1.7
2.46 1.34 2.3 1.64
2.48 1.43 2.26 1.69
2.54 1.52 2.23 1.75
2.39 1.55 2.19 1.74
2.43 1.49 2.25 1.74
2.42 1.39 2.37 1.76
2.38 1.32 2.34 1.66
2.44 1.46 2.23 1.69
2.53 1.5 2.23 1.73
2.32 1.19 2.38 1.57
2.39 1.37 2.28 1.65
2.34 1.36 2.28 1.64
2.41 1.39 2.36 1.75
2.34 1.35 2.38 1.73
2.53 1.46 2.26 1.72
2.41 1.45 2.3 1.75
2.53 1.52 2.23 1.75
2.52 1.42 2.29 1.71
2.41 1.4 2.27 1.67
2.39 1.37 2.25 1.62
2.42 1.49 2.26 1.75
2.29 1.3 2.39 1.69
2.52 1.55 2.23 1.78
2.48 1.39 2.3 1.69
2.56 1.48 2.23 1.71
2.4 1.34 2.39 1.73
2.3 1.44 2.31 1.75
2.34 1.47 2.35 1.82
2.44 1.39 2.32 1.71
2.35 1.4 2.37 1.77
2.4 1.38 2.35 1.73
2.34 1.35 2.35 1.7
2.45 1.33 2.21 1.54
2.49 1.52 2.23 1.75
2.44 1.46 2.31 1.77
2.38 1.35 2.35 1.7
2.43 1.36 2.28 1.64
2.41 1.41 2.34 1.75
2.42 1.39 2.26 1.65
2.45 1.34 2.4 1.74
2.44 1.32 2.39 1.71
2.37 1.31 2.33 1.64
2.43 1.51 2.26 1.77
2.38 1.41 2.35 1.76
2.35 1.4 2.29 1.69
2.52 1.42 2.28 1.7
2.32 1.37 2.32 1.69
2.44 1.41 2.29 1.7
2.46 1.54 2.2 1.74
2.35 1.39 2.36 1.75
2.5 1.45 2.3 1.75
2.39 1.53 2.26 1.79
2.4 1.39 2.3 1.69
2.48 1.44 2.33 1.77
2.36 1.43 2.32 1.75
2.52 1.37 2.32 1.69
2.42 1.46 2.26 1.72
2.36 1.41 2.33 1.74
2.39 1.37 2.31 1.68
2.21 1.21 2.47 1.68
2.48 1.49 2.3 1.79
2.42 1.41 2.35 1.76
2.34 1.39 2.32 1.71
2.56 1.4 2.26 1.66
2.52 1.4 2.29 1.69
2.47 1.47 2.29 1.76
2.46 1.39 2.41 1.8
2.32 1.45 2.31 1.76
2.44 1.32 2.39 1.71
2.38 1.49 2.25 1.74
2.44 1.57 2.16 1.73
2.41 1.49 2.28 1.77
2.43 1.32 2.4 1.72
2.42 1.37 2.38 1.75
2.44 1.4 2.39 1.79
2.47 1.46 2.27 1.73
2.48 1.51 2.14 1.65
2.56 1.44 2.23 1.67
2.46 1.31 2.43 1.74
2.28 1.38 2.38 1.76
2.47 1.39 2.24 1.63
2.5 1.47 2.32 1.79
2.47 1.49 2.27 1.76
2.52 1.41 2.27 1.68
2.42 1.45 2.24 1.69
2.44 1.49 2.23 1.72
2.51 1.43 2.22 1.65
2.51 1.46 2.32 1.78
2.55 1.52 2.23 1.75
2.33 1.4 2.26 1.66
2.38 1.33 2.32 1.65
2.47 1.38 2.37 1.75
2.4 1.45 2.24 1.69
2.37 1.4 2.35 1.75
2.41 1.56 2.18 1.74
2.54 1.49 2.28 1.77
2.47 1.29 2.36 1.65
2.41 1.43 2.36 1.79
2.5 1.44 2.22 1.66
2.43 1.46 2.24 1.7
2.46 1.34 2.35 1.69
2.43 1.32 2.39 1.71
2.49 1.43 2.27 1.7
2.49 1.43 2.26 1.69
2.42 1.45 2.31 1.76
2.36 1.44 2.3 1.74
2.49 1.36 2.36 1.72
2.38 1.39 2.32 1.71
2.39 1.39 2.38 1.77
2.44 1.32 2.41 1.73
2.39 1.42 2.32 1.74
2.34 1.33 2.36 1.69
2.31 1.24 2.43 1.67
2.39 1.39 2.36 1.75
2.45 1.39 2.37 1.76
2.46 1.4 2.21 1.61
2.4 1.35 2.36 1.71
2.38 1.42 2.41 1.83
2.47 1.44 2.3 1.74
2.57 1.43 2.32 1.75
2.42 1.48 2.29 1.77
2.38 1.37 2.35 1.72
2.38 1.46 2.32 1.78
2.41 1.47 2.32 1.79
2.52 1.36 2.31 1.67
2.32 1.39 2.29 1.68
2.36 1.36 2.36 1.72
2.5 1.54 2.2 1.74
2.39 1.38 2.25 1.63
2.37 1.49 2.24 1.73
2.37 1.35 2.44 1.79
2.52 1.39 2.33 1.72
2.38 1.32 2.3 1.62
2.53 1.45 2.25 1.7
2.32 1.41 2.31 1.72
2.48 1.49 2.19 1.68
2.53 1.5 2.25 1.75
2.38 1.37 2.32 1.69
2.41 1.4 2.3 1.7
2.4 1.41 2.23 1.64
2.38 1.46 2.32 1.78
2.53 1.49 2.3 1.79
2.39 1.55 2.18 1.73
2.43 1.58 2.19 1.77
2.49 1.43 2.24 1.67
2.43 1.43 2.32 1.75
2.44 1.46 2.26 1.72
2.56 1.48 2.24 1.72
2.35 1.39 2.38 1.77
2.54 1.44 2.24 1.68
2.53 1.48 2.24 1.72
2.43 1.48 2.25 1.73
2.46 1.51 2.22 1.73
2.39 1.41 2.39 1.8
2.36 1.34 2.33 1.67
2.45 1.35 2.37 1.72
2.44 1.36 2.46 1.82
2.55 1.38 2.3 1.68
2.53 1.6 2.09 1.69
2.44 1.41 2.25 1.66
2.4 1.48 2.21 1.69
2.53 1.4 2.25 1.65
2.58 1.48 2.29 1.77
2.46 1.41 2.32 1.73
2.34 1.32 2.37 1.69
2.48 1.5 2.22 1.72
2.52 1.59 2.12 1.71
2.28 1.25 2.46 1.71
2.39 1.45 2.32 1.77
2.47 1.49 2.22 1.71
2.47 1.4 2.32 1.72
2.46 1.54 2.21 1.75
2.41 1.46 2.29 1.75
2.44 1.56 2.15 1.71
2.5 1.49 2.25 1.74
2.45 1.42 2.24 1.66
2.46 1.36 2.37 1.73
2.43 1.45 2.2 1.65
2.38 1.38 2.36 1.74
2.47 1.41 2.32 1.73
2.55 1.46 2.23 1.69
2.32 1.4 2.37 1.77
2.5 1.45 2.28 1.73
2.44 1.53 2.17 1.7
2.51 1.62 2.11 1.73
2.45 1.44 2.24 1.68
2.41 1.32 2.36 1.68
2.27 1.31 2.38 1.69
2.43 1.47 2.2 1.67
2.33 1.47 2.23 1.7
2.43 1.41 2.28 1.69
2.46 1.43 2.28 1.71
2.34 1.4 2.32 1.72
2.52 1.41 2.35 1.76
2.24 1.38 2.37 1.75
2.48 1.38 2.35 1.73
2.4 1.43 2.24 1.67
2.49 1.48 2.34 1.82
2.32 1.31 2.45 1.76
2.49 1.48 2.27 1.75
2.42 1.41 2.34 1.75
2.5 1.32 2.28 1.6
2.26 1.39 2.4 1.79
2.47 1.44 2.24 1.68
2.45 1.51 2.23 1.74
2.43 1.43 2.25 1.68
2.45 1.43 2.23 1.66
2.35 1.48 2.26 1.74
2.5 1.48 2.26 1.74
2.47 1.54 2.22 1.76
2.42 1.39 2.31 1.7
2.28 1.38 2.35 1.73
2.42 1.4 2.33 1.73
2.45 1.42 2.28 1.7
2.42 1.37 2.32 1.69
2.5 1.39 2.35 1.74
2.39 1.43 2.29 1.72
2.52 1.39 2.35 1.74
2.46 1.48 2.26 1.74
2.39 1.4 2.33 1.73
2.48 1.43 2.25 1.68
2.41 1.39 2.26 1.65
2.57 1.42 2.3 1.72
2.54 1.57 2.12 1.69
2.35 1.44 2.31 1.75
2.34 1.39 2.3 1.69
2.35 1.5 2.27 1.77
2.44 1.33 2.27 1.6
2.4 1.38 2.32 1.7
2.42 1.54 2.22 1.76
2.4 1.42 2.3 1.72
2.38 1.41 2.23 1.64
2.36 1.38 2.33 1.71
2.39 1.38 2.31 1.69
2.4 1.33 2.31 1.64
2.4 1.48 2.25 1.73
2.4 1.42 2.38 1.8
2.48 1.43 2.21 1.64
2.5 1.53 2.19 1.72
2.28 1.33 2.39 1.72
2.45 1.49 2.26 1.75
2.37 1.45 2.32 1.77
2.33 1.33 2.33 1.66
2.37 1.45 2.28 1.73
2.3 1.27 2.46 1.73
2.42 1.36 2.3 1.66
2.38 1.48 2.21 1.69
2.43 1.51 2.21 1.72
2.52 1.51 2.23 1.74
2.5 1.44 2.23 1.67
2.53 1.5 2.24 1.74
2.37 1.48 2.21 1.69
2.44 1.5 2.19 1.69
2.49 1.33 2.38 1.71
2.6 1.46 2.21 1.67
2.51 1.51 2.2 1.71
2.21 1.21 2.43 1.64
2.43 1.43 2.32 1.75
2.54 1.41 2.26 1.67
2.33 1.36 2.41 1.77
2.3 1.3 2.42 1.72
2.52 1.45 2.22 1.67
2.59 1.59 2.17 1.76
2.48 1.46 2.22 1.68
2.4 1.35 2.33 1.68
2.38 1.33 2.41 1.74
2.32 1.38 2.38 1.76
2.38 1.48 2.25 1.73
2.35 1.26 2.42 1.68
2.41 1.44 2.23 1.67
2.51 1.38 2.3 1.68
2.48 1.46 2.23 1.69
2.44 1.54 2.21 1.75
2.46 1.39 2.22 1.61
2.6 1.51 2.18 1.69
2.55 1.4 2.27 1.67
2.5 1.47 2.25 1.72
2.42 1.52 2.26 1.78
2.47 1.43 2.31 1.74
2.46 1.48 2.21 1.69
2.33 1.43 2.29 1.72
2.61 1.47 2.24 1.71
2.42 1.38 2.35 1.73
2.42 1.44 2.31 1.75
2.36 1.48 2.28 1.76
2.43 1.41 2.3 1.71
2.39 1.45 2.29 1.74
2.45 1.47 2.29 1.76
2.53 1.43 2.33 1.76
2.57 1.62 2.21 1.83
2.51 1.36 2.25 1.61
2.42 1.38 2.35 1.73
2.48 1.44 2.24 1.68
2.39 1.29 2.41 1.7
2.42 1.33 2.33 1.66
2.48 1.55 2.24 1.79
2.46 1.33 2.26 1.59
2.67 1.54 2.12 1.66
2.41 1.48 2.27 1.75
2.51 1.51 2.21 1.72
2.42 1.48 2.26 1.74
2.38 1.46 2.25 1.71
2.37 1.49 2.29 1.78
2.35 1.37 2.37 1.74
2.28 1.3 2.39 1.69
2.49 1.46 2.21 1.67
2.5 1.51 2.16 1.67
2.47 1.44 2.24 1.68
2.43 1.36 2.34 1.7
2.38 1.4 2.32 1.72
2.39 1.44 2.27 1.71
2.43 1.46 2.24 1.7
2.35 1.31 2.41 1.72
2.49 1.41 2.27 1.68
2.49 1.36 2.37 1.73
2.36 1.44 2.16 1.6
2.52 1.43 2.2 1.63
2.33 1.35 2.39 1.74
2.33 1.37 2.32 1.69
2.46 1.49 2.28 1.77
2.42 1.45 2.33 1.78
2.45 1.41 2.27 1.68
2.52 1.61 2.13 1.74
2.39 1.48 2.31 1.79
2.36 1.44 2.3 1.74
2.37 1.37 2.28 1.65
2.5 1.52 2.19 1.71
2.29 1.34 2.36 1.7
2.49 1.41 2.31 1.72
2.38 1.41 2.25 1.66
2.49 1.43 2.31 1.74
2.55 1.51 2.22 1.73
2.54 1.42 2.3 1.72
2.3 1.46 2.23 1.69
2.42 1.3 2.31 1.61
2.42 1.42 2.32 1.74
2.43 1.42 2.28 1.7
2.48 1.44 2.25 1.69
2.51 1.46 2.27 1.73
2.36 1.38 2.26 1.64
2.37 1.42 2.26 1.68
2.34 1.27 2.41 1.68
2.43 1.46 2.31 1.77
2.45 1.46 2.28 1.74
2.48 1.4 2.19 1.59
2.35 1.33 2.28 1.61
2.43 1.39 2.28 1.67
2.55 1.43 2.26 1.69
2.48 1.43 2.23 1.66
2.43 1.4 2.31 1.71
2.45 1.5 2.2 1.7
2.4 1.36 2.29 1.65
2.33 1.34 2.37 1.71
2.31 1.37 2.31 1.68
2.39 1.42 2.31 1.73
2.44 1.34 2.36 1.7
2.48 1.55 2.22 1.77
2.46 1.36 2.29 1.65
2.53 1.5 2.17 1.67
2.48 1.35 2.32 1.67
2.41 1.43 2.3 1.73
2.47 1.45 2.24 1.69
2.43 1.39 2.31 1.7
2.37 1.39 2.33 1.72
2.33 1.35 2.39 1.74
2.43 1.4 2.28 1.68
2.39 1.4 2.33 1.73
2.32 1.43 2.36 1.79
2.31 1.37 2.35 1.72
2.54 1.55 2.19 1.74
2.49 1.36 2.28 1.64
2.37 1.38 2.4 1.78
2.47 1.51 2.18 1.69
2.4 1.41 2.29 1.7
2.51 1.69 2.14 1.83
2.38 1.46 2.22 1.68
2.25 1.35 2.4 1.75
2.54 1.4 2.23 1.63
2.35 1.27 2.41 1.68
2.46 1.33 2.35 1.68
2.41 1.38 2.27 1.65
2.42 1.39 2.3 1.69
2.49 1.39 2.29 1.68
2.37 1.22 2.38 1.6
2.54 1.51 2.19 1.7
2.42 1.45 2.24 1.69
2.56 1.6 2.08 1.68
2.48 1.49 2.23 1.72
2.37 1.45 2.25 1.7
2.43 1.47 2.29 1.76
2.33 1.43 2.29 1.72
2.48 1.44 2.27 1.71
2.42 1.48 2.2 1.68
2.37 1.38 2.35 1.73
2.41 1.54 2.15 1.69
2.35 1.39 2.31 1.7
2.41 1.42 2.35 1.77
2.6 1.51 2.18 1.69
2.51 1.59 2.15 1.74
2.36 1.42 2.3 1.72
2.44 1.4 2.33 1.73
2.45 1.34 2.3 1.64
2.35 1.44 2.29 1.73
2.41 1.44 2.25 1.69
2.37 1.46 2.27 1.73
2.3 1.39 2.3 1.69
2.38 1.42 2.26 1.68
2.32 1.35 2.37 1.72
2.59 1.54 2.12 1.66
2.39 1.29 2.47 1.76
2.56 1.63 2.14 1.77
2.39 1.44 2.31 1.75
2.41 1.51 2.24 1.75
2.46 1.49 2.23 1.72
2.37 1.48 2.25 1.73
2.43 1.36 2.33 1.69
2.4 1.38 2.34 1.72
2.46 1.41 2.35 1.76
2.41 1.43 2.33 1.76
2.39 1.42 2.34 1.76
2.48 1.48 2.17 1.65
2.4 1.47 2.29 1.76
2.52 1.36 2.36 1.72
2.34 1.4 2.36 1.76
2.54 1.47 2.26 1.73
2.43 1.37 2.29 1.66
2.53 1.55 2.23 1.78
2.43 1.48 2.24 1.72
2.45 1.46 2.29 1.75
2.45 1.48 2.27 1.75
2.45 1.39 2.34 1.73
2.45 1.52 2.28 1.8
2.39 1.47 2.18 1.65
2.43 1.33 2.29 1.62
2.42 1.3 2.45 1.75
2.43 1.48 2.24 1.72
2.39 1.41 2.33 1.74
2.46 1.47 2.31 1.78
2.49 1.42 2.3 1.72
2.38 1.47 2.33 1.8
2.33 1.47 2.3 1.77
2.47 1.49 2.32 1.81
2.35 1.43 2.23 1.66
2.35 1.28 2.46 1.74
2.39 1.53 2.26 1.79
2.37 1.45 2.3 1.75
2.41 1.39 2.32 1.71
2.41 1.46 2.27 1.73
2.45 1.42 2.2 1.62
2.46 1.41 2.33 1.74
2.51 1.42 2.25 1.67
2.38 1.31 2.33 1.64
2.58 1.56 2.1 1.66
2.38 1.36 2.45 1.81
2.53 1.56 2.19 1.75
2.48 1.46 2.24 1.7
2.48 1.5 2.2 1.7
2.47 1.51 2.2 1.71
2.47 1.5 2.19 1.69
2.56 1.46 2.23 1.69
2.58 1.34 2.29 1.63
2.42 1.35 2.38 1.73
2.44 1.51 2.22 1.73
2.34 1.48 2.27 1.75
2.51 1.52 2.16 1.68
2.51 1.45 2.21 1.66
2.43 1.33 2.41 1.74
2.55 1.53 2.2 1.73
2.54 1.44 2.22 1.66
2.34 1.38 2.31 1.69
2.43 1.32 2.36 1.68
2.39 1.47 2.27 1.74
2.41 1.36 2.31 1.67
2.41 1.43 2.28 1.71
2.51 1.42 2.25 1.67
2.52 1.44 2.21 1.65
2.36 1.33 2.32 1.65
2.37 1.52 2.26 1.78
2.35 1.39 2.31 1.7
2.43 1.5 2.22 1.72
2.55 1.39 2.27 1.66
2.33 1.35 2.34 1.69
2.5 1.46 2.2 1.66
2.31 1.52 2.21 1.73
2.49 1.4 2.35 1.75
2.34 1.34 2.32 1.66
2.31 1.31 2.4 1.71
2.44 1.46 2.23 1.69
2.61 1.49 2.16 1.65
2.38 1.35 2.31 1.66
2.48 1.49 2.18 1.67
2.29 1.38 2.35 1.73
2.34 1.46 2.31 1.77
2.4 1.34 2.41 1.75
2.31 1.42 2.33 1.75
2.37 1.4 2.33 1.73
2.4 1.32 2.36 1.68
2.43 1.46 2.25 1.71
2.49 1.39 2.35 1.74
2.4 1.51 2.2 1.71
2.48 1.36 2.37 1.73
2.28 1.32 2.35 1.67
2.23 1.28 2.42 1.7
2.51 1.51 2.21 1.72
2.42 1.55 2.17 1.72
2.39 1.41 2.35 1.76
2.47 1.43 2.24 1.67
2.52 1.41 2.27 1.68
2.44 1.33 2.36 1.69
2.42 1.45 2.31 1.76
2.41 1.44 2.24 1.68
2.53 1.5 2.25 1.75
2.56 1.46 2.26 1.72
2.45 1.45 2.35 1.8
2.54 1.46 2.24 1.7
2.49 1.42 2.28 1.7
2.37 1.35 2.33 1.68
2.53 1.57 2.2 1.77
2.34 1.37 2.34 1.71
2.37 1.35 2.28 1.63
2.51 1.45 2.28 1.73
2.51 1.4 2.31 1.71
2.48 1.44 2.18 1.62
2.56 1.58 2.07 1.65
2.39 1.31 2.38 1.69
2.37 1.34 2.34 1.68
2.59 1.46 2.24 1.7
2.28 1.43 2.32 1.75
2.33 1.38 2.34 1.72
2.54 1.46 2.26 1.72
2.44 1.38 2.29 1.67
2.49 1.6 2.17 1.77
2.44 1.4 2.35 1.75
2.48 1.56 2.13 1.69
2.53 1.49 2.2 1.69
2.42 1.46 2.24 1.7
2.55 1.56 2.16 1.72
2.37 1.34 2.34 1.68
2.46 1.46 2.32 1.78
2.4 1.5 2.22 1.72
2.48 1.54 2.21 1.75
2.35 1.27 2.31 1.58
2.46 1.53 2.17 1.7
2.36 1.45 2.27 1.72
2.41 1.47 2.29 1.76
2.42 1.38 2.27 1.65
2.48 1.51 2.16 1.67
2.47 1.43 2.26 1.69
2.28 1.44 2.3 1.74
2.47 1.42 2.27 1.69
2.33 1.37 2.37 1.74
2.47 1.53 2.2 1.73
2.45 1.5 2.17 1.67
2.4 1.36 2.31 1.67
2.4 1.45 2.35 1.8
2.47 1.5 2.14 1.64
2.41 1.41 2.27 1.68
2.41 1.32 2.38 1.7
2.4 1.42 2.27 1.69
2.56 1.45 2.28 1.73
2.4 1.47 2.29 1.76
2.46 1.47 2.21 1.68
2.44 1.53 2.22 1.75
2.28 1.34 2.3 1.64
2.44 1.44 2.36 1.8
2.51 1.44 2.27 1.71
2.66 1.61 2.15 1.76
2.57 1.6 2.14 1.74
2.38 1.33 2.34 1.67
2.35 1.47 2.26 1.73
2.33 1.49 2.27 1.76
2.5 1.45 2.23 1.68
2.65 1.6 2.01 1.61
2.45 1.42 2.22 1.64
2.41 1.25 2.48 1.73
2.47 1.44 2.24 1.68
2.41 1.32 2.34 1.66
2.53 1.46 2.2 1.66
2.45 1.39 2.24 1.63
2.46 1.43 2.24 1.67
2.51 1.44 2.24 1.68
2.36 1.42 2.35 1.77
2.48 1.45 2.24 1.69
2.45 1.41 2.36 1.77
2.35 1.39 2.39 1.78
2.33 1.26 2.43 1.69
2.52 1.44 2.26 1.7
2.3 1.38 2.31 1.69
2.37 1.42 2.3 1.72
2.62 1.57 2.17 1.74
2.41 1.42 2.28 1.7
2.46 1.44 2.27 1.71
2.34 1.37 2.26 1.63
2.47 1.47 2.15 1.62
2.54 1.49 2.24 1.73
2.35 1.4 2.36 1.76
2.37 1.37 2.31 1.68
2.6 1.46 2.25 1.71
2.5 1.43 2.22 1.65
2.48 1.49 2.26 1.75
2.47 1.38 2.24 1.62
2.37 1.28 2.41 1.69
2.54 1.51 2.28 1.79
2.48 1.46 2.24 1.7
2.51 1.47 2.24 1.71
2.45 1.5 2.21 1.71
2.31 1.4 2.34 1.74
2.55 1.57 2.24 1.81
2.51 1.44 2.32 1.76
2.49 1.43 2.26 1.69
2.42 1.4 2.28 1.68
2.49 1.44 2.24 1.68
2.31 1.3 2.35 1.65
2.41 1.45 2.3 1.75
2.31 1.35 2.33 1.68
2.44 1.41 2.27 1.68
2.31 1.39 2.33 1.72
2.41 1.37 2.37 1.74
2.44 1.48 2.22 1.7
2.36 1.4 2.32 1.72
2.61 1.49 2.2 1.69
2.37 1.32 2.4 1.72
2.49 1.48 2.19 1.67
2.43 1.44 2.31 1.75
2.45 1.47 2.25 1.72
2.38 1.34 2.33 1.67
2.45 1.4 2.28 1.68
2.39 1.35 2.32 1.67
2.39 1.41 2.31 1.72
2.38 1.37 2.34 1.71
2.36 1.37 2.39 1.76
2.4 1.32 2.37 1.69
2.47 1.49 2.33 1.82
2.33 1.46 2.29 1.75
2.37 1.39 2.32 1.71
2.55 1.36 2.31 1.67
2.51 1.41 2.32 1.73
2.41 1.41 2.2 1.61
2.57 1.56 2.23 1.79
2.34 1.38 2.41 1.79
2.46 1.49 2.23 1.72
2.5 1.47 2.27 1.74
2.45 1.41 2.3 1.71
2.48 1.58 2.14 1.72
2.43 1.53 2.13 1.66
2.44 1.42 2.29 1.71
2.39 1.4 2.33 1.73
2.32 1.38 2.27 1.65
2.43 1.45 2.31 1.76
2.47 1.51 2.31 1.82
2.47 1.36 2.35 1.71
2.43 1.38 2.36 1.74
2.34 1.39 2.34 1.73
2.38 1.42 2.34 1.76
2.37 1.41 2.29 1.7
2.41 1.37 2.32 1.69
2.36 1.49 2.25 1.74
2.47 1.51 2.2 1.71
2.31 1.31 2.37 1.68
2.49 1.53 2.3 1.83
2.39 1.41 2.27 1.68
2.41 1.4 2.28 1.68
2.36 1.44 2.36 1.8
2.35 1.32 2.43 1.75
2.32 1.32 2.38 1.7
2.35 1.45 2.24 1.69
2.37 1.26 2.4 1.66
2.39 1.43 2.32 1.75
2.46 1.46 2.31 1.77
2.46 1.48 2.23 1.71
2.41 1.52 2.17 1.69
2.5 1.31 2.34 1.65
2.46 1.43 2.32 1.75
2.34 1.34 2.41 1.75
2.43 1.33 2.4 1.73
2.44 1.53 2.18 1.71
2.4 1.43 2.33 1.76
2.37 1.46 2.25 1.71
2.44 1.38 2.35 1.73
2.47 1.43 2.18 1.61
2.47 1.5 2.18 1.68
2.41 1.33 2.33 1.66
2.27 1.32 2.4 1.72
2.44 1.51 2.27 1.78
2.49 1.54 2.16 1.7
2.43 1.51 2.17 1.68
2.37 1.3 2.41 1.71
2.46 1.39 2.26 1.65
2.4 1.29 2.42 1.71
2.28 1.33 2.4 1.73
2.46 1.4 2.26 1.66
2.38 1.39 2.21 1.6
2.46 1.43 2.25 1.68
2.47 1.47 2.21 1.68
2.45 1.4 2.25 1.65
2.47 1.48 2.22 1.7
2.44 1.47 2.28 1.75
2.44 1.46 2.3 1.76
2.51 1.45 2.28 1.73
2.45 1.54 2.2 1.74
2.32 1.39 2.31 1.7
2.44 1.46 2.2 1.66
2.38 1.44 2.25 1.69
2.44 1.4 2.26 1.66
2.36 1.55 2.22 1.77
2.41 1.45 2.34 1.79
2.51 1.55 2.16 1.71
2.4 1.47 2.31 1.78
2.39 1.48 2.22 1.7
2.41 1.5 2.24 1.74
2.41 1.43 2.32 1.75
2.48 1.48 2.16 1.64
2.51 1.57 2.08 1.65
2.56 1.41 2.23 1.64
2.33 1.33 2.42 1.75
2.52 1.52 2.24 1.76
2.43 1.39 2.34 1.73
2.46 1.52 2.08 1.6
2.33 1.36 2.35 1.71
2.44 1.46 2.2 1.66
2.37 1.4 2.41 1.81
2.43 1.39 2.36 1.75
2.38 1.43 2.28 1.71
2.36 1.43 2.28 1.71
2.45 1.34 2.26 1.6
2.31 1.46 2.23 1.69
2.48 1.45 2.29 1.74
2.37 1.38 2.32 1.7
2.48 1.39 2.3 1.69
2.4 1.44 2.32 1.76
2.45 1.44 2.35 1.79
2.42 1.41 2.33 1.74
2.46 1.38 2.32 1.7
2.4 1.45 2.26 1.71
2.48 1.41 2.29 1.7
2.54 1.46 2.22 1.68
2.51 1.51 2.21 1.72
2.46 1.52 2.24 1.76
2.49 1.51 2.21 1.72
2.56 1.51 2.19 1.7
2.48 1.47 2.28 1.75
2.38 1.45 2.24 1.69
2.47 1.46 2.3 1.76
2.5 1.44 2.22 1.66
2.36 1.4 2.32 1.72
2.36 1.22 2.49 1.71
2.34 1.43 2.32 1.75
2.45 1.5 2.27 1.77
2.39 1.47 2.3 1.77
2.4 1.43 2.26 1.69
2.4 1.52 2.22 1.74
2.38 1.37 2.4 1.77
2.53 1.55 2.15 1.7
2.5 1.57 2.18 1.75
2.43 1.35 2.34 1.69
2.31 1.37 2.32 1.69
2.51 1.46 2.25 1.71
2.38 1.55 2.24 1.79
2.42 1.48 2.21 1.69
2.28 1.34 2.38 1.72
2.54 1.39 2.3 1.69
2.54 1.34 2.23 1.57
2.34 1.34 2.33 1.67
2.42 1.49 2.3 1.79
2.56 1.33 2.26 1.59
2.41 1.36 2.29 1.65
2.41 1.33 2.32 1.65
2.32 1.37 2.36 1.73
2.33 1.38 2.34 1.72
2.49 1.4 2.28 1.68
2.38 1.41 2.34 1.75
2.34 1.38 2.29 1.67
2.41 1.31 2.34 1.65
2.32 1.42 2.24 1.66
2.28 1.26 2.48 1.74
2.48 1.48 2.33 1.81
2.45 1.37 2.26 1.63
2.4 1.51 2.23 1.74
2.44 1.48 2.32 1.8
2.35 1.37 2.38 1.75
2.28 1.31 2.46 1.77
2.29 1.35 2.35 1.7
2.41 1.44 2.32 1.76
2.38 1.33 2.33 1.66
2.39 1.39 2.36 1.75
2.48 1.48 2.24 1.72
2.43 1.37 2.39 1.76
2.48 1.43 2.29 1.72
2.43 1.48 2.27 1.75
2.39 1.4 2.28 1.68
2.41 1.4 2.32 1.72
2.53 1.37 2.23 1.6
2.49 1.47 2.19 1.66
2.52 1.44 2.28 1.72
2.48 1.28 2.35 1.63
2.37 1.39 2.4 1.79
2.54 1.5 2.21 1.71
2.36 1.4 2.36 1.76
2.49 1.41 2.21 1.62
2.38 1.51 2.16 1.67
2.46 1.41 2.22 1.63
2.46 1.45 2.31 1.76
2.45 1.46 2.29 1.75
2.32 1.32 2.36 1.68
2.45 1.53 2.26 1.79
2.44 1.53 2.29 1.82
2.28 1.29 2.37 1.66
2.42 1.39 2.27 1.66
2.29 1.33 2.43 1.76
2.4 1.43 2.28 1.71
2.46 1.4 2.31 1.71
2.41 1.39 2.37 1.76
2.54 1.51 2.21 1.72
2.38 1.33 2.37 1.7
2.48 1.58 2.1 1.68
2.43 1.31 2.39 1.7
2.42 1.47 2.29 1.76
2.55 1.39 2.31 1.7
2.31 1.38 2.28 1.66
2.51 1.43 2.23 1.66
2.38 1.47 2.24 1.71
2.49 1.48 2.2 1.68
2.35 1.35 2.36 1.71
2.41 1.49 2.28 1.77
2.46 1.34 2.39 1.73
2.56 1.53 2.14 1.67
2.5 1.49 2.17 1.66
2.38 1.32 2.4 1.72
2.43 1.36 2.3 1.66
2.41 1.38 2.31 1.69
2.39 1.43 2.3 1.73
2.47 1.47 2.31 1.78
2.5 1.37 2.33 1.7
2.31 1.37 2.33 1.7
2.42 1.4 2.31 1.71
2.33 1.32 2.36 1.68
2.33 1.29 2.51 1.8
2.39 1.51 2.23 1.74
2.44 1.46 2.29 1.75
2.47 1.36 2.34 1.7
2.4 1.38 2.28 1.66
2.42 1.59 2.2 1.79
2.47 1.42 2.32 1.74
2.41 1.46 2.21 1.67
2.35 1.38 2.35 1.73
2.36 1.31 2.33 1.64
2.39 1.4 2.28 1.68
2.48 1.55 2.16 1.71
2.51 1.36 2.27 1.63
2.44 1.61 2.15 1.76
2.37 1.36 2.33 1.69
2.3 1.4 2.31 1.71
2.54 1.43 2.28 1.71
2.52 1.39 2.34 1.73
2.35 1.42 2.24 1.66
2.41 1.43 2.29 1.72
2.45 1.45 2.24 1.69
2.47 1.38 2.37 1.75
2.38 1.38 2.27 1.65
2.47 1.51 2.18 1.69
2.41 1.53 2.26 1.79
2.57 1.5 2.29 1.79
2.43 1.51 2.25 1.76
2.46 1.34 2.35 1.69
2.32 1.51 2.27 1.78
2.49 1.47 2.27 1.74
2.53 1.42 2.19 1.61
2.41 1.36 2.33 1.69
2.41 1.36 2.31 1.67
2.41 1.52 2.19 1.71
2.38 1.41 2.36 1.77
2.49 1.53 2.34 1.87
2.56 1.53 2.23 1.76
2.41 1.36 2.38 1.74
2.26 1.34 2.36 1.7
2.52 1.46 2.31 1.77
2.29 1.31 2.43 1.74
2.42 1.47 2.24 1.71
2.41 1.4 2.28 1.68
2.39 1.51 2.16 1.67
2.39 1.49 2.17 1.66
2.42 1.48 2.24 1.72
2.37 1.42 2.27 1.69
2.45 1.37 2.3 1.67
2.35 1.46 2.22 1.68
2.22 1.4 2.28 1.68
2.44 1.46 2.27 1.73
2.28 1.29 2.38 1.67
2.49 1.44 2.28 1.72
2.4 1.33 2.33 1.66
2.47 1.59 2.18 1.77
2.49 1.49 2.28 1.77
2.48 1.36 2.32 1.68
2.48 1.49 2.18 1.67
2.38 1.43 2.32 1.75
2.44 1.49 2.29 1.78
2.45 1.51 2.27 1.78
2.47 1.49 2.21 1.7
2.37 1.4 2.31 1.71
2.42 1.36 2.42 1.78
2.54 1.57 2.24 1.81
2.29 1.39 2.33 1.72
2.45 1.49 2.21 1.7
2.54 1.37 2.27 1.64
2.38 1.38 2.26 1.64
2.36 1.31 2.45 1.76
2.44 1.45 2.29 1.74
2.33 1.37 2.42 1.79
2.52 1.49 2.21 1.7
2.41 1.48 2.24 1.72
2.37 1.38 2.29 1.67
2.41 1.48 2.26 1.74
2.43 1.44 2.33 1.77
2.41 1.4 2.28 1.68
2.47 1.45 2.31 1.76
2.39 1.46 2.29 1.75
2.41 1.29 2.4 1.69
2.43 1.23 2.51 1.74
2.33 1.31 2.46 1.77
2.44 1.41 2.35 1.76
2.5 1.46 2.2 1.66
2.37 1.34 2.35 1.69
2.41 1.41 2.32 1.73
2.55 1.52 2.2 1.72
2.38 1.41 2.27 1.68
2.36 1.49 2.24 1.73
2.45 1.53 2.2 1.73
2.33 1.34 2.37 1.71
2.55 1.38 2.23 1.61
2.52 1.33 2.39 1.72
2.5 1.39 2.31 1.7
2.36 1.48 2.26 1.74
2.46 1.5 2.22 1.72
2.45 1.51 2.23 1.74
2.49 1.48 2.28 1.76
2.56 1.47 2.28 1.75
2.58 1.47 2.28 1.75
2.44 1.38 2.34 1.72
2.37 1.46 2.27 1.73
2.39 1.4 2.28 1.68
2.55 1.55 2.1 1.65
2.66 1.53 2.16 1.69
2.31 1.36 2.3 1.66
2.56 1.52 2.17 1.69
2.4 1.45 2.32 1.77
2.38 1.42 2.32 1.74
2.35 1.35 2.31 1.66
2.42 1.33 2.37 1.7
2.45 1.36 2.31 1.67
2.5 1.41 2.31 1.72
2.56 1.5 2.16 1.66
2.48 1.48 2.22 1.7
2.43 1.45 2.24 1.69
2.4 1.35 2.37 1.72
2.26 1.31 2.36 1.67
2.45 1.58 2.16 1.74
2.43 1.45 2.21 1.66
2.39 1.38 2.43 1.81
2.48 1.34 2.31 1.65
2.32 1.34 2.41 1.75
2.45 1.4 2.32 1.72
2.33 1.42 2.27 1.69
2.36 1.37 2.34 1.71
2.41 1.4 2.37 1.77
2.44 1.43 2.3 1.73
2.53 1.51 2.22 1.73
2.45 1.38 2.29 1.67
2.34 1.39 2.4 1.79
2.42 1.43 2.23 1.66
2.54 1.56 2.16 1.72
2.5 1.47 2.2 1.67
2.44 1.51 2.26 1.77
2.45 1.35 2.33 1.68
2.48 1.42 2.34 1.76
2.31 1.41 2.32 1.73
2.53 1.42 2.34 1.76
2.48 1.53 2.23 1.76
2.45 1.51 2.28 1.79
2.48 1.58 2.18 1.76
2.52 1.59 2.13 1.72
2.41 1.47 2.26 1.73
2.36 1.37 2.36 1.73
2.48 1.38 2.33 1.71
2.41 1.3 2.38 1.68
2.45 1.4 2.32 1.72
2.54 1.58 2.1 1.68
2.52 1.48 2.22 1.7
2.49 1.48 2.19 1.67
2.43 1.41 2.26 1.67
2.37 1.46 2.28 1.74
2.6 1.54 2.12 1.66
2.52 1.29 2.36 1.65
2.48 1.64 2.14 1.78
2.44 1.48 2.19 1.67
2.45 1.43 2.21 1.64
2.55 1.44 2.31 1.75
2.44 1.41 2.29 1.7
2.36 1.36 2.3 1.66
2.34 1.31 2.4 1.71
2.38 1.38 2.33 1.71
2.39 1.46 2.24 1.7
2.61 1.58 2.11 1.69
2.32 1.4 2.35 1.75
2.52 1.5 2.19 1.69
2.54 1.36 2.25 1.61
2.45 1.5 2.2 1.7
2.47 1.36 2.31 1.67
2.46 1.5 2.21 1.71
2.44 1.49 2.21 1.7
2.4 1.23 2.41 1.64
2.43 1.44 2.34 1.78
2.4 1.38 2.31 1.69
2.45 1.42 2.33 1.75
2.39 1.47 2.25 1.72
2.49 1.54 2.23 1.77
2.58 1.52 2.23 1.75
2.48 1.37 2.35 1.72
2.47 1.47 2.29 1.76
2.35 1.49 2.22 1.71
2.27 1.31 2.5 1.81
2.4 1.51 2.33 1.84
2.5 1.46 2.23 1.69
2.46 1.43 2.24 1.67
2.42 1.59 2.11 1.7
2.53 1.49 2.18 1.67
2.4 1.45 2.29 1.74
2.47 1.36 2.27 1.63
2.48 1.41 2.28 1.69
2.44 1.38 2.32 1.7
2.48 1.34 2.36 1.7
2.47 1.36 2.24 1.6
2.31 1.38 2.31 1.69
2.49 1.54 2.13 1.67
2.45 1.67 2.05 1.72
2.37 1.51 2.22 1.73
2.35 1.41 2.4 1.81
2.57 1.45 2.32 1.77
2.38 1.41 2.21 1.62
2.29 1.34 2.33 1.67
2.5 1.36 2.33 1.69
2.35 1.45 2.27 1.72
2.32 1.37 2.37 1.74
2.35 1.47 2.3 1.77
2.44 1.39 2.28 1.67
2.4 1.37 2.33 1.7
2.32 1.35 2.35 1.7
2.41 1.48 2.28 1.76
2.5 1.49 2.19 1.68
2.58 1.54 2.17 1.71
2.38 1.33 2.35 1.68
2.46 1.5 2.21 1.71
2.47 1.36 2.35 1.71
2.39 1.34 2.36 1.7
2.45 1.51 2.16 1.67
2.53 1.47 2.23 1.7
2.46 1.33 2.31 1.64
2.34 1.39 2.24 1.63
2.38 1.39 2.4 1.79
2.39 1.39 2.32 1.71
2.34 1.25 2.37 1.62
2.36 1.37 2.37 1.74
2.36 1.39 2.37 1.76
2.33 1.43 2.34 1.77
2.47 1.45 2.27 1.72
2.44 1.33 2.37 1.7
2.36 1.38 2.27 1.65
2.43 1.43 2.28 1.71
2.6 1.55 2.24 1.79
2.35 1.45 2.26 1.71
2.5 1.53 2.23 1.76
2.44 1.42 2.27 1.69
2.41 1.45 2.23 1.68
2.38 1.34 2.43 1.77
2.48 1.46 2.23 1.69
2.39 1.45 2.27 1.72
2.46 1.36 2.36 1.72
2.35 1.38 2.32 1.7
2.44 1.48 2.26 1.74
2.52 1.48 2.22 1.7
2.43 1.41 2.34 1.75
2.4 1.53 2.25 1.78
2.45 1.44 2.3 1.74
2.45 1.39 2.25 1.64
2.3 1.41 2.25 1.66
2.48 1.49 2.15 1.64
2.33 1.53 2.16 1.69
2.43 1.45 2.32 1.77
2.5 1.4 2.32 1.72
2.4 1.47 2.34 1.81
2.44 1.38 2.35 1.73
2.48 1.41 2.24 1.65
2.51 1.47 2.3 1.77
2.34 1.35 2.32 1.67
2.45 1.49 2.25 1.74
2.3 1.38 2.3 1.68
2.44 1.51 2.2 1.71
2.48 1.48 2.24 1.72
2.56 1.52 2.22 1.74
2.43 1.47 2.31 1.78
2.36 1.31 2.37 1.68
2.6 1.57 2.16 1.73
2.33 1.32 2.42 1.74
2.46 1.42 2.27 1.69
2.29 1.34 2.4 1.74
2.41 1.39 2.31 1.7
2.42 1.58 2.18 1.76
2.51 1.43 2.33 1.76
2.49 1.4 2.28 1.68
2.44 1.5 2.24 1.74
2.4 1.49 2.22 1.71
2.42 1.48 2.28 1.76
2.52 1.47 2.22 1.69
2.4 1.35 2.23 1.58
2.34 1.4 2.29 1.69
2.48 1.45 2.23 1.68
2.4 1.42 2.33 1.75
2.42 1.47 2.22 1.69
2.36 1.39 2.23 1.62
2.44 1.42 2.29 1.71
2.47 1.42 2.32 1.74
2.38 1.38 2.35 1.73
2.41 1.44 2.32 1.76
2.46 1.5 2.19 1.69
2.41 1.47 2.12 1.59
2.36 1.37 2.29 1.66
2.39 1.43 2.29 1.72
2.4 1.43 2.27 1.7
2.52 1.47 2.23 1.7
2.53 1.59 2.15 1.74
2.38 1.42 2.29 1.71
2.36 1.34 2.39 1.73
2.52 1.31 2.4 1.71
2.58 1.62 2.1 1.72
2.45 1.39 2.33 1.72
2.33 1.36 2.38 1.74
2.53 1.47 2.32 1.79
2.39 1.44 2.23 1.67
2.39 1.44 2.29 1.73
2.44 1.5 2.19 1.69
2.47 1.4 2.27 1.67
2.39 1.43 2.36 1.79
2.54 1.52 2.17 1.69
2.49 1.42 2.28 1.7
2.35 1.31 2.39 1.7
2.44 1.48 2.27 1.75
2.49 1.36 2.33 1.69
2.44 1.3 2.3 1.6
2.33 1.4 2.27 1.67
2.38 1.39 2.35 1.74
2.46 1.44 2.28 1.72
2.4 1.48 2.28 1.76
2.4 1.45 2.27 1.72
2.47 1.43 2.3 1.73
2.45 1.28 2.33 1.61
2.29 1.38 2.35 1.73
2.37 1.44 2.28 1.72
2.44 1.4 2.26 1.66
2.44 1.53 2.23 1.76
2.41 1.4 2.25 1.65
2.46 1.5 2.26 1.76
2.38 1.47 2.3 1.77
2.38 1.42 2.29 1.71
2.44 1.34 2.34 1.68
2.28 1.36 2.32 1.68
2.46 1.39 2.34 1.73
2.45 1.42 2.28 1.7
2.47 1.34 2.34 1.68
2.48 1.4 2.34 1.74
2.4 1.4 2.25 1.65
2.36 1.44 2.29 1.73
2.47 1.54 2.15 1.69
2.45 1.35 2.41 1.76
2.34 1.38 2.28 1.66
2.47 1.52 2.27 1.79
2.5 1.48 2.21 1.69
2.46 1.46 2.27 1.73
2.42 1.42 2.38 1.8
2.47 1.42 2.23 1.65
2.42 1.5 2.25 1.75
2.51 1.39 2.32 1.71
2.51 1.26 2.45 1.71
2.44 1.32 2.31 1.63
2.46 1.34 2.37 1.71
2.31 1.36 2.42 1.78
2.43 1.51 2.22 1.73
2.5 1.44 2.29 1.73
2.38 1.37 2.35 1.72
2.38 1.29 2.35 1.64
2.51 1.52 2.14 1.66
2.52 1.4 2.32 1.72
2.48 1.44 2.3 1.74
2.46 1.49 2.26 1.75
2.39 1.47 2.32 1.79
2.44 1.42 2.3 1.72
2.49 1.44 2.34 1.78
2.5 1.41 2.25 1.66
2.46 1.42 2.32 1.74
2.47 1.47 2.31 1.78
2.37 1.42 2.3 1.72
2.45 1.42 2.25 1.67
2.52 1.48 2.25 1.73
2.24 1.33 2.36 1.69
2.42 1.44 2.29 1.73
2.45 1.47 2.25 1.72
2.39 1.4 2.3 1.7
2.49 1.4 2.32 1.72
2.34 1.26 2.41 1.67
2.49 1.41 2.27 1.68
2.39 1.44 2.28 1.72
2.44 1.46 2.2 1.66
2.4 1.38 2.37 1.75
2.53 1.39 2.26 1.65
2.42 1.39 2.35 1.74
2.48 1.32 2.35 1.67
2.27 1.31 2.36 1.67
2.45 1.51 2.21 1.72
2.34 1.45 2.27 1.72
2.34 1.4 2.3 1.7
2.39 1.57 2.25 1.82
2.31 1.37 2.36 1.73
2.47 1.41 2.3 1.71
2.47 1.45 2.27 1.72
2.53 1.41 2.27 1.68
2.48 1.44 2.24 1.68
2.37 1.43 2.32 1.75
2.23 1.42 2.3 1.72
2.48 1.38 2.28 1.66
2.36 1.51 2.23 1.74
2.4 1.39 2.29 1.68
2.41 1.41 2.29 1.7
2.4 1.47 2.31 1.78
2.56 1.38 2.25 1.63
2.39 1.36 2.31 1.67
2.47 1.44 2.23 1.67
2.43 1.35 2.33 1.68
2.42 1.5 2.18 1.68
2.42 1.48 2.27 1.75
2.43 1.46 2.29 1.75
2.47 1.47 2.27 1.74
2.49 1.45 2.25 1.7
2.35 1.38 2.35 1.73
2.5 1.41 2.29 1.7
2.39 1.38 2.36 1.74
2.33 1.53 2.35 1.88
2.37 1.44 2.28 1.72
2.45 1.49 2.2 1.69
2.45 1.45 2.32 1.77
2.42 1.44 2.35 1.79
2.4 1.4 2.31 1.71
2.32 1.28 2.44 1.72
2.42 1.44 2.31 1.75
2.45 1.46 2.27 1.73
2.45 1.49 2.21 1.7
2.51 1.39 2.37 1.76
2.46 1.42 2.28 1.7
2.41 1.34 2.37 1.71
2.5 1.51 2.24 1.75
2.41 1.4 2.31 1.71
2.37 1.37 2.25 1.62
2.46 1.47 2.24 1.71
2.33 1.24 2.44 1.68
2.42 1.49 2.22 1.71
2.28 1.4 2.31 1.71
2.49 1.39 2.36 1.75
2.43 1.42 2.3 1.72
2.32 1.36 2.33 1.69
2.27 1.29 2.42 1.71
2.43 1.39 2.34 1.73
2.48 1.53 2.2 1.73
2.44 1.42 2.3 1.72
2.5 1.4 2.17 1.57
2.42 1.43 2.19 1.62
2.28 1.42 2.33 1.75
2.47 1.48 2.24 1.72
2.47 1.4 2.34 1.74
2.26 1.37 2.31 1.68
2.38 1.39 2.32 1.71
2.45 1.48 2.28 1.76
2.44 1.45 2.31 1.76
2.54 1.54 2.12 1.66
2.53 1.61 2.09 1.7
2.51 1.41 2.24 1.65
2.35 1.35 2.33 1.68
2.38 1.51 2.24 1.75
2.44 1.52 2.26 1.78
2.58 1.39 2.23 1.62
2.39 1.48 2.2 1.68
2.37 1.43 2.28 1.71
2.5 1.58 2.17 1.75
2.39 1.44 2.25 1.69
2.37 1.43 2.31 1.74
2.58 1.65 2.16 1.81
2.39 1.3 2.36 1.66
2.38 1.5 2.28 1.78
2.52 1.45 2.24 1.69
2.34 1.51 2.24 1.75
2.29 1.37 2.32 1.69
2.46 1.35 2.28 1.63
2.39 1.43 2.35 1.78
2.42 1.49 2.23 1.72
2.46 1.61 2.12 1.73
2.51 1.5 2.18 1.68
2.44 1.55 2.17 1.72
2.47 1.46 2.23 1.69
2.32 1.45 2.35 1.8
2.26 1.42 2.35 1.77
2.34 1.33 2.31 1.64
2.47 1.32 2.36 1.68
2.4 1.39 2.39 1.78
2.37 1.37 2.34 1.71
2.36 1.31 2.41 1.72
2.4 1.39 2.33 1.72
2.56 1.47 2.29 1.76
2.44 1.41 2.28 1.69
2.49 1.49 2.23 1.72
2.32 1.44 2.34 1.78
2.39 1.38 2.33 1.71
2.44 1.45 2.19 1.64
2.42 1.4 2.3 1.7
2.46 1.43 2.24 1.67
2.42 1.51 2.28 1.79
2.43 1.41 2.29 1.7
2.36 1.4 2.36 1.76
2.33 1.46 2.3 1.76
2.53 1.54 2.28 1.82
2.43 1.38 2.31 1.69
2.49 1.47 2.23 1.7
2.55 1.48 2.25 1.73
2.37 1.4 2.41 1.81
2.47 1.45 2.27 1.72
2.55 1.6 2.17 1.77
2.37 1.41 2.31 1.72
2.4 1.37 2.36 1.73
2.37 1.33 2.36 1.69
2.46 1.47 2.26 1.73
2.46 1.41 2.29 1.7
2.44 1.49 2.18 1.67
2.47 1.43 2.31 1.74
2.5 1.54 2.17 1.71
2.41 1.46 2.34 1.8
2.34 1.41 2.25 1.66
2.41 1.46 2.23 1.69
2.41 1.51 2.25 1.76
2.62 1.5 2.2 1.7
2.45 1.57 2.18 1.75
2.45 1.4 2.28 1.68
2.48 1.55 2.14 1.69
2.47 1.37 2.29 1.66
2.4 1.33 2.36 1.69
2.45 1.4 2.32 1.72
2.42 1.4 2.27 1.67
2.49 1.44 2.21 1.65
2.52 1.44 2.27 1.71
2.54 1.51 2.22 1.73
2.41 1.53 2.28 1.81
2.4 1.33 2.32 1.65
2.37 1.44 2.37 1.81
2.3 1.39 2.32 1.71
2.35 1.38 2.37 1.75
2.38 1.34 2.36 1.7
2.43 1.46 2.26 1.72
2.37 1.33 2.38 1.71
2.36 1.32 2.39 1.71
2.38 1.47 2.22 1.69
2.39 1.33 2.41 1.74
2.49 1.53 2.13 1.66
2.46 1.48 2.3 1.78
2.4 1.49 2.31 1.8
2.49 1.33 2.34 1.67
2.39 1.42 2.33 1.75
2.44 1.35 2.4 1.75
2.32 1.47 2.3 1.77
2.48 1.39 2.33 1.72
2.43 1.42 2.27 1.69
2.55 1.48 2.2 1.68
2.45 1.48 2.3 1.78
2.48 1.36 2.35 1.71
2.35 1.34 2.45 1.79
2.45 1.41 2.3 1.71
2.51 1.49 2.27 1.76
2.54 1.6 2.15 1.75
2.54 1.45 2.14 1.59
2.57 1.49 2.15 1.64
2.29 1.3 2.47 1.77
2.4 1.42 2.24 1.66
2.33 1.45 2.23 1.68
2.42 1.51 2.2 1.71
2.34 1.33 2.33 1.66
2.46 1.33 2.32 1.65
2.49 1.4 2.35 1.75
2.41 1.42 2.21 1.63
2.48 1.31 2.38 1.69
2.49 1.43 2.25 1.68
2.46 1.39 2.26 1.65
2.4 1.41 2.35 1.76
2.38 1.4 2.31 1.71
2.41 1.44 2.25 1.69
2.47 1.49 2.24 1.73
2.38 1.5 2.21 1.71
2.4 1.3 2.29 1.59
2.38 1.46 2.28 1.74
2.42 1.44 2.31 1.75
2.39 1.42 2.32 1.74
2.45 1.53 2.25 1.78
2.37 1.31 2.31 1.62
2.47 1.55 2.19 1.74
2.4 1.38 2.33 1.71
2.55 1.44 2.26 1.7
2.51 1.52 2.19 1.71
2.44 1.4 2.31 1.71
2.46 1.39 2.33 1.72
2.39 1.44 2.27 1.71
2.54 1.6 2.17 1.77
2.39 1.51 2.24 1.75
2.61 1.5 2.25 1.75
2.48 1.42 2.26 1.68
2.55 1.46 2.19 1.65
2.428398 1.427982 2.286188 1.71417
