2.34 1.44 2.32 1.76
2.42 1.34 2.38 1.72
2.3 1.48 2.14 1.62
2.42 1.44 2.24 1.68
2.52 1.46 2.28 1.74
2.42 1.56 2.22 1.78
2.44 1.4 2.2 1.6
2.38 1.44 2.16 1.6
2.46 1.26 2.38 1.64
2.28 1.34 2.34 1.68
2.28 1.42 2.22 1.64
2.38 1.26 2.52 1.78
2.12 1.2 2.5 1.7
2.36 1.48 2.26 1.74
2.54 1.4 2.4 1.8
2.38 1.46 2.22 1.68
2.46 1.62 2.12 1.74
2.4 1.24 2.38 1.62
2.32 1.38 2.34 1.72
2.34 1.3 2.44 1.74
2.6 1.64 2.1 1.74
2.38 1.4 2.14 1.54
2.36 1.36 2.36 1.72
2.58 1.48 2.22 1.7
2.36 1.38 2.42 1.8
2.36 1.3 2.48 1.78
2.38 1.24 2.48 1.72
2.58 1.32 2.32 1.64
2.4 1.42 2.34 1.76
2.42 1.46 2.22 1.68
2.58 1.56 2.2 1.76
2.38 1.26 2.5 1.76
2.38 1.52 2.28 1.8
2.42 1.34 2.38 1.72
2.5 1.58 2.14 1.72
2.4 1.36 2.3 1.66
2.42 1.34 2.28 1.62
2.48 1.48 2.24 1.72
2.36 1.48 2.32 1.8
2.44 1.54 2.24 1.78
2.44 1.38 2.36 1.74
2.38 1.5 2.2 1.7
2.4 1.28 2.22 1.5
2.32 1.5 2.3 1.8
2.18 1.32 2.36 1.68
2.52 1.34 2.32 1.66
2.48 1.52 2.26 1.78
2.44 1.38 2.26 1.64
2.32 1.38 2.38 1.76
2.4 1.34 2.42 1.76
2.44 1.34 2.4 1.74
2.48 1.48 2.26 1.74
2.46 1.46 2.3 1.76
2.5 1.58 2.1 1.68
2.48 1.5 2.24 1.74
2.48 1.3 2.38 1.68
2.34 1.38 2.38 1.76
2.54 1.36 2.38 1.74
2.38 1.46 2.24 1.7
2.38 1.38 2.38 1.76
2.4 1.46 2.24 1.7
2.52 1.54 2.16 1.7
2.48 1.36 2.38 1.74
2.48 1.58 2.26 1.84
2.52 1.44 2.28 1.72
2.28 1.3 2.46 1.76
2.38 1.32 2.44 1.76
2.42 1.36 2.26 1.62
2.52 1.6 2.18 1.78
2.3 1.32 2.38 1.7
2.44 1.52 2.3 1.82
2.48 1.36 2.32 1.68
2.4 1.32 2.42 1.74
2.34 1.32 2.4 1.72
2.46 1.54 2.16 1.7
2.48 1.28 2.38 1.66
2.54 1.38 2.32 1.7
2.44 1.34 2.36 1.7
2.34 1.52 2.18 1.7
2.44 1.42 2.32 1.74
2.58 1.5 2.2 1.7
2.56 1.48 2.2 1.68
2.32 1.3 2.44 1.74
2.18 1.44 2.36 1.8
2.38 1.32 2.38 1.7
2.52 1.54 2.16 1.7
2.46 1.54 2.24 1.78
2.42 1.42 2.4 1.82
2.46 1.52 2.12 1.64
2.46 1.36 2.32 1.68
2.42 1.34 2.34 1.68
2.24 1.34 2.46 1.8
2.6 1.36 2.2 1.56
2.52 1.3 2.4 1.7
2.38 1.36 2.32 1.68
2.44 1.52 2.18 1.7
2.48 1.42 2.3 1.72
2.36 1.54 2.14 1.68
2.44 1.42 2.26 1.68
2.42 1.34 2.32 1.66
2.3 1.26 2.44 1.7
2.34 1.74 2.18 1.92
2.46 1.4 2.28 1.68
2.56 1.8 1.98 1.78
2.32 1.36 2.36 1.72
2.5 1.48 2.24 1.72
2.24 1.34 2.5 1.84
2.44 1.48 2.16 1.64
2.52 1.38 2.28 1.66
2.5 1.42 2.3 1.72
2.66 1.56 2.18 1.74
2.54 1.54 2.16 1.7
2.38 1.54 2.24 1.78
2.44 1.42 2.24 1.66
2.3 1.38 2.34 1.72
2.44 1.46 2.2 1.66
2.4 1.24 2.4 1.64
2.36 1.28 2.44 1.72
2.42 1.34 2.32 1.66
2.48 1.42 2.34 1.76
2.38 1.4 2.18 1.58
2.18 1.36 2.4 1.76
2.34 1.36 2.28 1.64
2.34 1.46 2.26 1.72
2.52 1.54 2.1 1.64
2.3 1.48 2.28 1.76
2.44 1.28 2.26 1.54
2.14 1.4 2.4 1.8
2.38 1.32 2.32 1.64
2.42 1.3 2.4 1.7
2.34 1.5 2.28 1.78
2.42 1.52 2.18 1.7
2.42 1.52 2.34 1.86
2.38 1.34 2.38 1.72
2.44 1.48 2.3 1.78
2.38 1.42 2.3 1.72
2.6 1.44 2.3 1.74
2.44 1.32 2.36 1.68
2.54 1.48 2.3 1.78
2.38 1.44 2.22 1.66
2.36 1.36 2.38 1.74
2.42 1.48 2.32 1.8
2.32 1.34 2.32 1.66
2.2 1.28 2.38 1.66
2.38 1.34 2.36 1.7
2.3 1.32 2.2 1.52
2.54 1.4 2.26 1.66
2.58 1.5 2.28 1.78
2.42 1.46 2.22 1.68
2.48 1.52 2.14 1.66
2.44 1.32 2.34 1.66
2.6 1.52 2.2 1.72
2.38 1.4 2.38 1.78
2.42 1.46 2.22 1.68
2.32 1.46 2.34 1.8
2.38 1.5 2.22 1.72
2.32 1.32 2.34 1.66
2.52 1.7 2.08 1.78
2.4 1.38 2.28 1.66
2.4 1.44 2.18 1.62
2.4 1.42 2.38 1.8
2.52 1.5 2.24 1.74
2.52 1.5 2.24 1.74
2.34 1.34 2.42 1.76
2.36 1.66 2.1 1.76
2.38 1.36 2.36 1.72
2.52 1.42 2.28 1.7
2.36 1.52 2.26 1.78
2.38 1.42 2.22 1.64
2.44 1.28 2.46 1.74
2.44 1.44 2.16 1.6
2.52 1.4 2.28 1.68
2.32 1.36 2.28 1.64
2.42 1.46 2.4 1.86
2.36 1.38 2.34 1.72
2.5 1.36 2.28 1.64
2.62 1.34 2.22 1.56
2.4 1.38 2.3 1.68
2.48 1.48 2.14 1.62
2.46 1.46 2.2 1.66
2.44 1.52 2.18 1.7
2.56 1.54 2.18 1.72
2.26 1.44 2.22 1.66
2.52 1.38 2.24 1.62
2.44 1.4 2.26 1.66
2.32 1.48 2.24 1.72
2.62 1.36 2.3 1.66
2.34 1.36 2.34 1.7
2.24 1.26 2.52 1.78
2.36 1.32 2.4 1.72
2.22 1.44 2.32 1.76
2.42 1.2 2.42 1.62
2.32 1.36 2.38 1.74
2.4 1.42 2.4 1.82
2.38 1.44 2.28 1.72
2.38 1.32 2.46 1.78
2.34 1.42 2.28 1.7
2.52 1.58 2.14 1.72
2.28 1.52 2.32 1.84
2.24 1.3 2.48 1.78
2.42 1.44 2.34 1.78
2.46 1.32 2.32 1.64
2.38 1.48 2.32 1.8
2.64 1.52 2.24 1.76
2.5 1.52 2.22 1.74
2.32 1.46 2.32 1.78
2.42 1.38 2.4 1.78
2.44 1.26 2.42 1.68
2.52 1.58 2.14 1.72
2.62 1.48 2.18 1.66
2.48 1.48 2.3 1.78
2.4 1.44 2.28 1.72
2.64 1.46 2.16 1.62
2.5 1.44 2.26 1.7
2.46 1.5 2.22 1.72
2.46 1.46 2.3 1.76
2.54 1.58 2.18 1.76
2.48 1.46 2.26 1.72
2.46 1.44 2.28 1.72
2.34 1.52 2.12 1.64
2.46 1.38 2.38 1.76
2.38 1.42 2.36 1.78
2.44 1.56 2.28 1.84
2.62 1.58 2.24 1.82
2.48 1.44 2.24 1.68
2.42 1.56 2.26 1.82
2.42 1.42 2.28 1.7
2.38 1.24 2.5 1.74
2.3 1.28 2.48 1.76
2.42 1.26 2.4 1.66
2.46 1.4 2.32 1.72
2.38 1.32 2.36 1.68
2.4 1.38 2.24 1.62
2.4 1.36 2.44 1.8
2.58 1.58 2.18 1.76
2.4 1.4 2.28 1.68
2.5 1.36 2.24 1.6
2.48 1.26 2.28 1.54
2.32 1.4 2.36 1.76
2.5 1.5 2.24 1.74
2.5 1.52 2.18 1.7
2.52 1.52 2.2 1.72
2.42 1.58 2.2 1.78
2.4 1.4 2.34 1.74
2.42 1.34 2.32 1.66
2.26 1.32 2.48 1.8
2.36 1.28 2.44 1.72
2.58 1.44 2.32 1.76
2.36 1.46 2.2 1.66
2.5 1.44 2.3 1.74
2.5 1.54 2.24 1.78
2.36 1.58 2.2 1.78
2.32 1.44 2.34 1.78
2.32 1.36 2.36 1.72
2.42 1.32 2.36 1.68
2.4 1.42 2.22 1.64
2.48 1.38 2.34 1.72
2.44 1.3 2.32 1.62
2.34 1.4 2.26 1.66
2.18 1.28 2.34 1.62
2.42 1.36 2.32 1.68
2.46 1.46 2.2 1.66
2.42 1.58 2.24 1.82
2.5 1.46 2.28 1.74
2.26 1.26 2.52 1.78
2.24 1.38 2.38 1.76
2.36 1.44 2.38 1.82
2.42 1.32 2.34 1.66
2.56 1.48 2.28 1.76
2.52 1.52 2.14 1.66
2.52 1.4 2.32 1.72
2.5 1.66 2.04 1.7
2.42 1.38 2.34 1.72
2.36 1.36 2.34 1.7
2.34 1.32 2.36 1.68
2.42 1.22 2.44 1.66
2.44 1.38 2.38 1.76
2.52 1.46 2.2 1.66
2.4 1.42 2.24 1.66
2.46 1.52 2.26 1.78
2.32 1.5 2.26 1.76
2.42 1.46 2.34 1.8
2.24 1.36 2.36 1.72
2.24 1.34 2.42 1.76
2.42 1.62 2.14 1.76
2.36 1.42 2.22 1.64
2.44 1.4 2.26 1.66
2.42 1.3 2.44 1.74
2.48 1.48 2.22 1.7
2.44 1.38 2.44 1.82
2.48 1.38 2.38 1.76
2.48 1.52 2.22 1.74
2.38 1.3 2.34 1.64
2.4 1.44 2.26 1.7
2.56 1.6 2.22 1.82
2.3 1.44 2.24 1.68
2.32 1.28 2.38 1.66
2.34 1.44 2.32 1.76
2.42 1.32 2.3 1.62
2.34 1.34 2.3 1.64
2.54 1.48 2.22 1.7
2.3 1.46 2.22 1.68
2.4 1.42 2.22 1.64
2.48 1.5 2.22 1.72
2.5 1.46 2.24 1.7
2.42 1.52 2.2 1.72
2.46 1.46 2.3 1.76
2.54 1.36 2.4 1.76
2.54 1.56 2.14 1.7
2.42 1.38 2.3 1.68
2.66 1.66 2.08 1.74
2.58 1.36 2.2 1.56
2.18 1.12 2.4 1.52
2.5 1.58 2.18 1.76
2.56 1.5 2.18 1.68
2.4 1.38 2.2 1.58
2.4 1.38 2.34 1.72
2.2 1.3 2.34 1.64
2.4 1.5 2.14 1.64
2.6 1.46 2.26 1.72
2.42 1.3 2.4 1.7
2.32 1.48 2.28 1.76
2.64 1.46 2.2 1.66
2.82 1.46 2.24 1.7
2.42 1.44 2.3 1.74
2.52 1.42 2.3 1.72
2.36 1.5 2.26 1.76
2.58 1.5 2.12 1.62
2.3 1.52 2.26 1.78
2.6 1.42 2.18 1.6
2.38 1.34 2.44 1.78
2.44 1.48 2.24 1.72
2.44 1.34 2.26 1.6
2.48 1.46 2.18 1.64
2.34 1.18 2.48 1.66
2.46 1.42 2.26 1.68
2.48 1.44 2.24 1.68
2.58 1.58 2.04 1.62
2.38 1.44 2.32 1.76
2.56 1.48 2.2 1.68
2.44 1.4 2.34 1.74
2.52 1.52 2.24 1.76
2.44 1.3 2.38 1.68
2.46 1.54 2.18 1.72
2.34 1.22 2.54 1.76
2.46 1.48 2.28 1.76
2.42 1.56 2.22 1.78
2.42 1.48 2.22 1.7
2.48 1.46 2.2 1.66
2.38 1.5 2.26 1.76
2.42 1.48 2.2 1.68
2.2 1.34 2.26 1.6
2.22 1.4 2.4 1.8
2.38 1.38 2.32 1.7
2.36 1.46 2.24 1.7
2.3 1.46 2.26 1.72
2.3 1.42 2.28 1.7
2.46 1.26 2.46 1.72
2.4 1.54 2.2 1.74
2.6 1.52 2.2 1.72
2.48 1.54 2.18 1.72
2.52 1.8 2.0 1.8
2.32 1.4 2.36 1.76
2.34 1.46 2.3 1.76
2.44 1.62 2.16 1.78
2.62 1.52 2.18 1.7
2.42 1.44 2.38 1.82
2.44 1.44 2.26 1.7
2.26 1.46 2.22 1.68
2.46 1.52 2.2 1.72
2.4 1.38 2.4 1.78
2.38 1.24 2.52 1.76
2.36 1.46 2.32 1.78
2.6 1.54 2.14 1.68
2.34 1.34 2.32 1.66
2.44 1.42 2.32 1.74
2.28 1.4 2.28 1.68
2.44 1.42 2.26 1.68
2.64 1.38 2.38 1.76
2.48 1.54 2.2 1.74
2.42 1.42 2.2 1.62
2.6 1.46 2.22 1.68
2.46 1.42 2.36 1.78
2.4 1.38 2.34 1.72
2.4 1.3 2.42 1.72
2.54 1.64 2.14 1.78
2.54 1.44 2.32 1.76
2.48 1.4 2.32 1.72
2.48 1.5 2.18 1.68
2.32 1.32 2.38 1.7
2.36 1.54 2.1 1.64
2.48 1.46 2.3 1.76
2.48 1.48 2.18 1.66
2.24 1.3 2.46 1.76
2.34 1.48 2.24 1.72
2.34 1.32 2.4 1.72
2.6 1.56 2.24 1.8
2.44 1.44 2.34 1.78
2.46 1.4 2.34 1.74
2.4 1.46 2.38 1.84
2.28 1.44 2.36 1.8
2.54 1.36 2.22 1.58
2.44 1.48 2.2 1.68
2.28 1.36 2.36 1.72
2.38 1.52 2.18 1.7
2.42 1.44 2.28 1.72
2.5 1.48 2.22 1.7
2.42 1.42 2.44 1.86
2.4 1.52 2.18 1.7
2.46 1.5 2.28 1.78
2.54 1.42 2.36 1.78
2.3 1.36 2.38 1.74
2.36 1.42 2.28 1.7
2.44 1.44 2.34 1.78
2.48 1.54 2.2 1.74
2.44 1.48 2.32 1.8
2.32 1.34 2.36 1.7
2.34 1.42 2.26 1.68
2.64 1.4 2.34 1.74
2.48 1.56 2.18 1.74
2.34 1.34 2.36 1.7
2.4 1.4 2.26 1.66
2.52 1.68 2.18 1.86
2.54 1.52 2.18 1.7
2.46 1.28 2.34 1.62
2.34 1.54 2.24 1.78
2.42 1.3 2.32 1.62
2.52 1.5 2.18 1.68
2.38 1.4 2.38 1.78
2.3 1.42 2.38 1.8
2.48 1.34 2.42 1.76
2.34 1.44 2.26 1.7
2.5 1.48 2.22 1.7
2.48 1.36 2.3 1.66
2.38 1.48 2.24 1.72
2.42 1.5 2.18 1.68
2.48 1.52 2.26 1.78
2.44 1.38 2.36 1.74
2.38 1.32 2.26 1.58
2.42 1.38 2.38 1.76
2.4 1.64 2.18 1.82
2.48 1.32 2.28 1.6
2.62 1.58 2.08 1.66
2.44 1.4 2.34 1.74
2.3 1.36 2.34 1.7
2.14 1.18 2.54 1.72
2.46 1.4 2.34 1.74
2.38 1.38 2.28 1.66
2.36 1.32 2.36 1.68
2.38 1.42 2.28 1.7
2.54 1.42 2.34 1.76
2.56 1.56 2.22 1.78
2.52 1.56 2.18 1.74
2.34 1.34 2.4 1.74
2.48 1.52 2.18 1.7
2.42 1.4 2.22 1.62
2.16 1.42 2.48 1.9
2.38 1.42 2.22 1.64
2.48 1.5 2.26 1.76
2.22 1.28 2.44 1.72
2.64 1.52 2.14 1.66
2.3 1.54 2.2 1.74
2.52 1.48 2.24 1.72
2.52 1.54 2.24 1.78
2.46 1.3 2.32 1.62
2.38 1.34 2.32 1.66
2.44 1.36 2.5 1.86
2.38 1.52 2.24 1.76
2.38 1.36 2.34 1.7
2.48 1.44 2.3 1.74
2.3 1.34 2.44 1.78
2.42 1.42 2.38 1.8
2.36 1.34 2.26 1.6
2.34 1.3 2.4 1.7
2.38 1.44 2.38 1.82
2.5 1.38 2.26 1.64
2.54 1.6 2.16 1.76
2.32 1.32 2.38 1.7
2.38 1.48 2.24 1.72
2.38 1.4 2.34 1.74
2.48 1.42 2.2 1.62
2.58 1.62 2.08 1.7
2.66 1.52 2.08 1.6
2.52 1.52 2.08 1.6
2.3 1.16 2.48 1.64
2.3 1.26 2.46 1.72
2.34 1.32 2.32 1.64
2.5 1.42 2.2 1.62
2.5 1.34 2.36 1.7
2.42 1.46 2.18 1.64
2.44 1.42 2.32 1.74
2.62 1.54 2.2 1.74
2.46 1.36 2.26 1.62
2.48 1.56 2.16 1.72
2.32 1.26 2.44 1.7
2.44 1.64 2.26 1.9
2.24 1.48 2.3 1.78
2.44 1.56 2.14 1.7
2.4 1.36 2.32 1.68
2.38 1.38 2.48 1.86
2.52 1.54 2.16 1.7
2.28 1.38 2.3 1.68
2.36 1.34 2.36 1.7
2.46 1.34 2.26 1.6
2.52 1.46 2.26 1.72
2.6 1.5 2.22 1.72
2.56 1.48 2.24 1.72
2.38 1.46 2.18 1.64
2.5 1.46 2.38 1.84
2.28 1.34 2.38 1.72
2.44 1.34 2.28 1.62
2.46 1.54 2.14 1.68
2.44 1.46 2.2 1.66
2.56 1.5 2.24 1.74
2.56 1.34 2.34 1.68
2.6 1.58 2.04 1.62
2.52 1.52 2.26 1.78
2.36 1.52 2.28 1.8
2.44 1.36 2.34 1.7
2.42 1.5 2.26 1.76
2.38 1.42 2.34 1.76
2.34 1.36 2.4 1.76
2.36 1.5 2.32 1.82
2.28 1.3 2.42 1.72
2.34 1.16 2.44 1.6
2.44 1.4 2.3 1.7
2.46 1.6 2.18 1.78
2.42 1.48 2.26 1.74
2.38 1.26 2.42 1.68
2.38 1.44 2.26 1.7
2.58 1.52 2.22 1.74
2.58 1.44 2.24 1.68
2.54 1.48 2.2 1.68
2.38 1.52 2.18 1.7
2.34 1.24 2.38 1.62
2.34 1.42 2.34 1.76
2.3 1.42 2.38 1.8
2.38 1.26 2.54 1.8
2.44 1.34 2.38 1.72
2.6 1.62 2.12 1.74
2.7 1.6 2.1 1.7
2.46 1.34 2.36 1.7
2.4 1.38 2.38 1.76
2.4 1.4 2.34 1.74
2.48 1.5 2.12 1.62
2.52 1.42 2.2 1.62
2.26 1.46 2.36 1.82
2.5 1.48 2.16 1.64
2.52 1.4 2.28 1.68
2.46 1.4 2.26 1.66
2.44 1.44 2.2 1.64
2.44 1.5 2.14 1.64
2.3 1.48 2.3 1.78
2.54 1.54 2.16 1.7
2.38 1.48 2.3 1.78
2.34 1.32 2.32 1.64
2.44 1.36 2.34 1.7
2.42 1.64 2.18 1.82
2.54 1.46 2.2 1.66
2.38 1.22 2.44 1.66
2.56 1.66 2.1 1.76
2.38 1.38 2.4 1.78
2.44 1.52 2.2 1.72
2.3 1.46 2.28 1.74
2.28 1.52 2.28 1.8
2.4 1.42 2.3 1.72
2.34 1.3 2.42 1.72
2.28 1.44 2.26 1.7
2.4 1.46 2.26 1.72
2.28 1.38 2.22 1.6
2.3 1.52 2.3 1.82
2.38 1.4 2.18 1.58
2.54 1.68 2.16 1.84
2.4 1.42 2.34 1.76
2.32 1.38 2.28 1.66
2.44 1.52 2.22 1.74
2.1 1.36 2.36 1.72
2.3 1.42 2.24 1.66
2.66 1.5 2.24 1.74
2.48 1.54 2.08 1.62
2.44 1.48 2.28 1.76
2.54 1.56 2.16 1.72
2.36 1.54 2.28 1.82
2.6 1.4 2.2 1.6
2.4 1.52 2.28 1.8
2.62 1.62 2.24 1.86
2.42 1.38 2.3 1.68
2.34 1.42 2.44 1.86
2.1 1.34 2.42 1.76
2.26 1.42 2.34 1.76
2.42 1.46 2.22 1.68
2.36 1.32 2.42 1.74
2.48 1.42 2.38 1.8
2.5 1.52 2.16 1.68
2.6 1.54 2.22 1.76
2.5 1.42 2.24 1.66
2.16 1.24 2.52 1.76
2.52 1.5 2.14 1.64
2.6 1.4 2.28 1.68
2.46 1.32 2.34 1.66
2.4 1.32 2.34 1.66
2.48 1.26 2.34 1.6
2.46 1.42 2.1 1.52
2.4 1.42 2.34 1.76
2.48 1.58 2.3 1.88
2.48 1.42 2.24 1.66
2.4 1.44 2.18 1.62
2.46 1.5 2.14 1.64
2.32 1.26 2.38 1.64
2.56 1.48 2.16 1.64
2.54 1.5 2.26 1.76
2.34 1.48 2.22 1.7
2.54 1.4 2.3 1.7
2.42 1.46 2.28 1.74
2.48 1.48 2.3 1.78
2.36 1.16 2.44 1.6
2.54 1.54 2.14 1.68
2.64 1.58 2.18 1.76
2.44 1.36 2.34 1.7
2.34 1.34 2.46 1.8
2.4 1.38 2.44 1.82
2.56 1.36 2.32 1.68
2.34 1.36 2.36 1.72
2.44 1.32 2.22 1.54
2.42 1.46 2.26 1.72
2.24 1.38 2.26 1.64
2.44 1.4 2.28 1.68
2.26 1.48 2.34 1.82
2.52 1.38 2.34 1.72
2.34 1.26 2.46 1.72
2.44 1.52 2.16 1.68
2.42 1.42 2.3 1.72
2.52 1.46 2.22 1.68
2.6 1.42 2.32 1.74
2.44 1.3 2.24 1.54
2.56 1.62 2.14 1.76
2.44 1.56 2.26 1.82
2.44 1.34 2.26 1.6
2.36 1.32 2.32 1.64
2.44 1.48 2.24 1.72
2.38 1.3 2.4 1.7
2.46 1.4 2.26 1.66
2.36 1.5 2.22 1.72
2.52 1.54 2.18 1.72
2.58 1.4 2.2 1.6
2.56 1.36 2.38 1.74
2.56 1.48 2.36 1.84
2.44 1.38 2.34 1.72
2.24 1.24 2.52 1.76
2.52 1.4 2.28 1.68
2.54 1.32 2.46 1.78
2.44 1.32 2.46 1.78
2.46 1.46 2.28 1.74
2.6 1.46 2.18 1.64
2.44 1.44 2.2 1.64
2.4 1.48 2.3 1.78
2.34 1.44 2.22 1.66
2.44 1.32 2.28 1.6
2.5 1.4 2.26 1.66
2.4 1.38 2.38 1.76
2.64 1.64 2.12 1.76
2.46 1.36 2.4 1.76
2.32 1.44 2.28 1.72
2.4 1.34 2.3 1.64
2.44 1.42 2.34 1.76
2.52 1.32 2.46 1.78
2.52 1.36 2.3 1.66
2.62 1.4 2.32 1.72
2.3 1.3 2.38 1.68
2.44 1.34 2.48 1.82
2.42 1.44 2.24 1.68
2.34 1.38 2.38 1.76
2.36 1.36 2.38 1.74
2.44 1.32 2.44 1.76
2.32 1.46 2.26 1.72
2.44 1.52 2.26 1.78
2.32 1.36 2.32 1.68
2.44 1.5 2.28 1.78
2.32 1.3 2.34 1.64
2.3 1.36 2.24 1.6
2.46 1.46 2.24 1.7
2.48 1.48 2.28 1.76
2.28 1.36 2.32 1.68
2.2 1.28 2.42 1.7
2.56 1.52 2.16 1.68
2.5 1.62 2.18 1.8
2.44 1.38 2.28 1.66
2.44 1.48 2.24 1.72
2.32 1.26 2.38 1.64
2.36 1.5 2.28 1.78
2.26 1.26 2.46 1.72
2.42 1.3 2.42 1.72
2.34 1.48 2.28 1.76
2.54 1.42 2.32 1.74
2.4 1.4 2.28 1.68
2.28 1.22 2.56 1.78
2.46 1.36 2.34 1.7
2.38 1.46 2.26 1.72
2.38 1.4 2.3 1.7
2.52 1.38 2.32 1.7
2.64 1.5 2.22 1.72
2.16 1.1 2.66 1.76
2.46 1.38 2.32 1.7
2.54 1.34 2.26 1.6
2.56 1.64 2.12 1.76
2.48 1.36 2.38 1.74
2.32 1.4 2.44 1.84
2.42 1.36 2.28 1.64
2.58 1.5 2.08 1.58
2.38 1.42 2.32 1.74
2.36 1.34 2.36 1.7
2.5 1.62 2.16 1.78
2.34 1.38 2.34 1.72
2.5 1.46 2.26 1.72
2.24 1.34 2.34 1.68
2.44 1.28 2.26 1.54
2.54 1.56 2.16 1.72
2.42 1.42 2.28 1.7
2.3 1.42 2.38 1.8
2.36 1.42 2.32 1.74
2.34 1.32 2.42 1.74
2.52 1.44 2.26 1.7
2.34 1.32 2.28 1.6
2.4 1.38 2.34 1.72
2.44 1.38 2.34 1.72
2.5 1.5 2.26 1.76
2.3 1.36 2.3 1.66
2.44 1.56 2.16 1.72
2.56 1.48 2.28 1.76
2.52 1.24 2.4 1.64
2.4 1.44 2.26 1.7
2.58 1.58 2.12 1.7
2.34 1.32 2.36 1.68
2.42 1.42 2.26 1.68
2.6 1.48 2.16 1.64
2.52 1.52 2.2 1.72
2.46 1.42 2.32 1.74
2.44 1.5 2.26 1.76
2.3 1.42 2.3 1.72
2.52 1.5 2.22 1.72
2.34 1.42 2.28 1.7
2.5 1.48 2.24 1.72
2.32 1.28 2.48 1.76
2.44 1.44 2.22 1.66
2.54 1.48 2.26 1.74
2.64 1.7 2.18 1.88
2.36 1.3 2.4 1.7
2.48 1.36 2.26 1.62
2.54 1.5 2.28 1.78
2.42 1.46 2.28 1.74
2.5 1.44 2.26 1.7
2.34 1.4 2.38 1.78
2.36 1.4 2.28 1.68
2.36 1.36 2.3 1.66
2.5 1.52 2.28 1.8
2.36 1.48 2.28 1.76
2.58 1.56 2.1 1.66
2.52 1.5 2.2 1.7
2.62 1.52 2.2 1.72
2.3 1.34 2.48 1.82
2.56 1.54 2.22 1.76
2.5 1.4 2.28 1.68
2.46 1.58 2.2 1.78
2.28 1.32 2.36 1.68
2.4 1.4 2.38 1.78
2.42 1.42 2.22 1.64
2.36 1.38 2.36 1.74
2.52 1.4 2.26 1.66
2.48 1.48 2.24 1.72
2.42 1.42 2.26 1.68
2.44 1.4 2.32 1.72
2.34 1.26 2.46 1.72
2.38 1.32 2.36 1.68
2.54 1.62 2.1 1.72
2.58 1.34 2.24 1.58
2.44 1.4 2.18 1.58
2.42 1.34 2.34 1.68
2.52 1.6 2.16 1.76
2.52 1.52 2.26 1.78
2.22 1.14 2.56 1.7
2.42 1.26 2.36 1.62
2.28 1.32 2.32 1.64
2.54 1.42 2.32 1.74
2.3 1.4 2.34 1.74
2.44 1.5 2.3 1.8
2.38 1.48 2.26 1.74
2.42 1.32 2.32 1.64
2.38 1.24 2.48 1.72
2.48 1.54 2.16 1.7
2.56 1.54 2.2 1.74
2.5 1.4 2.28 1.68
2.36 1.28 2.34 1.62
2.42 1.38 2.3 1.68
2.38 1.24 2.42 1.66
2.48 1.26 2.38 1.64
2.32 1.34 2.32 1.66
2.48 1.64 2.14 1.78
2.56 1.38 2.4 1.78
2.42 1.38 2.3 1.68
2.54 1.5 2.24 1.74
2.48 1.58 2.24 1.82
2.46 1.4 2.2 1.6
2.32 1.48 2.26 1.74
2.54 1.42 2.3 1.72
2.62 1.52 2.2 1.72
2.36 1.48 2.22 1.7
2.6 1.5 2.22 1.72
2.22 1.2 2.48 1.68
2.48 1.56 2.1 1.66
2.5 1.34 2.36 1.7
2.4 1.4 2.3 1.7
2.42 1.4 2.32 1.72
2.5 1.42 2.3 1.72
2.64 1.56 2.14 1.7
2.4 1.3 2.4 1.7
2.2 1.34 2.42 1.76
2.54 1.46 2.34 1.8
2.38 1.32 2.2 1.52
2.42 1.4 2.34 1.74
2.42 1.62 2.14 1.76
2.4 1.5 2.26 1.76
2.5 1.4 2.34 1.74
2.32 1.46 2.22 1.68
2.4 1.62 2.08 1.7
2.62 1.46 2.32 1.78
2.54 1.52 2.22 1.74
2.4 1.4 2.28 1.68
2.46 1.32 2.32 1.64
2.34 1.4 2.36 1.76
2.54 1.66 2.1 1.76
2.32 1.32 2.46 1.78
2.34 1.36 2.42 1.78
2.36 1.28 2.38 1.66
2.46 1.28 2.4 1.68
2.4 1.3 2.38 1.68
2.44 1.44 2.22 1.66
2.2 1.28 2.42 1.7
2.42 1.44 2.22 1.66
2.3 1.32 2.48 1.8
2.32 1.34 2.38 1.72
2.3 1.38 2.32 1.7
2.22 1.26 2.44 1.7
2.46 1.52 2.18 1.7
2.32 1.38 2.34 1.72
2.44 1.34 2.34 1.68
2.5 1.36 2.3 1.66
2.32 1.38 2.3 1.68
2.32 1.4 2.42 1.82
2.4 1.32 2.26 1.58
2.5 1.36 2.2 1.56
2.38 1.54 2.2 1.74
2.3 1.46 2.36 1.82
2.4 1.34 2.3 1.64
2.42 1.26 2.36 1.62
2.38 1.5 2.16 1.66
2.46 1.66 2.14 1.8
2.5 1.5 2.2 1.7
2.34 1.3 2.48 1.78
2.58 1.62 2.06 1.68
2.56 1.52 2.22 1.74
2.54 1.54 2.14 1.68
2.58 1.44 2.26 1.7
2.38 1.34 2.28 1.62
2.46 1.32 2.42 1.74
2.3 1.22 2.36 1.58
2.34 1.5 2.28 1.78
2.26 1.36 2.32 1.68
2.44 1.46 2.14 1.6
2.5 1.6 2.12 1.72
2.44 1.5 2.24 1.74
2.52 1.48 2.24 1.72
2.22 1.3 2.34 1.64
2.32 1.36 2.42 1.78
2.42 1.46 2.24 1.7
2.28 1.28 2.42 1.7
2.46 1.4 2.18 1.58
2.26 1.42 2.24 1.66
2.5 1.6 2.08 1.68
2.36 1.4 2.32 1.72
2.56 1.3 2.34 1.64
2.46 1.72 2.12 1.84
2.3 1.44 2.34 1.78
2.44 1.48 2.3 1.78
2.58 1.58 2.22 1.8
2.6 1.62 2.1 1.72
2.28 1.24 2.4 1.64
2.36 1.34 2.38 1.72
2.4 1.56 2.2 1.76
2.42 1.38 2.44 1.82
2.38 1.36 2.3 1.66
2.34 1.22 2.44 1.66
2.3 1.34 2.38 1.72
2.54 1.5 2.18 1.68
2.54 1.4 2.16 1.56
2.4 1.46 2.3 1.76
2.6 1.54 2.1 1.64
2.32 1.4 2.36 1.76
2.56 1.36 2.2 1.56
2.62 1.4 2.42 1.82
2.38 1.42 2.28 1.7
2.4 1.38 2.34 1.72
2.46 1.42 2.24 1.66
2.3 1.3 2.44 1.74
2.36 1.4 2.36 1.76
2.48 1.5 2.22 1.72
2.5 1.48 2.2 1.68
2.6 1.6 2.04 1.64
2.42 1.34 2.4 1.74
2.46 1.34 2.32 1.66
2.54 1.54 2.14 1.68
2.44 1.38 2.22 1.6
2.42 1.44 2.26 1.7
2.54 1.44 2.32 1.76
2.48 1.5 2.2 1.7
2.22 1.36 2.36 1.72
2.42 1.48 2.18 1.66
2.36 1.24 2.42 1.66
2.28 1.44 2.2 1.64
2.44 1.46 2.24 1.7
2.52 1.34 2.38 1.72
2.34 1.44 2.24 1.68
2.34 1.32 2.38 1.7
2.5 1.52 2.26 1.78
2.58 1.66 2.14 1.8
2.52 1.58 2.22 1.8
2.44 1.36 2.34 1.7
2.38 1.54 2.16 1.7
2.42 1.56 2.3 1.86
2.32 1.36 2.32 1.68
2.28 1.42 2.24 1.66
2.44 1.46 2.24 1.7
2.5 1.5 2.24 1.74
2.24 1.38 2.3 1.68
2.54 1.46 2.3 1.76
2.5 1.4 2.2 1.6
2.4 1.42 2.28 1.7
2.14 1.28 2.42 1.7
2.42 1.5 2.24 1.74
2.48 1.28 2.34 1.62
2.34 1.36 2.38 1.74
2.42 1.4 2.28 1.68
2.26 1.48 2.34 1.82
2.4 1.48 2.3 1.78
2.56 1.5 2.22 1.72
2.48 1.36 2.5 1.86
2.5 1.54 2.16 1.7
2.32 1.3 2.5 1.8
2.58 1.48 2.2 1.68
2.3 1.28 2.34 1.62
2.3 1.42 2.4 1.82
2.26 1.3 2.5 1.8
2.46 1.5 2.3 1.8
2.46 1.44 2.32 1.76
2.44 1.48 2.14 1.62
2.42 1.6 2.16 1.76
2.36 1.42 2.28 1.7
2.54 1.5 2.24 1.74
2.52 1.56 2.14 1.7
2.3 1.34 2.36 1.7
2.48 1.42 2.3 1.72
2.4 1.24 2.42 1.66
2.18 1.36 2.44 1.8
2.38 1.46 2.38 1.84
2.46 1.36 2.36 1.72
2.46 1.52 2.26 1.78
2.28 1.38 2.28 1.66
2.42 1.5 2.24 1.74
2.42 1.4 2.3 1.7
2.42 1.38 2.28 1.66
2.52 1.54 2.1 1.64
2.32 1.4 2.34 1.74
2.12 1.24 2.46 1.7
2.48 1.42 2.4 1.82
2.36 1.26 2.42 1.68
2.42 1.32 2.32 1.64
2.36 1.46 2.26 1.72
2.28 1.44 2.24 1.68
2.42 1.42 2.18 1.6
2.42 1.3 2.5 1.8
2.42 1.42 2.36 1.78
2.4 1.44 2.24 1.68
2.38 1.66 2.16 1.82
2.54 1.66 2.1 1.76
2.36 1.6 2.18 1.78
2.38 1.38 2.42 1.8
2.48 1.4 2.26 1.66
2.4 1.42 2.36 1.78
2.24 1.2 2.46 1.66
2.62 1.56 2.08 1.64
2.4 1.36 2.4 1.76
2.58 1.6 2.14 1.74
2.52 1.52 2.26 1.78
2.32 1.32 2.38 1.7
2.34 1.42 2.36 1.78
2.48 1.58 2.22 1.8
2.44 1.52 2.22 1.74
2.44 1.4 2.32 1.72
2.38 1.38 2.18 1.56
2.7 1.62 2.12 1.74
2.34 1.42 2.28 1.7
2.34 1.36 2.38 1.74
2.22 1.28 2.48 1.76
2.6 1.58 2.18 1.76
2.5 1.52 2.28 1.8
2.58 1.34 2.36 1.7
2.44 1.66 2.14 1.8
2.54 1.56 2.22 1.78
2.54 1.7 2.18 1.88
2.34 1.32 2.38 1.7
2.44 1.42 2.22 1.64
2.46 1.48 2.2 1.68
2.58 1.5 2.22 1.72
2.34 1.44 2.32 1.76
2.3 1.3 2.42 1.72
2.42 1.52 2.24 1.76
2.46 1.54 2.2 1.74
2.64 1.48 2.14 1.62
2.54 1.44 2.22 1.66
2.62 1.46 2.28 1.74
2.28 1.36 2.48 1.84
2.44 1.4 2.24 1.64
2.44 1.58 2.24 1.82
2.58 1.54 2.12 1.66
2.2 1.4 2.46 1.86
2.42 1.42 2.32 1.74
2.44 1.38 2.34 1.72
2.34 1.46 2.28 1.74
2.64 1.54 2.24 1.78
2.4 1.56 2.26 1.82
2.48 1.36 2.42 1.78
2.42 1.56 2.2 1.76
2.5 1.54 2.12 1.66
2.52 1.58 2.16 1.74
2.28 1.54 2.3 1.84
2.42 1.3 2.42 1.72
2.52 1.56 2.24 1.8
2.48 1.38 2.32 1.7
2.24 1.42 2.28 1.7
2.4 1.48 2.34 1.82
2.44 1.4 2.26 1.66
2.36 1.34 2.46 1.8
2.48 1.3 2.28 1.58
2.46 1.36 2.34 1.7
2.46 1.56 2.16 1.72
2.22 1.44 2.3 1.74
2.42 1.4 2.26 1.66
2.46 1.4 2.32 1.72
2.22 1.32 2.38 1.7
2.34 1.32 2.34 1.66
2.46 1.44 2.24 1.68
2.42 1.54 2.2 1.74
2.34 1.52 2.3 1.82
2.28 1.26 2.38 1.64
2.58 1.54 2.16 1.7
2.42 1.5 2.22 1.72
2.36 1.66 2.14 1.8
2.5 1.58 2.18 1.76
2.4 1.26 2.4 1.66
2.44 1.34 2.36 1.7
2.34 1.44 2.34 1.78
2.36 1.52 2.18 1.7
2.42 1.48 2.12 1.6
2.52 1.5 2.14 1.64
2.48 1.38 2.28 1.66
2.48 1.48 2.26 1.74
2.28 1.38 2.36 1.74
2.5 1.52 2.16 1.68
2.44 1.56 2.16 1.72
2.54 1.24 2.46 1.7
2.28 1.52 2.22 1.74
2.36 1.56 2.22 1.78
2.42 1.36 2.4 1.76
2.34 1.36 2.34 1.7
2.4 1.24 2.42 1.66
2.54 1.5 2.24 1.74
2.34 1.36 2.24 1.6
2.38 1.46 2.24 1.7
2.46 1.48 2.24 1.72
2.28 1.42 2.22 1.64
2.5 1.48 2.26 1.74
2.26 1.48 2.38 1.86
2.62 1.44 2.34 1.78
2.54 1.42 2.28 1.7
2.32 1.32 2.44 1.76
2.28 1.3 2.38 1.68
2.24 1.32 2.34 1.66
2.34 1.4 2.3 1.7
2.36 1.34 2.36 1.7
2.44 1.48 2.26 1.74
2.44 1.42 2.3 1.72
2.48 1.48 2.22 1.7
2.4 1.3 2.34 1.64
2.5 1.44 2.16 1.6
2.42 1.52 2.26 1.78
2.54 1.4 2.32 1.72
2.46 1.26 2.42 1.68
2.48 1.38 2.3 1.68
2.34 1.48 2.22 1.7
2.54 1.52 2.24 1.76
2.6 1.46 2.28 1.74
2.38 1.36 2.28 1.64
2.48 1.54 2.06 1.6
2.3 1.36 2.4 1.76
2.5 1.44 2.36 1.8
2.22 1.34 2.36 1.7
2.36 1.28 2.38 1.66
2.42 1.4 2.28 1.68
2.38 1.24 2.32 1.56
2.4 1.44 2.22 1.66
2.36 1.64 2.08 1.72
2.48 1.5 2.18 1.68
2.38 1.4 2.32 1.72
2.6 1.46 2.26 1.72
2.3 1.44 2.24 1.68
2.34 1.42 2.34 1.76
2.5 1.48 2.2 1.68
2.36 1.22 2.44 1.66
2.48 1.44 2.4 1.84
2.52 1.44 2.38 1.82
2.52 1.42 2.28 1.7
2.66 1.54 2.28 1.82
2.4 1.32 2.42 1.74
2.4 1.44 2.28 1.72
2.22 1.42 2.36 1.78
2.34 1.22 2.46 1.68
2.32 1.36 2.32 1.68
2.36 1.54 2.24 1.78
2.38 1.34 2.44 1.78
2.5 1.5 2.16 1.66
2.54 1.4 2.3 1.7
2.46 1.44 2.26 1.7
2.46 1.36 2.36 1.72
2.5 1.52 2.22 1.74
2.62 1.52 2.2 1.72
2.46 1.42 2.2 1.62
2.26 1.3 2.34 1.64
2.48 1.36 2.36 1.72
2.36 1.38 2.3 1.68
2.46 1.28 2.44 1.72
2.52 1.5 2.32 1.82
2.42 1.5 2.26 1.76
2.6 1.54 2.2 1.74
2.5 1.46 2.2 1.66
2.5 1.66 2.18 1.84
2.46 1.46 2.4 1.86
2.26 1.44 2.3 1.74
2.54 1.32 2.36 1.68
2.24 1.22 2.38 1.6
2.38 1.5 2.32 1.82
2.4 1.58 2.18 1.76
2.4 1.38 2.34 1.72
2.52 1.34 2.34 1.68
2.44 1.26 2.4 1.66
2.42 1.64 2.12 1.76
2.54 1.54 2.14 1.68
2.56 1.6 2.2 1.8
2.52 1.4 2.34 1.74
2.36 1.48 2.3 1.78
2.68 1.5 2.28 1.78
2.32 1.24 2.54 1.78
2.4 1.48 2.24 1.72
2.44 1.44 2.26 1.7
2.34 1.5 2.22 1.72
2.4 1.32 2.42 1.74
2.52 1.32 2.34 1.66
2.4 1.36 2.36 1.72
2.5 1.54 2.16 1.7
2.46 1.36 2.3 1.66
2.54 1.52 2.26 1.78
2.28 1.42 2.38 1.8
2.46 1.54 2.32 1.86
2.42 1.56 2.2 1.76
2.66 1.36 2.36 1.72
2.54 1.64 2.18 1.82
2.54 1.44 2.26 1.7
2.42 1.54 2.26 1.8
2.36 1.26 2.4 1.66
2.66 1.72 1.94 1.66
2.34 1.36 2.28 1.64
2.52 1.56 2.14 1.7
2.46 1.64 2.18 1.82
2.6 1.54 2.16 1.7
2.44 1.42 2.32 1.74
2.3 1.54 2.22 1.76
2.5 1.42 2.18 1.6
2.2 1.3 2.48 1.78
2.4 1.32 2.38 1.7
2.54 1.54 2.24 1.78
2.46 1.34 2.36 1.7
2.38 1.44 2.28 1.72
2.42 1.42 2.24 1.66
2.38 1.64 2.1 1.74
2.38 1.4 2.38 1.78
2.4 1.46 2.28 1.74
2.56 1.58 2.18 1.76
2.44 1.4 2.28 1.68
2.4 1.4 2.26 1.66
2.46 1.34 2.44 1.78
2.5 1.34 2.34 1.68
2.4 1.64 2.12 1.76
2.5 1.3 2.36 1.66
2.54 1.4 2.28 1.68
2.36 1.38 2.38 1.76
2.4 1.44 2.3 1.74
2.42 1.32 2.4 1.72
2.56 1.38 2.34 1.72
2.6 1.56 2.1 1.66
2.52 1.34 2.36 1.7
2.38 1.34 2.34 1.68
2.32 1.4 2.26 1.66
2.22 1.38 2.38 1.76
2.28 1.36 2.32 1.68
2.44 1.32 2.3 1.62
2.5 1.54 2.16 1.7
2.48 1.5 2.34 1.84
2.4 1.38 2.28 1.66
2.42 1.6 2.16 1.76
2.62 1.6 2.2 1.8
2.44 1.46 2.22 1.68
2.36 1.38 2.32 1.7
2.32 1.32 2.4 1.72
2.52 1.6 2.08 1.68
2.38 1.3 2.36 1.66
2.46 1.46 2.26 1.72
2.3 1.24 2.42 1.66
2.48 1.34 2.34 1.68
2.42 1.42 2.28 1.7
2.42 1.5 2.18 1.68
2.34 1.22 2.34 1.56
2.6 1.42 2.2 1.62
2.3 1.24 2.38 1.62
2.44 1.36 2.36 1.72
2.42 1.4 2.32 1.72
2.26 1.38 2.4 1.78
2.44 1.32 2.24 1.56
2.48 1.56 2.2 1.76
2.56 1.6 2.08 1.68
2.6 1.52 2.14 1.66
2.7 1.46 2.2 1.66
2.52 1.4 2.32 1.72
2.34 1.52 2.3 1.82
2.56 1.52 2.16 1.68
2.34 1.48 2.22 1.7
2.56 1.36 2.3 1.66
2.2 1.42 2.42 1.84
2.34 1.38 2.34 1.72
2.46 1.54 2.2 1.74
2.44 1.42 2.3 1.72
2.36 1.36 2.44 1.8
2.5 1.5 2.2 1.7
2.3 1.32 2.26 1.58
2.18 1.4 2.28 1.68
2.32 1.56 2.3 1.86
2.5 1.32 2.42 1.74
2.46 1.6 2.16 1.76
2.44 1.66 2.14 1.8
2.5 1.38 2.28 1.66
2.36 1.4 2.34 1.74
2.52 1.56 2.28 1.84
2.48 1.52 2.24 1.76
2.46 1.3 2.34 1.64
2.48 1.3 2.4 1.7
2.38 1.42 2.26 1.68
2.38 1.42 2.36 1.78
2.5 1.5 2.26 1.76
2.46 1.48 2.16 1.64
2.26 1.34 2.38 1.72
2.5 1.48 2.32 1.8
2.62 1.58 2.18 1.76
2.42 1.42 2.32 1.74
2.4 1.46 2.28 1.74
2.36 1.3 2.36 1.66
2.46 1.42 2.34 1.76
2.42 1.4 2.24 1.64
2.54 1.52 2.18 1.7
2.7 1.6 2.18 1.78
2.72 1.66 2.0 1.66
2.6 1.36 2.32 1.68
2.52 1.38 2.26 1.64
2.4 1.4 2.34 1.74
2.46 1.36 2.4 1.76
2.48 1.4 2.24 1.64
2.46 1.46 2.24 1.7
2.52 1.54 2.2 1.74
2.28 1.34 2.24 1.58
2.44 1.4 2.3 1.7
2.36 1.34 2.32 1.66
2.32 1.28 2.42 1.7
2.36 1.46 2.3 1.76
2.6 1.28 2.42 1.7
2.28 1.14 2.56 1.7
2.52 1.32 2.48 1.8
2.5 1.62 2.1 1.72
2.22 1.34 2.42 1.76
2.28 1.22 2.44 1.66
2.28 1.32 2.36 1.68
2.44 1.46 2.34 1.8
2.34 1.38 2.3 1.68
2.56 1.46 2.22 1.68
2.5 1.36 2.26 1.62
2.4 1.38 2.3 1.68
2.56 1.5 2.18 1.68
2.48 1.46 2.26 1.72
2.3 1.54 2.2 1.74
2.46 1.48 2.28 1.76
2.5 1.6 2.22 1.82
2.44 1.32 2.38 1.7
2.56 1.58 2.18 1.76
2.38 1.32 2.42 1.74
2.36 1.48 2.28 1.76
2.46 1.4 2.3 1.7
2.34 1.38 2.36 1.74
2.52 1.62 2.1 1.72
2.26 1.34 2.36 1.7
2.32 1.4 2.32 1.72
2.32 1.22 2.4 1.62
2.4 1.46 2.28 1.74
2.5 1.42 2.3 1.72
2.38 1.26 2.36 1.62
2.46 1.44 2.26 1.7
2.34 1.4 2.28 1.68
2.58 1.56 2.3 1.86
2.26 1.42 2.3 1.72
2.36 1.3 2.4 1.7
2.4 1.4 2.36 1.76
2.3 1.24 2.46 1.7
2.58 1.5 2.28 1.78
2.34 1.42 2.24 1.66
2.22 1.34 2.38 1.72
2.38 1.18 2.46 1.64
2.22 1.24 2.42 1.66
2.54 1.44 2.26 1.7
2.32 1.44 2.38 1.82
2.36 1.52 2.3 1.82
2.36 1.48 2.28 1.76
2.32 1.38 2.36 1.74
2.3 1.5 2.32 1.82
2.4 1.56 2.22 1.78
2.54 1.58 2.1 1.68
2.48 1.48 2.24 1.72
2.28 1.44 2.24 1.68
2.52 1.4 2.26 1.66
2.38 1.44 2.24 1.68
2.28 1.24 2.42 1.66
2.4 1.42 2.3 1.72
2.44 1.42 2.24 1.66
2.48 1.56 2.08 1.64
2.54 1.5 2.12 1.62
2.52 1.62 2.12 1.74
2.66 1.58 2.18 1.76
2.46 1.46 2.28 1.74
2.46 1.32 2.32 1.64
2.4 1.42 2.3 1.72
2.48 1.52 2.24 1.76
2.38 1.36 2.34 1.7
2.52 1.32 2.4 1.72
2.56 1.44 2.3 1.74
2.24 1.32 2.5 1.82
2.3 1.52 2.26 1.78
2.46 1.48 2.22 1.7
2.4 1.46 2.3 1.76
2.28 1.5 2.3 1.8
2.5 1.56 2.08 1.64
2.42 1.38 2.42 1.8
2.48 1.44 2.3 1.74
2.52 1.64 2.08 1.72
2.46 1.38 2.26 1.64
2.26 1.34 2.36 1.7
2.38 1.64 2.14 1.78
2.6 1.4 2.24 1.64
2.62 1.58 2.24 1.82
2.44 1.5 2.2 1.7
2.3 1.44 2.28 1.72
2.48 1.46 2.28 1.74
2.52 1.5 2.2 1.7
2.3 1.28 2.44 1.72
2.4 1.42 2.32 1.74
2.32 1.38 2.4 1.78
2.5 1.44 2.26 1.7
2.36 1.32 2.4 1.72
2.22 1.28 2.42 1.7
2.32 1.44 2.36 1.8
2.26 1.4 2.36 1.76
2.42 1.38 2.32 1.7
2.5 1.7 2.06 1.76
2.4 1.46 2.3 1.76
2.58 1.54 2.18 1.72
2.4 1.56 2.14 1.7
2.26 1.4 2.38 1.78
2.68 1.56 2.14 1.7
2.46 1.3 2.42 1.72
2.44 1.44 2.34 1.78
2.48 1.48 2.32 1.8
2.3 1.46 2.32 1.78
2.42 1.52 2.16 1.68
2.32 1.48 2.14 1.62
2.36 1.46 2.22 1.68
2.38 1.46 2.32 1.78
2.38 1.38 2.4 1.78
2.3 1.24 2.44 1.68
2.46 1.44 2.28 1.72
2.56 1.44 2.22 1.66
2.5 1.38 2.32 1.7
2.46 1.42 2.28 1.7
2.48 1.44 2.28 1.72
2.36 1.44 2.36 1.8
2.32 1.4 2.4 1.8
2.46 1.54 2.16 1.7
2.46 1.5 2.2 1.7
2.44 1.62 2.26 1.88
2.54 1.54 2.2 1.74
2.5 1.56 2.24 1.8
2.42 1.46 2.28 1.74
2.52 1.38 2.3 1.68
2.52 1.38 2.3 1.68
2.46 1.46 2.32 1.78
2.44 1.44 2.3 1.74
2.66 1.64 2.12 1.76
2.6 1.7 2.06 1.76
2.32 1.38 2.36 1.74
2.48 1.46 2.26 1.72
2.38 1.38 2.46 1.84
2.6 1.6 2.12 1.72
2.48 1.6 2.2 1.8
2.48 1.5 2.24 1.74
2.4 1.58 2.24 1.82
2.26 1.28 2.42 1.7
2.62 1.62 2.1 1.72
2.34 1.34 2.32 1.66
2.38 1.5 2.24 1.74
2.2 1.34 2.28 1.62
2.48 1.32 2.4 1.72
2.4 1.52 2.26 1.78
2.4 1.52 2.28 1.8
2.32 1.38 2.32 1.7
2.48 1.46 2.26 1.72
2.68 1.36 2.24 1.6
2.44 1.64 2.14 1.78
2.42 1.34 2.4 1.74
2.44 1.4 2.3 1.7
2.42 1.5 2.26 1.76
2.46 1.46 2.24 1.7
2.34 1.34 2.38 1.72
2.38 1.48 2.32 1.8
2.34 1.36 2.46 1.82
2.4 1.34 2.34 1.68
2.48 1.38 2.28 1.66
2.58 1.44 2.28 1.72
2.38 1.38 2.36 1.74
2.42 1.42 2.34 1.76
2.42 1.4 2.38 1.78
2.14 1.4 2.32 1.72
2.38 1.4 2.28 1.68
2.58 1.44 2.3 1.74
2.54 1.26 2.48 1.74
2.42 1.68 2.0 1.68
2.5 1.44 2.2 1.64
2.52 1.5 2.08 1.58
2.4 1.48 2.32 1.8
2.4 1.38 2.28 1.66
2.32 1.4 2.26 1.66
2.28 1.4 2.32 1.72
2.56 1.46 2.26 1.72
2.46 1.38 2.3 1.68
2.46 1.5 2.18 1.68
2.3 1.22 2.46 1.68
2.52 1.38 2.22 1.6
2.4 1.48 2.22 1.7
2.42 1.54 2.26 1.8
2.34 1.36 2.36 1.72
2.56 1.44 2.16 1.6
2.56 1.46 2.34 1.8
2.42 1.5 2.26 1.76
2.48 1.42 2.36 1.78
2.34 1.44 2.26 1.7
2.28 1.34 2.46 1.8
2.28 1.42 2.24 1.66
2.44 1.38 2.32 1.7
2.48 1.26 2.42 1.68
2.46 1.52 2.16 1.68
2.48 1.52 2.16 1.68
2.24 1.34 2.4 1.74
2.34 1.56 2.24 1.8
2.62 1.64 2.22 1.86
2.56 1.6 2.12 1.72
2.48 1.3 2.28 1.58
2.6 1.44 2.18 1.62
2.48 1.44 2.3 1.74
2.46 1.38 2.34 1.72
2.36 1.32 2.42 1.74
2.3 1.38 2.34 1.72
2.46 1.48 2.24 1.72
2.42 1.38 2.32 1.7
2.5 1.36 2.38 1.74
2.34 1.46 2.38 1.84
2.44 1.46 2.26 1.72
2.54 1.3 2.34 1.64
2.68 1.48 2.14 1.62
2.26 1.24 2.42 1.66
2.4 1.34 2.32 1.66
2.32 1.4 2.28 1.68
2.58 1.46 2.3 1.76
2.3 1.34 2.46 1.8
2.52 1.62 2.06 1.68
2.5 1.46 2.3 1.76
2.52 1.5 2.22 1.72
2.44 1.46 2.22 1.68
2.2 1.32 2.34 1.66
2.36 1.48 2.28 1.76
2.46 1.34 2.36 1.7
2.48 1.5 2.3 1.8
2.36 1.3 2.3 1.6
2.38 1.36 2.34 1.7
2.38 1.52 2.18 1.7
2.08 1.22 2.5 1.72
2.5 1.58 2.1 1.68
2.5 1.6 2.08 1.68
2.48 1.58 2.1 1.68
2.18 1.16 2.56 1.72
2.38 1.36 2.24 1.6
2.44 1.54 2.24 1.78
2.3 1.36 2.26 1.62
2.48 1.54 2.18 1.72
2.5 1.42 2.26 1.68
2.62 1.46 2.26 1.72
2.24 1.36 2.3 1.66
2.54 1.28 2.48 1.76
2.5 1.46 2.34 1.8
2.52 1.52 2.3 1.82
2.32 1.56 2.2 1.76
2.52 1.54 2.14 1.68
2.36 1.38 2.28 1.66
2.18 1.24 2.5 1.74
2.32 1.36 2.34 1.7
2.44 1.5 2.14 1.64
2.4 1.5 2.28 1.78
2.54 1.32 2.28 1.6
2.48 1.44 2.24 1.68
2.34 1.42 2.38 1.8
2.64 1.46 2.16 1.62
2.52 1.5 2.26 1.76
2.28 1.5 2.22 1.72
2.4 1.46 2.3 1.76
2.46 1.44 2.2 1.64
2.6 1.48 2.16 1.64
2.3 1.22 2.46 1.68
2.44 1.32 2.42 1.74
2.42 1.28 2.46 1.74
2.44 1.28 2.42 1.7
2.5 1.52 2.28 1.8
2.32 1.26 2.48 1.74
2.52 1.52 2.22 1.74
2.48 1.42 2.38 1.8
2.56 1.52 2.12 1.64
2.48 1.3 2.4 1.7
2.36 1.46 2.28 1.74
2.4 1.3 2.32 1.62
2.44 1.22 2.46 1.68
2.56 1.4 2.36 1.76
2.22 1.46 2.42 1.88
2.54 1.34 2.18 1.52
2.36 1.28 2.36 1.64
2.46 1.4 2.34 1.74
2.28 1.34 2.36 1.7
2.46 1.6 2.2 1.8
2.46 1.4 2.32 1.72
2.58 1.54 2.14 1.68
2.42 1.4 2.38 1.78
2.42 1.44 2.24 1.68
2.48 1.28 2.28 1.56
2.32 1.36 2.24 1.6
2.4 1.4 2.4 1.8
2.2 1.28 2.42 1.7
2.46 1.38 2.38 1.76
2.26 1.22 2.44 1.66
2.48 1.5 2.26 1.76
2.5 1.5 2.22 1.72
2.46 1.7 2.12 1.82
2.48 1.4 2.16 1.56
2.4 1.3 2.38 1.68
2.52 1.54 2.22 1.76
2.5 1.62 2.12 1.74
2.58 1.38 2.32 1.7
2.34 1.58 2.26 1.84
2.56 1.54 2.2 1.74
2.5 1.5 2.22 1.72
2.46 1.38 2.32 1.7
2.4 1.4 2.22 1.62
2.48 1.48 2.34 1.82
2.6 1.54 2.12 1.66
2.42 1.34 2.52 1.86
2.5 1.34 2.4 1.74
2.48 1.56 2.04 1.6
2.42 1.4 2.32 1.72
2.54 1.4 2.32 1.72
2.4 1.34 2.22 1.56
2.42 1.42 2.36 1.78
2.28 1.16 2.52 1.68
2.48 1.4 2.28 1.68
2.22 1.32 2.46 1.78
2.36 1.34 2.36 1.7
2.48 1.58 2.2 1.78
2.42 1.58 2.18 1.76
2.48 1.44 2.24 1.68
2.3 1.2 2.46 1.66
2.54 1.36 2.32 1.68
2.46 1.4 2.36 1.76
2.52 1.48 2.18 1.66
2.36 1.28 2.38 1.66
2.46 1.58 2.2 1.78
2.4 1.26 2.48 1.74
2.6 1.52 2.18 1.7
2.56 1.52 2.16 1.68
2.26 1.44 2.28 1.72
2.42 1.74 2.1 1.84
2.6 1.34 2.32 1.66
2.28 1.44 2.3 1.74
2.56 1.54 2.26 1.8
2.52 1.44 2.28 1.72
2.62 1.74 2.1 1.84
2.62 1.66 2.1 1.76
2.4 1.38 2.36 1.74
2.46 1.54 2.2 1.74
2.28 1.24 2.34 1.58
2.5 1.58 2.1 1.68
2.48 1.52 2.22 1.74
2.52 1.44 2.2 1.64
2.34 1.48 2.3 1.78
2.5 1.5 2.3 1.8
2.36 1.62 2.18 1.8
2.46 1.4 2.28 1.68
2.34 1.26 2.44 1.7
2.54 1.54 2.2 1.74
2.66 1.56 2.22 1.78
2.74 1.56 2.14 1.7
2.38 1.34 2.32 1.66
2.44 1.38 2.38 1.76
2.5 1.5 2.28 1.78
2.48 1.6 2.12 1.72
2.64 1.74 2.12 1.86
2.42 1.36 2.32 1.68
2.42 1.48 2.26 1.74
2.54 1.44 2.22 1.66
2.32 1.4 2.26 1.66
2.38 1.42 2.4 1.82
2.56 1.44 2.22 1.66
2.58 1.6 2.08 1.68
2.4 1.4 2.4 1.8
2.66 1.54 2.24 1.78
2.44 1.44 2.36 1.8
2.46 1.44 2.3 1.74
2.58 1.44 2.32 1.76
2.44 1.5 2.26 1.76
2.56 1.4 2.2 1.6
2.48 1.52 2.18 1.7
2.48 1.4 2.3 1.7
2.54 1.54 2.32 1.86
2.56 1.42 2.22 1.64
2.42 1.34 2.36 1.7
2.38 1.24 2.46 1.7
2.44 1.46 2.3 1.76
2.6 1.42 2.28 1.7
2.38 1.46 2.3 1.76
2.42 1.44 2.3 1.74
2.32 1.36 2.4 1.76
2.34 1.38 2.32 1.7
2.34 1.38 2.34 1.72
2.52 1.38 2.26 1.64
2.38 1.5 2.3 1.8
2.46 1.38 2.32 1.7
2.32 1.42 2.18 1.6
2.44 1.46 2.16 1.62
2.44 1.56 2.2 1.76
2.64 1.56 2.16 1.72
2.5 1.5 2.16 1.66
2.3 1.28 2.32 1.6
2.38 1.5 2.22 1.72
2.44 1.46 2.26 1.72
2.46 1.42 2.38 1.8
2.36 1.56 2.2 1.76
2.42 1.44 2.2 1.64
2.44 1.34 2.46 1.8
2.5 1.34 2.28 1.62
2.4 1.42 2.38 1.8
2.54 1.5 2.2 1.7
2.62 1.54 2.16 1.7
2.5 1.28 2.3 1.58
2.46 1.46 2.22 1.68
2.36 1.32 2.32 1.64
2.54 1.5 2.28 1.78
2.6 1.4 2.26 1.66
2.5 1.46 2.26 1.72
2.46 1.4 2.24 1.64
2.46 1.42 2.24 1.66
2.54 1.56 2.1 1.66
2.66 1.5 2.22 1.72
2.3 1.32 2.4 1.72
2.44 1.22 2.52 1.74
2.54 1.36 2.34 1.7
2.42 1.36 2.32 1.68
2.38 1.46 2.3 1.76
2.52 1.5 2.2 1.7
2.42 1.32 2.42 1.74
2.48 1.66 2.12 1.78
2.58 1.6 2.08 1.68
2.58 1.56 2.2 1.76
2.34 1.64 2.16 1.8
2.32 1.3 2.46 1.76
2.48 1.52 2.1 1.62
2.42 1.52 2.2 1.72
2.38 1.38 2.28 1.66
2.36 1.4 2.34 1.74
2.44 1.56 2.2 1.76
2.56 1.36 2.34 1.7
2.4 1.4 2.26 1.66
2.46 1.54 2.22 1.76
2.28 1.28 2.44 1.72
2.24 1.3 2.5 1.8
2.42 1.4 2.18 1.58
2.52 1.4 2.28 1.68
2.36 1.32 2.32 1.64
2.42 1.42 2.32 1.74
2.58 1.56 2.16 1.72
2.48 1.56 2.16 1.72
2.54 1.52 2.18 1.7
2.32 1.36 2.34 1.7
2.38 1.36 2.36 1.72
2.36 1.2 2.3 1.5
2.48 1.48 2.24 1.72
2.44 1.38 2.3 1.68
2.48 1.44 2.24 1.68
2.42 1.66 2.08 1.74
2.54 1.62 2.18 1.8
2.56 1.48 2.1 1.58
2.44 1.38 2.38 1.76
2.48 1.48 2.32 1.8
2.58 1.56 2.26 1.82
2.4 1.36 2.34 1.7
2.48 1.42 2.3 1.72
2.52 1.38 2.22 1.6
2.18 1.34 2.48 1.82
2.32 1.42 2.24 1.66
2.36 1.28 2.42 1.7
2.5 1.48 2.16 1.64
2.34 1.34 2.42 1.76
2.6 1.6 2.24 1.84
2.4 1.42 2.24 1.66
2.4 1.4 2.26 1.66
2.3 1.38 2.32 1.7
2.32 1.4 2.32 1.72
2.42 1.28 2.54 1.82
2.52 1.58 2.18 1.76
2.36 1.56 2.14 1.7
2.52 1.5 2.26 1.76
2.4 1.56 2.2 1.76
2.52 1.5 2.26 1.76
2.5 1.48 2.22 1.7
2.36 1.32 2.34 1.66
2.44 1.38 2.3 1.68
2.42 1.42 2.32 1.74
2.4 1.46 2.3 1.76
2.42 1.5 2.28 1.78
2.46 1.54 2.26 1.8
2.2 1.26 2.38 1.64
2.4 1.54 2.14 1.68
2.26 1.44 2.24 1.68
2.52 1.44 2.28 1.72
2.58 1.42 2.2 1.62
2.48 1.38 2.24 1.62
2.34 1.5 2.26 1.76
2.46 1.52 2.2 1.72
2.64 1.6 2.08 1.68
2.5 1.62 2.16 1.78
2.54 1.36 2.32 1.68
2.42 1.52 2.36 1.88
2.42 1.5 2.26 1.76
2.36 1.48 2.26 1.74
2.62 1.52 2.28 1.8
2.36 1.38 2.34 1.72
2.54 1.42 2.28 1.7
2.58 1.52 2.12 1.64
2.4 1.38 2.28 1.66
2.42 1.34 2.3 1.64
2.54 1.48 2.28 1.76
2.52 1.56 2.16 1.72
2.46 1.56 2.2 1.76
2.58 1.3 2.34 1.64
2.4 1.3 2.42 1.72
2.46 1.3 2.36 1.66
2.56 1.4 2.2 1.6
2.3 1.42 2.36 1.78
2.36 1.42 2.26 1.68
2.4 1.28 2.38 1.66
2.48 1.58 2.2 1.78
2.2 1.36 2.44 1.8
2.6 1.3 2.38 1.68
2.36 1.3 2.3 1.6
2.32 1.52 2.24 1.76
2.44 1.34 2.28 1.62
2.5 1.42 2.3 1.72
2.36 1.26 2.44 1.7
2.36 1.46 2.2 1.66
2.38 1.28 2.46 1.74
2.32 1.36 2.36 1.72
2.56 1.4 2.3 1.7
2.52 1.5 2.26 1.76
2.54 1.64 2.12 1.76
2.6 1.5 2.16 1.66
2.42 1.48 2.18 1.66
2.46 1.4 2.32 1.72
2.34 1.3 2.38 1.68
2.58 1.44 2.16 1.6
2.38 1.32 2.32 1.64
2.24 1.48 2.28 1.76
2.4 1.4 2.36 1.76
2.4 1.46 2.22 1.68
2.42 1.5 2.26 1.76
2.32 1.4 2.34 1.74
2.54 1.54 2.24 1.78
2.44 1.44 2.34 1.78
2.46 1.42 2.28 1.7
2.52 1.22 2.42 1.64
2.48 1.4 2.22 1.62
2.54 1.58 2.16 1.74
2.44 1.42 2.24 1.66
2.34 1.18 2.5 1.68
2.6 1.34 2.26 1.6
2.4 1.42 2.4 1.82
2.6 1.6 2.08 1.68
2.4 1.44 2.32 1.76
2.4 1.32 2.32 1.64
2.54 1.42 2.38 1.8
2.4 1.34 2.42 1.76
2.4 1.26 2.4 1.66
2.64 1.44 2.14 1.58
2.58 1.48 2.22 1.7
2.34 1.44 2.28 1.72
2.4 1.44 2.28 1.72
2.3 1.32 2.34 1.66
2.38 1.46 2.18 1.64
2.46 1.46 2.28 1.74
2.4 1.46 2.28 1.74
2.38 1.46 2.32 1.78
2.46 1.48 2.3 1.78
2.5 1.56 2.18 1.74
2.4 1.52 2.18 1.7
2.4 1.28 2.3 1.58
2.42 1.62 2.2 1.82
2.34 1.46 2.24 1.7
2.26 1.34 2.32 1.66
2.52 1.56 2.08 1.64
2.48 1.46 2.32 1.78
2.62 1.36 2.22 1.58
2.48 1.4 2.28 1.68
2.5 1.44 2.28 1.72
2.36 1.44 2.3 1.74
2.46 1.5 2.12 1.62
2.52 1.54 2.22 1.76
2.3 1.54 2.24 1.78
2.56 1.5 2.3 1.8
2.4 1.5 2.24 1.74
2.28 1.34 2.4 1.74
2.42 1.5 2.3 1.8
2.44 1.3 2.3 1.6
2.44 1.44 2.36 1.8
2.5 1.5 2.26 1.76
2.18 1.26 2.38 1.64
2.54 1.56 2.26 1.82
2.28 1.52 2.18 1.7
2.44 1.24 2.36 1.6
2.54 1.4 2.34 1.74
2.48 1.54 2.18 1.72
2.38 1.4 2.26 1.66
2.48 1.22 2.34 1.56
2.62 1.46 2.22 1.68
2.32 1.42 2.38 1.8
2.5 1.36 2.4 1.76
2.54 1.52 2.12 1.64
2.64 1.56 2.2 1.76
2.22 1.44 2.34 1.78
2.26 1.36 2.34 1.7
2.62 1.42 2.28 1.7
2.38 1.62 2.16 1.78
2.44 1.48 2.18 1.66
2.42 1.38 2.26 1.64
2.4 1.3 2.38 1.68
2.36 1.34 2.5 1.84
2.64 1.5 2.28 1.78
2.44 1.32 2.38 1.7
2.52 1.48 2.24 1.72
2.44 1.28 2.4 1.68
2.58 1.48 2.2 1.68
2.4 1.4 2.26 1.66
2.52 1.3 2.42 1.72
2.16 1.2 2.54 1.74
2.46 1.38 2.2 1.58
2.46 1.48 2.24 1.72
2.56 1.38 2.28 1.66
2.46 1.42 2.2 1.62
2.32 1.18 2.46 1.64
2.32 1.32 2.28 1.6
2.48 1.34 2.32 1.66
2.36 1.38 2.4 1.78
2.36 1.46 2.26 1.72
2.38 1.5 2.38 1.88
2.46 1.44 2.16 1.6
2.5 1.44 2.16 1.6
2.4 1.38 2.22 1.6
2.26 1.3 2.44 1.74
2.56 1.34 2.26 1.6
2.26 1.32 2.44 1.76
2.26 1.46 2.26 1.72
2.42 1.42 2.34 1.76
2.44 1.46 2.26 1.72
2.56 1.48 2.24 1.72
2.44 1.4 2.3 1.7
2.58 1.56 2.14 1.7
2.58 1.5 2.22 1.72
2.42 1.44 2.34 1.78
2.56 1.54 2.18 1.72
2.38 1.4 2.36 1.76
2.36 1.34 2.4 1.74
2.4 1.5 2.2 1.7
2.44 1.5 2.3 1.8
2.44 1.46 2.34 1.8
2.42 1.48 2.18 1.66
2.42 1.3 2.44 1.74
2.38 1.5 2.28 1.78
2.44 1.52 2.22 1.74
2.46 1.32 2.44 1.76
2.42 1.38 2.28 1.66
2.32 1.44 2.28 1.72
2.62 1.56 2.1 1.66
2.38 1.38 2.42 1.8
2.48 1.38 2.28 1.66
2.5 1.4 2.32 1.72
2.46 1.5 2.24 1.74
2.4 1.52 2.26 1.78
2.32 1.38 2.4 1.78
2.34 1.54 2.12 1.66
2.42 1.44 2.26 1.7
2.42 1.4 2.28 1.68
2.52 1.26 2.42 1.68
2.3 1.26 2.48 1.74
2.36 1.4 2.4 1.8
2.36 1.42 2.28 1.7
2.38 1.4 2.36 1.76
2.26 1.28 2.34 1.62
2.56 1.52 2.22 1.74
2.38 1.42 2.26 1.68
2.5 1.54 2.22 1.76
2.52 1.48 2.24 1.72
2.5 1.46 2.26 1.72
2.52 1.36 2.22 1.58
2.32 1.28 2.46 1.74
2.34 1.34 2.36 1.7
2.48 1.52 2.26 1.78
2.6 1.36 2.3 1.66
2.4 1.24 2.38 1.62
2.46 1.42 2.32 1.74
2.48 1.4 2.28 1.68
2.54 1.5 2.2 1.7
2.38 1.36 2.4 1.76
2.48 1.52 2.18 1.7
2.64 1.54 2.1 1.64
2.4 1.16 2.54 1.7
2.44 1.56 2.08 1.64
2.48 1.58 2.16 1.74
2.36 1.58 2.14 1.72
2.34 1.28 2.38 1.66
2.48 1.32 2.38 1.7
2.24 1.28 2.44 1.72
2.26 1.32 2.38 1.7
2.52 1.56 2.26 1.82
2.52 1.48 2.24 1.72
2.38 1.44 2.34 1.78
2.46 1.36 2.36 1.72
2.5 1.48 2.22 1.7
2.6 1.62 2.12 1.74
2.54 1.38 2.38 1.76
2.42 1.26 2.4 1.66
2.42 1.48 2.26 1.74
2.38 1.52 2.16 1.68
2.3 1.24 2.4 1.64
2.48 1.64 2.08 1.72
2.3 1.22 2.48 1.7
2.42 1.44 2.36 1.8
2.46 1.46 2.32 1.78
2.3 1.56 2.2 1.76
2.6 1.48 2.22 1.7
2.42 1.46 2.36 1.82
2.4 1.56 2.16 1.72
2.24 1.34 2.34 1.68
2.5 1.58 2.2 1.78
2.5 1.48 2.36 1.84
2.6 1.64 2.12 1.76
2.46 1.32 2.34 1.66
2.44 1.44 2.2 1.64
2.62 1.58 2.12 1.7
2.52 1.52 2.28 1.8
2.5 1.4 2.22 1.62
2.36 1.48 2.26 1.74
2.24 1.44 2.28 1.72
2.48 1.42 2.28 1.7
2.36 1.36 2.44 1.8
2.38 1.42 2.36 1.78
2.54 1.5 2.22 1.72
2.3 1.28 2.44 1.72
2.38 1.38 2.26 1.64
2.24 1.3 2.38 1.68
2.44 1.54 2.12 1.66
2.44 1.56 2.24 1.8
2.4 1.62 2.2 1.82
2.32 1.42 2.32 1.74
2.34 1.48 2.26 1.74
2.46 1.32 2.44 1.76
2.44 1.38 2.4 1.78
2.32 1.52 2.24 1.76
2.48 1.5 2.24 1.74
2.4 1.4 2.36 1.76
2.42 1.48 2.28 1.76
2.34 1.38 2.34 1.72
2.36 1.44 2.3 1.74
2.48 1.38 2.22 1.6
2.36 1.48 2.28 1.76
2.52 1.46 2.16 1.62
2.36 1.34 2.42 1.76
2.48 1.48 2.28 1.76
2.52 1.44 2.32 1.76
2.58 1.7 2.08 1.78
2.42 1.48 2.16 1.64
2.56 1.42 2.38 1.8
2.48 1.48 2.2 1.68
2.44 1.28 2.44 1.72
2.4 1.28 2.46 1.74
2.44 1.48 2.24 1.72
2.38 1.42 2.36 1.78
2.52 1.42 2.26 1.68
2.2 1.4 2.46 1.86
2.38 1.34 2.34 1.68
2.44 1.46 2.36 1.82
2.56 1.36 2.26 1.62
2.38 1.64 2.12 1.76
2.26 1.22 2.38 1.6
2.4 1.42 2.32 1.74
2.38 1.54 2.26 1.8
2.5 1.38 2.38 1.76
2.52 1.46 2.28 1.74
2.38 1.6 2.2 1.8
2.44 1.44 2.24 1.68
2.4 1.44 2.32 1.76
2.4 1.34 2.3 1.64
2.46 1.52 2.28 1.8
2.72 1.86 1.9 1.76
2.48 1.5 2.26 1.76
2.36 1.56 2.28 1.84
2.32 1.38 2.32 1.7
2.4 1.44 2.34 1.78
2.3 1.2 2.5 1.7
2.46 1.52 2.22 1.74
2.3 1.26 2.46 1.72
2.36 1.44 2.32 1.76
2.38 1.34 2.36 1.7
2.38 1.26 2.4 1.66
2.4 1.34 2.32 1.66
2.68 1.58 2.22 1.8
2.28 1.34 2.32 1.66
2.3 1.5 2.32 1.82
2.4 1.4 2.38 1.78
2.46 1.28 2.26 1.54
2.48 1.34 2.4 1.74
2.3 1.32 2.36 1.68
2.52 1.44 2.18 1.62
2.22 1.3 2.4 1.7
2.48 1.3 2.4 1.7
2.52 1.44 2.28 1.72
2.28 1.36 2.42 1.78
2.34 1.46 2.26 1.72
2.56 1.68 2.0 1.68
2.56 1.54 2.22 1.76
2.54 1.4 2.36 1.76
2.38 1.2 2.44 1.64
2.52 1.46 2.3 1.76
2.42 1.46 2.22 1.68
2.42 1.42 2.32 1.74
2.4 1.5 2.24 1.74
2.52 1.46 2.22 1.68
2.44 1.4 2.34 1.74
2.46 1.4 2.28 1.68
2.28 1.32 2.38 1.7
2.34 1.44 2.18 1.62
2.48 1.46 2.28 1.74
2.48 1.32 2.3 1.62
2.38 1.3 2.38 1.68
2.36 1.28 2.32 1.6
2.56 1.52 2.24 1.76
2.5 1.5 2.22 1.72
2.54 1.58 2.18 1.76
2.5 1.38 2.3 1.68
2.38 1.24 2.4 1.64
2.44 1.42 2.28 1.7
2.4 1.42 2.18 1.6
2.32 1.32 2.32 1.64
2.3 1.48 2.16 1.64
2.6 1.58 2.14 1.72
2.52 1.52 2.16 1.68
2.24 1.4 2.38 1.78
2.32 1.42 2.5 1.92
2.28 1.16 2.5 1.66
2.46 1.38 2.34 1.72
2.52 1.72 2.02 1.74
2.58 1.42 2.28 1.7
2.32 1.4 2.32 1.72
2.32 1.42 2.36 1.78
2.18 1.34 2.36 1.7
2.52 1.48 2.28 1.76
2.34 1.6 2.2 1.8
2.5 1.44 2.24 1.68
2.5 1.38 2.22 1.6
2.6 1.42 2.38 1.8
2.38 1.36 2.36 1.72
2.68 1.5 2.16 1.66
2.4 1.54 2.18 1.72
2.42 1.44 2.24 1.68
2.48 1.48 2.3 1.78
2.4 1.24 2.5 1.74
2.42 1.32 2.34 1.66
2.28 1.4 2.24 1.64
2.42 1.36 2.22 1.58
2.36 1.36 2.34 1.7
2.36 1.26 2.4 1.66
2.4 1.68 2.1 1.78
2.4 1.36 2.3 1.66
2.54 1.46 2.14 1.6
2.36 1.36 2.44 1.8
2.42 1.54 2.18 1.72
2.38 1.34 2.34 1.68
2.52 1.68 2.1 1.78
2.32 1.26 2.38 1.64
2.5 1.38 2.28 1.66
2.56 1.52 2.22 1.74
2.28 1.44 2.28 1.72
2.4 1.36 2.36 1.72
2.56 1.36 2.36 1.72
2.48 1.58 2.14 1.72
2.32 1.32 2.38 1.7
2.4 1.32 2.42 1.74
2.5 1.46 2.14 1.6
2.46 1.2 2.46 1.66
2.4 1.32 2.42 1.74
2.54 1.62 2.2 1.82
2.52 1.42 2.22 1.64
2.52 1.44 2.26 1.7
2.48 1.46 2.16 1.62
2.4 1.3 2.32 1.62
2.3 1.4 2.32 1.72
2.34 1.32 2.46 1.78
2.38 1.56 2.16 1.72
2.44 1.5 2.2 1.7
2.48 1.42 2.3 1.72
2.28 1.44 2.28 1.72
2.56 1.3 2.3 1.6
2.34 1.26 2.42 1.68
2.56 1.58 2.2 1.78
2.34 1.44 2.34 1.78
2.44 1.44 2.3 1.74
2.6 1.44 2.3 1.74
2.5 1.36 2.28 1.64
2.4 1.44 2.22 1.66
2.52 1.6 2.14 1.74
2.24 1.32 2.36 1.68
2.46 1.54 2.26 1.8
2.46 1.44 2.36 1.8
2.42 1.26 2.42 1.68
2.58 1.36 2.28 1.64
2.36 1.32 2.36 1.68
2.56 1.5 2.2 1.7
2.48 1.36 2.3 1.66
2.5 1.44 2.2 1.64
2.54 1.3 2.36 1.66
2.32 1.32 2.4 1.72
2.5 1.36 2.18 1.54
2.54 1.64 2.16 1.8
2.5 1.62 2.04 1.66
2.44 1.56 2.12 1.68
2.26 1.2 2.38 1.58
2.4 1.58 2.22 1.8
2.42 1.38 2.24 1.62
2.34 1.46 2.32 1.78
2.46 1.56 2.28 1.84
2.64 1.54 2.16 1.7
2.54 1.52 2.2 1.72
2.36 1.4 2.32 1.72
2.2 1.24 2.48 1.72
2.36 1.46 2.32 1.78
2.44 1.44 2.3 1.74
2.2 1.38 2.38 1.76
2.46 1.22 2.44 1.66
2.28 1.26 2.46 1.72
2.48 1.42 2.36 1.78
2.42 1.38 2.24 1.62
2.36 1.32 2.44 1.76
2.46 1.36 2.42 1.78
2.5 1.46 2.12 1.58
2.44 1.46 2.3 1.76
2.4 1.34 2.34 1.68
2.42 1.54 2.28 1.82
2.18 1.24 2.52 1.76
2.38 1.52 2.22 1.74
2.46 1.3 2.32 1.62
2.54 1.5 2.3 1.8
2.42 1.34 2.32 1.66
2.52 1.5 2.16 1.66
2.34 1.28 2.34 1.62
2.48 1.3 2.4 1.7
2.58 1.64 2.1 1.74
2.5 1.48 2.32 1.8
2.64 1.46 2.18 1.64
2.58 1.46 2.3 1.76
2.42 1.36 2.4 1.76
2.52 1.42 2.32 1.74
2.52 1.42 2.3 1.72
2.56 1.42 2.18 1.6
2.44 1.44 2.34 1.78
2.52 1.28 2.4 1.68
2.54 1.6 2.12 1.72
2.42 1.52 2.16 1.68
2.32 1.36 2.4 1.76
2.5 1.44 2.2 1.64
2.34 1.28 2.4 1.68
2.44 1.32 2.4 1.72
2.58 1.48 2.18 1.66
2.6 1.4 2.32 1.72
2.48 1.5 2.18 1.68
2.36 1.58 2.26 1.84
2.52 1.4 2.34 1.74
2.5 1.44 2.32 1.76
2.62 1.54 2.2 1.74
2.34 1.42 2.26 1.68
2.66 1.5 2.18 1.68
2.4 1.44 2.32 1.76
2.34 1.42 2.24 1.66
2.44 1.34 2.32 1.66
2.54 1.52 2.22 1.74
2.54 1.42 2.34 1.76
2.48 1.34 2.26 1.6
2.4 1.44 2.32 1.76
2.34 1.58 2.2 1.78
2.34 1.42 2.32 1.74
2.44 1.44 2.2 1.64
2.32 1.36 2.34 1.7
2.5 1.44 2.24 1.68
2.36 1.66 2.08 1.74
2.48 1.4 2.26 1.66
2.48 1.34 2.36 1.7
2.36 1.46 2.36 1.82
2.4 1.52 2.22 1.74
2.42 1.6 2.18 1.78
2.48 1.4 2.32 1.72
2.24 1.4 2.32 1.72
2.46 1.44 2.24 1.68
2.3 1.54 2.16 1.7
2.38 1.5 2.22 1.72
2.44 1.24 2.44 1.68
2.28 1.34 2.36 1.7
2.42 1.38 2.38 1.76
2.64 1.64 2.08 1.72
2.38 1.4 2.3 1.7
2.28 1.3 2.52 1.82
2.36 1.34 2.4 1.74
2.5 1.46 2.22 1.68
2.3 1.32 2.4 1.72
2.34 1.46 2.24 1.7
2.34 1.44 2.22 1.66
2.4 1.4 2.32 1.72
2.48 1.38 2.28 1.66
2.42 1.46 2.28 1.74
2.38 1.26 2.3 1.56
2.46 1.56 2.26 1.82
2.44 1.44 2.28 1.72
2.24 1.38 2.34 1.72
2.52 1.42 2.34 1.76
2.36 1.38 2.26 1.64
2.44 1.36 2.32 1.68
2.46 1.26 2.42 1.68
2.28 1.34 2.42 1.76
2.5 1.28 2.38 1.66
2.32 1.32 2.42 1.74
2.46 1.52 2.32 1.84
2.58 1.66 2.12 1.78
2.22 1.32 2.44 1.76
2.66 1.6 2.16 1.76
2.32 1.5 2.22 1.72
2.66 1.56 2.1 1.66
2.46 1.38 2.3 1.68
2.3 1.38 2.28 1.66
2.54 1.72 2.04 1.76
2.4 1.36 2.34 1.7
2.48 1.34 2.46 1.8
2.32 1.48 2.22 1.7
2.36 1.38 2.28 1.66
2.52 1.48 2.18 1.66
2.48 1.46 2.2 1.66
2.3 1.36 2.38 1.74
2.46 1.28 2.48 1.76
2.46 1.44 2.28 1.72
2.26 1.24 2.44 1.68
2.46 1.34 2.42 1.76
2.34 1.6 2.16 1.76
2.4 1.36 2.38 1.74
2.34 1.28 2.46 1.74
2.46 1.4 2.32 1.72
2.36 1.26 2.34 1.6
2.5 1.64 2.12 1.76
2.28 1.38 2.46 1.84
2.48 1.48 2.24 1.72
2.52 1.54 2.22 1.76
2.68 1.48 2.26 1.74
2.32 1.48 2.22 1.7
2.38 1.36 2.38 1.74
2.48 1.5 2.18 1.68
2.3 1.42 2.28 1.7
2.32 1.36 2.28 1.64
2.5 1.46 2.22 1.68
2.52 1.34 2.18 1.52
2.36 1.38 2.32 1.7
2.62 1.58 2.18 1.76
2.44 1.28 2.4 1.68
2.5 1.36 2.42 1.78
2.5 1.4 2.26 1.66
2.3 1.38 2.36 1.74
2.58 1.5 2.16 1.66
2.38 1.34 2.4 1.74
2.28 1.4 2.34 1.74
2.48 1.38 2.38 1.76
2.44 1.4 2.26 1.66
2.28 1.24 2.5 1.74
2.2 1.5 2.2 1.7
2.44 1.52 2.32 1.84
2.36 1.54 2.26 1.8
2.54 1.46 2.28 1.74
2.5 1.48 2.26 1.74
2.38 1.28 2.46 1.74
2.38 1.54 2.24 1.78
2.26 1.4 2.34 1.74
2.48 1.44 2.18 1.62
2.54 1.5 2.22 1.72
2.3 1.46 2.44 1.9
2.26 1.42 2.36 1.78
2.48 1.36 2.44 1.8
2.34 1.32 2.32 1.64
2.54 1.54 2.24 1.78
2.54 1.56 2.2 1.76
2.44 1.46 2.26 1.72
2.46 1.46 2.18 1.64
2.32 1.44 2.32 1.76
2.44 1.48 2.32 1.8
2.46 1.28 2.38 1.66
2.42 1.52 2.16 1.68
2.5 1.44 2.3 1.74
2.18 1.32 2.42 1.74
2.36 1.38 2.38 1.76
2.34 1.42 2.34 1.76
2.38 1.38 2.32 1.7
2.46 1.28 2.34 1.62
2.48 1.46 2.24 1.7
2.46 1.4 2.32 1.72
2.42 1.54 2.24 1.78
2.72 1.54 2.14 1.68
2.46 1.5 2.26 1.76
2.5 1.44 2.26 1.7
2.54 1.3 2.24 1.54
2.42 1.52 2.28 1.8
2.4 1.48 2.3 1.78
2.52 1.64 2.12 1.76
2.62 1.68 2.18 1.86
2.34 1.32 2.34 1.66
2.36 1.48 2.24 1.72
2.34 1.46 2.16 1.62
2.5 1.5 2.22 1.72
2.58 1.44 2.24 1.68
2.56 1.38 2.34 1.72
2.28 1.38 2.32 1.7
2.34 1.3 2.4 1.7
2.46 1.26 2.4 1.66
2.4 1.44 2.34 1.78
2.38 1.6 2.16 1.76
2.42 1.36 2.36 1.72
2.5 1.4 2.2 1.6
2.36 1.42 2.3 1.72
2.38 1.22 2.42 1.64
2.48 1.56 2.18 1.74
2.46 1.46 2.3 1.76
2.46 1.46 2.26 1.72
2.44 1.28 2.46 1.74
2.52 1.48 2.2 1.68
2.44 1.44 2.34 1.78
2.58 1.42 2.34 1.76
2.5 1.32 2.42 1.74
2.42 1.54 2.32 1.86
2.6 1.52 2.2 1.72
2.58 1.58 2.2 1.78
2.46 1.48 2.32 1.8
2.64 1.52 2.16 1.68
2.36 1.54 2.26 1.8
2.48 1.44 2.26 1.7
2.58 1.38 2.24 1.62
2.58 1.44 2.26 1.7
2.44 1.36 2.4 1.76
2.32 1.44 2.28 1.72
2.56 1.44 2.26 1.7
2.62 1.44 2.22 1.66
2.56 1.46 2.36 1.82
2.46 1.34 2.34 1.68
2.36 1.34 2.3 1.64
2.46 1.54 2.28 1.82
2.5 1.28 2.42 1.7
2.56 1.54 2.32 1.86
2.44 1.46 2.3 1.76
2.2 1.22 2.38 1.6
2.46 1.38 2.2 1.58
2.2 1.26 2.52 1.78
2.24 1.44 2.3 1.74
2.48 1.3 2.3 1.6
2.42 1.44 2.26 1.7
2.4 1.5 2.32 1.82
2.52 1.44 2.18 1.62
2.58 1.4 2.3 1.7
2.42 1.42 2.28 1.7
2.34 1.5 2.28 1.78
2.32 1.36 2.36 1.72
2.4 1.24 2.48 1.72
2.32 1.52 2.22 1.74
2.52 1.46 2.3 1.76
2.48 1.48 2.18 1.66
2.52 1.34 2.32 1.66
2.32 1.32 2.36 1.68
2.3 1.5 2.3 1.8
2.46 1.58 2.14 1.72
2.6 1.58 2.18 1.76
2.3 1.5 2.26 1.76
2.34 1.4 2.4 1.8
2.38 1.62 2.2 1.82
2.46 1.52 2.34 1.86
2.24 1.3 2.5 1.8
2.48 1.34 2.34 1.68
2.68 1.64 2.16 1.8
2.48 1.54 2.1 1.64
2.48 1.3 2.34 1.64
2.36 1.48 2.24 1.72
2.44 1.36 2.38 1.74
2.68 1.44 2.32 1.76
2.36 1.34 2.32 1.66
2.34 1.36 2.38 1.74
2.32 1.44 2.32 1.76
2.42 1.5 2.34 1.84
2.32 1.46 2.34 1.8
2.5 1.54 2.26 1.8
2.54 1.5 2.3 1.8
2.6 1.44 2.3 1.74
2.66 1.6 1.98 1.58
2.32 1.16 2.5 1.66
2.52 1.54 2.2 1.74
2.24 1.28 2.44 1.72
2.3 1.34 2.4 1.74
2.54 1.44 2.26 1.7
2.38 1.48 2.22 1.7
2.5 1.26 2.38 1.64
2.46 1.52 2.26 1.78
2.44 1.42 2.28 1.7
2.4 1.4 2.26 1.66
2.42 1.46 2.2 1.66
2.5 1.34 2.28 1.62
2.38 1.48 2.2 1.68
2.4 1.34 2.38 1.72
2.54 1.32 2.34 1.66
2.5 1.34 2.28 1.62
2.34 1.56 2.22 1.78
2.42 1.52 2.18 1.7
2.54 1.52 2.2 1.72
2.48 1.48 2.22 1.7
2.38 1.64 2.06 1.7
2.54 1.48 2.18 1.66
2.48 1.74 2.04 1.78
2.64 1.44 2.24 1.68
2.42 1.28 2.34 1.62
2.6 1.44 2.2 1.64
2.28 1.34 2.36 1.7
2.54 1.28 2.34 1.62
2.48 1.48 2.22 1.7
2.34 1.38 2.4 1.78
2.56 1.62 2.08 1.7
2.52 1.42 2.22 1.64
2.44 1.5 2.2 1.7
2.42 1.38 2.3 1.68
2.46 1.56 2.28 1.84
2.46 1.4 2.28 1.68
2.36 1.46 2.3 1.76
2.44 1.42 2.24 1.66
2.22 1.42 2.24 1.66
2.3 1.3 2.36 1.66
2.52 1.56 2.18 1.74
2.42 1.28 2.38 1.66
2.6 1.54 2.1 1.64
2.58 1.78 2.12 1.9
2.48 1.56 2.14 1.7
2.36 1.38 2.4 1.78
2.66 1.76 2.02 1.78
2.38 1.32 2.42 1.74
2.52 1.62 2.12 1.74
2.48 1.26 2.38 1.64
2.56 1.6 2.18 1.78
2.34 1.48 2.18 1.66
2.6 1.48 2.16 1.64
2.5 1.2 2.42 1.62
2.32 1.32 2.4 1.72
2.52 1.48 2.16 1.64
2.5 1.46 2.26 1.72
2.56 1.5 2.22 1.72
2.4 1.52 2.18 1.7
2.64 1.58 2.14 1.72
2.52 1.32 2.44 1.76
2.64 1.58 2.14 1.72
2.44 1.46 2.3 1.76
2.38 1.3 2.38 1.68
2.62 1.58 2.04 1.62
2.4 1.44 2.24 1.68
2.4 1.32 2.38 1.7
2.38 1.26 2.4 1.66
2.56 1.46 2.26 1.72
2.58 1.46 2.26 1.72
2.18 1.14 2.52 1.66
2.42 1.4 2.32 1.72
2.5 1.48 2.3 1.78
2.2 1.26 2.48 1.74
2.46 1.66 2.1 1.76
2.64 1.68 2.12 1.8
2.28 1.28 2.54 1.82
2.62 1.6 2.14 1.74
2.5 1.46 2.22 1.68
2.36 1.46 2.28 1.74
2.34 1.36 2.36 1.72
2.42 1.42 2.3 1.72
2.34 1.4 2.36 1.76
2.52 1.66 2.02 1.68
2.26 1.34 2.34 1.68
2.34 1.5 2.18 1.68
2.52 1.4 2.26 1.66
2.46 1.58 2.26 1.84
2.48 1.54 2.18 1.72
2.46 1.4 2.2 1.6
2.4 1.4 2.32 1.72
2.32 1.58 2.32 1.9
2.54 1.56 2.18 1.74
2.4 1.4 2.38 1.78
2.36 1.38 2.4 1.78
2.34 1.52 2.22 1.74
2.34 1.4 2.36 1.76
2.48 1.46 2.16 1.62
2.44 1.6 2.14 1.74
2.56 1.5 2.26 1.76
2.24 1.36 2.34 1.7
2.34 1.26 2.34 1.6
2.52 1.54 2.14 1.68
2.32 1.42 2.32 1.74
2.42 1.44 2.28 1.72
2.46 1.52 2.26 1.78
2.5 1.56 2.12 1.68
2.56 1.6 2.12 1.72
2.42 1.44 2.32 1.76
2.38 1.38 2.36 1.74
2.42 1.36 2.36 1.72
2.56 1.5 2.24 1.74
2.52 1.44 2.24 1.68
2.26 1.42 2.3 1.72
2.38 1.44 2.3 1.74
2.62 1.42 2.26 1.68
2.44 1.54 2.12 1.66
2.52 1.34 2.46 1.8
2.52 1.32 2.26 1.58
2.46 1.5 2.2 1.7
2.52 1.4 2.2 1.6
2.44 1.36 2.32 1.68
2.6 1.56 2.22 1.78
2.42 1.42 2.3 1.72
2.56 1.4 2.28 1.68
2.32 1.4 2.26 1.66
2.5 1.48 2.24 1.72
2.42 1.4 2.18 1.58
2.44 1.52 2.22 1.74
2.36 1.46 2.26 1.72
2.2 1.24 2.52 1.76
2.38 1.48 2.26 1.74
2.32 1.24 2.38 1.62
2.42 1.5 2.26 1.76
2.4 1.34 2.36 1.7
2.48 1.54 2.32 1.86
2.38 1.34 2.42 1.76
2.42 1.36 2.4 1.76
2.42 1.4 2.34 1.74
2.28 1.4 2.26 1.66
2.4 1.54 2.12 1.66
2.38 1.44 2.22 1.66
2.4 1.32 2.4 1.72
2.32 1.64 2.16 1.8
2.48 1.36 2.4 1.76
2.34 1.5 2.22 1.72
2.44 1.44 2.28 1.72
2.36 1.36 2.42 1.78
2.5 1.4 2.24 1.64
2.44 1.32 2.36 1.68
2.52 1.4 2.26 1.66
2.56 1.5 2.24 1.74
2.36 1.34 2.34 1.68
2.5 1.52 2.16 1.68
2.44 1.34 2.34 1.68
2.46 1.46 2.22 1.68
2.48 1.54 2.18 1.72
2.46 1.34 2.38 1.72
2.46 1.44 2.28 1.72
2.52 1.52 2.1 1.62
2.3 1.32 2.36 1.68
2.34 1.42 2.24 1.66
2.5 1.38 2.24 1.62
2.42 1.4 2.3 1.7
2.34 1.34 2.42 1.76
2.44 1.48 2.2 1.68
2.34 1.32 2.36 1.68
2.36 1.38 2.36 1.74
2.3 1.4 2.38 1.78
2.38 1.34 2.24 1.58
2.34 1.4 2.26 1.66
2.48 1.6 2.18 1.78
2.54 1.5 2.18 1.68
2.34 1.42 2.24 1.66
2.46 1.42 2.12 1.54
2.32 1.48 2.3 1.78
2.42 1.42 2.24 1.66
2.52 1.52 2.12 1.64
2.62 1.6 2.1 1.7
2.38 1.34 2.34 1.68
2.54 1.42 2.22 1.64
2.28 1.22 2.38 1.6
2.54 1.48 2.22 1.7
2.44 1.24 2.32 1.56
2.6 1.56 2.22 1.78
2.6 1.54 2.14 1.68
2.4 1.32 2.38 1.7
2.48 1.42 2.3 1.72
2.28 1.38 2.38 1.76
2.5 1.6 2.18 1.78
2.34 1.5 2.3 1.8
2.44 1.4 2.26 1.66
2.58 1.64 2.04 1.68
2.32 1.26 2.4 1.66
2.38 1.42 2.3 1.72
2.26 1.4 2.34 1.74
2.22 1.4 2.3 1.7
2.6 1.5 2.24 1.74
2.5 1.62 2.16 1.78
2.66 1.54 2.18 1.72
2.48 1.38 2.3 1.68
2.34 1.46 2.28 1.74
2.24 1.58 2.18 1.76
2.44 1.54 2.2 1.74
2.36 1.34 2.34 1.68
2.44 1.58 2.16 1.74
2.42 1.44 2.3 1.74
2.44 1.34 2.34 1.68
2.26 1.44 2.38 1.82
2.42 1.44 2.26 1.7
2.48 1.52 2.2 1.72
2.48 1.48 2.26 1.74
2.38 1.52 2.16 1.68
2.42 1.54 2.12 1.66
2.42 1.4 2.34 1.74
2.16 1.22 2.5 1.72
2.36 1.42 2.3 1.72
2.24 1.36 2.46 1.82
2.44 1.6 2.24 1.84
2.46 1.46 2.3 1.76
2.46 1.56 2.26 1.82
2.2 1.26 2.5 1.76
2.38 1.24 2.5 1.74
2.56 1.3 2.3 1.6
2.28 1.38 2.24 1.62
2.48 1.4 2.26 1.66
2.44 1.52 2.2 1.72
2.22 1.32 2.38 1.7
2.4 1.44 2.32 1.76
2.6 1.52 2.24 1.76
2.44 1.5 2.28 1.78
2.46 1.36 2.22 1.58
2.42 1.42 2.3 1.72
2.4 1.5 2.26 1.76
2.48 1.42 2.38 1.8
2.32 1.44 2.38 1.82
2.26 1.32 2.44 1.76
2.18 1.16 2.5 1.66
2.42 1.52 2.24 1.76
2.44 1.46 2.3 1.76
2.36 1.44 2.26 1.7
2.48 1.32 2.42 1.74
2.52 1.52 2.22 1.74
2.56 1.66 2.08 1.74
2.4 1.48 2.24 1.72
2.58 1.5 2.24 1.74
2.5 1.34 2.38 1.72
2.38 1.4 2.38 1.78
2.36 1.32 2.32 1.64
2.46 1.42 2.38 1.8
2.46 1.46 2.28 1.74
2.44 1.5 2.18 1.68
2.32 1.52 2.24 1.76
2.48 1.44 2.32 1.76
2.32 1.42 2.34 1.76
2.56 1.46 2.22 1.68
2.5 1.46 2.2 1.66
2.64 1.68 2.12 1.8
2.36 1.42 2.32 1.74
2.28 1.4 2.3 1.7
2.32 1.48 2.2 1.68
2.28 1.38 2.34 1.72
2.44 1.4 2.34 1.74
2.58 1.48 2.3 1.78
2.32 1.44 2.28 1.72
2.56 1.48 2.2 1.68
2.3 1.52 2.34 1.86
2.46 1.4 2.42 1.82
2.3 1.48 2.38 1.86
2.38 1.34 2.3 1.64
2.44 1.52 2.16 1.68
2.46 1.48 2.18 1.66
2.38 1.34 2.26 1.6
2.52 1.44 2.34 1.78
2.58 1.44 2.24 1.68
2.22 1.28 2.38 1.66
2.38 1.44 2.32 1.76
2.46 1.5 2.26 1.76
2.16 1.34 2.48 1.82
2.22 1.14 2.5 1.64
2.62 1.44 2.24 1.68
2.38 1.34 2.44 1.78
2.52 1.6 2.18 1.78
2.46 1.28 2.36 1.64
2.52 1.54 2.22 1.76
2.24 1.34 2.46 1.8
2.26 1.2 2.56 1.76
2.52 1.52 2.26 1.78
2.54 1.56 2.16 1.72
2.36 1.58 2.2 1.78
2.38 1.4 2.26 1.66
2.36 1.34 2.3 1.64
2.3 1.42 2.34 1.76
2.64 1.44 2.3 1.74
2.58 1.52 2.3 1.82
2.4 1.3 2.42 1.72
2.42 1.34 2.44 1.78
2.56 1.44 2.2 1.64
2.4 1.26 2.44 1.7
2.58 1.52 2.22 1.74
2.34 1.38 2.34 1.72
2.42 1.4 2.28 1.68
2.46 1.24 2.42 1.66
2.48 1.54 2.22 1.76
2.48 1.4 2.28 1.68
2.26 1.44 2.4 1.84
2.5 1.58 2.18 1.76
2.4 1.36 2.3 1.66
2.36 1.32 2.36 1.68
2.42 1.54 2.18 1.72
2.44 1.5 2.24 1.74
2.54 1.5 2.18 1.68
2.02 1.34 2.44 1.78
2.26 1.46 2.32 1.78
2.38 1.44 2.26 1.7
2.34 1.42 2.3 1.72
2.38 1.46 2.36 1.82
2.4 1.46 2.18 1.64
2.38 1.52 2.24 1.76
2.36 1.22 2.5 1.72
2.48 1.44 2.16 1.6
2.46 1.58 2.18 1.76
2.28 1.46 2.36 1.82
2.5 1.48 2.26 1.74
2.64 1.58 2.2 1.78
2.3 1.28 2.44 1.72
2.46 1.4 2.26 1.66
2.5 1.64 2.16 1.8
2.4 1.38 2.32 1.7
2.62 1.7 2.14 1.84
2.46 1.52 2.08 1.6
2.36 1.36 2.28 1.64
2.32 1.36 2.32 1.68
2.32 1.48 2.3 1.78
2.46 1.44 2.26 1.7
2.42 1.36 2.32 1.68
2.58 1.46 2.16 1.62
2.48 1.38 2.32 1.7
2.4 1.5 2.24 1.74
2.38 1.44 2.26 1.7
2.62 1.48 2.2 1.68
2.38 1.38 2.24 1.62
2.52 1.4 2.38 1.78
2.36 1.32 2.32 1.64
2.44 1.52 2.24 1.76
2.46 1.58 2.14 1.72
2.24 1.24 2.32 1.56
2.64 1.56 2.16 1.72
2.5 1.58 2.2 1.78
2.48 1.36 2.34 1.7
2.52 1.38 2.28 1.66
2.36 1.44 2.32 1.76
2.34 1.24 2.52 1.76
2.52 1.36 2.26 1.62
2.46 1.34 2.3 1.64
2.4 1.46 2.34 1.8
2.6 1.46 2.22 1.68
2.56 1.68 2.06 1.74
2.6 1.62 2.0 1.62
2.52 1.52 2.18 1.7
2.5 1.38 2.26 1.64
2.36 1.32 2.32 1.64
2.28 1.28 2.52 1.8
2.4 1.38 2.24 1.62
2.54 1.56 2.14 1.7
2.28 1.32 2.3 1.62
2.7 1.5 2.14 1.64
2.18 1.18 2.62 1.8
2.36 1.34 2.34 1.68
2.44 1.48 2.18 1.66
2.3 1.42 2.22 1.64
2.26 1.54 2.26 1.8
2.52 1.36 2.3 1.66
2.5 1.46 2.26 1.72
2.58 1.46 2.32 1.78
2.64 1.38 2.1 1.48
2.38 1.18 2.42 1.6
2.38 1.4 2.34 1.74
2.38 1.42 2.22 1.64
2.42 1.42 2.28 1.7
2.38 1.5 2.32 1.82
2.58 1.72 2.08 1.8
2.52 1.46 2.22 1.68
2.4 1.54 2.18 1.72
2.54 1.58 2.18 1.76
2.3 1.26 2.44 1.7
2.44 1.48 2.36 1.84
2.48 1.46 2.24 1.7
2.56 1.5 2.2 1.7
2.34 1.3 2.38 1.68
2.4 1.26 2.44 1.7
2.54 1.48 2.38 1.86
2.32 1.44 2.34 1.78
2.44 1.38 2.32 1.7
2.34 1.5 2.22 1.72
2.36 1.32 2.28 1.6
2.46 1.38 2.3 1.68
2.46 1.48 2.3 1.78
2.5 1.5 2.16 1.66
2.52 1.46 2.22 1.68
2.38 1.36 2.34 1.7
2.42 1.42 2.24 1.66
2.56 1.64 2.12 1.76
2.34 1.36 2.32 1.68
2.52 1.56 2.26 1.82
2.5 1.36 2.36 1.72
2.54 1.58 2.14 1.72
2.26 1.36 2.34 1.7
2.54 1.66 2.08 1.74
2.52 1.5 2.24 1.74
2.5 1.58 2.1 1.68
2.44 1.32 2.38 1.7
2.64 1.46 2.22 1.68
2.42 1.4 2.3 1.7
2.4 1.56 2.06 1.62
2.46 1.52 2.18 1.7
2.62 1.48 2.12 1.6
2.54 1.46 2.18 1.64
2.38 1.5 2.22 1.72
2.54 1.46 2.28 1.74
2.4 1.64 2.12 1.76
2.32 1.54 2.28 1.82
2.48 1.52 2.14 1.66
2.44 1.4 2.32 1.72
2.68 1.52 2.28 1.8
2.58 1.56 2.18 1.74
2.48 1.5 2.24 1.74
2.46 1.36 2.24 1.6
2.26 1.34 2.44 1.78
2.38 1.5 2.22 1.72
2.38 1.42 2.24 1.66
2.6 1.52 2.18 1.7
2.32 1.28 2.46 1.74
2.48 1.26 2.56 1.82
2.52 1.58 2.22 1.8
2.54 1.44 2.2 1.64
2.44 1.4 2.44 1.84
2.38 1.3 2.4 1.7
2.52 1.44 2.28 1.72
2.26 1.28 2.4 1.68
2.7 1.56 2.12 1.68
2.54 1.52 2.14 1.66
2.6 1.46 2.2 1.66
2.5 1.42 2.24 1.66
2.52 1.64 2.2 1.84
2.4 1.34 2.34 1.68
2.44 1.46 2.26 1.72
2.48 1.46 2.16 1.62
2.44 1.38 2.36 1.74
2.62 1.6 2.12 1.72
2.46 1.42 2.26 1.68
2.62 1.48 2.24 1.72
2.36 1.58 2.16 1.74
2.56 1.48 2.1 1.58
2.54 1.42 2.38 1.8
2.46 1.58 2.2 1.78
2.26 1.24 2.32 1.56
2.56 1.3 2.28 1.58
2.5 1.62 2.12 1.74
2.4 1.28 2.4 1.68
2.44 1.4 2.32 1.72
2.52 1.56 2.2 1.76
2.36 1.5 2.24 1.74
2.4 1.38 2.34 1.72
2.28 1.22 2.4 1.62
2.32 1.22 2.52 1.74
2.52 1.4 2.3 1.7
2.5 1.48 2.16 1.64
2.52 1.44 2.24 1.68
2.36 1.46 2.26 1.72
2.36 1.32 2.36 1.68
2.56 1.4 2.44 1.84
2.58 1.36 2.24 1.6
2.42 1.2 2.44 1.64
2.32 1.38 2.32 1.7
2.34 1.4 2.18 1.58
2.42 1.48 2.32 1.8
2.36 1.28 2.38 1.66
2.48 1.42 2.36 1.78
2.56 1.54 2.16 1.7
2.46 1.38 2.34 1.72
2.22 1.52 2.3 1.82
2.38 1.48 2.3 1.78
2.34 1.38 2.36 1.74
2.34 1.42 2.28 1.7
2.42 1.46 2.2 1.66
2.38 1.38 2.3 1.68
2.52 1.38 2.18 1.56
2.34 1.54 2.22 1.76
2.44 1.36 2.22 1.58
2.58 1.46 2.28 1.74
2.32 1.42 2.28 1.7
2.46 1.4 2.3 1.7
2.54 1.6 2.14 1.74
2.46 1.38 2.28 1.66
2.42 1.44 2.22 1.66
2.5 1.46 2.28 1.74
2.3 1.4 2.28 1.68
2.44 1.44 2.26 1.7
2.36 1.38 2.4 1.78
2.34 1.38 2.34 1.72
2.46 1.54 2.1 1.64
2.46 1.52 2.22 1.74
2.44 1.44 2.4 1.84
2.22 1.38 2.34 1.72
2.46 1.38 2.32 1.7
2.42 1.32 2.38 1.7
2.52 1.4 2.18 1.58
2.48 1.32 2.36 1.68
2.42 1.48 2.14 1.62
2.44 1.4 2.22 1.62
2.44 1.54 2.16 1.7
2.36 1.48 2.28 1.76
2.36 1.5 2.3 1.8
2.44 1.38 2.3 1.68
2.16 1.32 2.42 1.74
2.36 1.38 2.34 1.72
2.34 1.34 2.4 1.74
2.3 1.22 2.36 1.58
2.38 1.48 2.24 1.72
2.54 1.44 2.32 1.76
2.44 1.46 2.3 1.76
2.44 1.28 2.48 1.76
2.56 1.62 2.2 1.82
2.3 1.58 2.1 1.68
2.3 1.2 2.54 1.74
2.38 1.4 2.34 1.74
2.58 1.52 2.24 1.76
2.44 1.4 2.32 1.72
2.62 1.66 2.14 1.8
2.28 1.26 2.4 1.66
2.4 1.5 2.32 1.82
2.52 1.36 2.32 1.68
2.48 1.68 2.12 1.8
2.46 1.52 2.22 1.74
2.52 1.54 2.04 1.58
2.46 1.5 2.18 1.68
2.48 1.46 2.26 1.72
2.5 1.62 2.1 1.72
2.28 1.34 2.44 1.78
2.52 1.52 2.2 1.72
2.4 1.46 2.3 1.76
2.22 1.44 2.28 1.72
2.4 1.42 2.44 1.86
2.4 1.34 2.38 1.72
2.28 1.38 2.32 1.7
2.5 1.42 2.28 1.7
2.46 1.32 2.32 1.64
2.42 1.42 2.36 1.78
2.4 1.36 2.4 1.76
2.38 1.52 2.2 1.72
2.42 1.56 2.18 1.74
2.18 1.26 2.44 1.7
2.54 1.56 2.26 1.82
2.48 1.42 2.3 1.72
2.38 1.48 2.36 1.84
2.5 1.52 2.14 1.66
2.48 1.42 2.3 1.72
2.5 1.4 2.2 1.6
2.48 1.54 2.28 1.82
2.44 1.3 2.3 1.6
2.32 1.34 2.34 1.68
2.4 1.4 2.34 1.74
2.38 1.44 2.34 1.78
2.48 1.58 2.28 1.86
2.42 1.4 2.36 1.76
2.42 1.54 2.32 1.86
2.38 1.26 2.44 1.7
2.5 1.46 2.24 1.7
2.54 1.46 2.18 1.64
2.34 1.5 2.16 1.66
2.4 1.48 2.26 1.74
2.46 1.54 2.26 1.8
2.42 1.52 2.26 1.78
2.4 1.4 2.4 1.8
2.42 1.46 2.28 1.74
2.4 1.3 2.42 1.72
2.5 1.34 2.36 1.7
2.34 1.38 2.28 1.66
2.7 1.62 2.06 1.68
2.58 1.46 2.32 1.78
2.48 1.52 2.16 1.68
2.22 1.38 2.38 1.76
2.56 1.4 2.26 1.66
2.36 1.6 2.18 1.78
2.4 1.34 2.34 1.68
2.44 1.32 2.48 1.8
2.32 1.38 2.24 1.62
2.48 1.42 2.22 1.64
2.5 1.4 2.34 1.74
2.32 1.54 2.24 1.78
2.36 1.4 2.18 1.58
2.42 1.28 2.38 1.66
2.62 1.66 2.1 1.76
2.5 1.46 2.22 1.68
2.3 1.54 2.24 1.78
2.36 1.48 2.18 1.66
2.52 1.56 2.18 1.74
2.4 1.34 2.3 1.64
2.16 1.36 2.42 1.78
2.36 1.4 2.24 1.64
2.5 1.38 2.28 1.66
2.42 1.42 2.3 1.72
2.34 1.28 2.42 1.7
2.28 1.26 2.46 1.72
2.34 1.4 2.4 1.8
2.32 1.38 2.42 1.8
2.4 1.46 2.2 1.66
2.52 1.56 2.08 1.64
2.5 1.48 2.1 1.58
2.36 1.32 2.34 1.66
2.3 1.44 2.32 1.76
2.42 1.42 2.28 1.7
2.5 1.54 2.1 1.64
2.48 1.42 2.2 1.62
2.38 1.5 2.24 1.74
2.34 1.42 2.22 1.64
2.42 1.28 2.28 1.56
2.66 1.52 2.2 1.72
2.52 1.66 2.2 1.86
2.38 1.36 2.32 1.68
2.34 1.24 2.36 1.6
2.48 1.32 2.44 1.76
2.4 1.48 2.18 1.66
2.46 1.4 2.38 1.78
2.52 1.54 2.26 1.8
2.56 1.52 2.16 1.68
2.5 1.48 2.16 1.64
2.42 1.58 2.18 1.76
2.24 1.26 2.5 1.76
2.26 1.44 2.34 1.78
2.34 1.32 2.34 1.66
2.36 1.48 2.3 1.78
2.48 1.4 2.26 1.66
2.44 1.24 2.44 1.68
2.26 1.34 2.3 1.64
2.48 1.4 2.24 1.64
2.32 1.38 2.3 1.68
2.42 1.48 2.22 1.7
2.38 1.34 2.38 1.72
2.36 1.3 2.38 1.68
2.42 1.6 2.12 1.72
2.34 1.34 2.34 1.68
2.18 1.28 2.32 1.6
2.6 1.46 2.14 1.6
2.58 1.46 2.26 1.72
2.32 1.3 2.38 1.68
2.32 1.26 2.52 1.78
2.46 1.56 2.18 1.74
2.42 1.4 2.38 1.78
2.4 1.42 2.18 1.6
2.36 1.38 2.34 1.72
2.26 1.28 2.42 1.7
2.5 1.5 2.18 1.68
2.54 1.4 2.42 1.82
2.46 1.4 2.3 1.7
2.64 1.74 2.02 1.76
2.4 1.4 2.44 1.84
2.58 1.6 2.16 1.76
2.48 1.4 2.26 1.66
2.42 1.44 2.2 1.64
2.4 1.32 2.38 1.7
2.38 1.38 2.36 1.74
2.5 1.5 2.14 1.64
2.38 1.26 2.36 1.62
2.42 1.32 2.38 1.7
2.38 1.44 2.28 1.72
2.58 1.36 2.32 1.68
2.4 1.36 2.34 1.7
2.38 1.32 2.46 1.78
2.38 1.32 2.36 1.68
2.38 1.44 2.22 1.66
2.5 1.26 2.34 1.6
2.52 1.42 2.3 1.72
2.18 1.28 2.56 1.84
2.44 1.52 2.26 1.78
2.52 1.54 2.32 1.86
2.4 1.44 2.36 1.8
2.56 1.5 2.14 1.64
2.34 1.44 2.28 1.72
2.36 1.2 2.44 1.64
2.42 1.46 2.26 1.72
2.54 1.62 2.18 1.8
2.5 1.36 2.32 1.68
2.48 1.56 2.24 1.8
2.28 1.42 2.3 1.72
2.5 1.46 2.3 1.76
2.36 1.16 2.42 1.58
2.76 1.46 2.12 1.58
2.34 1.36 2.3 1.66
2.68 1.38 2.34 1.72
2.32 1.5 2.3 1.8
2.44 1.46 2.18 1.64
2.46 1.4 2.2 1.6
2.44 1.46 2.34 1.8
2.62 1.46 2.38 1.84
2.54 1.68 2.08 1.76
2.46 1.4 2.34 1.74
2.42 1.58 2.26 1.84
2.44 1.36 2.34 1.7
2.36 1.38 2.34 1.72
2.5 1.46 2.3 1.76
2.54 1.54 2.12 1.66
2.38 1.46 2.16 1.62
2.26 1.28 2.34 1.62
2.24 1.38 2.22 1.6
2.4 1.34 2.26 1.6
2.44 1.34 2.42 1.76
2.28 1.3 2.44 1.74
2.56 1.36 2.26 1.62
2.4 1.58 2.12 1.7
2.36 1.32 2.46 1.78
2.52 1.3 2.28 1.58
2.26 1.28 2.4 1.68
2.54 1.56 2.14 1.7
2.42 1.56 2.14 1.7
2.52 1.38 2.26 1.64
2.4 1.42 2.38 1.8
2.34 1.32 2.38 1.7
2.28 1.38 2.36 1.74
2.34 1.46 2.24 1.7
2.28 1.36 2.34 1.7
2.44 1.42 2.28 1.7
2.56 1.38 2.36 1.74
2.3 1.3 2.48 1.78
2.4 1.42 2.32 1.74
2.46 1.42 2.34 1.76
2.52 1.36 2.4 1.76
2.48 1.44 2.24 1.68
2.46 1.48 2.26 1.74
2.58 1.56 2.12 1.68
2.52 1.48 2.18 1.66
2.34 1.4 2.38 1.78
2.52 1.34 2.32 1.66
2.34 1.38 2.32 1.7
2.4 1.28 2.46 1.74
2.48 1.58 2.2 1.78
2.22 1.48 2.34 1.82
2.32 1.38 2.2 1.58
2.48 1.42 2.28 1.7
2.5 1.38 2.28 1.66
2.36 1.58 2.22 1.8
2.34 1.36 2.3 1.66
2.48 1.36 2.36 1.72
2.5 1.48 2.3 1.78
2.4 1.22 2.38 1.6
2.52 1.62 2.1 1.72
2.52 1.54 2.26 1.8
2.44 1.34 2.36 1.7
2.6 1.56 2.24 1.8
2.2 1.32 2.46 1.78
2.36 1.44 2.3 1.74
2.46 1.3 2.4 1.7
2.38 1.5 2.36 1.86
2.42 1.44 2.24 1.68
2.52 1.26 2.36 1.62
2.44 1.36 2.32 1.68
2.46 1.52 2.22 1.74
2.26 1.32 2.4 1.72
2.46 1.54 2.22 1.76
2.3 1.32 2.34 1.66
2.34 1.24 2.36 1.6
2.4 1.38 2.32 1.7
2.28 1.42 2.32 1.74
2.6 1.44 2.14 1.58
2.42 1.4 2.34 1.74
2.64 1.6 2.22 1.82
2.36 1.44 2.12 1.56
2.64 1.38 2.3 1.68
2.56 1.52 2.16 1.68
2.26 1.34 2.38 1.72
2.44 1.48 2.24 1.72
2.32 1.28 2.36 1.64
2.36 1.46 2.24 1.7
2.32 1.36 2.32 1.68
2.52 1.46 2.2 1.66
2.5 1.68 2.16 1.84
2.3 1.5 2.36 1.86
2.32 1.3 2.44 1.74
2.4 1.32 2.42 1.74
2.38 1.36 2.46 1.82
2.58 1.52 2.2 1.72
2.2 1.4 2.34 1.74
2.3 1.26 2.52 1.78
2.34 1.3 2.38 1.68
2.56 1.32 2.36 1.68
2.46 1.42 2.18 1.6
2.5 1.46 2.2 1.66
2.28 1.28 2.44 1.72
2.38 1.44 2.26 1.7
2.42 1.42 2.22 1.64
2.32 1.42 2.22 1.64
2.4 1.46 2.24 1.7
2.38 1.34 2.5 1.84
2.24 1.48 2.2 1.68
2.3 1.38 2.24 1.62
2.4 1.32 2.38 1.7
2.34 1.66 2.16 1.82
2.48 1.5 2.18 1.68
2.4 1.46 2.3 1.76
2.28 1.42 2.28 1.7
2.36 1.46 2.28 1.74
2.44 1.52 2.22 1.74
2.38 1.32 2.38 1.7
2.24 1.44 2.38 1.82
2.48 1.4 2.32 1.72
2.36 1.5 2.26 1.76
2.62 1.6 2.1 1.7
2.54 1.52 2.1 1.62
2.5 1.48 2.26 1.74
2.38 1.58 2.2 1.78
2.36 1.38 2.46 1.84
2.48 1.5 2.18 1.68
2.42 1.36 2.3 1.66
2.5 1.46 2.12 1.58
2.36 1.38 2.36 1.74
2.4 1.54 2.18 1.72
2.4 1.4 2.3 1.7
2.46 1.48 2.2 1.68
2.44 1.32 2.5 1.82
2.42 1.5 2.18 1.68
2.46 1.44 2.24 1.68
2.54 1.56 2.18 1.74
2.44 1.38 2.36 1.74
2.4 1.36 2.38 1.74
1.96 1.14 2.68 1.82
2.46 1.5 2.24 1.74
2.38 1.46 2.24 1.7
2.42 1.32 2.46 1.78
2.38 1.44 2.3 1.74
2.34 1.38 2.34 1.72
2.42 1.38 2.4 1.78
2.3 1.34 2.38 1.72
2.38 1.32 2.3 1.62
2.44 1.42 2.34 1.76
2.16 1.32 2.28 1.6
2.24 1.34 2.5 1.84
2.64 1.56 2.1 1.66
2.5 1.5 2.24 1.74
2.58 1.38 2.3 1.68
2.56 1.44 2.26 1.7
2.48 1.38 2.4 1.78
2.42 1.5 2.16 1.66
2.54 1.36 2.3 1.66
2.3 1.56 2.24 1.8
2.32 1.38 2.32 1.7
2.6 1.76 1.94 1.7
2.34 1.4 2.3 1.7
2.54 1.6 2.18 1.78
2.52 1.58 2.14 1.72
2.42 1.48 2.3 1.78
2.3 1.24 2.32 1.56
2.34 1.52 2.22 1.74
2.42 1.4 2.34 1.74
2.52 1.48 2.18 1.66
2.46 1.48 2.18 1.66
2.34 1.28 2.34 1.62
2.44 1.6 2.14 1.74
2.6 1.42 2.26 1.68
2.38 1.52 2.22 1.74
2.36 1.32 2.32 1.64
2.58 1.52 2.2 1.72
2.32 1.36 2.26 1.62
2.42 1.4 2.24 1.64
2.22 1.42 2.3 1.72
2.4 1.4 2.3 1.7
2.46 1.48 2.28 1.76
2.62 1.62 2.04 1.66
2.48 1.38 2.42 1.8
2.6 1.38 2.3 1.68
2.42 1.46 2.3 1.76
2.46 1.38 2.3 1.68
2.36 1.42 2.3 1.72
2.38 1.3 2.3 1.6
2.6 1.56 2.22 1.78
2.48 1.56 2.2 1.76
2.22 1.32 2.38 1.7
2.42 1.38 2.28 1.66
2.36 1.34 2.34 1.68
2.44 1.48 2.14 1.62
2.32 1.24 2.46 1.7
2.34 1.38 2.32 1.7
2.38 1.4 2.24 1.64
2.4 1.48 2.26 1.74
2.48 1.38 2.44 1.82
2.24 1.58 2.2 1.78
2.44 1.3 2.4 1.7
2.42 1.58 2.3 1.88
2.32 1.44 2.32 1.76
2.36 1.46 2.3 1.76
2.44 1.42 2.34 1.76
2.3 1.28 2.36 1.64
2.46 1.38 2.36 1.74
2.52 1.44 2.34 1.78
2.4 1.4 2.26 1.66
2.5 1.32 2.4 1.72
2.12 1.32 2.52 1.84
2.46 1.5 2.28 1.78
2.54 1.52 2.16 1.68
2.5 1.5 2.2 1.7
2.38 1.44 2.22 1.66
2.26 1.36 2.2 1.56
2.48 1.5 2.18 1.68
2.36 1.42 2.2 1.62
2.4 1.54 2.2 1.74
2.46 1.46 2.2 1.66
2.4 1.5 2.28 1.78
2.2 1.34 2.36 1.7
2.34 1.46 2.28 1.74
2.58 1.36 2.36 1.72
2.42 1.44 2.3 1.74
2.44 1.54 2.2 1.74
2.5 1.52 2.34 1.86
2.3 1.52 2.22 1.74
2.4 1.38 2.46 1.84
2.58 1.52 2.16 1.68
2.52 1.5 2.16 1.66
2.28 1.28 2.36 1.64
2.48 1.5 2.18 1.68
2.34 1.32 2.32 1.64
2.62 1.56 2.2 1.76
2.54 1.38 2.22 1.6
2.5 1.32 2.4 1.72
2.44 1.52 2.2 1.72
2.38 1.46 2.3 1.76
2.34 1.38 2.36 1.74
2.42 1.42 2.34 1.76
2.34 1.36 2.32 1.68
2.38 1.3 2.28 1.58
2.48 1.34 2.4 1.74
2.58 1.44 2.24 1.68
2.26 1.38 2.42 1.8
2.42 1.52 2.34 1.86
2.46 1.5 2.28 1.78
2.3 1.4 2.4 1.8
2.42 1.46 2.24 1.7
2.48 1.4 2.34 1.74
2.64 1.24 2.3 1.54
2.24 1.18 2.44 1.62
2.46 1.4 2.34 1.74
2.64 1.66 2.06 1.72
2.48 1.4 2.3 1.7
2.36 1.54 2.2 1.74
2.38 1.42 2.32 1.74
2.3 1.38 2.3 1.68
2.52 1.44 2.28 1.72
2.28 1.34 2.42 1.76
2.46 1.5 2.22 1.72
2.56 1.42 2.2 1.62
2.52 1.44 2.2 1.64
2.56 1.64 2.1 1.74
2.36 1.38 2.26 1.64
2.52 1.54 2.24 1.78
2.4 1.36 2.32 1.68
2.5 1.3 2.28 1.58
2.32 1.44 2.28 1.72
2.44 1.46 2.24 1.7
2.44 1.32 2.38 1.7
2.42 1.46 2.3 1.76
2.34 1.4 2.36 1.76
2.5 1.42 2.28 1.7
2.46 1.46 2.34 1.8
2.44 1.28 2.44 1.72
2.56 1.38 2.26 1.64
2.52 1.46 2.34 1.8
2.48 1.32 2.24 1.56
2.42 1.52 2.22 1.74
2.46 1.44 2.24 1.68
2.4 1.46 2.32 1.78
2.48 1.5 2.18 1.68
2.48 1.54 2.16 1.7
2.52 1.42 2.24 1.66
2.56 1.68 2.2 1.88
2.58 1.7 2.08 1.78
2.42 1.28 2.48 1.76
2.18 1.2 2.44 1.64
2.3 1.44 2.26 1.7
2.4 1.3 2.46 1.76
2.42 1.24 2.36 1.6
2.54 1.48 2.18 1.66
2.48 1.34 2.24 1.58
2.42 1.36 2.3 1.66
2.58 1.3 2.38 1.68
2.36 1.44 2.32 1.76
2.2 1.18 2.48 1.66
2.36 1.32 2.46 1.78
2.44 1.3 2.4 1.7
2.38 1.6 2.2 1.8
2.3 1.5 2.22 1.72
2.3 1.32 2.32 1.64
2.5 1.5 2.24 1.74
2.52 1.48 2.26 1.74
2.4 1.26 2.38 1.64
2.44 1.4 2.28 1.68
2.34 1.32 2.34 1.66
2.44 1.44 2.26 1.7
2.48 1.38 2.36 1.74
2.5 1.38 2.28 1.66
2.48 1.62 2.1 1.72
2.48 1.56 2.18 1.74
2.48 1.52 2.26 1.78
2.22 1.34 2.3 1.64
2.14 1.16 2.52 1.68
2.36 1.28 2.46 1.74
2.58 1.54 2.3 1.84
2.42 1.64 2.2 1.84
2.44 1.32 2.28 1.6
2.36 1.46 2.26 1.72
2.4 1.3 2.42 1.72
2.42 1.38 2.32 1.7
2.42 1.38 2.3 1.68
2.46 1.48 2.4 1.88
2.32 1.52 2.28 1.8
2.5 1.38 2.24 1.62
2.56 1.5 2.28 1.78
2.4 1.3 2.38 1.68
2.62 1.72 1.98 1.7
2.32 1.4 2.44 1.84
2.42 1.6 2.2 1.8
2.56 1.32 2.26 1.58
2.58 1.6 2.14 1.74
2.52 1.58 2.22 1.8
2.56 1.52 2.18 1.7
2.48 1.32 2.38 1.7
2.38 1.34 2.3 1.64
2.34 1.48 2.34 1.82
2.72 1.76 2.02 1.78
2.46 1.48 2.28 1.76
2.34 1.24 2.44 1.68
2.24 1.48 2.4 1.88
2.44 1.42 2.3 1.72
2.42 1.26 2.44 1.7
2.34 1.42 2.24 1.66
2.46 1.44 2.32 1.76
2.32 1.42 2.32 1.74
2.5 1.42 2.32 1.74
2.4 1.52 2.2 1.72
2.4 1.46 2.32 1.78
2.4 1.54 2.38 1.92
2.44 1.46 2.26 1.72
2.42 1.28 2.28 1.56
2.6 1.34 2.4 1.74
2.4 1.4 2.32 1.72
2.6 1.58 2.14 1.72
2.5 1.46 2.26 1.72
2.3 1.4 2.38 1.78
2.42 1.6 2.14 1.74
2.38 1.32 2.38 1.7
2.32 1.48 2.36 1.84
2.44 1.5 2.12 1.62
2.36 1.42 2.32 1.74
2.36 1.44 2.26 1.7
2.4 1.5 2.26 1.76
2.48 1.52 2.22 1.74
2.48 1.54 2.2 1.74
2.48 1.56 2.12 1.68
2.5 1.42 2.24 1.66
2.28 1.24 2.38 1.62
2.28 1.38 2.32 1.7
2.36 1.42 2.28 1.7
2.48 1.38 2.32 1.7
2.4 1.54 2.18 1.72
2.44 1.5 2.22 1.72
2.5 1.32 2.32 1.64
2.34 1.48 2.3 1.78
2.44 1.54 2.14 1.68
2.36 1.48 2.2 1.68
2.5 1.5 2.26 1.76
2.54 1.48 2.28 1.76
2.32 1.44 2.32 1.76
2.32 1.24 2.38 1.62
2.46 1.46 2.24 1.7
2.42 1.5 2.26 1.76
2.36 1.56 2.22 1.78
2.54 1.46 2.22 1.68
2.38 1.42 2.34 1.76
2.38 1.24 2.42 1.66
2.44 1.44 2.26 1.7
2.4 1.36 2.36 1.72
2.48 1.38 2.26 1.64
2.4 1.34 2.36 1.7
2.42 1.32 2.44 1.76
2.5 1.6 2.2 1.8
2.36 1.36 2.32 1.68
2.46 1.38 2.34 1.72
2.42 1.36 2.36 1.72
2.34 1.24 2.36 1.6
2.56 1.44 2.34 1.78
2.46 1.36 2.26 1.62
2.56 1.44 2.24 1.68
2.52 1.48 2.2 1.68
2.48 1.28 2.44 1.72
2.44 1.32 2.24 1.56
2.34 1.42 2.28 1.7
2.44 1.3 2.3 1.6
2.34 1.34 2.42 1.76
2.52 1.56 2.3 1.86
2.58 1.46 2.28 1.74
2.28 1.32 2.36 1.68
2.5 1.4 2.3 1.7
2.62 1.66 2.04 1.7
2.58 1.46 2.26 1.72
2.62 1.54 2.24 1.78
2.42 1.54 2.18 1.72
2.6 1.58 2.18 1.76
2.38 1.5 2.28 1.78
2.44 1.36 2.4 1.76
2.48 1.44 2.18 1.62
2.52 1.44 2.3 1.74
2.46 1.52 2.22 1.74
2.4 1.56 2.26 1.82
2.16 1.2 2.44 1.64
2.44 1.52 2.22 1.74
2.36 1.3 2.42 1.72
2.36 1.28 2.32 1.6
2.4 1.32 2.44 1.76
2.48 1.34 2.3 1.64
2.4 1.56 2.16 1.72
2.46 1.48 2.34 1.82
2.42 1.48 2.22 1.7
2.46 1.34 2.46 1.8
2.3 1.26 2.38 1.64
2.42 1.42 2.26 1.68
2.54 1.58 2.12 1.7
2.42 1.56 2.24 1.8
2.44 1.58 2.14 1.72
2.42 1.32 2.3 1.62
2.2 1.32 2.38 1.7
2.5 1.4 2.16 1.56
2.5 1.34 2.34 1.68
2.52 1.54 2.3 1.84
2.38 1.34 2.38 1.72
2.62 1.44 2.28 1.72
2.5 1.52 2.18 1.7
2.5 1.62 2.18 1.8
2.36 1.4 2.36 1.76
2.4 1.3 2.36 1.66
2.22 1.34 2.38 1.72
2.54 1.48 2.22 1.7
2.6 1.32 2.3 1.62
2.48 1.52 2.28 1.8
2.28 1.36 2.4 1.76
2.52 1.44 2.24 1.68
2.36 1.42 2.22 1.64
2.44 1.28 2.48 1.76
2.34 1.46 2.2 1.66
2.36 1.5 2.22 1.72
2.46 1.4 2.3 1.7
2.48 1.36 2.32 1.68
2.42 1.32 2.42 1.74
2.44 1.56 2.26 1.82
2.22 1.3 2.38 1.68
2.34 1.46 2.2 1.66
2.38 1.28 2.48 1.76
2.58 1.5 2.2 1.7
2.5 1.68 2.1 1.78
2.2 1.42 2.42 1.84
2.56 1.56 2.12 1.68
2.4 1.5 2.28 1.78
2.22 1.3 2.38 1.68
2.42 1.36 2.34 1.7
2.46 1.56 2.3 1.86
2.48 1.44 2.22 1.66
2.38 1.36 2.3 1.66
2.5 1.54 2.28 1.82
2.54 1.52 2.22 1.74
2.6 1.58 2.18 1.76
2.42 1.54 2.28 1.82
2.46 1.6 2.2 1.8
2.44 1.34 2.42 1.76
2.42 1.36 2.36 1.72
2.32 1.44 2.28 1.72
2.6 1.6 2.16 1.76
2.42 1.44 2.4 1.84
2.62 1.48 2.16 1.64
2.38 1.36 2.48 1.84
2.36 1.24 2.46 1.7
2.5 1.52 2.22 1.74
2.4 1.3 2.26 1.56
2.42 1.32 2.32 1.64
2.44 1.44 2.24 1.68
2.48 1.34 2.3 1.64
2.5 1.54 2.2 1.74
2.54 1.6 2.24 1.84
2.26 1.5 2.32 1.82
2.24 1.36 2.36 1.72
2.34 1.44 2.28 1.72
2.44 1.38 2.32 1.7
2.5 1.52 2.14 1.66
2.36 1.3 2.3 1.6
2.42 1.3 2.36 1.66
2.26 1.36 2.32 1.68
2.6 1.5 2.26 1.76
2.52 1.44 2.24 1.68
2.42 1.36 2.34 1.7
2.54 1.52 2.18 1.7
2.38 1.46 2.24 1.7
2.36 1.38 2.34 1.72
2.64 1.6 2.14 1.74
2.5 1.28 2.4 1.68
2.36 1.34 2.3 1.64
2.48 1.46 2.24 1.7
2.16 1.32 2.48 1.8
2.44 1.52 2.34 1.86
2.4 1.46 2.28 1.74
2.42 1.3 2.48 1.78
2.52 1.64 2.2 1.84
2.4 1.5 2.2 1.7
2.44 1.32 2.32 1.64
2.3 1.3 2.52 1.82
2.4 1.4 2.38 1.78
2.54 1.48 2.3 1.78
2.38 1.52 2.24 1.76
2.46 1.4 2.3 1.7
2.5 1.48 2.24 1.72
2.32 1.38 2.26 1.64
2.36 1.4 2.3 1.7
2.44 1.32 2.36 1.68
2.38 1.36 2.4 1.76
2.56 1.5 2.24 1.74
2.48 1.22 2.4 1.62
2.58 1.5 2.16 1.66
2.44 1.26 2.52 1.78
2.42 1.36 2.32 1.68
2.44 1.42 2.24 1.66
2.48 1.38 2.34 1.72
2.38 1.26 2.38 1.64
2.28 1.3 2.32 1.62
2.28 1.3 2.4 1.7
2.48 1.44 2.22 1.66
2.18 1.36 2.38 1.74
2.36 1.24 2.38 1.62
2.5 1.48 2.18 1.66
2.7 1.68 2.08 1.76
2.52 1.44 2.36 1.8
2.42 1.4 2.42 1.82
2.5 1.48 2.32 1.8
2.52 1.42 2.42 1.84
2.3 1.42 2.28 1.7
2.56 1.54 2.2 1.74
2.46 1.22 2.44 1.66
2.4 1.3 2.4 1.7
2.3 1.34 2.32 1.66
2.38 1.34 2.36 1.7
2.44 1.54 2.3 1.84
2.24 1.28 2.4 1.68
2.4 1.4 2.3 1.7
2.48 1.44 2.28 1.72
2.44 1.48 2.12 1.6
2.5 1.6 2.18 1.78
2.46 1.62 2.06 1.68
2.5 1.46 2.22 1.68
2.44 1.48 2.24 1.72
2.68 1.68 2.16 1.84
2.2 1.3 2.44 1.74
2.58 1.44 2.28 1.72
2.42 1.44 2.24 1.68
2.58 1.36 2.16 1.52
2.44 1.32 2.38 1.7
2.42 1.38 2.3 1.68
2.54 1.4 2.32 1.72
2.48 1.38 2.44 1.82
2.52 1.62 2.16 1.78
2.3 1.34 2.3 1.64
2.44 1.48 2.2 1.68
2.54 1.38 2.36 1.74
2.42 1.5 2.14 1.64
2.32 1.46 2.3 1.76
2.38 1.24 2.42 1.66
2.38 1.56 2.24 1.8
2.34 1.54 2.22 1.76
2.4 1.5 2.18 1.68
2.52 1.46 2.18 1.64
2.32 1.46 2.34 1.8
2.24 1.3 2.3 1.6
2.34 1.28 2.46 1.74
2.6 1.54 2.14 1.68
2.46 1.42 2.26 1.68
2.52 1.48 2.24 1.72
2.6 1.5 2.22 1.72
2.44 1.34 2.32 1.66
2.6 1.38 2.24 1.62
2.6 1.54 2.14 1.68
2.46 1.48 2.18 1.66
2.38 1.38 2.38 1.76
2.52 1.4 2.28 1.68
2.54 1.54 2.16 1.7
2.42 1.34 2.28 1.62
2.3 1.3 2.44 1.74
2.46 1.44 2.3 1.74
2.42 1.54 2.16 1.7
2.38 1.22 2.46 1.68
2.46 1.46 2.26 1.72
2.36 1.3 2.32 1.62
2.42 1.42 2.26 1.68
2.4 1.38 2.4 1.78
2.36 1.54 2.14 1.68
2.48 1.46 2.24 1.7
2.18 1.44 2.4 1.84
2.5 1.46 2.24 1.7
2.46 1.34 2.38 1.72
2.48 1.42 2.24 1.66
2.44 1.42 2.28 1.7
2.38 1.4 2.4 1.8
2.4 1.44 2.36 1.8
2.32 1.38 2.3 1.68
2.28 1.32 2.4 1.72
2.46 1.4 2.38 1.78
2.54 1.4 2.16 1.56
2.62 1.62 2.14 1.76
2.4 1.3 2.34 1.64
2.36 1.4 2.26 1.66
2.42 1.38 2.38 1.76
2.32 1.42 2.28 1.7
2.36 1.34 2.26 1.6
2.3 1.38 2.32 1.7
2.52 1.68 2.1 1.78
2.36 1.32 2.34 1.66
2.46 1.42 2.26 1.68
2.36 1.42 2.2 1.62
2.52 1.52 2.12 1.64
2.3 1.36 2.36 1.72
2.38 1.34 2.28 1.62
2.46 1.44 2.3 1.74
2.18 1.44 2.28 1.72
2.46 1.68 2.14 1.82
2.46 1.28 2.36 1.64
2.48 1.48 2.22 1.7
2.3 1.4 2.44 1.84
2.3 1.36 2.38 1.74
2.54 1.54 2.12 1.66
2.64 1.46 2.26 1.72
2.42 1.4 2.32 1.72
2.3 1.38 2.3 1.68
2.44 1.52 2.2 1.72
2.24 1.32 2.44 1.76
2.48 1.48 2.16 1.64
2.48 1.48 2.24 1.72
2.32 1.3 2.34 1.64
2.36 1.38 2.3 1.68
2.24 1.24 2.42 1.66
2.26 1.6 2.16 1.76
2.44 1.44 2.32 1.76
2.4 1.3 2.4 1.7
2.38 1.42 2.24 1.66
2.22 1.36 2.28 1.64
2.38 1.56 2.26 1.82
2.38 1.26 2.36 1.62
2.38 1.52 2.28 1.8
2.56 1.5 2.28 1.78
2.52 1.4 2.26 1.66
2.5 1.44 2.3 1.74
2.52 1.44 2.26 1.7
2.5 1.54 2.02 1.56
2.52 1.52 2.14 1.66
2.32 1.38 2.44 1.82
2.48 1.46 2.26 1.72
2.48 1.36 2.24 1.6
2.42 1.42 2.3 1.72
2.3 1.3 2.38 1.68
2.42 1.32 2.38 1.7
2.46 1.4 2.28 1.68
2.38 1.4 2.36 1.76
2.54 1.42 2.36 1.78
2.3 1.42 2.34 1.76
2.52 1.56 2.14 1.7
2.42 1.44 2.34 1.78
2.46 1.4 2.32 1.72
2.42 1.46 2.3 1.76
2.5 1.46 2.24 1.7
2.38 1.44 2.34 1.78
2.64 1.58 2.12 1.7
2.26 1.28 2.38 1.66
2.38 1.42 2.3 1.72
2.48 1.36 2.38 1.74
2.5 1.62 2.08 1.7
2.4 1.44 2.26 1.7
2.24 1.46 2.32 1.78
2.2 1.28 2.5 1.78
2.42 1.38 2.4 1.78
2.38 1.36 2.3 1.66
2.42 1.32 2.24 1.56
2.4 1.44 2.28 1.72
2.46 1.24 2.52 1.76
2.32 1.38 2.4 1.78
2.46 1.38 2.4 1.78
2.34 1.3 2.4 1.7
2.26 1.24 2.38 1.62
2.52 1.28 2.44 1.72
2.44 1.48 2.2 1.68
2.48 1.54 2.18 1.72
2.4 1.42 2.24 1.66
2.48 1.42 2.24 1.66
2.5 1.44 2.24 1.68
2.4 1.46 2.26 1.72
2.42 1.56 2.2 1.76
2.48 1.38 2.26 1.64
2.72 1.56 2.16 1.72
2.2 1.34 2.54 1.88
2.44 1.42 2.3 1.72
2.34 1.42 2.36 1.78
2.34 1.4 2.36 1.76
2.32 1.54 2.12 1.66
2.46 1.6 2.22 1.82
2.52 1.42 2.32 1.74
2.48 1.6 2.14 1.74
2.48 1.36 2.2 1.56
2.56 1.4 2.38 1.78
2.42 1.4 2.42 1.82
2.5 1.64 2.14 1.78
2.46 1.54 2.18 1.72
2.44 1.42 2.26 1.68
2.36 1.4 2.32 1.72
2.52 1.46 2.24 1.7
2.48 1.32 2.4 1.72
2.52 1.58 2.18 1.76
2.48 1.5 2.3 1.8
2.46 1.5 2.28 1.78
2.42 1.56 2.22 1.78
2.32 1.44 2.36 1.8
2.46 1.46 2.26 1.72
2.32 1.54 2.26 1.8
2.22 1.38 2.4 1.78
2.5 1.44 2.22 1.66
2.16 1.26 2.38 1.64
2.36 1.34 2.42 1.76
2.5 1.44 2.32 1.76
2.42 1.58 2.16 1.74
2.38 1.4 2.4 1.8
2.34 1.32 2.36 1.68
2.18 1.46 2.26 1.72
2.5 1.48 2.22 1.7
2.44 1.5 2.26 1.76
2.44 1.34 2.4 1.74
2.48 1.54 2.18 1.72
2.46 1.4 2.22 1.62
2.58 1.52 2.24 1.76
2.42 1.44 2.36 1.8
2.4 1.54 2.14 1.68
2.52 1.38 2.3 1.68
2.48 1.36 2.34 1.7
2.44 1.56 2.2 1.76
2.46 1.4 2.38 1.78
2.44 1.4 2.28 1.68
2.44 1.36 2.36 1.72
2.28 1.42 2.34 1.76
2.34 1.4 2.4 1.8
2.38 1.5 2.18 1.68
2.44 1.54 2.18 1.72
2.46 1.5 2.32 1.82
2.52 1.56 2.24 1.8
2.2 1.3 2.34 1.64
2.48 1.48 2.28 1.76
2.48 1.52 2.26 1.78
2.4 1.3 2.4 1.7
2.48 1.36 2.16 1.52
2.48 1.44 2.3 1.74
2.38 1.56 2.18 1.74
2.4 1.48 2.22 1.7
2.32 1.38 2.34 1.72
2.56 1.54 2.14 1.68
2.22 1.3 2.4 1.7
2.28 1.4 2.36 1.76
2.4 1.34 2.42 1.76
2.4 1.52 2.2 1.72
2.6 1.56 2.18 1.74
2.6 1.58 2.18 1.76
2.42 1.3 2.42 1.72
2.48 1.4 2.2 1.6
2.28 1.28 2.38 1.66
2.32 1.28 2.4 1.68
2.36 1.36 2.38 1.74
2.4 1.62 2.18 1.8
2.36 1.46 2.32 1.78
2.32 1.34 2.34 1.68
2.32 1.38 2.34 1.72
2.6 1.54 2.08 1.62
2.5 1.36 2.3 1.66
2.34 1.4 2.28 1.68
2.34 1.46 2.3 1.76
2.44 1.54 2.18 1.72
2.42 1.36 2.34 1.7
2.5 1.44 2.36 1.8
2.4 1.4 2.3 1.7
2.58 1.46 2.28 1.74
2.5 1.4 2.16 1.56
2.4 1.34 2.3 1.64
2.44 1.44 2.34 1.78
2.28 1.3 2.36 1.66
2.48 1.4 2.28 1.68
2.34 1.5 2.24 1.74
2.5 1.44 2.24 1.68
2.36 1.54 2.16 1.7
2.52 1.54 2.08 1.62
2.28 1.3 2.5 1.8
2.42 1.5 2.24 1.74
2.5 1.38 2.24 1.62
2.32 1.34 2.38 1.72
2.56 1.44 2.2 1.64
2.56 1.42 2.28 1.7
2.38 1.26 2.48 1.74
2.56 1.48 2.16 1.64
2.44 1.42 2.26 1.68
2.5 1.54 2.22 1.76
2.28 1.52 2.34 1.86
2.3 1.28 2.5 1.78
2.26 1.3 2.36 1.66
2.36 1.3 2.36 1.66
2.36 1.32 2.44 1.76
2.32 1.36 2.38 1.74
2.38 1.2 2.5 1.7
2.56 1.5 2.18 1.68
2.52 1.44 2.16 1.6
2.28 1.52 2.2 1.72
2.68 1.66 2.1 1.76
2.5 1.6 2.16 1.76
2.42 1.42 2.38 1.8
2.6 1.4 2.4 1.8
2.48 1.4 2.28 1.68
2.48 1.22 2.4 1.62
2.46 1.36 2.38 1.74
2.62 1.54 2.16 1.7
2.5 1.68 2.12 1.8
2.4 1.5 2.26 1.76
2.58 1.58 2.16 1.74
2.34 1.44 2.1 1.54
2.52 1.62 2.1 1.72
2.52 1.44 2.28 1.72
2.4 1.3 2.34 1.64
2.5 1.72 2.08 1.8
2.28 1.62 2.26 1.88
2.44 1.48 2.2 1.68
2.34 1.62 2.18 1.8
2.48 1.38 2.3 1.68
2.54 1.4 2.2 1.6
2.48 1.34 2.36 1.7
2.52 1.46 2.16 1.62
2.48 1.34 2.46 1.8
2.4 1.5 2.2 1.7
2.32 1.42 2.32 1.74
2.52 1.54 2.18 1.72
2.34 1.34 2.42 1.76
2.4 1.32 2.44 1.76
2.38 1.36 2.42 1.78
2.52 1.36 2.32 1.68
2.38 1.44 2.32 1.76
2.58 1.58 2.06 1.64
2.46 1.5 2.18 1.68
2.26 1.28 2.46 1.74
2.36 1.4 2.28 1.68
2.46 1.38 2.3 1.68
2.44 1.6 2.2 1.8
2.52 1.4 2.26 1.66
2.58 1.5 2.24 1.74
2.2 1.46 2.22 1.68
2.58 1.5 2.22 1.72
2.44 1.42 2.28 1.7
2.3 1.24 2.48 1.72
2.46 1.42 2.26 1.68
2.46 1.34 2.44 1.78
2.5 1.52 2.22 1.74
2.48 1.38 2.42 1.8
2.5 1.56 2.2 1.76
2.54 1.54 2.18 1.72
2.48 1.44 2.28 1.72
2.48 1.48 2.26 1.74
2.32 1.48 2.24 1.72
2.46 1.5 2.14 1.64
2.5 1.5 2.26 1.76
2.34 1.24 2.42 1.66
2.38 1.38 2.32 1.7
2.56 1.58 2.16 1.74
2.36 1.36 2.36 1.72
2.42 1.5 2.24 1.74
2.44 1.48 2.22 1.7
2.5 1.46 2.32 1.78
2.44 1.48 2.42 1.9
2.3 1.32 2.46 1.78
2.46 1.46 2.22 1.68
2.28 1.22 2.52 1.74
2.42 1.56 2.08 1.64
2.4 1.48 2.2 1.68
2.4 1.44 2.18 1.62
2.58 1.4 2.26 1.66
2.44 1.46 2.26 1.72
2.24 1.4 2.38 1.78
2.46 1.64 2.12 1.76
2.44 1.36 2.22 1.58
2.46 1.32 2.3 1.62
2.6 1.62 2.14 1.76
2.44 1.42 2.34 1.76
2.44 1.42 2.22 1.64
2.6 1.56 2.22 1.78
2.38 1.42 2.34 1.76
2.44 1.44 2.24 1.68
2.32 1.4 2.38 1.78
2.38 1.52 2.28 1.8
2.46 1.32 2.48 1.8
2.58 1.6 2.12 1.72
2.52 1.52 2.36 1.88
2.46 1.36 2.22 1.58
2.28 1.44 2.22 1.66
2.52 1.56 2.28 1.84
2.38 1.38 2.38 1.76
2.38 1.44 2.32 1.76
2.36 1.5 2.34 1.84
2.4 1.22 2.36 1.58
2.46 1.38 2.28 1.66
2.44 1.48 2.16 1.64
2.32 1.3 2.46 1.76
2.46 1.46 2.24 1.7
2.5 1.38 2.32 1.7
2.46 1.38 2.28 1.66
2.22 1.42 2.26 1.68
2.44 1.32 2.24 1.56
2.46 1.42 2.26 1.68
2.38 1.4 2.34 1.74
2.38 1.38 2.18 1.56
2.54 1.4 2.26 1.66
2.42 1.5 2.24 1.74
2.46 1.58 2.26 1.84
2.44 1.44 2.24 1.68
2.42 1.6 2.24 1.84
2.46 1.46 2.22 1.68
2.62 1.34 2.38 1.72
2.42 1.56 2.14 1.7
2.5 1.56 2.22 1.78
2.4 1.56 2.18 1.74
2.38 1.52 2.24 1.76
2.38 1.38 2.38 1.76
2.52 1.6 2.04 1.64
2.56 1.44 2.3 1.74
2.34 1.32 2.4 1.72
2.4 1.44 2.28 1.72
2.44 1.24 2.34 1.58
2.4 1.32 2.34 1.66
2.34 1.32 2.32 1.64
2.42 1.32 2.38 1.7
2.54 1.52 2.18 1.7
2.48 1.52 2.28 1.8
2.22 1.4 2.44 1.84
2.36 1.48 2.18 1.66
2.42 1.56 2.18 1.74
2.32 1.5 2.2 1.7
2.48 1.4 2.24 1.64
2.42 1.34 2.28 1.62
2.48 1.4 2.22 1.62
2.5 1.52 2.18 1.7
2.44 1.4 2.24 1.64
2.36 1.4 2.32 1.72
2.44 1.38 2.42 1.8
2.42 1.62 2.16 1.78
2.46 1.44 2.18 1.62
2.24 1.36 2.42 1.78
2.48 1.42 2.4 1.82
2.5 1.48 2.24 1.72
2.38 1.28 2.48 1.76
2.46 1.28 2.3 1.58
2.36 1.48 2.22 1.7
2.38 1.42 2.28 1.7
2.3 1.46 2.26 1.72
2.64 1.64 2.08 1.72
2.34 1.48 2.32 1.8
2.42 1.4 2.34 1.74
2.5 1.42 2.4 1.82
2.46 1.44 2.34 1.78
2.46 1.16 2.42 1.58
2.44 1.62 2.2 1.82
2.38 1.52 2.26 1.78
2.42 1.4 2.32 1.72
2.56 1.4 2.24 1.64
2.54 1.44 2.28 1.72
2.56 1.48 2.24 1.72
2.32 1.4 2.4 1.8
2.5 1.42 2.18 1.6
2.66 1.6 2.1 1.7
2.44 1.44 2.18 1.62
2.38 1.52 2.3 1.82
2.42 1.42 2.2 1.62
2.54 1.48 2.36 1.84
2.24 1.38 2.4 1.78
2.56 1.64 2.0 1.64
2.34 1.36 2.32 1.68
2.38 1.5 2.26 1.76
2.56 1.54 2.1 1.64
2.58 1.48 2.2 1.68
2.6 1.5 2.14 1.64
2.42 1.4 2.18 1.58
2.44 1.6 2.2 1.8
2.52 1.7 2.08 1.78
2.28 1.44 2.3 1.74
2.3 1.32 2.32 1.64
2.48 1.42 2.38 1.8
2.5 1.44 2.28 1.72
2.5 1.56 2.22 1.78
2.4 1.34 2.5 1.84
2.36 1.56 2.18 1.74
2.28 1.32 2.46 1.78
2.34 1.44 2.34 1.78
2.42 1.52 2.34 1.86
2.5 1.54 2.08 1.62
2.52 1.5 2.22 1.72
2.56 1.46 2.26 1.72
2.48 1.46 2.3 1.76
2.52 1.44 2.24 1.68
2.32 1.28 2.44 1.72
2.5 1.62 2.12 1.74
2.52 1.44 2.18 1.62
2.32 1.44 2.26 1.7
2.4 1.42 2.32 1.74
2.46 1.56 2.14 1.7
2.28 1.62 2.26 1.88
2.34 1.52 2.2 1.72
2.36 1.36 2.42 1.78
2.54 1.4 2.38 1.78
2.3 1.3 2.42 1.72
2.36 1.46 2.24 1.7
2.26 1.28 2.44 1.72
2.46 1.4 2.32 1.72
2.54 1.46 2.32 1.78
2.4 1.36 2.34 1.7
2.52 1.48 2.28 1.76
2.48 1.38 2.46 1.84
2.32 1.56 2.22 1.78
2.2 1.5 2.36 1.86
2.36 1.38 2.34 1.72
2.2 1.38 2.36 1.74
2.42 1.4 2.3 1.7
2.5 1.42 2.26 1.68
2.44 1.48 2.2 1.68
2.46 1.38 2.3 1.68
2.4 1.36 2.28 1.64
2.48 1.34 2.36 1.7
2.46 1.42 2.38 1.8
2.36 1.52 2.28 1.8
2.32 1.34 2.44 1.78
2.42 1.32 2.28 1.6
2.64 1.62 2.14 1.76
2.32 1.38 2.32 1.7
2.36 1.48 2.12 1.6
2.54 1.42 2.28 1.7
2.38 1.52 2.22 1.74
2.4 1.42 2.32 1.74
2.48 1.44 2.28 1.72
2.48 1.38 2.34 1.72
2.34 1.46 2.36 1.82
2.56 1.6 2.2 1.8
2.46 1.46 2.24 1.7
2.52 1.36 2.28 1.64
2.38 1.38 2.3 1.68
2.58 1.4 2.2 1.6
2.46 1.5 2.16 1.66
2.42 1.42 2.34 1.76
2.48 1.58 2.18 1.76
2.36 1.32 2.38 1.7
2.48 1.38 2.36 1.74
2.4 1.46 2.2 1.66
2.6 1.44 2.22 1.66
2.48 1.56 2.2 1.76
2.46 1.36 2.32 1.68
2.68 1.72 1.92 1.64
2.38 1.46 2.24 1.7
2.38 1.48 2.22 1.7
2.44 1.46 2.18 1.64
2.52 1.6 2.16 1.76
2.2 1.54 2.18 1.72
2.42 1.38 2.36 1.74
2.24 1.28 2.4 1.68
2.24 1.26 2.3 1.56
2.48 1.4 2.34 1.74
2.46 1.6 2.14 1.74
2.58 1.46 2.16 1.62
2.54 1.56 2.12 1.68
2.36 1.22 2.48 1.7
2.44 1.38 2.38 1.76
2.58 1.44 2.2 1.64
2.64 1.66 2.12 1.78
2.36 1.46 2.24 1.7
2.28 1.26 2.44 1.7
2.34 1.36 2.38 1.74
2.38 1.46 2.34 1.8
2.5 1.46 2.22 1.68
2.38 1.4 2.28 1.68
2.38 1.32 2.34 1.66
2.3 1.52 2.2 1.72
2.64 1.54 2.26 1.8
2.28 1.52 2.24 1.76
2.44 1.26 2.38 1.64
2.46 1.4 2.34 1.74
2.4 1.34 2.36 1.7
2.48 1.3 2.4 1.7
2.38 1.36 2.28 1.64
2.54 1.6 2.22 1.82
2.4 1.52 2.22 1.74
2.54 1.46 2.2 1.66
2.48 1.38 2.36 1.74
2.64 1.54 2.24 1.78
2.44 1.46 2.26 1.72
2.46 1.4 2.28 1.68
2.42 1.42 2.28 1.7
2.46 1.36 2.46 1.82
2.52 1.36 2.32 1.68
2.5 1.56 2.24 1.8
2.38 1.52 2.26 1.78
2.44 1.38 2.28 1.66
2.54 1.44 2.18 1.62
2.44 1.44 2.34 1.78
2.32 1.52 2.24 1.76
2.58 1.54 2.12 1.66
2.46 1.46 2.3 1.76
2.34 1.42 2.28 1.7
2.44 1.32 2.46 1.78
2.42 1.4 2.16 1.56
2.58 1.42 2.26 1.68
2.28 1.26 2.36 1.62
2.6 1.38 2.34 1.72
2.62 1.44 2.28 1.72
2.5 1.46 2.28 1.74
2.44 1.46 2.28 1.74
2.44 1.4 2.22 1.62
2.44 1.58 2.16 1.74
2.52 1.58 2.16 1.74
2.4 1.42 2.26 1.68
2.3 1.34 2.32 1.66
2.48 1.5 2.36 1.86
2.52 1.4 2.3 1.7
2.32 1.42 2.3 1.72
2.26 1.22 2.42 1.64
2.32 1.34 2.36 1.7
2.48 1.38 2.36 1.74
2.22 1.36 2.3 1.66
2.38 1.28 2.4 1.68
2.56 1.32 2.3 1.62
2.34 1.28 2.32 1.6
2.6 1.44 2.24 1.68
2.46 1.42 2.32 1.74
2.46 1.38 2.22 1.6
2.52 1.34 2.24 1.58
2.58 1.52 2.14 1.66
2.38 1.28 2.4 1.68
2.44 1.3 2.44 1.74
2.32 1.4 2.38 1.78
2.5 1.44 2.24 1.68
2.48 1.44 2.16 1.6
2.3 1.32 2.3 1.62
2.4 1.38 2.38 1.76
2.4 1.42 2.26 1.68
2.5 1.6 2.12 1.72
2.52 1.48 2.3 1.78
2.54 1.56 2.14 1.7
2.48 1.5 2.2 1.7
2.66 1.6 2.06 1.66
2.44 1.3 2.48 1.78
2.46 1.52 2.16 1.68
2.4 1.36 2.32 1.68
2.54 1.5 2.2 1.7
2.56 1.52 2.16 1.68
2.34 1.32 2.38 1.7
2.64 1.8 1.92 1.72
2.38 1.42 2.38 1.8
2.46 1.46 2.24 1.7
2.46 1.5 2.16 1.66
2.42 1.2 2.44 1.64
2.6 1.42 2.4 1.82
2.52 1.3 2.38 1.68
2.3 1.36 2.4 1.76
2.58 1.54 2.18 1.72
2.38 1.52 2.16 1.68
2.38 1.48 2.32 1.8
2.46 1.28 2.38 1.66
2.46 1.54 2.2 1.74
2.44 1.28 2.3 1.58
2.4 1.32 2.34 1.66
2.46 1.32 2.34 1.66
2.5 1.58 2.08 1.66
2.36 1.32 2.38 1.7
2.54 1.54 2.18 1.72
2.44 1.46 2.34 1.8
2.48 1.48 2.16 1.64
2.32 1.5 2.26 1.76
2.38 1.48 2.26 1.74
2.5 1.42 2.32 1.74
2.26 1.26 2.48 1.74
2.44 1.46 2.24 1.7
2.42 1.46 2.32 1.78
2.1 1.24 2.52 1.76
2.34 1.36 2.38 1.74
2.48 1.38 2.32 1.7
2.62 1.52 2.18 1.7
2.52 1.46 2.26 1.72
2.34 1.36 2.38 1.74
2.36 1.36 2.38 1.74
2.28 1.3 2.46 1.76
2.46 1.36 2.28 1.64
2.44 1.62 2.2 1.82
2.38 1.42 2.34 1.76
2.48 1.34 2.34 1.68
2.34 1.34 2.4 1.74
2.5 1.46 2.24 1.7
2.3 1.4 2.36 1.76
2.44 1.42 2.32 1.74
2.26 1.48 2.2 1.68
2.52 1.54 2.22 1.76
2.56 1.52 2.16 1.68
2.34 1.3 2.4 1.7
2.56 1.56 2.22 1.78
2.54 1.5 2.24 1.74
2.62 1.56 2.12 1.68
2.24 1.2 2.48 1.68
2.5 1.5 2.12 1.62
2.36 1.26 2.44 1.7
2.5 1.4 2.22 1.62
2.42 1.38 2.3 1.68
2.34 1.52 2.28 1.8
2.34 1.26 2.42 1.68
2.26 1.4 2.32 1.72
2.36 1.42 2.32 1.74
2.22 1.44 2.4 1.84
2.48 1.5 2.18 1.68
2.28 1.38 2.34 1.72
2.48 1.32 2.3 1.62
2.44 1.32 2.44 1.76
2.4 1.48 2.18 1.66
2.54 1.44 2.28 1.72
2.46 1.5 2.26 1.76
2.32 1.44 2.34 1.78
2.54 1.44 2.22 1.66
2.64 1.44 2.22 1.66
2.38 1.26 2.44 1.7
2.42 1.4 2.32 1.72
2.36 1.24 2.4 1.64
2.44 1.4 2.24 1.64
2.3 1.26 2.4 1.66
2.32 1.46 2.26 1.72
2.42 1.62 2.2 1.82
2.28 1.38 2.38 1.76
2.28 1.24 2.42 1.66
2.28 1.42 2.38 1.8
2.66 1.46 2.22 1.68
2.44 1.42 2.32 1.74
2.32 1.3 2.38 1.68
2.4 1.52 2.16 1.68
2.54 1.34 2.34 1.68
2.52 1.62 2.1 1.72
2.3 1.3 2.48 1.78
2.58 1.5 2.26 1.76
2.42 1.52 2.12 1.64
2.38 1.62 2.24 1.86
2.46 1.48 2.28 1.76
2.3 1.32 2.38 1.7
2.46 1.46 2.28 1.74
2.38 1.5 2.2 1.7
2.52 1.44 2.24 1.68
2.5 1.4 2.36 1.76
2.4 1.48 2.3 1.78
2.28 1.38 2.28 1.66
2.46 1.34 2.32 1.66
2.48 1.44 2.28 1.72
2.64 1.66 2.12 1.78
2.34 1.46 2.3 1.76
2.42 1.4 2.24 1.64
2.46 1.5 2.18 1.68
2.42 1.42 2.24 1.66
2.38 1.56 2.28 1.84
2.26 1.36 2.32 1.68
2.34 1.4 2.36 1.76
2.48 1.48 2.28 1.76
2.34 1.3 2.38 1.68
2.54 1.56 2.2 1.76
2.42 1.42 2.24 1.66
2.38 1.24 2.36 1.6
2.44 1.5 2.16 1.66
2.58 1.54 2.3 1.84
2.5 1.5 2.3 1.8
2.4 1.52 2.24 1.76
2.36 1.28 2.5 1.78
2.6 1.52 2.08 1.6
2.38 1.3 2.4 1.7
2.42 1.32 2.32 1.64
2.3 1.48 2.36 1.84
2.34 1.4 2.44 1.84
2.42 1.36 2.4 1.76
2.58 1.5 2.18 1.68
2.36 1.46 2.24 1.7
2.56 1.6 2.22 1.82
2.24 1.4 2.4 1.8
2.4 1.46 2.24 1.7
2.32 1.4 2.26 1.66
2.36 1.26 2.46 1.72
2.44 1.22 2.4 1.62
2.4 1.58 2.1 1.68
2.56 1.64 2.1 1.74
2.44 1.28 2.44 1.72
2.64 1.62 2.16 1.78
2.48 1.48 2.16 1.64
2.48 1.48 2.22 1.7
2.32 1.3 2.42 1.72
2.54 1.32 2.28 1.6
2.44 1.52 2.3 1.82
2.46 1.52 2.12 1.64
2.4 1.22 2.34 1.56
2.48 1.4 2.4 1.8
2.52 1.48 2.24 1.72
2.44 1.48 2.3 1.78
2.38 1.44 2.24 1.68
2.3 1.22 2.44 1.66
2.48 1.42 2.28 1.7
2.5 1.46 2.32 1.78
2.44 1.48 2.22 1.7
2.52 1.44 2.24 1.68
2.4 1.38 2.26 1.64
2.3 1.3 2.36 1.66
2.56 1.48 2.28 1.76
2.5 1.44 2.14 1.58
2.42 1.56 2.14 1.7
2.38 1.52 2.22 1.74
2.1 1.34 2.44 1.78
2.36 1.34 2.36 1.7
2.52 1.56 2.08 1.64
2.5 1.46 2.24 1.7
2.7 1.56 2.22 1.78
2.36 1.3 2.44 1.74
2.5 1.44 2.3 1.74
2.56 1.5 2.36 1.86
2.5 1.5 2.24 1.74
2.42 1.48 2.24 1.72
2.46 1.52 2.24 1.76
2.52 1.46 2.28 1.74
2.4 1.52 2.22 1.74
2.44 1.52 2.24 1.76
2.32 1.34 2.24 1.58
2.28 1.44 2.24 1.68
2.42 1.44 2.26 1.7
2.42 1.56 2.24 1.8
2.26 1.58 2.26 1.84
2.38 1.38 2.34 1.72
2.54 1.38 2.22 1.6
2.48 1.4 2.38 1.78
2.36 1.46 2.32 1.78
2.4 1.4 2.2 1.6
2.4 1.4 2.4 1.8
2.44 1.54 2.22 1.76
2.24 1.22 2.4 1.62
2.58 1.5 2.24 1.74
2.42 1.36 2.4 1.76
2.48 1.22 2.36 1.58
2.54 1.56 2.18 1.74
2.46 1.44 2.3 1.74
2.38 1.48 2.32 1.8
2.4 1.5 2.34 1.84
2.4 1.36 2.34 1.7
2.4 1.42 2.32 1.74
2.42 1.44 2.24 1.68
2.44 1.46 2.26 1.72
2.52 1.46 2.2 1.66
2.32 1.5 2.22 1.72
2.42 1.52 2.16 1.68
2.5 1.58 2.12 1.7
2.36 1.22 2.52 1.74
2.5 1.52 2.18 1.7
2.5 1.32 2.36 1.68
2.42 1.44 2.44 1.88
2.46 1.44 2.36 1.8
2.54 1.6 2.12 1.72
2.6 1.46 2.08 1.54
2.54 1.46 2.38 1.84
2.52 1.38 2.34 1.72
2.38 1.34 2.36 1.7
2.44 1.34 2.4 1.74
2.46 1.52 2.24 1.76
2.38 1.32 2.32 1.64
2.46 1.3 2.4 1.7
2.48 1.6 2.06 1.66
2.44 1.54 2.16 1.7
2.46 1.58 2.2 1.78
2.46 1.3 2.36 1.66
2.32 1.2 2.46 1.66
2.42 1.28 2.46 1.74
2.66 1.52 2.18 1.7
2.48 1.26 2.32 1.58
2.36 1.34 2.44 1.78
2.44 1.4 2.24 1.64
2.42 1.32 2.3 1.62
2.34 1.42 2.34 1.76
2.6 1.78 2.04 1.82
2.42 1.5 2.28 1.78
2.38 1.24 2.4 1.64
2.3 1.34 2.32 1.66
2.34 1.4 2.34 1.74
2.36 1.36 2.4 1.76
2.34 1.4 2.28 1.68
2.44 1.44 2.2 1.64
2.42 1.56 2.18 1.74
2.22 1.4 2.3 1.7
2.34 1.36 2.24 1.6
2.38 1.44 2.38 1.82
2.6 1.56 2.2 1.76
2.5 1.54 2.26 1.8
2.24 1.36 2.44 1.8
2.58 1.5 2.1 1.6
2.48 1.46 2.14 1.6
2.54 1.38 2.28 1.66
2.6 1.64 2.06 1.7
2.38 1.38 2.28 1.66
2.5 1.48 2.28 1.76
2.48 1.36 2.32 1.68
2.62 1.36 2.34 1.7
2.26 1.18 2.52 1.7
2.32 1.48 2.26 1.74
2.3 1.36 2.3 1.66
2.62 1.48 2.16 1.64
2.44 1.26 2.36 1.62
2.5 1.4 2.14 1.54
2.46 1.46 2.26 1.72
2.46 1.52 2.28 1.8
2.58 1.52 2.2 1.72
2.56 1.54 2.14 1.68
2.5 1.4 2.14 1.54
2.34 1.32 2.42 1.74
2.5 1.56 2.22 1.78
2.5 1.44 2.1 1.54
2.36 1.36 2.4 1.76
2.5 1.4 2.36 1.76
2.28 1.4 2.3 1.7
2.48 1.5 2.2 1.7
2.46 1.7 2.02 1.72
2.3 1.38 2.34 1.72
2.36 1.48 2.24 1.72
2.34 1.26 2.42 1.68
2.42 1.5 2.28 1.78
2.36 1.28 2.32 1.6
2.36 1.4 2.32 1.72
2.52 1.36 2.24 1.6
2.44 1.42 2.4 1.82
2.4 1.26 2.32 1.58
2.44 1.4 2.36 1.76
2.54 1.54 2.26 1.8
2.28 1.48 2.26 1.74
2.5 1.42 2.32 1.74
2.26 1.24 2.38 1.62
2.36 1.34 2.44 1.78
2.42 1.32 2.32 1.64
2.5 1.4 2.3 1.7
2.4 1.36 2.4 1.76
2.44 1.46 2.2 1.66
2.6 1.3 2.38 1.68
2.54 1.48 2.34 1.82
2.28 1.52 2.22 1.74
2.3 1.28 2.42 1.7
2.4 1.38 2.32 1.7
2.32 1.36 2.34 1.7
2.52 1.42 2.2 1.62
2.28 1.42 2.36 1.78
2.32 1.32 2.42 1.74
2.36 1.28 2.4 1.68
2.56 1.52 2.22 1.74
2.4 1.52 2.24 1.76
2.38 1.52 2.28 1.8
2.3 1.32 2.34 1.66
2.18 1.36 2.32 1.68
2.48 1.54 2.22 1.76
2.58 1.52 2.14 1.66
2.4 1.54 2.16 1.7
2.62 1.46 2.26 1.72
2.48 1.52 2.22 1.74
2.24 1.2 2.52 1.72
2.42 1.38 2.32 1.7
2.58 1.42 2.34 1.76
2.32 1.3 2.4 1.7
2.14 1.2 2.46 1.66
2.46 1.48 2.24 1.72
2.54 1.44 2.26 1.7
2.52 1.7 2.1 1.8
2.48 1.36 2.28 1.64
2.44 1.58 2.2 1.78
2.44 1.42 2.26 1.68
2.48 1.5 2.28 1.78
2.32 1.28 2.36 1.64
2.46 1.62 2.16 1.78
2.52 1.52 2.24 1.76
2.44 1.42 2.12 1.54
2.6 1.44 2.2 1.64
2.46 1.54 2.22 1.76
2.36 1.48 2.22 1.7
2.36 1.44 2.22 1.66
2.54 1.52 2.28 1.8
2.38 1.42 2.44 1.86
2.5 1.4 2.32 1.72
2.38 1.38 2.28 1.66
2.38 1.36 2.36 1.72
2.44 1.54 2.28 1.82
2.52 1.28 2.3 1.58
2.32 1.3 2.46 1.76
2.46 1.52 2.2 1.72
2.44 1.26 2.4 1.66
2.54 1.4 2.34 1.74
2.48 1.54 2.1 1.64
2.28 1.54 2.24 1.78
2.2 1.42 2.42 1.84
2.5 1.46 2.18 1.64
2.46 1.54 2.2 1.74
2.5 1.64 2.08 1.72
2.4 1.32 2.42 1.74
2.52 1.62 2.2 1.82
2.62 1.46 2.24 1.7
2.52 1.4 2.24 1.64
2.58 1.68 2.14 1.82
2.5 1.4 2.36 1.76
2.4 1.22 2.46 1.68
2.46 1.52 2.32 1.84
2.3 1.3 2.42 1.72
2.28 1.44 2.22 1.66
2.44 1.48 2.22 1.7
2.42 1.52 2.26 1.78
2.48 1.46 2.26 1.72
2.58 1.46 2.18 1.64
2.5 1.34 2.34 1.68
2.32 1.3 2.44 1.74
2.44 1.42 2.24 1.66
2.36 1.44 2.28 1.72
2.62 1.4 2.24 1.64
2.48 1.4 2.38 1.78
2.62 1.64 2.06 1.7
2.48 1.5 2.3 1.8
2.44 1.32 2.4 1.72
2.48 1.4 2.34 1.74
2.48 1.42 2.24 1.66
2.4 1.38 2.36 1.74
2.4 1.34 2.38 1.72
2.44 1.34 2.4 1.74
2.46 1.4 2.26 1.66
2.32 1.4 2.38 1.78
2.48 1.5 2.14 1.64
2.5 1.36 2.34 1.7
2.48 1.48 2.26 1.74
2.4 1.38 2.3 1.68
2.36 1.32 2.28 1.6
2.56 1.36 2.42 1.78
2.32 1.36 2.42 1.78
2.46 1.32 2.38 1.7
2.4 1.52 2.22 1.74
2.38 1.46 2.32 1.78
2.6 1.38 2.4 1.78
2.4 1.38 2.34 1.72
2.26 1.3 2.4 1.7
2.58 1.58 2.1 1.68
2.5 1.26 2.4 1.66
2.38 1.54 2.22 1.76
2.56 1.34 2.38 1.72
2.5 1.44 2.34 1.78
2.36 1.44 2.2 1.64
2.36 1.32 2.28 1.6
2.38 1.4 2.28 1.68
2.68 1.4 2.2 1.6
2.52 1.64 2.06 1.7
2.52 1.52 2.22 1.74
2.44 1.54 2.24 1.78
2.58 1.6 2.0 1.6
2.58 1.36 2.32 1.68
2.46 1.24 2.36 1.6
2.38 1.28 2.36 1.64
2.38 1.36 2.38 1.74
2.38 1.36 2.38 1.74
2.5 1.42 2.3 1.72
2.44 1.42 2.28 1.7
2.38 1.5 2.18 1.68
2.48 1.38 2.4 1.78
2.34 1.48 2.3 1.78
2.44 1.48 2.22 1.7
2.34 1.48 2.24 1.72
2.36 1.4 2.46 1.86
2.3 1.38 2.4 1.78
2.36 1.38 2.28 1.66
2.56 1.36 2.36 1.72
2.24 1.34 2.34 1.68
2.38 1.34 2.44 1.78
2.34 1.42 2.34 1.76
2.24 1.44 2.36 1.8
2.46 1.42 2.24 1.66
2.56 1.5 2.2 1.7
2.48 1.56 2.22 1.78
2.32 1.38 2.4 1.78
2.44 1.28 2.4 1.68
2.16 1.26 2.44 1.7
2.54 1.46 2.2 1.66
2.4 1.48 2.28 1.76
2.42 1.5 2.22 1.72
2.4 1.24 2.5 1.74
2.46 1.32 2.34 1.66
2.54 1.46 2.38 1.84
2.36 1.4 2.36 1.76
2.4 1.3 2.34 1.64
2.46 1.46 2.28 1.74
2.36 1.46 2.34 1.8
2.34 1.28 2.3 1.58
2.66 1.5 2.2 1.7
2.6 1.64 2.1 1.74
2.5 1.58 2.08 1.66
2.58 1.48 2.2 1.68
2.42 1.28 2.38 1.66
2.52 1.48 2.1 1.58
2.44 1.5 2.22 1.72
2.46 1.52 2.16 1.68
2.58 1.5 2.28 1.78
2.48 1.3 2.42 1.72
2.54 1.7 2.08 1.78
2.4 1.26 2.42 1.68
2.28 1.4 2.42 1.82
2.42 1.26 2.24 1.5
2.34 1.36 2.34 1.7
2.34 1.44 2.3 1.74
2.44 1.5 2.28 1.78
2.46 1.32 2.3 1.62
2.24 1.42 2.32 1.74
2.44 1.34 2.4 1.74
2.28 1.48 2.32 1.8
2.38 1.4 2.3 1.7
2.58 1.44 2.28 1.72
2.3 1.46 2.24 1.7
2.48 1.58 2.24 1.82
2.58 1.32 2.36 1.68
2.5 1.36 2.24 1.6
2.52 1.5 2.24 1.74
2.46 1.52 2.32 1.84
2.48 1.58 2.24 1.82
2.12 1.36 2.44 1.8
2.26 1.42 2.32 1.74
2.4 1.4 2.34 1.74
2.48 1.42 2.16 1.58
2.58 1.54 2.24 1.78
2.62 1.62 2.08 1.7
2.4 1.46 2.24 1.7
2.56 1.48 2.16 1.64
2.36 1.32 2.44 1.76
2.16 1.34 2.44 1.78
2.36 1.6 2.24 1.84
2.42 1.52 2.2 1.72
2.44 1.52 2.22 1.74
2.46 1.52 2.3 1.82
2.34 1.38 2.32 1.7
2.52 1.54 2.26 1.8
2.32 1.34 2.46 1.8
2.34 1.4 2.34 1.74
2.2 1.32 2.26 1.58
2.38 1.34 2.22 1.56
2.44 1.28 2.36 1.64
2.4 1.52 2.26 1.78
2.62 1.56 2.18 1.74
2.5 1.32 2.42 1.74
2.56 1.52 2.26 1.78
2.48 1.42 2.28 1.7
2.42 1.3 2.38 1.68
2.54 1.4 2.26 1.66
2.5 1.44 2.38 1.82
2.46 1.44 2.28 1.72
2.58 1.76 2.04 1.8
2.34 1.26 2.34 1.6
2.4 1.54 2.24 1.78
2.36 1.38 2.36 1.74
2.4 1.36 2.34 1.7
2.38 1.28 2.34 1.62
2.5 1.42 2.22 1.64
2.36 1.44 2.2 1.64
2.28 1.38 2.42 1.8
2.58 1.58 2.1 1.68
2.48 1.46 2.26 1.72
2.46 1.44 2.22 1.66
2.54 1.52 2.26 1.78
2.56 1.44 2.28 1.72
2.58 1.54 2.18 1.72
2.54 1.62 2.2 1.82
2.4 1.44 2.32 1.76
2.4 1.42 2.3 1.72
2.4 1.5 2.38 1.88
2.56 1.48 2.24 1.72
2.56 1.52 2.24 1.76
2.42 1.46 2.28 1.74
2.32 1.2 2.44 1.64
2.54 1.38 2.34 1.72
2.46 1.48 2.22 1.7
2.44 1.48 2.3 1.78
2.3 1.58 2.2 1.78
2.28 1.5 2.28 1.78
2.48 1.44 2.32 1.76
2.44 1.68 2.06 1.74
2.42 1.46 2.32 1.78
2.5 1.38 2.28 1.66
2.52 1.32 2.38 1.7
2.62 1.52 2.12 1.64
2.3 1.38 2.38 1.76
2.44 1.44 2.22 1.66
2.46 1.42 2.36 1.78
2.36 1.36 2.28 1.64
2.3 1.48 2.22 1.7
2.56 1.54 2.2 1.74
2.48 1.42 2.28 1.7
2.48 1.48 2.3 1.78
2.36 1.38 2.32 1.7
2.36 1.26 2.44 1.7
2.62 1.32 2.34 1.66
2.52 1.42 2.32 1.74
2.32 1.4 2.38 1.78
2.38 1.32 2.48 1.8
2.44 1.54 2.26 1.8
2.52 1.3 2.34 1.64
2.52 1.44 2.34 1.78
2.32 1.4 2.38 1.78
2.54 1.4 2.3 1.7
2.58 1.7 2.02 1.72
2.52 1.48 2.2 1.68
2.34 1.42 2.36 1.78
2.48 1.48 2.14 1.62
2.54 1.4 2.36 1.76
2.52 1.36 2.38 1.74
2.48 1.54 2.26 1.8
2.48 1.46 2.3 1.76
2.54 1.56 2.22 1.78
2.48 1.4 2.18 1.58
2.48 1.52 2.22 1.74
2.38 1.3 2.32 1.62
2.6 1.7 2.12 1.82
2.48 1.5 2.16 1.66
2.38 1.48 2.26 1.74
2.3 1.58 2.16 1.74
2.5 1.42 2.26 1.68
2.44 1.48 2.16 1.64
2.26 1.38 2.44 1.82
2.26 1.34 2.44 1.78
2.3 1.38 2.34 1.72
2.44 1.28 2.4 1.68
2.52 1.46 2.3 1.76
2.3 1.28 2.5 1.78
2.12 1.26 2.52 1.78
2.46 1.36 2.22 1.58
2.5 1.64 2.12 1.76
2.38 1.42 2.26 1.68
2.36 1.42 2.34 1.76
2.54 1.38 2.28 1.66
2.36 1.28 2.22 1.5
2.24 1.32 2.4 1.72
2.34 1.46 2.24 1.7
2.42 1.44 2.3 1.74
2.34 1.44 2.28 1.72
2.44 1.48 2.2 1.68
2.42 1.52 2.28 1.8
2.28 1.26 2.5 1.76
2.32 1.4 2.4 1.8
2.66 1.4 2.26 1.66
2.44 1.44 2.28 1.72
2.26 1.48 2.3 1.78
2.4 1.36 2.36 1.72
2.36 1.52 2.2 1.72
2.46 1.44 2.1 1.54
2.36 1.44 2.28 1.72
2.44 1.58 2.16 1.74
2.3 1.34 2.32 1.66
2.44 1.54 2.36 1.9
2.36 1.44 2.2 1.64
2.3 1.24 2.36 1.6
2.48 1.52 2.2 1.72
2.44 1.56 2.26 1.82
2.48 1.48 2.24 1.72
2.36 1.34 2.24 1.58
2.3 1.44 2.32 1.76
2.38 1.58 2.18 1.76
2.24 1.32 2.42 1.74
2.56 1.56 2.08 1.64
2.52 1.54 2.26 1.8
2.46 1.46 2.22 1.68
2.34 1.36 2.36 1.72
2.6 1.54 2.12 1.66
2.38 1.68 2.08 1.76
2.42 1.34 2.42 1.76
2.4 1.34 2.26 1.6
2.34 1.36 2.36 1.72
2.54 1.5 2.2 1.7
2.5 1.36 2.38 1.74
2.34 1.3 2.34 1.64
2.38 1.22 2.46 1.68
2.32 1.4 2.38 1.78
2.26 1.5 2.38 1.88
2.54 1.64 2.18 1.82
2.34 1.34 2.44 1.78
2.4 1.58 2.14 1.72
2.44 1.5 2.24 1.74
2.56 1.5 2.18 1.68
2.54 1.5 2.28 1.78
2.52 1.38 2.22 1.6
2.36 1.4 2.26 1.66
2.3 1.36 2.34 1.7
2.52 1.48 2.28 1.76
2.52 1.56 2.14 1.7
2.4 1.52 2.3 1.82
2.54 1.54 2.16 1.7
2.58 1.4 2.28 1.68
2.46 1.42 2.26 1.68
2.58 1.52 2.12 1.64
2.5 1.52 2.2 1.72
2.62 1.62 2.04 1.66
2.4 1.44 2.44 1.88
2.38 1.3 2.3 1.6
2.36 1.48 2.3 1.78
2.24 1.38 2.36 1.74
2.5 1.6 2.26 1.86
2.52 1.34 2.2 1.54
2.4 1.28 2.42 1.7
2.5 1.38 2.28 1.66
2.5 1.4 2.32 1.72
2.28 1.3 2.36 1.66
2.52 1.5 2.18 1.68
2.48 1.46 2.26 1.72
2.6 1.4 2.28 1.68
2.52 1.56 2.2 1.76
2.4 1.42 2.28 1.7
2.66 1.6 2.22 1.82
2.6 1.76 2.02 1.78
2.46 1.42 2.28 1.7
2.18 1.52 2.34 1.86
2.44 1.54 2.18 1.72
2.32 1.42 2.26 1.68
2.34 1.4 2.2 1.6
2.62 1.54 2.12 1.66
2.46 1.48 2.3 1.78
2.36 1.34 2.38 1.72
2.52 1.58 2.16 1.74
2.5 1.54 2.2 1.74
2.52 1.4 2.26 1.66
2.5 1.42 2.26 1.68
2.28 1.44 2.26 1.7
2.56 1.44 2.26 1.7
2.48 1.3 2.28 1.58
2.46 1.62 2.18 1.8
2.3 1.3 2.42 1.72
2.5 1.38 2.44 1.82
2.28 1.44 2.28 1.72
2.52 1.46 2.22 1.68
2.32 1.34 2.38 1.72
2.48 1.5 2.16 1.66
2.54 1.4 2.36 1.76
2.430648 1.430204 2.284696 1.7149
