3.74 4.3 10.62 8.92
3.86 4.18 10.1 8.28
3.86 4.22 10.24 8.46
3.78 4.56 10.78 9.34
3.9 3.94 10.26 8.2
3.8 4.04 10.46 8.5
3.82 4.74 10.12 8.86
3.86 4.32 9.62 7.94
3.88 4.5 10.34 8.84
3.82 3.62 10.6 8.22
3.74 4.28 10.1 8.38
3.82 4.34 9.48 7.82
3.9 4.04 9.88 7.92
3.88 4.92 10.16 9.08
3.82 4.18 9.56 7.74
3.82 5.14 9.02 8.16
3.8 4.3 10.02 8.32
3.82 4.12 10.04 8.16
3.8 4.14 10.76 8.9
3.82 4.3 9.9 8.2
3.74 3.98 9.7 7.68
3.8 3.88 9.62 7.5
3.72 3.76 10.92 8.68
3.74 3.88 11.22 9.1
3.74 4.42 10.3 8.72
3.86 3.7 10.56 8.26
3.72 3.46 11.24 8.7
3.84 4.08 9.68 7.76
3.7 3.94 10.88 8.82
3.84 4.6 9.9 8.5
3.74 4.46 10.04 8.5
3.78 3.94 10.58 8.52
3.82 3.7 11.02 8.72
3.78 4.16 10.26 8.42
3.76 3.68 11.2 8.88
3.9 3.96 10.52 8.48
3.86 4.06 10.48 8.54
3.78 2.9 10.48 7.38
3.86 4.68 9.5 8.18
3.8 3.84 10.32 8.16
3.74 4.42 10.12 8.54
3.8 5.14 9.78 8.92
3.7 3.68 10.16 7.84
3.86 3.84 10.3 8.14
3.8 3.94 10.86 8.8
3.74 4.18 10.08 8.26
3.88 4.36 9.28 7.64
3.78 3.44 10.46 7.9
3.82 5.54 9.2 8.74
3.84 3.88 10.96 8.84
3.76 4.6 9.62 8.22
3.9 4.5 10.64 9.14
3.8 4.68 10.08 8.76
3.66 4.38 10.98 9.36
3.78 3.66 11.0 8.66
3.82 3.94 10.08 8.02
3.72 3.88 10.92 8.8
3.82 4.36 11.16 9.52
3.84 4.16 9.8 7.96
3.74 4.04 10.04 8.08
3.86 3.8 10.86 8.66
3.82 4.54 10.52 9.06
3.88 4.18 9.6 7.78
3.84 4.1 10.66 8.76
3.74 4.1 10.84 8.94
3.84 3.7 10.04 7.74
3.66 3.72 9.94 7.66
3.74 4.12 9.74 7.86
3.62 4.52 10.1 8.62
3.86 3.46 10.96 8.42
3.78 4.26 10.46 8.72
3.86 4.72 9.24 7.96
3.88 4.72 9.82 8.54
3.82 4.66 10.12 8.78
3.78 3.6 10.64 8.24
3.82 4.22 10.08 8.3
3.78 3.6 11.28 8.88
3.94 4.02 11.16 9.18
3.96 4.5 9.3 7.8
3.7 4.3 10.56 8.86
3.76 4.0 10.48 8.48
3.7 3.54 11.16 8.7
3.78 4.84 9.78 8.62
3.84 4.92 9.54 8.46
3.82 4.88 10.04 8.92
3.92 5.32 8.68 8.0
3.74 3.86 10.44 8.3
3.78 3.88 10.14 8.02
3.88 4.36 9.52 7.88
3.72 4.26 9.44 7.7
3.78 3.72 10.04 7.76
3.84 4.26 9.94 8.2
3.86 3.6 9.96 7.56
3.72 3.64 10.76 8.4
3.86 3.98 10.2 8.18
3.8 4.08 10.66 8.74
3.74 4.0 10.12 8.12
3.82 4.4 10.04 8.44
3.76 3.72 10.72 8.44
3.82 4.32 9.98 8.3
3.74 4.24 10.16 8.4
3.76 4.08 10.48 8.56
3.84 4.06 10.3 8.36
3.76 3.38 11.26 8.64
3.74 4.1 9.96 8.06
3.8 3.8 9.6 7.4
3.76 3.58 10.58 8.16
3.8 4.68 9.72 8.4
3.82 3.66 10.44 8.1
3.74 4.12 9.92 8.04
3.82 4.38 9.7 8.08
3.82 4.36 10.12 8.48
3.7 3.76 10.6 8.36
3.86 4.04 10.48 8.52
3.76 4.12 9.46 7.58
3.84 3.96 10.06 8.02
3.86 4.66 9.42 8.08
3.64 3.86 10.02 7.88
3.66 3.98 10.4 8.38
3.78 4.2 10.44 8.64
3.8 4.26 10.0 8.26
3.8 3.86 10.1 7.96
3.78 3.6 10.82 8.42
3.84 3.68 10.38 8.06
3.68 4.06 10.44 8.5
3.6 3.92 9.94 7.86
3.86 3.36 10.96 8.32
3.9 4.7 9.22 7.92
3.76 4.24 9.7 7.94
3.8 3.32 11.46 8.78
3.82 3.56 11.06 8.62
3.56 4.06 10.32 8.38
3.72 4.88 10.34 9.22
3.74 3.8 10.84 8.64
3.84 5.02 8.96 7.98
3.78 4.34 9.54 7.88
3.8 4.1 10.2 8.3
3.86 4.22 9.9 8.12
3.9 3.8 10.56 8.36
3.84 4.8 9.46 8.26
3.7 3.5 10.88 8.38
3.8 4.46 9.88 8.34
3.84 4.02 10.34 8.36
3.82 4.18 10.5 8.68
3.7 3.84 9.94 7.78
3.76 4.6 10.3 8.9
3.92 3.98 10.6 8.58
3.82 4.04 10.06 8.1
3.78 4.5 9.54 8.04
3.64 3.88 9.92 7.8
3.82 4.26 10.58 8.84
3.8 5.44 9.3 8.74
3.86 3.88 9.54 7.42
3.74 4.5 9.46 7.96
3.74 4.22 10.2 8.42
3.9 3.76 10.12 7.88
3.7 3.82 10.46 8.28
3.64 4.46 10.4 8.86
3.86 3.48 10.4 7.88
3.88 4.56 10.08 8.64
3.92 3.92 9.7 7.62
3.82 4.8 9.6 8.4
3.84 4.62 9.62 8.24
3.82 4.2 10.22 8.42
3.78 4.14 10.18 8.32
3.82 4.38 9.84 8.22
3.74 4.04 10.44 8.48
3.78 3.16 10.86 8.02
3.88 4.28 10.0 8.28
3.68 3.36 11.78 9.14
3.78 3.62 10.74 8.36
3.84 3.68 10.36 8.04
3.82 4.48 10.06 8.54
3.82 4.3 10.9 9.2
3.74 3.54 10.92 8.46
3.7 3.5 11.32 8.82
3.82 3.86 10.88 8.74
3.76 4.24 10.34 8.58
3.8 3.52 10.38 7.9
3.82 3.46 10.52 7.98
3.88 3.74 9.84 7.58
3.88 4.14 10.56 8.7
3.78 3.96 10.28 8.24
3.82 3.84 10.0 7.84
3.86 4.84 9.72 8.56
3.82 4.22 9.64 7.86
3.72 3.9 10.28 8.18
3.8 5.48 9.0 8.48
3.82 4.68 9.7 8.38
3.68 4.28 9.94 8.22
3.78 3.54 11.52 9.06
3.74 3.38 11.3 8.68
3.82 5.0 9.3 8.3
3.8 4.06 10.46 8.52
3.86 3.68 11.0 8.68
3.86 4.16 10.34 8.5
3.86 4.94 9.76 8.7
3.78 3.76 10.62 8.38
3.84 5.32 9.08 8.4
3.94 4.28 10.16 8.44
3.84 4.88 9.48 8.36
3.84 4.48 10.14 8.62
3.78 4.14 10.44 8.58
3.84 4.82 9.14 7.96
3.7 3.86 10.62 8.48
3.84 3.98 10.42 8.4
3.78 3.62 11.54 9.16
3.84 3.86 10.78 8.64
3.78 4.0 10.88 8.88
3.78 3.4 10.76 8.16
3.82 4.2 9.74 7.94
3.82 3.84 10.32 8.16
3.88 3.88 10.44 8.32
3.72 4.06 10.06 8.12
3.86 4.32 9.86 8.18
3.74 4.2 9.78 7.98
3.66 4.16 10.38 8.54
3.8 4.12 10.46 8.58
3.66 4.06 10.82 8.88
3.76 4.46 9.64 8.1
3.86 4.24 10.14 8.38
3.78 4.08 10.34 8.42
3.86 4.88 9.92 8.8
3.92 4.2 10.12 8.32
3.74 3.66 10.62 8.28
3.84 4.6 10.0 8.6
3.76 5.18 8.78 7.96
3.88 4.9 9.8 8.7
3.82 4.44 10.34 8.78
3.86 4.16 10.46 8.62
3.82 4.7 10.16 8.86
3.76 4.12 10.2 8.32
3.7 4.14 10.8 8.94
3.9 4.18 10.04 8.22
3.78 4.26 10.58 8.84
3.76 4.22 9.92 8.14
3.82 4.96 10.2 9.16
3.8 4.38 10.22 8.6
3.84 4.12 9.7 7.82
3.88 4.46 10.46 8.92
3.86 4.22 9.76 7.98
3.86 5.02 10.24 9.26
3.76 3.7 11.1 8.8
3.92 5.2 9.32 8.52
3.78 4.7 10.24 8.94
3.78 4.4 9.94 8.34
3.8 4.78 10.22 9.0
3.72 4.04 10.58 8.62
3.82 4.4 9.96 8.36
3.8 4.24 10.0 8.24
3.82 4.0 10.02 8.02
3.76 4.16 10.8 8.96
3.94 4.92 9.52 8.44
3.84 4.66 9.6 8.26
3.8 4.68 9.84 8.52
3.84 4.08 10.52 8.6
3.72 4.16 10.68 8.84
3.66 4.22 10.22 8.44
3.78 4.24 9.38 7.62
3.84 4.76 10.0 8.76
3.78 3.64 10.76 8.4
3.9 4.58 9.78 8.36
3.78 4.64 9.6 8.24
3.86 4.28 10.06 8.34
3.92 4.1 10.16 8.26
3.74 3.86 11.48 9.34
3.84 4.68 9.14 7.82
3.76 3.06 10.9 7.96
3.86 3.74 10.84 8.58
3.92 4.68 9.54 8.22
3.8 4.34 10.0 8.34
3.74 4.52 10.64 9.16
3.94 5.54 9.16 8.7
3.86 4.82 9.9 8.72
3.92 4.56 9.36 7.92
3.84 3.82 10.6 8.42
3.84 4.44 9.76 8.2
3.82 3.72 10.96 8.68
3.74 3.78 11.22 9.0
3.84 4.62 10.22 8.84
3.86 3.54 10.14 7.68
3.8 4.42 9.82 8.24
3.8 3.5 11.26 8.76
3.68 4.06 10.32 8.38
3.8 4.36 9.72 8.08
3.92 4.04 10.7 8.74
3.72 4.02 10.06 8.08
3.84 5.26 8.7 7.96
3.76 4.14 9.68 7.82
3.84 5.28 9.16 8.44
3.82 4.02 10.62 8.64
3.72 4.0 10.72 8.72
3.84 3.62 10.78 8.4
3.76 4.58 9.84 8.42
3.9 3.86 10.74 8.6
3.74 3.88 11.06 8.94
3.68 4.24 10.62 8.86
3.82 4.24 10.14 8.38
3.74 3.82 10.48 8.3
3.82 3.84 11.14 8.98
3.86 4.58 9.56 8.14
3.72 3.34 11.44 8.78
3.7 3.48 10.82 8.3
3.78 3.42 10.64 8.06
3.86 4.36 10.0 8.36
3.88 4.92 10.2 9.12
3.88 3.32 11.14 8.46
3.9 4.76 9.98 8.74
3.92 3.86 10.06 7.92
3.74 4.0 10.5 8.5
3.74 4.28 10.58 8.86
3.9 4.2 10.4 8.6
3.84 3.72 10.04 7.76
3.84 4.84 9.62 8.46
3.86 4.3 10.58 8.88
3.78 4.28 10.08 8.36
3.86 4.08 9.92 8.0
3.84 3.98 10.52 8.5
3.72 4.58 10.18 8.76
3.72 3.84 9.96 7.8
3.76 3.9 10.36 8.26
3.8 4.72 9.7 8.42
3.86 4.92 9.9 8.82
3.76 4.5 10.26 8.76
3.86 3.48 10.4 7.88
3.78 3.54 11.3 8.84
3.78 3.96 10.38 8.34
3.76 4.3 10.56 8.86
3.68 3.86 10.9 8.76
3.84 3.44 10.98 8.42
3.72 4.5 9.86 8.36
3.9 4.38 9.94 8.32
3.82 4.56 10.06 8.62
3.88 3.8 10.58 8.38
3.72 4.04 10.68 8.72
3.76 4.28 10.16 8.44
3.8 3.48 10.66 8.14
3.6 3.96 10.8 8.76
3.64 3.54 10.64 8.18
3.82 4.08 9.8 7.88
3.82 4.16 10.6 8.76
3.84 4.22 10.7 8.92
3.84 4.02 10.4 8.42
3.84 4.34 9.62 7.96
3.82 4.22 10.18 8.4
3.82 4.06 9.96 8.02
3.84 4.42 9.76 8.18
3.9 4.8 9.6 8.4
3.9 4.6 9.66 8.26
3.88 4.84 9.48 8.32
3.8 3.94 10.48 8.42
3.74 3.66 10.6 8.26
3.72 2.96 11.92 8.88
3.76 4.22 10.38 8.6
3.78 3.82 10.5 8.32
3.7 3.94 10.88 8.82
3.68 3.62 11.1 8.72
3.9 3.64 11.12 8.76
3.84 4.18 9.54 7.72
3.7 3.84 10.6 8.44
3.8 3.9 10.6 8.5
3.88 4.6 9.76 8.36
3.8 3.88 10.04 7.92
3.88 4.18 10.1 8.28
3.7 3.74 10.74 8.48
3.76 4.78 10.22 9.0
3.8 3.96 10.52 8.48
3.78 4.12 10.24 8.36
3.7 3.68 10.48 8.16
3.84 4.44 10.46 8.9
3.76 4.42 9.92 8.34
3.7 4.74 10.18 8.92
3.84 4.74 9.58 8.32
3.66 3.88 10.94 8.82
3.76 3.6 10.7 8.3
3.78 4.02 10.38 8.4
3.8 3.36 11.06 8.42
3.72 4.24 10.14 8.38
3.78 4.24 10.22 8.46
3.78 4.02 10.76 8.78
3.86 4.3 10.78 9.08
3.86 4.1 10.74 8.84
3.84 4.4 9.7 8.1
3.82 3.84 10.52 8.36
3.8 4.76 9.72 8.48
3.82 4.06 10.26 8.32
3.88 4.72 10.16 8.88
3.78 4.34 10.36 8.7
3.72 3.8 10.04 7.84
3.72 4.2 10.2 8.4
3.8 4.68 9.44 8.12
3.84 4.68 9.46 8.14
3.78 4.32 10.12 8.44
3.86 3.92 10.5 8.42
3.84 4.86 8.5 7.36
3.76 3.42 10.88 8.3
3.9 3.78 10.66 8.44
3.74 3.74 10.68 8.42
3.82 4.5 10.44 8.94
3.92 4.48 10.08 8.56
3.86 5.38 8.82 8.2
3.72 3.96 11.34 9.3
3.86 4.4 9.66 8.06
3.92 4.3 9.84 8.14
3.84 3.98 10.72 8.7
3.7 3.26 11.02 8.28
3.84 3.72 10.62 8.34
3.84 3.46 11.58 9.04
3.88 3.82 9.96 7.78
3.8 4.3 9.68 7.98
3.74 3.6 10.74 8.34
3.76 3.92 10.06 7.98
3.7 2.88 11.62 8.5
3.82 4.64 9.58 8.22
3.88 5.06 9.34 8.4
3.82 4.82 9.36 8.18
3.9 4.2 10.32 8.52
3.8 4.54 9.68 8.22
3.76 4.26 10.32 8.58
3.72 4.12 10.16 8.28
3.82 4.18 9.76 7.94
3.9 3.54 10.88 8.42
3.74 3.94 10.94 8.88
3.72 4.08 10.2 8.28
3.76 3.8 10.86 8.66
3.76 4.3 10.32 8.62
3.92 5.28 9.08 8.36
3.84 5.06 9.42 8.48
3.84 3.98 10.0 7.98
3.74 3.74 10.44 8.18
3.86 4.26 10.2 8.46
3.8 3.86 10.26 8.12
3.84 4.82 9.02 7.84
3.74 3.28 11.08 8.36
3.84 4.42 9.86 8.28
3.88 4.28 9.62 7.9
3.78 4.2 9.52 7.72
3.84 4.2 10.06 8.26
3.82 3.54 10.6 8.14
3.78 4.28 10.16 8.44
3.76 3.36 11.3 8.66
3.84 4.58 11.3 9.88
3.9 3.7 10.88 8.58
3.76 3.9 10.62 8.52
3.76 4.46 9.96 8.42
3.78 4.54 9.86 8.4
3.7 3.88 10.5 8.38
3.86 3.9 10.52 8.42
3.76 4.52 9.76 8.28
3.84 4.82 8.88 7.7
3.84 4.74 9.74 8.48
3.74 4.36 9.92 8.28
3.76 4.0 10.48 8.48
3.92 4.08 10.06 8.14
3.7 4.14 10.2 8.34
3.96 4.36 9.34 7.7
3.86 4.52 9.36 7.88
3.8 4.18 10.7 8.88
3.8 4.58 9.0 7.58
3.76 3.5 11.28 8.78
3.82 4.5 10.26 8.76
3.76 3.64 10.22 7.86
3.72 3.76 10.48 8.24
3.96 4.72 9.32 8.04
3.88 4.6 10.18 8.78
3.88 3.88 10.46 8.34
3.82 4.24 9.34 7.58
3.86 3.96 10.52 8.48
3.78 3.44 10.32 7.76
3.78 3.46 10.9 8.36
3.8 3.6 11.5 9.1
3.82 4.26 9.92 8.18
3.86 4.62 9.88 8.5
3.76 4.5 10.46 8.96
3.86 3.9 10.32 8.22
3.8 3.96 10.62 8.58
3.92 4.34 10.2 8.54
3.74 3.76 11.18 8.94
3.88 4.58 10.12 8.7
3.8 4.38 9.84 8.22
3.82 4.0 10.24 8.24
3.9 3.8 10.26 8.06
3.8 4.18 9.86 8.04
3.72 3.98 10.18 8.16
3.86 3.98 11.06 9.04
3.9 4.38 9.6 7.98
3.84 4.0 10.42 8.42
3.64 4.06 10.7 8.76
3.84 4.86 10.5 9.36
3.72 4.3 9.64 7.94
3.88 3.36 10.66 8.02
3.8 4.5 10.06 8.56
3.76 4.52 9.76 8.28
3.92 5.06 9.22 8.28
3.76 4.82 9.86 8.68
3.8 4.04 10.5 8.54
3.84 4.88 9.06 7.94
3.8 4.62 10.58 9.2
3.84 4.24 9.6 7.84
3.72 3.06 11.06 8.12
3.88 4.5 9.68 8.18
3.8 3.92 10.18 8.1
3.74 3.86 10.76 8.62
3.88 4.38 10.52 8.9
3.84 4.62 9.42 8.04
3.82 3.84 10.14 7.98
3.82 4.34 10.04 8.38
3.76 4.28 10.48 8.76
3.88 4.56 9.4 7.96
3.74 4.02 9.84 7.86
3.82 3.56 11.36 8.92
3.9 4.78 9.26 8.04
3.72 3.96 10.82 8.78
3.7 4.18 10.48 8.66
3.86 5.14 9.8 8.94
3.88 3.86 9.62 7.48
3.78 4.02 9.84 7.86
3.78 4.28 9.68 7.96
3.88 4.04 9.88 7.92
3.86 4.72 9.18 7.9
3.68 3.78 10.56 8.34
3.9 3.88 9.98 7.86
3.7 4.34 10.22 8.56
3.88 4.46 10.12 8.58
3.84 4.1 9.96 8.06
3.8 3.82 10.36 8.18
3.76 4.0 10.12 8.12
3.94 4.08 10.84 8.92
3.84 4.16 10.76 8.92
3.7 3.34 10.82 8.16
3.86 4.2 9.62 7.82
3.8 4.38 10.54 8.92
3.9 4.88 9.36 8.24
3.78 3.82 10.86 8.68
3.8 4.82 9.16 7.98
3.76 4.02 10.66 8.68
3.74 3.76 10.06 7.82
3.66 4.14 10.66 8.8
3.74 4.68 9.76 8.44
3.84 4.84 9.9 8.74
3.68 4.04 10.32 8.36
3.82 4.18 9.84 8.02
3.86 4.08 11.04 9.12
3.86 3.66 11.04 8.7
3.88 3.92 10.34 8.26
3.98 3.62 10.62 8.24
3.84 3.82 10.46 8.28
3.8 4.24 10.42 8.66
3.9 4.2 10.16 8.36
3.86 4.66 9.86 8.52
3.74 3.4 10.84 8.24
3.86 4.16 10.24 8.4
3.88 4.58 9.92 8.5
3.88 4.34 10.18 8.52
3.84 4.44 9.94 8.38
3.84 3.46 10.92 8.38
3.84 4.24 9.9 8.14
3.7 4.24 10.82 9.06
3.84 3.76 10.04 7.8
3.9 4.18 10.08 8.26
3.8 4.64 9.66 8.3
3.82 3.94 10.06 8.0
3.8 3.98 10.18 8.16
3.86 3.96 10.22 8.18
3.82 3.82 10.52 8.34
3.7 5.62 9.5 9.12
3.84 4.52 9.7 8.22
3.82 3.46 11.88 9.34
3.96 5.28 9.08 8.36
3.72 3.38 10.96 8.34
3.7 3.86 10.48 8.34
3.78 4.42 10.28 8.7
3.82 4.58 9.78 8.36
3.72 3.88 11.02 8.9
3.88 4.38 10.02 8.4
3.84 3.76 10.34 8.1
3.82 3.96 10.24 8.2
3.72 4.64 9.96 8.6
3.82 3.82 10.76 8.58
3.76 4.4 10.38 8.78
3.92 4.94 9.62 8.56
3.84 4.76 9.38 8.14
3.72 3.34 11.68 9.02
3.64 3.84 10.78 8.62
3.58 3.74 10.76 8.5
3.88 3.92 10.8 8.72
3.78 3.8 9.54 7.34
3.82 4.18 10.06 8.24
3.72 3.18 11.28 8.46
3.88 4.3 9.7 8.0
3.84 4.24 10.74 8.98
3.82 4.16 10.52 8.68
3.8 4.44 9.36 7.8
3.88 4.6 9.9 8.5
3.92 4.74 9.8 8.54
3.66 4.02 9.96 7.98
3.9 4.18 10.3 8.48
3.86 4.96 9.82 8.78
3.66 4.06 10.34 8.4
3.68 3.66 11.22 8.88
3.8 4.48 9.58 8.06
3.72 4.66 10.18 8.84
3.74 3.94 10.48 8.42
3.82 3.82 9.82 7.64
3.84 4.22 10.34 8.56
3.76 4.32 10.26 8.58
3.86 4.22 10.4 8.62
3.9 4.56 9.42 7.98
3.76 3.62 10.72 8.34
3.64 3.98 10.56 8.54
3.82 4.42 10.06 8.48
3.74 4.68 10.02 8.7
3.74 4.7 10.58 9.28
3.8 5.16 9.94 9.1
3.7 4.3 10.1 8.4
3.86 5.0 10.04 9.04
3.84 4.54 9.68 8.22
4.0 4.04 10.46 8.5
3.88 3.84 10.74 8.58
3.82 4.42 9.8 8.22
3.72 3.96 10.9 8.86
3.8 3.96 10.24 8.2
3.86 3.76 10.36 8.12
3.84 4.24 9.88 8.12
3.66 4.34 10.96 9.3
3.72 3.96 10.32 8.28
3.86 4.7 9.7 8.4
3.78 4.22 10.44 8.66
3.86 4.46 9.9 8.36
3.8 4.46 9.24 7.7
3.86 3.8 10.38 8.18
3.68 3.04 11.54 8.58
3.8 4.1 10.24 8.34
3.72 3.48 11.0 8.48
3.82 3.44 10.94 8.38
3.82 4.22 9.5 7.72
3.84 3.8 10.36 8.16
3.76 3.48 10.88 8.36
3.82 3.62 11.08 8.7
3.78 3.78 10.84 8.62
3.76 3.8 10.32 8.12
3.8 4.16 10.28 8.44
3.8 4.2 10.02 8.22
3.94 4.5 9.94 8.44
3.84 3.98 10.58 8.56
3.9 4.1 10.38 8.48
3.8 4.42 10.4 8.82
3.78 4.4 9.54 7.94
3.92 4.44 9.48 7.92
3.78 4.32 10.7 9.02
3.86 4.58 10.24 8.82
3.8 3.7 11.38 9.08
3.86 4.42 10.12 8.54
3.64 4.08 10.82 8.9
3.7 4.6 10.26 8.86
3.74 3.3 11.2 8.5
3.9 4.1 9.94 8.04
3.74 4.24 10.18 8.42
3.8 3.46 11.18 8.64
3.72 3.58 10.22 7.8
3.8 4.32 9.86 8.18
3.76 3.88 10.98 8.86
3.9 4.0 9.66 7.66
3.74 3.64 11.16 8.8
3.8 3.62 10.92 8.54
3.64 3.72 11.32 9.04
3.64 3.36 11.12 8.48
3.86 4.72 9.74 8.46
3.82 4.1 10.72 8.82
3.84 3.88 10.18 8.06
3.78 4.22 9.86 8.08
3.8 3.82 10.06 7.88
3.84 4.16 9.76 7.92
3.8 3.66 10.68 8.34
3.78 4.0 10.76 8.76
3.74 3.7 10.2 7.9
3.8 4.3 10.44 8.74
3.76 4.62 9.34 7.96
3.88 4.6 9.54 8.14
3.86 3.92 10.96 8.88
3.76 4.36 9.88 8.24
3.82 4.0 10.58 8.58
3.7 3.18 10.72 7.9
3.76 4.24 9.84 8.08
3.78 4.78 9.2 7.98
3.84 3.94 9.56 7.5
3.84 4.24 9.76 8.0
3.78 3.94 10.26 8.2
3.8 4.12 10.1 8.22
3.7 3.92 10.72 8.64
3.86 3.72 10.54 8.26
3.84 4.46 10.28 8.74
3.68 3.7 10.22 7.92
3.74 3.5 10.98 8.48
3.9 3.8 9.62 7.42
3.84 4.56 9.4 7.96
3.8 3.56 10.88 8.44
3.9 4.12 9.86 7.98
3.86 4.7 9.76 8.46
3.84 3.34 11.08 8.42
3.86 3.76 9.72 7.48
3.78 3.32 10.92 8.24
3.82 4.02 10.1 8.12
3.78 4.64 10.5 9.14
3.84 3.58 11.08 8.66
3.88 4.22 10.12 8.34
3.86 4.78 10.0 8.78
3.8 3.76 10.84 8.6
3.78 4.12 9.4 7.52
3.78 4.56 9.56 8.12
3.82 4.0 9.82 7.82
3.8 4.06 10.58 8.64
3.88 4.26 10.02 8.28
3.84 4.46 9.48 7.94
3.84 3.62 10.42 8.04
3.82 4.06 10.52 8.58
3.78 4.3 9.46 7.76
3.7 3.72 11.16 8.88
3.7 4.86 10.22 9.08
3.78 3.16 11.0 8.16
3.82 4.04 9.8 7.84
3.7 4.3 9.94 8.24
3.84 4.08 10.62 8.7
3.78 4.58 9.52 8.1
3.86 4.68 9.62 8.3
3.86 4.28 9.46 7.74
3.88 3.68 9.92 7.6
3.86 4.88 9.26 8.14
3.82 4.98 9.52 8.5
3.86 4.56 10.26 8.82
3.86 4.86 9.84 8.7
3.9 4.34 10.22 8.56
3.84 4.06 10.22 8.28
3.94 4.66 9.7 8.36
3.84 4.5 9.56 8.06
3.74 4.2 10.54 8.74
3.7 4.0 10.9 8.9
3.82 5.26 9.08 8.34
3.88 3.56 10.58 8.14
3.88 3.82 10.26 8.08
3.72 4.6 10.18 8.78
3.76 4.28 10.56 8.84
3.86 4.44 9.7 8.14
3.88 5.04 9.36 8.4
3.88 4.54 9.72 8.26
3.76 4.18 10.36 8.54
3.74 3.74 10.78 8.52
3.8 4.04 9.54 7.58
3.76 3.68 10.68 8.36
3.82 4.7 10.06 8.76
3.72 3.7 10.88 8.58
3.84 4.18 10.02 8.2
3.86 3.94 10.08 8.02
3.84 5.26 9.0 8.26
3.86 3.84 10.76 8.6
3.8 4.32 10.42 8.74
3.92 4.18 9.88 8.06
3.8 4.82 9.06 7.88
3.68 3.98 10.06 8.04
3.72 3.72 9.98 7.7
3.86 5.2 8.96 8.16
3.76 3.26 10.82 8.08
3.7 2.74 11.6 8.34
3.82 4.28 9.8 8.08
3.86 4.78 9.12 7.9
3.76 3.88 10.36 8.24
3.7 4.24 9.98 8.22
3.78 4.7 9.52 8.22
3.9 4.2 10.36 8.56
3.68 4.0 10.54 8.54
3.86 4.26 10.64 8.9
3.82 3.98 10.48 8.46
3.82 4.02 10.42 8.44
3.86 3.86 10.04 7.9
3.76 3.9 11.04 8.94
3.82 4.22 10.5 8.72
3.92 5.0 8.82 7.82
3.8 5.24 9.48 8.72
3.82 4.72 8.9 7.62
3.74 3.42 10.8 8.22
3.58 4.22 10.26 8.48
3.84 4.5 10.48 8.98
3.68 3.86 10.54 8.4
3.8 4.36 10.18 8.54
3.76 4.28 9.6 7.88
3.72 3.86 10.84 8.7
3.84 4.6 9.58 8.18
3.84 4.08 9.68 7.76
3.82 4.3 9.48 7.78
3.84 4.16 10.7 8.86
3.94 4.44 10.32 8.76
3.72 4.4 9.82 8.22
3.9 4.2 9.96 8.16
3.88 3.68 10.2 7.88
3.86 4.14 10.3 8.44
3.74 3.56 10.9 8.46
3.76 4.3 9.88 8.18
3.78 4.04 10.9 8.94
3.82 4.06 9.9 7.96
3.66 3.74 10.78 8.52
3.74 3.76 11.5 9.26
3.78 3.56 10.66 8.22
3.76 4.24 10.12 8.36
3.82 3.58 10.64 8.22
3.74 4.12 10.72 8.84
3.82 4.08 10.24 8.32
3.62 3.32 11.16 8.48
3.8 3.86 10.64 8.5
3.84 4.56 9.66 8.22
3.78 4.02 10.02 8.04
3.78 4.24 10.14 8.38
3.8 3.74 10.36 8.1
3.74 3.78 11.4 9.18
3.84 4.26 10.2 8.46
3.82 4.64 9.62 8.26
3.9 4.12 10.38 8.5
3.72 4.2 10.56 8.76
3.76 3.9 10.34 8.24
3.9 4.8 9.54 8.34
3.76 4.66 9.84 8.5
3.7 3.68 10.38 8.06
3.78 4.14 9.68 7.82
3.88 4.32 9.2 7.52
3.72 3.26 10.34 7.6
3.88 3.9 10.18 8.08
3.88 4.4 10.18 8.58
3.7 3.48 10.76 8.24
3.88 4.14 9.48 7.62
3.84 3.92 9.9 7.82
3.74 4.2 10.3 8.5
3.9 5.2 9.48 8.68
3.92 4.64 9.74 8.38
3.72 3.7 10.44 8.14
3.72 4.1 10.54 8.64
3.72 3.62 10.94 8.56
3.72 4.2 9.98 8.18
3.82 3.96 10.28 8.24
3.76 4.14 10.32 8.46
3.84 4.52 9.88 8.4
3.74 3.3 10.64 7.94
3.86 4.8 9.2 8.0
3.9 4.74 9.24 7.98
3.76 4.3 11.0 9.3
3.8 4.14 9.94 8.08
3.78 4.06 10.28 8.34
3.8 3.84 9.94 7.78
3.82 3.8 11.1 8.9
3.82 3.96 10.48 8.44
3.78 3.86 10.3 8.16
3.86 3.64 10.4 8.04
3.66 3.8 11.68 9.48
3.8 4.1 10.62 8.72
3.86 4.08 10.08 8.16
3.86 4.24 9.58 7.82
3.8 4.44 10.32 8.76
3.76 3.78 10.08 7.86
3.86 4.96 9.16 8.12
3.8 3.82 10.58 8.4
3.82 3.98 10.66 8.64
3.9 4.38 9.76 8.14
3.76 4.46 10.42 8.88
3.72 3.84 10.6 8.44
3.68 4.36 10.84 9.2
3.78 3.98 10.44 8.42
3.88 4.38 9.48 7.86
3.82 4.24 10.5 8.74
3.78 3.92 10.5 8.42
3.76 4.2 10.14 8.34
3.78 4.06 10.1 8.16
3.76 3.7 11.02 8.72
3.74 3.8 10.6 8.4
3.84 4.44 10.44 8.88
3.9 3.84 11.02 8.86
3.86 4.84 9.3 8.14
3.88 3.9 10.12 8.02
3.84 4.28 9.68 7.96
3.78 3.8 10.96 8.76
3.76 3.86 10.06 7.92
3.76 3.78 10.8 8.58
3.88 4.84 9.56 8.4
3.7 3.86 10.72 8.58
3.7 4.06 9.64 7.7
3.74 3.98 10.46 8.44
3.88 4.26 9.34 7.6
3.86 3.84 10.5 8.34
3.82 4.44 10.02 8.46
3.82 4.62 9.56 8.18
3.74 3.68 10.58 8.26
3.84 4.64 9.32 7.96
3.92 4.12 9.68 7.8
3.76 3.72 10.54 8.26
3.92 3.84 10.44 8.28
3.72 3.22 10.6 7.82
3.78 4.14 9.74 7.88
3.78 4.48 9.78 8.26
3.84 4.38 10.0 8.38
3.86 4.64 10.28 8.92
3.8 3.54 11.26 8.8
3.66 3.46 11.4 8.86
3.76 4.18 10.5 8.68
3.86 3.78 10.46 8.24
3.74 4.22 10.18 8.4
3.74 3.42 11.14 8.56
3.92 4.04 9.82 7.86
3.86 4.2 9.64 7.84
3.86 3.7 10.32 8.02
3.7 4.1 10.82 8.92
3.88 3.98 10.38 8.36
3.76 3.76 11.0 8.76
3.78 4.42 10.06 8.48
3.82 4.16 10.04 8.2
3.8 4.4 9.84 8.24
3.96 4.0 9.9 7.9
3.86 4.12 10.24 8.36
3.78 4.48 10.12 8.6
3.72 3.6 10.4 8.0
3.76 4.3 10.06 8.36
3.74 3.66 10.12 7.78
3.7 3.7 10.94 8.64
3.72 3.74 10.7 8.44
3.7 3.8 10.9 8.7
3.84 3.88 10.66 8.54
3.84 4.42 9.36 7.78
3.82 4.12 10.66 8.78
3.7 3.46 10.5 7.96
3.7 3.74 11.24 8.98
3.78 4.32 9.62 7.94
3.84 5.0 9.34 8.34
3.88 4.2 9.86 8.06
3.74 4.06 10.14 8.2
3.8 4.0 10.88 8.88
3.9 4.34 10.24 8.58
3.84 4.54 9.7 8.24
3.86 4.5 10.0 8.5
3.86 4.7 10.56 9.26
3.92 3.78 10.28 8.06
3.64 3.98 10.56 8.54
3.8 3.88 9.82 7.7
3.82 4.32 9.86 8.18
3.7 3.5 11.12 8.62
3.82 3.96 10.34 8.3
3.66 3.84 10.6 8.44
3.76 3.52 11.0 8.52
3.68 3.82 10.18 8.0
3.76 4.02 10.38 8.4
3.88 4.64 9.96 8.6
3.82 3.98 10.48 8.46
3.74 4.06 9.9 7.96
3.78 3.88 10.94 8.82
3.92 4.8 9.82 8.62
3.86 5.04 9.46 8.5
3.8 3.96 10.98 8.94
3.86 4.4 9.66 8.06
3.82 3.78 10.64 8.42
3.72 3.62 10.9 8.52
3.78 4.18 10.02 8.2
3.84 3.98 9.94 7.92
3.86 4.04 9.62 7.66
3.86 4.38 9.92 8.3
3.72 3.76 10.9 8.66
3.9 4.5 9.48 7.98
3.72 3.18 11.1 8.28
3.7 4.3 10.28 8.58
3.62 4.02 11.06 9.08
3.8 3.72 10.58 8.3
3.74 3.78 10.42 8.2
3.84 4.38 10.22 8.6
3.92 4.78 9.06 7.84
3.84 4.6 9.46 8.06
3.76 4.4 9.42 7.82
3.86 4.98 10.1 9.08
3.74 3.56 11.02 8.58
3.84 4.46 9.88 8.34
3.74 3.94 10.58 8.52
3.86 3.78 10.56 8.34
3.82 4.5 9.86 8.36
3.8 4.28 9.78 8.06
3.86 4.88 9.2 8.08
3.92 4.16 10.3 8.46
3.66 3.84 10.32 8.16
3.8 4.16 10.0 8.16
3.8 4.3 10.02 8.32
3.78 3.88 10.46 8.34
3.78 4.94 9.72 8.66
3.72 4.08 10.94 9.02
3.74 4.14 10.74 8.88
3.84 3.72 10.06 7.78
3.78 4.06 10.22 8.28
3.58 3.4 11.16 8.56
3.78 3.88 10.68 8.56
3.84 3.98 10.38 8.36
3.84 4.34 9.48 7.82
3.82 3.5 10.98 8.48
3.8 3.92 10.56 8.48
3.84 4.12 9.86 7.98
3.84 4.5 9.46 7.96
3.78 4.0 10.86 8.86
3.92 5.36 8.14 7.5
3.72 4.18 10.7 8.88
3.7 4.2 9.8 8.0
3.78 4.74 9.24 7.98
3.84 3.88 10.48 8.36
3.8 4.58 9.6 8.18
3.82 4.02 9.64 7.66
3.86 4.36 9.6 7.96
3.82 4.64 10.56 9.2
3.82 3.8 10.42 8.22
3.82 3.92 10.52 8.44
3.82 4.38 10.5 8.88
3.74 3.68 10.54 8.22
3.72 3.46 10.8 8.26
3.9 4.14 9.68 7.82
3.58 3.3 11.44 8.74
3.84 3.9 10.5 8.4
3.88 4.52 9.2 7.72
3.74 4.28 9.68 7.96
3.74 3.82 10.22 8.04
3.86 4.14 10.16 8.3
3.82 4.22 9.72 7.94
3.8 4.0 10.26 8.26
3.94 4.32 10.04 8.36
3.8 3.78 10.26 8.04
3.68 3.94 10.54 8.48
3.8 4.48 9.94 8.42
3.8 4.1 10.2 8.3
3.78 3.94 10.5 8.44
3.66 3.16 10.9 8.06
3.9 4.5 10.14 8.64
3.92 4.22 9.52 7.74
3.9 4.24 10.08 8.32
3.84 4.38 10.16 8.54
3.84 4.02 10.62 8.64
3.84 4.22 10.66 8.88
3.76 4.52 10.1 8.62
3.64 3.88 10.4 8.28
3.8 4.18 9.82 8.0
3.72 3.42 10.78 8.2
3.76 3.98 10.34 8.32
3.84 4.5 10.4 8.9
3.86 4.82 8.54 7.36
3.76 4.42 9.08 7.5
3.86 4.34 10.24 8.58
3.78 3.6 10.84 8.44
3.9 5.08 8.56 7.64
3.86 3.36 10.22 7.58
3.82 3.66 10.92 8.58
3.76 3.9 10.22 8.12
3.82 4.38 10.04 8.42
3.72 3.48 10.64 8.12
3.84 4.84 10.18 9.02
3.8 4.6 9.98 8.58
3.9 4.48 10.4 8.88
3.78 4.1 10.3 8.4
3.86 4.62 9.46 8.08
3.82 4.34 9.76 8.1
3.9 4.14 9.76 7.9
3.82 3.56 10.48 8.04
3.86 3.7 10.3 8.0
3.74 4.22 9.8 8.02
3.82 3.72 10.62 8.34
3.86 4.82 9.88 8.7
3.84 5.52 8.86 8.38
3.84 4.98 9.78 8.76
3.7 4.24 10.68 8.92
3.68 3.8 11.12 8.92
3.82 4.78 9.42 8.2
3.8 5.26 9.58 8.84
3.8 4.48 10.2 8.68
3.74 3.98 10.34 8.32
3.82 4.3 9.56 7.86
3.72 4.46 9.56 8.02
3.82 4.12 10.22 8.34
3.86 4.02 10.36 8.38
3.84 4.16 10.4 8.56
3.84 4.14 9.72 7.86
3.82 4.2 9.58 7.78
3.74 3.72 10.92 8.64
3.86 3.96 10.64 8.6
3.8 3.76 9.6 7.36
3.74 4.1 9.84 7.94
3.78 3.94 10.12 8.06
3.84 4.12 9.58 7.7
3.88 5.0 9.8 8.8
3.82 3.92 11.0 8.92
3.9 4.56 8.88 7.44
3.7 3.64 11.04 8.68
3.88 4.2 9.54 7.74
3.82 3.7 11.1 8.8
3.82 3.98 10.74 8.72
3.74 4.08 10.48 8.56
3.88 4.4 10.0 8.4
3.78 4.86 9.34 8.2
3.86 4.3 9.1 7.4
3.88 3.78 9.78 7.56
3.68 3.88 10.74 8.62
3.84 3.48 10.76 8.24
3.8 4.7 9.82 8.52
3.78 4.52 10.48 9.0
3.76 4.28 10.78 9.06
3.88 3.86 10.14 8.0
3.72 4.04 11.28 9.32
3.92 4.2 9.7 7.9
3.8 3.66 10.56 8.22
3.72 4.26 10.26 8.52
3.64 3.28 11.08 8.36
3.86 4.46 10.38 8.84
3.8 4.04 10.56 8.6
3.74 3.34 11.16 8.5
3.7 3.86 10.3 8.16
3.8 4.7 8.76 7.46
3.84 4.24 10.4 8.64
3.88 3.88 10.42 8.3
3.82 3.6 11.1 8.7
3.72 3.14 11.52 8.66
3.86 4.0 10.3 8.3
3.76 3.86 10.8 8.66
3.74 4.12 10.36 8.48
3.82 4.0 9.84 7.84
3.76 3.74 10.5 8.24
3.78 4.14 10.28 8.42
3.78 4.3 9.8 8.1
3.82 3.96 10.74 8.7
3.78 3.92 10.72 8.64
3.84 5.0 9.82 8.82
3.82 4.3 10.32 8.62
3.86 4.62 9.8 8.42
3.82 4.64 9.82 8.46
3.76 4.22 9.88 8.1
3.8 4.08 10.5 8.58
3.7 4.1 10.46 8.56
3.7 3.98 11.0 8.98
3.88 4.6 9.64 8.24
3.76 3.66 10.8 8.46
3.76 3.68 10.76 8.44
3.82 3.94 10.46 8.4
3.88 4.46 9.4 7.86
3.56 3.82 11.14 8.96
3.8 3.42 10.4 7.82
3.84 4.0 10.12 8.12
3.76 3.88 10.06 7.94
3.86 4.4 10.06 8.46
3.84 4.52 9.74 8.26
3.84 3.66 11.02 8.68
3.86 4.52 9.78 8.3
3.86 3.54 10.56 8.1
3.74 4.14 10.38 8.52
3.78 3.62 10.1 7.72
3.86 3.54 10.72 8.26
3.86 4.62 9.76 8.38
3.76 3.36 11.36 8.72
3.82 3.98 10.2 8.18
3.68 4.1 10.96 9.06
3.86 4.04 10.7 8.74
3.74 3.72 11.48 9.2
3.88 4.62 9.26 7.88
3.86 5.12 8.5 7.62
3.74 3.44 10.48 7.92
3.72 3.22 11.46 8.68
3.82 3.98 10.06 8.04
3.8 3.98 9.7 7.68
3.74 4.3 10.82 9.12
3.72 4.4 10.22 8.62
3.78 3.86 10.62 8.48
3.82 4.02 10.16 8.18
3.94 4.16 9.9 8.06
3.82 4.28 9.7 7.98
3.84 4.38 9.7 8.08
3.86 4.08 10.12 8.2
3.74 4.14 10.16 8.3
3.76 3.92 10.56 8.48
3.78 3.64 10.92 8.56
3.92 4.42 10.0 8.42
3.8 4.06 10.24 8.3
3.8 4.56 10.24 8.8
3.8 4.06 11.0 9.06
3.78 3.94 9.88 7.82
3.74 4.3 10.38 8.68
3.76 3.84 11.0 8.84
3.88 3.74 10.88 8.62
3.7 3.26 11.16 8.42
3.84 4.6 9.9 8.5
3.92 4.76 9.96 8.72
3.74 4.24 10.5 8.74
3.84 4.34 9.92 8.26
3.86 4.8 9.32 8.12
3.84 3.88 10.22 8.1
3.74 3.18 10.58 7.76
3.82 3.28 10.84 8.12
3.74 3.66 11.12 8.78
3.74 4.72 10.0 8.72
3.76 3.78 10.18 7.96
3.82 4.7 10.6 9.3
3.82 4.38 9.6 7.98
3.8 4.3 10.2 8.5
3.74 4.22 10.42 8.64
3.76 4.66 9.94 8.6
3.88 4.22 10.0 8.22
3.86 4.58 9.86 8.44
3.88 4.24 10.38 8.62
3.88 3.84 10.02 7.86
3.86 5.08 9.16 8.24
3.94 4.34 9.6 7.94
3.8 4.12 10.18 8.3
3.76 4.8 9.96 8.76
3.82 3.1 10.82 7.92
3.74 3.58 11.0 8.58
3.66 3.54 11.62 9.16
3.84 3.94 9.88 7.82
3.74 4.16 10.62 8.78
3.82 4.38 10.34 8.72
3.84 4.18 9.28 7.46
3.86 4.48 9.98 8.46
3.7 3.92 10.88 8.8
3.76 3.74 10.68 8.42
3.84 4.56 10.38 8.94
3.8 4.1 10.24 8.34
3.78 3.7 10.62 8.32
3.9 4.38 9.84 8.22
3.88 3.84 9.8 7.64
3.9 4.34 10.14 8.48
3.8 3.6 10.68 8.28
3.86 3.92 10.7 8.62
3.92 3.98 10.44 8.42
3.92 4.52 9.5 8.02
3.78 4.12 9.7 7.82
3.84 4.62 9.56 8.18
3.78 4.64 9.48 8.12
3.82 4.2 9.44 7.64
3.86 4.62 9.88 8.5
3.9 4.24 10.0 8.24
3.66 3.72 11.02 8.74
3.8 4.08 10.24 8.32
3.8 4.22 9.9 8.12
3.82 4.34 9.5 7.84
3.82 4.94 9.84 8.78
3.7 3.62 10.84 8.46
3.76 4.18 10.18 8.36
3.84 4.28 10.28 8.56
3.86 4.66 9.3 7.96
3.86 4.78 9.48 8.26
3.86 4.64 9.98 8.62
3.8 4.42 9.86 8.28
3.84 3.54 10.86 8.4
3.72 4.76 9.62 8.38
3.92 4.46 9.7 8.16
3.8 4.62 9.86 8.48
3.84 4.12 10.38 8.5
3.76 3.6 9.72 7.32
3.82 4.48 10.14 8.62
3.7 4.0 10.7 8.7
3.76 3.82 10.48 8.3
3.8 4.24 10.24 8.48
3.76 3.3 10.36 7.66
3.82 4.42 10.3 8.72
3.78 4.62 10.32 8.94
3.74 3.4 10.66 8.06
3.84 3.98 10.0 7.98
3.66 3.52 10.48 8.0
3.82 4.78 9.6 8.38
3.84 4.04 9.78 7.82
3.7 4.28 10.44 8.72
3.82 4.46 9.86 8.32
3.84 3.78 10.56 8.34
3.84 3.58 10.3 7.88
3.78 4.58 9.68 8.26
3.86 3.94 10.4 8.34
3.66 4.14 10.34 8.48
3.84 4.98 9.24 8.22
3.86 4.24 9.56 7.8
3.82 3.8 10.56 8.36
3.76 4.08 10.94 9.02
3.86 4.56 9.98 8.54
3.84 4.54 10.12 8.66
3.62 3.96 10.38 8.34
3.76 3.98 10.62 8.6
3.8 4.34 9.36 7.7
3.78 4.48 9.58 8.06
3.9 4.22 10.28 8.5
3.82 4.74 9.48 8.22
3.88 4.28 9.94 8.22
3.94 4.06 10.64 8.7
3.76 3.98 10.58 8.56
3.7 4.3 10.9 9.2
3.86 3.6 10.56 8.16
3.78 4.68 10.3 8.98
3.88 4.46 9.36 7.82
3.7 3.7 10.52 8.22
3.76 4.46 10.24 8.7
3.74 3.02 11.66 8.68
3.72 4.16 10.36 8.52
3.72 3.38 10.68 8.06
3.84 3.76 10.6 8.36
3.82 4.18 10.12 8.3
3.64 4.16 10.04 8.2
3.68 3.88 10.42 8.3
3.82 4.42 10.24 8.66
3.74 4.18 9.74 7.92
3.86 4.22 10.08 8.3
3.94 4.88 9.56 8.44
3.92 4.96 9.74 8.7
3.86 3.9 10.76 8.66
3.74 3.38 11.0 8.38
3.92 4.96 9.46 8.42
3.84 3.84 10.64 8.48
3.82 4.3 9.84 8.14
3.82 3.9 10.8 8.7
3.78 3.82 10.76 8.58
3.72 3.06 11.3 8.36
3.72 4.44 10.04 8.48
3.76 3.76 10.54 8.3
3.84 4.06 10.24 8.3
3.76 3.82 10.78 8.6
3.84 4.2 10.7 8.9
3.88 4.32 10.52 8.84
3.74 4.86 9.74 8.6
3.68 4.0 9.96 7.96
3.9 4.56 9.96 8.52
3.84 3.86 10.36 8.22
3.82 3.46 11.0 8.46
3.78 3.68 10.24 7.92
3.7 4.4 9.84 8.24
3.7 4.82 9.5 8.32
3.88 4.34 9.96 8.3
3.88 3.88 10.92 8.8
3.82 4.32 10.04 8.36
3.88 3.8 10.04 7.84
3.8 5.18 9.1 8.28
3.84 3.8 11.02 8.82
3.94 4.88 9.4 8.28
3.78 4.5 10.14 8.64
3.68 4.64 10.44 9.08
3.84 3.72 10.82 8.54
3.94 4.26 10.24 8.5
3.72 4.28 10.22 8.5
3.84 4.1 9.92 8.02
3.88 4.26 10.58 8.84
3.84 4.5 10.12 8.62
3.74 3.74 10.96 8.7
3.88 4.16 10.48 8.64
3.9 4.08 9.8 7.88
3.84 4.58 9.38 7.96
3.88 3.72 10.32 8.04
3.72 4.1 10.36 8.46
3.78 4.34 10.14 8.48
3.78 3.82 11.26 9.08
3.6 3.38 11.42 8.8
3.84 4.52 10.22 8.74
3.7 4.28 10.66 8.94
3.74 4.58 9.94 8.52
3.78 4.76 9.86 8.62
3.72 4.28 9.66 7.94
3.84 4.1 10.14 8.24
3.64 3.5 11.9 9.4
3.8 3.6 10.5 8.1
3.66 4.16 10.74 8.9
3.84 4.7 9.76 8.46
3.84 5.24 8.78 8.02
3.76 3.78 10.74 8.52
3.84 3.48 10.92 8.4
3.8 3.76 9.78 7.54
3.74 4.36 10.6 8.96
3.78 4.36 9.6 7.96
3.68 4.0 11.06 9.06
3.8 4.2 9.64 7.84
3.8 3.46 10.82 8.28
3.66 4.18 10.96 9.14
3.84 4.06 9.96 8.02
3.8 3.9 10.62 8.52
3.76 3.88 10.96 8.84
3.8 3.72 10.16 7.88
3.78 3.4 10.46 7.86
3.82 3.72 11.22 8.94
3.76 3.98 10.56 8.54
3.74 3.96 10.32 8.28
3.86 4.42 9.66 8.08
3.8 3.68 10.5 8.18
3.76 3.56 10.68 8.24
3.7 3.78 10.66 8.44
3.68 3.56 11.02 8.58
3.74 4.38 10.6 8.98
3.84 4.58 9.64 8.22
3.9 4.06 9.88 7.94
3.76 4.18 10.5 8.68
3.88 4.58 9.66 8.24
3.8 3.88 10.44 8.32
3.76 5.1 9.18 8.28
3.64 3.7 9.98 7.68
3.8 3.94 10.74 8.68
3.78 4.9 9.78 8.68
3.82 4.68 8.64 7.32
3.84 4.74 9.9 8.64
3.8 4.08 10.7 8.78
3.92 4.96 8.48 7.44
3.92 4.28 9.58 7.86
3.82 4.2 9.92 8.12
3.8 4.18 9.34 7.52
3.72 4.42 10.2 8.62
3.9 4.84 9.84 8.68
3.78 4.08 9.98 8.06
3.56 3.56 10.5 8.06
3.88 4.04 9.6 7.64
3.86 4.58 9.8 8.38
3.78 3.68 10.6 8.28
3.88 4.74 10.1 8.84
3.72 5.02 10.08 9.1
3.64 3.5 11.02 8.52
3.7 3.42 11.44 8.86
3.78 4.78 9.58 8.36
3.78 4.78 9.6 8.38
3.88 4.98 9.36 8.34
3.84 3.8 10.82 8.62
3.86 3.52 10.86 8.38
3.78 4.62 10.34 8.96
3.84 4.22 9.92 8.14
3.78 4.28 9.74 8.02
3.8 3.86 10.94 8.8
3.92 4.54 9.34 7.88
3.76 4.46 9.82 8.28
3.74 3.12 10.94 8.06
3.88 4.28 9.84 8.12
3.64 3.24 11.56 8.8
3.94 4.5 10.0 8.5
3.78 4.5 9.78 8.28
3.68 4.44 10.38 8.82
3.74 3.62 11.48 9.1
3.8 3.92 10.48 8.4
3.74 3.66 10.94 8.6
3.88 4.36 10.0 8.36
3.88 4.04 10.28 8.32
3.82 4.38 10.26 8.64
3.82 4.08 9.68 7.76
3.8 4.04 9.2 7.24
3.76 3.98 10.1 8.08
3.96 4.94 9.22 8.16
3.76 4.22 10.22 8.44
3.68 4.1 10.5 8.6
3.72 3.9 10.38 8.28
3.9 4.54 9.76 8.3
3.8 3.34 11.24 8.58
3.84 5.0 9.96 8.96
3.88 4.48 9.8 8.28
3.7 3.26 11.12 8.38
3.8 4.02 10.84 8.86
3.72 3.74 10.7 8.44
3.8 4.02 10.34 8.36
3.72 3.88 10.42 8.3
3.8 4.14 10.48 8.62
3.84 4.64 9.12 7.76
3.78 4.38 10.68 9.06
3.7 4.22 9.78 8.0
3.88 4.48 10.14 8.62
3.78 4.64 10.22 8.86
3.84 3.88 10.36 8.24
3.96 4.66 9.2 7.86
3.82 3.72 10.32 8.04
3.86 4.26 10.36 8.62
3.82 4.48 10.16 8.64
3.86 4.56 9.52 8.08
3.68 3.74 10.62 8.36
3.76 3.76 10.66 8.42
3.86 4.24 9.72 7.96
3.8 4.22 9.68 7.9
3.8 3.98 10.44 8.42
3.86 4.46 9.38 7.84
3.86 4.34 9.72 8.06
3.86 3.94 10.36 8.3
3.78 4.38 10.54 8.92
3.7 4.42 10.4 8.82
3.66 3.88 11.04 8.92
3.74 4.32 10.24 8.56
3.76 4.06 11.0 9.06
3.88 4.5 9.98 8.48
3.76 4.28 10.48 8.76
3.84 3.96 9.9 7.86
3.68 4.08 10.0 8.08
3.74 3.26 11.7 8.96
3.76 4.1 10.04 8.14
3.88 4.68 9.26 7.94
3.9 4.78 9.02 7.8
3.82 4.14 10.66 8.8
3.84 3.64 10.82 8.46
3.86 4.74 10.0 8.74
3.68 3.74 11.08 8.82
3.8 4.34 10.16 8.5
3.92 4.0 10.3 8.3
3.78 4.46 10.42 8.88
3.8 4.16 10.42 8.58
3.78 4.2 10.18 8.38
3.78 4.0 10.18 8.18
3.88 4.06 10.1 8.16
3.82 4.76 9.84 8.6
3.78 3.92 10.46 8.38
3.88 4.24 10.8 9.04
3.8 3.64 10.76 8.4
3.88 4.76 9.84 8.6
3.84 4.28 10.28 8.56
3.8 4.56 10.26 8.82
3.78 4.16 10.1 8.26
3.8 3.9 10.34 8.24
3.88 3.64 10.5 8.14
3.78 3.84 10.56 8.4
3.72 3.44 11.82 9.26
3.64 3.82 10.74 8.56
3.8 3.86 10.56 8.42
3.9 4.24 9.9 8.14
3.88 3.94 10.78 8.72
3.86 4.44 10.24 8.68
3.88 4.5 9.54 8.04
3.8 4.54 9.78 8.32
3.6 3.5 11.42 8.92
3.8 3.76 10.92 8.68
3.82 3.92 10.88 8.8
3.7 3.42 10.58 8.0
3.84 4.4 10.04 8.44
3.84 5.08 9.1 8.18
3.86 4.8 10.12 8.92
3.7 4.64 10.04 8.68
3.82 4.1 11.1 9.2
3.66 4.74 10.16 8.9
3.74 3.66 10.76 8.42
3.68 3.52 10.54 8.06
3.7 4.1 10.64 8.74
3.86 4.58 9.28 7.86
3.78 4.34 10.12 8.46
3.8 4.14 10.58 8.72
3.84 4.5 10.24 8.74
3.82 4.34 9.72 8.06
3.78 4.16 10.9 9.06
3.76 3.7 10.92 8.62
3.74 3.86 11.46 9.32
3.86 4.08 10.32 8.4
3.68 3.44 11.48 8.92
3.88 4.68 9.48 8.16
3.94 4.36 10.16 8.52
3.74 4.06 9.86 7.92
3.68 3.7 11.32 9.02
3.9 4.08 9.6 7.68
3.9 5.06 9.08 8.14
3.84 3.98 10.32 8.3
3.7 3.86 10.78 8.64
3.72 4.5 10.42 8.92
3.8 3.74 11.12 8.86
3.7 4.18 10.48 8.66
3.74 3.9 9.96 7.86
3.82 3.7 10.92 8.62
3.8 3.96 10.6 8.56
3.84 4.26 10.08 8.34
3.84 4.74 9.98 8.72
3.82 3.96 10.76 8.72
3.86 4.16 10.82 8.98
3.78 4.4 10.7 9.1
3.72 4.24 9.82 8.06
3.68 3.54 10.98 8.52
3.52 3.46 11.06 8.52
3.74 4.06 10.08 8.14
3.8 4.84 10.44 9.28
3.7 3.84 10.1 7.94
3.78 4.66 9.68 8.34
3.72 4.24 10.16 8.4
3.86 4.08 10.38 8.46
3.68 3.98 10.46 8.44
3.82 4.46 10.32 8.78
3.68 4.18 10.16 8.34
3.78 4.22 9.86 8.08
3.74 3.8 10.32 8.12
3.86 4.66 9.56 8.22
3.72 3.24 11.44 8.68
3.78 4.48 9.9 8.38
3.8 4.52 9.98 8.5
3.78 3.68 10.66 8.34
3.76 3.62 10.76 8.38
3.84 4.52 9.46 7.98
3.66 3.12 12.12 9.24
3.88 4.76 9.84 8.6
3.7 3.92 10.24 8.16
3.84 4.56 9.46 8.02
3.78 4.06 9.8 7.86
3.9 3.86 10.66 8.52
3.74 4.32 9.86 8.18
3.8 3.96 10.62 8.58
3.68 4.68 10.16 8.84
3.78 3.64 10.76 8.4
3.86 3.74 10.38 8.12
3.82 3.8 10.4 8.2
3.8 4.26 9.48 7.74
3.72 3.82 10.66 8.48
3.84 3.74 10.7 8.44
3.78 3.36 10.82 8.18
3.78 4.26 10.14 8.4
3.72 4.58 9.54 8.12
3.74 4.36 10.24 8.6
3.76 4.52 10.06 8.58
3.76 4.2 10.48 8.68
3.8 4.14 9.36 7.5
3.78 3.7 9.64 7.34
3.82 4.8 8.98 7.78
3.78 3.64 10.52 8.16
3.9 4.56 9.46 8.02
3.86 3.72 10.34 8.06
3.76 4.24 9.06 7.3
3.84 3.86 10.62 8.48
3.8 4.54 9.66 8.2
3.76 4.42 10.24 8.66
3.92 3.94 9.8 7.74
3.84 3.38 10.38 7.76
3.64 4.26 10.3 8.56
3.7 4.06 10.42 8.48
3.7 4.18 10.52 8.7
3.8 4.02 10.72 8.74
3.7 3.66 10.38 8.04
3.82 4.14 10.28 8.42
3.74 3.92 10.2 8.12
3.8 4.78 9.92 8.7
3.94 4.78 9.8 8.58
3.72 4.8 10.02 8.82
3.92 4.94 9.36 8.3
3.9 4.2 10.3 8.5
3.72 3.92 10.48 8.4
3.74 4.0 10.14 8.14
3.9 3.58 10.4 7.98
3.78 3.6 10.92 8.52
3.88 4.56 9.72 8.28
3.9 4.8 9.58 8.38
3.82 3.84 11.12 8.96
3.78 3.88 10.48 8.36
3.8 3.76 10.28 8.04
3.9 3.64 10.8 8.44
3.84 4.38 10.08 8.46
3.78 3.66 10.44 8.1
3.84 3.62 10.78 8.4
3.76 4.14 10.72 8.86
3.84 4.38 9.8 8.18
3.82 3.94 10.28 8.22
3.86 4.12 10.5 8.62
3.84 4.4 10.26 8.66
3.84 3.42 10.38 7.8
3.76 3.7 10.3 8.0
3.88 4.02 9.94 7.96
3.84 4.44 9.86 8.3
3.8 4.04 10.3 8.34
3.68 3.36 11.16 8.52
3.8 4.22 9.8 8.02
3.88 4.32 9.8 8.12
3.86 4.38 10.42 8.8
3.72 4.24 10.46 8.7
3.88 4.44 9.72 8.16
3.78 4.02 10.18 8.2
3.92 4.0 10.48 8.48
3.88 5.02 9.44 8.46
3.82 5.04 9.58 8.62
3.86 3.64 10.78 8.42
3.68 4.06 10.56 8.62
3.68 3.88 9.86 7.74
3.88 5.06 8.8 7.86
3.8 4.44 10.52 8.96
3.8 3.3 10.48 7.78
3.8 4.02 10.5 8.52
3.82 3.76 10.1 7.86
3.68 3.44 10.34 7.78
3.8 5.22 9.5 8.72
3.76 4.88 9.62 8.5
3.9 4.22 9.68 7.9
3.7 3.68 10.9 8.58
3.72 3.34 11.78 9.12
3.8 3.94 9.96 7.9
3.86 4.62 9.94 8.56
3.88 4.66 9.08 7.74
3.86 4.52 10.42 8.94
3.82 4.3 10.2 8.5
3.96 5.3 9.3 8.6
3.8 3.72 10.06 7.78
3.84 4.96 9.7 8.66
3.88 4.04 10.36 8.4
3.84 4.58 9.22 7.8
3.72 4.02 10.22 8.24
3.72 4.0 10.32 8.32
3.74 4.36 9.64 8.0
3.72 3.72 11.32 9.04
3.82 3.64 11.12 8.76
3.82 3.78 10.5 8.28
3.78 4.06 10.28 8.34
3.62 4.16 9.86 8.02
3.78 4.24 9.78 8.02
3.82 3.92 10.78 8.7
3.9 4.26 10.1 8.36
3.76 4.28 9.94 8.22
3.82 4.3 9.86 8.16
3.8 4.28 10.22 8.5
3.88 4.98 9.5 8.48
3.78 3.46 12.04 9.5
3.76 3.62 11.56 9.18
3.78 3.08 11.48 8.56
3.72 3.92 11.28 9.2
3.86 4.06 10.46 8.52
3.78 4.22 9.7 7.92
3.74 4.44 10.24 8.68
3.8 4.7 10.44 9.14
3.94 5.16 9.28 8.44
3.68 4.14 10.54 8.68
3.72 3.76 10.78 8.54
3.86 3.44 10.3 7.74
3.7 4.18 11.0 9.18
3.84 5.18 9.32 8.5
3.66 4.06 10.72 8.78
3.76 3.56 10.9 8.46
3.82 4.0 10.36 8.36
3.8 3.96 10.5 8.46
3.82 4.06 10.78 8.84
3.9 4.26 10.08 8.34
3.74 4.4 10.86 9.26
3.84 5.12 9.66 8.78
3.9 4.52 10.0 8.52
3.8 4.6 9.6 8.2
3.9 4.28 10.04 8.32
3.68 3.68 11.18 8.86
3.9 4.46 10.44 8.9
3.72 3.68 10.88 8.56
3.82 4.74 10.34 9.08
3.8 3.4 10.24 7.64
3.88 4.76 9.88 8.64
3.8 4.88 9.64 8.52
3.92 3.84 10.36 8.2
3.94 4.84 9.88 8.72
3.86 3.9 10.06 7.96
3.74 3.78 10.56 8.34
3.86 4.08 10.64 8.72
3.8 4.48 10.3 8.78
3.8 4.2 10.86 9.06
3.9 4.44 10.1 8.54
3.7 3.68 10.72 8.4
3.8 5.0 9.68 8.68
3.78 4.22 10.56 8.78
3.72 3.68 10.44 8.12
3.78 3.62 10.68 8.3
3.84 4.68 9.22 7.9
3.68 3.92 10.2 8.12
3.82 4.72 9.94 8.66
3.76 3.74 10.9 8.64
3.82 4.22 9.38 7.6
3.82 4.34 10.12 8.46
3.86 3.72 10.1 7.82
3.9 4.64 10.42 9.06
3.76 4.56 9.6 8.16
3.84 4.68 9.78 8.46
3.9 3.92 9.98 7.9
3.8 3.76 10.46 8.22
3.9 3.88 10.78 8.66
3.86 3.94 10.3 8.24
3.7 4.0 10.76 8.76
3.88 3.9 10.8 8.7
3.74 4.16 9.94 8.1
3.92 4.64 9.64 8.28
3.84 5.38 8.7 8.08
3.78 4.44 10.2 8.64
3.8 4.12 10.8 8.92
3.88 4.28 10.42 8.7
3.82 4.26 9.9 8.16
3.86 4.48 9.98 8.46
3.82 4.18 10.24 8.42
3.88 3.32 10.2 7.52
3.84 3.96 10.1 8.06
3.72 3.74 10.48 8.22
3.9 4.48 9.58 8.06
3.86 4.54 9.42 7.96
3.8 3.84 10.2 8.04
3.78 3.98 9.56 7.54
3.9 4.14 10.14 8.28
3.8 3.72 10.42 8.14
3.8 4.34 9.58 7.92
3.9 4.3 10.4 8.7
3.8 4.3 9.86 8.16
3.84 3.78 10.72 8.5
3.86 4.32 9.84 8.16
3.8 4.48 10.42 8.9
3.9 4.9 9.04 7.94
3.8 4.22 9.88 8.1
3.82 3.6 10.24 7.84
3.68 4.22 10.52 8.74
3.74 3.74 10.76 8.5
3.88 4.08 9.96 8.04
3.8 3.44 10.24 7.68
3.78 4.4 10.3 8.7
3.84 4.6 10.14 8.74
3.82 3.6 10.46 8.06
3.82 4.3 11.02 9.32
3.76 4.66 9.16 7.82
3.84 4.56 10.04 8.6
3.78 4.32 9.8 8.12
3.76 4.1 10.74 8.84
3.9 4.28 10.22 8.5
3.8 3.42 10.8 8.22
3.92 5.58 8.58 8.16
3.76 3.98 10.94 8.92
3.86 4.36 9.7 8.06
3.76 4.42 10.16 8.58
3.7 4.48 10.5 8.98
3.78 3.3 10.36 7.66
3.8 4.32 10.04 8.36
3.84 3.62 10.84 8.46
3.86 4.5 9.76 8.26
3.74 4.52 10.12 8.64
3.76 4.3 10.42 8.72
3.86 4.34 10.1 8.44
3.84 5.0 9.36 8.36
3.8 4.6 10.5 9.1
3.62 2.98 10.66 7.64
3.82 3.82 10.1 7.92
3.76 5.18 9.34 8.52
3.82 4.06 10.22 8.28
3.88 4.44 9.18 7.62
3.9 4.02 9.92 7.94
3.8 3.82 10.02 7.84
3.84 3.8 10.3 8.1
3.8 4.06 10.52 8.58
3.8 3.8 10.88 8.68
3.84 5.46 9.32 8.78
3.82 4.24 10.16 8.4
3.78 4.02 11.26 9.28
3.78 4.44 9.36 7.8
3.76 3.9 10.24 8.14
3.76 4.3 9.74 8.04
3.86 4.84 9.4 8.24
3.88 4.26 10.0 8.26
3.76 4.04 10.3 8.34
3.72 3.88 10.32 8.2
3.7 4.12 10.46 8.58
3.8 5.1 9.06 8.16
3.82 4.58 9.24 7.82
3.84 3.98 9.76 7.74
3.74 4.12 10.32 8.44
3.82 3.78 10.64 8.42
3.68 4.4 10.4 8.8
3.68 4.08 10.64 8.72
3.7 4.14 10.04 8.18
3.72 3.94 10.54 8.48
3.92 4.64 9.92 8.56
3.82 4.22 10.4 8.62
3.84 3.96 10.24 8.2
3.84 3.92 10.22 8.14
3.76 4.12 9.9 8.02
3.64 4.08 10.36 8.44
3.84 3.88 9.78 7.66
3.76 4.64 10.04 8.68
3.82 4.18 10.42 8.6
3.8 3.48 10.52 8.0
3.78 3.88 10.1 7.98
3.76 4.22 10.58 8.8
3.94 4.76 9.68 8.44
3.82 4.08 10.4 8.48
3.78 3.3 11.06 8.36
3.82 3.88 10.06 7.94
3.72 3.3 10.74 8.04
3.76 3.74 10.9 8.64
3.88 3.94 10.76 8.7
3.68 4.02 11.12 9.14
3.72 4.54 9.68 8.22
3.78 3.9 10.98 8.88
3.76 4.12 10.78 8.9
3.72 4.64 9.82 8.46
3.74 3.8 10.86 8.66
3.8 3.92 10.02 7.94
3.74 4.48 10.92 9.4
3.7 4.08 10.5 8.58
3.78 4.34 10.34 8.68
3.72 3.62 11.74 9.36
3.88 4.72 9.36 8.08
3.82 3.56 10.7 8.26
3.78 3.76 10.18 7.94
3.82 3.94 9.76 7.7
3.84 4.02 10.02 8.04
3.84 4.56 9.22 7.78
3.8 4.34 9.56 7.9
3.66 4.06 10.48 8.54
3.8 4.02 10.62 8.64
3.74 4.02 10.72 8.74
3.82 4.08 10.86 8.94
3.78 4.48 10.5 8.98
3.76 4.02 11.16 9.18
3.8 4.1 9.98 8.08
3.82 4.2 9.52 7.72
3.8 3.82 10.48 8.3
3.82 3.58 11.06 8.64
3.78 3.82 9.98 7.8
3.78 4.18 9.56 7.74
3.82 4.42 10.0 8.42
3.64 4.18 11.12 9.3
3.76 4.36 10.56 8.92
3.86 4.6 9.5 8.1
3.82 3.82 9.76 7.58
3.82 5.24 9.98 9.22
3.88 4.9 9.72 8.62
3.8 4.04 9.86 7.9
3.78 3.8 11.16 8.96
3.88 5.02 9.64 8.66
3.74 4.16 9.82 7.98
3.82 3.68 10.72 8.4
3.84 3.42 10.48 7.9
3.78 4.0 10.02 8.02
3.62 4.06 10.44 8.5
3.7 3.72 11.12 8.84
3.82 4.68 9.64 8.32
3.78 4.66 9.58 8.24
3.8 3.9 9.8 7.7
3.8 4.22 9.9 8.12
3.72 4.08 10.52 8.6
3.84 4.14 9.84 7.98
3.76 3.88 10.5 8.38
3.76 4.4 9.88 8.28
3.78 4.54 9.72 8.26
3.82 4.16 9.6 7.76
3.76 3.22 10.82 8.04
3.78 4.08 10.58 8.66
3.82 3.96 11.04 9.0
3.92 5.5 8.52 8.02
3.86 3.74 10.54 8.28
3.9 3.72 10.88 8.6
3.76 4.56 10.04 8.6
3.7 3.84 10.68 8.52
3.78 4.04 10.66 8.7
3.8 4.04 10.36 8.4
3.8 4.06 10.24 8.3
3.88 4.36 9.58 7.94
3.84 4.0 10.52 8.52
3.78 3.52 11.32 8.84
3.78 4.18 10.36 8.54
3.72 3.84 10.28 8.12
3.78 4.0 10.98 8.98
3.78 4.08 10.22 8.3
3.76 3.62 10.56 8.18
3.72 3.5 11.32 8.82
3.82 3.9 10.32 8.22
3.82 4.5 10.58 9.08
3.78 4.24 10.46 8.7
3.88 4.56 9.44 8.0
3.8 4.26 10.5 8.76
3.84 3.58 10.34 7.92
3.76 3.26 11.52 8.78
3.7 3.4 11.38 8.78
3.8 4.14 10.18 8.32
3.82 4.42 9.12 7.54
3.86 4.88 8.8 7.68
3.84 4.04 10.2 8.24
3.8 3.82 9.86 7.68
3.74 4.68 10.54 9.22
3.86 4.62 10.02 8.64
3.8 3.9 11.0 8.9
3.88 4.98 9.68 8.66
3.8 4.28 10.32 8.6
3.82 3.98 10.6 8.58
3.78 3.8 10.46 8.26
3.96 3.92 10.58 8.5
3.84 4.0 9.92 7.92
3.88 4.74 9.56 8.3
3.74 3.48 10.54 8.02
3.7 3.6 10.88 8.48
3.84 4.1 10.0 8.1
3.68 4.1 10.52 8.62
3.86 4.0 10.12 8.12
3.86 4.22 10.0 8.22
3.9 4.1 9.96 8.06
3.86 3.3 10.6 7.9
3.88 3.94 9.76 7.7
3.86 4.3 10.0 8.3
3.78 4.58 9.8 8.38
3.8 4.12 10.0 8.12
3.66 3.54 10.84 8.38
3.82 3.98 10.8 8.78
3.66 3.5 10.56 8.06
3.8 4.32 10.52 8.84
3.82 4.1 11.08 9.18
3.82 4.44 9.98 8.42
3.82 3.82 9.86 7.68
3.9 4.86 9.32 8.18
3.86 3.82 10.46 8.28
3.82 3.8 10.84 8.64
3.82 3.92 10.66 8.58
3.86 3.82 10.58 8.4
3.9 4.68 9.36 8.04
3.92 4.44 9.58 8.02
3.82 4.68 10.34 9.02
3.8 4.22 9.92 8.14
3.74 3.82 11.1 8.92
3.76 4.06 10.32 8.38
3.8 4.34 9.84 8.18
3.74 3.24 10.88 8.12
3.84 4.2 10.12 8.32
3.86 3.68 10.36 8.04
3.72 4.08 10.92 9.0
3.72 4.14 9.44 7.58
3.88 3.56 10.84 8.4
3.8 3.66 10.48 8.14
3.72 3.26 11.42 8.68
3.72 4.54 10.62 9.16
3.78 4.86 9.3 8.16
3.72 4.42 11.2 9.62
3.96 4.46 9.48 7.94
3.76 3.92 9.46 7.38
3.78 4.4 9.84 8.24
3.8 3.66 10.48 8.14
3.82 3.6 10.64 8.24
3.76 4.38 9.9 8.28
3.78 4.62 9.96 8.58
3.7 3.66 11.64 9.3
3.68 4.52 9.6 8.12
3.92 4.58 10.1 8.68
3.74 3.7 11.14 8.84
3.72 3.32 10.66 7.98
3.86 3.66 10.12 7.78
3.82 4.38 10.26 8.64
3.94 4.68 9.32 8.0
3.8 4.4 10.46 8.86
3.88 4.22 9.64 7.86
3.8 3.46 11.04 8.5
3.82 4.3 10.26 8.56
3.74 3.78 11.0 8.78
3.86 4.28 10.0 8.28
3.88 3.68 10.8 8.48
3.88 4.16 10.68 8.84
3.82 4.5 9.12 7.62
3.64 3.52 10.58 8.1
3.82 4.18 10.44 8.62
3.74 3.78 10.22 8.0
3.82 4.18 9.6 7.78
3.84 4.58 9.46 8.04
3.84 4.34 9.82 8.16
3.88 4.3 9.6 7.9
3.86 5.12 9.36 8.48
3.78 4.16 10.84 9.0
3.76 4.0 9.58 7.58
3.82 4.4 10.98 9.38
3.92 4.12 9.86 7.98
3.82 3.9 11.14 9.04
3.8 4.48 9.94 8.42
3.64 4.0 10.4 8.4
3.74 4.54 9.18 7.72
3.78 3.82 11.12 8.94
3.82 4.04 10.38 8.42
3.8 4.44 9.88 8.32
3.72 3.84 10.88 8.72
3.84 4.18 10.0 8.18
3.76 3.6 10.74 8.34
3.76 4.3 10.06 8.36
3.78 3.96 9.76 7.72
3.84 4.1 10.42 8.52
3.84 4.2 10.32 8.52
3.78 4.58 10.02 8.6
3.8 4.06 10.46 8.52
3.92 5.24 9.24 8.48
3.92 4.24 10.34 8.58
3.74 3.78 10.88 8.66
3.76 4.12 10.38 8.5
3.8 4.28 10.46 8.74
3.88 4.54 9.9 8.44
3.82 3.46 11.18 8.64
3.72 3.98 10.78 8.76
3.84 3.84 10.56 8.4
3.76 3.7 11.2 8.9
3.82 3.64 10.58 8.22
3.86 4.68 10.32 9.0
3.86 4.42 10.34 8.76
3.78 4.38 9.76 8.14
3.62 3.58 11.52 9.1
3.82 4.42 9.54 7.96
3.66 3.7 10.66 8.36
3.86 5.1 9.82 8.92
3.72 4.46 10.58 9.04
3.78 3.74 10.86 8.6
3.76 4.64 9.48 8.12
3.94 4.76 10.2 8.96
3.8 3.26 10.82 8.08
3.78 4.02 10.66 8.68
3.84 3.94 10.32 8.26
3.86 3.5 10.8 8.3
3.72 3.88 10.44 8.32
3.78 3.94 10.4 8.34
3.72 3.68 10.96 8.64
3.78 3.92 10.86 8.78
3.88 4.7 9.9 8.6
3.88 3.72 9.7 7.42
3.74 4.6 9.28 7.88
3.86 4.08 9.76 7.84
3.76 4.4 9.84 8.24
3.9 4.34 10.38 8.72
3.94 4.66 9.8 8.46
3.86 4.44 9.98 8.42
3.84 4.58 9.68 8.26
3.74 3.64 10.56 8.2
3.78 3.44 11.08 8.52
3.72 4.26 10.38 8.64
3.8 4.32 10.08 8.4
3.88 3.74 10.78 8.52
3.78 4.26 9.86 8.12
3.76 3.84 10.88 8.72
3.86 4.2 10.08 8.28
3.72 4.26 9.64 7.9
3.64 4.12 10.42 8.54
3.8 4.08 10.12 8.2
3.92 4.78 9.54 8.32
3.64 3.5 11.62 9.12
3.8 4.72 9.5 8.22
3.8 4.84 9.18 8.02
3.7 3.66 10.74 8.4
3.78 4.52 10.18 8.7
3.84 4.56 9.84 8.4
3.74 4.04 10.44 8.48
3.76 4.5 10.72 9.22
3.74 4.0 10.9 8.9
3.76 3.52 11.1 8.62
3.68 3.94 10.64 8.58
3.84 4.82 9.38 8.2
3.76 4.6 9.7 8.3
3.8 4.08 10.06 8.14
3.84 4.62 10.06 8.68
3.76 4.48 10.3 8.78
3.72 3.92 10.9 8.82
3.74 3.7 10.98 8.68
3.82 4.64 9.82 8.46
3.8 3.7 10.62 8.32
3.86 4.18 9.58 7.76
3.9 4.18 9.82 8.0
3.72 4.16 10.4 8.56
3.8 4.04 10.3 8.34
3.82 4.76 10.02 8.78
3.82 4.32 9.88 8.2
3.78 4.08 10.5 8.58
3.82 4.12 9.76 7.88
3.88 5.14 9.04 8.18
3.78 4.52 10.18 8.7
3.8 3.8 10.82 8.62
3.78 4.04 10.52 8.56
3.96 4.86 9.16 8.02
3.92 4.42 9.78 8.2
3.84 3.3 10.96 8.26
3.9 4.26 10.28 8.54
3.82 4.22 10.1 8.32
3.86 4.06 10.6 8.66
3.76 4.12 10.3 8.42
3.78 3.4 10.78 8.18
3.7 3.28 10.72 8.0
3.8 4.4 10.44 8.84
3.72 3.84 10.52 8.36
3.68 3.9 11.36 9.26
3.84 4.86 9.42 8.28
3.82 3.64 10.8 8.44
3.7 4.08 9.88 7.96
3.8 4.58 10.06 8.64
3.82 3.52 10.58 8.1
3.78 4.2 10.48 8.68
3.84 4.46 10.14 8.6
3.74 4.24 10.72 8.96
3.84 4.42 10.32 8.74
3.72 4.08 10.58 8.66
3.84 3.98 10.32 8.3
3.78 3.84 10.94 8.78
3.78 3.76 10.6 8.36
3.8 4.24 10.42 8.66
3.78 3.98 10.24 8.22
3.8 4.06 10.84 8.9
3.7 3.68 10.1 7.78
3.78 4.96 9.8 8.76
3.84 4.48 10.18 8.66
3.84 4.46 9.6 8.06
3.82 5.24 9.56 8.8
3.68 3.82 11.06 8.88
3.84 4.02 10.12 8.14
3.78 3.9 10.38 8.28
3.88 4.64 10.12 8.76
3.76 3.08 10.96 8.04
3.8 4.8 9.2 8.0
3.88 4.7 9.74 8.44
3.76 4.18 10.88 9.06
3.76 3.9 10.2 8.1
3.84 4.48 9.36 7.84
3.94 5.34 8.76 8.1
3.88 4.6 9.7 8.3
3.86 4.6 9.34 7.94
3.74 3.82 10.02 7.84
3.82 3.92 9.76 7.68
3.74 3.42 10.36 7.78
3.8 4.04 9.96 8.0
3.74 3.98 9.5 7.48
3.82 3.88 10.94 8.82
3.78 4.44 10.84 9.28
3.68 3.92 10.18 8.1
3.78 3.98 10.56 8.54
3.76 4.92 9.4 8.32
3.8 4.44 9.76 8.2
3.8 4.0 10.26 8.26
3.66 3.26 10.78 8.04
3.84 4.54 10.54 9.08
3.8 4.12 9.82 7.94
3.78 3.88 10.76 8.64
3.86 4.24 10.66 8.9
3.84 4.04 10.12 8.16
3.94 4.18 9.62 7.8
3.8 4.12 9.9 8.02
3.82 3.94 9.88 7.82
3.86 5.04 9.46 8.5
3.8 4.34 10.2 8.54
3.84 3.94 10.22 8.16
3.76 3.86 10.54 8.4
3.92 4.2 9.94 8.14
3.84 4.36 9.96 8.32
3.92 5.46 8.96 8.42
3.82 3.9 10.48 8.38
3.78 4.12 10.44 8.56
3.76 4.74 9.52 8.26
3.78 3.48 11.54 9.02
3.82 4.5 10.18 8.68
3.84 4.6 9.64 8.24
3.74 3.74 10.56 8.3
3.88 5.1 10.08 9.18
3.82 4.08 10.68 8.76
3.86 3.98 10.32 8.3
3.74 3.94 10.18 8.12
3.84 4.14 10.06 8.2
3.68 4.28 10.38 8.66
3.8 4.56 9.08 7.64
3.78 4.12 10.5 8.62
3.9 4.86 8.96 7.82
3.84 4.28 9.54 7.82
3.66 4.1 10.46 8.56
3.78 4.54 9.84 8.38
3.84 4.1 10.1 8.2
3.76 4.28 10.44 8.72
3.8 4.2 10.6 8.8
3.78 4.34 10.48 8.82
3.82 3.9 10.84 8.74
3.8 3.72 10.76 8.48
3.9 4.28 10.4 8.68
3.8 4.04 10.22 8.26
3.72 4.16 10.22 8.38
3.84 4.28 10.06 8.34
3.88 4.46 10.0 8.46
3.7 3.74 10.96 8.7
3.78 4.34 9.96 8.3
3.94 4.24 9.42 7.66
3.82 4.2 10.26 8.46
3.88 4.82 9.54 8.36
3.76 4.4 9.62 8.02
3.66 3.96 10.74 8.7
3.88 5.2 8.98 8.18
3.82 5.04 8.68 7.72
3.88 3.8 9.9 7.7
3.76 4.34 10.28 8.62
3.9 4.32 9.28 7.6
3.9 4.28 11.14 9.42
3.86 4.54 9.92 8.46
3.84 4.36 10.16 8.52
3.84 4.08 9.84 7.92
3.76 3.96 10.7 8.66
3.8 4.24 10.64 8.88
3.76 3.34 10.96 8.3
3.84 4.3 9.52 7.82
3.78 4.02 10.58 8.6
3.76 3.72 10.62 8.34
3.86 4.56 9.82 8.38
3.7 3.38 10.7 8.08
3.8 4.72 9.86 8.58
3.72 3.94 11.3 9.24
3.8 4.3 10.14 8.44
3.84 4.2 9.86 8.06
3.76 4.44 10.64 9.08
3.82 4.44 9.66 8.1
3.88 4.38 9.9 8.28
3.86 4.14 10.22 8.36
3.82 3.4 11.02 8.42
3.82 4.48 9.9 8.38
3.94 3.98 10.12 8.1
3.78 4.14 10.06 8.2
3.72 4.44 9.96 8.4
3.9 4.98 9.08 8.06
3.78 4.48 9.76 8.24
3.78 4.28 9.86 8.14
3.76 3.34 10.1 7.44
3.82 4.64 10.32 8.96
3.8 4.72 9.84 8.56
3.74 3.46 10.88 8.34
3.84 4.66 9.54 8.2
3.84 4.26 10.4 8.66
3.9 3.9 9.88 7.78
3.82 3.72 10.48 8.2
3.7 4.02 10.76 8.78
3.86 4.5 9.68 8.18
3.9 4.16 9.8 7.96
3.88 4.32 9.72 8.04
3.78 3.56 10.94 8.5
3.88 4.08 9.92 8.0
3.86 4.24 10.06 8.3
3.96 4.14 9.96 8.1
3.76 4.96 9.92 8.88
3.78 3.72 10.06 7.78
3.86 3.94 10.5 8.44
3.88 4.54 9.02 7.56
3.88 3.68 10.98 8.66
3.84 4.06 10.14 8.2
3.82 4.76 9.04 7.8
3.82 5.1 9.56 8.66
3.82 4.48 10.2 8.68
3.62 3.62 10.36 7.98
3.8 3.56 10.78 8.34
3.94 4.24 9.4 7.64
3.8 4.58 9.76 8.34
3.82 3.74 10.4 8.14
3.84 4.2 10.06 8.26
3.76 3.96 11.38 9.34
3.74 3.54 11.66 9.2
3.78 3.74 10.8 8.54
3.74 3.76 11.24 9.0
3.86 4.74 9.86 8.6
3.78 4.2 10.1 8.3
3.78 3.94 10.72 8.66
3.8 3.82 10.8 8.62
3.84 4.06 10.34 8.4
3.86 4.64 10.46 9.1
3.92 3.6 10.78 8.38
3.74 3.72 9.8 7.52
3.74 3.78 10.46 8.24
3.82 4.28 9.48 7.76
3.78 3.92 10.68 8.6
3.86 4.7 10.14 8.84
3.76 4.46 10.32 8.78
3.74 3.94 10.38 8.32
3.88 4.08 10.36 8.44
3.78 3.78 10.74 8.52
3.76 3.92 10.06 7.98
3.76 3.98 10.5 8.48
3.76 3.88 10.86 8.74
3.84 4.68 9.98 8.66
3.92 4.82 9.08 7.9
3.84 3.78 10.84 8.62
3.76 3.26 10.54 7.8
3.64 3.48 11.48 8.96
3.8 3.46 10.66 8.12
3.82 4.38 10.46 8.84
3.8 4.4 9.76 8.16
3.72 4.36 10.32 8.68
3.78 4.1 9.94 8.04
3.86 4.24 9.22 7.46
3.72 3.4 10.52 7.92
3.68 3.82 11.06 8.88
3.84 3.72 10.96 8.68
3.76 3.9 10.56 8.46
3.76 3.94 10.7 8.64
3.78 3.54 11.54 9.08
3.78 4.12 10.38 8.5
3.84 3.6 10.52 8.12
3.82 4.0 10.14 8.14
3.94 4.56 9.9 8.46
3.94 4.78 9.56 8.34
3.76 4.02 10.34 8.36
3.7 3.92 10.46 8.38
3.86 4.46 9.96 8.42
3.86 5.38 8.98 8.36
3.86 4.22 10.06 8.28
3.72 4.56 10.1 8.66
3.84 4.04 10.56 8.6
3.82 3.56 11.04 8.6
3.78 3.76 10.12 7.88
3.82 3.78 11.02 8.8
3.86 4.58 10.08 8.66
3.8 4.18 9.38 7.56
3.78 5.06 9.66 8.72
3.78 4.68 9.98 8.66
3.62 3.2 11.0 8.2
3.84 3.72 10.12 7.84
3.92 3.76 9.82 7.58
3.92 3.94 9.78 7.72
3.82 4.22 10.14 8.36
3.66 3.84 11.14 8.98
3.86 4.28 9.84 8.12
3.78 4.1 9.7 7.8
3.94 5.34 8.96 8.3
3.82 4.16 9.76 7.92
3.92 3.78 10.52 8.3
3.8 3.36 10.84 8.2
3.72 3.76 10.66 8.42
3.8 4.34 9.94 8.28
3.88 3.62 10.74 8.36
3.84 3.58 10.9 8.48
3.96 3.94 10.44 8.38
3.86 3.74 9.7 7.44
3.82 3.9 10.36 8.26
3.88 4.34 10.3 8.64
3.86 4.58 9.8 8.38
3.86 3.72 9.74 7.46
3.74 4.34 10.34 8.68
3.84 4.04 10.26 8.3
3.72 4.2 10.36 8.56
3.9 4.3 9.52 7.82
3.72 3.02 11.02 8.04
3.78 4.68 10.64 9.32
3.64 3.38 10.96 8.34
3.74 3.22 11.5 8.72
3.76 3.6 10.46 8.06
3.62 4.26 10.28 8.54
3.92 4.28 9.62 7.9
3.8 3.78 10.4 8.18
3.86 4.86 9.82 8.68
3.84 3.98 10.1 8.08
3.78 4.0 10.82 8.82
3.84 3.7 10.74 8.44
3.86 4.28 10.0 8.28
3.8 3.66 11.06 8.72
3.64 3.7 11.62 9.32
3.7 4.06 10.32 8.38
3.88 4.76 9.82 8.58
3.78 4.84 9.32 8.16
3.86 5.12 9.48 8.6
3.92 4.34 9.54 7.88
3.7 4.66 9.44 8.1
3.9 4.8 9.7 8.5
3.84 3.7 10.26 7.96
3.78 3.84 10.1 7.94
3.8 4.38 10.18 8.56
3.76 4.3 9.94 8.24
3.88 4.24 9.6 7.84
3.82 4.42 9.96 8.38
3.9 4.9 9.42 8.32
3.9 4.04 10.52 8.56
3.7 3.78 10.34 8.12
3.78 4.68 9.04 7.72
3.84 4.46 9.3 7.76
3.8 4.36 9.44 7.8
3.7 4.04 10.48 8.52
3.64 4.96 9.48 8.44
3.84 4.06 10.08 8.14
3.74 4.1 10.28 8.38
3.88 4.78 10.1 8.88
3.8 3.9 10.9 8.8
3.88 4.12 9.9 8.02
3.84 4.88 9.14 8.02
3.68 4.16 10.7 8.86
3.82 4.28 10.2 8.48
3.84 4.12 10.12 8.24
3.9 3.58 10.18 7.76
3.78 3.86 10.56 8.42
3.86 3.56 10.62 8.18
3.88 5.14 8.96 8.1
3.86 4.38 10.54 8.92
3.82 3.98 10.0 7.98
3.88 3.4 10.78 8.18
3.72 3.7 10.22 7.92
3.8 3.8 10.64 8.44
3.86 4.3 10.62 8.92
3.8 4.42 10.66 9.08
3.72 3.78 10.76 8.54
3.86 4.7 10.04 8.74
3.78 3.7 10.6 8.3
3.86 4.44 9.84 8.28
3.92 4.92 9.4 8.32
3.66 3.74 11.52 9.26
3.86 4.72 9.78 8.5
3.8 3.88 10.34 8.22
3.86 4.88 9.48 8.36
3.72 4.08 10.42 8.5
3.78 4.52 10.22 8.74
3.88 4.66 9.82 8.48
3.84 3.94 10.82 8.76
3.84 4.22 10.18 8.4
3.86 4.04 9.64 7.68
3.84 4.46 10.22 8.68
3.72 4.58 9.86 8.44
3.86 4.4 9.68 8.08
3.84 3.82 10.38 8.2
3.86 4.92 9.56 8.48
3.88 4.72 9.16 7.88
3.88 4.58 9.74 8.32
3.78 3.64 10.22 7.86
3.8 3.96 10.84 8.8
3.8 3.48 10.24 7.72
3.78 4.5 10.04 8.54
3.64 4.12 10.68 8.8
3.8 4.06 10.5 8.56
3.84 3.76 10.22 7.98
3.9 5.22 8.86 8.08
3.82 3.82 10.4 8.22
3.94 4.86 9.06 7.92
3.7 3.92 10.36 8.28
3.8 4.06 9.84 7.9
3.86 4.44 9.92 8.36
3.86 5.3 9.22 8.52
3.78 3.84 9.84 7.68
3.74 4.6 10.48 9.08
3.78 4.6 10.18 8.78
3.76 3.48 11.38 8.86
3.82 4.88 10.08 8.96
3.82 4.7 10.08 8.78
3.76 3.78 11.2 8.98
3.7 3.54 10.66 8.2
3.7 4.4 10.7 9.1
3.92 4.12 10.3 8.42
3.84 4.32 9.74 8.06
3.72 3.7 10.4 8.1
3.76 3.78 10.9 8.68
3.8 4.14 9.74 7.88
3.82 3.68 10.76 8.44
3.86 4.98 9.32 8.3
3.7 4.26 9.42 7.68
3.86 4.86 9.3 8.16
3.86 4.28 10.46 8.74
3.82 3.76 10.04 7.8
3.82 4.1 10.8 8.9
3.88 4.72 9.9 8.62
3.82 3.56 10.9 8.46
3.8 4.64 10.38 9.02
3.88 5.18 10.24 9.42
3.74 3.78 10.94 8.72
3.88 3.72 10.24 7.96
3.82 3.48 10.52 8.0
3.74 4.14 10.72 8.86
3.88 4.54 9.26 7.8
3.88 4.36 9.4 7.76
3.9 4.92 8.76 7.68
3.82 4.6 9.76 8.36
3.76 3.94 10.92 8.86
3.84 4.04 10.16 8.2
3.82 4.64 8.92 7.56
3.72 4.04 10.58 8.62
3.9 4.68 10.12 8.8
3.78 3.52 10.48 8.0
3.82 4.22 10.2 8.42
3.9 3.88 10.2 8.08
3.86 4.4 10.2 8.6
3.84 4.2 10.12 8.32
3.88 3.76 10.18 7.94
3.88 4.34 9.44 7.78
3.86 4.24 10.06 8.3
3.9 4.32 10.44 8.76
3.84 4.52 9.96 8.48
3.84 4.32 9.62 7.94
3.8 4.1 10.16 8.26
3.84 4.38 9.46 7.84
3.9 4.86 9.3 8.16
3.84 4.38 9.44 7.82
3.86 4.12 9.62 7.74
3.78 3.9 10.46 8.36
3.84 4.26 10.58 8.84
3.86 3.46 10.28 7.74
3.78 4.28 10.44 8.72
3.78 3.96 9.82 7.78
3.76 3.84 10.24 8.08
3.78 4.2 10.54 8.74
3.72 3.62 10.88 8.5
3.76 4.02 10.78 8.8
3.88 4.16 9.68 7.84
3.9 4.84 9.34 8.18
3.88 4.82 9.28 8.1
3.76 4.58 9.92 8.5
3.76 3.54 10.34 7.88
3.72 2.98 11.54 8.52
3.76 3.96 10.3 8.26
3.86 4.48 10.06 8.54
3.82 3.56 10.46 8.02
3.84 3.8 10.6 8.4
3.78 4.66 9.62 8.28
3.8 3.72 11.16 8.88
3.76 3.62 10.66 8.28
3.8 3.56 10.44 8.0
3.72 3.54 10.78 8.32
3.88 3.62 11.06 8.68
3.84 3.5 10.42 7.92
3.82 4.32 10.12 8.44
3.72 4.0 10.1 8.1
3.84 4.72 10.06 8.78
3.8 4.48 10.36 8.84
3.88 4.22 10.3 8.52
3.8 4.14 10.6 8.74
3.86 4.26 9.7 7.96
3.7 4.0 10.22 8.22
3.74 3.56 11.66 9.22
3.88 4.3 10.18 8.48
3.88 4.38 9.6 7.98
3.86 4.8 9.88 8.68
3.68 3.84 10.38 8.22
3.84 4.14 9.6 7.74
3.88 4.4 9.3 7.7
3.8 4.08 10.02 8.1
3.72 4.34 9.82 8.16
3.76 3.86 10.6 8.46
3.9 4.26 9.7 7.96
3.84 3.9 10.08 7.98
3.88 5.24 8.42 7.66
3.76 4.66 9.36 8.02
3.86 5.1 9.12 8.22
3.82 3.9 9.72 7.62
3.82 4.7 9.8 8.5
3.82 4.5 10.2 8.7
3.86 5.38 8.88 8.26
3.74 3.64 11.12 8.76
3.84 4.36 9.72 8.08
3.78 3.44 11.56 9.0
3.74 3.54 10.92 8.46
3.76 4.34 10.16 8.5
3.72 4.26 10.88 9.14
3.74 4.48 9.74 8.22
3.88 4.64 9.4 8.04
3.8 4.4 9.8 8.2
3.74 3.74 10.48 8.22
3.72 4.04 10.52 8.56
3.86 4.6 9.48 8.08
3.76 4.14 10.76 8.9
3.88 4.16 10.24 8.4
3.78 4.46 9.72 8.18
3.76 3.82 10.36 8.18
3.72 3.6 10.54 8.14
3.86 4.0 10.38 8.38
3.82 4.18 9.94 8.12
3.9 3.88 10.26 8.14
3.8 4.34 10.3 8.64
3.72 3.98 10.62 8.6
3.82 4.5 10.22 8.72
3.9 4.42 9.8 8.22
3.84 3.62 9.62 7.24
3.92 4.48 9.3 7.78
3.66 3.8 10.6 8.4
3.78 4.4 10.44 8.84
3.74 4.18 10.6 8.78
3.78 4.32 10.5 8.82
3.76 3.74 10.38 8.12
3.88 3.98 10.3 8.28
3.78 4.66 10.38 9.04
3.7 4.28 10.5 8.78
3.82 3.84 10.06 7.9
3.78 3.86 11.06 8.92
3.8 3.92 9.52 7.44
3.96 5.18 9.46 8.64
3.78 3.9 9.96 7.86
3.78 3.64 11.08 8.72
3.8 4.18 10.54 8.72
3.8 4.5 9.68 8.18
3.84 3.66 10.32 7.98
3.86 4.2 10.5 8.7
3.86 4.18 10.4 8.58
3.68 3.94 10.62 8.56
3.8 3.96 9.88 7.84
3.84 4.34 9.88 8.22
3.82 4.0 9.9 7.9
3.78 4.5 10.26 8.76
3.8 4.5 10.8 9.3
3.8 3.9 9.94 7.84
3.9 4.1 10.72 8.82
3.7 4.46 10.04 8.5
3.72 4.32 10.26 8.58
3.92 5.28 9.2 8.48
3.94 4.9 9.18 8.08
3.76 4.06 10.86 8.92
3.76 4.14 10.48 8.62
3.8 3.4 10.58 7.98
3.74 4.56 10.24 8.8
3.76 3.42 10.46 7.88
3.88 4.14 10.06 8.2
3.86 4.34 10.2 8.54
3.9 4.42 10.1 8.52
3.74 4.1 10.16 8.26
3.9 4.02 10.66 8.68
3.86 4.48 9.52 8.0
3.68 3.98 10.64 8.62
3.72 3.66 11.2 8.86
3.82 4.12 10.56 8.68
3.84 4.8 9.8 8.6
3.84 5.1 9.3 8.4
3.94 3.46 11.28 8.74
3.68 4.26 10.78 9.04
3.8 4.04 9.6 7.64
3.88 4.32 10.24 8.56
3.58 4.18 9.8 7.98
3.82 4.24 10.38 8.62
3.84 4.56 10.0 8.56
3.72 4.06 10.32 8.38
3.66 3.82 10.56 8.38
3.88 4.12 9.7 7.82
3.74 3.92 9.98 7.9
3.72 3.84 10.74 8.58
3.78 4.42 9.56 7.98
3.8 4.14 10.1 8.24
3.86 4.94 9.88 8.82
3.84 3.68 10.66 8.34
3.8 3.24 10.26 7.5
3.64 4.22 10.86 9.08
3.92 3.6 10.68 8.28
3.8 3.72 11.16 8.88
3.76 3.9 10.42 8.32
3.78 3.76 10.82 8.58
3.64 3.56 10.96 8.52
3.9 4.4 9.94 8.34
3.88 4.58 10.02 8.6
3.8 4.28 10.54 8.82
3.78 3.72 10.92 8.64
3.86 3.82 10.06 7.88
3.72 4.06 10.88 8.94
3.8 4.36 10.08 8.44
3.76 3.22 10.64 7.86
3.9 4.24 10.16 8.4
3.74 4.26 9.9 8.16
3.82 4.2 10.18 8.38
3.72 4.08 10.56 8.64
3.78 3.6 10.2 7.8
3.82 4.4 10.46 8.86
3.72 4.2 9.82 8.02
3.72 4.52 9.58 8.1
3.74 3.62 10.92 8.54
3.68 4.08 10.0 8.08
3.7 3.3 10.96 8.26
3.68 3.58 11.14 8.72
3.8 3.42 10.28 7.7
3.86 4.1 9.72 7.82
3.88 4.4 10.12 8.52
3.78 4.46 10.12 8.58
3.7 3.92 10.2 8.12
3.86 4.38 9.8 8.18
3.76 4.14 10.42 8.56
3.74 3.84 9.96 7.8
3.76 3.68 10.54 8.22
3.86 4.32 10.22 8.54
3.9 4.58 9.76 8.34
3.82 4.4 10.4 8.8
3.76 4.12 9.7 7.82
3.86 3.58 10.66 8.24
3.88 5.06 9.14 8.2
3.78 4.02 10.4 8.42
3.84 4.44 9.64 8.08
3.88 4.6 9.62 8.22
3.68 4.64 10.16 8.8
3.66 4.16 10.54 8.7
3.82 5.22 9.4 8.62
3.78 4.18 10.66 8.84
3.86 3.38 11.04 8.42
3.84 4.14 10.66 8.8
3.82 3.6 10.78 8.38
3.54 3.9 11.0 8.9
3.88 3.82 10.64 8.46
3.74 3.32 10.58 7.9
3.72 4.08 10.7 8.78
3.78 4.0 10.28 8.28
3.78 4.64 10.48 9.12
3.84 4.58 9.46 8.04
3.86 4.52 9.58 8.1
3.78 4.02 10.56 8.58
3.86 3.58 10.82 8.4
3.78 3.86 10.14 8.0
3.72 4.08 10.7 8.78
3.84 4.64 9.28 7.92
3.84 3.9 10.18 8.08
3.78 4.12 10.4 8.52
3.78 4.58 10.26 8.84
3.82 4.52 10.2 8.72
3.9 4.76 9.78 8.54
3.86 3.98 10.38 8.36
3.84 4.18 10.92 9.1
3.84 3.82 10.08 7.9
3.64 3.52 11.12 8.64
3.88 5.12 9.42 8.54
3.72 3.86 10.38 8.24
3.76 4.08 10.3 8.38
3.86 4.84 9.26 8.1
3.88 4.04 10.06 8.1
3.86 3.56 11.0 8.56
3.86 3.9 9.96 7.86
3.94 4.68 9.32 8.0
3.82 4.6 9.52 8.12
3.78 4.2 9.9 8.1
3.64 3.48 10.72 8.2
3.78 4.0 10.52 8.52
3.78 4.56 10.38 8.94
3.86 4.06 9.7 7.76
3.88 4.46 9.88 8.34
3.66 3.76 10.7 8.46
3.8 3.84 10.9 8.74
3.82 3.8 10.3 8.1
3.9 4.86 9.26 8.12
3.96 4.92 9.22 8.14
3.82 4.6 9.68 8.28
3.82 4.12 10.28 8.4
3.86 4.92 9.68 8.6
3.82 3.92 10.3 8.22
3.72 3.52 10.58 8.1
3.86 4.04 10.06 8.1
3.78 4.74 10.54 9.28
3.78 3.88 10.4 8.28
3.8 3.84 10.88 8.72
3.78 3.64 10.58 8.22
3.84 3.56 10.16 7.72
3.78 4.24 9.98 8.22
3.8 3.66 10.34 8.0
3.8 5.0 8.78 7.78
3.84 3.46 10.68 8.14
3.82 4.68 9.94 8.62
3.88 4.72 9.32 8.04
3.84 5.28 8.98 8.26
3.84 4.84 10.02 8.86
3.74 3.96 10.3 8.26
3.88 4.52 9.9 8.42
3.82 3.86 9.58 7.44
3.82 4.2 10.06 8.26
3.88 4.48 9.7 8.18
3.84 3.86 10.82 8.68
3.76 3.2 11.32 8.52
3.66 4.1 10.0 8.1
3.82 3.9 10.44 8.34
3.74 3.9 11.28 9.18
3.78 4.62 9.24 7.86
3.9 4.34 10.04 8.38
3.82 3.96 10.42 8.38
3.82 3.98 9.8 7.78
3.76 4.88 10.04 8.92
3.74 3.48 11.76 9.24
3.78 4.02 10.4 8.42
3.8 4.2 10.3 8.5
3.82 4.2 10.74 8.94
3.84 4.2 10.18 8.38
3.82 4.66 9.58 8.24
3.94 3.98 10.42 8.4
3.82 3.76 9.84 7.6
3.86 3.76 10.58 8.34
3.82 4.0 10.54 8.54
3.8 4.2 9.94 8.14
3.72 3.9 10.92 8.82
3.78 4.12 10.22 8.34
3.94 4.9 9.9 8.8
3.92 4.58 9.16 7.74
3.84 3.48 11.08 8.56
3.76 3.98 10.6 8.58
3.8 3.26 10.66 7.92
3.82 4.32 10.02 8.34
3.64 3.66 10.8 8.46
3.88 4.24 10.28 8.52
3.76 4.34 10.08 8.42
3.76 3.98 10.46 8.44
3.84 4.22 10.66 8.88
3.8 4.16 10.98 9.14
3.82 4.08 10.08 8.16
3.82 4.2 9.7 7.9
3.74 3.54 10.76 8.3
3.88 3.46 10.72 8.18
3.82 4.02 10.66 8.68
3.72 3.48 10.66 8.14
3.84 3.84 10.9 8.74
3.74 4.12 10.24 8.36
3.84 5.08 9.52 8.6
3.84 4.74 9.94 8.68
3.9 4.34 9.1 7.44
3.9 4.08 10.08 8.16
3.88 3.7 10.38 8.08
3.68 3.92 11.28 9.2
3.86 4.1 9.78 7.88
3.74 4.68 10.52 9.2
3.9 4.28 9.86 8.14
3.74 3.84 10.16 8.0
3.88 4.5 9.56 8.06
3.94 4.56 9.6 8.16
3.7 3.76 10.2 7.96
3.8 3.9 10.56 8.46
3.94 4.58 10.86 9.44
3.68 4.08 10.84 8.92
3.8 4.0 10.04 8.04
3.76 4.24 9.8 8.04
3.9 3.68 10.22 7.9
3.84 3.52 10.14 7.66
3.78 3.84 10.78 8.62
3.86 3.88 10.86 8.74
3.72 3.5 10.98 8.48
3.8 3.64 10.16 7.8
3.7 3.62 10.54 8.16
3.86 4.9 9.14 8.04
3.82 4.04 10.56 8.6
3.78 4.6 9.68 8.28
3.74 3.56 10.36 7.92
3.84 3.26 11.14 8.4
3.64 4.26 10.54 8.8
3.72 3.98 10.34 8.32
3.84 4.08 10.42 8.5
3.76 4.24 10.72 8.96
3.74 4.28 9.12 7.4
3.76 4.76 9.36 8.12
3.78 3.8 10.5 8.3
3.74 3.6 10.62 8.22
3.76 3.8 10.86 8.66
3.7 3.94 10.88 8.82
3.78 5.02 9.5 8.52
3.76 3.34 10.94 8.28
3.82 3.2 11.16 8.36
3.74 4.0 11.22 9.22
3.74 4.04 9.52 7.56
3.72 4.52 9.82 8.34
3.82 4.78 9.82 8.6
3.8 4.36 10.06 8.42
3.84 4.34 10.88 9.22
3.8 3.7 10.86 8.56
3.84 3.88 10.98 8.86
3.8 3.66 10.14 7.8
3.7 4.08 10.18 8.26
3.8 3.42 11.3 8.72
3.82 4.54 10.26 8.8
3.8 4.6 10.34 8.94
3.76 4.38 10.32 8.7
3.86 3.5 11.28 8.78
3.88 4.44 9.6 8.04
3.8 5.24 9.72 8.96
3.9 5.4 8.52 7.92
3.76 4.64 10.12 8.76
3.8 4.14 10.06 8.2
3.9 4.76 9.38 8.14
3.92 3.88 10.64 8.52
3.86 4.56 9.74 8.3
3.76 4.3 10.1 8.4
3.88 3.9 9.9 7.8
3.84 3.84 10.44 8.28
3.76 4.82 9.58 8.4
3.8 4.1 11.06 9.16
3.84 3.5 10.84 8.34
3.8 4.22 10.48 8.7
3.84 4.0 10.34 8.34
3.76 3.88 10.34 8.22
3.92 4.34 9.36 7.7
3.74 3.44 10.92 8.36
3.76 4.02 10.08 8.1
3.84 4.1 10.52 8.62
3.84 4.3 10.36 8.66
3.84 4.2 9.86 8.06
3.82 3.96 10.78 8.74
3.84 4.14 10.08 8.22
3.78 3.66 10.36 8.02
3.74 3.6 10.32 7.92
3.78 5.02 10.12 9.14
3.74 3.92 10.48 8.4
3.78 4.12 10.74 8.86
3.8 4.36 9.8 8.16
3.96 4.08 9.18 7.26
3.76 3.98 10.36 8.34
3.88 4.02 10.12 8.14
3.82 3.22 10.76 7.98
3.62 4.18 9.92 8.1
3.84 3.84 10.76 8.6
3.82 4.1 9.84 7.94
3.86 3.9 10.1 8.0
3.7 4.36 10.12 8.48
3.84 4.28 9.38 7.66
3.86 3.72 9.84 7.56
3.86 4.62 9.7 8.32
3.66 3.72 10.86 8.58
3.8 4.44 10.4 8.84
3.8 3.96 10.26 8.22
3.78 3.76 10.24 8.0
3.82 3.88 10.54 8.42
3.8 4.32 9.82 8.14
3.74 3.34 10.2 7.54
3.7 3.82 11.3 9.12
3.88 4.32 10.18 8.5
3.78 3.86 10.06 7.92
3.76 4.52 9.34 7.86
3.7 3.96 10.94 8.9
3.82 4.0 10.48 8.48
3.88 4.52 9.76 8.28
3.72 4.18 9.6 7.78
3.76 3.96 10.72 8.68
3.78 3.68 10.44 8.12
3.92 4.28 9.8 8.08
3.72 3.84 10.76 8.6
3.82 3.48 10.48 7.96
3.84 3.92 9.58 7.5
3.86 3.52 10.68 8.2
3.88 4.82 9.52 8.34
3.86 5.0 9.12 8.12
3.82 4.46 10.12 8.58
3.82 4.28 10.38 8.66
3.84 4.52 9.66 8.18
3.86 4.32 9.52 7.84
3.86 4.74 8.96 7.7
3.88 4.26 9.9 8.16
3.84 4.3 10.04 8.34
3.78 3.42 11.26 8.68
3.72 3.4 11.86 9.26
3.84 4.5 9.3 7.8
3.84 4.64 9.76 8.4
3.76 3.6 10.28 7.88
3.76 4.22 9.7 7.92
3.76 4.78 9.84 8.62
3.86 4.62 9.96 8.58
3.7 4.1 10.48 8.58
3.82 3.6 11.28 8.88
3.86 4.3 9.92 8.22
3.9 4.1 9.6 7.7
3.74 3.62 10.86 8.48
3.84 3.88 10.34 8.22
3.8 3.9 10.72 8.62
3.82 4.1 10.34 8.44
3.8 4.56 9.16 7.72
3.8 4.48 8.86 7.34
3.9 3.86 10.44 8.3
3.7 3.9 10.34 8.24
3.74 4.16 10.46 8.62
3.84 3.8 10.26 8.06
3.72 3.9 10.8 8.7
3.86 4.22 9.72 7.94
3.8 4.08 11.12 9.2
3.74 3.86 10.62 8.48
3.9 4.68 9.56 8.24
3.86 3.86 10.06 7.92
3.96 4.7 9.54 8.24
3.82 5.12 9.2 8.32
3.76 3.7 11.66 9.36
3.88 4.56 9.6 8.16
3.76 3.32 11.2 8.52
3.72 3.72 10.48 8.2
3.8 4.26 9.98 8.24
3.7 3.12 11.1 8.22
3.82 4.32 9.86 8.18
3.8 3.98 10.54 8.52
3.84 4.52 9.7 8.22
3.82 3.82 10.26 8.08
3.78 4.08 10.0 8.08
3.78 4.38 9.44 7.82
3.9 4.72 8.92 7.64
3.76 3.44 10.92 8.36
3.82 4.36 10.16 8.52
3.82 4.62 9.78 8.4
3.84 4.56 9.96 8.52
3.86 3.66 11.28 8.94
3.9 4.8 9.5 8.3
3.9 4.08 9.86 7.94
3.84 4.52 10.14 8.66
3.84 4.26 10.24 8.5
3.8 4.56 9.98 8.54
3.72 4.82 9.88 8.7
3.74 3.86 10.4 8.26
3.74 2.94 11.86 8.8
3.84 4.22 10.22 8.44
3.76 4.24 10.52 8.76
3.84 4.0 10.18 8.18
3.82 4.64 10.12 8.76
3.8 4.42 9.76 8.18
3.94 4.56 9.24 7.8
3.9 4.2 9.6 7.8
3.78 4.18 10.22 8.4
3.72 4.3 10.2 8.5
3.72 4.08 10.82 8.9
3.86 4.84 9.88 8.72
3.78 4.08 10.38 8.46
3.82 3.8 10.88 8.68
3.82 3.68 11.0 8.68
3.86 4.22 10.08 8.3
3.86 4.1 9.36 7.46
3.76 3.3 10.54 7.84
3.82 4.06 10.26 8.32
3.86 4.72 9.82 8.54
3.84 3.76 10.46 8.22
3.7 4.0 10.08 8.08
3.9 4.1 10.08 8.18
3.72 4.12 10.5 8.62
3.78 3.96 10.78 8.74
3.74 3.68 10.34 8.02
3.84 4.36 9.9 8.26
3.52 3.18 11.24 8.42
3.88 3.86 10.72 8.58
3.68 3.38 11.7 9.08
3.8 4.1 10.62 8.72
3.7 4.32 9.76 8.08
3.86 4.14 10.42 8.56
3.84 3.54 10.52 8.06
3.74 4.08 10.38 8.46
3.86 4.02 8.88 6.9
3.82 4.02 9.48 7.5
3.86 5.12 9.62 8.74
3.82 5.1 8.92 8.02
3.74 3.92 10.62 8.54
3.82 3.26 10.52 7.78
3.78 3.74 10.88 8.62
3.8 3.88 9.72 7.6
3.76 4.78 9.8 8.58
3.7 3.82 10.4 8.22
3.84 4.7 9.72 8.42
3.74 4.12 11.02 9.14
3.76 4.7 9.3 8.0
3.8 4.06 10.28 8.34
3.76 3.34 10.96 8.3
3.7 4.12 10.02 8.14
3.84 3.96 10.18 8.14
3.7 3.52 11.6 9.12
3.74 3.98 10.78 8.76
3.84 4.36 10.78 9.14
3.72 3.74 10.92 8.66
3.8 3.82 11.4 9.22
3.78 4.2 10.68 8.88
3.68 3.8 11.34 9.14
3.8 4.46 10.22 8.68
3.8 4.04 10.74 8.78
3.72 3.64 10.84 8.48
3.76 3.34 12.28 9.62
3.9 3.8 10.96 8.76
3.88 4.38 10.12 8.5
3.88 3.88 10.6 8.48
3.76 3.88 10.88 8.76
3.86 5.52 8.84 8.36
3.84 3.82 10.0 7.82
3.84 4.08 10.54 8.62
3.72 3.76 10.76 8.52
3.78 4.7 9.96 8.66
3.68 3.88 11.2 9.08
3.76 4.1 10.4 8.5
3.78 3.72 10.82 8.54
3.88 4.82 9.68 8.5
3.78 3.72 10.78 8.5
3.84 3.54 9.9 7.44
3.92 4.32 9.82 8.14
3.76 4.4 10.56 8.96
3.8 4.2 9.52 7.72
3.76 4.62 10.06 8.68
3.82 3.98 10.62 8.6
3.78 4.28 9.78 8.06
3.84 4.26 10.34 8.6
3.78 5.04 9.94 8.98
3.68 4.22 10.72 8.94
3.74 4.48 10.12 8.6
3.76 4.0 9.64 7.64
3.84 3.98 10.28 8.26
3.8 3.94 9.98 7.92
3.78 3.62 10.68 8.3
3.86 5.1 9.12 8.22
3.82 4.06 10.34 8.4
3.88 4.48 9.3 7.78
3.84 4.22 9.94 8.16
3.88 4.18 9.7 7.88
3.78 4.34 10.32 8.66
3.86 4.08 10.22 8.3
3.8 3.94 10.16 8.1
3.72 4.08 10.46 8.54
3.9 4.74 8.62 7.36
3.86 4.56 9.9 8.46
3.76 4.14 10.5 8.64
3.78 4.38 9.48 7.86
3.76 3.66 10.16 7.82
3.84 4.18 9.84 8.02
3.9 4.3 10.12 8.42
3.74 4.18 10.04 8.22
3.84 4.34 10.04 8.38
3.72 4.1 11.0 9.1
3.82 3.46 9.98 7.44
3.94 4.24 10.54 8.78
3.8 3.82 9.86 7.68
3.9 4.68 9.68 8.36
3.86 4.78 9.62 8.4
3.76 3.94 9.78 7.72
3.72 4.04 10.7 8.74
3.74 3.76 11.24 9.0
3.88 5.5 9.16 8.66
3.96 4.16 9.22 7.38
3.92 4.04 10.62 8.66
3.7 3.52 10.82 8.34
3.82 4.1 10.62 8.72
3.88 3.88 10.2 8.08
3.86 4.46 9.64 8.1
3.82 4.06 10.72 8.78
3.7 4.44 10.16 8.6
3.88 4.72 9.64 8.36
3.8 4.32 10.14 8.46
3.86 3.82 10.76 8.58
3.84 4.3 9.78 8.08
3.86 3.76 11.16 8.92
3.74 3.98 10.92 8.9
3.84 4.16 9.64 7.8
3.76 3.8 10.18 7.98
3.76 4.44 10.76 9.2
3.76 4.02 9.56 7.58
3.78 4.52 10.32 8.84
3.76 3.52 10.86 8.38
3.94 4.62 9.82 8.44
3.68 4.04 10.42 8.46
3.84 4.16 10.38 8.54
3.78 4.22 10.12 8.34
3.84 4.68 9.86 8.54
3.72 4.1 10.02 8.12
3.6 4.26 10.42 8.68
3.94 4.44 9.62 8.06
3.78 4.42 10.0 8.42
3.9 5.0 9.62 8.62
3.78 4.4 9.52 7.92
3.88 4.42 10.34 8.76
3.74 4.14 9.68 7.82
3.74 4.26 10.44 8.7
3.7 3.88 10.92 8.8
3.82 4.4 9.7 8.1
3.86 5.02 9.46 8.48
3.82 4.84 9.0 7.84
3.78 4.1 10.26 8.36
3.82 4.78 9.84 8.62
3.84 3.88 10.24 8.12
3.8 4.54 10.16 8.7
3.66 3.42 10.74 8.16
3.7 4.46 9.76 8.22
3.76 4.12 10.08 8.2
3.8 3.52 10.68 8.2
3.78 3.56 10.54 8.1
3.78 3.64 10.5 8.14
3.76 3.72 10.64 8.36
3.76 4.0 9.92 7.92
3.86 4.04 10.2 8.24
3.82 5.06 9.48 8.54
3.88 3.96 10.42 8.38
3.84 3.48 11.34 8.82
3.72 3.66 10.54 8.2
3.72 3.66 10.48 8.14
3.84 4.52 9.54 8.06
3.86 4.54 9.88 8.42
3.86 3.88 11.2 9.08
3.86 3.84 10.56 8.4
3.74 3.22 10.7 7.92
3.8 4.18 10.16 8.34
3.7 4.34 10.56 8.9
3.86 3.62 10.36 7.98
3.84 4.86 9.56 8.42
3.86 4.02 9.66 7.68
3.86 4.34 10.6 8.94
3.74 4.1 10.42 8.52
3.82 4.22 10.28 8.5
3.92 4.1 10.12 8.22
3.88 4.08 10.38 8.46
3.78 3.56 10.6 8.16
3.78 4.34 10.02 8.36
3.76 4.0 10.24 8.24
3.82 4.56 10.26 8.82
3.84 4.12 9.54 7.66
3.8 4.62 9.94 8.56
3.64 3.46 11.4 8.86
3.74 3.72 10.36 8.08
3.82 3.36 11.0 8.36
3.8 4.24 10.36 8.6
3.86 5.62 9.1 8.72
3.78 4.22 11.14 9.36
3.86 4.7 10.18 8.88
3.82 4.58 10.24 8.82
3.74 4.08 10.44 8.52
3.82 4.04 10.18 8.22
3.84 4.96 8.74 7.7
3.76 4.92 10.22 9.14
3.82 4.96 9.14 8.1
3.78 4.36 10.38 8.74
3.7 4.1 10.9 9.0
3.84 3.86 9.88 7.74
3.82 5.16 9.54 8.7
3.88 4.32 10.6 8.92
3.82 3.7 9.98 7.68
3.72 3.64 10.54 8.18
3.78 4.04 9.48 7.52
3.58 3.48 11.92 9.4
3.76 4.04 9.76 7.8
3.82 3.64 10.9 8.54
3.78 3.82 10.44 8.26
3.82 3.9 11.0 8.9
3.76 3.84 10.48 8.32
3.8 3.68 11.1 8.78
3.76 4.12 10.5 8.62
3.74 3.6 10.4 8.0
3.82 3.94 10.04 7.98
3.86 3.76 10.26 8.02
3.64 4.08 10.04 8.12
3.8 4.06 10.42 8.48
3.88 5.36 9.68 9.04
3.86 4.3 9.96 8.26
3.86 4.04 9.38 7.42
3.88 5.02 9.24 8.26
3.86 5.0 9.82 8.82
3.76 3.64 10.92 8.56
3.86 4.14 10.5 8.64
3.8 4.72 9.6 8.32
3.86 5.02 9.56 8.58
3.62 4.88 9.84 8.72
3.88 3.98 10.76 8.74
3.82 4.18 10.14 8.32
3.9 5.02 9.3 8.32
3.86 5.14 9.58 8.72
3.94 4.86 9.28 8.14
3.74 4.1 10.6 8.7
3.8 4.58 10.08 8.66
3.94 4.48 9.7 8.18
3.76 4.22 10.34 8.56
3.82 3.64 11.14 8.78
3.86 4.28 10.18 8.46
3.9 4.74 9.06 7.8
3.76 3.98 10.7 8.68
3.82 4.04 10.28 8.32
3.86 4.16 10.68 8.84
3.86 3.7 11.46 9.16
3.8 4.66 9.68 8.34
3.84 5.48 9.18 8.66
3.82 4.12 10.56 8.68
3.76 4.4 10.34 8.74
3.78 3.68 10.64 8.32
3.84 4.3 9.8 8.1
3.72 3.82 10.6 8.42
3.76 4.06 10.7 8.76
3.84 4.0 10.16 8.16
3.76 4.64 10.04 8.68
3.8 4.1 10.4 8.5
3.78 3.68 10.96 8.64
3.84 4.6 9.54 8.14
3.74 4.08 10.74 8.82
3.82 4.26 10.26 8.52
3.92 4.84 8.78 7.62
3.78 4.1 10.58 8.68
3.9 5.0 9.72 8.72
3.8 3.32 10.86 8.18
3.8 3.92 10.4 8.32
3.74 4.08 9.88 7.96
3.76 3.26 10.62 7.88
3.72 3.98 10.26 8.24
3.76 4.14 10.44 8.58
3.88 4.5 9.86 8.36
3.72 3.64 9.66 7.3
3.84 4.54 9.44 7.98
3.88 4.16 9.26 7.42
3.84 4.7 9.6 8.3
3.82 4.9 9.46 8.36
3.92 3.7 10.54 8.24
3.84 3.8 10.78 8.58
3.8 3.94 10.36 8.3
3.8 3.94 9.78 7.72
3.74 4.48 10.38 8.86
3.76 4.32 10.16 8.48
3.86 5.14 10.02 9.16
3.88 4.44 9.9 8.34
3.74 3.76 11.06 8.82
3.92 3.78 10.62 8.4
3.86 4.98 9.04 8.02
3.76 4.48 9.8 8.28
3.8 3.2 10.7 7.9
3.68 4.0 10.5 8.5
3.82 4.48 10.22 8.7
3.8 3.9 10.52 8.42
3.9 4.18 10.68 8.86
3.72 3.48 11.16 8.64
3.84 4.12 10.32 8.44
3.8 4.68 9.72 8.4
3.82 4.94 9.58 8.52
3.8 3.6 10.16 7.76
3.78 3.94 10.98 8.92
3.88 4.4 9.5 7.9
3.88 4.66 8.96 7.62
3.8 4.22 10.6 8.82
3.64 3.84 11.0 8.84
3.78 4.32 9.56 7.88
3.82 3.46 10.54 8.0
3.84 4.08 9.94 8.02
3.8 4.52 10.26 8.78
3.72 3.92 10.22 8.14
3.84 4.68 10.12 8.8
3.76 3.72 11.12 8.84
3.76 3.72 11.16 8.88
3.76 4.2 10.96 9.16
3.92 4.48 9.82 8.3
3.8 4.28 9.96 8.24
3.86 4.26 10.42 8.68
3.84 3.66 10.2 7.86
3.82 3.78 10.14 7.92
3.84 4.0 10.2 8.2
3.84 4.56 9.34 7.9
3.94 4.14 9.86 8.0
3.82 3.94 9.36 7.3
3.9 4.64 9.88 8.52
3.7 3.4 11.1 8.5
3.76 3.82 10.76 8.58
3.84 3.96 10.26 8.22
3.78 4.38 10.72 9.1
3.82 4.66 9.62 8.28
3.86 4.1 10.1 8.2
3.8 4.36 9.84 8.2
3.72 3.68 10.46 8.14
3.82 4.24 10.16 8.4
3.76 3.5 11.12 8.62
3.74 3.5 11.08 8.58
3.82 3.98 10.88 8.86
3.84 3.7 9.88 7.58
3.8 3.82 10.26 8.08
3.74 3.64 10.36 8.0
3.82 3.66 10.68 8.34
3.88 4.42 9.86 8.28
3.82 3.42 11.18 8.6
3.86 4.44 9.36 7.8
3.8 3.62 10.72 8.34
3.78 3.88 10.46 8.34
3.7 3.86 10.88 8.74
3.82 3.7 10.54 8.24
3.88 5.28 8.64 7.92
3.78 3.8 11.14 8.94
3.76 4.4 10.16 8.56
3.78 4.1 10.42 8.52
3.76 3.34 10.74 8.08
3.68 4.46 9.92 8.38
3.84 3.76 10.62 8.38
3.82 3.8 10.5 8.3
3.72 4.3 10.34 8.64
3.8 3.88 10.28 8.16
3.74 4.02 10.72 8.74
3.82 3.72 9.96 7.68
3.82 4.38 9.52 7.9
3.9 4.68 9.64 8.32
3.74 4.88 9.88 8.76
3.8 4.08 10.32 8.4
3.62 3.9 10.78 8.68
3.82 4.26 10.32 8.58
3.82 4.3 10.4 8.7
3.82 4.22 10.02 8.24
3.8 3.88 11.22 9.1
3.84 3.9 10.66 8.56
3.82 3.48 10.62 8.1
3.84 3.74 9.9 7.64
3.82 4.4 9.48 7.88
3.82 3.78 10.7 8.48
3.82 4.08 9.9 7.98
3.82 4.22 9.82 8.04
3.74 4.44 10.4 8.84
3.72 3.64 10.28 7.92
3.86 3.9 10.48 8.38
3.74 3.42 10.8 8.22
3.78 3.92 10.52 8.44
3.82 3.62 11.46 9.08
3.88 4.32 10.42 8.74
3.84 3.86 10.18 8.04
3.82 4.32 10.5 8.82
3.8 3.72 11.3 9.02
3.9 3.86 10.96 8.82
3.88 4.66 9.44 8.1
3.8 4.64 9.6 8.24
3.76 3.82 10.4 8.22
3.84 4.22 10.28 8.5
3.82 3.86 10.48 8.34
3.84 3.48 10.88 8.36
3.72 3.94 10.76 8.7
3.8 3.74 10.52 8.26
3.8 3.8 10.7 8.5
3.88 4.68 10.24 8.92
3.6 2.68 11.3 7.98
3.8 4.46 10.02 8.48
3.74 3.7 10.84 8.54
3.78 4.14 10.18 8.32
3.76 4.3 10.18 8.48
3.88 4.18 9.94 8.12
3.82 3.36 11.22 8.58
3.72 4.2 10.18 8.38
3.84 4.44 10.54 8.98
3.76 4.26 9.6 7.86
3.86 4.16 10.64 8.8
3.8 5.2 9.7 8.9
3.84 4.5 10.42 8.92
3.78 4.38 9.72 8.1
3.76 4.08 10.04 8.12
3.86 4.46 9.5 7.96
3.86 4.58 10.32 8.9
3.78 3.68 10.62 8.3
3.88 3.86 9.72 7.58
3.84 4.58 10.3 8.88
3.84 4.54 9.62 8.16
3.68 3.5 11.08 8.58
3.72 4.08 10.78 8.86
3.92 4.16 10.3 8.46
3.82 3.82 10.52 8.34
3.82 4.28 9.92 8.2
3.82 4.48 10.46 8.94
3.6 3.96 10.2 8.16
3.82 4.82 9.56 8.38
3.96 3.96 10.2 8.16
3.78 3.24 11.54 8.78
3.82 4.54 10.16 8.7
3.8 3.9 10.52 8.42
3.72 3.48 10.82 8.3
3.86 5.42 9.54 8.96
3.82 3.68 10.52 8.2
3.82 4.02 9.72 7.74
3.7 3.78 11.24 9.02
3.78 3.88 10.18 8.06
3.76 3.8 10.34 8.14
3.86 4.2 10.6 8.8
3.9 4.16 9.18 7.34
3.6 4.26 10.66 8.92
3.78 4.38 10.02 8.4
3.74 3.78 10.76 8.54
3.72 4.44 9.78 8.22
3.94 3.92 10.38 8.3
3.8 4.08 9.98 8.06
3.9 4.4 9.92 8.32
3.84 3.8 10.06 7.86
3.72 4.12 10.82 8.94
3.86 4.6 8.5 7.1
3.64 3.92 10.42 8.34
3.78 3.06 10.86 7.92
3.82 3.7 10.4 8.1
3.9 4.18 10.22 8.4
3.84 4.26 10.24 8.5
3.74 4.0 10.52 8.52
3.76 3.78 10.62 8.4
3.78 3.7 10.62 8.32
3.76 3.44 10.98 8.42
3.76 3.78 10.46 8.24
3.8 4.0 10.94 8.94
3.72 4.12 10.44 8.56
3.78 3.58 10.46 8.04
3.74 3.42 10.94 8.36
3.8 4.5 10.08 8.58
3.84 4.38 9.88 8.26
3.9 4.44 10.02 8.46
3.76 3.78 10.54 8.32
3.86 4.66 9.4 8.06
3.78 4.12 11.06 9.18
3.84 4.4 9.76 8.16
3.78 4.2 9.62 7.82
3.78 3.44 11.22 8.66
3.82 4.26 9.94 8.2
3.88 4.58 9.98 8.56
3.86 5.04 8.7 7.74
3.84 4.04 10.28 8.32
3.8 4.82 9.92 8.74
3.72 3.68 11.32 9.0
3.76 3.14 11.22 8.36
3.9 3.86 9.96 7.82
3.72 4.96 10.22 9.18
3.76 4.2 10.22 8.42
3.8 3.56 10.28 7.84
3.72 4.14 10.36 8.5
3.8 3.78 10.08 7.86
3.72 4.1 10.44 8.54
3.76 4.34 10.24 8.58
3.76 4.16 9.72 7.88
3.76 3.66 10.42 8.08
3.82 4.44 10.34 8.78
3.72 3.78 10.66 8.44
3.78 3.86 11.2 9.06
3.72 2.88 11.46 8.34
3.78 4.72 10.36 9.08
3.88 4.3 9.06 7.36
3.72 3.74 10.12 7.86
3.82 4.42 10.24 8.66
3.82 4.74 10.0 8.74
3.82 4.3 9.72 8.02
3.78 4.1 10.72 8.82
3.84 4.26 9.76 8.02
3.72 4.36 10.16 8.52
3.78 4.5 10.34 8.84
3.86 4.64 9.72 8.36
3.7 3.74 10.02 7.76
3.88 4.56 9.68 8.24
3.68 4.4 10.0 8.4
3.86 4.22 10.26 8.48
3.78 3.44 10.68 8.12
3.84 4.1 10.46 8.56
3.86 4.04 9.74 7.78
3.74 3.82 9.9 7.72
3.8 4.04 10.28 8.32
3.86 4.36 10.02 8.38
3.88 4.3 9.9 8.2
3.76 4.16 10.18 8.34
3.68 3.78 10.78 8.56
3.82 4.4 9.92 8.32
3.78 4.5 10.42 8.92
3.92 4.08 9.54 7.62
3.8 3.82 10.62 8.44
3.82 4.42 9.92 8.34
3.7 3.56 11.08 8.64
3.68 3.7 10.84 8.54
3.9 3.88 10.12 8.0
3.78 4.18 10.4 8.58
3.76 3.74 11.18 8.92
3.78 3.56 11.12 8.68
3.64 3.6 10.58 8.18
3.82 4.12 10.42 8.54
3.88 4.42 9.84 8.26
3.7 4.06 10.96 9.02
3.74 3.5 10.64 8.14
3.76 3.62 10.56 8.18
3.7 4.22 10.44 8.66
3.74 4.14 10.28 8.42
3.82 4.48 9.86 8.34
3.86 4.62 9.52 8.14
3.88 4.94 9.04 7.98
3.72 3.42 11.16 8.58
3.8 5.16 8.48 7.64
3.82 4.92 9.36 8.28
3.9 4.18 9.92 8.1
3.66 4.46 9.94 8.4
3.86 3.78 9.92 7.7
3.82 4.28 9.94 8.22
3.9 4.6 9.8 8.4
3.78 3.44 11.22 8.66
3.86 4.06 10.38 8.44
3.88 3.84 10.9 8.74
3.74 4.2 10.0 8.2
3.68 3.42 11.24 8.66
3.78 4.1 10.36 8.46
3.82 5.06 9.32 8.38
3.8 4.28 9.94 8.22
3.74 3.92 10.44 8.36
3.82 3.82 10.5 8.32
3.88 4.14 9.82 7.96
3.76 3.52 10.92 8.44
3.9 4.42 10.16 8.58
3.82 3.7 10.42 8.12
3.86 4.54 9.74 8.28
3.82 3.92 10.12 8.04
3.84 3.54 11.2 8.74
3.86 3.86 10.16 8.02
3.88 4.66 9.0 7.66
3.78 4.56 10.22 8.78
3.66 4.62 9.62 8.24
3.74 4.12 10.54 8.66
3.88 4.62 9.06 7.68
3.78 3.64 10.14 7.78
3.84 3.92 10.82 8.74
3.92 3.92 10.78 8.7
3.82 4.2 9.86 8.06
3.86 4.84 9.56 8.4
3.88 4.02 10.32 8.34
3.82 3.66 10.92 8.58
3.8 4.04 10.8 8.84
3.72 4.44 10.22 8.66
3.94 4.6 9.26 7.86
3.88 4.16 10.68 8.84
3.62 3.52 10.64 8.16
3.8 3.64 10.42 8.06
3.86 3.9 10.12 8.02
3.82 4.2 9.7 7.9
3.86 3.76 10.64 8.4
3.76 4.28 10.34 8.62
3.92 4.0 10.16 8.16
3.7 3.84 10.54 8.38
3.86 4.06 9.9 7.96
3.76 4.28 10.74 9.02
3.8 4.12 9.84 7.96
3.78 4.02 9.96 7.98
3.88 4.8 10.1 8.9
3.84 4.64 9.72 8.36
3.8 4.06 9.76 7.82
3.74 4.66 10.02 8.68
3.74 4.14 10.6 8.74
3.76 4.2 9.94 8.14
3.64 3.76 11.1 8.86
3.78 3.54 10.78 8.32
3.8 3.9 10.72 8.62
3.78 3.9 11.24 9.14
3.88 4.14 10.14 8.28
3.8 3.98 10.22 8.2
3.82 4.42 9.9 8.32
3.72 4.08 9.56 7.64
3.82 5.0 9.34 8.34
3.84 4.12 9.68 7.8
3.76 4.22 10.08 8.3
3.68 3.98 11.14 9.12
3.8 3.94 10.9 8.84
3.86 5.22 9.62 8.84
3.8 4.82 9.76 8.58
3.88 4.04 9.84 7.88
3.76 4.34 10.64 8.98
3.78 4.04 10.4 8.44
3.82 4.36 10.08 8.44
3.82 3.6 10.38 7.98
3.82 3.66 10.86 8.52
3.82 3.84 9.58 7.42
3.78 3.8 10.24 8.04
3.78 3.74 10.62 8.36
3.66 3.32 11.22 8.54
3.72 3.5 10.7 8.2
3.76 4.38 10.12 8.5
3.8 4.22 10.42 8.64
3.8 5.0 9.92 8.92
3.76 4.38 10.1 8.48
3.7 3.06 11.8 8.86
3.76 3.84 9.84 7.68
3.82 4.12 10.72 8.84
3.82 4.2 10.5 8.7
3.78 4.82 10.08 8.9
3.74 4.36 9.8 8.16
3.88 4.12 9.8 7.92
3.74 3.6 10.52 8.12
3.72 4.14 9.68 7.82
3.84 4.72 10.04 8.76
3.76 4.32 10.06 8.38
3.84 3.88 10.38 8.26
3.88 3.42 10.58 8.0
3.92 4.24 9.98 8.22
3.76 3.52 10.7 8.22
3.72 3.36 10.9 8.26
3.82 3.8 10.92 8.72
3.88 4.72 9.32 8.04
3.9 4.38 10.02 8.4
3.7 3.08 11.24 8.32
3.86 4.6 9.34 7.94
3.76 3.1 11.98 9.08
3.74 4.2 10.34 8.54
3.8 4.48 9.42 7.9
3.74 3.68 10.14 7.82
3.84 4.08 10.46 8.54
3.88 4.36 10.14 8.5
3.82 3.9 10.1 8.0
3.88 4.54 9.66 8.2
3.78 4.6 9.54 8.14
3.76 3.32 11.02 8.34
3.8 3.88 10.0 7.88
3.78 4.66 9.6 8.26
3.86 4.64 9.44 8.08
3.62 4.14 10.42 8.56
3.84 4.36 10.74 9.1
3.9 3.82 10.88 8.7
3.84 4.5 9.7 8.2
3.76 3.78 9.84 7.62
3.8 3.64 11.32 8.96
3.88 4.66 9.64 8.3
3.86 4.26 9.44 7.7
3.64 3.96 10.64 8.6
3.84 4.18 10.3 8.48
3.86 3.76 10.2 7.96
3.82 4.58 10.26 8.84
3.86 3.62 10.24 7.86
3.88 5.04 8.96 8.0
3.82 4.66 10.42 9.08
3.88 3.98 9.98 7.96
3.82 4.58 9.42 8.0
3.84 4.52 9.18 7.7
3.86 4.3 9.86 8.16
3.82 5.02 9.4 8.42
3.8 4.5 9.68 8.18
3.78 3.8 10.58 8.38
3.84 4.28 10.44 8.72
3.74 3.94 10.46 8.4
3.78 4.16 10.28 8.44
3.8 3.52 10.94 8.46
3.8 4.46 9.82 8.28
3.8 4.22 11.22 9.44
3.86 4.2 9.64 7.84
3.76 3.66 10.96 8.62
3.76 3.54 11.14 8.68
3.84 4.52 10.52 9.04
3.68 4.02 11.14 9.16
3.76 4.24 10.1 8.34
3.84 4.52 10.06 8.58
3.8 5.1 9.76 8.86
3.88 4.32 9.66 7.98
3.94 4.56 9.8 8.36
3.72 4.06 10.58 8.64
3.78 4.2 10.2 8.4
3.7 3.82 10.52 8.34
3.86 4.2 9.86 8.06
3.86 4.74 9.4 8.14
3.7 4.04 10.4 8.44
3.76 3.74 10.64 8.38
3.74 3.38 10.26 7.64
3.8 4.26 10.22 8.48
3.8 3.86 10.0 7.86
3.82 4.28 10.42 8.7
3.9 4.02 10.5 8.52
3.72 3.48 10.24 7.72
3.84 3.62 10.98 8.6
3.82 3.64 10.68 8.32
3.76 3.5 10.84 8.34
3.84 4.44 9.76 8.2
3.7 3.38 11.6 8.98
3.8 3.74 11.2 8.94
3.8 4.08 9.76 7.84
3.82 3.74 10.1 7.84
3.84 4.16 10.02 8.18
3.86 4.7 9.38 8.08
3.82 3.98 10.72 8.7
3.76 4.58 9.5 8.08
3.8 3.4 11.08 8.48
3.86 4.0 10.8 8.8
3.7 3.66 10.94 8.6
3.86 3.52 10.52 8.04
3.84 3.84 10.26 8.1
3.78 5.06 9.22 8.28
3.82 4.58 10.42 9.0
3.88 4.2 9.86 8.06
3.66 3.84 10.78 8.62
3.78 3.7 10.74 8.44
3.84 4.4 9.76 8.16
3.84 4.86 9.32 8.18
3.92 4.4 10.08 8.48
3.78 4.36 9.6 7.96
3.78 4.24 10.62 8.86
3.72 4.26 10.52 8.78
3.82 4.24 9.92 8.16
3.88 5.34 8.54 7.88
3.78 4.1 10.92 9.02
3.84 4.14 9.68 7.82
3.82 4.14 10.4 8.54
3.76 3.82 10.24 8.06
3.78 3.98 9.88 7.86
3.8 4.16 10.86 9.02
3.9 4.2 10.32 8.52
3.76 4.02 10.5 8.52
3.78 4.1 10.12 8.22
3.74 3.86 10.5 8.36
3.78 3.96 10.3 8.26
3.78 3.98 10.3 8.28
3.76 3.72 11.1 8.82
3.88 4.48 9.48 7.96
3.88 4.4 9.14 7.54
3.86 3.5 10.62 8.12
3.68 4.54 10.38 8.92
3.76 4.44 10.08 8.52
3.82 3.76 10.68 8.44
3.88 3.7 10.3 8.0
3.82 4.9 9.5 8.4
3.8 4.62 9.54 8.16
3.76 3.52 10.46 7.98
3.8 4.24 10.04 8.28
3.78 3.72 10.7 8.42
3.8 4.52 10.42 8.94
3.74 4.54 10.4 8.94
3.78 4.38 9.66 8.04
3.74 4.4 9.46 7.86
3.78 3.7 10.72 8.42
3.86 3.24 11.32 8.56
3.86 4.28 9.82 8.1
3.94 4.64 9.94 8.58
3.86 3.92 10.14 8.06
3.76 4.2 10.08 8.28
3.82 4.32 9.46 7.78
3.7 3.46 10.86 8.32
3.78 4.56 9.98 8.54
3.84 4.14 10.42 8.56
3.76 3.98 10.2 8.18
3.84 4.26 11.04 9.3
3.76 3.66 10.06 7.72
3.86 4.72 10.46 9.18
3.74 3.96 10.54 8.5
3.72 3.82 10.38 8.2
3.86 3.88 10.5 8.38
3.84 4.72 10.04 8.76
3.9 3.8 10.14 7.94
3.92 4.36 9.9 8.26
3.6 3.7 11.58 9.28
3.78 5.12 9.02 8.14
3.86 4.16 9.54 7.7
3.84 4.26 9.5 7.76
3.8 3.96 10.02 7.98
3.78 3.64 10.72 8.36
3.66 4.08 10.48 8.56
3.7 3.44 10.76 8.2
3.74 5.0 10.22 9.22
3.78 4.56 9.38 7.94
3.62 3.34 10.96 8.3
3.84 3.78 9.94 7.72
3.8 4.26 10.08 8.34
3.92 4.12 9.6 7.72
3.78 4.08 10.58 8.66
3.68 3.96 10.98 8.94
3.68 3.88 10.24 8.12
3.78 3.64 10.78 8.42
3.7 3.28 10.96 8.24
3.82 4.06 10.06 8.12
3.86 3.92 10.24 8.16
3.64 3.8 10.86 8.66
3.74 4.12 10.08 8.2
3.82 3.5 10.36 7.86
3.78 4.82 9.8 8.62
3.88 4.36 10.18 8.54
3.86 4.78 9.32 8.1
3.76 3.84 10.66 8.5
3.8 4.36 10.5 8.86
3.9 4.56 9.66 8.22
3.72 4.58 10.12 8.7
3.8 4.22 10.32 8.54
3.82 3.6 10.54 8.14
3.66 3.64 11.02 8.66
3.8 4.28 10.0 8.28
3.94 4.84 9.4 8.24
3.78 4.12 10.16 8.28
3.78 3.7 10.16 7.86
3.74 4.02 10.7 8.72
3.84 3.62 10.08 7.7
3.78 4.32 10.5 8.82
3.66 4.04 10.52 8.56
3.74 4.7 9.1 7.8
3.84 4.52 10.24 8.76
3.82 4.16 9.98 8.14
3.72 4.14 10.74 8.88
3.84 4.22 10.5 8.72
3.74 3.6 10.56 8.16
3.86 4.4 10.44 8.84
3.84 4.6 8.96 7.56
3.82 3.56 11.44 9.0
3.82 4.3 9.62 7.92
3.76 4.4 10.04 8.44
3.76 3.78 10.08 7.86
3.92 4.56 9.84 8.4
3.84 4.12 10.28 8.4
3.72 4.42 11.3 9.72
3.74 4.08 10.12 8.2
3.78 4.3 11.12 9.42
3.76 5.28 9.58 8.86
3.62 3.86 10.88 8.74
3.76 4.48 10.24 8.72
3.64 3.6 11.2 8.8
3.78 4.32 9.66 7.98
3.78 4.58 9.76 8.34
3.76 4.04 10.4 8.44
3.76 3.78 9.74 7.52
3.84 4.32 9.82 8.14
3.78 4.16 9.98 8.14
3.88 4.64 10.02 8.66
3.74 3.88 10.38 8.26
3.68 4.08 10.38 8.46
3.82 4.56 10.22 8.78
3.74 5.08 9.7 8.78
3.76 3.58 10.32 7.9
3.76 3.36 11.0 8.36
3.78 3.7 10.44 8.14
3.92 4.14 9.3 7.44
3.86 4.68 9.26 7.94
3.7 3.62 11.06 8.68
3.82 3.96 10.74 8.7
3.74 3.94 10.52 8.46
3.76 3.92 9.52 7.44
3.82 4.4 10.3 8.7
3.9 4.12 10.12 8.24
3.74 4.02 10.28 8.3
3.84 4.72 9.42 8.14
3.78 4.26 10.4 8.66
3.9 4.72 9.32 8.04
3.76 4.58 10.0 8.58
3.86 3.84 10.44 8.28
3.84 4.36 9.44 7.8
3.82 4.72 9.96 8.68
3.74 4.22 10.18 8.4
3.78 3.9 10.54 8.44
3.82 4.1 9.94 8.04
3.68 4.58 9.5 8.08
3.92 3.92 10.68 8.6
3.74 3.58 11.04 8.62
3.66 3.84 10.98 8.82
3.66 3.96 10.62 8.58
3.66 3.92 10.4 8.32
3.84 4.06 10.94 9.0
3.88 3.82 10.18 8.0
3.86 4.28 10.18 8.46
3.68 3.84 10.5 8.34
3.72 3.98 10.08 8.06
3.86 4.7 9.74 8.44
3.78 4.24 10.34 8.58
3.76 4.14 10.22 8.36
3.78 3.34 10.5 7.84
3.8 3.76 10.54 8.3
3.88 3.88 10.36 8.24
3.82 3.62 10.96 8.58
3.8 3.5 10.88 8.38
3.84 4.0 9.72 7.72
3.9 4.96 9.64 8.6
3.86 4.04 9.92 7.96
3.84 4.04 10.18 8.22
3.82 3.74 10.72 8.46
3.7 4.78 9.98 8.76
3.92 5.16 9.74 8.9
3.78 4.06 10.7 8.76
3.78 4.62 8.96 7.58
3.78 3.84 10.98 8.82
3.86 4.3 10.2 8.5
3.78 4.52 10.34 8.86
3.9 3.78 10.7 8.48
3.8 4.74 9.56 8.3
3.88 4.56 9.32 7.88
3.78 3.62 10.44 8.06
3.8 3.76 10.14 7.9
3.78 3.5 10.94 8.44
3.82 4.66 9.44 8.1
3.8 4.22 10.0 8.22
3.78 4.8 9.84 8.64
3.86 4.06 10.38 8.44
3.76 4.46 10.36 8.82
3.68 3.3 10.7 8.0
3.88 4.1 10.1 8.2
3.74 4.4 10.34 8.74
3.74 3.18 10.58 7.76
3.86 3.86 10.16 8.02
3.76 3.84 10.8 8.64
3.82 4.48 9.74 8.22
3.84 4.46 9.88 8.34
3.86 4.38 9.78 8.16
3.86 4.34 9.94 8.28
3.84 4.2 10.14 8.34
3.88 4.5 10.04 8.54
3.88 4.16 10.1 8.26
3.86 4.16 10.04 8.2
3.82 4.84 9.94 8.78
3.82 3.98 10.52 8.5
3.84 4.44 10.1 8.54
3.8 3.34 11.04 8.38
3.7 4.18 11.12 9.3
3.78 4.66 9.98 8.64
3.76 3.58 10.18 7.76
3.86 3.54 10.08 7.62
3.86 4.26 10.64 8.9
3.82 3.8 11.24 9.04
3.86 4.34 9.78 8.12
3.82 4.9 9.7 8.6
3.76 3.58 10.42 8.0
3.9 4.1 9.78 7.88
3.7 3.72 10.86 8.58
3.74 4.12 10.12 8.24
3.88 4.74 9.68 8.42
3.88 3.44 10.3 7.74
3.9 3.86 10.4 8.26
3.74 3.78 9.8 7.58
3.82 3.96 9.92 7.88
3.76 4.2 10.62 8.82
3.66 3.7 10.68 8.38
3.72 3.48 10.8 8.28
3.84 3.8 10.1 7.9
3.78 4.2 10.26 8.46
3.76 4.08 10.78 8.86
3.7 3.74 10.94 8.68
3.86 4.1 10.66 8.76
3.9 4.56 8.8 7.36
3.62 3.62 11.36 8.98
3.76 4.56 10.06 8.62
3.78 2.98 11.74 8.72
3.7 4.04 11.04 9.08
3.88 4.12 9.72 7.84
3.88 4.48 9.62 8.1
3.78 3.64 10.18 7.82
3.76 4.12 10.18 8.3
3.8 3.96 9.98 7.94
3.8 4.38 9.96 8.34
3.8 5.0 9.36 8.36
3.82 4.88 9.58 8.46
3.88 4.3 9.74 8.04
3.94 5.2 9.02 8.22
3.72 3.32 11.44 8.76
3.86 4.54 10.4 8.94
3.76 4.28 9.72 8.0
3.86 4.12 9.7 7.82
3.86 4.02 10.4 8.42
3.86 4.02 10.1 8.12
3.82 4.44 10.42 8.86
3.86 4.54 10.44 8.98
3.72 3.74 10.76 8.5
3.76 4.26 9.2 7.46
3.8 4.46 10.22 8.68
3.82 4.26 10.1 8.36
3.72 4.14 10.62 8.76
3.76 4.6 9.5 8.1
3.74 4.46 10.08 8.54
3.9 3.9 10.04 7.94
3.8 3.94 10.04 7.98
3.78 4.52 9.46 7.98
3.72 3.9 10.78 8.68
3.8 4.34 9.84 8.18
3.62 3.16 11.46 8.62
3.9 4.5 10.04 8.54
3.8 3.72 9.92 7.64
3.8 3.54 10.04 7.58
3.82 4.42 10.24 8.66
3.88 3.68 10.44 8.12
3.72 3.98 10.82 8.8
3.86 4.42 9.54 7.96
3.72 3.98 9.78 7.76
3.76 3.64 10.76 8.4
3.78 3.66 10.46 8.12
3.86 4.58 10.28 8.86
3.76 3.86 10.32 8.18
3.72 3.12 12.02 9.14
3.8 3.8 10.3 8.1
3.76 4.36 10.0 8.36
3.78 4.16 10.54 8.7
3.74 4.28 10.24 8.52
3.92 4.3 9.9 8.2
3.84 4.3 9.82 8.12
3.72 3.72 11.22 8.94
3.82 3.88 10.3 8.18
3.7 3.64 10.62 8.26
3.76 3.58 10.52 8.1
3.82 4.3 9.8 8.1
3.84 4.76 9.72 8.48
3.82 4.22 10.82 9.04
3.8 4.62 10.32 8.94
3.76 4.3 10.04 8.34
3.92 4.82 9.8 8.62
3.72 3.46 11.26 8.72
3.78 3.94 10.96 8.9
3.72 4.34 9.54 7.88
3.68 3.86 11.1 8.96
3.8 4.34 9.56 7.9
3.76 4.48 9.68 8.16
3.84 4.12 9.74 7.86
3.62 3.84 10.86 8.7
3.96 4.66 9.12 7.78
3.88 5.0 8.68 7.68
3.76 3.72 11.4 9.12
3.9 4.2 9.7 7.9
3.78 4.58 9.64 8.22
3.78 4.26 10.52 8.78
3.82 4.16 10.48 8.64
3.7 3.7 10.6 8.3
3.86 4.76 9.82 8.58
3.8 4.72 9.88 8.6
3.88 4.52 9.6 8.12
3.78 4.7 9.98 8.68
3.88 4.48 9.92 8.4
3.8 4.82 10.22 9.04
3.78 4.64 9.76 8.4
3.9 4.46 9.58 8.04
3.88 4.94 9.54 8.48
3.74 3.76 10.54 8.3
3.76 4.22 10.54 8.76
3.9 4.52 9.32 7.84
3.78 4.86 9.7 8.56
3.86 4.64 9.84 8.48
3.88 4.48 9.32 7.8
3.76 4.3 9.76 8.06
3.82 4.24 10.06 8.3
3.84 4.08 10.3 8.38
3.8 4.94 9.7 8.64
3.8 4.0 10.14 8.14
3.82 3.88 10.02 7.9
3.76 4.44 9.48 7.92
3.66 4.04 11.02 9.06
3.86 4.34 9.9 8.24
3.82 4.32 10.16 8.48
3.72 3.86 10.92 8.78
3.8 4.36 10.08 8.44
3.86 4.7 9.34 8.04
3.76 3.8 10.12 7.92
3.82 4.42 9.72 8.14
3.7 4.38 10.0 8.38
3.86 4.42 10.42 8.84
3.8 4.2 11.0 9.2
3.76 4.26 10.16 8.42
3.78 4.68 9.54 8.22
3.8 4.34 9.94 8.28
3.8 4.06 10.3 8.36
3.72 5.06 9.66 8.72
3.82 4.34 9.7 8.04
3.8 4.22 10.14 8.36
3.84 4.24 9.9 8.14
3.78 3.64 10.48 8.12
3.76 4.46 9.64 8.1
3.86 4.72 9.42 8.14
3.9 5.02 9.66 8.68
3.78 4.2 10.42 8.62
3.86 4.38 10.0 8.38
3.66 3.18 10.78 7.96
3.86 4.62 9.94 8.56
3.72 4.18 10.0 8.18
3.84 4.54 9.62 8.16
3.86 5.2 9.04 8.24
3.84 4.54 9.86 8.4
3.84 4.66 9.32 7.98
3.88 4.58 10.42 9.0
3.92 4.86 8.9 7.76
3.66 3.52 10.62 8.14
3.78 4.38 10.44 8.82
3.74 3.32 11.4 8.72
3.78 3.88 9.62 7.5
3.74 4.06 10.48 8.54
3.96 4.64 9.08 7.72
3.7 3.36 10.86 8.22
3.84 5.24 9.1 8.34
3.9 4.6 10.48 9.08
3.76 4.2 10.0 8.2
3.68 3.18 11.32 8.5
3.86 4.38 9.54 7.92
3.86 3.94 9.74 7.68
3.86 3.84 10.42 8.26
3.84 4.24 10.08 8.32
3.68 4.1 10.46 8.56
3.76 3.86 10.34 8.2
3.86 4.42 10.28 8.7
3.8 4.76 9.34 8.1
3.8 4.1 10.4 8.5
3.86 3.8 10.64 8.44
3.76 3.48 10.74 8.22
3.76 4.74 10.12 8.86
3.86 4.16 10.5 8.66
3.86 3.8 10.62 8.42
3.84 4.26 9.84 8.1
3.84 3.48 10.96 8.44
3.78 4.28 10.38 8.66
3.88 4.18 9.54 7.72
3.82 3.8 10.62 8.42
3.8 4.06 10.52 8.58
3.82 3.62 10.86 8.48
3.82 4.82 8.82 7.64
3.82 4.02 10.02 8.04
3.82 4.68 9.9 8.58
3.9 4.44 10.1 8.54
3.78 4.14 10.42 8.56
3.8 3.86 10.06 7.92
3.86 4.16 10.5 8.66
3.88 3.8 10.74 8.54
3.8 4.22 9.6 7.82
3.88 4.3 10.66 8.96
3.8 3.74 10.36 8.1
3.66 3.74 10.58 8.32
3.76 3.76 10.56 8.32
3.82 4.06 9.76 7.82
3.78 4.26 10.22 8.48
3.78 3.9 10.64 8.54
3.86 3.56 11.02 8.58
3.76 4.0 9.8 7.8
3.84 4.28 10.12 8.4
3.8 3.7 10.34 8.04
3.78 4.34 10.4 8.74
3.86 4.7 9.54 8.24
3.76 4.04 10.48 8.52
3.86 4.2 10.52 8.72
3.84 4.34 10.38 8.72
3.84 3.66 11.08 8.74
3.86 4.34 10.5 8.84
3.86 4.18 10.68 8.86
3.86 4.46 10.08 8.54
3.92 4.18 10.22 8.4
3.86 4.1 10.18 8.28
3.8 4.14 9.9 8.04
3.78 4.02 10.78 8.8
3.92 4.04 10.2 8.24
3.86 4.4 10.14 8.54
3.88 5.16 9.6 8.76
3.84 4.08 10.5 8.58
3.72 3.72 10.48 8.2
3.88 3.96 10.36 8.32
3.78 4.06 9.74 7.8
3.86 4.18 10.44 8.62
3.76 3.48 11.36 8.84
3.74 4.22 10.04 8.26
3.92 3.9 10.48 8.38
3.88 4.72 10.04 8.76
3.76 3.72 10.58 8.3
3.82 4.34 9.74 8.08
3.86 4.52 10.3 8.82
3.78 4.56 9.92 8.48
3.84 3.56 10.5 8.06
3.78 3.38 11.06 8.44
3.9 4.5 9.48 7.98
3.82 4.04 10.26 8.3
3.8 4.26 9.74 8.0
3.7 3.08 11.22 8.3
3.78 3.86 10.8 8.66
3.8 4.04 9.78 7.82
3.84 4.06 9.84 7.9
3.82 5.02 8.86 7.88
3.84 4.1 9.9 8.0
3.8 3.88 10.68 8.56
3.76 3.96 10.7 8.66
3.78 4.98 9.2 8.18
3.84 4.7 9.36 8.06
3.9 4.1 10.18 8.28
3.82 4.46 9.78 8.24
3.88 3.82 9.94 7.76
3.9 4.72 9.72 8.44
3.82 4.32 10.92 9.24
3.86 4.38 9.94 8.32
3.78 3.98 11.4 9.38
3.76 3.56 10.94 8.5
3.86 4.02 10.0 8.02
3.66 3.92 11.38 9.3
3.9 3.62 10.34 7.96
3.86 4.34 9.58 7.92
3.84 4.78 9.76 8.54
3.78 4.4 9.54 7.94
3.84 3.74 11.1 8.84
3.86 3.94 10.76 8.7
3.74 5.16 9.58 8.74
3.86 5.84 8.8 8.64
3.84 4.48 10.42 8.9
3.84 4.02 10.34 8.36
3.92 4.3 10.02 8.32
3.82 4.44 9.56 8.0
3.8 3.68 10.72 8.4
3.82 4.7 9.6 8.3
3.8 4.06 10.38 8.44
3.8 4.1 10.26 8.36
3.72 3.2 10.38 7.58
3.82 3.94 10.3 8.24
3.84 3.92 10.36 8.28
3.82 3.94 10.58 8.52
3.74 3.24 11.16 8.4
3.7 3.84 10.4 8.24
3.84 3.76 10.84 8.6
3.76 3.98 10.54 8.52
3.86 4.3 9.24 7.54
3.76 4.04 10.68 8.72
3.76 3.88 10.8 8.68
3.8 3.58 10.6 8.18
3.7 4.32 9.98 8.3
3.88 4.16 10.62 8.78
3.84 4.34 10.52 8.86
3.78 4.18 10.88 9.06
3.84 4.06 9.7 7.76
3.82 4.38 9.72 8.1
3.88 4.28 9.84 8.12
3.78 3.62 10.66 8.28
3.76 4.18 9.94 8.12
3.82 3.76 10.5 8.26
3.86 4.26 9.96 8.22
3.8 4.44 9.36 7.8
3.74 4.2 10.02 8.22
3.8 4.62 10.04 8.66
3.86 4.04 10.06 8.1
3.64 3.66 11.62 9.28
3.9 3.84 10.34 8.18
3.8 3.8 9.92 7.72
3.62 3.0 11.1 8.1
3.82 4.0 9.94 7.94
3.88 4.38 10.1 8.48
3.78 4.12 10.22 8.34
3.78 4.34 10.02 8.36
3.92 4.22 9.76 7.98
3.8 4.48 9.74 8.22
3.84 3.92 10.54 8.46
3.6 4.28 10.62 8.9
3.92 4.04 9.84 7.88
3.8 3.38 10.76 8.14
3.82 3.46 10.76 8.22
3.8 4.8 9.68 8.48
3.8 4.66 9.98 8.64
3.82 3.96 10.38 8.34
3.88 3.9 10.16 8.06
3.8 4.08 11.14 9.22
3.82 4.66 10.24 8.9
3.9 4.46 9.78 8.24
3.76 3.98 9.98 7.96
3.86 4.02 9.58 7.6
3.84 3.66 10.1 7.76
3.78 4.12 10.64 8.76
3.78 3.78 10.94 8.72
3.72 3.34 11.04 8.38
3.86 5.1 9.18 8.28
3.82 4.26 9.66 7.92
3.82 4.08 9.94 8.02
3.78 3.5 11.06 8.56
3.88 3.9 10.66 8.56
3.84 3.78 10.4 8.18
3.86 3.5 10.68 8.18
3.7 3.46 10.4 7.86
3.78 4.04 10.04 8.08
3.86 4.58 9.38 7.96
3.84 4.32 9.58 7.9
3.82 4.14 10.08 8.22
3.82 3.62 10.7 8.32
3.6 3.94 11.06 9.0
3.86 5.2 8.58 7.78
3.9 3.16 11.02 8.18
3.8 4.08 10.4 8.48
3.9 3.46 10.84 8.3
3.76 4.2 10.0 8.2
3.88 3.58 10.14 7.72
3.76 3.52 10.44 7.96
3.92 4.06 11.06 9.12
3.8 4.56 9.94 8.5
3.82 4.62 10.02 8.64
3.68 3.56 11.3 8.86
3.82 3.78 10.5 8.28
3.9 4.58 9.88 8.46
3.86 3.58 10.44 8.02
3.76 4.32 9.96 8.28
3.88 4.7 9.46 8.16
3.8 4.5 9.92 8.42
3.84 4.38 10.28 8.66
3.8 4.36 10.04 8.4
3.78 3.96 9.9 7.86
3.72 4.12 9.66 7.78
3.76 3.54 10.66 8.2
3.74 3.94 10.64 8.58
3.76 4.64 9.52 8.16
3.86 3.96 10.08 8.04
3.74 4.12 10.18 8.3
3.86 4.04 10.22 8.26
3.86 4.2 10.16 8.36
3.72 4.34 10.14 8.48
3.86 4.54 9.66 8.2
3.96 4.66 9.4 8.06
3.7 3.24 11.68 8.92
3.7 3.78 10.1 7.88
3.76 4.56 9.64 8.2
3.86 4.42 10.06 8.48
3.8 4.6 9.22 7.82
3.84 4.36 9.7 8.06
3.88 4.24 9.96 8.2
3.86 3.94 10.74 8.68
3.86 4.42 9.6 8.02
3.8 4.38 10.38 8.76
3.92 4.34 9.86 8.2
3.76 4.18 9.74 7.92
3.74 3.78 10.42 8.2
3.84 4.62 9.7 8.32
3.94 3.76 10.1 7.86
3.72 4.5 10.48 8.98
3.88 4.66 9.8 8.46
3.82 4.16 10.2 8.36
3.76 4.66 9.88 8.54
3.78 3.54 10.78 8.32
3.88 3.86 10.32 8.18
3.86 4.66 9.82 8.48
3.78 3.48 10.64 8.12
3.7 4.02 10.48 8.5
3.86 4.64 10.02 8.66
3.76 4.56 9.78 8.34
3.8 4.38 10.02 8.4
3.8 4.96 9.98 8.94
3.78 4.02 10.84 8.86
3.82 4.26 10.02 8.28
3.78 4.22 10.34 8.56
3.78 3.86 10.62 8.48
3.78 4.16 9.92 8.08
3.72 3.3 10.9 8.2
3.92 4.32 10.16 8.48
3.8 5.0 9.78 8.78
3.78 4.06 10.76 8.82
3.76 3.56 11.18 8.74
3.76 4.04 9.88 7.92
3.86 3.98 9.92 7.9
3.84 4.86 10.34 9.2
3.76 4.26 10.18 8.44
3.82 2.96 11.0 7.96
3.8 5.04 10.02 9.06
3.82 4.1 10.04 8.14
3.78 4.4 9.74 8.14
3.6 3.58 11.2 8.78
3.8 4.64 9.68 8.32
3.94 4.66 10.78 9.44
3.84 4.14 10.58 8.72
3.76 4.86 9.92 8.78
3.8 4.16 10.5 8.66
3.76 4.14 10.0 8.14
3.88 4.44 9.82 8.26
3.76 4.08 10.64 8.72
3.8 4.54 9.84 8.38
3.84 3.82 10.5 8.32
3.78 4.18 10.36 8.54
3.88 5.54 8.56 8.1
3.84 4.12 10.48 8.6
3.88 4.5 9.8 8.3
3.82 4.3 10.26 8.56
3.84 3.94 9.86 7.8
3.9 4.9 9.36 8.26
3.7 4.2 10.16 8.36
3.84 4.48 9.38 7.86
3.72 3.66 10.98 8.64
3.7 4.4 10.54 8.94
3.74 4.42 9.92 8.34
3.84 4.26 10.52 8.78
3.78 3.94 10.62 8.56
3.76 3.94 10.68 8.62
3.74 3.96 10.36 8.32
3.94 4.62 9.48 8.1
3.8 4.2 9.94 8.14
3.76 4.66 10.06 8.72
3.78 3.98 10.36 8.34
3.78 3.94 10.32 8.26
3.72 3.8 10.08 7.88
3.8 4.46 9.92 8.38
3.86 4.74 9.96 8.7
3.84 4.7 9.94 8.64
3.82 4.38 9.54 7.92
3.76 4.36 10.58 8.94
3.9 4.28 9.94 8.22
3.84 3.88 10.34 8.22
3.86 4.4 9.8 8.2
3.8 4.04 11.22 9.26
3.76 3.58 10.5 8.08
3.86 4.06 10.0 8.06
3.78 4.06 10.44 8.5
3.66 3.72 11.0 8.72
3.78 3.06 11.14 8.2
3.76 4.84 9.8 8.64
3.76 3.8 10.78 8.58
3.84 3.94 9.88 7.82
3.84 3.76 10.38 8.14
3.84 5.4 8.6 8.0
3.86 4.5 9.8 8.3
3.84 4.52 9.58 8.1
3.68 3.68 10.7 8.38
3.78 4.74 9.76 8.5
3.8 4.54 10.1 8.64
3.82 3.84 9.86 7.7
3.86 4.36 9.44 7.8
3.88 4.3 10.44 8.74
3.7 3.8 10.96 8.76
3.88 5.06 9.26 8.32
3.76 4.4 9.68 8.08
3.8 4.08 10.14 8.22
3.8 4.6 10.06 8.66
3.74 4.08 10.04 8.12
3.84 3.88 9.92 7.8
3.82 4.4 9.5 7.9
3.8 3.2 10.48 7.68
3.78 4.06 10.54 8.6
3.6 3.84 11.28 9.12
3.76 3.8 10.82 8.62
3.72 3.48 10.76 8.24
3.76 3.66 10.76 8.42
3.78 3.52 10.48 8.0
3.8 4.24 9.94 8.18
3.8 4.2 10.02 8.22
3.8 3.82 10.78 8.6
3.68 3.4 10.56 7.96
3.84 3.82 10.26 8.08
3.8 3.8 10.54 8.34
3.84 4.96 9.34 8.3
3.9 4.7 9.22 7.92
3.76 3.98 10.8 8.78
3.88 4.54 9.72 8.26
3.88 4.58 9.66 8.24
3.76 3.78 10.26 8.04
3.8 3.94 10.44 8.38
3.84 4.5 10.16 8.66
3.8 4.42 10.8 9.22
3.78 3.68 10.28 7.96
3.76 3.26 11.18 8.44
3.82 3.48 10.8 8.28
3.98 4.84 9.44 8.28
3.7 3.58 11.36 8.94
3.8 4.2 9.88 8.08
3.82 4.36 10.18 8.54
3.84 4.52 9.5 8.02
3.86 4.24 9.76 8.0
3.84 3.96 10.38 8.34
3.78 3.78 10.62 8.4
3.9 4.44 9.78 8.22
3.82 4.48 10.48 8.96
3.78 4.34 10.62 8.96
3.8 4.1 10.4 8.5
3.76 4.22 10.22 8.44
3.78 4.16 9.86 8.02
3.86 5.2 9.26 8.46
3.7 4.34 9.62 7.96
3.76 3.98 9.48 7.46
3.8 3.84 10.12 7.96
3.8 4.08 9.78 7.86
3.88 3.32 10.96 8.28
3.72 3.68 10.74 8.42
3.9 4.44 9.66 8.1
3.7 3.32 11.0 8.32
3.88 3.94 10.12 8.06
3.86 3.96 10.9 8.86
3.78 4.12 10.2 8.32
3.7 3.86 11.34 9.2
3.82 4.38 9.8 8.18
3.9 4.26 9.7 7.96
3.78 4.5 10.1 8.6
3.76 4.32 10.0 8.32
3.76 4.54 9.9 8.44
3.78 4.28 10.12 8.4
3.84 4.5 9.08 7.58
3.9 5.5 8.98 8.48
3.76 4.0 10.36 8.36
3.9 3.7 10.12 7.82
3.92 4.36 9.4 7.76
3.72 2.72 11.94 8.66
3.82 4.2 10.26 8.46
3.86 3.98 10.48 8.46
3.82 4.36 9.9 8.26
3.88 4.32 10.3 8.62
3.68 4.18 10.12 8.3
3.82 3.9 9.94 7.84
3.84 4.74 9.42 8.16
3.76 4.58 10.32 8.9
3.88 4.78 9.62 8.4
3.78 3.54 10.08 7.62
3.8 4.0 10.36 8.36
3.76 4.1 10.14 8.24
3.72 4.1 10.1 8.2
3.9 4.1 10.66 8.76
3.9 3.62 10.66 8.28
3.7 4.72 10.06 8.78
3.58 4.12 10.48 8.6
3.76 4.1 10.52 8.62
3.76 4.3 10.4 8.7
3.86 3.8 9.94 7.74
3.76 3.68 10.62 8.3
3.9 4.66 10.04 8.7
3.78 3.68 10.78 8.46
3.9 3.82 10.14 7.96
3.82 5.02 9.22 8.24
3.78 4.48 9.62 8.1
3.86 4.44 9.84 8.28
3.9 4.1 9.76 7.86
3.84 3.92 10.68 8.6
3.84 3.44 10.48 7.92
3.68 4.12 10.02 8.14
3.84 4.86 9.78 8.64
3.76 5.52 9.34 8.86
3.92 5.16 9.02 8.18
3.78 4.24 9.76 8.0
3.72 3.7 10.78 8.48
3.76 4.38 9.46 7.84
3.86 4.46 8.68 7.14
3.76 4.12 10.68 8.8
3.8 4.18 10.54 8.72
3.84 4.9 9.9 8.8
3.78 4.2 10.1 8.3
3.82 3.72 10.6 8.32
3.88 4.6 10.56 9.16
3.88 5.24 9.42 8.66
3.86 2.56 11.78 8.34
3.8 3.9 9.98 7.88
3.82 3.46 10.24 7.7
3.8 4.18 9.9 8.08
3.86 4.32 9.96 8.28
3.8 4.18 9.78 7.96
3.72 4.02 10.98 9.0
3.76 3.96 10.06 8.02
3.84 4.72 9.72 8.44
3.68 4.32 9.56 7.88
3.84 3.38 10.9 8.28
3.84 4.44 10.06 8.5
3.76 4.44 9.68 8.12
3.82 4.38 10.02 8.4
3.72 3.66 10.3 7.96
3.82 4.46 10.26 8.72
3.76 4.32 10.08 8.4
3.84 4.56 9.34 7.9
3.76 4.22 10.82 9.04
3.86 4.72 9.68 8.4
3.84 4.64 10.36 9.0
3.78 3.94 10.18 8.12
3.78 3.6 10.9 8.5
3.82 4.16 10.12 8.28
3.8 4.32 10.12 8.44
3.8 4.1 9.52 7.62
3.8 4.06 10.48 8.54
3.84 4.78 9.46 8.24
3.86 5.36 9.62 8.98
3.84 4.32 10.16 8.48
3.86 5.24 9.36 8.6
3.86 5.38 9.82 9.2
3.82 4.26 9.34 7.6
3.74 3.8 10.38 8.18
3.78 4.44 9.6 8.04
3.8 3.84 10.26 8.1
3.88 3.96 10.94 8.9
3.86 4.4 9.9 8.3
3.9 2.88 10.7 7.58
3.8 3.86 10.68 8.54
3.74 3.3 10.6 7.9
3.7 3.86 10.02 7.88
3.72 3.5 10.96 8.46
3.96 4.1 9.78 7.88
3.78 4.52 9.52 8.04
3.74 4.1 10.46 8.56
3.82 3.7 10.92 8.62
3.76 4.0 10.74 8.74
3.82 3.96 10.4 8.36
3.76 4.2 10.04 8.24
3.84 4.46 9.58 8.04
3.86 3.7 10.78 8.48
3.84 3.22 10.9 8.12
3.54 3.26 11.54 8.8
3.86 3.3 10.54 7.84
3.84 3.64 11.0 8.64
3.76 4.08 10.22 8.3
3.8 4.32 10.26 8.58
3.6 3.42 10.58 8.0
3.84 3.66 10.82 8.48
3.8 3.86 10.88 8.74
3.86 4.54 9.7 8.24
3.7 3.42 11.24 8.66
3.74 3.96 10.58 8.54
3.82 4.62 9.92 8.54
3.9 4.52 10.08 8.6
3.9 4.54 10.22 8.76
3.84 4.32 10.46 8.78
3.88 4.32 9.02 7.34
3.74 3.76 10.6 8.36
3.78 3.72 10.52 8.24
3.8 4.94 9.38 8.32
3.74 4.34 9.96 8.3
3.82 5.22 9.24 8.46
3.74 3.38 11.02 8.4
3.86 3.62 10.88 8.5
3.82 4.32 9.74 8.06
3.92 3.94 9.76 7.7
3.84 3.72 10.36 8.08
3.8 4.42 10.24 8.66
3.76 3.86 10.78 8.64
3.86 4.56 9.68 8.24
3.8 3.94 10.42 8.36
3.84 4.1 10.3 8.4
3.78 4.22 10.72 8.94
3.74 4.36 9.32 7.68
3.82 3.96 10.38 8.34
3.74 4.08 10.02 8.1
3.9 4.22 10.2 8.42
3.76 4.06 10.16 8.22
3.8 4.56 9.5 8.06
3.84 4.04 10.02 8.06
3.78 3.98 10.94 8.92
3.9 3.9 10.38 8.28
3.72 4.5 10.42 8.92
3.76 4.8 10.52 9.32
3.64 3.78 10.86 8.64
3.82 5.02 10.44 9.46
3.82 4.92 9.58 8.5
3.66 4.12 10.16 8.28
3.9 4.22 10.4 8.62
3.82 4.02 9.86 7.88
3.86 4.0 10.16 8.16
3.88 4.56 9.96 8.52
3.8 4.12 9.88 8.0
3.68 4.08 10.36 8.44
3.76 4.14 9.76 7.9
3.86 4.2 9.88 8.08
3.78 3.76 10.5 8.26
3.82 4.62 9.64 8.26
3.76 4.56 10.0 8.56
3.9 4.66 10.02 8.68
3.9 4.58 9.9 8.48
3.84 4.2 10.36 8.56
3.84 4.52 9.88 8.4
3.76 3.96 10.94 8.9
3.76 4.76 9.48 8.24
3.82 4.64 9.48 8.12
3.8 3.42 10.88 8.3
3.9 4.36 9.7 8.06
3.88 4.18 10.4 8.58
3.86 3.74 10.5 8.24
3.68 4.22 10.7 8.92
3.66 3.06 11.3 8.36
3.78 3.6 10.76 8.36
3.76 4.26 9.78 8.04
3.72 4.58 10.0 8.58
3.74 3.86 10.12 7.98
3.82 3.94 10.46 8.4
3.72 4.1 10.5 8.6
3.8 3.94 10.4 8.34
3.76 4.98 10.22 9.2
3.74 4.44 10.02 8.46
3.88 4.94 9.62 8.56
3.8 3.9 10.2 8.1
3.74 3.54 10.54 8.08
3.88 4.52 9.98 8.5
3.76 4.72 9.96 8.68
3.88 4.36 8.82 7.18
3.86 3.88 10.44 8.32
3.8 3.76 10.36 8.12
3.72 4.04 9.94 7.98
3.86 4.16 10.86 9.02
3.8 3.82 10.22 8.04
3.84 4.12 10.5 8.62
3.88 4.44 10.02 8.46
3.8 4.04 10.14 8.18
3.82 5.76 9.0 8.76
3.84 4.44 10.3 8.74
3.76 3.62 11.26 8.88
3.82 3.18 10.3 7.48
3.84 3.72 9.92 7.64
3.82 4.06 10.02 8.08
3.74 4.24 10.04 8.28
3.84 4.04 10.6 8.64
3.86 3.9 10.54 8.44
3.88 4.76 9.34 8.1
3.9 4.86 9.3 8.16
3.82 3.84 11.02 8.86
3.74 4.16 9.9 8.06
3.88 4.08 10.4 8.48
3.56 3.54 11.82 9.36
3.88 4.02 10.0 8.02
3.84 3.88 10.46 8.34
3.78 4.0 10.04 8.04
3.68 4.06 10.48 8.54
3.58 3.76 10.52 8.28
3.76 4.22 10.36 8.58
3.82 3.88 10.38 8.26
3.76 3.52 10.22 7.74
3.78 3.88 10.48 8.36
3.74 3.66 11.18 8.84
3.74 4.4 10.04 8.44
3.88 4.82 9.88 8.7
3.68 3.02 11.52 8.54
3.82 3.54 10.24 7.78
3.92 4.12 10.44 8.56
3.68 3.96 10.56 8.52
3.92 4.68 10.26 8.94
3.88 4.54 9.56 8.1
3.8 4.24 10.22 8.46
3.8 4.66 10.12 8.78
3.82 3.78 9.92 7.7
3.76 4.28 9.66 7.94
3.74 4.04 10.36 8.4
3.88 5.02 8.64 7.66
3.82 3.82 10.08 7.9
3.88 5.12 9.56 8.68
3.94 4.24 9.96 8.2
3.78 4.08 11.02 9.1
3.88 4.5 9.8 8.3
3.8 4.6 10.02 8.62
3.78 4.62 9.26 7.88
3.84 4.14 9.44 7.58
3.82 3.66 10.76 8.42
3.82 4.18 10.48 8.66
3.88 4.06 10.3 8.36
3.78 3.78 10.2 7.98
3.84 5.02 9.2 8.22
3.76 4.8 9.68 8.48
3.76 3.4 11.1 8.5
3.86 4.56 9.38 7.94
3.84 3.92 9.58 7.5
3.74 4.02 10.56 8.58
3.74 4.96 10.36 9.32
3.84 3.98 10.68 8.66
3.7 4.1 10.42 8.52
3.76 3.86 10.56 8.42
3.78 3.7 10.46 8.16
3.9 4.24 10.56 8.8
3.84 3.64 10.82 8.46
3.7 3.88 10.54 8.42
3.66 3.64 10.92 8.56
3.92 5.68 8.78 8.46
3.8 4.84 9.36 8.2
3.82 4.1 10.46 8.56
3.72 4.48 10.42 8.9
3.72 3.48 10.76 8.24
3.8 4.62 10.08 8.7
3.84 4.32 9.64 7.96
3.86 3.7 9.92 7.62
3.88 4.1 9.6 7.7
3.88 4.46 10.14 8.6
3.78 3.6 10.04 7.64
3.88 4.78 9.72 8.5
3.88 4.42 10.14 8.56
3.9 4.3 9.46 7.76
3.84 4.2 10.36 8.56
3.78 3.88 11.12 9.0
3.84 4.22 9.88 8.1
3.88 4.58 9.36 7.94
3.74 3.7 10.38 8.08
3.78 3.54 10.6 8.14
3.8 4.44 9.62 8.06
3.78 3.96 10.8 8.76
3.84 4.18 9.48 7.66
3.8 4.18 10.48 8.66
3.7 3.78 10.94 8.72
3.86 4.92 9.76 8.68
3.72 4.08 10.3 8.38
3.82 4.14 9.64 7.78
3.72 3.72 10.86 8.58
3.94 5.38 8.82 8.2
3.84 4.12 10.18 8.3
3.88 5.08 9.46 8.54
3.7 3.28 10.86 8.14
3.76 4.2 11.1 9.3
3.7 3.72 10.52 8.24
3.64 3.38 10.56 7.94
3.88 4.76 9.92 8.68
3.76 3.8 10.56 8.36
3.9 4.58 9.82 8.4
3.86 4.44 10.08 8.52
3.74 3.84 10.66 8.5
3.8 4.8 9.72 8.52
3.86 4.54 9.9 8.44
3.86 4.04 10.42 8.46
3.72 3.26 11.08 8.34
3.68 4.04 9.94 7.98
3.8 4.22 10.26 8.48
3.82 4.6 9.46 8.06
3.88 5.04 8.94 7.98
3.82 4.68 9.9 8.58
3.92 4.0 9.9 7.9
3.7 3.2 11.16 8.36
3.86 4.38 9.74 8.12
3.9 4.06 10.34 8.4
3.8 3.84 10.78 8.62
3.86 4.5 10.12 8.62
3.82 4.66 9.74 8.4
3.78 3.82 9.8 7.62
3.84 4.76 10.6 9.36
3.84 3.96 10.28 8.24
3.7 3.06 10.9 7.96
3.76 4.26 10.42 8.68
3.76 4.0 9.72 7.72
3.94 3.88 10.72 8.6
3.8 3.66 10.56 8.22
3.78 3.76 10.4 8.16
3.8 4.14 10.7 8.84
3.8 3.66 10.5 8.16
3.84 4.2 10.32 8.52
3.82 3.84 10.94 8.78
3.82 3.68 10.5 8.18
3.66 3.8 11.06 8.86
3.88 4.82 9.62 8.44
3.8 4.2 9.84 8.04
3.76 3.76 11.38 9.14
3.9 4.24 10.0 8.24
3.8 4.56 9.68 8.24
3.82 4.32 9.62 7.94
3.88 3.76 11.3 9.06
3.88 4.06 10.66 8.72
3.7 4.46 9.82 8.28
3.9 4.56 9.86 8.42
3.76 3.84 10.94 8.78
3.8 4.2 10.52 8.72
3.84 3.6 11.08 8.68
3.8 4.6 9.36 7.96
3.86 4.8 9.5 8.3
3.82 3.58 10.52 8.1
3.78 3.56 10.82 8.38
3.68 3.92 11.02 8.94
3.88 3.78 11.16 8.94
3.8 4.04 9.74 7.78
3.74 3.88 9.92 7.8
3.84 3.82 10.62 8.44
3.86 4.72 10.18 8.9
3.84 4.12 9.42 7.54
3.8 3.88 10.78 8.66
3.82 4.1 10.4 8.5
3.86 4.64 8.9 7.54
3.8 4.12 9.84 7.96
3.78 4.74 9.68 8.42
3.8 4.58 9.94 8.52
3.86 4.08 9.74 7.82
3.82 4.28 9.88 8.16
3.84 4.32 9.44 7.76
3.82 4.04 9.74 7.78
3.84 4.14 10.46 8.6
3.8 4.14 10.44 8.58
3.78 4.4 10.16 8.56
3.72 2.86 10.76 7.62
3.8 3.8 10.96 8.76
3.74 3.96 10.52 8.48
3.8 4.38 9.76 8.14
3.84 3.66 10.6 8.26
3.78 4.06 10.36 8.42
3.82 4.22 10.42 8.64
3.82 3.48 10.96 8.44
3.88 4.06 10.98 9.04
3.74 3.94 10.78 8.72
3.9 4.1 10.48 8.58
3.82 4.1 9.96 8.06
3.8 3.84 10.22 8.06
3.76 4.18 10.26 8.44
3.88 3.48 11.22 8.7
3.82 3.76 10.28 8.04
3.84 4.06 10.3 8.36
3.76 3.88 10.78 8.66
3.88 4.96 9.36 8.32
3.84 3.52 10.78 8.3
3.9 4.2 9.36 7.56
3.86 4.32 9.58 7.9
3.82 3.24 11.08 8.32
3.8 4.16 9.74 7.9
3.74 3.36 11.34 8.7
3.9 4.64 9.74 8.38
3.82 5.02 9.86 8.88
3.82 4.18 9.6 7.78
3.76 4.14 11.12 9.26
3.76 4.26 10.48 8.74
3.8 3.88 10.36 8.24
3.82 4.02 10.3 8.32
3.8 3.84 10.06 7.9
3.74 4.62 10.5 9.12
3.7 4.36 10.08 8.44
3.7 4.4 10.22 8.62
3.9 3.96 10.6 8.56
3.82 4.32 9.54 7.86
3.72 3.98 10.2 8.18
3.8 3.52 10.9 8.42
3.72 5.12 9.44 8.56
3.86 3.34 10.54 7.88
3.82 3.58 10.9 8.48
3.88 4.72 9.88 8.6
3.88 4.76 9.06 7.82
3.88 4.06 10.52 8.58
3.78 4.46 9.86 8.32
3.82 4.14 10.7 8.84
3.76 4.7 10.04 8.74
3.82 4.36 10.8 9.16
3.94 5.02 9.44 8.46
3.8 3.78 10.7 8.48
3.84 4.62 9.32 7.94
3.74 4.26 9.98 8.24
3.78 4.36 9.68 8.04
3.74 3.38 10.22 7.6
3.72 4.5 10.1 8.6
3.82 3.54 11.18 8.72
3.8 4.84 9.9 8.74
3.8 3.84 10.52 8.36
3.8 5.5 8.94 8.44
3.84 3.58 11.0 8.58
3.86 4.38 9.86 8.24
3.8 4.14 9.74 7.88
3.82 4.36 9.5 7.86
3.8 4.84 9.64 8.48
3.8 3.94 10.6 8.54
3.72 3.4 10.92 8.32
3.74 3.7 11.0 8.7
3.82 3.88 10.82 8.7
3.86 4.4 9.48 7.88
3.8 3.62 10.82 8.44
3.82 4.72 9.34 8.06
3.82 4.26 10.34 8.6
3.9 4.62 9.96 8.58
3.74 4.06 10.38 8.44
3.8 3.66 10.2 7.86
3.84 4.74 10.16 8.9
3.78 3.96 10.22 8.18
3.78 3.92 11.16 9.08
3.82 3.82 10.38 8.2
3.92 4.4 10.22 8.62
3.86 4.0 10.52 8.52
3.84 4.64 10.32 8.96
3.74 4.44 10.96 9.4
3.88 4.36 9.64 8.0
3.82 4.84 9.98 8.82
3.8 4.02 10.4 8.42
3.802668 4.14618 10.221412 8.367592
