3.59 2.29 4.09 3.38
3.69 2.3 4.23 3.53
3.58 2.13 4.42 3.55
3.64 2.51 4.0 3.51
3.65 2.29 4.28 3.57
3.46 1.86 4.8 3.66
3.61 2.38 4.1 3.48
3.73 2.27 4.13 3.4
3.42 2.05 4.52 3.57
3.58 2.45 3.98 3.43
3.64 2.28 4.34 3.62
3.66 2.22 4.22 3.44
3.61 2.17 4.51 3.68
3.45 2.03 4.57 3.6
3.64 2.32 4.23 3.55
3.6 2.24 4.26 3.5
3.57 2.14 4.52 3.66
3.45 2.03 4.61 3.64
3.44 1.91 4.64 3.55
3.59 2.13 4.38 3.51
3.47 2.27 4.4 3.67
3.48 2.18 4.36 3.54
3.48 2.18 4.41 3.59
3.59 2.51 3.82 3.33
3.39 2.15 4.32 3.47
3.49 2.19 4.35 3.54
3.63 2.36 3.95 3.31
3.64 2.36 4.18 3.54
3.48 2.15 4.52 3.67
3.55 2.17 4.38 3.55
3.71 2.6 3.91 3.51
3.54 2.2 4.21 3.41
3.58 2.18 4.4 3.58
3.65 2.44 4.03 3.47
3.56 2.01 4.43 3.44
3.46 2.29 4.29 3.58
3.51 2.36 4.25 3.61
3.58 2.12 4.26 3.38
3.52 2.26 4.16 3.42
3.48 2.03 4.48 3.51
3.57 2.32 4.13 3.45
3.39 2.06 4.71 3.77
3.56 2.37 4.13 3.5
3.59 2.24 4.17 3.41
3.67 2.22 4.19 3.41
3.5 1.96 4.65 3.61
3.6 2.17 4.36 3.53
3.57 2.4 3.94 3.34
3.56 2.17 4.36 3.53
3.51 2.24 4.25 3.49
3.52 1.96 4.6 3.56
3.49 2.4 4.27 3.67
3.4 2.11 4.4 3.51
3.4 2.08 4.5 3.58
3.54 2.08 4.66 3.74
3.6 2.22 4.28 3.5
3.59 2.28 4.09 3.37
3.64 2.45 3.99 3.44
3.61 2.34 4.16 3.5
3.46 2.09 4.74 3.83
3.57 2.06 4.6 3.66
3.59 2.21 4.28 3.49
3.54 2.35 3.96 3.31
3.44 2.15 4.53 3.68
3.55 2.24 4.21 3.45
3.62 2.36 4.16 3.52
3.44 1.98 4.56 3.54
3.58 2.41 3.94 3.35
3.43 2.03 4.71 3.74
3.51 2.03 4.76 3.79
3.58 2.13 4.29 3.42
3.44 2.09 4.52 3.61
3.49 2.2 4.45 3.65
3.57 2.24 4.24 3.48
3.57 2.35 4.27 3.62
3.42 2.32 4.34 3.66
3.56 2.1 4.46 3.56
3.51 2.07 4.2 3.27
3.6 2.44 4.26 3.7
3.6 2.03 4.39 3.42
3.56 2.22 4.21 3.43
3.48 2.08 4.61 3.69
3.65 2.24 4.28 3.52
3.65 2.21 4.24 3.45
3.47 2.3 4.43 3.73
3.56 2.23 4.3 3.53
3.5 2.29 4.38 3.67
3.58 2.11 4.33 3.44
3.44 2.36 4.37 3.73
3.51 2.01 4.56 3.57
3.57 2.03 4.42 3.45
3.61 2.22 4.22 3.44
3.56 2.1 4.5 3.6
3.56 2.23 4.38 3.61
3.52 2.3 4.59 3.89
3.56 2.25 4.23 3.48
3.56 2.35 4.09 3.44
3.52 2.16 4.41 3.57
3.53 2.03 4.36 3.39
3.49 2.13 4.52 3.65
3.55 2.05 4.45 3.5
3.54 2.29 4.27 3.56
3.65 1.98 4.43 3.41
3.63 2.3 3.94 3.24
3.52 2.15 4.4 3.55
3.46 2.27 4.38 3.65
3.53 2.06 4.51 3.57
3.57 2.1 4.41 3.51
3.52 2.22 4.46 3.68
3.62 2.06 4.53 3.59
3.56 2.41 4.15 3.56
3.48 1.91 4.9 3.81
3.51 2.14 4.44 3.58
3.47 2.01 4.63 3.64
3.56 2.33 4.26 3.59
3.57 2.13 4.34 3.47
3.64 2.22 4.4 3.62
3.56 2.01 4.53 3.54
3.66 2.24 4.21 3.45
3.53 2.21 4.31 3.52
3.51 2.35 4.25 3.6
3.67 2.39 4.08 3.47
3.5 2.17 4.41 3.58
3.64 2.2 4.4 3.6
3.61 2.01 4.51 3.52
3.52 2.34 4.13 3.47
3.45 2.18 4.41 3.59
3.59 2.13 4.38 3.51
3.39 2.32 4.34 3.66
3.52 2.3 4.27 3.57
3.57 2.16 4.25 3.41
3.59 2.52 4.17 3.69
3.48 2.26 4.52 3.78
3.54 2.31 4.28 3.59
3.68 2.38 4.09 3.47
3.54 2.29 4.29 3.58
3.55 1.93 4.6 3.53
3.53 2.16 4.41 3.57
3.54 2.16 4.42 3.58
3.47 1.99 4.48 3.47
3.63 2.16 4.45 3.61
3.49 1.93 4.81 3.74
3.56 2.48 3.96 3.44
3.43 2.13 4.42 3.55
3.52 2.36 4.11 3.47
3.6 2.31 4.26 3.57
3.62 2.47 3.93 3.4
3.62 2.44 3.94 3.38
3.49 2.18 4.41 3.59
3.58 2.19 4.24 3.43
3.6 2.07 4.53 3.6
3.5 2.43 4.13 3.56
3.5 2.16 4.36 3.52
3.65 2.12 4.31 3.43
3.49 2.15 4.33 3.48
3.62 2.26 4.06 3.32
3.67 2.34 4.0 3.34
3.38 2.06 4.66 3.72
3.54 1.92 4.37 3.29
3.43 2.16 4.29 3.45
3.67 2.27 4.17 3.44
3.58 1.93 4.62 3.55
3.57 2.12 4.48 3.6
3.5 2.09 4.47 3.56
3.5 2.2 4.31 3.51
3.55 2.09 4.47 3.56
3.6 2.25 4.27 3.52
3.62 2.53 3.92 3.45
3.5 2.23 4.35 3.58
3.49 2.14 4.34 3.48
3.33 1.92 4.72 3.64
3.55 2.18 4.29 3.47
3.64 1.95 4.57 3.52
3.45 2.03 4.6 3.63
3.68 2.3 4.01 3.31
3.5 2.11 4.47 3.58
3.53 2.39 4.32 3.71
3.58 2.43 4.11 3.54
3.54 2.37 4.23 3.6
3.51 2.14 4.62 3.76
3.63 2.41 4.13 3.54
3.59 2.35 4.26 3.61
3.58 2.28 4.1 3.38
3.5 2.33 4.31 3.64
3.6 2.32 4.26 3.58
3.55 2.12 4.42 3.54
3.58 2.39 4.08 3.47
3.59 2.54 3.93 3.47
3.51 2.07 4.37 3.44
3.66 2.45 4.08 3.53
3.58 2.09 4.45 3.54
3.59 2.37 4.26 3.63
3.49 2.3 4.25 3.55
3.49 2.22 4.34 3.56
3.43 2.1 4.53 3.63
3.67 2.48 3.92 3.4
3.61 2.32 4.11 3.43
3.5 2.34 4.01 3.35
3.67 2.18 4.14 3.32
3.49 2.39 4.29 3.68
3.66 2.57 3.79 3.36
3.63 2.54 4.02 3.56
3.58 2.01 4.61 3.62
3.49 2.06 4.51 3.57
3.66 2.19 4.2 3.39
3.61 2.3 4.16 3.46
3.53 2.24 4.32 3.56
3.59 2.33 4.17 3.5
3.62 2.42 3.97 3.39
3.67 2.53 4.06 3.59
3.6 2.34 4.08 3.42
3.57 2.11 4.39 3.5
3.7 2.51 3.91 3.42
3.57 2.13 4.27 3.4
3.6 2.13 4.34 3.47
3.37 2.06 4.57 3.63
3.55 2.2 4.16 3.36
3.51 2.18 4.42 3.6
3.55 2.53 4.04 3.57
3.37 1.94 4.64 3.58
3.6 2.23 4.31 3.54
3.68 2.46 4.04 3.5
3.56 2.27 4.04 3.31
3.44 2.09 4.43 3.52
3.58 2.09 4.47 3.56
3.59 2.14 4.35 3.49
3.66 2.5 4.12 3.62
3.44 2.21 4.39 3.6
3.66 2.19 4.29 3.48
3.66 2.53 3.86 3.39
3.62 2.34 4.27 3.61
3.51 2.3 4.03 3.33
3.5 2.29 4.3 3.59
3.44 2.28 4.34 3.62
3.46 2.11 4.48 3.59
3.7 2.47 3.93 3.4
3.53 2.34 4.26 3.6
3.61 2.19 4.21 3.4
3.59 2.19 4.39 3.58
3.74 2.2 4.33 3.53
3.55 2.36 4.24 3.6
3.6 2.29 4.08 3.37
3.51 2.06 4.35 3.41
3.39 2.17 4.33 3.5
3.55 2.23 4.26 3.49
3.58 2.29 4.15 3.44
3.44 2.43 4.05 3.48
3.45 2.13 4.51 3.64
3.59 2.37 4.2 3.57
3.61 2.12 4.45 3.57
3.46 2.15 4.44 3.59
3.63 2.29 4.19 3.48
3.45 2.13 4.54 3.67
3.48 1.96 4.66 3.62
3.46 2.17 4.52 3.69
3.41 1.88 4.72 3.6
3.55 2.32 4.28 3.6
3.6 2.2 4.2 3.4
3.56 2.16 4.4 3.56
3.49 1.96 4.67 3.63
3.49 2.2 4.35 3.55
3.52 2.1 4.38 3.48
3.58 2.11 4.37 3.48
3.54 2.14 4.39 3.53
3.62 2.38 4.0 3.38
3.42 2.26 4.37 3.63
3.44 2.03 4.52 3.55
3.57 2.39 4.18 3.57
3.62 2.32 4.25 3.57
3.44 1.94 4.61 3.55
3.56 2.33 4.18 3.51
3.55 2.2 4.3 3.5
3.59 2.37 4.17 3.54
3.54 2.35 4.23 3.58
3.57 2.47 4.02 3.49
3.63 2.39 4.16 3.55
3.6 2.13 4.66 3.79
3.56 2.2 4.55 3.75
3.37 2.03 4.66 3.69
3.41 2.14 4.48 3.62
3.51 2.17 4.6 3.77
3.43 1.85 4.85 3.7
3.62 2.32 4.2 3.52
3.54 2.19 4.35 3.54
3.56 2.4 4.2 3.6
3.57 2.14 4.45 3.59
3.52 2.24 4.25 3.49
3.59 1.91 4.77 3.68
3.67 2.15 4.25 3.4
3.4 2.22 4.42 3.64
3.77 2.31 4.2 3.51
3.48 2.08 4.42 3.5
3.63 2.34 4.18 3.52
3.47 2.25 4.37 3.62
3.47 2.3 4.58 3.88
3.49 2.14 4.39 3.53
3.55 1.93 4.45 3.38
3.58 2.09 4.52 3.61
3.44 2.05 4.55 3.6
3.54 1.88 4.48 3.36
3.58 2.48 4.08 3.56
3.69 2.47 3.91 3.38
3.46 2.41 4.34 3.75
3.5 2.33 4.31 3.64
3.45 2.2 4.51 3.71
3.49 2.12 4.41 3.53
3.58 2.21 4.2 3.41
3.65 2.37 3.95 3.32
3.52 2.39 4.2 3.59
3.56 2.34 4.2 3.54
3.41 1.97 4.7 3.67
3.45 2.12 4.64 3.76
3.44 2.29 4.43 3.72
3.48 2.37 4.16 3.53
3.54 2.55 4.06 3.61
3.58 2.2 4.25 3.45
3.6 2.35 4.06 3.41
3.57 2.32 4.21 3.53
3.58 2.07 4.39 3.46
3.44 2.31 4.24 3.55
3.44 1.9 4.73 3.63
3.65 2.43 3.92 3.35
3.54 2.06 4.58 3.64
3.56 2.43 4.06 3.49
3.58 2.29 4.3 3.59
3.55 2.06 4.46 3.52
3.57 2.47 4.1 3.57
3.66 2.43 3.92 3.35
3.56 2.13 4.27 3.4
3.57 2.47 4.02 3.49
3.53 1.95 4.69 3.64
3.62 2.28 4.26 3.54
3.43 1.84 4.88 3.72
3.55 2.23 4.2 3.43
3.59 2.35 4.17 3.52
3.62 2.28 4.18 3.46
3.63 2.44 4.03 3.47
3.63 2.24 4.56 3.8
3.58 2.11 4.43 3.54
3.52 2.22 4.57 3.79
3.41 2.26 4.3 3.56
3.63 2.34 3.97 3.31
3.52 2.45 4.09 3.54
3.51 2.09 4.57 3.66
3.53 1.99 4.52 3.51
3.45 2.25 4.17 3.42
3.5 2.3 4.12 3.42
3.52 2.6 4.17 3.77
3.6 2.17 4.32 3.49
3.43 2.26 4.24 3.5
3.66 2.36 4.15 3.51
3.5 2.14 4.48 3.62
3.68 2.37 3.93 3.3
3.58 2.18 4.47 3.65
3.5 2.2 4.51 3.71
3.47 2.07 4.45 3.52
3.44 2.37 4.32 3.69
3.48 2.0 4.6 3.6
3.37 2.04 4.64 3.68
3.47 2.14 4.44 3.58
3.48 1.98 4.71 3.69
3.55 2.06 4.4 3.46
3.42 2.2 4.41 3.61
3.54 2.26 4.17 3.43
3.49 2.23 4.38 3.61
3.58 2.31 4.28 3.59
3.6 2.38 3.99 3.37
3.62 2.21 4.32 3.53
3.49 2.15 4.42 3.57
3.5 2.02 4.69 3.71
3.42 2.01 4.63 3.64
3.5 2.17 4.43 3.6
3.45 2.11 4.52 3.63
3.52 2.05 4.43 3.48
3.62 2.47 4.03 3.5
3.51 2.31 4.06 3.37
3.53 2.4 4.22 3.62
3.56 2.19 4.22 3.41
3.51 2.29 4.05 3.34
3.55 2.32 4.04 3.36
3.54 2.42 4.03 3.45
3.45 2.17 4.43 3.6
3.62 2.27 4.21 3.48
3.46 2.31 4.11 3.42
3.6 2.2 4.39 3.59
3.47 2.02 4.61 3.63
3.54 2.22 4.32 3.54
3.59 2.4 4.22 3.62
3.7 2.26 4.23 3.49
3.59 2.09 4.51 3.6
3.51 2.22 4.19 3.41
3.55 2.28 4.39 3.67
3.54 2.65 3.89 3.54
3.48 2.11 4.39 3.5
3.53 1.98 4.61 3.59
3.54 2.35 4.19 3.54
3.73 2.47 4.06 3.53
3.61 2.13 4.48 3.61
3.57 2.04 4.41 3.45
3.49 2.05 4.42 3.47
3.7 2.5 3.75 3.25
3.59 2.04 4.52 3.56
3.52 2.15 4.43 3.58
3.44 1.92 4.75 3.67
3.56 2.23 4.18 3.41
3.43 2.02 4.49 3.51
3.52 2.17 4.35 3.52
3.52 2.23 4.24 3.47
3.56 2.14 4.18 3.32
3.65 2.39 4.07 3.46
3.59 2.52 4.12 3.64
3.57 2.18 4.33 3.51
3.56 2.14 4.38 3.52
3.62 2.12 4.24 3.36
3.54 2.38 4.33 3.71
3.42 2.28 4.35 3.63
3.59 2.13 4.58 3.71
3.56 2.2 4.52 3.72
3.45 2.16 4.25 3.41
3.57 1.92 4.66 3.58
3.61 2.13 4.29 3.42
3.53 2.26 4.21 3.47
3.45 1.93 4.75 3.68
3.53 2.08 4.53 3.61
3.68 2.18 4.22 3.4
3.6 2.38 4.38 3.76
3.6 2.29 4.21 3.5
3.52 2.16 4.33 3.49
3.64 2.63 3.86 3.49
3.61 2.07 4.48 3.55
3.65 2.17 4.41 3.58
3.52 2.09 4.34 3.43
3.51 2.09 4.5 3.59
3.63 2.17 4.3 3.47
3.62 2.05 4.52 3.57
3.54 2.24 4.21 3.45
3.6 2.4 4.14 3.54
3.6 2.36 4.0 3.36
3.53 2.29 4.22 3.51
3.56 2.08 4.41 3.49
3.58 2.29 4.11 3.4
3.51 2.21 4.54 3.75
3.54 2.18 4.3 3.48
3.65 2.42 4.21 3.63
3.38 2.09 4.54 3.63
3.54 2.42 4.01 3.43
3.53 2.12 4.51 3.63
3.42 2.21 4.67 3.88
3.56 2.14 4.33 3.47
3.63 2.22 4.36 3.58
3.69 2.79 3.8 3.59
3.61 2.14 4.46 3.6
3.53 2.22 4.35 3.57
3.54 2.3 4.28 3.58
3.48 2.29 4.28 3.57
3.62 2.3 4.15 3.45
3.54 1.9 4.66 3.56
3.45 2.14 4.46 3.6
3.47 1.96 4.59 3.55
3.52 2.32 4.21 3.53
3.54 2.17 4.25 3.42
3.52 2.22 4.47 3.69
3.51 2.31 4.16 3.47
3.55 2.12 4.29 3.41
3.64 2.31 4.08 3.39
3.43 2.04 4.56 3.6
3.49 2.38 4.21 3.59
3.55 2.46 4.12 3.58
3.52 2.3 4.12 3.42
3.61 2.03 4.49 3.52
3.53 2.26 4.29 3.55
3.58 2.08 4.36 3.44
3.58 2.34 4.11 3.45
3.61 2.07 4.43 3.5
3.62 2.19 4.32 3.51
3.46 2.23 4.52 3.75
3.61 2.17 4.41 3.58
3.34 1.89 4.89 3.78
3.6 2.36 4.23 3.59
3.53 2.15 4.36 3.51
3.61 2.2 4.25 3.45
3.54 2.11 4.33 3.44
3.6 2.27 4.08 3.35
3.51 2.08 4.47 3.55
3.72 2.29 4.05 3.34
3.56 2.15 4.38 3.53
3.49 2.1 4.33 3.43
3.59 2.32 4.18 3.5
3.44 2.01 4.63 3.64
3.52 2.17 4.43 3.6
3.5 2.3 4.19 3.49
3.58 2.25 4.36 3.61
3.59 2.13 4.3 3.43
3.68 2.25 4.39 3.64
3.61 2.12 4.3 3.42
3.58 2.21 4.16 3.37
3.47 2.09 4.5 3.59
3.56 2.37 4.1 3.47
3.63 2.46 3.97 3.43
3.55 1.92 4.64 3.56
3.64 2.34 4.24 3.58
3.43 2.23 4.38 3.61
3.39 2.18 4.77 3.95
3.46 2.34 4.15 3.49
3.5 1.98 4.62 3.6
3.43 2.26 4.46 3.72
3.66 2.4 4.08 3.48
3.54 2.07 4.44 3.51
3.63 2.44 3.87 3.31
3.57 2.13 4.4 3.53
3.48 2.36 4.21 3.57
3.59 2.4 4.08 3.48
3.52 2.24 4.52 3.76
3.68 2.37 4.08 3.45
3.44 2.09 4.64 3.73
3.54 2.38 4.23 3.61
3.59 2.34 4.26 3.6
3.5 2.12 4.47 3.59
3.45 2.1 4.46 3.56
3.58 1.97 4.51 3.48
3.64 2.21 4.13 3.34
3.49 2.18 4.41 3.59
3.63 2.61 4.1 3.71
3.66 2.24 4.19 3.43
3.45 2.3 4.46 3.76
3.53 2.13 4.3 3.43
3.61 2.29 4.31 3.6
3.51 2.0 4.4 3.4
3.51 2.29 4.13 3.42
3.62 2.02 4.57 3.59
3.62 2.43 4.04 3.47
3.59 2.38 4.13 3.51
3.56 2.27 4.24 3.51
3.52 2.14 4.36 3.5
3.55 2.35 4.02 3.37
3.49 2.21 4.27 3.48
3.53 2.23 4.18 3.41
3.44 2.24 4.38 3.62
3.6 2.23 4.39 3.62
3.55 2.17 4.21 3.38
3.37 2.08 4.45 3.53
3.51 2.23 4.35 3.58
3.58 2.68 3.86 3.54
3.64 2.18 4.3 3.48
3.49 2.14 4.39 3.53
3.39 2.11 4.52 3.63
3.41 2.27 4.12 3.39
3.54 2.05 4.35 3.4
3.6 2.48 4.05 3.53
3.51 2.24 4.34 3.58
3.56 2.05 4.44 3.49
3.69 2.46 4.03 3.49
3.45 2.0 4.77 3.77
3.6 2.25 4.4 3.65
3.7 2.16 4.18 3.34
3.66 2.46 3.95 3.41
3.54 2.24 4.33 3.57
3.38 1.94 4.7 3.64
3.61 2.45 3.96 3.41
3.43 2.11 4.27 3.38
3.57 2.16 4.33 3.49
3.62 2.42 4.19 3.61
3.52 2.3 4.12 3.42
3.54 2.16 4.38 3.54
3.54 2.23 4.18 3.41
3.66 2.14 4.37 3.51
3.58 1.98 4.4 3.38
3.61 2.49 4.16 3.65
3.59 2.14 4.25 3.39
3.47 2.12 4.51 3.63
3.57 2.31 4.2 3.51
3.49 1.97 4.5 3.47
3.56 2.33 4.23 3.56
3.4 2.1 4.5 3.6
3.61 2.3 4.15 3.45
3.57 2.28 4.3 3.58
3.61 2.54 4.06 3.6
3.47 2.01 4.77 3.78
3.35 2.07 4.52 3.59
3.65 2.26 4.09 3.35
3.66 2.52 4.07 3.59
3.5 2.25 4.38 3.63
3.51 2.15 4.57 3.72
3.64 2.51 4.02 3.53
3.52 2.39 4.01 3.4
3.5 2.29 4.36 3.65
3.62 2.43 4.01 3.44
3.63 2.24 4.26 3.5
3.59 2.41 4.14 3.55
3.51 2.06 4.51 3.57
3.53 2.06 4.53 3.59
3.57 2.16 4.37 3.53
3.5 2.21 4.49 3.7
3.54 1.98 4.47 3.45
3.59 1.98 4.44 3.42
3.48 2.27 4.41 3.68
3.63 2.13 4.34 3.47
3.5 2.15 4.47 3.62
3.61 2.08 4.32 3.4
3.55 2.52 4.06 3.58
3.49 2.2 4.44 3.64
3.45 2.27 4.44 3.71
3.64 1.99 4.42 3.41
3.69 2.03 4.51 3.54
3.59 2.14 4.4 3.54
3.56 2.35 4.23 3.58
3.55 2.25 4.15 3.4
3.55 2.21 4.51 3.72
3.62 2.04 4.26 3.3
3.42 2.06 4.5 3.56
3.56 2.47 4.12 3.59
3.55 1.99 4.62 3.61
3.67 2.34 4.14 3.48
3.59 2.41 4.0 3.41
3.63 2.23 4.02 3.25
3.57 2.31 4.01 3.32
3.59 2.24 4.27 3.51
3.65 2.3 4.13 3.43
3.71 2.62 4.0 3.62
3.53 2.13 4.23 3.36
3.57 2.15 4.21 3.36
3.66 2.53 4.02 3.55
3.5 1.92 4.65 3.57
3.58 2.39 4.08 3.47
3.52 2.03 4.54 3.57
3.5 2.12 4.48 3.6
3.51 2.13 4.43 3.56
3.57 2.15 4.56 3.71
3.46 1.9 4.71 3.61
3.6 2.16 4.34 3.5
3.51 2.04 4.51 3.55
3.6 2.11 4.38 3.49
3.52 2.57 4.03 3.6
3.51 2.48 4.17 3.65
3.53 2.05 4.67 3.72
3.55 2.12 4.53 3.65
3.49 2.05 4.54 3.59
3.52 2.23 4.25 3.48
3.49 2.32 4.31 3.63
3.6 2.39 4.18 3.57
3.45 2.38 4.23 3.61
3.44 1.93 4.61 3.54
3.65 2.15 4.3 3.45
3.63 2.06 4.32 3.38
3.51 2.2 4.29 3.49
3.54 2.23 4.28 3.51
3.47 1.93 4.78 3.71
3.51 2.23 4.37 3.6
3.64 2.35 4.08 3.43
3.53 2.05 4.52 3.57
3.55 2.14 4.25 3.39
3.42 2.12 4.6 3.72
3.54 2.32 4.19 3.51
3.45 1.96 4.66 3.62
3.54 2.03 4.49 3.52
3.45 2.24 4.25 3.49
3.7 2.39 3.99 3.38
3.52 2.24 4.25 3.49
3.63 2.47 3.93 3.4
3.6 2.22 4.25 3.47
3.52 2.04 4.36 3.4
3.44 2.12 4.35 3.47
3.5 2.07 4.49 3.56
3.45 2.24 4.36 3.6
3.6 2.48 3.99 3.47
3.57 2.24 4.21 3.45
3.51 2.14 4.48 3.62
3.64 2.26 4.31 3.57
3.58 2.36 4.3 3.66
3.56 2.43 3.96 3.39
3.52 2.07 4.46 3.53
3.47 2.18 4.68 3.86
3.4 2.17 4.46 3.63
3.6 2.24 4.36 3.6
3.56 2.49 4.01 3.5
3.48 2.37 4.25 3.62
3.75 2.2 4.39 3.59
3.55 2.52 3.97 3.49
3.45 2.09 4.49 3.58
3.57 2.13 4.47 3.6
3.49 2.09 4.46 3.55
3.59 2.44 4.0 3.44
3.57 2.21 4.37 3.58
3.57 2.39 4.25 3.64
3.57 2.33 4.25 3.58
3.55 2.29 4.14 3.43
3.61 2.2 4.19 3.39
3.64 2.18 4.23 3.41
3.57 2.15 4.38 3.53
3.52 2.38 3.96 3.34
3.5 2.27 4.26 3.53
3.5 2.09 4.46 3.55
3.59 2.3 4.0 3.3
3.47 2.04 4.53 3.57
3.67 2.3 4.07 3.37
3.59 1.92 4.71 3.63
3.55 2.23 4.32 3.55
3.53 2.11 4.37 3.48
3.57 2.24 4.36 3.6
3.49 2.01 4.56 3.57
3.6 2.23 4.2 3.43
3.56 2.1 4.61 3.71
3.66 2.55 3.89 3.44
3.56 2.39 4.06 3.45
3.56 2.22 4.34 3.56
3.66 2.12 4.22 3.34
3.5 2.17 4.31 3.48
3.63 2.31 4.27 3.58
3.66 2.19 4.47 3.66
3.58 2.01 4.57 3.58
3.53 2.08 4.5 3.58
3.58 2.12 4.53 3.65
3.61 1.98 4.72 3.7
3.54 2.27 4.22 3.49
3.42 2.1 4.5 3.6
3.53 2.26 4.32 3.58
3.61 2.58 3.96 3.54
3.52 2.25 4.36 3.61
3.62 2.24 4.25 3.49
3.64 2.22 4.3 3.52
3.59 2.32 4.41 3.73
3.64 2.31 4.14 3.45
3.4 2.32 4.31 3.63
3.5 2.41 4.08 3.49
3.66 2.41 4.11 3.52
3.62 2.36 4.03 3.39
3.49 2.34 4.28 3.62
3.63 2.44 4.19 3.63
3.51 2.15 4.43 3.58
3.6 2.56 4.08 3.64
3.51 2.1 4.6 3.7
3.5 2.26 4.22 3.48
3.52 2.24 4.41 3.65
3.71 2.25 4.28 3.53
3.6 2.34 4.32 3.66
3.62 2.4 4.14 3.54
3.58 2.39 4.02 3.41
3.64 2.08 4.43 3.51
3.51 2.14 4.44 3.58
3.46 2.11 4.5 3.61
3.49 2.29 4.27 3.56
3.56 2.17 4.42 3.59
3.52 2.08 4.58 3.66
3.49 2.25 4.27 3.52
3.47 2.18 4.27 3.45
3.5 2.17 4.27 3.44
3.49 2.07 4.55 3.62
3.6 2.39 4.02 3.41
3.77 2.48 3.77 3.25
3.43 1.97 4.64 3.61
3.75 2.46 3.88 3.34
3.58 2.2 4.29 3.49
3.6 2.14 4.33 3.47
3.5 2.1 4.44 3.54
3.56 2.17 4.36 3.53
3.57 2.22 4.29 3.51
3.7 2.33 3.97 3.3
3.62 2.4 4.09 3.49
3.6 2.39 4.2 3.59
3.54 2.32 4.1 3.42
3.59 2.14 4.25 3.39
3.6 2.26 4.17 3.43
3.48 2.11 4.46 3.57
3.52 2.19 4.37 3.56
3.5 2.25 4.32 3.57
3.68 2.25 4.15 3.4
3.59 2.33 4.16 3.49
3.65 2.42 4.13 3.55
3.5 2.19 4.37 3.56
3.59 2.06 4.39 3.45
3.47 2.1 4.48 3.58
3.56 2.29 4.12 3.41
3.56 2.2 4.47 3.67
3.56 2.34 4.36 3.7
3.69 2.44 4.1 3.54
3.61 2.31 4.11 3.42
3.51 2.06 4.53 3.59
3.46 1.84 4.78 3.62
3.58 2.35 4.08 3.43
3.66 2.44 4.15 3.59
3.33 2.06 4.57 3.63
3.51 2.24 4.39 3.63
3.59 2.25 4.29 3.54
3.68 2.35 4.0 3.35
3.42 2.21 4.41 3.62
3.49 2.44 4.24 3.68
3.67 2.12 4.25 3.37
3.53 1.99 4.61 3.6
3.5 2.38 4.28 3.66
3.5 2.37 4.13 3.5
3.63 2.31 4.1 3.41
3.4 2.04 4.52 3.56
3.47 2.05 4.55 3.6
3.34 2.05 4.58 3.63
3.55 2.49 4.01 3.5
3.58 2.2 4.33 3.53
3.59 2.33 4.26 3.59
3.61 2.29 4.27 3.56
3.45 2.08 4.62 3.7
3.42 2.22 4.45 3.67
3.74 2.34 4.36 3.7
3.55 2.4 4.27 3.67
3.72 2.42 3.96 3.38
3.59 2.24 4.26 3.5
3.57 2.27 4.56 3.83
3.45 2.01 4.67 3.68
3.57 2.43 4.03 3.46
3.56 2.27 4.3 3.57
3.37 2.2 4.49 3.69
3.51 2.09 4.5 3.59
3.68 2.34 3.93 3.27
3.63 2.65 3.89 3.54
3.54 2.18 4.4 3.58
3.56 2.31 4.14 3.45
3.43 2.11 4.51 3.62
3.53 2.15 4.5 3.65
3.63 2.53 3.87 3.4
3.63 2.32 4.31 3.63
3.57 2.22 4.45 3.67
3.59 2.09 4.37 3.46
3.5 1.88 4.65 3.53
3.56 2.12 4.46 3.58
3.49 2.31 4.23 3.54
3.48 2.22 4.21 3.43
3.56 2.18 4.31 3.49
3.51 2.22 4.39 3.61
3.51 2.2 4.21 3.41
3.57 2.24 4.34 3.58
3.62 2.27 4.16 3.43
3.51 2.25 4.39 3.64
3.49 2.36 4.18 3.54
3.53 2.21 4.28 3.49
3.4 1.85 5.08 3.93
3.6 2.36 4.06 3.42
3.48 2.38 4.26 3.64
3.52 2.35 4.19 3.54
3.6 2.28 4.23 3.51
3.42 2.32 4.29 3.61
3.6 2.37 4.11 3.48
3.59 2.16 4.3 3.46
3.6 2.54 4.02 3.56
3.58 2.33 4.29 3.62
3.57 2.12 4.37 3.49
3.56 2.09 4.52 3.61
3.49 2.02 4.56 3.58
3.51 2.17 4.3 3.47
3.61 2.18 4.32 3.5
3.58 2.34 4.06 3.4
3.59 2.34 4.29 3.63
3.52 2.09 4.45 3.54
3.6 2.31 4.33 3.64
3.69 2.43 4.15 3.58
3.65 2.39 3.93 3.32
3.53 2.31 4.09 3.4
3.55 2.13 4.44 3.57
3.51 2.15 4.36 3.51
3.5 2.18 4.46 3.64
3.49 2.15 4.32 3.47
3.49 1.97 4.54 3.51
3.4 1.98 4.58 3.56
3.67 2.12 4.57 3.69
3.56 2.4 4.35 3.75
3.37 2.13 4.49 3.62
3.56 2.14 4.4 3.54
3.55 2.21 4.15 3.36
3.51 2.3 4.25 3.55
3.58 2.22 4.19 3.41
3.54 2.11 4.44 3.55
3.47 2.11 4.57 3.68
3.61 2.14 4.25 3.39
3.66 2.54 4.09 3.63
3.58 2.14 4.34 3.48
3.48 2.09 4.5 3.59
3.55 2.35 4.37 3.72
3.63 2.46 3.98 3.44
3.43 2.06 4.67 3.73
3.53 2.05 4.57 3.62
3.57 2.1 4.17 3.27
3.68 2.19 4.29 3.48
3.47 2.31 4.25 3.56
3.43 2.24 4.47 3.71
3.58 2.33 4.16 3.49
3.59 2.31 4.28 3.59
3.42 1.91 4.58 3.49
3.48 2.15 4.46 3.61
3.59 2.19 4.34 3.53
3.59 2.17 4.3 3.47
3.59 2.27 4.3 3.57
3.67 2.2 4.12 3.32
3.54 2.44 3.96 3.4
3.55 2.2 4.35 3.55
3.54 2.51 4.07 3.58
3.54 2.14 4.23 3.37
3.44 2.28 4.34 3.62
3.66 2.52 3.88 3.4
3.53 2.55 4.16 3.71
3.66 2.56 3.7 3.26
3.46 1.99 4.67 3.66
3.51 2.25 4.39 3.64
3.45 2.13 4.5 3.63
3.58 2.32 4.04 3.36
3.6 2.2 4.35 3.55
3.54 2.15 4.31 3.46
3.5 2.18 4.57 3.75
3.54 2.23 4.27 3.5
3.41 2.27 4.21 3.48
3.57 2.14 4.5 3.64
3.57 2.36 4.32 3.68
3.57 2.41 4.14 3.55
3.39 2.11 4.65 3.76
3.61 2.41 4.08 3.49
3.49 2.22 4.45 3.67
3.51 2.3 4.19 3.49
3.46 2.1 4.52 3.62
3.61 2.5 4.03 3.53
3.65 2.36 4.12 3.48
3.62 2.65 3.74 3.39
3.61 2.33 4.21 3.54
3.63 2.33 4.06 3.39
3.59 2.04 4.57 3.61
3.54 2.44 4.12 3.56
3.52 1.98 4.68 3.66
3.44 2.1 4.37 3.47
3.45 2.06 4.46 3.52
3.43 2.02 4.44 3.46
3.53 2.42 4.15 3.57
3.6 2.52 4.03 3.55
3.49 2.18 4.42 3.6
3.6 2.38 4.14 3.52
3.58 2.11 4.39 3.5
3.65 2.19 4.22 3.41
3.67 2.36 4.08 3.44
3.6 2.25 4.26 3.51
3.51 2.27 4.2 3.47
3.45 1.97 4.82 3.79
3.54 2.37 4.19 3.56
3.49 2.38 4.36 3.74
3.52 2.19 4.34 3.53
3.62 2.17 4.37 3.54
3.53 2.39 4.06 3.45
3.64 2.44 4.12 3.56
3.43 2.15 4.6 3.75
3.62 2.19 4.16 3.35
3.48 1.95 4.56 3.51
3.56 2.2 4.44 3.64
3.43 2.05 4.45 3.5
3.55 2.45 3.97 3.42
3.42 2.15 4.46 3.61
3.6 2.36 4.17 3.53
3.47 2.2 4.43 3.63
3.52 2.33 4.29 3.62
3.61 2.07 4.39 3.46
3.41 1.93 4.65 3.58
3.4 2.15 4.73 3.88
3.41 2.23 4.35 3.58
3.48 2.02 4.67 3.69
3.59 2.55 4.08 3.63
3.54 2.25 4.25 3.5
3.41 2.14 4.64 3.78
3.59 2.03 4.55 3.58
3.5 2.25 4.33 3.58
3.56 2.26 4.27 3.53
3.59 2.45 4.09 3.54
3.51 2.15 4.41 3.56
3.56 2.21 4.48 3.69
3.54 2.37 4.28 3.65
3.54 2.05 4.61 3.66
3.56 2.22 4.3 3.52
3.62 2.3 4.08 3.38
3.55 1.98 4.51 3.49
3.58 2.18 4.41 3.59
3.56 2.22 4.39 3.61
3.6 2.14 4.35 3.49
3.62 2.18 4.36 3.54
3.5 2.02 4.56 3.58
3.5 2.0 4.62 3.62
3.55 2.27 4.21 3.48
3.58 2.2 4.29 3.49
3.39 1.88 4.93 3.81
3.63 2.27 4.28 3.55
3.62 2.4 3.94 3.34
3.52 2.34 4.3 3.64
3.51 2.21 4.26 3.47
3.6 2.24 4.21 3.45
3.59 2.44 4.05 3.49
3.42 2.21 4.58 3.79
3.65 2.32 4.1 3.42
3.55 2.32 4.15 3.47
3.49 2.13 4.51 3.64
3.52 2.09 4.41 3.5
3.6 2.38 4.07 3.45
3.46 2.15 4.51 3.66
3.58 2.38 4.22 3.6
3.55 2.27 4.16 3.43
3.63 2.29 4.24 3.53
3.57 2.22 4.31 3.53
3.56 2.06 4.72 3.78
3.52 2.17 4.5 3.67
3.45 2.19 4.43 3.62
3.55 2.01 4.59 3.6
3.57 2.19 4.38 3.57
3.65 2.29 4.04 3.33
3.57 2.13 4.68 3.81
3.57 2.19 4.22 3.41
3.6 2.35 4.39 3.74
3.61 2.19 4.19 3.38
3.58 2.2 4.42 3.62
3.57 2.24 4.45 3.69
3.56 2.37 3.96 3.33
3.53 2.19 4.31 3.5
3.5 2.02 4.67 3.69
3.55 2.24 4.26 3.5
3.55 2.07 4.72 3.79
3.57 2.23 4.31 3.54
3.46 2.31 4.35 3.66
3.45 2.21 4.46 3.67
3.46 2.28 4.06 3.34
3.47 2.25 4.14 3.39
3.53 2.28 4.37 3.65
3.43 1.96 4.63 3.59
3.66 2.1 4.21 3.31
3.5 2.3 4.19 3.49
3.58 2.28 4.13 3.41
3.6 2.47 4.08 3.55
3.6 2.54 4.16 3.7
3.54 2.32 4.33 3.65
3.6 2.14 4.33 3.47
3.57 2.24 4.35 3.59
3.54 2.04 4.56 3.6
3.51 2.3 4.47 3.77
3.63 2.04 4.53 3.57
3.6 2.38 4.05 3.43
3.56 2.27 4.37 3.64
3.45 2.07 4.33 3.4
3.65 2.23 4.17 3.4
3.54 2.27 4.34 3.61
3.68 2.52 3.93 3.45
3.43 1.97 4.66 3.63
3.52 2.22 4.44 3.66
3.61 2.32 4.25 3.57
3.51 2.21 4.33 3.54
3.58 2.12 4.32 3.44
3.47 2.07 4.59 3.66
3.57 2.27 4.25 3.52
3.63 2.2 4.28 3.48
3.45 2.24 4.44 3.68
3.51 1.83 4.8 3.63
3.52 2.07 4.5 3.57
3.54 2.12 4.36 3.48
3.66 2.24 4.14 3.38
3.73 2.42 3.81 3.23
3.6 2.26 4.41 3.67
3.57 2.19 4.37 3.56
3.71 2.47 3.98 3.45
3.29 1.95 4.75 3.7
3.47 2.16 4.48 3.64
3.55 2.19 4.25 3.44
3.6 2.26 4.07 3.33
3.57 2.41 4.18 3.59
3.55 2.17 4.34 3.51
3.55 2.2 4.34 3.54
3.51 2.24 4.17 3.41
3.58 2.17 4.23 3.4
3.54 2.22 4.49 3.71
3.66 2.37 4.12 3.49
3.66 2.23 4.14 3.37
3.6 2.27 4.23 3.5
3.45 2.26 4.41 3.67
3.56 2.23 4.33 3.56
3.55 2.55 4.13 3.68
3.55 2.29 4.39 3.68
3.53 2.24 4.44 3.68
3.51 1.91 4.52 3.43
3.55 1.96 4.39 3.35
3.53 2.3 4.25 3.55
3.57 2.05 4.41 3.46
3.61 2.46 4.1 3.56
3.59 2.34 4.28 3.62
3.44 2.37 4.33 3.7
3.58 2.12 4.33 3.45
3.59 2.59 3.88 3.47
3.5 2.32 4.43 3.75
3.69 2.29 4.16 3.45
3.52 2.03 4.35 3.38
3.67 2.33 4.18 3.51
3.59 2.29 4.36 3.65
3.54 2.22 4.19 3.41
3.5 2.23 4.37 3.6
3.64 2.44 4.24 3.68
3.7 2.48 3.82 3.3
3.4 1.97 4.61 3.58
3.67 2.26 4.15 3.41
3.45 2.33 4.37 3.7
3.64 2.61 4.04 3.65
3.52 2.41 4.25 3.66
3.51 2.29 4.16 3.45
3.59 2.05 4.43 3.48
3.46 2.12 4.47 3.59
3.56 2.07 4.56 3.63
3.42 2.01 4.55 3.56
3.49 2.01 4.38 3.39
3.58 2.36 4.14 3.5
3.48 2.05 4.64 3.69
3.57 2.06 4.59 3.65
3.54 2.26 4.2 3.46
3.65 2.19 4.19 3.38
3.38 2.16 4.59 3.75
3.56 2.44 4.2 3.64
3.54 2.32 4.24 3.56
3.55 2.33 4.02 3.35
3.48 2.45 4.05 3.5
3.56 2.24 4.33 3.57
3.57 2.23 4.3 3.53
3.47 2.45 4.05 3.5
3.63 2.23 4.21 3.44
3.58 2.32 4.06 3.38
3.63 2.3 4.19 3.49
3.64 2.37 4.2 3.57
3.6 2.21 4.51 3.72
3.57 2.44 4.0 3.44
3.38 1.99 4.63 3.62
3.59 2.15 4.42 3.57
3.66 2.37 3.99 3.36
3.6 2.29 3.95 3.24
3.59 2.27 4.15 3.42
3.68 2.18 4.12 3.3
3.59 2.56 4.06 3.62
3.51 2.43 4.22 3.65
3.56 2.06 4.46 3.52
3.73 2.57 3.9 3.47
3.49 2.23 4.25 3.48
3.57 2.35 4.08 3.43
3.49 1.95 4.38 3.33
3.76 2.61 3.79 3.4
3.49 2.13 4.49 3.62
3.64 2.18 4.26 3.44
3.54 2.21 4.43 3.64
3.54 2.06 4.41 3.47
3.41 2.15 4.44 3.59
3.54 2.05 4.54 3.59
3.36 2.05 4.77 3.82
3.51 2.33 4.24 3.57
3.66 2.38 4.14 3.52
3.67 2.33 4.06 3.39
3.63 2.28 4.17 3.45
3.67 2.28 4.47 3.75
3.66 2.23 4.26 3.49
3.43 1.95 4.65 3.6
3.47 2.2 4.47 3.67
3.62 2.51 4.14 3.65
3.57 2.11 4.4 3.51
3.52 2.12 4.33 3.45
3.58 2.08 4.48 3.56
3.41 2.25 4.38 3.63
3.44 2.06 4.77 3.83
3.53 2.12 4.48 3.6
3.53 2.07 4.56 3.63
3.46 2.06 4.49 3.55
3.54 2.1 4.39 3.49
3.42 2.33 4.44 3.77
3.61 2.18 4.37 3.55
3.56 2.06 4.61 3.67
3.63 2.09 4.4 3.49
3.59 2.1 4.5 3.6
3.46 2.06 4.48 3.54
3.34 1.8 4.9 3.7
3.46 2.18 4.39 3.57
3.55 2.38 4.15 3.53
3.61 2.12 4.39 3.51
3.65 2.33 4.04 3.37
3.56 2.21 4.38 3.59
3.52 1.99 4.48 3.47
3.5 2.08 4.59 3.67
3.52 2.33 4.0 3.33
3.59 2.54 4.09 3.63
3.4 2.27 4.56 3.83
3.52 2.08 4.37 3.45
3.56 2.02 4.34 3.36
3.53 2.26 4.52 3.78
3.43 1.96 4.72 3.68
3.64 2.51 3.99 3.5
3.51 2.11 4.62 3.73
3.54 2.05 4.5 3.55
3.55 2.25 4.1 3.35
3.6 2.3 4.2 3.5
3.54 2.25 4.29 3.54
3.54 2.18 4.34 3.52
3.66 2.21 4.19 3.4
3.54 2.09 4.49 3.58
3.52 2.27 4.33 3.6
3.45 2.0 4.63 3.63
3.42 2.29 4.5 3.79
3.46 1.97 4.7 3.67
3.54 2.2 4.26 3.46
3.57 2.23 4.46 3.69
3.42 2.11 4.58 3.69
3.43 2.03 4.5 3.53
3.66 2.12 4.47 3.59
3.61 2.49 3.9 3.39
3.47 2.26 4.48 3.74
3.52 2.3 4.14 3.44
3.62 2.19 4.21 3.4
3.53 2.27 4.31 3.58
3.66 2.73 3.62 3.35
3.48 2.18 4.48 3.66
3.55 2.14 4.43 3.57
3.56 2.16 4.39 3.55
3.65 2.02 4.4 3.42
3.52 2.16 4.3 3.46
3.58 2.39 4.08 3.47
3.54 2.32 3.95 3.27
3.62 2.26 4.31 3.57
3.58 2.22 4.28 3.5
3.53 2.03 4.28 3.31
3.6 2.28 4.17 3.45
3.63 2.56 3.83 3.39
3.5 2.44 4.06 3.5
3.47 1.95 4.68 3.63
3.48 2.01 4.63 3.64
3.59 2.34 4.08 3.42
3.49 2.04 4.59 3.63
3.48 2.09 4.49 3.58
3.49 2.24 4.45 3.69
3.62 2.31 4.13 3.44
3.68 2.33 4.21 3.54
3.54 2.15 4.32 3.47
3.42 1.89 4.6 3.49
3.57 2.29 4.25 3.54
3.5 2.15 4.54 3.69
3.56 2.12 4.63 3.75
3.47 2.12 4.61 3.73
3.54 2.35 4.21 3.56
3.5 2.29 4.53 3.82
3.62 2.38 4.08 3.46
3.55 2.0 4.44 3.44
3.46 2.18 4.37 3.55
3.61 2.16 4.2 3.36
3.63 2.35 4.03 3.38
3.52 2.25 4.23 3.48
3.57 2.16 4.42 3.58
3.62 2.28 4.45 3.73
3.62 2.43 4.08 3.51
3.52 2.11 4.44 3.55
3.56 2.05 4.47 3.52
3.62 2.33 4.01 3.34
3.61 2.46 4.09 3.55
3.47 2.28 4.25 3.53
3.52 2.24 4.29 3.53
3.6 2.55 4.15 3.7
3.49 1.94 4.76 3.7
3.66 2.28 4.18 3.46
3.49 2.08 4.65 3.73
3.53 2.27 4.28 3.55
3.64 2.52 4.09 3.61
3.46 2.11 4.46 3.57
3.42 2.2 4.23 3.43
3.52 2.14 4.38 3.52
3.39 2.01 4.44 3.45
3.47 2.06 4.35 3.41
3.61 2.24 4.48 3.72
3.46 2.09 4.6 3.69
3.55 2.04 4.56 3.6
3.5 2.36 4.31 3.67
3.45 1.96 4.63 3.59
3.57 2.23 4.11 3.34
3.44 2.22 4.37 3.59
3.49 2.22 4.56 3.78
3.5 1.88 4.79 3.67
3.58 2.24 4.16 3.4
3.54 2.37 4.21 3.58
3.63 2.25 4.22 3.47
3.44 2.27 4.37 3.64
3.54 2.16 4.39 3.55
3.57 2.39 4.01 3.4
3.53 2.05 4.48 3.53
3.55 2.02 4.6 3.62
3.56 2.16 4.51 3.67
3.53 2.05 4.46 3.51
3.45 2.34 4.24 3.58
3.51 2.37 4.2 3.57
3.54 2.39 4.11 3.5
3.59 2.19 4.5 3.69
3.63 2.16 4.28 3.44
3.56 2.2 4.32 3.52
3.6 2.38 4.18 3.56
3.55 2.31 4.18 3.49
3.43 2.11 4.55 3.66
3.5 2.09 4.49 3.58
3.57 2.19 4.41 3.6
3.4 1.95 4.66 3.61
3.57 2.13 4.22 3.35
3.56 2.04 4.56 3.6
3.6 1.94 4.4 3.34
3.56 2.2 4.28 3.48
3.61 2.17 4.29 3.46
3.48 2.0 4.46 3.46
3.54 2.17 4.34 3.51
3.6 2.26 4.26 3.52
3.55 1.99 4.51 3.5
3.57 2.32 4.4 3.72
3.44 2.13 4.54 3.67
3.46 2.08 4.54 3.62
3.45 2.25 4.33 3.58
3.44 2.05 4.64 3.69
3.5 2.47 4.07 3.54
3.65 2.5 4.08 3.58
3.49 2.38 4.21 3.59
3.57 2.36 4.22 3.58
3.4 2.08 4.66 3.74
3.59 2.61 3.82 3.43
3.44 2.14 4.45 3.59
3.62 2.21 4.31 3.52
3.61 2.39 3.98 3.37
3.56 2.22 4.22 3.44
3.48 2.03 4.37 3.4
3.52 2.32 4.32 3.64
3.55 2.19 4.33 3.52
3.69 2.34 4.01 3.35
3.46 2.11 4.49 3.6
3.5 2.0 4.61 3.61
3.71 2.49 3.76 3.25
3.54 2.29 4.35 3.64
3.45 2.5 4.03 3.53
3.41 1.77 4.73 3.5
3.54 2.29 4.32 3.61
3.5 2.25 4.48 3.73
3.51 2.12 4.49 3.61
3.55 2.36 4.37 3.73
3.39 2.15 4.58 3.73
3.63 2.26 4.02 3.28
3.57 2.2 4.11 3.31
3.53 2.15 4.25 3.4
3.59 2.37 4.22 3.59
3.63 2.33 4.17 3.5
3.61 2.34 4.24 3.58
3.48 2.12 4.43 3.55
3.78 2.53 3.82 3.35
3.51 2.14 4.55 3.69
3.65 2.58 4.02 3.6
3.44 1.97 4.65 3.62
3.61 2.3 4.09 3.39
3.59 2.25 4.26 3.51
3.66 2.35 4.06 3.41
3.55 2.14 4.44 3.58
3.73 2.25 4.44 3.69
3.43 2.13 4.44 3.57
3.43 2.09 4.43 3.52
3.54 2.33 3.96 3.29
3.46 2.2 4.3 3.5
3.58 2.26 4.22 3.48
3.63 2.39 4.07 3.46
3.58 2.23 4.27 3.5
3.52 2.19 4.4 3.59
3.42 2.2 4.44 3.64
3.56 2.14 4.44 3.58
3.44 2.28 4.33 3.61
3.57 2.6 3.78 3.38
3.6 2.13 4.53 3.66
3.55 2.1 4.36 3.46
3.66 2.08 4.3 3.38
3.38 2.26 4.27 3.53
3.53 2.28 4.18 3.46
3.67 2.17 4.32 3.49
3.51 2.02 4.63 3.65
3.54 2.06 4.76 3.82
3.45 2.1 4.73 3.83
3.52 2.03 4.54 3.57
3.52 2.03 4.57 3.6
3.47 2.23 4.4 3.63
3.56 1.95 4.68 3.63
3.52 2.15 4.46 3.61
3.55 2.15 4.37 3.52
3.51 2.2 4.3 3.5
3.65 2.59 3.9 3.49
3.38 2.21 4.52 3.73
3.58 2.25 4.41 3.66
3.49 2.05 4.7 3.75
3.57 2.22 4.22 3.44
3.59 2.4 4.19 3.59
3.58 2.23 4.22 3.45
3.64 2.18 4.31 3.49
3.5 2.1 4.64 3.74
3.44 1.81 4.66 3.47
3.48 2.05 4.4 3.45
3.59 2.24 4.38 3.62
3.57 2.19 4.4 3.59
3.47 2.1 4.58 3.68
3.66 2.32 4.02 3.34
3.47 2.24 4.37 3.61
3.54 2.19 4.35 3.54
3.6 2.48 4.0 3.48
3.61 2.34 4.34 3.68
3.57 2.2 4.43 3.63
3.61 2.0 4.39 3.39
3.48 2.22 4.3 3.52
3.52 2.05 4.45 3.5
3.6 2.3 4.13 3.43
3.59 2.4 4.32 3.72
3.59 2.2 4.4 3.6
3.51 2.3 4.15 3.45
3.46 2.07 4.72 3.79
3.72 2.22 4.31 3.53
3.57 2.06 4.49 3.55
3.56 2.2 4.33 3.53
3.6 2.23 4.39 3.62
3.61 2.37 4.2 3.57
3.49 2.21 4.27 3.48
3.46 2.15 4.42 3.57
3.57 2.33 4.33 3.66
3.59 2.21 4.32 3.53
3.5 2.2 4.19 3.39
3.49 2.16 4.52 3.68
3.5 2.35 4.28 3.63
3.44 2.12 4.5 3.62
3.46 2.19 4.33 3.52
3.55 2.42 4.11 3.53
3.5 2.27 4.19 3.46
3.67 2.2 4.24 3.44
3.54 2.32 4.26 3.58
3.57 2.44 4.09 3.53
3.53 2.25 4.3 3.55
3.63 2.17 4.49 3.66
3.62 2.52 3.87 3.39
3.66 2.18 4.29 3.47
3.57 2.19 4.22 3.41
3.66 2.44 4.19 3.63
3.62 2.23 4.11 3.34
3.53 2.18 4.44 3.62
3.48 2.29 4.17 3.46
3.56 2.39 4.31 3.7
3.57 2.23 4.26 3.49
3.58 1.99 4.57 3.56
3.52 2.36 4.45 3.81
3.6 2.21 4.37 3.58
3.63 2.08 4.48 3.56
3.42 2.03 4.46 3.49
3.48 2.16 4.67 3.83
3.42 2.05 4.57 3.62
3.61 2.27 4.32 3.59
3.54 2.51 4.29 3.8
3.59 2.41 4.23 3.64
3.55 2.27 4.23 3.5
3.47 2.16 4.46 3.62
3.53 2.21 4.29 3.5
3.66 2.22 4.24 3.46
3.51 2.15 4.3 3.45
3.61 2.43 4.0 3.43
3.58 2.21 4.36 3.57
3.52 2.43 4.03 3.46
3.59 2.44 4.14 3.58
3.58 2.43 3.84 3.27
3.63 2.24 4.22 3.46
3.59 2.26 4.23 3.49
3.63 2.49 3.91 3.4
3.58 2.16 4.29 3.45
3.64 2.37 4.22 3.59
3.59 2.03 4.73 3.76
3.61 2.67 3.87 3.54
3.6 2.48 4.04 3.52
3.66 2.28 4.43 3.71
3.46 1.9 4.61 3.51
3.52 1.97 4.8 3.77
3.52 2.05 4.55 3.6
3.61 2.4 3.98 3.38
3.56 2.16 4.2 3.36
3.55 2.15 4.3 3.45
3.59 2.18 4.21 3.39
3.5 2.11 4.48 3.59
3.48 2.54 3.99 3.53
3.54 2.53 4.11 3.64
3.53 1.99 4.68 3.67
3.57 2.22 4.35 3.57
3.57 2.09 4.52 3.61
3.55 2.1 4.3 3.4
3.63 2.39 4.32 3.71
3.54 2.08 4.38 3.46
3.63 2.05 4.44 3.49
3.57 2.3 4.15 3.45
3.63 2.18 4.36 3.54
3.62 2.21 4.24 3.45
3.52 2.44 4.09 3.53
3.55 2.17 4.43 3.6
3.59 2.29 4.23 3.52
3.54 2.18 4.27 3.45
3.65 2.24 4.31 3.55
3.56 2.08 4.47 3.55
3.57 2.29 4.3 3.59
3.54 2.37 4.07 3.44
3.48 2.12 4.55 3.67
3.49 2.09 4.8 3.89
3.48 2.31 4.16 3.47
3.49 2.32 4.28 3.6
3.56 2.48 3.95 3.43
3.51 2.26 4.27 3.53
3.46 2.2 4.29 3.49
3.57 2.36 4.22 3.58
3.67 2.46 3.93 3.39
3.42 2.01 4.63 3.64
3.55 2.35 4.17 3.52
3.47 2.17 4.51 3.68
3.66 2.62 3.88 3.5
3.39 2.06 4.53 3.59
3.67 2.02 4.52 3.54
3.58 2.1 4.4 3.5
3.5 2.18 4.38 3.56
3.5 2.09 4.59 3.68
3.5 2.14 4.4 3.54
3.5 2.22 4.4 3.62
3.61 2.37 4.37 3.74
3.61 2.15 4.26 3.41
3.54 2.37 4.14 3.51
3.62 2.27 4.14 3.41
3.64 2.19 4.19 3.38
3.52 2.34 4.16 3.5
3.59 2.32 4.15 3.47
3.47 2.02 4.54 3.56
3.54 2.41 4.17 3.58
3.42 2.21 4.44 3.65
3.48 2.16 4.54 3.7
3.55 2.37 4.21 3.58
3.52 2.29 4.24 3.53
3.49 2.32 4.24 3.56
3.45 2.04 4.6 3.64
3.43 2.1 4.5 3.6
3.63 2.23 4.4 3.63
3.43 2.48 4.15 3.63
3.49 2.22 4.31 3.53
3.52 2.3 4.36 3.66
3.6 2.3 4.15 3.45
3.65 2.41 4.15 3.56
3.55 2.3 4.29 3.59
3.71 2.53 3.86 3.39
3.64 2.33 4.31 3.64
3.58 2.39 4.27 3.66
3.53 1.81 4.79 3.6
3.46 2.34 4.27 3.61
3.58 2.14 4.54 3.68
3.49 2.2 4.39 3.59
3.61 2.49 4.03 3.52
3.54 2.14 4.31 3.45
3.44 2.11 4.43 3.54
3.48 2.0 4.56 3.56
3.58 2.39 4.14 3.53
3.64 2.18 4.24 3.42
3.5 2.44 4.19 3.63
3.53 1.97 4.5 3.47
3.42 2.37 4.3 3.67
3.51 2.2 4.36 3.56
3.62 2.08 4.26 3.34
3.46 2.36 4.3 3.66
3.49 2.27 4.32 3.59
3.44 2.32 4.14 3.46
3.59 2.21 4.38 3.59
3.64 2.36 4.21 3.57
3.63 2.3 4.04 3.34
3.61 2.36 4.17 3.53
3.55 2.21 4.34 3.55
3.53 1.98 4.63 3.61
3.61 2.17 4.27 3.44
3.56 2.23 4.28 3.51
3.45 2.59 4.03 3.62
3.47 2.23 4.34 3.57
3.59 2.29 4.14 3.43
3.58 2.08 4.46 3.54
3.5 2.02 4.4 3.42
3.47 2.15 4.38 3.53
3.55 2.14 4.35 3.49
3.67 2.32 3.9 3.22
3.6 2.3 4.18 3.48
3.57 2.03 4.44 3.47
3.5 2.06 4.45 3.51
3.51 2.0 4.67 3.67
3.54 2.42 4.01 3.43
3.65 2.23 4.28 3.51
3.56 2.01 4.64 3.65
3.44 2.25 4.23 3.48
3.44 1.86 4.78 3.64
3.62 2.15 4.36 3.51
3.53 2.23 4.12 3.35
3.66 2.15 4.35 3.5
3.57 2.17 4.27 3.44
3.52 2.53 4.01 3.54
3.5 2.06 4.41 3.47
3.65 2.14 4.31 3.45
3.55 2.25 4.25 3.5
3.6 2.08 4.25 3.33
3.42 2.12 4.46 3.58
3.55 2.13 4.47 3.6
3.61 2.68 3.69 3.37
3.54 2.47 4.01 3.48
3.59 2.32 4.23 3.55
3.56 2.42 4.3 3.72
3.56 2.21 4.25 3.46
3.48 2.37 4.11 3.48
3.55 2.41 4.04 3.45
3.45 2.14 4.52 3.66
3.51 2.28 4.39 3.67
3.54 2.22 4.38 3.6
3.45 2.12 4.43 3.55
3.54 2.4 4.27 3.67
3.51 1.97 4.5 3.47
3.54 2.37 4.11 3.48
3.44 1.97 4.54 3.51
3.51 2.27 4.28 3.55
3.47 1.92 4.68 3.6
3.57 2.13 4.48 3.61
3.58 2.18 4.35 3.53
3.46 2.23 4.41 3.64
3.48 2.02 4.55 3.57
3.59 2.05 4.43 3.48
3.53 2.08 4.69 3.77
3.48 2.4 4.06 3.46
3.46 2.16 4.3 3.46
3.52 2.11 4.39 3.5
3.6 2.27 4.23 3.5
3.61 2.23 4.19 3.42
3.47 1.99 4.61 3.6
3.43 2.06 4.52 3.58
3.54 2.19 4.36 3.55
3.64 2.54 3.98 3.52
3.55 2.11 4.32 3.43
3.44 2.22 4.51 3.73
3.56 2.31 4.27 3.58
3.63 2.04 4.52 3.56
3.56 2.19 4.31 3.5
3.55 2.19 4.18 3.37
3.54 2.24 4.29 3.53
3.56 2.21 4.43 3.64
3.37 2.16 4.53 3.69
3.6 2.15 4.41 3.56
3.53 2.22 4.31 3.53
3.66 2.31 4.11 3.42
3.56 2.28 4.29 3.57
3.47 1.93 4.71 3.64
3.5 2.19 4.55 3.74
3.54 2.2 4.36 3.56
3.5 2.15 4.3 3.45
3.67 2.42 3.92 3.34
3.54 2.26 4.23 3.49
3.67 2.15 4.32 3.47
3.58 2.32 4.04 3.36
3.54 2.16 4.34 3.5
3.53 2.31 4.28 3.59
3.57 2.11 4.47 3.58
3.48 2.07 4.56 3.63
3.59 2.34 4.35 3.69
3.46 2.18 4.29 3.47
3.5 2.28 4.23 3.51
3.48 2.24 4.35 3.59
3.63 2.15 4.29 3.44
3.58 2.12 4.39 3.51
3.6 2.01 4.49 3.5
3.66 2.19 4.4 3.59
3.57 2.35 4.39 3.74
3.63 2.3 3.98 3.28
3.58 2.32 4.19 3.51
3.6 1.97 4.66 3.63
3.46 2.39 4.46 3.85
3.49 2.17 4.56 3.73
3.55 2.17 4.41 3.58
3.45 1.98 4.59 3.57
3.56 2.29 4.23 3.52
3.66 2.28 4.33 3.61
3.54 2.13 4.64 3.77
3.49 1.95 4.63 3.58
3.57 2.36 4.12 3.48
3.58 2.42 3.94 3.36
3.49 2.22 4.3 3.52
3.47 2.08 4.37 3.45
3.55 2.27 4.07 3.34
3.57 2.08 4.33 3.41
3.54 2.4 4.18 3.58
3.59 2.52 4.28 3.8
3.66 2.14 4.35 3.49
3.57 2.07 4.42 3.49
3.64 2.33 4.07 3.4
3.46 2.12 4.61 3.73
3.73 2.25 4.33 3.58
3.43 2.04 4.62 3.66
3.52 1.8 4.75 3.55
3.55 2.19 4.44 3.63
3.59 2.28 4.14 3.42
3.52 2.13 4.46 3.59
3.56 2.29 4.18 3.47
3.54 2.22 4.28 3.5
3.57 2.04 4.5 3.54
3.6 2.2 4.29 3.49
3.48 2.02 4.57 3.59
3.64 2.32 4.2 3.52
3.47 2.25 4.44 3.69
3.66 2.44 4.02 3.46
3.55 2.33 4.11 3.44
3.65 2.62 3.78 3.4
3.61 2.04 4.47 3.51
3.66 2.43 4.22 3.65
3.53 2.21 4.37 3.58
3.53 2.32 4.13 3.45
3.59 2.22 4.25 3.47
3.54 2.25 4.23 3.48
3.49 2.22 4.45 3.67
3.51 2.27 4.53 3.8
3.36 2.05 4.57 3.62
3.51 2.22 4.27 3.49
3.56 2.26 4.21 3.47
3.54 2.25 4.27 3.52
3.58 1.94 4.59 3.53
3.59 2.33 4.29 3.62
3.53 2.53 4.25 3.78
3.38 2.19 4.48 3.67
3.71 2.35 3.99 3.34
3.56 1.88 4.6 3.48
3.52 2.15 4.29 3.44
3.44 2.16 4.5 3.66
3.56 2.11 4.36 3.47
3.51 2.05 4.55 3.6
3.47 2.11 4.37 3.48
3.59 1.98 4.74 3.72
3.64 2.55 3.87 3.42
3.54 2.28 4.27 3.55
3.67 2.25 4.33 3.58
3.49 2.25 4.25 3.5
3.6 2.1 4.52 3.62
3.49 2.16 4.4 3.56
3.54 2.38 4.38 3.76
3.63 2.32 4.26 3.58
3.55 2.31 4.19 3.5
3.46 2.21 4.44 3.65
3.48 2.12 4.28 3.4
3.42 2.19 4.45 3.64
3.62 2.17 4.33 3.5
3.46 2.02 4.63 3.65
3.63 2.33 4.22 3.55
3.61 2.29 4.16 3.45
3.52 2.25 4.32 3.57
3.57 2.3 4.35 3.65
3.56 2.13 4.33 3.46
3.46 2.32 4.35 3.67
3.53 2.39 4.17 3.56
3.58 2.38 4.23 3.61
3.64 2.33 4.23 3.56
3.55 2.11 4.29 3.4
3.54 2.06 4.35 3.41
3.64 2.27 4.36 3.63
3.48 2.12 4.57 3.69
3.63 2.59 3.81 3.4
3.55 2.25 4.43 3.68
3.43 2.15 4.47 3.62
3.68 2.61 3.88 3.49
3.56 2.45 3.84 3.29
3.52 2.1 4.29 3.39
3.59 2.32 4.16 3.48
3.59 2.31 4.21 3.52
3.59 2.2 4.32 3.52
3.59 2.31 4.1 3.41
3.6 2.33 4.14 3.47
3.56 2.25 4.3 3.55
3.53 1.99 4.7 3.69
3.54 2.23 4.34 3.57
3.68 2.33 4.03 3.36
3.54 2.1 4.53 3.63
3.44 2.13 4.71 3.84
3.64 2.65 3.84 3.49
3.67 2.38 4.34 3.72
3.57 2.03 4.39 3.42
3.58 1.99 4.39 3.38
3.62 2.42 4.22 3.64
3.46 2.09 4.29 3.38
3.56 2.28 4.33 3.61
3.48 2.15 4.49 3.64
3.57 2.08 4.43 3.51
3.61 2.14 4.56 3.7
3.47 1.92 4.64 3.56
3.64 2.26 4.14 3.4
3.61 2.33 4.08 3.41
3.54 2.27 4.19 3.46
3.52 2.19 4.48 3.67
3.58 2.29 4.12 3.41
3.61 2.28 4.22 3.5
3.42 2.05 4.61 3.66
3.39 2.31 4.32 3.63
3.54 2.16 4.4 3.56
3.27 2.1 4.73 3.83
3.52 2.47 4.19 3.66
3.6 2.14 4.54 3.68
3.28 1.89 4.82 3.71
3.33 1.93 4.69 3.62
3.64 2.37 3.91 3.28
3.4 2.28 4.18 3.46
3.57 2.11 4.45 3.56
3.47 1.98 4.7 3.68
3.6 2.08 4.37 3.45
3.6 2.38 4.23 3.61
3.54 2.14 4.38 3.52
3.59 2.29 4.19 3.48
3.63 2.34 4.17 3.51
3.61 2.13 4.22 3.35
3.33 2.08 4.83 3.91
3.55 2.48 4.25 3.73
3.6 2.28 4.25 3.53
3.57 2.11 4.58 3.69
3.59 2.22 4.28 3.5
3.52 2.2 4.28 3.48
3.54 2.17 4.28 3.45
3.4 1.83 4.81 3.64
3.58 2.26 4.1 3.36
3.52 2.13 4.49 3.62
3.59 1.84 4.67 3.51
3.72 2.18 4.31 3.49
3.48 2.13 4.47 3.6
3.65 2.34 4.12 3.46
3.5 2.18 4.4 3.58
3.49 2.15 4.34 3.49
3.4 2.17 4.53 3.7
3.54 2.39 4.2 3.59
3.53 2.07 4.52 3.59
3.67 2.07 4.52 3.59
3.51 1.99 4.5 3.49
3.48 2.3 4.24 3.54
3.65 2.39 4.01 3.4
3.48 2.08 4.39 3.47
3.65 2.18 4.39 3.57
3.46 2.23 4.45 3.68
3.58 2.07 4.45 3.52
3.43 2.27 4.44 3.71
3.56 2.34 4.23 3.57
3.47 1.96 4.66 3.62
3.67 2.4 4.02 3.42
3.62 2.31 4.27 3.58
3.47 2.11 4.31 3.42
3.6 2.3 4.08 3.38
3.46 1.89 4.74 3.63
3.56 2.24 4.18 3.42
3.54 2.38 3.97 3.35
3.5 2.04 4.51 3.55
3.64 2.32 4.03 3.35
3.63 2.26 4.17 3.43
3.57 2.12 4.37 3.49
3.6 2.22 4.46 3.68
3.65 2.14 4.3 3.44
3.56 2.26 4.27 3.53
3.52 2.06 4.45 3.51
3.62 2.4 3.99 3.39
3.51 2.34 4.09 3.43
3.58 2.03 4.31 3.34
3.42 2.06 4.43 3.49
3.56 2.17 4.6 3.77
3.56 2.21 4.29 3.5
3.41 1.95 4.64 3.59
3.58 2.33 4.25 3.58
3.48 2.34 4.14 3.48
3.63 2.28 4.2 3.48
3.51 2.04 4.47 3.51
3.53 2.27 4.32 3.59
3.76 2.27 4.32 3.59
3.64 2.58 3.95 3.53
3.43 2.15 4.55 3.7
3.47 2.01 4.4 3.41
3.54 2.38 4.14 3.52
3.56 2.29 4.1 3.39
3.5 2.31 4.1 3.41
3.61 1.96 4.65 3.61
3.57 2.53 3.9 3.43
3.52 2.02 4.49 3.51
3.55 2.33 4.26 3.59
3.52 2.07 4.43 3.5
3.59 2.03 4.62 3.65
3.71 2.52 3.95 3.47
3.5 2.27 4.4 3.67
3.52 2.3 4.29 3.59
3.48 2.02 4.41 3.43
3.57 2.42 4.34 3.76
3.6 2.32 4.05 3.37
3.54 2.33 4.23 3.56
3.41 2.2 4.42 3.62
3.55 2.37 4.15 3.52
3.48 2.36 4.24 3.6
3.65 2.35 4.15 3.5
3.59 2.46 4.03 3.49
3.53 2.05 4.56 3.61
3.54 1.99 4.51 3.5
3.53 2.12 4.39 3.51
3.59 2.21 4.32 3.53
3.48 2.18 4.36 3.54
3.47 2.08 4.5 3.58
3.69 2.73 3.74 3.47
3.51 2.31 4.43 3.74
3.52 2.27 4.49 3.76
3.52 2.35 4.25 3.6
3.55 2.24 4.32 3.56
3.5 2.2 4.37 3.57
3.53 2.37 4.3 3.67
3.49 2.28 4.32 3.6
3.57 2.25 4.42 3.67
3.41 2.15 4.62 3.77
3.55 2.09 4.41 3.5
3.59 2.2 4.21 3.41
3.59 1.99 4.47 3.46
3.61 2.31 4.21 3.52
3.42 1.99 4.76 3.75
3.52 2.31 4.28 3.59
3.61 2.11 4.14 3.25
3.48 2.07 4.36 3.43
3.62 2.3 3.99 3.29
3.45 2.29 4.23 3.52
3.48 1.98 4.78 3.76
3.56 2.35 4.16 3.51
3.56 2.41 4.11 3.52
3.54 2.33 4.13 3.46
3.69 2.5 4.06 3.56
3.59 2.38 4.1 3.48
3.6 2.18 4.29 3.47
3.57 2.17 4.16 3.33
3.51 2.16 4.39 3.55
3.54 2.33 4.2 3.53
3.55 2.26 4.27 3.53
3.6 2.32 4.27 3.59
3.64 2.29 4.3 3.59
3.47 2.08 4.51 3.59
3.6 2.33 4.12 3.45
3.61 2.11 4.3 3.41
3.55 2.06 4.32 3.38
3.65 2.04 4.35 3.39
3.31 1.83 4.91 3.74
3.47 2.21 4.47 3.68
3.65 2.15 4.3 3.45
3.56 2.31 4.18 3.49
3.51 2.12 4.27 3.39
3.52 2.18 4.28 3.46
3.61 2.31 4.28 3.59
3.49 2.05 4.53 3.58
3.59 2.2 4.39 3.59
3.56 2.07 4.75 3.82
3.59 2.32 4.14 3.46
3.56 2.35 4.19 3.54
3.52 2.08 4.34 3.42
3.46 2.09 4.54 3.63
3.46 2.2 4.49 3.69
3.49 1.91 4.57 3.48
3.58 2.23 4.42 3.65
3.53 2.16 4.6 3.76
3.53 2.37 4.2 3.57
3.64 2.35 3.91 3.26
3.47 2.23 4.37 3.6
3.53 2.05 4.51 3.56
3.38 1.92 4.7 3.62
3.59 2.03 4.41 3.44
3.59 2.09 4.33 3.42
3.49 2.14 4.42 3.56
3.47 2.0 4.55 3.55
3.53 2.49 3.93 3.42
3.66 2.41 4.13 3.54
3.5 2.38 4.33 3.71
3.48 2.13 4.4 3.53
3.61 2.19 4.4 3.59
3.52 2.59 4.07 3.66
3.57 2.32 4.22 3.54
3.42 2.02 4.65 3.67
3.5 2.17 4.49 3.66
3.63 2.22 4.2 3.42
3.61 2.2 4.32 3.52
3.61 2.38 4.21 3.59
3.65 2.22 4.31 3.53
3.51 2.27 4.44 3.71
3.41 2.04 4.53 3.57
3.59 2.41 4.23 3.64
3.72 2.33 4.0 3.33
3.5 2.21 4.45 3.66
3.52 2.03 4.58 3.61
3.55 2.45 4.08 3.53
3.49 1.99 4.56 3.55
3.49 2.47 4.01 3.48
3.6 2.36 4.02 3.38
3.56 2.42 4.21 3.63
3.64 2.33 4.3 3.63
3.58 2.12 4.53 3.65
3.69 2.16 4.22 3.38
3.59 2.25 4.32 3.57
3.59 2.22 4.47 3.69
3.6 2.11 4.48 3.59
3.51 2.04 4.65 3.69
3.55 2.19 4.37 3.56
3.54 2.32 4.37 3.69
3.54 2.27 4.34 3.61
3.49 2.04 4.39 3.43
3.4 2.44 4.11 3.55
3.59 2.05 4.31 3.36
3.68 2.51 3.99 3.5
3.55 2.19 4.25 3.44
3.5 1.88 4.96 3.84
3.57 2.31 4.07 3.38
3.55 1.89 4.69 3.58
3.6 2.14 4.28 3.42
3.48 1.89 4.69 3.58
3.5 2.62 3.92 3.54
3.53 2.24 4.44 3.68
3.52 1.94 4.55 3.49
3.57 2.07 4.41 3.48
3.52 2.32 4.35 3.67
3.58 2.16 4.32 3.48
3.55 2.19 4.28 3.47
3.55 2.13 4.26 3.39
3.54 2.28 4.17 3.45
3.6 1.94 4.59 3.53
3.59 2.39 4.14 3.53
3.52 2.13 4.35 3.48
3.6 2.35 4.33 3.68
3.49 2.12 4.38 3.5
3.4 1.97 4.88 3.85
3.52 2.11 4.66 3.77
3.63 2.39 4.08 3.47
3.5 2.15 4.42 3.57
3.44 1.99 4.72 3.71
3.62 2.36 4.18 3.54
3.57 2.02 4.52 3.54
3.54 2.1 4.34 3.44
3.48 2.15 4.32 3.47
3.68 2.69 3.67 3.36
3.62 1.98 4.69 3.67
3.5 2.12 4.32 3.44
3.46 2.29 4.29 3.58
3.53 2.24 4.34 3.58
3.49 2.37 4.24 3.61
3.68 2.44 4.06 3.5
3.49 2.21 4.23 3.44
3.61 2.26 4.22 3.48
3.54 2.16 4.47 3.63
3.59 2.31 4.33 3.64
3.47 2.08 4.49 3.57
3.45 1.82 4.83 3.65
3.53 2.26 4.21 3.47
3.72 2.29 4.13 3.42
3.58 2.16 4.38 3.54
3.66 2.22 4.31 3.53
3.57 2.11 4.27 3.38
3.62 2.15 4.3 3.45
3.6 2.2 4.19 3.39
3.45 1.84 4.76 3.6
3.36 2.2 4.44 3.64
3.48 2.04 4.56 3.6
3.61 2.49 4.04 3.53
3.66 2.32 4.17 3.49
3.57 2.42 4.11 3.53
3.51 2.24 4.41 3.65
3.51 2.05 4.76 3.81
3.65 2.55 3.88 3.43
3.52 2.12 4.45 3.57
3.5 2.11 4.4 3.51
3.65 2.11 4.41 3.52
3.58 2.49 4.31 3.8
3.43 2.06 4.54 3.6
3.61 2.4 3.92 3.32
3.47 2.18 4.42 3.6
3.45 2.18 4.38 3.56
3.42 2.16 4.36 3.52
3.49 2.07 4.48 3.55
3.47 2.24 4.46 3.7
3.65 2.37 4.18 3.55
3.62 2.0 4.43 3.43
3.65 2.4 3.95 3.35
3.48 2.14 4.51 3.65
3.58 2.42 4.23 3.65
3.5 2.21 4.23 3.44
3.54 1.94 4.5 3.44
3.64 2.22 4.15 3.37
3.61 2.2 4.24 3.44
3.58 1.99 4.4 3.39
3.44 2.03 4.58 3.61
3.53 2.18 4.3 3.48
3.55 2.2 4.27 3.47
3.54 1.93 4.56 3.49
3.6 2.12 4.28 3.4
3.54 2.17 4.54 3.71
3.58 2.2 4.18 3.38
3.47 2.29 4.12 3.41
3.53 2.25 4.15 3.4
3.57 2.33 4.23 3.56
3.64 2.41 4.26 3.67
3.56 2.29 4.23 3.52
3.64 2.29 4.17 3.46
3.53 2.28 4.22 3.5
3.6 2.33 4.15 3.48
3.52 2.15 4.36 3.51
3.56 2.42 4.18 3.6
3.54 1.91 4.66 3.57
3.51 2.24 4.26 3.5
3.46 2.13 4.4 3.53
3.52 2.15 4.32 3.47
3.54 2.5 3.92 3.42
3.54 2.1 4.37 3.47
3.48 2.09 4.46 3.55
3.44 2.19 4.4 3.59
3.56 1.85 4.54 3.39
3.6 2.09 4.49 3.58
3.63 2.28 4.24 3.52
3.56 2.4 4.16 3.56
3.46 2.07 4.57 3.64
3.53 2.52 3.93 3.45
3.53 2.01 4.3 3.31
3.55 2.26 4.15 3.41
3.47 2.18 4.48 3.66
3.59 2.16 4.32 3.48
3.65 2.15 4.11 3.26
3.62 2.46 3.96 3.42
3.61 2.19 4.37 3.56
3.48 1.99 4.68 3.67
3.65 2.47 3.98 3.45
3.56 2.34 4.28 3.62
3.61 2.35 4.09 3.44
3.53 2.13 4.5 3.63
3.53 2.18 4.22 3.4
3.54 2.14 4.41 3.55
3.6 2.28 4.25 3.53
3.61 2.29 4.37 3.66
3.48 2.17 4.21 3.38
3.38 2.22 4.55 3.77
3.68 2.63 3.89 3.52
3.45 2.28 4.22 3.5
3.67 2.08 4.37 3.45
3.43 2.08 4.48 3.56
3.48 2.21 4.34 3.55
3.56 2.27 4.16 3.43
3.53 2.25 4.17 3.42
3.64 2.16 4.11 3.27
3.5 2.17 4.54 3.71
3.52 2.24 4.4 3.64
3.56 2.19 4.33 3.52
3.53 2.03 4.72 3.75
3.5 2.07 4.52 3.59
3.54 2.14 4.31 3.45
3.47 2.04 4.42 3.46
3.47 2.22 4.27 3.49
3.4 1.99 4.54 3.53
3.67 2.4 4.16 3.56
3.63 2.28 4.38 3.66
3.44 1.95 4.79 3.74
3.5 2.43 4.24 3.67
3.5 2.14 4.35 3.49
3.67 2.42 4.18 3.6
3.55 2.07 4.55 3.62
3.59 2.15 4.22 3.37
3.5 2.21 4.35 3.56
3.44 2.16 4.51 3.67
3.51 2.17 4.51 3.68
3.53 2.23 4.52 3.75
3.56 2.33 4.11 3.44
3.69 2.34 3.94 3.28
3.57 2.14 4.31 3.45
3.57 2.08 4.58 3.66
3.66 2.41 3.96 3.37
3.61 2.2 4.21 3.41
3.66 2.22 4.12 3.34
3.53 2.3 4.37 3.67
3.53 2.21 4.25 3.46
3.57 2.24 4.26 3.5
3.62 2.03 4.43 3.46
3.5 1.99 4.53 3.52
3.46 2.36 4.23 3.59
3.41 2.34 4.26 3.6
3.57 2.17 4.29 3.46
3.49 2.57 4.04 3.61
3.57 2.42 4.03 3.45
3.51 2.03 4.74 3.77
3.55 2.15 4.3 3.45
3.51 2.16 4.44 3.6
3.58 2.36 4.07 3.43
3.45 2.25 4.39 3.64
3.58 2.06 4.46 3.52
3.58 2.55 4.02 3.57
3.59 2.1 4.44 3.54
3.51 2.11 4.41 3.52
3.53 2.28 4.33 3.61
3.44 2.14 4.59 3.73
3.65 2.32 4.18 3.5
3.53 2.15 4.44 3.59
3.44 2.41 4.17 3.58
3.69 2.37 4.27 3.64
3.7 2.3 3.97 3.27
3.6 1.99 4.52 3.51
3.53 2.08 4.52 3.6
3.44 2.02 4.38 3.4
3.52 2.23 4.39 3.62
3.49 2.35 4.3 3.65
3.6 2.16 4.31 3.47
3.44 2.22 4.59 3.81
3.45 2.0 4.55 3.55
3.49 2.21 4.41 3.62
3.62 2.28 4.23 3.51
3.5 2.22 4.22 3.44
3.61 2.23 4.09 3.32
3.6 2.2 4.3 3.5
3.61 2.34 4.19 3.53
3.62 2.1 4.38 3.48
3.53 2.45 4.2 3.65
3.54 2.22 4.31 3.53
3.58 2.1 4.28 3.38
3.63 2.21 4.3 3.51
3.56 2.04 4.61 3.65
3.53 2.15 4.38 3.53
3.61 2.03 4.38 3.41
3.58 2.22 4.22 3.44
3.56 2.34 4.11 3.45
3.51 2.18 4.29 3.47
3.63 2.16 4.28 3.44
3.54 2.27 4.17 3.44
3.58 2.17 4.36 3.53
3.52 2.26 4.4 3.66
3.51 2.31 4.23 3.54
3.57 2.23 4.34 3.57
3.49 2.19 4.33 3.52
3.57 2.37 4.14 3.51
3.4 2.0 4.71 3.71
3.44 2.54 4.03 3.57
3.57 2.06 4.34 3.4
3.56 2.31 4.26 3.57
3.61 2.24 4.06 3.3
3.59 2.17 4.53 3.7
3.55 1.98 4.56 3.54
3.6 2.33 4.19 3.52
3.68 2.42 4.05 3.47
3.63 2.29 4.12 3.41
3.58 2.35 4.16 3.51
3.59 2.38 4.07 3.45
3.46 2.08 4.54 3.62
3.49 2.23 4.29 3.52
3.41 1.9 4.83 3.73
3.48 1.99 4.57 3.56
3.51 2.31 4.41 3.72
3.7 2.51 3.92 3.43
3.65 2.14 4.41 3.55
3.5 2.03 4.39 3.42
3.55 2.17 4.32 3.49
3.58 2.12 4.35 3.47
3.67 2.19 4.09 3.28
3.54 2.16 4.36 3.52
3.49 2.5 4.33 3.83
3.5 2.43 4.22 3.65
3.47 2.19 4.45 3.64
3.49 2.36 4.15 3.51
3.67 2.49 3.88 3.37
3.57 2.19 4.28 3.47
3.5 2.11 4.52 3.63
3.57 2.19 4.26 3.45
3.45 2.15 4.52 3.67
3.61 2.41 4.13 3.54
3.53 2.23 4.28 3.51
3.56 2.26 4.44 3.7
3.55 2.56 3.93 3.49
3.37 1.99 4.58 3.57
3.43 2.11 4.51 3.62
3.52 2.2 4.41 3.61
3.4 2.27 4.32 3.59
3.5 2.21 4.33 3.54
3.44 2.27 4.3 3.57
3.59 2.36 4.18 3.54
3.52 2.12 4.22 3.34
3.34 2.21 4.6 3.81
3.57 2.45 4.33 3.78
3.53 2.11 4.41 3.52
3.63 2.35 4.07 3.42
3.62 2.3 4.16 3.46
3.57 2.47 3.97 3.44
3.5 2.41 4.13 3.54
3.41 1.9 4.64 3.54
3.44 2.03 4.64 3.67
3.52 2.43 4.21 3.64
3.65 2.45 4.24 3.69
3.58 2.25 4.21 3.46
3.52 2.02 4.59 3.61
3.66 2.24 4.6 3.84
3.53 2.32 4.28 3.6
3.52 2.38 4.08 3.46
3.51 2.0 4.52 3.52
3.52 2.18 4.27 3.45
3.55 2.36 4.13 3.49
3.65 2.47 3.93 3.4
3.54 2.29 4.33 3.62
3.56 2.16 4.41 3.57
3.57 2.49 4.11 3.6
3.53 2.2 4.24 3.44
3.44 2.14 4.43 3.57
3.43 2.03 4.58 3.61
3.48 2.31 4.25 3.56
3.59 2.31 4.15 3.46
3.58 2.43 4.12 3.55
3.57 2.32 4.23 3.55
3.58 2.27 4.34 3.61
3.64 2.23 4.49 3.72
3.49 2.01 4.65 3.66
3.56 2.35 4.14 3.49
3.52 2.11 4.53 3.64
3.54 2.2 4.26 3.46
3.61 2.1 4.25 3.35
3.63 2.29 4.32 3.61
3.7 2.65 3.75 3.4
3.5 2.13 4.36 3.49
3.58 2.2 4.09 3.29
3.5 2.13 4.61 3.74
3.48 2.15 4.56 3.71
3.62 2.44 4.16 3.6
3.51 2.49 4.11 3.6
3.65 2.23 4.13 3.36
3.61 2.24 4.37 3.61
3.65 2.13 4.58 3.71
3.47 2.26 4.31 3.57
3.66 2.06 4.33 3.39
3.62 1.98 4.53 3.51
3.53 2.09 4.38 3.47
3.65 2.14 4.26 3.4
3.51 2.22 4.4 3.62
3.64 2.15 4.24 3.39
3.56 2.13 4.5 3.63
3.5 2.12 4.18 3.3
3.57 2.38 4.09 3.47
3.64 2.46 4.19 3.65
3.66 2.3 4.15 3.45
3.56 2.25 4.22 3.47
3.54 2.34 4.27 3.61
3.54 2.21 4.35 3.56
3.66 2.48 3.98 3.46
3.51 2.31 4.26 3.57
3.47 2.24 4.34 3.58
3.48 2.28 4.22 3.5
3.64 2.31 4.26 3.57
3.63 2.38 4.13 3.51
3.66 2.24 4.2 3.44
3.45 2.18 4.52 3.7
3.53 2.43 4.03 3.46
3.43 2.28 4.15 3.43
3.62 2.31 4.08 3.39
3.46 2.46 4.16 3.62
3.47 2.13 4.59 3.72
3.5 1.89 4.53 3.42
3.39 2.44 4.12 3.56
3.49 2.36 3.89 3.25
3.53 2.21 4.34 3.55
3.32 2.0 4.67 3.67
3.62 2.26 3.94 3.2
3.58 2.23 4.31 3.54
3.69 2.16 4.26 3.42
3.65 2.14 4.29 3.43
3.65 2.43 4.07 3.5
3.46 2.09 4.53 3.62
3.67 2.43 3.92 3.35
3.52 2.21 4.4 3.61
3.46 2.12 4.55 3.67
3.63 2.38 4.06 3.44
3.61 2.19 4.24 3.43
3.52 2.21 4.25 3.46
3.45 2.1 4.54 3.64
3.62 2.23 4.32 3.55
3.46 2.29 4.27 3.56
3.54 2.22 4.37 3.59
3.51 2.36 4.32 3.68
3.57 2.43 4.1 3.53
3.61 2.51 3.86 3.37
3.51 2.07 4.51 3.58
3.61 2.43 3.98 3.41
3.36 2.14 4.45 3.59
3.66 2.31 4.02 3.33
3.53 2.28 4.25 3.53
3.7 2.39 3.93 3.32
3.62 2.46 4.01 3.47
3.54 2.17 4.24 3.41
3.6 2.28 4.37 3.65
3.57 2.13 4.39 3.52
3.55 2.0 4.42 3.42
3.54 2.19 4.24 3.43
3.36 2.02 4.63 3.65
3.48 2.21 4.16 3.37
3.58 2.43 4.16 3.59
3.42 2.13 4.57 3.7
3.5 1.89 4.74 3.63
3.58 2.02 4.59 3.61
3.57 2.17 4.16 3.33
3.53 2.09 4.51 3.6
3.38 2.09 4.37 3.46
3.69 2.43 4.01 3.44
3.64 2.5 4.09 3.59
3.67 2.17 4.29 3.46
3.5 2.0 4.48 3.48
3.53 2.23 4.36 3.59
3.52 2.34 4.27 3.61
3.68 2.33 4.05 3.38
3.56 2.43 4.18 3.61
3.47 2.05 4.55 3.6
3.47 2.11 4.51 3.62
3.51 2.08 4.33 3.41
3.55 2.24 4.18 3.42
3.51 2.2 4.15 3.35
3.49 2.2 4.27 3.47
3.46 2.22 4.34 3.56
3.6 2.47 3.94 3.41
3.56 2.32 4.29 3.61
3.59 2.38 4.2 3.58
3.47 2.05 4.57 3.62
3.55 2.25 4.31 3.56
3.55 2.42 4.29 3.71
3.46 2.16 4.51 3.67
3.53 2.18 4.33 3.51
3.41 2.06 4.68 3.74
3.45 1.92 4.62 3.54
3.58 2.15 4.32 3.47
3.57 2.47 4.18 3.65
3.47 2.1 4.53 3.63
3.6 2.4 4.07 3.47
3.51 2.04 4.32 3.36
3.71 2.5 3.88 3.38
3.58 2.36 3.99 3.35
3.59 2.26 4.24 3.5
3.59 2.3 4.31 3.61
3.55 2.37 4.19 3.56
3.54 2.23 4.17 3.4
3.52 2.31 4.3 3.61
3.54 2.05 4.46 3.51
3.52 2.26 4.38 3.64
3.64 2.46 3.94 3.4
3.64 2.14 4.25 3.39
3.62 2.03 4.4 3.43
3.53 2.37 4.3 3.67
3.43 2.21 4.18 3.39
3.69 2.26 4.24 3.5
3.62 2.12 4.43 3.55
3.59 2.07 4.36 3.43
3.56 2.04 4.48 3.52
3.46 2.08 4.36 3.44
3.6 2.45 3.96 3.41
3.58 1.91 4.61 3.52
3.59 2.47 4.23 3.7
3.53 2.09 4.46 3.55
3.64 2.57 3.95 3.52
3.62 2.43 4.15 3.58
3.5 2.08 4.47 3.55
3.57 2.28 4.45 3.73
3.57 2.49 4.28 3.77
3.44 2.1 4.39 3.49
3.56 2.23 4.33 3.56
3.42 2.0 4.73 3.73
3.51 2.06 4.3 3.36
3.52 2.21 4.42 3.63
3.47 2.1 4.47 3.57
3.46 2.22 4.48 3.7
3.57 2.28 4.32 3.6
3.54 2.23 4.24 3.47
3.51 2.32 4.19 3.51
3.55 2.17 4.33 3.5
3.39 2.06 4.52 3.58
3.62 2.23 4.21 3.44
3.55 2.14 4.59 3.73
3.61 2.44 4.13 3.57
3.32 2.26 4.46 3.72
3.5 2.25 4.25 3.5
3.57 2.34 4.3 3.64
3.57 2.31 4.16 3.47
3.53 2.3 4.32 3.62
3.69 2.22 4.25 3.47
3.67 2.41 4.07 3.48
3.6 2.39 4.05 3.44
3.53 2.24 4.17 3.41
3.55 2.37 4.28 3.65
3.56 2.12 4.48 3.6
3.6 2.41 4.13 3.54
3.55 2.11 4.38 3.49
3.56 2.28 4.18 3.46
3.49 2.05 4.52 3.57
3.58 2.17 4.23 3.4
3.58 2.34 4.2 3.54
3.63 2.23 4.36 3.59
3.61 2.23 4.37 3.6
3.6 2.35 4.32 3.67
3.65 2.25 4.16 3.41
3.56 2.29 4.35 3.64
3.49 2.41 4.15 3.56
3.56 2.1 4.53 3.63
3.57 2.51 4.08 3.59
3.59 2.2 4.27 3.47
3.53 2.07 4.26 3.33
3.58 2.38 4.15 3.53
3.53 1.87 4.52 3.39
3.46 2.15 4.59 3.74
3.51 2.26 4.21 3.47
3.47 1.98 4.46 3.44
3.65 2.07 4.51 3.58
3.62 2.34 4.18 3.52
3.53 2.26 4.08 3.34
3.58 2.22 4.2 3.42
3.58 2.18 4.45 3.63
3.58 2.15 4.4 3.55
3.45 2.3 4.24 3.54
3.58 2.31 4.12 3.43
3.46 2.01 4.57 3.58
3.53 2.13 4.38 3.51
3.6 2.25 4.29 3.54
3.45 2.16 4.39 3.55
3.34 1.98 4.64 3.62
3.52 2.31 4.03 3.34
3.52 2.32 4.07 3.39
3.63 2.19 4.14 3.33
3.62 2.38 4.2 3.58
3.56 2.3 4.19 3.49
3.48 2.12 4.4 3.52
3.57 2.39 4.06 3.45
3.47 2.17 4.5 3.67
3.56 2.16 4.42 3.58
3.51 2.21 4.23 3.44
3.51 2.32 4.22 3.54
3.47 2.1 4.46 3.56
3.56 2.26 4.33 3.59
3.64 2.51 4.06 3.57
3.59 2.41 4.15 3.56
3.55 2.08 4.68 3.76
3.67 2.4 4.19 3.59
3.55 2.18 4.45 3.63
3.75 2.51 3.98 3.49
3.58 2.25 4.17 3.42
3.61 2.34 4.26 3.6
3.38 2.08 4.53 3.61
3.58 2.33 4.3 3.63
3.52 2.09 4.46 3.55
3.57 2.21 4.47 3.68
3.64 2.25 4.25 3.5
3.56 2.26 4.15 3.41
3.48 2.19 4.47 3.66
3.59 2.33 4.04 3.37
3.55 2.23 4.43 3.66
3.5 2.0 4.54 3.54
3.6 2.37 4.31 3.68
3.7 2.38 4.08 3.46
3.59 2.66 3.67 3.33
3.65 2.25 4.2 3.45
3.54 2.39 4.08 3.47
3.51 2.29 4.29 3.58
3.54 2.41 4.33 3.74
3.56 2.31 4.29 3.6
3.51 2.31 4.17 3.48
3.59 2.2 4.28 3.48
3.55 2.35 4.17 3.52
3.55 2.22 4.36 3.58
3.64 2.39 4.12 3.51
3.5 1.85 4.73 3.58
3.48 2.16 4.5 3.66
3.3 2.08 4.5 3.58
3.33 1.96 4.68 3.64
3.56 2.29 4.1 3.39
3.52 2.05 4.54 3.59
3.6 2.47 4.13 3.6
3.5 2.42 4.24 3.66
3.52 2.29 4.25 3.54
3.73 2.37 4.02 3.39
3.53 2.14 4.31 3.45
3.57 2.15 4.34 3.49
3.49 2.16 4.44 3.6
3.59 2.37 3.98 3.35
3.42 2.19 4.36 3.55
3.72 2.35 4.12 3.47
3.54 1.91 4.56 3.47
3.57 2.17 4.34 3.51
3.63 2.35 4.13 3.48
3.51 2.22 4.08 3.3
3.51 2.02 4.64 3.66
3.55 2.09 4.37 3.46
3.44 2.27 4.28 3.55
3.55 2.23 4.31 3.54
3.54 1.88 4.8 3.68
3.51 2.06 4.59 3.65
3.47 2.01 4.44 3.45
3.48 2.16 4.27 3.43
3.49 1.99 4.5 3.49
3.45 2.27 4.31 3.58
3.58 2.09 4.38 3.47
3.7 2.41 3.94 3.35
3.63 2.3 4.11 3.41
3.45 2.15 4.4 3.55
3.58 2.28 4.4 3.68
3.55 2.17 4.35 3.52
3.61 2.05 4.26 3.31
3.53 2.39 4.29 3.68
3.47 2.0 4.58 3.58
3.63 2.72 3.8 3.52
3.53 2.29 4.31 3.6
3.51 2.26 4.19 3.45
3.6 2.11 4.29 3.4
3.63 2.46 4.0 3.46
3.6 2.2 4.24 3.44
3.53 2.27 4.33 3.6
3.48 2.2 4.38 3.58
3.46 2.07 4.51 3.58
3.51 2.24 4.42 3.66
3.62 2.2 4.3 3.5
3.6 2.06 4.42 3.48
3.58 2.09 4.55 3.64
3.36 1.96 4.8 3.76
3.49 2.08 4.39 3.47
3.59 2.28 4.31 3.59
3.38 2.19 4.39 3.58
3.52 1.96 4.6 3.56
3.47 2.0 4.64 3.64
3.61 2.26 4.54 3.8
3.53 2.04 4.59 3.63
3.51 2.13 4.31 3.44
3.49 2.18 4.24 3.42
3.53 1.94 4.6 3.54
3.53 2.28 4.41 3.69
3.52 2.18 4.28 3.46
3.55 2.09 4.4 3.49
3.5 2.29 4.4 3.69
3.48 2.45 3.95 3.4
3.64 2.54 4.03 3.57
3.47 2.06 4.54 3.6
3.59 2.37 4.17 3.54
3.59 2.36 4.11 3.47
3.56 2.25 4.28 3.53
3.61 2.22 4.55 3.77
3.6 2.2 4.24 3.44
3.66 2.47 3.91 3.38
3.47 2.02 4.78 3.8
3.52 2.32 4.29 3.61
3.55 2.11 4.51 3.62
3.54 1.99 4.55 3.54
3.58 2.2 4.48 3.68
3.53 2.41 4.16 3.57
3.59 2.22 4.4 3.62
3.69 2.28 4.11 3.39
3.52 2.09 4.39 3.48
3.6 2.34 4.0 3.34
3.48 2.47 4.33 3.8
3.54 2.48 4.1 3.58
3.52 1.95 4.49 3.44
3.46 2.31 4.45 3.76
3.62 2.04 4.33 3.37
3.33 2.14 4.43 3.57
3.49 2.01 4.63 3.64
3.41 2.03 4.7 3.73
3.53 2.29 4.26 3.55
3.57 1.98 4.63 3.61
3.46 2.1 4.61 3.71
3.66 2.25 4.3 3.55
3.53 2.27 4.49 3.76
3.58 2.3 4.35 3.65
3.71 2.48 4.14 3.62
3.58 2.12 4.37 3.49
3.54 2.38 4.19 3.57
3.45 2.12 4.62 3.74
3.54 2.14 4.52 3.66
3.54 2.11 4.45 3.56
3.52 2.24 4.3 3.54
3.5 2.26 4.2 3.46
3.35 2.21 4.53 3.74
3.44 2.41 4.14 3.55
3.62 2.16 4.34 3.5
3.38 1.98 4.67 3.65
3.56 2.31 4.19 3.5
3.63 2.32 4.11 3.43
3.66 2.5 3.92 3.42
3.58 2.12 4.41 3.53
3.46 2.19 4.41 3.6
3.73 2.23 4.24 3.47
3.61 2.39 4.0 3.39
3.56 2.36 4.25 3.61
3.65 2.13 4.36 3.49
3.62 2.33 4.05 3.38
3.59 2.28 4.29 3.57
3.44 2.2 4.46 3.66
3.39 2.07 4.49 3.56
3.63 2.17 4.29 3.46
3.61 2.17 4.21 3.38
3.54 2.25 4.28 3.53
3.61 2.29 4.27 3.56
3.49 2.03 4.52 3.55
3.57 2.18 4.64 3.82
3.49 2.11 4.51 3.62
3.65 2.32 4.22 3.54
3.63 2.05 4.19 3.24
3.54 2.22 4.7 3.92
3.54 2.26 4.51 3.77
3.45 2.28 4.41 3.69
3.53 2.02 4.39 3.41
3.61 2.22 4.14 3.36
3.5 2.41 4.13 3.54
3.48 2.15 4.5 3.65
3.57 2.2 4.35 3.55
3.54 2.16 4.38 3.54
3.55 2.08 4.44 3.52
3.55 2.31 4.17 3.48
3.62 2.32 4.29 3.61
3.55 2.16 4.31 3.47
3.5 2.13 4.61 3.74
3.6 2.2 4.38 3.58
3.58 2.33 4.07 3.4
3.49 1.94 4.59 3.53
3.51 2.24 4.32 3.56
3.59 2.29 4.32 3.61
3.41 2.24 4.38 3.62
3.63 2.53 3.83 3.36
3.41 1.79 4.82 3.61
3.54 2.36 4.02 3.38
3.53 2.23 4.27 3.5
3.58 2.27 4.15 3.42
3.66 2.35 4.01 3.36
3.59 2.36 4.38 3.74
3.65 2.15 4.31 3.46
3.55 2.16 4.26 3.42
3.46 2.27 4.38 3.65
3.54 2.07 4.45 3.52
3.51 2.15 4.54 3.69
3.58 2.37 4.1 3.47
3.56 2.29 4.1 3.39
3.58 2.24 4.2 3.44
3.47 2.24 4.55 3.79
3.57 2.39 4.44 3.83
3.62 2.29 4.21 3.5
3.7 2.49 3.85 3.34
3.57 2.19 4.42 3.61
3.61 2.52 3.93 3.45
3.47 2.27 4.34 3.61
3.54 2.1 4.27 3.37
3.39 2.02 4.55 3.57
3.51 2.4 4.15 3.55
3.67 2.43 3.96 3.39
3.64 2.41 3.95 3.36
3.63 2.18 4.33 3.51
3.53 2.17 4.44 3.61
3.47 1.98 4.6 3.58
3.64 2.23 4.12 3.35
3.54 2.22 4.31 3.53
3.48 2.47 4.12 3.59
3.66 2.08 4.31 3.39
3.57 2.39 4.1 3.49
3.43 1.95 4.57 3.52
3.48 2.13 4.41 3.54
3.51 2.46 3.88 3.34
3.62 2.25 4.36 3.61
3.44 2.12 4.52 3.64
3.5 2.34 4.45 3.79
3.57 2.28 4.26 3.54
3.33 2.04 4.72 3.76
3.59 1.9 4.58 3.48
3.64 2.26 4.19 3.45
3.61 2.14 4.28 3.42
3.62 2.28 4.27 3.55
3.53 2.08 4.39 3.47
3.59 2.29 4.13 3.42
3.62 2.41 4.08 3.49
3.59 2.22 4.25 3.47
3.59 2.34 4.21 3.55
3.49 2.19 4.49 3.68
3.53 2.11 4.38 3.49
3.53 2.14 4.19 3.33
3.49 2.34 4.26 3.6
3.52 2.24 4.36 3.6
3.54 2.18 4.27 3.45
3.55 2.38 4.15 3.53
3.6 2.06 4.34 3.4
3.61 2.11 4.3 3.41
3.64 2.25 4.13 3.38
3.5 2.14 4.43 3.57
3.57 2.22 4.36 3.58
3.54 2.01 4.5 3.51
3.52 2.12 4.29 3.41
3.6 2.29 4.03 3.32
3.58 2.34 4.33 3.67
3.69 2.31 4.22 3.53
3.62 2.22 4.22 3.44
3.56 2.3 4.09 3.39
3.46 2.08 4.42 3.5
3.61 2.32 4.15 3.47
3.44 2.08 4.54 3.62
3.5 2.29 4.05 3.34
3.51 2.14 4.31 3.45
3.6 2.34 4.08 3.42
3.58 2.28 4.35 3.63
3.41 1.96 4.57 3.53
3.57 2.32 4.32 3.64
3.47 2.14 4.33 3.47
3.47 2.36 4.23 3.59
3.63 2.29 4.3 3.59
3.62 2.2 4.23 3.43
3.47 2.07 4.47 3.54
3.39 2.0 4.39 3.39
3.56 2.59 3.98 3.57
3.62 2.12 4.31 3.43
3.57 2.03 4.5 3.53
3.49 2.16 4.34 3.5
3.56 2.16 4.28 3.44
3.61 2.27 4.22 3.49
3.55 2.48 4.13 3.61
3.48 2.13 4.39 3.52
3.51 2.06 4.55 3.61
3.53 2.23 4.11 3.34
3.48 2.19 4.43 3.62
3.58 2.25 4.04 3.29
3.54 2.19 4.43 3.62
3.31 2.01 4.66 3.67
3.52 2.25 4.26 3.51
3.56 2.16 4.42 3.58
3.51 2.09 4.42 3.51
3.43 2.13 4.53 3.66
3.49 2.11 4.53 3.64
3.49 2.28 4.18 3.46
3.58 2.35 4.21 3.56
3.65 2.26 4.25 3.51
3.58 2.35 4.33 3.68
3.61 2.08 4.36 3.44
3.54 2.17 4.26 3.43
3.37 2.14 4.46 3.6
3.56 2.24 4.2 3.44
3.56 2.41 4.2 3.61
3.52 2.22 4.24 3.46
3.55 2.09 4.36 3.45
3.6 2.07 4.3 3.37
3.54 2.13 4.48 3.61
3.67 2.39 4.04 3.43
3.48 2.31 4.13 3.44
3.57 2.35 4.25 3.6
3.48 2.27 4.39 3.66
3.68 2.74 3.78 3.52
3.61 2.35 4.16 3.51
3.5 2.04 4.63 3.67
3.55 2.03 4.3 3.33
3.61 2.39 4.16 3.55
3.6 2.31 4.14 3.45
3.59 2.29 4.32 3.61
3.62 2.4 4.15 3.55
3.43 2.03 4.7 3.73
3.61 2.3 4.17 3.47
3.49 2.34 4.34 3.68
3.51 1.9 4.8 3.7
3.45 2.39 4.21 3.6
3.53 2.28 4.35 3.63
3.49 2.22 4.51 3.73
3.45 2.12 4.58 3.7
3.65 2.48 4.11 3.59
3.49 2.15 4.54 3.69
3.4 2.04 4.45 3.49
3.45 2.22 4.53 3.75
3.57 2.42 3.91 3.33
3.62 2.35 4.02 3.37
3.56 2.13 4.46 3.59
3.58 2.3 4.08 3.38
3.53 2.18 4.31 3.49
3.47 2.32 4.45 3.77
3.56 2.17 4.27 3.44
3.57 2.36 4.1 3.46
3.58 2.28 4.11 3.39
3.69 2.44 4.04 3.48
3.59 2.19 4.15 3.34
3.46 2.32 4.36 3.68
3.43 2.01 4.68 3.69
3.57 2.19 4.48 3.67
3.49 2.26 4.19 3.45
3.53 2.28 4.2 3.48
3.54 2.63 3.85 3.48
3.57 2.11 4.24 3.35
3.63 2.33 4.19 3.52
3.44 2.13 4.51 3.64
3.52 2.28 4.29 3.57
3.57 2.29 4.4 3.69
3.53 2.32 4.18 3.5
3.47 2.21 4.41 3.62
3.51 2.34 4.05 3.39
3.56 2.16 4.3 3.46
3.54 2.33 4.23 3.56
3.53 2.1 4.3 3.4
3.48 2.11 4.39 3.5
3.61 2.5 4.07 3.57
3.53 2.46 4.15 3.61
3.54 1.93 4.68 3.61
3.39 2.35 4.16 3.51
3.56 2.33 4.39 3.72
3.54 2.15 4.41 3.56
3.36 2.25 4.42 3.67
3.46 2.07 4.5 3.57
3.65 2.27 4.25 3.52
3.5 2.27 4.21 3.48
3.44 2.34 4.23 3.57
3.58 2.3 4.27 3.57
3.56 2.45 4.09 3.54
3.46 2.07 4.53 3.6
3.57 2.31 4.17 3.48
3.71 2.48 3.89 3.37
3.6 2.28 4.6 3.88
3.5 2.27 4.22 3.49
3.59 2.11 4.43 3.54
3.58 2.12 4.39 3.51
3.54 2.16 4.25 3.41
3.64 2.48 3.99 3.47
3.71 2.66 3.82 3.48
3.48 2.32 4.38 3.7
3.52 2.16 4.36 3.52
3.58 2.37 3.85 3.22
3.72 2.54 3.87 3.41
3.62 2.34 4.12 3.46
3.68 2.43 3.99 3.42
3.63 2.01 4.46 3.47
3.51 2.34 4.21 3.55
3.65 2.19 4.22 3.41
3.54 2.24 4.09 3.33
3.57 2.23 4.32 3.55
3.48 2.18 4.43 3.61
3.52 2.41 4.04 3.45
3.59 2.23 4.25 3.48
3.49 2.27 4.42 3.69
3.48 2.21 4.25 3.46
3.53 2.46 4.18 3.64
3.46 2.48 4.16 3.64
3.45 1.95 4.48 3.43
3.54 2.33 4.32 3.65
3.62 2.29 4.22 3.51
3.54 2.3 4.28 3.58
3.4 2.04 4.38 3.42
3.64 2.34 4.16 3.5
3.59 2.22 4.18 3.4
3.55 2.37 4.19 3.56
3.58 2.2 4.42 3.62
3.4 2.08 4.41 3.49
3.47 2.04 4.39 3.43
3.5 2.33 4.18 3.51
3.56 2.06 4.4 3.46
3.55 2.22 4.3 3.52
3.59 2.23 4.37 3.6
3.6 2.48 3.95 3.43
3.48 2.12 4.48 3.6
3.55 2.27 4.19 3.46
3.35 1.95 4.76 3.71
3.63 2.45 4.15 3.6
3.5 2.14 4.28 3.42
3.48 2.13 4.31 3.44
3.6 2.07 4.38 3.45
3.68 2.36 3.91 3.27
3.5 2.23 4.37 3.6
3.58 2.43 4.27 3.7
3.55 2.46 4.15 3.61
3.55 2.13 4.53 3.66
3.51 2.35 4.22 3.57
3.67 2.59 3.97 3.56
3.57 2.38 3.97 3.35
3.55 2.37 4.17 3.54
3.5 2.29 4.14 3.43
3.47 2.07 4.35 3.42
3.59 2.2 4.37 3.57
3.56 2.14 4.66 3.8
3.66 2.37 4.01 3.38
3.53 2.26 4.24 3.5
3.47 2.0 4.64 3.64
3.58 2.27 4.4 3.67
3.59 2.24 4.55 3.79
3.48 1.99 4.51 3.5
3.58 2.1 4.6 3.7
3.64 2.12 4.32 3.44
3.6 2.29 4.18 3.47
3.68 2.52 4.14 3.66
3.65 2.39 4.17 3.56
3.59 2.22 4.18 3.4
3.38 2.15 4.46 3.61
3.71 2.32 3.97 3.29
3.51 2.39 4.1 3.49
3.52 2.13 4.51 3.64
3.61 2.16 4.26 3.42
3.54 2.29 4.29 3.58
3.68 2.46 4.07 3.53
3.68 2.28 3.95 3.23
3.54 2.48 4.08 3.56
3.46 2.2 4.42 3.62
3.62 2.16 4.29 3.45
3.6 2.06 4.28 3.34
3.52 2.15 4.23 3.38
3.51 2.0 4.63 3.63
3.52 2.24 4.41 3.65
3.48 2.37 4.31 3.68
3.57 2.33 4.1 3.43
3.48 1.98 4.72 3.7
3.63 2.23 4.26 3.49
3.56 2.17 4.38 3.55
3.49 2.2 4.35 3.55
3.52 2.18 4.32 3.5
3.52 2.44 4.35 3.79
3.48 2.12 4.38 3.5
3.42 1.92 4.7 3.62
3.48 2.12 4.45 3.57
3.64 2.58 3.87 3.45
3.48 2.2 4.43 3.63
3.43 1.97 4.77 3.74
3.45 1.82 4.65 3.47
3.62 2.15 4.22 3.37
3.62 2.39 4.06 3.45
3.62 2.48 3.95 3.43
3.55 2.12 4.43 3.55
3.5 2.11 4.46 3.57
3.62 2.29 4.03 3.32
3.56 2.2 4.47 3.67
3.62 2.24 4.15 3.39
3.49 1.99 4.71 3.7
3.62 2.59 3.88 3.47
3.6 2.27 4.24 3.51
3.62 2.31 4.12 3.43
3.57 2.55 3.87 3.42
3.53 2.13 4.37 3.5
3.68 2.52 3.85 3.37
3.55 2.31 4.21 3.52
3.56 2.26 4.2 3.46
3.7 2.39 4.18 3.57
3.6 2.39 4.11 3.5
3.56 2.25 4.36 3.61
3.54 2.24 4.24 3.48
3.62 2.07 4.6 3.67
3.45 2.09 4.53 3.62
3.56 2.27 4.26 3.53
3.6 2.15 4.33 3.48
3.4 2.28 4.28 3.56
3.53 2.32 4.11 3.43
3.58 2.2 4.33 3.53
3.53 2.25 4.21 3.46
3.45 2.07 4.59 3.66
3.45 2.25 4.27 3.52
3.53 2.1 4.35 3.45
3.56 2.22 4.33 3.55
3.5 2.22 4.26 3.48
3.69 2.3 4.22 3.52
3.54 2.37 4.1 3.47
3.55 1.95 4.65 3.6
3.63 2.28 4.1 3.38
3.55 2.34 4.2 3.54
3.66 2.28 3.92 3.2
3.53 2.04 4.57 3.61
3.63 2.23 4.25 3.48
3.53 2.2 4.2 3.4
3.6 2.44 4.22 3.66
3.63 2.61 3.83 3.44
3.39 2.14 4.48 3.62
3.58 2.43 3.99 3.42
3.48 2.12 4.49 3.61
3.58 2.29 4.34 3.63
3.49 2.08 4.46 3.54
3.7 2.36 4.12 3.48
3.62 2.37 4.08 3.45
3.49 2.16 4.65 3.81
3.51 2.48 4.14 3.62
3.5 2.36 4.18 3.54
3.45 2.02 4.67 3.69
3.56 2.02 4.41 3.43
3.56 2.24 4.38 3.62
3.54 2.47 4.04 3.51
3.58 1.93 4.7 3.63
3.56 2.33 4.13 3.46
3.62 2.25 4.32 3.57
3.44 2.12 4.65 3.77
3.49 1.98 4.6 3.58
3.53 2.05 4.31 3.36
3.63 2.25 4.21 3.46
3.48 2.38 4.25 3.63
3.54 2.26 4.32 3.58
3.64 2.4 3.95 3.35
3.54 2.25 4.24 3.49
3.54 2.28 4.31 3.59
3.48 1.95 4.69 3.64
3.56 2.13 4.29 3.42
3.57 2.21 4.38 3.59
3.54 2.34 4.37 3.71
3.67 2.45 4.06 3.51
3.42 2.03 4.67 3.7
3.29 2.1 4.76 3.86
3.55 1.98 4.5 3.48
3.54 2.09 4.57 3.66
3.55 2.23 4.37 3.6
3.44 2.12 4.43 3.55
3.68 2.31 4.06 3.37
3.69 2.54 3.78 3.32
3.61 2.2 4.22 3.42
3.49 2.29 4.42 3.71
3.34 2.18 4.53 3.71
3.54 2.09 4.41 3.5
3.6 2.21 4.36 3.57
3.55 2.36 4.1 3.46
3.52 2.3 4.13 3.43
3.54 1.75 4.85 3.6
3.64 2.53 4.01 3.54
3.63 2.37 3.98 3.35
3.57 2.21 4.32 3.53
3.48 2.29 4.2 3.49
3.55 2.62 3.76 3.38
3.36 2.1 4.45 3.55
3.4 1.98 4.49 3.47
3.62 2.56 3.83 3.39
3.57 2.11 4.38 3.49
3.45 2.15 4.56 3.71
3.67 2.27 4.28 3.55
3.63 2.13 4.6 3.73
3.42 2.19 4.49 3.68
3.66 2.33 4.13 3.46
3.62 2.32 4.13 3.45
3.62 2.3 4.11 3.41
3.55 2.55 3.93 3.48
3.42 2.09 4.55 3.64
3.73 2.39 4.08 3.47
3.58 2.31 4.44 3.75
3.73 2.58 3.9 3.48
3.52 2.03 4.53 3.56
3.42 1.89 4.6 3.49
3.46 2.05 4.62 3.67
3.5 2.08 4.6 3.68
3.58 2.13 4.3 3.43
3.55 2.39 4.09 3.48
3.68 2.41 4.16 3.57
3.44 2.48 4.02 3.5
3.57 2.35 3.96 3.31
3.56 2.24 4.24 3.48
3.4 1.94 4.74 3.68
3.68 2.39 4.14 3.53
3.51 2.28 4.41 3.69
3.53 1.98 4.71 3.69
3.59 2.25 4.35 3.6
3.54 2.21 4.46 3.67
3.48 2.2 4.3 3.5
3.56 2.33 4.2 3.53
3.41 1.97 4.81 3.78
3.57 1.96 4.48 3.44
3.55 2.32 4.35 3.67
3.55 2.02 4.44 3.46
3.49 2.01 4.61 3.62
3.62 2.35 4.34 3.69
3.57 2.36 4.19 3.55
3.56 2.15 4.58 3.73
3.51 2.02 4.67 3.69
3.36 2.11 4.62 3.73
3.51 2.28 4.38 3.66
3.54 2.13 4.25 3.38
3.49 2.13 4.44 3.57
3.59 2.21 4.31 3.52
3.54 2.24 4.25 3.49
3.5 2.27 4.35 3.62
3.62 2.44 4.03 3.47
3.65 2.25 4.25 3.5
3.67 2.6 3.79 3.39
3.51 2.07 4.5 3.57
3.65 2.52 3.89 3.41
3.55 1.97 4.53 3.5
3.48 2.12 4.48 3.6
3.47 2.29 4.3 3.59
3.58 2.31 4.0 3.31
3.61 2.24 4.37 3.61
3.53 2.16 4.54 3.7
3.43 2.26 4.43 3.69
3.38 1.89 4.48 3.37
3.59 2.0 4.49 3.49
3.63 2.19 4.24 3.43
3.69 2.42 4.13 3.55
3.45 2.05 4.45 3.5
3.52 2.17 4.51 3.68
3.61 2.55 4.18 3.73
3.51 2.22 4.32 3.54
3.54 2.15 4.38 3.53
3.54 2.01 4.5 3.51
3.7 2.46 4.02 3.48
3.57 2.49 4.29 3.78
3.63 2.39 4.03 3.42
3.61 2.37 4.14 3.51
3.54 2.28 4.32 3.6
3.44 2.4 4.44 3.84
3.49 2.19 4.38 3.57
3.55 2.46 4.01 3.47
3.53 2.18 4.45 3.63
3.52 2.18 4.42 3.6
3.61 2.37 4.21 3.58
3.71 2.42 3.95 3.37
3.43 1.94 4.8 3.74
3.55 2.33 4.21 3.54
3.58 2.17 4.46 3.63
3.35 2.19 4.5 3.69
3.51 1.88 4.75 3.63
3.52 2.0 4.57 3.57
3.61 2.37 4.23 3.6
3.57 2.4 4.19 3.59
3.56 2.25 4.08 3.33
3.59 2.45 4.07 3.52
3.69 2.53 3.9 3.43
3.58 2.12 4.59 3.71
3.53 1.97 4.61 3.58
3.41 2.21 4.44 3.65
3.65 2.68 3.81 3.49
3.5 2.2 4.46 3.66
3.53 2.38 4.01 3.39
3.5 2.26 4.4 3.66
3.66 2.26 4.25 3.51
3.63 2.42 4.09 3.51
3.52 2.15 4.61 3.76
3.62 2.27 4.1 3.37
3.52 2.35 4.16 3.51
3.6 2.23 4.3 3.53
3.43 2.03 4.58 3.61
3.44 2.25 4.25 3.5
3.59 2.31 4.19 3.5
3.55 2.15 4.28 3.43
3.44 2.06 4.57 3.63
3.52 2.02 4.62 3.64
3.51 2.23 4.25 3.48
3.49 1.99 4.53 3.52
3.55 2.43 4.03 3.46
3.55 2.04 4.43 3.47
3.55 2.16 4.3 3.46
3.57 2.34 4.23 3.57
3.53 2.29 4.15 3.44
3.54 2.16 4.44 3.6
3.67 2.29 4.04 3.33
3.5 2.32 4.27 3.59
3.55 2.26 4.24 3.5
3.53 1.97 4.69 3.66
3.6 2.05 4.36 3.41
3.57 2.14 4.34 3.48
3.65 2.31 4.04 3.35
3.52 2.09 4.44 3.53
3.49 2.2 4.34 3.54
3.55 2.15 4.39 3.54
3.46 2.05 4.54 3.59
3.7 2.35 4.02 3.37
3.46 2.21 4.38 3.59
3.53 2.27 4.35 3.62
3.55 2.22 4.36 3.58
3.65 2.28 4.26 3.54
3.53 2.29 4.32 3.61
3.57 2.39 3.99 3.38
3.7 2.34 4.0 3.34
3.58 2.19 4.4 3.59
3.64 2.27 4.13 3.4
3.5 2.08 4.47 3.55
3.6 2.26 4.11 3.37
3.51 2.0 4.53 3.53
3.48 2.14 4.6 3.74
3.51 2.16 4.37 3.53
3.61 2.32 4.21 3.53
3.61 2.16 4.28 3.44
3.49 2.12 4.36 3.48
3.52 2.33 4.2 3.53
3.5 2.42 4.17 3.59
3.66 2.39 4.07 3.46
3.61 2.51 3.99 3.5
3.67 2.36 4.19 3.55
3.64 2.37 4.15 3.52
3.46 2.19 4.4 3.59
3.71 2.43 4.06 3.49
3.51 2.15 4.41 3.56
3.45 1.97 4.53 3.5
3.57 2.26 4.27 3.53
3.61 2.37 4.29 3.66
3.63 2.41 3.94 3.35
3.48 2.17 4.51 3.68
3.58 2.28 4.27 3.55
3.59 2.28 4.24 3.52
3.65 2.3 4.15 3.45
3.65 2.42 3.87 3.29
3.54 2.2 4.27 3.47
3.52 2.19 4.58 3.77
3.43 1.98 4.69 3.67
3.56 2.34 4.12 3.46
3.64 2.35 4.14 3.49
3.47 2.13 4.59 3.72
3.56 2.26 4.2 3.46
3.71 2.26 4.23 3.49
3.52 2.1 4.47 3.57
3.54 2.1 4.38 3.48
3.58 2.36 4.2 3.56
3.59 2.08 4.47 3.55
3.57 2.14 4.15 3.29
3.52 2.11 4.73 3.84
3.55 2.29 4.16 3.45
3.42 1.9 4.64 3.54
3.55 2.18 4.34 3.52
3.46 2.03 4.66 3.69
3.5 2.09 4.62 3.71
3.54 2.12 4.45 3.57
3.55 2.05 4.47 3.52
3.54 2.25 4.4 3.65
3.63 2.29 4.19 3.48
3.48 2.06 4.48 3.54
3.55 2.01 4.5 3.51
3.54 2.3 4.19 3.49
3.42 2.27 4.31 3.58
3.4 2.02 4.81 3.83
3.54 2.26 4.23 3.49
3.4 2.2 4.42 3.62
3.58 2.1 4.41 3.51
3.66 2.52 3.9 3.42
3.59 2.29 4.18 3.47
3.48 2.08 4.57 3.65
3.55 2.08 4.51 3.59
3.5 2.36 4.18 3.54
3.56 2.07 4.52 3.59
3.53 2.2 4.37 3.57
3.64 2.08 4.39 3.47
3.59 2.3 4.09 3.39
3.42 2.21 4.6 3.81
3.58 2.09 4.45 3.54
3.65 2.3 4.24 3.54
3.46 2.38 4.34 3.72
3.47 2.01 4.81 3.82
3.53 2.27 4.29 3.56
3.52 2.29 4.17 3.46
3.65 2.58 4.12 3.7
3.54 2.19 4.31 3.5
3.58 2.11 4.41 3.52
3.44 2.31 4.54 3.85
3.55 2.38 4.04 3.42
3.5 2.19 4.43 3.62
3.56 2.1 4.47 3.57
3.71 2.42 3.98 3.4
3.53 2.21 4.45 3.66
3.57 2.36 4.12 3.48
3.6 2.29 4.3 3.59
3.53 2.21 4.28 3.49
3.7 2.22 4.22 3.44
3.48 2.1 4.45 3.55
3.68 2.57 3.86 3.43
3.62 2.19 4.2 3.39
3.61 2.24 4.17 3.41
3.56 2.17 4.52 3.69
3.42 2.15 4.33 3.48
3.69 2.24 4.38 3.62
3.55 2.42 3.94 3.36
3.39 2.24 4.36 3.6
3.54 2.08 4.4 3.48
3.6 2.27 4.17 3.44
3.63 2.43 4.1 3.53
3.65 2.14 4.15 3.29
3.51 2.03 4.42 3.45
3.52 2.02 4.46 3.48
3.49 2.23 4.41 3.64
3.57 2.13 4.45 3.58
3.63 2.17 4.36 3.53
3.62 2.47 4.0 3.47
3.69 2.46 3.92 3.38
3.58 2.45 4.29 3.74
3.56 2.14 4.31 3.45
3.49 2.31 4.26 3.57
3.5 2.32 4.33 3.65
3.64 2.55 3.84 3.39
3.41 2.14 4.5 3.64
3.69 2.22 4.25 3.47
3.56 2.41 4.07 3.48
3.35 2.1 4.54 3.64
3.57 2.36 4.28 3.64
3.45 2.2 4.32 3.52
3.56 2.15 4.32 3.47
3.54 2.08 4.42 3.5
3.67 2.24 4.24 3.48
3.53 2.42 4.13 3.55
3.51 2.27 4.2 3.47
3.49 2.18 4.37 3.55
3.54 2.1 4.5 3.6
3.53 2.08 4.54 3.62
3.59 2.48 4.17 3.65
3.57 2.04 4.48 3.52
3.6 2.3 4.21 3.51
3.55 2.23 4.32 3.55
3.48 1.99 4.57 3.56
3.51 2.24 4.37 3.61
3.66 2.18 4.16 3.34
3.51 2.1 4.56 3.66
3.53 2.17 4.3 3.47
3.6 2.02 4.65 3.67
3.49 2.15 4.54 3.69
3.51 2.21 4.32 3.53
3.58 2.1 4.29 3.39
3.6 2.17 4.29 3.46
3.56 2.33 4.13 3.46
3.49 1.93 4.85 3.78
3.69 2.55 3.89 3.44
3.46 2.45 4.25 3.7
3.52 2.1 4.67 3.77
3.56 2.33 4.36 3.69
3.58 2.06 4.47 3.53
3.52 2.22 4.24 3.46
3.55 2.09 4.48 3.57
3.52 2.42 4.05 3.47
3.47 2.25 4.59 3.84
3.51 2.1 4.41 3.51
3.58 2.4 3.95 3.35
3.64 2.18 4.28 3.46
3.51 2.36 4.22 3.58
3.69 2.13 4.3 3.43
3.65 2.17 3.99 3.16
3.61 2.32 4.11 3.43
3.57 2.16 4.21 3.37
3.52 2.1 4.26 3.36
3.63 2.33 4.06 3.39
3.61 2.58 4.06 3.64
3.6 2.12 4.5 3.62
3.52 2.24 4.31 3.55
3.6 2.18 4.08 3.26
3.66 2.56 3.83 3.39
3.68 2.21 4.25 3.46
3.62 2.16 4.45 3.61
3.6 2.19 4.21 3.4
3.57 2.11 4.29 3.4
3.58 2.29 4.4 3.69
3.46 2.11 4.42 3.53
3.52 2.3 4.22 3.52
3.65 2.39 3.93 3.32
3.63 2.26 4.39 3.65
3.42 2.37 4.28 3.65
3.57 2.32 4.12 3.44
3.51 2.13 4.57 3.7
3.54 2.37 4.34 3.71
3.67 2.51 4.06 3.57
3.54 2.18 4.28 3.46
3.5 2.18 4.49 3.67
3.48 2.3 4.24 3.54
3.55 2.34 4.19 3.53
3.48 2.19 4.31 3.5
3.53 2.01 4.57 3.58
3.59 2.19 4.5 3.69
3.73 2.33 3.92 3.25
3.45 2.13 4.44 3.57
3.6 2.16 4.3 3.46
3.51 1.93 4.66 3.59
3.64 2.42 4.26 3.68
3.61 2.29 4.27 3.56
3.52 2.13 4.35 3.48
3.6 2.34 4.08 3.42
3.55 2.19 4.34 3.53
3.6 2.19 4.28 3.47
3.57 2.19 4.32 3.51
3.52 2.32 4.29 3.61
3.49 2.2 4.16 3.36
3.58 2.53 3.99 3.52
3.49 2.21 4.49 3.7
3.6 2.29 4.15 3.44
3.52 2.32 4.28 3.6
3.41 2.15 4.61 3.76
3.62 2.5 3.89 3.39
3.4 2.09 4.56 3.65
3.46 2.04 4.5 3.54
3.58 2.52 4.24 3.76
3.49 2.09 4.55 3.64
3.57 2.17 4.29 3.46
3.66 2.5 4.16 3.66
3.56 2.17 4.52 3.69
3.54 2.19 4.26 3.45
3.6 2.68 3.83 3.51
3.54 2.07 4.71 3.78
3.55 2.15 4.31 3.46
3.44 1.96 4.6 3.56
3.49 2.03 4.53 3.56
3.74 2.33 4.04 3.37
3.57 2.35 4.26 3.61
3.62 2.44 3.94 3.38
3.59 2.4 3.97 3.37
3.5 2.0 4.71 3.71
3.5 2.19 4.47 3.66
3.6 2.52 4.05 3.57
3.55 2.29 4.43 3.72
3.5 2.27 4.21 3.48
3.56 2.2 4.25 3.45
3.55 2.02 4.42 3.44
3.47 2.22 4.43 3.65
3.53 2.11 4.68 3.79
3.53 2.04 4.55 3.59
3.61 2.12 4.42 3.54
3.53 2.11 4.43 3.54
3.45 1.98 4.6 3.58
3.67 2.21 4.25 3.46
3.58 2.36 4.15 3.51
3.49 2.17 4.45 3.62
3.57 2.18 4.52 3.7
3.61 2.26 4.22 3.48
3.5 2.19 4.36 3.55
3.52 2.09 4.54 3.63
3.64 2.16 4.27 3.43
3.64 2.23 4.29 3.52
3.51 2.22 4.29 3.51
3.52 2.34 4.15 3.49
3.43 1.93 4.53 3.46
3.48 2.19 4.41 3.6
3.56 2.1 4.5 3.6
3.56 2.13 4.48 3.61
3.56 2.08 4.44 3.52
3.5 2.11 4.48 3.59
3.44 1.99 4.65 3.64
3.59 2.19 4.33 3.52
3.57 2.07 4.38 3.45
3.61 2.27 4.24 3.51
3.57 2.35 4.13 3.48
3.58 2.25 4.17 3.42
3.47 2.17 4.39 3.56
3.63 2.35 4.13 3.48
3.64 2.32 4.09 3.41
3.49 2.21 4.42 3.63
3.65 2.48 4.21 3.69
3.59 2.47 4.02 3.49
3.51 2.09 4.28 3.37
3.61 2.23 4.25 3.48
3.63 2.27 4.09 3.36
3.55 2.01 4.59 3.6
3.56 2.17 4.4 3.57
3.53 2.14 4.39 3.53
3.63 2.05 4.4 3.45
3.55 2.37 4.35 3.72
3.5 2.03 4.29 3.32
3.39 2.1 4.49 3.59
3.53 2.45 3.98 3.43
3.69 2.37 4.12 3.49
3.63 2.19 4.35 3.54
3.6 2.57 3.85 3.42
3.56 2.43 4.18 3.61
3.6 2.36 4.34 3.7
3.55 2.25 4.23 3.48
3.47 2.15 4.38 3.53
3.49 2.36 4.26 3.62
3.65 2.21 4.38 3.59
3.48 1.77 4.85 3.62
3.67 2.25 4.15 3.4
3.56 2.3 4.29 3.59
3.63 2.43 4.12 3.55
3.56 2.25 4.13 3.38
3.55 2.17 4.35 3.52
3.46 2.39 4.47 3.86
3.54 2.0 4.54 3.54
3.54 2.47 4.08 3.55
3.48 2.19 4.41 3.6
3.57 2.46 3.94 3.4
3.51 2.33 4.24 3.57
3.39 2.14 4.55 3.69
3.65 2.26 4.17 3.43
3.61 2.22 4.18 3.4
3.42 2.03 4.52 3.55
3.62 2.27 4.22 3.49
3.48 2.09 4.68 3.77
3.56 2.08 4.42 3.5
3.46 2.12 4.54 3.66
3.44 2.07 4.63 3.7
3.44 2.25 4.2 3.45
3.57 2.49 4.14 3.63
3.58 2.25 4.31 3.56
3.64 2.46 4.0 3.46
3.41 2.25 4.41 3.66
3.37 2.15 4.63 3.78
3.63 2.22 4.4 3.62
3.65 2.43 3.97 3.4
3.58 2.16 4.22 3.38
3.68 2.63 3.96 3.59
3.66 2.32 4.04 3.36
3.45 2.25 4.38 3.63
3.51 2.34 4.15 3.49
3.62 1.95 4.62 3.57
3.51 2.08 4.23 3.31
3.6 2.16 4.18 3.34
3.73 2.7 3.85 3.55
3.51 1.99 4.66 3.65
3.58 2.21 4.33 3.54
3.64 2.33 4.24 3.57
3.57 2.34 4.24 3.58
3.64 2.28 4.14 3.42
3.51 2.26 4.21 3.47
3.64 2.25 4.36 3.61
3.56 1.98 4.36 3.34
3.65 2.19 4.14 3.33
3.53 2.19 4.33 3.52
3.49 2.19 4.34 3.53
3.61 2.25 4.12 3.37
3.54 1.99 4.58 3.57
3.61 2.1 4.49 3.59
3.51 2.12 4.46 3.58
3.58 2.04 4.49 3.53
3.49 2.22 4.38 3.6
3.51 2.32 4.29 3.61
3.62 2.42 4.03 3.45
3.49 2.22 4.34 3.56
3.53 2.3 4.27 3.57
3.66 2.11 4.28 3.39
3.5 2.11 4.45 3.56
3.59 2.18 4.54 3.72
3.58 2.24 4.42 3.66
3.46 2.04 4.53 3.57
3.69 2.38 4.09 3.47
3.65 2.43 4.25 3.68
3.51 1.89 4.62 3.51
3.65 2.42 3.91 3.33
3.49 2.05 4.56 3.61
3.5 2.3 4.14 3.44
3.54 2.32 4.31 3.63
3.68 2.22 4.34 3.56
3.44 2.04 4.47 3.51
3.54 2.43 4.16 3.59
3.44 2.06 4.43 3.49
3.54 2.21 4.28 3.49
3.56 2.13 4.4 3.53
3.44 2.26 4.5 3.76
3.54 2.49 4.01 3.5
3.53 2.12 4.37 3.49
3.53 2.24 4.32 3.56
3.47 2.46 4.16 3.62
3.5 2.23 4.31 3.54
3.44 1.87 4.71 3.58
3.58 2.23 4.17 3.4
3.45 2.09 4.55 3.64
3.64 2.23 4.19 3.42
3.56 2.1 4.36 3.46
3.62 2.08 4.25 3.33
3.73 2.26 4.08 3.34
3.52 2.1 4.46 3.56
3.47 1.96 4.73 3.69
3.6 2.33 4.07 3.4
3.49 2.04 4.49 3.53
3.52 2.11 4.49 3.6
3.58 2.23 4.23 3.46
3.54 2.03 4.35 3.38
3.64 2.6 3.99 3.59
3.64 1.98 4.42 3.4
3.36 2.05 4.46 3.51
3.55 2.43 4.0 3.43
3.49 2.01 4.4 3.41
3.55 2.23 4.29 3.52
3.56 2.26 4.12 3.38
3.59 2.33 4.26 3.59
3.6 2.11 4.29 3.4
3.67 2.17 4.29 3.46
3.59 1.96 4.56 3.52
3.54 2.06 4.43 3.49
3.59 2.5 4.19 3.69
3.71 2.39 4.12 3.51
3.5 2.29 4.11 3.4
3.48 2.17 4.38 3.55
3.55 2.4 4.09 3.49
3.56 2.04 4.57 3.61
3.59 2.28 4.12 3.4
3.63 2.48 3.97 3.45
3.55 2.15 4.15 3.3
3.57 2.46 3.88 3.34
3.6 2.2 4.2 3.4
3.71 2.43 4.02 3.45
3.57 2.1 4.44 3.54
3.42 2.28 4.52 3.8
3.46 2.29 4.17 3.46
3.56 2.14 4.54 3.68
3.66 2.26 4.25 3.51
3.45 2.04 4.67 3.71
3.52 2.09 4.49 3.58
3.6 2.1 4.39 3.49
3.5 2.35 4.13 3.48
3.57 2.13 4.42 3.55
3.66 2.5 3.86 3.36
3.5 2.17 4.29 3.46
3.6 2.11 4.39 3.5
3.61 2.36 4.15 3.51
3.55 2.22 4.46 3.68
3.45 2.12 4.48 3.6
3.48 2.26 4.28 3.54
3.56 2.21 4.38 3.59
3.33 2.01 4.52 3.53
3.47 2.32 4.35 3.67
3.44 2.16 4.38 3.54
3.54 2.28 4.28 3.56
3.51 2.29 4.56 3.85
3.5 2.05 4.48 3.53
3.68 2.38 4.11 3.49
3.51 2.42 4.31 3.73
3.55 2.24 4.34 3.58
3.58 2.15 4.48 3.63
3.59 2.2 4.42 3.62
3.64 2.22 4.27 3.49
3.6 1.94 4.62 3.56
3.45 2.05 4.75 3.8
3.56 2.28 4.34 3.62
3.45 2.07 4.59 3.66
3.5 2.08 4.45 3.53
3.61 2.28 4.07 3.35
3.42 2.15 4.39 3.54
3.52 2.22 4.14 3.36
3.58 2.22 4.31 3.53
3.54 2.14 4.49 3.63
3.55 2.44 4.22 3.66
3.58 2.02 4.46 3.48
3.59 2.11 4.44 3.55
3.55 2.14 4.5 3.64
3.54 2.27 4.29 3.56
3.47 2.07 4.61 3.68
3.55 2.09 4.42 3.51
3.63 2.37 4.26 3.63
3.63 2.34 4.12 3.46
3.66 2.53 3.88 3.41
3.49 2.1 4.59 3.69
3.53 2.27 4.3 3.57
3.53 2.15 4.39 3.54
3.67 2.32 4.07 3.39
3.76 2.45 4.12 3.57
3.57 2.06 4.4 3.46
3.58 2.45 4.12 3.57
3.47 2.22 4.3 3.52
3.53 2.09 4.22 3.31
3.6 2.36 4.29 3.65
3.63 2.09 4.41 3.5
3.55 2.28 4.17 3.45
3.46 2.34 4.53 3.87
3.54 2.63 4.03 3.66
3.52 2.32 4.17 3.49
3.63 2.33 4.15 3.48
3.45 2.11 4.47 3.58
3.52 2.12 4.58 3.7
3.56 2.15 4.16 3.31
3.56 2.16 4.2 3.36
3.68 2.46 4.0 3.46
3.37 2.13 4.58 3.71
3.47 1.96 4.64 3.6
3.64 2.46 3.87 3.33
3.59 2.31 4.18 3.49
3.55 2.28 4.24 3.52
3.58 2.31 4.16 3.47
3.65 2.35 4.29 3.64
3.68 2.18 4.34 3.52
3.55 2.33 4.25 3.58
3.42 2.11 4.58 3.69
3.5 2.27 4.4 3.67
3.56 2.13 4.37 3.5
3.52 2.6 4.09 3.69
3.68 2.52 4.01 3.53
3.54 2.15 4.52 3.67
3.57 2.23 4.45 3.68
3.36 2.17 4.59 3.76
3.64 2.55 3.91 3.46
3.58 2.14 4.35 3.49
3.49 2.04 4.56 3.6
3.48 2.1 4.39 3.49
3.54 2.37 4.26 3.63
3.43 2.13 4.57 3.7
3.65 2.53 3.92 3.45
3.5 2.33 4.08 3.41
3.6 2.31 4.0 3.31
3.56 2.36 3.9 3.26
3.57 2.33 4.21 3.54
3.52 2.15 4.34 3.49
3.53 2.14 4.3 3.44
3.56 2.1 4.48 3.58
3.51 2.12 4.35 3.47
3.52 2.27 4.25 3.52
3.53 2.22 4.29 3.51
3.58 1.98 4.5 3.48
3.47 2.21 4.38 3.59
3.66 2.44 4.23 3.67
3.56 2.23 4.35 3.58
3.61 2.08 4.49 3.57
3.53 2.32 4.08 3.4
3.63 2.32 4.12 3.44
3.49 2.21 4.18 3.39
3.59 2.11 4.47 3.58
3.61 2.3 4.37 3.67
3.58 2.23 4.3 3.53
3.53 2.12 4.52 3.64
3.57 2.2 4.28 3.48
3.71 2.31 4.42 3.73
3.54 2.12 4.42 3.54
3.51 2.17 4.25 3.42
3.53 2.31 4.33 3.64
3.59 2.34 4.2 3.54
3.47 2.15 4.33 3.48
3.53 2.31 4.18 3.49
3.51 2.03 4.61 3.64
3.62 2.42 4.04 3.46
3.55 2.48 4.14 3.62
3.59 2.01 4.51 3.52
3.61 2.61 4.03 3.64
3.56 2.21 4.37 3.58
3.51 2.29 4.27 3.56
3.61 2.19 4.45 3.64
3.55 2.04 4.65 3.69
3.61 2.24 3.99 3.23
3.45 2.13 4.4 3.53
3.51 2.33 4.17 3.5
3.67 2.38 4.1 3.48
3.67 2.5 3.86 3.36
3.52 2.27 4.12 3.39
3.49 2.34 4.35 3.69
3.6 2.43 3.98 3.41
3.59 2.16 4.16 3.32
3.58 2.01 4.56 3.57
3.63 2.38 3.98 3.36
3.53 2.34 4.18 3.52
3.53 2.17 4.36 3.53
3.49 2.01 4.54 3.55
3.41 2.01 4.63 3.64
3.5 2.26 4.4 3.66
3.52 1.92 4.67 3.59
3.68 2.24 4.21 3.45
3.63 2.33 4.18 3.51
3.59 2.39 4.03 3.42
3.61 2.32 4.08 3.4
3.59 2.0 4.58 3.58
3.61 2.43 4.17 3.6
3.43 2.0 4.57 3.57
3.51 1.92 4.61 3.53
3.45 1.95 4.63 3.58
3.62 2.19 4.32 3.51
3.52 2.21 4.23 3.44
3.57 2.33 4.46 3.79
3.5 2.18 4.38 3.56
3.57 2.36 4.13 3.49
3.53 2.09 4.49 3.58
3.57 2.15 4.33 3.48
3.58 2.42 4.11 3.53
3.64 2.43 4.1 3.53
3.52 2.3 4.36 3.66
3.61 2.23 4.26 3.49
3.62 2.25 4.29 3.54
3.56 2.19 4.3 3.49
3.44 2.2 4.39 3.59
3.4 2.06 4.72 3.78
3.53 2.33 4.3 3.63
3.51 2.01 4.52 3.53
3.47 2.47 4.19 3.66
3.56 2.2 4.33 3.53
3.61 2.44 4.12 3.56
3.54 2.14 4.54 3.68
3.58 2.23 4.21 3.44
3.48 2.32 4.38 3.7
3.53 2.3 4.37 3.67
3.58 2.05 4.48 3.53
3.63 2.14 4.36 3.5
3.57 2.43 4.01 3.44
3.55 2.51 4.12 3.63
3.56 1.99 4.69 3.68
3.44 2.1 4.56 3.66
3.48 2.38 4.36 3.74
3.59 2.18 4.07 3.25
3.49 2.15 4.51 3.66
3.55 2.18 4.31 3.49
3.61 2.23 4.19 3.42
3.56 2.18 4.31 3.49
3.35 2.09 4.61 3.7
3.55 2.47 3.94 3.41
3.56 2.19 4.48 3.67
3.57 1.96 4.52 3.48
3.59 2.11 4.41 3.52
3.44 2.03 4.6 3.63
3.61 2.23 4.25 3.48
3.55 2.48 4.12 3.6
3.65 2.3 4.05 3.35
3.53 2.35 4.37 3.72
3.54 2.12 4.44 3.56
3.55 2.22 4.19 3.41
3.51 2.42 3.98 3.4
3.43 2.09 4.52 3.61
3.66 2.55 4.04 3.59
3.45 2.11 4.5 3.61
3.43 2.19 4.22 3.41
3.62 2.18 4.38 3.56
3.56 2.0 4.73 3.73
3.55 2.24 4.17 3.41
3.43 2.11 4.6 3.71
3.56 2.15 4.35 3.5
3.43 1.99 4.51 3.5
3.55 1.95 4.3 3.25
3.44 2.19 4.32 3.51
3.39 1.89 4.84 3.73
3.53 2.35 4.28 3.63
3.53 2.37 4.45 3.82
3.53 2.11 4.53 3.64
3.69 2.31 4.06 3.37
3.54 2.34 4.22 3.56
3.57 2.11 4.52 3.63
3.65 2.37 4.16 3.53
3.6 2.31 4.11 3.42
3.53 1.99 4.63 3.62
3.53 2.16 4.38 3.54
3.57 2.26 4.3 3.56
3.47 2.19 4.49 3.68
3.52 2.03 4.49 3.52
3.48 2.16 4.35 3.51
3.59 2.19 4.44 3.63
3.56 2.21 4.13 3.34
3.57 2.01 4.37 3.38
3.47 2.13 4.47 3.6
3.61 2.09 4.48 3.57
3.56 2.08 4.47 3.55
3.57 2.63 4.0 3.63
3.51 2.05 4.52 3.57
3.41 2.1 4.6 3.7
3.61 2.24 4.37 3.61
3.51 2.4 4.24 3.64
3.63 1.93 4.41 3.34
3.48 2.2 4.33 3.53
3.58 2.06 4.44 3.5
3.5 2.09 4.44 3.53
3.55 2.37 4.19 3.56
3.58 2.41 4.18 3.59
3.55 2.37 4.22 3.59
3.61 2.41 4.06 3.47
3.63 2.23 4.3 3.53
3.59 2.19 4.17 3.36
3.66 2.25 4.15 3.4
3.64 2.38 3.94 3.32
3.6 2.3 4.3 3.6
3.63 2.28 4.24 3.52
3.61 2.23 4.16 3.39
3.65 2.44 3.96 3.4
3.48 2.24 4.29 3.53
3.56 2.37 4.14 3.51
3.41 2.3 4.36 3.66
3.54 2.16 4.24 3.4
3.6 2.43 4.14 3.57
3.6 2.23 4.36 3.59
3.63 2.39 4.24 3.63
3.57 2.06 4.54 3.6
3.53 2.07 4.37 3.44
3.46 2.24 4.42 3.66
3.58 2.26 4.23 3.49
3.55 1.72 4.88 3.6
3.39 2.14 4.64 3.78
3.52 2.21 4.31 3.52
3.51 2.19 4.43 3.62
3.52 2.2 4.37 3.57
3.57 2.05 4.38 3.43
3.64 2.34 4.08 3.42
3.65 2.46 3.91 3.37
3.53 2.24 4.4 3.64
3.53 2.48 4.2 3.68
3.54 2.02 4.36 3.38
3.55 2.14 4.21 3.35
3.56 2.31 4.23 3.54
3.57 2.21 4.42 3.63
3.49 2.04 4.55 3.59
3.66 2.18 4.39 3.57
3.62 2.28 4.19 3.47
3.53 2.39 4.11 3.5
3.67 2.23 4.21 3.44
3.71 2.29 4.18 3.47
3.57 2.12 4.27 3.39
3.61 2.21 4.24 3.45
3.64 2.25 4.14 3.39
3.62 2.2 4.22 3.42
3.49 2.28 4.31 3.59
3.48 2.21 4.21 3.42
3.41 2.14 4.56 3.7
3.33 1.84 4.81 3.65
3.5 2.17 4.46 3.63
3.63 2.04 4.36 3.4
3.66 2.48 3.81 3.29
3.56 2.07 4.25 3.32
3.6 2.16 4.28 3.44
3.42 2.01 4.72 3.73
3.46 2.03 4.47 3.5
3.52 2.18 4.42 3.6
3.53 2.21 4.21 3.42
3.68 2.53 3.94 3.47
3.64 2.17 4.22 3.39
3.53 2.28 4.29 3.57
3.39 2.08 4.39 3.47
3.6 2.17 4.05 3.22
3.49 2.29 4.47 3.76
3.4 1.93 4.87 3.8
3.58 2.17 4.29 3.46
3.68 2.38 3.98 3.36
3.55 2.31 4.47 3.78
3.58 2.24 4.11 3.35
3.54 2.14 4.43 3.57
3.56 2.08 4.3 3.38
3.66 2.62 3.96 3.58
3.55 2.1 4.36 3.46
3.69 2.3 4.36 3.66
3.49 2.13 4.41 3.54
3.61 2.24 4.29 3.53
3.54 2.12 4.34 3.46
3.44 2.51 4.25 3.76
3.63 2.14 4.43 3.57
3.5 2.14 4.34 3.48
3.45 2.16 4.29 3.45
3.61 2.41 4.05 3.46
3.59 2.32 4.32 3.64
3.66 2.26 4.2 3.46
3.57 2.18 4.18 3.36
3.58 2.39 4.22 3.61
3.58 2.19 4.15 3.34
3.61 2.45 4.15 3.6
3.52 2.16 4.25 3.41
3.63 2.34 4.26 3.6
3.62 2.34 4.29 3.63
3.56 2.26 4.21 3.47
3.48 2.11 4.6 3.71
3.51 2.24 4.26 3.5
3.53 2.29 4.31 3.6
3.59 2.13 4.39 3.52
3.6 2.17 4.49 3.66
3.66 2.5 3.87 3.37
3.38 1.99 4.7 3.69
3.57 2.27 4.05 3.32
3.68 2.23 4.15 3.38
3.5 2.5 4.16 3.66
3.67 2.07 4.3 3.37
3.52 2.43 4.08 3.51
3.55 2.15 4.47 3.62
3.58 2.23 4.38 3.61
3.58 2.01 4.51 3.52
3.51 1.89 4.64 3.53
3.53 2.13 4.43 3.56
3.57 2.38 4.19 3.57
3.68 2.51 3.79 3.3
3.54 2.05 4.33 3.38
3.58 2.4 4.12 3.52
3.61 2.26 4.34 3.6
3.55 2.22 4.3 3.52
3.59 2.37 3.99 3.36
3.43 2.2 4.53 3.73
3.47 2.14 4.41 3.55
3.62 2.15 4.36 3.51
3.54 2.38 4.15 3.53
3.46 2.32 4.36 3.68
3.48 1.96 4.65 3.61
3.51 1.98 4.61 3.59
3.6 2.38 4.34 3.72
3.58 2.09 4.39 3.48
3.49 2.08 4.45 3.53
3.52 2.01 4.54 3.55
3.6 2.37 4.19 3.56
3.52 2.14 4.43 3.57
3.53 2.46 4.13 3.59
3.63 2.27 4.34 3.61
3.46 2.28 4.18 3.46
3.63 2.17 4.34 3.51
3.59 2.34 4.24 3.58
3.54 2.0 4.33 3.33
3.4 2.3 4.4 3.7
3.51 2.25 4.26 3.51
3.58 2.1 4.35 3.45
3.48 2.42 4.13 3.55
3.48 2.15 4.49 3.64
3.7 2.26 4.28 3.54
3.48 2.23 4.4 3.63
3.65 2.42 3.9 3.32
3.54 2.24 4.23 3.47
3.6 2.2 4.4 3.6
3.61 2.16 4.5 3.66
3.56 2.19 4.16 3.35
3.52 2.05 4.41 3.46
3.5 2.19 4.32 3.51
3.55 2.06 4.41 3.47
3.44 2.12 4.43 3.55
3.54 2.21 4.34 3.55
3.53 2.13 4.33 3.46
3.6 2.48 3.94 3.42
3.6 2.48 4.17 3.65
3.45 2.23 4.46 3.69
3.5 2.18 4.45 3.63
3.6 2.36 4.15 3.51
3.5 2.32 4.21 3.53
3.27 1.91 4.78 3.69
3.55 2.36 4.18 3.54
3.54 2.38 4.13 3.51
3.54 2.08 4.5 3.58
3.49 2.5 4.07 3.57
3.5 2.11 4.51 3.62
3.52 2.18 4.27 3.45
3.47 2.14 4.57 3.71
3.58 2.25 4.45 3.7
3.46 2.11 4.43 3.54
3.62 2.52 4.03 3.55
3.55 2.24 4.17 3.41
3.46 2.05 4.47 3.52
3.42 2.09 4.6 3.69
3.59 2.42 4.2 3.62
3.61 2.16 4.46 3.62
3.5 2.18 4.3 3.48
3.55 2.17 4.41 3.58
3.51 2.1 4.44 3.54
3.4 2.08 4.6 3.68
3.44 2.09 4.57 3.66
3.56 2.05 4.51 3.56
3.47 2.01 4.61 3.62
3.55 1.96 4.57 3.53
3.53 2.02 4.71 3.73
3.46 2.29 4.47 3.76
3.58 2.29 4.16 3.45
3.48 2.13 4.44 3.57
3.62 2.21 4.32 3.53
3.52 2.16 4.36 3.52
3.49 2.14 4.54 3.68
3.55 2.05 4.51 3.56
3.49 2.26 4.3 3.56
3.53 1.77 4.83 3.6
3.42 1.97 4.8 3.77
3.61 2.27 4.36 3.63
3.42 1.93 4.77 3.7
3.57 2.33 4.09 3.42
3.55 2.25 4.3 3.55
3.46 2.16 4.31 3.47
3.57 2.27 4.29 3.56
3.52 2.42 4.23 3.65
3.61 2.01 4.35 3.36
3.49 2.24 4.36 3.6
3.46 2.25 4.51 3.76
3.66 2.51 4.04 3.55
3.5 2.04 4.43 3.47
3.61 2.31 4.3 3.61
3.5 2.08 4.58 3.66
3.43 2.05 4.45 3.5
3.69 2.34 4.17 3.51
3.52 2.35 4.22 3.57
3.57 2.2 4.4 3.6
3.51 2.01 4.51 3.52
3.57 2.22 4.28 3.5
3.54 2.52 3.95 3.47
3.69 2.26 4.13 3.39
3.54 2.09 4.33 3.42
3.48 2.19 4.39 3.58
3.54 2.15 4.31 3.46
3.7 2.44 4.16 3.6
3.43 2.43 4.2 3.63
3.52 2.22 4.38 3.6
3.48 1.91 4.59 3.5
3.48 1.98 4.67 3.65
3.68 2.22 4.22 3.44
3.45 2.03 4.53 3.56
3.65 2.46 3.97 3.43
3.56 2.08 4.4 3.48
3.53 2.14 4.33 3.47
3.56 2.29 4.12 3.41
3.6 2.37 4.27 3.64
3.58 2.25 4.12 3.37
3.55 2.29 4.33 3.62
3.46 2.14 4.51 3.65
3.57 2.43 3.92 3.35
3.6 2.17 4.34 3.51
3.53 2.37 4.31 3.68
3.49 2.03 4.5 3.53
3.58 2.4 4.03 3.43
3.62 2.16 4.28 3.44
3.63 2.28 4.24 3.52
3.59 2.11 4.42 3.53
3.39 2.01 4.54 3.55
3.53 2.26 4.29 3.55
3.64 2.26 4.18 3.44
3.58 2.05 4.41 3.46
3.51 2.2 4.4 3.6
3.56 2.17 4.35 3.52
3.64 2.47 4.0 3.47
3.42 2.04 4.61 3.65
3.54 2.06 4.66 3.72
3.6 2.24 4.25 3.49
3.5 2.43 4.04 3.47
3.49 2.06 4.64 3.7
3.5 2.15 4.43 3.58
3.57 2.19 4.27 3.46
3.66 2.15 4.47 3.62
3.47 2.01 4.81 3.82
3.65 2.45 4.14 3.59
3.59 2.46 3.92 3.38
3.53 2.29 4.22 3.51
3.65 2.21 4.31 3.52
3.5 2.0 4.58 3.58
3.47 1.9 4.63 3.53
3.49 2.18 4.4 3.58
3.55 1.99 4.33 3.32
3.45 2.35 4.24 3.59
3.54 2.23 4.28 3.51
3.59 2.04 4.35 3.39
3.35 1.97 4.67 3.64
3.54 2.24 4.18 3.42
3.49 2.08 4.58 3.66
3.55 2.2 4.32 3.52
3.56 2.16 4.33 3.49
3.52 2.09 4.45 3.54
3.49 2.3 4.41 3.71
3.43 2.09 4.48 3.57
3.34 1.99 4.86 3.85
3.49 2.12 4.51 3.63
3.55 2.2 4.37 3.57
3.58 2.25 4.22 3.47
3.63 2.42 3.95 3.37
3.56 2.34 4.12 3.46
3.48 1.97 4.73 3.7
3.66 2.53 3.83 3.36
3.53 2.15 4.34 3.49
3.54 2.24 4.31 3.55
3.47 2.2 4.44 3.64
3.59 2.33 4.13 3.46
3.57 2.21 4.43 3.64
3.62 2.25 4.32 3.57
3.49 2.32 4.41 3.73
3.47 2.15 4.35 3.5
3.56 2.34 4.03 3.37
3.59 2.16 4.29 3.45
3.53 2.18 4.39 3.57
3.69 2.27 4.2 3.47
3.44 2.12 4.4 3.52
3.6 2.21 4.35 3.56
3.65 2.31 4.17 3.48
3.56 2.4 4.34 3.74
3.52 2.09 4.42 3.51
3.51 2.21 4.49 3.7
3.47 2.19 4.28 3.47
3.46 2.13 4.58 3.71
3.55 2.19 4.34 3.53
3.66 2.57 4.23 3.8
3.43 2.08 4.65 3.73
3.62 2.55 3.99 3.54
3.56 2.36 4.3 3.66
3.41 1.79 4.76 3.55
3.52 2.34 4.17 3.51
3.61 2.35 4.18 3.53
3.52 2.14 4.41 3.55
3.52 2.2 4.38 3.58
3.5 2.13 4.43 3.56
3.59 2.45 4.16 3.61
3.68 2.12 4.32 3.44
3.47 2.22 4.38 3.6
3.55 2.18 4.51 3.69
3.51 2.0 4.59 3.59
3.59 2.18 4.18 3.36
3.59 2.2 4.26 3.46
3.53 2.27 4.04 3.31
3.6 2.26 4.28 3.54
3.62 2.61 3.87 3.48
3.54 1.92 4.59 3.51
3.44 2.09 4.3 3.39
3.58 2.26 4.17 3.43
3.64 2.16 4.37 3.53
3.56 2.34 4.09 3.43
3.47 2.25 4.44 3.69
3.49 2.14 4.32 3.46
3.56 2.03 4.32 3.35
3.58 2.23 4.15 3.38
3.6 2.12 4.41 3.53
3.51 2.49 4.06 3.55
3.49 2.09 4.54 3.63
3.57 2.56 4.03 3.59
3.58 2.21 4.22 3.43
3.5 2.21 4.35 3.56
3.58 2.35 4.11 3.46
3.56 2.2 4.45 3.65
3.53 2.32 4.34 3.66
3.59 2.55 3.97 3.52
3.54 2.11 4.6 3.71
3.52 2.0 4.89 3.89
3.46 2.24 4.2 3.44
3.58 2.24 4.13 3.37
3.58 2.39 4.24 3.63
3.54 2.28 4.27 3.55
3.55 2.46 4.12 3.58
3.51 2.12 4.51 3.63
3.59 2.24 4.19 3.43
3.54 2.13 4.35 3.48
3.63 1.9 4.51 3.41
3.5 2.23 4.26 3.49
3.5 2.11 4.42 3.53
3.57 2.3 4.14 3.44
3.59 2.24 4.26 3.5
3.54 2.25 4.23 3.48
3.59 2.42 3.87 3.29
3.61 2.29 4.17 3.46
3.52 2.09 4.36 3.45
3.67 2.15 4.48 3.63
3.56 2.2 4.37 3.57
3.62 2.39 4.15 3.54
3.62 2.43 4.02 3.45
3.58 2.06 4.56 3.62
3.57 2.37 4.12 3.49
3.55 2.14 4.51 3.65
3.55 2.51 3.95 3.46
3.44 1.99 4.47 3.46
3.49 1.97 4.82 3.79
3.57 2.33 4.11 3.44
3.6 2.16 4.31 3.47
3.6 2.21 4.41 3.62
3.56 2.37 4.19 3.56
3.44 2.16 4.35 3.51
3.59 2.33 4.26 3.59
3.6 2.42 3.93 3.35
3.61 2.19 4.19 3.38
3.52 2.18 4.29 3.47
3.61 2.56 3.9 3.46
3.43 2.02 4.58 3.6
3.44 1.9 4.63 3.53
3.53 1.99 4.55 3.54
3.54 2.54 4.01 3.55
3.57 2.36 4.47 3.83
3.52 2.39 4.09 3.48
3.55 2.04 4.33 3.37
3.59 2.56 3.9 3.46
3.46 2.25 4.27 3.52
3.65 2.34 4.13 3.47
3.53 2.22 4.33 3.55
3.62 2.35 3.92 3.27
3.65 2.34 4.01 3.35
3.58 2.37 4.11 3.48
3.54 2.24 4.32 3.56
3.56 2.16 4.49 3.65
3.54 2.02 4.53 3.55
3.56 2.45 4.19 3.64
3.53 2.16 4.34 3.5
3.45 2.01 4.77 3.78
3.59 2.32 4.24 3.56
3.52 2.13 4.47 3.6
3.61 2.53 3.95 3.48
3.49 2.22 4.18 3.4
3.62 2.13 4.53 3.66
3.48 1.93 4.44 3.37
3.42 2.1 4.56 3.66
3.48 2.17 4.5 3.67
3.61 2.25 4.32 3.57
3.59 2.29 4.23 3.52
3.53 2.27 4.35 3.62
3.54 2.27 4.27 3.54
3.65 2.45 3.88 3.33
3.5 1.92 4.72 3.64
3.43 2.11 4.43 3.54
3.65 2.47 4.02 3.49
3.54 2.21 4.41 3.62
3.56 2.49 4.09 3.58
3.51 2.42 4.18 3.6
3.62 2.38 4.09 3.47
3.57 2.14 4.23 3.37
3.65 2.14 4.34 3.48
3.63 2.33 4.03 3.36
3.54 2.11 4.36 3.47
3.57 2.46 4.08 3.54
3.61 2.43 4.01 3.44
3.48 2.16 4.63 3.79
3.61 2.73 3.83 3.56
3.64 2.1 4.57 3.67
3.44 2.17 4.26 3.43
3.52 2.22 4.5 3.72
3.66 1.98 4.63 3.61
3.43 2.02 4.51 3.53
3.64 2.23 4.11 3.34
3.46 1.95 4.61 3.56
3.58 1.99 4.51 3.5
3.5 2.23 4.51 3.74
3.6 2.36 4.28 3.64
3.45 2.18 4.32 3.5
3.35 2.18 4.44 3.62
3.5 2.1 4.54 3.64
3.43 2.22 4.33 3.55
3.63 2.21 4.21 3.42
3.55 2.33 4.37 3.7
3.6 2.26 4.13 3.39
3.67 2.49 4.02 3.51
3.59 2.26 4.12 3.38
3.55 2.32 4.0 3.32
3.72 2.53 4.01 3.54
3.49 2.08 4.47 3.55
3.54 2.01 4.55 3.56
3.55 2.3 4.35 3.65
3.47 1.96 4.64 3.6
3.4 2.24 4.5 3.74
3.57 2.22 4.28 3.5
3.53 2.16 4.42 3.58
3.66 2.49 4.0 3.49
3.57 2.29 4.39 3.68
3.58 2.28 4.26 3.54
3.48 2.05 4.5 3.55
3.41 2.17 4.39 3.56
3.37 2.03 4.64 3.67
3.53 2.13 4.46 3.59
3.45 2.04 4.57 3.61
3.52 1.9 4.66 3.56
3.56 2.01 4.54 3.55
3.55 2.51 3.82 3.33
3.51 2.27 4.12 3.39
3.61 2.28 4.13 3.41
3.47 1.96 4.64 3.6
3.51 1.86 4.78 3.64
3.58 2.33 4.32 3.65
3.7 2.44 3.98 3.42
3.36 1.84 4.77 3.61
3.62 2.42 4.14 3.56
3.62 2.43 3.96 3.39
3.55 2.26 4.06 3.32
3.63 2.15 4.35 3.5
3.59 2.19 4.29 3.48
3.56 2.0 4.41 3.41
3.59 2.24 4.22 3.46
3.71 2.44 3.97 3.41
3.66 2.45 3.97 3.42
3.46 2.1 4.45 3.55
3.45 2.23 4.3 3.53
3.55 2.28 4.25 3.53
3.53 2.08 4.39 3.47
3.5 2.08 4.28 3.36
3.56 2.26 4.31 3.57
3.63 2.32 4.21 3.53
3.52 2.15 4.38 3.53
3.51 2.22 4.46 3.68
3.58 2.49 4.07 3.56
3.62 2.49 4.08 3.57
3.54 1.93 4.62 3.55
3.6 2.25 4.19 3.44
3.68 2.45 4.07 3.52
3.68 2.31 4.31 3.62
3.39 1.99 4.71 3.7
3.42 1.91 4.71 3.62
3.56 2.39 4.07 3.46
3.52 2.22 4.39 3.61
3.61 2.21 4.31 3.52
3.65 2.49 3.97 3.46
3.51 2.04 4.54 3.58
3.53 2.33 4.32 3.65
3.53 2.07 4.57 3.64
3.75 2.57 3.97 3.54
3.55 2.19 4.32 3.51
3.59 2.41 4.08 3.49
3.7 2.33 4.03 3.36
3.7 2.52 3.81 3.33
3.53 2.25 4.37 3.62
3.6 2.35 4.24 3.59
3.61 2.21 4.2 3.41
3.5 2.08 4.28 3.36
3.69 2.27 4.31 3.58
3.6 2.17 4.39 3.56
3.58 2.31 4.23 3.54
3.54 2.36 4.14 3.5
3.54 1.93 4.59 3.52
3.61 2.24 4.23 3.47
3.55 2.02 4.46 3.48
3.39 2.23 4.48 3.71
3.67 2.32 4.15 3.47
3.49 2.17 4.21 3.38
3.61 2.24 4.12 3.36
3.58 2.22 4.34 3.56
3.47 1.93 4.68 3.61
3.44 2.26 4.36 3.62
3.49 2.0 4.48 3.48
3.55 2.43 4.1 3.53
3.56 2.21 4.54 3.75
3.57 2.39 4.2 3.59
3.6 2.22 4.29 3.51
3.62 2.31 4.22 3.53
3.48 2.15 4.47 3.62
3.46 2.39 4.43 3.82
3.55 2.03 4.57 3.6
3.58 2.33 4.3 3.63
3.7 2.35 4.04 3.39
3.69 2.68 3.92 3.6
3.48 2.27 4.45 3.72
3.68 2.53 3.72 3.25
3.52 2.3 4.23 3.53
3.48 2.11 4.56 3.67
3.54 1.92 4.67 3.59
3.55 2.17 4.42 3.59
3.51 2.28 4.11 3.39
3.46 2.55 4.0 3.55
3.52 2.34 4.29 3.63
3.54 2.28 4.21 3.49
3.52 2.32 4.27 3.59
3.65 2.32 4.38 3.7
3.51 2.12 4.58 3.7
3.61 2.35 4.11 3.46
3.47 2.25 4.41 3.66
3.53 2.29 4.26 3.55
3.52 2.11 4.36 3.47
3.51 2.11 4.45 3.56
3.42 1.95 4.71 3.66
3.47 2.1 4.54 3.64
3.45 2.38 4.19 3.57
3.52 2.43 3.98 3.41
3.48 2.2 4.52 3.72
3.49 2.18 4.51 3.69
3.56 2.23 4.36 3.59
3.58 2.46 4.09 3.55
3.56 2.08 4.45 3.53
3.49 1.86 4.81 3.67
3.56 2.32 4.15 3.47
3.6 2.23 4.28 3.51
3.67 2.32 4.09 3.41
3.45 2.22 4.19 3.41
3.52 2.04 4.55 3.59
3.38 2.32 4.48 3.8
3.56 2.32 4.18 3.5
3.46 2.42 4.42 3.84
3.57 2.36 4.15 3.51
3.43 2.1 4.62 3.72
3.58 2.24 4.21 3.45
3.51 2.1 4.48 3.58
3.58 2.12 4.32 3.44
3.62 2.38 4.01 3.39
3.51 2.26 4.27 3.53
3.49 2.07 4.35 3.42
3.48 2.18 4.58 3.76
3.65 2.48 3.83 3.31
3.51 2.27 4.27 3.54
3.62 2.23 4.16 3.39
3.44 2.18 4.4 3.58
3.6 2.3 4.13 3.43
3.5 2.06 4.32 3.38
3.59 2.38 4.02 3.4
3.67 2.3 4.15 3.45
3.43 2.16 4.48 3.64
3.57 2.31 4.38 3.69
3.54 2.2 4.26 3.46
3.53 2.29 4.23 3.52
3.58 2.08 4.31 3.39
3.6 2.36 4.16 3.52
3.65 2.26 4.2 3.46
3.49 2.26 4.28 3.54
3.52 2.11 4.4 3.51
3.6 2.25 4.37 3.62
3.6 2.35 4.21 3.56
3.57 2.37 4.06 3.43
3.62 2.41 4.03 3.44
3.57 2.21 4.24 3.45
3.45 2.04 4.4 3.44
3.41 2.12 4.59 3.71
3.52 2.32 4.16 3.48
3.49 2.14 4.47 3.61
3.58 2.28 4.26 3.54
3.67 2.39 4.04 3.43
3.61 2.24 4.19 3.43
3.62 1.97 4.57 3.54
3.73 2.35 4.02 3.37
3.63 2.29 4.16 3.45
3.47 2.05 4.68 3.73
3.64 2.1 4.5 3.6
3.45 2.09 4.44 3.53
3.56 2.43 4.07 3.5
3.46 1.9 4.8 3.7
3.55 2.19 4.28 3.47
3.51 2.27 4.26 3.53
3.56 2.08 4.45 3.53
3.49 2.19 4.41 3.6
3.52 2.57 4.02 3.59
3.63 2.28 4.19 3.47
3.46 2.14 4.28 3.42
3.53 2.19 4.19 3.38
3.69 2.35 3.99 3.34
3.51 2.14 4.43 3.57
3.67 2.46 4.07 3.53
3.58 2.22 4.21 3.43
3.61 2.23 4.32 3.55
3.4 2.21 4.41 3.62
3.44 2.03 4.47 3.5
3.53 2.03 4.58 3.61
3.56 2.23 4.26 3.49
3.6 2.4 4.25 3.65
3.58 2.42 4.2 3.62
3.65 2.17 4.31 3.48
3.57 2.4 4.02 3.42
3.5 2.15 4.33 3.48
3.67 2.45 4.02 3.47
3.49 2.16 4.23 3.39
3.58 2.06 4.7 3.76
3.38 1.97 4.55 3.52
3.44 2.03 4.96 3.99
3.43 2.05 4.61 3.66
3.41 2.16 4.51 3.67
3.6 2.26 4.5 3.76
3.57 2.12 4.34 3.46
3.6 2.31 4.06 3.37
3.52 2.31 4.11 3.42
3.51 2.29 4.1 3.39
3.57 2.25 4.07 3.32
3.59 2.35 3.99 3.34
3.48 2.08 4.48 3.56
3.62 2.42 4.16 3.58
3.55 2.29 4.19 3.48
3.48 2.07 4.64 3.71
3.36 2.13 4.49 3.62
3.62 2.38 4.13 3.51
3.61 2.22 4.27 3.49
3.44 2.27 4.36 3.63
3.54 2.28 4.25 3.53
3.62 2.32 4.31 3.63
3.49 2.03 4.52 3.55
3.69 2.71 3.81 3.52
3.51 2.33 4.39 3.72
3.52 2.16 4.3 3.46
3.7 2.55 3.88 3.43
3.58 2.34 4.28 3.62
3.6 2.1 4.33 3.43
3.67 2.5 4.02 3.52
3.52 2.11 4.45 3.56
3.39 2.1 4.67 3.77
3.46 2.01 4.58 3.59
3.56 2.23 4.3 3.53
3.51 2.37 4.13 3.5
3.61 2.53 4.08 3.61
3.5 2.21 4.43 3.64
3.45 2.09 4.6 3.69
3.47 2.06 4.48 3.54
3.62 2.13 4.37 3.5
3.5 2.22 4.36 3.58
3.53 2.12 4.67 3.79
3.46 2.17 4.45 3.62
3.56 2.4 4.23 3.63
3.59 2.45 4.08 3.53
3.51 2.13 4.41 3.54
3.7 2.25 4.23 3.48
3.57 2.3 4.23 3.53
3.49 2.34 4.07 3.41
3.46 2.3 4.32 3.62
3.63 2.16 4.31 3.47
3.56 2.26 4.43 3.69
3.55 2.05 4.4 3.45
3.6 2.13 4.36 3.49
3.54 2.16 4.38 3.54
3.45 2.16 4.39 3.55
3.53 1.96 4.38 3.34
3.54 1.97 4.55 3.52
3.6 2.01 4.48 3.49
3.67 2.47 4.13 3.6
3.48 2.08 4.38 3.46
3.61 2.24 4.48 3.72
3.66 2.43 4.05 3.48
3.59 2.27 4.16 3.43
3.55 2.19 4.36 3.55
3.55 2.2 4.34 3.54
3.52 2.35 4.17 3.52
3.49 2.13 4.46 3.59
3.51 2.03 4.45 3.48
3.59 2.22 4.27 3.49
3.5 2.08 4.52 3.6
3.43 2.09 4.57 3.66
3.53 2.11 4.39 3.5
3.52 2.13 4.41 3.54
3.51 2.1 4.35 3.45
3.4 1.94 4.72 3.66
3.7 2.36 4.12 3.48
3.62 2.21 4.28 3.49
3.56 2.22 4.48 3.7
3.66 2.2 4.1 3.3
3.59 2.25 4.25 3.5
3.61 2.14 4.17 3.31
3.62 2.42 3.97 3.39
3.62 2.13 4.38 3.51
3.46 2.17 4.63 3.8
3.55 2.1 4.52 3.62
3.47 2.12 4.32 3.44
3.56 2.22 4.23 3.45
3.61 2.15 4.21 3.36
3.48 1.91 4.9 3.81
3.53 2.28 4.39 3.67
3.59 2.4 4.12 3.52
3.56 2.22 4.21 3.43
3.61 2.29 4.3 3.59
3.53 2.24 4.41 3.65
3.56 2.27 4.22 3.49
3.47 2.0 4.61 3.61
3.44 2.06 4.53 3.59
3.4 2.15 4.57 3.72
3.58 2.25 4.27 3.52
3.36 2.19 4.41 3.6
3.65 2.29 4.3 3.59
3.67 2.15 4.37 3.52
3.52 2.17 4.52 3.69
3.45 2.07 4.46 3.53
3.55 2.32 4.18 3.5
3.63 2.45 4.13 3.58
3.44 2.14 4.39 3.53
3.54 2.43 4.06 3.49
3.56 2.04 4.49 3.53
3.5 2.27 4.16 3.43
3.34 2.16 4.49 3.65
3.43 1.9 4.72 3.62
3.48 2.21 4.26 3.47
3.61 2.28 4.13 3.41
3.52 2.23 4.32 3.55
3.56 2.31 4.01 3.32
3.58 2.23 4.35 3.58
3.65 2.14 4.49 3.63
3.49 1.92 4.6 3.52
3.6 2.04 4.56 3.6
3.45 2.08 4.62 3.7
3.61 2.41 4.09 3.5
3.69 2.46 3.74 3.2
3.56 2.3 4.18 3.48
3.55 2.33 4.2 3.53
3.59 2.37 4.2 3.57
3.53 2.13 4.42 3.55
3.71 2.5 3.9 3.4
3.49 2.05 4.71 3.76
3.65 2.53 3.95 3.48
3.51 2.16 4.36 3.52
3.39 2.09 4.45 3.54
3.51 2.13 4.61 3.74
3.46 2.25 4.34 3.59
3.51 2.24 4.22 3.46
3.5 2.17 4.31 3.48
3.45 2.01 4.64 3.65
3.64 2.59 3.95 3.54
3.59 2.41 4.15 3.56
3.56 2.02 4.7 3.72
3.48 2.09 4.36 3.45
3.55 2.19 4.27 3.46
3.49 2.13 4.6 3.73
3.44 1.98 4.51 3.49
3.56 2.13 4.43 3.56
3.62 2.53 3.93 3.46
3.63 2.26 4.16 3.42
3.56 1.8 4.69 3.49
3.47 2.25 4.28 3.53
3.44 2.11 4.53 3.64
3.46 2.5 3.93 3.43
3.54 2.09 4.58 3.67
3.54 2.2 4.34 3.54
3.6 2.31 4.2 3.51
3.54 2.29 4.31 3.6
3.49 1.96 4.51 3.47
3.59 2.12 4.34 3.46
3.47 2.15 4.33 3.48
3.58 2.25 4.23 3.48
3.45 2.38 4.24 3.62
3.62 2.52 3.98 3.5
3.43 2.0 4.57 3.57
3.57 2.34 4.0 3.34
3.57 2.49 3.82 3.31
3.62 2.4 3.93 3.33
3.47 1.99 4.58 3.57
3.63 2.18 4.4 3.58
3.52 2.21 4.26 3.47
3.46 2.02 4.71 3.73
3.6 2.21 4.51 3.72
3.57 2.26 4.23 3.49
3.55 2.19 4.53 3.72
3.46 2.03 4.52 3.55
3.53 2.31 4.23 3.54
3.62 2.0 4.56 3.56
3.44 2.12 4.46 3.58
3.44 2.23 4.47 3.7
3.49 2.41 4.19 3.6
3.67 2.22 4.11 3.33
3.62 2.31 4.24 3.55
3.5 2.11 4.55 3.66
3.5 2.38 4.37 3.75
3.56 2.16 4.33 3.49
3.63 2.36 4.31 3.67
3.45 2.23 4.28 3.51
3.65 2.41 4.01 3.42
3.57 2.16 4.49 3.65
3.64 2.12 4.32 3.44
3.57 2.3 4.26 3.56
3.48 2.13 4.38 3.51
3.48 2.32 4.11 3.43
3.51 2.23 4.07 3.3
3.59 2.33 4.04 3.37
3.43 2.23 4.43 3.66
3.51 2.33 4.21 3.54
3.4 2.29 3.99 3.28
3.69 2.52 4.03 3.55
3.44 2.12 4.62 3.74
3.5 2.1 4.46 3.56
3.49 2.14 4.33 3.47
3.55 2.22 4.48 3.7
3.59 2.15 4.53 3.68
3.61 2.56 4.08 3.64
3.41 2.27 4.49 3.76
3.56 2.23 4.25 3.48
3.53 1.97 4.49 3.46
3.67 2.55 3.8 3.35
3.6 2.22 4.36 3.58
3.58 2.34 4.08 3.42
3.63 2.45 3.91 3.36
3.56 2.34 4.14 3.48
3.58 2.44 4.14 3.58
3.7 2.49 3.97 3.46
3.62 2.29 4.26 3.55
3.47 2.37 4.17 3.54
3.61 2.44 3.97 3.41
3.52 2.17 4.44 3.61
3.61 2.46 4.12 3.58
3.64 2.34 4.11 3.45
3.55 2.17 4.33 3.5
3.63 2.21 4.18 3.39
3.59 2.52 4.0 3.52
3.5 2.2 4.37 3.57
3.52 2.22 4.36 3.58
3.62 2.27 4.31 3.58
3.47 1.97 4.63 3.6
3.59 2.27 4.34 3.61
3.53 2.07 4.58 3.65
3.62 2.48 4.06 3.54
3.6 2.08 4.43 3.51
3.6 2.2 4.19 3.39
3.65 2.31 4.2 3.51
3.58 2.1 4.3 3.4
3.64 2.4 3.87 3.27
3.5 2.15 4.25 3.4
3.67 2.37 3.94 3.31
3.5 2.06 4.5 3.56
3.54 2.15 4.43 3.58
3.57 2.25 4.28 3.53
3.54 2.37 4.13 3.5
3.51 2.18 4.42 3.6
3.55 2.25 4.2 3.45
3.55 2.22 4.24 3.46
3.46 2.13 4.49 3.62
3.56 2.35 4.11 3.46
3.56 2.0 4.69 3.69
3.56 2.33 4.13 3.46
3.6 2.19 4.31 3.5
3.52 2.29 4.22 3.51
3.42 2.0 4.71 3.71
3.61 2.21 4.32 3.53
3.59 1.91 4.54 3.45
3.65 2.44 3.96 3.4
3.49 2.31 4.3 3.61
3.48 2.18 4.5 3.68
3.48 2.47 4.19 3.66
3.5 2.38 4.1 3.48
3.52 2.19 4.26 3.45
3.53 2.35 4.11 3.46
3.42 2.03 4.49 3.52
3.44 2.18 4.32 3.5
3.66 2.23 4.21 3.44
3.55 1.98 4.42 3.4
3.47 2.25 4.45 3.7
3.54 2.24 4.38 3.62
3.58 2.17 4.3 3.47
3.58 2.37 4.04 3.41
3.62 2.24 4.24 3.48
3.49 2.38 4.05 3.43
3.54 2.53 3.92 3.45
3.63 2.29 4.11 3.4
3.44 2.23 4.54 3.77
3.56 2.23 4.23 3.46
3.56 2.2 4.34 3.54
3.58 2.28 4.29 3.57
3.42 2.11 4.33 3.44
3.69 2.58 3.86 3.44
3.39 2.32 4.37 3.69
3.58 2.34 4.09 3.43
3.56 2.1 4.58 3.68
3.52 2.06 4.6 3.66
3.47 2.01 4.54 3.55
3.51 1.85 4.73 3.58
3.53 2.23 4.29 3.52
3.46 2.21 4.49 3.7
3.62 2.27 4.26 3.53
3.65 2.38 3.93 3.31
3.5 2.31 4.21 3.52
3.58 2.33 4.22 3.55
3.57 2.52 4.04 3.56
3.5 2.23 4.17 3.4
3.43 2.26 4.48 3.74
3.37 2.3 4.49 3.79
3.52 2.24 4.23 3.47
3.6 2.09 4.64 3.73
3.5 2.28 4.11 3.39
3.6 2.09 4.37 3.46
3.64 2.33 4.1 3.43
3.6 2.57 3.93 3.5
3.48 2.12 4.22 3.34
3.63 2.25 4.16 3.41
3.58 2.14 4.44 3.58
3.53 2.39 4.14 3.53
3.64 2.29 4.48 3.77
3.54 2.13 4.32 3.45
3.57 2.25 4.17 3.42
3.46 1.96 4.62 3.58
3.59 2.13 4.35 3.48
3.6 2.35 4.08 3.43
3.47 2.1 4.64 3.74
3.57 2.49 3.96 3.45
3.56 2.16 4.42 3.58
3.54 2.31 4.3 3.61
3.59 2.39 4.18 3.57
3.47 1.93 4.58 3.51
3.58 2.38 4.05 3.43
3.52 2.26 4.35 3.61
3.42 1.98 4.59 3.57
3.66 1.89 4.65 3.54
3.52 2.26 4.14 3.4
3.42 2.35 4.34 3.69
3.72 2.41 4.05 3.46
3.59 2.36 4.19 3.55
3.47 2.29 4.41 3.7
3.63 2.36 4.05 3.41
3.5 2.21 4.33 3.54
3.62 2.34 4.27 3.61
3.62 2.17 4.27 3.44
3.57 2.33 4.08 3.41
3.44 2.18 4.47 3.65
3.65 2.36 4.04 3.4
3.61 2.09 4.34 3.43
3.51 1.92 4.68 3.6
3.56 2.4 4.23 3.63
3.61 2.37 4.0 3.37
3.38 2.07 4.59 3.66
3.57 2.23 4.25 3.48
3.56 1.98 4.32 3.3
3.65 2.74 3.8 3.54
3.6 2.3 4.14 3.44
3.45 2.3 4.38 3.68
3.48 1.95 4.63 3.58
3.62 2.42 4.09 3.51
3.49 2.02 4.47 3.49
3.59 2.33 4.24 3.57
3.59 2.22 4.44 3.66
3.68 2.43 3.75 3.18
3.55 2.24 4.04 3.28
3.47 2.31 4.4 3.71
3.55 2.18 4.47 3.65
3.56 2.27 4.19 3.46
3.49 2.28 4.27 3.55
3.57 2.26 4.36 3.62
3.58 2.65 4.02 3.67
3.52 2.19 4.4 3.59
3.56 2.24 4.21 3.45
3.49 2.16 4.35 3.51
3.44 2.15 4.66 3.81
3.65 2.44 4.05 3.49
3.57 2.17 4.29 3.46
3.57 2.43 4.25 3.68
3.5 2.03 4.54 3.57
3.51 2.21 4.48 3.69
3.61 2.37 3.95 3.32
3.48 2.28 4.19 3.47
3.49 1.96 4.63 3.59
3.47 2.4 4.09 3.49
3.4 2.24 4.39 3.63
3.4 2.05 4.68 3.73
3.55 2.24 4.25 3.49
3.5 2.09 4.35 3.44
3.63 2.27 4.34 3.61
3.55 2.14 4.52 3.66
3.67 2.26 4.1 3.36
3.43 2.24 4.29 3.53
3.51 2.18 4.6 3.78
3.47 2.41 4.31 3.72
3.58 2.34 4.11 3.45
3.63 2.45 4.22 3.67
3.54 2.22 4.3 3.52
3.57 2.26 4.25 3.51
3.43 2.27 4.17 3.44
3.39 2.07 4.8 3.87
3.7 2.03 4.45 3.48
3.55 2.1 4.45 3.55
3.46 2.01 4.57 3.58
3.51 2.12 4.47 3.59
3.52 2.02 4.55 3.57
3.64 2.4 4.06 3.46
3.39 2.08 4.71 3.79
3.67 2.77 3.71 3.48
3.55 2.23 4.17 3.4
3.72 2.61 3.89 3.5
3.63 2.07 4.59 3.66
3.51 2.15 4.48 3.63
3.65 2.49 4.2 3.69
3.64 2.57 3.95 3.52
3.54 2.21 4.33 3.54
3.48 2.11 4.47 3.58
3.64 2.16 4.42 3.58
3.56 2.36 4.17 3.53
3.44 2.24 4.44 3.68
3.63 2.45 4.13 3.58
3.58 2.29 4.23 3.52
3.62 2.2 4.21 3.41
3.57 2.45 4.02 3.47
3.45 2.07 4.49 3.56
3.49 2.18 4.46 3.64
3.59 2.29 4.3 3.59
3.49 2.06 4.52 3.58
3.39 2.03 4.45 3.48
3.55 2.01 4.47 3.48
3.45 2.31 4.3 3.61
3.67 2.32 4.11 3.43
3.5 2.14 4.36 3.5
3.56 2.15 4.29 3.44
3.52 2.1 4.46 3.56
3.5 2.19 4.4 3.59
3.56 2.3 4.33 3.63
3.45 1.93 4.7 3.63
3.44 1.97 4.74 3.71
3.52 2.13 4.55 3.68
3.64 2.38 4.11 3.49
3.7 2.48 3.95 3.43
3.69 2.25 4.12 3.37
3.57 2.18 4.34 3.52
3.48 2.15 4.48 3.63
3.43 2.5 4.12 3.62
3.61 2.2 4.33 3.53
3.58 2.28 4.2 3.48
3.41 2.2 4.55 3.75
3.47 2.44 4.03 3.47
3.58 2.17 4.31 3.48
3.49 2.27 4.24 3.51
3.6 2.1 4.28 3.38
3.47 2.05 4.51 3.56
3.5 2.57 4.1 3.67
3.49 2.27 4.29 3.56
3.62 2.12 4.29 3.41
3.57 2.59 3.97 3.56
3.6 2.24 4.15 3.39
3.71 2.54 4.12 3.66
3.52 2.31 4.33 3.64
3.47 2.06 4.41 3.47
3.66 2.4 3.97 3.37
3.62 2.25 4.23 3.48
3.55 2.3 4.35 3.65
3.44 2.2 4.35 3.55
3.5 2.11 4.36 3.47
3.56 2.24 4.21 3.45
3.64 2.24 4.36 3.6
3.58 2.08 4.35 3.43
3.61 2.28 4.1 3.38
3.46 2.07 4.41 3.48
3.6 2.25 4.3 3.55
3.52 2.11 4.54 3.65
3.59 2.01 4.59 3.6
3.56 2.4 4.07 3.47
3.49 2.31 4.23 3.54
3.62 2.41 4.14 3.55
3.58 2.09 4.53 3.62
3.46 2.11 4.51 3.62
3.62 2.37 4.12 3.49
3.57 2.05 4.42 3.47
3.63 2.26 4.02 3.28
3.6 2.34 4.19 3.53
3.54 2.27 4.43 3.7
3.547784 2.224486 4.31415 3.538636
