3.7 2.66 3.72 3.38
3.5 2.22 4.3 3.52
3.58 2.4 4.34 3.74
3.4 2.06 4.64 3.7
3.64 2.18 4.3 3.48
3.52 2.3 4.26 3.56
3.24 1.8 4.84 3.64
3.58 2.62 4.02 3.64
3.38 2.02 4.52 3.54
3.46 2.08 4.36 3.44
3.54 2.14 4.34 3.48
3.6 2.62 3.78 3.4
3.56 2.34 4.24 3.58
3.52 2.12 4.5 3.62
3.64 2.18 4.14 3.32
3.36 2.5 4.16 3.66
3.64 2.42 4.08 3.5
3.26 2.3 4.34 3.64
3.48 2.24 4.18 3.42
3.48 2.28 3.96 3.24
3.72 2.58 4.18 3.76
3.7 2.02 4.4 3.42
3.46 2.2 4.54 3.74
3.72 2.76 3.72 3.48
3.24 1.88 4.78 3.66
3.6 1.88 4.58 3.46
3.52 1.96 4.66 3.62
3.4 2.08 4.36 3.44
3.36 2.3 4.2 3.5
3.4 1.88 4.88 3.76
3.52 2.0 4.6 3.6
3.5 1.94 4.54 3.48
3.46 2.1 4.38 3.48
3.64 2.14 4.5 3.64
3.38 1.84 4.84 3.68
3.34 1.98 4.54 3.52
3.5 2.34 4.18 3.52
3.5 2.5 4.3 3.8
3.5 2.56 3.94 3.5
3.5 1.84 4.44 3.28
3.46 2.18 4.36 3.54
3.54 1.58 5.0 3.58
3.26 2.1 4.58 3.68
3.52 1.86 4.76 3.62
3.64 2.34 4.42 3.76
3.68 2.4 4.06 3.46
3.42 2.02 4.32 3.34
3.66 1.76 4.72 3.48
3.48 2.24 4.3 3.54
3.34 1.86 4.96 3.82
3.36 1.92 4.44 3.36
3.64 2.98 3.78 3.76
3.72 2.5 4.02 3.52
3.54 2.28 4.42 3.7
3.62 2.16 4.18 3.34
3.46 2.06 4.48 3.54
3.76 2.08 4.06 3.14
3.4 2.08 4.52 3.6
3.38 2.0 4.64 3.64
3.72 2.38 3.98 3.36
3.44 2.48 4.34 3.82
3.56 2.76 3.98 3.74
3.52 2.12 4.7 3.82
3.52 1.9 4.8 3.7
3.7 2.62 3.84 3.46
3.5 2.5 4.18 3.68
3.4 2.14 4.3 3.44
3.5 2.28 4.34 3.62
3.54 2.0 4.28 3.28
3.6 2.34 4.42 3.76
3.56 2.64 3.74 3.38
3.36 2.52 4.34 3.86
3.64 2.22 4.46 3.68
3.66 2.28 4.14 3.42
3.66 2.56 3.92 3.48
3.56 2.4 4.14 3.54
3.6 2.34 4.18 3.52
3.38 2.52 4.18 3.7
3.64 2.66 3.6 3.26
3.62 2.3 4.44 3.74
3.6 2.34 4.08 3.42
3.66 2.28 4.18 3.46
3.58 2.62 4.1 3.72
3.46 2.14 4.64 3.78
3.5 2.32 4.18 3.5
3.64 2.58 3.7 3.28
3.72 2.48 4.1 3.58
3.66 2.0 4.56 3.56
3.42 2.36 4.08 3.44
3.42 2.04 4.8 3.84
3.42 1.96 4.64 3.6
3.72 2.2 4.0 3.2
3.44 2.14 4.58 3.72
3.56 2.2 4.58 3.78
3.66 2.26 4.18 3.44
3.64 2.24 4.34 3.58
3.44 2.44 4.42 3.86
3.34 2.16 4.8 3.96
3.44 2.1 4.7 3.8
3.58 2.18 4.1 3.28
3.56 2.5 4.04 3.54
3.54 2.04 4.4 3.44
3.38 2.0 4.74 3.74
3.44 2.12 4.62 3.74
3.74 2.26 4.16 3.42
3.48 2.2 4.3 3.5
3.62 2.06 4.46 3.52
3.68 2.22 4.34 3.56
3.62 2.36 4.16 3.52
3.66 2.52 3.98 3.5
3.64 1.88 4.36 3.24
3.52 2.12 4.42 3.54
3.62 1.98 4.7 3.68
3.26 1.98 4.82 3.8
3.66 2.22 4.34 3.56
3.54 2.22 4.44 3.66
3.52 2.36 4.12 3.48
3.62 2.54 4.02 3.56
3.54 2.14 4.44 3.58
3.58 2.28 4.18 3.46
3.54 2.32 4.12 3.44
3.48 2.06 4.12 3.18
3.48 2.44 4.1 3.54
3.5 2.26 4.34 3.6
3.64 2.2 4.52 3.72
3.44 2.24 4.54 3.78
3.5 2.3 4.0 3.3
3.58 2.24 4.28 3.52
3.62 2.1 4.16 3.26
3.42 2.12 4.48 3.6
3.62 2.2 4.32 3.52
3.64 2.28 4.1 3.38
3.68 2.34 4.04 3.38
3.5 2.02 4.5 3.52
3.48 1.74 4.72 3.46
3.48 2.7 4.16 3.86
3.3 2.14 4.8 3.94
3.74 2.4 4.02 3.42
3.6 2.26 4.14 3.4
3.58 2.06 4.48 3.54
3.54 2.18 4.24 3.42
3.7 2.58 4.14 3.72
3.58 2.3 4.42 3.72
3.62 2.36 4.12 3.48
3.38 2.44 4.34 3.78
3.76 2.18 4.2 3.38
3.48 2.12 4.3 3.42
3.54 1.94 4.68 3.62
3.6 1.9 4.48 3.38
3.54 2.0 4.58 3.58
3.5 1.88 4.88 3.76
3.7 2.32 4.08 3.4
3.6 2.62 3.7 3.32
3.44 2.0 4.44 3.44
3.5 2.28 4.36 3.64
3.64 2.42 4.4 3.82
3.42 2.06 4.58 3.64
3.62 2.36 4.06 3.42
3.46 2.04 4.48 3.52
3.56 2.42 4.28 3.7
3.54 2.14 4.38 3.52
3.5 2.52 4.02 3.54
3.36 2.18 4.58 3.76
3.78 2.46 4.12 3.58
3.68 2.42 4.38 3.8
3.56 2.18 4.28 3.46
3.56 2.04 4.26 3.3
3.48 2.08 4.44 3.52
3.4 1.9 4.74 3.64
3.54 2.24 4.4 3.64
3.8 2.44 3.82 3.26
3.58 2.36 4.24 3.6
3.42 1.92 4.76 3.68
3.4 2.12 4.44 3.56
3.58 2.4 4.16 3.56
3.5 2.06 4.58 3.64
3.42 1.88 4.94 3.82
3.34 1.94 4.78 3.72
3.7 1.84 4.32 3.16
3.58 2.08 4.28 3.36
3.52 2.4 4.32 3.72
3.54 2.24 4.22 3.46
3.42 2.5 3.94 3.44
3.56 1.92 4.68 3.6
3.52 2.2 4.44 3.64
3.56 1.86 4.78 3.64
3.5 2.0 4.56 3.56
3.64 1.96 4.62 3.58
3.42 2.0 4.68 3.68
3.56 2.54 3.82 3.36
3.58 1.88 4.4 3.28
3.78 2.54 3.72 3.26
3.64 2.38 4.26 3.64
3.72 2.06 4.44 3.5
3.64 2.32 4.02 3.34
3.64 2.22 4.14 3.36
3.52 2.12 4.32 3.44
3.32 2.08 4.6 3.68
3.5 2.34 4.4 3.74
3.5 1.74 4.58 3.32
3.78 2.28 4.2 3.48
3.72 2.22 4.24 3.46
3.7 2.34 4.08 3.42
3.54 2.22 4.18 3.4
3.72 2.04 4.46 3.5
3.52 2.22 4.64 3.86
3.6 2.0 4.58 3.58
3.66 2.42 3.72 3.14
3.5 2.0 4.58 3.58
3.52 2.34 4.24 3.58
3.52 2.34 4.44 3.78
3.58 2.3 4.16 3.46
3.48 1.96 4.5 3.46
3.56 2.4 4.1 3.5
3.66 2.42 4.26 3.68
3.68 2.36 3.82 3.18
3.26 2.12 4.68 3.8
3.4 2.12 4.52 3.64
3.68 1.82 4.58 3.4
3.56 2.42 3.94 3.36
3.42 1.96 4.62 3.58
3.6 2.48 3.9 3.38
3.66 2.44 3.56 3.0
3.78 2.34 4.08 3.42
3.7 2.4 4.1 3.5
3.54 2.24 4.52 3.76
3.56 2.54 3.82 3.36
3.54 2.2 4.18 3.38
3.58 2.26 4.28 3.54
3.58 2.1 4.42 3.52
3.44 2.24 4.36 3.6
3.44 2.22 4.26 3.48
3.42 2.32 4.18 3.5
3.42 2.16 4.62 3.78
3.66 2.04 4.64 3.68
3.76 1.92 4.3 3.22
3.6 1.98 4.48 3.46
3.5 2.14 4.2 3.34
3.56 2.4 4.06 3.46
3.58 2.32 4.14 3.46
3.56 2.16 4.56 3.72
3.52 2.2 4.34 3.54
3.54 2.24 4.16 3.4
3.78 2.42 4.08 3.5
3.42 2.06 4.44 3.5
3.66 2.16 4.26 3.42
3.42 2.06 4.32 3.38
3.6 2.5 4.38 3.88
3.56 2.2 4.34 3.54
3.6 2.54 3.9 3.44
3.5 2.16 4.36 3.52
3.54 2.04 4.4 3.44
3.56 2.16 4.2 3.36
3.6 2.14 4.2 3.34
3.6 2.14 4.38 3.52
3.5 2.3 4.24 3.54
3.8 2.58 4.14 3.72
3.48 2.1 4.38 3.48
3.56 2.24 4.2 3.44
3.62 1.86 4.82 3.68
3.5 2.1 4.4 3.5
3.42 2.36 4.36 3.72
3.56 2.3 4.14 3.44
3.44 2.18 4.52 3.7
3.76 2.42 3.96 3.38
3.64 2.46 3.84 3.3
3.6 2.0 4.14 3.14
3.4 1.84 4.94 3.78
3.64 2.32 3.88 3.2
3.5 2.02 4.62 3.64
3.6 2.28 4.06 3.34
3.56 2.28 4.2 3.48
3.52 2.04 4.28 3.32
3.5 2.48 4.1 3.58
3.5 2.2 4.5 3.7
3.5 2.18 4.42 3.6
3.62 2.12 4.42 3.54
3.46 2.36 4.4 3.76
3.46 2.04 4.66 3.7
3.6 2.5 3.92 3.42
3.5 2.18 4.3 3.48
3.54 1.92 4.82 3.74
3.4 2.04 4.64 3.68
3.6 2.3 3.94 3.24
3.74 2.62 4.04 3.66
3.58 2.32 4.2 3.52
3.62 2.1 4.16 3.26
3.36 2.1 4.72 3.82
3.42 2.54 4.16 3.7
3.5 2.12 4.42 3.54
3.42 2.48 3.84 3.32
3.62 2.26 4.26 3.52
3.56 2.12 4.58 3.7
3.5 2.32 4.14 3.46
3.44 1.96 4.6 3.56
3.7 2.3 4.08 3.38
3.46 1.76 4.96 3.72
3.32 2.12 4.54 3.66
3.5 2.2 4.18 3.38
3.48 2.22 4.32 3.54
3.46 2.42 4.02 3.44
3.54 2.16 4.34 3.5
3.58 2.14 4.42 3.56
3.38 2.02 4.78 3.8
3.64 2.2 4.24 3.44
3.36 2.04 4.64 3.68
3.7 2.24 4.24 3.48
3.48 2.06 4.48 3.54
3.54 2.22 4.26 3.48
3.6 2.28 4.34 3.62
3.66 2.24 4.04 3.28
3.68 2.22 4.36 3.58
3.52 2.22 4.18 3.4
3.44 1.88 4.6 3.48
3.54 2.26 4.4 3.66
3.58 2.04 4.36 3.4
3.54 2.18 4.34 3.52
3.62 2.22 4.18 3.4
3.38 2.12 4.68 3.8
3.46 2.12 4.58 3.7
3.82 2.74 3.56 3.3
3.58 2.18 4.3 3.48
3.58 2.26 4.28 3.54
3.6 2.38 4.12 3.5
3.56 2.12 4.38 3.5
3.46 2.44 4.14 3.58
3.48 2.42 4.16 3.58
3.56 2.56 4.28 3.84
3.52 2.34 4.34 3.68
3.26 1.96 4.74 3.7
3.54 2.2 4.5 3.7
3.7 2.7 3.66 3.36
3.74 2.44 3.92 3.36
3.44 2.14 4.7 3.84
3.54 2.0 4.52 3.52
3.56 2.2 4.28 3.48
3.56 2.22 4.24 3.46
3.68 2.32 4.24 3.56
3.56 2.24 4.14 3.38
3.52 2.22 4.16 3.38
3.52 2.1 4.16 3.26
3.54 2.44 4.22 3.66
3.66 2.44 3.64 3.08
3.6 2.46 3.88 3.34
3.62 2.1 4.36 3.46
3.38 2.14 4.5 3.64
3.52 2.36 4.04 3.4
3.68 2.4 3.9 3.3
3.46 1.96 4.66 3.62
3.52 2.0 4.52 3.52
3.58 1.9 4.44 3.34
3.42 2.04 4.62 3.66
3.56 2.36 4.2 3.56
3.52 2.22 4.28 3.5
3.54 2.38 4.24 3.62
3.48 1.98 4.74 3.72
3.72 2.38 4.16 3.54
3.48 2.18 4.2 3.38
3.46 2.3 4.3 3.6
3.58 2.4 3.98 3.38
3.48 2.02 4.5 3.52
3.64 2.58 4.1 3.68
3.42 2.1 4.62 3.72
3.6 2.48 4.32 3.8
3.26 1.88 4.8 3.68
3.64 2.52 4.06 3.58
3.68 2.4 3.96 3.36
3.62 1.98 4.28 3.26
3.62 2.3 4.04 3.34
3.68 2.2 4.16 3.36
3.58 2.28 4.14 3.42
3.7 2.18 4.44 3.62
3.38 2.26 4.34 3.6
3.62 2.44 3.84 3.28
3.56 2.34 4.4 3.74
3.6 2.48 4.18 3.66
3.4 2.12 4.52 3.64
3.5 2.54 4.16 3.7
3.54 2.32 4.18 3.5
3.68 2.3 4.06 3.36
3.42 1.96 4.7 3.66
3.44 2.3 4.14 3.44
3.7 2.7 3.6 3.3
3.5 2.14 4.44 3.58
3.42 2.18 4.6 3.78
3.68 2.44 4.0 3.44
3.54 2.08 4.36 3.44
3.36 2.02 4.8 3.82
3.52 2.32 4.06 3.38
3.46 2.06 4.68 3.74
3.66 2.28 4.2 3.48
3.8 2.38 3.9 3.28
3.5 2.36 3.94 3.3
3.5 2.1 4.44 3.54
3.56 2.06 4.34 3.4
3.62 2.58 4.02 3.6
3.52 2.72 3.82 3.54
3.44 2.06 4.56 3.62
3.46 2.28 4.46 3.74
3.5 2.02 4.36 3.38
3.66 2.68 3.84 3.52
3.68 2.46 3.94 3.4
3.5 1.98 4.54 3.52
3.68 2.48 4.1 3.58
3.62 2.4 4.02 3.42
3.6 1.92 4.52 3.44
3.58 2.42 3.74 3.16
3.52 2.36 4.36 3.72
3.48 2.1 4.66 3.76
3.48 2.16 4.4 3.56
3.5 2.44 4.04 3.48
3.64 2.32 3.96 3.28
3.54 1.92 4.48 3.4
3.6 2.06 4.6 3.66
3.32 1.86 4.76 3.62
3.7 2.18 4.4 3.58
3.52 2.0 4.52 3.52
3.64 2.36 3.96 3.32
3.56 2.32 4.14 3.46
3.68 2.38 3.9 3.28
3.5 1.9 4.56 3.46
3.56 2.3 4.18 3.48
3.32 2.14 4.52 3.66
3.52 2.28 4.22 3.5
3.44 2.24 4.44 3.68
3.66 2.32 4.14 3.46
3.72 2.3 4.12 3.42
3.48 2.28 4.38 3.66
3.14 1.78 4.96 3.74
3.64 2.54 3.82 3.36
3.54 2.24 4.52 3.76
3.5 2.3 4.2 3.5
3.26 1.56 5.14 3.7
3.62 2.3 4.04 3.34
3.4 2.22 4.24 3.46
3.6 2.14 4.68 3.82
3.38 1.88 4.62 3.5
3.48 2.02 4.62 3.64
3.4 2.36 4.06 3.42
3.6 2.54 3.86 3.4
3.56 2.42 4.36 3.78
3.44 2.06 4.44 3.5
3.36 2.34 4.24 3.58
3.64 2.06 4.46 3.52
3.68 2.3 4.02 3.32
3.66 2.28 4.38 3.66
3.48 2.34 4.22 3.56
3.54 2.1 4.26 3.36
3.68 2.02 4.52 3.54
3.5 2.32 4.34 3.66
3.36 1.72 5.0 3.72
3.5 2.06 4.3 3.36
3.52 2.28 4.36 3.64
3.5 1.92 4.58 3.5
3.56 2.3 4.08 3.38
3.36 2.06 4.62 3.68
3.46 2.44 4.2 3.64
3.62 2.78 3.84 3.62
3.62 2.22 4.24 3.46
3.3 2.1 4.56 3.66
3.52 2.34 4.4 3.74
3.52 1.94 4.74 3.68
3.76 2.44 3.82 3.26
3.64 2.02 4.48 3.5
3.58 2.42 4.2 3.62
3.46 2.02 4.56 3.58
3.64 2.22 4.38 3.6
3.34 2.6 4.08 3.68
3.4 2.18 4.36 3.54
3.58 2.2 4.36 3.56
3.42 1.92 4.74 3.66
3.5 1.96 4.56 3.52
3.6 2.42 4.26 3.68
3.7 2.26 4.16 3.42
3.46 1.72 4.78 3.5
3.46 2.18 4.46 3.64
3.72 2.02 4.26 3.28
3.52 2.28 4.18 3.46
3.4 2.32 4.26 3.58
3.66 2.2 4.28 3.48
3.72 2.38 4.14 3.52
3.6 2.0 4.38 3.38
3.4 2.22 4.3 3.52
3.72 2.4 4.3 3.7
3.6 2.3 4.44 3.74
3.6 2.24 4.18 3.42
3.6 2.46 4.24 3.7
3.56 2.46 3.98 3.44
3.54 2.6 4.06 3.66
3.46 2.12 4.44 3.56
3.64 2.56 3.92 3.48
3.68 2.16 4.46 3.62
3.32 1.94 4.68 3.62
3.66 2.34 4.02 3.36
3.54 1.82 4.56 3.38
3.64 2.86 3.84 3.7
3.62 1.92 4.62 3.54
3.52 2.7 3.64 3.34
3.6 2.46 4.36 3.82
3.58 1.92 4.8 3.72
3.46 2.02 4.62 3.64
3.48 2.02 4.68 3.7
3.5 1.88 4.66 3.54
3.54 2.08 4.42 3.5
3.66 2.7 3.7 3.4
3.48 2.18 4.4 3.58
3.66 2.62 3.9 3.52
3.22 2.18 4.52 3.7
3.66 2.22 4.06 3.28
3.4 1.84 4.7 3.54
3.52 2.54 4.12 3.66
3.66 2.72 3.84 3.56
3.52 2.2 4.32 3.52
3.56 2.28 4.28 3.56
3.44 2.16 4.52 3.68
3.52 2.5 4.24 3.74
3.52 2.22 4.56 3.78
3.46 2.36 4.44 3.8
3.5 2.14 4.52 3.66
3.54 2.06 4.54 3.6
3.6 2.18 4.2 3.38
3.48 2.58 4.2 3.78
3.66 2.22 4.1 3.32
3.58 1.86 4.7 3.56
3.3 1.86 4.88 3.74
3.38 1.98 4.62 3.6
3.36 2.0 4.56 3.56
3.52 2.64 4.1 3.74
3.46 2.12 4.44 3.56
3.72 2.78 3.66 3.44
3.54 2.22 4.24 3.46
3.46 2.08 4.56 3.64
3.56 2.02 4.44 3.46
3.7 2.64 3.8 3.44
3.4 2.22 4.38 3.6
3.48 2.02 4.48 3.5
3.54 2.34 4.18 3.52
3.44 2.12 4.7 3.82
3.48 2.18 4.46 3.64
3.48 2.06 4.72 3.78
3.56 2.58 3.74 3.32
3.52 2.0 4.3 3.3
3.56 1.84 4.64 3.48
3.56 2.74 3.86 3.6
3.48 2.02 4.64 3.66
3.68 2.14 4.2 3.34
3.62 2.12 4.38 3.5
3.5 1.9 4.74 3.64
3.62 1.98 4.38 3.36
3.56 2.46 4.1 3.56
3.48 2.3 4.22 3.52
3.38 1.82 4.94 3.76
3.38 1.88 5.1 3.98
3.66 2.82 3.56 3.38
3.26 1.84 4.88 3.72
3.64 2.02 4.58 3.6
3.46 1.9 4.7 3.6
3.62 2.2 4.36 3.56
3.64 2.46 3.66 3.12
3.58 2.18 4.08 3.26
3.46 2.56 3.92 3.48
3.56 2.24 4.3 3.54
3.6 2.14 4.42 3.56
3.52 2.24 4.46 3.7
3.48 2.24 4.3 3.54
3.52 2.1 4.3 3.4
3.6 2.58 3.78 3.36
3.64 2.32 4.04 3.36
3.56 2.22 4.24 3.46
3.56 2.42 4.2 3.62
3.6 1.86 4.5 3.36
3.62 2.5 3.72 3.22
3.52 2.16 4.68 3.84
3.6 2.16 4.46 3.62
3.64 2.16 4.36 3.52
3.5 1.96 4.66 3.62
3.62 2.46 4.02 3.48
3.7 2.12 4.24 3.36
3.68 2.18 4.46 3.64
3.64 2.34 4.26 3.6
3.68 2.2 4.42 3.62
3.52 2.12 4.38 3.5
3.48 2.32 4.34 3.66
3.52 2.08 4.44 3.52
3.54 2.16 4.3 3.46
3.76 2.36 4.0 3.36
3.7 2.38 3.96 3.34
3.54 1.96 4.4 3.36
3.56 2.24 4.38 3.62
3.52 2.3 4.12 3.42
3.62 2.48 4.7 4.18
3.52 2.38 4.02 3.4
3.5 1.98 4.64 3.62
3.64 2.38 4.04 3.42
3.4 1.96 4.56 3.52
3.56 2.36 4.06 3.42
3.52 2.42 4.18 3.6
3.52 2.52 4.18 3.7
3.66 2.2 4.4 3.6
3.6 1.92 4.64 3.56
3.6 2.18 4.72 3.9
3.6 2.22 4.3 3.52
3.58 2.72 4.08 3.8
3.54 2.14 4.36 3.5
3.66 2.16 4.08 3.24
3.6 2.22 4.42 3.64
3.62 2.16 4.24 3.4
3.44 2.0 4.5 3.5
3.64 2.36 4.06 3.42
3.64 2.18 4.2 3.38
3.5 2.4 3.96 3.36
3.52 2.26 4.4 3.66
3.52 1.94 4.62 3.56
3.54 1.86 4.8 3.66
3.54 1.92 4.62 3.54
3.54 2.26 4.28 3.54
3.66 2.88 3.64 3.52
3.58 2.42 3.94 3.36
3.54 2.08 4.64 3.72
3.6 2.26 3.94 3.2
3.56 2.44 4.02 3.46
3.7 2.06 4.24 3.3
3.42 1.72 4.96 3.68
3.52 2.18 4.42 3.6
3.48 2.12 4.48 3.6
3.46 2.2 4.5 3.7
3.64 2.24 4.12 3.36
3.5 2.38 3.98 3.36
3.54 2.06 4.66 3.72
3.62 2.4 4.02 3.42
3.42 2.04 4.64 3.68
3.42 2.5 4.14 3.64
3.48 2.06 4.52 3.58
3.58 2.26 4.24 3.5
3.46 2.02 4.56 3.58
3.64 2.5 4.28 3.78
3.66 2.12 4.36 3.48
3.62 2.32 4.1 3.42
3.4 2.28 4.44 3.72
3.52 2.46 4.0 3.46
3.6 2.5 3.96 3.46
3.62 2.12 4.26 3.38
3.52 2.44 4.14 3.58
3.62 2.32 4.16 3.48
3.34 2.06 4.44 3.5
3.58 2.18 4.4 3.58
3.54 1.96 4.58 3.54
3.54 2.36 4.06 3.42
3.48 2.12 4.62 3.74
3.56 2.22 4.34 3.56
3.58 2.24 4.14 3.38
3.36 1.88 4.72 3.6
3.6 2.32 4.3 3.62
3.78 2.22 4.0 3.22
3.52 2.12 4.56 3.68
3.68 2.64 3.7 3.34
3.34 2.04 4.9 3.94
3.54 2.18 4.32 3.5
3.5 2.42 4.08 3.5
3.5 2.0 4.46 3.46
3.46 2.12 4.4 3.52
3.56 2.08 4.46 3.54
3.54 2.14 4.4 3.54
3.32 2.32 4.64 3.96
3.66 2.04 4.42 3.46
3.78 2.4 4.0 3.4
3.46 1.94 4.72 3.66
3.7 2.7 3.88 3.58
3.62 2.22 4.02 3.24
3.6 2.44 3.94 3.38
3.72 2.1 4.12 3.22
3.7 2.44 3.78 3.22
3.54 1.74 4.86 3.6
3.58 2.3 4.42 3.72
3.64 1.94 4.62 3.56
3.38 2.04 4.84 3.88
3.48 1.8 4.86 3.66
3.6 2.36 4.06 3.42
3.48 2.0 4.54 3.54
3.52 2.18 4.32 3.5
3.38 2.02 4.68 3.7
3.64 2.2 4.38 3.58
3.6 1.96 4.48 3.44
3.56 1.9 4.66 3.56
3.62 2.1 4.56 3.66
3.64 2.32 4.02 3.34
3.52 2.12 4.38 3.5
3.68 2.18 4.32 3.5
3.6 2.28 4.2 3.48
3.58 2.58 3.94 3.52
3.46 2.4 4.14 3.54
3.44 2.08 4.66 3.74
3.48 1.98 4.62 3.6
3.56 1.94 4.64 3.58
3.76 2.66 3.66 3.32
3.54 2.6 4.0 3.6
3.74 2.54 4.0 3.54
3.46 2.02 4.56 3.58
3.56 2.18 4.12 3.3
3.54 1.92 4.54 3.46
3.56 2.64 3.76 3.4
3.52 2.18 4.5 3.68
3.46 2.38 4.44 3.82
3.6 2.2 4.42 3.62
3.68 2.26 4.22 3.48
3.72 2.62 4.02 3.64
3.46 2.14 4.6 3.74
3.52 2.06 4.62 3.68
3.52 2.06 4.38 3.44
3.48 2.18 4.38 3.56
3.74 2.2 4.02 3.22
3.28 1.92 5.08 4.0
3.64 2.24 4.16 3.4
3.46 2.14 4.46 3.6
3.5 2.24 4.06 3.3
3.48 2.28 4.6 3.88
3.62 2.3 4.08 3.38
3.54 2.22 4.28 3.5
3.66 2.5 3.98 3.48
3.46 2.38 4.3 3.68
3.6 2.1 4.62 3.72
3.68 2.02 4.3 3.32
3.44 1.94 4.72 3.66
3.68 2.5 4.0 3.5
3.48 2.14 4.52 3.66
3.56 2.0 4.66 3.66
3.6 2.14 4.22 3.36
3.7 2.2 4.14 3.34
3.52 2.4 4.06 3.46
3.66 2.1 4.3 3.4
3.46 2.18 4.1 3.28
3.6 1.84 4.56 3.4
3.52 2.16 4.34 3.5
3.48 2.32 4.24 3.56
3.64 2.5 3.68 3.18
3.48 2.18 4.4 3.58
3.64 2.2 4.3 3.5
3.62 2.68 4.14 3.82
3.46 2.12 4.28 3.4
3.5 2.14 4.66 3.8
3.66 2.4 3.9 3.3
3.38 1.88 4.44 3.32
3.48 1.84 5.0 3.84
3.48 1.78 5.08 3.86
3.66 2.08 4.38 3.46
3.5 1.86 4.6 3.46
3.5 2.14 4.4 3.54
3.66 2.14 4.52 3.66
3.52 2.24 4.24 3.48
3.64 2.08 4.32 3.4
3.28 1.92 4.82 3.74
3.72 2.52 3.78 3.3
3.68 2.3 4.16 3.46
3.4 2.16 4.48 3.64
3.36 1.94 4.62 3.56
3.44 2.24 4.4 3.64
3.64 2.42 3.98 3.4
3.6 2.4 4.08 3.48
3.64 2.18 4.32 3.5
3.48 1.96 4.7 3.66
3.6 2.26 3.98 3.24
3.72 2.26 4.22 3.48
3.44 2.18 4.4 3.58
3.52 2.28 4.42 3.7
3.48 1.98 4.44 3.42
3.62 2.28 4.28 3.56
3.58 2.26 4.14 3.4
3.48 2.48 4.08 3.56
3.6 2.36 4.12 3.48
3.38 2.04 4.72 3.76
3.52 2.1 4.36 3.46
3.5 1.98 4.88 3.86
3.58 2.26 4.4 3.66
3.52 2.6 4.04 3.64
3.6 2.12 4.54 3.66
3.64 2.24 4.3 3.54
3.5 2.26 4.5 3.76
3.56 2.0 4.48 3.48
3.38 2.2 4.54 3.74
3.6 2.12 4.16 3.28
3.6 2.6 3.82 3.42
3.44 1.92 4.54 3.46
3.68 2.14 4.64 3.78
3.56 2.14 4.52 3.66
3.68 2.14 4.24 3.38
3.62 1.98 4.7 3.68
3.58 2.6 3.98 3.58
3.6 2.08 4.12 3.2
3.56 2.26 4.38 3.64
3.54 2.14 4.36 3.5
3.7 2.64 3.7 3.34
3.58 2.24 4.2 3.44
3.56 2.48 4.1 3.58
3.7 2.38 3.98 3.36
3.56 2.34 4.04 3.38
3.48 2.02 4.58 3.6
3.6 2.84 3.64 3.48
3.68 2.18 4.44 3.62
3.7 2.68 3.8 3.48
3.58 2.24 4.28 3.52
3.66 2.2 4.44 3.64
3.66 2.5 4.3 3.8
3.56 2.32 4.08 3.4
3.48 2.16 4.12 3.28
3.28 1.86 4.72 3.58
3.58 2.28 4.16 3.44
3.56 2.06 4.78 3.84
3.66 2.5 4.06 3.56
3.48 2.02 4.56 3.58
3.56 2.2 4.32 3.52
3.5 2.3 4.12 3.42
3.52 2.68 3.98 3.66
3.38 1.86 4.72 3.58
3.48 2.2 4.5 3.7
3.7 2.12 4.4 3.52
3.64 2.36 4.2 3.56
3.62 2.36 3.98 3.34
3.36 1.94 4.86 3.8
3.72 2.72 3.54 3.26
3.4 2.18 4.56 3.74
3.7 2.24 4.18 3.42
3.52 1.96 4.6 3.56
3.56 2.4 4.0 3.4
3.5 2.08 4.68 3.76
3.5 2.26 4.26 3.52
3.54 1.9 4.66 3.56
3.48 2.5 4.1 3.6
3.5 2.08 4.44 3.52
3.62 2.26 4.18 3.44
3.66 2.14 4.38 3.52
3.46 2.46 3.98 3.44
3.7 2.22 4.16 3.38
3.5 2.32 4.5 3.82
3.56 2.54 4.06 3.6
3.64 2.34 4.2 3.54
3.48 2.1 4.38 3.48
3.74 2.32 4.16 3.48
3.54 2.22 4.34 3.56
3.58 2.22 4.36 3.58
3.54 2.32 4.08 3.4
3.68 2.4 3.86 3.26
3.66 2.26 4.68 3.94
3.66 2.24 4.26 3.5
3.6 1.9 4.88 3.78
3.38 2.22 4.48 3.7
3.64 2.32 4.26 3.58
3.64 2.12 4.42 3.54
3.58 2.08 4.42 3.5
3.68 2.52 3.84 3.36
3.72 2.44 4.06 3.5
3.68 2.32 3.8 3.12
3.6 2.32 4.18 3.5
3.64 1.78 4.66 3.44
3.52 1.86 4.62 3.48
3.4 2.18 4.42 3.6
3.46 1.98 4.54 3.52
3.56 2.14 4.12 3.26
3.72 1.92 4.62 3.54
3.32 2.66 4.08 3.74
3.7 2.46 3.96 3.42
3.58 2.38 3.94 3.32
3.44 2.22 4.68 3.9
3.64 2.16 4.24 3.4
3.72 2.24 4.12 3.36
3.52 2.38 4.22 3.6
3.5 2.0 4.66 3.66
3.54 2.06 4.48 3.54
3.6 1.96 4.66 3.62
3.52 2.22 4.44 3.66
3.7 2.24 4.24 3.48
3.68 2.26 4.12 3.38
3.68 2.14 4.68 3.82
3.48 2.2 4.38 3.58
3.44 2.12 4.68 3.8
3.44 2.42 4.44 3.86
3.58 2.26 4.22 3.48
3.56 1.92 4.5 3.42
3.56 2.62 3.82 3.44
3.56 2.2 4.28 3.48
3.52 1.92 4.52 3.44
3.58 2.04 4.88 3.92
3.52 1.98 4.68 3.66
3.44 2.24 4.18 3.42
3.54 2.4 4.52 3.92
3.58 2.16 4.34 3.5
3.58 2.36 4.08 3.44
3.6 2.16 4.38 3.54
3.56 2.18 4.36 3.54
3.54 2.48 4.24 3.72
3.6 2.1 4.34 3.44
3.58 2.28 4.1 3.38
3.58 2.34 4.1 3.44
3.52 2.3 4.46 3.76
3.52 2.2 4.48 3.68
3.44 2.18 4.32 3.5
3.46 2.14 4.52 3.66
3.56 1.9 4.52 3.42
3.62 2.04 4.42 3.46
3.6 2.26 4.28 3.54
3.68 2.44 4.02 3.46
3.54 2.26 4.56 3.82
3.58 2.14 4.2 3.34
3.58 2.14 4.6 3.74
3.6 2.1 4.42 3.52
3.56 2.28 4.38 3.66
3.74 2.5 3.68 3.18
3.5 2.26 4.38 3.64
3.52 2.04 4.58 3.62
3.72 2.2 4.28 3.48
3.58 2.26 4.12 3.38
3.56 2.14 4.38 3.52
3.58 2.42 4.1 3.52
3.62 2.16 4.36 3.52
3.7 2.1 4.3 3.4
3.42 2.04 4.48 3.52
3.54 2.24 4.32 3.56
3.5 2.14 4.5 3.64
3.48 1.92 4.8 3.72
3.66 2.16 4.42 3.58
3.62 2.14 4.3 3.44
3.52 2.08 4.52 3.6
3.32 2.02 4.56 3.58
3.58 1.96 4.5 3.46
3.48 1.94 4.74 3.68
3.76 2.34 4.04 3.38
3.7 1.98 4.44 3.42
3.6 2.18 4.4 3.58
3.4 1.88 4.84 3.72
3.68 2.08 4.26 3.34
3.52 2.36 4.02 3.38
3.52 2.12 4.62 3.74
3.56 2.14 4.3 3.44
3.38 2.22 4.78 4.0
3.62 2.6 4.06 3.66
3.38 2.0 4.7 3.7
3.6 2.46 4.02 3.48
3.64 2.08 4.38 3.46
3.5 2.36 4.02 3.38
3.62 2.38 4.18 3.56
3.62 2.54 4.04 3.58
3.56 1.64 4.86 3.5
3.46 2.3 4.24 3.54
3.42 2.3 4.42 3.72
3.56 2.0 4.54 3.54
3.66 2.58 3.86 3.44
3.46 2.36 4.22 3.58
3.52 2.14 4.16 3.3
3.38 1.76 5.02 3.78
3.58 2.4 4.2 3.6
3.6 2.42 4.14 3.56
3.6 2.14 4.28 3.42
3.66 2.44 3.92 3.36
3.58 2.04 4.32 3.36
3.64 2.26 4.12 3.38
3.62 2.04 4.56 3.6
3.48 2.38 4.14 3.52
3.5 2.28 4.3 3.58
3.64 2.12 4.42 3.54
3.7 2.4 3.9 3.3
3.5 2.12 4.4 3.52
3.54 2.44 4.24 3.68
3.56 1.78 4.54 3.32
3.58 2.42 4.04 3.46
3.4 2.3 4.04 3.34
3.58 1.94 4.7 3.64
3.64 2.46 3.96 3.42
3.64 2.54 3.82 3.36
3.64 2.52 3.78 3.3
3.72 2.14 4.04 3.18
3.66 2.46 3.98 3.44
3.5 1.98 4.38 3.36
3.74 2.58 4.02 3.6
3.7 2.58 3.76 3.34
3.32 2.3 4.68 3.98
3.56 2.36 4.12 3.48
3.34 2.04 4.72 3.76
3.34 2.26 4.42 3.68
3.58 2.12 4.42 3.54
3.54 2.38 4.28 3.66
3.6 2.44 3.94 3.38
3.56 2.1 4.44 3.54
3.58 2.18 4.32 3.5
3.54 2.2 4.26 3.46
3.66 2.36 4.06 3.42
3.62 2.58 3.84 3.42
3.52 2.38 4.24 3.62
3.64 2.36 3.98 3.34
3.48 2.06 4.64 3.7
3.5 2.18 4.4 3.58
3.56 2.0 4.46 3.46
3.54 2.44 4.24 3.68
3.6 2.44 3.96 3.4
3.5 2.12 4.5 3.62
3.52 2.04 4.74 3.78
3.64 2.18 4.36 3.54
3.54 1.94 4.68 3.62
3.42 1.98 4.62 3.6
3.5 2.34 4.14 3.48
3.58 2.18 4.22 3.4
3.56 2.42 4.52 3.94
3.6 2.46 3.9 3.36
3.6 2.48 3.96 3.44
3.62 2.42 3.98 3.4
3.44 1.78 4.9 3.68
3.56 2.38 3.92 3.3
3.54 2.46 4.1 3.56
3.58 2.14 4.44 3.58
3.46 2.26 4.44 3.7
3.4 2.0 4.42 3.42
3.34 2.36 4.18 3.54
3.66 2.3 4.18 3.48
3.32 1.88 4.98 3.86
3.7 2.3 4.04 3.34
3.72 2.56 3.86 3.42
3.56 2.38 3.92 3.3
3.58 2.2 4.5 3.7
3.66 2.3 4.26 3.56
3.58 2.48 4.2 3.68
3.34 2.02 4.86 3.88
3.66 2.1 4.14 3.24
3.5 2.18 4.36 3.54
3.6 2.4 3.96 3.36
3.46 2.2 4.42 3.62
3.5 2.56 3.98 3.54
3.52 2.32 4.12 3.44
3.54 2.16 4.32 3.48
3.68 2.22 4.1 3.32
3.7 2.24 4.16 3.4
3.54 2.5 4.12 3.62
3.54 2.2 4.22 3.42
3.74 2.44 3.98 3.42
3.54 2.2 4.46 3.66
3.42 2.08 4.62 3.7
3.64 2.1 4.48 3.58
3.48 2.16 4.3 3.46
3.56 2.34 3.9 3.24
3.42 2.18 4.3 3.48
3.54 2.04 4.42 3.46
3.48 1.98 4.68 3.66
3.72 2.24 4.0 3.24
3.68 2.08 4.12 3.2
3.54 2.14 4.38 3.52
3.5 2.18 4.34 3.52
3.52 1.92 4.68 3.6
3.68 2.38 4.14 3.52
3.58 2.04 4.36 3.4
3.56 1.9 4.44 3.34
3.38 2.1 4.42 3.52
3.58 2.06 4.1 3.16
3.4 1.72 5.0 3.72
3.36 2.42 4.2 3.62
3.6 2.18 4.28 3.46
3.5 1.86 4.64 3.5
3.56 2.38 4.14 3.52
3.48 2.06 4.66 3.72
3.72 2.36 4.22 3.58
3.48 2.1 4.38 3.48
3.6 2.08 4.18 3.26
3.52 2.12 4.38 3.5
3.6 2.14 4.5 3.64
3.64 2.2 4.14 3.34
3.76 2.28 3.98 3.26
3.5 2.06 4.54 3.6
3.42 1.9 4.82 3.72
3.56 2.16 4.62 3.78
3.36 2.0 4.94 3.94
3.5 2.06 4.52 3.58
3.64 2.5 4.02 3.52
3.52 2.36 4.46 3.82
3.52 2.32 4.48 3.8
3.54 2.0 4.48 3.48
3.4 2.18 4.36 3.54
3.24 1.92 4.74 3.66
3.5 2.04 4.74 3.78
3.58 1.98 4.3 3.28
3.58 1.84 4.42 3.26
3.52 2.56 3.86 3.42
3.56 2.02 4.46 3.48
3.48 2.2 4.42 3.62
3.56 2.18 4.26 3.44
3.5 1.76 4.76 3.52
3.58 2.14 4.56 3.7
3.66 2.26 4.06 3.32
3.44 2.36 4.06 3.42
3.6 2.62 3.94 3.56
3.66 2.32 4.3 3.62
3.6 2.32 4.24 3.56
3.48 2.26 4.28 3.54
3.5 2.36 4.2 3.56
3.64 2.26 4.1 3.36
3.48 2.2 4.2 3.4
3.68 2.12 4.28 3.4
3.6 2.26 4.14 3.4
3.56 2.18 4.16 3.34
3.28 2.2 4.54 3.74
3.54 2.24 4.16 3.4
3.64 2.34 4.48 3.82
3.5 2.36 4.22 3.58
3.54 2.44 4.02 3.46
3.64 2.22 4.1 3.32
3.4 1.68 5.04 3.72
3.56 1.98 4.56 3.54
3.66 2.12 4.56 3.68
3.62 2.6 4.08 3.68
3.6 2.3 4.58 3.88
3.48 2.32 4.28 3.6
3.7 2.2 4.12 3.32
3.5 2.26 4.24 3.5
3.66 2.46 4.24 3.7
3.64 2.06 4.54 3.6
3.58 2.38 4.38 3.76
3.56 2.14 4.5 3.64
3.46 2.28 4.2 3.48
3.62 2.08 4.3 3.38
3.64 2.52 4.06 3.58
3.52 2.16 4.26 3.42
3.4 2.12 4.54 3.66
3.4 1.78 4.82 3.6
3.52 2.28 4.32 3.6
3.54 2.26 4.26 3.52
3.64 2.58 3.96 3.54
3.54 2.24 4.28 3.52
3.46 2.3 4.12 3.42
3.5 2.34 4.18 3.52
3.64 2.12 4.42 3.54
3.48 2.4 4.08 3.48
3.52 2.32 4.26 3.58
3.58 2.42 4.2 3.62
3.4 2.06 4.24 3.3
3.76 2.68 3.82 3.5
3.52 2.12 4.6 3.72
3.52 2.26 4.0 3.26
3.76 2.64 4.0 3.64
3.46 2.0 4.48 3.48
3.68 2.36 4.12 3.48
3.58 2.08 4.58 3.66
3.6 2.28 4.16 3.44
3.72 2.72 3.76 3.48
3.68 2.52 3.88 3.4
3.54 2.2 4.38 3.58
3.46 2.54 4.12 3.66
3.64 2.52 3.98 3.5
3.52 2.28 4.16 3.44
3.54 2.36 4.2 3.56
3.66 2.52 3.64 3.16
3.52 2.3 4.32 3.62
3.68 2.5 3.92 3.42
3.58 2.18 4.32 3.5
3.52 2.06 4.46 3.52
3.48 2.4 4.28 3.68
3.48 2.4 4.2 3.6
3.38 2.24 4.34 3.58
3.52 2.34 4.02 3.36
3.34 2.26 4.58 3.84
3.62 2.44 4.12 3.56
3.46 2.4 4.02 3.42
3.6 2.34 4.12 3.46
3.54 1.98 4.52 3.5
3.5 2.48 4.04 3.52
3.54 1.92 4.48 3.4
3.46 2.1 4.44 3.54
3.58 2.3 4.1 3.4
3.52 2.28 4.3 3.58
3.54 2.2 4.48 3.68
3.68 2.12 4.34 3.46
3.7 2.42 4.18 3.6
3.48 2.6 4.14 3.74
3.36 1.94 4.88 3.82
3.68 2.28 4.08 3.36
3.58 2.02 4.44 3.46
3.42 2.32 4.18 3.5
3.54 1.84 4.66 3.5
3.58 2.02 4.48 3.5
3.66 2.38 3.98 3.36
3.64 2.34 4.12 3.46
3.42 2.08 4.92 4.0
3.64 2.1 4.12 3.22
3.5 2.46 4.22 3.68
3.58 1.72 4.84 3.56
3.42 2.16 4.16 3.32
3.58 1.98 4.46 3.44
3.56 2.2 3.96 3.16
3.5 1.96 4.7 3.66
3.54 2.24 4.26 3.5
3.68 2.46 3.92 3.38
3.38 2.2 4.74 3.94
3.64 2.14 4.28 3.42
3.48 1.92 4.72 3.64
3.62 2.0 4.58 3.58
3.6 2.2 4.18 3.38
3.56 2.06 4.54 3.6
3.62 2.38 4.14 3.52
3.66 2.38 4.1 3.48
3.6 2.3 4.28 3.58
3.48 2.22 4.32 3.54
3.4 2.34 4.54 3.88
3.36 2.0 4.68 3.68
3.54 2.58 3.98 3.56
3.42 2.24 4.4 3.64
3.6 2.36 4.32 3.68
3.52 2.32 4.24 3.56
3.62 2.2 4.32 3.52
3.32 2.14 4.56 3.7
3.48 2.68 4.0 3.68
3.7 2.14 4.1 3.24
3.56 2.26 4.06 3.32
3.42 2.24 4.42 3.66
3.56 2.02 4.62 3.64
3.48 2.28 4.12 3.4
3.46 2.4 4.16 3.56
3.58 2.46 3.96 3.42
3.54 2.12 4.62 3.74
3.64 2.06 4.32 3.38
3.44 2.32 4.28 3.6
3.74 2.38 4.14 3.52
3.6 2.14 4.28 3.42
3.46 1.94 4.8 3.74
3.38 2.12 4.42 3.54
3.56 2.2 4.18 3.38
3.42 2.22 4.32 3.54
3.62 2.36 4.16 3.52
3.56 2.46 3.92 3.38
3.66 2.4 3.98 3.38
3.62 2.36 4.0 3.36
3.6 2.28 4.42 3.7
3.38 1.94 4.62 3.56
3.44 1.96 4.78 3.74
3.72 2.44 4.24 3.68
3.5 2.14 4.42 3.56
3.68 2.24 4.08 3.32
3.5 2.02 4.54 3.56
3.54 2.3 4.2 3.5
3.52 1.94 4.52 3.46
3.56 2.18 4.5 3.68
3.6 2.38 4.2 3.58
3.58 2.4 3.88 3.28
3.68 2.12 4.48 3.6
3.64 2.46 3.92 3.38
3.48 2.22 4.32 3.54
3.64 2.7 3.72 3.42
3.62 1.94 4.6 3.54
3.54 2.4 4.3 3.7
3.58 2.56 4.06 3.62
3.62 2.92 3.74 3.66
3.48 2.36 4.46 3.82
3.6 1.82 4.6 3.42
3.54 2.08 4.68 3.76
3.38 1.84 5.14 3.98
3.54 2.12 4.42 3.54
3.62 2.22 4.18 3.4
3.44 2.06 4.66 3.72
3.56 1.98 4.46 3.44
3.56 2.06 4.5 3.56
3.58 2.08 4.4 3.48
3.64 2.22 4.36 3.58
3.56 2.14 4.32 3.46
3.48 2.26 4.26 3.52
3.36 1.9 4.66 3.56
3.48 2.04 4.78 3.82
3.72 2.32 4.14 3.46
3.56 2.2 4.32 3.52
3.54 2.22 4.3 3.52
3.66 2.4 3.8 3.2
3.52 2.04 4.34 3.38
3.44 2.1 4.6 3.7
3.56 1.76 4.9 3.66
3.64 2.5 4.02 3.52
3.6 2.26 4.3 3.56
3.48 2.42 4.14 3.56
3.6 2.56 3.9 3.46
3.4 2.12 4.54 3.66
3.64 2.56 3.78 3.34
3.5 1.94 4.38 3.32
3.54 2.14 4.42 3.56
3.48 2.5 3.96 3.46
3.42 2.18 4.36 3.54
3.36 2.14 4.52 3.66
3.48 2.08 4.44 3.52
3.68 2.22 4.34 3.56
3.54 2.4 4.34 3.74
3.4 1.62 5.1 3.72
3.64 2.3 4.24 3.54
3.66 2.52 4.02 3.54
3.32 2.26 4.36 3.62
3.56 2.24 4.64 3.88
3.44 2.48 3.98 3.46
3.62 2.34 4.08 3.42
3.58 2.38 4.08 3.46
3.72 2.26 4.0 3.26
3.52 2.38 4.24 3.62
3.58 2.38 3.8 3.18
3.38 1.96 4.68 3.64
3.64 2.42 3.86 3.28
3.48 2.3 4.28 3.58
3.6 2.58 3.82 3.4
3.48 2.02 4.6 3.62
3.64 2.06 4.38 3.44
3.64 2.4 4.08 3.48
3.54 2.4 4.1 3.5
3.62 2.28 4.32 3.6
3.62 1.96 4.56 3.52
3.46 2.3 4.28 3.58
3.56 2.34 4.22 3.56
3.58 2.5 3.98 3.48
3.46 2.16 4.26 3.42
3.48 2.44 4.12 3.56
3.52 2.24 4.3 3.54
3.6 2.34 4.24 3.58
3.7 2.88 3.34 3.22
3.5 2.44 4.14 3.58
3.46 2.1 4.42 3.52
3.54 2.0 4.66 3.66
3.56 2.44 4.12 3.56
3.56 2.48 4.12 3.6
3.74 2.08 4.46 3.54
3.5 2.16 4.34 3.5
3.72 2.2 4.02 3.22
3.58 2.48 3.74 3.22
3.7 2.34 4.04 3.38
3.68 2.28 4.42 3.7
3.46 2.16 4.22 3.38
3.48 2.14 4.18 3.32
3.54 2.1 4.48 3.58
3.42 1.88 4.78 3.66
3.58 2.12 4.16 3.28
3.52 2.16 4.26 3.42
3.64 2.28 4.02 3.3
3.56 2.28 4.24 3.52
3.42 2.04 4.5 3.54
3.54 2.2 4.52 3.72
3.56 2.44 4.22 3.66
3.52 2.08 4.64 3.72
3.46 2.18 4.48 3.66
3.46 2.08 4.62 3.7
3.48 1.92 5.08 4.0
3.56 2.16 4.2 3.36
3.46 1.9 4.56 3.46
3.54 2.5 3.98 3.48
3.56 2.06 4.4 3.46
3.52 2.24 4.48 3.72
3.58 2.48 3.96 3.44
3.58 2.3 4.38 3.68
3.58 2.24 4.36 3.6
3.58 2.52 4.14 3.66
3.32 1.9 4.78 3.68
3.7 2.36 3.92 3.28
3.74 2.36 4.14 3.5
3.54 2.62 4.02 3.64
3.56 2.18 4.4 3.58
3.7 2.6 3.72 3.32
3.56 2.3 4.36 3.66
3.56 2.54 3.98 3.52
3.64 2.36 3.86 3.22
3.7 2.12 4.38 3.5
3.6 2.36 4.04 3.4
3.5 2.14 4.6 3.74
3.64 2.2 4.3 3.5
3.46 2.08 4.4 3.48
3.54 2.02 4.5 3.52
3.48 2.2 4.7 3.9
3.58 1.9 4.6 3.5
3.6 2.18 4.44 3.62
3.66 2.44 4.34 3.78
3.6 2.1 4.32 3.42
3.56 2.06 4.3 3.36
3.42 2.42 4.04 3.46
3.5 2.42 4.06 3.48
3.54 2.34 4.3 3.64
3.5 2.18 4.34 3.52
3.34 2.14 4.66 3.8
3.42 2.12 4.5 3.62
3.56 2.04 4.38 3.42
3.66 2.74 3.66 3.4
3.46 2.0 4.72 3.72
3.54 2.28 4.34 3.62
3.78 2.12 4.44 3.56
3.46 2.08 4.46 3.54
3.5 2.1 4.34 3.44
3.54 2.12 4.52 3.64
3.6 2.02 4.4 3.42
3.5 1.9 4.62 3.52
3.54 2.44 4.08 3.52
3.48 2.44 4.22 3.66
3.56 2.18 4.28 3.46
3.66 2.28 4.46 3.74
3.7 2.56 4.14 3.7
3.54 2.12 4.08 3.2
3.24 1.84 4.94 3.78
3.66 2.34 4.0 3.34
3.52 2.28 4.4 3.68
3.36 1.72 5.08 3.8
3.54 2.28 4.22 3.5
3.6 2.3 4.4 3.7
3.2 2.14 4.38 3.52
3.64 2.56 4.2 3.76
3.54 2.22 4.04 3.26
3.5 2.38 4.06 3.44
3.66 2.64 3.86 3.5
3.58 1.88 4.6 3.48
3.54 2.18 4.44 3.62
3.56 2.3 4.34 3.64
3.54 2.3 4.18 3.48
3.44 2.34 4.24 3.58
3.52 2.38 4.38 3.76
3.68 2.28 3.82 3.1
3.62 2.2 4.32 3.52
3.5 1.8 4.66 3.46
3.42 2.06 4.4 3.46
3.54 2.32 4.28 3.6
3.68 2.24 3.84 3.08
3.42 1.94 4.46 3.4
3.56 2.46 3.92 3.38
3.56 2.82 4.0 3.82
3.58 2.26 4.08 3.34
3.52 2.42 4.26 3.68
3.7 2.5 3.94 3.44
3.58 2.54 4.28 3.82
3.44 1.94 4.7 3.64
3.42 2.34 4.36 3.7
3.48 2.34 4.0 3.34
3.54 2.02 4.32 3.34
3.56 2.12 4.54 3.66
3.46 2.06 4.74 3.8
3.82 2.62 3.78 3.4
3.32 1.9 5.1 4.0
3.62 2.28 4.42 3.7
3.66 2.3 4.08 3.38
3.6 2.3 4.08 3.38
3.52 2.1 4.48 3.58
3.48 1.98 4.62 3.6
3.7 2.66 3.86 3.52
3.58 2.14 4.54 3.68
3.5 2.44 4.42 3.86
3.68 2.1 4.44 3.54
3.6 2.22 4.22 3.44
3.72 2.58 3.86 3.44
3.52 2.14 4.6 3.74
3.46 2.06 4.3 3.36
3.54 2.12 4.32 3.44
3.52 2.66 3.74 3.4
3.64 2.64 3.86 3.5
3.54 1.96 4.58 3.54
3.48 2.32 4.16 3.48
3.52 2.4 4.36 3.76
3.62 2.06 4.38 3.44
3.46 2.06 4.62 3.68
3.52 2.42 4.16 3.58
3.66 2.38 4.06 3.44
3.58 2.26 4.18 3.44
3.68 2.34 4.16 3.5
3.52 2.36 4.26 3.62
3.6 2.1 4.18 3.28
3.58 2.02 4.4 3.42
3.48 2.4 4.24 3.64
3.64 2.14 4.34 3.48
3.42 2.34 4.2 3.54
3.56 2.18 4.32 3.5
3.58 2.18 4.48 3.66
3.36 2.12 4.44 3.56
3.5 1.84 4.94 3.78
3.5 1.88 4.68 3.56
3.6 2.28 4.3 3.58
3.64 2.16 4.08 3.24
3.5 2.32 4.16 3.48
3.48 1.86 5.0 3.86
3.5 2.06 4.56 3.62
3.5 1.78 4.68 3.46
3.64 2.04 4.5 3.54
3.68 2.44 4.18 3.62
3.58 2.18 4.32 3.5
3.56 2.14 4.06 3.2
3.46 2.14 4.74 3.88
3.38 1.86 4.86 3.72
3.6 2.26 4.5 3.76
3.54 2.46 4.0 3.46
3.46 2.18 4.2 3.38
3.46 2.14 4.16 3.3
3.6 2.24 4.2 3.44
3.52 2.02 4.5 3.52
3.66 2.32 4.24 3.56
3.52 2.16 4.78 3.94
3.52 2.3 4.22 3.52
3.5 1.98 4.58 3.56
3.42 1.98 4.56 3.54
3.62 2.3 4.28 3.58
3.56 2.32 4.04 3.36
3.54 2.52 4.0 3.52
3.56 2.78 3.74 3.52
3.46 2.02 4.5 3.52
3.7 2.24 4.14 3.38
3.38 2.02 4.52 3.54
3.68 2.52 3.82 3.34
3.52 1.94 4.72 3.66
3.66 2.5 3.9 3.4
3.62 2.24 4.22 3.46
3.62 2.02 4.56 3.58
3.54 2.26 4.44 3.7
3.56 2.38 4.16 3.54
3.36 2.1 4.56 3.66
3.6 2.38 4.2 3.58
3.56 2.38 4.02 3.4
3.44 2.44 4.08 3.52
3.42 1.8 4.72 3.52
3.62 2.22 4.2 3.42
3.48 2.22 4.32 3.54
3.6 2.48 4.28 3.76
3.56 1.88 4.72 3.6
3.6 2.02 4.54 3.56
3.48 2.1 4.4 3.5
3.66 2.6 3.82 3.42
3.4 2.08 4.6 3.68
3.6 1.86 4.58 3.44
3.62 2.1 4.4 3.5
3.7 2.58 3.82 3.4
3.32 1.6 5.04 3.64
3.58 2.5 3.88 3.38
3.66 2.32 3.96 3.28
3.64 2.3 3.98 3.28
3.74 2.38 4.06 3.44
3.6 2.5 3.94 3.44
3.6 2.1 4.58 3.68
3.32 1.94 4.86 3.8
3.56 2.1 4.32 3.42
3.56 2.02 4.5 3.52
3.42 2.12 4.48 3.6
3.64 2.12 4.18 3.3
3.46 2.24 4.24 3.48
3.52 2.1 4.32 3.42
3.5 2.2 4.32 3.52
3.28 1.96 4.8 3.76
3.58 2.6 4.2 3.8
3.46 2.46 4.28 3.74
3.5 2.38 4.1 3.48
3.64 2.26 4.0 3.26
3.52 2.52 4.0 3.52
3.66 2.54 3.84 3.38
3.72 2.18 4.06 3.24
3.62 2.22 4.26 3.48
3.58 2.38 4.1 3.48
3.68 2.2 4.42 3.62
3.54 2.36 4.32 3.68
3.54 2.7 3.92 3.62
3.56 2.38 4.1 3.48
3.52 2.2 4.16 3.36
3.6 2.14 4.36 3.5
3.52 2.14 4.72 3.86
3.7 2.06 4.16 3.22
3.46 2.14 4.3 3.44
3.62 2.58 3.74 3.32
3.52 2.34 4.0 3.34
3.64 1.92 4.82 3.74
3.56 2.46 4.2 3.66
3.68 2.44 4.06 3.5
3.66 2.5 3.66 3.16
3.68 2.1 4.52 3.62
3.72 2.34 4.16 3.5
3.56 1.92 4.64 3.56
3.64 2.4 4.32 3.72
3.38 2.28 4.42 3.7
3.58 1.9 4.52 3.42
3.62 2.38 4.12 3.5
3.54 2.44 4.12 3.56
3.64 2.04 4.32 3.36
3.66 2.12 4.32 3.44
3.32 2.12 4.3 3.42
3.54 2.36 4.12 3.48
3.36 1.9 4.78 3.68
3.62 2.12 4.24 3.36
3.62 2.22 4.34 3.56
3.46 2.1 4.54 3.64
3.52 2.18 4.34 3.52
3.6 2.1 4.28 3.38
3.74 2.16 4.14 3.3
3.66 2.36 4.0 3.36
3.62 2.32 3.98 3.3
3.62 2.32 4.18 3.5
3.6 2.14 4.34 3.48
3.42 2.04 4.42 3.46
3.22 2.06 4.9 3.96
3.66 1.98 4.46 3.44
3.4 1.68 5.24 3.92
3.66 2.52 4.1 3.62
3.66 2.3 4.42 3.72
3.5 2.24 4.36 3.6
3.56 2.12 4.72 3.84
3.54 2.2 4.42 3.62
3.62 2.28 4.36 3.64
3.5 2.28 4.04 3.32
3.48 2.82 4.12 3.94
3.6 2.04 4.42 3.46
3.54 2.04 4.54 3.58
3.34 2.12 4.64 3.76
3.48 2.22 4.18 3.4
3.52 2.42 4.22 3.64
3.56 2.34 4.3 3.64
3.42 2.02 4.58 3.6
3.42 2.22 4.68 3.9
3.46 2.16 4.5 3.66
3.48 1.92 4.84 3.76
3.52 2.08 4.34 3.42
3.74 2.28 3.96 3.24
3.56 2.04 4.42 3.46
3.6 2.76 3.98 3.74
3.6 2.46 4.14 3.6
3.52 2.38 4.18 3.56
3.4 2.38 4.2 3.58
3.56 2.12 4.34 3.46
3.5 2.18 4.24 3.42
3.66 2.22 4.36 3.58
3.42 2.24 4.18 3.42
3.58 2.46 4.3 3.76
3.44 2.02 4.58 3.6
3.52 1.84 4.52 3.36
3.46 1.98 4.78 3.76
3.66 2.58 3.84 3.42
3.56 2.4 3.92 3.32
3.64 2.4 4.08 3.48
3.34 1.92 4.6 3.52
3.44 2.18 4.56 3.74
3.58 2.28 3.94 3.22
3.54 1.82 4.52 3.34
3.52 2.68 4.04 3.72
3.68 2.36 4.2 3.56
3.44 2.04 4.5 3.54
3.5 2.38 4.32 3.7
3.48 2.14 4.72 3.86
3.58 2.26 4.44 3.7
3.52 2.48 4.3 3.78
3.66 2.48 4.24 3.72
3.56 2.14 4.36 3.5
3.64 2.54 3.96 3.5
3.58 2.22 4.22 3.44
3.68 2.3 3.92 3.22
3.48 2.14 4.06 3.2
3.6 2.4 3.86 3.26
3.58 2.4 4.28 3.68
3.54 1.98 4.46 3.44
3.62 2.34 4.16 3.5
3.46 2.36 4.36 3.72
3.64 2.64 3.8 3.44
3.44 1.7 5.34 4.04
3.5 2.08 4.52 3.6
3.56 2.3 4.2 3.5
3.44 2.2 4.36 3.56
3.5 2.02 4.68 3.7
3.38 1.92 4.72 3.64
3.34 2.0 4.6 3.6
3.48 1.92 4.88 3.8
3.62 2.02 4.5 3.52
3.6 1.94 4.76 3.7
3.62 2.7 3.8 3.5
3.48 2.08 4.36 3.44
3.5 2.12 4.48 3.6
3.46 2.2 4.28 3.48
3.44 1.94 4.44 3.38
3.54 2.44 4.16 3.6
3.5 1.98 4.36 3.34
3.58 2.14 4.28 3.42
3.6 2.18 4.26 3.44
3.4 2.36 4.44 3.8
3.66 2.56 3.82 3.38
3.58 2.2 4.24 3.44
3.58 2.3 4.46 3.76
3.34 2.04 4.5 3.54
3.4 2.22 4.28 3.5
3.46 2.36 4.32 3.68
3.36 2.06 4.4 3.46
3.66 2.26 4.3 3.56
3.62 2.8 3.94 3.74
3.74 2.66 3.6 3.26
3.56 2.4 4.24 3.64
3.54 2.48 3.84 3.32
3.6 2.4 4.0 3.4
3.56 2.14 4.14 3.28
3.4 1.92 4.44 3.36
3.5 2.12 4.28 3.4
3.56 2.26 4.3 3.56
3.46 2.08 4.84 3.92
3.48 2.28 4.26 3.54
3.54 2.1 4.64 3.74
3.66 2.54 3.8 3.34
3.4 1.88 4.78 3.66
3.68 2.14 4.38 3.52
3.64 2.74 3.68 3.42
3.54 2.94 3.92 3.86
3.56 2.7 3.74 3.44
3.42 1.84 4.94 3.78
3.52 2.1 4.5 3.6
3.6 2.44 4.4 3.84
3.48 1.96 4.68 3.64
3.64 2.34 3.94 3.28
3.52 2.34 4.14 3.48
3.62 2.26 4.34 3.6
3.62 2.24 4.56 3.8
3.6 2.42 4.12 3.54
3.56 2.34 4.18 3.52
3.48 2.3 4.16 3.46
3.5 2.24 4.34 3.58
3.56 2.16 4.52 3.68
3.56 2.48 4.26 3.74
3.68 2.02 4.48 3.5
3.64 2.34 4.52 3.86
3.48 2.1 4.38 3.48
3.7 2.36 4.2 3.56
3.6 2.5 4.14 3.64
3.64 2.56 4.0 3.56
3.5 2.16 4.56 3.72
3.58 2.2 4.38 3.58
3.42 1.74 4.72 3.46
3.58 1.8 4.86 3.66
3.56 2.22 4.6 3.82
3.62 1.92 4.48 3.4
3.52 1.96 4.26 3.22
3.38 2.02 4.62 3.64
3.5 2.12 4.28 3.4
3.58 2.32 4.38 3.7
3.56 2.56 3.86 3.42
3.52 2.54 4.1 3.64
3.68 2.14 4.3 3.44
3.72 2.5 3.76 3.26
3.4 2.1 4.42 3.52
3.44 2.0 4.68 3.68
3.5 2.22 4.32 3.54
3.74 2.48 3.82 3.3
3.62 2.34 3.96 3.3
3.7 2.14 4.42 3.56
3.58 1.96 4.68 3.64
3.64 1.98 4.42 3.4
3.56 2.56 4.14 3.7
3.6 2.14 4.38 3.52
3.58 2.38 4.1 3.48
3.46 2.14 4.5 3.64
3.64 2.74 3.86 3.6
3.38 1.8 4.86 3.66
3.58 2.1 4.3 3.4
3.62 2.34 4.28 3.62
3.54 2.18 4.24 3.42
3.68 2.86 3.58 3.44
3.4 2.0 4.6 3.6
3.54 2.52 3.98 3.5
3.56 2.02 4.54 3.56
3.66 2.26 4.3 3.56
3.52 1.94 4.42 3.36
3.3 2.02 4.72 3.74
3.78 2.1 4.38 3.48
3.38 2.22 4.28 3.5
3.64 2.24 3.84 3.08
3.52 2.08 4.54 3.62
3.42 2.04 4.68 3.72
3.58 2.48 4.1 3.58
3.6 2.06 4.32 3.38
3.46 2.2 4.42 3.62
3.62 2.22 4.38 3.6
3.62 2.04 4.4 3.44
3.46 2.28 4.16 3.44
3.64 2.5 4.34 3.84
3.42 1.8 4.94 3.74
3.72 2.1 4.22 3.32
3.66 2.14 4.42 3.56
3.2 1.66 4.98 3.64
3.7 2.26 4.3 3.56
3.6 2.04 4.32 3.36
3.5 2.2 4.46 3.66
3.54 2.34 4.02 3.36
3.58 1.94 4.54 3.48
3.44 2.14 4.42 3.56
3.4 2.44 4.3 3.74
3.64 2.26 4.16 3.42
3.46 2.0 4.48 3.48
3.64 2.3 4.34 3.64
3.6 2.24 4.26 3.5
3.66 2.28 4.22 3.5
3.6 2.22 4.26 3.48
3.46 2.2 4.4 3.6
3.5 2.52 4.22 3.74
3.5 2.28 3.88 3.16
3.52 1.98 4.48 3.46
3.56 2.02 4.6 3.62
3.56 2.26 4.14 3.4
3.52 2.32 4.2 3.52
3.7 2.52 4.08 3.6
3.46 2.12 4.36 3.48
3.5 2.48 4.12 3.6
3.54 2.02 4.48 3.5
3.54 2.0 4.54 3.54
3.54 2.12 4.36 3.48
3.48 2.14 4.28 3.42
3.46 2.12 4.46 3.58
3.62 2.38 4.3 3.68
3.6 2.06 4.36 3.42
3.56 2.18 4.4 3.58
3.42 2.28 4.44 3.72
3.64 2.02 4.38 3.4
3.46 2.16 4.44 3.6
3.58 2.22 4.42 3.64
3.62 2.14 4.28 3.42
3.62 2.02 4.56 3.58
3.56 2.16 4.4 3.56
3.38 2.32 4.22 3.54
3.62 2.18 4.28 3.46
3.74 2.26 4.14 3.4
3.66 2.34 4.04 3.38
3.76 2.48 4.02 3.5
3.42 2.24 4.4 3.64
3.58 2.5 4.04 3.54
3.42 2.46 4.24 3.7
3.52 2.26 4.24 3.5
3.62 2.18 4.18 3.36
3.56 2.06 4.42 3.48
3.6 1.88 4.66 3.54
3.62 2.36 4.2 3.56
3.52 2.22 4.4 3.62
3.56 2.18 4.58 3.76
3.6 2.34 3.98 3.32
3.48 1.98 4.54 3.52
3.64 2.28 4.3 3.58
3.42 2.6 4.0 3.6
3.46 1.92 4.72 3.64
3.54 1.8 4.86 3.66
3.48 2.34 4.42 3.76
3.6 2.24 4.28 3.52
3.6 2.42 4.0 3.42
3.52 2.2 4.44 3.64
3.56 2.24 4.28 3.52
3.48 2.08 4.42 3.5
3.44 2.36 4.34 3.7
3.48 2.4 3.98 3.38
3.62 2.06 4.4 3.46
3.56 2.08 4.4 3.48
3.58 1.96 4.72 3.68
3.4 2.5 4.02 3.52
3.72 2.44 4.22 3.66
3.56 2.36 4.12 3.48
3.54 2.14 4.5 3.64
3.54 2.22 4.14 3.36
3.62 2.44 4.24 3.68
3.72 2.86 3.68 3.54
3.64 2.4 4.02 3.42
3.5 1.96 4.8 3.76
3.66 2.38 4.04 3.42
3.7 2.44 3.94 3.38
3.56 2.24 4.14 3.38
3.62 2.14 4.04 3.18
3.56 2.18 4.46 3.64
3.56 2.12 4.36 3.48
3.56 2.14 4.28 3.42
3.7 2.3 3.96 3.26
3.64 2.4 3.94 3.34
3.48 2.04 4.44 3.48
3.62 2.28 4.34 3.62
3.52 2.48 3.92 3.4
3.62 2.76 3.88 3.64
3.4 1.96 4.88 3.84
3.62 2.48 3.62 3.1
3.5 2.42 4.02 3.44
3.64 2.42 3.86 3.28
3.7 2.62 3.82 3.44
3.44 1.92 4.64 3.56
3.5 2.28 4.24 3.52
3.64 2.58 3.48 3.06
3.48 2.2 4.08 3.28
3.54 2.04 4.46 3.5
3.54 2.26 4.18 3.44
3.56 2.08 4.58 3.66
3.68 2.28 4.2 3.48
3.46 1.7 5.02 3.72
3.66 2.7 3.9 3.6
3.64 2.38 4.16 3.54
3.6 2.38 3.86 3.24
3.56 1.92 4.36 3.28
3.42 2.34 4.3 3.64
3.66 2.32 4.1 3.42
3.48 2.24 4.36 3.6
3.86 2.68 3.66 3.34
3.44 2.04 4.38 3.42
3.54 2.14 4.18 3.32
3.28 1.8 4.9 3.7
3.54 2.32 4.38 3.7
3.5 2.0 4.48 3.48
3.58 2.12 4.34 3.46
3.58 2.26 4.36 3.62
3.62 2.54 3.82 3.36
3.6 2.56 4.18 3.74
3.52 2.48 4.14 3.62
3.56 2.46 4.2 3.66
3.62 2.06 4.16 3.22
3.64 2.22 4.54 3.76
3.6 2.38 4.2 3.58
3.42 2.2 4.5 3.7
3.66 2.24 4.32 3.56
3.5 2.22 4.2 3.42
3.44 2.02 4.56 3.58
3.38 2.56 4.1 3.66
3.66 2.18 4.22 3.4
3.58 2.18 4.32 3.5
3.5 2.28 4.26 3.54
3.52 2.26 4.22 3.48
3.64 2.1 4.28 3.38
3.4 2.06 4.72 3.78
3.62 2.32 4.32 3.64
3.52 2.28 4.08 3.36
3.74 2.62 3.64 3.26
3.54 2.18 4.3 3.48
3.36 2.14 4.38 3.52
3.72 2.64 3.7 3.34
3.44 2.3 4.5 3.8
3.66 2.46 3.7 3.16
3.56 2.64 4.1 3.74
3.74 2.4 3.92 3.32
3.56 2.06 4.38 3.44
3.62 2.24 4.18 3.42
3.56 2.44 4.08 3.52
3.6 2.18 4.58 3.76
3.56 2.82 3.46 3.28
3.38 1.8 5.04 3.84
3.66 2.32 4.06 3.38
3.68 2.1 4.28 3.38
3.62 2.3 4.02 3.32
3.36 2.0 4.86 3.86
3.62 2.0 4.62 3.62
3.72 2.26 4.2 3.46
3.54 1.78 4.76 3.54
3.46 2.12 4.42 3.54
3.6 2.34 4.2 3.54
3.52 2.5 4.2 3.7
3.74 2.48 4.14 3.62
3.62 2.06 4.48 3.54
3.4 2.06 4.54 3.6
3.44 1.82 4.76 3.58
3.52 2.36 3.96 3.32
3.28 1.84 4.82 3.66
3.3 2.2 4.48 3.68
3.42 2.34 4.32 3.66
3.5 2.12 4.74 3.86
3.4 1.88 4.76 3.64
3.54 1.86 4.62 3.48
3.56 2.02 4.4 3.42
3.6 2.42 4.3 3.72
3.52 2.12 4.32 3.44
3.44 2.38 3.9 3.28
3.52 1.92 4.66 3.58
3.66 2.4 3.98 3.38
3.52 2.08 4.46 3.54
3.3 1.92 4.56 3.48
3.54 2.7 3.88 3.58
3.46 2.26 4.36 3.62
3.56 2.2 4.2 3.4
3.6 2.14 4.28 3.42
3.52 2.28 4.24 3.52
3.56 2.46 4.14 3.6
3.76 2.52 3.92 3.44
3.48 2.62 4.14 3.76
3.7 2.6 3.98 3.58
3.54 2.16 4.4 3.56
3.52 1.86 4.6 3.46
3.76 2.36 4.16 3.52
3.62 2.46 4.0 3.46
3.46 2.02 4.5 3.52
3.72 2.4 4.02 3.42
3.46 2.32 4.28 3.6
3.66 2.42 4.16 3.58
3.64 2.4 3.96 3.36
3.4 2.02 4.62 3.64
3.64 2.42 4.16 3.58
3.48 1.9 4.44 3.34
3.4 1.94 4.76 3.7
3.66 2.1 4.38 3.48
3.42 1.78 4.9 3.68
3.5 2.16 4.26 3.42
3.52 2.14 4.3 3.44
3.56 2.52 4.46 3.98
3.56 2.34 4.26 3.6
3.64 2.3 4.1 3.4
3.34 2.06 4.68 3.74
3.68 2.6 3.84 3.44
3.48 1.92 4.56 3.48
3.48 2.0 4.48 3.48
3.62 2.38 4.36 3.74
3.66 2.54 3.64 3.18
3.6 2.38 4.36 3.74
3.58 1.86 4.58 3.44
3.54 1.9 4.46 3.36
3.44 2.08 4.78 3.86
3.34 2.18 4.5 3.68
3.52 2.0 4.44 3.44
3.4 2.06 4.74 3.8
3.44 1.98 4.7 3.68
3.52 2.22 4.38 3.6
3.52 2.16 4.28 3.44
3.54 2.06 4.34 3.4
3.62 2.32 4.16 3.48
3.54 2.58 4.0 3.58
3.4 2.2 4.24 3.44
3.52 2.36 4.22 3.58
3.62 2.16 4.26 3.42
3.6 2.2 4.22 3.42
3.78 2.42 3.98 3.4
3.62 2.5 4.04 3.54
3.66 2.4 4.22 3.62
3.48 2.48 4.06 3.54
3.66 2.38 3.84 3.22
3.62 2.18 4.3 3.48
3.64 2.08 4.52 3.6
3.7 2.18 4.14 3.32
3.54 2.6 3.98 3.58
3.76 2.16 4.34 3.5
3.72 2.28 3.94 3.22
3.66 2.36 4.28 3.64
3.28 1.94 4.88 3.82
3.56 2.2 4.5 3.7
3.44 2.0 4.66 3.66
3.64 2.1 4.26 3.36
3.44 2.04 4.66 3.7
3.68 2.5 3.86 3.36
3.58 2.16 4.28 3.44
3.38 2.18 4.5 3.68
3.68 2.48 4.02 3.5
3.6 2.24 4.1 3.34
3.76 2.26 4.4 3.66
3.5 1.84 4.76 3.6
3.58 2.28 4.5 3.78
3.6 2.3 4.26 3.56
3.72 2.68 3.8 3.48
3.66 2.26 4.5 3.76
3.42 2.04 4.56 3.6
3.34 1.78 4.96 3.74
3.6 2.32 4.1 3.42
3.58 2.16 4.22 3.38
3.76 2.46 3.98 3.44
3.46 2.46 4.26 3.72
3.54 2.02 4.66 3.68
3.66 2.36 3.98 3.34
3.34 1.82 4.88 3.7
3.48 2.04 4.8 3.84
3.6 2.2 4.2 3.4
3.5 2.1 4.42 3.52
3.7 2.18 4.26 3.44
3.58 2.28 4.54 3.82
3.5 2.08 4.66 3.74
3.64 2.26 4.18 3.44
3.26 1.9 4.76 3.66
3.7 2.3 4.18 3.48
3.52 2.68 3.96 3.64
3.48 2.12 4.54 3.66
3.48 1.9 4.62 3.52
3.56 2.52 4.12 3.64
3.54 2.1 4.46 3.56
3.56 2.52 3.98 3.5
3.76 2.5 3.78 3.28
3.4 2.24 4.26 3.5
3.54 2.26 4.16 3.42
3.72 2.42 4.02 3.44
3.44 2.22 4.58 3.8
3.58 2.06 4.42 3.48
3.58 1.96 4.8 3.76
3.64 2.4 4.12 3.52
3.6 1.8 4.4 3.2
3.6 2.14 4.54 3.68
3.58 2.2 4.5 3.7
3.44 2.16 4.74 3.9
3.58 2.64 4.12 3.76
3.46 1.98 4.62 3.6
3.48 2.06 4.46 3.52
3.34 1.64 5.22 3.86
3.62 2.38 4.08 3.46
3.42 2.08 4.36 3.44
3.62 2.22 4.2 3.42
3.66 2.68 3.9 3.58
3.6 2.06 4.38 3.44
3.76 2.34 3.94 3.28
3.66 2.2 4.04 3.24
3.52 2.02 4.38 3.4
3.56 2.36 4.22 3.58
3.72 2.18 4.08 3.26
3.5 2.48 4.3 3.78
3.54 2.34 4.3 3.64
3.58 2.64 3.7 3.34
3.52 2.06 4.78 3.84
3.48 2.02 4.52 3.54
3.6 2.28 4.06 3.34
3.48 2.44 4.2 3.64
3.46 1.86 4.84 3.7
3.48 2.46 4.22 3.68
3.68 2.58 3.76 3.34
3.34 1.86 4.86 3.72
3.38 2.6 4.22 3.82
3.64 2.38 4.36 3.74
3.48 2.3 4.1 3.4
3.54 2.3 4.34 3.64
3.42 1.98 4.58 3.56
3.62 2.4 4.44 3.84
3.46 2.24 4.12 3.36
3.68 2.66 3.6 3.26
3.6 2.4 4.16 3.56
3.4 2.4 4.3 3.7
3.58 2.06 4.48 3.54
3.38 2.18 4.5 3.68
3.74 2.4 4.22 3.62
3.64 2.22 4.2 3.42
3.68 2.62 3.9 3.52
3.48 2.3 4.3 3.6
3.6 2.24 4.28 3.52
3.62 2.12 4.2 3.32
3.56 2.1 4.64 3.74
3.56 2.4 4.4 3.8
3.48 2.4 4.1 3.5
3.48 2.18 4.32 3.5
3.5 2.6 3.98 3.58
3.64 2.18 4.42 3.6
3.42 2.08 4.46 3.54
3.68 2.46 4.0 3.46
3.48 2.22 4.46 3.68
3.48 1.82 4.64 3.46
3.48 2.28 4.16 3.44
3.56 2.76 3.76 3.52
3.48 2.06 4.54 3.6
3.6 2.18 4.44 3.62
3.52 2.52 4.02 3.54
3.54 2.16 4.32 3.48
3.54 2.3 4.06 3.36
3.7 2.24 4.14 3.38
3.68 2.3 4.18 3.48
3.62 2.32 4.22 3.54
3.52 2.08 4.5 3.58
3.54 2.08 4.42 3.5
3.66 2.32 4.18 3.5
3.6 2.36 4.24 3.6
3.46 2.04 4.62 3.66
3.74 2.24 4.38 3.62
3.44 2.4 4.24 3.64
3.46 2.16 4.32 3.48
3.68 2.66 3.82 3.48
3.46 2.04 4.52 3.56
3.38 2.32 4.2 3.52
3.64 2.26 4.42 3.68
3.62 2.48 4.16 3.64
3.52 2.14 4.3 3.44
3.66 2.24 4.14 3.38
3.4 2.16 4.38 3.54
3.44 2.28 4.32 3.6
3.46 2.32 4.12 3.44
3.6 2.18 4.2 3.38
3.4 2.14 4.34 3.48
3.44 1.86 4.78 3.64
3.58 2.38 4.02 3.4
3.52 2.32 4.08 3.4
3.4 2.2 4.14 3.34
3.44 2.18 4.46 3.64
3.52 2.22 4.34 3.56
3.52 2.14 4.24 3.38
3.52 1.9 4.92 3.82
3.5 2.24 4.52 3.76
3.64 2.5 3.98 3.48
3.4 1.8 4.66 3.46
3.32 2.28 4.5 3.78
3.54 2.22 4.42 3.64
3.62 2.14 4.36 3.5
3.48 2.7 3.9 3.6
3.78 2.48 4.08 3.56
3.36 1.92 4.94 3.86
3.44 2.14 4.42 3.56
3.48 2.14 4.24 3.38
3.46 2.22 4.54 3.76
3.52 2.36 4.34 3.7
3.36 1.88 4.82 3.7
3.38 2.2 4.6 3.8
3.62 2.3 3.9 3.2
3.78 2.34 3.82 3.16
3.58 2.06 4.38 3.44
3.5 2.06 4.42 3.48
3.58 1.96 4.6 3.56
3.52 2.32 4.24 3.56
3.5 1.88 4.46 3.34
3.66 2.28 4.18 3.46
3.48 2.38 4.3 3.68
3.62 2.36 4.0 3.36
3.56 2.22 4.16 3.38
3.38 2.06 4.56 3.62
3.5 2.12 4.24 3.36
3.58 2.42 4.06 3.48
3.48 2.08 4.36 3.44
3.4 2.08 4.6 3.68
3.44 2.28 4.48 3.76
3.58 2.5 3.86 3.36
3.58 1.92 4.74 3.66
3.46 1.8 4.76 3.56
3.7 2.36 4.24 3.6
3.5 2.12 4.36 3.48
3.52 2.16 4.52 3.68
3.72 2.44 3.9 3.34
3.58 2.14 4.38 3.52
3.6 2.42 4.34 3.76
3.52 2.42 4.08 3.5
3.62 2.16 4.26 3.42
3.58 2.3 4.16 3.46
3.58 2.36 4.5 3.86
3.48 1.86 4.74 3.6
3.62 2.2 4.32 3.52
3.86 2.68 3.54 3.22
3.68 2.24 4.32 3.56
3.56 2.04 4.5 3.54
3.54 2.14 4.46 3.6
3.62 2.5 4.2 3.7
3.54 2.46 4.12 3.58
3.68 2.34 4.42 3.76
3.34 2.04 4.6 3.64
3.62 2.22 4.24 3.46
3.6 2.32 4.24 3.56
3.74 2.38 3.96 3.34
3.62 2.28 4.06 3.34
3.42 2.32 4.48 3.8
3.58 2.02 4.56 3.58
3.52 2.5 4.26 3.76
3.62 2.24 4.02 3.26
3.44 1.84 4.8 3.64
3.64 2.08 4.46 3.54
3.82 2.12 4.18 3.3
3.52 2.24 4.44 3.68
3.58 2.32 4.38 3.7
3.5 1.94 4.76 3.7
3.46 1.9 4.66 3.56
3.56 2.2 4.2 3.4
3.7 2.4 3.88 3.28
3.44 2.16 4.66 3.82
3.32 1.98 4.52 3.5
3.58 2.16 4.34 3.5
3.5 2.18 4.36 3.54
3.44 2.58 4.06 3.64
3.7 2.18 4.5 3.68
3.44 2.38 4.26 3.64
3.52 2.26 4.5 3.76
3.5 2.12 4.58 3.7
3.5 2.52 4.24 3.76
3.62 2.22 4.12 3.34
3.24 1.9 4.84 3.74
3.52 2.52 3.9 3.42
3.38 1.88 4.64 3.52
3.52 2.26 4.58 3.84
3.48 1.8 4.92 3.72
3.46 2.04 4.46 3.5
3.48 2.48 4.18 3.66
3.64 1.92 4.6 3.52
3.64 2.14 4.82 3.96
3.58 2.52 3.96 3.48
3.6 2.3 4.48 3.78
3.56 2.18 4.46 3.64
3.6 2.46 4.1 3.56
3.34 1.84 4.74 3.58
3.66 1.8 4.64 3.44
3.46 2.28 4.64 3.92
3.38 2.1 4.8 3.9
3.7 2.46 4.2 3.66
3.58 2.2 4.12 3.32
3.5 2.24 4.48 3.72
3.58 2.12 4.26 3.38
3.78 2.28 3.8 3.08
3.56 2.42 4.04 3.46
3.56 2.22 4.24 3.46
3.56 2.2 4.26 3.46
3.68 2.5 3.96 3.46
3.42 1.8 4.98 3.78
3.38 1.82 4.9 3.72
3.36 2.24 4.5 3.74
3.3 1.94 4.56 3.5
3.52 2.36 4.1 3.46
3.74 2.44 3.66 3.1
3.5 1.92 4.42 3.34
3.5 2.08 4.44 3.52
3.52 2.12 4.52 3.64
3.38 1.94 4.74 3.68
3.76 2.38 3.8 3.18
3.54 2.38 4.1 3.48
3.6 2.46 4.04 3.5
3.66 2.44 4.02 3.46
3.66 2.44 3.98 3.42
3.58 2.54 3.92 3.46
3.56 2.46 3.88 3.34
3.5 2.14 4.64 3.78
3.6 2.18 4.28 3.46
3.6 2.34 4.34 3.68
3.78 2.34 4.04 3.38
3.42 2.16 4.4 3.56
3.5 2.26 4.28 3.54
3.54 2.16 4.4 3.56
3.52 2.32 4.34 3.66
3.26 2.0 4.76 3.76
3.52 2.24 4.16 3.4
3.62 2.38 4.18 3.56
3.46 2.2 4.3 3.5
3.62 2.48 4.0 3.48
3.7 2.32 3.86 3.18
3.52 2.14 4.28 3.42
3.3 2.2 4.6 3.8
3.36 1.92 4.68 3.6
3.5 2.28 4.32 3.6
3.52 2.12 4.54 3.66
3.56 2.04 4.4 3.44
3.62 2.04 4.38 3.42
3.4 2.44 4.4 3.84
3.72 2.54 4.12 3.66
3.62 2.1 4.18 3.28
3.46 2.3 4.2 3.5
3.56 2.32 4.1 3.42
3.56 2.18 4.42 3.6
3.54 2.32 4.28 3.6
3.58 2.56 4.16 3.72
3.58 2.26 4.08 3.34
3.62 2.1 4.36 3.46
3.52 2.26 4.5 3.76
3.5 2.3 4.36 3.66
3.58 2.36 4.3 3.66
3.68 2.14 3.98 3.12
3.74 2.18 4.12 3.3
3.6 1.84 4.54 3.38
3.36 2.42 4.36 3.78
3.66 2.58 4.08 3.66
3.48 2.0 4.72 3.72
3.38 2.02 4.54 3.56
3.58 2.32 4.5 3.82
3.66 2.2 4.26 3.46
3.58 2.26 4.3 3.56
3.6 2.6 3.74 3.34
3.72 2.84 3.82 3.66
3.64 2.18 4.06 3.24
3.56 2.32 4.04 3.36
3.5 2.1 4.4 3.5
3.72 2.3 3.88 3.18
3.38 2.08 4.54 3.62
3.72 2.42 4.16 3.58
3.56 2.08 4.5 3.58
3.46 2.06 4.44 3.5
3.68 2.46 4.12 3.58
3.48 1.86 4.64 3.5
3.5 2.18 4.26 3.44
3.68 2.28 4.28 3.56
3.58 2.2 4.1 3.3
3.58 2.2 4.3 3.5
3.58 2.06 4.48 3.54
3.52 2.18 4.5 3.68
3.7 2.32 4.1 3.42
3.6 2.3 4.28 3.58
3.46 1.96 4.6 3.56
3.54 2.22 4.08 3.3
3.7 2.14 4.18 3.32
3.72 2.36 4.14 3.5
3.4 1.74 4.98 3.72
3.76 2.1 4.46 3.56
3.48 1.88 4.72 3.6
3.52 2.16 4.34 3.5
3.5 2.48 4.16 3.64
3.72 2.28 4.38 3.66
3.64 2.24 4.0 3.24
3.62 2.06 4.42 3.48
3.54 1.82 4.64 3.46
3.76 2.62 3.76 3.38
3.58 2.28 4.3 3.58
3.52 2.18 4.44 3.62
3.62 2.12 4.42 3.54
3.64 1.98 4.24 3.22
3.6 1.96 4.42 3.38
3.42 2.1 4.36 3.46
3.6 2.52 3.88 3.4
3.5 2.26 4.22 3.48
3.62 2.06 4.2 3.26
3.48 2.0 4.26 3.26
3.64 2.06 4.3 3.36
3.56 1.98 4.46 3.44
3.54 2.18 4.5 3.68
3.46 1.94 4.78 3.72
3.5 1.92 4.7 3.62
3.68 2.72 3.72 3.44
3.72 2.24 4.18 3.42
3.36 1.98 4.72 3.7
3.6 2.18 4.36 3.54
3.68 2.18 4.4 3.58
3.58 2.04 4.54 3.58
3.6 2.14 4.64 3.78
3.5 2.06 4.28 3.34
3.38 2.04 4.38 3.42
3.64 2.78 3.82 3.6
3.5 2.16 4.68 3.84
3.58 2.2 4.54 3.74
3.52 2.08 4.24 3.32
3.5 2.2 4.46 3.66
3.66 2.4 3.96 3.36
3.56 2.28 4.44 3.72
3.44 2.14 4.6 3.74
3.48 1.98 4.64 3.62
3.58 2.0 4.4 3.4
3.66 2.38 4.12 3.5
3.48 2.28 4.2 3.48
3.48 2.0 4.82 3.82
3.56 2.06 4.38 3.44
3.3 2.34 4.44 3.78
3.48 1.74 5.1 3.84
3.22 2.1 4.86 3.96
3.68 2.44 3.92 3.36
3.48 1.78 4.84 3.62
3.44 2.06 4.48 3.54
3.56 2.36 4.1 3.46
3.8 2.6 3.8 3.4
3.66 2.28 3.92 3.2
3.46 2.18 4.44 3.62
3.66 2.32 4.14 3.46
3.34 2.1 4.88 3.98
3.44 2.1 4.5 3.6
3.52 2.14 4.6 3.74
3.58 2.24 4.2 3.44
3.46 2.02 4.36 3.38
3.7 2.46 3.84 3.3
3.62 2.42 4.24 3.66
3.46 2.44 4.04 3.48
3.48 2.06 4.56 3.62
3.52 2.34 4.36 3.7
3.46 2.26 4.26 3.52
3.54 1.94 4.74 3.68
3.2 2.66 4.2 3.86
3.46 2.34 4.2 3.54
3.68 2.32 3.8 3.12
3.52 2.3 4.22 3.52
3.56 2.44 4.14 3.58
3.36 2.12 4.32 3.44
3.68 2.66 3.46 3.12
3.56 2.04 4.7 3.74
3.46 2.18 4.3 3.48
3.56 2.16 4.4 3.56
3.52 2.34 4.16 3.5
3.64 2.16 4.36 3.52
3.7 2.64 3.88 3.52
3.52 2.2 4.6 3.8
3.54 2.1 4.38 3.48
3.54 1.86 4.5 3.36
3.32 1.84 4.94 3.78
3.66 1.88 4.38 3.26
3.56 2.48 4.16 3.64
3.62 2.22 4.16 3.38
3.68 2.36 3.94 3.3
3.46 1.94 4.84 3.78
3.58 1.94 4.54 3.48
3.48 2.0 4.56 3.56
3.54 2.08 4.36 3.44
3.46 2.24 4.24 3.48
3.5 2.2 4.44 3.64
3.52 2.1 4.88 3.98
3.3 2.12 4.3 3.42
3.66 2.48 4.02 3.5
3.58 2.18 4.24 3.42
3.58 2.38 4.16 3.54
3.38 2.02 4.66 3.68
3.58 2.02 4.62 3.64
3.5 2.46 4.22 3.68
3.52 2.02 4.56 3.58
3.52 2.18 4.42 3.6
3.48 2.16 4.2 3.36
3.72 2.1 4.28 3.38
3.56 2.36 4.4 3.76
3.7 2.18 4.26 3.44
3.5 2.2 4.2 3.4
3.74 2.62 3.82 3.44
3.56 2.26 4.42 3.68
3.58 2.2 4.26 3.46
3.7 2.54 4.0 3.54
3.54 1.84 4.3 3.14
3.46 2.22 4.3 3.52
3.6 2.26 4.36 3.62
3.52 2.46 4.26 3.72
3.54 2.16 4.26 3.42
3.64 2.38 4.46 3.84
3.38 1.98 4.62 3.6
3.46 2.12 4.42 3.54
3.5 2.06 4.5 3.56
3.44 2.46 4.1 3.56
3.58 2.4 4.1 3.5
3.46 1.7 4.92 3.62
3.66 1.94 4.54 3.48
3.54 2.12 4.64 3.76
3.62 2.48 3.92 3.4
3.68 2.28 4.32 3.6
3.76 2.2 4.16 3.36
3.56 1.8 4.7 3.5
3.5 2.2 4.24 3.44
3.56 1.82 4.82 3.64
3.5 1.98 4.5 3.48
3.6 2.42 4.2 3.62
3.7 2.0 4.32 3.32
3.54 2.42 3.86 3.28
3.58 2.48 3.92 3.4
3.68 2.3 4.26 3.56
3.58 1.96 4.6 3.56
3.44 2.08 4.4 3.48
3.36 2.3 4.48 3.78
3.56 2.06 4.44 3.5
3.62 1.88 4.64 3.52
3.54 2.64 3.88 3.52
3.56 2.34 4.22 3.56
3.74 2.4 4.12 3.52
3.5 2.1 4.3 3.4
3.64 2.34 4.0 3.34
3.66 2.0 4.46 3.46
3.52 2.28 4.24 3.52
3.6 2.04 4.58 3.62
3.5 2.1 4.54 3.64
3.54 2.54 4.2 3.74
3.58 1.98 4.4 3.38
3.32 1.92 4.72 3.64
3.4 2.16 4.52 3.68
3.58 2.04 4.5 3.54
3.64 2.64 3.92 3.56
3.52 2.2 4.38 3.58
3.78 2.72 3.82 3.54
3.64 2.36 4.4 3.76
3.64 2.08 4.92 4.0
3.54 2.18 4.3 3.48
3.6 2.32 4.18 3.5
3.7 2.82 3.48 3.3
3.54 2.34 4.1 3.44
3.42 1.88 5.06 3.94
3.58 2.36 4.12 3.48
3.48 1.98 4.52 3.5
3.4 1.86 4.68 3.54
3.54 2.42 4.38 3.8
3.6 2.26 4.22 3.48
3.56 1.94 4.64 3.58
3.6 2.26 3.96 3.22
3.64 2.68 4.04 3.72
3.6 2.3 4.24 3.54
3.36 2.18 4.08 3.26
3.64 2.3 4.34 3.64
3.6 2.14 4.2 3.34
3.4 2.08 4.34 3.42
3.6 2.56 3.92 3.48
3.5 2.06 4.6 3.66
3.56 2.46 3.98 3.44
3.52 2.2 4.32 3.52
3.68 2.36 4.2 3.56
3.68 2.5 3.64 3.14
3.68 1.92 4.6 3.52
3.48 2.16 4.4 3.56
3.42 2.22 4.34 3.56
3.56 2.32 4.0 3.32
3.5 2.24 4.62 3.86
3.62 2.36 4.04 3.4
3.66 2.66 3.66 3.32
3.56 2.26 4.4 3.66
3.5 1.88 4.5 3.38
3.74 2.8 3.7 3.5
3.48 1.88 4.88 3.76
3.56 2.32 4.22 3.54
3.72 2.54 3.62 3.16
3.64 2.46 3.94 3.4
3.52 2.14 4.44 3.58
3.5 2.06 4.68 3.74
3.4 2.08 4.54 3.62
3.58 2.2 4.2 3.4
3.5 2.68 3.54 3.22
3.54 2.04 4.7 3.74
3.66 2.32 4.24 3.56
3.5 2.2 4.52 3.72
3.48 1.96 4.7 3.66
3.48 2.36 4.24 3.6
3.62 2.22 4.1 3.32
3.66 2.62 3.9 3.52
3.46 2.3 4.26 3.56
3.58 2.58 3.98 3.56
3.68 2.54 4.0 3.54
3.56 2.04 4.12 3.16
3.64 2.18 4.08 3.26
3.64 2.54 3.78 3.32
3.2 1.86 4.96 3.82
3.58 2.46 4.12 3.58
3.74 2.42 3.98 3.4
3.6 2.62 3.86 3.48
3.7 2.2 4.4 3.6
3.62 2.34 4.28 3.62
3.62 2.52 4.02 3.54
3.7 2.26 4.28 3.54
3.52 2.16 4.22 3.38
3.52 2.52 4.14 3.66
3.52 2.54 4.0 3.54
3.58 2.58 3.92 3.5
3.46 2.22 4.52 3.74
3.72 2.34 3.98 3.32
3.64 2.26 4.12 3.38
3.54 1.9 4.66 3.56
3.54 2.06 4.68 3.74
3.6 2.46 4.14 3.6
3.78 2.4 3.9 3.3
3.6 2.46 4.06 3.52
3.34 1.88 4.66 3.54
3.56 2.24 3.88 3.12
3.72 2.28 4.06 3.34
3.62 2.26 4.32 3.58
3.68 2.24 3.96 3.2
3.36 2.5 4.28 3.78
3.44 1.96 4.64 3.6
3.54 2.46 4.12 3.58
3.52 2.14 4.64 3.78
3.54 2.04 4.52 3.56
3.42 2.16 4.4 3.56
3.6 2.3 4.14 3.44
3.6 2.52 4.04 3.56
3.74 2.18 3.98 3.16
3.6 1.98 4.5 3.48
3.4 2.08 4.56 3.64
3.68 2.3 4.0 3.3
3.48 1.98 4.46 3.44
3.52 2.38 4.12 3.5
3.34 2.04 4.54 3.58
3.52 2.22 4.3 3.52
3.64 2.22 4.38 3.6
3.42 1.9 4.84 3.74
3.6 2.44 4.08 3.52
3.54 1.94 4.58 3.52
3.5 2.18 4.12 3.3
3.5 2.22 4.44 3.66
3.6 2.64 3.8 3.44
3.5 1.76 4.94 3.7
3.58 2.5 4.1 3.6
3.6 2.44 3.66 3.1
3.4 2.2 4.44 3.64
3.58 2.32 4.14 3.46
3.62 2.4 4.12 3.52
3.3 2.0 4.56 3.56
3.38 1.98 4.6 3.58
3.52 2.32 4.22 3.54
3.42 1.86 4.74 3.6
3.5 2.14 4.46 3.6
3.44 2.3 4.32 3.62
3.58 2.02 4.5 3.52
3.48 2.0 4.42 3.42
3.6 2.84 3.96 3.8
3.7 2.18 4.08 3.26
3.54 2.42 4.38 3.8
3.36 2.02 4.5 3.52
3.62 2.46 4.12 3.58
3.46 2.28 4.28 3.56
3.38 1.86 4.62 3.48
3.58 2.26 4.3 3.56
3.7 2.1 4.34 3.44
3.46 2.02 4.66 3.68
3.5 2.14 4.5 3.64
3.4 1.86 4.86 3.72
3.24 2.12 4.98 4.1
3.62 2.22 4.2 3.42
3.62 2.28 4.28 3.56
3.42 2.16 4.36 3.52
3.66 2.18 4.08 3.26
3.46 1.86 4.84 3.7
3.58 2.42 4.16 3.58
3.52 1.98 4.7 3.68
3.72 2.26 4.16 3.42
3.56 2.32 4.26 3.58
3.3 2.12 4.74 3.86
3.44 2.18 4.34 3.52
3.72 2.46 3.92 3.38
3.3 1.9 4.76 3.66
3.76 2.34 4.04 3.38
3.66 2.22 4.42 3.64
3.66 2.38 4.2 3.58
3.46 2.18 4.4 3.58
3.54 2.46 4.08 3.54
3.64 1.84 4.7 3.54
3.44 2.14 4.34 3.48
3.5 2.12 4.36 3.48
3.68 2.28 4.24 3.52
3.3 1.76 4.88 3.64
3.66 2.4 3.8 3.2
3.6 1.94 4.36 3.3
3.6 2.46 4.04 3.5
3.5 2.16 4.44 3.6
3.66 2.46 4.04 3.5
3.68 2.5 4.16 3.66
3.54 2.48 4.16 3.64
3.7 2.44 3.9 3.34
3.54 2.22 4.26 3.48
3.36 1.92 4.54 3.46
3.38 2.12 4.48 3.6
3.58 2.5 3.9 3.4
3.58 2.22 4.42 3.64
3.44 2.02 4.62 3.64
3.5 2.14 4.38 3.52
3.4 2.1 4.28 3.38
3.64 2.42 4.18 3.6
3.56 2.54 3.58 3.12
3.42 2.44 4.24 3.68
3.44 2.26 4.34 3.6
3.62 2.36 4.26 3.62
3.5 2.22 4.14 3.36
3.56 2.14 4.46 3.6
3.58 2.4 3.88 3.28
3.62 2.48 3.9 3.38
3.46 2.26 4.54 3.8
3.46 1.86 4.88 3.74
3.56 2.42 4.24 3.66
3.64 2.18 4.26 3.44
3.48 2.04 4.52 3.56
3.62 2.56 4.2 3.76
3.68 2.2 4.18 3.38
3.48 1.98 4.62 3.6
3.66 2.22 4.24 3.46
3.54 2.16 4.32 3.48
3.62 2.0 4.7 3.7
3.54 2.24 4.34 3.58
3.62 2.32 4.2 3.52
3.5 2.38 4.16 3.54
3.68 2.02 4.52 3.54
3.54 2.12 4.82 3.94
3.44 1.96 4.66 3.62
3.46 2.06 4.62 3.68
3.68 2.28 4.04 3.32
3.66 2.12 4.12 3.24
3.44 2.02 4.62 3.64
3.54 2.04 4.56 3.6
3.52 2.34 4.1 3.44
3.72 2.62 3.86 3.48
3.74 2.56 3.78 3.34
3.56 2.22 4.38 3.6
3.44 1.92 4.68 3.6
3.56 2.0 4.7 3.7
3.78 2.6 3.84 3.44
3.58 2.22 4.46 3.68
3.52 2.12 4.52 3.64
3.66 2.58 3.98 3.56
3.46 2.22 4.62 3.84
3.5 2.02 4.34 3.36
3.64 2.4 3.88 3.28
3.38 2.14 4.8 3.94
3.3 1.88 4.76 3.64
3.64 2.28 4.32 3.6
3.64 2.48 4.06 3.54
3.58 2.12 4.12 3.24
3.7 2.38 4.02 3.4
3.76 2.44 3.9 3.34
3.56 2.16 4.08 3.24
3.62 2.26 4.02 3.28
3.58 2.3 3.94 3.24
3.54 2.38 4.24 3.62
3.66 2.3 4.16 3.46
3.58 2.26 4.42 3.68
3.48 2.04 4.22 3.26
3.36 1.94 4.68 3.62
3.54 2.82 3.72 3.54
3.42 2.04 4.48 3.52
3.68 2.54 3.92 3.46
3.4 2.28 4.38 3.66
3.34 1.86 4.9 3.76
3.4 2.02 4.36 3.38
3.7 2.32 3.9 3.22
3.32 1.92 4.78 3.7
3.6 2.28 4.22 3.5
3.58 2.64 3.74 3.38
3.42 2.02 4.58 3.6
3.44 2.46 4.36 3.82
3.7 2.2 4.28 3.48
3.46 1.8 4.94 3.74
3.34 1.76 4.92 3.68
3.62 2.72 3.74 3.46
3.58 2.26 4.08 3.34
3.62 2.7 4.1 3.8
3.58 1.94 5.0 3.94
3.46 1.88 4.86 3.74
3.68 2.12 4.18 3.3
3.48 2.1 4.42 3.52
3.48 2.2 4.22 3.42
3.62 1.84 4.62 3.46
3.66 2.3 4.28 3.58
3.58 2.36 3.96 3.32
3.58 1.96 4.66 3.62
3.5 2.06 4.48 3.54
3.42 2.18 4.26 3.44
3.46 1.98 4.6 3.58
3.36 1.98 4.6 3.58
3.36 2.28 4.6 3.88
3.64 2.32 4.22 3.54
3.48 2.08 4.32 3.4
3.42 1.88 4.52 3.4
3.36 1.98 4.76 3.74
3.54 1.98 4.28 3.26
3.64 2.36 4.36 3.72
3.42 2.2 4.46 3.66
3.44 2.0 4.5 3.5
3.7 2.44 4.0 3.44
3.46 2.26 4.36 3.62
3.54 1.94 4.44 3.38
3.48 2.38 4.22 3.6
3.5 2.0 4.5 3.5
3.56 2.3 4.2 3.5
3.32 1.98 4.84 3.82
3.66 2.52 3.92 3.44
3.4 2.04 4.62 3.66
3.46 2.16 4.44 3.6
3.64 2.1 4.46 3.56
3.58 2.28 4.46 3.74
3.72 2.52 3.8 3.32
3.46 2.06 4.76 3.82
3.54 2.48 3.98 3.46
3.82 2.56 3.76 3.32
3.6 2.82 3.6 3.42
3.62 2.22 4.28 3.5
3.6 2.22 4.3 3.52
3.4 2.14 4.36 3.5
3.48 2.18 4.32 3.5
3.48 2.28 4.1 3.38
3.7 2.0 4.58 3.58
3.68 2.3 3.78 3.08
3.52 2.04 4.44 3.48
3.52 2.34 4.48 3.82
3.44 2.28 4.56 3.84
3.6 2.48 4.0 3.48
3.46 1.96 4.42 3.38
3.48 1.88 4.86 3.74
3.52 2.2 4.32 3.52
3.54 2.56 3.72 3.28
3.62 2.02 4.48 3.5
3.36 2.14 4.58 3.72
3.66 2.28 4.16 3.44
3.46 2.0 4.52 3.52
3.66 1.88 4.58 3.46
3.58 1.98 4.36 3.34
3.64 2.28 4.3 3.58
3.6 2.1 4.32 3.42
3.52 1.9 4.8 3.7
3.32 1.86 4.7 3.56
3.52 2.22 4.12 3.34
3.56 2.42 4.12 3.54
3.44 1.76 4.84 3.6
3.58 2.52 4.06 3.58
3.58 2.3 4.22 3.52
3.6 2.14 4.28 3.42
3.56 1.84 4.64 3.48
3.58 2.06 4.32 3.38
3.5 2.14 4.82 3.96
3.48 2.08 4.4 3.48
3.56 2.3 4.2 3.5
3.38 2.28 4.4 3.68
3.6 2.06 4.4 3.46
3.4 1.72 4.84 3.56
3.4 2.28 4.56 3.84
3.7 2.72 3.86 3.58
3.4 2.06 4.38 3.44
3.52 2.22 4.4 3.62
3.74 2.74 3.7 3.44
3.6 2.04 4.52 3.56
3.74 2.06 4.38 3.44
3.76 2.42 3.82 3.24
3.62 2.18 4.44 3.62
3.62 2.24 4.4 3.64
3.7 2.26 4.32 3.58
3.48 2.02 4.5 3.52
3.68 2.3 4.16 3.46
3.64 2.46 3.88 3.34
3.54 2.0 4.48 3.48
3.58 2.46 4.16 3.62
3.6 2.16 4.26 3.42
3.68 2.28 4.2 3.48
3.36 2.14 4.6 3.74
3.52 2.1 4.44 3.54
3.68 2.06 4.36 3.42
3.54 2.2 4.34 3.54
3.48 2.0 4.3 3.3
3.44 2.68 3.96 3.64
3.5 2.08 4.6 3.68
3.54 2.18 4.42 3.6
3.8 2.58 3.9 3.48
3.7 2.16 4.2 3.36
3.6 2.28 4.16 3.44
3.56 1.98 4.76 3.74
3.66 2.38 4.04 3.42
3.36 2.2 4.42 3.62
3.46 2.14 4.48 3.62
3.74 2.36 4.06 3.42
3.6 2.56 3.94 3.5
3.48 2.2 4.4 3.6
3.56 1.92 4.56 3.48
3.48 1.88 4.74 3.62
3.7 2.36 4.12 3.48
3.68 2.12 4.5 3.62
3.58 2.32 4.0 3.32
3.44 1.96 4.64 3.6
3.64 2.26 3.98 3.24
3.54 2.32 4.2 3.52
3.54 2.12 4.5 3.62
3.62 2.28 4.12 3.4
3.48 2.06 4.48 3.54
3.54 2.26 3.96 3.22
3.66 2.3 4.3 3.6
3.58 2.26 4.1 3.36
3.6 1.9 4.54 3.44
3.66 2.28 4.38 3.66
3.54 2.28 4.22 3.5
3.56 2.4 3.92 3.32
3.44 2.14 4.46 3.6
3.46 2.32 4.3 3.62
3.58 2.52 4.12 3.64
3.76 2.62 3.96 3.58
3.4 1.9 4.64 3.54
3.64 2.5 3.94 3.44
3.56 2.36 4.2 3.56
3.5 2.24 4.12 3.36
3.74 2.4 3.74 3.14
3.58 1.9 4.6 3.5
3.72 2.46 4.1 3.56
3.56 2.3 4.28 3.58
3.56 2.18 4.08 3.26
3.5 2.56 4.1 3.66
3.56 2.22 4.24 3.46
3.42 2.26 4.54 3.8
3.66 2.18 4.28 3.46
3.36 2.2 4.58 3.78
3.66 2.4 3.98 3.38
3.6 2.12 4.34 3.46
3.5 2.04 4.54 3.58
3.52 2.34 4.26 3.6
3.6 2.3 4.38 3.68
3.56 2.64 3.96 3.6
3.66 2.46 4.14 3.6
3.54 2.54 4.06 3.6
3.44 1.86 5.08 3.94
3.62 2.54 3.8 3.34
3.42 2.06 4.82 3.88
3.58 2.46 4.06 3.52
3.52 2.24 4.24 3.48
3.46 1.96 4.68 3.64
3.58 2.38 4.0 3.38
3.56 2.04 4.5 3.54
3.52 2.26 4.4 3.66
3.64 2.26 4.0 3.26
3.62 2.38 4.02 3.4
3.46 2.12 4.56 3.68
3.54 2.06 4.38 3.44
3.44 1.92 4.82 3.74
3.6 2.22 4.16 3.38
3.78 2.18 4.1 3.28
3.56 2.34 4.14 3.48
3.3 1.92 4.72 3.64
3.58 2.28 4.66 3.94
3.36 1.94 4.82 3.76
3.52 2.32 4.16 3.48
3.74 2.6 3.82 3.42
3.66 2.82 3.68 3.5
3.46 2.4 3.98 3.38
3.56 2.52 3.74 3.26
3.68 2.1 4.46 3.56
3.46 1.94 4.74 3.68
3.68 2.16 4.68 3.84
3.5 2.56 3.82 3.38
3.74 2.44 3.96 3.4
3.6 1.98 4.38 3.36
3.62 1.88 4.62 3.5
3.44 1.9 4.82 3.72
3.56 2.36 4.26 3.62
3.7 2.2 4.16 3.36
3.54 2.18 4.12 3.3
3.74 2.28 4.08 3.36
3.64 2.16 4.22 3.38
3.64 2.14 4.42 3.56
3.54 2.08 4.48 3.56
3.58 1.96 4.54 3.5
3.34 2.0 4.64 3.64
3.48 2.28 4.34 3.62
3.72 2.26 4.24 3.5
3.56 2.1 4.6 3.7
3.54 1.88 4.66 3.54
3.64 2.5 4.1 3.6
3.4 2.46 4.36 3.82
3.5 2.4 4.16 3.56
3.64 2.48 3.84 3.32
3.34 2.36 4.28 3.64
3.46 2.36 4.2 3.56
3.54 1.98 4.36 3.34
3.6 2.38 3.88 3.26
3.5 2.04 4.56 3.6
3.56 2.54 4.04 3.58
3.66 2.16 4.34 3.5
3.44 2.26 4.5 3.76
3.64 2.18 4.32 3.5
3.6 2.26 4.44 3.7
3.5 2.18 4.38 3.56
3.64 2.08 4.38 3.46
3.58 2.16 4.2 3.36
3.66 2.24 4.14 3.38
3.48 2.02 4.7 3.72
3.6 2.56 3.98 3.54
3.5 2.34 4.24 3.58
3.72 2.4 4.08 3.48
3.5 2.18 4.48 3.66
3.58 2.56 3.88 3.44
3.56 2.26 4.48 3.74
3.54 2.02 4.6 3.62
3.66 2.38 3.92 3.3
3.42 2.5 4.06 3.56
3.56 2.34 3.96 3.3
3.48 2.28 4.2 3.48
3.74 2.56 3.98 3.54
3.38 2.56 4.1 3.66
3.62 2.18 4.24 3.42
3.58 2.38 4.08 3.46
3.26 2.04 4.66 3.7
3.56 1.98 4.4 3.38
3.64 2.32 4.38 3.7
3.5 2.18 4.32 3.5
3.68 2.68 3.58 3.26
3.5 2.22 4.3 3.52
3.46 2.16 4.4 3.56
3.54 1.86 4.96 3.82
3.62 1.88 4.48 3.36
3.72 2.36 3.88 3.24
3.54 2.08 4.54 3.62
3.66 2.04 4.62 3.66
3.66 2.34 4.1 3.44
3.68 2.74 3.64 3.38
3.56 2.46 4.04 3.5
3.64 2.3 4.2 3.5
3.62 2.18 4.12 3.3
3.42 2.1 4.64 3.74
3.6 2.26 4.26 3.52
3.58 2.02 4.16 3.18
3.52 2.18 4.34 3.52
3.4 2.28 4.26 3.54
3.36 1.7 5.12 3.82
3.66 2.12 4.38 3.5
3.66 2.22 4.02 3.24
3.6 2.56 3.9 3.46
3.32 2.42 4.36 3.78
3.56 2.42 4.12 3.54
3.6 2.3 4.38 3.68
3.5 2.1 4.54 3.64
3.58 2.54 3.9 3.44
3.6 2.1 4.48 3.58
3.62 2.08 4.44 3.52
3.46 1.98 4.68 3.66
3.72 2.34 3.98 3.32
3.38 1.86 4.66 3.52
3.52 2.32 4.3 3.62
3.52 2.48 4.22 3.7
3.54 2.16 4.38 3.54
3.52 2.08 4.38 3.46
3.52 2.38 4.22 3.6
3.5 2.14 4.38 3.52
3.72 2.74 3.74 3.48
3.46 2.16 4.42 3.58
3.56 2.32 4.44 3.76
3.66 2.2 4.26 3.46
3.74 2.32 3.86 3.18
3.48 2.3 4.24 3.54
3.58 2.66 3.88 3.54
3.64 2.38 4.36 3.74
3.62 2.08 4.6 3.68
3.38 1.74 5.06 3.8
3.68 2.4 3.94 3.34
3.42 1.96 4.58 3.54
3.56 1.96 4.76 3.72
3.56 2.1 4.5 3.6
3.62 2.52 4.1 3.62
3.56 2.24 4.38 3.62
3.56 2.2 4.16 3.36
3.52 1.9 4.7 3.6
3.6 1.98 4.34 3.32
3.54 2.14 4.28 3.42
3.78 2.5 3.9 3.4
3.6 2.38 4.08 3.46
3.52 2.52 4.08 3.6
3.56 2.34 4.24 3.58
3.56 2.08 4.56 3.64
3.54 1.98 4.86 3.84
3.38 2.1 4.52 3.62
3.6 2.3 4.0 3.3
3.56 2.36 4.22 3.58
3.64 2.24 4.22 3.46
3.62 2.12 4.2 3.32
3.7 2.34 4.28 3.62
3.72 2.44 3.9 3.34
3.4 1.92 4.92 3.84
3.64 2.12 4.36 3.48
3.54 2.2 4.34 3.54
3.44 2.14 4.34 3.48
3.6 2.54 3.94 3.48
3.5 1.94 4.74 3.68
3.76 2.32 3.86 3.18
3.4 2.16 4.68 3.84
3.34 2.06 4.56 3.62
3.48 1.98 4.56 3.54
3.64 2.46 3.92 3.38
3.48 2.0 4.5 3.5
3.66 2.12 4.58 3.7
3.58 2.4 4.14 3.54
3.42 2.32 4.5 3.82
3.38 2.24 4.36 3.6
3.54 2.12 4.32 3.44
3.5 2.28 4.48 3.76
3.66 2.26 4.28 3.54
3.56 2.42 3.98 3.4
3.52 1.9 4.54 3.44
3.5 2.34 4.14 3.48
3.5 2.12 4.38 3.5
3.62 2.42 4.16 3.58
3.54 2.08 4.32 3.4
3.34 1.82 4.96 3.78
3.22 1.86 4.9 3.76
3.46 2.34 4.4 3.74
3.48 2.2 4.36 3.56
3.44 1.92 4.58 3.5
3.62 2.28 4.28 3.56
3.58 2.26 4.26 3.52
3.5 2.12 4.5 3.62
3.32 2.04 4.62 3.66
3.48 2.14 4.4 3.54
3.52 2.34 4.52 3.86
3.76 2.24 3.98 3.22
3.8 2.66 3.9 3.56
3.72 2.58 4.18 3.76
3.34 2.16 4.7 3.86
3.66 2.74 3.74 3.48
3.46 2.42 4.2 3.62
3.58 2.44 4.36 3.8
3.62 2.22 4.16 3.38
3.54 2.24 4.28 3.52
3.4 1.98 4.6 3.58
3.48 2.36 4.1 3.46
3.5 1.9 4.64 3.54
3.66 2.14 4.18 3.32
3.64 2.46 4.16 3.62
3.58 2.46 4.06 3.52
3.54 2.54 4.1 3.64
3.58 2.14 4.34 3.48
3.58 2.6 3.92 3.52
3.52 2.3 4.18 3.48
3.4 1.76 4.76 3.52
3.56 2.26 4.16 3.42
3.56 2.2 4.54 3.74
3.6 2.18 4.5 3.68
3.6 2.44 4.0 3.44
3.56 2.0 4.62 3.62
3.56 2.56 4.04 3.6
3.56 2.06 4.46 3.52
3.62 2.32 4.38 3.7
3.56 2.1 4.64 3.74
3.52 2.34 4.34 3.68
3.64 2.48 4.0 3.48
3.56 2.52 4.36 3.88
3.78 2.5 4.02 3.52
3.4 2.18 4.28 3.46
3.5 2.16 4.62 3.78
3.38 2.06 4.44 3.5
3.62 2.04 4.14 3.18
3.54 2.28 4.0 3.28
3.36 1.82 4.7 3.52
3.48 2.0 4.68 3.68
3.62 2.28 4.14 3.42
3.6 2.5 4.14 3.64
3.36 2.34 4.26 3.6
3.44 2.0 4.68 3.68
3.3 1.92 4.74 3.66
3.6 2.7 3.78 3.48
3.66 2.46 4.16 3.62
3.46 2.0 4.26 3.26
3.46 1.96 4.7 3.66
3.56 1.94 4.6 3.54
3.36 2.46 4.22 3.68
3.36 2.24 4.56 3.8
3.68 2.42 4.22 3.64
3.58 2.42 4.2 3.62
3.62 2.38 4.1 3.48
3.68 2.54 3.98 3.52
3.6 2.42 3.86 3.28
3.66 2.22 4.1 3.32
3.48 2.22 4.38 3.6
3.56 1.94 4.74 3.68
3.56 2.06 4.46 3.52
3.48 2.52 3.66 3.18
3.62 2.32 3.98 3.3
3.5 1.92 4.36 3.28
3.52 2.22 4.3 3.52
3.44 2.1 4.5 3.6
3.76 2.46 3.94 3.4
3.44 2.04 4.66 3.7
3.54 2.28 4.24 3.52
3.6 2.26 4.3 3.56
3.6 2.32 4.18 3.5
3.58 2.14 4.48 3.62
3.4 1.88 4.7 3.58
3.46 1.76 4.82 3.58
3.5 2.42 4.12 3.54
3.56 2.3 4.18 3.48
3.42 2.14 4.7 3.84
3.44 2.22 4.44 3.66
3.44 2.2 4.46 3.66
3.48 2.6 4.06 3.66
3.58 2.18 4.5 3.68
3.62 2.32 4.2 3.52
3.66 2.86 3.6 3.46
3.68 2.6 3.98 3.58
3.64 2.58 3.88 3.46
3.62 2.1 4.32 3.42
3.54 2.28 4.52 3.8
3.64 2.4 4.04 3.44
3.4 2.16 4.54 3.7
3.42 2.0 4.5 3.5
3.48 2.14 4.06 3.2
3.64 2.16 4.32 3.48
3.66 2.28 4.36 3.64
3.44 2.24 4.22 3.46
3.38 2.28 4.22 3.5
3.54 2.52 3.88 3.4
3.76 2.6 3.84 3.44
3.64 2.48 4.18 3.66
3.5 1.96 4.72 3.68
3.56 2.02 4.6 3.62
3.56 1.96 4.64 3.6
3.62 2.5 4.02 3.52
3.42 2.22 4.66 3.88
3.56 2.36 4.2 3.56
3.42 2.08 4.52 3.6
3.7 2.44 3.72 3.16
3.64 2.2 4.1 3.3
3.6 1.98 4.46 3.44
3.64 1.9 4.5 3.4
3.78 2.36 3.82 3.18
3.32 2.2 4.46 3.66
3.4 2.36 4.36 3.72
3.36 2.0 4.84 3.84
3.62 2.36 4.0 3.36
3.54 2.06 4.34 3.4
3.46 2.06 4.84 3.9
3.56 1.98 4.48 3.46
3.44 2.02 4.62 3.64
3.58 2.32 4.04 3.36
3.42 1.86 4.44 3.3
3.74 2.4 4.0 3.4
3.54 2.06 4.54 3.6
3.5 2.12 4.36 3.48
3.72 2.42 4.06 3.48
3.58 2.26 4.4 3.66
3.6 2.4 3.98 3.38
3.64 2.1 4.36 3.46
3.64 2.56 4.08 3.64
3.6 2.14 4.28 3.42
3.26 2.08 4.74 3.82
3.5 2.18 4.22 3.4
3.64 2.02 4.62 3.64
3.58 2.42 4.5 3.92
3.76 2.3 4.18 3.48
3.42 2.02 4.8 3.82
3.56 2.06 4.42 3.48
3.6 2.18 4.38 3.56
3.48 2.1 4.5 3.6
3.56 2.18 4.4 3.58
3.4 2.04 4.64 3.68
3.46 2.24 4.38 3.62
3.84 2.8 3.88 3.68
3.46 2.18 4.42 3.6
3.54 2.16 4.24 3.4
3.62 2.72 3.8 3.52
3.52 2.42 4.1 3.52
3.7 2.42 4.06 3.48
3.68 2.7 4.0 3.7
3.48 2.04 4.5 3.54
3.42 2.4 4.26 3.66
3.74 2.2 4.06 3.26
3.68 2.46 3.92 3.38
3.5 1.9 4.44 3.34
3.68 2.34 4.22 3.56
3.48 2.02 4.48 3.5
3.7 2.26 3.9 3.16
3.72 2.86 3.54 3.4
3.68 2.24 4.26 3.5
3.38 2.0 4.78 3.78
3.46 1.98 4.44 3.42
3.56 2.6 3.84 3.44
3.68 2.42 4.0 3.42
3.7 2.12 4.46 3.58
3.56 2.52 4.36 3.88
3.48 2.38 4.06 3.44
3.46 2.08 4.3 3.38
3.62 1.96 4.64 3.6
3.46 2.3 4.16 3.46
3.5 2.04 4.56 3.6
3.5 1.8 4.64 3.44
3.68 2.6 4.1 3.7
3.64 2.34 4.0 3.34
3.36 2.12 4.52 3.64
3.56 2.02 4.54 3.56
3.56 2.32 3.86 3.18
3.7 2.1 4.32 3.42
3.58 2.66 3.86 3.52
3.58 1.98 4.38 3.36
3.48 2.36 4.18 3.54
3.4 1.96 4.7 3.66
3.48 2.06 4.22 3.28
3.62 2.18 4.08 3.26
3.64 2.18 4.24 3.42
3.34 2.16 4.58 3.74
3.7 2.44 3.96 3.4
3.72 2.08 4.32 3.4
3.54 2.54 4.12 3.66
3.54 2.18 4.46 3.64
3.46 1.72 5.22 3.94
3.54 2.12 4.74 3.86
3.54 2.12 4.46 3.58
3.36 2.26 4.28 3.54
3.42 1.84 5.14 3.98
3.52 1.92 4.82 3.74
3.58 2.38 4.16 3.54
3.56 2.44 4.02 3.46
3.58 2.38 4.28 3.66
3.6 2.12 4.46 3.58
3.7 2.04 4.44 3.48
3.76 2.46 3.84 3.3
3.56 1.96 4.7 3.66
3.52 2.14 4.3 3.44
3.6 2.24 4.12 3.36
3.58 2.22 4.3 3.52
3.5 2.46 4.16 3.62
3.52 2.32 4.18 3.5
3.52 2.42 4.26 3.68
3.5 2.46 4.04 3.5
3.52 1.88 4.56 3.44
3.58 2.34 4.2 3.54
3.44 2.14 4.28 3.42
3.58 2.34 4.22 3.56
3.42 2.28 4.3 3.58
3.52 2.24 4.16 3.4
3.34 2.32 4.48 3.8
3.58 2.2 4.32 3.52
3.48 1.96 4.38 3.34
3.58 2.2 4.0 3.2
3.68 2.1 4.62 3.72
3.56 2.46 4.1 3.56
3.68 2.52 3.76 3.28
3.64 2.24 4.16 3.4
3.62 2.44 4.0 3.44
3.54 2.4 4.34 3.74
3.64 2.58 3.92 3.5
3.62 2.12 4.24 3.36
3.5 2.2 4.36 3.56
3.62 2.02 4.14 3.16
3.66 2.36 3.96 3.32
3.62 2.6 3.74 3.34
3.68 2.6 3.86 3.46
3.5 2.2 4.42 3.62
3.5 2.22 4.16 3.38
3.48 2.4 4.02 3.42
3.58 1.86 4.44 3.3
3.66 2.3 3.86 3.16
3.44 2.34 4.08 3.42
3.44 1.98 4.58 3.56
3.62 2.52 4.12 3.64
3.5 2.04 4.3 3.34
3.6 2.62 3.84 3.46
3.64 2.1 4.5 3.6
3.66 2.38 4.04 3.42
3.54 1.9 4.62 3.52
3.64 2.08 4.5 3.58
3.48 1.82 4.98 3.8
3.58 2.12 4.34 3.46
3.54 1.82 4.54 3.36
3.7 2.42 4.06 3.48
3.38 2.42 4.54 3.96
3.48 2.32 4.32 3.64
3.5 2.34 4.4 3.74
3.7 2.54 3.72 3.26
3.48 2.22 4.34 3.56
3.6 2.22 4.2 3.42
3.48 2.2 4.68 3.88
3.56 1.88 4.9 3.78
3.24 2.18 4.44 3.62
3.34 2.12 4.38 3.5
3.56 2.16 4.52 3.68
3.58 1.98 4.64 3.62
3.6 2.42 3.98 3.4
3.64 1.98 4.7 3.68
3.54 2.2 4.16 3.36
3.56 2.06 4.56 3.62
3.54 2.1 4.58 3.68
3.5 2.1 4.5 3.6
3.58 2.48 4.14 3.62
3.46 2.14 4.24 3.38
3.56 2.66 4.1 3.76
3.56 2.02 4.48 3.5
3.48 2.2 4.44 3.64
3.62 1.92 4.44 3.36
3.48 2.54 3.9 3.44
3.68 2.24 4.42 3.66
3.68 2.32 4.12 3.44
3.72 2.56 4.0 3.56
3.48 2.34 4.34 3.68
3.66 2.36 4.16 3.52
3.48 1.82 5.02 3.84
3.6 2.04 4.36 3.4
3.74 2.32 4.32 3.64
3.66 2.26 4.14 3.4
3.7 2.46 3.94 3.4
3.56 2.42 4.14 3.56
3.48 2.1 4.32 3.42
3.68 2.22 4.12 3.34
3.58 2.16 4.32 3.48
3.48 2.24 4.32 3.56
3.6 2.0 4.46 3.46
3.48 1.86 4.98 3.84
3.46 2.28 4.1 3.38
3.64 2.18 4.18 3.36
3.5 2.14 4.6 3.74
3.52 2.02 4.48 3.5
3.42 2.06 4.82 3.88
3.36 1.62 4.94 3.56
3.66 2.02 4.36 3.38
3.52 2.56 3.78 3.34
3.72 2.6 3.82 3.42
3.52 2.22 4.4 3.62
3.52 2.36 4.22 3.58
3.64 2.3 4.3 3.6
3.44 2.22 4.44 3.66
3.68 2.62 4.12 3.74
3.74 2.32 4.22 3.54
3.52 1.96 4.88 3.84
3.6 2.32 4.16 3.48
3.58 2.06 4.4 3.46
3.64 2.1 4.36 3.46
3.62 2.4 3.92 3.32
3.46 2.42 4.26 3.68
3.58 2.68 4.1 3.78
3.4 2.2 4.24 3.44
3.58 2.14 4.6 3.74
3.54 2.54 4.04 3.58
3.28 1.7 5.06 3.76
3.56 2.18 4.26 3.44
3.64 2.46 3.84 3.3
3.6 2.5 3.94 3.44
3.4 2.12 4.46 3.58
3.72 2.18 4.32 3.5
3.48 2.5 4.14 3.64
3.54 2.66 4.02 3.68
3.52 1.96 4.7 3.66
3.64 2.58 3.9 3.48
3.42 1.96 4.66 3.62
3.54 2.44 3.8 3.24
3.42 2.3 4.3 3.6
3.62 2.22 4.28 3.5
3.56 2.2 4.08 3.28
3.42 2.22 4.2 3.42
3.58 2.32 4.04 3.36
3.64 2.22 4.34 3.56
3.78 2.34 4.22 3.56
3.6 2.4 4.22 3.62
3.72 2.34 4.12 3.46
3.5 2.16 4.4 3.56
3.34 2.04 4.84 3.88
3.68 2.16 4.26 3.42
3.66 2.6 3.9 3.5
3.66 2.2 4.16 3.36
3.4 1.86 4.82 3.68
3.62 2.34 3.92 3.26
3.58 2.3 4.32 3.62
3.72 2.32 4.1 3.42
3.52 2.06 4.5 3.56
3.66 2.22 4.34 3.56
3.5 2.2 4.28 3.48
3.62 2.32 4.12 3.44
3.32 1.92 4.84 3.76
3.62 2.5 4.14 3.64
3.48 2.02 4.7 3.72
3.54 2.64 4.18 3.82
3.66 2.0 4.42 3.42
3.5 2.0 4.68 3.68
3.62 2.34 3.92 3.26
3.54 2.08 4.36 3.44
3.44 1.96 4.62 3.58
3.22 2.26 4.48 3.74
3.56 2.36 4.12 3.48
3.46 2.4 4.3 3.7
3.54 2.4 4.3 3.7
3.62 2.2 4.16 3.36
3.38 2.06 4.28 3.34
3.62 2.22 4.46 3.68
3.6 2.2 4.42 3.62
3.58 2.14 4.34 3.48
3.58 2.12 4.34 3.46
3.54 2.22 4.3 3.52
3.64 2.16 4.28 3.44
3.66 2.46 4.0 3.46
3.52 2.1 4.36 3.46
3.44 2.0 4.56 3.56
3.52 2.16 4.44 3.6
3.56 2.4 4.3 3.7
3.64 2.34 4.18 3.52
3.56 1.94 4.52 3.46
3.6 2.48 4.04 3.52
3.64 2.12 4.62 3.74
3.66 2.06 4.54 3.6
3.48 2.38 3.94 3.32
3.54 2.26 4.28 3.54
3.52 2.36 4.1 3.46
3.42 2.38 4.34 3.72
3.5 1.86 4.72 3.58
3.42 2.4 4.06 3.46
3.54 2.16 4.4 3.56
3.54 2.12 4.2 3.32
3.4 2.08 4.54 3.62
3.58 2.46 4.0 3.46
3.5 2.02 4.42 3.44
3.52 2.08 4.34 3.42
3.36 1.9 4.8 3.7
3.6 2.54 4.02 3.56
3.5 2.38 4.14 3.52
3.48 2.18 4.52 3.7
3.5 2.24 4.06 3.3
3.48 2.14 4.36 3.5
3.66 2.1 4.26 3.36
3.6 2.14 4.34 3.48
3.68 2.84 3.76 3.6
3.56 2.02 4.4 3.42
3.64 2.22 4.54 3.76
3.56 2.0 4.72 3.72
3.54 1.66 5.0 3.66
3.58 2.18 4.36 3.54
3.6 2.14 4.4 3.54
3.48 2.14 4.26 3.4
3.26 1.9 4.66 3.56
3.66 2.78 3.72 3.5
3.36 2.08 4.56 3.64
3.62 2.26 4.14 3.4
3.62 2.36 4.0 3.36
3.58 2.38 3.92 3.3
3.32 2.18 4.44 3.62
3.64 1.76 4.56 3.32
3.56 2.14 4.7 3.84
3.64 2.4 4.08 3.48
3.48 2.12 4.78 3.9
3.44 2.04 4.5 3.54
3.6 2.38 4.2 3.58
3.54 2.14 4.22 3.36
3.48 2.0 4.48 3.48
3.6 2.12 4.48 3.6
3.66 2.4 4.0 3.4
3.62 2.12 4.28 3.4
3.64 2.32 4.12 3.44
3.56 2.44 3.94 3.38
3.54 2.32 4.72 4.04
3.42 1.88 4.64 3.52
3.54 2.26 4.4 3.66
3.52 2.16 4.32 3.48
3.54 2.3 4.0 3.3
3.62 2.08 4.26 3.34
3.44 2.32 4.56 3.88
3.56 2.42 3.9 3.32
3.64 2.26 4.2 3.46
3.6 2.22 4.12 3.34
3.44 2.04 4.58 3.62
3.54 2.4 4.48 3.88
3.52 2.3 4.32 3.62
3.48 1.9 4.58 3.48
3.72 2.44 3.98 3.42
3.52 2.28 4.58 3.86
3.36 2.4 4.14 3.54
3.58 2.0 4.42 3.42
3.66 2.26 4.18 3.44
3.66 1.94 4.56 3.5
3.5 2.26 4.3 3.56
3.52 2.36 4.3 3.66
3.6 2.14 4.22 3.36
3.68 2.3 4.22 3.52
3.56 2.32 4.28 3.6
3.66 2.2 4.12 3.32
3.4 1.98 4.52 3.5
3.46 2.52 3.94 3.46
3.36 2.04 4.84 3.88
3.72 2.18 4.42 3.6
3.5 2.06 4.34 3.4
3.7 2.74 4.02 3.76
3.62 2.24 4.1 3.34
3.48 2.42 4.1 3.52
3.52 2.8 3.84 3.64
3.56 2.26 4.3 3.56
3.32 2.12 4.5 3.62
3.48 1.96 4.62 3.58
3.5 2.06 4.62 3.68
3.52 2.3 4.14 3.44
3.32 2.12 4.5 3.62
3.6 2.82 3.68 3.5
3.42 2.1 4.48 3.58
3.58 2.2 4.34 3.54
3.62 2.38 3.66 3.04
3.38 2.22 4.38 3.6
3.54 1.82 4.68 3.5
3.5 2.0 4.28 3.28
3.42 1.94 4.66 3.6
3.56 2.14 4.32 3.46
3.7 2.32 4.02 3.34
3.62 2.42 4.0 3.42
3.6 2.2 4.4 3.6
3.7 2.54 3.62 3.16
3.66 2.04 4.46 3.5
3.42 2.42 4.42 3.84
3.26 1.7 4.84 3.54
3.46 2.06 4.56 3.62
3.48 2.16 4.38 3.54
3.42 2.22 4.2 3.42
3.44 2.32 4.18 3.5
3.48 1.9 4.92 3.82
3.46 2.3 4.18 3.48
3.5 2.26 4.26 3.52
3.3 1.74 5.16 3.9
3.4 2.22 4.24 3.46
3.48 2.38 4.24 3.62
3.68 2.7 3.56 3.26
3.6 2.28 4.16 3.44
3.3 1.88 4.72 3.6
3.54 2.36 4.46 3.82
3.82 2.28 3.78 3.06
3.52 2.16 4.24 3.4
3.44 2.0 4.5 3.5
3.44 2.04 4.78 3.82
3.56 2.5 4.08 3.58
3.5 2.58 4.0 3.58
3.52 2.68 3.84 3.52
3.3 1.98 4.86 3.84
3.66 2.3 3.96 3.26
3.54 2.4 4.26 3.66
3.62 2.48 3.86 3.34
3.66 1.92 4.38 3.3
3.44 2.08 4.52 3.6
3.58 2.16 4.52 3.68
3.74 2.74 3.86 3.6
3.8 2.28 3.9 3.18
3.66 2.1 4.42 3.52
3.6 2.44 4.2 3.64
3.46 2.14 4.32 3.46
3.58 2.12 4.32 3.44
3.54 2.22 4.3 3.52
3.58 2.3 4.24 3.54
3.4 2.22 4.3 3.52
3.52 2.18 4.1 3.28
3.64 2.08 4.6 3.68
3.36 1.94 4.8 3.74
3.4 2.32 4.4 3.72
3.6 2.04 4.34 3.38
3.8 2.62 3.84 3.46
3.6 2.22 4.14 3.36
3.58 2.22 4.02 3.24
3.4 2.06 4.36 3.42
3.5 2.2 4.48 3.68
3.7 2.86 3.58 3.44
3.48 2.02 4.6 3.62
3.7 2.18 4.28 3.46
3.46 2.36 4.34 3.7
3.62 2.4 3.88 3.28
3.54 2.18 4.26 3.44
3.52 2.04 4.42 3.46
3.52 2.32 4.16 3.48
3.6 2.28 4.12 3.4
3.46 2.46 3.94 3.4
3.5 2.3 4.16 3.46
3.66 2.7 3.58 3.28
3.54 2.14 4.38 3.52
3.5 2.54 3.98 3.52
3.62 2.18 4.12 3.3
3.74 2.26 4.3 3.56
3.42 1.9 4.52 3.42
3.6 2.3 4.02 3.32
3.54 2.34 4.12 3.46
3.52 2.1 4.2 3.3
3.58 2.5 4.0 3.5
3.64 2.28 4.14 3.42
3.44 2.04 4.62 3.66
3.48 2.5 4.0 3.5
3.56 2.34 4.42 3.76
3.52 2.24 4.3 3.54
3.42 2.16 4.54 3.7
3.62 2.44 3.92 3.36
3.74 2.12 4.18 3.3
3.4 1.74 4.9 3.64
3.6 2.18 4.14 3.32
3.54 2.08 4.58 3.66
3.58 2.32 4.08 3.4
3.64 1.92 4.46 3.38
3.54 2.5 4.04 3.54
3.52 2.06 4.74 3.8
3.66 2.42 3.82 3.24
3.56 2.22 4.24 3.46
3.74 2.4 4.16 3.56
3.48 1.94 4.58 3.52
3.54 2.28 4.08 3.36
3.42 2.18 4.28 3.46
3.64 2.44 4.04 3.48
3.64 2.48 3.82 3.3
3.58 2.02 4.46 3.48
3.6 2.26 4.08 3.34
3.64 2.3 4.2 3.5
3.68 2.5 4.08 3.58
3.58 2.36 4.0 3.36
3.66 2.3 4.14 3.44
3.5 1.84 4.6 3.44
3.68 2.56 4.04 3.6
3.52 2.12 4.36 3.48
3.58 2.2 4.12 3.32
3.7 2.28 4.22 3.5
3.56 2.38 4.02 3.4
3.74 2.54 4.08 3.62
3.7 2.24 3.88 3.12
3.66 2.34 4.1 3.44
3.68 2.68 3.82 3.5
3.66 2.62 4.1 3.72
3.54 2.22 4.14 3.36
3.7 2.26 3.58 2.84
3.66 2.38 3.74 3.12
3.5 2.0 4.64 3.64
3.42 2.02 4.62 3.64
3.56 2.86 3.72 3.58
3.64 2.22 4.08 3.3
3.66 2.48 4.2 3.68
3.46 1.86 4.52 3.38
3.46 2.2 4.44 3.64
3.66 2.32 4.08 3.4
3.56 2.04 4.68 3.72
3.56 1.98 4.44 3.42
3.54 2.3 4.46 3.76
3.6 2.14 4.32 3.46
3.6 2.62 4.08 3.7
3.54 2.48 4.26 3.74
3.58 2.46 3.74 3.2
3.64 2.22 4.46 3.68
3.4 2.02 4.86 3.88
3.52 2.02 4.36 3.38
3.4 1.8 4.92 3.72
3.66 2.04 4.3 3.34
3.48 2.24 4.28 3.52
3.82 2.24 4.38 3.62
3.54 1.8 4.94 3.74
3.74 2.44 3.9 3.34
3.54 2.18 4.18 3.36
3.66 2.5 4.28 3.78
3.46 2.06 4.54 3.6
3.4 1.74 4.8 3.54
3.72 2.36 4.08 3.44
3.6 2.06 4.5 3.56
3.6 1.98 4.46 3.44
3.6 2.08 4.34 3.42
3.32 1.9 4.74 3.64
3.64 2.14 4.24 3.38
3.64 2.06 4.52 3.58
3.46 2.2 4.42 3.62
3.54 2.02 4.5 3.52
3.66 2.32 4.02 3.34
3.44 2.3 4.46 3.76
3.5 1.94 4.48 3.42
3.54 2.38 4.36 3.74
3.74 2.42 4.12 3.54
3.5 2.24 4.22 3.46
3.4 2.06 4.68 3.74
3.44 2.22 4.42 3.64
3.26 2.18 4.34 3.52
3.8 2.1 4.2 3.3
3.48 2.18 4.6 3.78
3.5 2.26 4.46 3.72
3.44 2.48 4.32 3.8
3.5 2.58 4.02 3.6
3.56 2.3 4.12 3.42
3.58 2.2 4.26 3.46
3.64 2.28 4.02 3.3
3.58 2.24 4.48 3.72
3.52 2.3 4.16 3.46
3.66 2.28 4.34 3.62
3.52 1.96 4.36 3.32
3.5 2.32 4.14 3.46
3.58 2.1 4.48 3.58
3.56 2.54 4.18 3.72
3.62 2.2 4.38 3.58
3.64 2.46 4.1 3.56
3.48 2.1 4.38 3.48
3.52 2.14 4.38 3.52
3.38 2.16 4.42 3.58
3.68 2.36 4.02 3.38
3.5 2.04 4.74 3.78
3.5 2.02 4.44 3.46
3.3 1.68 4.8 3.48
3.58 2.1 4.36 3.46
3.52 2.12 4.66 3.78
3.52 2.56 3.86 3.42
3.66 2.44 3.84 3.28
3.56 2.14 4.52 3.66
3.52 2.16 4.3 3.46
3.5 2.48 4.36 3.84
3.62 2.2 4.24 3.44
3.62 2.44 4.14 3.58
3.52 2.24 4.48 3.72
3.52 2.36 4.52 3.88
3.76 2.48 3.72 3.2
3.48 2.08 4.32 3.4
3.74 2.5 4.04 3.54
3.64 2.9 3.5 3.4
3.48 2.12 4.36 3.48
3.6 2.02 4.62 3.64
3.5 2.24 4.28 3.52
3.64 2.66 3.92 3.58
3.6 2.18 4.28 3.46
3.52 2.24 4.4 3.64
3.68 2.24 4.18 3.42
3.72 2.6 3.86 3.46
3.6 2.26 4.3 3.56
3.68 2.26 4.32 3.58
3.56 2.04 4.68 3.72
3.62 2.24 4.0 3.24
3.52 2.18 4.42 3.6
3.4 2.04 4.74 3.78
3.62 2.58 4.1 3.68
3.58 2.64 4.02 3.66
3.46 2.0 4.58 3.58
3.74 2.34 4.18 3.52
3.5 2.46 4.16 3.62
3.48 1.86 4.78 3.64
3.54 2.46 4.14 3.6
3.52 2.12 4.48 3.6
3.54 2.3 4.32 3.62
3.52 2.2 4.3 3.5
3.6 2.08 4.62 3.7
3.62 2.1 4.32 3.42
3.62 1.86 4.64 3.5
3.6 2.66 3.86 3.52
3.56 1.96 4.6 3.56
3.62 2.16 4.18 3.34
3.68 2.26 4.04 3.3
3.62 2.78 3.72 3.5
3.38 1.98 4.66 3.64
3.54 2.26 4.28 3.54
3.34 2.02 4.7 3.72
3.54 2.04 4.64 3.68
3.38 2.34 4.28 3.62
3.52 2.36 4.44 3.8
3.78 2.28 4.04 3.32
3.48 2.08 4.4 3.48
3.26 1.96 4.66 3.62
3.58 2.1 4.44 3.54
3.54 2.02 4.6 3.62
3.52 2.12 4.36 3.48
3.5 2.28 4.46 3.74
3.54 1.88 4.38 3.26
3.66 2.22 4.48 3.7
3.54 2.18 4.26 3.44
3.46 2.14 4.44 3.58
3.5 2.34 4.36 3.7
3.56 2.36 4.1 3.46
3.74 2.34 4.24 3.58
3.68 2.4 3.98 3.38
3.42 1.98 4.7 3.68
3.52 2.4 4.08 3.48
3.5 2.48 4.36 3.84
3.5 2.6 3.86 3.46
3.58 1.98 4.3 3.28
3.52 2.24 4.34 3.58
3.44 2.32 4.46 3.78
3.62 2.52 4.3 3.82
3.5 2.0 4.72 3.72
3.46 1.94 4.26 3.2
3.58 1.98 4.8 3.78
3.68 1.98 4.34 3.32
3.4 1.98 4.6 3.58
3.58 2.5 4.38 3.88
3.64 2.48 4.04 3.52
3.56 2.34 4.2 3.54
3.56 1.78 4.78 3.56
3.74 2.18 4.16 3.34
3.48 1.96 4.58 3.54
3.68 2.44 4.06 3.5
3.66 2.58 3.86 3.44
3.48 2.22 4.4 3.62
3.56 2.26 4.46 3.72
3.56 2.06 4.58 3.64
3.48 2.18 4.42 3.6
3.42 2.44 4.1 3.54
3.66 2.62 3.84 3.46
3.42 1.94 4.56 3.5
3.6 2.12 4.34 3.46
3.74 2.68 3.64 3.32
3.42 2.02 4.3 3.32
3.5 2.08 4.5 3.58
3.56 2.24 4.62 3.86
3.56 2.42 4.18 3.6
3.42 1.74 4.96 3.7
3.54 1.98 4.52 3.5
3.4 1.86 4.98 3.84
3.18 1.88 4.76 3.64
3.42 2.38 3.98 3.36
3.52 2.3 4.18 3.48
3.52 2.14 4.48 3.62
3.58 2.18 4.08 3.26
3.58 2.22 4.24 3.46
3.58 2.28 4.44 3.72
3.52 2.8 3.64 3.44
3.72 2.32 4.24 3.56
3.56 2.38 4.04 3.42
3.44 2.08 4.54 3.62
3.6 2.5 4.0 3.5
3.52 2.36 4.28 3.64
3.28 1.68 5.28 3.96
3.54 2.2 4.5 3.7
3.68 2.32 4.02 3.34
3.68 2.52 3.98 3.5
3.64 2.44 4.06 3.5
3.54 2.16 4.42 3.58
3.54 2.16 4.14 3.3
3.44 2.7 4.22 3.92
3.54 2.16 4.52 3.68
3.48 1.92 4.76 3.68
3.54 2.52 4.02 3.54
3.6 2.38 4.22 3.6
3.52 2.18 4.34 3.52
3.24 2.18 4.5 3.68
3.46 2.2 4.4 3.6
3.52 2.14 4.44 3.58
3.5 2.02 4.66 3.68
3.68 2.14 4.2 3.34
3.48 2.26 4.36 3.62
3.4 2.3 4.32 3.62
3.5 2.28 4.28 3.56
3.5 2.64 3.74 3.38
3.58 2.6 4.36 3.96
3.62 2.4 4.0 3.4
3.38 2.04 4.84 3.88
3.46 1.98 4.56 3.54
3.5 2.16 4.4 3.56
3.52 2.34 4.34 3.68
3.68 2.42 4.14 3.56
3.56 2.5 4.08 3.58
3.74 2.36 3.88 3.24
3.58 2.32 4.2 3.52
3.38 2.18 4.38 3.56
3.56 2.38 4.12 3.5
3.58 2.58 4.02 3.6
3.6 1.86 4.56 3.42
3.44 2.28 4.46 3.74
3.76 2.52 3.92 3.44
3.68 2.3 4.12 3.42
3.82 2.6 3.76 3.36
3.26 2.16 4.72 3.88
3.68 2.32 4.02 3.34
3.68 2.18 4.36 3.54
3.64 2.04 4.4 3.44
3.3 1.84 5.0 3.84
3.88 2.48 3.98 3.46
3.68 2.18 4.12 3.3
3.44 1.96 4.86 3.82
3.48 2.4 3.96 3.36
3.64 2.38 4.04 3.42
3.3 1.92 4.76 3.68
3.76 2.16 4.24 3.4
3.64 2.5 3.86 3.36
3.66 2.42 4.04 3.46
3.4 2.28 4.56 3.84
3.66 2.56 3.86 3.42
3.72 2.5 3.9 3.4
3.4 2.04 4.78 3.82
3.68 2.56 3.88 3.44
3.66 2.42 4.2 3.62
3.52 2.18 4.54 3.72
3.48 2.12 4.5 3.62
3.52 1.78 4.66 3.44
3.6 2.12 4.36 3.48
3.62 2.22 4.22 3.44
3.34 1.66 5.18 3.84
3.48 2.28 4.38 3.66
3.5 2.02 4.5 3.52
3.54 1.98 4.7 3.68
3.66 2.2 4.18 3.38
3.66 2.2 4.2 3.4
3.52 2.32 4.2 3.52
3.72 2.44 3.84 3.28
3.54 2.08 4.52 3.6
3.44 2.16 4.34 3.5
3.56 2.22 4.46 3.68
3.58 2.18 4.32 3.5
3.46 1.94 4.48 3.42
3.42 2.04 4.62 3.66
3.5 2.44 4.22 3.66
3.48 2.16 4.3 3.46
3.66 2.16 4.34 3.5
3.38 2.34 4.16 3.5
3.42 1.82 4.6 3.42
3.62 1.98 4.42 3.4
3.46 1.94 4.66 3.6
3.6 2.3 3.98 3.28
3.6 1.88 4.52 3.4
3.52 2.08 4.22 3.3
3.7 2.66 3.78 3.44
3.66 2.42 3.9 3.32
3.68 2.36 4.06 3.42
3.56 2.26 4.18 3.44
3.64 2.22 4.44 3.66
3.66 2.12 4.22 3.34
3.52 2.28 4.44 3.72
3.5 2.22 4.32 3.54
3.5 2.04 4.76 3.8
3.66 2.2 4.32 3.52
3.44 2.06 4.56 3.62
3.56 2.6 3.76 3.36
3.68 1.88 4.68 3.56
3.62 2.5 3.88 3.38
3.22 1.96 4.86 3.82
3.68 2.42 3.92 3.34
3.5 2.24 4.22 3.46
3.54 2.62 4.22 3.84
3.56 2.14 4.44 3.58
3.6 2.28 3.98 3.26
3.7 2.52 3.98 3.5
3.72 2.62 3.6 3.22
3.38 1.72 4.94 3.66
3.46 2.66 3.98 3.64
3.64 2.08 4.38 3.46
3.48 2.36 4.04 3.4
3.66 2.62 3.96 3.58
3.64 1.98 4.52 3.5
3.54 2.32 4.18 3.5
3.66 2.08 4.36 3.44
3.66 2.74 3.6 3.34
3.48 2.42 3.94 3.36
3.62 2.22 4.22 3.44
3.6 2.02 4.54 3.56
3.72 2.48 3.98 3.46
3.38 1.84 4.72 3.56
3.54 2.22 4.24 3.46
3.52 2.22 4.12 3.34
3.6 2.22 4.34 3.56
3.54 2.2 4.06 3.26
3.5 2.34 4.36 3.7
3.54 2.08 4.52 3.6
3.62 2.1 4.46 3.56
3.54 2.6 4.08 3.68
3.46 2.06 4.36 3.42
3.42 2.28 4.44 3.72
3.7 2.62 3.92 3.54
3.72 2.32 3.98 3.3
3.42 2.12 4.68 3.8
3.48 2.46 4.34 3.8
3.52 2.6 3.94 3.54
3.46 2.32 4.42 3.74
3.72 2.32 4.14 3.46
3.44 2.08 4.64 3.72
3.68 2.46 3.74 3.2
3.62 2.06 4.22 3.28
3.46 1.88 4.86 3.74
3.64 2.5 3.86 3.36
3.56 2.08 4.3 3.38
3.64 2.24 4.36 3.6
3.72 2.18 4.08 3.26
3.64 2.4 4.3 3.7
3.64 2.28 4.28 3.56
3.6 1.86 4.7 3.56
3.62 2.18 4.22 3.4
3.38 1.98 4.82 3.8
3.56 2.0 4.66 3.66
3.76 2.12 4.22 3.34
3.64 2.28 4.2 3.48
3.56 2.2 4.2 3.4
3.44 1.96 4.94 3.9
3.68 2.28 4.4 3.68
3.48 2.04 4.6 3.64
3.54 1.94 4.72 3.66
3.74 2.46 3.82 3.28
3.54 2.16 4.68 3.84
3.56 2.98 3.6 3.58
3.34 2.28 4.42 3.7
3.4 2.26 4.64 3.9
3.56 2.34 4.08 3.42
3.66 2.42 3.92 3.34
3.6 2.56 4.12 3.68
3.68 2.38 4.4 3.78
3.56 2.28 4.52 3.8
3.44 1.82 4.9 3.72
3.68 2.12 4.2 3.32
3.48 2.04 4.7 3.74
3.56 2.04 4.62 3.66
3.64 2.56 3.9 3.46
3.58 2.44 4.08 3.52
3.48 2.06 4.5 3.56
3.5 2.18 4.56 3.74
3.58 2.16 4.34 3.5
3.52 2.5 3.94 3.44
3.38 2.0 4.52 3.52
3.52 2.06 4.58 3.64
3.74 2.58 3.8 3.38
3.58 1.88 4.76 3.64
3.52 1.82 4.64 3.46
3.52 2.06 4.62 3.68
3.54 2.14 4.26 3.4
3.64 2.42 4.16 3.58
3.6 2.36 4.2 3.56
3.44 2.08 4.52 3.6
3.56 2.46 3.96 3.42
3.58 2.28 4.18 3.46
3.52 2.18 4.4 3.58
3.58 2.38 4.0 3.38
3.56 2.0 4.42 3.42
3.62 2.74 3.84 3.58
3.48 2.1 4.38 3.48
3.44 1.94 4.74 3.68
3.56 2.12 4.54 3.66
3.48 2.12 4.32 3.44
3.54 2.36 4.38 3.74
3.48 2.2 4.14 3.34
3.76 3.04 3.24 3.28
3.54 2.26 4.16 3.42
3.52 2.16 4.3 3.46
3.52 1.78 4.72 3.5
3.66 2.5 4.1 3.6
3.62 2.26 4.1 3.36
3.5 2.06 4.4 3.46
3.48 2.16 4.48 3.64
3.68 2.2 4.34 3.54
3.44 1.82 4.98 3.8
3.48 1.8 4.78 3.58
3.56 2.3 4.12 3.42
3.5 2.24 4.22 3.46
3.62 2.12 4.12 3.24
3.6 2.4 4.06 3.46
3.5 2.26 4.36 3.62
3.58 2.34 4.08 3.42
3.64 2.6 3.98 3.58
3.4 2.24 4.26 3.5
3.46 1.94 4.7 3.64
3.58 2.26 4.18 3.44
3.5 2.46 4.0 3.46
3.68 2.08 4.26 3.34
3.54 1.84 4.58 3.42
3.46 1.92 4.78 3.7
3.58 2.42 3.96 3.38
3.44 2.2 4.44 3.64
3.44 1.88 4.6 3.48
3.54 2.46 4.38 3.84
3.64 2.58 3.88 3.46
3.54 1.94 4.76 3.7
3.62 2.42 4.14 3.56
3.64 2.18 4.3 3.48
3.58 2.24 4.46 3.7
3.54 2.0 4.44 3.44
3.66 2.46 3.96 3.42
3.4 2.34 4.42 3.76
3.44 1.98 4.8 3.78
3.44 2.24 4.52 3.76
3.56 2.52 4.18 3.7
3.5 2.7 3.88 3.58
3.7 2.5 4.4 3.9
3.74 2.42 4.08 3.5
3.44 2.4 4.26 3.66
3.56 2.26 4.28 3.54
3.5 2.06 4.42 3.48
3.6 2.12 4.5 3.62
3.58 2.58 4.16 3.74
3.64 2.2 4.2 3.4
3.4 2.48 4.22 3.7
3.6 2.28 4.24 3.52
3.48 2.26 4.54 3.8
3.46 2.14 4.5 3.64
3.5 2.08 4.28 3.36
3.58 2.04 4.68 3.72
3.64 2.6 3.94 3.54
3.68 2.48 4.16 3.64
3.68 2.12 4.14 3.26
3.46 2.44 4.18 3.62
3.42 2.18 4.22 3.4
3.62 2.16 4.26 3.42
3.7 2.22 4.44 3.66
3.3 1.78 4.9 3.68
3.5 2.12 4.52 3.64
3.52 2.08 4.56 3.64
3.52 1.84 4.7 3.54
3.52 2.22 4.16 3.38
3.34 2.08 4.56 3.64
3.66 2.4 4.16 3.56
3.36 1.96 4.64 3.6
3.4 1.96 4.98 3.94
3.58 2.24 4.3 3.54
3.64 2.46 4.02 3.48
3.36 2.02 4.68 3.7
3.56 2.32 4.22 3.54
3.44 1.96 4.48 3.44
3.66 2.5 4.1 3.6
3.44 2.0 4.68 3.68
3.64 2.72 3.62 3.34
3.66 2.38 3.86 3.24
3.7 2.12 4.38 3.5
3.44 1.76 4.8 3.56
3.68 2.6 3.7 3.3
3.42 2.32 4.22 3.54
3.62 2.6 4.08 3.68
3.36 2.6 4.04 3.64
3.6 2.3 3.9 3.2
3.26 1.62 5.0 3.62
3.66 2.52 3.96 3.48
3.32 2.3 4.34 3.64
3.66 2.22 4.42 3.64
3.66 2.24 4.32 3.56
3.54 1.96 4.52 3.48
3.66 2.32 4.22 3.54
3.58 2.32 4.26 3.58
3.38 1.76 4.92 3.68
3.52 2.42 4.54 3.96
3.4 2.36 4.34 3.7
3.58 2.14 4.26 3.4
3.64 2.3 4.14 3.44
3.72 2.14 4.22 3.36
3.28 2.1 4.68 3.78
3.58 2.72 3.72 3.44
3.44 1.92 4.9 3.82
3.54 2.72 3.76 3.48
3.54 2.02 4.64 3.66
3.5 2.1 4.42 3.52
3.62 2.26 4.2 3.46
3.56 2.26 4.2 3.46
3.56 2.34 4.1 3.44
3.4 2.02 4.8 3.82
3.62 2.18 4.14 3.32
3.52 2.16 4.48 3.64
3.76 2.46 4.14 3.6
3.72 2.68 4.12 3.8
3.56 2.1 4.48 3.58
3.6 2.22 4.26 3.48
3.64 2.46 4.04 3.5
3.38 1.84 4.76 3.6
3.74 2.12 4.32 3.44
3.52 2.32 4.1 3.42
3.64 2.46 4.08 3.54
3.7 2.32 4.16 3.48
3.66 2.38 4.08 3.46
3.54 2.32 4.1 3.42
3.7 2.4 4.02 3.42
3.54 1.96 4.62 3.58
3.54 2.28 4.2 3.48
3.7 2.42 3.98 3.4
3.5 2.22 4.18 3.4
3.68 2.26 4.06 3.32
3.46 1.68 4.82 3.5
3.46 1.84 4.8 3.64
3.58 2.46 4.14 3.6
3.74 2.36 4.02 3.38
3.46 2.24 4.22 3.46
3.7 1.96 4.6 3.56
3.4 2.24 4.42 3.66
3.42 1.68 5.02 3.7
3.5 2.16 4.56 3.72
3.64 2.4 4.34 3.74
3.44 2.08 4.5 3.58
3.52 2.14 4.42 3.56
3.68 2.36 4.2 3.56
3.66 2.2 4.32 3.52
3.64 1.92 4.6 3.52
3.56 2.42 4.08 3.5
3.6 2.06 4.3 3.36
3.5 2.12 4.62 3.74
3.58 2.5 4.3 3.8
3.66 2.54 4.04 3.58
3.48 2.16 4.38 3.54
3.34 2.2 4.4 3.6
3.58 2.24 4.38 3.62
3.82 2.58 4.02 3.6
3.62 2.52 4.1 3.62
3.66 2.42 3.88 3.3
3.66 2.14 4.3 3.44
3.56 2.54 4.08 3.62
3.68 2.72 3.96 3.68
3.6 2.34 3.92 3.26
3.6 2.2 4.34 3.54
3.62 2.18 4.24 3.42
3.48 2.08 4.52 3.6
3.6 2.42 3.96 3.38
3.66 2.48 4.12 3.6
3.7 2.1 4.24 3.34
3.5 2.32 4.34 3.66
3.52 2.2 4.12 3.32
3.64 1.98 4.54 3.52
3.6 2.64 3.46 3.1
3.5 2.46 4.24 3.7
3.64 2.32 3.86 3.18
3.76 2.36 4.24 3.6
3.62 2.2 4.3 3.5
3.42 1.74 4.64 3.38
3.56 2.3 4.3 3.6
3.36 2.08 4.38 3.46
3.68 2.42 4.36 3.78
3.38 2.24 4.56 3.8
3.5 1.84 4.82 3.66
3.6 2.12 4.22 3.34
3.66 2.06 4.52 3.58
3.62 2.34 4.38 3.72
3.46 2.38 4.2 3.58
3.48 2.04 4.62 3.66
3.34 2.16 4.44 3.6
3.4 2.02 4.52 3.54
3.64 2.1 4.48 3.58
3.62 2.3 4.18 3.48
3.74 2.24 4.02 3.26
3.62 2.24 4.0 3.24
3.5 2.42 4.32 3.74
3.62 2.42 3.98 3.4
3.54 2.02 4.4 3.42
3.46 2.08 4.5 3.58
3.58 2.38 4.16 3.54
3.54 2.62 3.76 3.38
3.38 1.96 4.3 3.26
3.52 2.0 4.44 3.44
3.42 2.52 4.32 3.84
3.62 1.98 4.52 3.5
3.38 1.78 4.74 3.52
3.54 2.12 4.48 3.6
3.46 1.92 4.72 3.64
3.38 1.98 4.68 3.66
3.56 2.14 4.1 3.24
3.68 2.76 3.56 3.32
3.52 2.24 4.38 3.62
3.38 2.18 4.52 3.7
3.46 2.24 4.36 3.6
3.5 2.48 4.38 3.86
3.58 1.98 4.66 3.64
3.36 2.16 4.5 3.66
3.54 2.32 4.18 3.5
3.52 2.36 4.28 3.64
3.54 2.34 4.26 3.6
3.64 2.4 4.02 3.42
3.48 2.28 4.6 3.88
3.66 2.26 4.26 3.52
3.46 2.26 4.24 3.5
3.46 1.76 4.88 3.64
3.62 2.56 3.82 3.38
3.54 2.38 4.38 3.76
3.6 2.18 4.7 3.88
3.52 2.18 4.72 3.9
3.36 2.16 4.3 3.46
3.62 2.6 3.76 3.36
3.54 2.6 3.84 3.44
3.52 2.02 4.52 3.54
3.6 2.46 3.92 3.38
3.38 2.12 4.56 3.68
3.58 2.26 4.02 3.28
3.6 2.46 3.8 3.26
3.56 2.42 4.32 3.74
3.64 2.28 3.98 3.26
3.7 2.6 3.86 3.46
3.58 2.12 4.48 3.6
3.54 2.2 4.4 3.6
3.52 2.28 4.28 3.56
3.5 2.18 4.02 3.2
3.58 2.32 4.0 3.32
3.62 2.54 3.96 3.5
3.52 2.48 4.24 3.72
3.54 2.46 4.22 3.68
3.6 2.26 4.22 3.48
3.56 2.3 4.34 3.64
3.62 2.14 4.18 3.32
3.44 2.0 4.78 3.78
3.52 2.18 4.52 3.7
3.5 2.16 4.28 3.44
3.52 1.78 4.66 3.44
3.4 1.9 4.72 3.62
3.64 2.82 3.4 3.22
3.58 2.02 4.86 3.88
3.54 2.3 4.12 3.42
3.68 2.62 3.88 3.5
3.56 2.24 4.12 3.36
3.5 2.3 4.44 3.74
3.4 2.12 4.64 3.76
3.7 2.68 3.78 3.46
3.44 2.02 4.62 3.64
3.7 2.2 4.3 3.5
3.64 2.38 4.14 3.52
3.54 2.44 4.12 3.56
3.32 2.08 4.68 3.76
3.38 2.26 4.42 3.68
3.46 2.18 4.58 3.76
3.48 1.96 4.56 3.52
3.66 2.62 3.6 3.22
3.5 1.9 4.54 3.44
3.7 2.3 4.0 3.3
3.54 1.94 4.56 3.5
3.62 2.2 4.32 3.52
3.72 2.66 3.84 3.5
3.4 1.8 4.76 3.56
3.7 2.44 3.88 3.32
3.26 2.22 4.64 3.86
3.58 2.4 3.88 3.28
3.56 2.08 4.68 3.76
3.62 2.12 4.58 3.7
3.6 2.28 4.16 3.44
3.68 2.22 4.06 3.28
3.42 2.14 4.22 3.36
3.58 2.44 4.22 3.66
3.6 2.18 4.32 3.5
3.46 1.92 4.5 3.42
3.62 2.34 4.14 3.48
3.68 2.48 4.04 3.52
3.56 2.28 4.42 3.7
3.64 2.14 4.26 3.4
3.64 2.28 4.14 3.42
3.54 2.2 4.36 3.56
3.62 2.12 4.5 3.62
3.52 2.28 4.32 3.6
3.5 1.9 4.64 3.54
3.4 2.38 4.22 3.6
3.5 2.66 3.98 3.64
3.66 3.06 3.6 3.66
3.62 2.2 4.34 3.54
3.56 2.56 3.98 3.54
3.6 2.32 4.22 3.54
3.34 1.86 4.84 3.7
3.6 2.3 4.36 3.66
3.6 2.64 3.94 3.58
3.46 2.3 4.24 3.54
3.64 2.22 4.52 3.74
3.52 2.16 4.24 3.4
3.48 2.1 4.62 3.72
3.5 2.42 3.98 3.4
3.74 2.6 3.66 3.26
3.6 2.28 4.18 3.46
3.54 2.4 4.02 3.42
3.56 2.24 4.24 3.48
3.46 2.08 4.48 3.56
3.72 1.86 4.64 3.5
3.48 2.12 4.26 3.38
3.42 2.08 4.62 3.7
3.52 1.9 4.8 3.7
3.46 2.12 4.16 3.28
3.6 1.9 4.7 3.6
3.7 2.2 4.0 3.2
3.58 2.18 4.34 3.52
3.38 2.0 4.3 3.3
3.54 2.4 4.12 3.52
3.6 2.34 4.16 3.5
3.38 1.9 4.64 3.54
3.62 1.84 4.5 3.34
3.36 2.06 4.54 3.6
3.68 2.44 3.98 3.42
3.7 2.36 4.02 3.38
3.56 2.74 4.06 3.8
3.78 2.78 3.64 3.42
3.56 1.9 4.6 3.5
3.48 2.28 4.48 3.76
3.44 2.2 4.6 3.8
3.62 2.64 3.92 3.56
3.66 2.2 4.2 3.4
3.54 2.3 4.04 3.34
3.36 2.02 4.64 3.66
3.28 1.84 4.98 3.82
3.72 2.8 3.72 3.52
3.44 2.14 4.48 3.62
3.4 1.96 4.52 3.48
3.62 2.18 4.2 3.38
3.56 2.7 3.88 3.58
3.52 2.08 4.5 3.58
3.62 2.44 3.88 3.32
3.64 2.22 4.28 3.5
3.76 2.48 3.92 3.4
3.32 1.96 4.64 3.6
3.38 2.32 4.16 3.48
3.74 2.36 3.8 3.16
3.62 2.12 4.26 3.38
3.52 2.56 4.04 3.6
3.54 1.94 4.76 3.7
3.46 2.16 4.54 3.7
3.44 2.0 4.78 3.78
3.54 2.3 4.16 3.46
3.6 2.18 4.34 3.52
3.54 2.26 4.44 3.7
3.52 2.24 4.46 3.7
3.48 1.86 4.64 3.5
3.52 2.32 4.06 3.38
3.72 2.26 4.0 3.26
3.54 2.14 4.4 3.54
3.6 2.62 3.94 3.56
3.56 2.48 4.08 3.56
3.32 2.06 4.76 3.82
3.48 2.36 4.3 3.66
3.68 2.28 4.12 3.4
3.62 2.3 4.24 3.54
3.62 2.26 4.22 3.48
3.64 2.26 4.12 3.38
3.54 2.42 4.06 3.48
3.52 2.24 4.08 3.32
3.8 2.56 3.72 3.28
3.64 2.62 4.04 3.66
3.58 2.5 4.16 3.66
3.54 2.14 4.5 3.64
3.6 2.26 4.56 3.82
3.5 2.32 4.22 3.54
3.6 2.2 4.36 3.56
3.6 2.02 4.6 3.62
3.62 2.56 3.82 3.38
3.56 2.14 4.34 3.48
3.58 2.5 4.1 3.6
3.68 2.26 4.32 3.58
3.8 2.22 4.16 3.38
3.72 2.36 4.28 3.64
3.46 1.92 4.72 3.64
3.48 1.88 4.72 3.6
3.84 2.48 3.82 3.3
3.52 2.16 4.12 3.28
3.52 2.38 4.22 3.6
3.46 2.3 4.48 3.78
3.62 1.82 4.64 3.46
3.32 2.2 4.4 3.6
3.58 2.26 4.08 3.34
3.56 2.62 3.98 3.6
3.44 1.92 4.88 3.8
3.72 2.14 4.46 3.6
3.56 2.36 4.14 3.5
3.5 2.2 4.4 3.6
3.46 2.38 4.04 3.42
3.66 2.58 3.62 3.2
3.64 2.06 4.52 3.58
3.4 2.12 4.62 3.74
3.72 2.5 3.88 3.38
3.46 2.3 4.04 3.34
3.56 1.86 4.4 3.26
3.52 2.16 4.4 3.56
3.52 2.3 4.14 3.44
3.36 1.94 4.6 3.54
3.5 1.92 4.7 3.62
3.42 1.84 4.88 3.72
3.58 2.04 4.32 3.36
3.62 1.96 4.52 3.48
3.54 1.98 4.58 3.56
3.44 1.94 4.44 3.38
3.4 1.92 4.74 3.66
3.58 2.18 4.52 3.7
3.62 2.48 3.8 3.28
3.46 2.02 4.64 3.66
3.44 2.14 4.42 3.56
3.54 2.0 4.74 3.74
3.4 2.38 4.44 3.82
3.48 2.16 4.56 3.72
3.64 1.88 4.72 3.6
3.6 2.12 4.48 3.6
3.78 2.44 3.78 3.22
3.46 1.86 4.78 3.64
3.56 2.54 3.78 3.32
3.74 2.16 4.22 3.38
3.42 1.76 4.82 3.58
3.48 2.22 4.36 3.58
3.64 2.06 4.72 3.78
3.54 2.32 3.96 3.28
3.58 2.34 4.3 3.64
3.64 2.32 4.32 3.64
3.42 2.18 4.3 3.48
3.48 2.22 4.26 3.48
3.48 2.14 4.06 3.2
3.46 2.14 4.48 3.62
3.5 1.94 4.38 3.32
3.26 1.96 4.96 3.92
3.46 2.3 4.16 3.46
3.56 2.46 3.88 3.34
3.46 2.22 4.52 3.74
3.78 2.74 3.84 3.58
3.38 2.1 4.46 3.56
3.6 1.92 4.52 3.44
3.44 2.22 4.5 3.72
3.58 2.36 4.18 3.54
3.6 2.66 3.74 3.4
3.4 2.26 4.32 3.58
3.7 2.26 4.08 3.34
3.54 1.94 4.68 3.62
3.42 2.14 4.46 3.6
3.54 2.42 4.16 3.58
3.62 2.56 3.92 3.48
3.66 2.28 4.16 3.44
3.62 2.24 4.28 3.52
3.58 2.46 3.8 3.26
3.46 2.22 4.52 3.74
3.52 2.58 4.16 3.74
3.3 2.28 4.12 3.4
3.48 2.16 4.42 3.58
3.42 2.14 4.36 3.5
3.64 2.46 4.04 3.5
3.56 2.04 4.44 3.48
3.54 2.54 3.98 3.52
3.56 1.84 4.9 3.74
3.54 2.14 4.06 3.2
3.56 2.54 4.14 3.68
3.44 2.16 4.36 3.52
3.3 1.72 5.02 3.74
3.48 1.88 4.94 3.82
3.68 2.06 4.4 3.46
3.56 2.08 4.5 3.58
3.62 2.18 4.26 3.44
3.68 2.1 4.34 3.44
3.46 1.92 4.54 3.46
3.56 2.02 4.5 3.52
3.56 1.78 4.86 3.64
3.58 2.08 4.52 3.6
3.4 2.1 4.64 3.74
3.4 2.1 4.56 3.66
3.58 2.74 4.0 3.74
3.46 1.9 4.84 3.74
3.46 2.18 4.58 3.76
3.64 2.44 4.04 3.48
3.5 2.14 4.58 3.72
3.36 1.76 5.02 3.78
3.56 2.6 4.14 3.74
3.42 2.06 4.58 3.64
3.74 2.12 4.34 3.46
3.54 2.1 4.56 3.66
3.64 2.68 3.9 3.58
3.48 1.96 4.7 3.66
3.52 2.44 4.0 3.44
3.6 2.38 4.06 3.44
3.5 2.02 4.52 3.54
3.5 2.24 4.62 3.86
3.44 1.78 4.84 3.62
3.48 2.32 4.58 3.9
3.54 2.2 4.6 3.8
3.66 2.22 4.18 3.4
3.42 2.26 4.5 3.76
3.56 2.04 4.42 3.46
3.46 2.3 4.26 3.56
3.62 2.48 4.18 3.66
3.54 2.06 4.36 3.42
3.62 2.28 4.1 3.38
3.6 2.34 4.12 3.46
3.68 2.44 4.26 3.7
3.44 2.1 4.64 3.74
3.72 2.22 4.04 3.26
3.48 2.1 4.36 3.46
3.4 2.28 4.4 3.68
3.4 2.24 4.44 3.68
3.56 1.98 4.62 3.6
3.6 2.2 4.24 3.44
3.62 2.14 4.36 3.5
3.58 2.06 4.32 3.38
3.62 2.46 3.9 3.36
3.68 2.38 4.26 3.64
3.24 2.28 4.46 3.74
3.56 2.46 3.84 3.3
3.44 2.14 4.34 3.48
3.52 2.32 4.44 3.76
3.52 2.18 4.62 3.8
3.66 2.16 4.38 3.54
3.58 2.42 4.04 3.46
3.62 2.36 3.9 3.26
3.62 1.96 4.68 3.64
3.54 1.9 4.84 3.74
3.58 2.34 4.18 3.52
3.56 1.98 4.6 3.58
3.58 1.86 4.88 3.74
3.62 2.12 4.32 3.44
3.6 2.36 4.16 3.52
3.4 1.94 4.58 3.52
3.46 2.54 3.98 3.52
3.48 2.14 4.4 3.54
3.6 2.3 4.0 3.3
3.44 2.36 4.38 3.74
3.46 1.92 4.64 3.56
3.6 1.92 4.74 3.66
3.74 2.02 4.46 3.48
3.7 2.42 3.9 3.32
3.48 2.12 4.48 3.6
3.66 2.34 4.18 3.52
3.46 2.18 4.68 3.86
3.4 2.18 4.44 3.62
3.36 1.64 5.08 3.72
3.6 2.16 4.12 3.28
3.56 2.34 3.88 3.22
3.6 2.66 3.66 3.32
3.62 2.62 3.84 3.46
3.66 2.02 4.42 3.44
3.6 1.96 4.44 3.4
3.7 2.52 3.86 3.38
3.56 2.32 4.2 3.52
3.44 2.06 4.34 3.4
3.5 2.0 4.6 3.6
3.74 2.72 3.62 3.34
3.64 2.7 3.94 3.64
3.5 2.1 4.34 3.44
3.54 2.34 4.0 3.34
3.6 2.22 4.24 3.46
3.68 2.44 4.3 3.74
3.62 2.32 4.26 3.58
3.72 2.22 4.24 3.46
3.54 2.12 4.12 3.24
3.6 2.42 3.88 3.3
3.6 2.28 4.02 3.3
3.76 2.3 3.86 3.16
3.5 1.92 4.74 3.66
3.7 2.3 4.06 3.36
3.54 2.56 4.0 3.56
3.52 2.34 4.24 3.58
3.44 2.32 4.28 3.6
3.54 2.0 4.58 3.58
3.8 1.98 4.6 3.58
3.58 2.56 3.92 3.48
3.8 2.58 3.58 3.16
3.6 2.48 3.82 3.3
3.52 1.96 4.36 3.32
3.64 2.62 3.96 3.58
3.48 2.06 4.6 3.66
3.42 2.18 4.52 3.7
3.48 2.08 4.3 3.38
3.56 2.28 4.14 3.42
3.48 1.9 4.78 3.68
3.56 1.86 4.9 3.76
3.58 2.48 4.0 3.48
3.64 2.22 4.08 3.3
3.7 2.32 4.24 3.56
3.44 2.2 4.36 3.56
3.46 2.32 4.38 3.7
3.38 2.38 4.42 3.8
3.46 2.16 4.6 3.76
3.54 2.4 4.38 3.78
3.6 2.44 4.22 3.66
3.5 2.66 4.04 3.7
3.6 2.2 4.44 3.64
3.54 1.96 4.58 3.54
3.64 2.1 4.24 3.34
3.56 2.24 4.08 3.32
3.34 1.96 4.82 3.78
3.46 1.94 4.64 3.58
3.58 2.14 4.38 3.52
3.52 2.48 4.1 3.58
3.5 2.24 4.16 3.4
3.6 2.08 4.52 3.6
3.48 2.16 4.38 3.54
3.6 2.18 4.32 3.5
3.54 2.54 3.7 3.24
3.66 2.72 3.68 3.4
3.46 2.42 4.28 3.7
3.54 2.06 4.72 3.78
3.48 2.18 4.3 3.48
3.68 2.24 4.22 3.46
3.44 2.14 4.46 3.6
3.46 2.42 4.34 3.76
3.58 2.3 4.32 3.62
3.4 2.24 4.38 3.62
3.5 2.02 4.52 3.54
3.58 2.36 4.26 3.62
3.74 2.56 3.7 3.26
3.5 2.02 4.8 3.82
3.58 1.88 4.78 3.66
3.76 2.54 3.92 3.46
3.46 2.22 4.38 3.6
3.58 2.06 4.58 3.64
3.54 1.86 4.7 3.56
3.64 2.34 3.88 3.22
3.62 2.5 3.86 3.36
3.52 2.04 4.18 3.22
3.48 2.02 4.4 3.42
3.68 2.18 4.04 3.22
3.66 2.48 3.66 3.14
3.64 2.6 4.0 3.6
3.54 2.48 4.14 3.62
3.58 2.14 4.46 3.6
3.64 2.2 4.06 3.26
3.54 2.56 3.92 3.48
3.52 2.06 4.34 3.4
3.46 2.64 4.14 3.78
3.54 2.22 4.34 3.56
3.66 2.1 4.32 3.42
3.42 2.12 4.46 3.58
3.58 2.02 4.48 3.5
3.7 2.38 4.1 3.48
3.54 2.46 4.32 3.78
3.6 2.28 4.14 3.42
3.66 2.56 4.04 3.6
3.62 2.18 4.38 3.56
3.6 2.08 4.42 3.5
3.68 1.98 4.36 3.34
3.68 1.88 4.54 3.42
3.48 1.96 4.56 3.52
3.56 1.9 4.64 3.54
3.64 2.24 4.2 3.44
3.46 2.66 3.94 3.6
3.56 2.38 4.1 3.48
3.42 2.08 4.64 3.72
3.4 1.8 4.78 3.58
3.46 1.92 4.6 3.52
3.38 2.1 4.78 3.88
3.54 2.24 4.32 3.56
3.48 2.3 4.38 3.68
3.48 2.2 4.18 3.38
3.5 1.84 4.76 3.6
3.56 2.06 4.28 3.34
3.54 2.22 4.12 3.34
3.66 2.6 4.06 3.66
3.4 2.18 4.5 3.68
3.54 1.98 4.7 3.68
3.52 2.14 4.32 3.46
3.76 2.14 4.02 3.16
3.62 2.0 4.36 3.36
3.6 2.16 4.34 3.5
3.34 1.94 4.9 3.84
3.66 2.66 3.8 3.46
3.54 2.46 4.36 3.82
3.54 2.28 4.24 3.52
3.5 2.22 4.28 3.5
3.62 2.46 3.98 3.44
3.44 2.5 4.28 3.78
3.54 2.22 4.48 3.7
3.48 2.36 4.16 3.52
3.52 2.2 4.54 3.74
3.54 1.94 4.5 3.44
3.64 2.46 3.94 3.4
3.5 2.34 4.3 3.64
3.6 2.56 3.66 3.22
3.48 2.3 4.28 3.58
3.44 2.1 4.48 3.58
3.58 2.42 4.14 3.56
3.74 2.78 3.98 3.76
3.62 2.16 4.58 3.74
3.5 1.92 4.94 3.86
3.66 2.24 4.16 3.4
3.64 2.56 3.98 3.54
3.52 2.1 4.3 3.4
3.72 2.34 4.04 3.38
3.66 2.5 4.0 3.5
3.52 2.04 4.88 3.92
3.52 2.04 4.56 3.6
3.54 2.26 4.52 3.78
3.56 2.12 4.46 3.58
3.7 2.56 3.7 3.26
3.44 2.34 4.18 3.52
3.64 2.1 4.4 3.5
3.5 2.44 3.9 3.34
3.48 2.26 4.52 3.78
3.5 2.12 4.4 3.52
3.52 2.38 4.22 3.6
3.72 2.32 3.86 3.18
3.58 2.32 4.28 3.6
3.48 2.3 4.5 3.8
3.6 2.24 4.12 3.36
3.6 2.36 3.96 3.32
3.5 2.04 4.32 3.36
3.6 2.16 4.36 3.52
3.48 2.34 4.42 3.76
3.56 2.26 4.22 3.48
3.52 2.58 3.82 3.4
3.66 2.14 4.34 3.48
3.56 1.94 4.48 3.42
3.62 2.08 4.72 3.8
3.46 2.12 4.38 3.5
3.46 2.3 4.34 3.64
3.7 2.34 4.24 3.58
3.5 2.28 4.38 3.66
3.58 2.72 3.66 3.38
3.4 2.2 4.28 3.48
3.52 2.54 4.0 3.54
3.52 2.0 4.52 3.52
3.5 2.16 4.16 3.32
3.54 2.4 4.04 3.44
3.68 2.54 4.0 3.54
3.56 2.08 4.32 3.4
3.6 2.08 4.58 3.66
3.76 2.58 4.14 3.72
3.6 2.36 3.86 3.22
3.66 2.38 4.14 3.52
3.56 2.26 4.44 3.7
3.5 2.06 4.42 3.48
3.5 2.02 4.46 3.48
3.66 2.6 3.94 3.54
3.76 2.56 3.86 3.42
3.48 1.94 4.72 3.66
3.74 2.52 4.1 3.62
3.44 2.12 4.46 3.58
3.34 1.96 4.82 3.78
3.6 2.08 4.24 3.32
3.58 2.38 4.04 3.42
3.34 1.92 4.8 3.72
3.46 2.1 4.34 3.44
3.7 2.0 4.32 3.32
3.72 2.64 3.92 3.56
3.6 2.3 4.4 3.7
3.78 2.8 3.62 3.42
3.64 2.6 3.86 3.46
3.46 2.54 3.82 3.36
3.82 2.42 3.84 3.26
3.56 2.22 4.38 3.6
3.5 2.02 4.54 3.56
3.62 2.46 3.98 3.44
3.66 2.52 3.78 3.3
3.54 2.38 4.56 3.94
3.4 1.88 4.88 3.76
3.58 2.1 4.44 3.54
3.52 2.5 4.02 3.52
3.34 1.9 4.52 3.42
3.46 2.28 4.36 3.64
3.62 2.62 4.06 3.68
3.44 1.92 4.78 3.7
3.46 1.76 4.92 3.68
3.62 2.5 3.88 3.38
3.46 2.16 4.66 3.82
3.62 2.44 3.96 3.4
3.54 1.92 4.48 3.4
3.44 2.18 4.42 3.6
3.3 1.8 4.62 3.42
3.54 2.14 4.64 3.78
3.6 2.34 4.1 3.44
3.36 2.32 4.26 3.58
3.6 2.32 4.2 3.52
3.58 2.14 4.54 3.68
3.36 1.84 4.76 3.6
3.62 2.08 4.34 3.42
3.44 1.78 4.92 3.7
3.54 2.26 4.36 3.62
3.46 2.42 4.22 3.64
3.5 1.94 4.48 3.42
3.62 2.3 4.18 3.48
3.58 2.06 4.54 3.6
3.5 2.42 4.52 3.94
3.64 2.38 4.26 3.64
3.36 2.14 4.58 3.72
3.62 2.58 3.78 3.36
3.68 2.74 3.74 3.48
3.6 2.16 4.32 3.48
3.56 2.44 4.02 3.46
3.44 2.26 4.26 3.52
3.48 2.14 4.4 3.54
3.62 2.54 4.02 3.56
3.42 2.1 4.44 3.54
3.52 2.26 4.56 3.82
3.72 2.3 4.16 3.46
3.54 2.0 4.58 3.58
3.48 2.14 4.36 3.5
3.68 2.6 4.12 3.72
3.52 2.12 4.52 3.64
3.5 1.96 4.7 3.66
3.64 2.38 4.24 3.62
3.64 2.74 4.04 3.78
3.52 2.04 4.8 3.84
3.38 2.1 4.82 3.92
3.64 2.54 3.98 3.52
3.78 2.32 4.24 3.56
3.64 2.5 4.0 3.5
3.6 2.24 4.46 3.7
3.6 2.1 4.66 3.76
3.62 2.46 4.08 3.54
3.66 2.28 4.3 3.58
3.62 1.98 4.52 3.5
3.68 2.5 4.04 3.54
3.48 2.3 4.42 3.72
3.6 2.08 4.32 3.4
3.56 2.1 4.16 3.26
3.6 2.42 4.0 3.42
3.64 2.5 3.84 3.34
3.66 2.26 4.22 3.48
3.48 2.14 4.54 3.68
3.7 2.34 4.2 3.54
3.58 2.38 4.44 3.82
3.54 2.18 4.26 3.44
3.58 2.44 4.08 3.52
3.42 1.94 4.52 3.46
3.6 1.88 4.78 3.66
3.54 2.14 4.54 3.68
3.32 2.18 4.86 4.04
3.52 2.02 4.62 3.64
3.58 2.32 4.38 3.7
3.62 2.22 4.34 3.56
3.36 1.72 5.18 3.9
3.64 2.12 4.06 3.18
3.5 2.38 4.44 3.82
3.54 2.24 4.16 3.4
3.54 2.32 4.06 3.38
3.68 2.5 3.8 3.3
3.38 1.98 4.78 3.76
3.5 2.46 4.06 3.52
3.58 2.28 4.44 3.72
3.56 2.58 4.08 3.66
3.58 2.12 4.52 3.64
3.58 2.62 4.14 3.76
3.68 2.96 3.24 3.2
3.6 2.1 4.32 3.42
3.62 2.58 3.76 3.34
3.44 2.16 4.5 3.66
3.44 2.14 4.38 3.52
3.36 2.16 4.48 3.64
3.36 1.82 4.86 3.68
3.42 2.22 4.38 3.6
3.68 2.16 4.36 3.52
3.62 2.68 3.82 3.5
3.5 2.08 4.62 3.7
3.56 1.88 4.56 3.44
3.76 2.38 3.96 3.34
3.58 2.22 4.28 3.5
3.34 1.92 4.8 3.72
3.6 2.42 4.06 3.48
3.68 2.44 3.94 3.38
3.68 2.2 4.32 3.52
3.6 2.36 4.34 3.7
3.48 2.24 4.4 3.64
3.52 2.26 4.2 3.46
3.56 2.3 4.16 3.46
3.4 2.18 4.52 3.7
3.5 2.12 4.46 3.58
3.56 2.42 4.12 3.54
3.54 2.12 4.54 3.66
3.64 2.04 4.18 3.22
3.52 2.2 4.42 3.62
3.62 2.24 4.0 3.24
3.5 2.36 4.0 3.36
3.74 2.24 4.18 3.42
3.76 2.72 3.74 3.46
3.46 1.94 4.58 3.52
3.76 2.34 4.0 3.34
3.54 2.06 4.66 3.72
3.7 2.62 3.78 3.4
3.62 2.24 4.16 3.4
3.62 2.38 4.36 3.74
3.5 2.12 4.56 3.68
3.58 2.34 4.22 3.56
3.550572 2.228468 4.3077 3.536168
