4.0 2.5 3.5 3.0
4.0 3.5 3.0 3.5
3.0 1.5 4.5 3.0
3.5 1.5 4.5 3.0
3.0 1.5 5.0 3.5
4.0 2.0 5.0 4.0
3.5 2.0 3.5 2.5
4.0 2.0 3.5 2.5
4.0 3.5 1.5 2.0
4.0 1.5 4.0 2.5
4.0 3.0 3.0 3.0
3.5 1.0 5.5 3.5
3.5 1.5 5.5 4.0
4.0 3.0 3.0 3.0
4.0 3.0 4.0 4.0
3.5 3.5 2.5 3.0
4.0 2.5 3.0 2.5
3.5 2.0 3.5 2.5
3.5 1.0 6.0 4.0
3.5 2.5 3.5 3.0
3.5 1.5 4.0 2.5
4.0 1.0 6.5 4.5
4.0 2.0 4.0 3.0
3.5 3.5 2.5 3.0
3.0 2.0 6.5 5.5
3.5 3.0 4.5 4.5
4.0 2.0 4.5 3.5
3.5 1.0 6.0 4.0
4.0 5.5 1.5 4.0
4.0 4.5 1.0 2.5
3.5 2.0 4.0 3.0
2.5 1.0 6.0 4.0
3.5 2.5 4.0 3.5
4.0 4.5 1.5 3.0
2.5 3.5 4.0 4.5
3.0 1.0 7.0 5.0
4.0 5.0 2.5 4.5
4.0 2.0 6.0 5.0
3.0 1.5 5.0 3.5
3.0 1.5 5.5 4.0
4.0 2.0 4.0 3.0
3.5 1.0 7.0 5.0
3.5 1.0 6.0 4.0
2.5 1.0 7.0 5.0
4.0 2.0 5.0 4.0
3.0 2.5 3.5 3.0
4.0 2.5 3.0 2.5
4.0 1.5 4.0 2.5
2.5 1.0 6.5 4.5
4.0 4.0 3.0 4.0
2.5 1.0 6.5 4.5
4.0 6.0 1.0 4.0
3.5 3.5 4.0 4.5
4.0 4.5 2.5 4.0
4.0 1.5 4.5 3.0
4.0 2.0 4.0 3.0
4.0 2.0 4.5 3.5
4.0 1.5 4.0 2.5
4.0 1.5 4.0 2.5
4.0 3.5 2.0 2.5
4.0 4.0 1.5 2.5
4.0 2.5 3.0 2.5
4.0 4.0 2.0 3.0
4.0 2.5 3.5 3.0
4.0 1.5 4.5 3.0
3.5 2.0 4.5 3.5
4.0 4.0 1.5 2.5
3.5 3.5 3.0 3.5
3.0 1.5 5.0 3.5
3.5 3.0 4.5 4.5
4.0 1.0 6.5 4.5
3.5 2.0 4.0 3.0
3.0 2.0 5.5 4.5
3.5 2.0 4.0 3.0
3.5 2.5 4.0 3.5
3.5 1.5 5.0 3.5
3.5 1.0 5.0 3.0
4.0 1.5 5.5 4.0
4.0 4.0 2.5 3.5
3.5 2.5 4.0 3.5
3.0 2.0 4.0 3.0
4.0 3.0 3.0 3.0
3.5 1.5 5.0 3.5
3.5 1.5 5.5 4.0
4.0 3.0 2.0 2.0
4.0 3.5 2.0 2.5
3.5 3.0 3.0 3.0
4.0 3.0 4.5 4.5
2.5 1.5 5.5 4.0
4.0 3.5 3.5 4.0
3.5 3.0 4.0 4.0
3.5 1.0 6.0 4.0
3.0 2.5 4.0 3.5
3.5 3.5 3.5 4.0
4.0 1.5 5.0 3.5
3.5 2.0 3.5 2.5
4.0 1.0 6.0 4.0
3.5 1.5 5.0 3.5
4.0 5.0 1.0 3.0
3.5 2.0 5.5 4.5
3.5 1.0 5.0 3.0
3.5 2.5 3.0 2.5
4.0 5.0 2.0 4.0
3.5 1.5 5.0 3.5
4.0 3.5 2.0 2.5
3.5 4.0 2.5 3.5
3.0 1.0 6.0 4.0
3.5 3.0 3.5 3.5
4.0 2.0 5.0 4.0
3.5 2.5 3.0 2.5
4.0 1.0 6.5 4.5
4.0 1.0 5.0 3.0
4.0 2.5 2.5 2.0
3.5 2.0 3.5 2.5
4.0 2.0 4.0 3.0
3.5 1.0 5.0 3.0
3.5 3.0 3.5 3.5
2.0 1.0 7.0 5.0
4.0 2.5 4.0 3.5
2.0 1.0 7.0 5.0
3.5 1.5 4.5 3.0
3.0 2.0 4.0 3.0
4.0 3.0 3.0 3.0
4.0 2.5 3.5 3.0
3.5 1.0 6.0 4.0
2.5 1.0 6.0 4.0
3.0 1.0 7.0 5.0
4.0 3.0 2.0 2.0
4.0 4.0 3.0 4.0
4.0 3.5 2.5 3.0
3.5 2.0 4.5 3.5
4.0 2.5 2.5 2.0
4.0 3.5 2.5 3.0
4.0 1.5 4.5 3.0
3.5 2.5 3.5 3.0
3.5 1.0 6.0 4.0
4.0 3.0 3.0 3.0
3.0 2.0 5.5 4.5
3.0 1.0 6.5 4.5
4.0 1.5 5.0 3.5
4.0 1.5 5.5 4.0
4.0 1.5 4.0 2.5
3.0 1.5 5.0 3.5
4.0 3.0 3.0 3.0
2.5 1.0 5.5 3.5
2.0 1.0 6.5 4.5
3.5 1.5 5.5 4.0
4.0 2.5 4.0 3.5
3.0 2.0 4.0 3.0
4.0 2.5 3.0 2.5
3.5 1.0 6.5 4.5
4.0 4.0 2.0 3.0
3.5 1.5 5.0 3.5
3.5 4.0 2.5 3.5
4.0 4.0 1.5 2.5
4.0 3.0 3.0 3.0
3.5 2.0 4.5 3.5
4.0 5.0 2.0 4.0
4.0 2.5 3.0 2.5
2.5 3.0 4.0 4.0
4.0 5.5 2.0 4.5
3.0 1.0 5.5 3.5
3.5 3.0 3.5 3.5
3.5 2.5 3.0 2.5
3.0 4.5 4.0 5.5
4.0 1.5 4.5 3.0
2.5 1.0 6.5 4.5
4.0 3.0 3.5 3.5
4.0 2.5 3.0 2.5
3.5 1.5 4.5 3.0
3.5 1.5 4.0 2.5
3.0 1.5 5.5 4.0
3.0 3.0 3.5 3.5
2.5 2.5 5.0 4.5
3.0 2.0 5.5 4.5
4.0 6.0 1.5 4.5
3.5 2.5 4.0 3.5
3.5 2.0 5.0 4.0
4.0 4.5 3.0 4.5
4.0 3.0 3.0 3.0
3.0 2.5 4.5 4.0
4.0 1.5 5.0 3.5
2.5 1.0 6.0 4.0
4.0 2.5 3.0 2.5
3.5 2.0 4.0 3.0
3.5 2.5 3.5 3.0
3.5 1.5 4.5 3.0
2.5 2.0 4.5 3.5
2.0 1.0 6.0 4.0
3.5 1.0 4.5 2.5
3.5 2.5 3.5 3.0
2.5 1.5 5.5 4.0
3.5 2.0 4.5 3.5
4.0 1.0 6.5 4.5
3.5 1.5 5.5 4.0
3.0 1.0 6.0 4.0
4.0 2.0 4.0 3.0
4.0 1.5 6.0 4.5
3.5 1.5 5.5 4.0
4.0 2.5 3.0 2.5
3.5 2.5 3.0 2.5
4.0 5.0 2.0 4.0
4.0 4.5 3.0 4.5
4.0 2.5 3.0 2.5
3.5 2.0 6.0 5.0
3.5 1.5 5.0 3.5
3.5 2.5 3.0 2.5
4.0 4.5 1.0 2.5
3.5 2.5 3.5 3.0
3.5 3.5 3.0 3.5
3.5 4.5 2.5 4.0
3.0 2.0 4.5 3.5
4.0 2.0 3.5 2.5
4.0 6.0 1.0 4.0
3.5 2.0 4.5 3.5
2.5 1.0 6.0 4.0
3.5 2.5 3.0 2.5
4.0 2.0 6.5 5.5
4.0 5.0 3.0 5.0
4.0 3.5 2.0 2.5
2.5 1.5 5.0 3.5
3.0 1.5 5.5 4.0
3.5 1.0 6.5 4.5
3.5 2.0 3.5 2.5
3.0 1.5 5.5 4.0
4.0 3.5 3.0 3.5
2.5 1.0 7.0 5.0
4.0 2.5 3.0 2.5
3.5 1.0 5.0 3.0
3.0 1.0 6.5 4.5
4.0 1.0 6.0 4.0
3.0 2.5 3.5 3.0
3.5 1.0 6.0 4.0
4.0 2.5 4.5 4.0
3.5 3.0 3.0 3.0
3.5 1.5 5.0 3.5
3.5 1.5 5.0 3.5
3.5 2.0 4.5 3.5
3.0 2.0 5.0 4.0
3.5 3.0 3.0 3.0
4.0 2.5 2.5 2.0
3.5 2.0 5.0 4.0
4.0 1.0 5.0 3.0
4.0 3.0 2.5 2.5
3.0 1.5 6.0 4.5
3.5 3.0 3.5 3.5
4.0 1.5 4.5 3.0
2.5 1.0 6.0 4.0
4.0 2.0 6.0 5.0
2.5 1.0 6.5 4.5
4.0 3.0 3.5 3.5
2.5 1.0 7.0 5.0
3.0 1.5 5.0 3.5
4.0 2.5 4.5 4.0
3.0 3.0 4.0 4.0
3.0 1.5 4.5 3.0
3.5 1.5 5.0 3.5
2.5 1.5 5.0 3.5
4.0 1.5 5.5 4.0
4.0 2.5 3.5 3.0
3.5 5.0 2.5 4.5
4.0 2.5 3.0 2.5
3.5 1.0 5.0 3.0
3.5 1.0 6.0 4.0
3.0 1.5 5.0 3.5
3.5 1.0 6.5 4.5
4.0 2.0 5.5 4.5
3.5 2.0 4.5 3.5
3.5 2.0 4.5 3.5
3.0 1.5 5.0 3.5
3.5 3.5 3.0 3.5
3.0 1.0 6.0 4.0
3.5 1.0 5.5 3.5
3.5 1.0 6.0 4.0
4.0 2.0 4.0 3.0
4.0 5.0 3.0 5.0
3.0 1.0 5.0 3.0
4.0 2.0 5.0 4.0
2.5 1.5 5.0 3.5
4.0 2.5 3.5 3.0
4.0 2.0 3.0 2.0
4.0 2.0 4.5 3.5
4.0 1.5 4.5 3.0
4.0 4.0 2.5 3.5
3.0 1.5 4.5 3.0
3.0 1.5 4.5 3.0
4.0 3.0 2.5 2.5
4.0 1.5 5.0 3.5
2.5 1.0 7.0 5.0
4.0 2.5 3.5 3.0
4.0 1.5 4.0 2.5
3.0 2.0 4.5 3.5
3.5 3.0 3.0 3.0
3.5 1.0 5.0 3.0
3.0 1.0 6.0 4.0
4.0 2.5 3.0 2.5
4.0 4.0 2.5 3.5
3.0 1.5 5.5 4.0
3.5 1.5 6.0 4.5
2.0 1.5 6.0 4.5
4.0 1.0 5.5 3.5
3.0 1.5 5.5 4.0
3.5 1.0 5.5 3.5
4.0 3.0 3.0 3.0
4.0 5.5 2.0 4.5
4.0 2.0 4.0 3.0
3.0 1.0 6.5 4.5
2.0 1.0 6.0 4.0
3.5 3.5 2.5 3.0
4.0 3.5 2.5 3.0
4.0 4.5 1.5 3.0
3.0 1.0 6.0 4.0
3.0 1.0 7.0 5.0
4.0 2.5 3.0 2.5
2.0 1.0 6.5 4.5
3.0 1.0 6.0 4.0
4.0 3.0 3.5 3.5
4.0 2.0 5.5 4.5
4.0 2.5 2.5 2.0
3.5 1.0 5.5 3.5
4.0 2.0 4.5 3.5
4.0 2.0 5.5 4.5
4.0 3.5 2.0 2.5
3.5 4.5 3.5 5.0
3.5 1.5 5.0 3.5
3.5 1.5 5.0 3.5
4.0 3.5 2.0 2.5
3.0 3.0 4.5 4.5
2.0 1.0 6.5 4.5
2.5 1.0 6.5 4.5
4.0 1.5 6.0 4.5
2.5 1.0 5.5 3.5
4.0 6.0 1.0 4.0
4.0 5.5 1.0 3.5
3.5 1.5 4.5 3.0
4.0 2.0 5.0 4.0
2.5 1.0 7.5 5.5
3.5 2.5 4.0 3.5
3.5 2.0 4.5 3.5
4.0 4.5 2.5 4.0
4.0 1.5 5.0 3.5
2.5 1.0 6.5 4.5
4.0 3.5 2.5 3.0
3.0 1.0 6.5 4.5
4.0 3.0 2.5 2.5
3.5 1.5 4.5 3.0
3.5 1.0 7.0 5.0
4.0 2.5 3.5 3.0
2.5 1.0 6.5 4.5
2.5 1.5 6.0 4.5
4.0 4.5 2.0 3.5
4.0 2.0 4.0 3.0
4.0 2.0 4.0 3.0
3.5 3.0 3.0 3.0
3.5 1.5 5.0 3.5
3.5 1.5 4.0 2.5
4.0 3.0 2.5 2.5
4.0 3.5 2.5 3.0
4.0 4.5 1.5 3.0
3.5 1.0 6.0 4.0
3.5 1.5 5.5 4.0
4.0 2.5 3.5 3.0
3.5 2.0 4.0 3.0
4.0 2.5 3.5 3.0
4.0 1.5 5.0 3.5
4.0 1.5 4.0 2.5
4.0 1.5 5.0 3.5
3.5 2.0 4.5 3.5
4.0 1.5 4.5 3.0
4.0 1.5 4.5 3.0
2.5 1.0 7.0 5.0
2.5 3.5 4.0 4.5
4.0 2.0 3.5 2.5
2.5 1.0 5.5 3.5
3.5 1.5 6.0 4.5
3.0 1.0 5.5 3.5
3.0 1.5 5.0 3.5
4.0 1.0 5.5 3.5
3.5 2.5 3.0 2.5
4.0 2.5 2.5 2.0
3.0 3.0 4.0 4.0
3.5 1.0 5.0 3.0
3.0 1.0 5.5 3.5
3.5 1.5 4.5 3.0
4.0 1.5 5.0 3.5
3.5 2.0 3.5 2.5
3.5 2.0 4.5 3.5
3.5 1.5 5.0 3.5
3.5 4.5 4.0 5.5
3.5 2.0 4.0 3.0
2.5 1.0 6.0 4.0
4.0 2.0 4.5 3.5
4.0 2.5 2.5 2.0
3.5 1.5 5.0 3.5
4.0 2.5 4.0 3.5
4.0 4.5 3.0 4.5
4.0 4.5 2.5 4.0
4.0 5.5 1.0 3.5
4.0 1.5 5.5 4.0
3.5 1.5 5.5 4.0
4.0 4.0 2.0 3.0
4.0 4.0 3.0 4.0
2.5 1.5 5.0 3.5
3.0 2.5 3.5 3.0
4.0 2.0 3.5 2.5
3.5 2.5 3.0 2.5
3.5 3.5 2.5 3.0
4.0 3.0 4.0 4.0
4.0 2.0 4.0 3.0
4.0 1.0 5.0 3.0
2.5 3.0 4.0 4.0
3.0 1.0 5.5 3.5
4.0 5.0 2.5 4.5
2.5 1.5 5.5 4.0
3.5 3.0 2.5 2.5
3.5 2.5 3.5 3.0
3.5 4.5 3.5 5.0
4.0 4.0 3.0 4.0
4.0 5.0 3.0 5.0
4.0 3.5 2.0 2.5
4.0 1.5 5.0 3.5
4.0 2.0 4.0 3.0
3.5 1.5 4.5 3.0
3.0 1.0 7.5 5.5
4.0 2.5 3.5 3.0
3.0 1.0 6.5 4.5
3.0 2.0 5.0 4.0
4.0 4.5 1.0 2.5
4.0 3.0 2.5 2.5
2.0 1.0 7.0 5.0
4.0 2.0 4.0 3.0
4.0 2.0 4.0 3.0
3.0 4.0 3.5 4.5
4.0 2.5 3.5 3.0
3.5 2.5 4.0 3.5
4.0 2.5 3.5 3.0
3.0 2.0 4.5 3.5
3.5 2.5 3.0 2.5
4.0 4.0 2.0 3.0
4.0 2.5 3.5 3.0
3.5 2.5 3.0 2.5
4.0 1.0 6.0 4.0
3.5 1.5 5.5 4.0
3.5 3.0 3.5 3.5
4.0 3.0 5.0 5.0
4.0 2.0 3.5 2.5
4.0 2.0 4.0 3.0
4.0 3.5 4.0 4.5
4.0 2.0 5.5 4.5
2.5 1.5 5.0 3.5
3.0 2.5 4.5 4.0
4.0 1.5 6.0 4.5
2.5 1.0 6.0 4.0
2.5 1.5 6.0 4.5
2.5 1.0 6.5 4.5
4.0 2.5 4.0 3.5
3.0 1.0 6.0 4.0
4.0 3.5 4.0 4.5
3.0 2.0 6.0 5.0
4.0 2.5 3.0 2.5
4.0 3.0 2.5 2.5
3.0 1.5 5.0 3.5
3.0 1.5 5.5 4.0
3.0 2.5 3.5 3.0
3.5 2.0 3.5 2.5
3.0 1.5 4.5 3.0
3.5 2.5 3.5 3.0
3.5 2.0 4.0 3.0
4.0 2.0 4.5 3.5
4.0 3.5 3.0 3.5
4.0 2.0 3.5 2.5
4.0 3.5 1.5 2.0
4.0 1.5 5.0 3.5
3.5 1.5 4.5 3.0
2.0 1.0 6.5 4.5
3.5 2.5 3.0 2.5
3.5 1.5 6.0 4.5
4.0 3.5 2.5 3.0
2.5 1.0 6.5 4.5
3.5 2.0 4.0 3.0
3.5 2.5 4.0 3.5
4.0 1.5 5.5 4.0
3.5 1.0 6.0 4.0
3.0 1.0 6.0 4.0
3.5 1.5 5.0 3.5
3.5 3.0 3.5 3.5
3.0 1.0 6.5 4.5
4.0 4.5 1.5 3.0
4.0 1.0 5.5 3.5
2.5 1.0 7.0 5.0
3.5 1.5 5.5 4.0
1.5 1.0 7.5 5.5
4.0 2.5 2.5 2.0
3.5 3.0 3.5 3.5
4.0 1.5 5.5 4.0
4.0 3.5 1.5 2.0
4.0 2.0 5.0 4.0
4.0 3.5 3.0 3.5
3.5 2.0 5.5 4.5
2.0 1.0 6.5 4.5
2.0 1.0 7.0 5.0
3.0 1.0 6.5 4.5
3.5 2.5 3.0 2.5
4.0 3.0 2.5 2.5
3.5 3.5 3.5 4.0
3.0 1.5 5.0 3.5
3.5 3.5 3.0 3.5
3.5 2.0 4.0 3.0
4.0 3.5 3.5 4.0
4.0 3.0 2.0 2.0
3.0 2.0 5.5 4.5
3.5 1.0 6.0 4.0
4.0 4.5 3.5 5.0
4.0 1.5 5.5 4.0
2.5 1.5 5.5 4.0
4.0 2.0 4.0 3.0
4.0 2.0 5.0 4.0
4.0 2.5 4.0 3.5
3.5 1.0 5.5 3.5
3.5 1.0 6.5 4.5
3.5 3.0 3.5 3.5
3.5 1.0 6.0 4.0
2.5 3.0 4.0 4.0
3.0 1.0 6.0 4.0
3.0 1.0 6.0 4.0
3.0 3.0 4.5 4.5
3.5 3.0 3.0 3.0
2.5 1.5 5.0 3.5
2.5 1.5 5.0 3.5
3.5 1.5 4.5 3.0
4.0 2.0 3.5 2.5
4.0 2.5 2.5 2.0
4.0 4.0 2.0 3.0
2.5 1.5 5.5 4.0
4.0 1.5 4.5 3.0
4.0 3.0 3.5 3.5
3.5 2.5 3.5 3.0
3.5 2.5 4.0 3.5
4.0 2.5 4.5 4.0
3.0 1.0 7.0 5.0
3.0 1.5 5.5 4.0
2.5 1.0 7.0 5.0
4.0 3.0 2.0 2.0
4.0 2.0 3.5 2.5
3.5 2.0 4.0 3.0
3.5 1.0 4.5 2.5
3.0 4.0 3.5 4.5
4.0 3.5 2.0 2.5
4.0 4.5 2.0 3.5
3.5 1.0 5.5 3.5
4.0 4.0 1.5 2.5
4.0 2.5 3.0 2.5
3.5 2.0 4.5 3.5
4.0 3.5 2.0 2.5
3.5 1.5 4.5 3.0
3.5 1.5 4.5 3.0
4.0 2.0 3.0 2.0
3.0 2.5 4.0 3.5
2.0 1.5 6.0 4.5
3.5 1.5 5.0 3.5
4.0 4.0 3.5 4.5
4.0 4.0 2.5 3.5
3.5 1.5 5.0 3.5
3.5 3.5 2.5 3.0
3.5 2.0 4.5 3.5
4.0 6.5 1.0 4.5
3.0 2.5 3.5 3.0
2.5 1.5 5.0 3.5
4.0 2.0 5.0 4.0
3.5 1.0 6.0 4.0
4.0 4.5 2.5 4.0
4.0 4.0 3.0 4.0
3.0 1.0 6.0 4.0
2.5 1.5 5.5 4.0
4.0 4.0 3.0 4.0
4.0 2.5 2.5 2.0
3.0 1.5 4.5 3.0
4.0 4.5 2.5 4.0
4.0 1.5 4.0 2.5
4.0 1.0 6.5 4.5
3.5 2.0 3.5 2.5
3.5 2.0 6.0 5.0
2.5 4.0 4.5 5.5
4.0 4.0 3.5 4.5
3.5 1.0 6.0 4.0
3.5 1.0 6.5 4.5
4.0 1.5 4.0 2.5
4.0 2.5 4.0 3.5
3.5 3.0 2.5 2.5
3.0 2.0 4.5 3.5
4.0 3.0 2.0 2.0
4.0 1.5 5.0 3.5
3.0 3.0 3.5 3.5
4.0 4.0 2.0 3.0
4.0 2.5 4.0 3.5
4.0 2.5 3.5 3.0
4.0 1.5 4.0 2.5
3.5 3.5 4.0 4.5
2.0 1.0 6.5 4.5
3.5 1.0 5.0 3.0
4.0 2.5 4.0 3.5
4.0 2.5 3.5 3.0
3.0 1.0 6.5 4.5
3.0 1.5 4.5 3.0
3.0 4.0 3.5 4.5
4.0 2.5 4.5 4.0
3.5 2.0 4.0 3.0
4.0 2.0 5.0 4.0
3.0 1.5 4.5 3.0
2.5 1.0 6.0 4.0
3.5 1.5 5.0 3.5
4.0 3.0 4.0 4.0
3.5 2.0 4.0 3.0
4.0 3.0 2.5 2.5
4.0 2.5 3.0 2.5
3.5 2.0 5.0 4.0
3.0 1.0 6.0 4.0
4.0 2.5 4.5 4.0
4.0 1.0 6.5 4.5
3.0 2.0 6.0 5.0
3.5 1.5 5.0 3.5
3.5 2.0 4.5 3.5
3.5 2.5 3.0 2.5
3.5 1.5 5.5 4.0
4.0 1.5 5.5 4.0
3.0 2.0 4.0 3.0
4.0 3.5 2.0 2.5
3.0 2.0 5.0 4.0
2.5 1.0 7.5 5.5
4.0 1.0 4.5 2.5
4.0 2.0 4.0 3.0
2.0 1.0 6.0 4.0
2.0 1.0 6.0 4.0
3.5 2.0 5.0 4.0
3.5 1.5 5.5 4.0
3.5 2.0 4.5 3.5
3.5 2.0 4.0 3.0
3.0 1.0 6.5 4.5
3.5 1.5 5.5 4.0
4.0 2.0 4.5 3.5
3.5 2.5 3.5 3.0
4.0 1.5 4.0 2.5
4.0 1.5 4.5 3.0
3.0 1.0 6.0 4.0
4.0 2.0 5.0 4.0
4.0 3.0 2.0 2.0
4.0 2.5 3.5 3.0
2.0 1.0 6.5 4.5
4.0 3.0 3.0 3.0
3.5 2.5 4.5 4.0
3.5 1.0 6.5 4.5
4.0 3.0 3.0 3.0
4.0 2.5 3.0 2.5
3.0 1.5 4.5 3.0
4.0 1.5 6.0 4.5
4.0 3.5 3.0 3.5
2.0 1.0 6.0 4.0
4.0 2.0 3.5 2.5
3.5 2.0 4.5 3.5
3.0 1.0 7.0 5.0
3.5 1.5 6.0 4.5
3.0 4.0 3.5 4.5
4.0 2.5 3.5 3.0
4.0 2.0 4.5 3.5
3.0 1.5 4.5 3.0
3.5 1.0 6.0 4.0
3.5 1.5 5.5 4.0
4.0 5.0 2.0 4.0
3.0 4.5 3.5 5.0
4.0 3.5 3.5 4.0
3.5 2.0 5.5 4.5
4.0 1.5 5.0 3.5
3.5 2.0 5.0 4.0
4.0 2.0 4.0 3.0
4.0 2.5 4.5 4.0
4.0 4.0 1.5 2.5
3.5 2.0 6.5 5.5
4.0 2.0 5.5 4.5
1.5 1.0 7.5 5.5
4.0 1.5 6.0 4.5
4.0 2.0 4.5 3.5
4.0 1.0 6.5 4.5
3.5 3.0 2.5 2.5
3.0 1.0 6.0 4.0
3.5 4.5 4.0 5.5
3.5 2.0 4.0 3.0
3.5 2.0 5.5 4.5
4.0 4.5 1.0 2.5
4.0 1.5 4.5 3.0
3.0 1.0 6.0 4.0
2.5 1.5 5.0 3.5
4.0 2.0 4.5 3.5
3.5 1.5 4.5 3.0
3.5 3.0 3.0 3.0
3.5 2.5 3.0 2.5
3.5 1.0 5.0 3.0
4.0 2.0 4.5 3.5
3.0 2.0 4.0 3.0
4.0 2.0 5.0 4.0
4.0 2.0 3.0 2.0
4.0 4.0 1.5 2.5
4.0 3.0 3.5 3.5
3.0 2.0 5.5 4.5
3.5 1.5 5.0 3.5
2.5 1.5 6.0 4.5
4.0 1.5 4.0 2.5
4.0 4.5 3.0 4.5
4.0 5.0 2.5 4.5
4.0 1.5 5.5 4.0
3.5 2.5 3.0 2.5
3.0 1.0 6.5 4.5
3.5 2.0 5.0 4.0
3.5 2.5 3.0 2.5
3.0 1.5 4.5 3.0
3.5 3.0 3.0 3.0
4.0 2.0 3.5 2.5
3.5 4.5 2.5 4.0
3.5 4.0 2.5 3.5
4.0 2.5 4.0 3.5
2.0 1.5 5.5 4.0
3.5 3.0 2.5 2.5
3.5 1.0 7.0 5.0
3.0 1.0 5.0 3.0
3.0 1.5 6.0 4.5
4.0 4.0 2.0 3.0
3.5 2.5 3.0 2.5
3.5 2.0 4.5 3.5
4.0 2.5 4.5 4.0
4.0 4.5 4.0 5.5
4.0 2.0 5.5 4.5
3.5 2.5 3.0 2.5
4.0 2.0 5.5 4.5
4.0 2.5 3.5 3.0
3.5 4.5 3.5 5.0
3.5 1.5 4.5 3.0
4.0 1.5 4.0 2.5
3.5 2.0 4.0 3.0
4.0 4.5 2.5 4.0
4.0 2.5 3.0 2.5
3.5 2.5 3.0 2.5
2.5 1.5 6.0 4.5
3.0 1.0 6.5 4.5
3.0 1.5 4.5 3.0
3.5 2.0 4.5 3.5
4.0 3.0 3.0 3.0
4.0 2.0 4.0 3.0
3.0 1.5 5.0 3.5
4.0 3.0 3.5 3.5
4.0 3.0 3.5 3.5
3.0 1.0 6.5 4.5
4.0 6.0 1.0 4.0
4.0 2.0 3.5 2.5
4.0 2.5 4.5 4.0
3.5 2.5 3.0 2.5
3.0 1.5 5.0 3.5
3.5 1.5 5.0 3.5
3.5 3.5 3.0 3.5
3.0 2.0 5.0 4.0
3.5 1.0 6.5 4.5
4.0 1.5 5.0 3.5
2.5 2.0 5.0 4.0
1.5 1.0 7.0 5.0
3.0 1.0 6.0 4.0
4.0 1.5 4.5 3.0
3.5 2.0 4.5 3.5
4.0 1.5 4.0 2.5
3.5 2.0 6.0 5.0
3.5 3.0 3.5 3.5
3.0 2.5 4.5 4.0
4.0 1.5 4.5 3.0
4.0 1.5 5.5 4.0
3.5 1.5 4.5 3.0
3.5 2.5 3.5 3.0
3.5 1.0 7.0 5.0
4.0 4.5 1.5 3.0
3.5 2.0 4.0 3.0
4.0 5.0 1.0 3.0
4.0 3.0 2.5 2.5
4.0 1.5 4.5 3.0
2.5 1.0 5.5 3.5
4.0 3.0 2.5 2.5
3.5 3.0 2.5 2.5
4.0 1.0 5.5 3.5
4.0 2.5 3.5 3.0
4.0 2.0 4.0 3.0
3.5 3.5 3.5 4.0
4.0 3.5 3.0 3.5
3.0 1.0 6.5 4.5
3.0 1.5 4.5 3.0
3.5 2.5 4.5 4.0
3.5 1.0 6.5 4.5
4.0 2.5 4.0 3.5
4.0 5.0 2.0 4.0
4.0 2.5 4.0 3.5
4.0 2.0 4.0 3.0
4.0 3.0 2.0 2.0
4.0 3.0 3.0 3.0
2.0 1.0 6.5 4.5
3.5 1.5 6.0 4.5
3.5 2.5 3.5 3.0
3.5 2.0 4.5 3.5
4.0 3.5 2.5 3.0
4.0 2.0 3.5 2.5
4.0 2.0 3.5 2.5
4.0 2.0 4.0 3.0
3.5 1.0 5.5 3.5
4.0 1.5 5.0 3.5
3.0 1.0 5.5 3.5
3.0 1.5 5.5 4.0
4.0 1.5 5.0 3.5
4.0 3.5 2.0 2.5
3.5 1.5 4.5 3.0
3.0 2.0 5.5 4.5
3.0 1.0 7.0 5.0
4.0 2.5 4.0 3.5
3.5 1.0 5.0 3.0
3.5 2.5 3.5 3.0
3.0 1.0 6.0 4.0
3.5 1.5 4.0 2.5
3.0 1.0 5.5 3.5
3.5 2.0 3.5 2.5
4.0 2.5 4.0 3.5
3.5 2.5 3.0 2.5
4.0 3.0 3.0 3.0
3.5 2.5 4.5 4.0
2.5 3.0 4.5 4.5
3.0 2.0 4.5 3.5
3.5 4.5 3.0 4.5
4.0 4.0 2.0 3.0
4.0 2.5 3.5 3.0
3.0 2.5 4.5 4.0
3.5 2.5 3.0 2.5
4.0 2.0 5.5 4.5
3.0 1.5 6.0 4.5
3.5 1.5 5.0 3.5
4.0 2.5 5.0 4.5
3.5 1.0 6.5 4.5
4.0 3.0 3.0 3.0
3.0 2.0 5.5 4.5
4.0 2.0 4.5 3.5
4.0 1.5 4.0 2.5
2.5 1.5 6.0 4.5
3.0 2.5 4.0 3.5
4.0 2.5 2.5 2.0
3.0 2.5 4.0 3.5
3.5 2.0 5.5 4.5
3.0 1.5 5.0 3.5
4.0 1.0 6.5 4.5
4.0 4.5 2.0 3.5
4.0 1.5 5.0 3.5
3.5 1.0 7.0 5.0
4.0 1.0 4.5 2.5
3.5 3.0 3.0 3.0
3.0 1.0 6.5 4.5
4.0 1.5 5.0 3.5
3.5 3.5 3.5 4.0
3.5 3.5 2.5 3.0
3.0 4.5 4.0 5.5
4.0 1.5 5.0 3.5
4.0 5.5 1.0 3.5
3.0 1.0 6.0 4.0
3.5 1.0 6.0 4.0
4.0 5.0 1.0 3.0
3.0 1.5 5.0 3.5
4.0 1.5 5.0 3.5
4.0 3.0 3.0 3.0
3.5 1.0 5.5 3.5
4.0 2.5 4.0 3.5
3.0 1.0 5.5 3.5
4.0 3.0 2.5 2.5
3.5 3.0 3.5 3.5
3.0 1.0 5.5 3.5
4.0 4.0 2.0 3.0
4.0 1.0 6.0 4.0
3.5 2.5 4.0 3.5
2.5 2.0 5.5 4.5
3.5 2.0 4.0 3.0
4.0 3.0 2.5 2.5
4.0 1.5 6.0 4.5
4.0 2.5 3.0 2.5
3.5 2.5 3.5 3.0
4.0 2.0 4.0 3.0
2.0 1.0 6.0 4.0
4.0 2.0 3.5 2.5
3.5 1.0 6.5 4.5
4.0 4.0 1.0 2.0
4.0 2.5 2.5 2.0
3.5 3.5 3.5 4.0
4.0 2.0 5.5 4.5
3.5 2.5 4.0 3.5
3.0 1.5 6.5 5.0
2.5 1.5 6.0 4.5
4.0 2.5 3.5 3.0
4.0 3.0 3.0 3.0
3.5 1.5 4.5 3.0
4.0 4.0 1.5 2.5
3.0 2.0 4.5 3.5
4.0 1.5 5.0 3.5
3.5 1.5 4.5 3.0
4.0 4.5 1.5 3.0
4.0 2.0 4.0 3.0
3.5 2.5 3.5 3.0
3.5 2.5 3.0 2.5
3.5 2.5 4.0 3.5
4.0 3.5 2.5 3.0
4.0 3.5 2.5 3.0
4.0 2.0 4.0 3.0
3.0 2.0 4.5 3.5
3.5 1.5 4.5 3.0
4.0 5.0 2.0 4.0
2.5 2.5 4.5 4.0
4.0 2.0 5.5 4.5
3.0 2.0 5.0 4.0
3.5 2.5 4.0 3.5
4.0 2.0 5.0 4.0
4.0 4.5 1.0 2.5
4.0 3.0 3.0 3.0
4.0 4.5 2.0 3.5
3.0 1.5 5.0 3.5
3.0 1.5 4.5 3.0
3.5 4.0 2.5 3.5
4.0 1.5 5.5 4.0
3.0 1.0 6.0 4.0
3.5 4.5 2.5 4.0
3.5 3.0 2.5 2.5
3.0 2.5 3.5 3.0
3.5 1.5 5.0 3.5
4.0 4.0 2.0 3.0
4.0 2.0 6.0 5.0
4.0 3.0 3.0 3.0
4.0 2.5 3.5 3.0
4.0 4.5 3.0 4.5
3.5 3.0 3.0 3.0
4.0 1.5 4.5 3.0
3.5 2.0 4.5 3.5
3.5 1.5 5.0 3.5
3.5 1.0 7.0 5.0
4.0 1.5 4.0 2.5
3.5 2.0 4.0 3.0
4.0 2.0 4.0 3.0
3.5 2.0 5.5 4.5
3.5 2.0 4.5 3.5
3.5 1.5 5.5 4.0
1.5 1.0 7.5 5.5
4.0 4.0 2.0 3.0
3.0 2.0 4.0 3.0
4.0 1.0 5.0 3.0
4.0 2.5 4.0 3.5
3.0 1.0 6.0 4.0
3.0 2.0 4.0 3.0
3.5 3.0 2.5 2.5
3.5 2.0 4.0 3.0
4.0 4.5 1.5 3.0
4.0 1.5 5.0 3.5
3.5 2.0 5.0 4.0
4.0 5.5 2.0 4.5
3.0 3.0 4.5 4.5
4.0 4.0 3.0 4.0
3.0 2.0 4.5 3.5
3.5 2.0 5.0 4.0
2.5 2.0 5.0 4.0
4.0 1.5 4.0 2.5
3.5 1.0 6.0 4.0
4.0 1.0 5.5 3.5
3.5 2.0 3.5 2.5
3.5 2.0 5.0 4.0
4.0 2.0 4.0 3.0
4.0 1.0 4.5 2.5
4.0 3.5 2.0 2.5
3.5 1.5 4.5 3.0
4.0 3.5 3.5 4.0
4.0 3.0 3.0 3.0
4.0 2.0 4.0 3.0
2.5 1.5 5.0 3.5
3.0 1.5 5.5 4.0
4.0 2.0 4.0 3.0
4.0 4.0 2.0 3.0
4.0 3.0 3.0 3.0
3.5 1.5 4.5 3.0
4.0 4.0 2.0 3.0
2.5 1.5 5.0 3.5
4.0 3.0 3.0 3.0
4.0 1.5 4.5 3.0
4.0 1.5 4.5 3.0
3.5 2.0 3.5 2.5
2.5 1.5 5.0 3.5
3.0 2.5 4.0 3.5
3.5 3.0 4.0 4.0
3.5 1.5 4.0 2.5
4.0 3.0 2.5 2.5
3.5 2.0 5.5 4.5
4.0 4.5 3.5 5.0
3.0 1.0 5.5 3.5
4.0 2.0 5.0 4.0
3.5 2.0 3.5 2.5
3.5 1.5 5.5 4.0
3.5 1.0 6.0 4.0
4.0 3.0 2.5 2.5
4.0 1.5 4.5 3.0
4.0 2.0 5.0 4.0
4.0 4.0 3.0 4.0
3.5 2.0 4.0 3.0
4.0 3.5 3.0 3.5
3.0 2.0 4.0 3.0
4.0 2.0 5.0 4.0
2.0 1.0 7.0 5.0
3.0 1.5 5.0 3.5
3.5 1.5 4.5 3.0
3.5 1.5 5.5 4.0
2.5 1.0 7.5 5.5
4.0 2.0 3.5 2.5
4.0 5.0 1.0 3.0
3.0 2.0 5.0 4.0
4.0 3.5 2.0 2.5
4.0 2.0 4.0 3.0
3.5 2.0 4.5 3.5
3.5 1.0 6.5 4.5
3.5 2.0 4.0 3.0
3.0 4.5 4.0 5.5
4.0 3.5 2.5 3.0
2.5 1.5 5.0 3.5
3.5 2.0 4.0 3.0
3.5 1.0 7.0 5.0
4.0 3.0 3.0 3.0
4.0 1.5 5.5 4.0
3.5 1.0 5.5 3.5
4.0 3.0 4.0 4.0
4.0 1.5 4.0 2.5
3.5 1.5 6.5 5.0
2.5 1.5 5.0 3.5
3.0 1.5 5.0 3.5
2.5 1.5 6.5 5.0
4.0 2.0 5.5 4.5
4.0 1.0 5.0 3.0
4.0 4.5 3.5 5.0
3.5 2.5 3.0 2.5
3.5 1.5 5.0 3.5
3.5 1.0 6.0 4.0
4.0 1.5 4.5 3.0
4.0 3.0 4.0 4.0
3.5 1.5 4.0 2.5
3.5 1.0 6.5 4.5
4.0 1.0 5.5 3.5
3.0 1.5 5.0 3.5
3.5 3.0 3.0 3.0
3.5 3.0 2.5 2.5
3.5 1.5 4.5 3.0
4.0 2.5 4.0 3.5
3.0 1.5 5.0 3.5
3.0 2.0 4.0 3.0
4.0 5.0 1.0 3.0
3.0 2.5 3.5 3.0
3.5 3.5 3.0 3.5
4.0 1.0 5.5 3.5
3.0 1.0 7.0 5.0
4.0 2.0 4.0 3.0
4.0 2.0 4.5 3.5
3.5 4.5 2.5 4.0
4.0 3.5 2.0 2.5
4.0 2.5 3.0 2.5
3.5 2.0 4.0 3.0
4.0 3.0 3.0 3.0
4.0 2.5 4.5 4.0
2.5 2.0 5.0 4.0
4.0 1.5 5.5 4.0
3.0 3.0 3.5 3.5
3.5 1.5 5.0 3.5
4.0 2.0 4.0 3.0
4.0 3.0 3.0 3.0
4.0 2.5 5.0 4.5
3.5 2.0 3.5 2.5
4.0 2.5 3.5 3.0
3.5 3.0 2.5 2.5
4.0 2.5 3.0 2.5
4.0 3.5 2.0 2.5
4.0 1.5 4.5 3.0
4.0 4.0 3.5 4.5
4.0 1.5 5.0 3.5
3.5 2.0 3.5 2.5
4.0 2.0 4.5 3.5
4.0 2.0 3.5 2.5
3.0 1.0 6.5 4.5
4.0 3.0 3.0 3.0
4.0 2.0 3.0 2.0
4.0 1.5 5.0 3.5
2.5 1.0 5.5 3.5
4.0 4.5 3.0 4.5
4.0 1.5 4.5 3.0
4.0 1.5 4.5 3.0
3.5 2.5 3.5 3.0
2.5 2.5 4.5 4.0
3.5 2.5 4.0 3.5
4.0 3.0 4.0 4.0
4.0 1.5 5.0 3.5
4.0 1.5 4.0 2.5
4.0 1.0 5.5 3.5
3.5 1.5 5.0 3.5
2.5 3.0 4.5 4.5
3.0 1.5 5.0 3.5
2.0 1.0 6.0 4.0
3.5 1.0 5.5 3.5
3.5 3.0 4.0 4.0
2.5 1.0 7.0 5.0
2.0 1.0 6.5 4.5
4.0 3.0 3.5 3.5
4.0 2.0 3.5 2.5
4.0 6.5 1.0 4.5
4.0 2.5 5.0 4.5
3.5 1.5 5.5 4.0
3.5 1.5 4.0 2.5
3.5 2.5 4.0 3.5
3.5 3.5 3.0 3.5
3.5 2.0 4.5 3.5
3.5 1.5 4.5 3.0
4.0 2.5 3.5 3.0
4.0 1.5 4.0 2.5
3.5 2.0 4.0 3.0
3.5 2.5 4.5 4.0
3.5 1.0 6.0 4.0
3.0 1.0 6.0 4.0
3.0 1.0 6.0 4.0
4.0 1.0 6.5 4.5
4.0 4.0 1.5 2.5
4.0 3.5 1.5 2.0
3.0 1.0 6.0 4.0
3.5 2.0 4.5 3.5
3.0 2.5 4.5 4.0
4.0 1.5 4.5 3.0
4.0 3.5 3.0 3.5
4.0 2.5 4.5 4.0
3.5 1.5 4.5 3.0
3.0 1.0 6.0 4.0
4.0 3.5 2.0 2.5
4.0 4.0 1.5 2.5
4.0 1.5 4.0 2.5
4.0 2.0 5.0 4.0
3.5 1.0 5.5 3.5
2.0 1.0 6.0 4.0
3.5 4.5 4.0 5.5
3.5 1.5 5.5 4.0
4.0 1.5 5.0 3.5
3.0 1.0 6.0 4.0
4.0 4.5 2.5 4.0
4.0 1.5 5.5 4.0
2.5 1.5 5.5 4.0
4.0 3.0 3.5 3.5
4.0 2.0 4.0 3.0
3.5 3.5 3.5 4.0
4.0 2.0 5.0 4.0
4.0 3.5 2.0 2.5
4.0 3.5 1.5 2.0
3.0 3.0 3.5 3.5
3.5 1.5 4.5 3.0
3.0 3.0 3.5 3.5
3.0 1.5 5.5 4.0
3.0 1.5 5.5 4.0
4.0 2.0 4.0 3.0
4.0 2.0 5.5 4.5
3.5 3.5 3.0 3.5
4.0 2.5 3.5 3.0
4.0 3.5 3.0 3.5
4.0 3.0 3.5 3.5
3.0 1.5 4.5 3.0
4.0 2.0 4.0 3.0
3.5 2.5 3.5 3.0
3.5 2.0 4.0 3.0
4.0 3.5 2.5 3.0
4.0 1.0 4.5 2.5
4.0 3.0 2.5 2.5
4.0 2.0 6.0 5.0
4.0 2.5 3.0 2.5
4.0 2.5 4.0 3.5
3.5 1.5 4.5 3.0
4.0 4.0 3.5 4.5
4.0 3.5 2.0 2.5
3.5 2.5 4.0 3.5
4.0 1.5 4.5 3.0
2.5 1.5 5.5 4.0
3.0 1.5 5.0 3.5
2.5 1.5 5.0 3.5
3.5 2.5 3.0 2.5
3.5 2.0 4.5 3.5
4.0 3.0 3.0 3.0
4.0 1.5 5.0 3.5
3.5 1.5 5.0 3.5
3.5 3.0 3.0 3.0
4.0 5.0 2.0 4.0
3.5 2.5 3.5 3.0
4.0 3.0 3.0 3.0
3.5 2.0 5.5 4.5
3.5 2.0 3.5 2.5
4.0 4.0 2.0 3.0
3.0 1.0 6.0 4.0
4.0 2.0 5.5 4.5
3.0 1.0 6.0 4.0
3.0 1.0 6.0 4.0
3.5 2.0 4.5 3.5
3.5 2.5 4.0 3.5
4.0 3.0 3.0 3.0
3.5 2.5 3.5 3.0
4.0 2.0 4.5 3.5
3.0 1.0 5.0 3.0
3.5 3.0 3.5 3.5
4.0 3.0 2.0 2.0
3.5 2.0 4.0 3.0
4.0 1.0 6.0 4.0
4.0 1.0 6.5 4.5
3.5 1.5 4.5 3.0
3.5 2.0 4.5 3.5
4.0 3.0 3.0 3.0
4.0 1.5 4.5 3.0
3.5 2.0 4.0 3.0
3.5 1.5 5.5 4.0
4.0 3.5 2.0 2.5
3.5 2.0 4.0 3.0
4.0 4.0 2.0 3.0
3.5 2.5 4.0 3.5
4.0 2.0 4.5 3.5
4.0 1.5 5.0 3.5
4.0 5.0 1.0 3.0
3.5 2.0 4.0 3.0
4.0 3.5 3.0 3.5
3.5 1.0 5.5 3.5
3.5 2.0 5.5 4.5
3.5 2.0 5.0 4.0
4.0 1.5 4.5 3.0
2.5 1.5 5.0 3.5
3.5 2.5 3.5 3.0
4.0 4.0 1.5 2.5
3.5 1.0 5.5 3.5
4.0 1.5 4.5 3.0
4.0 3.5 3.5 4.0
4.0 3.0 5.0 5.0
2.0 1.0 6.5 4.5
4.0 2.5 2.5 2.0
4.0 2.5 2.5 2.0
3.5 2.0 5.0 4.0
3.5 1.5 4.5 3.0
3.0 1.0 6.0 4.0
4.0 3.0 3.0 3.0
3.5 1.5 5.0 3.5
4.0 1.5 5.5 4.0
3.5 1.0 5.0 3.0
4.0 2.0 3.0 2.0
4.0 3.0 4.0 4.0
4.0 4.5 1.0 2.5
4.0 3.0 2.5 2.5
3.5 2.0 4.0 3.0
3.5 2.5 3.0 2.5
2.5 1.5 5.0 3.5
3.5 2.0 4.0 3.0
4.0 3.0 5.0 5.0
3.5 2.0 4.0 3.0
3.5 1.5 5.0 3.5
3.0 1.0 5.5 3.5
2.5 2.0 6.0 5.0
4.0 6.5 1.0 4.5
3.0 3.0 3.5 3.5
4.0 2.5 2.5 2.0
4.0 1.0 5.5 3.5
3.0 3.0 3.5 3.5
4.0 1.5 5.5 4.0
3.5 1.0 5.5 3.5
4.0 3.0 4.0 4.0
2.5 1.0 6.0 4.0
4.0 2.5 3.0 2.5
4.0 3.0 2.0 2.0
3.5 1.5 6.5 5.0
3.5 1.0 6.5 4.5
3.0 1.5 5.5 4.0
3.0 1.0 6.0 4.0
3.0 1.5 5.5 4.0
3.5 1.0 6.0 4.0
4.0 1.5 5.0 3.5
4.0 2.0 3.5 2.5
3.0 1.0 6.0 4.0
4.0 1.5 5.0 3.5
3.0 1.5 5.5 4.0
4.0 2.5 3.0 2.5
4.0 6.0 1.0 4.0
4.0 2.0 4.5 3.5
3.5 2.0 5.5 4.5
3.5 3.0 3.5 3.5
3.5 2.5 3.5 3.0
3.0 2.0 5.0 4.0
4.0 3.0 3.0 3.0
4.0 5.0 2.5 4.5
4.0 2.0 5.0 4.0
4.0 2.0 4.5 3.5
4.0 4.0 2.5 3.5
3.0 3.0 3.5 3.5
2.5 1.5 6.0 4.5
4.0 2.5 4.5 4.0
4.0 4.0 3.0 4.0
3.0 1.5 5.0 3.5
3.5 2.5 4.5 4.0
4.0 2.0 6.0 5.0
3.5 1.0 6.0 4.0
4.0 3.0 2.5 2.5
4.0 2.5 4.5 4.0
4.0 6.5 1.0 4.5
3.0 2.0 4.0 3.0
2.5 1.0 7.0 5.0
4.0 4.0 3.0 4.0
4.0 3.0 2.5 2.5
4.0 4.5 2.0 3.5
3.5 1.0 6.0 4.0
3.5 1.5 4.5 3.0
3.5 1.0 6.0 4.0
4.0 1.5 5.0 3.5
4.0 5.0 2.0 4.0
3.0 2.0 6.0 5.0
3.5 4.0 3.5 4.5
3.5 1.5 5.5 4.0
3.0 3.0 4.0 4.0
4.0 2.5 4.5 4.0
4.0 3.0 3.5 3.5
4.0 4.0 3.0 4.0
3.0 2.0 5.5 4.5
4.0 1.5 4.5 3.0
3.5 2.0 3.5 2.5
3.0 2.5 4.5 4.0
3.0 2.0 4.0 3.0
3.5 1.5 5.0 3.5
3.5 2.0 4.0 3.0
3.5 1.0 6.0 4.0
3.5 1.5 5.0 3.5
3.0 2.0 4.0 3.0
3.0 1.0 5.5 3.5
3.5 1.5 5.0 3.5
3.0 1.0 5.0 3.0
3.5 1.5 5.5 4.0
4.0 3.0 4.0 4.0
4.0 2.5 2.5 2.0
4.0 1.5 5.0 3.5
4.0 1.5 5.5 4.0
4.0 4.0 2.0 3.0
3.5 3.0 3.0 3.0
4.0 4.0 2.5 3.5
4.0 2.0 4.0 3.0
4.0 4.5 1.0 2.5
3.5 1.0 6.0 4.0
4.0 2.5 4.0 3.5
3.0 1.5 4.5 3.0
3.5 4.5 3.5 5.0
4.0 2.5 3.5 3.0
4.0 1.5 4.5 3.0
4.0 2.0 4.0 3.0
3.0 1.0 6.0 4.0
4.0 1.5 4.0 2.5
3.5 3.0 3.0 3.0
3.5 2.5 3.0 2.5
4.0 4.0 1.5 2.5
3.5 2.0 5.0 4.0
3.0 1.0 6.0 4.0
3.5 2.0 4.0 3.0
4.0 3.5 3.0 3.5
3.0 1.5 5.0 3.5
3.5 1.5 5.0 3.5
3.5 1.5 4.5 3.0
3.5 3.0 4.0 4.0
3.0 3.0 4.0 4.0
4.0 2.0 5.5 4.5
4.0 3.0 4.0 4.0
3.5 2.5 4.0 3.5
3.0 2.0 4.5 3.5
2.5 1.5 6.0 4.5
4.0 3.0 2.5 2.5
3.5 2.5 3.0 2.5
2.5 1.5 5.5 4.0
3.5 1.5 5.0 3.5
2.0 1.0 6.5 4.5
3.5 2.5 3.5 3.0
2.5 1.0 6.5 4.5
4.0 1.0 5.5 3.5
4.0 2.0 5.5 4.5
2.5 1.5 6.5 5.0
3.5 1.5 5.5 4.0
3.0 1.0 6.5 4.5
4.0 1.5 5.5 4.0
3.5 3.0 2.5 2.5
3.5 2.0 4.5 3.5
3.0 1.5 5.0 3.5
3.0 2.0 6.5 5.5
4.0 5.0 1.0 3.0
4.0 2.5 3.5 3.0
4.0 3.5 2.0 2.5
3.0 1.5 5.0 3.5
4.0 4.0 4.5 5.5
3.5 3.5 3.0 3.5
3.0 1.5 5.5 4.0
4.0 3.0 4.0 4.0
4.0 1.0 6.5 4.5
4.0 5.0 1.0 3.0
4.0 2.0 3.5 2.5
4.0 2.5 3.5 3.0
2.5 1.0 6.0 4.0
4.0 4.0 3.5 4.5
4.0 1.5 5.0 3.5
4.0 3.5 2.5 3.0
3.0 1.5 5.5 4.0
4.0 1.5 5.0 3.5
2.5 2.5 5.0 4.5
3.0 2.5 4.0 3.5
4.0 4.0 1.0 2.0
3.5 2.5 4.5 4.0
4.0 5.5 1.0 3.5
3.0 1.5 5.0 3.5
3.5 2.5 4.5 4.0
4.0 5.0 1.0 3.0
4.0 2.0 4.5 3.5
4.0 4.5 2.0 3.5
3.5 1.5 6.0 4.5
3.5 2.5 3.5 3.0
3.0 2.5 3.5 3.0
3.5 3.0 2.5 2.5
4.0 2.5 3.5 3.0
3.0 1.0 6.5 4.5
4.0 3.5 1.5 2.0
4.0 3.0 3.0 3.0
4.0 3.0 2.0 2.0
3.0 2.0 4.0 3.0
4.0 1.5 5.0 3.5
4.0 4.0 3.0 4.0
3.5 1.5 5.0 3.5
3.5 3.0 3.5 3.5
3.0 1.5 5.5 4.0
4.0 4.0 2.0 3.0
2.5 1.0 6.5 4.5
3.5 2.0 3.5 2.5
3.5 2.5 3.0 2.5
4.0 2.5 2.5 2.0
3.5 2.0 5.5 4.5
3.0 4.0 3.5 4.5
4.0 1.0 5.5 3.5
3.5 2.0 4.0 3.0
4.0 4.0 2.0 3.0
4.0 2.5 3.5 3.0
4.0 3.0 3.5 3.5
4.0 3.5 2.0 2.5
3.0 1.0 6.5 4.5
4.0 2.0 4.0 3.0
2.5 1.0 6.0 4.0
1.5 1.0 7.0 5.0
4.0 1.5 5.0 3.5
3.5 1.5 4.0 2.5
3.0 1.5 5.0 3.5
4.0 3.0 4.0 4.0
4.0 3.5 1.5 2.0
4.0 2.0 4.5 3.5
4.0 1.5 5.5 4.0
4.0 3.5 2.0 2.5
3.0 1.0 7.5 5.5
3.0 1.5 5.5 4.0
2.0 1.0 6.5 4.5
4.0 3.5 2.0 2.5
4.0 1.0 5.5 3.5
4.0 2.0 5.0 4.0
3.5 2.5 3.0 2.5
3.5 1.5 4.0 2.5
4.0 2.5 2.5 2.0
3.0 2.5 3.5 3.0
2.5 1.0 6.0 4.0
3.5 2.0 4.0 3.0
3.5 2.0 3.5 2.5
4.0 4.0 2.5 3.5
3.5 3.5 2.5 3.0
2.5 1.0 7.0 5.0
4.0 6.0 1.0 4.0
3.5 1.5 5.5 4.0
4.0 3.0 2.5 2.5
2.5 1.0 7.0 5.0
3.5 1.5 4.5 3.0
3.0 2.0 5.5 4.5
2.5 1.0 6.5 4.5
3.5 1.5 5.0 3.5
4.0 4.5 3.5 5.0
4.0 2.0 5.0 4.0
3.5 1.0 5.5 3.5
4.0 2.0 5.0 4.0
3.5 1.0 7.0 5.0
4.0 3.5 2.5 3.0
4.0 3.0 2.0 2.0
4.0 3.0 2.0 2.0
3.0 1.5 5.0 3.5
4.0 1.5 5.0 3.5
3.0 1.5 6.5 5.0
4.0 3.0 2.0 2.0
3.5 2.5 3.0 2.5
4.0 3.5 3.5 4.0
2.5 1.5 6.0 4.5
3.5 1.5 4.5 3.0
3.5 1.5 4.5 3.0
4.0 2.5 3.0 2.5
3.5 2.5 4.0 3.5
2.0 1.5 6.0 4.5
3.5 3.0 3.5 3.5
3.0 1.0 6.0 4.0
4.0 1.5 5.0 3.5
3.5 2.0 3.5 2.5
3.5 1.0 6.0 4.0
3.5 1.5 4.5 3.0
4.0 2.5 3.5 3.0
4.0 3.0 4.5 4.5
4.0 1.5 5.5 4.0
4.0 2.0 3.5 2.5
4.0 3.0 3.0 3.0
4.0 3.5 3.0 3.5
3.5 3.0 4.0 4.0
3.5 1.5 5.0 3.5
3.5 1.0 6.0 4.0
4.0 3.0 2.5 2.5
2.5 2.0 5.5 4.5
4.0 2.5 4.5 4.0
3.0 3.5 3.5 4.0
2.5 1.0 6.0 4.0
3.0 1.0 5.5 3.5
4.0 3.0 4.0 4.0
3.5 1.5 6.0 4.5
4.0 5.5 1.0 3.5
3.5 2.0 4.0 3.0
4.0 3.0 3.0 3.0
4.0 1.5 5.0 3.5
3.0 1.0 6.5 4.5
4.0 2.5 2.5 2.0
2.5 1.5 5.0 3.5
4.0 1.0 7.5 5.5
4.0 2.5 4.0 3.5
3.5 3.5 3.5 4.0
3.5 2.0 4.5 3.5
4.0 2.5 3.0 2.5
3.5 2.0 4.5 3.5
3.0 3.0 3.5 3.5
4.0 5.0 1.0 3.0
2.5 1.0 6.5 4.5
4.0 2.0 5.0 4.0
3.5 1.5 5.5 4.0
4.0 2.0 5.5 4.5
3.5 2.5 3.5 3.0
4.0 3.0 3.5 3.5
4.0 1.5 3.5 2.0
2.5 1.0 6.0 4.0
3.5 1.0 5.0 3.0
4.0 2.0 5.0 4.0
3.0 2.0 4.5 3.5
4.0 1.5 4.0 2.5
2.5 1.0 6.5 4.5
3.0 1.0 5.5 3.5
3.5 2.0 4.0 3.0
3.5 1.5 4.5 3.0
3.0 3.5 3.5 4.0
4.0 2.0 4.0 3.0
3.5 1.5 4.5 3.0
3.0 1.5 6.0 4.5
3.5 1.5 5.0 3.5
3.5 1.5 5.5 4.0
3.0 1.0 7.0 5.0
3.5 1.5 4.0 2.5
4.0 3.0 3.5 3.5
2.5 1.5 6.0 4.5
3.5 1.0 5.5 3.5
3.5 1.5 5.0 3.5
4.0 1.0 5.0 3.0
3.5 2.0 4.5 3.5
4.0 5.0 3.0 5.0
3.0 1.0 6.5 4.5
4.0 2.0 4.5 3.5
3.5 1.5 5.0 3.5
4.0 2.5 3.5 3.0
3.5 3.0 4.0 4.0
3.5 2.0 4.5 3.5
4.0 3.0 3.0 3.0
4.0 1.5 5.0 3.5
4.0 2.5 4.0 3.5
3.5 1.0 4.5 2.5
4.0 2.0 5.0 4.0
4.0 2.5 3.0 2.5
4.0 1.5 6.0 4.5
3.5 2.5 3.5 3.0
4.0 1.5 4.0 2.5
4.0 3.5 1.5 2.0
2.5 1.0 6.0 4.0
3.5 5.0 2.5 4.5
3.0 2.0 5.0 4.0
3.0 1.0 6.0 4.0
3.0 2.0 4.0 3.0
4.0 4.5 2.0 3.5
3.5 2.0 3.5 2.5
2.5 1.0 6.5 4.5
3.5 5.0 2.5 4.5
3.5 2.5 3.0 2.5
4.0 2.5 3.5 3.0
4.0 1.5 4.0 2.5
3.0 1.5 5.5 4.0
2.5 1.0 5.5 3.5
2.0 1.0 6.0 4.0
2.5 1.0 6.5 4.5
3.5 2.0 4.5 3.5
3.5 2.5 3.5 3.0
3.5 2.5 4.0 3.5
2.0 1.0 7.0 5.0
4.0 2.0 4.0 3.0
2.5 2.0 4.5 3.5
2.5 1.0 6.0 4.0
4.0 1.0 5.5 3.5
4.0 2.0 6.0 5.0
4.0 4.0 4.0 5.0
2.5 1.0 6.5 4.5
4.0 1.5 5.5 4.0
4.0 2.5 3.0 2.5
4.0 4.0 2.0 3.0
4.0 2.5 4.5 4.0
3.5 1.5 5.5 4.0
4.0 1.5 5.5 4.0
4.0 2.0 6.0 5.0
4.0 2.0 4.5 3.5
4.0 1.5 5.0 3.5
4.0 2.5 4.0 3.5
3.5 2.5 4.0 3.5
4.0 3.0 3.0 3.0
4.0 3.0 4.0 4.0
2.5 2.0 5.0 4.0
4.0 4.5 2.5 4.0
2.5 2.0 5.0 4.0
3.0 1.0 5.5 3.5
4.0 3.0 2.5 2.5
4.0 3.5 2.5 3.0
3.0 1.5 5.0 3.5
3.5 3.0 3.5 3.5
3.0 2.0 4.0 3.0
3.5 2.0 5.0 4.0
3.5 1.0 5.5 3.5
3.0 1.5 5.0 3.5
3.5 2.0 4.5 3.5
3.5 1.5 5.5 4.0
3.0 2.0 5.5 4.5
4.0 3.0 3.5 3.5
2.0 1.0 7.0 5.0
3.5 1.5 4.0 2.5
4.0 5.5 1.5 4.0
4.0 2.5 3.0 2.5
3.5 3.0 3.0 3.0
3.0 1.5 5.0 3.5
3.5 1.5 4.0 2.5
3.5 2.5 4.0 3.5
3.5 2.0 4.5 3.5
4.0 4.0 3.0 4.0
3.0 1.5 5.5 4.0
2.5 4.5 4.5 6.0
4.0 5.0 3.0 5.0
4.0 1.5 4.5 3.0
4.0 2.5 3.0 2.5
4.0 2.5 4.0 3.5
4.0 4.5 1.5 3.0
3.5 1.5 5.0 3.5
4.0 2.5 3.5 3.0
4.0 2.5 4.5 4.0
3.5 1.0 5.5 3.5
2.5 2.5 4.5 4.0
4.0 4.0 1.5 2.5
3.0 1.0 6.0 4.0
4.0 1.5 4.5 3.0
3.5 1.0 6.5 4.5
4.0 1.5 5.0 3.5
4.0 2.5 3.0 2.5
3.5 1.0 5.5 3.5
4.0 2.0 3.5 2.5
4.0 3.0 2.0 2.0
3.5 2.5 3.5 3.0
3.0 1.0 6.5 4.5
3.5 5.0 2.5 4.5
4.0 3.0 4.0 4.0
3.5 2.0 4.0 3.0
2.5 1.5 5.0 3.5
4.0 1.5 5.5 4.0
3.0 1.0 5.5 3.5
2.0 1.0 7.5 5.5
4.0 2.0 4.0 3.0
4.0 3.0 2.5 2.5
3.5 1.0 6.5 4.5
4.0 2.5 3.0 2.5
3.5 3.5 3.0 3.5
3.0 1.5 5.0 3.5
4.0 1.5 6.0 4.5
3.0 1.5 5.5 4.0
4.0 3.0 2.5 2.5
4.0 4.0 2.5 3.5
3.5 1.0 5.5 3.5
3.5 2.5 3.0 2.5
4.0 1.5 4.5 3.0
3.5 2.5 3.0 2.5
4.0 2.0 4.0 3.0
4.0 2.5 3.0 2.5
3.5 2.0 4.5 3.5
3.0 1.0 6.0 4.0
2.5 1.0 6.5 4.5
3.0 1.0 6.0 4.0
3.0 1.0 5.5 3.5
3.0 1.0 6.5 4.5
3.0 2.0 6.0 5.0
4.0 2.5 3.0 2.5
4.0 2.0 4.0 3.0
3.5 3.0 3.0 3.0
2.5 1.5 6.5 5.0
4.0 3.5 3.5 4.0
4.0 1.5 5.0 3.5
3.0 2.0 4.5 3.5
3.5 1.5 5.5 4.0
3.5 2.5 3.5 3.0
4.0 3.5 2.0 2.5
4.0 2.0 3.5 2.5
3.5 1.0 6.0 4.0
4.0 1.5 5.0 3.5
4.0 2.5 4.0 3.5
3.5 1.5 4.0 2.5
3.0 1.5 4.5 3.0
3.5 1.5 5.0 3.5
4.0 3.5 3.5 4.0
4.0 2.0 3.5 2.5
3.5 2.0 3.5 2.5
4.0 2.5 3.0 2.5
3.5 2.0 5.5 4.5
3.5 3.0 3.5 3.5
4.0 2.0 4.0 3.0
4.0 3.5 2.0 2.5
4.0 1.5 5.0 3.5
3.0 1.0 6.5 4.5
4.0 3.0 3.0 3.0
3.5 1.0 5.5 3.5
4.0 2.5 2.5 2.0
2.5 1.0 6.0 4.0
3.0 1.0 6.0 4.0
3.0 2.5 3.5 3.0
3.5 1.5 5.0 3.5
3.5 2.0 6.0 5.0
4.0 1.0 5.0 3.0
4.0 6.5 1.0 4.5
3.5 2.0 4.5 3.5
3.5 1.5 4.5 3.0
3.5 2.0 4.0 3.0
4.0 1.0 5.5 3.5
4.0 3.5 2.5 3.0
4.0 3.0 3.5 3.5
3.0 1.0 5.0 3.0
3.5 2.0 4.0 3.0
3.5 1.5 5.5 4.0
4.0 6.5 1.0 4.5
3.5 2.0 3.5 2.5
2.5 1.0 6.0 4.0
4.0 2.5 3.5 3.0
3.5 3.5 4.0 4.5
4.0 2.5 4.0 3.5
4.0 2.0 3.5 2.5
2.5 1.0 7.0 5.0
4.0 1.0 7.5 5.5
4.0 2.0 3.0 2.0
2.5 1.0 6.5 4.5
4.0 3.0 3.0 3.0
3.5 2.5 3.5 3.0
3.5 2.0 5.0 4.0
4.0 1.5 4.5 3.0
4.0 1.5 5.5 4.0
4.0 2.0 4.0 3.0
2.5 1.0 7.0 5.0
3.5 1.5 4.5 3.0
3.0 1.5 6.0 4.5
2.5 2.5 4.0 3.5
4.0 3.5 3.0 3.5
3.5 2.0 5.0 4.0
4.0 2.0 5.0 4.0
4.0 2.0 5.0 4.0
4.0 3.0 3.5 3.5
4.0 2.5 3.0 2.5
3.5 4.5 3.0 4.5
3.0 1.0 5.5 3.5
3.0 1.0 5.0 3.0
4.0 3.5 4.0 4.5
4.0 1.0 6.0 4.0
4.0 1.5 4.5 3.0
4.0 4.0 3.5 4.5
4.0 2.0 3.5 2.5
4.0 2.0 4.0 3.0
4.0 2.5 3.0 2.5
4.0 3.0 2.0 2.0
3.0 2.0 4.0 3.0
3.5 1.0 5.5 3.5
3.5 4.5 3.5 5.0
3.5 5.0 2.5 4.5
3.0 3.0 4.0 4.0
2.5 1.0 5.5 3.5
3.5 1.5 4.5 3.0
3.5 1.0 6.0 4.0
2.5 1.5 5.5 4.0
3.5 2.0 5.0 4.0
3.0 2.0 4.0 3.0
3.5 2.0 4.5 3.5
2.5 1.0 6.5 4.5
3.5 1.0 6.0 4.0
3.5 3.5 2.5 3.0
4.0 4.0 3.0 4.0
3.5 2.5 4.0 3.5
3.5 2.0 4.5 3.5
4.0 3.5 1.5 2.0
3.5 1.0 6.0 4.0
4.0 2.0 3.5 2.5
2.0 1.0 7.0 5.0
4.0 1.5 4.5 3.0
2.5 2.0 4.5 3.5
4.0 2.5 3.0 2.5
3.5 2.0 4.5 3.5
3.0 1.5 6.0 4.5
3.5 2.0 5.0 4.0
4.0 2.5 3.0 2.5
3.5 2.0 6.0 5.0
3.5 1.0 6.0 4.0
4.0 3.5 2.0 2.5
3.5 1.5 4.5 3.0
3.5 2.5 3.5 3.0
3.5 1.0 5.5 3.5
3.5 1.0 5.5 3.5
3.0 1.5 4.5 3.0
4.0 3.0 2.0 2.0
4.0 4.0 1.5 2.5
3.0 1.5 4.5 3.0
4.0 1.0 6.0 4.0
4.0 4.5 2.0 3.5
3.5 2.0 5.0 4.0
4.0 2.5 4.0 3.5
3.0 1.5 5.5 4.0
4.0 4.0 2.0 3.0
4.0 3.0 3.5 3.5
4.0 2.0 4.5 3.5
4.0 5.0 3.0 5.0
3.5 2.5 3.0 2.5
4.0 1.5 5.5 4.0
3.0 1.5 5.5 4.0
4.0 2.0 3.5 2.5
3.5 2.0 5.0 4.0
3.5 2.0 5.0 4.0
3.5 2.0 4.0 3.0
4.0 2.0 4.0 3.0
4.0 2.5 3.0 2.5
4.0 1.5 5.5 4.0
3.0 1.0 6.0 4.0
3.0 1.0 7.0 5.0
3.5 2.5 4.5 4.0
4.0 1.5 5.0 3.5
3.0 1.0 6.0 4.0
4.0 2.5 3.0 2.5
4.0 1.5 4.5 3.0
3.5 2.5 3.5 3.0
4.0 1.5 5.0 3.5
4.0 2.0 3.5 2.5
3.5 2.5 3.5 3.0
3.0 1.5 5.0 3.5
3.0 2.5 4.5 4.0
4.0 1.5 4.0 2.5
4.0 1.5 3.5 2.0
3.5 2.0 3.5 2.5
4.0 1.0 5.5 3.5
3.0 1.5 5.0 3.5
3.5 1.0 4.5 2.5
2.5 1.0 7.0 5.0
4.0 1.0 4.5 2.5
4.0 2.5 5.0 4.5
3.0 1.0 5.5 3.5
4.0 1.5 4.5 3.0
3.5 2.0 5.0 4.0
3.0 3.5 4.0 4.5
4.0 2.0 4.0 3.0
3.5 2.0 5.0 4.0
3.5 2.0 5.0 4.0
3.5 3.0 2.5 2.5
4.0 1.5 4.5 3.0
3.5 2.0 3.5 2.5
3.5 1.0 6.5 4.5
3.5 2.5 3.0 2.5
4.0 2.5 3.0 2.5
3.0 1.5 5.0 3.5
4.0 1.0 4.0 2.0
3.5 1.5 4.0 2.5
4.0 1.5 4.5 3.0
3.5 2.0 5.0 4.0
4.0 4.5 1.0 2.5
2.5 1.0 7.0 5.0
3.5 2.5 4.5 4.0
3.0 1.0 6.5 4.5
4.0 3.0 2.5 2.5
3.5 1.0 7.0 5.0
2.5 1.0 6.5 4.5
3.5 2.0 5.0 4.0
3.0 1.0 5.5 3.5
3.5 2.5 3.0 2.5
3.0 2.5 4.5 4.0
2.5 1.0 6.5 4.5
4.0 2.0 5.0 4.0
4.0 1.0 6.0 4.0
3.0 1.5 5.5 4.0
3.5 4.5 2.5 4.0
2.5 1.5 5.0 3.5
3.0 3.5 4.5 5.0
4.0 2.5 3.5 3.0
3.5 2.5 3.5 3.0
4.0 2.5 3.0 2.5
3.0 1.0 5.5 3.5
3.5 1.0 5.5 3.5
3.5 3.0 4.0 4.0
4.0 2.0 4.5 3.5
3.0 3.0 4.5 4.5
4.0 2.0 5.0 4.0
3.5 1.5 5.0 3.5
4.0 4.5 3.0 4.5
4.0 2.5 4.0 3.5
2.0 1.5 5.5 4.0
3.0 1.5 5.5 4.0
3.0 2.0 5.5 4.5
4.0 2.5 3.5 3.0
3.5 2.0 3.5 2.5
4.0 4.0 3.0 4.0
3.5 2.0 5.5 4.5
3.5 1.0 6.5 4.5
3.5 1.0 6.0 4.0
3.5 1.0 7.5 5.5
2.0 1.0 7.0 5.0
3.5 1.5 4.0 2.5
4.0 3.0 2.5 2.5
4.0 2.0 4.5 3.5
3.5 1.5 4.5 3.0
3.0 2.0 4.0 3.0
3.5 1.0 5.0 3.0
3.5 1.5 5.5 4.0
3.5 1.0 5.5 3.5
3.5 3.0 3.5 3.5
4.0 3.0 2.5 2.5
4.0 4.0 4.0 5.0
3.0 1.0 5.5 3.5
4.0 3.5 3.5 4.0
4.0 4.0 2.5 3.5
4.0 3.0 4.0 4.0
3.0 1.5 4.5 3.0
3.5 1.5 5.0 3.5
3.5 1.5 5.5 4.0
4.0 1.5 4.5 3.0
3.5 2.0 4.5 3.5
4.0 1.0 5.0 3.0
4.0 2.5 4.0 3.5
3.5 1.0 7.0 5.0
4.0 5.0 1.5 3.5
4.0 2.0 3.5 2.5
4.0 2.0 4.0 3.0
3.5 2.0 4.5 3.5
2.5 1.5 5.0 3.5
3.0 3.0 4.0 4.0
4.0 2.5 4.0 3.5
3.0 1.0 5.5 3.5
3.0 1.0 5.5 3.5
4.0 2.5 3.0 2.5
3.0 1.5 5.5 4.0
2.5 1.0 5.5 3.5
3.5 1.0 5.5 3.5
4.0 2.0 4.5 3.5
3.5 1.0 5.0 3.0
4.0 2.0 5.0 4.0
4.0 3.0 4.0 4.0
3.5 1.5 5.0 3.5
4.0 2.5 3.0 2.5
4.0 3.0 3.0 3.0
3.5 1.0 5.0 3.0
4.0 4.5 2.5 4.0
3.0 2.0 5.5 4.5
3.5 3.0 3.0 3.0
4.0 1.5 4.5 3.0
4.0 4.5 1.0 2.5
2.5 1.0 7.0 5.0
3.5 1.0 6.0 4.0
2.5 1.5 6.0 4.5
4.0 2.5 2.5 2.0
3.5 2.5 4.5 4.0
3.5 3.5 2.5 3.0
4.0 3.5 1.5 2.0
3.0 1.5 4.5 3.0
3.5 3.0 3.5 3.5
4.0 3.5 2.5 3.0
4.0 2.5 3.0 2.5
3.5 3.5 3.5 4.0
4.0 4.0 3.5 4.5
4.0 1.5 6.5 5.0
4.0 2.5 4.0 3.5
4.0 2.5 3.0 2.5
3.5 4.5 3.0 4.5
3.5 3.0 4.0 4.0
3.0 2.5 4.0 3.5
4.0 1.0 7.0 5.0
3.5 1.5 4.5 3.0
4.0 2.0 4.0 3.0
3.5 1.5 4.5 3.0
3.5 1.5 5.0 3.5
4.0 1.0 7.0 5.0
3.5 3.0 4.5 4.5
3.5 2.0 6.0 5.0
3.0 1.5 5.0 3.5
3.0 1.5 6.0 4.5
3.5 3.0 4.0 4.0
4.0 4.0 2.5 3.5
4.0 2.5 3.0 2.5
3.5 1.0 5.5 3.5
4.0 4.5 1.5 3.0
3.5 2.0 4.5 3.5
2.5 1.5 5.5 4.0
4.0 4.0 1.5 2.5
3.5 1.5 4.5 3.0
4.0 2.0 5.0 4.0
4.0 1.5 4.0 2.5
4.0 4.0 3.0 4.0
2.5 2.0 4.5 3.5
3.0 1.5 5.5 4.0
3.0 3.5 4.5 5.0
4.0 3.0 3.0 3.0
3.0 2.0 5.0 4.0
2.5 1.5 5.0 3.5
3.0 1.0 6.0 4.0
3.5 4.0 2.5 3.5
4.0 3.5 2.5 3.0
3.5 3.0 3.0 3.0
4.0 2.0 3.5 2.5
3.0 1.5 5.0 3.5
4.0 3.5 3.0 3.5
3.0 1.5 5.0 3.5
4.0 2.0 3.5 2.5
3.5 1.5 6.0 4.5
4.0 2.0 4.5 3.5
3.5 2.0 5.5 4.5
3.5 2.0 5.5 4.5
3.0 1.5 6.5 5.0
4.0 3.0 2.0 2.0
4.0 3.0 3.0 3.0
4.0 2.0 4.5 3.5
3.0 1.5 5.0 3.5
3.0 1.5 5.5 4.0
3.5 1.5 6.0 4.5
4.0 2.0 4.5 3.5
3.5 1.5 5.0 3.5
3.5 1.5 5.5 4.0
3.0 1.0 5.0 3.0
4.0 1.5 4.5 3.0
4.0 2.0 4.5 3.5
3.5 2.0 4.0 3.0
3.5 2.0 5.0 4.0
3.5 3.0 4.0 4.0
4.0 2.5 3.5 3.0
3.5 2.0 3.5 2.5
3.5 1.0 5.5 3.5
4.0 2.0 3.5 2.5
4.0 2.0 4.5 3.5
3.5 2.5 4.5 4.0
4.0 4.0 3.0 4.0
3.0 2.5 4.0 3.5
2.5 1.0 7.0 5.0
3.5 3.5 2.5 3.0
3.0 1.0 6.0 4.0
4.0 8.0 1.0 6.0
4.0 3.5 2.5 3.0
4.0 3.5 2.5 3.0
4.0 2.0 4.0 3.0
3.0 1.5 5.0 3.5
4.0 1.5 5.0 3.5
3.5 2.0 6.5 5.5
2.5 1.0 6.5 4.5
3.0 1.5 4.5 3.0
4.0 3.0 3.5 3.5
3.5 4.0 4.5 5.5
3.5 1.0 5.5 3.5
3.0 2.0 5.5 4.5
4.0 3.5 1.5 2.0
4.0 1.0 5.0 3.0
4.0 2.0 3.5 2.5
3.5 3.0 2.5 2.5
4.0 1.5 5.0 3.5
4.0 4.5 3.0 4.5
3.5 2.0 4.5 3.5
3.5 2.0 5.0 4.0
4.0 2.0 3.0 2.0
4.0 5.5 3.0 5.5
3.5 2.0 4.5 3.5
4.0 4.0 1.0 2.0
4.0 1.5 4.0 2.5
4.0 2.0 4.0 3.0
3.0 2.0 4.5 3.5
3.5 1.5 4.5 3.0
4.0 4.0 2.0 3.0
4.0 5.5 3.0 5.5
3.5 1.0 6.0 4.0
4.0 3.5 3.5 4.0
4.0 4.5 2.5 4.0
3.0 1.0 6.0 4.0
2.5 1.5 5.0 3.5
3.5 1.0 6.0 4.0
3.0 1.5 5.5 4.0
3.5 1.5 6.0 4.5
4.0 1.5 5.5 4.0
3.5 1.0 6.0 4.0
3.5 1.0 6.0 4.0
3.5 3.0 3.0 3.0
4.0 3.0 2.5 2.5
4.0 4.0 4.0 5.0
2.5 1.5 5.0 3.5
3.0 1.5 5.5 4.0
4.0 3.5 1.5 2.0
4.0 1.0 7.5 5.5
3.5 2.5 3.5 3.0
4.0 5.5 1.5 4.0
4.0 5.0 2.0 4.0
4.0 1.5 4.5 3.0
4.0 2.5 4.5 4.0
4.0 2.5 4.0 3.5
3.5 1.5 5.5 4.0
4.0 3.0 3.0 3.0
2.5 1.5 6.0 4.5
3.5 3.5 2.5 3.0
3.5 1.5 4.5 3.0
4.0 4.0 3.0 4.0
3.5 2.5 3.0 2.5
4.0 2.5 4.0 3.5
3.5 3.0 4.5 4.5
4.0 3.5 3.0 3.5
2.5 1.0 7.0 5.0
4.0 2.5 3.0 2.5
3.5 4.5 3.5 5.0
3.5 2.5 4.5 4.0
2.5 1.0 7.0 5.0
3.5 3.5 3.5 4.0
4.0 4.0 2.5 3.5
3.0 1.5 4.5 3.0
4.0 4.0 1.0 2.0
3.5 1.5 4.5 3.0
4.0 4.5 2.5 4.0
4.0 5.0 2.5 4.5
3.5 1.5 4.5 3.0
2.5 2.0 4.5 3.5
3.5 1.5 5.5 4.0
3.0 1.0 6.0 4.0
4.0 1.0 5.0 3.0
4.0 2.5 4.0 3.5
2.0 1.0 6.5 4.5
3.5 3.0 2.5 2.5
4.0 2.0 4.0 3.0
3.0 1.0 5.0 3.0
4.0 2.0 3.0 2.0
3.5 4.0 2.5 3.5
3.5 2.0 3.5 2.5
2.0 1.0 6.5 4.5
3.0 1.0 6.0 4.0
3.5 1.5 5.5 4.0
3.5 1.0 5.5 3.5
2.0 1.0 6.5 4.5
4.0 2.5 3.0 2.5
4.0 4.0 2.0 3.0
3.5 2.5 3.5 3.0
3.5 1.0 7.5 5.5
3.5 2.5 5.0 4.5
3.5 2.0 4.5 3.5
4.0 2.0 3.0 2.0
2.5 1.5 5.5 4.0
4.0 4.0 3.0 4.0
3.0 2.0 4.0 3.0
3.5 1.0 5.5 3.5
3.5 2.0 4.5 3.5
3.0 2.0 4.5 3.5
3.0 1.5 5.0 3.5
3.5 1.5 5.0 3.5
3.5 1.5 5.0 3.5
4.0 2.0 5.0 4.0
2.5 2.0 5.5 4.5
3.5 1.5 5.5 4.0
3.5 3.0 4.0 4.0
3.5 2.5 4.0 3.5
3.0 1.5 5.5 4.0
4.0 1.0 5.0 3.0
3.0 2.5 4.0 3.5
4.0 1.5 6.5 5.0
4.0 4.5 1.0 2.5
4.0 3.0 3.0 3.0
4.0 1.0 4.5 2.5
4.0 3.5 2.5 3.0
3.5 1.0 7.0 5.0
4.0 4.5 2.0 3.5
4.0 2.0 5.0 4.0
4.0 1.5 5.0 3.5
4.0 3.5 2.5 3.0
4.0 1.0 5.0 3.0
3.5 1.5 6.0 4.5
3.0 1.5 4.5 3.0
3.5 3.0 3.0 3.0
4.0 4.0 3.0 4.0
4.0 3.0 3.5 3.5
4.0 2.0 5.0 4.0
2.5 1.0 6.5 4.5
4.0 2.5 3.5 3.0
4.0 1.0 5.5 3.5
3.5 2.5 3.0 2.5
3.5 2.0 4.5 3.5
1.5 1.0 7.0 5.0
3.5 2.0 4.5 3.5
3.0 1.0 5.5 3.5
3.5 3.5 3.5 4.0
3.5 2.0 5.0 4.0
3.5 1.5 5.0 3.5
3.5 1.5 5.5 4.0
3.5 3.5 3.0 3.5
2.5 1.5 6.0 4.5
4.0 3.5 3.0 3.5
3.5 3.5 2.5 3.0
4.0 5.5 1.0 3.5
4.0 1.5 6.0 4.5
3.0 1.5 4.5 3.0
3.5 1.5 5.0 3.5
4.0 3.0 4.0 4.0
2.0 1.0 6.5 4.5
3.5 5.0 2.5 4.5
4.0 4.0 3.0 4.0
4.0 2.0 5.0 4.0
4.0 4.5 4.5 6.0
4.0 1.5 5.5 4.0
3.5 3.0 3.0 3.0
3.5 2.0 4.0 3.0
3.0 1.0 6.0 4.0
3.5 4.5 3.0 4.5
2.5 1.5 5.0 3.5
3.0 1.0 6.5 4.5
3.0 2.0 4.5 3.5
4.0 2.0 4.0 3.0
4.0 1.0 6.0 4.0
4.0 2.0 4.0 3.0
4.0 1.5 4.5 3.0
3.0 2.5 4.0 3.5
4.0 2.5 2.5 2.0
3.5 3.0 3.5 3.5
4.0 4.0 2.0 3.0
2.5 2.5 4.0 3.5
3.5 3.0 4.0 4.0
3.0 1.0 5.5 3.5
4.0 2.5 3.0 2.5
4.0 2.0 5.5 4.5
2.5 1.5 5.0 3.5
3.5 1.5 5.0 3.5
4.0 4.0 1.5 2.5
4.0 1.5 6.5 5.0
4.0 2.0 5.0 4.0
4.0 3.0 3.0 3.0
3.5 1.0 6.5 4.5
3.0 1.0 5.0 3.0
3.5 1.5 5.0 3.5
3.5 3.5 3.0 3.5
3.5 1.0 6.5 4.5
3.0 1.0 6.5 4.5
3.5 1.5 4.5 3.0
4.0 1.5 4.0 2.5
4.0 2.0 3.5 2.5
3.5 1.5 4.0 2.5
4.0 1.5 5.5 4.0
4.0 3.0 3.0 3.0
3.0 1.5 4.5 3.0
3.0 1.5 4.5 3.0
2.5 1.5 5.0 3.5
3.5 2.0 4.0 3.0
4.0 1.5 4.5 3.0
3.5 3.0 3.5 3.5
3.5 1.0 5.5 3.5
4.0 3.0 3.5 3.5
3.0 1.0 6.0 4.0
4.0 3.5 2.0 2.5
4.0 2.5 4.0 3.5
2.5 1.5 5.0 3.5
3.0 2.5 4.5 4.0
4.0 4.5 3.5 5.0
3.5 3.5 2.5 3.0
3.5 1.0 5.5 3.5
4.0 2.5 4.0 3.5
4.0 1.5 5.0 3.5
3.0 2.0 5.0 4.0
4.0 6.0 1.0 4.0
3.5 1.0 5.5 3.5
4.0 1.5 4.5 3.0
2.5 1.0 7.5 5.5
4.0 2.5 3.0 2.5
3.5 1.0 5.5 3.5
3.0 3.0 3.5 3.5
4.0 1.5 6.0 4.5
4.0 4.0 1.5 2.5
3.5 1.5 4.5 3.0
3.0 1.0 6.5 4.5
4.0 4.0 1.5 2.5
3.5 2.5 3.0 2.5
3.0 1.5 4.5 3.0
4.0 1.5 4.0 2.5
4.0 3.5 1.5 2.0
4.0 2.0 6.0 5.0
2.0 1.0 6.5 4.5
3.0 2.0 4.0 3.0
3.5 2.0 4.0 3.0
4.0 4.0 3.0 4.0
3.5 4.0 3.5 4.5
2.5 1.5 5.0 3.5
3.0 1.0 6.5 4.5
4.0 2.5 3.0 2.5
3.5 1.5 5.5 4.0
4.0 3.5 2.5 3.0
4.0 4.5 1.0 2.5
3.0 2.5 4.5 4.0
4.0 3.5 3.5 4.0
3.5 3.5 2.5 3.0
3.5 1.5 4.0 2.5
2.5 1.5 5.0 3.5
4.0 3.0 3.0 3.0
3.5 3.0 2.5 2.5
4.0 4.5 2.5 4.0
4.0 4.0 1.5 2.5
2.5 1.5 6.0 4.5
2.5 1.0 6.0 4.0
3.0 1.0 6.5 4.5
4.0 4.5 2.5 4.0
2.5 1.0 7.5 5.5
1.5 1.0 8.0 6.0
4.0 3.5 1.5 2.0
4.0 2.0 6.0 5.0
4.0 2.5 4.0 3.5
3.0 1.5 6.5 5.0
4.0 2.0 5.0 4.0
3.5 3.0 3.5 3.5
4.0 1.0 5.5 3.5
3.5 1.5 5.0 3.5
4.0 4.5 2.5 4.0
4.0 6.0 1.0 4.0
3.5 2.0 4.0 3.0
4.0 2.0 5.5 4.5
3.5 1.5 4.5 3.0
4.0 4.5 1.5 3.0
3.5 2.5 3.5 3.0
3.0 1.0 6.5 4.5
4.0 5.5 1.0 3.5
2.0 1.0 6.5 4.5
3.5 3.0 3.0 3.0
4.0 4.0 2.0 3.0
4.0 1.5 6.0 4.5
4.0 3.5 1.5 2.0
3.5 2.0 4.5 3.5
3.0 1.0 7.0 5.0
3.5 1.5 4.5 3.0
3.5 1.0 5.5 3.5
4.0 1.0 5.0 3.0
3.5 1.5 5.5 4.0
3.5 1.5 4.5 3.0
4.0 3.0 2.5 2.5
4.0 3.0 3.0 3.0
4.0 3.5 1.5 2.0
3.5 2.0 4.5 3.5
2.5 1.0 7.0 5.0
4.0 3.5 2.0 2.5
3.5 2.0 5.0 4.0
4.0 4.0 2.5 3.5
3.0 1.0 6.0 4.0
3.5 1.5 5.0 3.5
4.0 1.0 6.0 4.0
4.0 2.0 3.0 2.0
4.0 3.0 2.0 2.0
3.5 2.0 4.5 3.5
3.5 2.0 3.5 2.5
3.0 1.5 5.0 3.5
4.0 2.0 4.0 3.0
4.0 4.0 3.0 4.0
4.0 1.0 7.0 5.0
4.0 3.0 2.5 2.5
3.5 5.0 2.5 4.5
3.5 2.5 4.5 4.0
4.0 4.5 3.0 4.5
3.5 2.0 3.5 2.5
3.0 4.0 3.5 4.5
3.5 1.5 5.0 3.5
4.0 5.0 2.5 4.5
3.5 1.5 4.5 3.0
3.5 2.0 4.0 3.0
2.5 1.5 5.0 3.5
3.5 3.0 3.0 3.0
3.5 2.5 4.5 4.0
3.5 1.5 4.5 3.0
2.5 1.0 7.0 5.0
4.0 2.0 4.5 3.5
3.0 1.5 4.5 3.0
3.5 1.5 5.0 3.5
3.5 2.5 4.0 3.5
3.5 1.0 5.5 3.5
4.0 3.0 3.5 3.5
4.0 3.0 3.0 3.0
4.0 2.5 4.0 3.5
3.0 1.0 7.0 5.0
3.0 2.0 5.5 4.5
3.5 1.5 5.5 4.0
4.0 3.5 2.5 3.0
3.5 1.5 4.5 3.0
3.0 1.5 5.0 3.5
3.0 4.0 3.5 4.5
3.5 2.0 3.5 2.5
2.5 2.0 5.0 4.0
4.0 2.0 3.0 2.0
4.0 2.5 4.5 4.0
4.0 2.5 4.5 4.0
3.5 3.5 3.0 3.5
3.5 1.5 5.0 3.5
3.0 1.5 6.0 4.5
4.0 2.0 3.5 2.5
4.0 2.5 3.5 3.0
4.0 2.5 3.0 2.5
4.0 4.5 1.0 2.5
4.0 5.0 1.0 3.0
4.0 2.0 5.0 4.0
4.0 2.0 5.0 4.0
4.0 1.5 5.0 3.5
3.0 1.0 5.5 3.5
3.5 1.5 5.0 3.5
2.5 1.0 7.5 5.5
4.0 1.0 5.0 3.0
4.0 2.5 3.5 3.0
4.0 2.0 4.5 3.5
4.0 4.0 2.0 3.0
3.5 1.5 5.0 3.5
3.5 2.0 3.5 2.5
2.5 2.5 4.0 3.5
4.0 2.0 4.0 3.0
3.0 1.0 5.5 3.5
4.0 3.5 2.5 3.0
4.0 2.0 4.0 3.0
4.0 3.0 3.0 3.0
3.5 1.5 4.5 3.0
3.5 3.0 4.0 4.0
4.0 3.0 3.0 3.0
4.0 2.5 4.0 3.5
3.5 1.5 5.5 4.0
4.0 1.0 6.0 4.0
4.0 2.0 3.5 2.5
3.5 2.0 5.5 4.5
3.0 1.0 5.5 3.5
3.0 2.5 5.0 4.5
3.5 1.5 5.0 3.5
4.0 5.5 2.0 4.5
4.0 3.5 3.0 3.5
4.0 1.5 4.5 3.0
4.0 1.5 4.5 3.0
3.5 2.0 4.5 3.5
4.0 3.5 3.0 3.5
4.0 2.0 3.5 2.5
4.0 2.0 5.0 4.0
4.0 4.5 1.0 2.5
4.0 2.0 4.5 3.5
3.5 3.0 3.0 3.0
3.0 2.5 4.0 3.5
2.5 1.5 5.0 3.5
3.0 2.0 5.0 4.0
4.0 3.0 3.5 3.5
3.5 3.0 3.0 3.0
3.0 2.5 4.0 3.5
4.0 6.5 1.0 4.5
3.5 3.0 3.5 3.5
4.0 5.5 1.0 3.5
3.5 1.0 6.0 4.0
3.0 1.5 5.0 3.5
4.0 2.0 5.5 4.5
4.0 3.0 2.5 2.5
4.0 1.5 5.0 3.5
4.0 2.0 3.0 2.0
3.5 3.5 2.5 3.0
3.5 1.5 5.5 4.0
1.5 1.0 7.0 5.0
4.0 2.5 4.5 4.0
3.5 2.5 3.0 2.5
4.0 1.5 4.0 2.5
3.0 2.5 3.5 3.0
4.0 3.0 2.5 2.5
2.5 1.0 6.5 4.5
3.0 1.0 6.0 4.0
3.0 1.5 5.5 4.0
4.0 5.0 1.5 3.5
4.0 2.0 3.5 2.5
3.0 4.0 3.5 4.5
4.0 1.0 6.0 4.0
3.5 1.5 4.0 2.5
3.5 2.0 5.5 4.5
3.0 1.0 7.0 5.0
3.5 2.5 3.0 2.5
3.5 2.5 3.5 3.0
4.0 2.5 3.5 3.0
3.5 1.0 6.0 4.0
2.0 1.0 6.0 4.0
3.0 1.0 7.0 5.0
3.5 2.0 4.5 3.5
4.0 4.5 1.5 3.0
3.0 1.0 5.5 3.5
4.0 2.5 3.0 2.5
4.0 3.5 2.5 3.0
3.0 2.5 3.5 3.0
4.0 4.0 3.5 4.5
3.5 1.5 5.5 4.0
3.5 1.5 5.5 4.0
3.0 3.5 4.5 5.0
3.5 2.0 4.0 3.0
4.0 3.0 2.5 2.5
4.0 3.5 3.0 3.5
4.0 1.0 6.5 4.5
3.5 2.5 4.0 3.5
2.5 2.0 4.5 3.5
4.0 1.5 4.0 2.5
4.0 1.0 6.0 4.0
4.0 3.5 2.5 3.0
4.0 2.5 3.5 3.0
2.5 1.0 6.5 4.5
3.0 1.0 6.5 4.5
3.0 1.5 5.0 3.5
3.5 1.5 4.5 3.0
4.0 1.0 5.0 3.0
4.0 2.0 4.0 3.0
4.0 1.5 4.5 3.0
4.0 3.0 3.0 3.0
3.5 1.0 5.5 3.5
4.0 4.0 1.5 2.5
3.0 3.0 3.5 3.5
4.0 7.0 1.0 5.0
2.5 2.0 4.5 3.5
4.0 2.5 3.5 3.0
4.0 2.5 3.5 3.0
4.0 1.5 5.0 3.5
3.0 1.5 6.0 4.5
4.0 3.0 4.0 4.0
3.5 2.0 4.0 3.0
3.5 1.5 4.5 3.0
3.5 1.5 6.0 4.5
2.0 1.0 7.0 5.0
3.5 2.0 5.5 4.5
4.0 2.5 3.0 2.5
4.0 3.0 3.0 3.0
3.5 2.5 3.5 3.0
3.5 1.5 5.0 3.5
3.0 1.5 5.0 3.5
4.0 3.5 1.5 2.0
3.5 3.5 2.5 3.0
3.5 2.0 5.5 4.5
2.5 1.0 7.5 5.5
3.5 2.0 4.5 3.5
4.0 1.0 5.0 3.0
3.5 3.0 2.5 2.5
4.0 2.5 4.0 3.5
3.5 1.0 5.5 3.5
4.0 3.0 2.0 2.0
4.0 2.0 5.5 4.5
3.5 1.0 5.0 3.0
4.0 4.0 3.0 4.0
4.0 1.5 4.5 3.0
4.0 3.0 2.5 2.5
4.0 2.5 3.0 2.5
3.0 1.0 5.5 3.5
3.5 2.5 3.0 2.5
4.0 3.0 2.5 2.5
4.0 2.5 2.5 2.0
4.0 2.0 5.5 4.5
3.0 1.5 5.5 4.0
4.0 1.0 6.5 4.5
4.0 1.5 4.5 3.0
2.5 3.5 4.5 5.0
3.0 1.0 7.0 5.0
3.5 3.0 4.5 4.5
4.0 4.0 3.0 4.0
4.0 2.0 3.5 2.5
3.0 1.0 8.0 6.0
4.0 1.0 6.5 4.5
3.5 2.0 4.0 3.0
3.5 2.0 5.0 4.0
3.0 1.5 4.5 3.0
2.5 3.0 4.0 4.0
4.0 3.5 2.0 2.5
4.0 3.0 2.5 2.5
4.0 2.5 4.5 4.0
4.0 2.0 4.0 3.0
4.0 4.0 1.0 2.0
4.0 1.5 4.5 3.0
4.0 3.0 2.5 2.5
2.5 1.0 5.5 3.5
4.0 3.0 2.0 2.0
3.0 1.0 7.0 5.0
4.0 1.5 4.5 3.0
4.0 1.5 5.0 3.5
3.0 1.0 6.5 4.5
3.5 1.5 4.5 3.0
4.0 2.0 4.0 3.0
4.0 3.5 4.5 5.0
4.0 2.5 3.5 3.0
4.0 1.5 5.0 3.5
3.0 1.5 6.5 5.0
3.0 1.0 7.0 5.0
4.0 2.0 3.0 2.0
3.5 2.5 3.0 2.5
4.0 3.0 4.0 4.0
4.0 2.0 4.0 3.0
3.5 2.0 4.0 3.0
4.0 2.0 4.5 3.5
3.0 2.0 4.0 3.0
3.5 2.0 4.5 3.5
4.0 3.5 3.5 4.0
4.0 2.5 4.0 3.5
3.5 1.5 5.0 3.5
3.0 1.5 5.5 4.0
3.5 1.0 5.5 3.5
3.0 2.0 5.5 4.5
3.0 1.0 7.0 5.0
4.0 3.5 2.0 2.5
2.0 1.0 7.5 5.5
3.5 2.5 3.0 2.5
3.5 3.0 4.0 4.0
4.0 1.0 5.0 3.0
4.0 1.5 5.5 4.0
4.0 3.0 4.0 4.0
3.0 3.5 4.5 5.0
4.0 3.0 3.0 3.0
3.5 2.0 4.5 3.5
2.0 1.0 7.0 5.0
3.5 2.0 4.0 3.0
3.5 1.0 7.0 5.0
3.5 2.5 3.5 3.0
3.0 1.5 6.5 5.0
4.0 2.5 3.5 3.0
2.5 1.5 5.5 4.0
3.0 1.0 5.5 3.5
4.0 1.0 5.5 3.5
4.0 3.0 3.0 3.0
3.5 1.0 7.0 5.0
3.5 3.0 4.0 4.0
3.0 2.0 4.0 3.0
4.0 1.0 6.5 4.5
4.0 2.0 3.5 2.5
2.5 1.5 5.0 3.5
3.5 2.0 4.0 3.0
3.5 1.5 5.0 3.5
4.0 3.0 3.0 3.0
4.0 5.5 1.5 4.0
4.0 6.5 1.0 4.5
3.0 1.0 6.5 4.5
3.0 3.0 3.5 3.5
3.5 5.0 2.5 4.5
3.0 1.0 7.5 5.5
2.5 1.0 7.0 5.0
3.0 1.5 4.5 3.0
4.0 3.0 3.5 3.5
2.0 1.0 8.0 6.0
3.5 1.0 5.5 3.5
4.0 1.5 4.5 3.0
4.0 3.0 2.0 2.0
4.0 3.0 3.0 3.0
4.0 1.0 7.0 5.0
2.5 1.0 7.0 5.0
2.5 1.5 5.5 4.0
3.0 1.0 6.0 4.0
4.0 3.0 2.5 2.5
3.5 1.0 7.0 5.0
3.5 2.0 4.5 3.5
3.5 2.0 4.0 3.0
4.0 3.5 1.5 2.0
2.5 3.5 4.5 5.0
3.5 2.5 3.5 3.0
3.5 1.5 4.5 3.0
4.0 1.5 5.0 3.5
3.5 1.5 5.0 3.5
3.5 1.5 4.0 2.5
4.0 3.5 2.5 3.0
3.5 1.5 4.0 2.5
3.5 1.5 4.5 3.0
3.5 4.5 3.5 5.0
3.5 1.0 6.0 4.0
3.5 3.0 3.0 3.0
3.0 1.0 7.0 5.0
3.5 1.0 5.5 3.5
3.5 2.0 5.0 4.0
3.5 1.0 6.5 4.5
3.0 1.0 6.5 4.5
4.0 2.0 4.0 3.0
4.0 2.0 4.5 3.5
3.0 1.5 4.5 3.0
3.0 1.0 6.0 4.0
3.0 1.5 6.0 4.5
3.0 1.0 6.5 4.5
3.5 2.0 5.0 4.0
4.0 3.0 3.0 3.0
4.0 2.0 4.0 3.0
4.0 2.5 4.0 3.5
4.0 2.0 3.0 2.0
3.5 1.5 5.0 3.5
3.5 1.5 6.0 4.5
3.0 1.0 5.5 3.5
3.0 2.5 3.5 3.0
3.5 1.0 7.0 5.0
3.5 1.5 5.0 3.5
4.0 3.5 3.0 3.5
4.0 2.5 3.0 2.5
4.0 2.0 4.0 3.0
4.0 2.0 3.5 2.5
3.5 3.5 2.5 3.0
3.0 1.5 5.0 3.5
3.5 3.0 3.0 3.0
4.0 4.5 2.5 4.0
3.0 2.0 5.0 4.0
3.0 2.0 4.0 3.0
4.0 4.0 2.5 3.5
3.0 1.5 4.5 3.0
3.5 2.5 4.0 3.5
4.0 5.0 3.0 5.0
3.5 3.0 4.0 4.0
3.5 1.5 5.0 3.5
4.0 3.5 3.0 3.5
4.0 1.5 5.5 4.0
3.5 1.5 4.5 3.0
4.0 1.0 6.0 4.0
4.0 3.5 2.0 2.5
4.0 3.0 3.0 3.0
4.0 2.5 4.0 3.5
4.0 2.5 3.5 3.0
3.5 3.0 3.0 3.0
3.0 1.0 6.0 4.0
3.0 1.0 7.0 5.0
4.0 4.5 2.5 4.0
3.5 2.0 4.5 3.5
3.0 1.0 6.5 4.5
3.5 1.5 5.5 4.0
3.5 3.0 3.5 3.5
3.5 2.5 4.0 3.5
3.0 1.5 5.0 3.5
4.0 6.0 1.0 4.0
4.0 1.5 6.0 4.5
3.5 1.5 4.5 3.0
4.0 3.5 2.0 2.5
3.5 1.5 4.5 3.0
3.0 1.0 5.0 3.0
4.0 1.5 4.5 3.0
3.0 2.5 3.5 3.0
4.0 2.0 4.0 3.0
4.0 2.0 3.5 2.5
3.0 2.5 4.0 3.5
3.5 1.5 5.0 3.5
3.5 2.5 3.0 2.5
4.0 2.5 3.5 3.0
3.5 1.5 4.5 3.0
4.0 3.5 1.5 2.0
3.5 4.0 4.0 5.0
3.5 1.0 5.0 3.0
4.0 5.0 2.5 4.5
3.5 2.0 4.0 3.0
4.0 1.5 4.5 3.0
4.0 3.5 2.5 3.0
4.0 4.0 2.0 3.0
4.0 1.5 4.5 3.0
3.5 1.5 5.0 3.5
2.5 1.0 6.0 4.0
4.0 3.5 3.5 4.0
3.0 1.5 6.0 4.5
3.5 2.0 4.0 3.0
4.0 2.0 3.5 2.5
4.0 4.5 1.0 2.5
3.5 1.0 6.0 4.0
4.0 2.5 5.0 4.5
4.0 4.0 2.5 3.5
3.0 2.0 4.0 3.0
3.5 2.0 5.5 4.5
3.5 2.5 4.0 3.5
3.5 2.5 3.0 2.5
4.0 5.0 2.0 4.0
4.0 2.0 5.0 4.0
3.5 1.5 5.5 4.0
4.0 2.5 3.0 2.5
4.0 2.5 4.0 3.5
3.5 1.5 5.0 3.5
3.5 2.5 4.0 3.5
4.0 3.5 2.0 2.5
4.0 3.5 3.0 3.5
4.0 2.5 3.5 3.0
4.0 1.5 5.0 3.5
3.0 1.5 5.0 3.5
3.5 2.5 3.0 2.5
2.0 1.0 6.5 4.5
4.0 1.5 4.0 2.5
4.0 1.0 4.5 2.5
4.0 1.5 4.5 3.0
3.5 1.5 5.5 4.0
4.0 4.0 2.5 3.5
2.0 1.0 7.0 5.0
4.0 2.5 3.0 2.5
4.0 3.0 2.5 2.5
4.0 2.5 2.5 2.0
4.0 2.0 5.0 4.0
3.5 1.0 6.0 4.0
4.0 4.0 2.5 3.5
2.0 1.0 7.0 5.0
4.0 4.0 2.0 3.0
3.0 1.0 5.5 3.5
3.0 1.0 7.0 5.0
3.5 1.5 5.0 3.5
2.5 1.0 6.0 4.0
3.0 2.5 3.5 3.0
3.0 2.0 5.0 4.0
4.0 2.0 4.5 3.5
4.0 1.5 5.0 3.5
3.5 3.0 4.5 4.5
4.0 3.0 3.5 3.5
3.5 1.5 6.0 4.5
4.0 2.5 4.5 4.0
3.5 1.0 6.5 4.5
4.0 2.5 4.5 4.0
3.5 3.0 3.5 3.5
4.0 2.0 3.5 2.5
3.5 1.0 6.0 4.0
3.5 2.0 4.0 3.0
2.5 3.5 4.0 4.5
3.5 3.5 3.0 3.5
4.0 4.0 1.5 2.5
3.5 3.5 3.5 4.0
4.0 5.0 3.0 5.0
3.0 3.0 4.0 4.0
4.0 1.0 5.0 3.0
4.0 2.5 3.0 2.5
4.0 1.5 5.5 4.0
4.0 4.5 3.0 4.5
3.0 1.5 5.0 3.5
4.0 2.0 4.0 3.0
4.0 4.0 2.5 3.5
3.5 1.0 6.5 4.5
4.0 1.5 5.5 4.0
3.0 1.0 5.5 3.5
3.0 3.5 3.5 4.0
4.0 2.5 4.0 3.5
3.5 5.0 2.5 4.5
3.0 1.0 6.0 4.0
3.0 1.5 5.5 4.0
3.5 4.0 4.0 5.0
3.5 1.0 5.5 3.5
4.0 4.5 1.5 3.0
3.5 2.5 3.0 2.5
4.0 2.0 4.0 3.0
3.5 2.0 5.5 4.5
4.0 2.0 3.5 2.5
4.0 3.5 4.0 4.5
3.0 2.5 4.5 4.0
2.5 1.5 5.5 4.0
4.0 3.0 3.0 3.0
4.0 2.5 3.0 2.5
4.0 3.5 1.5 2.0
4.0 3.0 3.0 3.0
4.0 3.0 3.5 3.5
4.0 3.0 2.5 2.5
2.5 1.0 6.5 4.5
4.0 2.0 3.5 2.5
4.0 1.5 4.5 3.0
3.5 1.5 4.5 3.0
4.0 1.5 4.5 3.0
4.0 2.0 4.0 3.0
4.0 2.5 3.0 2.5
2.5 1.0 6.5 4.5
4.0 3.5 2.0 2.5
3.5 4.5 4.0 5.5
4.0 4.5 3.5 5.0
4.0 3.5 3.5 4.0
3.5 1.0 6.0 4.0
3.0 1.5 5.5 4.0
3.5 1.0 6.5 4.5
3.5 2.5 3.0 2.5
3.5 3.5 4.0 4.5
4.0 3.0 3.5 3.5
4.0 2.5 4.0 3.5
4.0 3.0 3.0 3.0
3.5 3.5 4.0 4.5
3.5 2.5 4.5 4.0
4.0 2.0 3.0 2.0
3.0 4.0 4.0 5.0
4.0 2.5 4.0 3.5
4.0 2.5 4.0 3.5
4.0 2.0 3.5 2.5
4.0 1.5 5.0 3.5
3.0 1.0 6.0 4.0
4.0 1.0 6.0 4.0
2.0 1.5 6.0 4.5
4.0 4.0 1.0 2.0
2.5 1.0 6.0 4.0
3.5 1.0 5.0 3.0
3.5 3.5 2.5 3.0
4.0 2.0 5.5 4.5
3.5 2.5 4.5 4.0
3.0 1.5 5.0 3.5
4.0 4.5 1.0 2.5
3.0 1.5 5.5 4.0
2.0 1.0 6.5 4.5
3.5 1.5 4.5 3.0
4.0 1.5 5.0 3.5
4.0 2.5 3.0 2.5
4.0 2.5 3.5 3.0
4.0 1.0 5.5 3.5
3.0 1.5 5.5 4.0
3.5 1.0 6.5 4.5
4.0 1.0 6.5 4.5
3.5 1.5 4.0 2.5
3.5 3.0 4.0 4.0
4.0 3.0 2.0 2.0
3.5 2.0 4.5 3.5
4.0 3.5 2.5 3.0
3.5 1.5 6.0 4.5
4.0 3.5 2.0 2.5
4.0 2.5 4.0 3.5
2.5 1.5 6.0 4.5
4.0 2.0 3.5 2.5
3.0 1.0 6.0 4.0
3.5 3.0 3.5 3.5
4.0 2.5 4.0 3.5
4.0 2.5 3.5 3.0
2.5 1.5 6.0 4.5
3.5 3.5 2.5 3.0
4.0 2.0 5.0 4.0
4.0 2.5 4.0 3.5
4.0 3.0 2.5 2.5
4.0 1.5 6.0 4.5
4.0 2.0 3.5 2.5
3.5 1.0 6.5 4.5
3.5 1.0 6.5 4.5
4.0 4.0 1.5 2.5
4.0 2.5 3.0 2.5
4.0 3.5 2.0 2.5
3.5 1.5 4.5 3.0
4.0 3.0 2.0 2.0
4.0 3.0 3.5 3.5
3.5 4.5 3.0 4.5
3.5 1.0 5.5 3.5
3.0 2.0 4.0 3.0
3.5 5.0 2.5 4.5
3.0 2.0 4.0 3.0
4.0 2.0 5.0 4.0
2.0 1.0 6.5 4.5
4.0 2.0 4.0 3.0
4.0 1.5 5.5 4.0
3.0 1.0 7.0 5.0
4.0 1.5 4.5 3.0
4.0 2.0 3.5 2.5
3.5 1.0 5.0 3.0
4.0 2.5 3.5 3.0
3.5 1.0 5.5 3.5
3.5 2.0 4.5 3.5
2.5 1.5 5.0 3.5
4.0 4.5 3.0 4.5
3.5 3.0 3.5 3.5
3.5 1.5 6.0 4.5
4.0 2.0 5.0 4.0
4.0 2.5 3.5 3.0
3.5 2.0 3.5 2.5
3.5 2.0 4.0 3.0
3.5 2.0 4.0 3.0
3.0 1.5 4.5 3.0
4.0 4.5 1.0 2.5
4.0 4.0 1.0 2.0
3.0 1.0 7.0 5.0
4.0 2.0 4.0 3.0
4.0 3.5 2.0 2.5
4.0 3.5 1.5 2.0
3.5 2.5 3.0 2.5
3.0 1.5 5.5 4.0
3.0 4.0 3.5 4.5
3.0 1.5 5.0 3.5
3.0 2.5 4.0 3.5
4.0 4.0 2.0 3.0
4.0 2.5 3.5 3.0
4.0 3.5 2.0 2.5
4.0 5.0 3.0 5.0
4.0 3.0 3.0 3.0
4.0 5.5 2.0 4.5
3.5 1.0 6.0 4.0
3.0 1.0 6.5 4.5
4.0 2.0 3.5 2.5
3.5 1.5 5.0 3.5
2.5 1.0 6.5 4.5
4.0 2.0 4.5 3.5
4.0 2.5 3.5 3.0
4.0 2.0 5.0 4.0
3.5 1.5 5.0 3.5
3.5 2.0 3.5 2.5
2.5 4.0 4.0 5.0
4.0 3.0 2.5 2.5
4.0 2.0 5.0 4.0
4.0 2.5 5.0 4.5
4.0 5.0 1.5 3.5
3.5 3.0 4.0 4.0
4.0 3.5 3.0 3.5
4.0 2.0 4.5 3.5
4.0 2.0 3.5 2.5
4.0 5.0 1.5 3.5
4.0 3.0 3.5 3.5
2.5 2.0 5.0 4.0
4.0 3.5 1.5 2.0
4.0 2.0 4.5 3.5
4.0 2.5 3.5 3.0
3.5 3.5 4.0 4.5
4.0 4.0 2.0 3.0
3.0 2.5 3.5 3.0
3.0 1.5 5.0 3.5
4.0 5.0 1.5 3.5
3.5 2.5 3.5 3.0
3.5 1.5 5.5 4.0
2.5 1.0 7.0 5.0
3.5 1.5 4.0 2.5
3.5 1.5 4.5 3.0
3.0 1.0 6.5 4.5
3.5 3.0 3.0 3.0
3.5 1.5 4.5 3.0
4.0 2.5 4.5 4.0
3.5 1.5 5.0 3.5
4.0 2.5 3.5 3.0
4.0 2.0 4.5 3.5
4.0 4.0 3.0 4.0
3.5 2.0 5.0 4.0
2.5 1.0 7.0 5.0
3.5 2.5 3.0 2.5
1.5 1.0 7.0 5.0
3.5 2.5 3.0 2.5
4.0 3.0 2.5 2.5
4.0 3.0 4.0 4.0
4.0 2.5 3.5 3.0
4.0 5.5 1.0 3.5
3.5 3.5 2.5 3.0
4.0 5.5 1.5 4.0
3.5 1.5 4.5 3.0
3.5 2.0 4.5 3.5
3.5 1.0 5.5 3.5
3.0 2.0 6.0 5.0
4.0 1.5 5.0 3.5
4.0 1.5 4.5 3.0
3.5 1.0 6.0 4.0
3.5 1.5 4.5 3.0
4.0 2.5 3.5 3.0
2.5 1.0 5.5 3.5
3.0 1.0 6.0 4.0
4.0 3.0 2.0 2.0
4.0 2.0 5.0 4.0
3.5 1.0 5.5 3.5
4.0 4.0 1.5 2.5
4.0 3.5 3.0 3.5
4.0 2.0 4.0 3.0
4.0 3.5 1.5 2.0
3.5 4.0 3.0 4.0
3.0 1.0 7.0 5.0
3.0 1.5 5.0 3.5
3.5 1.5 5.0 3.5
3.5 2.0 3.5 2.5
3.0 3.5 4.0 4.5
4.0 2.0 3.0 2.0
4.0 5.5 3.0 5.5
3.5 2.0 5.0 4.0
3.0 1.0 8.0 6.0
4.0 3.0 4.0 4.0
3.0 1.0 6.5 4.5
3.5 2.5 4.0 3.5
3.5 1.5 5.0 3.5
4.0 1.5 4.5 3.0
4.0 2.0 4.5 3.5
3.5 1.5 5.0 3.5
3.5 1.5 5.0 3.5
4.0 2.5 2.5 2.0
3.5 1.5 5.5 4.0
4.0 3.0 2.0 2.0
3.5 2.5 3.0 2.5
2.5 1.0 8.0 6.0
4.0 3.0 2.0 2.0
3.5 1.0 6.0 4.0
3.0 3.5 4.0 4.5
4.0 2.0 4.5 3.5
4.0 1.5 5.0 3.5
3.0 3.5 4.0 4.5
3.0 2.0 5.5 4.5
3.5 1.5 5.0 3.5
4.0 1.0 6.5 4.5
3.0 1.0 6.0 4.0
3.0 1.5 5.0 3.5
3.0 3.0 4.0 4.0
4.0 1.0 6.5 4.5
3.0 4.5 4.0 5.5
4.0 4.5 1.5 3.0
3.0 2.0 5.5 4.5
3.5 2.0 4.0 3.0
4.0 3.0 2.0 2.0
4.0 5.0 2.5 4.5
4.0 1.0 5.5 3.5
4.0 2.0 3.5 2.5
3.5 2.0 3.5 2.5
4.0 2.0 3.5 2.5
4.0 1.5 5.5 4.0
3.5 1.0 5.5 3.5
3.5 2.5 3.5 3.0
4.0 1.5 4.5 3.0
3.5 1.5 5.5 4.0
4.0 2.5 3.5 3.0
4.0 5.0 2.5 4.5
4.0 4.0 3.0 4.0
4.0 1.5 5.0 3.5
2.0 1.0 7.0 5.0
4.0 2.0 3.0 2.0
3.5 1.0 5.5 3.5
4.0 3.5 2.5 3.0
4.0 1.5 5.0 3.5
4.0 3.0 3.0 3.0
3.5 3.0 3.5 3.5
4.0 2.0 4.0 3.0
4.0 2.0 4.5 3.5
3.5 3.5 2.5 3.0
3.5 1.5 4.5 3.0
4.0 3.0 2.5 2.5
3.5 2.0 3.5 2.5
4.0 2.0 4.0 3.0
3.5 2.0 3.5 2.5
3.0 1.5 5.5 4.0
3.5 3.5 2.5 3.0
1.0 1.0 8.0 6.0
4.0 1.5 5.5 4.0
2.5 2.0 6.0 5.0
4.0 5.5 3.0 5.5
4.0 2.5 3.5 3.0
4.0 4.0 1.5 2.5
4.0 2.0 4.5 3.5
4.0 4.5 1.0 2.5
3.5 2.0 4.0 3.0
4.0 2.0 4.0 3.0
4.0 5.0 2.5 4.5
4.0 1.5 4.5 3.0
4.0 2.0 5.0 4.0
4.0 4.0 1.5 2.5
4.0 2.0 4.5 3.5
3.5 1.5 4.5 3.0
3.0 1.0 6.0 4.0
3.0 2.0 4.0 3.0
3.0 1.5 5.0 3.5
4.0 2.5 4.0 3.5
3.0 3.0 3.5 3.5
4.0 5.5 1.0 3.5
3.5 1.5 5.5 4.0
3.5 1.5 4.5 3.0
3.5 3.0 2.5 2.5
4.0 1.5 4.0 2.5
4.0 3.0 2.5 2.5
4.0 1.5 5.5 4.0
4.0 2.5 4.0 3.5
3.5 3.5 3.0 3.5
3.5 2.0 4.0 3.0
3.5 1.5 4.0 2.5
3.5 1.0 5.0 3.0
3.0 1.0 6.0 4.0
4.0 2.0 4.5 3.5
2.5 1.0 6.5 4.5
3.0 1.5 5.0 3.5
3.5 2.0 6.0 5.0
3.5 1.5 4.5 3.0
3.0 1.0 6.5 4.5
3.0 1.0 7.0 5.0
4.0 3.0 4.0 4.0
4.0 1.0 6.5 4.5
3.5 1.5 5.0 3.5
4.0 3.0 4.0 4.0
3.5 2.5 4.0 3.5
3.5 1.0 6.0 4.0
4.0 5.0 1.5 3.5
4.0 2.0 3.0 2.0
4.0 2.0 4.0 3.0
3.5 1.5 4.5 3.0
4.0 3.0 3.5 3.5
3.5 1.5 5.0 3.5
4.0 2.0 4.5 3.5
3.5 1.5 6.0 4.5
4.0 1.5 4.5 3.0
3.0 2.0 5.5 4.5
4.0 2.0 5.5 4.5
3.5 2.5 4.5 4.0
4.0 3.5 3.0 3.5
2.0 1.0 6.5 4.5
3.5 1.0 6.0 4.0
4.0 2.0 4.5 3.5
4.0 1.5 4.5 3.0
3.5 1.5 5.0 3.5
2.5 1.5 6.0 4.5
2.5 1.0 6.0 4.0
3.5 1.5 4.5 3.0
4.0 4.5 2.0 3.5
3.5 3.0 3.5 3.5
4.0 2.0 3.5 2.5
3.0 1.0 5.0 3.0
4.0 4.0 3.5 4.5
3.0 2.0 5.5 4.5
4.0 4.5 3.0 4.5
3.0 1.5 5.0 3.5
4.0 2.5 3.0 2.5
3.5 2.0 4.0 3.0
4.0 1.5 4.0 2.5
3.5 1.5 5.0 3.5
3.0 1.0 5.5 3.5
4.0 3.0 2.5 2.5
4.0 2.5 3.5 3.0
4.0 1.0 5.5 3.5
3.0 3.0 4.0 4.0
3.0 1.5 5.0 3.5
4.0 1.5 4.5 3.0
3.5 1.5 6.0 4.5
4.0 2.0 4.5 3.5
3.0 1.0 6.5 4.5
4.0 1.5 5.5 4.0
3.5 2.5 3.5 3.0
3.5 2.0 4.5 3.5
4.0 5.0 1.0 3.0
3.0 1.5 5.0 3.5
4.0 2.0 4.0 3.0
2.5 2.0 4.5 3.5
4.0 2.5 4.5 4.0
3.5 2.0 4.5 3.5
4.0 3.0 3.5 3.5
4.0 5.0 3.0 5.0
3.5 1.0 5.5 3.5
4.0 3.5 2.5 3.0
3.0 1.0 7.0 5.0
3.0 1.0 6.0 4.0
4.0 2.5 3.0 2.5
3.5 1.5 5.0 3.5
4.0 2.5 4.0 3.5
3.5 2.0 5.5 4.5
4.0 5.0 2.0 4.0
3.5 2.5 3.0 2.5
3.5 1.0 5.5 3.5
3.5 1.5 4.5 3.0
3.5 4.0 2.5 3.5
3.5 2.0 3.5 2.5
4.0 1.0 6.0 4.0
3.5 3.0 2.5 2.5
3.5 1.5 4.0 2.5
4.0 6.5 1.0 4.5
4.0 3.0 3.0 3.0
4.0 1.0 5.5 3.5
3.0 2.5 3.5 3.0
4.0 3.0 3.0 3.0
4.0 2.5 5.0 4.5
4.0 2.5 2.5 2.0
2.0 1.5 6.0 4.5
4.0 3.0 2.5 2.5
3.5 2.5 3.0 2.5
3.5 1.0 5.5 3.5
3.5 3.0 3.0 3.0
4.0 2.5 3.5 3.0
3.0 3.0 4.5 4.5
4.0 3.5 2.0 2.5
4.0 1.5 6.0 4.5
4.0 1.5 5.5 4.0
3.0 1.0 7.0 5.0
3.0 1.0 6.5 4.5
3.5 1.5 4.5 3.0
2.5 2.0 5.0 4.0
3.0 1.0 6.0 4.0
3.0 1.5 5.5 4.0
3.0 1.0 5.0 3.0
3.5 2.5 3.5 3.0
3.5 3.0 4.0 4.0
3.5 1.0 6.0 4.0
4.0 4.5 3.0 4.5
2.5 1.0 5.5 3.5
2.5 1.0 6.0 4.0
2.5 1.0 6.5 4.5
4.0 3.0 3.5 3.5
4.0 2.5 3.5 3.0
4.0 2.0 5.5 4.5
3.0 1.0 6.5 4.5
3.5 1.5 5.0 3.5
4.0 1.5 5.0 3.5
3.5 1.0 6.5 4.5
4.0 1.5 5.5 4.0
3.5 1.5 5.0 3.5
2.5 1.0 6.5 4.5
3.0 1.5 6.0 4.5
4.0 3.0 3.5 3.5
3.5 1.0 5.0 3.0
4.0 2.0 5.0 4.0
4.0 3.5 1.5 2.0
3.0 1.0 5.5 3.5
3.5 2.0 5.0 4.0
3.0 2.5 4.5 4.0
3.5 2.0 5.5 4.5
2.5 1.0 6.0 4.0
3.5 5.0 2.5 4.5
4.0 2.0 4.5 3.5
2.5 3.0 4.0 4.0
4.0 2.5 3.0 2.5
4.0 2.5 3.5 3.0
2.5 1.0 7.5 5.5
4.0 1.5 4.0 2.5
3.5 1.0 5.5 3.5
4.0 4.5 2.0 3.5
3.0 3.0 4.0 4.0
4.0 2.5 4.0 3.5
3.5 4.0 4.5 5.5
4.0 2.5 3.5 3.0
4.0 1.0 5.0 3.0
3.5 1.5 6.0 4.5
2.5 1.0 7.0 5.0
2.5 1.0 7.0 5.0
4.0 3.0 3.0 3.0
4.0 5.0 3.0 5.0
4.0 2.5 3.0 2.5
3.0 1.0 7.0 5.0
4.0 2.0 5.0 4.0
4.0 1.0 5.0 3.0
3.5 1.0 6.0 4.0
3.5 1.5 4.5 3.0
3.5 1.5 5.5 4.0
4.0 2.0 4.5 3.5
4.0 4.0 1.5 2.5
4.0 3.0 2.5 2.5
3.5 3.0 4.0 4.0
3.5 2.0 4.0 3.0
3.5 1.0 6.0 4.0
3.0 1.0 5.5 3.5
4.0 2.0 5.0 4.0
4.0 1.5 4.5 3.0
3.5 1.5 5.5 4.0
3.0 2.0 5.0 4.0
3.5 3.5 3.5 4.0
4.0 4.5 3.5 5.0
4.0 2.0 3.5 2.5
3.0 1.0 6.0 4.0
3.5 1.5 4.5 3.0
4.0 1.5 4.5 3.0
4.0 4.0 3.5 4.5
3.0 1.0 6.5 4.5
4.0 2.5 3.0 2.5
3.5 1.5 5.5 4.0
2.5 1.0 7.0 5.0
4.0 2.0 4.0 3.0
4.0 1.5 5.5 4.0
3.5 1.5 5.5 4.0
4.0 3.5 3.0 3.5
2.5 1.0 5.5 3.5
4.0 2.5 2.5 2.0
4.0 1.5 4.0 2.5
4.0 1.0 6.0 4.0
4.0 5.5 1.0 3.5
4.0 2.5 3.0 2.5
3.5 1.5 4.5 3.0
4.0 4.0 3.0 4.0
4.0 2.5 3.0 2.5
4.0 1.5 5.0 3.5
3.5 2.0 4.5 3.5
3.5 3.5 3.5 4.0
4.0 3.0 2.5 2.5
4.0 4.5 1.5 3.0
3.0 2.5 3.5 3.0
4.0 1.5 5.0 3.5
3.5 1.5 5.0 3.5
3.5 2.0 4.5 3.5
3.0 1.5 5.5 4.0
3.5 1.5 4.5 3.0
4.0 2.0 4.5 3.5
3.5 1.5 4.5 3.0
3.0 1.0 5.5 3.5
2.5 1.0 6.5 4.5
3.0 2.0 6.0 5.0
3.0 1.5 5.0 3.5
4.0 2.0 4.0 3.0
4.0 2.0 5.0 4.0
4.0 2.5 3.5 3.0
3.5 1.0 5.0 3.0
2.5 3.0 4.5 4.5
4.0 1.5 4.5 3.0
4.0 3.0 3.5 3.5
3.0 2.5 3.5 3.0
4.0 5.0 2.5 4.5
4.0 1.5 5.0 3.5
4.0 3.0 4.5 4.5
3.5 1.5 4.5 3.0
3.5 1.5 5.0 3.5
3.5 2.0 6.0 5.0
3.0 1.5 6.0 4.5
3.5 2.0 4.0 3.0
3.5 2.0 4.5 3.5
3.5 4.5 2.5 4.0
4.0 2.5 3.0 2.5
4.0 4.5 2.5 4.0
4.0 2.0 4.5 3.5
3.0 2.0 4.0 3.0
3.0 1.0 6.0 4.0
3.0 1.0 5.5 3.5
3.5 2.0 6.0 5.0
4.0 2.5 3.5 3.0
4.0 1.5 4.0 2.5
4.0 2.0 4.0 3.0
4.0 1.0 5.5 3.5
4.0 1.0 5.0 3.0
4.0 3.0 3.5 3.5
4.0 2.5 2.5 2.0
3.5 1.5 5.5 4.0
3.0 3.0 4.0 4.0
4.0 4.0 1.0 2.0
4.0 3.5 3.0 3.5
3.5 2.5 3.5 3.0
4.0 1.5 5.5 4.0
4.0 7.0 1.0 5.0
4.0 2.0 3.0 2.0
4.0 3.5 2.0 2.5
4.0 1.5 5.0 3.5
3.0 2.5 4.0 3.5
3.5 4.5 3.5 5.0
4.0 6.0 1.0 4.0
3.0 2.0 5.0 4.0
2.5 1.0 6.0 4.0
3.5 1.0 5.5 3.5
4.0 2.0 4.5 3.5
4.0 1.5 6.0 4.5
3.5 2.0 4.5 3.5
3.5 2.0 4.0 3.0
3.5 1.0 6.0 4.0
4.0 2.5 3.0 2.5
3.5 1.5 4.5 3.0
3.5 3.0 3.0 3.0
4.0 3.0 2.5 2.5
3.5 3.5 3.0 3.5
3.0 2.5 4.5 4.0
3.5 2.0 3.5 2.5
4.0 2.5 3.0 2.5
3.0 1.0 7.0 5.0
4.0 3.0 3.0 3.0
3.5 3.5 4.0 4.5
3.5 1.0 7.0 5.0
3.5 1.5 5.0 3.5
3.5 1.0 6.0 4.0
3.5 2.0 5.0 4.0
4.0 2.0 3.5 2.5
4.0 2.0 5.5 4.5
3.5 2.0 5.0 4.0
3.5 1.0 5.5 3.5
4.0 4.0 1.5 2.5
4.0 4.0 1.0 2.0
4.0 3.5 2.5 3.0
3.0 1.0 7.0 5.0
4.0 2.0 4.0 3.0
4.0 3.0 3.5 3.5
4.0 1.0 4.5 2.5
4.0 1.0 5.0 3.0
3.5 1.5 6.0 4.5
3.0 1.5 5.0 3.5
3.5 2.5 4.5 4.0
3.0 2.5 4.5 4.0
3.5 1.0 5.0 3.0
2.5 2.0 4.5 3.5
4.0 2.0 5.5 4.5
3.5 1.0 5.5 3.5
3.0 1.0 5.5 3.5
4.0 4.5 3.0 4.5
4.0 3.0 3.0 3.0
4.0 1.5 5.0 3.5
3.0 1.0 6.0 4.0
4.0 5.0 1.0 3.0
4.0 4.0 1.5 2.5
3.5 2.5 3.0 2.5
3.0 3.5 4.5 5.0
4.0 3.0 3.0 3.0
4.0 3.0 3.0 3.0
4.0 2.5 3.0 2.5
3.5 3.5 4.5 5.0
3.5 2.0 4.0 3.0
4.0 1.5 4.0 2.5
3.0 1.5 4.5 3.0
3.0 1.0 7.0 5.0
4.0 1.5 5.0 3.5
3.5 3.0 3.0 3.0
4.0 4.0 3.5 4.5
2.5 1.0 7.0 5.0
2.5 1.0 6.5 4.5
4.0 2.0 3.5 2.5
4.0 4.0 1.5 2.5
3.5 1.5 4.5 3.0
4.0 2.0 4.0 3.0
3.5 1.0 6.5 4.5
4.0 1.0 6.0 4.0
3.5 2.5 3.0 2.5
3.5 2.0 5.5 4.5
4.0 2.5 3.5 3.0
4.0 2.0 6.5 5.5
4.0 2.0 3.5 2.5
4.0 3.0 2.0 2.0
3.0 1.0 6.0 4.0
3.5 1.0 7.0 5.0
3.5 2.5 4.0 3.5
4.0 2.5 3.5 3.0
3.5 2.5 3.0 2.5
3.5 2.5 4.0 3.5
3.5 2.5 4.0 3.5
4.0 2.5 4.0 3.5
4.0 2.5 3.5 3.0
3.0 1.0 6.0 4.0
3.5 1.0 6.0 4.0
4.0 2.0 4.0 3.0
4.0 2.0 4.0 3.0
4.0 4.0 2.0 3.0
3.0 2.5 3.5 3.0
3.5 1.0 5.5 3.5
4.0 1.5 4.5 3.0
2.5 1.0 6.0 4.0
4.0 5.0 3.0 5.0
2.5 1.0 7.0 5.0
4.0 2.0 4.0 3.0
4.0 2.0 5.0 4.0
3.0 1.0 6.0 4.0
3.0 3.0 3.5 3.5
4.0 4.5 2.0 3.5
3.0 2.5 3.5 3.0
4.0 3.5 2.5 3.0
3.0 1.0 5.5 3.5
4.0 2.5 4.0 3.5
4.0 2.5 4.5 4.0
3.5 1.5 5.0 3.5
4.0 4.0 2.5 3.5
3.5 1.5 4.0 2.5
3.0 3.0 3.5 3.5
4.0 2.0 4.5 3.5
3.0 1.0 6.0 4.0
2.5 1.0 6.5 4.5
2.5 1.5 5.0 3.5
4.0 2.5 3.0 2.5
4.0 5.0 1.0 3.0
2.5 1.0 7.0 5.0
3.5 1.0 6.5 4.5
3.0 1.5 5.0 3.5
3.5 2.0 4.5 3.5
4.0 2.0 4.0 3.0
3.5 2.0 3.5 2.5
2.0 1.0 7.0 5.0
4.0 2.0 4.0 3.0
3.0 1.0 6.0 4.0
3.0 3.5 4.0 4.5
4.0 3.0 3.0 3.0
4.0 1.0 6.0 4.0
3.5 2.0 5.0 4.0
3.5 1.0 5.0 3.0
3.0 2.5 4.0 3.5
2.5 1.5 5.5 4.0
4.0 4.0 3.5 4.5
4.0 3.0 2.0 2.0
3.0 1.5 5.0 3.5
3.5 1.0 8.0 6.0
4.0 2.0 4.5 3.5
3.5 2.0 4.5 3.5
3.5 2.0 4.5 3.5
2.5 1.0 7.0 5.0
3.5 2.5 3.0 2.5
3.5 3.0 4.5 4.5
3.0 2.0 4.5 3.5
3.5 2.0 4.0 3.0
3.5 3.0 3.0 3.0
4.0 5.0 2.0 4.0
4.0 2.5 4.0 3.5
3.5 1.0 6.0 4.0
3.5 1.5 4.5 3.0
3.0 1.5 5.0 3.5
4.0 3.5 2.0 2.5
2.5 2.0 5.0 4.0
4.0 1.0 6.0 4.0
4.0 4.0 3.0 4.0
4.0 3.0 4.0 4.0
3.0 2.5 3.5 3.0
3.5 2.0 3.5 2.5
4.0 1.5 4.0 2.5
4.0 4.0 2.0 3.0
4.0 1.5 5.0 3.5
3.5 3.5 2.5 3.0
4.0 2.5 3.0 2.5
4.0 2.0 4.5 3.5
3.5 1.5 5.5 4.0
4.0 1.0 5.0 3.0
3.0 1.5 4.5 3.0
3.0 2.0 5.0 4.0
3.5 1.0 7.0 5.0
4.0 3.0 3.0 3.0
3.5 3.0 3.0 3.0
4.0 1.5 4.5 3.0
3.0 1.5 5.5 4.0
1.5 1.0 7.0 5.0
2.5 1.0 6.5 4.5
3.5 1.0 6.5 4.5
4.0 4.0 1.5 2.5
4.0 2.5 3.5 3.0
3.5 3.5 4.5 5.0
3.5 1.5 5.0 3.5
3.5 1.5 6.0 4.5
4.0 2.0 3.0 2.0
4.0 3.0 5.0 5.0
3.0 1.0 7.0 5.0
3.5 1.5 5.5 4.0
4.0 3.0 2.0 2.0
3.5 1.0 5.0 3.0
4.0 3.0 4.5 4.5
4.0 1.0 4.5 2.5
3.0 2.5 4.0 3.5
3.5 3.5 3.0 3.5
4.0 1.5 5.5 4.0
4.0 2.0 4.0 3.0
4.0 2.0 4.5 3.5
3.0 1.0 7.0 5.0
4.0 2.5 3.5 3.0
4.0 1.0 5.5 3.5
4.0 5.5 1.5 4.0
4.0 2.0 5.5 4.5
4.0 3.0 3.0 3.0
4.0 1.5 5.0 3.5
3.0 1.5 5.0 3.5
3.0 1.0 6.5 4.5
2.0 1.0 7.5 5.5
3.5 1.5 5.0 3.5
4.0 5.0 1.5 3.5
4.0 2.0 4.0 3.0
4.0 1.0 7.0 5.0
4.0 3.5 2.0 2.5
4.0 2.0 5.5 4.5
4.0 4.0 1.5 2.5
3.0 1.5 5.5 4.0
4.0 2.0 4.5 3.5
3.5 2.0 5.5 4.5
3.0 4.5 3.5 5.0
3.0 1.0 5.5 3.5
4.0 2.0 5.0 4.0
4.0 4.5 1.0 2.5
2.0 1.0 7.0 5.0
3.5 2.5 3.5 3.0
3.5 2.5 3.5 3.0
2.5 1.0 7.0 5.0
3.0 2.5 3.5 3.0
4.0 1.5 4.0 2.5
4.0 2.5 3.5 3.0
3.5 2.0 4.5 3.5
3.5 1.5 4.5 3.0
4.0 2.5 4.0 3.5
3.5 4.5 3.5 5.0
3.0 2.0 4.5 3.5
3.5 1.5 5.0 3.5
4.0 2.0 5.5 4.5
4.0 1.5 4.5 3.0
4.0 2.5 5.0 4.5
3.0 2.5 4.5 4.0
3.0 1.0 6.5 4.5
3.5 1.0 5.5 3.5
4.0 3.5 1.5 2.0
4.0 3.5 2.0 2.5
3.5 1.5 4.0 2.5
3.0 4.5 4.0 5.5
4.0 3.0 3.0 3.0
4.0 2.5 3.5 3.0
4.0 2.0 5.0 4.0
3.0 3.0 3.5 3.5
4.0 2.5 4.0 3.5
3.5 1.0 6.0 4.0
3.0 1.5 4.5 3.0
3.0 1.5 5.0 3.5
4.0 2.5 3.0 2.5
4.0 3.0 3.0 3.0
4.0 3.0 3.0 3.0
4.0 3.5 2.5 3.0
3.0 1.5 5.5 4.0
4.0 8.0 1.0 6.0
3.0 1.0 6.5 4.5
3.0 2.0 4.0 3.0
4.0 2.0 4.0 3.0
4.0 1.5 5.0 3.5
4.0 3.0 2.0 2.0
4.0 2.5 5.0 4.5
3.5 1.5 4.0 2.5
3.0 4.5 3.5 5.0
3.0 1.5 5.5 4.0
4.0 2.5 2.5 2.0
4.0 2.0 4.0 3.0
4.0 2.0 3.0 2.0
2.5 1.0 6.5 4.5
3.0 2.5 3.5 3.0
3.5 2.0 4.0 3.0
3.5 1.5 5.5 4.0
3.5 1.0 5.0 3.0
4.0 2.0 3.5 2.5
3.5 1.5 5.0 3.5
4.0 3.0 2.0 2.0
4.0 3.0 2.0 2.0
4.0 2.0 5.5 4.5
4.0 2.0 3.5 2.5
3.5 2.0 3.5 2.5
4.0 3.0 4.0 4.0
4.0 3.0 4.0 4.0
4.0 2.5 4.5 4.0
4.0 2.0 5.0 4.0
3.5 1.5 5.0 3.5
4.0 4.5 2.5 4.0
3.0 1.5 5.5 4.0
3.5 2.0 4.5 3.5
2.5 2.0 5.0 4.0
3.0 1.0 5.0 3.0
3.5 1.5 6.0 4.5
4.0 4.5 3.0 4.5
4.0 3.5 3.0 3.5
3.0 2.5 4.0 3.5
3.0 1.5 5.5 4.0
3.5 3.5 3.0 3.5
4.0 4.5 1.5 3.0
3.0 1.0 6.0 4.0
2.5 1.5 5.0 3.5
3.0 2.0 4.0 3.0
4.0 1.5 4.5 3.0
3.5 1.5 5.5 4.0
3.5 1.5 5.0 3.5
4.0 3.5 4.0 4.5
4.0 3.5 1.5 2.0
4.0 2.5 3.5 3.0
3.5 1.0 6.5 4.5
4.0 1.5 5.5 4.0
3.5 2.5 3.0 2.5
4.0 1.5 4.5 3.0
3.0 3.0 3.5 3.5
3.5 4.0 2.5 3.5
3.5 1.0 6.5 4.5
4.0 4.0 3.0 4.0
4.0 2.0 4.0 3.0
3.5 1.5 4.5 3.0
2.5 2.0 4.5 3.5
4.0 3.0 3.5 3.5
4.0 2.0 4.0 3.0
3.5 2.0 5.0 4.0
3.0 1.0 6.0 4.0
4.0 2.0 4.5 3.5
4.0 1.0 6.0 4.0
4.0 2.0 4.5 3.5
4.0 1.5 5.0 3.5
4.0 4.5 2.0 3.5
3.5 1.0 6.0 4.0
3.5 1.5 5.0 3.5
3.5 1.5 5.0 3.5
4.0 2.5 5.0 4.5
4.0 5.5 2.0 4.5
2.5 1.5 6.0 4.5
4.0 2.0 3.5 2.5
2.0 1.0 7.0 5.0
3.5 2.5 3.5 3.0
4.0 2.5 3.5 3.0
3.5 2.5 3.0 2.5
4.0 1.5 4.5 3.0
4.0 5.5 1.5 4.0
3.5 2.5 4.5 4.0
3.5 3.0 3.0 3.0
3.5 2.0 4.5 3.5
3.0 1.0 5.5 3.5
4.0 2.0 4.5 3.5
4.0 1.0 6.0 4.0
4.0 3.5 3.0 3.5
4.0 2.5 4.0 3.5
3.5 4.5 3.0 4.5
3.0 1.0 5.5 3.5
4.0 2.5 4.0 3.5
3.5 1.0 6.0 4.0
3.5 1.5 5.0 3.5
4.0 2.0 4.0 3.0
3.0 2.5 4.5 4.0
3.0 1.5 4.5 3.0
3.5 4.0 4.5 5.5
3.5 2.5 3.0 2.5
4.0 5.0 3.0 5.0
4.0 2.0 4.5 3.5
3.5 2.5 3.0 2.5
3.0 2.0 6.0 5.0
3.0 1.0 6.0 4.0
4.0 3.5 2.0 2.5
2.5 1.5 5.0 3.5
3.5 1.0 6.0 4.0
4.0 2.5 3.0 2.5
2.5 1.0 5.5 3.5
4.0 2.5 3.5 3.0
4.0 4.0 1.5 2.5
2.5 1.0 6.5 4.5
3.5 1.5 5.5 4.0
3.5 1.0 4.5 2.5
4.0 3.0 3.5 3.5
2.5 1.0 6.0 4.0
4.0 1.5 5.5 4.0
4.0 2.5 4.0 3.5
3.0 1.0 7.0 5.0
3.0 1.0 5.0 3.0
3.5 3.0 4.0 4.0
3.5 3.5 3.0 3.5
3.5 1.0 6.0 4.0
3.5 1.0 6.0 4.0
3.5 1.0 5.0 3.0
4.0 2.5 3.0 2.5
4.0 1.5 4.5 3.0
3.5 3.0 3.0 3.0
3.0 1.0 5.5 3.5
4.0 2.0 5.5 4.5
4.0 1.0 6.5 4.5
2.5 1.0 5.5 3.5
2.5 1.0 6.0 4.0
3.5 2.0 5.0 4.0
2.5 1.0 6.5 4.5
4.0 4.5 1.0 2.5
3.0 2.0 4.0 3.0
2.5 1.0 6.5 4.5
3.0 1.5 4.5 3.0
4.0 3.0 3.5 3.5
2.5 1.0 6.0 4.0
3.0 2.5 4.0 3.5
3.5 2.5 3.0 2.5
4.0 2.5 3.5 3.0
4.0 2.5 3.5 3.0
4.0 4.0 2.5 3.5
3.0 1.0 7.0 5.0
4.0 2.5 2.5 2.0
3.5 1.5 5.0 3.5
4.0 2.0 3.5 2.5
2.5 1.5 5.5 4.0
3.5 1.0 5.0 3.0
4.0 2.0 4.0 3.0
4.0 3.0 3.0 3.0
3.5 2.5 3.0 2.5
4.0 1.5 5.0 3.5
4.0 1.5 4.5 3.0
3.5 2.0 4.0 3.0
3.0 1.5 5.5 4.0
4.0 2.0 4.0 3.0
2.5 1.5 5.5 4.0
4.0 2.0 4.0 3.0
3.5 1.5 5.0 3.5
3.0 1.5 5.0 3.5
3.5 1.5 4.5 3.0
4.0 3.5 2.0 2.5
3.5 1.0 5.0 3.0
4.0 2.5 3.5 3.0
3.5 3.0 3.5 3.5
3.5 2.0 4.5 3.5
3.5 2.0 4.0 3.0
2.5 1.0 6.5 4.5
4.0 3.0 3.5 3.5
4.0 2.5 3.5 3.0
2.5 1.0 7.0 5.0
4.0 2.5 4.5 4.0
4.0 2.5 4.5 4.0
2.5 2.0 5.0 4.0
3.5 2.5 3.5 3.0
3.0 2.0 5.0 4.0
4.0 3.0 2.5 2.5
4.0 2.0 5.0 4.0
4.0 3.0 3.0 3.0
4.0 5.5 1.5 4.0
4.0 3.0 2.0 2.0
4.0 2.0 5.5 4.5
4.0 4.5 3.5 5.0
4.0 4.0 2.5 3.5
3.5 1.5 5.0 3.5
3.5 2.0 4.0 3.0
4.0 1.0 5.5 3.5
3.0 2.0 4.5 3.5
3.0 1.5 5.5 4.0
3.5 4.0 3.0 4.0
3.5 2.0 4.5 3.5
4.0 1.0 5.5 3.5
3.5 1.0 6.0 4.0
4.0 1.0 7.0 5.0
4.0 2.0 4.0 3.0
4.0 2.5 3.0 2.5
4.0 3.0 3.5 3.5
3.0 1.0 7.0 5.0
3.5 2.0 4.0 3.0
4.0 2.0 5.5 4.5
3.5 1.0 6.5 4.5
3.5 3.0 3.0 3.0
4.0 3.5 3.0 3.5
4.0 2.0 5.0 4.0
4.0 1.0 6.5 4.5
4.0 1.0 6.0 4.0
4.0 1.5 5.0 3.5
4.0 1.5 5.0 3.5
3.0 3.5 3.5 4.0
3.5 3.0 3.0 3.0
4.0 1.0 6.5 4.5
3.5 2.5 3.0 2.5
3.5 1.0 6.0 4.0
3.5 1.5 4.0 2.5
3.0 1.0 5.5 3.5
3.0 1.5 5.0 3.5
3.0 2.0 4.5 3.5
4.0 1.0 6.5 4.5
3.0 1.0 7.0 5.0
4.0 1.0 5.0 3.0
2.5 2.0 6.0 5.0
3.5 1.5 5.0 3.5
4.0 2.5 5.0 4.5
4.0 3.5 3.0 3.5
4.0 3.5 3.0 3.5
3.5 1.0 5.5 3.5
3.5 1.5 5.0 3.5
3.5 3.5 3.0 3.5
3.0 1.0 7.5 5.5
3.5 2.0 4.5 3.5
3.0 1.0 5.0 3.0
4.0 7.5 1.0 5.5
3.5 2.0 5.0 4.0
4.0 3.0 2.0 2.0
3.5 2.0 4.5 3.5
3.0 1.0 6.5 4.5
4.0 5.5 2.5 5.0
4.0 3.5 2.5 3.0
3.5 2.5 3.0 2.5
4.0 1.5 4.5 3.0
4.0 2.5 4.0 3.5
4.0 3.0 3.5 3.5
3.5 2.5 3.0 2.5
4.0 1.5 5.0 3.5
4.0 2.5 3.5 3.0
2.5 1.5 5.0 3.5
3.0 2.0 5.0 4.0
4.0 2.5 3.0 2.5
3.5 4.5 2.5 4.0
4.0 3.5 3.0 3.5
4.0 4.5 1.5 3.0
3.5 1.0 5.5 3.5
4.0 2.0 3.0 2.0
4.0 2.0 3.0 2.0
3.5 4.5 2.5 4.0
4.0 5.0 1.0 3.0
3.5 1.5 4.0 2.5
4.0 3.0 3.0 3.0
4.0 2.5 3.5 3.0
3.5 2.5 3.5 3.0
4.0 1.0 6.0 4.0
3.5 1.5 4.0 2.5
4.0 3.0 3.0 3.0
4.0 4.5 3.0 4.5
3.5 1.5 4.5 3.0
3.5 1.0 5.5 3.5
1.0 1.0 7.0 5.0
4.0 2.5 3.5 3.0
2.5 1.0 6.0 4.0
3.5 2.0 4.0 3.0
3.0 1.0 7.0 5.0
4.0 4.5 3.0 4.5
4.0 2.5 3.0 2.5
2.5 1.0 5.5 3.5
4.0 3.5 2.0 2.5
3.0 1.0 6.0 4.0
4.0 4.5 2.5 4.0
3.5 2.5 4.5 4.0
4.0 1.5 4.5 3.0
4.0 1.5 6.0 4.5
4.0 5.0 1.0 3.0
3.0 2.0 5.5 4.5
3.0 1.0 6.5 4.5
3.0 1.5 5.0 3.5
3.0 2.5 4.0 3.5
4.0 2.0 4.0 3.0
4.0 2.0 3.0 2.0
4.0 3.0 2.5 2.5
3.5 2.0 5.0 4.0
4.0 3.0 2.5 2.5
3.5 1.0 5.5 3.5
4.0 2.0 4.0 3.0
3.5 1.0 6.0 4.0
3.0 1.5 4.5 3.0
3.0 3.0 3.5 3.5
3.0 3.5 4.0 4.5
4.0 2.0 4.5 3.5
3.5 1.5 5.5 4.0
4.0 1.0 5.5 3.5
4.0 3.0 3.5 3.5
2.0 1.5 6.0 4.5
4.0 1.5 6.0 4.5
4.0 4.5 2.0 3.5
3.5 3.0 3.5 3.5
4.0 1.5 6.0 4.5
4.0 2.5 3.0 2.5
3.0 2.0 5.0 4.0
3.5 2.0 3.5 2.5
4.0 3.0 2.5 2.5
4.0 5.0 1.5 3.5
3.5 1.0 5.5 3.5
3.0 1.5 4.5 3.0
4.0 4.0 2.0 3.0
2.5 3.0 4.5 4.5
3.0 1.5 5.0 3.5
4.0 1.5 4.5 3.0
4.0 2.0 4.0 3.0
3.5 1.0 6.0 4.0
4.0 2.5 3.5 3.0
4.0 3.0 3.5 3.5
3.5 1.0 6.5 4.5
3.0 1.5 4.5 3.0
3.0 1.0 7.0 5.0
3.0 4.5 4.5 6.0
4.0 3.5 3.0 3.5
4.0 2.0 5.0 4.0
4.0 2.0 3.5 2.5
4.0 1.0 6.5 4.5
3.5 1.0 6.0 4.0
3.5 2.5 4.0 3.5
4.0 4.0 1.5 2.5
3.5 2.5 3.0 2.5
3.0 1.0 6.5 4.5
3.0 1.5 4.5 3.0
4.0 3.5 2.5 3.0
4.0 1.0 7.5 5.5
4.0 1.0 5.0 3.0
3.5 1.0 5.0 3.0
3.0 1.5 5.0 3.5
3.5 3.0 3.5 3.5
4.0 4.0 1.0 2.0
4.0 3.5 3.0 3.5
4.0 3.0 3.0 3.0
4.0 4.0 1.5 2.5
3.0 1.0 6.0 4.0
4.0 4.5 1.5 3.0
3.5 1.5 4.5 3.0
4.0 1.0 6.0 4.0
3.5 2.0 4.0 3.0
4.0 3.0 2.0 2.0
4.0 2.0 3.5 2.5
4.0 2.0 4.0 3.0
4.0 2.0 4.5 3.5
4.0 2.5 3.0 2.5
3.5 1.0 5.0 3.0
4.0 1.0 6.0 4.0
3.0 1.0 6.0 4.0
3.5 2.0 3.5 2.5
3.5 1.5 5.5 4.0
3.5 1.5 4.5 3.0
4.0 3.0 4.5 4.5
4.0 4.0 1.5 2.5
3.5 1.5 4.5 3.0
3.5 2.5 4.0 3.5
4.0 1.0 6.0 4.0
3.0 1.0 5.0 3.0
4.0 2.5 3.0 2.5
4.0 3.5 1.5 2.0
4.0 6.5 1.0 4.5
3.0 3.5 4.0 4.5
3.0 1.0 6.0 4.0
4.0 1.5 5.0 3.5
3.5 2.5 3.5 3.0
3.0 1.5 5.5 4.0
3.0 1.5 6.0 4.5
3.5 2.0 4.0 3.0
3.5 1.5 5.0 3.5
4.0 1.0 5.0 3.0
4.0 1.5 5.5 4.0
2.5 2.0 4.5 3.5
4.0 3.5 3.5 4.0
4.0 5.0 1.0 3.0
4.0 2.0 4.0 3.0
4.0 3.5 2.0 2.5
2.5 1.0 6.0 4.0
4.0 5.5 1.5 4.0
2.0 1.0 6.5 4.5
4.0 2.5 3.0 2.5
4.0 2.0 5.5 4.5
4.0 3.5 2.5 3.0
3.5 1.0 4.5 2.5
4.0 3.0 3.0 3.0
2.5 1.0 6.0 4.0
4.0 2.5 3.0 2.5
3.0 2.5 4.5 4.0
4.0 3.0 4.5 4.5
3.5 2.0 4.5 3.5
3.5 1.5 5.0 3.5
3.5 3.5 3.5 4.0
4.0 2.0 3.5 2.5
4.0 4.0 1.5 2.5
3.5 1.0 5.5 3.5
4.0 2.0 4.0 3.0
3.5 2.5 3.0 2.5
3.5 3.0 2.5 2.5
4.0 2.0 3.5 2.5
3.5 1.5 4.5 3.0
4.0 3.5 3.0 3.5
3.0 1.0 6.0 4.0
3.5 1.5 4.0 2.5
3.0 1.0 6.0 4.0
4.0 3.0 3.5 3.5
3.0 1.0 5.0 3.0
4.0 3.0 3.5 3.5
4.0 1.5 5.0 3.5
4.0 3.5 1.5 2.0
3.0 1.0 6.5 4.5
4.0 6.0 1.0 4.0
4.0 4.0 2.5 3.5
4.0 2.0 4.5 3.5
4.0 1.5 5.0 3.5
4.0 3.5 2.5 3.0
3.5 2.0 4.0 3.0
3.5 1.0 6.0 4.0
1.5 1.0 6.5 4.5
4.0 2.0 5.0 4.0
3.5 1.0 6.5 4.5
3.5 1.0 5.0 3.0
4.0 1.0 5.0 3.0
4.0 1.0 5.0 3.0
2.5 1.5 5.0 3.5
4.0 4.0 3.0 4.0
3.0 2.5 4.0 3.5
3.0 1.0 7.0 5.0
3.0 1.0 6.0 4.0
3.0 1.0 6.5 4.5
3.5 1.0 5.5 3.5
4.0 4.0 3.0 4.0
3.5 1.5 4.5 3.0
3.5 1.0 7.0 5.0
4.0 1.5 5.0 3.5
4.0 2.0 5.0 4.0
3.5 1.5 4.5 3.0
3.5 2.5 3.5 3.0
3.5 1.5 5.0 3.5
3.5 2.5 3.0 2.5
4.0 2.0 3.5 2.5
2.5 1.5 5.0 3.5
3.0 2.0 5.5 4.5
2.5 1.0 6.5 4.5
4.0 4.5 1.0 2.5
4.0 1.0 6.0 4.0
4.0 1.5 5.0 3.5
4.0 4.0 3.5 4.5
4.0 2.5 3.0 2.5
4.0 1.5 4.5 3.0
4.0 3.0 4.0 4.0
3.5 2.5 3.5 3.0
4.0 4.0 3.0 4.0
3.5 1.0 5.0 3.0
4.0 2.0 4.0 3.0
2.5 1.0 6.5 4.5
4.0 3.5 2.0 2.5
3.5 3.0 4.0 4.0
3.0 1.0 6.0 4.0
4.0 1.5 6.0 4.5
4.0 4.0 4.0 5.0
4.0 1.5 4.5 3.0
2.5 1.0 5.5 3.5
3.5 2.0 5.5 4.5
2.5 1.0 6.0 4.0
3.0 1.5 5.0 3.5
3.5 3.0 3.0 3.0
4.0 3.0 3.0 3.0
4.0 2.5 4.0 3.5
4.0 2.0 4.5 3.5
4.0 5.0 1.5 3.5
4.0 2.5 3.0 2.5
3.0 1.5 5.0 3.5
3.0 2.0 4.5 3.5
4.0 4.0 2.0 3.0
3.5 3.0 3.0 3.0
3.5 1.0 5.0 3.0
4.0 3.0 3.5 3.5
3.0 2.0 5.5 4.5
3.5 3.0 4.5 4.5
4.0 1.0 6.0 4.0
3.0 1.5 5.0 3.5
4.0 4.0 2.0 3.0
4.0 4.0 2.0 3.0
4.0 2.5 3.5 3.0
4.0 4.5 3.0 4.5
3.5 1.5 4.5 3.0
1.5 1.0 7.0 5.0
4.0 2.0 5.5 4.5
4.0 3.0 3.5 3.5
3.0 1.0 7.0 5.0
2.0 1.0 6.0 4.0
3.5 3.5 2.5 3.0
4.0 5.0 3.0 5.0
4.0 1.5 5.0 3.5
3.0 1.5 5.5 4.0
3.0 2.0 6.5 5.5
2.0 1.0 7.5 5.5
3.5 3.5 3.5 4.0
4.0 2.5 3.0 2.5
4.0 3.5 3.0 3.5
3.0 1.5 5.0 3.5
3.0 2.0 6.0 5.0
4.0 3.5 4.5 5.0
4.0 2.0 6.0 5.0
3.5 2.5 3.0 2.5
3.5 1.5 4.5 3.0
3.5 1.0 5.5 3.5
3.5 3.0 3.5 3.5
4.0 4.5 1.0 2.5
1.5 1.0 7.5 5.5
4.0 1.5 5.5 4.0
4.0 2.5 3.5 3.0
3.0 3.0 4.0 4.0
3.0 3.5 4.5 5.0
2.5 1.0 7.5 5.5
2.5 1.0 5.5 3.5
4.0 3.5 2.0 2.5
3.0 1.0 6.0 4.0
4.0 1.5 5.0 3.5
4.0 1.5 5.0 3.5
4.0 2.0 3.5 2.5
4.0 4.5 3.0 4.5
3.5 1.0 5.0 3.0
3.0 2.5 4.5 4.0
4.0 1.0 7.0 5.0
3.5 1.5 5.0 3.5
3.0 1.0 5.5 3.5
3.0 1.0 5.5 3.5
3.5 1.5 5.0 3.5
3.5 2.5 4.5 4.0
3.0 1.5 5.0 3.5
3.5 1.5 5.5 4.0
4.0 1.5 5.0 3.5
4.0 3.0 2.0 2.0
4.0 2.0 5.0 4.0
2.5 1.0 6.5 4.5
4.0 2.0 4.5 3.5
4.0 1.5 5.5 4.0
3.5 4.5 2.5 4.0
4.0 2.0 4.0 3.0
4.0 2.0 3.5 2.5
4.0 2.5 3.0 2.5
4.0 1.5 5.0 3.5
4.0 1.5 5.0 3.5
3.5 1.5 5.0 3.5
4.0 3.0 3.5 3.5
4.0 2.0 4.0 3.0
3.0 1.5 5.0 3.5
3.5 1.0 5.5 3.5
3.5 1.0 6.0 4.0
2.5 3.0 4.5 4.5
3.5 1.5 6.5 5.0
4.0 1.5 5.5 4.0
2.5 1.5 5.0 3.5
4.0 3.0 2.0 2.0
3.5 2.5 4.0 3.5
4.0 1.0 7.5 5.5
4.0 1.5 4.5 3.0
3.0 2.0 4.5 3.5
2.5 1.0 5.5 3.5
4.0 1.5 5.5 4.0
4.0 2.0 3.5 2.5
4.0 2.0 4.0 3.0
3.0 1.5 5.0 3.5
4.0 1.5 5.0 3.5
4.0 1.0 6.0 4.0
3.5 1.5 4.5 3.0
3.0 2.0 5.0 4.0
4.0 2.5 3.0 2.5
4.0 3.5 2.0 2.5
3.5 1.5 4.0 2.5
4.0 2.0 4.0 3.0
3.5 1.0 5.5 3.5
3.5 1.5 5.5 4.0
3.5 3.5 3.5 4.0
4.0 1.0 6.0 4.0
3.0 1.5 5.0 3.5
3.5 1.5 4.5 3.0
4.0 3.0 2.5 2.5
4.0 2.0 4.5 3.5
3.5 3.0 3.0 3.0
3.5 1.0 7.0 5.0
3.0 4.5 3.5 5.0
4.0 2.0 4.5 3.5
4.0 2.5 3.0 2.5
3.5 2.0 4.5 3.5
4.0 3.0 4.0 4.0
4.0 1.5 5.0 3.5
4.0 4.0 2.0 3.0
3.0 2.0 5.0 4.0
3.0 1.0 5.5 3.5
4.0 1.5 4.5 3.0
4.0 2.0 4.0 3.0
3.5 2.0 3.5 2.5
4.0 1.0 5.0 3.0
3.0 3.0 4.5 4.5
3.5 4.5 3.0 4.5
4.0 4.0 1.5 2.5
3.0 1.0 6.0 4.0
4.0 3.0 4.0 4.0
3.5 2.0 5.5 4.5
2.5 3.5 4.0 4.5
3.0 2.0 6.0 5.0
3.5 2.0 3.5 2.5
4.0 2.5 3.0 2.5
3.5 1.0 6.0 4.0
3.5 1.5 5.5 4.0
3.5 1.0 7.0 5.0
4.0 2.5 3.5 3.0
3.5 4.5 3.0 4.5
3.5 1.0 5.0 3.0
4.0 2.5 2.5 2.0
4.0 2.5 4.5 4.0
3.0 1.5 5.0 3.5
2.5 3.0 4.0 4.0
4.0 4.0 2.0 3.0
3.5 1.0 6.0 4.0
3.5 1.5 4.0 2.5
3.0 1.5 5.0 3.5
3.5 1.5 5.5 4.0
4.0 2.0 4.0 3.0
3.5 1.0 6.5 4.5
4.0 2.5 4.0 3.5
4.0 1.5 4.5 3.0
4.0 3.5 2.0 2.5
3.5 1.5 4.5 3.0
4.0 3.5 2.0 2.5
4.0 2.5 3.5 3.0
4.0 1.5 5.5 4.0
3.5 2.0 4.0 3.0
3.5 2.0 4.5 3.5
3.0 1.5 5.0 3.5
4.0 3.0 3.0 3.0
4.0 5.0 3.0 5.0
4.0 1.0 6.5 4.5
3.0 1.0 6.0 4.0
3.5 1.5 4.5 3.0
4.0 1.5 4.5 3.0
4.0 2.0 5.0 4.0
3.5 3.0 2.5 2.5
4.0 3.0 3.5 3.5
3.0 2.0 5.0 4.0
3.5 2.0 4.0 3.0
3.5 3.0 3.5 3.5
2.5 1.0 6.0 4.0
3.0 1.0 6.0 4.0
4.0 2.5 2.5 2.0
3.5 4.0 3.0 4.0
3.0 1.0 6.5 4.5
4.0 1.0 6.0 4.0
1.5 1.0 7.5 5.5
4.0 1.0 5.5 3.5
4.0 4.0 2.0 3.0
4.0 1.5 4.5 3.0
3.5 1.5 4.5 3.0
4.0 1.5 4.0 2.5
4.0 2.0 4.0 3.0
3.5 2.0 3.5 2.5
2.5 2.5 4.5 4.0
4.0 2.0 4.5 3.5
3.0 4.0 4.0 5.0
2.0 1.0 7.5 5.5
4.0 1.5 5.5 4.0
4.0 4.0 1.5 2.5
3.5 1.0 7.5 5.5
3.5 2.0 3.5 2.5
4.0 2.5 4.5 4.0
3.5 1.5 5.0 3.5
4.0 2.5 2.5 2.0
4.0 3.0 3.0 3.0
3.0 2.0 6.0 5.0
3.5 2.0 3.5 2.5
4.0 1.5 5.0 3.5
4.0 2.5 3.5 3.0
3.5 4.5 3.5 5.0
3.5 1.5 5.0 3.5
3.5 1.0 7.5 5.5
4.0 4.5 1.0 2.5
4.0 2.0 3.0 2.0
4.0 2.0 3.5 2.5
4.0 1.5 5.0 3.5
3.0 2.0 4.0 3.0
3.5 1.0 5.5 3.5
3.0 1.0 6.0 4.0
3.5 1.5 5.0 3.5
3.5 1.0 5.5 3.5
3.5 1.0 4.5 2.5
4.0 2.5 4.0 3.5
3.5 1.0 5.5 3.5
3.5 2.5 3.0 2.5
3.5 1.0 7.0 5.0
4.0 1.0 6.0 4.0
4.0 3.0 2.0 2.0
3.5 1.0 6.0 4.0
4.0 2.5 3.0 2.5
4.0 2.5 4.0 3.5
3.0 1.0 6.5 4.5
3.5 2.5 3.0 2.5
4.0 1.0 6.0 4.0
3.0 1.5 4.5 3.0
4.0 3.0 3.0 3.0
3.0 2.0 4.5 3.5
4.0 1.5 5.5 4.0
3.5 1.5 5.0 3.5
4.0 4.5 1.0 2.5
3.5 2.5 3.0 2.5
3.0 1.0 6.0 4.0
4.0 3.0 3.0 3.0
4.0 2.0 3.5 2.5
4.0 2.0 4.0 3.0
4.0 2.0 4.5 3.5
3.5 2.0 5.0 4.0
3.5 2.5 4.5 4.0
2.5 1.0 6.5 4.5
3.5 1.5 4.5 3.0
2.5 4.0 4.0 5.0
3.5 2.0 5.0 4.0
2.5 2.0 5.0 4.0
3.0 1.5 5.0 3.5
3.5 2.0 3.5 2.5
4.0 4.0 3.0 4.0
3.5 1.5 5.0 3.5
3.5 2.0 4.0 3.0
2.5 1.0 6.5 4.5
3.5 2.0 3.5 2.5
3.5 2.5 4.5 4.0
3.5 1.5 5.0 3.5
4.0 3.5 2.0 2.5
4.0 3.5 2.0 2.5
4.0 2.5 3.5 3.0
3.5 1.5 6.0 4.5
4.0 4.5 3.5 5.0
4.0 4.0 2.0 3.0
2.5 3.0 4.0 4.0
3.0 1.0 5.5 3.5
3.0 1.0 6.0 4.0
4.0 1.5 4.5 3.0
3.5 3.5 2.5 3.0
4.0 2.5 3.0 2.5
4.0 2.5 5.0 4.5
4.0 2.5 4.0 3.5
4.0 2.0 5.0 4.0
4.0 2.0 3.5 2.5
3.5 1.0 6.5 4.5
3.5 1.5 4.5 3.0
4.0 3.0 2.0 2.0
4.0 1.5 6.5 5.0
3.5 1.5 4.0 2.5
3.0 1.5 6.0 4.5
4.0 1.5 4.0 2.5
2.5 1.5 5.5 4.0
4.0 3.0 4.0 4.0
4.0 3.5 3.0 3.5
3.0 2.5 4.5 4.0
4.0 2.5 3.0 2.5
4.0 4.5 1.5 3.0
3.5 2.0 5.5 4.5
4.0 2.0 4.5 3.5
3.5 3.5 2.5 3.0
3.5 1.0 6.5 4.5
2.5 1.0 6.5 4.5
4.0 1.5 4.5 3.0
3.5 1.5 5.0 3.5
3.5 3.0 3.0 3.0
3.0 2.0 5.5 4.5
4.0 3.0 2.5 2.5
4.0 1.5 4.5 3.0
4.0 4.0 1.5 2.5
3.0 1.0 6.0 4.0
4.0 2.0 4.0 3.0
4.0 3.5 1.5 2.0
3.0 1.0 5.5 3.5
2.5 3.5 4.5 5.0
3.0 2.0 4.0 3.0
4.0 2.0 4.0 3.0
2.0 1.0 7.0 5.0
4.0 1.5 4.0 2.5
4.0 3.5 3.5 4.0
2.0 1.0 7.0 5.0
4.0 1.5 5.0 3.5
4.0 2.0 5.0 4.0
3.0 1.5 6.0 4.5
4.0 2.5 3.5 3.0
3.0 1.5 6.0 4.5
3.0 1.5 5.0 3.5
3.5 1.5 4.0 2.5
4.0 1.5 4.5 3.0
4.0 2.0 3.5 2.5
3.5 3.0 3.5 3.5
3.0 2.5 3.5 3.0
2.5 1.0 7.0 5.0
4.0 3.0 3.5 3.5
3.0 2.0 5.5 4.5
4.0 2.0 4.5 3.5
4.0 3.0 2.5 2.5
4.0 3.0 4.0 4.0
3.5 1.5 5.5 4.0
4.0 4.0 2.0 3.0
4.0 1.5 5.0 3.5
3.5 2.0 3.5 2.5
3.5 2.0 4.0 3.0
3.0 3.0 3.5 3.5
4.0 1.0 5.5 3.5
4.0 3.5 2.5 3.0
3.0 1.5 6.5 5.0
3.5 2.0 5.0 4.0
4.0 2.5 3.5 3.0
3.5 3.0 2.5 2.5
2.5 2.0 5.0 4.0
3.0 1.0 6.5 4.5
3.5 1.0 4.5 2.5
3.5 1.5 5.5 4.0
3.0 1.0 5.0 3.0
4.0 2.5 3.0 2.5
4.0 2.5 2.5 2.0
4.0 4.0 2.0 3.0
3.0 1.5 5.0 3.5
4.0 1.5 4.0 2.5
3.5 1.5 6.0 4.5
4.0 2.0 5.5 4.5
4.0 1.0 5.0 3.0
2.5 2.0 5.0 4.0
3.5 1.0 5.5 3.5
3.5 1.5 4.5 3.0
3.5 1.5 5.5 4.0
3.5 3.0 3.0 3.0
3.5 1.0 6.5 4.5
3.0 2.5 4.0 3.5
4.0 1.5 6.0 4.5
3.0 1.0 7.0 5.0
3.5 1.5 4.0 2.5
3.5 2.5 3.5 3.0
3.5 2.5 4.5 4.0
2.5 3.0 4.5 4.5
4.0 3.5 1.5 2.0
3.5 1.5 5.0 3.5
4.0 2.0 5.5 4.5
3.0 1.0 5.5 3.5
4.0 2.0 4.5 3.5
4.0 2.0 5.0 4.0
3.5 1.5 4.5 3.0
4.0 2.0 4.0 3.0
4.0 2.5 5.0 4.5
3.5 2.0 5.5 4.5
4.0 1.5 6.0 4.5
3.0 1.0 6.0 4.0
4.0 2.5 4.0 3.5
3.0 2.0 5.5 4.5
4.0 3.0 3.0 3.0
3.5 1.5 4.5 3.0
3.5 2.5 3.0 2.5
4.0 2.0 5.0 4.0
4.0 2.5 4.5 4.0
3.0 2.0 4.0 3.0
3.5 1.0 5.5 3.5
3.0 1.5 5.0 3.5
4.0 3.0 4.5 4.5
3.0 1.5 4.5 3.0
3.5 1.0 4.5 2.5
4.0 3.5 2.0 2.5
3.0 1.0 5.0 3.0
4.0 4.5 2.0 3.5
4.0 3.0 2.5 2.5
3.5 3.0 3.5 3.5
4.0 2.5 3.5 3.0
3.5 2.5 3.5 3.0
3.0 1.0 7.5 5.5
3.5 4.0 3.5 4.5
3.5 2.0 3.5 2.5
4.0 5.0 1.0 3.0
4.0 4.0 3.5 4.5
3.5 2.5 3.5 3.0
2.5 1.5 6.0 4.5
2.5 1.0 6.5 4.5
4.0 5.0 1.5 3.5
3.5 2.5 3.5 3.0
3.5 1.5 4.5 3.0
2.5 1.0 5.5 3.5
4.0 4.5 1.0 2.5
4.0 2.0 4.5 3.5
4.0 3.0 4.0 4.0
4.0 3.0 3.0 3.0
3.5 2.0 4.0 3.0
4.0 2.0 4.5 3.5
4.0 2.0 3.5 2.5
4.0 1.0 5.5 3.5
3.5 1.5 4.0 2.5
4.0 3.5 3.0 3.5
4.0 2.0 3.0 2.0
2.5 1.0 6.0 4.0
3.5 4.5 3.5 5.0
4.0 3.0 3.5 3.5
3.5 2.0 4.0 3.0
3.5 2.0 5.0 4.0
3.0 1.5 4.5 3.0
3.5 1.5 4.0 2.5
3.0 2.0 4.5 3.5
3.5 3.5 4.0 4.5
3.5 1.0 6.0 4.0
3.5 2.0 5.0 4.0
4.0 1.5 5.5 4.0
4.0 4.5 3.0 4.5
3.0 2.0 5.5 4.5
4.0 1.0 5.5 3.5
3.0 1.5 6.0 4.5
4.0 2.0 5.0 4.0
3.0 1.5 6.0 4.5
4.0 1.0 5.0 3.0
4.0 2.0 4.5 3.5
3.5 1.0 8.0 6.0
4.0 3.0 3.5 3.5
4.0 4.0 1.5 2.5
3.5 2.0 5.0 4.0
4.0 4.5 3.0 4.5
4.0 3.0 2.5 2.5
3.5 1.5 5.0 3.5
4.0 3.5 2.0 2.5
4.0 2.5 3.0 2.5
2.5 1.0 6.0 4.0
2.5 2.5 4.5 4.0
4.0 1.5 4.5 3.0
4.0 4.0 2.0 3.0
3.5 3.0 3.5 3.5
3.5 1.5 4.5 3.0
3.5 2.0 5.5 4.5
3.0 3.0 4.5 4.5
4.0 4.5 2.0 3.5
3.5 2.5 4.0 3.5
3.5 2.0 4.0 3.0
3.5 1.5 4.5 3.0
4.0 4.5 2.0 3.5
3.5 2.5 3.5 3.0
2.0 1.0 6.5 4.5
4.0 5.0 2.5 4.5
3.5 3.5 4.0 4.5
3.5 1.0 5.5 3.5
3.0 1.0 6.0 4.0
3.0 2.0 6.5 5.5
3.0 1.5 5.0 3.5
3.5 2.0 4.0 3.0
3.5 2.0 4.0 3.0
4.0 4.0 1.0 2.0
4.0 4.0 2.5 3.5
3.5 3.0 3.5 3.5
4.0 2.5 4.0 3.5
4.0 1.5 5.0 3.5
4.0 4.5 2.0 3.5
4.0 1.5 5.5 4.0
4.0 3.0 3.0 3.0
3.5 2.5 4.5 4.0
4.0 3.5 3.5 4.0
4.0 2.0 5.5 4.5
4.0 4.5 1.0 2.5
4.0 2.0 6.5 5.5
4.0 4.0 2.5 3.5
3.0 1.0 6.0 4.0
4.0 4.0 2.5 3.5
3.5 1.5 4.5 3.0
3.0 1.0 7.5 5.5
3.0 1.0 6.0 4.0
4.0 1.5 5.0 3.5
4.0 4.5 1.5 3.0
3.5 1.0 7.0 5.0
3.5 2.5 4.0 3.5
3.5 2.5 3.5 3.0
3.5 1.0 7.5 5.5
4.0 4.5 2.5 4.0
4.0 6.0 1.0 4.0
2.5 1.0 6.0 4.0
3.5 3.0 3.5 3.5
3.0 2.0 4.5 3.5
3.5 3.0 3.5 3.5
4.0 2.0 3.5 2.5
4.0 3.0 2.0 2.0
3.0 1.0 5.5 3.5
4.0 2.5 3.5 3.0
4.0 3.0 2.5 2.5
2.5 1.5 5.5 4.0
3.5 1.5 5.0 3.5
4.0 3.0 2.5 2.5
4.0 2.0 4.5 3.5
3.0 1.0 6.0 4.0
3.0 1.0 6.0 4.0
2.5 1.0 6.0 4.0
4.0 4.5 1.0 2.5
3.0 1.0 6.5 4.5
3.0 1.5 5.0 3.5
2.5 1.5 5.0 3.5
3.5 1.5 4.5 3.0
3.0 1.5 4.5 3.0
3.0 1.0 7.0 5.0
4.0 3.5 3.0 3.5
3.5 1.5 4.5 3.0
4.0 2.0 5.5 4.5
2.0 1.0 6.0 4.0
4.0 3.5 2.5 3.0
3.5 1.5 4.0 2.5
4.0 3.0 3.5 3.5
1.5 1.0 7.0 5.0
3.5 1.0 6.0 4.0
3.0 1.5 5.5 4.0
4.0 2.5 4.5 4.0
3.0 2.0 5.0 4.0
2.0 1.0 7.0 5.0
3.5 2.0 4.0 3.0
3.0 1.0 6.0 4.0
3.5 3.5 3.5 4.0
4.0 2.0 4.0 3.0
3.5 1.0 7.0 5.0
3.5 4.0 4.5 5.5
3.0 2.5 3.5 3.0
3.0 1.0 6.0 4.0
3.0 1.5 4.5 3.0
4.0 1.5 4.0 2.5
3.5 1.0 6.0 4.0
3.5 1.5 4.5 3.0
3.5 2.0 3.5 2.5
3.5 1.5 5.5 4.0
4.0 2.0 4.0 3.0
2.0 1.0 6.5 4.5
3.5 1.0 5.0 3.0
2.5 1.0 6.5 4.5
3.5 1.5 5.0 3.5
4.0 4.0 2.0 3.0
4.0 2.0 4.5 3.5
4.0 3.0 3.0 3.0
3.0 1.5 5.5 4.0
3.0 3.5 4.5 5.0
2.5 1.0 6.0 4.0
3.5 1.0 5.5 3.5
4.0 1.0 5.5 3.5
3.0 1.5 4.5 3.0
4.0 4.0 1.5 2.5
3.5 1.0 5.0 3.0
3.0 1.5 4.5 3.0
3.0 3.5 4.5 5.0
4.0 2.5 4.0 3.5
4.0 5.0 2.5 4.5
4.0 4.5 2.5 4.0
3.5 2.5 4.5 4.0
3.0 1.0 7.0 5.0
4.0 1.0 5.5 3.5
4.0 4.5 2.0 3.5
2.5 1.5 6.0 4.5
3.5 2.0 5.5 4.5
4.0 2.0 3.5 2.5
4.0 2.5 3.5 3.0
3.5 1.5 5.5 4.0
4.0 3.0 3.5 3.5
4.0 1.0 5.5 3.5
3.5 2.5 4.0 3.5
3.5 2.5 3.0 2.5
3.5 2.0 3.5 2.5
4.0 4.5 1.0 2.5
4.0 2.0 4.0 3.0
3.5 2.0 4.0 3.0
4.0 2.5 3.5 3.0
4.0 2.0 4.0 3.0
3.5 2.0 5.0 4.0
3.5 3.5 4.0 4.5
4.0 2.5 3.0 2.5
4.0 2.0 4.5 3.5
4.0 2.0 4.5 3.5
4.0 1.5 4.5 3.0
2.5 1.0 6.5 4.5
4.0 1.5 4.5 3.0
3.0 1.5 5.0 3.5
3.5 2.0 3.5 2.5
3.5 3.0 2.5 2.5
4.0 3.5 2.5 3.0
3.0 2.0 6.0 5.0
3.0 1.5 4.5 3.0
2.5 2.0 5.0 4.0
4.0 2.0 4.5 3.5
3.5 1.5 5.0 3.5
2.5 1.5 6.0 4.5
3.5 2.0 5.0 4.0
4.0 4.0 2.0 3.0
4.0 1.5 4.0 2.5
4.0 4.5 1.0 2.5
4.0 2.0 5.0 4.0
3.5 1.5 4.5 3.0
4.0 3.0 2.0 2.0
4.0 2.5 2.5 2.0
3.0 1.5 5.0 3.5
3.5 2.5 3.5 3.0
3.0 2.5 4.0 3.5
3.5 1.0 5.5 3.5
3.5 2.0 5.5 4.5
4.0 2.0 3.5 2.5
3.5 1.0 6.0 4.0
4.0 2.5 4.0 3.5
4.0 4.5 4.5 6.0
4.0 2.0 4.5 3.5
4.0 2.5 3.0 2.5
4.0 2.5 3.5 3.0
3.5 1.5 5.0 3.5
4.0 2.0 3.0 2.0
4.0 2.0 4.5 3.5
3.0 1.0 5.0 3.0
4.0 3.5 4.0 4.5
4.0 4.5 2.0 3.5
3.5 2.0 5.0 4.0
2.5 1.5 5.5 4.0
3.5 2.0 5.0 4.0
3.5 1.5 5.5 4.0
3.0 1.5 5.5 4.0
3.5 2.0 3.5 2.5
2.0 1.0 6.5 4.5
3.5 2.0 4.0 3.0
3.5 1.0 5.0 3.0
1.5 1.0 7.0 5.0
2.0 1.0 7.0 5.0
3.0 1.0 5.5 3.5
4.0 2.0 5.0 4.0
3.5 1.0 7.0 5.0
3.5 2.5 4.5 4.0
3.5 2.0 4.0 3.0
3.5 1.5 5.5 4.0
3.5 2.0 4.0 3.0
3.0 2.0 5.0 4.0
3.5 1.0 5.5 3.5
4.0 1.0 5.5 3.5
4.0 2.5 3.0 2.5
4.0 4.0 1.5 2.5
4.0 6.5 1.0 4.5
3.5 2.5 4.0 3.5
4.0 4.5 3.5 5.0
1.5 1.0 7.5 5.5
4.0 2.0 4.0 3.0
3.5 1.0 6.5 4.5
4.0 4.0 2.0 3.0
4.0 3.0 2.5 2.5
3.5 2.0 4.0 3.0
4.0 4.5 3.0 4.5
2.0 1.5 5.5 4.0
3.5 2.0 4.0 3.0
4.0 3.0 2.5 2.5
3.5 1.5 5.0 3.5
3.5 2.0 6.0 5.0
4.0 3.0 3.0 3.0
4.0 1.5 5.0 3.5
4.0 3.0 3.0 3.0
4.0 3.0 2.5 2.5
2.5 1.0 7.0 5.0
4.0 1.5 5.0 3.5
4.0 2.5 3.5 3.0
3.0 1.0 6.0 4.0
4.0 2.0 4.0 3.0
3.0 1.5 4.5 3.0
2.5 1.0 6.0 4.0
4.0 5.0 2.5 4.5
4.0 3.0 3.0 3.0
3.5 1.0 6.0 4.0
3.5 1.0 5.5 3.5
4.0 1.5 4.5 3.0
3.5 2.5 3.5 3.0
3.5 2.0 3.5 2.5
4.0 1.0 5.5 3.5
3.5 1.5 5.5 4.0
3.0 2.0 6.5 5.5
4.0 2.5 3.5 3.0
3.5 1.5 4.5 3.0
4.0 3.5 2.5 3.0
4.0 4.0 1.5 2.5
3.5 1.5 5.5 4.0
3.0 1.5 4.5 3.0
4.0 1.5 6.0 4.5
4.0 4.0 3.0 4.0
2.5 1.0 6.5 4.5
3.5 1.5 4.5 3.0
2.5 1.5 6.0 4.5
4.0 4.0 2.5 3.5
4.0 2.5 3.0 2.5
3.5 2.0 5.5 4.5
3.5 1.0 6.0 4.0
4.0 3.5 3.0 3.5
4.0 4.0 1.5 2.5
3.5 1.5 5.0 3.5
4.0 3.0 4.5 4.5
3.5 2.0 4.5 3.5
4.0 3.0 3.0 3.0
4.0 1.5 4.0 2.5
4.0 3.0 3.5 3.5
3.0 1.0 6.0 4.0
4.0 2.0 5.5 4.5
4.0 1.0 5.5 3.5
2.5 1.5 5.5 4.0
3.0 1.0 5.5 3.5
4.0 2.0 3.5 2.5
3.5 2.5 3.0 2.5
4.0 2.0 4.0 3.0
3.0 1.0 5.5 3.5
2.5 1.0 7.0 5.0
4.0 3.5 2.5 3.0
3.5 2.0 3.5 2.5
3.5 1.5 4.5 3.0
4.0 1.5 4.5 3.0
4.0 4.0 2.0 3.0
4.0 1.5 5.0 3.5
4.0 2.0 5.0 4.0
3.5 2.0 6.0 5.0
3.5 2.5 4.0 3.5
4.0 5.0 2.0 4.0
4.0 2.0 4.5 3.5
2.5 1.0 8.0 6.0
3.5 1.5 4.5 3.0
4.0 2.5 3.5 3.0
3.0 2.0 4.0 3.0
3.5 1.5 5.0 3.5
3.5 1.5 4.5 3.0
4.0 2.0 5.5 4.5
4.0 3.5 3.0 3.5
3.0 3.0 4.0 4.0
2.5 1.0 5.5 3.5
3.5 2.0 5.5 4.5
3.5 2.0 4.0 3.0
3.5 2.0 4.0 3.0
3.0 2.5 4.5 4.0
3.5 1.5 4.5 3.0
2.5 1.0 5.5 3.5
3.0 1.5 5.5 4.0
4.0 4.0 1.5 2.5
4.0 1.5 5.5 4.0
4.0 1.0 6.5 4.5
4.0 2.0 5.0 4.0
3.5 2.0 5.5 4.5
4.0 5.0 1.0 3.0
4.0 2.5 4.5 4.0
3.0 2.0 4.5 3.5
4.0 2.0 3.0 2.0
3.5 1.0 7.5 5.5
3.0 1.0 6.0 4.0
4.0 2.0 4.0 3.0
2.0 1.0 6.5 4.5
4.0 3.5 2.0 2.5
3.5 2.0 5.5 4.5
4.0 2.5 2.5 2.0
3.5 2.0 4.5 3.5
3.5 3.5 2.5 3.0
4.0 1.5 4.5 3.0
3.5 1.5 4.5 3.0
3.5 1.5 5.0 3.5
2.5 1.0 6.0 4.0
3.5 1.0 6.5 4.5
4.0 3.0 3.5 3.5
3.0 2.0 4.0 3.0
3.5 1.0 6.0 4.0
3.0 1.0 6.0 4.0
3.5 1.5 4.5 3.0
3.0 1.0 5.0 3.0
4.0 1.0 6.0 4.0
4.0 4.5 1.0 2.5
3.5 2.0 4.5 3.5
3.5 1.5 5.0 3.5
3.0 1.0 6.5 4.5
4.0 1.5 5.0 3.5
4.0 2.0 4.0 3.0
3.5 1.5 5.5 4.0
3.5 2.0 5.0 4.0
4.0 3.5 2.5 3.0
3.0 1.0 5.5 3.5
3.5 2.5 4.0 3.5
2.5 1.5 5.0 3.5
4.0 2.0 3.5 2.5
4.0 1.0 6.5 4.5
4.0 1.0 6.0 4.0
4.0 3.5 2.0 2.5
3.0 1.5 5.0 3.5
3.5 2.5 3.0 2.5
4.0 2.5 5.0 4.5
3.5 2.0 5.0 4.0
4.0 2.0 4.5 3.5
4.0 2.5 3.5 3.0
4.0 1.0 7.0 5.0
3.5 1.0 6.0 4.0
3.5 2.5 3.5 3.0
2.5 1.0 7.0 5.0
3.0 1.5 5.5 4.0
3.0 1.5 6.0 4.5
2.5 3.0 4.0 4.0
4.0 6.0 1.0 4.0
3.5 2.0 3.5 2.5
2.0 1.0 7.0 5.0
4.0 4.0 3.0 4.0
4.0 4.0 2.0 3.0
4.0 1.5 6.0 4.5
3.0 1.0 6.0 4.0
4.0 2.0 5.0 4.0
4.0 2.5 3.5 3.0
3.5 1.5 4.0 2.5
4.0 1.0 7.0 5.0
3.5 1.5 5.5 4.0
4.0 1.5 3.5 2.0
4.0 2.5 3.5 3.0
4.0 1.5 6.0 4.5
4.0 4.0 2.5 3.5
3.5 3.5 4.0 4.5
4.0 2.0 4.0 3.0
4.0 2.0 4.0 3.0
4.0 2.0 5.5 4.5
3.0 1.0 5.0 3.0
4.0 3.5 3.0 3.5
4.0 4.0 2.0 3.0
3.0 1.5 6.0 4.5
3.5 1.0 5.5 3.5
3.0 1.5 6.0 4.5
4.0 3.0 2.0 2.0
3.5 1.5 5.0 3.5
1.5 1.0 7.0 5.0
4.0 3.0 2.5 2.5
4.0 2.5 4.0 3.5
2.5 2.0 5.0 4.0
3.0 2.0 6.0 5.0
4.0 2.5 3.5 3.0
4.0 3.0 3.5 3.5
3.5 1.0 6.0 4.0
4.0 4.0 3.5 4.5
3.5 2.0 4.0 3.0
3.5 1.5 4.5 3.0
3.5 1.5 5.0 3.5
4.0 3.0 3.0 3.0
3.5 1.0 6.0 4.0
3.551 2.221 4.3213 3.5423
